time,subj_course_id,sec_code,sec_id,prof,available,waitlist,total,enrolled_ct
1656674242988,COGS 9,A01,083615,Shannon; Kyle Michael,5,0,75,70
1656674249020,COGS 11,A01,083617,Boyle; Mary E. T.,17,0,48,31
1656674255057,COGS 13,A01,083071,Bastos; Amalia Pinkusfeld,6,0,71,65
1656674261095,COGS 14A,A01,092681,Semenuks; Arturs,0,3,100,100
1656674267126,COGS 14B,A01,083073,Cheng; Tzu-Han,3,0,63,60
1656674273161,COGS 17,A01,092677,Semenuks; Arturs,4,0,81,77
1656674279193,COGS 100,A01,083619,Allen; Michael Gordon,13,0,70,57
1656674285228,COGS 101A,A01,083621,Davis; Joshua Daniel,10,0,68,58
1656674291258,COGS 101B,A01,091572,Allen; Michael Gordon,3,0,65,62
1656674297304,COGS 101C,A01,083625,Delgado; Tania,17,0,35,18
1656674303340,COGS 107A,A01,083627,Boyle; Mary E. T.,11,0,60,49
1656674309373,COGS 118A,A01,083075,Gupta; Anjum,13,0,76,63
1656674315413,CSE 3,A50,083646,Miranda; Gregory Joseph,22,0,50,28
1656674321444,CSE 8A,A50,083650,Miranda; Gregory Joseph,16,1,56,40
1656674327473,CSE 11,A01,083080,Cao; Yingjun,2,17,40,38
1656674333510,CSE 12,A01,083652,Krause-Levy; Sophia Louisa,19,1,120,101
1656674339540,CSE 15L,A01,083654,Morris; Justin Loren,8,0,50,42
1656674339540,CSE 15L,A02,083655,Morris; Justin Loren,8,0,50,42
1656674345573,CSE 20,A01,083657,Tran; Khoa Dang,35,0,80,45
1656674351603,CSE 21,A01,095574,Bach; Quang Tran,21,0,48,27
1656674357636,CSE 30,A01,083084,Eldon; John,5,0,80,75
1656674357636,CSE 30,B01,095061,Bhaskar; Nishant,3,0,50,47
1656674363672,CSE 100,A01,083659,Cao; Yingjun,1,6,70,69
1656674369702,CSE 134B,A01,083661,Powell; Thomas Allan,17,0,100,83
1656674375735,CSE 140,A01,083663,Gungor; Onat,14,0,85,71
1656674381765,CSE 140L,A01,083088,Eldon; John,16,0,100,84
1656674387804,CSE 175,A01,083665,Kumar; Rakesh,3,0,25,22
1656674393831,CSE 190,A00,092507,Dubnov; Shlomo,5,0,20,15
1656674399868,ECE 45,A01,083139,Congero; Spencer William,5,0,75,70
1656674405902,ECE 65,A50,083695,Saad; Andrew S,12,0,30,18
1656674405902,ECE 65,A51,095125,Saad; Andrew S,25,0,26,1
1656674411932,ECE 109,A01,091882,Touri; Behrouz,11,0,70,59
1656674417970,ECE 180,A00,083140,Abi Samra; Nicholas Camill,1,0,30,29
1656674417970,ECE 180,B00,083141,Abi Samra; Nicholas Camill,0,0,30,30
1656674424001,MATH 10A,A01,083735,Patchell; Gregory David,0,0,30,30
1656674424001,MATH 10A,A02,083736,Patchell; Gregory David,20,0,30,10
1656674424001,MATH 10A,A03,083737,Patchell; Gregory David,16,0,30,14
1656674430054,MATH 10B,A01,083207,Lim; Seonhee,7,0,34,27
1656674430054,MATH 10B,A02,083208,Lim; Seonhee,9,0,35,26
1656674430054,MATH 10B,A03,093472,Lim; Seonhee,3,0,34,31
1656674430054,MATH 10B,B01,083739,Sinha; Shubham,9,0,30,21
1656674436104,MATH 18,A01,083743,Cinel; Cameron Alexander,6,0,30,24
1656674436104,MATH 18,A02,083744,Cinel; Cameron Alexander,14,0,30,16
1656674436104,MATH 18,A03,083745,Cinel; Cameron Alexander,8,0,30,22
1656674436104,MATH 18,B01,083748,Rideout; David Porter,2,0,37,35
1656674436104,MATH 18,B02,083749,Rideout; David Porter,2,0,36,34
1656674436104,MATH 18,B03,083750,Rideout; David Porter,1,0,37,36
1656674436104,MATH 18,B04,083751,Rideout; David Porter,4,0,36,32
1656674436104,MATH 18,B05,093473,Rideout; David Porter,4,0,36,32
1656674436104,MATH 18,B06,093474,Rideout; David Porter,4,0,36,32
1656674442141,MATH 20A,A01,083754,Zheng; Zequn,12,0,40,28
1656674448172,MATH 20B,A01,083756,Briones; Jor-el Thomas Caparas,1,1,36,35
1656674448172,MATH 20B,A02,083757,Briones; Jor-el Thomas Caparas,0,0,36,36
1656674448172,MATH 20B,A03,093475,Briones; Jor-el Thomas Caparas,2,0,36,34
1656674454212,MATH 20C,A01,083760,Briones; Jor-el Thomas Caparas,0,0,35,35
1656674454212,MATH 20C,A02,083761,Briones; Jor-el Thomas Caparas,9,0,35,26
1656674454212,MATH 20C,A03,093476,Briones; Jor-el Thomas Caparas,0,1,36,36
1656674454212,MATH 20C,B01,083762,Bach; Quang Tran,0,0,30,30
1656674460243,MATH 20D,A01,083765,Tran; Brian Kha,3,0,30,27
1656674460243,MATH 20D,A02,083766,Tran; Brian Kha,2,0,30,28
1656674460243,MATH 20D,A03,083767,Tran; Brian Kha,1,0,30,29
1656674466284,MATH 20E,A01,083771,Ganguly; Soumya,4,0,32,28
1656674466284,MATH 20E,A02,083772,Ganguly; Soumya,3,0,32,29
1656674466284,MATH 20E,B01,083773,Ciotti; Benjamin,18,0,35,17
1656674466284,MATH 20E,B02,083774,Ciotti; Benjamin,18,0,35,17
1656674472315,MATH 103A,A01,083777,Greenfeld; Be'Eri,2,0,36,34
1656674472315,MATH 103A,A02,083778,Greenfeld; Be'Eri,5,0,36,31
1656674472315,MATH 103A,A03,093561,Greenfeld; Be'Eri,4,0,36,32
1656674472315,MATH 103A,B01,083779,Greenfeld; Be'Eri,6,0,36,30
1656674472315,MATH 103A,B02,083780,Greenfeld; Be'Eri,1,0,36,35
1656674472315,MATH 103A,B03,093562,Greenfeld; Be'Eri,2,0,36,34
1656674483288,MATH 105,A01,085443,Carter; Anne Toulson,13,0,35,22
1656674483288,MATH 105,A02,093477,Carter; Anne Toulson,20,0,35,15
1656674489401,MATH 109,A01,083213,Ganzberger; Geoffrey Michael,0,0,34,34
1656674489401,MATH 109,A02,083214,Ganzberger; Geoffrey Michael,1,0,34,33
1656674489401,MATH 109,A03,093478,Ganzberger; Geoffrey Michael,2,0,34,32
1656674489401,MATH 109,B01,083215,Ganzberger; Geoffrey Michael,1,0,32,31
1656674489401,MATH 109,B02,083216,Ganzberger; Geoffrey Michael,2,0,32,30
1656674489401,MATH 109,B03,093479,Ganzberger; Geoffrey Michael,6,0,32,26
1656674503084,MATH 142A,A01,083219,Chow; Bennett,3,0,32,29
1656674503084,MATH 142A,A02,083220,Chow; Bennett,9,0,32,23
1656674503084,MATH 142A,A03,093480,Chow; Bennett,6,0,32,26
1656674503084,MATH 142A,B03,093481,Chow; Bennett,5,0,32,27
1656674503084,MATH 142A,B04,093558,Chow; Bennett,10,0,32,22
1656674503084,MATH 142A,B05,093559,Chow; Bennett,4,0,32,28
1656674509119,MATH 193A,A01,083224,Rotar; Vladimir,3,0,34,31
1656674509119,MATH 193A,A02,083225,Rotar; Vladimir,2,0,34,32
1656674509119,MATH 193A,A03,083781,Rotar; Vladimir,0,0,34,34
1656674509119,MATH 193A,A04,083782,Rotar; Vladimir,4,0,34,30
1656674509119,MATH 193A,A05,093482,Rotar; Vladimir,5,0,34,29
1656674522952,MATH 197,001,091859,McAuley; Julian John,9999,0,9999,0
1656674522952,MATH 197,002,095566,Kedlaya; Kiran S.,9997,0,9999,2
1656674522952,MATH 197,003,095567,Xiao; Ming,9999,0,9999,0
1656674522952,MATH 197,004,095571,Perols; Johan Lars,9998,0,9999,1
1656674530063,COGS 9,A01,083615,Shannon; Kyle Michael,5,0,75,70
1656674542840,COGS 11,A01,083617,Boyle; Mary E. T.,17,0,48,31
1656674548879,COGS 13,A01,083071,Bastos; Amalia Pinkusfeld,6,0,71,65
1656674562829,COGS 14A,A01,092681,Semenuks; Arturs,0,3,100,100
1656674568860,COGS 14B,A01,083073,Cheng; Tzu-Han,3,0,63,60
1656674582649,COGS 17,A01,092677,Semenuks; Arturs,4,0,81,77
1656674588680,COGS 100,A01,083619,Allen; Michael Gordon,13,0,70,57
1656674596750,COGS 101A,A01,083621,Davis; Joshua Daniel,10,0,68,58
1656674602792,COGS 101B,A01,091572,Allen; Michael Gordon,3,0,65,62
1656674608825,COGS 101C,A01,083625,Delgado; Tania,17,0,35,18
1656674614854,COGS 107A,A01,083627,Boyle; Mary E. T.,11,0,60,49
1656674620884,COGS 118A,A01,083075,Gupta; Anjum,13,0,76,63
1656674626923,CSE 3,A50,083646,Miranda; Gregory Joseph,22,0,50,28
1656674632959,CSE 8A,A50,083650,Miranda; Gregory Joseph,16,1,56,40
1656674638989,CSE 11,A01,083080,Cao; Yingjun,2,17,40,38
1656674645021,CSE 12,A01,083652,Krause-Levy; Sophia Louisa,19,1,120,101
1656674651059,CSE 15L,A01,083654,Morris; Justin Loren,8,0,50,42
1656674651059,CSE 15L,A02,083655,Morris; Justin Loren,8,0,50,42
1656674657103,CSE 20,A01,083657,Tran; Khoa Dang,35,0,80,45
1656674663133,CSE 21,A01,095574,Bach; Quang Tran,21,0,48,27
1656674669173,CSE 30,A01,083084,Eldon; John,5,0,80,75
1656674669173,CSE 30,B01,095061,Bhaskar; Nishant,3,0,50,47
1656674675209,CSE 100,A01,083659,Cao; Yingjun,1,6,70,69
1656674681240,CSE 134B,A01,083661,Powell; Thomas Allan,17,0,100,83
1656674687269,CSE 140,A01,083663,Gungor; Onat,14,0,85,71
1656674693307,CSE 140L,A01,083088,Eldon; John,16,0,100,84
1656674699343,CSE 175,A01,083665,Kumar; Rakesh,3,0,25,22
1656674705375,CSE 190,A00,092507,Dubnov; Shlomo,5,0,20,15
1656674711414,ECE 45,A01,083139,Congero; Spencer William,5,0,75,70
1656674717447,ECE 65,A50,083695,Saad; Andrew S,12,0,30,18
1656674717447,ECE 65,A51,095125,Saad; Andrew S,25,0,26,1
1656674723478,ECE 109,A01,091882,Touri; Behrouz,11,0,70,59
1656674729513,ECE 180,A00,083140,Abi Samra; Nicholas Camill,1,0,30,29
1656674729513,ECE 180,B00,083141,Abi Samra; Nicholas Camill,0,0,30,30
1656674735600,MATH 10A,A01,083735,Patchell; Gregory David,0,0,30,30
1656674735600,MATH 10A,A02,083736,Patchell; Gregory David,20,0,30,10
1656674735600,MATH 10A,A03,083737,Patchell; Gregory David,16,0,30,14
1656674741635,MATH 10B,A01,083207,Lim; Seonhee,7,0,34,27
1656674741635,MATH 10B,A02,083208,Lim; Seonhee,9,0,35,26
1656674741635,MATH 10B,A03,093472,Lim; Seonhee,3,0,34,31
1656674741635,MATH 10B,B01,083739,Sinha; Shubham,9,0,30,21
1656674747672,MATH 18,A01,083743,Cinel; Cameron Alexander,6,0,30,24
1656674747672,MATH 18,A02,083744,Cinel; Cameron Alexander,14,0,30,16
1656674747672,MATH 18,A03,083745,Cinel; Cameron Alexander,8,0,30,22
1656674747672,MATH 18,B01,083748,Rideout; David Porter,2,0,37,35
1656674747672,MATH 18,B02,083749,Rideout; David Porter,2,0,36,34
1656674747672,MATH 18,B03,083750,Rideout; David Porter,1,0,37,36
1656674747672,MATH 18,B04,083751,Rideout; David Porter,4,0,36,32
1656674747672,MATH 18,B05,093473,Rideout; David Porter,4,0,36,32
1656674747672,MATH 18,B06,093474,Rideout; David Porter,4,0,36,32
1656674753704,MATH 20A,A01,083754,Zheng; Zequn,12,0,40,28
1656674759743,MATH 20B,A01,083756,Briones; Jor-el Thomas Caparas,1,1,36,35
1656674759743,MATH 20B,A02,083757,Briones; Jor-el Thomas Caparas,0,0,36,36
1656674759743,MATH 20B,A03,093475,Briones; Jor-el Thomas Caparas,2,0,36,34
1656674765774,MATH 20C,A01,083760,Briones; Jor-el Thomas Caparas,0,0,35,35
1656674765774,MATH 20C,A02,083761,Briones; Jor-el Thomas Caparas,9,0,35,26
1656674765774,MATH 20C,A03,093476,Briones; Jor-el Thomas Caparas,0,1,36,36
1656674765774,MATH 20C,B01,083762,Bach; Quang Tran,0,0,30,30
1656674771807,MATH 20D,A01,083765,Tran; Brian Kha,3,0,30,27
1656674771807,MATH 20D,A02,083766,Tran; Brian Kha,2,0,30,28
1656674771807,MATH 20D,A03,083767,Tran; Brian Kha,1,0,30,29
1656674777847,MATH 20E,A01,083771,Ganguly; Soumya,4,0,32,28
1656674777847,MATH 20E,A02,083772,Ganguly; Soumya,3,0,32,29
1656674777847,MATH 20E,B01,083773,Ciotti; Benjamin,18,0,35,17
1656674777847,MATH 20E,B02,083774,Ciotti; Benjamin,18,0,35,17
1656674783889,MATH 103A,A01,083777,Greenfeld; Be'Eri,2,0,36,34
1656674783889,MATH 103A,A02,083778,Greenfeld; Be'Eri,5,0,36,31
1656674783889,MATH 103A,A03,093561,Greenfeld; Be'Eri,4,0,36,32
1656674783889,MATH 103A,B01,083779,Greenfeld; Be'Eri,6,0,36,30
1656674783889,MATH 103A,B02,083780,Greenfeld; Be'Eri,1,0,36,35
1656674783889,MATH 103A,B03,093562,Greenfeld; Be'Eri,2,0,36,34
1656674789923,MATH 105,A01,085443,Carter; Anne Toulson,13,0,35,22
1656674789923,MATH 105,A02,093477,Carter; Anne Toulson,20,0,35,15
1656674795954,MATH 109,A01,083213,Ganzberger; Geoffrey Michael,0,0,34,34
1656674795954,MATH 109,A02,083214,Ganzberger; Geoffrey Michael,1,0,34,33
1656674795954,MATH 109,A03,093478,Ganzberger; Geoffrey Michael,2,0,34,32
1656674795954,MATH 109,B01,083215,Ganzberger; Geoffrey Michael,1,0,32,31
1656674795954,MATH 109,B02,083216,Ganzberger; Geoffrey Michael,2,0,32,30
1656674795954,MATH 109,B03,093479,Ganzberger; Geoffrey Michael,6,0,32,26
1656674801986,MATH 142A,A01,083219,Chow; Bennett,3,0,32,29
1656674801986,MATH 142A,A02,083220,Chow; Bennett,9,0,32,23
1656674801986,MATH 142A,A03,093480,Chow; Bennett,6,0,32,26
1656674801986,MATH 142A,B03,093481,Chow; Bennett,5,0,32,27
1656674801986,MATH 142A,B04,093558,Chow; Bennett,10,0,32,22
1656674801986,MATH 142A,B05,093559,Chow; Bennett,4,0,32,28
1656674808017,MATH 193A,A01,083224,Rotar; Vladimir,3,0,34,31
1656674808017,MATH 193A,A02,083225,Rotar; Vladimir,2,0,34,32
1656674808017,MATH 193A,A03,083781,Rotar; Vladimir,0,0,34,34
1656674808017,MATH 193A,A04,083782,Rotar; Vladimir,4,0,34,30
1656674808017,MATH 193A,A05,093482,Rotar; Vladimir,5,0,34,29
1656674814056,MATH 197,001,091859,McAuley; Julian John,9999,0,9999,0
1656674814056,MATH 197,002,095566,Kedlaya; Kiran S.,9997,0,9999,2
1656674814056,MATH 197,003,095567,Xiao; Ming,9999,0,9999,0
1656674814056,MATH 197,004,095571,Perols; Johan Lars,9998,0,9999,1
1656674821138,COGS 9,A01,083615,Shannon; Kyle Michael,5,0,75,70
1656674827167,COGS 11,A01,083617,Boyle; Mary E. T.,17,0,48,31
1656674833201,COGS 13,A01,083071,Bastos; Amalia Pinkusfeld,6,0,71,65
1656674847873,COGS 14A,A01,092681,Semenuks; Arturs,0,3,100,100
1656674853911,COGS 14B,A01,083073,Cheng; Tzu-Han,3,0,63,60
1656674861833,COGS 17,A01,092677,Semenuks; Arturs,4,0,81,77
1656674867868,COGS 100,A01,083619,Allen; Michael Gordon,13,0,70,57
1656674873973,COGS 101A,A01,083621,Davis; Joshua Daniel,10,0,68,58
1656674880005,COGS 101B,A01,091572,Allen; Michael Gordon,3,0,65,62
1656674886041,COGS 101C,A01,083625,Delgado; Tania,17,0,35,18
1656674892073,COGS 107A,A01,083627,Boyle; Mary E. T.,11,0,60,49
1656674898100,COGS 118A,A01,083075,Gupta; Anjum,13,0,76,63
1656674904141,CSE 3,A50,083646,Miranda; Gregory Joseph,22,0,50,28
1656674910171,CSE 8A,A50,083650,Miranda; Gregory Joseph,16,1,56,40
1656674916200,CSE 11,A01,083080,Cao; Yingjun,2,17,40,38
1656674922234,CSE 12,A01,083652,Krause-Levy; Sophia Louisa,19,1,120,101
1656674928271,CSE 15L,A01,083654,Morris; Justin Loren,8,0,50,42
1656674928271,CSE 15L,A02,083655,Morris; Justin Loren,8,0,50,42
1656674934301,CSE 20,A01,083657,Tran; Khoa Dang,35,0,80,45
1656674940332,CSE 21,A01,095574,Bach; Quang Tran,21,0,48,27
1656674946368,CSE 30,A01,083084,Eldon; John,5,0,80,75
1656674946368,CSE 30,B01,095061,Bhaskar; Nishant,3,0,50,47
1656674952396,CSE 100,A01,083659,Cao; Yingjun,1,6,70,69
1656674958427,CSE 134B,A01,083661,Powell; Thomas Allan,17,0,100,83
1656674964463,CSE 140,A01,083663,Gungor; Onat,14,0,85,71
1656674970493,CSE 140L,A01,083088,Eldon; John,16,0,100,84
1656674976520,CSE 175,A01,083665,Kumar; Rakesh,3,0,25,22
1656674982550,CSE 190,A00,092507,Dubnov; Shlomo,5,0,20,15
1656674988585,ECE 45,A01,083139,Congero; Spencer William,5,0,75,70
1656674994614,ECE 65,A50,083695,Saad; Andrew S,12,0,30,18
1656674994614,ECE 65,A51,095125,Saad; Andrew S,25,0,26,1
1656675000643,ECE 109,A01,091882,Touri; Behrouz,11,0,70,59
1656675006685,ECE 180,A00,083140,Abi Samra; Nicholas Camill,1,0,30,29
1656675006685,ECE 180,B00,083141,Abi Samra; Nicholas Camill,0,0,30,30
1656675012724,MATH 10A,A01,083735,Patchell; Gregory David,0,0,30,30
1656675012724,MATH 10A,A02,083736,Patchell; Gregory David,20,0,30,10
1656675012724,MATH 10A,A03,083737,Patchell; Gregory David,16,0,30,14
1656675018759,MATH 10B,A01,083207,Lim; Seonhee,7,0,34,27
1656675018759,MATH 10B,A02,083208,Lim; Seonhee,9,0,35,26
1656675018759,MATH 10B,A03,093472,Lim; Seonhee,3,0,34,31
1656675018759,MATH 10B,B01,083739,Sinha; Shubham,9,0,30,21
1656675024805,MATH 18,A01,083743,Cinel; Cameron Alexander,6,0,30,24
1656675024805,MATH 18,A02,083744,Cinel; Cameron Alexander,14,0,30,16
1656675024805,MATH 18,A03,083745,Cinel; Cameron Alexander,8,0,30,22
1656675024805,MATH 18,B01,083748,Rideout; David Porter,2,0,37,35
1656675024805,MATH 18,B02,083749,Rideout; David Porter,2,0,36,34
1656675024805,MATH 18,B03,083750,Rideout; David Porter,1,0,37,36
1656675024805,MATH 18,B04,083751,Rideout; David Porter,4,0,36,32
1656675024805,MATH 18,B05,093473,Rideout; David Porter,4,0,36,32
1656675024805,MATH 18,B06,093474,Rideout; David Porter,4,0,36,32
1656675030840,MATH 20A,A01,083754,Zheng; Zequn,12,0,40,28
1656675036883,MATH 20B,A01,083756,Briones; Jor-el Thomas Caparas,1,1,36,35
1656675036883,MATH 20B,A02,083757,Briones; Jor-el Thomas Caparas,0,0,36,36
1656675036883,MATH 20B,A03,093475,Briones; Jor-el Thomas Caparas,2,0,36,34
1656675042915,MATH 20C,A01,083760,Briones; Jor-el Thomas Caparas,0,0,35,35
1656675042915,MATH 20C,A02,083761,Briones; Jor-el Thomas Caparas,9,0,35,26
1656675042915,MATH 20C,A03,093476,Briones; Jor-el Thomas Caparas,0,1,36,36
1656675042915,MATH 20C,B01,083762,Bach; Quang Tran,0,0,30,30
1656675048944,MATH 20D,A01,083765,Tran; Brian Kha,3,0,30,27
1656675048944,MATH 20D,A02,083766,Tran; Brian Kha,2,0,30,28
1656675048944,MATH 20D,A03,083767,Tran; Brian Kha,1,0,30,29
1656675054974,MATH 20E,A01,083771,Ganguly; Soumya,4,0,32,28
1656675054974,MATH 20E,A02,083772,Ganguly; Soumya,3,0,32,29
1656675054974,MATH 20E,B01,083773,Ciotti; Benjamin,18,0,35,17
1656675054974,MATH 20E,B02,083774,Ciotti; Benjamin,18,0,35,17
1656675061006,MATH 103A,A01,083777,Greenfeld; Be'Eri,2,0,36,34
1656675061006,MATH 103A,A02,083778,Greenfeld; Be'Eri,5,0,36,31
1656675061006,MATH 103A,A03,093561,Greenfeld; Be'Eri,4,0,36,32
1656675061006,MATH 103A,B01,083779,Greenfeld; Be'Eri,6,0,36,30
1656675061006,MATH 103A,B02,083780,Greenfeld; Be'Eri,1,0,36,35
1656675061006,MATH 103A,B03,093562,Greenfeld; Be'Eri,2,0,36,34
1656675067033,MATH 105,A01,085443,Carter; Anne Toulson,13,0,35,22
1656675067033,MATH 105,A02,093477,Carter; Anne Toulson,20,0,35,15
1656675073064,MATH 109,A01,083213,Ganzberger; Geoffrey Michael,0,0,34,34
1656675073064,MATH 109,A02,083214,Ganzberger; Geoffrey Michael,1,0,34,33
1656675073064,MATH 109,A03,093478,Ganzberger; Geoffrey Michael,2,0,34,32
1656675073064,MATH 109,B01,083215,Ganzberger; Geoffrey Michael,1,0,32,31
1656675073064,MATH 109,B02,083216,Ganzberger; Geoffrey Michael,2,0,32,30
1656675073064,MATH 109,B03,093479,Ganzberger; Geoffrey Michael,6,0,32,26
1656675079093,MATH 142A,A01,083219,Chow; Bennett,3,0,32,29
1656675079093,MATH 142A,A02,083220,Chow; Bennett,9,0,32,23
1656675079093,MATH 142A,A03,093480,Chow; Bennett,6,0,32,26
1656675079093,MATH 142A,B03,093481,Chow; Bennett,5,0,32,27
1656675079093,MATH 142A,B04,093558,Chow; Bennett,10,0,32,22
1656675079093,MATH 142A,B05,093559,Chow; Bennett,4,0,32,28
1656675085129,MATH 193A,A01,083224,Rotar; Vladimir,3,0,34,31
1656675085129,MATH 193A,A02,083225,Rotar; Vladimir,2,0,34,32
1656675085129,MATH 193A,A03,083781,Rotar; Vladimir,0,0,34,34
1656675085129,MATH 193A,A04,083782,Rotar; Vladimir,4,0,34,30
1656675085129,MATH 193A,A05,093482,Rotar; Vladimir,5,0,34,29
1656675091169,MATH 197,001,091859,McAuley; Julian John,9999,0,9999,0
1656675091169,MATH 197,002,095566,Kedlaya; Kiran S.,9997,0,9999,2
1656675091169,MATH 197,003,095567,Xiao; Ming,9999,0,9999,0
1656675091169,MATH 197,004,095571,Perols; Johan Lars,9998,0,9999,1
1656675098251,COGS 9,A01,083615,Shannon; Kyle Michael,5,0,75,70
1656675104279,COGS 11,A01,083617,Boyle; Mary E. T.,17,0,48,31
1656675110310,COGS 13,A01,083071,Bastos; Amalia Pinkusfeld,6,0,71,65
1656675116337,COGS 14A,A01,092681,Semenuks; Arturs,0,3,100,100
1656675122366,COGS 14B,A01,083073,Cheng; Tzu-Han,3,0,63,60
1656675128398,COGS 17,A01,092677,Semenuks; Arturs,4,0,81,77
1656675134426,COGS 100,A01,083619,Allen; Michael Gordon,13,0,70,57
1656675140464,COGS 101A,A01,083621,Davis; Joshua Daniel,10,0,68,58
1656675146505,COGS 101B,A01,091572,Allen; Michael Gordon,3,0,65,62
1656675152539,COGS 101C,A01,083625,Delgado; Tania,17,0,35,18
1656675158569,COGS 107A,A01,083627,Boyle; Mary E. T.,11,0,60,49
1656675164605,COGS 118A,A01,083075,Gupta; Anjum,13,0,76,63
1656675170633,CSE 3,A50,083646,Miranda; Gregory Joseph,22,0,50,28
1656675176661,CSE 8A,A50,083650,Miranda; Gregory Joseph,16,1,56,40
1656675182693,CSE 11,A01,083080,Cao; Yingjun,2,17,40,38
1656675188725,CSE 12,A01,083652,Krause-Levy; Sophia Louisa,19,1,120,101
1656675194755,CSE 15L,A01,083654,Morris; Justin Loren,8,0,50,42
1656675194755,CSE 15L,A02,083655,Morris; Justin Loren,8,0,50,42
1656675200786,CSE 20,A01,083657,Tran; Khoa Dang,35,0,80,45
1656675206821,CSE 21,A01,095574,Bach; Quang Tran,21,0,48,27
1656675212858,CSE 30,A01,083084,Eldon; John,5,0,80,75
1656675212858,CSE 30,B01,095061,Bhaskar; Nishant,3,0,50,47
1656675218888,CSE 100,A01,083659,Cao; Yingjun,1,6,70,69
1656675224915,CSE 134B,A01,083661,Powell; Thomas Allan,17,0,100,83
1656675230949,CSE 140,A01,083663,Gungor; Onat,14,0,85,71
1656675236976,CSE 140L,A01,083088,Eldon; John,16,0,100,84
1656675243005,CSE 175,A01,083665,Kumar; Rakesh,3,0,25,22
1656675249038,CSE 190,A00,092507,Dubnov; Shlomo,5,0,20,15
1656675255077,ECE 45,A01,083139,Congero; Spencer William,5,0,75,70
1656675261114,ECE 65,A50,083695,Saad; Andrew S,12,0,30,18
1656675261114,ECE 65,A51,095125,Saad; Andrew S,25,0,26,1
1656675267145,ECE 109,A01,091882,Touri; Behrouz,11,0,70,59
1656675273176,ECE 180,A00,083140,Abi Samra; Nicholas Camill,1,0,30,29
1656675273176,ECE 180,B00,083141,Abi Samra; Nicholas Camill,0,0,30,30
1656675279217,MATH 10A,A01,083735,Patchell; Gregory David,0,0,30,30
1656675279217,MATH 10A,A02,083736,Patchell; Gregory David,20,0,30,10
1656675279217,MATH 10A,A03,083737,Patchell; Gregory David,16,0,30,14
1656675285261,MATH 10B,A01,083207,Lim; Seonhee,7,0,34,27
1656675285261,MATH 10B,A02,083208,Lim; Seonhee,9,0,35,26
1656675285261,MATH 10B,A03,093472,Lim; Seonhee,3,0,34,31
1656675285261,MATH 10B,B01,083739,Sinha; Shubham,9,0,30,21
1656675291305,MATH 18,A01,083743,Cinel; Cameron Alexander,6,0,30,24
1656675291305,MATH 18,A02,083744,Cinel; Cameron Alexander,14,0,30,16
1656675291305,MATH 18,A03,083745,Cinel; Cameron Alexander,8,0,30,22
1656675291305,MATH 18,B01,083748,Rideout; David Porter,2,0,37,35
1656675291305,MATH 18,B02,083749,Rideout; David Porter,2,0,36,34
1656675291305,MATH 18,B03,083750,Rideout; David Porter,1,0,37,36
1656675291305,MATH 18,B04,083751,Rideout; David Porter,4,0,36,32
1656675291305,MATH 18,B05,093473,Rideout; David Porter,4,0,36,32
1656675291305,MATH 18,B06,093474,Rideout; David Porter,4,0,36,32
1656675297339,MATH 20A,A01,083754,Zheng; Zequn,12,0,40,28
1656675303369,MATH 20B,A01,083756,Briones; Jor-el Thomas Caparas,1,1,36,35
1656675303369,MATH 20B,A02,083757,Briones; Jor-el Thomas Caparas,0,0,36,36
1656675303369,MATH 20B,A03,093475,Briones; Jor-el Thomas Caparas,2,0,36,34
1656675309406,MATH 20C,A01,083760,Briones; Jor-el Thomas Caparas,0,0,35,35
1656675309406,MATH 20C,A02,083761,Briones; Jor-el Thomas Caparas,9,0,35,26
1656675309406,MATH 20C,A03,093476,Briones; Jor-el Thomas Caparas,0,1,36,36
1656675309406,MATH 20C,B01,083762,Bach; Quang Tran,0,0,30,30
1656675315441,MATH 20D,A01,083765,Tran; Brian Kha,3,0,30,27
1656675315441,MATH 20D,A02,083766,Tran; Brian Kha,2,0,30,28
1656675315441,MATH 20D,A03,083767,Tran; Brian Kha,1,0,30,29
1656675321473,MATH 20E,A01,083771,Ganguly; Soumya,4,0,32,28
1656675321473,MATH 20E,A02,083772,Ganguly; Soumya,3,0,32,29
1656675321473,MATH 20E,B01,083773,Ciotti; Benjamin,18,0,35,17
1656675321473,MATH 20E,B02,083774,Ciotti; Benjamin,18,0,35,17
1656675327504,MATH 103A,A01,083777,Greenfeld; Be'Eri,2,0,36,34
1656675327504,MATH 103A,A02,083778,Greenfeld; Be'Eri,5,0,36,31
1656675327504,MATH 103A,A03,093561,Greenfeld; Be'Eri,4,0,36,32
1656675327504,MATH 103A,B01,083779,Greenfeld; Be'Eri,6,0,36,30
1656675327504,MATH 103A,B02,083780,Greenfeld; Be'Eri,1,0,36,35
1656675327504,MATH 103A,B03,093562,Greenfeld; Be'Eri,2,0,36,34
1656675333534,MATH 105,A01,085443,Carter; Anne Toulson,13,0,35,22
1656675333534,MATH 105,A02,093477,Carter; Anne Toulson,20,0,35,15
1656675339579,MATH 109,A01,083213,Ganzberger; Geoffrey Michael,0,0,34,34
1656675339579,MATH 109,A02,083214,Ganzberger; Geoffrey Michael,1,0,34,33
1656675339579,MATH 109,A03,093478,Ganzberger; Geoffrey Michael,2,0,34,32
1656675339579,MATH 109,B01,083215,Ganzberger; Geoffrey Michael,1,0,32,31
1656675339579,MATH 109,B02,083216,Ganzberger; Geoffrey Michael,2,0,32,30
1656675339579,MATH 109,B03,093479,Ganzberger; Geoffrey Michael,6,0,32,26
1656675345608,MATH 142A,A01,083219,Chow; Bennett,3,0,32,29
1656675345608,MATH 142A,A02,083220,Chow; Bennett,9,0,32,23
1656675345608,MATH 142A,A03,093480,Chow; Bennett,6,0,32,26
1656675345608,MATH 142A,B03,093481,Chow; Bennett,5,0,32,27
1656675345608,MATH 142A,B04,093558,Chow; Bennett,10,0,32,22
1656675345608,MATH 142A,B05,093559,Chow; Bennett,4,0,32,28
1656675351641,MATH 193A,A01,083224,Rotar; Vladimir,3,0,34,31
1656675351641,MATH 193A,A02,083225,Rotar; Vladimir,2,0,34,32
1656675351641,MATH 193A,A03,083781,Rotar; Vladimir,0,0,34,34
1656675351641,MATH 193A,A04,083782,Rotar; Vladimir,4,0,34,30
1656675351641,MATH 193A,A05,093482,Rotar; Vladimir,5,0,34,29
1656675357676,MATH 197,001,091859,McAuley; Julian John,9999,0,9999,0
1656675357676,MATH 197,002,095566,Kedlaya; Kiran S.,9997,0,9999,2
1656675357676,MATH 197,003,095567,Xiao; Ming,9999,0,9999,0
1656675357676,MATH 197,004,095571,Perols; Johan Lars,9998,0,9999,1
1656675364742,COGS 9,A01,083615,Shannon; Kyle Michael,5,0,75,70
1656675370773,COGS 11,A01,083617,Boyle; Mary E. T.,17,0,48,31
1656675376800,COGS 13,A01,083071,Bastos; Amalia Pinkusfeld,6,0,71,65
1656675382832,COGS 14A,A01,092681,Semenuks; Arturs,0,3,100,100
1656675388860,COGS 14B,A01,083073,Cheng; Tzu-Han,3,0,63,60
1656675394888,COGS 17,A01,092677,Semenuks; Arturs,4,0,81,77
1656675400917,COGS 100,A01,083619,Allen; Michael Gordon,13,0,70,57
1656675406947,COGS 101A,A01,083621,Davis; Joshua Daniel,10,0,68,58
1656675412978,COGS 101B,A01,091572,Allen; Michael Gordon,3,0,65,62
1656675419006,COGS 101C,A01,083625,Delgado; Tania,17,0,35,18
1656675425037,COGS 107A,A01,083627,Boyle; Mary E. T.,11,0,60,49
1656675431069,COGS 118A,A01,083075,Gupta; Anjum,13,0,76,63
1656675437106,CSE 3,A50,083646,Miranda; Gregory Joseph,22,0,50,28
1656675443134,CSE 8A,A50,083650,Miranda; Gregory Joseph,16,1,56,40
1656675449167,CSE 11,A01,083080,Cao; Yingjun,2,17,40,38
1656675455193,CSE 12,A01,083652,Krause-Levy; Sophia Louisa,19,1,120,101
1656675461225,CSE 15L,A01,083654,Morris; Justin Loren,8,0,50,42
1656675461225,CSE 15L,A02,083655,Morris; Justin Loren,8,0,50,42
1656675467256,CSE 20,A01,083657,Tran; Khoa Dang,35,0,80,45
1656675473357,CSE 21,A01,095574,Bach; Quang Tran,21,0,48,27
1656675479394,CSE 30,A01,083084,Eldon; John,5,0,80,75
1656675479394,CSE 30,B01,095061,Bhaskar; Nishant,3,0,50,47
1656675485424,CSE 100,A01,083659,Cao; Yingjun,1,6,70,69
1656675491457,CSE 134B,A01,083661,Powell; Thomas Allan,17,0,100,83
1656675497488,CSE 140,A01,083663,Gungor; Onat,14,0,85,71
1656675503516,CSE 140L,A01,083088,Eldon; John,16,0,100,84
1656675509547,CSE 175,A01,083665,Kumar; Rakesh,3,0,25,22
1656675515576,CSE 190,A00,092507,Dubnov; Shlomo,5,0,20,15
1656675521610,ECE 45,A01,083139,Congero; Spencer William,5,0,75,70
1656675527648,ECE 65,A50,083695,Saad; Andrew S,12,0,30,18
1656675527648,ECE 65,A51,095125,Saad; Andrew S,25,0,26,1
1656675533688,ECE 109,A01,091882,Touri; Behrouz,11,0,70,59
1656675539719,ECE 180,A00,083140,Abi Samra; Nicholas Camill,1,0,30,29
1656675539719,ECE 180,B00,083141,Abi Samra; Nicholas Camill,0,0,30,30
1656675545750,MATH 10A,A01,083735,Patchell; Gregory David,0,0,30,30
1656675545750,MATH 10A,A02,083736,Patchell; Gregory David,20,0,30,10
1656675545750,MATH 10A,A03,083737,Patchell; Gregory David,16,0,30,14
1656675551790,MATH 10B,A01,083207,Lim; Seonhee,7,0,34,27
1656675551790,MATH 10B,A02,083208,Lim; Seonhee,9,0,35,26
1656675551790,MATH 10B,A03,093472,Lim; Seonhee,3,0,34,31
1656675551790,MATH 10B,B01,083739,Sinha; Shubham,9,0,30,21
1656675557836,MATH 18,A01,083743,Cinel; Cameron Alexander,6,0,30,24
1656675557836,MATH 18,A02,083744,Cinel; Cameron Alexander,14,0,30,16
1656675557836,MATH 18,A03,083745,Cinel; Cameron Alexander,8,0,30,22
1656675557836,MATH 18,B01,083748,Rideout; David Porter,2,0,37,35
1656675557836,MATH 18,B02,083749,Rideout; David Porter,2,0,36,34
1656675557836,MATH 18,B03,083750,Rideout; David Porter,1,0,37,36
1656675557836,MATH 18,B04,083751,Rideout; David Porter,4,0,36,32
1656675557836,MATH 18,B05,093473,Rideout; David Porter,4,0,36,32
1656675557836,MATH 18,B06,093474,Rideout; David Porter,4,0,36,32
1656675563868,MATH 20A,A01,083754,Zheng; Zequn,12,0,40,28
1656675569903,MATH 20B,A01,083756,Briones; Jor-el Thomas Caparas,1,1,36,35
1656675569903,MATH 20B,A02,083757,Briones; Jor-el Thomas Caparas,0,0,36,36
1656675569903,MATH 20B,A03,093475,Briones; Jor-el Thomas Caparas,2,0,36,34
1656675575934,MATH 20C,A01,083760,Briones; Jor-el Thomas Caparas,0,0,35,35
1656675575934,MATH 20C,A02,083761,Briones; Jor-el Thomas Caparas,9,0,35,26
1656675575934,MATH 20C,A03,093476,Briones; Jor-el Thomas Caparas,0,1,36,36
1656675575934,MATH 20C,B01,083762,Bach; Quang Tran,0,0,30,30
1656675581971,MATH 20D,A01,083765,Tran; Brian Kha,3,0,30,27
1656675581971,MATH 20D,A02,083766,Tran; Brian Kha,2,0,30,28
1656675581971,MATH 20D,A03,083767,Tran; Brian Kha,1,0,30,29
1656675588002,MATH 20E,A01,083771,Ganguly; Soumya,4,0,32,28
1656675588002,MATH 20E,A02,083772,Ganguly; Soumya,3,0,32,29
1656675588002,MATH 20E,B01,083773,Ciotti; Benjamin,18,0,35,17
1656675588002,MATH 20E,B02,083774,Ciotti; Benjamin,18,0,35,17
1656675594035,MATH 103A,A01,083777,Greenfeld; Be'Eri,2,0,36,34
1656675594035,MATH 103A,A02,083778,Greenfeld; Be'Eri,5,0,36,31
1656675594035,MATH 103A,A03,093561,Greenfeld; Be'Eri,4,0,36,32
1656675594035,MATH 103A,B01,083779,Greenfeld; Be'Eri,6,0,36,30
1656675594035,MATH 103A,B02,083780,Greenfeld; Be'Eri,1,0,36,35
1656675594035,MATH 103A,B03,093562,Greenfeld; Be'Eri,2,0,36,34
1656675600066,MATH 105,A01,085443,Carter; Anne Toulson,13,0,35,22
1656675600066,MATH 105,A02,093477,Carter; Anne Toulson,20,0,35,15
1656675606094,MATH 109,A01,083213,Ganzberger; Geoffrey Michael,0,0,34,34
1656675606094,MATH 109,A02,083214,Ganzberger; Geoffrey Michael,1,0,34,33
1656675606094,MATH 109,A03,093478,Ganzberger; Geoffrey Michael,2,0,34,32
1656675606094,MATH 109,B01,083215,Ganzberger; Geoffrey Michael,1,0,32,31
1656675606094,MATH 109,B02,083216,Ganzberger; Geoffrey Michael,2,0,32,30
1656675606094,MATH 109,B03,093479,Ganzberger; Geoffrey Michael,6,0,32,26
1656675612124,MATH 142A,A01,083219,Chow; Bennett,3,0,32,29
1656675612124,MATH 142A,A02,083220,Chow; Bennett,9,0,32,23
1656675612124,MATH 142A,A03,093480,Chow; Bennett,6,0,32,26
1656675612124,MATH 142A,B03,093481,Chow; Bennett,5,0,32,27
1656675612124,MATH 142A,B04,093558,Chow; Bennett,10,0,32,22
1656675612124,MATH 142A,B05,093559,Chow; Bennett,4,0,32,28
1656675618155,MATH 193A,A01,083224,Rotar; Vladimir,3,0,34,31
1656675618155,MATH 193A,A02,083225,Rotar; Vladimir,2,0,34,32
1656675618155,MATH 193A,A03,083781,Rotar; Vladimir,0,0,34,34
1656675618155,MATH 193A,A04,083782,Rotar; Vladimir,4,0,34,30
1656675618155,MATH 193A,A05,093482,Rotar; Vladimir,5,0,34,29
1656675624185,MATH 197,001,091859,McAuley; Julian John,9999,0,9999,0
1656675624185,MATH 197,002,095566,Kedlaya; Kiran S.,9997,0,9999,2
1656675624185,MATH 197,003,095567,Xiao; Ming,9999,0,9999,0
1656675624185,MATH 197,004,095571,Perols; Johan Lars,9998,0,9999,1
1656675631268,COGS 9,A01,083615,Shannon; Kyle Michael,5,0,75,70
1656675637304,COGS 11,A01,083617,Boyle; Mary E. T.,17,0,48,31
1656675643333,COGS 13,A01,083071,Bastos; Amalia Pinkusfeld,6,0,71,65
1656675649360,COGS 14A,A01,092681,Semenuks; Arturs,0,3,100,100
1656675655390,COGS 14B,A01,083073,Cheng; Tzu-Han,3,0,63,60
1656675661418,COGS 17,A01,092677,Semenuks; Arturs,4,0,81,77
1656675667452,COGS 100,A01,083619,Allen; Michael Gordon,13,0,70,57
1656675673488,COGS 101A,A01,083621,Davis; Joshua Daniel,10,0,68,58
1656675679527,COGS 101B,A01,091572,Allen; Michael Gordon,3,0,65,62
1656675685560,COGS 101C,A01,083625,Delgado; Tania,17,0,35,18
1656675691591,COGS 107A,A01,083627,Boyle; Mary E. T.,11,0,60,49
1656675697626,COGS 118A,A01,083075,Gupta; Anjum,13,0,76,63
1656675703664,CSE 3,A50,083646,Miranda; Gregory Joseph,22,0,50,28
1656675709692,CSE 8A,A50,083650,Miranda; Gregory Joseph,16,1,56,40
1656675715726,CSE 11,A01,083080,Cao; Yingjun,2,17,40,38
1656675721753,CSE 12,A01,083652,Krause-Levy; Sophia Louisa,19,1,120,101
1656675727779,CSE 15L,A01,083654,Morris; Justin Loren,8,0,50,42
1656675727779,CSE 15L,A02,083655,Morris; Justin Loren,8,0,50,42
1656675733804,CSE 20,A01,083657,Tran; Khoa Dang,35,0,80,45
1656675739836,CSE 21,A01,095574,Bach; Quang Tran,21,0,48,27
1656675745867,CSE 30,A01,083084,Eldon; John,5,0,80,75
1656675745867,CSE 30,B01,095061,Bhaskar; Nishant,3,0,50,47
1656675751900,CSE 100,A01,083659,Cao; Yingjun,1,6,70,69
1656675757928,CSE 134B,A01,083661,Powell; Thomas Allan,17,0,100,83
1656675763961,CSE 140,A01,083663,Gungor; Onat,14,0,85,71
1656675769988,CSE 140L,A01,083088,Eldon; John,16,0,100,84
1656675776023,CSE 175,A01,083665,Kumar; Rakesh,3,0,25,22
1656675782058,CSE 190,A00,092507,Dubnov; Shlomo,5,0,20,15
1656675788089,ECE 45,A01,083139,Congero; Spencer William,5,0,75,70
1656675794123,ECE 65,A50,083695,Saad; Andrew S,12,0,30,18
1656675794123,ECE 65,A51,095125,Saad; Andrew S,25,0,26,1
1656675800152,ECE 109,A01,091882,Touri; Behrouz,11,0,70,59
1656675806184,ECE 180,A00,083140,Abi Samra; Nicholas Camill,1,0,30,29
1656675806184,ECE 180,B00,083141,Abi Samra; Nicholas Camill,0,0,30,30
1656675812213,MATH 10A,A01,083735,Patchell; Gregory David,0,0,30,30
1656675812213,MATH 10A,A02,083736,Patchell; Gregory David,20,0,30,10
1656675812213,MATH 10A,A03,083737,Patchell; Gregory David,16,0,30,14
1656675818252,MATH 10B,A01,083207,Lim; Seonhee,7,0,34,27
1656675818252,MATH 10B,A02,083208,Lim; Seonhee,9,0,35,26
1656675818252,MATH 10B,A03,093472,Lim; Seonhee,3,0,34,31
1656675818252,MATH 10B,B01,083739,Sinha; Shubham,9,0,30,21
1656675824285,MATH 18,A01,083743,Cinel; Cameron Alexander,6,0,30,24
1656675824285,MATH 18,A02,083744,Cinel; Cameron Alexander,14,0,30,16
1656675824285,MATH 18,A03,083745,Cinel; Cameron Alexander,8,0,30,22
1656675824285,MATH 18,B01,083748,Rideout; David Porter,2,0,37,35
1656675824285,MATH 18,B02,083749,Rideout; David Porter,2,0,36,34
1656675824285,MATH 18,B03,083750,Rideout; David Porter,1,0,37,36
1656675824285,MATH 18,B04,083751,Rideout; David Porter,4,0,36,32
1656675824285,MATH 18,B05,093473,Rideout; David Porter,4,0,36,32
1656675824285,MATH 18,B06,093474,Rideout; David Porter,4,0,36,32
1656675830313,MATH 20A,A01,083754,Zheng; Zequn,12,0,40,28
1656675836342,MATH 20B,A01,083756,Briones; Jor-el Thomas Caparas,1,1,36,35
1656675836342,MATH 20B,A02,083757,Briones; Jor-el Thomas Caparas,0,0,36,36
1656675836342,MATH 20B,A03,093475,Briones; Jor-el Thomas Caparas,2,0,36,34
1656675842379,MATH 20C,A01,083760,Briones; Jor-el Thomas Caparas,0,0,35,35
1656675842379,MATH 20C,A02,083761,Briones; Jor-el Thomas Caparas,9,0,35,26
1656675842379,MATH 20C,A03,093476,Briones; Jor-el Thomas Caparas,0,1,36,36
1656675842379,MATH 20C,B01,083762,Bach; Quang Tran,0,0,30,30
1656675848424,MATH 20D,A01,083765,Tran; Brian Kha,3,0,30,27
1656675848424,MATH 20D,A02,083766,Tran; Brian Kha,2,0,30,28
1656675848424,MATH 20D,A03,083767,Tran; Brian Kha,1,0,30,29
1656675854461,MATH 20E,A01,083771,Ganguly; Soumya,4,0,32,28
1656675854461,MATH 20E,A02,083772,Ganguly; Soumya,3,0,32,29
1656675854461,MATH 20E,B01,083773,Ciotti; Benjamin,18,0,35,17
1656675854461,MATH 20E,B02,083774,Ciotti; Benjamin,18,0,35,17
1656675860503,MATH 103A,A01,083777,Greenfeld; Be'Eri,2,0,36,34
1656675860503,MATH 103A,A02,083778,Greenfeld; Be'Eri,5,0,36,31
1656675860503,MATH 103A,A03,093561,Greenfeld; Be'Eri,4,0,36,32
1656675860503,MATH 103A,B01,083779,Greenfeld; Be'Eri,6,0,36,30
1656675860503,MATH 103A,B02,083780,Greenfeld; Be'Eri,1,0,36,35
1656675860503,MATH 103A,B03,093562,Greenfeld; Be'Eri,2,0,36,34
1656675866539,MATH 105,A01,085443,Carter; Anne Toulson,13,0,35,22
1656675866539,MATH 105,A02,093477,Carter; Anne Toulson,20,0,35,15
1656675872567,MATH 109,A01,083213,Ganzberger; Geoffrey Michael,0,0,34,34
1656675872567,MATH 109,A02,083214,Ganzberger; Geoffrey Michael,1,0,34,33
1656675872567,MATH 109,A03,093478,Ganzberger; Geoffrey Michael,2,0,34,32
1656675872567,MATH 109,B01,083215,Ganzberger; Geoffrey Michael,1,0,32,31
1656675872567,MATH 109,B02,083216,Ganzberger; Geoffrey Michael,2,0,32,30
1656675872567,MATH 109,B03,093479,Ganzberger; Geoffrey Michael,6,0,32,26
1656675878608,MATH 142A,A01,083219,Chow; Bennett,3,0,32,29
1656675878608,MATH 142A,A02,083220,Chow; Bennett,9,0,32,23
1656675878608,MATH 142A,A03,093480,Chow; Bennett,6,0,32,26
1656675878608,MATH 142A,B03,093481,Chow; Bennett,5,0,32,27
1656675878608,MATH 142A,B04,093558,Chow; Bennett,10,0,32,22
1656675878608,MATH 142A,B05,093559,Chow; Bennett,4,0,32,28
1656675884657,MATH 193A,A01,083224,Rotar; Vladimir,3,0,34,31
1656675884657,MATH 193A,A02,083225,Rotar; Vladimir,2,0,34,32
1656675884657,MATH 193A,A03,083781,Rotar; Vladimir,0,0,34,34
1656675884657,MATH 193A,A04,083782,Rotar; Vladimir,4,0,34,30
1656675884657,MATH 193A,A05,093482,Rotar; Vladimir,5,0,34,29
1656675890687,MATH 197,001,091859,McAuley; Julian John,9999,0,9999,0
1656675890687,MATH 197,002,095566,Kedlaya; Kiran S.,9997,0,9999,2
1656675890687,MATH 197,003,095567,Xiao; Ming,9999,0,9999,0
1656675890687,MATH 197,004,095571,Perols; Johan Lars,9998,0,9999,1
1656675897760,COGS 9,A01,083615,Shannon; Kyle Michael,5,0,75,70
1656675903787,COGS 11,A01,083617,Boyle; Mary E. T.,17,0,48,31
1656675909824,COGS 13,A01,083071,Bastos; Amalia Pinkusfeld,6,0,71,65
1656675915859,COGS 14A,A01,092681,Semenuks; Arturs,0,3,100,100
1656675921895,COGS 14B,A01,083073,Cheng; Tzu-Han,3,0,63,60
1656675927922,COGS 17,A01,092677,Semenuks; Arturs,4,0,81,77
1656675933952,COGS 100,A01,083619,Allen; Michael Gordon,13,0,70,57
1656675939989,COGS 101A,A01,083621,Davis; Joshua Daniel,10,0,68,58
1656675946017,COGS 101B,A01,091572,Allen; Michael Gordon,3,0,65,62
1656675952057,COGS 101C,A01,083625,Delgado; Tania,17,0,35,18
1656675958091,COGS 107A,A01,083627,Boyle; Mary E. T.,11,0,60,49
1656675964118,COGS 118A,A01,083075,Gupta; Anjum,13,0,76,63
1656675970150,CSE 3,A50,083646,Miranda; Gregory Joseph,22,0,50,28
1656675976179,CSE 8A,A50,083650,Miranda; Gregory Joseph,16,1,56,40
1656675982212,CSE 11,A01,083080,Cao; Yingjun,2,17,40,38
1656675988242,CSE 12,A01,083652,Krause-Levy; Sophia Louisa,19,1,120,101
1656675994275,CSE 15L,A01,083654,Morris; Justin Loren,8,0,50,42
1656675994275,CSE 15L,A02,083655,Morris; Justin Loren,8,0,50,42
1656676000314,CSE 20,A01,083657,Tran; Khoa Dang,35,0,80,45
1656676006346,CSE 21,A01,095574,Bach; Quang Tran,21,0,48,27
1656676012384,CSE 30,A01,083084,Eldon; John,5,0,80,75
1656676012384,CSE 30,B01,095061,Bhaskar; Nishant,3,0,50,47
1656676018414,CSE 100,A01,083659,Cao; Yingjun,1,6,70,69
1656676024448,CSE 134B,A01,083661,Powell; Thomas Allan,17,0,100,83
1656676030477,CSE 140,A01,083663,Gungor; Onat,14,0,85,71
1656676036504,CSE 140L,A01,083088,Eldon; John,16,0,100,84
1656676042537,CSE 175,A01,083665,Kumar; Rakesh,3,0,25,22
1656676048572,CSE 190,A00,092507,Dubnov; Shlomo,5,0,20,15
1656676054610,ECE 45,A01,083139,Congero; Spencer William,5,0,75,70
1656676060648,ECE 65,A50,083695,Saad; Andrew S,12,0,30,18
1656676060648,ECE 65,A51,095125,Saad; Andrew S,25,0,26,1
1656676066676,ECE 109,A01,091882,Touri; Behrouz,11,0,70,59
1656676072774,ECE 180,A00,083140,Abi Samra; Nicholas Camill,1,0,30,29
1656676072774,ECE 180,B00,083141,Abi Samra; Nicholas Camill,0,0,30,30
1656676078804,MATH 10A,A01,083735,Patchell; Gregory David,0,0,30,30
1656676078804,MATH 10A,A02,083736,Patchell; Gregory David,20,0,30,10
1656676078804,MATH 10A,A03,083737,Patchell; Gregory David,16,0,30,14
1656676084845,MATH 10B,A01,083207,Lim; Seonhee,7,0,34,27
1656676084845,MATH 10B,A02,083208,Lim; Seonhee,9,0,35,26
1656676084845,MATH 10B,A03,093472,Lim; Seonhee,3,0,34,31
1656676084845,MATH 10B,B01,083739,Sinha; Shubham,9,0,30,21
1656676090878,MATH 18,A01,083743,Cinel; Cameron Alexander,6,0,30,24
1656676090878,MATH 18,A02,083744,Cinel; Cameron Alexander,14,0,30,16
1656676090878,MATH 18,A03,083745,Cinel; Cameron Alexander,8,0,30,22
1656676090878,MATH 18,B01,083748,Rideout; David Porter,2,0,37,35
1656676090878,MATH 18,B02,083749,Rideout; David Porter,2,0,36,34
1656676090878,MATH 18,B03,083750,Rideout; David Porter,1,0,37,36
1656676090878,MATH 18,B04,083751,Rideout; David Porter,4,0,36,32
1656676090878,MATH 18,B05,093473,Rideout; David Porter,4,0,36,32
1656676090878,MATH 18,B06,093474,Rideout; David Porter,4,0,36,32
1656676096903,MATH 20A,A01,083754,Zheng; Zequn,12,0,40,28
1656676102932,MATH 20B,A01,083756,Briones; Jor-el Thomas Caparas,1,1,36,35
1656676102932,MATH 20B,A02,083757,Briones; Jor-el Thomas Caparas,0,0,36,36
1656676102932,MATH 20B,A03,093475,Briones; Jor-el Thomas Caparas,2,0,36,34
1656676108960,MATH 20C,A01,083760,Briones; Jor-el Thomas Caparas,0,0,35,35
1656676108960,MATH 20C,A02,083761,Briones; Jor-el Thomas Caparas,9,0,35,26
1656676108960,MATH 20C,A03,093476,Briones; Jor-el Thomas Caparas,0,1,36,36
1656676108960,MATH 20C,B01,083762,Bach; Quang Tran,0,0,30,30
1656676114988,MATH 20D,A01,083765,Tran; Brian Kha,3,0,30,27
1656676114988,MATH 20D,A02,083766,Tran; Brian Kha,2,0,30,28
1656676114988,MATH 20D,A03,083767,Tran; Brian Kha,1,0,30,29
1656676121022,MATH 20E,A01,083771,Ganguly; Soumya,4,0,32,28
1656676121022,MATH 20E,A02,083772,Ganguly; Soumya,3,0,32,29
1656676121022,MATH 20E,B01,083773,Ciotti; Benjamin,18,0,35,17
1656676121022,MATH 20E,B02,083774,Ciotti; Benjamin,18,0,35,17
1656676127051,MATH 103A,A01,083777,Greenfeld; Be'Eri,2,0,36,34
1656676127051,MATH 103A,A02,083778,Greenfeld; Be'Eri,5,0,36,31
1656676127051,MATH 103A,A03,093561,Greenfeld; Be'Eri,4,0,36,32
1656676127051,MATH 103A,B01,083779,Greenfeld; Be'Eri,6,0,36,30
1656676127051,MATH 103A,B02,083780,Greenfeld; Be'Eri,1,0,36,35
1656676127051,MATH 103A,B03,093562,Greenfeld; Be'Eri,2,0,36,34
1656676133079,MATH 105,A01,085443,Carter; Anne Toulson,13,0,35,22
1656676133079,MATH 105,A02,093477,Carter; Anne Toulson,20,0,35,15
1656676139108,MATH 109,A01,083213,Ganzberger; Geoffrey Michael,0,0,34,34
1656676139108,MATH 109,A02,083214,Ganzberger; Geoffrey Michael,1,0,34,33
1656676139108,MATH 109,A03,093478,Ganzberger; Geoffrey Michael,2,0,34,32
1656676139108,MATH 109,B01,083215,Ganzberger; Geoffrey Michael,1,0,32,31
1656676139108,MATH 109,B02,083216,Ganzberger; Geoffrey Michael,2,0,32,30
1656676139108,MATH 109,B03,093479,Ganzberger; Geoffrey Michael,6,0,32,26
1656676145136,MATH 142A,A01,083219,Chow; Bennett,3,0,32,29
1656676145136,MATH 142A,A02,083220,Chow; Bennett,9,0,32,23
1656676145136,MATH 142A,A03,093480,Chow; Bennett,6,0,32,26
1656676145136,MATH 142A,B03,093481,Chow; Bennett,5,0,32,27
1656676145136,MATH 142A,B04,093558,Chow; Bennett,10,0,32,22
1656676145136,MATH 142A,B05,093559,Chow; Bennett,4,0,32,28
1656676151166,MATH 193A,A01,083224,Rotar; Vladimir,3,0,34,31
1656676151166,MATH 193A,A02,083225,Rotar; Vladimir,2,0,34,32
1656676151166,MATH 193A,A03,083781,Rotar; Vladimir,0,0,34,34
1656676151166,MATH 193A,A04,083782,Rotar; Vladimir,4,0,34,30
1656676151166,MATH 193A,A05,093482,Rotar; Vladimir,5,0,34,29
1656676157196,MATH 197,001,091859,McAuley; Julian John,9999,0,9999,0
1656676157196,MATH 197,002,095566,Kedlaya; Kiran S.,9997,0,9999,2
1656676157196,MATH 197,003,095567,Xiao; Ming,9999,0,9999,0
1656676157196,MATH 197,004,095571,Perols; Johan Lars,9998,0,9999,1
1656676164274,COGS 9,A01,083615,Shannon; Kyle Michael,5,0,75,70
1656676170306,COGS 11,A01,083617,Boyle; Mary E. T.,17,0,48,31
1656676176336,COGS 13,A01,083071,Bastos; Amalia Pinkusfeld,6,0,71,65
1656676182369,COGS 14A,A01,092681,Semenuks; Arturs,0,3,100,100
1656676188398,COGS 14B,A01,083073,Cheng; Tzu-Han,3,0,63,60
1656676194426,COGS 17,A01,092677,Semenuks; Arturs,4,0,81,77
1656676200456,COGS 100,A01,083619,Allen; Michael Gordon,13,0,70,57
1656676206488,COGS 101A,A01,083621,Davis; Joshua Daniel,10,0,68,58
1656676212519,COGS 101B,A01,091572,Allen; Michael Gordon,3,0,65,62
1656676218552,COGS 101C,A01,083625,Delgado; Tania,17,0,35,18
1656676224579,COGS 107A,A01,083627,Boyle; Mary E. T.,11,0,60,49
1656676230612,COGS 118A,A01,083075,Gupta; Anjum,13,0,76,63
1656676236642,CSE 3,A50,083646,Miranda; Gregory Joseph,22,0,50,28
1656676242674,CSE 8A,A50,083650,Miranda; Gregory Joseph,16,1,56,40
1656676248704,CSE 11,A01,083080,Cao; Yingjun,2,17,40,38
1656676254731,CSE 12,A01,083652,Krause-Levy; Sophia Louisa,19,1,120,101
1656676260759,CSE 15L,A01,083654,Morris; Justin Loren,8,0,50,42
1656676260759,CSE 15L,A02,083655,Morris; Justin Loren,8,0,50,42
1656676266800,CSE 20,A01,083657,Tran; Khoa Dang,35,0,80,45
1656676272827,CSE 21,A01,095574,Bach; Quang Tran,21,0,48,27
1656676278857,CSE 30,A01,083084,Eldon; John,5,0,80,75
1656676278857,CSE 30,B01,095061,Bhaskar; Nishant,3,0,50,47
1656676284886,CSE 100,A01,083659,Cao; Yingjun,1,6,70,69
1656676290917,CSE 134B,A01,083661,Powell; Thomas Allan,17,0,100,83
1656676296944,CSE 140,A01,083663,Gungor; Onat,14,0,85,71
1656676302975,CSE 140L,A01,083088,Eldon; John,16,0,100,84
1656676309004,CSE 175,A01,083665,Kumar; Rakesh,3,0,25,22
1656676315030,CSE 190,A00,092507,Dubnov; Shlomo,5,0,20,15
1656676321066,ECE 45,A01,083139,Congero; Spencer William,5,0,75,70
1656676327105,ECE 65,A50,083695,Saad; Andrew S,12,0,30,18
1656676327105,ECE 65,A51,095125,Saad; Andrew S,25,0,26,1
1656676333134,ECE 109,A01,091882,Touri; Behrouz,11,0,70,59
1656676339162,ECE 180,A00,083140,Abi Samra; Nicholas Camill,1,0,30,29
1656676339162,ECE 180,B00,083141,Abi Samra; Nicholas Camill,0,0,30,30
1656676345192,MATH 10A,A01,083735,Patchell; Gregory David,0,0,30,30
1656676345192,MATH 10A,A02,083736,Patchell; Gregory David,20,0,30,10
1656676345192,MATH 10A,A03,083737,Patchell; Gregory David,16,0,30,14
1656676351223,MATH 10B,A01,083207,Lim; Seonhee,7,0,34,27
1656676351223,MATH 10B,A02,083208,Lim; Seonhee,9,0,35,26
1656676351223,MATH 10B,A03,093472,Lim; Seonhee,3,0,34,31
1656676351223,MATH 10B,B01,083739,Sinha; Shubham,9,0,30,21
1656676357256,MATH 18,A01,083743,Cinel; Cameron Alexander,6,0,30,24
1656676357256,MATH 18,A02,083744,Cinel; Cameron Alexander,14,0,30,16
1656676357256,MATH 18,A03,083745,Cinel; Cameron Alexander,8,0,30,22
1656676357256,MATH 18,B01,083748,Rideout; David Porter,2,0,37,35
1656676357256,MATH 18,B02,083749,Rideout; David Porter,2,0,36,34
1656676357256,MATH 18,B03,083750,Rideout; David Porter,1,0,37,36
1656676357256,MATH 18,B04,083751,Rideout; David Porter,4,0,36,32
1656676357256,MATH 18,B05,093473,Rideout; David Porter,4,0,36,32
1656676357256,MATH 18,B06,093474,Rideout; David Porter,4,0,36,32
1656676363284,MATH 20A,A01,083754,Zheng; Zequn,12,0,40,28
1656676369320,MATH 20B,A01,083756,Briones; Jor-el Thomas Caparas,1,1,36,35
1656676369320,MATH 20B,A02,083757,Briones; Jor-el Thomas Caparas,0,0,36,36
1656676369320,MATH 20B,A03,093475,Briones; Jor-el Thomas Caparas,2,0,36,34
1656676375350,MATH 20C,A01,083760,Briones; Jor-el Thomas Caparas,0,0,35,35
1656676375350,MATH 20C,A02,083761,Briones; Jor-el Thomas Caparas,9,0,35,26
1656676375350,MATH 20C,A03,093476,Briones; Jor-el Thomas Caparas,0,1,36,36
1656676375350,MATH 20C,B01,083762,Bach; Quang Tran,0,0,30,30
1656676381378,MATH 20D,A01,083765,Tran; Brian Kha,3,0,30,27
1656676381378,MATH 20D,A02,083766,Tran; Brian Kha,2,0,30,28
1656676381378,MATH 20D,A03,083767,Tran; Brian Kha,1,0,30,29
1656676387414,MATH 20E,A01,083771,Ganguly; Soumya,4,0,32,28
1656676387414,MATH 20E,A02,083772,Ganguly; Soumya,3,0,32,29
1656676387414,MATH 20E,B01,083773,Ciotti; Benjamin,18,0,35,17
1656676387414,MATH 20E,B02,083774,Ciotti; Benjamin,18,0,35,17
1656676393443,MATH 103A,A01,083777,Greenfeld; Be'Eri,2,0,36,34
1656676393443,MATH 103A,A02,083778,Greenfeld; Be'Eri,5,0,36,31
1656676393443,MATH 103A,A03,093561,Greenfeld; Be'Eri,4,0,36,32
1656676393443,MATH 103A,B01,083779,Greenfeld; Be'Eri,6,0,36,30
1656676393443,MATH 103A,B02,083780,Greenfeld; Be'Eri,1,0,36,35
1656676393443,MATH 103A,B03,093562,Greenfeld; Be'Eri,2,0,36,34
1656676399477,MATH 105,A01,085443,Carter; Anne Toulson,13,0,35,22
1656676399477,MATH 105,A02,093477,Carter; Anne Toulson,20,0,35,15
1656676405525,MATH 109,A01,083213,Ganzberger; Geoffrey Michael,0,0,34,34
1656676405525,MATH 109,A02,083214,Ganzberger; Geoffrey Michael,1,0,34,33
1656676405525,MATH 109,A03,093478,Ganzberger; Geoffrey Michael,2,0,34,32
1656676405525,MATH 109,B01,083215,Ganzberger; Geoffrey Michael,1,0,32,31
1656676405525,MATH 109,B02,083216,Ganzberger; Geoffrey Michael,2,0,32,30
1656676405525,MATH 109,B03,093479,Ganzberger; Geoffrey Michael,6,0,32,26
1656676411555,MATH 142A,A01,083219,Chow; Bennett,3,0,32,29
1656676411555,MATH 142A,A02,083220,Chow; Bennett,9,0,32,23
1656676411555,MATH 142A,A03,093480,Chow; Bennett,6,0,32,26
1656676411555,MATH 142A,B03,093481,Chow; Bennett,5,0,32,27
1656676411555,MATH 142A,B04,093558,Chow; Bennett,10,0,32,22
1656676411555,MATH 142A,B05,093559,Chow; Bennett,4,0,32,28
1656676417591,MATH 193A,A01,083224,Rotar; Vladimir,3,0,34,31
1656676417591,MATH 193A,A02,083225,Rotar; Vladimir,2,0,34,32
1656676417591,MATH 193A,A03,083781,Rotar; Vladimir,0,0,34,34
1656676417591,MATH 193A,A04,083782,Rotar; Vladimir,4,0,34,30
1656676417591,MATH 193A,A05,093482,Rotar; Vladimir,5,0,34,29
1656676423617,MATH 197,001,091859,McAuley; Julian John,9999,0,9999,0
1656676423617,MATH 197,002,095566,Kedlaya; Kiran S.,9997,0,9999,2
1656676423617,MATH 197,003,095567,Xiao; Ming,9999,0,9999,0
1656676423617,MATH 197,004,095571,Perols; Johan Lars,9998,0,9999,1
1656676430690,COGS 9,A01,083615,Shannon; Kyle Michael,5,0,75,70
1656676436719,COGS 11,A01,083617,Boyle; Mary E. T.,17,0,48,31
1656676442747,COGS 13,A01,083071,Bastos; Amalia Pinkusfeld,6,0,71,65
1656676448775,COGS 14A,A01,092681,Semenuks; Arturs,0,3,100,100
1656676454802,COGS 14B,A01,083073,Cheng; Tzu-Han,3,0,63,60
1656676460832,COGS 17,A01,092677,Semenuks; Arturs,4,0,81,77
1656676466865,COGS 100,A01,083619,Allen; Michael Gordon,13,0,70,57
1656676472894,COGS 101A,A01,083621,Davis; Joshua Daniel,10,0,68,58
1656676478927,COGS 101B,A01,091572,Allen; Michael Gordon,3,0,65,62
1656676484960,COGS 101C,A01,083625,Delgado; Tania,17,0,35,18
1656676490991,COGS 107A,A01,083627,Boyle; Mary E. T.,11,0,60,49
1656676497018,COGS 118A,A01,083075,Gupta; Anjum,13,0,76,63
1656676503054,CSE 3,A50,083646,Miranda; Gregory Joseph,22,0,50,28
1656676509083,CSE 8A,A50,083650,Miranda; Gregory Joseph,16,1,56,40
1656676515121,CSE 11,A01,083080,Cao; Yingjun,2,17,40,38
1656676521147,CSE 12,A01,083652,Krause-Levy; Sophia Louisa,19,1,120,101
1656676527179,CSE 15L,A01,083654,Morris; Justin Loren,8,0,50,42
1656676527179,CSE 15L,A02,083655,Morris; Justin Loren,8,0,50,42
1656676533210,CSE 20,A01,083657,Tran; Khoa Dang,35,0,80,45
1656676539237,CSE 21,A01,095574,Bach; Quang Tran,21,0,48,27
1656676545299,CSE 30,A01,083084,Eldon; John,5,0,80,75
1656676545299,CSE 30,B01,095061,Bhaskar; Nishant,3,0,50,47
1656676551332,CSE 100,A01,083659,Cao; Yingjun,1,6,70,69
1656676557364,CSE 134B,A01,083661,Powell; Thomas Allan,17,0,100,83
1656676563392,CSE 140,A01,083663,Gungor; Onat,14,0,85,71
1656676569420,CSE 140L,A01,083088,Eldon; John,16,0,100,84
1656676575452,CSE 175,A01,083665,Kumar; Rakesh,3,0,25,22
1656676581485,CSE 190,A00,092507,Dubnov; Shlomo,5,0,20,15
1656676587512,ECE 45,A01,083139,Congero; Spencer William,5,0,75,70
1656676593540,ECE 65,A50,083695,Saad; Andrew S,12,0,30,18
1656676593540,ECE 65,A51,095125,Saad; Andrew S,25,0,26,1
1656676599567,ECE 109,A01,091882,Touri; Behrouz,11,0,70,59
1656676605600,ECE 180,A00,083140,Abi Samra; Nicholas Camill,1,0,30,29
1656676605600,ECE 180,B00,083141,Abi Samra; Nicholas Camill,0,0,30,30
1656676611625,MATH 10A,A01,083735,Patchell; Gregory David,0,0,30,30
1656676611625,MATH 10A,A02,083736,Patchell; Gregory David,20,0,30,10
1656676611625,MATH 10A,A03,083737,Patchell; Gregory David,16,0,30,14
1656676617660,MATH 10B,A01,083207,Lim; Seonhee,7,0,34,27
1656676617660,MATH 10B,A02,083208,Lim; Seonhee,9,0,35,26
1656676617660,MATH 10B,A03,093472,Lim; Seonhee,3,0,34,31
1656676617660,MATH 10B,B01,083739,Sinha; Shubham,9,0,30,21
1656676623699,MATH 18,A01,083743,Cinel; Cameron Alexander,6,0,30,24
1656676623699,MATH 18,A02,083744,Cinel; Cameron Alexander,14,0,30,16
1656676623699,MATH 18,A03,083745,Cinel; Cameron Alexander,8,0,30,22
1656676623699,MATH 18,B01,083748,Rideout; David Porter,2,0,37,35
1656676623699,MATH 18,B02,083749,Rideout; David Porter,2,0,36,34
1656676623699,MATH 18,B03,083750,Rideout; David Porter,1,0,37,36
1656676623699,MATH 18,B04,083751,Rideout; David Porter,4,0,36,32
1656676623699,MATH 18,B05,093473,Rideout; David Porter,4,0,36,32
1656676623699,MATH 18,B06,093474,Rideout; David Porter,4,0,36,32
1656676629728,MATH 20A,A01,083754,Zheng; Zequn,12,0,40,28
1656676635756,MATH 20B,A01,083756,Briones; Jor-el Thomas Caparas,1,1,36,35
1656676635756,MATH 20B,A02,083757,Briones; Jor-el Thomas Caparas,0,0,36,36
1656676635756,MATH 20B,A03,093475,Briones; Jor-el Thomas Caparas,2,0,36,34
1656676641785,MATH 20C,A01,083760,Briones; Jor-el Thomas Caparas,0,0,35,35
1656676641785,MATH 20C,A02,083761,Briones; Jor-el Thomas Caparas,9,0,35,26
1656676641785,MATH 20C,A03,093476,Briones; Jor-el Thomas Caparas,0,1,36,36
1656676641785,MATH 20C,B01,083762,Bach; Quang Tran,0,0,30,30
1656676647813,MATH 20D,A01,083765,Tran; Brian Kha,3,0,30,27
1656676647813,MATH 20D,A02,083766,Tran; Brian Kha,2,0,30,28
1656676647813,MATH 20D,A03,083767,Tran; Brian Kha,1,0,30,29
1656676653845,MATH 20E,A01,083771,Ganguly; Soumya,4,0,32,28
1656676653845,MATH 20E,A02,083772,Ganguly; Soumya,3,0,32,29
1656676653845,MATH 20E,B01,083773,Ciotti; Benjamin,18,0,35,17
1656676653845,MATH 20E,B02,083774,Ciotti; Benjamin,18,0,35,17
1656676659879,MATH 103A,A01,083777,Greenfeld; Be'Eri,2,0,36,34
1656676659879,MATH 103A,A02,083778,Greenfeld; Be'Eri,5,0,36,31
1656676659879,MATH 103A,A03,093561,Greenfeld; Be'Eri,4,0,36,32
1656676659879,MATH 103A,B01,083779,Greenfeld; Be'Eri,6,0,36,30
1656676659879,MATH 103A,B02,083780,Greenfeld; Be'Eri,1,0,36,35
1656676659879,MATH 103A,B03,093562,Greenfeld; Be'Eri,2,0,36,34
1656676665906,MATH 105,A01,085443,Carter; Anne Toulson,13,0,35,22
1656676665906,MATH 105,A02,093477,Carter; Anne Toulson,20,0,35,15
1656676672007,MATH 109,A01,083213,Ganzberger; Geoffrey Michael,0,0,34,34
1656676672007,MATH 109,A02,083214,Ganzberger; Geoffrey Michael,1,0,34,33
1656676672007,MATH 109,A03,093478,Ganzberger; Geoffrey Michael,2,0,34,32
1656676672007,MATH 109,B01,083215,Ganzberger; Geoffrey Michael,1,0,32,31
1656676672007,MATH 109,B02,083216,Ganzberger; Geoffrey Michael,2,0,32,30
1656676672007,MATH 109,B03,093479,Ganzberger; Geoffrey Michael,6,0,32,26
1656676678037,MATH 142A,A01,083219,Chow; Bennett,3,0,32,29
1656676678037,MATH 142A,A02,083220,Chow; Bennett,9,0,32,23
1656676678037,MATH 142A,A03,093480,Chow; Bennett,6,0,32,26
1656676678037,MATH 142A,B03,093481,Chow; Bennett,5,0,32,27
1656676678037,MATH 142A,B04,093558,Chow; Bennett,10,0,32,22
1656676678037,MATH 142A,B05,093559,Chow; Bennett,4,0,32,28
1656676684069,MATH 193A,A01,083224,Rotar; Vladimir,3,0,34,31
1656676684069,MATH 193A,A02,083225,Rotar; Vladimir,2,0,34,32
1656676684069,MATH 193A,A03,083781,Rotar; Vladimir,0,0,34,34
1656676684069,MATH 193A,A04,083782,Rotar; Vladimir,4,0,34,30
1656676684069,MATH 193A,A05,093482,Rotar; Vladimir,5,0,34,29
1656676690098,MATH 197,001,091859,McAuley; Julian John,9999,0,9999,0
1656676690098,MATH 197,002,095566,Kedlaya; Kiran S.,9997,0,9999,2
1656676690098,MATH 197,003,095567,Xiao; Ming,9999,0,9999,0
1656676690098,MATH 197,004,095571,Perols; Johan Lars,9998,0,9999,1
1656676697175,COGS 9,A01,083615,Shannon; Kyle Michael,5,0,75,70
1656676703202,COGS 11,A01,083617,Boyle; Mary E. T.,17,0,48,31
1656676709228,COGS 13,A01,083071,Bastos; Amalia Pinkusfeld,6,0,71,65
1656676715256,COGS 14A,A01,092681,Semenuks; Arturs,0,3,100,100
1656676721302,COGS 14B,A01,083073,Cheng; Tzu-Han,3,0,63,60
1656676727330,COGS 17,A01,092677,Semenuks; Arturs,4,0,81,77
1656676733365,COGS 100,A01,083619,Allen; Michael Gordon,13,0,70,57
1656676739399,COGS 101A,A01,083621,Davis; Joshua Daniel,10,0,68,58
1656676745431,COGS 101B,A01,091572,Allen; Michael Gordon,3,0,65,62
1656676751462,COGS 101C,A01,083625,Delgado; Tania,17,0,35,18
1656676757492,COGS 107A,A01,083627,Boyle; Mary E. T.,11,0,60,49
1656676763519,COGS 118A,A01,083075,Gupta; Anjum,13,0,76,63
1656676769547,CSE 3,A50,083646,Miranda; Gregory Joseph,22,0,50,28
1656676775580,CSE 8A,A50,083650,Miranda; Gregory Joseph,16,1,56,40
1656676781607,CSE 11,A01,083080,Cao; Yingjun,2,17,40,38
1656676787636,CSE 12,A01,083652,Krause-Levy; Sophia Louisa,19,1,120,101
1656676793664,CSE 15L,A01,083654,Morris; Justin Loren,8,0,50,42
1656676793664,CSE 15L,A02,083655,Morris; Justin Loren,8,0,50,42
1656676799698,CSE 20,A01,083657,Tran; Khoa Dang,35,0,80,45
1656676805733,CSE 21,A01,095574,Bach; Quang Tran,21,0,48,27
1656676811761,CSE 30,A01,083084,Eldon; John,5,0,80,75
1656676811761,CSE 30,B01,095061,Bhaskar; Nishant,3,0,50,47
1656676817790,CSE 100,A01,083659,Cao; Yingjun,1,6,70,69
1656676823823,CSE 134B,A01,083661,Powell; Thomas Allan,17,0,100,83
1656676829851,CSE 140,A01,083663,Gungor; Onat,14,0,85,71
1656676835883,CSE 140L,A01,083088,Eldon; John,16,0,100,84
1656676841908,CSE 175,A01,083665,Kumar; Rakesh,3,0,25,22
1656676847934,CSE 190,A00,092507,Dubnov; Shlomo,5,0,20,15
1656676853968,ECE 45,A01,083139,Congero; Spencer William,5,0,75,70
1656676859999,ECE 65,A50,083695,Saad; Andrew S,12,0,30,18
1656676859999,ECE 65,A51,095125,Saad; Andrew S,25,0,26,1
1656676866031,ECE 109,A01,091882,Touri; Behrouz,11,0,70,59
1656676872058,ECE 180,A00,083140,Abi Samra; Nicholas Camill,1,0,30,29
1656676872058,ECE 180,B00,083141,Abi Samra; Nicholas Camill,0,0,30,30
1656676878085,MATH 10A,A01,083735,Patchell; Gregory David,0,0,30,30
1656676878085,MATH 10A,A02,083736,Patchell; Gregory David,20,0,30,10
1656676878085,MATH 10A,A03,083737,Patchell; Gregory David,16,0,30,14
1656676884113,MATH 10B,A01,083207,Lim; Seonhee,7,0,34,27
1656676884113,MATH 10B,A02,083208,Lim; Seonhee,9,0,35,26
1656676884113,MATH 10B,A03,093472,Lim; Seonhee,3,0,34,31
1656676884113,MATH 10B,B01,083739,Sinha; Shubham,9,0,30,21
1656676890142,MATH 18,A01,083743,Cinel; Cameron Alexander,6,0,30,24
1656676890142,MATH 18,A02,083744,Cinel; Cameron Alexander,14,0,30,16
1656676890142,MATH 18,A03,083745,Cinel; Cameron Alexander,8,0,30,22
1656676890142,MATH 18,B01,083748,Rideout; David Porter,2,0,37,35
1656676890142,MATH 18,B02,083749,Rideout; David Porter,2,0,36,34
1656676890142,MATH 18,B03,083750,Rideout; David Porter,1,0,37,36
1656676890142,MATH 18,B04,083751,Rideout; David Porter,4,0,36,32
1656676890142,MATH 18,B05,093473,Rideout; David Porter,4,0,36,32
1656676890142,MATH 18,B06,093474,Rideout; David Porter,4,0,36,32
1656676896170,MATH 20A,A01,083754,Zheng; Zequn,12,0,40,28
1656676902219,MATH 20B,A01,083756,Briones; Jor-el Thomas Caparas,1,1,36,35
1656676902219,MATH 20B,A02,083757,Briones; Jor-el Thomas Caparas,0,0,36,36
1656676902219,MATH 20B,A03,093475,Briones; Jor-el Thomas Caparas,2,0,36,34
1656676908264,MATH 20C,A01,083760,Briones; Jor-el Thomas Caparas,0,0,35,35
1656676908264,MATH 20C,A02,083761,Briones; Jor-el Thomas Caparas,9,0,35,26
1656676908264,MATH 20C,A03,093476,Briones; Jor-el Thomas Caparas,0,1,36,36
1656676908264,MATH 20C,B01,083762,Bach; Quang Tran,0,0,30,30
1656676914292,MATH 20D,A01,083765,Tran; Brian Kha,3,0,30,27
1656676914292,MATH 20D,A02,083766,Tran; Brian Kha,2,0,30,28
1656676914292,MATH 20D,A03,083767,Tran; Brian Kha,1,0,30,29
1656676920324,MATH 20E,A01,083771,Ganguly; Soumya,4,0,32,28
1656676920324,MATH 20E,A02,083772,Ganguly; Soumya,3,0,32,29
1656676920324,MATH 20E,B01,083773,Ciotti; Benjamin,18,0,35,17
1656676920324,MATH 20E,B02,083774,Ciotti; Benjamin,18,0,35,17
1656676926362,MATH 103A,A01,083777,Greenfeld; Be'Eri,2,0,36,34
1656676926362,MATH 103A,A02,083778,Greenfeld; Be'Eri,5,0,36,31
1656676926362,MATH 103A,A03,093561,Greenfeld; Be'Eri,4,0,36,32
1656676926362,MATH 103A,B01,083779,Greenfeld; Be'Eri,6,0,36,30
1656676926362,MATH 103A,B02,083780,Greenfeld; Be'Eri,1,0,36,35
1656676926362,MATH 103A,B03,093562,Greenfeld; Be'Eri,2,0,36,34
1656676932394,MATH 105,A01,085443,Carter; Anne Toulson,13,0,35,22
1656676932394,MATH 105,A02,093477,Carter; Anne Toulson,20,0,35,15
1656676938422,MATH 109,A01,083213,Ganzberger; Geoffrey Michael,0,0,34,34
1656676938422,MATH 109,A02,083214,Ganzberger; Geoffrey Michael,1,0,34,33
1656676938422,MATH 109,A03,093478,Ganzberger; Geoffrey Michael,2,0,34,32
1656676938422,MATH 109,B01,083215,Ganzberger; Geoffrey Michael,1,0,32,31
1656676938422,MATH 109,B02,083216,Ganzberger; Geoffrey Michael,2,0,32,30
1656676938422,MATH 109,B03,093479,Ganzberger; Geoffrey Michael,6,0,32,26
1656676944458,MATH 142A,A01,083219,Chow; Bennett,3,0,32,29
1656676944458,MATH 142A,A02,083220,Chow; Bennett,9,0,32,23
1656676944458,MATH 142A,A03,093480,Chow; Bennett,6,0,32,26
1656676944458,MATH 142A,B03,093481,Chow; Bennett,5,0,32,27
1656676944458,MATH 142A,B04,093558,Chow; Bennett,10,0,32,22
1656676944458,MATH 142A,B05,093559,Chow; Bennett,4,0,32,28
1656676950492,MATH 193A,A01,083224,Rotar; Vladimir,3,0,34,31
1656676950492,MATH 193A,A02,083225,Rotar; Vladimir,2,0,34,32
1656676950492,MATH 193A,A03,083781,Rotar; Vladimir,0,0,34,34
1656676950492,MATH 193A,A04,083782,Rotar; Vladimir,4,0,34,30
1656676950492,MATH 193A,A05,093482,Rotar; Vladimir,5,0,34,29
1656676956519,MATH 197,001,091859,McAuley; Julian John,9999,0,9999,0
1656676956519,MATH 197,002,095566,Kedlaya; Kiran S.,9997,0,9999,2
1656676956519,MATH 197,003,095567,Xiao; Ming,9999,0,9999,0
1656676956519,MATH 197,004,095571,Perols; Johan Lars,9998,0,9999,1
1656676963589,COGS 9,A01,083615,Shannon; Kyle Michael,5,0,75,70
1656676969627,COGS 11,A01,083617,Boyle; Mary E. T.,17,0,48,31
1656676975660,COGS 13,A01,083071,Bastos; Amalia Pinkusfeld,6,0,71,65
1656676981691,COGS 14A,A01,092681,Semenuks; Arturs,0,3,100,100
1656676987719,COGS 14B,A01,083073,Cheng; Tzu-Han,3,0,63,60
1656676993749,COGS 17,A01,092677,Semenuks; Arturs,4,0,81,77
1656676999785,COGS 100,A01,083619,Allen; Michael Gordon,13,0,70,57
1656677005820,COGS 101A,A01,083621,Davis; Joshua Daniel,10,0,68,58
1656677011847,COGS 101B,A01,091572,Allen; Michael Gordon,3,0,65,62
1656677017874,COGS 101C,A01,083625,Delgado; Tania,17,0,35,18
1656677023902,COGS 107A,A01,083627,Boyle; Mary E. T.,11,0,60,49
1656677029931,COGS 118A,A01,083075,Gupta; Anjum,13,0,76,63
1656677035963,CSE 3,A50,083646,Miranda; Gregory Joseph,22,0,50,28
1656677041996,CSE 8A,A50,083650,Miranda; Gregory Joseph,16,1,56,40
1656677048024,CSE 11,A01,083080,Cao; Yingjun,2,17,40,38
1656677054057,CSE 12,A01,083652,Krause-Levy; Sophia Louisa,19,1,120,101
1656677060088,CSE 15L,A01,083654,Morris; Justin Loren,8,0,50,42
1656677060088,CSE 15L,A02,083655,Morris; Justin Loren,8,0,50,42
1656677066119,CSE 20,A01,083657,Tran; Khoa Dang,35,0,80,45
1656677072148,CSE 21,A01,095574,Bach; Quang Tran,21,0,48,27
1656677078186,CSE 30,A01,083084,Eldon; John,5,0,80,75
1656677078186,CSE 30,B01,095061,Bhaskar; Nishant,3,0,50,47
1656677084215,CSE 100,A01,083659,Cao; Yingjun,1,6,70,69
1656677090245,CSE 134B,A01,083661,Powell; Thomas Allan,17,0,100,83
1656677096275,CSE 140,A01,083663,Gungor; Onat,14,0,85,71
1656677102313,CSE 140L,A01,083088,Eldon; John,16,0,100,84
1656677108341,CSE 175,A01,083665,Kumar; Rakesh,3,0,25,22
1656677114371,CSE 190,A00,092507,Dubnov; Shlomo,5,0,20,15
1656677120405,ECE 45,A01,083139,Congero; Spencer William,5,0,75,70
1656677126444,ECE 65,A50,083695,Saad; Andrew S,12,0,30,18
1656677126444,ECE 65,A51,095125,Saad; Andrew S,25,0,26,1
1656677132472,ECE 109,A01,091882,Touri; Behrouz,11,0,70,59
1656677138505,ECE 180,A00,083140,Abi Samra; Nicholas Camill,1,0,30,29
1656677138505,ECE 180,B00,083141,Abi Samra; Nicholas Camill,0,0,30,30
1656677144532,MATH 10A,A01,083735,Patchell; Gregory David,0,0,30,30
1656677144532,MATH 10A,A02,083736,Patchell; Gregory David,20,0,30,10
1656677144532,MATH 10A,A03,083737,Patchell; Gregory David,16,0,30,14
1656677150566,MATH 10B,A01,083207,Lim; Seonhee,7,0,34,27
1656677150566,MATH 10B,A02,083208,Lim; Seonhee,9,0,35,26
1656677150566,MATH 10B,A03,093472,Lim; Seonhee,3,0,34,31
1656677150566,MATH 10B,B01,083739,Sinha; Shubham,9,0,30,21
1656677156606,MATH 18,A01,083743,Cinel; Cameron Alexander,6,0,30,24
1656677156606,MATH 18,A02,083744,Cinel; Cameron Alexander,14,0,30,16
1656677156606,MATH 18,A03,083745,Cinel; Cameron Alexander,8,0,30,22
1656677156606,MATH 18,B01,083748,Rideout; David Porter,2,0,37,35
1656677156606,MATH 18,B02,083749,Rideout; David Porter,2,0,36,34
1656677156606,MATH 18,B03,083750,Rideout; David Porter,1,0,37,36
1656677156606,MATH 18,B04,083751,Rideout; David Porter,4,0,36,32
1656677156606,MATH 18,B05,093473,Rideout; David Porter,4,0,36,32
1656677156606,MATH 18,B06,093474,Rideout; David Porter,4,0,36,32
1656677162633,MATH 20A,A01,083754,Zheng; Zequn,12,0,40,28
1656677168661,MATH 20B,A01,083756,Briones; Jor-el Thomas Caparas,1,1,36,35
1656677168661,MATH 20B,A02,083757,Briones; Jor-el Thomas Caparas,0,0,36,36
1656677168661,MATH 20B,A03,093475,Briones; Jor-el Thomas Caparas,2,0,36,34
1656677174699,MATH 20C,A01,083760,Briones; Jor-el Thomas Caparas,0,0,35,35
1656677174699,MATH 20C,A02,083761,Briones; Jor-el Thomas Caparas,9,0,35,26
1656677174699,MATH 20C,A03,093476,Briones; Jor-el Thomas Caparas,0,1,36,36
1656677174699,MATH 20C,B01,083762,Bach; Quang Tran,0,0,30,30
1656677180726,MATH 20D,A01,083765,Tran; Brian Kha,3,0,30,27
1656677180726,MATH 20D,A02,083766,Tran; Brian Kha,2,0,30,28
1656677180726,MATH 20D,A03,083767,Tran; Brian Kha,1,0,30,29
1656677186772,MATH 20E,A01,083771,Ganguly; Soumya,4,0,32,28
1656677186772,MATH 20E,A02,083772,Ganguly; Soumya,3,0,32,29
1656677186772,MATH 20E,B01,083773,Ciotti; Benjamin,18,0,35,17
1656677186772,MATH 20E,B02,083774,Ciotti; Benjamin,18,0,35,17
1656677192831,MATH 103A,A01,083777,Greenfeld; Be'Eri,2,0,36,34
1656677192831,MATH 103A,A02,083778,Greenfeld; Be'Eri,5,0,36,31
1656677192831,MATH 103A,A03,093561,Greenfeld; Be'Eri,4,0,36,32
1656677192831,MATH 103A,B01,083779,Greenfeld; Be'Eri,6,0,36,30
1656677192831,MATH 103A,B02,083780,Greenfeld; Be'Eri,1,0,36,35
1656677192831,MATH 103A,B03,093562,Greenfeld; Be'Eri,2,0,36,34
1656677198864,MATH 105,A01,085443,Carter; Anne Toulson,13,0,35,22
1656677198864,MATH 105,A02,093477,Carter; Anne Toulson,20,0,35,15
1656677204898,MATH 109,A01,083213,Ganzberger; Geoffrey Michael,0,0,34,34
1656677204898,MATH 109,A02,083214,Ganzberger; Geoffrey Michael,1,0,34,33
1656677204898,MATH 109,A03,093478,Ganzberger; Geoffrey Michael,2,0,34,32
1656677204898,MATH 109,B01,083215,Ganzberger; Geoffrey Michael,1,0,32,31
1656677204898,MATH 109,B02,083216,Ganzberger; Geoffrey Michael,2,0,32,30
1656677204898,MATH 109,B03,093479,Ganzberger; Geoffrey Michael,6,0,32,26
1656677210935,MATH 142A,A01,083219,Chow; Bennett,3,0,32,29
1656677210935,MATH 142A,A02,083220,Chow; Bennett,9,0,32,23
1656677210935,MATH 142A,A03,093480,Chow; Bennett,6,0,32,26
1656677210935,MATH 142A,B03,093481,Chow; Bennett,5,0,32,27
1656677210935,MATH 142A,B04,093558,Chow; Bennett,10,0,32,22
1656677210935,MATH 142A,B05,093559,Chow; Bennett,4,0,32,28
1656677216963,MATH 193A,A01,083224,Rotar; Vladimir,3,0,34,31
1656677216963,MATH 193A,A02,083225,Rotar; Vladimir,2,0,34,32
1656677216963,MATH 193A,A03,083781,Rotar; Vladimir,0,0,34,34
1656677216963,MATH 193A,A04,083782,Rotar; Vladimir,4,0,34,30
1656677216963,MATH 193A,A05,093482,Rotar; Vladimir,5,0,34,29
1656677222991,MATH 197,001,091859,McAuley; Julian John,9999,0,9999,0
1656677222991,MATH 197,002,095566,Kedlaya; Kiran S.,9997,0,9999,2
1656677222991,MATH 197,003,095567,Xiao; Ming,9999,0,9999,0
1656677222991,MATH 197,004,095571,Perols; Johan Lars,9998,0,9999,1
1656677230086,COGS 9,A01,083615,Shannon; Kyle Michael,5,0,75,70
1656677236127,COGS 11,A01,083617,Boyle; Mary E. T.,17,0,48,31
1656677242163,COGS 13,A01,083071,Bastos; Amalia Pinkusfeld,6,0,71,65
1656677248193,COGS 14A,A01,092681,Semenuks; Arturs,0,3,100,100
1656677254218,COGS 14B,A01,083073,Cheng; Tzu-Han,3,0,63,60
1656677260247,COGS 17,A01,092677,Semenuks; Arturs,4,0,81,77
1656677266355,COGS 100,A01,083619,Allen; Michael Gordon,13,0,70,57
1656677272388,COGS 101A,A01,083621,Davis; Joshua Daniel,10,0,68,58
1656677278416,COGS 101B,A01,091572,Allen; Michael Gordon,3,0,65,62
1656677284447,COGS 101C,A01,083625,Delgado; Tania,17,0,35,18
1656677290473,COGS 107A,A01,083627,Boyle; Mary E. T.,11,0,60,49
1656677296496,COGS 118A,A01,083075,Gupta; Anjum,13,0,76,63
1656677302526,CSE 3,A50,083646,Miranda; Gregory Joseph,22,0,50,28
1656677308557,CSE 8A,A50,083650,Miranda; Gregory Joseph,16,1,56,40
1656677314583,CSE 11,A01,083080,Cao; Yingjun,2,17,40,38
1656677320611,CSE 12,A01,083652,Krause-Levy; Sophia Louisa,19,1,120,101
1656677326640,CSE 15L,A01,083654,Morris; Justin Loren,8,0,50,42
1656677326640,CSE 15L,A02,083655,Morris; Justin Loren,8,0,50,42
1656677332665,CSE 20,A01,083657,Tran; Khoa Dang,35,0,80,45
1656677338694,CSE 21,A01,095574,Bach; Quang Tran,21,0,48,27
1656677344723,CSE 30,A01,083084,Eldon; John,5,0,80,75
1656677344723,CSE 30,B01,095061,Bhaskar; Nishant,3,0,50,47
1656677350750,CSE 100,A01,083659,Cao; Yingjun,1,6,70,69
1656677356782,CSE 134B,A01,083661,Powell; Thomas Allan,17,0,100,83
1656677362808,CSE 140,A01,083663,Gungor; Onat,14,0,85,71
1656677368848,CSE 140L,A01,083088,Eldon; John,16,0,100,84
1656677374874,CSE 175,A01,083665,Kumar; Rakesh,3,0,25,22
1656677380923,CSE 190,A00,092507,Dubnov; Shlomo,5,0,20,15
1656677386958,ECE 45,A01,083139,Congero; Spencer William,5,0,75,70
1656677392995,ECE 65,A50,083695,Saad; Andrew S,12,0,30,18
1656677392995,ECE 65,A51,095125,Saad; Andrew S,25,0,26,1
1656677399021,ECE 109,A01,091882,Touri; Behrouz,11,0,70,59
1656677405053,ECE 180,A00,083140,Abi Samra; Nicholas Camill,1,0,30,29
1656677405053,ECE 180,B00,083141,Abi Samra; Nicholas Camill,0,0,30,30
1656677411090,MATH 10A,A01,083735,Patchell; Gregory David,0,0,30,30
1656677411090,MATH 10A,A02,083736,Patchell; Gregory David,20,0,30,10
1656677411090,MATH 10A,A03,083737,Patchell; Gregory David,16,0,30,14
1656677417131,MATH 10B,A01,083207,Lim; Seonhee,7,0,34,27
1656677417131,MATH 10B,A02,083208,Lim; Seonhee,9,0,35,26
1656677417131,MATH 10B,A03,093472,Lim; Seonhee,3,0,34,31
1656677417131,MATH 10B,B01,083739,Sinha; Shubham,9,0,30,21
1656677423180,MATH 18,A01,083743,Cinel; Cameron Alexander,6,0,30,24
1656677423180,MATH 18,A02,083744,Cinel; Cameron Alexander,14,0,30,16
1656677423180,MATH 18,A03,083745,Cinel; Cameron Alexander,8,0,30,22
1656677423180,MATH 18,B01,083748,Rideout; David Porter,2,0,37,35
1656677423180,MATH 18,B02,083749,Rideout; David Porter,2,0,36,34
1656677423180,MATH 18,B03,083750,Rideout; David Porter,1,0,37,36
1656677423180,MATH 18,B04,083751,Rideout; David Porter,4,0,36,32
1656677423180,MATH 18,B05,093473,Rideout; David Porter,4,0,36,32
1656677423180,MATH 18,B06,093474,Rideout; David Porter,4,0,36,32
1656677429215,MATH 20A,A01,083754,Zheng; Zequn,12,0,40,28
1656677435252,MATH 20B,A01,083756,Briones; Jor-el Thomas Caparas,1,1,36,35
1656677435252,MATH 20B,A02,083757,Briones; Jor-el Thomas Caparas,0,0,36,36
1656677435252,MATH 20B,A03,093475,Briones; Jor-el Thomas Caparas,2,0,36,34
1656677441293,MATH 20C,A01,083760,Briones; Jor-el Thomas Caparas,0,0,35,35
1656677441293,MATH 20C,A02,083761,Briones; Jor-el Thomas Caparas,9,0,35,26
1656677441293,MATH 20C,A03,093476,Briones; Jor-el Thomas Caparas,0,1,36,36
1656677441293,MATH 20C,B01,083762,Bach; Quang Tran,0,0,30,30
1656677447326,MATH 20D,A01,083765,Tran; Brian Kha,3,0,30,27
1656677447326,MATH 20D,A02,083766,Tran; Brian Kha,2,0,30,28
1656677447326,MATH 20D,A03,083767,Tran; Brian Kha,1,0,30,29
1656677453356,MATH 20E,A01,083771,Ganguly; Soumya,4,0,32,28
1656677453356,MATH 20E,A02,083772,Ganguly; Soumya,3,0,32,29
1656677453356,MATH 20E,B01,083773,Ciotti; Benjamin,18,0,35,17
1656677453356,MATH 20E,B02,083774,Ciotti; Benjamin,18,0,35,17
1656677459385,MATH 103A,A01,083777,Greenfeld; Be'Eri,2,0,36,34
1656677459385,MATH 103A,A02,083778,Greenfeld; Be'Eri,5,0,36,31
1656677459385,MATH 103A,A03,093561,Greenfeld; Be'Eri,4,0,36,32
1656677459385,MATH 103A,B01,083779,Greenfeld; Be'Eri,6,0,36,30
1656677459385,MATH 103A,B02,083780,Greenfeld; Be'Eri,1,0,36,35
1656677459385,MATH 103A,B03,093562,Greenfeld; Be'Eri,2,0,36,34
1656677465415,MATH 105,A01,085443,Carter; Anne Toulson,13,0,35,22
1656677465415,MATH 105,A02,093477,Carter; Anne Toulson,20,0,35,15
1656677471442,MATH 109,A01,083213,Ganzberger; Geoffrey Michael,0,0,34,34
1656677471442,MATH 109,A02,083214,Ganzberger; Geoffrey Michael,1,0,34,33
1656677471442,MATH 109,A03,093478,Ganzberger; Geoffrey Michael,2,0,34,32
1656677471442,MATH 109,B01,083215,Ganzberger; Geoffrey Michael,1,0,32,31
1656677471442,MATH 109,B02,083216,Ganzberger; Geoffrey Michael,2,0,32,30
1656677471442,MATH 109,B03,093479,Ganzberger; Geoffrey Michael,6,0,32,26
1656677477473,MATH 142A,A01,083219,Chow; Bennett,3,0,32,29
1656677477473,MATH 142A,A02,083220,Chow; Bennett,9,0,32,23
1656677477473,MATH 142A,A03,093480,Chow; Bennett,6,0,32,26
1656677477473,MATH 142A,B03,093481,Chow; Bennett,5,0,32,27
1656677477473,MATH 142A,B04,093558,Chow; Bennett,10,0,32,22
1656677477473,MATH 142A,B05,093559,Chow; Bennett,4,0,32,28
1656677483507,MATH 193A,A01,083224,Rotar; Vladimir,3,0,34,31
1656677483507,MATH 193A,A02,083225,Rotar; Vladimir,2,0,34,32
1656677483507,MATH 193A,A03,083781,Rotar; Vladimir,0,0,34,34
1656677483507,MATH 193A,A04,083782,Rotar; Vladimir,4,0,34,30
1656677483507,MATH 193A,A05,093482,Rotar; Vladimir,5,0,34,29
1656677489541,MATH 197,001,091859,McAuley; Julian John,9999,0,9999,0
1656677489541,MATH 197,002,095566,Kedlaya; Kiran S.,9997,0,9999,2
1656677489541,MATH 197,003,095567,Xiao; Ming,9999,0,9999,0
1656677489541,MATH 197,004,095571,Perols; Johan Lars,9998,0,9999,1
1656677496613,COGS 9,A01,083615,Shannon; Kyle Michael,5,0,75,70
1656677502659,COGS 11,A01,083617,Boyle; Mary E. T.,17,0,48,31
1656677508688,COGS 13,A01,083071,Bastos; Amalia Pinkusfeld,6,0,71,65
1656677514715,COGS 14A,A01,092681,Semenuks; Arturs,0,3,100,100
1656677520745,COGS 14B,A01,083073,Cheng; Tzu-Han,3,0,63,60
1656677526791,COGS 17,A01,092677,Semenuks; Arturs,4,0,81,77
1656677532821,COGS 100,A01,083619,Allen; Michael Gordon,13,0,70,57
1656677538848,COGS 101A,A01,083621,Davis; Joshua Daniel,10,0,68,58
1656677544879,COGS 101B,A01,091572,Allen; Michael Gordon,3,0,65,62
1656677550917,COGS 101C,A01,083625,Delgado; Tania,17,0,35,18
1656677556945,COGS 107A,A01,083627,Boyle; Mary E. T.,11,0,60,49
1656677562973,COGS 118A,A01,083075,Gupta; Anjum,13,0,76,63
1656677569003,CSE 3,A50,083646,Miranda; Gregory Joseph,22,0,50,28
1656677575036,CSE 8A,A50,083650,Miranda; Gregory Joseph,16,1,56,40
1656677581064,CSE 11,A01,083080,Cao; Yingjun,2,17,40,38
1656677587096,CSE 12,A01,083652,Krause-Levy; Sophia Louisa,19,1,120,101
1656677593140,CSE 15L,A01,083654,Morris; Justin Loren,8,0,50,42
1656677593140,CSE 15L,A02,083655,Morris; Justin Loren,8,0,50,42
1656677599168,CSE 20,A01,083657,Tran; Khoa Dang,35,0,80,45
1656677605198,CSE 21,A01,095574,Bach; Quang Tran,21,0,48,27
1656677611228,CSE 30,A01,083084,Eldon; John,5,0,80,75
1656677611228,CSE 30,B01,095061,Bhaskar; Nishant,3,0,50,47
1656677617266,CSE 100,A01,083659,Cao; Yingjun,1,6,70,69
1656677623300,CSE 134B,A01,083661,Powell; Thomas Allan,17,0,100,83
1656677629328,CSE 140,A01,083663,Gungor; Onat,14,0,85,71
1656677635355,CSE 140L,A01,083088,Eldon; John,16,0,100,84
1656677641392,CSE 175,A01,083665,Kumar; Rakesh,3,0,25,22
1656677647430,CSE 190,A00,092507,Dubnov; Shlomo,5,0,20,15
1656677653467,ECE 45,A01,083139,Congero; Spencer William,5,0,75,70
1656677659504,ECE 65,A50,083695,Saad; Andrew S,12,0,30,18
1656677659504,ECE 65,A51,095125,Saad; Andrew S,25,0,26,1
1656677665532,ECE 109,A01,091882,Touri; Behrouz,11,0,70,59
1656677671557,ECE 180,A00,083140,Abi Samra; Nicholas Camill,1,0,30,29
1656677671557,ECE 180,B00,083141,Abi Samra; Nicholas Camill,0,0,30,30
1656677677587,MATH 10A,A01,083735,Patchell; Gregory David,0,0,30,30
1656677677587,MATH 10A,A02,083736,Patchell; Gregory David,20,0,30,10
1656677677587,MATH 10A,A03,083737,Patchell; Gregory David,16,0,30,14
1656677683634,MATH 10B,A01,083207,Lim; Seonhee,7,0,34,27
1656677683634,MATH 10B,A02,083208,Lim; Seonhee,9,0,35,26
1656677683634,MATH 10B,A03,093472,Lim; Seonhee,3,0,34,31
1656677683634,MATH 10B,B01,083739,Sinha; Shubham,9,0,30,21
1656677689682,MATH 18,A01,083743,Cinel; Cameron Alexander,6,0,30,24
1656677689682,MATH 18,A02,083744,Cinel; Cameron Alexander,14,0,30,16
1656677689682,MATH 18,A03,083745,Cinel; Cameron Alexander,8,0,30,22
1656677689682,MATH 18,B01,083748,Rideout; David Porter,2,0,37,35
1656677689682,MATH 18,B02,083749,Rideout; David Porter,2,0,36,34
1656677689682,MATH 18,B03,083750,Rideout; David Porter,1,0,37,36
1656677689682,MATH 18,B04,083751,Rideout; David Porter,4,0,36,32
1656677689682,MATH 18,B05,093473,Rideout; David Porter,4,0,36,32
1656677689682,MATH 18,B06,093474,Rideout; David Porter,4,0,36,32
1656677695708,MATH 20A,A01,083754,Zheng; Zequn,12,0,40,28
1656677701736,MATH 20B,A01,083756,Briones; Jor-el Thomas Caparas,1,1,36,35
1656677701736,MATH 20B,A02,083757,Briones; Jor-el Thomas Caparas,0,0,36,36
1656677701736,MATH 20B,A03,093475,Briones; Jor-el Thomas Caparas,2,0,36,34
1656677707763,MATH 20C,A01,083760,Briones; Jor-el Thomas Caparas,0,0,35,35
1656677707763,MATH 20C,A02,083761,Briones; Jor-el Thomas Caparas,9,0,35,26
1656677707763,MATH 20C,A03,093476,Briones; Jor-el Thomas Caparas,0,1,36,36
1656677707763,MATH 20C,B01,083762,Bach; Quang Tran,0,0,30,30
1656677713796,MATH 20D,A01,083765,Tran; Brian Kha,3,0,30,27
1656677713796,MATH 20D,A02,083766,Tran; Brian Kha,2,0,30,28
1656677713796,MATH 20D,A03,083767,Tran; Brian Kha,1,0,30,29
1656677719824,MATH 20E,A01,083771,Ganguly; Soumya,4,0,32,28
1656677719824,MATH 20E,A02,083772,Ganguly; Soumya,3,0,32,29
1656677719824,MATH 20E,B01,083773,Ciotti; Benjamin,18,0,35,17
1656677719824,MATH 20E,B02,083774,Ciotti; Benjamin,18,0,35,17
1656677725854,MATH 103A,A01,083777,Greenfeld; Be'Eri,2,0,36,34
1656677725854,MATH 103A,A02,083778,Greenfeld; Be'Eri,5,0,36,31
1656677725854,MATH 103A,A03,093561,Greenfeld; Be'Eri,4,0,36,32
1656677725854,MATH 103A,B01,083779,Greenfeld; Be'Eri,6,0,36,30
1656677725854,MATH 103A,B02,083780,Greenfeld; Be'Eri,1,0,36,35
1656677725854,MATH 103A,B03,093562,Greenfeld; Be'Eri,2,0,36,34
1656677731883,MATH 105,A01,085443,Carter; Anne Toulson,13,0,35,22
1656677731883,MATH 105,A02,093477,Carter; Anne Toulson,20,0,35,15
1656677737909,MATH 109,A01,083213,Ganzberger; Geoffrey Michael,0,0,34,34
1656677737909,MATH 109,A02,083214,Ganzberger; Geoffrey Michael,1,0,34,33
1656677737909,MATH 109,A03,093478,Ganzberger; Geoffrey Michael,2,0,34,32
1656677737909,MATH 109,B01,083215,Ganzberger; Geoffrey Michael,1,0,32,31
1656677737909,MATH 109,B02,083216,Ganzberger; Geoffrey Michael,2,0,32,30
1656677737909,MATH 109,B03,093479,Ganzberger; Geoffrey Michael,6,0,32,26
1656677743937,MATH 142A,A01,083219,Chow; Bennett,3,0,32,29
1656677743937,MATH 142A,A02,083220,Chow; Bennett,9,0,32,23
1656677743937,MATH 142A,A03,093480,Chow; Bennett,6,0,32,26
1656677743937,MATH 142A,B03,093481,Chow; Bennett,5,0,32,27
1656677743937,MATH 142A,B04,093558,Chow; Bennett,10,0,32,22
1656677743937,MATH 142A,B05,093559,Chow; Bennett,4,0,32,28
1656677749968,MATH 193A,A01,083224,Rotar; Vladimir,3,0,34,31
1656677749968,MATH 193A,A02,083225,Rotar; Vladimir,2,0,34,32
1656677749968,MATH 193A,A03,083781,Rotar; Vladimir,0,0,34,34
1656677749968,MATH 193A,A04,083782,Rotar; Vladimir,4,0,34,30
1656677749968,MATH 193A,A05,093482,Rotar; Vladimir,5,0,34,29
1656677755998,MATH 197,001,091859,McAuley; Julian John,9999,0,9999,0
1656677755998,MATH 197,002,095566,Kedlaya; Kiran S.,9997,0,9999,2
1656677755998,MATH 197,003,095567,Xiao; Ming,9999,0,9999,0
1656677755998,MATH 197,004,095571,Perols; Johan Lars,9998,0,9999,1
1656677763087,COGS 9,A01,083615,Shannon; Kyle Michael,5,0,75,70
1656677769114,COGS 11,A01,083617,Boyle; Mary E. T.,17,0,48,31
1656677775141,COGS 13,A01,083071,Bastos; Amalia Pinkusfeld,6,0,71,65
1656677781172,COGS 14A,A01,092681,Semenuks; Arturs,0,3,100,100
1656677787200,COGS 14B,A01,083073,Cheng; Tzu-Han,3,0,63,60
1656677793227,COGS 17,A01,092677,Semenuks; Arturs,4,0,81,77
1656677799255,COGS 100,A01,083619,Allen; Michael Gordon,13,0,70,57
1656677805283,COGS 101A,A01,083621,Davis; Joshua Daniel,10,0,68,58
1656677811312,COGS 101B,A01,091572,Allen; Michael Gordon,3,0,65,62
1656677817340,COGS 101C,A01,083625,Delgado; Tania,17,0,35,18
1656677823368,COGS 107A,A01,083627,Boyle; Mary E. T.,11,0,60,49
1656677829398,COGS 118A,A01,083075,Gupta; Anjum,13,0,76,63
1656677835434,CSE 3,A50,083646,Miranda; Gregory Joseph,22,0,50,28
1656677841463,CSE 8A,A50,083650,Miranda; Gregory Joseph,16,1,56,40
1656677847503,CSE 11,A01,083080,Cao; Yingjun,2,17,40,38
1656677853531,CSE 12,A01,083652,Krause-Levy; Sophia Louisa,19,1,120,101
1656677859564,CSE 15L,A01,083654,Morris; Justin Loren,8,0,50,42
1656677859564,CSE 15L,A02,083655,Morris; Justin Loren,8,0,50,42
1656677865665,CSE 20,A01,083657,Tran; Khoa Dang,35,0,80,45
1656677871694,CSE 21,A01,095574,Bach; Quang Tran,21,0,48,27
1656677877731,CSE 30,A01,083084,Eldon; John,5,0,80,75
1656677877731,CSE 30,B01,095061,Bhaskar; Nishant,3,0,50,47
1656677883764,CSE 100,A01,083659,Cao; Yingjun,1,6,70,69
1656677889798,CSE 134B,A01,083661,Powell; Thomas Allan,17,0,100,83
1656677895828,CSE 140,A01,083663,Gungor; Onat,14,0,85,71
1656677901859,CSE 140L,A01,083088,Eldon; John,16,0,100,84
1656677907886,CSE 175,A01,083665,Kumar; Rakesh,3,0,25,22
1656677913914,CSE 190,A00,092507,Dubnov; Shlomo,5,0,20,15
1656677919942,ECE 45,A01,083139,Congero; Spencer William,5,0,75,70
1656677925971,ECE 65,A50,083695,Saad; Andrew S,12,0,30,18
1656677925971,ECE 65,A51,095125,Saad; Andrew S,25,0,26,1
1656677931999,ECE 109,A01,091882,Touri; Behrouz,11,0,70,59
1656677938030,ECE 180,A00,083140,Abi Samra; Nicholas Camill,1,0,30,29
1656677938030,ECE 180,B00,083141,Abi Samra; Nicholas Camill,0,0,30,30
1656677944068,MATH 10A,A01,083735,Patchell; Gregory David,0,0,30,30
1656677944068,MATH 10A,A02,083736,Patchell; Gregory David,20,0,30,10
1656677944068,MATH 10A,A03,083737,Patchell; Gregory David,16,0,30,14
1656677950099,MATH 10B,A01,083207,Lim; Seonhee,7,0,34,27
1656677950099,MATH 10B,A02,083208,Lim; Seonhee,9,0,35,26
1656677950099,MATH 10B,A03,093472,Lim; Seonhee,3,0,34,31
1656677950099,MATH 10B,B01,083739,Sinha; Shubham,9,0,30,21
1656677956132,MATH 18,A01,083743,Cinel; Cameron Alexander,6,0,30,24
1656677956132,MATH 18,A02,083744,Cinel; Cameron Alexander,14,0,30,16
1656677956132,MATH 18,A03,083745,Cinel; Cameron Alexander,8,0,30,22
1656677956132,MATH 18,B01,083748,Rideout; David Porter,2,0,37,35
1656677956132,MATH 18,B02,083749,Rideout; David Porter,2,0,36,34
1656677956132,MATH 18,B03,083750,Rideout; David Porter,1,0,37,36
1656677956132,MATH 18,B04,083751,Rideout; David Porter,4,0,36,32
1656677956132,MATH 18,B05,093473,Rideout; David Porter,4,0,36,32
1656677956132,MATH 18,B06,093474,Rideout; David Porter,4,0,36,32
1656677962163,MATH 20A,A01,083754,Zheng; Zequn,12,0,40,28
1656677968192,MATH 20B,A01,083756,Briones; Jor-el Thomas Caparas,1,1,36,35
1656677968192,MATH 20B,A02,083757,Briones; Jor-el Thomas Caparas,0,0,36,36
1656677968192,MATH 20B,A03,093475,Briones; Jor-el Thomas Caparas,2,0,36,34
1656677974220,MATH 20C,A01,083760,Briones; Jor-el Thomas Caparas,0,0,35,35
1656677974220,MATH 20C,A02,083761,Briones; Jor-el Thomas Caparas,9,0,35,26
1656677974220,MATH 20C,A03,093476,Briones; Jor-el Thomas Caparas,0,1,36,36
1656677974220,MATH 20C,B01,083762,Bach; Quang Tran,0,0,30,30
1656677980255,MATH 20D,A01,083765,Tran; Brian Kha,3,0,30,27
1656677980255,MATH 20D,A02,083766,Tran; Brian Kha,2,0,30,28
1656677980255,MATH 20D,A03,083767,Tran; Brian Kha,1,0,30,29
1656677986295,MATH 20E,A01,083771,Ganguly; Soumya,4,0,32,28
1656677986295,MATH 20E,A02,083772,Ganguly; Soumya,3,0,32,29
1656677986295,MATH 20E,B01,083773,Ciotti; Benjamin,18,0,35,17
1656677986295,MATH 20E,B02,083774,Ciotti; Benjamin,18,0,35,17
1656677992326,MATH 103A,A01,083777,Greenfeld; Be'Eri,2,0,36,34
1656677992326,MATH 103A,A02,083778,Greenfeld; Be'Eri,5,0,36,31
1656677992326,MATH 103A,A03,093561,Greenfeld; Be'Eri,4,0,36,32
1656677992326,MATH 103A,B01,083779,Greenfeld; Be'Eri,6,0,36,30
1656677992326,MATH 103A,B02,083780,Greenfeld; Be'Eri,1,0,36,35
1656677992326,MATH 103A,B03,093562,Greenfeld; Be'Eri,2,0,36,34
1656677998355,MATH 105,A01,085443,Carter; Anne Toulson,13,0,35,22
1656677998355,MATH 105,A02,093477,Carter; Anne Toulson,20,0,35,15
1656678004384,MATH 109,A01,083213,Ganzberger; Geoffrey Michael,0,0,34,34
1656678004384,MATH 109,A02,083214,Ganzberger; Geoffrey Michael,1,0,34,33
1656678004384,MATH 109,A03,093478,Ganzberger; Geoffrey Michael,2,0,34,32
1656678004384,MATH 109,B01,083215,Ganzberger; Geoffrey Michael,1,0,32,31
1656678004384,MATH 109,B02,083216,Ganzberger; Geoffrey Michael,2,0,32,30
1656678004384,MATH 109,B03,093479,Ganzberger; Geoffrey Michael,6,0,32,26
1656678010423,MATH 142A,A01,083219,Chow; Bennett,3,0,32,29
1656678010423,MATH 142A,A02,083220,Chow; Bennett,9,0,32,23
1656678010423,MATH 142A,A03,093480,Chow; Bennett,6,0,32,26
1656678010423,MATH 142A,B03,093481,Chow; Bennett,5,0,32,27
1656678010423,MATH 142A,B04,093558,Chow; Bennett,10,0,32,22
1656678010423,MATH 142A,B05,093559,Chow; Bennett,4,0,32,28
1656678016450,MATH 193A,A01,083224,Rotar; Vladimir,3,0,34,31
1656678016450,MATH 193A,A02,083225,Rotar; Vladimir,2,0,34,32
1656678016450,MATH 193A,A03,083781,Rotar; Vladimir,0,0,34,34
1656678016450,MATH 193A,A04,083782,Rotar; Vladimir,4,0,34,30
1656678016450,MATH 193A,A05,093482,Rotar; Vladimir,5,0,34,29
1656678022484,MATH 197,001,091859,McAuley; Julian John,9999,0,9999,0
1656678022484,MATH 197,002,095566,Kedlaya; Kiran S.,9997,0,9999,2
1656678022484,MATH 197,003,095567,Xiao; Ming,9999,0,9999,0
1656678022484,MATH 197,004,095571,Perols; Johan Lars,9998,0,9999,1
1656678029579,COGS 9,A01,083615,Shannon; Kyle Michael,5,0,75,70
1656678035605,COGS 11,A01,083617,Boyle; Mary E. T.,17,0,48,31
1656678041638,COGS 13,A01,083071,Bastos; Amalia Pinkusfeld,6,0,71,65
1656678047666,COGS 14A,A01,092681,Semenuks; Arturs,0,3,100,100
1656678053697,COGS 14B,A01,083073,Cheng; Tzu-Han,3,0,63,60
1656678059724,COGS 17,A01,092677,Semenuks; Arturs,4,0,81,77
1656678065757,COGS 100,A01,083619,Allen; Michael Gordon,13,0,70,57
1656678071800,COGS 101A,A01,083621,Davis; Joshua Daniel,10,0,68,58
1656678077825,COGS 101B,A01,091572,Allen; Michael Gordon,3,0,65,62
1656678083856,COGS 101C,A01,083625,Delgado; Tania,17,0,35,18
1656678089882,COGS 107A,A01,083627,Boyle; Mary E. T.,11,0,60,49
1656678095908,COGS 118A,A01,083075,Gupta; Anjum,13,0,76,63
1656678101945,CSE 3,A50,083646,Miranda; Gregory Joseph,22,0,50,28
1656678107976,CSE 8A,A50,083650,Miranda; Gregory Joseph,16,1,56,40
1656678114003,CSE 11,A01,083080,Cao; Yingjun,2,17,40,38
1656678120035,CSE 12,A01,083652,Krause-Levy; Sophia Louisa,19,1,120,101
1656678126063,CSE 15L,A01,083654,Morris; Justin Loren,8,0,50,42
1656678126063,CSE 15L,A02,083655,Morris; Justin Loren,8,0,50,42
1656678132090,CSE 20,A01,083657,Tran; Khoa Dang,35,0,80,45
1656678138122,CSE 21,A01,095574,Bach; Quang Tran,21,0,48,27
1656678144153,CSE 30,A01,083084,Eldon; John,5,0,80,75
1656678144153,CSE 30,B01,095061,Bhaskar; Nishant,3,0,50,47
1656678150185,CSE 100,A01,083659,Cao; Yingjun,1,6,70,69
1656678156213,CSE 134B,A01,083661,Powell; Thomas Allan,17,0,100,83
1656678162250,CSE 140,A01,083663,Gungor; Onat,14,0,85,71
1656678168280,CSE 140L,A01,083088,Eldon; John,16,0,100,84
1656678174307,CSE 175,A01,083665,Kumar; Rakesh,3,0,25,22
1656678180337,CSE 190,A00,092507,Dubnov; Shlomo,5,0,20,15
1656678186375,ECE 45,A01,083139,Congero; Spencer William,5,0,75,70
1656678192403,ECE 65,A50,083695,Saad; Andrew S,12,0,30,18
1656678192403,ECE 65,A51,095125,Saad; Andrew S,25,0,26,1
1656678198436,ECE 109,A01,091882,Touri; Behrouz,11,0,70,59
1656678204462,ECE 180,A00,083140,Abi Samra; Nicholas Camill,1,0,30,29
1656678204462,ECE 180,B00,083141,Abi Samra; Nicholas Camill,0,0,30,30
1656678210496,MATH 10A,A01,083735,Patchell; Gregory David,0,0,30,30
1656678210496,MATH 10A,A02,083736,Patchell; Gregory David,20,0,30,10
1656678210496,MATH 10A,A03,083737,Patchell; Gregory David,16,0,30,14
1656678216525,MATH 10B,A01,083207,Lim; Seonhee,7,0,34,27
1656678216525,MATH 10B,A02,083208,Lim; Seonhee,9,0,35,26
1656678216525,MATH 10B,A03,093472,Lim; Seonhee,3,0,34,31
1656678216525,MATH 10B,B01,083739,Sinha; Shubham,9,0,30,21
1656678222564,MATH 18,A01,083743,Cinel; Cameron Alexander,6,0,30,24
1656678222564,MATH 18,A02,083744,Cinel; Cameron Alexander,14,0,30,16
1656678222564,MATH 18,A03,083745,Cinel; Cameron Alexander,8,0,30,22
1656678222564,MATH 18,B01,083748,Rideout; David Porter,2,0,37,35
1656678222564,MATH 18,B02,083749,Rideout; David Porter,2,0,36,34
1656678222564,MATH 18,B03,083750,Rideout; David Porter,1,0,37,36
1656678222564,MATH 18,B04,083751,Rideout; David Porter,4,0,36,32
1656678222564,MATH 18,B05,093473,Rideout; David Porter,4,0,36,32
1656678222564,MATH 18,B06,093474,Rideout; David Porter,4,0,36,32
1656678228603,MATH 20A,A01,083754,Zheng; Zequn,12,0,40,28
1656678234631,MATH 20B,A01,083756,Briones; Jor-el Thomas Caparas,1,1,36,35
1656678234631,MATH 20B,A02,083757,Briones; Jor-el Thomas Caparas,0,0,36,36
1656678234631,MATH 20B,A03,093475,Briones; Jor-el Thomas Caparas,2,0,36,34
1656678240657,MATH 20C,A01,083760,Briones; Jor-el Thomas Caparas,0,0,35,35
1656678240657,MATH 20C,A02,083761,Briones; Jor-el Thomas Caparas,9,0,35,26
1656678240657,MATH 20C,A03,093476,Briones; Jor-el Thomas Caparas,0,1,36,36
1656678240657,MATH 20C,B01,083762,Bach; Quang Tran,0,0,30,30
1656678246683,MATH 20D,A01,083765,Tran; Brian Kha,3,0,30,27
1656678246683,MATH 20D,A02,083766,Tran; Brian Kha,2,0,30,28
1656678246683,MATH 20D,A03,083767,Tran; Brian Kha,1,0,30,29
1656678252712,MATH 20E,A01,083771,Ganguly; Soumya,4,0,32,28
1656678252712,MATH 20E,A02,083772,Ganguly; Soumya,3,0,32,29
1656678252712,MATH 20E,B01,083773,Ciotti; Benjamin,18,0,35,17
1656678252712,MATH 20E,B02,083774,Ciotti; Benjamin,18,0,35,17
1656678258741,MATH 103A,A01,083777,Greenfeld; Be'Eri,2,0,36,34
1656678258741,MATH 103A,A02,083778,Greenfeld; Be'Eri,5,0,36,31
1656678258741,MATH 103A,A03,093561,Greenfeld; Be'Eri,4,0,36,32
1656678258741,MATH 103A,B01,083779,Greenfeld; Be'Eri,6,0,36,30
1656678258741,MATH 103A,B02,083780,Greenfeld; Be'Eri,1,0,36,35
1656678258741,MATH 103A,B03,093562,Greenfeld; Be'Eri,2,0,36,34
1656678264769,MATH 105,A01,085443,Carter; Anne Toulson,13,0,35,22
1656678264769,MATH 105,A02,093477,Carter; Anne Toulson,20,0,35,15
1656678270800,MATH 109,A01,083213,Ganzberger; Geoffrey Michael,0,0,34,34
1656678270800,MATH 109,A02,083214,Ganzberger; Geoffrey Michael,1,0,34,33
1656678270800,MATH 109,A03,093478,Ganzberger; Geoffrey Michael,2,0,34,32
1656678270800,MATH 109,B01,083215,Ganzberger; Geoffrey Michael,1,0,32,31
1656678270800,MATH 109,B02,083216,Ganzberger; Geoffrey Michael,2,0,32,30
1656678270800,MATH 109,B03,093479,Ganzberger; Geoffrey Michael,6,0,32,26
1656678276829,MATH 142A,A01,083219,Chow; Bennett,3,0,32,29
1656678276829,MATH 142A,A02,083220,Chow; Bennett,9,0,32,23
1656678276829,MATH 142A,A03,093480,Chow; Bennett,6,0,32,26
1656678276829,MATH 142A,B03,093481,Chow; Bennett,5,0,32,27
1656678276829,MATH 142A,B04,093558,Chow; Bennett,10,0,32,22
1656678276829,MATH 142A,B05,093559,Chow; Bennett,4,0,32,28
1656678282857,MATH 193A,A01,083224,Rotar; Vladimir,3,0,34,31
1656678282857,MATH 193A,A02,083225,Rotar; Vladimir,2,0,34,32
1656678282857,MATH 193A,A03,083781,Rotar; Vladimir,0,0,34,34
1656678282857,MATH 193A,A04,083782,Rotar; Vladimir,4,0,34,30
1656678282857,MATH 193A,A05,093482,Rotar; Vladimir,5,0,34,29
1656678288886,MATH 197,001,091859,McAuley; Julian John,9999,0,9999,0
1656678288886,MATH 197,002,095566,Kedlaya; Kiran S.,9997,0,9999,2
1656678288886,MATH 197,003,095567,Xiao; Ming,9999,0,9999,0
1656678288886,MATH 197,004,095571,Perols; Johan Lars,9998,0,9999,1
1656678295961,COGS 9,A01,083615,Shannon; Kyle Michael,5,0,75,70
1656678301998,COGS 11,A01,083617,Boyle; Mary E. T.,17,0,48,31
1656678308027,COGS 13,A01,083071,Bastos; Amalia Pinkusfeld,6,0,71,65
1656678314053,COGS 14A,A01,092681,Semenuks; Arturs,0,3,100,100
1656678320087,COGS 14B,A01,083073,Cheng; Tzu-Han,3,0,63,60
1656678326113,COGS 17,A01,092677,Semenuks; Arturs,4,0,81,77
1656678332145,COGS 100,A01,083619,Allen; Michael Gordon,13,0,70,57
1656678338176,COGS 101A,A01,083621,Davis; Joshua Daniel,10,0,68,58
1656678344206,COGS 101B,A01,091572,Allen; Michael Gordon,3,0,65,62
1656678350239,COGS 101C,A01,083625,Delgado; Tania,17,0,35,18
1656678356274,COGS 107A,A01,083627,Boyle; Mary E. T.,11,0,60,49
1656678362300,COGS 118A,A01,083075,Gupta; Anjum,13,0,76,63
1656678368325,CSE 3,A50,083646,Miranda; Gregory Joseph,22,0,50,28
1656678374364,CSE 8A,A50,083650,Miranda; Gregory Joseph,16,1,56,40
1656678380394,CSE 11,A01,083080,Cao; Yingjun,2,17,40,38
1656678386424,CSE 12,A01,083652,Krause-Levy; Sophia Louisa,19,1,120,101
1656678392456,CSE 15L,A01,083654,Morris; Justin Loren,8,0,50,42
1656678392456,CSE 15L,A02,083655,Morris; Justin Loren,8,0,50,42
1656678398487,CSE 20,A01,083657,Tran; Khoa Dang,35,0,80,45
1656678404515,CSE 21,A01,095574,Bach; Quang Tran,21,0,48,27
1656678410542,CSE 30,A01,083084,Eldon; John,5,0,80,75
1656678410542,CSE 30,B01,095061,Bhaskar; Nishant,3,0,50,47
1656678416569,CSE 100,A01,083659,Cao; Yingjun,1,6,70,69
1656678422597,CSE 134B,A01,083661,Powell; Thomas Allan,17,0,100,83
1656678428622,CSE 140,A01,083663,Gungor; Onat,14,0,85,71
1656678434651,CSE 140L,A01,083088,Eldon; John,16,0,100,84
1656678440684,CSE 175,A01,083665,Kumar; Rakesh,3,0,25,22
1656678446709,CSE 190,A00,092507,Dubnov; Shlomo,5,0,20,15
1656678452735,ECE 45,A01,083139,Congero; Spencer William,5,0,75,70
1656678458760,ECE 65,A50,083695,Saad; Andrew S,12,0,30,18
1656678458760,ECE 65,A51,095125,Saad; Andrew S,25,0,26,1
1656678464861,ECE 109,A01,091882,Touri; Behrouz,11,0,70,59
1656678470892,ECE 180,A00,083140,Abi Samra; Nicholas Camill,1,0,30,29
1656678470892,ECE 180,B00,083141,Abi Samra; Nicholas Camill,0,0,30,30
1656678476921,MATH 10A,A01,083735,Patchell; Gregory David,0,0,30,30
1656678476921,MATH 10A,A02,083736,Patchell; Gregory David,20,0,30,10
1656678476921,MATH 10A,A03,083737,Patchell; Gregory David,16,0,30,14
1656678482955,MATH 10B,A01,083207,Lim; Seonhee,7,0,34,27
1656678482955,MATH 10B,A02,083208,Lim; Seonhee,9,0,35,26
1656678482955,MATH 10B,A03,093472,Lim; Seonhee,3,0,34,31
1656678482955,MATH 10B,B01,083739,Sinha; Shubham,9,0,30,21
1656678488993,MATH 18,A01,083743,Cinel; Cameron Alexander,6,0,30,24
1656678488993,MATH 18,A02,083744,Cinel; Cameron Alexander,14,0,30,16
1656678488993,MATH 18,A03,083745,Cinel; Cameron Alexander,8,0,30,22
1656678488993,MATH 18,B01,083748,Rideout; David Porter,2,0,37,35
1656678488993,MATH 18,B02,083749,Rideout; David Porter,2,0,36,34
1656678488993,MATH 18,B03,083750,Rideout; David Porter,1,0,37,36
1656678488993,MATH 18,B04,083751,Rideout; David Porter,4,0,36,32
1656678488993,MATH 18,B05,093473,Rideout; David Porter,4,0,36,32
1656678488993,MATH 18,B06,093474,Rideout; David Porter,4,0,36,32
1656678495020,MATH 20A,A01,083754,Zheng; Zequn,12,0,40,28
1656678501048,MATH 20B,A01,083756,Briones; Jor-el Thomas Caparas,1,1,36,35
1656678501048,MATH 20B,A02,083757,Briones; Jor-el Thomas Caparas,0,0,36,36
1656678501048,MATH 20B,A03,093475,Briones; Jor-el Thomas Caparas,2,0,36,34
1656678507077,MATH 20C,A01,083760,Briones; Jor-el Thomas Caparas,0,0,35,35
1656678507077,MATH 20C,A02,083761,Briones; Jor-el Thomas Caparas,9,0,35,26
1656678507077,MATH 20C,A03,093476,Briones; Jor-el Thomas Caparas,0,1,36,36
1656678507077,MATH 20C,B01,083762,Bach; Quang Tran,0,0,30,30
1656678513104,MATH 20D,A01,083765,Tran; Brian Kha,3,0,30,27
1656678513104,MATH 20D,A02,083766,Tran; Brian Kha,2,0,30,28
1656678513104,MATH 20D,A03,083767,Tran; Brian Kha,1,0,30,29
1656678519138,MATH 20E,A01,083771,Ganguly; Soumya,4,0,32,28
1656678519138,MATH 20E,A02,083772,Ganguly; Soumya,3,0,32,29
1656678519138,MATH 20E,B01,083773,Ciotti; Benjamin,18,0,35,17
1656678519138,MATH 20E,B02,083774,Ciotti; Benjamin,18,0,35,17
1656678525174,MATH 103A,A01,083777,Greenfeld; Be'Eri,2,0,36,34
1656678525174,MATH 103A,A02,083778,Greenfeld; Be'Eri,5,0,36,31
1656678525174,MATH 103A,A03,093561,Greenfeld; Be'Eri,4,0,36,32
1656678525174,MATH 103A,B01,083779,Greenfeld; Be'Eri,6,0,36,30
1656678525174,MATH 103A,B02,083780,Greenfeld; Be'Eri,1,0,36,35
1656678525174,MATH 103A,B03,093562,Greenfeld; Be'Eri,2,0,36,34
1656678531200,MATH 105,A01,085443,Carter; Anne Toulson,13,0,35,22
1656678531200,MATH 105,A02,093477,Carter; Anne Toulson,20,0,35,15
1656678537233,MATH 109,A01,083213,Ganzberger; Geoffrey Michael,0,0,34,34
1656678537233,MATH 109,A02,083214,Ganzberger; Geoffrey Michael,1,0,34,33
1656678537233,MATH 109,A03,093478,Ganzberger; Geoffrey Michael,2,0,34,32
1656678537233,MATH 109,B01,083215,Ganzberger; Geoffrey Michael,1,0,32,31
1656678537233,MATH 109,B02,083216,Ganzberger; Geoffrey Michael,2,0,32,30
1656678537233,MATH 109,B03,093479,Ganzberger; Geoffrey Michael,6,0,32,26
1656678543263,MATH 142A,A01,083219,Chow; Bennett,3,0,32,29
1656678543263,MATH 142A,A02,083220,Chow; Bennett,9,0,32,23
1656678543263,MATH 142A,A03,093480,Chow; Bennett,6,0,32,26
1656678543263,MATH 142A,B03,093481,Chow; Bennett,5,0,32,27
1656678543263,MATH 142A,B04,093558,Chow; Bennett,10,0,32,22
1656678543263,MATH 142A,B05,093559,Chow; Bennett,4,0,32,28
1656678549291,MATH 193A,A01,083224,Rotar; Vladimir,3,0,34,31
1656678549291,MATH 193A,A02,083225,Rotar; Vladimir,2,0,34,32
1656678549291,MATH 193A,A03,083781,Rotar; Vladimir,0,0,34,34
1656678549291,MATH 193A,A04,083782,Rotar; Vladimir,4,0,34,30
1656678549291,MATH 193A,A05,093482,Rotar; Vladimir,5,0,34,29
1656678555333,MATH 197,001,091859,McAuley; Julian John,9999,0,9999,0
1656678555333,MATH 197,002,095566,Kedlaya; Kiran S.,9997,0,9999,2
1656678555333,MATH 197,003,095567,Xiao; Ming,9999,0,9999,0
1656678555333,MATH 197,004,095571,Perols; Johan Lars,9998,0,9999,1
1656678562402,COGS 9,A01,083615,Shannon; Kyle Michael,5,0,75,70
1656678568434,COGS 11,A01,083617,Boyle; Mary E. T.,17,0,48,31
1656678574470,COGS 13,A01,083071,Bastos; Amalia Pinkusfeld,6,0,71,65
1656678580502,COGS 14A,A01,092681,Semenuks; Arturs,0,3,100,100
1656678586532,COGS 14B,A01,083073,Cheng; Tzu-Han,3,0,63,60
1656678592564,COGS 17,A01,092677,Semenuks; Arturs,4,0,81,77
1656678598593,COGS 100,A01,083619,Allen; Michael Gordon,13,0,70,57
1656678604617,COGS 101A,A01,083621,Davis; Joshua Daniel,10,0,68,58
1656678610647,COGS 101B,A01,091572,Allen; Michael Gordon,3,0,65,62
1656678616678,COGS 101C,A01,083625,Delgado; Tania,17,0,35,18
1656678622701,COGS 107A,A01,083627,Boyle; Mary E. T.,11,0,60,49
1656678628725,COGS 118A,A01,083075,Gupta; Anjum,13,0,76,63
1656678634764,CSE 3,A50,083646,Miranda; Gregory Joseph,22,0,50,28
1656678640788,CSE 8A,A50,083650,Miranda; Gregory Joseph,16,1,56,40
1656678646816,CSE 11,A01,083080,Cao; Yingjun,2,17,40,38
1656678652842,CSE 12,A01,083652,Krause-Levy; Sophia Louisa,19,1,120,101
1656678658868,CSE 15L,A01,083654,Morris; Justin Loren,8,0,50,42
1656678658868,CSE 15L,A02,083655,Morris; Justin Loren,8,0,50,42
1656678664894,CSE 20,A01,083657,Tran; Khoa Dang,35,0,80,45
1656678670920,CSE 21,A01,095574,Bach; Quang Tran,21,0,48,27
1656678676953,CSE 30,A01,083084,Eldon; John,5,0,80,75
1656678676953,CSE 30,B01,095061,Bhaskar; Nishant,3,0,50,47
1656678682979,CSE 100,A01,083659,Cao; Yingjun,1,6,70,69
1656678689009,CSE 134B,A01,083661,Powell; Thomas Allan,17,0,100,83
1656678695040,CSE 140,A01,083663,Gungor; Onat,14,0,85,71
1656678701066,CSE 140L,A01,083088,Eldon; John,16,0,100,84
1656678707094,CSE 175,A01,083665,Kumar; Rakesh,3,0,25,22
1656678713120,CSE 190,A00,092507,Dubnov; Shlomo,5,0,20,15
1656678719146,ECE 45,A01,083139,Congero; Spencer William,5,0,75,70
1656678725193,ECE 65,A50,083695,Saad; Andrew S,12,0,30,18
1656678725193,ECE 65,A51,095125,Saad; Andrew S,25,0,26,1
1656678731217,ECE 109,A01,091882,Touri; Behrouz,11,0,70,59
1656678737243,ECE 180,A00,083140,Abi Samra; Nicholas Camill,1,0,30,29
1656678737243,ECE 180,B00,083141,Abi Samra; Nicholas Camill,0,0,30,30
1656678743271,MATH 10A,A01,083735,Patchell; Gregory David,0,0,30,30
1656678743271,MATH 10A,A02,083736,Patchell; Gregory David,20,0,30,10
1656678743271,MATH 10A,A03,083737,Patchell; Gregory David,16,0,30,14
1656678749310,MATH 10B,A01,083207,Lim; Seonhee,7,0,34,27
1656678749310,MATH 10B,A02,083208,Lim; Seonhee,9,0,35,26
1656678749310,MATH 10B,A03,093472,Lim; Seonhee,3,0,34,31
1656678749310,MATH 10B,B01,083739,Sinha; Shubham,9,0,30,21
1656678755340,MATH 18,A01,083743,Cinel; Cameron Alexander,6,0,30,24
1656678755340,MATH 18,A02,083744,Cinel; Cameron Alexander,14,0,30,16
1656678755340,MATH 18,A03,083745,Cinel; Cameron Alexander,8,0,30,22
1656678755340,MATH 18,B01,083748,Rideout; David Porter,2,0,37,35
1656678755340,MATH 18,B02,083749,Rideout; David Porter,2,0,36,34
1656678755340,MATH 18,B03,083750,Rideout; David Porter,1,0,37,36
1656678755340,MATH 18,B04,083751,Rideout; David Porter,4,0,36,32
1656678755340,MATH 18,B05,093473,Rideout; David Porter,4,0,36,32
1656678755340,MATH 18,B06,093474,Rideout; David Porter,4,0,36,32
1656678761365,MATH 20A,A01,083754,Zheng; Zequn,12,0,40,28
1656678767398,MATH 20B,A01,083756,Briones; Jor-el Thomas Caparas,1,1,36,35
1656678767398,MATH 20B,A02,083757,Briones; Jor-el Thomas Caparas,0,0,36,36
1656678767398,MATH 20B,A03,093475,Briones; Jor-el Thomas Caparas,2,0,36,34
1656678773424,MATH 20C,A01,083760,Briones; Jor-el Thomas Caparas,0,0,35,35
1656678773424,MATH 20C,A02,083761,Briones; Jor-el Thomas Caparas,9,0,35,26
1656678773424,MATH 20C,A03,093476,Briones; Jor-el Thomas Caparas,0,1,36,36
1656678773424,MATH 20C,B01,083762,Bach; Quang Tran,0,0,30,30
1656678779451,MATH 20D,A01,083765,Tran; Brian Kha,3,0,30,27
1656678779451,MATH 20D,A02,083766,Tran; Brian Kha,2,0,30,28
1656678779451,MATH 20D,A03,083767,Tran; Brian Kha,1,0,30,29
1656678785479,MATH 20E,A01,083771,Ganguly; Soumya,4,0,32,28
1656678785479,MATH 20E,A02,083772,Ganguly; Soumya,3,0,32,29
1656678785479,MATH 20E,B01,083773,Ciotti; Benjamin,18,0,35,17
1656678785479,MATH 20E,B02,083774,Ciotti; Benjamin,18,0,35,17
1656678791508,MATH 103A,A01,083777,Greenfeld; Be'Eri,2,0,36,34
1656678791508,MATH 103A,A02,083778,Greenfeld; Be'Eri,5,0,36,31
1656678791508,MATH 103A,A03,093561,Greenfeld; Be'Eri,4,0,36,32
1656678791508,MATH 103A,B01,083779,Greenfeld; Be'Eri,6,0,36,30
1656678791508,MATH 103A,B02,083780,Greenfeld; Be'Eri,1,0,36,35
1656678791508,MATH 103A,B03,093562,Greenfeld; Be'Eri,2,0,36,34
1656678797534,MATH 105,A01,085443,Carter; Anne Toulson,13,0,35,22
1656678797534,MATH 105,A02,093477,Carter; Anne Toulson,20,0,35,15
1656678803561,MATH 109,A01,083213,Ganzberger; Geoffrey Michael,0,0,34,34
1656678803561,MATH 109,A02,083214,Ganzberger; Geoffrey Michael,1,0,34,33
1656678803561,MATH 109,A03,093478,Ganzberger; Geoffrey Michael,2,0,34,32
1656678803561,MATH 109,B01,083215,Ganzberger; Geoffrey Michael,1,0,32,31
1656678803561,MATH 109,B02,083216,Ganzberger; Geoffrey Michael,2,0,32,30
1656678803561,MATH 109,B03,093479,Ganzberger; Geoffrey Michael,6,0,32,26
1656678809589,MATH 142A,A01,083219,Chow; Bennett,3,0,32,29
1656678809589,MATH 142A,A02,083220,Chow; Bennett,9,0,32,23
1656678809589,MATH 142A,A03,093480,Chow; Bennett,6,0,32,26
1656678809589,MATH 142A,B03,093481,Chow; Bennett,5,0,32,27
1656678809589,MATH 142A,B04,093558,Chow; Bennett,10,0,32,22
1656678809589,MATH 142A,B05,093559,Chow; Bennett,4,0,32,28
1656678815622,MATH 193A,A01,083224,Rotar; Vladimir,3,0,34,31
1656678815622,MATH 193A,A02,083225,Rotar; Vladimir,2,0,34,32
1656678815622,MATH 193A,A03,083781,Rotar; Vladimir,0,0,34,34
1656678815622,MATH 193A,A04,083782,Rotar; Vladimir,4,0,34,30
1656678815622,MATH 193A,A05,093482,Rotar; Vladimir,5,0,34,29
1656678821662,MATH 197,001,091859,McAuley; Julian John,9999,0,9999,0
1656678821662,MATH 197,002,095566,Kedlaya; Kiran S.,9997,0,9999,2
1656678821662,MATH 197,003,095567,Xiao; Ming,9999,0,9999,0
1656678821662,MATH 197,004,095571,Perols; Johan Lars,9998,0,9999,1
1656678828755,COGS 9,A01,083615,Shannon; Kyle Michael,5,0,75,70
1656678834789,COGS 11,A01,083617,Boyle; Mary E. T.,17,0,48,31
1656678840821,COGS 13,A01,083071,Bastos; Amalia Pinkusfeld,6,0,71,65
1656678846851,COGS 14A,A01,092681,Semenuks; Arturs,0,3,100,100
1656678852882,COGS 14B,A01,083073,Cheng; Tzu-Han,3,0,63,60
1656678858910,COGS 17,A01,092677,Semenuks; Arturs,4,0,81,77
1656678864939,COGS 100,A01,083619,Allen; Michael Gordon,13,0,70,57
1656678870967,COGS 101A,A01,083621,Davis; Joshua Daniel,10,0,68,58
1656678876996,COGS 101B,A01,091572,Allen; Michael Gordon,3,0,65,62
1656678883068,COGS 101C,A01,083625,Delgado; Tania,17,0,35,18
1656678889094,COGS 107A,A01,083627,Boyle; Mary E. T.,11,0,60,49
1656678895126,COGS 118A,A01,083075,Gupta; Anjum,13,0,76,63
1656678901162,CSE 3,A50,083646,Miranda; Gregory Joseph,22,0,50,28
1656678907193,CSE 8A,A50,083650,Miranda; Gregory Joseph,16,1,56,40
1656678913232,CSE 11,A01,083080,Cao; Yingjun,2,17,40,38
1656678919267,CSE 12,A01,083652,Krause-Levy; Sophia Louisa,19,1,120,101
1656678925295,CSE 15L,A01,083654,Morris; Justin Loren,8,0,50,42
1656678925295,CSE 15L,A02,083655,Morris; Justin Loren,8,0,50,42
1656678931318,CSE 20,A01,083657,Tran; Khoa Dang,35,0,80,45
1656678937352,CSE 21,A01,095574,Bach; Quang Tran,21,0,48,27
1656678943380,CSE 30,A01,083084,Eldon; John,5,0,80,75
1656678943380,CSE 30,B01,095061,Bhaskar; Nishant,3,0,50,47
1656678949411,CSE 100,A01,083659,Cao; Yingjun,1,6,70,69
1656678955445,CSE 134B,A01,083661,Powell; Thomas Allan,17,0,100,83
1656678961472,CSE 140,A01,083663,Gungor; Onat,14,0,85,71
1656678967500,CSE 140L,A01,083088,Eldon; John,16,0,100,84
1656678973526,CSE 175,A01,083665,Kumar; Rakesh,3,0,25,22
1656678979555,CSE 190,A00,092507,Dubnov; Shlomo,5,0,20,15
1656678985583,ECE 45,A01,083139,Congero; Spencer William,5,0,75,70
1656678991619,ECE 65,A50,083695,Saad; Andrew S,12,0,30,18
1656678991619,ECE 65,A51,095125,Saad; Andrew S,25,0,26,1
1656678997642,ECE 109,A01,091882,Touri; Behrouz,11,0,70,59
1656679003667,ECE 180,A00,083140,Abi Samra; Nicholas Camill,1,0,30,29
1656679003667,ECE 180,B00,083141,Abi Samra; Nicholas Camill,0,0,30,30
1656679009697,MATH 10A,A01,083735,Patchell; Gregory David,0,0,30,30
1656679009697,MATH 10A,A02,083736,Patchell; Gregory David,20,0,30,10
1656679009697,MATH 10A,A03,083737,Patchell; Gregory David,16,0,30,14
1656679015726,MATH 10B,A01,083207,Lim; Seonhee,7,0,34,27
1656679015726,MATH 10B,A02,083208,Lim; Seonhee,9,0,35,26
1656679015726,MATH 10B,A03,093472,Lim; Seonhee,3,0,34,31
1656679015726,MATH 10B,B01,083739,Sinha; Shubham,9,0,30,21
1656679021767,MATH 18,A01,083743,Cinel; Cameron Alexander,6,0,30,24
1656679021767,MATH 18,A02,083744,Cinel; Cameron Alexander,14,0,30,16
1656679021767,MATH 18,A03,083745,Cinel; Cameron Alexander,8,0,30,22
1656679021767,MATH 18,B01,083748,Rideout; David Porter,2,0,37,35
1656679021767,MATH 18,B02,083749,Rideout; David Porter,2,0,36,34
1656679021767,MATH 18,B03,083750,Rideout; David Porter,1,0,37,36
1656679021767,MATH 18,B04,083751,Rideout; David Porter,4,0,36,32
1656679021767,MATH 18,B05,093473,Rideout; David Porter,4,0,36,32
1656679021767,MATH 18,B06,093474,Rideout; David Porter,4,0,36,32
1656679027790,MATH 20A,A01,083754,Zheng; Zequn,12,0,40,28
1656679033816,MATH 20B,A01,083756,Briones; Jor-el Thomas Caparas,1,1,36,35
1656679033816,MATH 20B,A02,083757,Briones; Jor-el Thomas Caparas,0,0,36,36
1656679033816,MATH 20B,A03,093475,Briones; Jor-el Thomas Caparas,2,0,36,34
1656679039840,MATH 20C,A01,083760,Briones; Jor-el Thomas Caparas,0,0,35,35
1656679039840,MATH 20C,A02,083761,Briones; Jor-el Thomas Caparas,9,0,35,26
1656679039840,MATH 20C,A03,093476,Briones; Jor-el Thomas Caparas,0,1,36,36
1656679039840,MATH 20C,B01,083762,Bach; Quang Tran,0,0,30,30
1656679045870,MATH 20D,A01,083765,Tran; Brian Kha,3,0,30,27
1656679045870,MATH 20D,A02,083766,Tran; Brian Kha,2,0,30,28
1656679045870,MATH 20D,A03,083767,Tran; Brian Kha,1,0,30,29
1656679051897,MATH 20E,A01,083771,Ganguly; Soumya,4,0,32,28
1656679051897,MATH 20E,A02,083772,Ganguly; Soumya,3,0,32,29
1656679051897,MATH 20E,B01,083773,Ciotti; Benjamin,18,0,35,17
1656679051897,MATH 20E,B02,083774,Ciotti; Benjamin,18,0,35,17
1656679057924,MATH 103A,A01,083777,Greenfeld; Be'Eri,2,0,36,34
1656679057924,MATH 103A,A02,083778,Greenfeld; Be'Eri,5,0,36,31
1656679057924,MATH 103A,A03,093561,Greenfeld; Be'Eri,4,0,36,32
1656679057924,MATH 103A,B01,083779,Greenfeld; Be'Eri,6,0,36,30
1656679057924,MATH 103A,B02,083780,Greenfeld; Be'Eri,1,0,36,35
1656679057924,MATH 103A,B03,093562,Greenfeld; Be'Eri,2,0,36,34
1656679064022,MATH 105,A01,085443,Carter; Anne Toulson,13,0,35,22
1656679064022,MATH 105,A02,093477,Carter; Anne Toulson,20,0,35,15
1656679070054,MATH 109,A01,083213,Ganzberger; Geoffrey Michael,0,0,34,34
1656679070054,MATH 109,A02,083214,Ganzberger; Geoffrey Michael,1,0,34,33
1656679070054,MATH 109,A03,093478,Ganzberger; Geoffrey Michael,2,0,34,32
1656679070054,MATH 109,B01,083215,Ganzberger; Geoffrey Michael,1,0,32,31
1656679070054,MATH 109,B02,083216,Ganzberger; Geoffrey Michael,2,0,32,30
1656679070054,MATH 109,B03,093479,Ganzberger; Geoffrey Michael,6,0,32,26
1656679076084,MATH 142A,A01,083219,Chow; Bennett,3,0,32,29
1656679076084,MATH 142A,A02,083220,Chow; Bennett,9,0,32,23
1656679076084,MATH 142A,A03,093480,Chow; Bennett,6,0,32,26
1656679076084,MATH 142A,B03,093481,Chow; Bennett,5,0,32,27
1656679076084,MATH 142A,B04,093558,Chow; Bennett,10,0,32,22
1656679076084,MATH 142A,B05,093559,Chow; Bennett,4,0,32,28
1656679082117,MATH 193A,A01,083224,Rotar; Vladimir,3,0,34,31
1656679082117,MATH 193A,A02,083225,Rotar; Vladimir,2,0,34,32
1656679082117,MATH 193A,A03,083781,Rotar; Vladimir,0,0,34,34
1656679082117,MATH 193A,A04,083782,Rotar; Vladimir,4,0,34,30
1656679082117,MATH 193A,A05,093482,Rotar; Vladimir,5,0,34,29
1656679088150,MATH 197,001,091859,McAuley; Julian John,9999,0,9999,0
1656679088150,MATH 197,002,095566,Kedlaya; Kiran S.,9997,0,9999,2
1656679088150,MATH 197,003,095567,Xiao; Ming,9999,0,9999,0
1656679088150,MATH 197,004,095571,Perols; Johan Lars,9998,0,9999,1
1656679095223,COGS 9,A01,083615,Shannon; Kyle Michael,5,0,75,70
1656679101254,COGS 11,A01,083617,Boyle; Mary E. T.,17,0,48,31
1656679107282,COGS 13,A01,083071,Bastos; Amalia Pinkusfeld,6,0,71,65
1656679113313,COGS 14A,A01,092681,Semenuks; Arturs,0,3,100,100
1656679119339,COGS 14B,A01,083073,Cheng; Tzu-Han,3,0,63,60
1656679125365,COGS 17,A01,092677,Semenuks; Arturs,4,0,81,77
1656679131395,COGS 100,A01,083619,Allen; Michael Gordon,13,0,70,57
1656679137421,COGS 101A,A01,083621,Davis; Joshua Daniel,10,0,68,58
1656679143450,COGS 101B,A01,091572,Allen; Michael Gordon,3,0,65,62
1656679149482,COGS 101C,A01,083625,Delgado; Tania,17,0,35,18
1656679155511,COGS 107A,A01,083627,Boyle; Mary E. T.,11,0,60,49
1656679161551,COGS 118A,A01,083075,Gupta; Anjum,13,0,76,63
1656679167579,CSE 3,A50,083646,Miranda; Gregory Joseph,22,0,50,28
1656679173610,CSE 8A,A50,083650,Miranda; Gregory Joseph,16,1,56,40
1656679179636,CSE 11,A01,083080,Cao; Yingjun,2,17,40,38
1656679185664,CSE 12,A01,083652,Krause-Levy; Sophia Louisa,19,1,120,101
1656679191692,CSE 15L,A01,083654,Morris; Justin Loren,8,0,50,42
1656679191692,CSE 15L,A02,083655,Morris; Justin Loren,8,0,50,42
1656679197719,CSE 20,A01,083657,Tran; Khoa Dang,35,0,80,45
1656679203749,CSE 21,A01,095574,Bach; Quang Tran,21,0,48,27
1656679209776,CSE 30,A01,083084,Eldon; John,5,0,80,75
1656679209776,CSE 30,B01,095061,Bhaskar; Nishant,3,0,50,47
1656679215806,CSE 100,A01,083659,Cao; Yingjun,1,6,70,69
1656679221841,CSE 134B,A01,083661,Powell; Thomas Allan,17,0,100,83
1656679227868,CSE 140,A01,083663,Gungor; Onat,14,0,85,71
1656679233898,CSE 140L,A01,083088,Eldon; John,16,0,100,84
1656679239928,CSE 175,A01,083665,Kumar; Rakesh,3,0,25,22
1656679245955,CSE 190,A00,092507,Dubnov; Shlomo,5,0,20,15
1656679251994,ECE 45,A01,083139,Congero; Spencer William,5,0,75,70
1656679258022,ECE 65,A50,083695,Saad; Andrew S,12,0,30,18
1656679258022,ECE 65,A51,095125,Saad; Andrew S,25,0,26,1
1656679264051,ECE 109,A01,091882,Touri; Behrouz,11,0,70,59
1656679270080,ECE 180,A00,083140,Abi Samra; Nicholas Camill,1,0,30,29
1656679270080,ECE 180,B00,083141,Abi Samra; Nicholas Camill,0,0,30,30
1656679276105,MATH 10A,A01,083735,Patchell; Gregory David,0,0,30,30
1656679276105,MATH 10A,A02,083736,Patchell; Gregory David,20,0,30,10
1656679276105,MATH 10A,A03,083737,Patchell; Gregory David,16,0,30,14
1656679282144,MATH 10B,A01,083207,Lim; Seonhee,7,0,34,27
1656679282144,MATH 10B,A02,083208,Lim; Seonhee,9,0,35,26
1656679282144,MATH 10B,A03,093472,Lim; Seonhee,3,0,34,31
1656679282144,MATH 10B,B01,083739,Sinha; Shubham,9,0,30,21
1656679288173,MATH 18,A01,083743,Cinel; Cameron Alexander,6,0,30,24
1656679288173,MATH 18,A02,083744,Cinel; Cameron Alexander,14,0,30,16
1656679288173,MATH 18,A03,083745,Cinel; Cameron Alexander,8,0,30,22
1656679288173,MATH 18,B01,083748,Rideout; David Porter,2,0,37,35
1656679288173,MATH 18,B02,083749,Rideout; David Porter,2,0,36,34
1656679288173,MATH 18,B03,083750,Rideout; David Porter,1,0,37,36
1656679288173,MATH 18,B04,083751,Rideout; David Porter,4,0,36,32
1656679288173,MATH 18,B05,093473,Rideout; David Porter,4,0,36,32
1656679288173,MATH 18,B06,093474,Rideout; David Porter,4,0,36,32
1656679294203,MATH 20A,A01,083754,Zheng; Zequn,12,0,40,28
1656679300238,MATH 20B,A01,083756,Briones; Jor-el Thomas Caparas,1,1,36,35
1656679300238,MATH 20B,A02,083757,Briones; Jor-el Thomas Caparas,0,0,36,36
1656679300238,MATH 20B,A03,093475,Briones; Jor-el Thomas Caparas,2,0,36,34
1656679306268,MATH 20C,A01,083760,Briones; Jor-el Thomas Caparas,0,0,35,35
1656679306268,MATH 20C,A02,083761,Briones; Jor-el Thomas Caparas,9,0,35,26
1656679306268,MATH 20C,A03,093476,Briones; Jor-el Thomas Caparas,0,1,36,36
1656679306268,MATH 20C,B01,083762,Bach; Quang Tran,0,0,30,30
1656679312295,MATH 20D,A01,083765,Tran; Brian Kha,3,0,30,27
1656679312295,MATH 20D,A02,083766,Tran; Brian Kha,2,0,30,28
1656679312295,MATH 20D,A03,083767,Tran; Brian Kha,1,0,30,29
1656679318330,MATH 20E,A01,083771,Ganguly; Soumya,4,0,32,28
1656679318330,MATH 20E,A02,083772,Ganguly; Soumya,3,0,32,29
1656679318330,MATH 20E,B01,083773,Ciotti; Benjamin,18,0,35,17
1656679318330,MATH 20E,B02,083774,Ciotti; Benjamin,18,0,35,17
1656679324359,MATH 103A,A01,083777,Greenfeld; Be'Eri,2,0,36,34
1656679324359,MATH 103A,A02,083778,Greenfeld; Be'Eri,5,0,36,31
1656679324359,MATH 103A,A03,093561,Greenfeld; Be'Eri,4,0,36,32
1656679324359,MATH 103A,B01,083779,Greenfeld; Be'Eri,6,0,36,30
1656679324359,MATH 103A,B02,083780,Greenfeld; Be'Eri,1,0,36,35
1656679324359,MATH 103A,B03,093562,Greenfeld; Be'Eri,2,0,36,34
1656679330399,MATH 105,A01,085443,Carter; Anne Toulson,13,0,35,22
1656679330399,MATH 105,A02,093477,Carter; Anne Toulson,20,0,35,15
1656679336435,MATH 109,A01,083213,Ganzberger; Geoffrey Michael,0,0,34,34
1656679336435,MATH 109,A02,083214,Ganzberger; Geoffrey Michael,1,0,34,33
1656679336435,MATH 109,A03,093478,Ganzberger; Geoffrey Michael,2,0,34,32
1656679336435,MATH 109,B01,083215,Ganzberger; Geoffrey Michael,1,0,32,31
1656679336435,MATH 109,B02,083216,Ganzberger; Geoffrey Michael,2,0,32,30
1656679336435,MATH 109,B03,093479,Ganzberger; Geoffrey Michael,6,0,32,26
1656679342464,MATH 142A,A01,083219,Chow; Bennett,3,0,32,29
1656679342464,MATH 142A,A02,083220,Chow; Bennett,9,0,32,23
1656679342464,MATH 142A,A03,093480,Chow; Bennett,6,0,32,26
1656679342464,MATH 142A,B03,093481,Chow; Bennett,5,0,32,27
1656679342464,MATH 142A,B04,093558,Chow; Bennett,10,0,32,22
1656679342464,MATH 142A,B05,093559,Chow; Bennett,4,0,32,28
1656679348492,MATH 193A,A01,083224,Rotar; Vladimir,3,0,34,31
1656679348492,MATH 193A,A02,083225,Rotar; Vladimir,2,0,34,32
1656679348492,MATH 193A,A03,083781,Rotar; Vladimir,0,0,34,34
1656679348492,MATH 193A,A04,083782,Rotar; Vladimir,4,0,34,30
1656679348492,MATH 193A,A05,093482,Rotar; Vladimir,5,0,34,29
1656679354519,MATH 197,001,091859,McAuley; Julian John,9999,0,9999,0
1656679354519,MATH 197,002,095566,Kedlaya; Kiran S.,9997,0,9999,2
1656679354519,MATH 197,003,095567,Xiao; Ming,9999,0,9999,0
1656679354519,MATH 197,004,095571,Perols; Johan Lars,9998,0,9999,1
1656679361604,COGS 9,A01,083615,Shannon; Kyle Michael,5,0,75,70
1656679367629,COGS 11,A01,083617,Boyle; Mary E. T.,17,0,48,31
1656679373660,COGS 13,A01,083071,Bastos; Amalia Pinkusfeld,6,0,71,65
1656679379687,COGS 14A,A01,092681,Semenuks; Arturs,0,3,100,100
1656679385718,COGS 14B,A01,083073,Cheng; Tzu-Han,3,0,63,60
1656679391746,COGS 17,A01,092677,Semenuks; Arturs,4,0,81,77
1656679397773,COGS 100,A01,083619,Allen; Michael Gordon,13,0,70,57
1656679403799,COGS 101A,A01,083621,Davis; Joshua Daniel,10,0,68,58
1656679409832,COGS 101B,A01,091572,Allen; Michael Gordon,3,0,65,62
1656679415862,COGS 101C,A01,083625,Delgado; Tania,17,0,35,18
1656679421888,COGS 107A,A01,083627,Boyle; Mary E. T.,11,0,60,49
1656679427913,COGS 118A,A01,083075,Gupta; Anjum,13,0,76,63
1656679433946,CSE 3,A50,083646,Miranda; Gregory Joseph,22,0,50,28
1656679439974,CSE 8A,A50,083650,Miranda; Gregory Joseph,16,1,56,40
1656679446002,CSE 11,A01,083080,Cao; Yingjun,2,17,40,38
1656679452028,CSE 12,A01,083652,Krause-Levy; Sophia Louisa,19,1,120,101
1656679458053,CSE 15L,A01,083654,Morris; Justin Loren,8,0,50,42
1656679458053,CSE 15L,A02,083655,Morris; Justin Loren,8,0,50,42
1656679464079,CSE 20,A01,083657,Tran; Khoa Dang,35,0,80,45
1656679470110,CSE 21,A01,095574,Bach; Quang Tran,21,0,48,27
1656679476147,CSE 30,A01,083084,Eldon; John,5,0,80,75
1656679476147,CSE 30,B01,095061,Bhaskar; Nishant,3,0,50,47
1656679482173,CSE 100,A01,083659,Cao; Yingjun,1,6,70,69
1656679488201,CSE 134B,A01,083661,Powell; Thomas Allan,17,0,100,83
1656679494226,CSE 140,A01,083663,Gungor; Onat,14,0,85,71
1656679500252,CSE 140L,A01,083088,Eldon; John,16,0,100,84
1656679506278,CSE 175,A01,083665,Kumar; Rakesh,3,0,25,22
1656679512308,CSE 190,A00,092507,Dubnov; Shlomo,5,0,20,15
1656679518345,ECE 45,A01,083139,Congero; Spencer William,5,0,75,70
1656679524371,ECE 65,A50,083695,Saad; Andrew S,12,0,30,18
1656679524371,ECE 65,A51,095125,Saad; Andrew S,25,0,26,1
1656679530401,ECE 109,A01,091882,Touri; Behrouz,11,0,70,59
1656679536433,ECE 180,A00,083140,Abi Samra; Nicholas Camill,1,0,30,29
1656679536433,ECE 180,B00,083141,Abi Samra; Nicholas Camill,0,0,30,30
1656679542458,MATH 10A,A01,083735,Patchell; Gregory David,0,0,30,30
1656679542458,MATH 10A,A02,083736,Patchell; Gregory David,20,0,30,10
1656679542458,MATH 10A,A03,083737,Patchell; Gregory David,16,0,30,14
1656679548489,MATH 10B,A01,083207,Lim; Seonhee,7,0,34,27
1656679548489,MATH 10B,A02,083208,Lim; Seonhee,9,0,35,26
1656679548489,MATH 10B,A03,093472,Lim; Seonhee,3,0,34,31
1656679548489,MATH 10B,B01,083739,Sinha; Shubham,9,0,30,21
1656679554524,MATH 18,A01,083743,Cinel; Cameron Alexander,6,0,30,24
1656679554524,MATH 18,A02,083744,Cinel; Cameron Alexander,14,0,30,16
1656679554524,MATH 18,A03,083745,Cinel; Cameron Alexander,8,0,30,22
1656679554524,MATH 18,B01,083748,Rideout; David Porter,2,0,37,35
1656679554524,MATH 18,B02,083749,Rideout; David Porter,2,0,36,34
1656679554524,MATH 18,B03,083750,Rideout; David Porter,1,0,37,36
1656679554524,MATH 18,B04,083751,Rideout; David Porter,4,0,36,32
1656679554524,MATH 18,B05,093473,Rideout; David Porter,4,0,36,32
1656679554524,MATH 18,B06,093474,Rideout; David Porter,4,0,36,32
1656679560555,MATH 20A,A01,083754,Zheng; Zequn,12,0,40,28
1656679566593,MATH 20B,A01,083756,Briones; Jor-el Thomas Caparas,1,1,36,35
1656679566593,MATH 20B,A02,083757,Briones; Jor-el Thomas Caparas,0,0,36,36
1656679566593,MATH 20B,A03,093475,Briones; Jor-el Thomas Caparas,2,0,36,34
1656679572625,MATH 20C,A01,083760,Briones; Jor-el Thomas Caparas,0,0,35,35
1656679572625,MATH 20C,A02,083761,Briones; Jor-el Thomas Caparas,9,0,35,26
1656679572625,MATH 20C,A03,093476,Briones; Jor-el Thomas Caparas,0,1,36,36
1656679572625,MATH 20C,B01,083762,Bach; Quang Tran,0,0,30,30
1656679578651,MATH 20D,A01,083765,Tran; Brian Kha,3,0,30,27
1656679578651,MATH 20D,A02,083766,Tran; Brian Kha,2,0,30,28
1656679578651,MATH 20D,A03,083767,Tran; Brian Kha,1,0,30,29
1656679584682,MATH 20E,A01,083771,Ganguly; Soumya,4,0,32,28
1656679584682,MATH 20E,A02,083772,Ganguly; Soumya,3,0,32,29
1656679584682,MATH 20E,B01,083773,Ciotti; Benjamin,18,0,35,17
1656679584682,MATH 20E,B02,083774,Ciotti; Benjamin,18,0,35,17
1656679590708,MATH 103A,A01,083777,Greenfeld; Be'Eri,2,0,36,34
1656679590708,MATH 103A,A02,083778,Greenfeld; Be'Eri,5,0,36,31
1656679590708,MATH 103A,A03,093561,Greenfeld; Be'Eri,4,0,36,32
1656679590708,MATH 103A,B01,083779,Greenfeld; Be'Eri,6,0,36,30
1656679590708,MATH 103A,B02,083780,Greenfeld; Be'Eri,1,0,36,35
1656679590708,MATH 103A,B03,093562,Greenfeld; Be'Eri,2,0,36,34
1656679596734,MATH 105,A01,085443,Carter; Anne Toulson,13,0,35,22
1656679596734,MATH 105,A02,093477,Carter; Anne Toulson,20,0,35,15
1656679602764,MATH 109,A01,083213,Ganzberger; Geoffrey Michael,0,0,34,34
1656679602764,MATH 109,A02,083214,Ganzberger; Geoffrey Michael,1,0,34,33
1656679602764,MATH 109,A03,093478,Ganzberger; Geoffrey Michael,2,0,34,32
1656679602764,MATH 109,B01,083215,Ganzberger; Geoffrey Michael,1,0,32,31
1656679602764,MATH 109,B02,083216,Ganzberger; Geoffrey Michael,2,0,32,30
1656679602764,MATH 109,B03,093479,Ganzberger; Geoffrey Michael,6,0,32,26
1656679608795,MATH 142A,A01,083219,Chow; Bennett,3,0,32,29
1656679608795,MATH 142A,A02,083220,Chow; Bennett,9,0,32,23
1656679608795,MATH 142A,A03,093480,Chow; Bennett,6,0,32,26
1656679608795,MATH 142A,B03,093481,Chow; Bennett,5,0,32,27
1656679608795,MATH 142A,B04,093558,Chow; Bennett,10,0,32,22
1656679608795,MATH 142A,B05,093559,Chow; Bennett,4,0,32,28
1656679614822,MATH 193A,A01,083224,Rotar; Vladimir,3,0,34,31
1656679614822,MATH 193A,A02,083225,Rotar; Vladimir,2,0,34,32
1656679614822,MATH 193A,A03,083781,Rotar; Vladimir,0,0,34,34
1656679614822,MATH 193A,A04,083782,Rotar; Vladimir,4,0,34,30
1656679614822,MATH 193A,A05,093482,Rotar; Vladimir,5,0,34,29
1656679620853,MATH 197,001,091859,McAuley; Julian John,9999,0,9999,0
1656679620853,MATH 197,002,095566,Kedlaya; Kiran S.,9997,0,9999,2
1656679620853,MATH 197,003,095567,Xiao; Ming,9999,0,9999,0
1656679620853,MATH 197,004,095571,Perols; Johan Lars,9998,0,9999,1
1656679627932,COGS 9,A01,083615,Shannon; Kyle Michael,5,0,75,70
1656679633961,COGS 11,A01,083617,Boyle; Mary E. T.,17,0,48,31
1656679639991,COGS 13,A01,083071,Bastos; Amalia Pinkusfeld,6,0,71,65
1656679646020,COGS 14A,A01,092681,Semenuks; Arturs,0,3,100,100
1656679652044,COGS 14B,A01,083073,Cheng; Tzu-Han,3,0,63,60
1656679658139,COGS 17,A01,092677,Semenuks; Arturs,4,0,81,77
1656679664172,COGS 100,A01,083619,Allen; Michael Gordon,13,0,70,57
1656679670201,COGS 101A,A01,083621,Davis; Joshua Daniel,10,0,68,58
1656679676231,COGS 101B,A01,091572,Allen; Michael Gordon,3,0,65,62
1656679682261,COGS 101C,A01,083625,Delgado; Tania,17,0,35,18
1656679688287,COGS 107A,A01,083627,Boyle; Mary E. T.,11,0,60,49
1656679694311,COGS 118A,A01,083075,Gupta; Anjum,13,0,76,63
1656679700350,CSE 3,A50,083646,Miranda; Gregory Joseph,22,0,50,28
1656679706380,CSE 8A,A50,083650,Miranda; Gregory Joseph,16,1,56,40
1656679712405,CSE 11,A01,083080,Cao; Yingjun,2,17,40,38
1656679718436,CSE 12,A01,083652,Krause-Levy; Sophia Louisa,19,1,120,101
1656679724463,CSE 15L,A01,083654,Morris; Justin Loren,8,0,50,42
1656679724463,CSE 15L,A02,083655,Morris; Justin Loren,8,0,50,42
1656679730491,CSE 20,A01,083657,Tran; Khoa Dang,35,0,80,45
1656679736516,CSE 21,A01,095574,Bach; Quang Tran,21,0,48,27
1656679742542,CSE 30,A01,083084,Eldon; John,5,0,80,75
1656679742542,CSE 30,B01,095061,Bhaskar; Nishant,3,0,50,47
1656679748569,CSE 100,A01,083659,Cao; Yingjun,1,6,70,69
1656679754597,CSE 134B,A01,083661,Powell; Thomas Allan,17,0,100,83
1656679760622,CSE 140,A01,083663,Gungor; Onat,14,0,85,71
1656679766647,CSE 140L,A01,083088,Eldon; John,16,0,100,84
1656679772675,CSE 175,A01,083665,Kumar; Rakesh,3,0,25,22
1656679778708,CSE 190,A00,092507,Dubnov; Shlomo,5,0,20,15
1656679784736,ECE 45,A01,083139,Congero; Spencer William,5,0,75,70
1656679790763,ECE 65,A50,083695,Saad; Andrew S,12,0,30,18
1656679790763,ECE 65,A51,095125,Saad; Andrew S,25,0,26,1
1656679796789,ECE 109,A01,091882,Touri; Behrouz,11,0,70,59
1656679802821,ECE 180,A00,083140,Abi Samra; Nicholas Camill,1,0,30,29
1656679802821,ECE 180,B00,083141,Abi Samra; Nicholas Camill,0,0,30,30
1656679808848,MATH 10A,A01,083735,Patchell; Gregory David,0,0,30,30
1656679808848,MATH 10A,A02,083736,Patchell; Gregory David,20,0,30,10
1656679808848,MATH 10A,A03,083737,Patchell; Gregory David,16,0,30,14
1656679814878,MATH 10B,A01,083207,Lim; Seonhee,7,0,34,27
1656679814878,MATH 10B,A02,083208,Lim; Seonhee,9,0,35,26
1656679814878,MATH 10B,A03,093472,Lim; Seonhee,3,0,34,31
1656679814878,MATH 10B,B01,083739,Sinha; Shubham,9,0,30,21
1656679820909,MATH 18,A01,083743,Cinel; Cameron Alexander,6,0,30,24
1656679820909,MATH 18,A02,083744,Cinel; Cameron Alexander,14,0,30,16
1656679820909,MATH 18,A03,083745,Cinel; Cameron Alexander,8,0,30,22
1656679820909,MATH 18,B01,083748,Rideout; David Porter,2,0,37,35
1656679820909,MATH 18,B02,083749,Rideout; David Porter,2,0,36,34
1656679820909,MATH 18,B03,083750,Rideout; David Porter,1,0,37,36
1656679820909,MATH 18,B04,083751,Rideout; David Porter,4,0,36,32
1656679820909,MATH 18,B05,093473,Rideout; David Porter,4,0,36,32
1656679820909,MATH 18,B06,093474,Rideout; David Porter,4,0,36,32
1656679826935,MATH 20A,A01,083754,Zheng; Zequn,12,0,40,28
1656679832967,MATH 20B,A01,083756,Briones; Jor-el Thomas Caparas,1,1,36,35
1656679832967,MATH 20B,A02,083757,Briones; Jor-el Thomas Caparas,0,0,36,36
1656679832967,MATH 20B,A03,093475,Briones; Jor-el Thomas Caparas,2,0,36,34
1656679838998,MATH 20C,A01,083760,Briones; Jor-el Thomas Caparas,0,0,35,35
1656679838998,MATH 20C,A02,083761,Briones; Jor-el Thomas Caparas,9,0,35,26
1656679838998,MATH 20C,A03,093476,Briones; Jor-el Thomas Caparas,0,1,36,36
1656679838998,MATH 20C,B01,083762,Bach; Quang Tran,0,0,30,30
1656679845027,MATH 20D,A01,083765,Tran; Brian Kha,3,0,30,27
1656679845027,MATH 20D,A02,083766,Tran; Brian Kha,2,0,30,28
1656679845027,MATH 20D,A03,083767,Tran; Brian Kha,1,0,30,29
1656679851065,MATH 20E,A01,083771,Ganguly; Soumya,4,0,32,28
1656679851065,MATH 20E,A02,083772,Ganguly; Soumya,3,0,32,29
1656679851065,MATH 20E,B01,083773,Ciotti; Benjamin,18,0,35,17
1656679851065,MATH 20E,B02,083774,Ciotti; Benjamin,18,0,35,17
1656679857095,MATH 103A,A01,083777,Greenfeld; Be'Eri,2,0,36,34
1656679857095,MATH 103A,A02,083778,Greenfeld; Be'Eri,5,0,36,31
1656679857095,MATH 103A,A03,093561,Greenfeld; Be'Eri,4,0,36,32
1656679857095,MATH 103A,B01,083779,Greenfeld; Be'Eri,6,0,36,30
1656679857095,MATH 103A,B02,083780,Greenfeld; Be'Eri,1,0,36,35
1656679857095,MATH 103A,B03,093562,Greenfeld; Be'Eri,2,0,36,34
1656679863139,MATH 105,A01,085443,Carter; Anne Toulson,13,0,35,22
1656679863139,MATH 105,A02,093477,Carter; Anne Toulson,20,0,35,15
1656679869175,MATH 109,A01,083213,Ganzberger; Geoffrey Michael,0,0,34,34
1656679869175,MATH 109,A02,083214,Ganzberger; Geoffrey Michael,1,0,34,33
1656679869175,MATH 109,A03,093478,Ganzberger; Geoffrey Michael,2,0,34,32
1656679869175,MATH 109,B01,083215,Ganzberger; Geoffrey Michael,1,0,32,31
1656679869175,MATH 109,B02,083216,Ganzberger; Geoffrey Michael,2,0,32,30
1656679869175,MATH 109,B03,093479,Ganzberger; Geoffrey Michael,6,0,32,26
1656679875216,MATH 142A,A01,083219,Chow; Bennett,3,0,32,29
1656679875216,MATH 142A,A02,083220,Chow; Bennett,9,0,32,23
1656679875216,MATH 142A,A03,093480,Chow; Bennett,6,0,32,26
1656679875216,MATH 142A,B03,093481,Chow; Bennett,5,0,32,27
1656679875216,MATH 142A,B04,093558,Chow; Bennett,10,0,32,22
1656679875216,MATH 142A,B05,093559,Chow; Bennett,4,0,32,28
1656679881246,MATH 193A,A01,083224,Rotar; Vladimir,3,0,34,31
1656679881246,MATH 193A,A02,083225,Rotar; Vladimir,2,0,34,32
1656679881246,MATH 193A,A03,083781,Rotar; Vladimir,0,0,34,34
1656679881246,MATH 193A,A04,083782,Rotar; Vladimir,4,0,34,30
1656679881246,MATH 193A,A05,093482,Rotar; Vladimir,5,0,34,29
1656679887285,MATH 197,001,091859,McAuley; Julian John,9999,0,9999,0
1656679887285,MATH 197,002,095566,Kedlaya; Kiran S.,9997,0,9999,2
1656679887285,MATH 197,003,095567,Xiao; Ming,9999,0,9999,0
1656679887285,MATH 197,004,095571,Perols; Johan Lars,9998,0,9999,1
1656679894359,COGS 9,A01,083615,Shannon; Kyle Michael,5,0,75,70
1656679900391,COGS 11,A01,083617,Boyle; Mary E. T.,17,0,48,31
1656679906417,COGS 13,A01,083071,Bastos; Amalia Pinkusfeld,6,0,71,65
1656679912452,COGS 14A,A01,092681,Semenuks; Arturs,0,3,100,100
1656679918480,COGS 14B,A01,083073,Cheng; Tzu-Han,3,0,63,60
1656679924505,COGS 17,A01,092677,Semenuks; Arturs,4,0,81,77
1656679930533,COGS 100,A01,083619,Allen; Michael Gordon,13,0,70,57
1656679936558,COGS 101A,A01,083621,Davis; Joshua Daniel,10,0,68,58
1656679942588,COGS 101B,A01,091572,Allen; Michael Gordon,3,0,65,62
1656679948619,COGS 101C,A01,083625,Delgado; Tania,17,0,35,18
1656679954649,COGS 107A,A01,083627,Boyle; Mary E. T.,11,0,60,49
1656679960673,COGS 118A,A01,083075,Gupta; Anjum,13,0,76,63
1656679966700,CSE 3,A50,083646,Miranda; Gregory Joseph,22,0,50,28
1656679972730,CSE 8A,A50,083650,Miranda; Gregory Joseph,16,1,56,40
1656679978754,CSE 11,A01,083080,Cao; Yingjun,2,17,40,38
1656679984783,CSE 12,A01,083652,Krause-Levy; Sophia Louisa,19,1,120,101
1656679990812,CSE 15L,A01,083654,Morris; Justin Loren,8,0,50,42
1656679990812,CSE 15L,A02,083655,Morris; Justin Loren,8,0,50,42
1656679996838,CSE 20,A01,083657,Tran; Khoa Dang,35,0,80,45
1656680002864,CSE 21,A01,095574,Bach; Quang Tran,21,0,48,27
1656680008898,CSE 30,A01,083084,Eldon; John,5,0,80,75
1656680008898,CSE 30,B01,095061,Bhaskar; Nishant,3,0,50,47
1656680014923,CSE 100,A01,083659,Cao; Yingjun,1,6,70,69
1656680020952,CSE 134B,A01,083661,Powell; Thomas Allan,17,0,100,83
1656680026981,CSE 140,A01,083663,Gungor; Onat,14,0,85,71
1656680033012,CSE 140L,A01,083088,Eldon; John,16,0,100,84
1656680039041,CSE 175,A01,083665,Kumar; Rakesh,3,0,25,22
1656680045078,CSE 190,A00,092507,Dubnov; Shlomo,5,0,20,15
1656680051105,ECE 45,A01,083139,Congero; Spencer William,5,0,75,70
1656680057139,ECE 65,A50,083695,Saad; Andrew S,12,0,30,18
1656680057139,ECE 65,A51,095125,Saad; Andrew S,25,0,26,1
1656680063169,ECE 109,A01,091882,Touri; Behrouz,11,0,70,59
1656680069197,ECE 180,A00,083140,Abi Samra; Nicholas Camill,1,0,30,29
1656680069197,ECE 180,B00,083141,Abi Samra; Nicholas Camill,0,0,30,30
1656680075224,MATH 10A,A01,083735,Patchell; Gregory David,0,0,30,30
1656680075224,MATH 10A,A02,083736,Patchell; Gregory David,20,0,30,10
1656680075224,MATH 10A,A03,083737,Patchell; Gregory David,16,0,30,14
1656680081250,MATH 10B,A01,083207,Lim; Seonhee,7,0,34,27
1656680081250,MATH 10B,A02,083208,Lim; Seonhee,9,0,35,26
1656680081250,MATH 10B,A03,093472,Lim; Seonhee,3,0,34,31
1656680081250,MATH 10B,B01,083739,Sinha; Shubham,9,0,30,21
1656680087278,MATH 18,A01,083743,Cinel; Cameron Alexander,6,0,30,24
1656680087278,MATH 18,A02,083744,Cinel; Cameron Alexander,14,0,30,16
1656680087278,MATH 18,A03,083745,Cinel; Cameron Alexander,8,0,30,22
1656680087278,MATH 18,B01,083748,Rideout; David Porter,2,0,37,35
1656680087278,MATH 18,B02,083749,Rideout; David Porter,2,0,36,34
1656680087278,MATH 18,B03,083750,Rideout; David Porter,1,0,37,36
1656680087278,MATH 18,B04,083751,Rideout; David Porter,4,0,36,32
1656680087278,MATH 18,B05,093473,Rideout; David Porter,4,0,36,32
1656680087278,MATH 18,B06,093474,Rideout; David Porter,4,0,36,32
1656680093305,MATH 20A,A01,083754,Zheng; Zequn,12,0,40,28
1656680099334,MATH 20B,A01,083756,Briones; Jor-el Thomas Caparas,1,1,36,35
1656680099334,MATH 20B,A02,083757,Briones; Jor-el Thomas Caparas,0,0,36,36
1656680099334,MATH 20B,A03,093475,Briones; Jor-el Thomas Caparas,2,0,36,34
1656680105363,MATH 20C,A01,083760,Briones; Jor-el Thomas Caparas,0,0,35,35
1656680105363,MATH 20C,A02,083761,Briones; Jor-el Thomas Caparas,9,0,35,26
1656680105363,MATH 20C,A03,093476,Briones; Jor-el Thomas Caparas,0,1,36,36
1656680105363,MATH 20C,B01,083762,Bach; Quang Tran,0,0,30,30
1656680111389,MATH 20D,A01,083765,Tran; Brian Kha,3,0,30,27
1656680111389,MATH 20D,A02,083766,Tran; Brian Kha,2,0,30,28
1656680111389,MATH 20D,A03,083767,Tran; Brian Kha,1,0,30,29
1656680117426,MATH 20E,A01,083771,Ganguly; Soumya,4,0,32,28
1656680117426,MATH 20E,A02,083772,Ganguly; Soumya,3,0,32,29
1656680117426,MATH 20E,B01,083773,Ciotti; Benjamin,18,0,35,17
1656680117426,MATH 20E,B02,083774,Ciotti; Benjamin,18,0,35,17
1656680123463,MATH 103A,A01,083777,Greenfeld; Be'Eri,2,0,36,34
1656680123463,MATH 103A,A02,083778,Greenfeld; Be'Eri,5,0,36,31
1656680123463,MATH 103A,A03,093561,Greenfeld; Be'Eri,4,0,36,32
1656680123463,MATH 103A,B01,083779,Greenfeld; Be'Eri,6,0,36,30
1656680123463,MATH 103A,B02,083780,Greenfeld; Be'Eri,1,0,36,35
1656680123463,MATH 103A,B03,093562,Greenfeld; Be'Eri,2,0,36,34
1656680129492,MATH 105,A01,085443,Carter; Anne Toulson,13,0,35,22
1656680129492,MATH 105,A02,093477,Carter; Anne Toulson,20,0,35,15
1656680135525,MATH 109,A01,083213,Ganzberger; Geoffrey Michael,0,0,34,34
1656680135525,MATH 109,A02,083214,Ganzberger; Geoffrey Michael,1,0,34,33
1656680135525,MATH 109,A03,093478,Ganzberger; Geoffrey Michael,2,0,34,32
1656680135525,MATH 109,B01,083215,Ganzberger; Geoffrey Michael,1,0,32,31
1656680135525,MATH 109,B02,083216,Ganzberger; Geoffrey Michael,2,0,32,30
1656680135525,MATH 109,B03,093479,Ganzberger; Geoffrey Michael,6,0,32,26
1656680141556,MATH 142A,A01,083219,Chow; Bennett,3,0,32,29
1656680141556,MATH 142A,A02,083220,Chow; Bennett,9,0,32,23
1656680141556,MATH 142A,A03,093480,Chow; Bennett,6,0,32,26
1656680141556,MATH 142A,B03,093481,Chow; Bennett,5,0,32,27
1656680141556,MATH 142A,B04,093558,Chow; Bennett,10,0,32,22
1656680141556,MATH 142A,B05,093559,Chow; Bennett,4,0,32,28
1656680147583,MATH 193A,A01,083224,Rotar; Vladimir,3,0,34,31
1656680147583,MATH 193A,A02,083225,Rotar; Vladimir,2,0,34,32
1656680147583,MATH 193A,A03,083781,Rotar; Vladimir,0,0,34,34
1656680147583,MATH 193A,A04,083782,Rotar; Vladimir,4,0,34,30
1656680147583,MATH 193A,A05,093482,Rotar; Vladimir,5,0,34,29
1656680153608,MATH 197,001,091859,McAuley; Julian John,9999,0,9999,0
1656680153608,MATH 197,002,095566,Kedlaya; Kiran S.,9997,0,9999,2
1656680153608,MATH 197,003,095567,Xiao; Ming,9999,0,9999,0
1656680153608,MATH 197,004,095571,Perols; Johan Lars,9998,0,9999,1
1656680160681,COGS 9,A01,083615,Shannon; Kyle Michael,5,0,75,70
1656680166710,COGS 11,A01,083617,Boyle; Mary E. T.,17,0,48,31
1656680172740,COGS 13,A01,083071,Bastos; Amalia Pinkusfeld,6,0,71,65
1656680178765,COGS 14A,A01,092681,Semenuks; Arturs,0,3,100,100
1656680184792,COGS 14B,A01,083073,Cheng; Tzu-Han,3,0,63,60
1656680190818,COGS 17,A01,092677,Semenuks; Arturs,4,0,81,77
1656680196846,COGS 100,A01,083619,Allen; Michael Gordon,13,0,70,57
1656680202871,COGS 101A,A01,083621,Davis; Joshua Daniel,10,0,68,58
1656680208896,COGS 101B,A01,091572,Allen; Michael Gordon,3,0,65,62
1656680214926,COGS 101C,A01,083625,Delgado; Tania,17,0,35,18
1656680220954,COGS 107A,A01,083627,Boyle; Mary E. T.,11,0,60,49
1656680226978,COGS 118A,A01,083075,Gupta; Anjum,13,0,76,63
1656680233008,CSE 3,A50,083646,Miranda; Gregory Joseph,22,0,50,28
1656680239036,CSE 8A,A50,083650,Miranda; Gregory Joseph,16,1,56,40
1656680245061,CSE 11,A01,083080,Cao; Yingjun,2,17,40,38
1656680251086,CSE 12,A01,083652,Krause-Levy; Sophia Louisa,19,1,120,101
1656680257191,CSE 15L,A01,083654,Morris; Justin Loren,8,0,50,42
1656680257191,CSE 15L,A02,083655,Morris; Justin Loren,8,0,50,42
1656680263223,CSE 20,A01,083657,Tran; Khoa Dang,35,0,80,45
1656680269247,CSE 21,A01,095574,Bach; Quang Tran,21,0,48,27
1656680275273,CSE 30,A01,083084,Eldon; John,5,0,80,75
1656680275273,CSE 30,B01,095061,Bhaskar; Nishant,3,0,50,47
1656680281302,CSE 100,A01,083659,Cao; Yingjun,1,6,70,69
1656680287327,CSE 134B,A01,083661,Powell; Thomas Allan,17,0,100,83
1656680293356,CSE 140,A01,083663,Gungor; Onat,14,0,85,71
1656680299386,CSE 140L,A01,083088,Eldon; John,16,0,100,84
1656680305414,CSE 175,A01,083665,Kumar; Rakesh,3,0,25,22
1656680311442,CSE 190,A00,092507,Dubnov; Shlomo,5,0,20,15
1656680317464,ECE 45,A01,083139,Congero; Spencer William,5,0,75,70
1656680323508,ECE 65,A50,083695,Saad; Andrew S,12,0,30,18
1656680323508,ECE 65,A51,095125,Saad; Andrew S,25,0,26,1
1656680329532,ECE 109,A01,091882,Touri; Behrouz,11,0,70,59
1656680335561,ECE 180,A00,083140,Abi Samra; Nicholas Camill,1,0,30,29
1656680335561,ECE 180,B00,083141,Abi Samra; Nicholas Camill,0,0,30,30
1656680341587,MATH 10A,A01,083735,Patchell; Gregory David,0,0,30,30
1656680341587,MATH 10A,A02,083736,Patchell; Gregory David,20,0,30,10
1656680341587,MATH 10A,A03,083737,Patchell; Gregory David,16,0,30,14
1656680347611,MATH 10B,A01,083207,Lim; Seonhee,7,0,34,27
1656680347611,MATH 10B,A02,083208,Lim; Seonhee,9,0,35,26
1656680347611,MATH 10B,A03,093472,Lim; Seonhee,3,0,34,31
1656680347611,MATH 10B,B01,083739,Sinha; Shubham,9,0,30,21
1656680353641,MATH 18,A01,083743,Cinel; Cameron Alexander,6,0,30,24
1656680353641,MATH 18,A02,083744,Cinel; Cameron Alexander,14,0,30,16
1656680353641,MATH 18,A03,083745,Cinel; Cameron Alexander,8,0,30,22
1656680353641,MATH 18,B01,083748,Rideout; David Porter,2,0,37,35
1656680353641,MATH 18,B02,083749,Rideout; David Porter,2,0,36,34
1656680353641,MATH 18,B03,083750,Rideout; David Porter,1,0,37,36
1656680353641,MATH 18,B04,083751,Rideout; David Porter,4,0,36,32
1656680353641,MATH 18,B05,093473,Rideout; David Porter,4,0,36,32
1656680353641,MATH 18,B06,093474,Rideout; David Porter,4,0,36,32
1656680359669,MATH 20A,A01,083754,Zheng; Zequn,12,0,40,28
1656680365695,MATH 20B,A01,083756,Briones; Jor-el Thomas Caparas,1,1,36,35
1656680365695,MATH 20B,A02,083757,Briones; Jor-el Thomas Caparas,0,0,36,36
1656680365695,MATH 20B,A03,093475,Briones; Jor-el Thomas Caparas,2,0,36,34
1656680371725,MATH 20C,A01,083760,Briones; Jor-el Thomas Caparas,0,0,35,35
1656680371725,MATH 20C,A02,083761,Briones; Jor-el Thomas Caparas,9,0,35,26
1656680371725,MATH 20C,A03,093476,Briones; Jor-el Thomas Caparas,0,1,36,36
1656680371725,MATH 20C,B01,083762,Bach; Quang Tran,0,0,30,30
1656680377753,MATH 20D,A01,083765,Tran; Brian Kha,3,0,30,27
1656680377753,MATH 20D,A02,083766,Tran; Brian Kha,2,0,30,28
1656680377753,MATH 20D,A03,083767,Tran; Brian Kha,1,0,30,29
1656680383777,MATH 20E,A01,083771,Ganguly; Soumya,4,0,32,28
1656680383777,MATH 20E,A02,083772,Ganguly; Soumya,3,0,32,29
1656680383777,MATH 20E,B01,083773,Ciotti; Benjamin,18,0,35,17
1656680383777,MATH 20E,B02,083774,Ciotti; Benjamin,18,0,35,17
1656680389802,MATH 103A,A01,083777,Greenfeld; Be'Eri,2,0,36,34
1656680389802,MATH 103A,A02,083778,Greenfeld; Be'Eri,5,0,36,31
1656680389802,MATH 103A,A03,093561,Greenfeld; Be'Eri,4,0,36,32
1656680389802,MATH 103A,B01,083779,Greenfeld; Be'Eri,6,0,36,30
1656680389802,MATH 103A,B02,083780,Greenfeld; Be'Eri,1,0,36,35
1656680389802,MATH 103A,B03,093562,Greenfeld; Be'Eri,2,0,36,34
1656680395825,MATH 105,A01,085443,Carter; Anne Toulson,13,0,35,22
1656680395825,MATH 105,A02,093477,Carter; Anne Toulson,20,0,35,15
1656680401854,MATH 109,A01,083213,Ganzberger; Geoffrey Michael,0,0,34,34
1656680401854,MATH 109,A02,083214,Ganzberger; Geoffrey Michael,1,0,34,33
1656680401854,MATH 109,A03,093478,Ganzberger; Geoffrey Michael,2,0,34,32
1656680401854,MATH 109,B01,083215,Ganzberger; Geoffrey Michael,1,0,32,31
1656680401854,MATH 109,B02,083216,Ganzberger; Geoffrey Michael,2,0,32,30
1656680401854,MATH 109,B03,093479,Ganzberger; Geoffrey Michael,6,0,32,26
1656680407879,MATH 142A,A01,083219,Chow; Bennett,3,0,32,29
1656680407879,MATH 142A,A02,083220,Chow; Bennett,9,0,32,23
1656680407879,MATH 142A,A03,093480,Chow; Bennett,6,0,32,26
1656680407879,MATH 142A,B03,093481,Chow; Bennett,5,0,32,27
1656680407879,MATH 142A,B04,093558,Chow; Bennett,10,0,32,22
1656680407879,MATH 142A,B05,093559,Chow; Bennett,4,0,32,28
1656680413905,MATH 193A,A01,083224,Rotar; Vladimir,3,0,34,31
1656680413905,MATH 193A,A02,083225,Rotar; Vladimir,2,0,34,32
1656680413905,MATH 193A,A03,083781,Rotar; Vladimir,0,0,34,34
1656680413905,MATH 193A,A04,083782,Rotar; Vladimir,4,0,34,30
1656680413905,MATH 193A,A05,093482,Rotar; Vladimir,5,0,34,29
1656680419929,MATH 197,001,091859,McAuley; Julian John,9999,0,9999,0
1656680419929,MATH 197,002,095566,Kedlaya; Kiran S.,9997,0,9999,2
1656680419929,MATH 197,003,095567,Xiao; Ming,9999,0,9999,0
1656680419929,MATH 197,004,095571,Perols; Johan Lars,9998,0,9999,1
1656680427003,COGS 9,A01,083615,Shannon; Kyle Michael,5,0,75,70
1656680433037,COGS 11,A01,083617,Boyle; Mary E. T.,17,0,48,31
1656680439075,COGS 13,A01,083071,Bastos; Amalia Pinkusfeld,6,0,71,65
1656680445101,COGS 14A,A01,092681,Semenuks; Arturs,0,3,100,100
1656680451130,COGS 14B,A01,083073,Cheng; Tzu-Han,3,0,63,60
1656680457158,COGS 17,A01,092677,Semenuks; Arturs,4,0,81,77
1656680463183,COGS 100,A01,083619,Allen; Michael Gordon,13,0,70,57
1656680469212,COGS 101A,A01,083621,Davis; Joshua Daniel,10,0,68,58
1656680475239,COGS 101B,A01,091572,Allen; Michael Gordon,3,0,65,62
1656680481278,COGS 101C,A01,083625,Delgado; Tania,17,0,35,18
1656680487312,COGS 107A,A01,083627,Boyle; Mary E. T.,11,0,60,49
1656680493342,COGS 118A,A01,083075,Gupta; Anjum,13,0,76,63
1656680499375,CSE 3,A50,083646,Miranda; Gregory Joseph,22,0,50,28
1656680505405,CSE 8A,A50,083650,Miranda; Gregory Joseph,16,1,56,40
1656680511431,CSE 11,A01,083080,Cao; Yingjun,2,17,40,38
1656680517460,CSE 12,A01,083652,Krause-Levy; Sophia Louisa,19,1,120,101
1656680523491,CSE 15L,A01,083654,Morris; Justin Loren,8,0,50,42
1656680523491,CSE 15L,A02,083655,Morris; Justin Loren,8,0,50,42
1656680529515,CSE 20,A01,083657,Tran; Khoa Dang,35,0,80,45
1656680535544,CSE 21,A01,095574,Bach; Quang Tran,21,0,48,27
1656680541574,CSE 30,A01,083084,Eldon; John,5,0,80,75
1656680541574,CSE 30,B01,095061,Bhaskar; Nishant,3,0,50,47
1656680547598,CSE 100,A01,083659,Cao; Yingjun,1,6,70,69
1656680553623,CSE 134B,A01,083661,Powell; Thomas Allan,17,0,100,83
1656680559650,CSE 140,A01,083663,Gungor; Onat,14,0,85,71
1656680565676,CSE 140L,A01,083088,Eldon; John,16,0,100,84
1656680571703,CSE 175,A01,083665,Kumar; Rakesh,3,0,25,22
1656680577728,CSE 190,A00,092507,Dubnov; Shlomo,5,0,20,15
1656680583754,ECE 45,A01,083139,Congero; Spencer William,5,0,75,70
1656680589789,ECE 65,A50,083695,Saad; Andrew S,12,0,30,18
1656680589789,ECE 65,A51,095125,Saad; Andrew S,25,0,26,1
1656680595818,ECE 109,A01,091882,Touri; Behrouz,11,0,70,59
1656680601858,ECE 180,A00,083140,Abi Samra; Nicholas Camill,1,0,30,29
1656680601858,ECE 180,B00,083141,Abi Samra; Nicholas Camill,0,0,30,30
1656680607887,MATH 10A,A01,083735,Patchell; Gregory David,0,0,30,30
1656680607887,MATH 10A,A02,083736,Patchell; Gregory David,20,0,30,10
1656680607887,MATH 10A,A03,083737,Patchell; Gregory David,16,0,30,14
1656680613913,MATH 10B,A01,083207,Lim; Seonhee,7,0,34,27
1656680613913,MATH 10B,A02,083208,Lim; Seonhee,9,0,35,26
1656680613913,MATH 10B,A03,093472,Lim; Seonhee,3,0,34,31
1656680613913,MATH 10B,B01,083739,Sinha; Shubham,9,0,30,21
1656680619942,MATH 18,A01,083743,Cinel; Cameron Alexander,6,0,30,24
1656680619942,MATH 18,A02,083744,Cinel; Cameron Alexander,14,0,30,16
1656680619942,MATH 18,A03,083745,Cinel; Cameron Alexander,8,0,30,22
1656680619942,MATH 18,B01,083748,Rideout; David Porter,2,0,37,35
1656680619942,MATH 18,B02,083749,Rideout; David Porter,2,0,36,34
1656680619942,MATH 18,B03,083750,Rideout; David Porter,1,0,37,36
1656680619942,MATH 18,B04,083751,Rideout; David Porter,4,0,36,32
1656680619942,MATH 18,B05,093473,Rideout; David Porter,4,0,36,32
1656680619942,MATH 18,B06,093474,Rideout; David Porter,4,0,36,32
1656680625969,MATH 20A,A01,083754,Zheng; Zequn,12,0,40,28
1656680631996,MATH 20B,A01,083756,Briones; Jor-el Thomas Caparas,1,1,36,35
1656680631996,MATH 20B,A02,083757,Briones; Jor-el Thomas Caparas,0,0,36,36
1656680631996,MATH 20B,A03,093475,Briones; Jor-el Thomas Caparas,2,0,36,34
1656680638024,MATH 20C,A01,083760,Briones; Jor-el Thomas Caparas,0,0,35,35
1656680638024,MATH 20C,A02,083761,Briones; Jor-el Thomas Caparas,9,0,35,26
1656680638024,MATH 20C,A03,093476,Briones; Jor-el Thomas Caparas,0,1,36,36
1656680638024,MATH 20C,B01,083762,Bach; Quang Tran,0,0,30,30
1656680644055,MATH 20D,A01,083765,Tran; Brian Kha,3,0,30,27
1656680644055,MATH 20D,A02,083766,Tran; Brian Kha,2,0,30,28
1656680644055,MATH 20D,A03,083767,Tran; Brian Kha,1,0,30,29
1656680650089,MATH 20E,A01,083771,Ganguly; Soumya,4,0,32,28
1656680650089,MATH 20E,A02,083772,Ganguly; Soumya,3,0,32,29
1656680650089,MATH 20E,B01,083773,Ciotti; Benjamin,18,0,35,17
1656680650089,MATH 20E,B02,083774,Ciotti; Benjamin,18,0,35,17
1656680656114,MATH 103A,A01,083777,Greenfeld; Be'Eri,2,0,36,34
1656680656114,MATH 103A,A02,083778,Greenfeld; Be'Eri,5,0,36,31
1656680656114,MATH 103A,A03,093561,Greenfeld; Be'Eri,4,0,36,32
1656680656114,MATH 103A,B01,083779,Greenfeld; Be'Eri,6,0,36,30
1656680656114,MATH 103A,B02,083780,Greenfeld; Be'Eri,1,0,36,35
1656680656114,MATH 103A,B03,093562,Greenfeld; Be'Eri,2,0,36,34
1656680662138,MATH 105,A01,085443,Carter; Anne Toulson,13,0,35,22
1656680662138,MATH 105,A02,093477,Carter; Anne Toulson,20,0,35,15
1656680668164,MATH 109,A01,083213,Ganzberger; Geoffrey Michael,0,0,34,34
1656680668164,MATH 109,A02,083214,Ganzberger; Geoffrey Michael,1,0,34,33
1656680668164,MATH 109,A03,093478,Ganzberger; Geoffrey Michael,2,0,34,32
1656680668164,MATH 109,B01,083215,Ganzberger; Geoffrey Michael,1,0,32,31
1656680668164,MATH 109,B02,083216,Ganzberger; Geoffrey Michael,2,0,32,30
1656680668164,MATH 109,B03,093479,Ganzberger; Geoffrey Michael,6,0,32,26
1656680674203,MATH 142A,A01,083219,Chow; Bennett,3,0,32,29
1656680674203,MATH 142A,A02,083220,Chow; Bennett,9,0,32,23
1656680674203,MATH 142A,A03,093480,Chow; Bennett,6,0,32,26
1656680674203,MATH 142A,B03,093481,Chow; Bennett,5,0,32,27
1656680674203,MATH 142A,B04,093558,Chow; Bennett,10,0,32,22
1656680674203,MATH 142A,B05,093559,Chow; Bennett,4,0,32,28
1656680680234,MATH 193A,A01,083224,Rotar; Vladimir,3,0,34,31
1656680680234,MATH 193A,A02,083225,Rotar; Vladimir,2,0,34,32
1656680680234,MATH 193A,A03,083781,Rotar; Vladimir,0,0,34,34
1656680680234,MATH 193A,A04,083782,Rotar; Vladimir,4,0,34,30
1656680680234,MATH 193A,A05,093482,Rotar; Vladimir,5,0,34,29
1656680686261,MATH 197,001,091859,McAuley; Julian John,9999,0,9999,0
1656680686261,MATH 197,002,095566,Kedlaya; Kiran S.,9997,0,9999,2
1656680686261,MATH 197,003,095567,Xiao; Ming,9999,0,9999,0
1656680686261,MATH 197,004,095571,Perols; Johan Lars,9998,0,9999,1
1656680693322,COGS 9,A01,083615,Shannon; Kyle Michael,5,0,75,70
1656680699356,COGS 11,A01,083617,Boyle; Mary E. T.,17,0,48,31
1656680705386,COGS 13,A01,083071,Bastos; Amalia Pinkusfeld,6,0,71,65
1656680711411,COGS 14A,A01,092681,Semenuks; Arturs,0,3,100,100
1656680717436,COGS 14B,A01,083073,Cheng; Tzu-Han,3,0,63,60
1656680723477,COGS 17,A01,092677,Semenuks; Arturs,4,0,81,77
1656680729505,COGS 100,A01,083619,Allen; Michael Gordon,13,0,70,57
1656680735536,COGS 101A,A01,083621,Davis; Joshua Daniel,10,0,68,58
1656680741560,COGS 101B,A01,091572,Allen; Michael Gordon,3,0,65,62
1656680747585,COGS 101C,A01,083625,Delgado; Tania,17,0,35,18
1656680753614,COGS 107A,A01,083627,Boyle; Mary E. T.,11,0,60,49
1656680759640,COGS 118A,A01,083075,Gupta; Anjum,13,0,76,63
1656680765669,CSE 3,A50,083646,Miranda; Gregory Joseph,22,0,50,28
1656680771698,CSE 8A,A50,083650,Miranda; Gregory Joseph,16,1,56,40
1656680777722,CSE 11,A01,083080,Cao; Yingjun,2,17,40,38
1656680783751,CSE 12,A01,083652,Krause-Levy; Sophia Louisa,19,1,120,101
1656680789779,CSE 15L,A01,083654,Morris; Justin Loren,8,0,50,42
1656680789779,CSE 15L,A02,083655,Morris; Justin Loren,8,0,50,42
1656680795808,CSE 20,A01,083657,Tran; Khoa Dang,35,0,80,45
1656680801833,CSE 21,A01,095574,Bach; Quang Tran,21,0,48,27
1656680807859,CSE 30,A01,083084,Eldon; John,5,0,80,75
1656680807859,CSE 30,B01,095061,Bhaskar; Nishant,3,0,50,47
1656680813884,CSE 100,A01,083659,Cao; Yingjun,1,6,70,69
1656680819907,CSE 134B,A01,083661,Powell; Thomas Allan,17,0,100,83
1656680825937,CSE 140,A01,083663,Gungor; Onat,14,0,85,71
1656680831962,CSE 140L,A01,083088,Eldon; John,16,0,100,84
1656680837988,CSE 175,A01,083665,Kumar; Rakesh,3,0,25,22
1656680844011,CSE 190,A00,092507,Dubnov; Shlomo,5,0,20,15
1656680850035,ECE 45,A01,083139,Congero; Spencer William,5,0,75,70
1656680856137,ECE 65,A50,083695,Saad; Andrew S,12,0,30,18
1656680856137,ECE 65,A51,095125,Saad; Andrew S,25,0,26,1
1656680862162,ECE 109,A01,091882,Touri; Behrouz,11,0,70,59
1656680868188,ECE 180,A00,083140,Abi Samra; Nicholas Camill,1,0,30,29
1656680868188,ECE 180,B00,083141,Abi Samra; Nicholas Camill,0,0,30,30
1656680874214,MATH 10A,A01,083735,Patchell; Gregory David,0,0,30,30
1656680874214,MATH 10A,A02,083736,Patchell; Gregory David,20,0,30,10
1656680874214,MATH 10A,A03,083737,Patchell; Gregory David,16,0,30,14
1656680880240,MATH 10B,A01,083207,Lim; Seonhee,7,0,34,27
1656680880240,MATH 10B,A02,083208,Lim; Seonhee,9,0,35,26
1656680880240,MATH 10B,A03,093472,Lim; Seonhee,3,0,34,31
1656680880240,MATH 10B,B01,083739,Sinha; Shubham,9,0,30,21
1656680886281,MATH 18,A01,083743,Cinel; Cameron Alexander,6,0,30,24
1656680886281,MATH 18,A02,083744,Cinel; Cameron Alexander,14,0,30,16
1656680886281,MATH 18,A03,083745,Cinel; Cameron Alexander,8,0,30,22
1656680886281,MATH 18,B01,083748,Rideout; David Porter,2,0,37,35
1656680886281,MATH 18,B02,083749,Rideout; David Porter,2,0,36,34
1656680886281,MATH 18,B03,083750,Rideout; David Porter,1,0,37,36
1656680886281,MATH 18,B04,083751,Rideout; David Porter,4,0,36,32
1656680886281,MATH 18,B05,093473,Rideout; David Porter,4,0,36,32
1656680886281,MATH 18,B06,093474,Rideout; David Porter,4,0,36,32
1656680892310,MATH 20A,A01,083754,Zheng; Zequn,12,0,40,28
1656680898335,MATH 20B,A01,083756,Briones; Jor-el Thomas Caparas,1,1,36,35
1656680898335,MATH 20B,A02,083757,Briones; Jor-el Thomas Caparas,0,0,36,36
1656680898335,MATH 20B,A03,093475,Briones; Jor-el Thomas Caparas,2,0,36,34
1656680904364,MATH 20C,A01,083760,Briones; Jor-el Thomas Caparas,0,0,35,35
1656680904364,MATH 20C,A02,083761,Briones; Jor-el Thomas Caparas,9,0,35,26
1656680904364,MATH 20C,A03,093476,Briones; Jor-el Thomas Caparas,0,1,36,36
1656680904364,MATH 20C,B01,083762,Bach; Quang Tran,0,0,30,30
1656680910389,MATH 20D,A01,083765,Tran; Brian Kha,3,0,30,27
1656680910389,MATH 20D,A02,083766,Tran; Brian Kha,2,0,30,28
1656680910389,MATH 20D,A03,083767,Tran; Brian Kha,1,0,30,29
1656680916413,MATH 20E,A01,083771,Ganguly; Soumya,4,0,32,28
1656680916413,MATH 20E,A02,083772,Ganguly; Soumya,3,0,32,29
1656680916413,MATH 20E,B01,083773,Ciotti; Benjamin,18,0,35,17
1656680916413,MATH 20E,B02,083774,Ciotti; Benjamin,18,0,35,17
1656680922438,MATH 103A,A01,083777,Greenfeld; Be'Eri,2,0,36,34
1656680922438,MATH 103A,A02,083778,Greenfeld; Be'Eri,5,0,36,31
1656680922438,MATH 103A,A03,093561,Greenfeld; Be'Eri,4,0,36,32
1656680922438,MATH 103A,B01,083779,Greenfeld; Be'Eri,6,0,36,30
1656680922438,MATH 103A,B02,083780,Greenfeld; Be'Eri,1,0,36,35
1656680922438,MATH 103A,B03,093562,Greenfeld; Be'Eri,2,0,36,34
1656680928466,MATH 105,A01,085443,Carter; Anne Toulson,13,0,35,22
1656680928466,MATH 105,A02,093477,Carter; Anne Toulson,20,0,35,15
1656680934492,MATH 109,A01,083213,Ganzberger; Geoffrey Michael,0,0,34,34
1656680934492,MATH 109,A02,083214,Ganzberger; Geoffrey Michael,1,0,34,33
1656680934492,MATH 109,A03,093478,Ganzberger; Geoffrey Michael,2,0,34,32
1656680934492,MATH 109,B01,083215,Ganzberger; Geoffrey Michael,1,0,32,31
1656680934492,MATH 109,B02,083216,Ganzberger; Geoffrey Michael,2,0,32,30
1656680934492,MATH 109,B03,093479,Ganzberger; Geoffrey Michael,6,0,32,26
1656680940518,MATH 142A,A01,083219,Chow; Bennett,3,0,32,29
1656680940518,MATH 142A,A02,083220,Chow; Bennett,9,0,32,23
1656680940518,MATH 142A,A03,093480,Chow; Bennett,6,0,32,26
1656680940518,MATH 142A,B03,093481,Chow; Bennett,5,0,32,27
1656680940518,MATH 142A,B04,093558,Chow; Bennett,10,0,32,22
1656680940518,MATH 142A,B05,093559,Chow; Bennett,4,0,32,28
1656680946548,MATH 193A,A01,083224,Rotar; Vladimir,3,0,34,31
1656680946548,MATH 193A,A02,083225,Rotar; Vladimir,2,0,34,32
1656680946548,MATH 193A,A03,083781,Rotar; Vladimir,0,0,34,34
1656680946548,MATH 193A,A04,083782,Rotar; Vladimir,4,0,34,30
1656680946548,MATH 193A,A05,093482,Rotar; Vladimir,5,0,34,29
1656680952579,MATH 197,001,091859,McAuley; Julian John,9999,0,9999,0
1656680952579,MATH 197,002,095566,Kedlaya; Kiran S.,9997,0,9999,2
1656680952579,MATH 197,003,095567,Xiao; Ming,9999,0,9999,0
1656680952579,MATH 197,004,095571,Perols; Johan Lars,9998,0,9999,1
1656680959641,COGS 9,A01,083615,Shannon; Kyle Michael,5,0,75,70
1656680965664,COGS 11,A01,083617,Boyle; Mary E. T.,17,0,48,31
1656680971691,COGS 13,A01,083071,Bastos; Amalia Pinkusfeld,6,0,71,65
1656680977715,COGS 14A,A01,092681,Semenuks; Arturs,0,3,100,100
1656680983740,COGS 14B,A01,083073,Cheng; Tzu-Han,3,0,63,60
1656680989762,COGS 17,A01,092677,Semenuks; Arturs,4,0,81,77
1656680995785,COGS 100,A01,083619,Allen; Michael Gordon,13,0,70,57
1656681001820,COGS 101A,A01,083621,Davis; Joshua Daniel,10,0,68,58
1656681007846,COGS 101B,A01,091572,Allen; Michael Gordon,3,0,65,62
1656681013871,COGS 101C,A01,083625,Delgado; Tania,17,0,35,18
1656681019900,COGS 107A,A01,083627,Boyle; Mary E. T.,11,0,60,49
1656681025925,COGS 118A,A01,083075,Gupta; Anjum,13,0,76,63
1656681031950,CSE 3,A50,083646,Miranda; Gregory Joseph,22,0,50,28
1656681037973,CSE 8A,A50,083650,Miranda; Gregory Joseph,16,1,56,40
1656681044001,CSE 11,A01,083080,Cao; Yingjun,2,17,40,38
1656681050025,CSE 12,A01,083652,Krause-Levy; Sophia Louisa,19,1,120,101
1656681056054,CSE 15L,A01,083654,Morris; Justin Loren,8,0,50,42
1656681056054,CSE 15L,A02,083655,Morris; Justin Loren,8,0,50,42
1656681062083,CSE 20,A01,083657,Tran; Khoa Dang,35,0,80,45
1656681068110,CSE 21,A01,095574,Bach; Quang Tran,21,0,48,27
1656681074136,CSE 30,A01,083084,Eldon; John,5,0,80,75
1656681074136,CSE 30,B01,095061,Bhaskar; Nishant,3,0,50,47
1656681080160,CSE 100,A01,083659,Cao; Yingjun,1,6,70,69
1656681086186,CSE 134B,A01,083661,Powell; Thomas Allan,17,0,100,83
1656681092214,CSE 140,A01,083663,Gungor; Onat,14,0,85,71
1656681098242,CSE 140L,A01,083088,Eldon; John,16,0,100,84
1656681104267,CSE 175,A01,083665,Kumar; Rakesh,3,0,25,22
1656681110294,CSE 190,A00,092507,Dubnov; Shlomo,5,0,20,15
1656681116327,ECE 45,A01,083139,Congero; Spencer William,5,0,75,70
1656681122353,ECE 65,A50,083695,Saad; Andrew S,12,0,30,18
1656681122353,ECE 65,A51,095125,Saad; Andrew S,25,0,26,1
1656681128399,ECE 109,A01,091882,Touri; Behrouz,11,0,70,59
1656681134426,ECE 180,A00,083140,Abi Samra; Nicholas Camill,1,0,30,29
1656681134426,ECE 180,B00,083141,Abi Samra; Nicholas Camill,0,0,30,30
1656681140451,MATH 10A,A01,083735,Patchell; Gregory David,0,0,30,30
1656681140451,MATH 10A,A02,083736,Patchell; Gregory David,20,0,30,10
1656681140451,MATH 10A,A03,083737,Patchell; Gregory David,16,0,30,14
1656681146480,MATH 10B,A01,083207,Lim; Seonhee,7,0,34,27
1656681146480,MATH 10B,A02,083208,Lim; Seonhee,9,0,35,26
1656681146480,MATH 10B,A03,093472,Lim; Seonhee,3,0,34,31
1656681146480,MATH 10B,B01,083739,Sinha; Shubham,9,0,30,21
1656681152507,MATH 18,A01,083743,Cinel; Cameron Alexander,6,0,30,24
1656681152507,MATH 18,A02,083744,Cinel; Cameron Alexander,14,0,30,16
1656681152507,MATH 18,A03,083745,Cinel; Cameron Alexander,8,0,30,22
1656681152507,MATH 18,B01,083748,Rideout; David Porter,2,0,37,35
1656681152507,MATH 18,B02,083749,Rideout; David Porter,2,0,36,34
1656681152507,MATH 18,B03,083750,Rideout; David Porter,1,0,37,36
1656681152507,MATH 18,B04,083751,Rideout; David Porter,4,0,36,32
1656681152507,MATH 18,B05,093473,Rideout; David Porter,3,0,36,33
1656681152507,MATH 18,B06,093474,Rideout; David Porter,4,0,36,32
1656681158535,MATH 20A,A01,083754,Zheng; Zequn,12,0,40,28
1656681164559,MATH 20B,A01,083756,Briones; Jor-el Thomas Caparas,1,1,36,35
1656681164559,MATH 20B,A02,083757,Briones; Jor-el Thomas Caparas,0,0,36,36
1656681164559,MATH 20B,A03,093475,Briones; Jor-el Thomas Caparas,2,0,36,34
1656681170590,MATH 20C,A01,083760,Briones; Jor-el Thomas Caparas,0,0,35,35
1656681170590,MATH 20C,A02,083761,Briones; Jor-el Thomas Caparas,9,0,35,26
1656681170590,MATH 20C,A03,093476,Briones; Jor-el Thomas Caparas,0,1,36,36
1656681170590,MATH 20C,B01,083762,Bach; Quang Tran,0,0,30,30
1656681176621,MATH 20D,A01,083765,Tran; Brian Kha,3,0,30,27
1656681176621,MATH 20D,A02,083766,Tran; Brian Kha,2,0,30,28
1656681176621,MATH 20D,A03,083767,Tran; Brian Kha,1,0,30,29
1656681182646,MATH 20E,A01,083771,Ganguly; Soumya,4,0,32,28
1656681182646,MATH 20E,A02,083772,Ganguly; Soumya,3,0,32,29
1656681182646,MATH 20E,B01,083773,Ciotti; Benjamin,18,0,35,17
1656681182646,MATH 20E,B02,083774,Ciotti; Benjamin,18,0,35,17
1656681188673,MATH 103A,A01,083777,Greenfeld; Be'Eri,2,0,36,34
1656681188673,MATH 103A,A02,083778,Greenfeld; Be'Eri,5,0,36,31
1656681188673,MATH 103A,A03,093561,Greenfeld; Be'Eri,4,0,36,32
1656681188673,MATH 103A,B01,083779,Greenfeld; Be'Eri,6,0,36,30
1656681188673,MATH 103A,B02,083780,Greenfeld; Be'Eri,1,0,36,35
1656681188673,MATH 103A,B03,093562,Greenfeld; Be'Eri,2,0,36,34
1656681194697,MATH 105,A01,085443,Carter; Anne Toulson,13,0,35,22
1656681194697,MATH 105,A02,093477,Carter; Anne Toulson,20,0,35,15
1656681200737,MATH 109,A01,083213,Ganzberger; Geoffrey Michael,0,0,34,34
1656681200737,MATH 109,A02,083214,Ganzberger; Geoffrey Michael,1,0,34,33
1656681200737,MATH 109,A03,093478,Ganzberger; Geoffrey Michael,2,0,34,32
1656681200737,MATH 109,B01,083215,Ganzberger; Geoffrey Michael,1,0,32,31
1656681200737,MATH 109,B02,083216,Ganzberger; Geoffrey Michael,2,0,32,30
1656681200737,MATH 109,B03,093479,Ganzberger; Geoffrey Michael,6,0,32,26
1656681206762,MATH 142A,A01,083219,Chow; Bennett,3,0,32,29
1656681206762,MATH 142A,A02,083220,Chow; Bennett,9,0,32,23
1656681206762,MATH 142A,A03,093480,Chow; Bennett,6,0,32,26
1656681206762,MATH 142A,B03,093481,Chow; Bennett,5,0,32,27
1656681206762,MATH 142A,B04,093558,Chow; Bennett,10,0,32,22
1656681206762,MATH 142A,B05,093559,Chow; Bennett,4,0,32,28
1656681212791,MATH 193A,A01,083224,Rotar; Vladimir,3,0,34,31
1656681212791,MATH 193A,A02,083225,Rotar; Vladimir,2,0,34,32
1656681212791,MATH 193A,A03,083781,Rotar; Vladimir,0,0,34,34
1656681212791,MATH 193A,A04,083782,Rotar; Vladimir,4,0,34,30
1656681212791,MATH 193A,A05,093482,Rotar; Vladimir,5,0,34,29
1656681218820,MATH 197,001,091859,McAuley; Julian John,9999,0,9999,0
1656681218820,MATH 197,002,095566,Kedlaya; Kiran S.,9997,0,9999,2
1656681218820,MATH 197,003,095567,Xiao; Ming,9999,0,9999,0
1656681218820,MATH 197,004,095571,Perols; Johan Lars,9998,0,9999,1
1656681225891,COGS 9,A01,083615,Shannon; Kyle Michael,5,0,75,70
1656681231915,COGS 11,A01,083617,Boyle; Mary E. T.,17,0,48,31
1656681237941,COGS 13,A01,083071,Bastos; Amalia Pinkusfeld,6,0,71,65
1656681243967,COGS 14A,A01,092681,Semenuks; Arturs,0,3,100,100
1656681249993,COGS 14B,A01,083073,Cheng; Tzu-Han,3,0,63,60
1656681256019,COGS 17,A01,092677,Semenuks; Arturs,4,0,81,77
1656681262050,COGS 100,A01,083619,Allen; Michael Gordon,13,0,70,57
1656681268076,COGS 101A,A01,083621,Davis; Joshua Daniel,10,0,68,58
1656681274100,COGS 101B,A01,091572,Allen; Michael Gordon,3,0,65,62
1656681280130,COGS 101C,A01,083625,Delgado; Tania,17,0,35,18
1656681286157,COGS 107A,A01,083627,Boyle; Mary E. T.,11,0,60,49
1656681292181,COGS 118A,A01,083075,Gupta; Anjum,13,0,76,63
1656681298206,CSE 3,A50,083646,Miranda; Gregory Joseph,22,0,50,28
1656681304233,CSE 8A,A50,083650,Miranda; Gregory Joseph,16,1,56,40
1656681310260,CSE 11,A01,083080,Cao; Yingjun,2,17,40,38
1656681316289,CSE 12,A01,083652,Krause-Levy; Sophia Louisa,19,1,120,101
1656681322316,CSE 15L,A01,083654,Morris; Justin Loren,8,0,50,42
1656681322316,CSE 15L,A02,083655,Morris; Justin Loren,8,0,50,42
1656681328343,CSE 20,A01,083657,Tran; Khoa Dang,35,0,80,45
1656681334372,CSE 21,A01,095574,Bach; Quang Tran,21,0,48,27
1656681340398,CSE 30,A01,083084,Eldon; John,5,0,80,75
1656681340398,CSE 30,B01,095061,Bhaskar; Nishant,3,0,50,47
1656681346424,CSE 100,A01,083659,Cao; Yingjun,1,6,70,69
1656681352452,CSE 134B,A01,083661,Powell; Thomas Allan,17,0,100,83
1656681358486,CSE 140,A01,083663,Gungor; Onat,14,0,85,71
1656681364511,CSE 140L,A01,083088,Eldon; John,16,0,100,84
1656681370534,CSE 175,A01,083665,Kumar; Rakesh,3,0,25,22
1656681376562,CSE 190,A00,092507,Dubnov; Shlomo,5,0,20,15
1656681382588,ECE 45,A01,083139,Congero; Spencer William,5,0,75,70
1656681388616,ECE 65,A50,083695,Saad; Andrew S,12,0,30,18
1656681388616,ECE 65,A51,095125,Saad; Andrew S,25,0,26,1
1656681394638,ECE 109,A01,091882,Touri; Behrouz,11,0,70,59
1656681400664,ECE 180,A00,083140,Abi Samra; Nicholas Camill,1,0,30,29
1656681400664,ECE 180,B00,083141,Abi Samra; Nicholas Camill,0,0,30,30
1656681406689,MATH 10A,A01,083735,Patchell; Gregory David,0,0,30,30
1656681406689,MATH 10A,A02,083736,Patchell; Gregory David,20,0,30,10
1656681406689,MATH 10A,A03,083737,Patchell; Gregory David,16,0,30,14
1656681412713,MATH 10B,A01,083207,Lim; Seonhee,7,0,34,27
1656681412713,MATH 10B,A02,083208,Lim; Seonhee,9,0,35,26
1656681412713,MATH 10B,A03,093472,Lim; Seonhee,3,0,34,31
1656681412713,MATH 10B,B01,083739,Sinha; Shubham,9,0,30,21
1656681418737,MATH 18,A01,083743,Cinel; Cameron Alexander,6,0,30,24
1656681418737,MATH 18,A02,083744,Cinel; Cameron Alexander,14,0,30,16
1656681418737,MATH 18,A03,083745,Cinel; Cameron Alexander,8,0,30,22
1656681418737,MATH 18,B01,083748,Rideout; David Porter,2,0,37,35
1656681418737,MATH 18,B02,083749,Rideout; David Porter,2,0,36,34
1656681418737,MATH 18,B03,083750,Rideout; David Porter,1,0,37,36
1656681418737,MATH 18,B04,083751,Rideout; David Porter,4,0,36,32
1656681418737,MATH 18,B05,093473,Rideout; David Porter,4,0,36,32
1656681418737,MATH 18,B06,093474,Rideout; David Porter,4,0,36,32
1656681424761,MATH 20A,A01,083754,Zheng; Zequn,12,0,40,28
1656681430789,MATH 20B,A01,083756,Briones; Jor-el Thomas Caparas,1,1,36,35
1656681430789,MATH 20B,A02,083757,Briones; Jor-el Thomas Caparas,0,0,36,36
1656681430789,MATH 20B,A03,093475,Briones; Jor-el Thomas Caparas,2,0,36,34
1656681436818,MATH 20C,A01,083760,Briones; Jor-el Thomas Caparas,0,0,35,35
1656681436818,MATH 20C,A02,083761,Briones; Jor-el Thomas Caparas,9,0,35,26
1656681436818,MATH 20C,A03,093476,Briones; Jor-el Thomas Caparas,0,1,36,36
1656681436818,MATH 20C,B01,083762,Bach; Quang Tran,0,0,30,30
1656681442842,MATH 20D,A01,083765,Tran; Brian Kha,3,0,30,27
1656681442842,MATH 20D,A02,083766,Tran; Brian Kha,2,0,30,28
1656681442842,MATH 20D,A03,083767,Tran; Brian Kha,1,0,30,29
1656681448868,MATH 20E,A01,083771,Ganguly; Soumya,4,0,32,28
1656681448868,MATH 20E,A02,083772,Ganguly; Soumya,3,0,32,29
1656681448868,MATH 20E,B01,083773,Ciotti; Benjamin,18,0,35,17
1656681448868,MATH 20E,B02,083774,Ciotti; Benjamin,18,0,35,17
1656681454968,MATH 103A,A01,083777,Greenfeld; Be'Eri,2,0,36,34
1656681454968,MATH 103A,A02,083778,Greenfeld; Be'Eri,5,0,36,31
1656681454968,MATH 103A,A03,093561,Greenfeld; Be'Eri,4,0,36,32
1656681454968,MATH 103A,B01,083779,Greenfeld; Be'Eri,6,0,36,30
1656681454968,MATH 103A,B02,083780,Greenfeld; Be'Eri,1,0,36,35
1656681454968,MATH 103A,B03,093562,Greenfeld; Be'Eri,2,0,36,34
1656681460992,MATH 105,A01,085443,Carter; Anne Toulson,13,0,35,22
1656681460992,MATH 105,A02,093477,Carter; Anne Toulson,20,0,35,15
1656681467022,MATH 109,A01,083213,Ganzberger; Geoffrey Michael,0,0,34,34
1656681467022,MATH 109,A02,083214,Ganzberger; Geoffrey Michael,1,0,34,33
1656681467022,MATH 109,A03,093478,Ganzberger; Geoffrey Michael,2,0,34,32
1656681467022,MATH 109,B01,083215,Ganzberger; Geoffrey Michael,1,0,32,31
1656681467022,MATH 109,B02,083216,Ganzberger; Geoffrey Michael,2,0,32,30
1656681467022,MATH 109,B03,093479,Ganzberger; Geoffrey Michael,6,0,32,26
1656681473050,MATH 142A,A01,083219,Chow; Bennett,3,0,32,29
1656681473050,MATH 142A,A02,083220,Chow; Bennett,9,0,32,23
1656681473050,MATH 142A,A03,093480,Chow; Bennett,6,0,32,26
1656681473050,MATH 142A,B03,093481,Chow; Bennett,5,0,32,27
1656681473050,MATH 142A,B04,093558,Chow; Bennett,10,0,32,22
1656681473050,MATH 142A,B05,093559,Chow; Bennett,4,0,32,28
1656681479079,MATH 193A,A01,083224,Rotar; Vladimir,3,0,34,31
1656681479079,MATH 193A,A02,083225,Rotar; Vladimir,2,0,34,32
1656681479079,MATH 193A,A03,083781,Rotar; Vladimir,0,0,34,34
1656681479079,MATH 193A,A04,083782,Rotar; Vladimir,4,0,34,30
1656681479079,MATH 193A,A05,093482,Rotar; Vladimir,5,0,34,29
1656681485104,MATH 197,001,091859,McAuley; Julian John,9999,0,9999,0
1656681485104,MATH 197,002,095566,Kedlaya; Kiran S.,9997,0,9999,2
1656681485104,MATH 197,003,095567,Xiao; Ming,9999,0,9999,0
1656681485104,MATH 197,004,095571,Perols; Johan Lars,9998,0,9999,1
1656681492158,COGS 9,A01,083615,Shannon; Kyle Michael,5,0,75,70
1656681498186,COGS 11,A01,083617,Boyle; Mary E. T.,17,0,48,31
1656681504215,COGS 13,A01,083071,Bastos; Amalia Pinkusfeld,6,0,71,65
1656681510239,COGS 14A,A01,092681,Semenuks; Arturs,0,3,100,100
1656681516301,COGS 14B,A01,083073,Cheng; Tzu-Han,3,0,63,60
1656681522327,COGS 17,A01,092677,Semenuks; Arturs,4,0,81,77
1656681528355,COGS 100,A01,083619,Allen; Michael Gordon,13,0,70,57
1656681534382,COGS 101A,A01,083621,Davis; Joshua Daniel,10,0,68,58
1656681540408,COGS 101B,A01,091572,Allen; Michael Gordon,3,0,65,62
1656681546434,COGS 101C,A01,083625,Delgado; Tania,17,0,35,18
1656681552462,COGS 107A,A01,083627,Boyle; Mary E. T.,11,0,60,49
1656681558487,COGS 118A,A01,083075,Gupta; Anjum,13,0,76,63
1656681564515,CSE 3,A50,083646,Miranda; Gregory Joseph,22,0,50,28
1656681570544,CSE 8A,A50,083650,Miranda; Gregory Joseph,16,1,56,40
1656681576568,CSE 11,A01,083080,Cao; Yingjun,2,17,40,38
1656681582594,CSE 12,A01,083652,Krause-Levy; Sophia Louisa,19,1,120,101
1656681588619,CSE 15L,A01,083654,Morris; Justin Loren,8,0,50,42
1656681588619,CSE 15L,A02,083655,Morris; Justin Loren,8,0,50,42
1656681594647,CSE 20,A01,083657,Tran; Khoa Dang,35,0,80,45
1656681600673,CSE 21,A01,095574,Bach; Quang Tran,21,0,48,27
1656681606699,CSE 30,A01,083084,Eldon; John,5,0,80,75
1656681606699,CSE 30,B01,095061,Bhaskar; Nishant,3,0,50,47
1656681612723,CSE 100,A01,083659,Cao; Yingjun,1,6,70,69
1656681618745,CSE 134B,A01,083661,Powell; Thomas Allan,17,0,100,83
1656681624770,CSE 140,A01,083663,Gungor; Onat,14,0,85,71
1656681630795,CSE 140L,A01,083088,Eldon; John,16,0,100,84
1656681636820,CSE 175,A01,083665,Kumar; Rakesh,3,0,25,22
1656681642846,CSE 190,A00,092507,Dubnov; Shlomo,5,0,20,15
1656681648875,ECE 45,A01,083139,Congero; Spencer William,5,0,75,70
1656681654905,ECE 65,A50,083695,Saad; Andrew S,12,0,30,18
1656681654905,ECE 65,A51,095125,Saad; Andrew S,25,0,26,1
1656681660930,ECE 109,A01,091882,Touri; Behrouz,11,0,70,59
1656681666956,ECE 180,A00,083140,Abi Samra; Nicholas Camill,1,0,30,29
1656681666956,ECE 180,B00,083141,Abi Samra; Nicholas Camill,0,0,30,30
1656681672980,MATH 10A,A01,083735,Patchell; Gregory David,0,0,30,30
1656681672980,MATH 10A,A02,083736,Patchell; Gregory David,20,0,30,10
1656681672980,MATH 10A,A03,083737,Patchell; Gregory David,16,0,30,14
1656681679011,MATH 10B,A01,083207,Lim; Seonhee,7,0,34,27
1656681679011,MATH 10B,A02,083208,Lim; Seonhee,9,0,35,26
1656681679011,MATH 10B,A03,093472,Lim; Seonhee,3,0,34,31
1656681679011,MATH 10B,B01,083739,Sinha; Shubham,9,0,30,21
1656681685037,MATH 18,A01,083743,Cinel; Cameron Alexander,6,0,30,24
1656681685037,MATH 18,A02,083744,Cinel; Cameron Alexander,14,0,30,16
1656681685037,MATH 18,A03,083745,Cinel; Cameron Alexander,8,0,30,22
1656681685037,MATH 18,B01,083748,Rideout; David Porter,2,0,37,35
1656681685037,MATH 18,B02,083749,Rideout; David Porter,2,0,36,34
1656681685037,MATH 18,B03,083750,Rideout; David Porter,1,0,37,36
1656681685037,MATH 18,B04,083751,Rideout; David Porter,4,0,36,32
1656681685037,MATH 18,B05,093473,Rideout; David Porter,4,0,36,32
1656681685037,MATH 18,B06,093474,Rideout; David Porter,4,0,36,32
1656681691063,MATH 20A,A01,083754,Zheng; Zequn,12,0,40,28
1656681697088,MATH 20B,A01,083756,Briones; Jor-el Thomas Caparas,1,1,36,35
1656681697088,MATH 20B,A02,083757,Briones; Jor-el Thomas Caparas,0,0,36,36
1656681697088,MATH 20B,A03,093475,Briones; Jor-el Thomas Caparas,2,0,36,34
1656681703111,MATH 20C,A01,083760,Briones; Jor-el Thomas Caparas,0,0,35,35
1656681703111,MATH 20C,A02,083761,Briones; Jor-el Thomas Caparas,9,0,35,26
1656681703111,MATH 20C,A03,093476,Briones; Jor-el Thomas Caparas,0,1,36,36
1656681703111,MATH 20C,B01,083762,Bach; Quang Tran,0,0,30,30
1656681709136,MATH 20D,A01,083765,Tran; Brian Kha,3,0,30,27
1656681709136,MATH 20D,A02,083766,Tran; Brian Kha,2,0,30,28
1656681709136,MATH 20D,A03,083767,Tran; Brian Kha,1,0,30,29
1656681715161,MATH 20E,A01,083771,Ganguly; Soumya,4,0,32,28
1656681715161,MATH 20E,A02,083772,Ganguly; Soumya,3,0,32,29
1656681715161,MATH 20E,B01,083773,Ciotti; Benjamin,18,0,35,17
1656681715161,MATH 20E,B02,083774,Ciotti; Benjamin,18,0,35,17
1656681721188,MATH 103A,A01,083777,Greenfeld; Be'Eri,2,0,36,34
1656681721188,MATH 103A,A02,083778,Greenfeld; Be'Eri,5,0,36,31
1656681721188,MATH 103A,A03,093561,Greenfeld; Be'Eri,4,0,36,32
1656681721188,MATH 103A,B01,083779,Greenfeld; Be'Eri,6,0,36,30
1656681721188,MATH 103A,B02,083780,Greenfeld; Be'Eri,1,0,36,35
1656681721188,MATH 103A,B03,093562,Greenfeld; Be'Eri,2,0,36,34
1656681727213,MATH 105,A01,085443,Carter; Anne Toulson,13,0,35,22
1656681727213,MATH 105,A02,093477,Carter; Anne Toulson,20,0,35,15
1656681733239,MATH 109,A01,083213,Ganzberger; Geoffrey Michael,0,0,34,34
1656681733239,MATH 109,A02,083214,Ganzberger; Geoffrey Michael,1,0,34,33
1656681733239,MATH 109,A03,093478,Ganzberger; Geoffrey Michael,2,0,34,32
1656681733239,MATH 109,B01,083215,Ganzberger; Geoffrey Michael,1,0,32,31
1656681733239,MATH 109,B02,083216,Ganzberger; Geoffrey Michael,2,0,32,30
1656681733239,MATH 109,B03,093479,Ganzberger; Geoffrey Michael,6,0,32,26
1656681739264,MATH 142A,A01,083219,Chow; Bennett,3,0,32,29
1656681739264,MATH 142A,A02,083220,Chow; Bennett,9,0,32,23
1656681739264,MATH 142A,A03,093480,Chow; Bennett,6,0,32,26
1656681739264,MATH 142A,B03,093481,Chow; Bennett,5,0,32,27
1656681739264,MATH 142A,B04,093558,Chow; Bennett,10,0,32,22
1656681739264,MATH 142A,B05,093559,Chow; Bennett,4,0,32,28
1656681745290,MATH 193A,A01,083224,Rotar; Vladimir,3,0,34,31
1656681745290,MATH 193A,A02,083225,Rotar; Vladimir,2,0,34,32
1656681745290,MATH 193A,A03,083781,Rotar; Vladimir,0,0,34,34
1656681745290,MATH 193A,A04,083782,Rotar; Vladimir,4,0,34,30
1656681745290,MATH 193A,A05,093482,Rotar; Vladimir,5,0,34,29
1656681751315,MATH 197,001,091859,McAuley; Julian John,9999,0,9999,0
1656681751315,MATH 197,002,095566,Kedlaya; Kiran S.,9997,0,9999,2
1656681751315,MATH 197,003,095567,Xiao; Ming,9999,0,9999,0
1656681751315,MATH 197,004,095571,Perols; Johan Lars,9998,0,9999,1
1656681758392,COGS 9,A01,083615,Shannon; Kyle Michael,5,0,75,70
1656681764421,COGS 11,A01,083617,Boyle; Mary E. T.,17,0,48,31
1656681770446,COGS 13,A01,083071,Bastos; Amalia Pinkusfeld,6,0,71,65
1656681776470,COGS 14A,A01,092681,Semenuks; Arturs,0,3,100,100
1656681782495,COGS 14B,A01,083073,Cheng; Tzu-Han,3,0,63,60
1656681788561,COGS 17,A01,092677,Semenuks; Arturs,4,0,81,77
1656681794590,COGS 100,A01,083619,Allen; Michael Gordon,13,0,70,57
1656681800614,COGS 101A,A01,083621,Davis; Joshua Daniel,10,0,68,58
1656681806640,COGS 101B,A01,091572,Allen; Michael Gordon,3,0,65,62
1656681812668,COGS 101C,A01,083625,Delgado; Tania,17,0,35,18
1656681818696,COGS 107A,A01,083627,Boyle; Mary E. T.,11,0,60,49
1656681824721,COGS 118A,A01,083075,Gupta; Anjum,13,0,76,63
1656681830749,CSE 3,A50,083646,Miranda; Gregory Joseph,22,0,50,28
1656681836777,CSE 8A,A50,083650,Miranda; Gregory Joseph,16,1,56,40
1656681842803,CSE 11,A01,083080,Cao; Yingjun,2,17,40,38
1656681848833,CSE 12,A01,083652,Krause-Levy; Sophia Louisa,19,1,120,101
1656681854861,CSE 15L,A01,083654,Morris; Justin Loren,8,0,50,42
1656681854861,CSE 15L,A02,083655,Morris; Justin Loren,8,0,50,42
1656681860886,CSE 20,A01,083657,Tran; Khoa Dang,35,0,80,45
1656681866920,CSE 21,A01,095574,Bach; Quang Tran,21,0,48,27
1656681872944,CSE 30,A01,083084,Eldon; John,5,0,80,75
1656681872944,CSE 30,B01,095061,Bhaskar; Nishant,3,0,50,47
1656681878977,CSE 100,A01,083659,Cao; Yingjun,1,6,70,69
1656681885005,CSE 134B,A01,083661,Powell; Thomas Allan,17,0,100,83
1656681891030,CSE 140,A01,083663,Gungor; Onat,14,0,85,71
1656681897068,CSE 140L,A01,083088,Eldon; John,16,0,100,84
1656681903094,CSE 175,A01,083665,Kumar; Rakesh,3,0,25,22
1656681909124,CSE 190,A00,092507,Dubnov; Shlomo,5,0,20,15
1656681915170,ECE 45,A01,083139,Congero; Spencer William,5,0,75,70
1656681921199,ECE 65,A50,083695,Saad; Andrew S,12,0,30,18
1656681921199,ECE 65,A51,095125,Saad; Andrew S,25,0,26,1
1656681927226,ECE 109,A01,091882,Touri; Behrouz,11,0,70,59
1656681933253,ECE 180,A00,083140,Abi Samra; Nicholas Camill,1,0,30,29
1656681933253,ECE 180,B00,083141,Abi Samra; Nicholas Camill,0,0,30,30
1656681939279,MATH 10A,A01,083735,Patchell; Gregory David,0,0,30,30
1656681939279,MATH 10A,A02,083736,Patchell; Gregory David,20,0,30,10
1656681939279,MATH 10A,A03,083737,Patchell; Gregory David,16,0,30,14
1656681945314,MATH 10B,A01,083207,Lim; Seonhee,7,0,34,27
1656681945314,MATH 10B,A02,083208,Lim; Seonhee,9,0,35,26
1656681945314,MATH 10B,A03,093472,Lim; Seonhee,3,0,34,31
1656681945314,MATH 10B,B01,083739,Sinha; Shubham,9,0,30,21
1656681951379,MATH 18,A01,083743,Cinel; Cameron Alexander,6,0,30,24
1656681951379,MATH 18,A02,083744,Cinel; Cameron Alexander,14,0,30,16
1656681951379,MATH 18,A03,083745,Cinel; Cameron Alexander,8,0,30,22
1656681951379,MATH 18,B01,083748,Rideout; David Porter,2,0,37,35
1656681951379,MATH 18,B02,083749,Rideout; David Porter,2,0,36,34
1656681951379,MATH 18,B03,083750,Rideout; David Porter,1,0,37,36
1656681951379,MATH 18,B04,083751,Rideout; David Porter,4,0,36,32
1656681951379,MATH 18,B05,093473,Rideout; David Porter,4,0,36,32
1656681951379,MATH 18,B06,093474,Rideout; David Porter,4,0,36,32
1656681957408,MATH 20A,A01,083754,Zheng; Zequn,12,0,40,28
1656681963437,MATH 20B,A01,083756,Briones; Jor-el Thomas Caparas,1,1,36,35
1656681963437,MATH 20B,A02,083757,Briones; Jor-el Thomas Caparas,0,0,36,36
1656681963437,MATH 20B,A03,093475,Briones; Jor-el Thomas Caparas,2,0,36,34
1656681969464,MATH 20C,A01,083760,Briones; Jor-el Thomas Caparas,0,0,35,35
1656681969464,MATH 20C,A02,083761,Briones; Jor-el Thomas Caparas,9,0,35,26
1656681969464,MATH 20C,A03,093476,Briones; Jor-el Thomas Caparas,0,1,36,36
1656681969464,MATH 20C,B01,083762,Bach; Quang Tran,0,0,30,30
1656681975493,MATH 20D,A01,083765,Tran; Brian Kha,3,0,30,27
1656681975493,MATH 20D,A02,083766,Tran; Brian Kha,2,0,30,28
1656681975493,MATH 20D,A03,083767,Tran; Brian Kha,1,0,30,29
1656681981525,MATH 20E,A01,083771,Ganguly; Soumya,4,0,32,28
1656681981525,MATH 20E,A02,083772,Ganguly; Soumya,3,0,32,29
1656681981525,MATH 20E,B01,083773,Ciotti; Benjamin,18,0,35,17
1656681981525,MATH 20E,B02,083774,Ciotti; Benjamin,18,0,35,17
1656681987550,MATH 103A,A01,083777,Greenfeld; Be'Eri,2,0,36,34
1656681987550,MATH 103A,A02,083778,Greenfeld; Be'Eri,5,0,36,31
1656681987550,MATH 103A,A03,093561,Greenfeld; Be'Eri,4,0,36,32
1656681987550,MATH 103A,B01,083779,Greenfeld; Be'Eri,6,0,36,30
1656681987550,MATH 103A,B02,083780,Greenfeld; Be'Eri,1,0,36,35
1656681987550,MATH 103A,B03,093562,Greenfeld; Be'Eri,2,0,36,34
1656681993575,MATH 105,A01,085443,Carter; Anne Toulson,13,0,35,22
1656681993575,MATH 105,A02,093477,Carter; Anne Toulson,20,0,35,15
1656681999600,MATH 109,A01,083213,Ganzberger; Geoffrey Michael,0,0,34,34
1656681999600,MATH 109,A02,083214,Ganzberger; Geoffrey Michael,1,0,34,33
1656681999600,MATH 109,A03,093478,Ganzberger; Geoffrey Michael,2,0,34,32
1656681999600,MATH 109,B01,083215,Ganzberger; Geoffrey Michael,1,0,32,31
1656681999600,MATH 109,B02,083216,Ganzberger; Geoffrey Michael,2,0,32,30
1656681999600,MATH 109,B03,093479,Ganzberger; Geoffrey Michael,6,0,32,26
1656682005630,MATH 142A,A01,083219,Chow; Bennett,3,0,32,29
1656682005630,MATH 142A,A02,083220,Chow; Bennett,9,0,32,23
1656682005630,MATH 142A,A03,093480,Chow; Bennett,6,0,32,26
1656682005630,MATH 142A,B03,093481,Chow; Bennett,5,0,32,27
1656682005630,MATH 142A,B04,093558,Chow; Bennett,10,0,32,22
1656682005630,MATH 142A,B05,093559,Chow; Bennett,4,0,32,28
1656682011660,MATH 193A,A01,083224,Rotar; Vladimir,3,0,34,31
1656682011660,MATH 193A,A02,083225,Rotar; Vladimir,2,0,34,32
1656682011660,MATH 193A,A03,083781,Rotar; Vladimir,0,0,34,34
1656682011660,MATH 193A,A04,083782,Rotar; Vladimir,4,0,34,30
1656682011660,MATH 193A,A05,093482,Rotar; Vladimir,5,0,34,29
1656682017688,MATH 197,001,091859,McAuley; Julian John,9999,0,9999,0
1656682017688,MATH 197,002,095566,Kedlaya; Kiran S.,9997,0,9999,2
1656682017688,MATH 197,003,095567,Xiao; Ming,9999,0,9999,0
1656682017688,MATH 197,004,095571,Perols; Johan Lars,9998,0,9999,1
1656682024762,COGS 9,A01,083615,Shannon; Kyle Michael,5,0,75,70
1656682030785,COGS 11,A01,083617,Boyle; Mary E. T.,17,0,48,31
1656682036810,COGS 13,A01,083071,Bastos; Amalia Pinkusfeld,6,0,71,65
1656682042834,COGS 14A,A01,092681,Semenuks; Arturs,0,3,100,100
1656682048945,COGS 14B,A01,083073,Cheng; Tzu-Han,3,0,63,60
1656682054974,COGS 17,A01,092677,Semenuks; Arturs,4,0,81,77
1656682060998,COGS 100,A01,083619,Allen; Michael Gordon,13,0,70,57
1656682067024,COGS 101A,A01,083621,Davis; Joshua Daniel,10,0,68,58
1656682073048,COGS 101B,A01,091572,Allen; Michael Gordon,3,0,65,62
1656682079073,COGS 101C,A01,083625,Delgado; Tania,17,0,35,18
1656682085097,COGS 107A,A01,083627,Boyle; Mary E. T.,11,0,60,49
1656682091126,COGS 118A,A01,083075,Gupta; Anjum,13,0,76,63
1656682097152,CSE 3,A50,083646,Miranda; Gregory Joseph,22,0,50,28
1656682103177,CSE 8A,A50,083650,Miranda; Gregory Joseph,16,1,56,40
1656682109203,CSE 11,A01,083080,Cao; Yingjun,2,17,40,38
1656682115232,CSE 12,A01,083652,Krause-Levy; Sophia Louisa,19,1,120,101
1656682121264,CSE 15L,A01,083654,Morris; Justin Loren,8,0,50,42
1656682121264,CSE 15L,A02,083655,Morris; Justin Loren,8,0,50,42
1656682127292,CSE 20,A01,083657,Tran; Khoa Dang,35,0,80,45
1656682133316,CSE 21,A01,095574,Bach; Quang Tran,21,0,48,27
1656682139346,CSE 30,A01,083084,Eldon; John,5,0,80,75
1656682139346,CSE 30,B01,095061,Bhaskar; Nishant,3,0,50,47
1656682145374,CSE 100,A01,083659,Cao; Yingjun,1,6,70,69
1656682151400,CSE 134B,A01,083661,Powell; Thomas Allan,17,0,100,83
1656682157423,CSE 140,A01,083663,Gungor; Onat,14,0,85,71
1656682163450,CSE 140L,A01,083088,Eldon; John,16,0,100,84
1656682169477,CSE 175,A01,083665,Kumar; Rakesh,3,0,25,22
1656682175503,CSE 190,A00,092507,Dubnov; Shlomo,5,0,20,15
1656682181528,ECE 45,A01,083139,Congero; Spencer William,5,0,75,70
1656682187554,ECE 65,A50,083695,Saad; Andrew S,12,0,30,18
1656682187554,ECE 65,A51,095125,Saad; Andrew S,25,0,26,1
1656682193579,ECE 109,A01,091882,Touri; Behrouz,11,0,70,59
1656682199603,ECE 180,A00,083140,Abi Samra; Nicholas Camill,1,0,30,29
1656682199603,ECE 180,B00,083141,Abi Samra; Nicholas Camill,0,0,30,30
1656682205628,MATH 10A,A01,083735,Patchell; Gregory David,0,0,30,30
1656682205628,MATH 10A,A02,083736,Patchell; Gregory David,20,0,30,10
1656682205628,MATH 10A,A03,083737,Patchell; Gregory David,16,0,30,14
1656682211654,MATH 10B,A01,083207,Lim; Seonhee,7,0,34,27
1656682211654,MATH 10B,A02,083208,Lim; Seonhee,9,0,35,26
1656682211654,MATH 10B,A03,093472,Lim; Seonhee,3,0,34,31
1656682211654,MATH 10B,B01,083739,Sinha; Shubham,9,0,30,21
1656682217684,MATH 18,A01,083743,Cinel; Cameron Alexander,6,0,30,24
1656682217684,MATH 18,A02,083744,Cinel; Cameron Alexander,14,0,30,16
1656682217684,MATH 18,A03,083745,Cinel; Cameron Alexander,8,0,30,22
1656682217684,MATH 18,B01,083748,Rideout; David Porter,2,0,37,35
1656682217684,MATH 18,B02,083749,Rideout; David Porter,2,0,36,34
1656682217684,MATH 18,B03,083750,Rideout; David Porter,1,0,37,36
1656682217684,MATH 18,B04,083751,Rideout; David Porter,4,0,36,32
1656682217684,MATH 18,B05,093473,Rideout; David Porter,4,0,36,32
1656682217684,MATH 18,B06,093474,Rideout; David Porter,4,0,36,32
1656682223711,MATH 20A,A01,083754,Zheng; Zequn,12,0,40,28
1656682229736,MATH 20B,A01,083756,Briones; Jor-el Thomas Caparas,1,1,36,35
1656682229736,MATH 20B,A02,083757,Briones; Jor-el Thomas Caparas,0,0,36,36
1656682229736,MATH 20B,A03,093475,Briones; Jor-el Thomas Caparas,2,0,36,34
1656682235761,MATH 20C,A01,083760,Briones; Jor-el Thomas Caparas,0,0,35,35
1656682235761,MATH 20C,A02,083761,Briones; Jor-el Thomas Caparas,9,0,35,26
1656682235761,MATH 20C,A03,093476,Briones; Jor-el Thomas Caparas,0,1,36,36
1656682235761,MATH 20C,B01,083762,Bach; Quang Tran,0,0,30,30
1656682241792,MATH 20D,A01,083765,Tran; Brian Kha,3,0,30,27
1656682241792,MATH 20D,A02,083766,Tran; Brian Kha,2,0,30,28
1656682241792,MATH 20D,A03,083767,Tran; Brian Kha,1,0,30,29
1656682247826,MATH 20E,A01,083771,Ganguly; Soumya,4,0,32,28
1656682247826,MATH 20E,A02,083772,Ganguly; Soumya,3,0,32,29
1656682247826,MATH 20E,B01,083773,Ciotti; Benjamin,18,0,35,17
1656682247826,MATH 20E,B02,083774,Ciotti; Benjamin,18,0,35,17
1656682253865,MATH 103A,A01,083777,Greenfeld; Be'Eri,2,0,36,34
1656682253865,MATH 103A,A02,083778,Greenfeld; Be'Eri,5,0,36,31
1656682253865,MATH 103A,A03,093561,Greenfeld; Be'Eri,4,0,36,32
1656682253865,MATH 103A,B01,083779,Greenfeld; Be'Eri,6,0,36,30
1656682253865,MATH 103A,B02,083780,Greenfeld; Be'Eri,1,0,36,35
1656682253865,MATH 103A,B03,093562,Greenfeld; Be'Eri,2,0,36,34
1656682259891,MATH 105,A01,085443,Carter; Anne Toulson,13,0,35,22
1656682259891,MATH 105,A02,093477,Carter; Anne Toulson,20,0,35,15
1656682265916,MATH 109,A01,083213,Ganzberger; Geoffrey Michael,0,0,34,34
1656682265916,MATH 109,A02,083214,Ganzberger; Geoffrey Michael,1,0,34,33
1656682265916,MATH 109,A03,093478,Ganzberger; Geoffrey Michael,2,0,34,32
1656682265916,MATH 109,B01,083215,Ganzberger; Geoffrey Michael,1,0,32,31
1656682265916,MATH 109,B02,083216,Ganzberger; Geoffrey Michael,2,0,32,30
1656682265916,MATH 109,B03,093479,Ganzberger; Geoffrey Michael,6,0,32,26
1656682271950,MATH 142A,A01,083219,Chow; Bennett,3,0,32,29
1656682271950,MATH 142A,A02,083220,Chow; Bennett,9,0,32,23
1656682271950,MATH 142A,A03,093480,Chow; Bennett,6,0,32,26
1656682271950,MATH 142A,B03,093481,Chow; Bennett,5,0,32,27
1656682271950,MATH 142A,B04,093558,Chow; Bennett,10,0,32,22
1656682271950,MATH 142A,B05,093559,Chow; Bennett,4,0,32,28
1656682277976,MATH 193A,A01,083224,Rotar; Vladimir,3,0,34,31
1656682277976,MATH 193A,A02,083225,Rotar; Vladimir,2,0,34,32
1656682277976,MATH 193A,A03,083781,Rotar; Vladimir,0,0,34,34
1656682277976,MATH 193A,A04,083782,Rotar; Vladimir,4,0,34,30
1656682277976,MATH 193A,A05,093482,Rotar; Vladimir,5,0,34,29
1656682284002,MATH 197,001,091859,McAuley; Julian John,9999,0,9999,0
1656682284002,MATH 197,002,095566,Kedlaya; Kiran S.,9997,0,9999,2
1656682284002,MATH 197,003,095567,Xiao; Ming,9999,0,9999,0
1656682284002,MATH 197,004,095571,Perols; Johan Lars,9998,0,9999,1
1656682291071,COGS 9,A01,083615,Shannon; Kyle Michael,5,0,75,70
1656682297100,COGS 11,A01,083617,Boyle; Mary E. T.,17,0,48,31
1656682303125,COGS 13,A01,083071,Bastos; Amalia Pinkusfeld,6,0,71,65
1656682309154,COGS 14A,A01,092681,Semenuks; Arturs,0,3,100,100
1656682315180,COGS 14B,A01,083073,Cheng; Tzu-Han,3,0,63,60
1656682321205,COGS 17,A01,092677,Semenuks; Arturs,4,0,81,77
1656682327234,COGS 100,A01,083619,Allen; Michael Gordon,13,0,70,57
1656682333259,COGS 101A,A01,083621,Davis; Joshua Daniel,10,0,68,58
1656682339285,COGS 101B,A01,091572,Allen; Michael Gordon,3,0,65,62
1656682345315,COGS 101C,A01,083625,Delgado; Tania,17,0,35,18
1656682351343,COGS 107A,A01,083627,Boyle; Mary E. T.,11,0,60,49
1656682357372,COGS 118A,A01,083075,Gupta; Anjum,13,0,76,63
1656682363397,CSE 3,A50,083646,Miranda; Gregory Joseph,22,0,50,28
1656682369423,CSE 8A,A50,083650,Miranda; Gregory Joseph,16,1,56,40
1656682375451,CSE 11,A01,083080,Cao; Yingjun,2,17,40,38
1656682381488,CSE 12,A01,083652,Krause-Levy; Sophia Louisa,19,1,120,101
1656682387515,CSE 15L,A01,083654,Morris; Justin Loren,8,0,50,42
1656682387515,CSE 15L,A02,083655,Morris; Justin Loren,8,0,50,42
1656682393538,CSE 20,A01,083657,Tran; Khoa Dang,35,0,80,45
1656682399561,CSE 21,A01,095574,Bach; Quang Tran,21,0,48,27
1656682405589,CSE 30,A01,083084,Eldon; John,5,0,80,75
1656682405589,CSE 30,B01,095061,Bhaskar; Nishant,3,0,50,47
1656682411614,CSE 100,A01,083659,Cao; Yingjun,1,6,70,69
1656682417641,CSE 134B,A01,083661,Powell; Thomas Allan,17,0,100,83
1656682423667,CSE 140,A01,083663,Gungor; Onat,14,0,85,71
1656682429693,CSE 140L,A01,083088,Eldon; John,16,0,100,84
1656682435715,CSE 175,A01,083665,Kumar; Rakesh,3,0,25,22
1656682441758,CSE 190,A00,092507,Dubnov; Shlomo,5,0,20,15
1656682447781,ECE 45,A01,083139,Congero; Spencer William,5,0,75,70
1656682453809,ECE 65,A50,083695,Saad; Andrew S,12,0,30,18
1656682453809,ECE 65,A51,095125,Saad; Andrew S,25,0,26,1
1656682459838,ECE 109,A01,091882,Touri; Behrouz,11,0,70,59
1656682465862,ECE 180,A00,083140,Abi Samra; Nicholas Camill,1,0,30,29
1656682465862,ECE 180,B00,083141,Abi Samra; Nicholas Camill,0,0,30,30
1656682471887,MATH 10A,A01,083735,Patchell; Gregory David,0,0,30,30
1656682471887,MATH 10A,A02,083736,Patchell; Gregory David,20,0,30,10
1656682471887,MATH 10A,A03,083737,Patchell; Gregory David,16,0,30,14
1656682477916,MATH 10B,A01,083207,Lim; Seonhee,7,0,34,27
1656682477916,MATH 10B,A02,083208,Lim; Seonhee,9,0,35,26
1656682477916,MATH 10B,A03,093472,Lim; Seonhee,3,0,34,31
1656682477916,MATH 10B,B01,083739,Sinha; Shubham,9,0,30,21
1656682483946,MATH 18,A01,083743,Cinel; Cameron Alexander,6,0,30,24
1656682483946,MATH 18,A02,083744,Cinel; Cameron Alexander,14,0,30,16
1656682483946,MATH 18,A03,083745,Cinel; Cameron Alexander,8,0,30,22
1656682483946,MATH 18,B01,083748,Rideout; David Porter,2,0,37,35
1656682483946,MATH 18,B02,083749,Rideout; David Porter,2,0,36,34
1656682483946,MATH 18,B03,083750,Rideout; David Porter,1,0,37,36
1656682483946,MATH 18,B04,083751,Rideout; David Porter,4,0,36,32
1656682483946,MATH 18,B05,093473,Rideout; David Porter,4,0,36,32
1656682483946,MATH 18,B06,093474,Rideout; David Porter,4,0,36,32
1656682489970,MATH 20A,A01,083754,Zheng; Zequn,12,0,40,28
1656682495998,MATH 20B,A01,083756,Briones; Jor-el Thomas Caparas,1,1,36,35
1656682495998,MATH 20B,A02,083757,Briones; Jor-el Thomas Caparas,0,0,36,36
1656682495998,MATH 20B,A03,093475,Briones; Jor-el Thomas Caparas,2,0,36,34
1656682502029,MATH 20C,A01,083760,Briones; Jor-el Thomas Caparas,0,0,35,35
1656682502029,MATH 20C,A02,083761,Briones; Jor-el Thomas Caparas,9,0,35,26
1656682502029,MATH 20C,A03,093476,Briones; Jor-el Thomas Caparas,0,1,36,36
1656682502029,MATH 20C,B01,083762,Bach; Quang Tran,0,0,30,30
1656682508058,MATH 20D,A01,083765,Tran; Brian Kha,3,0,30,27
1656682508058,MATH 20D,A02,083766,Tran; Brian Kha,2,0,30,28
1656682508058,MATH 20D,A03,083767,Tran; Brian Kha,1,0,30,29
1656682514085,MATH 20E,A01,083771,Ganguly; Soumya,4,0,32,28
1656682514085,MATH 20E,A02,083772,Ganguly; Soumya,3,0,32,29
1656682514085,MATH 20E,B01,083773,Ciotti; Benjamin,18,0,35,17
1656682514085,MATH 20E,B02,083774,Ciotti; Benjamin,18,0,35,17
1656682520111,MATH 103A,A01,083777,Greenfeld; Be'Eri,2,0,36,34
1656682520111,MATH 103A,A02,083778,Greenfeld; Be'Eri,5,0,36,31
1656682520111,MATH 103A,A03,093561,Greenfeld; Be'Eri,4,0,36,32
1656682520111,MATH 103A,B01,083779,Greenfeld; Be'Eri,6,0,36,30
1656682520111,MATH 103A,B02,083780,Greenfeld; Be'Eri,1,0,36,35
1656682520111,MATH 103A,B03,093562,Greenfeld; Be'Eri,2,0,36,34
1656682526140,MATH 105,A01,085443,Carter; Anne Toulson,13,0,35,22
1656682526140,MATH 105,A02,093477,Carter; Anne Toulson,20,0,35,15
1656682532166,MATH 109,A01,083213,Ganzberger; Geoffrey Michael,0,0,34,34
1656682532166,MATH 109,A02,083214,Ganzberger; Geoffrey Michael,1,0,34,33
1656682532166,MATH 109,A03,093478,Ganzberger; Geoffrey Michael,2,0,34,32
1656682532166,MATH 109,B01,083215,Ganzberger; Geoffrey Michael,1,0,32,31
1656682532166,MATH 109,B02,083216,Ganzberger; Geoffrey Michael,2,0,32,30
1656682532166,MATH 109,B03,093479,Ganzberger; Geoffrey Michael,6,0,32,26
1656682538192,MATH 142A,A01,083219,Chow; Bennett,3,0,32,29
1656682538192,MATH 142A,A02,083220,Chow; Bennett,9,0,32,23
1656682538192,MATH 142A,A03,093480,Chow; Bennett,6,0,32,26
1656682538192,MATH 142A,B03,093481,Chow; Bennett,5,0,32,27
1656682538192,MATH 142A,B04,093558,Chow; Bennett,10,0,32,22
1656682538192,MATH 142A,B05,093559,Chow; Bennett,4,0,32,28
1656682544217,MATH 193A,A01,083224,Rotar; Vladimir,3,0,34,31
1656682544217,MATH 193A,A02,083225,Rotar; Vladimir,2,0,34,32
1656682544217,MATH 193A,A03,083781,Rotar; Vladimir,0,0,34,34
1656682544217,MATH 193A,A04,083782,Rotar; Vladimir,4,0,34,30
1656682544217,MATH 193A,A05,093482,Rotar; Vladimir,5,0,34,29
1656682550246,MATH 197,001,091859,McAuley; Julian John,9999,0,9999,0
1656682550246,MATH 197,002,095566,Kedlaya; Kiran S.,9997,0,9999,2
1656682550246,MATH 197,003,095567,Xiao; Ming,9999,0,9999,0
1656682550246,MATH 197,004,095571,Perols; Johan Lars,9998,0,9999,1
1656682557318,COGS 9,A01,083615,Shannon; Kyle Michael,5,0,75,70
1656682563343,COGS 11,A01,083617,Boyle; Mary E. T.,17,0,48,31
1656682569373,COGS 13,A01,083071,Bastos; Amalia Pinkusfeld,6,0,71,65
1656682575398,COGS 14A,A01,092681,Semenuks; Arturs,0,3,100,100
1656682581430,COGS 14B,A01,083073,Cheng; Tzu-Han,3,0,63,60
1656682587458,COGS 17,A01,092677,Semenuks; Arturs,4,0,81,77
1656682593483,COGS 100,A01,083619,Allen; Michael Gordon,13,0,70,57
1656682599523,COGS 101A,A01,083621,Davis; Joshua Daniel,10,0,68,58
1656682605557,COGS 101B,A01,091572,Allen; Michael Gordon,3,0,65,62
1656682611590,COGS 101C,A01,083625,Delgado; Tania,17,0,35,18
1656682617618,COGS 107A,A01,083627,Boyle; Mary E. T.,11,0,60,49
1656682623645,COGS 118A,A01,083075,Gupta; Anjum,13,0,76,63
1656682629673,CSE 3,A50,083646,Miranda; Gregory Joseph,22,0,50,28
1656682635703,CSE 8A,A50,083650,Miranda; Gregory Joseph,16,1,56,40
1656682641727,CSE 11,A01,083080,Cao; Yingjun,2,17,40,38
1656682647829,CSE 12,A01,083652,Krause-Levy; Sophia Louisa,19,1,120,101
1656682653853,CSE 15L,A01,083654,Morris; Justin Loren,8,0,50,42
1656682653853,CSE 15L,A02,083655,Morris; Justin Loren,8,0,50,42
1656682659878,CSE 20,A01,083657,Tran; Khoa Dang,35,0,80,45
1656682665902,CSE 21,A01,095574,Bach; Quang Tran,21,0,48,27
1656682671932,CSE 30,A01,083084,Eldon; John,5,0,80,75
1656682671932,CSE 30,B01,095061,Bhaskar; Nishant,3,0,50,47
1656682677957,CSE 100,A01,083659,Cao; Yingjun,1,6,70,69
1656682683987,CSE 134B,A01,083661,Powell; Thomas Allan,17,0,100,83
1656682690014,CSE 140,A01,083663,Gungor; Onat,14,0,85,71
1656682696039,CSE 140L,A01,083088,Eldon; John,16,0,100,84
1656682702067,CSE 175,A01,083665,Kumar; Rakesh,3,0,25,22
1656682708093,CSE 190,A00,092507,Dubnov; Shlomo,5,0,20,15
1656682714118,ECE 45,A01,083139,Congero; Spencer William,5,0,75,70
1656682720143,ECE 65,A50,083695,Saad; Andrew S,12,0,30,18
1656682720143,ECE 65,A51,095125,Saad; Andrew S,25,0,26,1
1656682726170,ECE 109,A01,091882,Touri; Behrouz,11,0,70,59
1656682732199,ECE 180,A00,083140,Abi Samra; Nicholas Camill,1,0,30,29
1656682732199,ECE 180,B00,083141,Abi Samra; Nicholas Camill,0,0,30,30
1656682738225,MATH 10A,A01,083735,Patchell; Gregory David,0,0,30,30
1656682738225,MATH 10A,A02,083736,Patchell; Gregory David,20,0,30,10
1656682738225,MATH 10A,A03,083737,Patchell; Gregory David,16,0,30,14
1656682744251,MATH 10B,A01,083207,Lim; Seonhee,7,0,34,27
1656682744251,MATH 10B,A02,083208,Lim; Seonhee,9,0,35,26
1656682744251,MATH 10B,A03,093472,Lim; Seonhee,3,0,34,31
1656682744251,MATH 10B,B01,083739,Sinha; Shubham,9,0,30,21
1656682750285,MATH 18,A01,083743,Cinel; Cameron Alexander,6,0,30,24
1656682750285,MATH 18,A02,083744,Cinel; Cameron Alexander,14,0,30,16
1656682750285,MATH 18,A03,083745,Cinel; Cameron Alexander,8,0,30,22
1656682750285,MATH 18,B01,083748,Rideout; David Porter,2,0,37,35
1656682750285,MATH 18,B02,083749,Rideout; David Porter,2,0,36,34
1656682750285,MATH 18,B03,083750,Rideout; David Porter,1,0,37,36
1656682750285,MATH 18,B04,083751,Rideout; David Porter,4,0,36,32
1656682750285,MATH 18,B05,093473,Rideout; David Porter,4,0,36,32
1656682750285,MATH 18,B06,093474,Rideout; David Porter,4,0,36,32
1656682756310,MATH 20A,A01,083754,Zheng; Zequn,12,0,40,28
1656682762336,MATH 20B,A01,083756,Briones; Jor-el Thomas Caparas,1,1,36,35
1656682762336,MATH 20B,A02,083757,Briones; Jor-el Thomas Caparas,0,0,36,36
1656682762336,MATH 20B,A03,093475,Briones; Jor-el Thomas Caparas,2,0,36,34
1656682768366,MATH 20C,A01,083760,Briones; Jor-el Thomas Caparas,0,0,35,35
1656682768366,MATH 20C,A02,083761,Briones; Jor-el Thomas Caparas,9,0,35,26
1656682768366,MATH 20C,A03,093476,Briones; Jor-el Thomas Caparas,0,1,36,36
1656682768366,MATH 20C,B01,083762,Bach; Quang Tran,0,0,30,30
1656682774396,MATH 20D,A01,083765,Tran; Brian Kha,3,0,30,27
1656682774396,MATH 20D,A02,083766,Tran; Brian Kha,2,0,30,28
1656682774396,MATH 20D,A03,083767,Tran; Brian Kha,1,0,30,29
1656682780422,MATH 20E,A01,083771,Ganguly; Soumya,4,0,32,28
1656682780422,MATH 20E,A02,083772,Ganguly; Soumya,3,0,32,29
1656682780422,MATH 20E,B01,083773,Ciotti; Benjamin,18,0,35,17
1656682780422,MATH 20E,B02,083774,Ciotti; Benjamin,18,0,35,17
1656682786451,MATH 103A,A01,083777,Greenfeld; Be'Eri,2,0,36,34
1656682786451,MATH 103A,A02,083778,Greenfeld; Be'Eri,5,0,36,31
1656682786451,MATH 103A,A03,093561,Greenfeld; Be'Eri,4,0,36,32
1656682786451,MATH 103A,B01,083779,Greenfeld; Be'Eri,6,0,36,30
1656682786451,MATH 103A,B02,083780,Greenfeld; Be'Eri,1,0,36,35
1656682786451,MATH 103A,B03,093562,Greenfeld; Be'Eri,2,0,36,34
1656682792475,MATH 105,A01,085443,Carter; Anne Toulson,13,0,35,22
1656682792475,MATH 105,A02,093477,Carter; Anne Toulson,20,0,35,15
1656682798500,MATH 109,A01,083213,Ganzberger; Geoffrey Michael,0,0,34,34
1656682798500,MATH 109,A02,083214,Ganzberger; Geoffrey Michael,1,0,34,33
1656682798500,MATH 109,A03,093478,Ganzberger; Geoffrey Michael,2,0,34,32
1656682798500,MATH 109,B01,083215,Ganzberger; Geoffrey Michael,1,0,32,31
1656682798500,MATH 109,B02,083216,Ganzberger; Geoffrey Michael,2,0,32,30
1656682798500,MATH 109,B03,093479,Ganzberger; Geoffrey Michael,6,0,32,26
1656682804530,MATH 142A,A01,083219,Chow; Bennett,3,0,32,29
1656682804530,MATH 142A,A02,083220,Chow; Bennett,9,0,32,23
1656682804530,MATH 142A,A03,093480,Chow; Bennett,6,0,32,26
1656682804530,MATH 142A,B03,093481,Chow; Bennett,5,0,32,27
1656682804530,MATH 142A,B04,093558,Chow; Bennett,10,0,32,22
1656682804530,MATH 142A,B05,093559,Chow; Bennett,4,0,32,28
1656682810566,MATH 193A,A01,083224,Rotar; Vladimir,3,0,34,31
1656682810566,MATH 193A,A02,083225,Rotar; Vladimir,2,0,34,32
1656682810566,MATH 193A,A03,083781,Rotar; Vladimir,0,0,34,34
1656682810566,MATH 193A,A04,083782,Rotar; Vladimir,4,0,34,30
1656682810566,MATH 193A,A05,093482,Rotar; Vladimir,5,0,34,29
1656682816594,MATH 197,001,091859,McAuley; Julian John,9999,0,9999,0
1656682816594,MATH 197,002,095566,Kedlaya; Kiran S.,9997,0,9999,2
1656682816594,MATH 197,003,095567,Xiao; Ming,9999,0,9999,0
1656682816594,MATH 197,004,095571,Perols; Johan Lars,9998,0,9999,1
1656682823652,COGS 9,A01,083615,Shannon; Kyle Michael,5,0,75,70
1656682829677,COGS 11,A01,083617,Boyle; Mary E. T.,17,0,48,31
1656682835699,COGS 13,A01,083071,Bastos; Amalia Pinkusfeld,6,0,71,65
1656682841733,COGS 14A,A01,092681,Semenuks; Arturs,0,3,100,100
1656682847756,COGS 14B,A01,083073,Cheng; Tzu-Han,3,0,63,60
1656682853789,COGS 17,A01,092677,Semenuks; Arturs,4,0,81,77
1656682859826,COGS 100,A01,083619,Allen; Michael Gordon,13,0,70,57
1656682865855,COGS 101A,A01,083621,Davis; Joshua Daniel,10,0,68,58
1656682871883,COGS 101B,A01,091572,Allen; Michael Gordon,3,0,65,62
1656682877911,COGS 101C,A01,083625,Delgado; Tania,17,0,35,18
1656682883936,COGS 107A,A01,083627,Boyle; Mary E. T.,11,0,60,49
1656682889961,COGS 118A,A01,083075,Gupta; Anjum,13,0,76,63
1656682895985,CSE 3,A50,083646,Miranda; Gregory Joseph,22,0,50,28
1656682902014,CSE 8A,A50,083650,Miranda; Gregory Joseph,16,1,56,40
1656682908046,CSE 11,A01,083080,Cao; Yingjun,2,17,40,38
1656682914075,CSE 12,A01,083652,Krause-Levy; Sophia Louisa,19,1,120,101
1656682920099,CSE 15L,A01,083654,Morris; Justin Loren,8,0,50,42
1656682920099,CSE 15L,A02,083655,Morris; Justin Loren,8,0,50,42
1656682926127,CSE 20,A01,083657,Tran; Khoa Dang,35,0,80,45
1656682932154,CSE 21,A01,095574,Bach; Quang Tran,21,0,48,27
1656682938178,CSE 30,A01,083084,Eldon; John,5,0,80,75
1656682938178,CSE 30,B01,095061,Bhaskar; Nishant,3,0,50,47
1656682944206,CSE 100,A01,083659,Cao; Yingjun,1,6,70,69
1656682950237,CSE 134B,A01,083661,Powell; Thomas Allan,17,0,100,83
1656682956261,CSE 140,A01,083663,Gungor; Onat,14,0,85,71
1656682962285,CSE 140L,A01,083088,Eldon; John,16,0,100,84
1656682968317,CSE 175,A01,083665,Kumar; Rakesh,3,0,25,22
1656682974341,CSE 190,A00,092507,Dubnov; Shlomo,5,0,20,15
1656682980364,ECE 45,A01,083139,Congero; Spencer William,5,0,75,70
1656682986394,ECE 65,A50,083695,Saad; Andrew S,12,0,30,18
1656682986394,ECE 65,A51,095125,Saad; Andrew S,25,0,26,1
1656682992420,ECE 109,A01,091882,Touri; Behrouz,11,0,70,59
1656682998452,ECE 180,A00,083140,Abi Samra; Nicholas Camill,1,0,30,29
1656682998452,ECE 180,B00,083141,Abi Samra; Nicholas Camill,0,0,30,30
1656683004482,MATH 10A,A01,083735,Patchell; Gregory David,0,0,30,30
1656683004482,MATH 10A,A02,083736,Patchell; Gregory David,20,0,30,10
1656683004482,MATH 10A,A03,083737,Patchell; Gregory David,16,0,30,14
1656683010512,MATH 10B,A01,083207,Lim; Seonhee,7,0,34,27
1656683010512,MATH 10B,A02,083208,Lim; Seonhee,9,0,35,26
1656683010512,MATH 10B,A03,093472,Lim; Seonhee,3,0,34,31
1656683010512,MATH 10B,B01,083739,Sinha; Shubham,9,0,30,21
1656683016537,MATH 18,A01,083743,Cinel; Cameron Alexander,6,0,30,24
1656683016537,MATH 18,A02,083744,Cinel; Cameron Alexander,14,0,30,16
1656683016537,MATH 18,A03,083745,Cinel; Cameron Alexander,8,0,30,22
1656683016537,MATH 18,B01,083748,Rideout; David Porter,2,0,37,35
1656683016537,MATH 18,B02,083749,Rideout; David Porter,2,0,36,34
1656683016537,MATH 18,B03,083750,Rideout; David Porter,1,0,37,36
1656683016537,MATH 18,B04,083751,Rideout; David Porter,4,0,36,32
1656683016537,MATH 18,B05,093473,Rideout; David Porter,4,0,36,32
1656683016537,MATH 18,B06,093474,Rideout; David Porter,4,0,36,32
1656683022562,MATH 20A,A01,083754,Zheng; Zequn,12,0,40,28
1656683028593,MATH 20B,A01,083756,Briones; Jor-el Thomas Caparas,1,1,36,35
1656683028593,MATH 20B,A02,083757,Briones; Jor-el Thomas Caparas,0,0,36,36
1656683028593,MATH 20B,A03,093475,Briones; Jor-el Thomas Caparas,2,0,36,34
1656683034623,MATH 20C,A01,083760,Briones; Jor-el Thomas Caparas,0,0,35,35
1656683034623,MATH 20C,A02,083761,Briones; Jor-el Thomas Caparas,9,0,35,26
1656683034623,MATH 20C,A03,093476,Briones; Jor-el Thomas Caparas,0,1,36,36
1656683034623,MATH 20C,B01,083762,Bach; Quang Tran,0,0,30,30
1656683040655,MATH 20D,A01,083765,Tran; Brian Kha,3,0,30,27
1656683040655,MATH 20D,A02,083766,Tran; Brian Kha,2,0,30,28
1656683040655,MATH 20D,A03,083767,Tran; Brian Kha,1,0,30,29
1656683046681,MATH 20E,A01,083771,Ganguly; Soumya,4,0,32,28
1656683046681,MATH 20E,A02,083772,Ganguly; Soumya,3,0,32,29
1656683046681,MATH 20E,B01,083773,Ciotti; Benjamin,18,0,35,17
1656683046681,MATH 20E,B02,083774,Ciotti; Benjamin,18,0,35,17
1656683052712,MATH 103A,A01,083777,Greenfeld; Be'Eri,2,0,36,34
1656683052712,MATH 103A,A02,083778,Greenfeld; Be'Eri,5,0,36,31
1656683052712,MATH 103A,A03,093561,Greenfeld; Be'Eri,4,0,36,32
1656683052712,MATH 103A,B01,083779,Greenfeld; Be'Eri,6,0,36,30
1656683052712,MATH 103A,B02,083780,Greenfeld; Be'Eri,1,0,36,35
1656683052712,MATH 103A,B03,093562,Greenfeld; Be'Eri,2,0,36,34
1656683058744,MATH 105,A01,085443,Carter; Anne Toulson,13,0,35,22
1656683058744,MATH 105,A02,093477,Carter; Anne Toulson,20,0,35,15
1656683064774,MATH 109,A01,083213,Ganzberger; Geoffrey Michael,0,0,34,34
1656683064774,MATH 109,A02,083214,Ganzberger; Geoffrey Michael,1,0,34,33
1656683064774,MATH 109,A03,093478,Ganzberger; Geoffrey Michael,2,0,34,32
1656683064774,MATH 109,B01,083215,Ganzberger; Geoffrey Michael,1,0,32,31
1656683064774,MATH 109,B02,083216,Ganzberger; Geoffrey Michael,2,0,32,30
1656683064774,MATH 109,B03,093479,Ganzberger; Geoffrey Michael,6,0,32,26
1656683070805,MATH 142A,A01,083219,Chow; Bennett,3,0,32,29
1656683070805,MATH 142A,A02,083220,Chow; Bennett,9,0,32,23
1656683070805,MATH 142A,A03,093480,Chow; Bennett,6,0,32,26
1656683070805,MATH 142A,B03,093481,Chow; Bennett,5,0,32,27
1656683070805,MATH 142A,B04,093558,Chow; Bennett,10,0,32,22
1656683070805,MATH 142A,B05,093559,Chow; Bennett,4,0,32,28
1656683076831,MATH 193A,A01,083224,Rotar; Vladimir,3,0,34,31
1656683076831,MATH 193A,A02,083225,Rotar; Vladimir,2,0,34,32
1656683076831,MATH 193A,A03,083781,Rotar; Vladimir,0,0,34,34
1656683076831,MATH 193A,A04,083782,Rotar; Vladimir,4,0,34,30
1656683076831,MATH 193A,A05,093482,Rotar; Vladimir,5,0,34,29
1656683082853,MATH 197,001,091859,McAuley; Julian John,9999,0,9999,0
1656683082853,MATH 197,002,095566,Kedlaya; Kiran S.,9997,0,9999,2
1656683082853,MATH 197,003,095567,Xiao; Ming,9999,0,9999,0
1656683082853,MATH 197,004,095571,Perols; Johan Lars,9998,0,9999,1
1656683089926,COGS 9,A01,083615,Shannon; Kyle Michael,5,0,75,70
1656683095954,COGS 11,A01,083617,Boyle; Mary E. T.,17,0,48,31
1656683101979,COGS 13,A01,083071,Bastos; Amalia Pinkusfeld,6,0,71,65
1656683108004,COGS 14A,A01,092681,Semenuks; Arturs,0,3,100,100
1656683114030,COGS 14B,A01,083073,Cheng; Tzu-Han,3,0,63,60
1656683120053,COGS 17,A01,092677,Semenuks; Arturs,4,0,81,77
1656683126078,COGS 100,A01,083619,Allen; Michael Gordon,13,0,70,57
1656683132103,COGS 101A,A01,083621,Davis; Joshua Daniel,10,0,68,58
1656683138127,COGS 101B,A01,091572,Allen; Michael Gordon,3,0,65,62
1656683144156,COGS 101C,A01,083625,Delgado; Tania,17,0,35,18
1656683150182,COGS 107A,A01,083627,Boyle; Mary E. T.,11,0,60,49
1656683156207,COGS 118A,A01,083075,Gupta; Anjum,13,0,76,63
1656683162239,CSE 3,A50,083646,Miranda; Gregory Joseph,22,0,50,28
1656683168264,CSE 8A,A50,083650,Miranda; Gregory Joseph,16,1,56,40
1656683174293,CSE 11,A01,083080,Cao; Yingjun,2,17,40,38
1656683180318,CSE 12,A01,083652,Krause-Levy; Sophia Louisa,19,1,120,101
1656683186343,CSE 15L,A01,083654,Morris; Justin Loren,8,0,50,42
1656683186343,CSE 15L,A02,083655,Morris; Justin Loren,8,0,50,42
1656683192371,CSE 20,A01,083657,Tran; Khoa Dang,35,0,80,45
1656683198400,CSE 21,A01,095574,Bach; Quang Tran,21,0,48,27
1656683204428,CSE 30,A01,083084,Eldon; John,5,0,80,75
1656683204428,CSE 30,B01,095061,Bhaskar; Nishant,3,0,50,47
1656683210463,CSE 100,A01,083659,Cao; Yingjun,1,6,70,69
1656683216492,CSE 134B,A01,083661,Powell; Thomas Allan,17,0,100,83
1656683222520,CSE 140,A01,083663,Gungor; Onat,14,0,85,71
1656683228543,CSE 140L,A01,083088,Eldon; John,16,0,100,84
1656683234571,CSE 175,A01,083665,Kumar; Rakesh,3,0,25,22
1656683240598,CSE 190,A00,092507,Dubnov; Shlomo,5,0,20,15
1656683246698,ECE 45,A01,083139,Congero; Spencer William,5,0,75,70
1656683252722,ECE 65,A50,083695,Saad; Andrew S,12,0,30,18
1656683252722,ECE 65,A51,095125,Saad; Andrew S,25,0,26,1
1656683258747,ECE 109,A01,091882,Touri; Behrouz,11,0,70,59
1656683264771,ECE 180,A00,083140,Abi Samra; Nicholas Camill,1,0,30,29
1656683264771,ECE 180,B00,083141,Abi Samra; Nicholas Camill,0,0,30,30
1656683270796,MATH 10A,A01,083735,Patchell; Gregory David,0,0,30,30
1656683270796,MATH 10A,A02,083736,Patchell; Gregory David,20,0,30,10
1656683270796,MATH 10A,A03,083737,Patchell; Gregory David,16,0,30,14
1656683276823,MATH 10B,A01,083207,Lim; Seonhee,7,0,34,27
1656683276823,MATH 10B,A02,083208,Lim; Seonhee,9,0,35,26
1656683276823,MATH 10B,A03,093472,Lim; Seonhee,3,0,34,31
1656683276823,MATH 10B,B01,083739,Sinha; Shubham,9,0,30,21
1656683282858,MATH 18,A01,083743,Cinel; Cameron Alexander,6,0,30,24
1656683282858,MATH 18,A02,083744,Cinel; Cameron Alexander,14,0,30,16
1656683282858,MATH 18,A03,083745,Cinel; Cameron Alexander,8,0,30,22
1656683282858,MATH 18,B01,083748,Rideout; David Porter,2,0,37,35
1656683282858,MATH 18,B02,083749,Rideout; David Porter,2,0,36,34
1656683282858,MATH 18,B03,083750,Rideout; David Porter,1,0,37,36
1656683282858,MATH 18,B04,083751,Rideout; David Porter,4,0,36,32
1656683282858,MATH 18,B05,093473,Rideout; David Porter,4,0,36,32
1656683282858,MATH 18,B06,093474,Rideout; David Porter,4,0,36,32
1656683288883,MATH 20A,A01,083754,Zheng; Zequn,12,0,40,28
1656683294908,MATH 20B,A01,083756,Briones; Jor-el Thomas Caparas,1,1,36,35
1656683294908,MATH 20B,A02,083757,Briones; Jor-el Thomas Caparas,0,0,36,36
1656683294908,MATH 20B,A03,093475,Briones; Jor-el Thomas Caparas,2,0,36,34
1656683300937,MATH 20C,A01,083760,Briones; Jor-el Thomas Caparas,0,0,35,35
1656683300937,MATH 20C,A02,083761,Briones; Jor-el Thomas Caparas,9,0,35,26
1656683300937,MATH 20C,A03,093476,Briones; Jor-el Thomas Caparas,0,1,36,36
1656683300937,MATH 20C,B01,083762,Bach; Quang Tran,0,0,30,30
1656683306968,MATH 20D,A01,083765,Tran; Brian Kha,3,0,30,27
1656683306968,MATH 20D,A02,083766,Tran; Brian Kha,2,0,30,28
1656683306968,MATH 20D,A03,083767,Tran; Brian Kha,1,0,30,29
1656683312992,MATH 20E,A01,083771,Ganguly; Soumya,4,0,32,28
1656683312992,MATH 20E,A02,083772,Ganguly; Soumya,3,0,32,29
1656683312992,MATH 20E,B01,083773,Ciotti; Benjamin,18,0,35,17
1656683312992,MATH 20E,B02,083774,Ciotti; Benjamin,18,0,35,17
1656683319018,MATH 103A,A01,083777,Greenfeld; Be'Eri,2,0,36,34
1656683319018,MATH 103A,A02,083778,Greenfeld; Be'Eri,5,0,36,31
1656683319018,MATH 103A,A03,093561,Greenfeld; Be'Eri,4,0,36,32
1656683319018,MATH 103A,B01,083779,Greenfeld; Be'Eri,6,0,36,30
1656683319018,MATH 103A,B02,083780,Greenfeld; Be'Eri,1,0,36,35
1656683319018,MATH 103A,B03,093562,Greenfeld; Be'Eri,2,0,36,34
1656683325047,MATH 105,A01,085443,Carter; Anne Toulson,13,0,35,22
1656683325047,MATH 105,A02,093477,Carter; Anne Toulson,20,0,35,15
1656683331078,MATH 109,A01,083213,Ganzberger; Geoffrey Michael,0,0,34,34
1656683331078,MATH 109,A02,083214,Ganzberger; Geoffrey Michael,1,0,34,33
1656683331078,MATH 109,A03,093478,Ganzberger; Geoffrey Michael,2,0,34,32
1656683331078,MATH 109,B01,083215,Ganzberger; Geoffrey Michael,1,0,32,31
1656683331078,MATH 109,B02,083216,Ganzberger; Geoffrey Michael,2,0,32,30
1656683331078,MATH 109,B03,093479,Ganzberger; Geoffrey Michael,6,0,32,26
1656683337103,MATH 142A,A01,083219,Chow; Bennett,3,0,32,29
1656683337103,MATH 142A,A02,083220,Chow; Bennett,9,0,32,23
1656683337103,MATH 142A,A03,093480,Chow; Bennett,6,0,32,26
1656683337103,MATH 142A,B03,093481,Chow; Bennett,5,0,32,27
1656683337103,MATH 142A,B04,093558,Chow; Bennett,10,0,32,22
1656683337103,MATH 142A,B05,093559,Chow; Bennett,4,0,32,28
1656683343131,MATH 193A,A01,083224,Rotar; Vladimir,3,0,34,31
1656683343131,MATH 193A,A02,083225,Rotar; Vladimir,2,0,34,32
1656683343131,MATH 193A,A03,083781,Rotar; Vladimir,0,0,34,34
1656683343131,MATH 193A,A04,083782,Rotar; Vladimir,4,0,34,30
1656683343131,MATH 193A,A05,093482,Rotar; Vladimir,5,0,34,29
1656683349164,MATH 197,001,091859,McAuley; Julian John,9999,0,9999,0
1656683349164,MATH 197,002,095566,Kedlaya; Kiran S.,9997,0,9999,2
1656683349164,MATH 197,003,095567,Xiao; Ming,9999,0,9999,0
1656683349164,MATH 197,004,095571,Perols; Johan Lars,9998,0,9999,1
1656683356232,COGS 9,A01,083615,Shannon; Kyle Michael,5,0,75,70
1656683362264,COGS 11,A01,083617,Boyle; Mary E. T.,17,0,48,31
1656683368292,COGS 13,A01,083071,Bastos; Amalia Pinkusfeld,6,0,71,65
1656683374320,COGS 14A,A01,092681,Semenuks; Arturs,0,3,100,100
1656683380346,COGS 14B,A01,083073,Cheng; Tzu-Han,3,0,63,60
1656683386371,COGS 17,A01,092677,Semenuks; Arturs,4,0,81,77
1656683392395,COGS 100,A01,083619,Allen; Michael Gordon,13,0,70,57
1656683398422,COGS 101A,A01,083621,Davis; Joshua Daniel,10,0,68,58
1656683404446,COGS 101B,A01,091572,Allen; Michael Gordon,3,0,65,62
1656683410479,COGS 101C,A01,083625,Delgado; Tania,17,0,35,18
1656683416510,COGS 107A,A01,083627,Boyle; Mary E. T.,11,0,60,49
1656683422540,COGS 118A,A01,083075,Gupta; Anjum,13,0,76,63
1656683428573,CSE 3,A50,083646,Miranda; Gregory Joseph,22,0,50,28
1656683434598,CSE 8A,A50,083650,Miranda; Gregory Joseph,16,1,56,40
1656683440620,CSE 11,A01,083080,Cao; Yingjun,2,17,40,38
1656683446653,CSE 12,A01,083652,Krause-Levy; Sophia Louisa,19,1,120,101
1656683452680,CSE 15L,A01,083654,Morris; Justin Loren,8,0,50,42
1656683452680,CSE 15L,A02,083655,Morris; Justin Loren,8,0,50,42
1656683458707,CSE 20,A01,083657,Tran; Khoa Dang,35,0,80,45
1656683464733,CSE 21,A01,095574,Bach; Quang Tran,21,0,48,27
1656683470763,CSE 30,A01,083084,Eldon; John,5,0,80,75
1656683470763,CSE 30,B01,095061,Bhaskar; Nishant,3,0,50,47
1656683476786,CSE 100,A01,083659,Cao; Yingjun,1,6,70,69
1656683482809,CSE 134B,A01,083661,Powell; Thomas Allan,17,0,100,83
1656683488836,CSE 140,A01,083663,Gungor; Onat,14,0,85,71
1656683494862,CSE 140L,A01,083088,Eldon; John,16,0,100,84
1656683500893,CSE 175,A01,083665,Kumar; Rakesh,3,0,25,22
1656683506920,CSE 190,A00,092507,Dubnov; Shlomo,5,0,20,15
1656683512948,ECE 45,A01,083139,Congero; Spencer William,5,0,75,70
1656683518979,ECE 65,A50,083695,Saad; Andrew S,12,0,30,18
1656683518979,ECE 65,A51,095125,Saad; Andrew S,25,0,26,1
1656683525002,ECE 109,A01,091882,Touri; Behrouz,11,0,70,59
1656683531027,ECE 180,A00,083140,Abi Samra; Nicholas Camill,1,0,30,29
1656683531027,ECE 180,B00,083141,Abi Samra; Nicholas Camill,0,0,30,30
1656683537053,MATH 10A,A01,083735,Patchell; Gregory David,0,0,30,30
1656683537053,MATH 10A,A02,083736,Patchell; Gregory David,20,0,30,10
1656683537053,MATH 10A,A03,083737,Patchell; Gregory David,16,0,30,14
1656683543080,MATH 10B,A01,083207,Lim; Seonhee,7,0,34,27
1656683543080,MATH 10B,A02,083208,Lim; Seonhee,9,0,35,26
1656683543080,MATH 10B,A03,093472,Lim; Seonhee,3,0,34,31
1656683543080,MATH 10B,B01,083739,Sinha; Shubham,9,0,30,21
1656683549111,MATH 18,A01,083743,Cinel; Cameron Alexander,6,0,30,24
1656683549111,MATH 18,A02,083744,Cinel; Cameron Alexander,14,0,30,16
1656683549111,MATH 18,A03,083745,Cinel; Cameron Alexander,8,0,30,22
1656683549111,MATH 18,B01,083748,Rideout; David Porter,2,0,37,35
1656683549111,MATH 18,B02,083749,Rideout; David Porter,2,0,36,34
1656683549111,MATH 18,B03,083750,Rideout; David Porter,1,0,37,36
1656683549111,MATH 18,B04,083751,Rideout; David Porter,4,0,36,32
1656683549111,MATH 18,B05,093473,Rideout; David Porter,4,0,36,32
1656683549111,MATH 18,B06,093474,Rideout; David Porter,4,0,36,32
1656683555140,MATH 20A,A01,083754,Zheng; Zequn,12,0,40,28
1656683561169,MATH 20B,A01,083756,Briones; Jor-el Thomas Caparas,1,1,36,35
1656683561169,MATH 20B,A02,083757,Briones; Jor-el Thomas Caparas,0,0,36,36
1656683561169,MATH 20B,A03,093475,Briones; Jor-el Thomas Caparas,2,0,36,34
1656683567199,MATH 20C,A01,083760,Briones; Jor-el Thomas Caparas,0,0,35,35
1656683567199,MATH 20C,A02,083761,Briones; Jor-el Thomas Caparas,9,0,35,26
1656683567199,MATH 20C,A03,093476,Briones; Jor-el Thomas Caparas,0,1,36,36
1656683567199,MATH 20C,B01,083762,Bach; Quang Tran,0,0,30,30
1656683573228,MATH 20D,A01,083765,Tran; Brian Kha,3,0,30,27
1656683573228,MATH 20D,A02,083766,Tran; Brian Kha,2,0,30,28
1656683573228,MATH 20D,A03,083767,Tran; Brian Kha,1,0,30,29
1656683579255,MATH 20E,A01,083771,Ganguly; Soumya,4,0,32,28
1656683579255,MATH 20E,A02,083772,Ganguly; Soumya,3,0,32,29
1656683579255,MATH 20E,B01,083773,Ciotti; Benjamin,18,0,35,17
1656683579255,MATH 20E,B02,083774,Ciotti; Benjamin,18,0,35,17
1656683585283,MATH 103A,A01,083777,Greenfeld; Be'Eri,2,0,36,34
1656683585283,MATH 103A,A02,083778,Greenfeld; Be'Eri,5,0,36,31
1656683585283,MATH 103A,A03,093561,Greenfeld; Be'Eri,4,0,36,32
1656683585283,MATH 103A,B01,083779,Greenfeld; Be'Eri,6,0,36,30
1656683585283,MATH 103A,B02,083780,Greenfeld; Be'Eri,1,0,36,35
1656683585283,MATH 103A,B03,093562,Greenfeld; Be'Eri,2,0,36,34
1656683591307,MATH 105,A01,085443,Carter; Anne Toulson,13,0,35,22
1656683591307,MATH 105,A02,093477,Carter; Anne Toulson,20,0,35,15
1656683597335,MATH 109,A01,083213,Ganzberger; Geoffrey Michael,0,0,34,34
1656683597335,MATH 109,A02,083214,Ganzberger; Geoffrey Michael,1,0,34,33
1656683597335,MATH 109,A03,093478,Ganzberger; Geoffrey Michael,2,0,34,32
1656683597335,MATH 109,B01,083215,Ganzberger; Geoffrey Michael,1,0,32,31
1656683597335,MATH 109,B02,083216,Ganzberger; Geoffrey Michael,2,0,32,30
1656683597335,MATH 109,B03,093479,Ganzberger; Geoffrey Michael,6,0,32,26
1656683603361,MATH 142A,A01,083219,Chow; Bennett,3,0,32,29
1656683603361,MATH 142A,A02,083220,Chow; Bennett,9,0,32,23
1656683603361,MATH 142A,A03,093480,Chow; Bennett,6,0,32,26
1656683603361,MATH 142A,B03,093481,Chow; Bennett,5,0,32,27
1656683603361,MATH 142A,B04,093558,Chow; Bennett,10,0,32,22
1656683603361,MATH 142A,B05,093559,Chow; Bennett,4,0,32,28
1656683609392,MATH 193A,A01,083224,Rotar; Vladimir,3,0,34,31
1656683609392,MATH 193A,A02,083225,Rotar; Vladimir,2,0,34,32
1656683609392,MATH 193A,A03,083781,Rotar; Vladimir,0,0,34,34
1656683609392,MATH 193A,A04,083782,Rotar; Vladimir,4,0,34,30
1656683609392,MATH 193A,A05,093482,Rotar; Vladimir,5,0,34,29
1656683615420,MATH 197,001,091859,McAuley; Julian John,9999,0,9999,0
1656683615420,MATH 197,002,095566,Kedlaya; Kiran S.,9997,0,9999,2
1656683615420,MATH 197,003,095567,Xiao; Ming,9999,0,9999,0
1656683615420,MATH 197,004,095571,Perols; Johan Lars,9998,0,9999,1
1656683622472,COGS 9,A01,083615,Shannon; Kyle Michael,5,0,75,70
1656683628500,COGS 11,A01,083617,Boyle; Mary E. T.,17,0,48,31
1656683634523,COGS 13,A01,083071,Bastos; Amalia Pinkusfeld,6,0,71,65
1656683640562,COGS 14A,A01,092681,Semenuks; Arturs,0,3,100,100
1656683646585,COGS 14B,A01,083073,Cheng; Tzu-Han,3,0,63,60
1656683652612,COGS 17,A01,092677,Semenuks; Arturs,4,0,81,77
1656683658643,COGS 100,A01,083619,Allen; Michael Gordon,13,0,70,57
1656683664667,COGS 101A,A01,083621,Davis; Joshua Daniel,10,0,68,58
1656683670693,COGS 101B,A01,091572,Allen; Michael Gordon,3,0,65,62
1656683676720,COGS 101C,A01,083625,Delgado; Tania,17,0,35,18
1656683682747,COGS 107A,A01,083627,Boyle; Mary E. T.,11,0,60,49
1656683688771,COGS 118A,A01,083075,Gupta; Anjum,13,0,76,63
1656683694800,CSE 3,A50,083646,Miranda; Gregory Joseph,22,0,50,28
1656683700824,CSE 8A,A50,083650,Miranda; Gregory Joseph,16,1,56,40
1656683706849,CSE 11,A01,083080,Cao; Yingjun,2,17,40,38
1656683712874,CSE 12,A01,083652,Krause-Levy; Sophia Louisa,19,1,120,101
1656683718898,CSE 15L,A01,083654,Morris; Justin Loren,8,0,50,42
1656683718898,CSE 15L,A02,083655,Morris; Justin Loren,8,0,50,42
1656683724927,CSE 20,A01,083657,Tran; Khoa Dang,35,0,80,45
1656683730952,CSE 21,A01,095574,Bach; Quang Tran,21,0,48,27
1656683736985,CSE 30,A01,083084,Eldon; John,5,0,80,75
1656683736985,CSE 30,B01,095061,Bhaskar; Nishant,3,0,50,47
1656683743013,CSE 100,A01,083659,Cao; Yingjun,1,6,70,69
1656683749038,CSE 134B,A01,083661,Powell; Thomas Allan,17,0,100,83
1656683755065,CSE 140,A01,083663,Gungor; Onat,14,0,85,71
1656683761090,CSE 140L,A01,083088,Eldon; John,16,0,100,84
1656683767113,CSE 175,A01,083665,Kumar; Rakesh,3,0,25,22
1656683773141,CSE 190,A00,092507,Dubnov; Shlomo,5,0,20,15
1656683779169,ECE 45,A01,083139,Congero; Spencer William,5,0,75,70
1656683785193,ECE 65,A50,083695,Saad; Andrew S,12,0,30,18
1656683785193,ECE 65,A51,095125,Saad; Andrew S,25,0,26,1
1656683791222,ECE 109,A01,091882,Touri; Behrouz,11,0,70,59
1656683797256,ECE 180,A00,083140,Abi Samra; Nicholas Camill,1,0,30,29
1656683797256,ECE 180,B00,083141,Abi Samra; Nicholas Camill,0,0,30,30
1656683803281,MATH 10A,A01,083735,Patchell; Gregory David,0,0,30,30
1656683803281,MATH 10A,A02,083736,Patchell; Gregory David,20,0,30,10
1656683803281,MATH 10A,A03,083737,Patchell; Gregory David,16,0,30,14
1656683809305,MATH 10B,A01,083207,Lim; Seonhee,7,0,34,27
1656683809305,MATH 10B,A02,083208,Lim; Seonhee,9,0,35,26
1656683809305,MATH 10B,A03,093472,Lim; Seonhee,3,0,34,31
1656683809305,MATH 10B,B01,083739,Sinha; Shubham,9,0,30,21
1656683815328,MATH 18,A01,083743,Cinel; Cameron Alexander,6,0,30,24
1656683815328,MATH 18,A02,083744,Cinel; Cameron Alexander,14,0,30,16
1656683815328,MATH 18,A03,083745,Cinel; Cameron Alexander,8,0,30,22
1656683815328,MATH 18,B01,083748,Rideout; David Porter,2,0,37,35
1656683815328,MATH 18,B02,083749,Rideout; David Porter,2,0,36,34
1656683815328,MATH 18,B03,083750,Rideout; David Porter,1,0,37,36
1656683815328,MATH 18,B04,083751,Rideout; David Porter,4,0,36,32
1656683815328,MATH 18,B05,093473,Rideout; David Porter,4,0,36,32
1656683815328,MATH 18,B06,093474,Rideout; David Porter,4,0,36,32
1656683821353,MATH 20A,A01,083754,Zheng; Zequn,12,0,40,28
1656683827382,MATH 20B,A01,083756,Briones; Jor-el Thomas Caparas,1,1,36,35
1656683827382,MATH 20B,A02,083757,Briones; Jor-el Thomas Caparas,0,0,36,36
1656683827382,MATH 20B,A03,093475,Briones; Jor-el Thomas Caparas,2,0,36,34
1656683833418,MATH 20C,A01,083760,Briones; Jor-el Thomas Caparas,0,0,35,35
1656683833418,MATH 20C,A02,083761,Briones; Jor-el Thomas Caparas,9,0,35,26
1656683833418,MATH 20C,A03,093476,Briones; Jor-el Thomas Caparas,0,1,36,36
1656683833418,MATH 20C,B01,083762,Bach; Quang Tran,0,0,30,30
1656683839442,MATH 20D,A01,083765,Tran; Brian Kha,3,0,30,27
1656683839442,MATH 20D,A02,083766,Tran; Brian Kha,2,0,30,28
1656683839442,MATH 20D,A03,083767,Tran; Brian Kha,1,0,30,29
1656683845539,MATH 20E,A01,083771,Ganguly; Soumya,4,0,32,28
1656683845539,MATH 20E,A02,083772,Ganguly; Soumya,3,0,32,29
1656683845539,MATH 20E,B01,083773,Ciotti; Benjamin,18,0,35,17
1656683845539,MATH 20E,B02,083774,Ciotti; Benjamin,18,0,35,17
1656683851574,MATH 103A,A01,083777,Greenfeld; Be'Eri,2,0,36,34
1656683851574,MATH 103A,A02,083778,Greenfeld; Be'Eri,5,0,36,31
1656683851574,MATH 103A,A03,093561,Greenfeld; Be'Eri,4,0,36,32
1656683851574,MATH 103A,B01,083779,Greenfeld; Be'Eri,6,0,36,30
1656683851574,MATH 103A,B02,083780,Greenfeld; Be'Eri,1,0,36,35
1656683851574,MATH 103A,B03,093562,Greenfeld; Be'Eri,2,0,36,34
1656683857597,MATH 105,A01,085443,Carter; Anne Toulson,13,0,35,22
1656683857597,MATH 105,A02,093477,Carter; Anne Toulson,20,0,35,15
1656683863622,MATH 109,A01,083213,Ganzberger; Geoffrey Michael,0,0,34,34
1656683863622,MATH 109,A02,083214,Ganzberger; Geoffrey Michael,1,0,34,33
1656683863622,MATH 109,A03,093478,Ganzberger; Geoffrey Michael,2,0,34,32
1656683863622,MATH 109,B01,083215,Ganzberger; Geoffrey Michael,1,0,32,31
1656683863622,MATH 109,B02,083216,Ganzberger; Geoffrey Michael,2,0,32,30
1656683863622,MATH 109,B03,093479,Ganzberger; Geoffrey Michael,6,0,32,26
1656683869651,MATH 142A,A01,083219,Chow; Bennett,3,0,32,29
1656683869651,MATH 142A,A02,083220,Chow; Bennett,9,0,32,23
1656683869651,MATH 142A,A03,093480,Chow; Bennett,6,0,32,26
1656683869651,MATH 142A,B03,093481,Chow; Bennett,5,0,32,27
1656683869651,MATH 142A,B04,093558,Chow; Bennett,10,0,32,22
1656683869651,MATH 142A,B05,093559,Chow; Bennett,4,0,32,28
1656683875681,MATH 193A,A01,083224,Rotar; Vladimir,3,0,34,31
1656683875681,MATH 193A,A02,083225,Rotar; Vladimir,2,0,34,32
1656683875681,MATH 193A,A03,083781,Rotar; Vladimir,0,0,34,34
1656683875681,MATH 193A,A04,083782,Rotar; Vladimir,4,0,34,30
1656683875681,MATH 193A,A05,093482,Rotar; Vladimir,5,0,34,29
1656683881707,MATH 197,001,091859,McAuley; Julian John,9999,0,9999,0
1656683881707,MATH 197,002,095566,Kedlaya; Kiran S.,9997,0,9999,2
1656683881707,MATH 197,003,095567,Xiao; Ming,9999,0,9999,0
1656683881707,MATH 197,004,095571,Perols; Johan Lars,9998,0,9999,1
1656683888769,COGS 9,A01,083615,Shannon; Kyle Michael,5,0,75,70
1656683894794,COGS 11,A01,083617,Boyle; Mary E. T.,17,0,48,31
1656683900824,COGS 13,A01,083071,Bastos; Amalia Pinkusfeld,6,0,71,65
1656683906852,COGS 14A,A01,092681,Semenuks; Arturs,0,3,100,100
1656683912881,COGS 14B,A01,083073,Cheng; Tzu-Han,3,0,63,60
1656683918913,COGS 17,A01,092677,Semenuks; Arturs,4,0,81,77
1656683924937,COGS 100,A01,083619,Allen; Michael Gordon,13,0,70,57
1656683930962,COGS 101A,A01,083621,Davis; Joshua Daniel,10,0,68,58
1656683936987,COGS 101B,A01,091572,Allen; Michael Gordon,3,0,65,62
1656683943015,COGS 101C,A01,083625,Delgado; Tania,17,0,35,18
1656683949039,COGS 107A,A01,083627,Boyle; Mary E. T.,11,0,60,49
1656683955071,COGS 118A,A01,083075,Gupta; Anjum,13,0,76,63
1656683961097,CSE 3,A50,083646,Miranda; Gregory Joseph,22,0,50,28
1656683967125,CSE 8A,A50,083650,Miranda; Gregory Joseph,16,1,56,40
1656683973154,CSE 11,A01,083080,Cao; Yingjun,2,17,40,38
1656683979178,CSE 12,A01,083652,Krause-Levy; Sophia Louisa,19,1,120,101
1656683985200,CSE 15L,A01,083654,Morris; Justin Loren,8,0,50,42
1656683985200,CSE 15L,A02,083655,Morris; Justin Loren,8,0,50,42
1656683991225,CSE 20,A01,083657,Tran; Khoa Dang,35,0,80,45
1656683997250,CSE 21,A01,095574,Bach; Quang Tran,21,0,48,27
1656684003273,CSE 30,A01,083084,Eldon; John,5,0,80,75
1656684003273,CSE 30,B01,095061,Bhaskar; Nishant,3,0,50,47
1656684009306,CSE 100,A01,083659,Cao; Yingjun,1,6,70,69
1656684015337,CSE 134B,A01,083661,Powell; Thomas Allan,17,0,100,83
1656684021361,CSE 140,A01,083663,Gungor; Onat,14,0,85,71
1656684027391,CSE 140L,A01,083088,Eldon; John,16,0,100,84
1656684033415,CSE 175,A01,083665,Kumar; Rakesh,3,0,25,22
1656684039446,CSE 190,A00,092507,Dubnov; Shlomo,5,0,20,15
1656684045469,ECE 45,A01,083139,Congero; Spencer William,5,0,75,70
1656684051498,ECE 65,A50,083695,Saad; Andrew S,12,0,30,18
1656684051498,ECE 65,A51,095125,Saad; Andrew S,25,0,26,1
1656684057523,ECE 109,A01,091882,Touri; Behrouz,11,0,70,59
1656684063549,ECE 180,A00,083140,Abi Samra; Nicholas Camill,1,0,30,29
1656684063549,ECE 180,B00,083141,Abi Samra; Nicholas Camill,0,0,30,30
1656684069572,MATH 10A,A01,083735,Patchell; Gregory David,0,0,30,30
1656684069572,MATH 10A,A02,083736,Patchell; Gregory David,20,0,30,10
1656684069572,MATH 10A,A03,083737,Patchell; Gregory David,16,0,30,14
1656684075600,MATH 10B,A01,083207,Lim; Seonhee,7,0,34,27
1656684075600,MATH 10B,A02,083208,Lim; Seonhee,9,0,35,26
1656684075600,MATH 10B,A03,093472,Lim; Seonhee,3,0,34,31
1656684075600,MATH 10B,B01,083739,Sinha; Shubham,9,0,30,21
1656684081625,MATH 18,A01,083743,Cinel; Cameron Alexander,6,0,30,24
1656684081625,MATH 18,A02,083744,Cinel; Cameron Alexander,14,0,30,16
1656684081625,MATH 18,A03,083745,Cinel; Cameron Alexander,8,0,30,22
1656684081625,MATH 18,B01,083748,Rideout; David Porter,2,0,37,35
1656684081625,MATH 18,B02,083749,Rideout; David Porter,2,0,36,34
1656684081625,MATH 18,B03,083750,Rideout; David Porter,1,0,37,36
1656684081625,MATH 18,B04,083751,Rideout; David Porter,4,0,36,32
1656684081625,MATH 18,B05,093473,Rideout; David Porter,4,0,36,32
1656684081625,MATH 18,B06,093474,Rideout; David Porter,4,0,36,32
1656684087652,MATH 20A,A01,083754,Zheng; Zequn,12,0,40,28
1656684093676,MATH 20B,A01,083756,Briones; Jor-el Thomas Caparas,1,1,36,35
1656684093676,MATH 20B,A02,083757,Briones; Jor-el Thomas Caparas,0,0,36,36
1656684093676,MATH 20B,A03,093475,Briones; Jor-el Thomas Caparas,2,0,36,34
1656684099707,MATH 20C,A01,083760,Briones; Jor-el Thomas Caparas,0,0,35,35
1656684099707,MATH 20C,A02,083761,Briones; Jor-el Thomas Caparas,9,0,35,26
1656684099707,MATH 20C,A03,093476,Briones; Jor-el Thomas Caparas,0,1,36,36
1656684099707,MATH 20C,B01,083762,Bach; Quang Tran,0,0,30,30
1656684105736,MATH 20D,A01,083765,Tran; Brian Kha,3,0,30,27
1656684105736,MATH 20D,A02,083766,Tran; Brian Kha,2,0,30,28
1656684105736,MATH 20D,A03,083767,Tran; Brian Kha,1,0,30,29
1656684111769,MATH 20E,A01,083771,Ganguly; Soumya,4,0,32,28
1656684111769,MATH 20E,A02,083772,Ganguly; Soumya,3,0,32,29
1656684111769,MATH 20E,B01,083773,Ciotti; Benjamin,18,0,35,17
1656684111769,MATH 20E,B02,083774,Ciotti; Benjamin,18,0,35,17
1656684117799,MATH 103A,A01,083777,Greenfeld; Be'Eri,2,0,36,34
1656684117799,MATH 103A,A02,083778,Greenfeld; Be'Eri,5,0,36,31
1656684117799,MATH 103A,A03,093561,Greenfeld; Be'Eri,4,0,36,32
1656684117799,MATH 103A,B01,083779,Greenfeld; Be'Eri,6,0,36,30
1656684117799,MATH 103A,B02,083780,Greenfeld; Be'Eri,1,0,36,35
1656684117799,MATH 103A,B03,093562,Greenfeld; Be'Eri,2,0,36,34
1656684123825,MATH 105,A01,085443,Carter; Anne Toulson,13,0,35,22
1656684123825,MATH 105,A02,093477,Carter; Anne Toulson,20,0,35,15
1656684129851,MATH 109,A01,083213,Ganzberger; Geoffrey Michael,0,0,34,34
1656684129851,MATH 109,A02,083214,Ganzberger; Geoffrey Michael,1,0,34,33
1656684129851,MATH 109,A03,093478,Ganzberger; Geoffrey Michael,2,0,34,32
1656684129851,MATH 109,B01,083215,Ganzberger; Geoffrey Michael,1,0,32,31
1656684129851,MATH 109,B02,083216,Ganzberger; Geoffrey Michael,2,0,32,30
1656684129851,MATH 109,B03,093479,Ganzberger; Geoffrey Michael,6,0,32,26
1656684135894,MATH 142A,A01,083219,Chow; Bennett,3,0,32,29
1656684135894,MATH 142A,A02,083220,Chow; Bennett,9,0,32,23
1656684135894,MATH 142A,A03,093480,Chow; Bennett,6,0,32,26
1656684135894,MATH 142A,B03,093481,Chow; Bennett,5,0,32,27
1656684135894,MATH 142A,B04,093558,Chow; Bennett,10,0,32,22
1656684135894,MATH 142A,B05,093559,Chow; Bennett,4,0,32,28
1656684141924,MATH 193A,A01,083224,Rotar; Vladimir,3,0,34,31
1656684141924,MATH 193A,A02,083225,Rotar; Vladimir,2,0,34,32
1656684141924,MATH 193A,A03,083781,Rotar; Vladimir,0,0,34,34
1656684141924,MATH 193A,A04,083782,Rotar; Vladimir,4,0,34,30
1656684141924,MATH 193A,A05,093482,Rotar; Vladimir,5,0,34,29
1656684147950,MATH 197,001,091859,McAuley; Julian John,9999,0,9999,0
1656684147950,MATH 197,002,095566,Kedlaya; Kiran S.,9997,0,9999,2
1656684147950,MATH 197,003,095567,Xiao; Ming,9999,0,9999,0
1656684147950,MATH 197,004,095571,Perols; Johan Lars,9998,0,9999,1
1656684155022,COGS 9,A01,083615,Shannon; Kyle Michael,5,0,75,70
1656684161044,COGS 11,A01,083617,Boyle; Mary E. T.,17,0,48,31
1656684167074,COGS 13,A01,083071,Bastos; Amalia Pinkusfeld,6,0,71,65
1656684173103,COGS 14A,A01,092681,Semenuks; Arturs,0,3,100,100
1656684179129,COGS 14B,A01,083073,Cheng; Tzu-Han,3,0,63,60
1656684185155,COGS 17,A01,092677,Semenuks; Arturs,4,0,81,77
1656684191189,COGS 100,A01,083619,Allen; Michael Gordon,13,0,70,57
1656684197214,COGS 101A,A01,083621,Davis; Joshua Daniel,10,0,68,58
1656684203250,COGS 101B,A01,091572,Allen; Michael Gordon,3,0,65,62
1656684209276,COGS 101C,A01,083625,Delgado; Tania,17,0,35,18
1656684215314,COGS 107A,A01,083627,Boyle; Mary E. T.,11,0,60,49
1656684221342,COGS 118A,A01,083075,Gupta; Anjum,13,0,76,63
1656684227371,CSE 3,A50,083646,Miranda; Gregory Joseph,22,0,50,28
1656684233402,CSE 8A,A50,083650,Miranda; Gregory Joseph,16,1,56,40
1656684239435,CSE 11,A01,083080,Cao; Yingjun,2,17,40,38
1656684245471,CSE 12,A01,083652,Krause-Levy; Sophia Louisa,19,1,120,101
1656684251500,CSE 15L,A01,083654,Morris; Justin Loren,8,0,50,42
1656684251500,CSE 15L,A02,083655,Morris; Justin Loren,8,0,50,42
1656684257526,CSE 20,A01,083657,Tran; Khoa Dang,35,0,80,45
1656684263555,CSE 21,A01,095574,Bach; Quang Tran,21,0,48,27
1656684269584,CSE 30,A01,083084,Eldon; John,5,0,80,75
1656684269584,CSE 30,B01,095061,Bhaskar; Nishant,3,0,50,47
1656684275613,CSE 100,A01,083659,Cao; Yingjun,1,6,70,69
1656684281638,CSE 134B,A01,083661,Powell; Thomas Allan,17,0,100,83
1656684287662,CSE 140,A01,083663,Gungor; Onat,14,0,85,71
1656684293690,CSE 140L,A01,083088,Eldon; John,16,0,100,84
1656684299715,CSE 175,A01,083665,Kumar; Rakesh,3,0,25,22
1656684305741,CSE 190,A00,092507,Dubnov; Shlomo,5,0,20,15
1656684311767,ECE 45,A01,083139,Congero; Spencer William,5,0,75,70
1656684317799,ECE 65,A50,083695,Saad; Andrew S,12,0,30,18
1656684317799,ECE 65,A51,095125,Saad; Andrew S,25,0,26,1
1656684323827,ECE 109,A01,091882,Touri; Behrouz,12,0,70,58
1656684329851,ECE 180,A00,083140,Abi Samra; Nicholas Camill,1,0,30,29
1656684329851,ECE 180,B00,083141,Abi Samra; Nicholas Camill,0,0,30,30
1656684335877,MATH 10A,A01,083735,Patchell; Gregory David,0,0,30,30
1656684335877,MATH 10A,A02,083736,Patchell; Gregory David,20,0,30,10
1656684335877,MATH 10A,A03,083737,Patchell; Gregory David,16,0,30,14
1656684341903,MATH 10B,A01,083207,Lim; Seonhee,7,0,34,27
1656684341903,MATH 10B,A02,083208,Lim; Seonhee,9,0,35,26
1656684341903,MATH 10B,A03,093472,Lim; Seonhee,3,0,34,31
1656684341903,MATH 10B,B01,083739,Sinha; Shubham,9,0,30,21
1656684347937,MATH 18,A01,083743,Cinel; Cameron Alexander,6,0,30,24
1656684347937,MATH 18,A02,083744,Cinel; Cameron Alexander,14,0,30,16
1656684347937,MATH 18,A03,083745,Cinel; Cameron Alexander,8,0,30,22
1656684347937,MATH 18,B01,083748,Rideout; David Porter,2,0,37,35
1656684347937,MATH 18,B02,083749,Rideout; David Porter,2,0,36,34
1656684347937,MATH 18,B03,083750,Rideout; David Porter,1,0,37,36
1656684347937,MATH 18,B04,083751,Rideout; David Porter,4,0,36,32
1656684347937,MATH 18,B05,093473,Rideout; David Porter,4,0,36,32
1656684347937,MATH 18,B06,093474,Rideout; David Porter,4,0,36,32
1656684353962,MATH 20A,A01,083754,Zheng; Zequn,12,0,40,28
1656684359986,MATH 20B,A01,083756,Briones; Jor-el Thomas Caparas,1,1,36,35
1656684359986,MATH 20B,A02,083757,Briones; Jor-el Thomas Caparas,0,0,36,36
1656684359986,MATH 20B,A03,093475,Briones; Jor-el Thomas Caparas,2,0,36,34
1656684366015,MATH 20C,A01,083760,Briones; Jor-el Thomas Caparas,0,0,35,35
1656684366015,MATH 20C,A02,083761,Briones; Jor-el Thomas Caparas,9,0,35,26
1656684366015,MATH 20C,A03,093476,Briones; Jor-el Thomas Caparas,0,1,36,36
1656684366015,MATH 20C,B01,083762,Bach; Quang Tran,0,0,30,30
1656684372041,MATH 20D,A01,083765,Tran; Brian Kha,3,0,30,27
1656684372041,MATH 20D,A02,083766,Tran; Brian Kha,2,0,30,28
1656684372041,MATH 20D,A03,083767,Tran; Brian Kha,1,0,30,29
1656684378066,MATH 20E,A01,083771,Ganguly; Soumya,4,0,32,28
1656684378066,MATH 20E,A02,083772,Ganguly; Soumya,3,0,32,29
1656684378066,MATH 20E,B01,083773,Ciotti; Benjamin,18,0,35,17
1656684378066,MATH 20E,B02,083774,Ciotti; Benjamin,18,0,35,17
1656684384091,MATH 103A,A01,083777,Greenfeld; Be'Eri,2,0,36,34
1656684384091,MATH 103A,A02,083778,Greenfeld; Be'Eri,5,0,36,31
1656684384091,MATH 103A,A03,093561,Greenfeld; Be'Eri,4,0,36,32
1656684384091,MATH 103A,B01,083779,Greenfeld; Be'Eri,6,0,36,30
1656684384091,MATH 103A,B02,083780,Greenfeld; Be'Eri,1,0,36,35
1656684384091,MATH 103A,B03,093562,Greenfeld; Be'Eri,2,0,36,34
1656684390131,MATH 105,A01,085443,Carter; Anne Toulson,13,0,35,22
1656684390131,MATH 105,A02,093477,Carter; Anne Toulson,20,0,35,15
1656684396162,MATH 109,A01,083213,Ganzberger; Geoffrey Michael,0,0,34,34
1656684396162,MATH 109,A02,083214,Ganzberger; Geoffrey Michael,1,0,34,33
1656684396162,MATH 109,A03,093478,Ganzberger; Geoffrey Michael,2,0,34,32
1656684396162,MATH 109,B01,083215,Ganzberger; Geoffrey Michael,1,0,32,31
1656684396162,MATH 109,B02,083216,Ganzberger; Geoffrey Michael,2,0,32,30
1656684396162,MATH 109,B03,093479,Ganzberger; Geoffrey Michael,6,0,32,26
1656684402203,MATH 142A,A01,083219,Chow; Bennett,3,0,32,29
1656684402203,MATH 142A,A02,083220,Chow; Bennett,9,0,32,23
1656684402203,MATH 142A,A03,093480,Chow; Bennett,6,0,32,26
1656684402203,MATH 142A,B03,093481,Chow; Bennett,5,0,32,27
1656684402203,MATH 142A,B04,093558,Chow; Bennett,10,0,32,22
1656684402203,MATH 142A,B05,093559,Chow; Bennett,4,0,32,28
1656684408227,MATH 193A,A01,083224,Rotar; Vladimir,3,0,34,31
1656684408227,MATH 193A,A02,083225,Rotar; Vladimir,2,0,34,32
1656684408227,MATH 193A,A03,083781,Rotar; Vladimir,0,0,34,34
1656684408227,MATH 193A,A04,083782,Rotar; Vladimir,4,0,34,30
1656684408227,MATH 193A,A05,093482,Rotar; Vladimir,5,0,34,29
1656684414251,MATH 197,001,091859,McAuley; Julian John,9999,0,9999,0
1656684414251,MATH 197,002,095566,Kedlaya; Kiran S.,9997,0,9999,2
1656684414251,MATH 197,003,095567,Xiao; Ming,9999,0,9999,0
1656684414251,MATH 197,004,095571,Perols; Johan Lars,9998,0,9999,1
1656684421310,COGS 9,A01,083615,Shannon; Kyle Michael,5,0,75,70
1656684427335,COGS 11,A01,083617,Boyle; Mary E. T.,17,0,48,31
1656684433360,COGS 13,A01,083071,Bastos; Amalia Pinkusfeld,6,0,71,65
1656684439466,COGS 14A,A01,092681,Semenuks; Arturs,0,3,100,100
1656684445490,COGS 14B,A01,083073,Cheng; Tzu-Han,3,0,63,60
1656684451519,COGS 17,A01,092677,Semenuks; Arturs,4,0,81,77
1656684457543,COGS 100,A01,083619,Allen; Michael Gordon,13,0,70,57
1656684463571,COGS 101A,A01,083621,Davis; Joshua Daniel,10,0,68,58
1656684469595,COGS 101B,A01,091572,Allen; Michael Gordon,3,0,65,62
1656684475622,COGS 101C,A01,083625,Delgado; Tania,17,0,35,18
1656684481647,COGS 107A,A01,083627,Boyle; Mary E. T.,11,0,60,49
1656684487675,COGS 118A,A01,083075,Gupta; Anjum,13,0,76,63
1656684493703,CSE 3,A50,083646,Miranda; Gregory Joseph,22,0,50,28
1656684499726,CSE 8A,A50,083650,Miranda; Gregory Joseph,16,1,56,40
1656684505757,CSE 11,A01,083080,Cao; Yingjun,2,17,40,38
1656684511784,CSE 12,A01,083652,Krause-Levy; Sophia Louisa,19,1,120,101
1656684517809,CSE 15L,A01,083654,Morris; Justin Loren,8,0,50,42
1656684517809,CSE 15L,A02,083655,Morris; Justin Loren,8,0,50,42
1656684523837,CSE 20,A01,083657,Tran; Khoa Dang,35,0,80,45
1656684529862,CSE 21,A01,095574,Bach; Quang Tran,21,0,48,27
1656684535886,CSE 30,A01,083084,Eldon; John,5,0,80,75
1656684535886,CSE 30,B01,095061,Bhaskar; Nishant,3,0,50,47
1656684541910,CSE 100,A01,083659,Cao; Yingjun,1,6,70,69
1656684547935,CSE 134B,A01,083661,Powell; Thomas Allan,17,0,100,83
1656684553961,CSE 140,A01,083663,Gungor; Onat,14,0,85,71
1656684559995,CSE 140L,A01,083088,Eldon; John,16,0,100,84
1656684566023,CSE 175,A01,083665,Kumar; Rakesh,3,0,25,22
1656684572049,CSE 190,A00,092507,Dubnov; Shlomo,5,0,20,15
1656684578114,ECE 45,A01,083139,Congero; Spencer William,5,0,75,70
1656684584143,ECE 65,A50,083695,Saad; Andrew S,12,0,30,18
1656684584143,ECE 65,A51,095125,Saad; Andrew S,25,0,26,1
1656684590176,ECE 109,A01,091882,Touri; Behrouz,12,0,70,58
1656684596210,ECE 180,A00,083140,Abi Samra; Nicholas Camill,1,0,30,29
1656684596210,ECE 180,B00,083141,Abi Samra; Nicholas Camill,0,0,30,30
1656684602244,MATH 10A,A01,083735,Patchell; Gregory David,0,0,30,30
1656684602244,MATH 10A,A02,083736,Patchell; Gregory David,20,0,30,10
1656684602244,MATH 10A,A03,083737,Patchell; Gregory David,16,0,30,14
1656684608280,MATH 10B,A01,083207,Lim; Seonhee,7,0,34,27
1656684608280,MATH 10B,A02,083208,Lim; Seonhee,9,0,35,26
1656684608280,MATH 10B,A03,093472,Lim; Seonhee,3,0,34,31
1656684608280,MATH 10B,B01,083739,Sinha; Shubham,9,0,30,21
1656684614312,MATH 18,A01,083743,Cinel; Cameron Alexander,6,0,30,24
1656684614312,MATH 18,A02,083744,Cinel; Cameron Alexander,14,0,30,16
1656684614312,MATH 18,A03,083745,Cinel; Cameron Alexander,8,0,30,22
1656684614312,MATH 18,B01,083748,Rideout; David Porter,2,0,37,35
1656684614312,MATH 18,B02,083749,Rideout; David Porter,2,0,36,34
1656684614312,MATH 18,B03,083750,Rideout; David Porter,1,0,37,36
1656684614312,MATH 18,B04,083751,Rideout; David Porter,4,0,36,32
1656684614312,MATH 18,B05,093473,Rideout; David Porter,4,0,36,32
1656684614312,MATH 18,B06,093474,Rideout; David Porter,4,0,36,32
1656684620339,MATH 20A,A01,083754,Zheng; Zequn,12,0,40,28
1656684626362,MATH 20B,A01,083756,Briones; Jor-el Thomas Caparas,1,1,36,35
1656684626362,MATH 20B,A02,083757,Briones; Jor-el Thomas Caparas,0,0,36,36
1656684626362,MATH 20B,A03,093475,Briones; Jor-el Thomas Caparas,2,0,36,34
1656684632389,MATH 20C,A01,083760,Briones; Jor-el Thomas Caparas,0,0,35,35
1656684632389,MATH 20C,A02,083761,Briones; Jor-el Thomas Caparas,9,0,35,26
1656684632389,MATH 20C,A03,093476,Briones; Jor-el Thomas Caparas,0,1,36,36
1656684632389,MATH 20C,B01,083762,Bach; Quang Tran,0,0,30,30
1656684638419,MATH 20D,A01,083765,Tran; Brian Kha,3,0,30,27
1656684638419,MATH 20D,A02,083766,Tran; Brian Kha,2,0,30,28
1656684638419,MATH 20D,A03,083767,Tran; Brian Kha,1,0,30,29
1656684644449,MATH 20E,A01,083771,Ganguly; Soumya,4,0,32,28
1656684644449,MATH 20E,A02,083772,Ganguly; Soumya,3,0,32,29
1656684644449,MATH 20E,B01,083773,Ciotti; Benjamin,18,0,35,17
1656684644449,MATH 20E,B02,083774,Ciotti; Benjamin,18,0,35,17
1656684650480,MATH 103A,A01,083777,Greenfeld; Be'Eri,2,0,36,34
1656684650480,MATH 103A,A02,083778,Greenfeld; Be'Eri,5,0,36,31
1656684650480,MATH 103A,A03,093561,Greenfeld; Be'Eri,4,0,36,32
1656684650480,MATH 103A,B01,083779,Greenfeld; Be'Eri,6,0,36,30
1656684650480,MATH 103A,B02,083780,Greenfeld; Be'Eri,1,0,36,35
1656684650480,MATH 103A,B03,093562,Greenfeld; Be'Eri,2,0,36,34
1656684656508,MATH 105,A01,085443,Carter; Anne Toulson,13,0,35,22
1656684656508,MATH 105,A02,093477,Carter; Anne Toulson,20,0,35,15
1656684662542,MATH 109,A01,083213,Ganzberger; Geoffrey Michael,0,0,34,34
1656684662542,MATH 109,A02,083214,Ganzberger; Geoffrey Michael,1,0,34,33
1656684662542,MATH 109,A03,093478,Ganzberger; Geoffrey Michael,2,0,34,32
1656684662542,MATH 109,B01,083215,Ganzberger; Geoffrey Michael,1,0,32,31
1656684662542,MATH 109,B02,083216,Ganzberger; Geoffrey Michael,2,0,32,30
1656684662542,MATH 109,B03,093479,Ganzberger; Geoffrey Michael,6,0,32,26
1656684668574,MATH 142A,A01,083219,Chow; Bennett,3,0,32,29
1656684668574,MATH 142A,A02,083220,Chow; Bennett,9,0,32,23
1656684668574,MATH 142A,A03,093480,Chow; Bennett,6,0,32,26
1656684668574,MATH 142A,B03,093481,Chow; Bennett,5,0,32,27
1656684668574,MATH 142A,B04,093558,Chow; Bennett,10,0,32,22
1656684668574,MATH 142A,B05,093559,Chow; Bennett,4,0,32,28
1656684674600,MATH 193A,A01,083224,Rotar; Vladimir,3,0,34,31
1656684674600,MATH 193A,A02,083225,Rotar; Vladimir,2,0,34,32
1656684674600,MATH 193A,A03,083781,Rotar; Vladimir,0,0,34,34
1656684674600,MATH 193A,A04,083782,Rotar; Vladimir,4,0,34,30
1656684674600,MATH 193A,A05,093482,Rotar; Vladimir,5,0,34,29
1656684680629,MATH 197,001,091859,McAuley; Julian John,9999,0,9999,0
1656684680629,MATH 197,002,095566,Kedlaya; Kiran S.,9997,0,9999,2
1656684680629,MATH 197,003,095567,Xiao; Ming,9999,0,9999,0
1656684680629,MATH 197,004,095571,Perols; Johan Lars,9998,0,9999,1
1656684687683,COGS 9,A01,083615,Shannon; Kyle Michael,5,0,75,70
1656684693708,COGS 11,A01,083617,Boyle; Mary E. T.,17,0,48,31
1656684699734,COGS 13,A01,083071,Bastos; Amalia Pinkusfeld,6,0,71,65
1656684705765,COGS 14A,A01,092681,Semenuks; Arturs,0,3,100,100
1656684711790,COGS 14B,A01,083073,Cheng; Tzu-Han,3,0,63,60
1656684717814,COGS 17,A01,092677,Semenuks; Arturs,4,0,81,77
1656684723840,COGS 100,A01,083619,Allen; Michael Gordon,13,0,70,57
1656684729870,COGS 101A,A01,083621,Davis; Joshua Daniel,10,0,68,58
1656684735893,COGS 101B,A01,091572,Allen; Michael Gordon,3,0,65,62
1656684741946,COGS 101C,A01,083625,Delgado; Tania,17,0,35,18
1656684747976,COGS 107A,A01,083627,Boyle; Mary E. T.,11,0,60,49
1656684754005,COGS 118A,A01,083075,Gupta; Anjum,13,0,76,63
1656684760030,CSE 3,A50,083646,Miranda; Gregory Joseph,22,0,50,28
1656684766054,CSE 8A,A50,083650,Miranda; Gregory Joseph,16,1,56,40
1656684772082,CSE 11,A01,083080,Cao; Yingjun,2,17,40,38
1656684778111,CSE 12,A01,083652,Krause-Levy; Sophia Louisa,19,1,120,101
1656684784134,CSE 15L,A01,083654,Morris; Justin Loren,8,0,50,42
1656684784134,CSE 15L,A02,083655,Morris; Justin Loren,8,0,50,42
1656684790170,CSE 20,A01,083657,Tran; Khoa Dang,35,0,80,45
1656684796197,CSE 21,A01,095574,Bach; Quang Tran,21,0,48,27
1656684802255,CSE 30,A01,083084,Eldon; John,5,0,80,75
1656684802255,CSE 30,B01,095061,Bhaskar; Nishant,3,0,50,47
1656684808281,CSE 100,A01,083659,Cao; Yingjun,1,6,70,69
1656684814305,CSE 134B,A01,083661,Powell; Thomas Allan,17,0,100,83
1656684820331,CSE 140,A01,083663,Gungor; Onat,14,0,85,71
1656684826359,CSE 140L,A01,083088,Eldon; John,16,0,100,84
1656684832383,CSE 175,A01,083665,Kumar; Rakesh,3,0,25,22
1656684838408,CSE 190,A00,092507,Dubnov; Shlomo,5,0,20,15
1656684844440,ECE 45,A01,083139,Congero; Spencer William,5,0,75,70
1656684850468,ECE 65,A50,083695,Saad; Andrew S,12,0,30,18
1656684850468,ECE 65,A51,095125,Saad; Andrew S,25,0,26,1
1656684856493,ECE 109,A01,091882,Touri; Behrouz,12,0,70,58
1656684862523,ECE 180,A00,083140,Abi Samra; Nicholas Camill,1,0,30,29
1656684862523,ECE 180,B00,083141,Abi Samra; Nicholas Camill,0,0,30,30
1656684868555,MATH 10A,A01,083735,Patchell; Gregory David,0,0,30,30
1656684868555,MATH 10A,A02,083736,Patchell; Gregory David,20,0,30,10
1656684868555,MATH 10A,A03,083737,Patchell; Gregory David,16,0,30,14
1656684874579,MATH 10B,A01,083207,Lim; Seonhee,7,0,34,27
1656684874579,MATH 10B,A02,083208,Lim; Seonhee,9,0,35,26
1656684874579,MATH 10B,A03,093472,Lim; Seonhee,3,0,34,31
1656684874579,MATH 10B,B01,083739,Sinha; Shubham,9,0,30,21
1656684880608,MATH 18,A01,083743,Cinel; Cameron Alexander,6,0,30,24
1656684880608,MATH 18,A02,083744,Cinel; Cameron Alexander,14,0,30,16
1656684880608,MATH 18,A03,083745,Cinel; Cameron Alexander,8,0,30,22
1656684880608,MATH 18,B01,083748,Rideout; David Porter,2,0,37,35
1656684880608,MATH 18,B02,083749,Rideout; David Porter,2,0,36,34
1656684880608,MATH 18,B03,083750,Rideout; David Porter,1,0,37,36
1656684880608,MATH 18,B04,083751,Rideout; David Porter,4,0,36,32
1656684880608,MATH 18,B05,093473,Rideout; David Porter,4,0,36,32
1656684880608,MATH 18,B06,093474,Rideout; David Porter,4,0,36,32
1656684886633,MATH 20A,A01,083754,Zheng; Zequn,12,0,40,28
1656684892658,MATH 20B,A01,083756,Briones; Jor-el Thomas Caparas,1,1,36,35
1656684892658,MATH 20B,A02,083757,Briones; Jor-el Thomas Caparas,0,0,36,36
1656684892658,MATH 20B,A03,093475,Briones; Jor-el Thomas Caparas,2,0,36,34
1656684898691,MATH 20C,A01,083760,Briones; Jor-el Thomas Caparas,0,0,35,35
1656684898691,MATH 20C,A02,083761,Briones; Jor-el Thomas Caparas,9,0,35,26
1656684898691,MATH 20C,A03,093476,Briones; Jor-el Thomas Caparas,0,1,36,36
1656684898691,MATH 20C,B01,083762,Bach; Quang Tran,0,0,30,30
1656684904716,MATH 20D,A01,083765,Tran; Brian Kha,3,0,30,27
1656684904716,MATH 20D,A02,083766,Tran; Brian Kha,2,0,30,28
1656684904716,MATH 20D,A03,083767,Tran; Brian Kha,1,0,30,29
1656684910742,MATH 20E,A01,083771,Ganguly; Soumya,4,0,32,28
1656684910742,MATH 20E,A02,083772,Ganguly; Soumya,3,0,32,29
1656684910742,MATH 20E,B01,083773,Ciotti; Benjamin,18,0,35,17
1656684910742,MATH 20E,B02,083774,Ciotti; Benjamin,18,0,35,17
1656684916766,MATH 103A,A01,083777,Greenfeld; Be'Eri,2,0,36,34
1656684916766,MATH 103A,A02,083778,Greenfeld; Be'Eri,5,0,36,31
1656684916766,MATH 103A,A03,093561,Greenfeld; Be'Eri,4,0,36,32
1656684916766,MATH 103A,B01,083779,Greenfeld; Be'Eri,6,0,36,30
1656684916766,MATH 103A,B02,083780,Greenfeld; Be'Eri,1,0,36,35
1656684916766,MATH 103A,B03,093562,Greenfeld; Be'Eri,2,0,36,34
1656684922790,MATH 105,A01,085443,Carter; Anne Toulson,13,0,35,22
1656684922790,MATH 105,A02,093477,Carter; Anne Toulson,20,0,35,15
1656684928820,MATH 109,A01,083213,Ganzberger; Geoffrey Michael,0,0,34,34
1656684928820,MATH 109,A02,083214,Ganzberger; Geoffrey Michael,1,0,34,33
1656684928820,MATH 109,A03,093478,Ganzberger; Geoffrey Michael,2,0,34,32
1656684928820,MATH 109,B01,083215,Ganzberger; Geoffrey Michael,1,0,32,31
1656684928820,MATH 109,B02,083216,Ganzberger; Geoffrey Michael,2,0,32,30
1656684928820,MATH 109,B03,093479,Ganzberger; Geoffrey Michael,6,0,32,26
1656684934854,MATH 142A,A01,083219,Chow; Bennett,3,0,32,29
1656684934854,MATH 142A,A02,083220,Chow; Bennett,9,0,32,23
1656684934854,MATH 142A,A03,093480,Chow; Bennett,6,0,32,26
1656684934854,MATH 142A,B03,093481,Chow; Bennett,5,0,32,27
1656684934854,MATH 142A,B04,093558,Chow; Bennett,10,0,32,22
1656684934854,MATH 142A,B05,093559,Chow; Bennett,4,0,32,28
1656684940881,MATH 193A,A01,083224,Rotar; Vladimir,3,0,34,31
1656684940881,MATH 193A,A02,083225,Rotar; Vladimir,2,0,34,32
1656684940881,MATH 193A,A03,083781,Rotar; Vladimir,0,0,34,34
1656684940881,MATH 193A,A04,083782,Rotar; Vladimir,4,0,34,30
1656684940881,MATH 193A,A05,093482,Rotar; Vladimir,5,0,34,29
1656684946908,MATH 197,001,091859,McAuley; Julian John,9999,0,9999,0
1656684946908,MATH 197,002,095566,Kedlaya; Kiran S.,9997,0,9999,2
1656684946908,MATH 197,003,095567,Xiao; Ming,9999,0,9999,0
1656684946908,MATH 197,004,095571,Perols; Johan Lars,9998,0,9999,1
1656684953967,COGS 9,A01,083615,Shannon; Kyle Michael,5,0,75,70
1656684959991,COGS 11,A01,083617,Boyle; Mary E. T.,17,0,48,31
1656684966017,COGS 13,A01,083071,Bastos; Amalia Pinkusfeld,6,0,71,65
1656684972044,COGS 14A,A01,092681,Semenuks; Arturs,0,3,100,100
1656684978069,COGS 14B,A01,083073,Cheng; Tzu-Han,3,0,63,60
1656684984093,COGS 17,A01,092677,Semenuks; Arturs,4,0,81,77
1656684990122,COGS 100,A01,083619,Allen; Michael Gordon,13,0,70,57
1656684996151,COGS 101A,A01,083621,Davis; Joshua Daniel,10,0,68,58
1656685002179,COGS 101B,A01,091572,Allen; Michael Gordon,3,0,65,62
1656685008208,COGS 101C,A01,083625,Delgado; Tania,17,0,35,18
1656685014231,COGS 107A,A01,083627,Boyle; Mary E. T.,11,0,60,49
1656685020267,COGS 118A,A01,083075,Gupta; Anjum,13,0,76,63
1656685026291,CSE 3,A50,083646,Miranda; Gregory Joseph,22,0,50,28
1656685032316,CSE 8A,A50,083650,Miranda; Gregory Joseph,16,1,56,40
1656685038411,CSE 11,A01,083080,Cao; Yingjun,2,17,40,38
1656685044438,CSE 12,A01,083652,Krause-Levy; Sophia Louisa,19,1,120,101
1656685050471,CSE 15L,A01,083654,Morris; Justin Loren,8,0,50,42
1656685050471,CSE 15L,A02,083655,Morris; Justin Loren,8,0,50,42
1656685056499,CSE 20,A01,083657,Tran; Khoa Dang,35,0,80,45
1656685062525,CSE 21,A01,095574,Bach; Quang Tran,21,0,48,27
1656685068549,CSE 30,A01,083084,Eldon; John,5,0,80,75
1656685068549,CSE 30,B01,095061,Bhaskar; Nishant,3,0,50,47
1656685074577,CSE 100,A01,083659,Cao; Yingjun,1,6,70,69
1656685080602,CSE 134B,A01,083661,Powell; Thomas Allan,17,0,100,83
1656685086633,CSE 140,A01,083663,Gungor; Onat,14,0,85,71
1656685092661,CSE 140L,A01,083088,Eldon; John,16,0,100,84
1656685098684,CSE 175,A01,083665,Kumar; Rakesh,3,0,25,22
1656685104710,CSE 190,A00,092507,Dubnov; Shlomo,5,0,20,15
1656685110739,ECE 45,A01,083139,Congero; Spencer William,5,0,75,70
1656685116776,ECE 65,A50,083695,Saad; Andrew S,12,0,30,18
1656685116776,ECE 65,A51,095125,Saad; Andrew S,25,0,26,1
1656685122800,ECE 109,A01,091882,Touri; Behrouz,12,0,70,58
1656685128829,ECE 180,A00,083140,Abi Samra; Nicholas Camill,1,0,30,29
1656685128829,ECE 180,B00,083141,Abi Samra; Nicholas Camill,0,0,30,30
1656685134857,MATH 10A,A01,083735,Patchell; Gregory David,0,0,30,30
1656685134857,MATH 10A,A02,083736,Patchell; Gregory David,20,0,30,10
1656685134857,MATH 10A,A03,083737,Patchell; Gregory David,16,0,30,14
1656685140883,MATH 10B,A01,083207,Lim; Seonhee,7,0,34,27
1656685140883,MATH 10B,A02,083208,Lim; Seonhee,9,0,35,26
1656685140883,MATH 10B,A03,093472,Lim; Seonhee,3,0,34,31
1656685140883,MATH 10B,B01,083739,Sinha; Shubham,9,0,30,21
1656685146909,MATH 18,A01,083743,Cinel; Cameron Alexander,6,0,30,24
1656685146909,MATH 18,A02,083744,Cinel; Cameron Alexander,14,0,30,16
1656685146909,MATH 18,A03,083745,Cinel; Cameron Alexander,8,0,30,22
1656685146909,MATH 18,B01,083748,Rideout; David Porter,2,0,37,35
1656685146909,MATH 18,B02,083749,Rideout; David Porter,2,0,36,34
1656685146909,MATH 18,B03,083750,Rideout; David Porter,1,0,37,36
1656685146909,MATH 18,B04,083751,Rideout; David Porter,4,0,36,32
1656685146909,MATH 18,B05,093473,Rideout; David Porter,4,0,36,32
1656685146909,MATH 18,B06,093474,Rideout; David Porter,4,0,36,32
1656685152937,MATH 20A,A01,083754,Zheng; Zequn,12,0,40,28
1656685158962,MATH 20B,A01,083756,Briones; Jor-el Thomas Caparas,1,1,36,35
1656685158962,MATH 20B,A02,083757,Briones; Jor-el Thomas Caparas,0,0,36,36
1656685158962,MATH 20B,A03,093475,Briones; Jor-el Thomas Caparas,2,0,36,34
1656685164987,MATH 20C,A01,083760,Briones; Jor-el Thomas Caparas,0,0,35,35
1656685164987,MATH 20C,A02,083761,Briones; Jor-el Thomas Caparas,9,0,35,26
1656685164987,MATH 20C,A03,093476,Briones; Jor-el Thomas Caparas,0,1,36,36
1656685164987,MATH 20C,B01,083762,Bach; Quang Tran,0,0,30,30
1656685171012,MATH 20D,A01,083765,Tran; Brian Kha,3,0,30,27
1656685171012,MATH 20D,A02,083766,Tran; Brian Kha,2,0,30,28
1656685171012,MATH 20D,A03,083767,Tran; Brian Kha,1,0,30,29
1656685177043,MATH 20E,A01,083771,Ganguly; Soumya,4,0,32,28
1656685177043,MATH 20E,A02,083772,Ganguly; Soumya,3,0,32,29
1656685177043,MATH 20E,B01,083773,Ciotti; Benjamin,18,0,35,17
1656685177043,MATH 20E,B02,083774,Ciotti; Benjamin,18,0,35,17
1656685183069,MATH 103A,A01,083777,Greenfeld; Be'Eri,2,0,36,34
1656685183069,MATH 103A,A02,083778,Greenfeld; Be'Eri,5,0,36,31
1656685183069,MATH 103A,A03,093561,Greenfeld; Be'Eri,4,0,36,32
1656685183069,MATH 103A,B01,083779,Greenfeld; Be'Eri,6,0,36,30
1656685183069,MATH 103A,B02,083780,Greenfeld; Be'Eri,1,0,36,35
1656685183069,MATH 103A,B03,093562,Greenfeld; Be'Eri,2,0,36,34
1656685189097,MATH 105,A01,085443,Carter; Anne Toulson,13,0,35,22
1656685189097,MATH 105,A02,093477,Carter; Anne Toulson,20,0,35,15
1656685195126,MATH 109,A01,083213,Ganzberger; Geoffrey Michael,0,0,34,34
1656685195126,MATH 109,A02,083214,Ganzberger; Geoffrey Michael,1,0,34,33
1656685195126,MATH 109,A03,093478,Ganzberger; Geoffrey Michael,2,0,34,32
1656685195126,MATH 109,B01,083215,Ganzberger; Geoffrey Michael,1,0,32,31
1656685195126,MATH 109,B02,083216,Ganzberger; Geoffrey Michael,2,0,32,30
1656685195126,MATH 109,B03,093479,Ganzberger; Geoffrey Michael,6,0,32,26
1656685201157,MATH 142A,A01,083219,Chow; Bennett,3,0,32,29
1656685201157,MATH 142A,A02,083220,Chow; Bennett,9,0,32,23
1656685201157,MATH 142A,A03,093480,Chow; Bennett,6,0,32,26
1656685201157,MATH 142A,B03,093481,Chow; Bennett,5,0,32,27
1656685201157,MATH 142A,B04,093558,Chow; Bennett,10,0,32,22
1656685201157,MATH 142A,B05,093559,Chow; Bennett,4,0,32,28
1656685207181,MATH 193A,A01,083224,Rotar; Vladimir,3,0,34,31
1656685207181,MATH 193A,A02,083225,Rotar; Vladimir,2,0,34,32
1656685207181,MATH 193A,A03,083781,Rotar; Vladimir,0,0,34,34
1656685207181,MATH 193A,A04,083782,Rotar; Vladimir,4,0,34,30
1656685207181,MATH 193A,A05,093482,Rotar; Vladimir,5,0,34,29
1656685213209,MATH 197,001,091859,McAuley; Julian John,9999,0,9999,0
1656685213209,MATH 197,002,095566,Kedlaya; Kiran S.,9997,0,9999,2
1656685213209,MATH 197,003,095567,Xiao; Ming,9999,0,9999,0
1656685213209,MATH 197,004,095571,Perols; Johan Lars,9998,0,9999,1
1656685220270,COGS 9,A01,083615,Shannon; Kyle Michael,5,0,75,70
1656685226297,COGS 11,A01,083617,Boyle; Mary E. T.,17,0,48,31
1656685232338,COGS 13,A01,083071,Bastos; Amalia Pinkusfeld,6,0,71,65
1656685238363,COGS 14A,A01,092681,Semenuks; Arturs,0,3,100,100
1656685244388,COGS 14B,A01,083073,Cheng; Tzu-Han,3,0,63,60
1656685250421,COGS 17,A01,092677,Semenuks; Arturs,4,0,81,77
1656685256450,COGS 100,A01,083619,Allen; Michael Gordon,13,0,70,57
1656685262476,COGS 101A,A01,083621,Davis; Joshua Daniel,10,0,68,58
1656685268506,COGS 101B,A01,091572,Allen; Michael Gordon,3,0,65,62
1656685274531,COGS 101C,A01,083625,Delgado; Tania,17,0,35,18
1656685280561,COGS 107A,A01,083627,Boyle; Mary E. T.,11,0,60,49
1656685286587,COGS 118A,A01,083075,Gupta; Anjum,13,0,76,63
1656685292616,CSE 3,A50,083646,Miranda; Gregory Joseph,22,0,50,28
1656685298642,CSE 8A,A50,083650,Miranda; Gregory Joseph,16,1,56,40
1656685304676,CSE 11,A01,083080,Cao; Yingjun,2,17,40,38
1656685310702,CSE 12,A01,083652,Krause-Levy; Sophia Louisa,19,1,120,101
1656685316724,CSE 15L,A01,083654,Morris; Justin Loren,8,0,50,42
1656685316724,CSE 15L,A02,083655,Morris; Justin Loren,8,0,50,42
1656685322754,CSE 20,A01,083657,Tran; Khoa Dang,35,0,80,45
1656685328778,CSE 21,A01,095574,Bach; Quang Tran,21,0,48,27
1656685334803,CSE 30,A01,083084,Eldon; John,5,0,80,75
1656685334803,CSE 30,B01,095061,Bhaskar; Nishant,3,0,50,47
1656685340827,CSE 100,A01,083659,Cao; Yingjun,1,6,70,69
1656685346853,CSE 134B,A01,083661,Powell; Thomas Allan,17,0,100,83
1656685352879,CSE 140,A01,083663,Gungor; Onat,14,0,85,71
1656685358904,CSE 140L,A01,083088,Eldon; John,16,0,100,84
1656685364929,CSE 175,A01,083665,Kumar; Rakesh,3,0,25,22
1656685370954,CSE 190,A00,092507,Dubnov; Shlomo,5,0,20,15
1656685376979,ECE 45,A01,083139,Congero; Spencer William,5,0,75,70
1656685383003,ECE 65,A50,083695,Saad; Andrew S,12,0,30,18
1656685383003,ECE 65,A51,095125,Saad; Andrew S,25,0,26,1
1656685389030,ECE 109,A01,091882,Touri; Behrouz,12,0,70,58
1656685395053,ECE 180,A00,083140,Abi Samra; Nicholas Camill,1,0,30,29
1656685395053,ECE 180,B00,083141,Abi Samra; Nicholas Camill,0,0,30,30
1656685401077,MATH 10A,A01,083735,Patchell; Gregory David,0,0,30,30
1656685401077,MATH 10A,A02,083736,Patchell; Gregory David,20,0,30,10
1656685401077,MATH 10A,A03,083737,Patchell; Gregory David,16,0,30,14
1656685407107,MATH 10B,A01,083207,Lim; Seonhee,7,0,34,27
1656685407107,MATH 10B,A02,083208,Lim; Seonhee,9,0,35,26
1656685407107,MATH 10B,A03,093472,Lim; Seonhee,3,0,34,31
1656685407107,MATH 10B,B01,083739,Sinha; Shubham,9,0,30,21
1656685413153,MATH 18,A01,083743,Cinel; Cameron Alexander,6,0,30,24
1656685413153,MATH 18,A02,083744,Cinel; Cameron Alexander,14,0,30,16
1656685413153,MATH 18,A03,083745,Cinel; Cameron Alexander,8,0,30,22
1656685413153,MATH 18,B01,083748,Rideout; David Porter,2,0,37,35
1656685413153,MATH 18,B02,083749,Rideout; David Porter,2,0,36,34
1656685413153,MATH 18,B03,083750,Rideout; David Porter,1,0,37,36
1656685413153,MATH 18,B04,083751,Rideout; David Porter,4,0,36,32
1656685413153,MATH 18,B05,093473,Rideout; David Porter,4,0,36,32
1656685413153,MATH 18,B06,093474,Rideout; David Porter,4,0,36,32
1656685419181,MATH 20A,A01,083754,Zheng; Zequn,12,0,40,28
1656685425209,MATH 20B,A01,083756,Briones; Jor-el Thomas Caparas,1,1,36,35
1656685425209,MATH 20B,A02,083757,Briones; Jor-el Thomas Caparas,0,0,36,36
1656685425209,MATH 20B,A03,093475,Briones; Jor-el Thomas Caparas,2,0,36,34
1656685431237,MATH 20C,A01,083760,Briones; Jor-el Thomas Caparas,0,0,35,35
1656685431237,MATH 20C,A02,083761,Briones; Jor-el Thomas Caparas,9,0,35,26
1656685431237,MATH 20C,A03,093476,Briones; Jor-el Thomas Caparas,0,1,36,36
1656685431237,MATH 20C,B01,083762,Bach; Quang Tran,0,0,30,30
1656685437264,MATH 20D,A01,083765,Tran; Brian Kha,3,0,30,27
1656685437264,MATH 20D,A02,083766,Tran; Brian Kha,2,0,30,28
1656685437264,MATH 20D,A03,083767,Tran; Brian Kha,1,0,30,29
1656685443288,MATH 20E,A01,083771,Ganguly; Soumya,4,0,32,28
1656685443288,MATH 20E,A02,083772,Ganguly; Soumya,3,0,32,29
1656685443288,MATH 20E,B01,083773,Ciotti; Benjamin,18,0,35,17
1656685443288,MATH 20E,B02,083774,Ciotti; Benjamin,18,0,35,17
1656685449320,MATH 103A,A01,083777,Greenfeld; Be'Eri,2,0,36,34
1656685449320,MATH 103A,A02,083778,Greenfeld; Be'Eri,5,0,36,31
1656685449320,MATH 103A,A03,093561,Greenfeld; Be'Eri,4,0,36,32
1656685449320,MATH 103A,B01,083779,Greenfeld; Be'Eri,6,0,36,30
1656685449320,MATH 103A,B02,083780,Greenfeld; Be'Eri,1,0,36,35
1656685449320,MATH 103A,B03,093562,Greenfeld; Be'Eri,2,0,36,34
1656685455348,MATH 105,A01,085443,Carter; Anne Toulson,13,0,35,22
1656685455348,MATH 105,A02,093477,Carter; Anne Toulson,20,0,35,15
1656685461372,MATH 109,A01,083213,Ganzberger; Geoffrey Michael,0,0,34,34
1656685461372,MATH 109,A02,083214,Ganzberger; Geoffrey Michael,1,0,34,33
1656685461372,MATH 109,A03,093478,Ganzberger; Geoffrey Michael,2,0,34,32
1656685461372,MATH 109,B01,083215,Ganzberger; Geoffrey Michael,1,0,32,31
1656685461372,MATH 109,B02,083216,Ganzberger; Geoffrey Michael,2,0,32,30
1656685461372,MATH 109,B03,093479,Ganzberger; Geoffrey Michael,6,0,32,26
1656685467396,MATH 142A,A01,083219,Chow; Bennett,3,0,32,29
1656685467396,MATH 142A,A02,083220,Chow; Bennett,9,0,32,23
1656685467396,MATH 142A,A03,093480,Chow; Bennett,6,0,32,26
1656685467396,MATH 142A,B03,093481,Chow; Bennett,5,0,32,27
1656685467396,MATH 142A,B04,093558,Chow; Bennett,10,0,32,22
1656685467396,MATH 142A,B05,093559,Chow; Bennett,4,0,32,28
1656685473420,MATH 193A,A01,083224,Rotar; Vladimir,3,0,34,31
1656685473420,MATH 193A,A02,083225,Rotar; Vladimir,2,0,34,32
1656685473420,MATH 193A,A03,083781,Rotar; Vladimir,0,0,34,34
1656685473420,MATH 193A,A04,083782,Rotar; Vladimir,4,0,34,30
1656685473420,MATH 193A,A05,093482,Rotar; Vladimir,5,0,34,29
1656685479442,MATH 197,001,091859,McAuley; Julian John,9999,0,9999,0
1656685479442,MATH 197,002,095566,Kedlaya; Kiran S.,9997,0,9999,2
1656685479442,MATH 197,003,095567,Xiao; Ming,9999,0,9999,0
1656685479442,MATH 197,004,095571,Perols; Johan Lars,9998,0,9999,1
1656685486519,COGS 9,A01,083615,Shannon; Kyle Michael,5,0,75,70
1656685492551,COGS 11,A01,083617,Boyle; Mary E. T.,17,0,48,31
1656685498573,COGS 13,A01,083071,Bastos; Amalia Pinkusfeld,6,0,71,65
1656685504597,COGS 14A,A01,092681,Semenuks; Arturs,0,3,100,100
1656685510627,COGS 14B,A01,083073,Cheng; Tzu-Han,3,0,63,60
1656685516651,COGS 17,A01,092677,Semenuks; Arturs,4,0,81,77
1656685522678,COGS 100,A01,083619,Allen; Michael Gordon,13,0,70,57
1656685528705,COGS 101A,A01,083621,Davis; Joshua Daniel,10,0,68,58
1656685534729,COGS 101B,A01,091572,Allen; Michael Gordon,3,0,65,62
1656685540757,COGS 101C,A01,083625,Delgado; Tania,17,0,35,18
1656685546783,COGS 107A,A01,083627,Boyle; Mary E. T.,11,0,60,49
1656685552807,COGS 118A,A01,083075,Gupta; Anjum,13,0,76,63
1656685558836,CSE 3,A50,083646,Miranda; Gregory Joseph,22,0,50,28
1656685564864,CSE 8A,A50,083650,Miranda; Gregory Joseph,16,1,56,40
1656685570891,CSE 11,A01,083080,Cao; Yingjun,2,17,40,38
1656685576923,CSE 12,A01,083652,Krause-Levy; Sophia Louisa,19,1,120,101
1656685582951,CSE 15L,A01,083654,Morris; Justin Loren,8,0,50,42
1656685582951,CSE 15L,A02,083655,Morris; Justin Loren,8,0,50,42
1656685588978,CSE 20,A01,083657,Tran; Khoa Dang,35,0,80,45
1656685595006,CSE 21,A01,095574,Bach; Quang Tran,21,0,48,27
1656685601031,CSE 30,A01,083084,Eldon; John,5,0,80,75
1656685601031,CSE 30,B01,095061,Bhaskar; Nishant,3,0,50,47
1656685607064,CSE 100,A01,083659,Cao; Yingjun,1,6,70,69
1656685613094,CSE 134B,A01,083661,Powell; Thomas Allan,17,0,100,83
1656685619119,CSE 140,A01,083663,Gungor; Onat,14,0,85,71
1656685625147,CSE 140L,A01,083088,Eldon; John,16,0,100,84
1656685631174,CSE 175,A01,083665,Kumar; Rakesh,3,0,25,22
1656685637291,CSE 190,A00,092507,Dubnov; Shlomo,5,0,20,15
1656685643316,ECE 45,A01,083139,Congero; Spencer William,5,0,75,70
1656685649341,ECE 65,A50,083695,Saad; Andrew S,12,0,30,18
1656685649341,ECE 65,A51,095125,Saad; Andrew S,25,0,26,1
1656685655365,ECE 109,A01,091882,Touri; Behrouz,12,0,70,58
1656685661390,ECE 180,A00,083140,Abi Samra; Nicholas Camill,1,0,30,29
1656685661390,ECE 180,B00,083141,Abi Samra; Nicholas Camill,0,0,30,30
1656685667420,MATH 10A,A01,083735,Patchell; Gregory David,0,0,30,30
1656685667420,MATH 10A,A02,083736,Patchell; Gregory David,20,0,30,10
1656685667420,MATH 10A,A03,083737,Patchell; Gregory David,16,0,30,14
1656685673449,MATH 10B,A01,083207,Lim; Seonhee,7,0,34,27
1656685673449,MATH 10B,A02,083208,Lim; Seonhee,9,0,35,26
1656685673449,MATH 10B,A03,093472,Lim; Seonhee,3,0,34,31
1656685673449,MATH 10B,B01,083739,Sinha; Shubham,9,0,30,21
1656685679480,MATH 18,A01,083743,Cinel; Cameron Alexander,6,0,30,24
1656685679480,MATH 18,A02,083744,Cinel; Cameron Alexander,14,0,30,16
1656685679480,MATH 18,A03,083745,Cinel; Cameron Alexander,8,0,30,22
1656685679480,MATH 18,B01,083748,Rideout; David Porter,2,0,37,35
1656685679480,MATH 18,B02,083749,Rideout; David Porter,2,0,36,34
1656685679480,MATH 18,B03,083750,Rideout; David Porter,1,0,37,36
1656685679480,MATH 18,B04,083751,Rideout; David Porter,4,0,36,32
1656685679480,MATH 18,B05,093473,Rideout; David Porter,4,0,36,32
1656685679480,MATH 18,B06,093474,Rideout; David Porter,4,0,36,32
1656685685513,MATH 20A,A01,083754,Zheng; Zequn,12,0,40,28
1656685691543,MATH 20B,A01,083756,Briones; Jor-el Thomas Caparas,1,1,36,35
1656685691543,MATH 20B,A02,083757,Briones; Jor-el Thomas Caparas,0,0,36,36
1656685691543,MATH 20B,A03,093475,Briones; Jor-el Thomas Caparas,2,0,36,34
1656685697569,MATH 20C,A01,083760,Briones; Jor-el Thomas Caparas,0,0,35,35
1656685697569,MATH 20C,A02,083761,Briones; Jor-el Thomas Caparas,9,0,35,26
1656685697569,MATH 20C,A03,093476,Briones; Jor-el Thomas Caparas,0,1,36,36
1656685697569,MATH 20C,B01,083762,Bach; Quang Tran,0,0,30,30
1656685703599,MATH 20D,A01,083765,Tran; Brian Kha,3,0,30,27
1656685703599,MATH 20D,A02,083766,Tran; Brian Kha,2,0,30,28
1656685703599,MATH 20D,A03,083767,Tran; Brian Kha,1,0,30,29
1656685709624,MATH 20E,A01,083771,Ganguly; Soumya,4,0,32,28
1656685709624,MATH 20E,A02,083772,Ganguly; Soumya,3,0,32,29
1656685709624,MATH 20E,B01,083773,Ciotti; Benjamin,18,0,35,17
1656685709624,MATH 20E,B02,083774,Ciotti; Benjamin,18,0,35,17
1656685715647,MATH 103A,A01,083777,Greenfeld; Be'Eri,2,0,36,34
1656685715647,MATH 103A,A02,083778,Greenfeld; Be'Eri,5,0,36,31
1656685715647,MATH 103A,A03,093561,Greenfeld; Be'Eri,4,0,36,32
1656685715647,MATH 103A,B01,083779,Greenfeld; Be'Eri,6,0,36,30
1656685715647,MATH 103A,B02,083780,Greenfeld; Be'Eri,1,0,36,35
1656685715647,MATH 103A,B03,093562,Greenfeld; Be'Eri,2,0,36,34
1656685721676,MATH 105,A01,085443,Carter; Anne Toulson,13,0,35,22
1656685721676,MATH 105,A02,093477,Carter; Anne Toulson,20,0,35,15
1656685727702,MATH 109,A01,083213,Ganzberger; Geoffrey Michael,0,0,34,34
1656685727702,MATH 109,A02,083214,Ganzberger; Geoffrey Michael,1,0,34,33
1656685727702,MATH 109,A03,093478,Ganzberger; Geoffrey Michael,2,0,34,32
1656685727702,MATH 109,B01,083215,Ganzberger; Geoffrey Michael,1,0,32,31
1656685727702,MATH 109,B02,083216,Ganzberger; Geoffrey Michael,2,0,32,30
1656685727702,MATH 109,B03,093479,Ganzberger; Geoffrey Michael,6,0,32,26
1656685733742,MATH 142A,A01,083219,Chow; Bennett,3,0,32,29
1656685733742,MATH 142A,A02,083220,Chow; Bennett,9,0,32,23
1656685733742,MATH 142A,A03,093480,Chow; Bennett,6,0,32,26
1656685733742,MATH 142A,B03,093481,Chow; Bennett,5,0,32,27
1656685733742,MATH 142A,B04,093558,Chow; Bennett,10,0,32,22
1656685733742,MATH 142A,B05,093559,Chow; Bennett,4,0,32,28
1656685739767,MATH 193A,A01,083224,Rotar; Vladimir,3,0,34,31
1656685739767,MATH 193A,A02,083225,Rotar; Vladimir,2,0,34,32
1656685739767,MATH 193A,A03,083781,Rotar; Vladimir,0,0,34,34
1656685739767,MATH 193A,A04,083782,Rotar; Vladimir,4,0,34,30
1656685739767,MATH 193A,A05,093482,Rotar; Vladimir,5,0,34,29
1656685745791,MATH 197,001,091859,McAuley; Julian John,9999,0,9999,0
1656685745791,MATH 197,002,095566,Kedlaya; Kiran S.,9997,0,9999,2
1656685745791,MATH 197,003,095567,Xiao; Ming,9999,0,9999,0
1656685745791,MATH 197,004,095571,Perols; Johan Lars,9998,0,9999,1
1656685752853,COGS 9,A01,083615,Shannon; Kyle Michael,5,0,75,70
1656685758876,COGS 11,A01,083617,Boyle; Mary E. T.,17,0,48,31
1656685764899,COGS 13,A01,083071,Bastos; Amalia Pinkusfeld,6,0,71,65
1656685770960,COGS 14A,A01,092681,Semenuks; Arturs,0,3,100,100
1656685776985,COGS 14B,A01,083073,Cheng; Tzu-Han,3,0,63,60
1656685783014,COGS 17,A01,092677,Semenuks; Arturs,4,0,81,77
1656685789045,COGS 100,A01,083619,Allen; Michael Gordon,13,0,70,57
1656685795074,COGS 101A,A01,083621,Davis; Joshua Daniel,10,0,68,58
1656685801102,COGS 101B,A01,091572,Allen; Michael Gordon,3,0,65,62
1656685807125,COGS 101C,A01,083625,Delgado; Tania,17,0,35,18
1656685813150,COGS 107A,A01,083627,Boyle; Mary E. T.,11,0,60,49
1656685819182,COGS 118A,A01,083075,Gupta; Anjum,13,0,76,63
1656685825210,CSE 3,A50,083646,Miranda; Gregory Joseph,22,0,50,28
1656685831264,CSE 8A,A50,083650,Miranda; Gregory Joseph,16,1,56,40
1656685837286,CSE 11,A01,083080,Cao; Yingjun,2,17,40,38
1656685843311,CSE 12,A01,083652,Krause-Levy; Sophia Louisa,19,1,120,101
1656685849333,CSE 15L,A01,083654,Morris; Justin Loren,8,0,50,42
1656685849333,CSE 15L,A02,083655,Morris; Justin Loren,8,0,50,42
1656685855358,CSE 20,A01,083657,Tran; Khoa Dang,35,0,80,45
1656685861382,CSE 21,A01,095574,Bach; Quang Tran,21,0,48,27
1656685867412,CSE 30,A01,083084,Eldon; John,5,0,80,75
1656685867412,CSE 30,B01,095061,Bhaskar; Nishant,3,0,50,47
1656685873436,CSE 100,A01,083659,Cao; Yingjun,1,6,70,69
1656685879464,CSE 134B,A01,083661,Powell; Thomas Allan,17,0,100,83
1656685885492,CSE 140,A01,083663,Gungor; Onat,14,0,85,71
1656685891520,CSE 140L,A01,083088,Eldon; John,16,0,100,84
1656685897547,CSE 175,A01,083665,Kumar; Rakesh,3,0,25,22
1656685903571,CSE 190,A00,092507,Dubnov; Shlomo,5,0,20,15
1656685909596,ECE 45,A01,083139,Congero; Spencer William,5,0,75,70
1656685915619,ECE 65,A50,083695,Saad; Andrew S,12,0,30,18
1656685915619,ECE 65,A51,095125,Saad; Andrew S,25,0,26,1
1656685921644,ECE 109,A01,091882,Touri; Behrouz,12,0,70,58
1656685927671,ECE 180,A00,083140,Abi Samra; Nicholas Camill,1,0,30,29
1656685927671,ECE 180,B00,083141,Abi Samra; Nicholas Camill,0,0,30,30
1656685933696,MATH 10A,A01,083735,Patchell; Gregory David,0,0,30,30
1656685933696,MATH 10A,A02,083736,Patchell; Gregory David,20,0,30,10
1656685933696,MATH 10A,A03,083737,Patchell; Gregory David,16,0,30,14
1656685939720,MATH 10B,A01,083207,Lim; Seonhee,7,0,34,27
1656685939720,MATH 10B,A02,083208,Lim; Seonhee,9,0,35,26
1656685939720,MATH 10B,A03,093472,Lim; Seonhee,3,0,34,31
1656685939720,MATH 10B,B01,083739,Sinha; Shubham,9,0,30,21
1656685945764,MATH 18,A01,083743,Cinel; Cameron Alexander,6,0,30,24
1656685945764,MATH 18,A02,083744,Cinel; Cameron Alexander,14,0,30,16
1656685945764,MATH 18,A03,083745,Cinel; Cameron Alexander,8,0,30,22
1656685945764,MATH 18,B01,083748,Rideout; David Porter,2,0,37,35
1656685945764,MATH 18,B02,083749,Rideout; David Porter,2,0,36,34
1656685945764,MATH 18,B03,083750,Rideout; David Porter,1,0,37,36
1656685945764,MATH 18,B04,083751,Rideout; David Porter,4,0,36,32
1656685945764,MATH 18,B05,093473,Rideout; David Porter,4,0,36,32
1656685945764,MATH 18,B06,093474,Rideout; David Porter,4,0,36,32
1656685951800,MATH 20A,A01,083754,Zheng; Zequn,12,0,40,28
1656685957824,MATH 20B,A01,083756,Briones; Jor-el Thomas Caparas,1,1,36,35
1656685957824,MATH 20B,A02,083757,Briones; Jor-el Thomas Caparas,0,0,36,36
1656685957824,MATH 20B,A03,093475,Briones; Jor-el Thomas Caparas,2,0,36,34
1656685963854,MATH 20C,A01,083760,Briones; Jor-el Thomas Caparas,0,0,35,35
1656685963854,MATH 20C,A02,083761,Briones; Jor-el Thomas Caparas,9,0,35,26
1656685963854,MATH 20C,A03,093476,Briones; Jor-el Thomas Caparas,0,1,36,36
1656685963854,MATH 20C,B01,083762,Bach; Quang Tran,0,0,30,30
1656685969885,MATH 20D,A01,083765,Tran; Brian Kha,3,0,30,27
1656685969885,MATH 20D,A02,083766,Tran; Brian Kha,2,0,30,28
1656685969885,MATH 20D,A03,083767,Tran; Brian Kha,1,0,30,29
1656685975912,MATH 20E,A01,083771,Ganguly; Soumya,4,0,32,28
1656685975912,MATH 20E,A02,083772,Ganguly; Soumya,3,0,32,29
1656685975912,MATH 20E,B01,083773,Ciotti; Benjamin,18,0,35,17
1656685975912,MATH 20E,B02,083774,Ciotti; Benjamin,18,0,35,17
1656685981940,MATH 103A,A01,083777,Greenfeld; Be'Eri,2,0,36,34
1656685981940,MATH 103A,A02,083778,Greenfeld; Be'Eri,5,0,36,31
1656685981940,MATH 103A,A03,093561,Greenfeld; Be'Eri,4,0,36,32
1656685981940,MATH 103A,B01,083779,Greenfeld; Be'Eri,6,0,36,30
1656685981940,MATH 103A,B02,083780,Greenfeld; Be'Eri,1,0,36,35
1656685981940,MATH 103A,B03,093562,Greenfeld; Be'Eri,2,0,36,34
1656685987967,MATH 105,A01,085443,Carter; Anne Toulson,13,0,35,22
1656685987967,MATH 105,A02,093477,Carter; Anne Toulson,20,0,35,15
1656685993995,MATH 109,A01,083213,Ganzberger; Geoffrey Michael,0,0,34,34
1656685993995,MATH 109,A02,083214,Ganzberger; Geoffrey Michael,1,0,34,33
1656685993995,MATH 109,A03,093478,Ganzberger; Geoffrey Michael,2,0,34,32
1656685993995,MATH 109,B01,083215,Ganzberger; Geoffrey Michael,1,0,32,31
1656685993995,MATH 109,B02,083216,Ganzberger; Geoffrey Michael,2,0,32,30
1656685993995,MATH 109,B03,093479,Ganzberger; Geoffrey Michael,6,0,32,26
1656686000032,MATH 142A,A01,083219,Chow; Bennett,3,0,32,29
1656686000032,MATH 142A,A02,083220,Chow; Bennett,9,0,32,23
1656686000032,MATH 142A,A03,093480,Chow; Bennett,6,0,32,26
1656686000032,MATH 142A,B03,093481,Chow; Bennett,5,0,32,27
1656686000032,MATH 142A,B04,093558,Chow; Bennett,10,0,32,22
1656686000032,MATH 142A,B05,093559,Chow; Bennett,4,0,32,28
1656686006056,MATH 193A,A01,083224,Rotar; Vladimir,3,0,34,31
1656686006056,MATH 193A,A02,083225,Rotar; Vladimir,2,0,34,32
1656686006056,MATH 193A,A03,083781,Rotar; Vladimir,0,0,34,34
1656686006056,MATH 193A,A04,083782,Rotar; Vladimir,4,0,34,30
1656686006056,MATH 193A,A05,093482,Rotar; Vladimir,5,0,34,29
1656686012083,MATH 197,001,091859,McAuley; Julian John,9999,0,9999,0
1656686012083,MATH 197,002,095566,Kedlaya; Kiran S.,9997,0,9999,2
1656686012083,MATH 197,003,095567,Xiao; Ming,9999,0,9999,0
1656686012083,MATH 197,004,095571,Perols; Johan Lars,9998,0,9999,1
1656686019136,COGS 9,A01,083615,Shannon; Kyle Michael,5,0,75,70
1656686025158,COGS 11,A01,083617,Boyle; Mary E. T.,17,0,48,31
1656686031186,COGS 13,A01,083071,Bastos; Amalia Pinkusfeld,6,0,71,65
1656686037210,COGS 14A,A01,092681,Semenuks; Arturs,0,3,100,100
1656686043235,COGS 14B,A01,083073,Cheng; Tzu-Han,3,0,63,60
1656686049258,COGS 17,A01,092677,Semenuks; Arturs,4,0,81,77
1656686055283,COGS 100,A01,083619,Allen; Michael Gordon,13,0,70,57
1656686061306,COGS 101A,A01,083621,Davis; Joshua Daniel,10,0,68,58
1656686067329,COGS 101B,A01,091572,Allen; Michael Gordon,3,0,65,62
1656686073354,COGS 101C,A01,083625,Delgado; Tania,17,0,35,18
1656686079381,COGS 107A,A01,083627,Boyle; Mary E. T.,11,0,60,49
1656686085411,COGS 118A,A01,083075,Gupta; Anjum,13,0,76,63
1656686091440,CSE 3,A50,083646,Miranda; Gregory Joseph,22,0,50,28
1656686097467,CSE 8A,A50,083650,Miranda; Gregory Joseph,16,1,56,40
1656686103492,CSE 11,A01,083080,Cao; Yingjun,2,17,40,38
1656686109516,CSE 12,A01,083652,Krause-Levy; Sophia Louisa,19,1,120,101
1656686115541,CSE 15L,A01,083654,Morris; Justin Loren,8,0,50,42
1656686115541,CSE 15L,A02,083655,Morris; Justin Loren,8,0,50,42
1656686121564,CSE 20,A01,083657,Tran; Khoa Dang,35,0,80,45
1656686127598,CSE 21,A01,095574,Bach; Quang Tran,21,0,48,27
1656686133635,CSE 30,A01,083084,Eldon; John,5,0,80,75
1656686133635,CSE 30,B01,095061,Bhaskar; Nishant,3,0,50,47
1656686139659,CSE 100,A01,083659,Cao; Yingjun,1,6,70,69
1656686145683,CSE 134B,A01,083661,Powell; Thomas Allan,17,0,100,83
1656686151715,CSE 140,A01,083663,Gungor; Onat,14,0,85,71
1656686157740,CSE 140L,A01,083088,Eldon; John,16,0,100,84
1656686163764,CSE 175,A01,083665,Kumar; Rakesh,3,0,25,22
1656686169793,CSE 190,A00,092507,Dubnov; Shlomo,5,0,20,15
1656686175819,ECE 45,A01,083139,Congero; Spencer William,5,0,75,70
1656686181858,ECE 65,A50,083695,Saad; Andrew S,12,0,30,18
1656686181858,ECE 65,A51,095125,Saad; Andrew S,25,0,26,1
1656686187882,ECE 109,A01,091882,Touri; Behrouz,12,0,70,58
1656686193909,ECE 180,A00,083140,Abi Samra; Nicholas Camill,1,0,30,29
1656686193909,ECE 180,B00,083141,Abi Samra; Nicholas Camill,0,0,30,30
1656686199949,MATH 10A,A01,083735,Patchell; Gregory David,0,0,30,30
1656686199949,MATH 10A,A02,083736,Patchell; Gregory David,20,0,30,10
1656686199949,MATH 10A,A03,083737,Patchell; Gregory David,16,0,30,14
1656686205979,MATH 10B,A01,083207,Lim; Seonhee,7,0,34,27
1656686205979,MATH 10B,A02,083208,Lim; Seonhee,9,0,35,26
1656686205979,MATH 10B,A03,093472,Lim; Seonhee,3,0,34,31
1656686205979,MATH 10B,B01,083739,Sinha; Shubham,9,0,30,21
1656686212015,MATH 18,A01,083743,Cinel; Cameron Alexander,6,0,30,24
1656686212015,MATH 18,A02,083744,Cinel; Cameron Alexander,14,0,30,16
1656686212015,MATH 18,A03,083745,Cinel; Cameron Alexander,8,0,30,22
1656686212015,MATH 18,B01,083748,Rideout; David Porter,2,0,37,35
1656686212015,MATH 18,B02,083749,Rideout; David Porter,2,0,36,34
1656686212015,MATH 18,B03,083750,Rideout; David Porter,1,0,37,36
1656686212015,MATH 18,B04,083751,Rideout; David Porter,4,0,36,32
1656686212015,MATH 18,B05,093473,Rideout; David Porter,4,0,36,32
1656686212015,MATH 18,B06,093474,Rideout; David Porter,4,0,36,32
1656686218050,MATH 20A,A01,083754,Zheng; Zequn,12,0,40,28
1656686224074,MATH 20B,A01,083756,Briones; Jor-el Thomas Caparas,1,1,36,35
1656686224074,MATH 20B,A02,083757,Briones; Jor-el Thomas Caparas,0,0,36,36
1656686224074,MATH 20B,A03,093475,Briones; Jor-el Thomas Caparas,2,0,36,34
1656686230099,MATH 20C,A01,083760,Briones; Jor-el Thomas Caparas,0,0,35,35
1656686230099,MATH 20C,A02,083761,Briones; Jor-el Thomas Caparas,9,0,35,26
1656686230099,MATH 20C,A03,093476,Briones; Jor-el Thomas Caparas,0,1,36,36
1656686230099,MATH 20C,B01,083762,Bach; Quang Tran,0,0,30,30
1656686236199,MATH 20D,A01,083765,Tran; Brian Kha,3,0,30,27
1656686236199,MATH 20D,A02,083766,Tran; Brian Kha,2,0,30,28
1656686236199,MATH 20D,A03,083767,Tran; Brian Kha,1,0,30,29
1656686242239,MATH 20E,A01,083771,Ganguly; Soumya,4,0,32,28
1656686242239,MATH 20E,A02,083772,Ganguly; Soumya,3,0,32,29
1656686242239,MATH 20E,B01,083773,Ciotti; Benjamin,18,0,35,17
1656686242239,MATH 20E,B02,083774,Ciotti; Benjamin,18,0,35,17
1656686248263,MATH 103A,A01,083777,Greenfeld; Be'Eri,2,0,36,34
1656686248263,MATH 103A,A02,083778,Greenfeld; Be'Eri,5,0,36,31
1656686248263,MATH 103A,A03,093561,Greenfeld; Be'Eri,4,0,36,32
1656686248263,MATH 103A,B01,083779,Greenfeld; Be'Eri,6,0,36,30
1656686248263,MATH 103A,B02,083780,Greenfeld; Be'Eri,1,0,36,35
1656686248263,MATH 103A,B03,093562,Greenfeld; Be'Eri,2,0,36,34
1656686254291,MATH 105,A01,085443,Carter; Anne Toulson,13,0,35,22
1656686254291,MATH 105,A02,093477,Carter; Anne Toulson,20,0,35,15
1656686260320,MATH 109,A01,083213,Ganzberger; Geoffrey Michael,0,0,34,34
1656686260320,MATH 109,A02,083214,Ganzberger; Geoffrey Michael,1,0,34,33
1656686260320,MATH 109,A03,093478,Ganzberger; Geoffrey Michael,2,0,34,32
1656686260320,MATH 109,B01,083215,Ganzberger; Geoffrey Michael,1,0,32,31
1656686260320,MATH 109,B02,083216,Ganzberger; Geoffrey Michael,2,0,32,30
1656686260320,MATH 109,B03,093479,Ganzberger; Geoffrey Michael,6,0,32,26
1656686266344,MATH 142A,A01,083219,Chow; Bennett,3,0,32,29
1656686266344,MATH 142A,A02,083220,Chow; Bennett,9,0,32,23
1656686266344,MATH 142A,A03,093480,Chow; Bennett,6,0,32,26
1656686266344,MATH 142A,B03,093481,Chow; Bennett,5,0,32,27
1656686266344,MATH 142A,B04,093558,Chow; Bennett,10,0,32,22
1656686266344,MATH 142A,B05,093559,Chow; Bennett,4,0,32,28
1656686272369,MATH 193A,A01,083224,Rotar; Vladimir,3,0,34,31
1656686272369,MATH 193A,A02,083225,Rotar; Vladimir,2,0,34,32
1656686272369,MATH 193A,A03,083781,Rotar; Vladimir,0,0,34,34
1656686272369,MATH 193A,A04,083782,Rotar; Vladimir,4,0,34,30
1656686272369,MATH 193A,A05,093482,Rotar; Vladimir,5,0,34,29
1656686278393,MATH 197,001,091859,McAuley; Julian John,9999,0,9999,0
1656686278393,MATH 197,002,095566,Kedlaya; Kiran S.,9997,0,9999,2
1656686278393,MATH 197,003,095567,Xiao; Ming,9999,0,9999,0
1656686278393,MATH 197,004,095571,Perols; Johan Lars,9998,0,9999,1
1656686285450,COGS 9,A01,083615,Shannon; Kyle Michael,5,0,75,70
1656686291484,COGS 11,A01,083617,Boyle; Mary E. T.,17,0,48,31
1656686297512,COGS 13,A01,083071,Bastos; Amalia Pinkusfeld,6,0,71,65
1656686303537,COGS 14A,A01,092681,Semenuks; Arturs,0,3,100,100
1656686309560,COGS 14B,A01,083073,Cheng; Tzu-Han,3,0,63,60
1656686315584,COGS 17,A01,092677,Semenuks; Arturs,4,0,81,77
1656686321610,COGS 100,A01,083619,Allen; Michael Gordon,13,0,70,57
1656686327635,COGS 101A,A01,083621,Davis; Joshua Daniel,10,0,68,58
1656686333663,COGS 101B,A01,091572,Allen; Michael Gordon,3,0,65,62
1656686339690,COGS 101C,A01,083625,Delgado; Tania,17,0,35,18
1656686345723,COGS 107A,A01,083627,Boyle; Mary E. T.,11,0,60,49
1656686351747,COGS 118A,A01,083075,Gupta; Anjum,13,0,76,63
1656686357773,CSE 3,A50,083646,Miranda; Gregory Joseph,22,0,50,28
1656686363798,CSE 8A,A50,083650,Miranda; Gregory Joseph,16,1,56,40
1656686369825,CSE 11,A01,083080,Cao; Yingjun,2,17,40,38
1656686375848,CSE 12,A01,083652,Krause-Levy; Sophia Louisa,19,1,120,101
1656686381872,CSE 15L,A01,083654,Morris; Justin Loren,8,0,50,42
1656686381872,CSE 15L,A02,083655,Morris; Justin Loren,8,0,50,42
1656686387897,CSE 20,A01,083657,Tran; Khoa Dang,35,0,80,45
1656686393920,CSE 21,A01,095574,Bach; Quang Tran,21,0,48,27
1656686399946,CSE 30,A01,083084,Eldon; John,5,0,80,75
1656686399946,CSE 30,B01,095061,Bhaskar; Nishant,3,0,50,47
1656686405969,CSE 100,A01,083659,Cao; Yingjun,1,6,70,69
1656686411996,CSE 134B,A01,083661,Powell; Thomas Allan,17,0,100,83
1656686418031,CSE 140,A01,083663,Gungor; Onat,14,0,85,71
1656686424055,CSE 140L,A01,083088,Eldon; John,16,0,100,84
1656686430083,CSE 175,A01,083665,Kumar; Rakesh,3,0,25,22
1656686436109,CSE 190,A00,092507,Dubnov; Shlomo,5,0,20,15
1656686442138,ECE 45,A01,083139,Congero; Spencer William,5,0,75,70
1656686448181,ECE 65,A50,083695,Saad; Andrew S,12,0,30,18
1656686448181,ECE 65,A51,095125,Saad; Andrew S,25,0,26,1
1656686454206,ECE 109,A01,091882,Touri; Behrouz,12,0,70,58
1656686460237,ECE 180,A00,083140,Abi Samra; Nicholas Camill,1,0,30,29
1656686460237,ECE 180,B00,083141,Abi Samra; Nicholas Camill,0,0,30,30
1656686466263,MATH 10A,A01,083735,Patchell; Gregory David,0,0,30,30
1656686466263,MATH 10A,A02,083736,Patchell; Gregory David,20,0,30,10
1656686466263,MATH 10A,A03,083737,Patchell; Gregory David,16,0,30,14
1656686472289,MATH 10B,A01,083207,Lim; Seonhee,7,0,34,27
1656686472289,MATH 10B,A02,083208,Lim; Seonhee,9,0,35,26
1656686472289,MATH 10B,A03,093472,Lim; Seonhee,3,0,34,31
1656686472289,MATH 10B,B01,083739,Sinha; Shubham,9,0,30,21
1656686478315,MATH 18,A01,083743,Cinel; Cameron Alexander,6,0,30,24
1656686478315,MATH 18,A02,083744,Cinel; Cameron Alexander,14,0,30,16
1656686478315,MATH 18,A03,083745,Cinel; Cameron Alexander,8,0,30,22
1656686478315,MATH 18,B01,083748,Rideout; David Porter,2,0,37,35
1656686478315,MATH 18,B02,083749,Rideout; David Porter,2,0,36,34
1656686478315,MATH 18,B03,083750,Rideout; David Porter,1,0,37,36
1656686478315,MATH 18,B04,083751,Rideout; David Porter,4,0,36,32
1656686478315,MATH 18,B05,093473,Rideout; David Porter,4,0,36,32
1656686478315,MATH 18,B06,093474,Rideout; David Porter,4,0,36,32
1656686484342,MATH 20A,A01,083754,Zheng; Zequn,12,0,40,28
1656686490372,MATH 20B,A01,083756,Briones; Jor-el Thomas Caparas,1,1,36,35
1656686490372,MATH 20B,A02,083757,Briones; Jor-el Thomas Caparas,0,0,36,36
1656686490372,MATH 20B,A03,093475,Briones; Jor-el Thomas Caparas,2,0,36,34
1656686496401,MATH 20C,A01,083760,Briones; Jor-el Thomas Caparas,0,0,35,35
1656686496401,MATH 20C,A02,083761,Briones; Jor-el Thomas Caparas,9,0,35,26
1656686496401,MATH 20C,A03,093476,Briones; Jor-el Thomas Caparas,0,1,36,36
1656686496401,MATH 20C,B01,083762,Bach; Quang Tran,0,0,30,30
1656686502425,MATH 20D,A01,083765,Tran; Brian Kha,3,0,30,27
1656686502425,MATH 20D,A02,083766,Tran; Brian Kha,2,0,30,28
1656686502425,MATH 20D,A03,083767,Tran; Brian Kha,1,0,30,29
1656686508454,MATH 20E,A01,083771,Ganguly; Soumya,4,0,32,28
1656686508454,MATH 20E,A02,083772,Ganguly; Soumya,3,0,32,29
1656686508454,MATH 20E,B01,083773,Ciotti; Benjamin,18,0,35,17
1656686508454,MATH 20E,B02,083774,Ciotti; Benjamin,18,0,35,17
1656686514477,MATH 103A,A01,083777,Greenfeld; Be'Eri,2,0,36,34
1656686514477,MATH 103A,A02,083778,Greenfeld; Be'Eri,5,0,36,31
1656686514477,MATH 103A,A03,093561,Greenfeld; Be'Eri,4,0,36,32
1656686514477,MATH 103A,B01,083779,Greenfeld; Be'Eri,6,0,36,30
1656686514477,MATH 103A,B02,083780,Greenfeld; Be'Eri,2,0,36,34
1656686514477,MATH 103A,B03,093562,Greenfeld; Be'Eri,2,0,36,34
1656686520503,MATH 105,A01,085443,Carter; Anne Toulson,13,0,35,22
1656686520503,MATH 105,A02,093477,Carter; Anne Toulson,20,0,35,15
1656686526533,MATH 109,A01,083213,Ganzberger; Geoffrey Michael,0,0,34,34
1656686526533,MATH 109,A02,083214,Ganzberger; Geoffrey Michael,1,0,34,33
1656686526533,MATH 109,A03,093478,Ganzberger; Geoffrey Michael,2,0,34,32
1656686526533,MATH 109,B01,083215,Ganzberger; Geoffrey Michael,1,0,32,31
1656686526533,MATH 109,B02,083216,Ganzberger; Geoffrey Michael,2,0,32,30
1656686526533,MATH 109,B03,093479,Ganzberger; Geoffrey Michael,6,0,32,26
1656686532569,MATH 142A,A01,083219,Chow; Bennett,3,0,32,29
1656686532569,MATH 142A,A02,083220,Chow; Bennett,9,0,32,23
1656686532569,MATH 142A,A03,093480,Chow; Bennett,6,0,32,26
1656686532569,MATH 142A,B03,093481,Chow; Bennett,5,0,32,27
1656686532569,MATH 142A,B04,093558,Chow; Bennett,10,0,32,22
1656686532569,MATH 142A,B05,093559,Chow; Bennett,4,0,32,28
1656686538593,MATH 193A,A01,083224,Rotar; Vladimir,3,0,34,31
1656686538593,MATH 193A,A02,083225,Rotar; Vladimir,2,0,34,32
1656686538593,MATH 193A,A03,083781,Rotar; Vladimir,0,0,34,34
1656686538593,MATH 193A,A04,083782,Rotar; Vladimir,4,0,34,30
1656686538593,MATH 193A,A05,093482,Rotar; Vladimir,5,0,34,29
1656686544617,MATH 197,001,091859,McAuley; Julian John,9999,0,9999,0
1656686544617,MATH 197,002,095566,Kedlaya; Kiran S.,9997,0,9999,2
1656686544617,MATH 197,003,095567,Xiao; Ming,9999,0,9999,0
1656686544617,MATH 197,004,095571,Perols; Johan Lars,9998,0,9999,1
1656686551685,COGS 9,A01,083615,Shannon; Kyle Michael,5,0,75,70
1656686557712,COGS 11,A01,083617,Boyle; Mary E. T.,17,0,48,31
1656686563736,COGS 13,A01,083071,Bastos; Amalia Pinkusfeld,6,0,71,65
1656686569758,COGS 14A,A01,092681,Semenuks; Arturs,0,3,100,100
1656686575786,COGS 14B,A01,083073,Cheng; Tzu-Han,3,0,63,60
1656686581813,COGS 17,A01,092677,Semenuks; Arturs,4,0,81,77
1656686587838,COGS 100,A01,083619,Allen; Michael Gordon,13,0,70,57
1656686593862,COGS 101A,A01,083621,Davis; Joshua Daniel,10,0,68,58
1656686599889,COGS 101B,A01,091572,Allen; Michael Gordon,3,0,65,62
1656686605914,COGS 101C,A01,083625,Delgado; Tania,17,0,35,18
1656686611942,COGS 107A,A01,083627,Boyle; Mary E. T.,11,0,60,49
1656686617965,COGS 118A,A01,083075,Gupta; Anjum,13,0,76,63
1656686623988,CSE 3,A50,083646,Miranda; Gregory Joseph,22,0,50,28
1656686630017,CSE 8A,A50,083650,Miranda; Gregory Joseph,16,1,56,40
1656686636065,CSE 11,A01,083080,Cao; Yingjun,2,17,40,38
1656686642097,CSE 12,A01,083652,Krause-Levy; Sophia Louisa,19,1,120,101
1656686648123,CSE 15L,A01,083654,Morris; Justin Loren,8,0,50,42
1656686648123,CSE 15L,A02,083655,Morris; Justin Loren,8,0,50,42
1656686654150,CSE 20,A01,083657,Tran; Khoa Dang,35,0,80,45
1656686660177,CSE 21,A01,095574,Bach; Quang Tran,21,0,48,27
1656686666202,CSE 30,A01,083084,Eldon; John,5,0,80,75
1656686666202,CSE 30,B01,095061,Bhaskar; Nishant,3,0,50,47
1656686672227,CSE 100,A01,083659,Cao; Yingjun,1,6,70,69
1656686678254,CSE 134B,A01,083661,Powell; Thomas Allan,17,0,100,83
1656686684276,CSE 140,A01,083663,Gungor; Onat,14,0,85,71
1656686690305,CSE 140L,A01,083088,Eldon; John,16,0,100,84
1656686696329,CSE 175,A01,083665,Kumar; Rakesh,3,0,25,22
1656686702354,CSE 190,A00,092507,Dubnov; Shlomo,5,0,20,15
1656686708377,ECE 45,A01,083139,Congero; Spencer William,5,0,75,70
1656686714401,ECE 65,A50,083695,Saad; Andrew S,12,0,30,18
1656686714401,ECE 65,A51,095125,Saad; Andrew S,25,0,26,1
1656686720428,ECE 109,A01,091882,Touri; Behrouz,12,0,70,58
1656686726455,ECE 180,A00,083140,Abi Samra; Nicholas Camill,1,0,30,29
1656686726455,ECE 180,B00,083141,Abi Samra; Nicholas Camill,0,0,30,30
1656686732484,MATH 10A,A01,083735,Patchell; Gregory David,0,0,30,30
1656686732484,MATH 10A,A02,083736,Patchell; Gregory David,20,0,30,10
1656686732484,MATH 10A,A03,083737,Patchell; Gregory David,16,0,30,14
1656686738514,MATH 10B,A01,083207,Lim; Seonhee,7,0,34,27
1656686738514,MATH 10B,A02,083208,Lim; Seonhee,9,0,35,26
1656686738514,MATH 10B,A03,093472,Lim; Seonhee,3,0,34,31
1656686738514,MATH 10B,B01,083739,Sinha; Shubham,9,0,30,21
1656686744545,MATH 18,A01,083743,Cinel; Cameron Alexander,6,0,30,24
1656686744545,MATH 18,A02,083744,Cinel; Cameron Alexander,14,0,30,16
1656686744545,MATH 18,A03,083745,Cinel; Cameron Alexander,8,0,30,22
1656686744545,MATH 18,B01,083748,Rideout; David Porter,2,0,37,35
1656686744545,MATH 18,B02,083749,Rideout; David Porter,2,0,36,34
1656686744545,MATH 18,B03,083750,Rideout; David Porter,1,0,37,36
1656686744545,MATH 18,B04,083751,Rideout; David Porter,4,0,36,32
1656686744545,MATH 18,B05,093473,Rideout; David Porter,4,0,36,32
1656686744545,MATH 18,B06,093474,Rideout; David Porter,4,0,36,32
1656686750570,MATH 20A,A01,083754,Zheng; Zequn,12,0,40,28
1656686756594,MATH 20B,A01,083756,Briones; Jor-el Thomas Caparas,1,1,36,35
1656686756594,MATH 20B,A02,083757,Briones; Jor-el Thomas Caparas,0,0,36,36
1656686756594,MATH 20B,A03,093475,Briones; Jor-el Thomas Caparas,2,0,36,34
1656686762618,MATH 20C,A01,083760,Briones; Jor-el Thomas Caparas,0,0,35,35
1656686762618,MATH 20C,A02,083761,Briones; Jor-el Thomas Caparas,9,0,35,26
1656686762618,MATH 20C,A03,093476,Briones; Jor-el Thomas Caparas,0,1,36,36
1656686762618,MATH 20C,B01,083762,Bach; Quang Tran,0,0,30,30
1656686768649,MATH 20D,A01,083765,Tran; Brian Kha,3,0,30,27
1656686768649,MATH 20D,A02,083766,Tran; Brian Kha,2,0,30,28
1656686768649,MATH 20D,A03,083767,Tran; Brian Kha,1,0,30,29
1656686774692,MATH 20E,A01,083771,Ganguly; Soumya,4,0,32,28
1656686774692,MATH 20E,A02,083772,Ganguly; Soumya,3,0,32,29
1656686774692,MATH 20E,B01,083773,Ciotti; Benjamin,18,0,35,17
1656686774692,MATH 20E,B02,083774,Ciotti; Benjamin,18,0,35,17
1656686780717,MATH 103A,A01,083777,Greenfeld; Be'Eri,2,0,36,34
1656686780717,MATH 103A,A02,083778,Greenfeld; Be'Eri,5,0,36,31
1656686780717,MATH 103A,A03,093561,Greenfeld; Be'Eri,4,0,36,32
1656686780717,MATH 103A,B01,083779,Greenfeld; Be'Eri,6,0,36,30
1656686780717,MATH 103A,B02,083780,Greenfeld; Be'Eri,2,0,36,34
1656686780717,MATH 103A,B03,093562,Greenfeld; Be'Eri,2,0,36,34
1656686786744,MATH 105,A01,085443,Carter; Anne Toulson,13,0,35,22
1656686786744,MATH 105,A02,093477,Carter; Anne Toulson,20,0,35,15
1656686792769,MATH 109,A01,083213,Ganzberger; Geoffrey Michael,0,0,34,34
1656686792769,MATH 109,A02,083214,Ganzberger; Geoffrey Michael,1,0,34,33
1656686792769,MATH 109,A03,093478,Ganzberger; Geoffrey Michael,2,0,34,32
1656686792769,MATH 109,B01,083215,Ganzberger; Geoffrey Michael,1,0,32,31
1656686792769,MATH 109,B02,083216,Ganzberger; Geoffrey Michael,2,0,32,30
1656686792769,MATH 109,B03,093479,Ganzberger; Geoffrey Michael,6,0,32,26
1656686798801,MATH 142A,A01,083219,Chow; Bennett,3,0,32,29
1656686798801,MATH 142A,A02,083220,Chow; Bennett,9,0,32,23
1656686798801,MATH 142A,A03,093480,Chow; Bennett,6,0,32,26
1656686798801,MATH 142A,B03,093481,Chow; Bennett,5,0,32,27
1656686798801,MATH 142A,B04,093558,Chow; Bennett,10,0,32,22
1656686798801,MATH 142A,B05,093559,Chow; Bennett,4,0,32,28
1656686804837,MATH 193A,A01,083224,Rotar; Vladimir,3,0,34,31
1656686804837,MATH 193A,A02,083225,Rotar; Vladimir,2,0,34,32
1656686804837,MATH 193A,A03,083781,Rotar; Vladimir,0,0,34,34
1656686804837,MATH 193A,A04,083782,Rotar; Vladimir,4,0,34,30
1656686804837,MATH 193A,A05,093482,Rotar; Vladimir,5,0,34,29
1656686810861,MATH 197,001,091859,McAuley; Julian John,9999,0,9999,0
1656686810861,MATH 197,002,095566,Kedlaya; Kiran S.,9997,0,9999,2
1656686810861,MATH 197,003,095567,Xiao; Ming,9999,0,9999,0
1656686810861,MATH 197,004,095571,Perols; Johan Lars,9998,0,9999,1
1656686817935,COGS 9,A01,083615,Shannon; Kyle Michael,5,0,75,70
1656686823959,COGS 11,A01,083617,Boyle; Mary E. T.,17,0,48,31
1656686830061,COGS 13,A01,083071,Bastos; Amalia Pinkusfeld,6,0,71,65
1656686836088,COGS 14A,A01,092681,Semenuks; Arturs,0,3,100,100
1656686842113,COGS 14B,A01,083073,Cheng; Tzu-Han,3,0,63,60
1656686848140,COGS 17,A01,092677,Semenuks; Arturs,4,0,81,77
1656686854163,COGS 100,A01,083619,Allen; Michael Gordon,13,0,70,57
1656686860188,COGS 101A,A01,083621,Davis; Joshua Daniel,10,0,68,58
1656686866216,COGS 101B,A01,091572,Allen; Michael Gordon,3,0,65,62
1656686872244,COGS 101C,A01,083625,Delgado; Tania,17,0,35,18
1656686878271,COGS 107A,A01,083627,Boyle; Mary E. T.,11,0,60,49
1656686884296,COGS 118A,A01,083075,Gupta; Anjum,13,0,76,63
1656686890324,CSE 3,A50,083646,Miranda; Gregory Joseph,22,0,50,28
1656686896349,CSE 8A,A50,083650,Miranda; Gregory Joseph,16,1,56,40
1656686902374,CSE 11,A01,083080,Cao; Yingjun,2,17,40,38
1656686908396,CSE 12,A01,083652,Krause-Levy; Sophia Louisa,19,1,120,101
1656686914429,CSE 15L,A01,083654,Morris; Justin Loren,8,0,50,42
1656686914429,CSE 15L,A02,083655,Morris; Justin Loren,8,0,50,42
1656686920457,CSE 20,A01,083657,Tran; Khoa Dang,35,0,80,45
1656686926484,CSE 21,A01,095574,Bach; Quang Tran,21,0,48,27
1656686932508,CSE 30,A01,083084,Eldon; John,5,0,80,75
1656686932508,CSE 30,B01,095061,Bhaskar; Nishant,3,0,50,47
1656686938533,CSE 100,A01,083659,Cao; Yingjun,1,6,70,69
1656686944560,CSE 134B,A01,083661,Powell; Thomas Allan,17,0,100,83
1656686950585,CSE 140,A01,083663,Gungor; Onat,14,0,85,71
1656686956610,CSE 140L,A01,083088,Eldon; John,16,0,100,84
1656686962634,CSE 175,A01,083665,Kumar; Rakesh,3,0,25,22
1656686968657,CSE 190,A00,092507,Dubnov; Shlomo,5,0,20,15
1656686974680,ECE 45,A01,083139,Congero; Spencer William,5,0,75,70
1656686980702,ECE 65,A50,083695,Saad; Andrew S,12,0,30,18
1656686980702,ECE 65,A51,095125,Saad; Andrew S,25,0,26,1
1656686986729,ECE 109,A01,091882,Touri; Behrouz,13,0,70,57
1656686992755,ECE 180,A00,083140,Abi Samra; Nicholas Camill,1,0,30,29
1656686992755,ECE 180,B00,083141,Abi Samra; Nicholas Camill,0,0,30,30
1656686998785,MATH 10A,A01,083735,Patchell; Gregory David,0,0,30,30
1656686998785,MATH 10A,A02,083736,Patchell; Gregory David,20,0,30,10
1656686998785,MATH 10A,A03,083737,Patchell; Gregory David,16,0,30,14
1656687004811,MATH 10B,A01,083207,Lim; Seonhee,7,0,34,27
1656687004811,MATH 10B,A02,083208,Lim; Seonhee,9,0,35,26
1656687004811,MATH 10B,A03,093472,Lim; Seonhee,3,0,34,31
1656687004811,MATH 10B,B01,083739,Sinha; Shubham,9,0,30,21
1656687010837,MATH 18,A01,083743,Cinel; Cameron Alexander,6,0,30,24
1656687010837,MATH 18,A02,083744,Cinel; Cameron Alexander,14,0,30,16
1656687010837,MATH 18,A03,083745,Cinel; Cameron Alexander,8,0,30,22
1656687010837,MATH 18,B01,083748,Rideout; David Porter,2,0,37,35
1656687010837,MATH 18,B02,083749,Rideout; David Porter,2,0,36,34
1656687010837,MATH 18,B03,083750,Rideout; David Porter,1,0,37,36
1656687010837,MATH 18,B04,083751,Rideout; David Porter,4,0,36,32
1656687010837,MATH 18,B05,093473,Rideout; David Porter,4,0,36,32
1656687010837,MATH 18,B06,093474,Rideout; David Porter,4,0,36,32
1656687016865,MATH 20A,A01,083754,Zheng; Zequn,12,0,40,28
1656687022892,MATH 20B,A01,083756,Briones; Jor-el Thomas Caparas,1,1,36,35
1656687022892,MATH 20B,A02,083757,Briones; Jor-el Thomas Caparas,0,0,36,36
1656687022892,MATH 20B,A03,093475,Briones; Jor-el Thomas Caparas,2,0,36,34
1656687028924,MATH 20C,A01,083760,Briones; Jor-el Thomas Caparas,0,0,35,35
1656687028924,MATH 20C,A02,083761,Briones; Jor-el Thomas Caparas,9,0,35,26
1656687028924,MATH 20C,A03,093476,Briones; Jor-el Thomas Caparas,0,1,36,36
1656687028924,MATH 20C,B01,083762,Bach; Quang Tran,0,0,30,30
1656687034954,MATH 20D,A01,083765,Tran; Brian Kha,3,0,30,27
1656687034954,MATH 20D,A02,083766,Tran; Brian Kha,2,0,30,28
1656687034954,MATH 20D,A03,083767,Tran; Brian Kha,1,0,30,29
1656687040980,MATH 20E,A01,083771,Ganguly; Soumya,4,0,32,28
1656687040980,MATH 20E,A02,083772,Ganguly; Soumya,3,0,32,29
1656687040980,MATH 20E,B01,083773,Ciotti; Benjamin,18,0,35,17
1656687040980,MATH 20E,B02,083774,Ciotti; Benjamin,18,0,35,17
1656687047005,MATH 103A,A01,083777,Greenfeld; Be'Eri,2,0,36,34
1656687047005,MATH 103A,A02,083778,Greenfeld; Be'Eri,5,0,36,31
1656687047005,MATH 103A,A03,093561,Greenfeld; Be'Eri,4,0,36,32
1656687047005,MATH 103A,B01,083779,Greenfeld; Be'Eri,6,0,36,30
1656687047005,MATH 103A,B02,083780,Greenfeld; Be'Eri,2,0,36,34
1656687047005,MATH 103A,B03,093562,Greenfeld; Be'Eri,2,0,36,34
1656687053032,MATH 105,A01,085443,Carter; Anne Toulson,13,0,35,22
1656687053032,MATH 105,A02,093477,Carter; Anne Toulson,20,0,35,15
1656687059062,MATH 109,A01,083213,Ganzberger; Geoffrey Michael,0,0,34,34
1656687059062,MATH 109,A02,083214,Ganzberger; Geoffrey Michael,1,0,34,33
1656687059062,MATH 109,A03,093478,Ganzberger; Geoffrey Michael,2,0,34,32
1656687059062,MATH 109,B01,083215,Ganzberger; Geoffrey Michael,1,0,32,31
1656687059062,MATH 109,B02,083216,Ganzberger; Geoffrey Michael,2,0,32,30
1656687059062,MATH 109,B03,093479,Ganzberger; Geoffrey Michael,6,0,32,26
1656687065092,MATH 142A,A01,083219,Chow; Bennett,3,0,32,29
1656687065092,MATH 142A,A02,083220,Chow; Bennett,9,0,32,23
1656687065092,MATH 142A,A03,093480,Chow; Bennett,6,0,32,26
1656687065092,MATH 142A,B03,093481,Chow; Bennett,5,0,32,27
1656687065092,MATH 142A,B04,093558,Chow; Bennett,10,0,32,22
1656687065092,MATH 142A,B05,093559,Chow; Bennett,4,0,32,28
1656687071121,MATH 193A,A01,083224,Rotar; Vladimir,3,0,34,31
1656687071121,MATH 193A,A02,083225,Rotar; Vladimir,2,0,34,32
1656687071121,MATH 193A,A03,083781,Rotar; Vladimir,0,0,34,34
1656687071121,MATH 193A,A04,083782,Rotar; Vladimir,4,0,34,30
1656687071121,MATH 193A,A05,093482,Rotar; Vladimir,5,0,34,29
1656687077146,MATH 197,001,091859,McAuley; Julian John,9999,0,9999,0
1656687077146,MATH 197,002,095566,Kedlaya; Kiran S.,9997,0,9999,2
1656687077146,MATH 197,003,095567,Xiao; Ming,9999,0,9999,0
1656687077146,MATH 197,004,095571,Perols; Johan Lars,9998,0,9999,1
1656687084207,COGS 9,A01,083615,Shannon; Kyle Michael,5,0,75,70
1656687090231,COGS 11,A01,083617,Boyle; Mary E. T.,17,0,48,31
1656687096258,COGS 13,A01,083071,Bastos; Amalia Pinkusfeld,6,0,71,65
1656687102283,COGS 14A,A01,092681,Semenuks; Arturs,0,3,100,100
1656687108312,COGS 14B,A01,083073,Cheng; Tzu-Han,3,0,63,60
1656687114341,COGS 17,A01,092677,Semenuks; Arturs,4,0,81,77
1656687120365,COGS 100,A01,083619,Allen; Michael Gordon,13,0,70,57
1656687126390,COGS 101A,A01,083621,Davis; Joshua Daniel,10,0,68,58
1656687132415,COGS 101B,A01,091572,Allen; Michael Gordon,3,0,65,62
1656687138445,COGS 101C,A01,083625,Delgado; Tania,17,0,35,18
1656687144473,COGS 107A,A01,083627,Boyle; Mary E. T.,11,0,60,49
1656687150498,COGS 118A,A01,083075,Gupta; Anjum,13,0,76,63
1656687156522,CSE 3,A50,083646,Miranda; Gregory Joseph,22,0,50,28
1656687162550,CSE 8A,A50,083650,Miranda; Gregory Joseph,16,1,56,40
1656687168575,CSE 11,A01,083080,Cao; Yingjun,2,17,40,38
1656687174600,CSE 12,A01,083652,Krause-Levy; Sophia Louisa,19,1,120,101
1656687180630,CSE 15L,A01,083654,Morris; Justin Loren,8,0,50,42
1656687180630,CSE 15L,A02,083655,Morris; Justin Loren,8,0,50,42
1656687186654,CSE 20,A01,083657,Tran; Khoa Dang,35,0,80,45
1656687192679,CSE 21,A01,095574,Bach; Quang Tran,21,0,48,27
1656687198707,CSE 30,A01,083084,Eldon; John,5,0,80,75
1656687198707,CSE 30,B01,095061,Bhaskar; Nishant,3,0,50,47
1656687204735,CSE 100,A01,083659,Cao; Yingjun,1,6,70,69
1656687210760,CSE 134B,A01,083661,Powell; Thomas Allan,17,0,100,83
1656687216787,CSE 140,A01,083663,Gungor; Onat,14,0,85,71
1656687222825,CSE 140L,A01,083088,Eldon; John,16,0,100,84
1656687228859,CSE 175,A01,083665,Kumar; Rakesh,3,0,25,22
1656687234887,CSE 190,A00,092507,Dubnov; Shlomo,5,0,20,15
1656687240908,ECE 45,A01,083139,Congero; Spencer William,5,0,75,70
1656687246948,ECE 65,A50,083695,Saad; Andrew S,12,0,30,18
1656687246948,ECE 65,A51,095125,Saad; Andrew S,25,0,26,1
1656687252974,ECE 109,A01,091882,Touri; Behrouz,13,0,70,57
1656687259002,ECE 180,A00,083140,Abi Samra; Nicholas Camill,1,0,30,29
1656687259002,ECE 180,B00,083141,Abi Samra; Nicholas Camill,0,0,30,30
1656687265027,MATH 10A,A01,083735,Patchell; Gregory David,0,0,30,30
1656687265027,MATH 10A,A02,083736,Patchell; Gregory David,20,0,30,10
1656687265027,MATH 10A,A03,083737,Patchell; Gregory David,16,0,30,14
1656687271052,MATH 10B,A01,083207,Lim; Seonhee,7,0,34,27
1656687271052,MATH 10B,A02,083208,Lim; Seonhee,9,0,35,26
1656687271052,MATH 10B,A03,093472,Lim; Seonhee,3,0,34,31
1656687271052,MATH 10B,B01,083739,Sinha; Shubham,9,0,30,21
1656687277093,MATH 18,A01,083743,Cinel; Cameron Alexander,6,0,30,24
1656687277093,MATH 18,A02,083744,Cinel; Cameron Alexander,14,0,30,16
1656687277093,MATH 18,A03,083745,Cinel; Cameron Alexander,8,0,30,22
1656687277093,MATH 18,B01,083748,Rideout; David Porter,2,0,37,35
1656687277093,MATH 18,B02,083749,Rideout; David Porter,2,0,36,34
1656687277093,MATH 18,B03,083750,Rideout; David Porter,1,0,37,36
1656687277093,MATH 18,B04,083751,Rideout; David Porter,4,0,36,32
1656687277093,MATH 18,B05,093473,Rideout; David Porter,4,0,36,32
1656687277093,MATH 18,B06,093474,Rideout; David Porter,4,0,36,32
1656687283124,MATH 20A,A01,083754,Zheng; Zequn,12,0,40,28
1656687289152,MATH 20B,A01,083756,Briones; Jor-el Thomas Caparas,1,1,36,35
1656687289152,MATH 20B,A02,083757,Briones; Jor-el Thomas Caparas,0,0,36,36
1656687289152,MATH 20B,A03,093475,Briones; Jor-el Thomas Caparas,2,0,36,34
1656687295192,MATH 20C,A01,083760,Briones; Jor-el Thomas Caparas,0,0,35,35
1656687295192,MATH 20C,A02,083761,Briones; Jor-el Thomas Caparas,9,0,35,26
1656687295192,MATH 20C,A03,093476,Briones; Jor-el Thomas Caparas,0,1,36,36
1656687295192,MATH 20C,B01,083762,Bach; Quang Tran,0,0,30,30
1656687301218,MATH 20D,A01,083765,Tran; Brian Kha,3,0,30,27
1656687301218,MATH 20D,A02,083766,Tran; Brian Kha,2,0,30,28
1656687301218,MATH 20D,A03,083767,Tran; Brian Kha,1,0,30,29
1656687307246,MATH 20E,A01,083771,Ganguly; Soumya,4,0,32,28
1656687307246,MATH 20E,A02,083772,Ganguly; Soumya,3,0,32,29
1656687307246,MATH 20E,B01,083773,Ciotti; Benjamin,18,0,35,17
1656687307246,MATH 20E,B02,083774,Ciotti; Benjamin,18,0,35,17
1656687313283,MATH 103A,A01,083777,Greenfeld; Be'Eri,2,0,36,34
1656687313283,MATH 103A,A02,083778,Greenfeld; Be'Eri,5,0,36,31
1656687313283,MATH 103A,A03,093561,Greenfeld; Be'Eri,4,0,36,32
1656687313283,MATH 103A,B01,083779,Greenfeld; Be'Eri,6,0,36,30
1656687313283,MATH 103A,B02,083780,Greenfeld; Be'Eri,2,0,36,34
1656687313283,MATH 103A,B03,093562,Greenfeld; Be'Eri,2,0,36,34
1656687319314,MATH 105,A01,085443,Carter; Anne Toulson,13,0,35,22
1656687319314,MATH 105,A02,093477,Carter; Anne Toulson,20,0,35,15
1656687325342,MATH 109,A01,083213,Ganzberger; Geoffrey Michael,0,0,34,34
1656687325342,MATH 109,A02,083214,Ganzberger; Geoffrey Michael,1,0,34,33
1656687325342,MATH 109,A03,093478,Ganzberger; Geoffrey Michael,2,0,34,32
1656687325342,MATH 109,B01,083215,Ganzberger; Geoffrey Michael,1,0,32,31
1656687325342,MATH 109,B02,083216,Ganzberger; Geoffrey Michael,2,0,32,30
1656687325342,MATH 109,B03,093479,Ganzberger; Geoffrey Michael,6,0,32,26
1656687331371,MATH 142A,A01,083219,Chow; Bennett,3,0,32,29
1656687331371,MATH 142A,A02,083220,Chow; Bennett,9,0,32,23
1656687331371,MATH 142A,A03,093480,Chow; Bennett,6,0,32,26
1656687331371,MATH 142A,B03,093481,Chow; Bennett,5,0,32,27
1656687331371,MATH 142A,B04,093558,Chow; Bennett,10,0,32,22
1656687331371,MATH 142A,B05,093559,Chow; Bennett,4,0,32,28
1656687337395,MATH 193A,A01,083224,Rotar; Vladimir,3,0,34,31
1656687337395,MATH 193A,A02,083225,Rotar; Vladimir,2,0,34,32
1656687337395,MATH 193A,A03,083781,Rotar; Vladimir,0,0,34,34
1656687337395,MATH 193A,A04,083782,Rotar; Vladimir,4,0,34,30
1656687337395,MATH 193A,A05,093482,Rotar; Vladimir,5,0,34,29
1656687343419,MATH 197,001,091859,McAuley; Julian John,9999,0,9999,0
1656687343419,MATH 197,002,095566,Kedlaya; Kiran S.,9997,0,9999,2
1656687343419,MATH 197,003,095567,Xiao; Ming,9999,0,9999,0
1656687343419,MATH 197,004,095571,Perols; Johan Lars,9998,0,9999,1
1656687350493,COGS 9,A01,083615,Shannon; Kyle Michael,5,0,75,70
1656687356520,COGS 11,A01,083617,Boyle; Mary E. T.,17,0,48,31
1656687362544,COGS 13,A01,083071,Bastos; Amalia Pinkusfeld,6,0,71,65
1656687368573,COGS 14A,A01,092681,Semenuks; Arturs,0,3,100,100
1656687374597,COGS 14B,A01,083073,Cheng; Tzu-Han,3,0,63,60
1656687380622,COGS 17,A01,092677,Semenuks; Arturs,4,0,81,77
1656687386659,COGS 100,A01,083619,Allen; Michael Gordon,13,0,70,57
1656687392683,COGS 101A,A01,083621,Davis; Joshua Daniel,10,0,68,58
1656687398707,COGS 101B,A01,091572,Allen; Michael Gordon,3,0,65,62
1656687404729,COGS 101C,A01,083625,Delgado; Tania,17,0,35,18
1656687410758,COGS 107A,A01,083627,Boyle; Mary E. T.,11,0,60,49
1656687416782,COGS 118A,A01,083075,Gupta; Anjum,13,0,76,63
1656687422809,CSE 3,A50,083646,Miranda; Gregory Joseph,22,0,50,28
1656687428910,CSE 8A,A50,083650,Miranda; Gregory Joseph,16,1,56,40
1656687434943,CSE 11,A01,083080,Cao; Yingjun,2,17,40,38
1656687440973,CSE 12,A01,083652,Krause-Levy; Sophia Louisa,19,1,120,101
1656687446997,CSE 15L,A01,083654,Morris; Justin Loren,8,0,50,42
1656687446997,CSE 15L,A02,083655,Morris; Justin Loren,8,0,50,42
1656687453020,CSE 20,A01,083657,Tran; Khoa Dang,35,0,80,45
1656687459044,CSE 21,A01,095574,Bach; Quang Tran,21,0,48,27
1656687465069,CSE 30,A01,083084,Eldon; John,5,0,80,75
1656687465069,CSE 30,B01,095061,Bhaskar; Nishant,3,0,50,47
1656687471102,CSE 100,A01,083659,Cao; Yingjun,1,6,70,69
1656687477131,CSE 134B,A01,083661,Powell; Thomas Allan,17,0,100,83
1656687483154,CSE 140,A01,083663,Gungor; Onat,14,0,85,71
1656687489186,CSE 140L,A01,083088,Eldon; John,16,0,100,84
1656687495209,CSE 175,A01,083665,Kumar; Rakesh,3,0,25,22
1656687501234,CSE 190,A00,092507,Dubnov; Shlomo,5,0,20,15
1656687507261,ECE 45,A01,083139,Congero; Spencer William,5,0,75,70
1656687513303,ECE 65,A50,083695,Saad; Andrew S,12,0,30,18
1656687513303,ECE 65,A51,095125,Saad; Andrew S,25,0,26,1
1656687519334,ECE 109,A01,091882,Touri; Behrouz,13,0,70,57
1656687525358,ECE 180,A00,083140,Abi Samra; Nicholas Camill,1,0,30,29
1656687525358,ECE 180,B00,083141,Abi Samra; Nicholas Camill,0,0,30,30
1656687531390,MATH 10A,A01,083735,Patchell; Gregory David,0,0,30,30
1656687531390,MATH 10A,A02,083736,Patchell; Gregory David,20,0,30,10
1656687531390,MATH 10A,A03,083737,Patchell; Gregory David,16,0,30,14
1656687537415,MATH 10B,A01,083207,Lim; Seonhee,7,0,34,27
1656687537415,MATH 10B,A02,083208,Lim; Seonhee,9,0,35,26
1656687537415,MATH 10B,A03,093472,Lim; Seonhee,3,0,34,31
1656687537415,MATH 10B,B01,083739,Sinha; Shubham,9,0,30,21
1656687543440,MATH 18,A01,083743,Cinel; Cameron Alexander,6,0,30,24
1656687543440,MATH 18,A02,083744,Cinel; Cameron Alexander,14,0,30,16
1656687543440,MATH 18,A03,083745,Cinel; Cameron Alexander,8,0,30,22
1656687543440,MATH 18,B01,083748,Rideout; David Porter,2,0,37,35
1656687543440,MATH 18,B02,083749,Rideout; David Porter,2,0,36,34
1656687543440,MATH 18,B03,083750,Rideout; David Porter,1,0,37,36
1656687543440,MATH 18,B04,083751,Rideout; David Porter,4,0,36,32
1656687543440,MATH 18,B05,093473,Rideout; David Porter,4,0,36,32
1656687543440,MATH 18,B06,093474,Rideout; David Porter,4,0,36,32
1656687549465,MATH 20A,A01,083754,Zheng; Zequn,12,0,40,28
1656687555496,MATH 20B,A01,083756,Briones; Jor-el Thomas Caparas,1,1,36,35
1656687555496,MATH 20B,A02,083757,Briones; Jor-el Thomas Caparas,0,0,36,36
1656687555496,MATH 20B,A03,093475,Briones; Jor-el Thomas Caparas,2,0,36,34
1656687561518,MATH 20C,A01,083760,Briones; Jor-el Thomas Caparas,0,0,35,35
1656687561518,MATH 20C,A02,083761,Briones; Jor-el Thomas Caparas,9,0,35,26
1656687561518,MATH 20C,A03,093476,Briones; Jor-el Thomas Caparas,0,1,36,36
1656687561518,MATH 20C,B01,083762,Bach; Quang Tran,0,0,30,30
1656687567544,MATH 20D,A01,083765,Tran; Brian Kha,3,0,30,27
1656687567544,MATH 20D,A02,083766,Tran; Brian Kha,2,0,30,28
1656687567544,MATH 20D,A03,083767,Tran; Brian Kha,1,0,30,29
1656687573568,MATH 20E,A01,083771,Ganguly; Soumya,4,0,32,28
1656687573568,MATH 20E,A02,083772,Ganguly; Soumya,3,0,32,29
1656687573568,MATH 20E,B01,083773,Ciotti; Benjamin,18,0,35,17
1656687573568,MATH 20E,B02,083774,Ciotti; Benjamin,18,0,35,17
1656687579593,MATH 103A,A01,083777,Greenfeld; Be'Eri,2,0,36,34
1656687579593,MATH 103A,A02,083778,Greenfeld; Be'Eri,5,0,36,31
1656687579593,MATH 103A,A03,093561,Greenfeld; Be'Eri,4,0,36,32
1656687579593,MATH 103A,B01,083779,Greenfeld; Be'Eri,6,0,36,30
1656687579593,MATH 103A,B02,083780,Greenfeld; Be'Eri,2,0,36,34
1656687579593,MATH 103A,B03,093562,Greenfeld; Be'Eri,2,0,36,34
1656687585620,MATH 105,A01,085443,Carter; Anne Toulson,13,0,35,22
1656687585620,MATH 105,A02,093477,Carter; Anne Toulson,20,0,35,15
1656687591657,MATH 109,A01,083213,Ganzberger; Geoffrey Michael,0,0,34,34
1656687591657,MATH 109,A02,083214,Ganzberger; Geoffrey Michael,1,0,34,33
1656687591657,MATH 109,A03,093478,Ganzberger; Geoffrey Michael,2,0,34,32
1656687591657,MATH 109,B01,083215,Ganzberger; Geoffrey Michael,1,0,32,31
1656687591657,MATH 109,B02,083216,Ganzberger; Geoffrey Michael,2,0,32,30
1656687591657,MATH 109,B03,093479,Ganzberger; Geoffrey Michael,6,0,32,26
1656687597682,MATH 142A,A01,083219,Chow; Bennett,3,0,32,29
1656687597682,MATH 142A,A02,083220,Chow; Bennett,9,0,32,23
1656687597682,MATH 142A,A03,093480,Chow; Bennett,6,0,32,26
1656687597682,MATH 142A,B03,093481,Chow; Bennett,5,0,32,27
1656687597682,MATH 142A,B04,093558,Chow; Bennett,10,0,32,22
1656687597682,MATH 142A,B05,093559,Chow; Bennett,4,0,32,28
1656687603718,MATH 193A,A01,083224,Rotar; Vladimir,3,0,34,31
1656687603718,MATH 193A,A02,083225,Rotar; Vladimir,2,0,34,32
1656687603718,MATH 193A,A03,083781,Rotar; Vladimir,0,0,34,34
1656687603718,MATH 193A,A04,083782,Rotar; Vladimir,4,0,34,30
1656687603718,MATH 193A,A05,093482,Rotar; Vladimir,5,0,34,29
1656687609753,MATH 197,001,091859,McAuley; Julian John,9999,0,9999,0
1656687609753,MATH 197,002,095566,Kedlaya; Kiran S.,9997,0,9999,2
1656687609753,MATH 197,003,095567,Xiao; Ming,9999,0,9999,0
1656687609753,MATH 197,004,095571,Perols; Johan Lars,9998,0,9999,1
1656687616820,COGS 9,A01,083615,Shannon; Kyle Michael,5,0,75,70
1656687622844,COGS 11,A01,083617,Boyle; Mary E. T.,17,0,48,31
1656687628873,COGS 13,A01,083071,Bastos; Amalia Pinkusfeld,6,0,71,65
1656687634896,COGS 14A,A01,092681,Semenuks; Arturs,0,3,100,100
1656687640920,COGS 14B,A01,083073,Cheng; Tzu-Han,3,0,63,60
1656687646957,COGS 17,A01,092677,Semenuks; Arturs,4,0,81,77
1656687652984,COGS 100,A01,083619,Allen; Michael Gordon,13,0,70,57
1656687659011,COGS 101A,A01,083621,Davis; Joshua Daniel,10,0,68,58
1656687665043,COGS 101B,A01,091572,Allen; Michael Gordon,3,0,65,62
1656687671066,COGS 101C,A01,083625,Delgado; Tania,17,0,35,18
1656687677089,COGS 107A,A01,083627,Boyle; Mary E. T.,11,0,60,49
1656687683116,COGS 118A,A01,083075,Gupta; Anjum,13,0,76,63
1656687689139,CSE 3,A50,083646,Miranda; Gregory Joseph,22,0,50,28
1656687695166,CSE 8A,A50,083650,Miranda; Gregory Joseph,16,1,56,40
1656687701190,CSE 11,A01,083080,Cao; Yingjun,2,17,40,38
1656687707214,CSE 12,A01,083652,Krause-Levy; Sophia Louisa,19,1,120,101
1656687713248,CSE 15L,A01,083654,Morris; Justin Loren,8,0,50,42
1656687713248,CSE 15L,A02,083655,Morris; Justin Loren,8,0,50,42
1656687719275,CSE 20,A01,083657,Tran; Khoa Dang,35,0,80,45
1656687725306,CSE 21,A01,095574,Bach; Quang Tran,21,0,48,27
1656687731342,CSE 30,A01,083084,Eldon; John,5,0,80,75
1656687731342,CSE 30,B01,095061,Bhaskar; Nishant,3,0,50,47
1656687737375,CSE 100,A01,083659,Cao; Yingjun,1,6,70,69
1656687743399,CSE 134B,A01,083661,Powell; Thomas Allan,17,0,100,83
1656687749423,CSE 140,A01,083663,Gungor; Onat,14,0,85,71
1656687755453,CSE 140L,A01,083088,Eldon; John,16,0,100,84
1656687761479,CSE 175,A01,083665,Kumar; Rakesh,3,0,25,22
1656687767521,CSE 190,A00,092507,Dubnov; Shlomo,5,0,20,15
1656687773544,ECE 45,A01,083139,Congero; Spencer William,5,0,75,70
1656687779567,ECE 65,A50,083695,Saad; Andrew S,12,0,30,18
1656687779567,ECE 65,A51,095125,Saad; Andrew S,25,0,26,1
1656687785591,ECE 109,A01,091882,Touri; Behrouz,13,0,70,57
1656687791616,ECE 180,A00,083140,Abi Samra; Nicholas Camill,1,0,30,29
1656687791616,ECE 180,B00,083141,Abi Samra; Nicholas Camill,0,0,30,30
1656687797665,MATH 10A,A01,083735,Patchell; Gregory David,0,0,30,30
1656687797665,MATH 10A,A02,083736,Patchell; Gregory David,20,0,30,10
1656687797665,MATH 10A,A03,083737,Patchell; Gregory David,16,0,30,14
1656687803694,MATH 10B,A01,083207,Lim; Seonhee,7,0,34,27
1656687803694,MATH 10B,A02,083208,Lim; Seonhee,9,0,35,26
1656687803694,MATH 10B,A03,093472,Lim; Seonhee,3,0,34,31
1656687803694,MATH 10B,B01,083739,Sinha; Shubham,9,0,30,21
1656687809730,MATH 18,A01,083743,Cinel; Cameron Alexander,6,0,30,24
1656687809730,MATH 18,A02,083744,Cinel; Cameron Alexander,14,0,30,16
1656687809730,MATH 18,A03,083745,Cinel; Cameron Alexander,8,0,30,22
1656687809730,MATH 18,B01,083748,Rideout; David Porter,2,0,37,35
1656687809730,MATH 18,B02,083749,Rideout; David Porter,2,0,36,34
1656687809730,MATH 18,B03,083750,Rideout; David Porter,1,0,37,36
1656687809730,MATH 18,B04,083751,Rideout; David Porter,4,0,36,32
1656687809730,MATH 18,B05,093473,Rideout; David Porter,4,0,36,32
1656687809730,MATH 18,B06,093474,Rideout; David Porter,4,0,36,32
1656687815757,MATH 20A,A01,083754,Zheng; Zequn,12,0,40,28
1656687821786,MATH 20B,A01,083756,Briones; Jor-el Thomas Caparas,1,1,36,35
1656687821786,MATH 20B,A02,083757,Briones; Jor-el Thomas Caparas,0,0,36,36
1656687821786,MATH 20B,A03,093475,Briones; Jor-el Thomas Caparas,2,0,36,34
1656687827812,MATH 20C,A01,083760,Briones; Jor-el Thomas Caparas,0,0,35,35
1656687827812,MATH 20C,A02,083761,Briones; Jor-el Thomas Caparas,9,0,35,26
1656687827812,MATH 20C,A03,093476,Briones; Jor-el Thomas Caparas,0,1,36,36
1656687827812,MATH 20C,B01,083762,Bach; Quang Tran,0,0,30,30
1656687833842,MATH 20D,A01,083765,Tran; Brian Kha,3,0,30,27
1656687833842,MATH 20D,A02,083766,Tran; Brian Kha,2,0,30,28
1656687833842,MATH 20D,A03,083767,Tran; Brian Kha,1,0,30,29
1656687839871,MATH 20E,A01,083771,Ganguly; Soumya,4,0,32,28
1656687839871,MATH 20E,A02,083772,Ganguly; Soumya,3,0,32,29
1656687839871,MATH 20E,B01,083773,Ciotti; Benjamin,18,0,35,17
1656687839871,MATH 20E,B02,083774,Ciotti; Benjamin,18,0,35,17
1656687845894,MATH 103A,A01,083777,Greenfeld; Be'Eri,2,0,36,34
1656687845894,MATH 103A,A02,083778,Greenfeld; Be'Eri,5,0,36,31
1656687845894,MATH 103A,A03,093561,Greenfeld; Be'Eri,4,0,36,32
1656687845894,MATH 103A,B01,083779,Greenfeld; Be'Eri,6,0,36,30
1656687845894,MATH 103A,B02,083780,Greenfeld; Be'Eri,2,0,36,34
1656687845894,MATH 103A,B03,093562,Greenfeld; Be'Eri,2,0,36,34
1656687851917,MATH 105,A01,085443,Carter; Anne Toulson,13,0,35,22
1656687851917,MATH 105,A02,093477,Carter; Anne Toulson,20,0,35,15
1656687857941,MATH 109,A01,083213,Ganzberger; Geoffrey Michael,0,0,34,34
1656687857941,MATH 109,A02,083214,Ganzberger; Geoffrey Michael,1,0,34,33
1656687857941,MATH 109,A03,093478,Ganzberger; Geoffrey Michael,2,0,34,32
1656687857941,MATH 109,B01,083215,Ganzberger; Geoffrey Michael,1,0,32,31
1656687857941,MATH 109,B02,083216,Ganzberger; Geoffrey Michael,2,0,32,30
1656687857941,MATH 109,B03,093479,Ganzberger; Geoffrey Michael,6,0,32,26
1656687863965,MATH 142A,A01,083219,Chow; Bennett,3,0,32,29
1656687863965,MATH 142A,A02,083220,Chow; Bennett,9,0,32,23
1656687863965,MATH 142A,A03,093480,Chow; Bennett,6,0,32,26
1656687863965,MATH 142A,B03,093481,Chow; Bennett,5,0,32,27
1656687863965,MATH 142A,B04,093558,Chow; Bennett,10,0,32,22
1656687863965,MATH 142A,B05,093559,Chow; Bennett,4,0,32,28
1656687869991,MATH 193A,A01,083224,Rotar; Vladimir,3,0,34,31
1656687869991,MATH 193A,A02,083225,Rotar; Vladimir,2,0,34,32
1656687869991,MATH 193A,A03,083781,Rotar; Vladimir,0,0,34,34
1656687869991,MATH 193A,A04,083782,Rotar; Vladimir,4,0,34,30
1656687869991,MATH 193A,A05,093482,Rotar; Vladimir,5,0,34,29
1656687876022,MATH 197,001,091859,McAuley; Julian John,9999,0,9999,0
1656687876022,MATH 197,002,095566,Kedlaya; Kiran S.,9997,0,9999,2
1656687876022,MATH 197,003,095567,Xiao; Ming,9999,0,9999,0
1656687876022,MATH 197,004,095571,Perols; Johan Lars,9998,0,9999,1
1656687883080,COGS 9,A01,083615,Shannon; Kyle Michael,5,0,75,70
1656687889106,COGS 11,A01,083617,Boyle; Mary E. T.,17,0,48,31
1656687895141,COGS 13,A01,083071,Bastos; Amalia Pinkusfeld,6,0,71,65
1656687901166,COGS 14A,A01,092681,Semenuks; Arturs,0,3,100,100
1656687907191,COGS 14B,A01,083073,Cheng; Tzu-Han,3,0,63,60
1656687913222,COGS 17,A01,092677,Semenuks; Arturs,4,0,81,77
1656687919249,COGS 100,A01,083619,Allen; Michael Gordon,13,0,70,57
1656687925280,COGS 101A,A01,083621,Davis; Joshua Daniel,10,0,68,58
1656687931314,COGS 101B,A01,091572,Allen; Michael Gordon,3,0,65,62
1656687937341,COGS 101C,A01,083625,Delgado; Tania,17,0,35,18
1656687943366,COGS 107A,A01,083627,Boyle; Mary E. T.,11,0,60,49
1656687949389,COGS 118A,A01,083075,Gupta; Anjum,13,0,76,63
1656687955414,CSE 3,A50,083646,Miranda; Gregory Joseph,22,0,50,28
1656687961443,CSE 8A,A50,083650,Miranda; Gregory Joseph,16,1,56,40
1656687967468,CSE 11,A01,083080,Cao; Yingjun,2,17,40,38
1656687973495,CSE 12,A01,083652,Krause-Levy; Sophia Louisa,19,1,120,101
1656687979520,CSE 15L,A01,083654,Morris; Justin Loren,8,0,50,42
1656687979520,CSE 15L,A02,083655,Morris; Justin Loren,8,0,50,42
1656687985548,CSE 20,A01,083657,Tran; Khoa Dang,35,0,80,45
1656687991572,CSE 21,A01,095574,Bach; Quang Tran,21,0,48,27
1656687997598,CSE 30,A01,083084,Eldon; John,5,0,80,75
1656687997598,CSE 30,B01,095061,Bhaskar; Nishant,3,0,50,47
1656688003625,CSE 100,A01,083659,Cao; Yingjun,1,6,70,69
1656688009660,CSE 134B,A01,083661,Powell; Thomas Allan,17,0,100,83
1656688015686,CSE 140,A01,083663,Gungor; Onat,14,0,85,71
1656688021708,CSE 140L,A01,083088,Eldon; John,16,0,100,84
1656688027837,CSE 175,A01,083665,Kumar; Rakesh,3,0,25,22
1656688033871,CSE 190,A00,092507,Dubnov; Shlomo,5,0,20,15
1656688039895,ECE 45,A01,083139,Congero; Spencer William,5,0,75,70
1656688045920,ECE 65,A50,083695,Saad; Andrew S,12,0,30,18
1656688045920,ECE 65,A51,095125,Saad; Andrew S,25,0,26,1
1656688051958,ECE 109,A01,091882,Touri; Behrouz,13,0,70,57
1656688057986,ECE 180,A00,083140,Abi Samra; Nicholas Camill,1,0,30,29
1656688057986,ECE 180,B00,083141,Abi Samra; Nicholas Camill,0,0,30,30
1656688064012,MATH 10A,A01,083735,Patchell; Gregory David,0,0,30,30
1656688064012,MATH 10A,A02,083736,Patchell; Gregory David,20,0,30,10
1656688064012,MATH 10A,A03,083737,Patchell; Gregory David,16,0,30,14
1656688070036,MATH 10B,A01,083207,Lim; Seonhee,7,0,34,27
1656688070036,MATH 10B,A02,083208,Lim; Seonhee,9,0,35,26
1656688070036,MATH 10B,A03,093472,Lim; Seonhee,3,0,34,31
1656688070036,MATH 10B,B01,083739,Sinha; Shubham,9,0,30,21
1656688076060,MATH 18,A01,083743,Cinel; Cameron Alexander,6,0,30,24
1656688076060,MATH 18,A02,083744,Cinel; Cameron Alexander,14,0,30,16
1656688076060,MATH 18,A03,083745,Cinel; Cameron Alexander,8,0,30,22
1656688076060,MATH 18,B01,083748,Rideout; David Porter,2,0,37,35
1656688076060,MATH 18,B02,083749,Rideout; David Porter,2,0,36,34
1656688076060,MATH 18,B03,083750,Rideout; David Porter,1,0,37,36
1656688076060,MATH 18,B04,083751,Rideout; David Porter,4,0,36,32
1656688076060,MATH 18,B05,093473,Rideout; David Porter,4,0,36,32
1656688076060,MATH 18,B06,093474,Rideout; David Porter,4,0,36,32
1656688082083,MATH 20A,A01,083754,Zheng; Zequn,12,0,40,28
1656688088115,MATH 20B,A01,083756,Briones; Jor-el Thomas Caparas,1,1,36,35
1656688088115,MATH 20B,A02,083757,Briones; Jor-el Thomas Caparas,0,0,36,36
1656688088115,MATH 20B,A03,093475,Briones; Jor-el Thomas Caparas,2,0,36,34
1656688094144,MATH 20C,A01,083760,Briones; Jor-el Thomas Caparas,0,0,35,35
1656688094144,MATH 20C,A02,083761,Briones; Jor-el Thomas Caparas,9,0,35,26
1656688094144,MATH 20C,A03,093476,Briones; Jor-el Thomas Caparas,0,1,36,36
1656688094144,MATH 20C,B01,083762,Bach; Quang Tran,0,0,30,30
1656688100169,MATH 20D,A01,083765,Tran; Brian Kha,3,0,30,27
1656688100169,MATH 20D,A02,083766,Tran; Brian Kha,2,0,30,28
1656688100169,MATH 20D,A03,083767,Tran; Brian Kha,1,0,30,29
1656688106194,MATH 20E,A01,083771,Ganguly; Soumya,4,0,32,28
1656688106194,MATH 20E,A02,083772,Ganguly; Soumya,3,0,32,29
1656688106194,MATH 20E,B01,083773,Ciotti; Benjamin,18,0,35,17
1656688106194,MATH 20E,B02,083774,Ciotti; Benjamin,18,0,35,17
1656688112218,MATH 103A,A01,083777,Greenfeld; Be'Eri,2,0,36,34
1656688112218,MATH 103A,A02,083778,Greenfeld; Be'Eri,5,0,36,31
1656688112218,MATH 103A,A03,093561,Greenfeld; Be'Eri,4,0,36,32
1656688112218,MATH 103A,B01,083779,Greenfeld; Be'Eri,6,0,36,30
1656688112218,MATH 103A,B02,083780,Greenfeld; Be'Eri,2,0,36,34
1656688112218,MATH 103A,B03,093562,Greenfeld; Be'Eri,2,0,36,34
1656688118257,MATH 105,A01,085443,Carter; Anne Toulson,13,0,35,22
1656688118257,MATH 105,A02,093477,Carter; Anne Toulson,20,0,35,15
1656688124282,MATH 109,A01,083213,Ganzberger; Geoffrey Michael,0,0,34,34
1656688124282,MATH 109,A02,083214,Ganzberger; Geoffrey Michael,1,0,34,33
1656688124282,MATH 109,A03,093478,Ganzberger; Geoffrey Michael,2,0,34,32
1656688124282,MATH 109,B01,083215,Ganzberger; Geoffrey Michael,1,0,32,31
1656688124282,MATH 109,B02,083216,Ganzberger; Geoffrey Michael,2,0,32,30
1656688124282,MATH 109,B03,093479,Ganzberger; Geoffrey Michael,6,0,32,26
1656688130306,MATH 142A,A01,083219,Chow; Bennett,4,0,32,28
1656688130306,MATH 142A,A02,083220,Chow; Bennett,9,0,32,23
1656688130306,MATH 142A,A03,093480,Chow; Bennett,6,0,32,26
1656688130306,MATH 142A,B03,093481,Chow; Bennett,5,0,32,27
1656688130306,MATH 142A,B04,093558,Chow; Bennett,10,0,32,22
1656688130306,MATH 142A,B05,093559,Chow; Bennett,4,0,32,28
1656688136334,MATH 193A,A01,083224,Rotar; Vladimir,3,0,34,31
1656688136334,MATH 193A,A02,083225,Rotar; Vladimir,2,0,34,32
1656688136334,MATH 193A,A03,083781,Rotar; Vladimir,0,0,34,34
1656688136334,MATH 193A,A04,083782,Rotar; Vladimir,4,0,34,30
1656688136334,MATH 193A,A05,093482,Rotar; Vladimir,5,0,34,29
1656688142363,MATH 197,001,091859,McAuley; Julian John,9999,0,9999,0
1656688142363,MATH 197,002,095566,Kedlaya; Kiran S.,9997,0,9999,2
1656688142363,MATH 197,003,095567,Xiao; Ming,9999,0,9999,0
1656688142363,MATH 197,004,095571,Perols; Johan Lars,9998,0,9999,1
1656688149422,COGS 9,A01,083615,Shannon; Kyle Michael,5,0,75,70
1656688155450,COGS 11,A01,083617,Boyle; Mary E. T.,17,0,48,31
1656688161473,COGS 13,A01,083071,Bastos; Amalia Pinkusfeld,6,0,71,65
1656688167497,COGS 14A,A01,092681,Semenuks; Arturs,0,3,100,100
1656688173528,COGS 14B,A01,083073,Cheng; Tzu-Han,3,0,63,60
1656688179553,COGS 17,A01,092677,Semenuks; Arturs,4,0,81,77
1656688185582,COGS 100,A01,083619,Allen; Michael Gordon,13,0,70,57
1656688191606,COGS 101A,A01,083621,Davis; Joshua Daniel,10,0,68,58
1656688197630,COGS 101B,A01,091572,Allen; Michael Gordon,3,0,65,62
1656688203658,COGS 101C,A01,083625,Delgado; Tania,17,0,35,18
1656688209681,COGS 107A,A01,083627,Boyle; Mary E. T.,11,0,60,49
1656688215714,COGS 118A,A01,083075,Gupta; Anjum,13,0,76,63
1656688221738,CSE 3,A50,083646,Miranda; Gregory Joseph,22,0,50,28
1656688227766,CSE 8A,A50,083650,Miranda; Gregory Joseph,16,1,56,40
1656688233798,CSE 11,A01,083080,Cao; Yingjun,2,17,40,38
1656688239823,CSE 12,A01,083652,Krause-Levy; Sophia Louisa,19,1,120,101
1656688245850,CSE 15L,A01,083654,Morris; Justin Loren,8,0,50,42
1656688245850,CSE 15L,A02,083655,Morris; Justin Loren,8,0,50,42
1656688251886,CSE 20,A01,083657,Tran; Khoa Dang,35,0,80,45
1656688257910,CSE 21,A01,095574,Bach; Quang Tran,21,0,48,27
1656688263932,CSE 30,A01,083084,Eldon; John,5,0,80,75
1656688263932,CSE 30,B01,095061,Bhaskar; Nishant,3,0,50,47
1656688269960,CSE 100,A01,083659,Cao; Yingjun,1,6,70,69
1656688275985,CSE 134B,A01,083661,Powell; Thomas Allan,17,0,100,83
1656688282022,CSE 140,A01,083663,Gungor; Onat,14,0,85,71
1656688288046,CSE 140L,A01,083088,Eldon; John,16,0,100,84
1656688294084,CSE 175,A01,083665,Kumar; Rakesh,3,0,25,22
1656688300108,CSE 190,A00,092507,Dubnov; Shlomo,5,0,20,15
1656688306132,ECE 45,A01,083139,Congero; Spencer William,5,0,75,70
1656688312160,ECE 65,A50,083695,Saad; Andrew S,12,0,30,18
1656688312160,ECE 65,A51,095125,Saad; Andrew S,25,0,26,1
1656688318183,ECE 109,A01,091882,Touri; Behrouz,13,0,70,57
1656688324212,ECE 180,A00,083140,Abi Samra; Nicholas Camill,1,0,30,29
1656688324212,ECE 180,B00,083141,Abi Samra; Nicholas Camill,0,0,30,30
1656688330237,MATH 10A,A01,083735,Patchell; Gregory David,0,0,30,30
1656688330237,MATH 10A,A02,083736,Patchell; Gregory David,20,0,30,10
1656688330237,MATH 10A,A03,083737,Patchell; Gregory David,16,0,30,14
1656688336262,MATH 10B,A01,083207,Lim; Seonhee,7,0,34,27
1656688336262,MATH 10B,A02,083208,Lim; Seonhee,9,0,35,26
1656688336262,MATH 10B,A03,093472,Lim; Seonhee,3,0,34,31
1656688336262,MATH 10B,B01,083739,Sinha; Shubham,9,0,30,21
1656688342286,MATH 18,A01,083743,Cinel; Cameron Alexander,6,0,30,24
1656688342286,MATH 18,A02,083744,Cinel; Cameron Alexander,14,0,30,16
1656688342286,MATH 18,A03,083745,Cinel; Cameron Alexander,8,0,30,22
1656688342286,MATH 18,B01,083748,Rideout; David Porter,2,0,37,35
1656688342286,MATH 18,B02,083749,Rideout; David Porter,2,0,36,34
1656688342286,MATH 18,B03,083750,Rideout; David Porter,1,0,37,36
1656688342286,MATH 18,B04,083751,Rideout; David Porter,4,0,36,32
1656688342286,MATH 18,B05,093473,Rideout; David Porter,4,0,36,32
1656688342286,MATH 18,B06,093474,Rideout; David Porter,4,0,36,32
1656688348310,MATH 20A,A01,083754,Zheng; Zequn,12,0,40,28
1656688354334,MATH 20B,A01,083756,Briones; Jor-el Thomas Caparas,1,1,36,35
1656688354334,MATH 20B,A02,083757,Briones; Jor-el Thomas Caparas,0,0,36,36
1656688354334,MATH 20B,A03,093475,Briones; Jor-el Thomas Caparas,2,0,36,34
1656688360363,MATH 20C,A01,083760,Briones; Jor-el Thomas Caparas,0,0,35,35
1656688360363,MATH 20C,A02,083761,Briones; Jor-el Thomas Caparas,9,0,35,26
1656688360363,MATH 20C,A03,093476,Briones; Jor-el Thomas Caparas,0,1,36,36
1656688360363,MATH 20C,B01,083762,Bach; Quang Tran,0,0,30,30
1656688366398,MATH 20D,A01,083765,Tran; Brian Kha,3,0,30,27
1656688366398,MATH 20D,A02,083766,Tran; Brian Kha,2,0,30,28
1656688366398,MATH 20D,A03,083767,Tran; Brian Kha,1,0,30,29
1656688372423,MATH 20E,A01,083771,Ganguly; Soumya,4,0,32,28
1656688372423,MATH 20E,A02,083772,Ganguly; Soumya,3,0,32,29
1656688372423,MATH 20E,B01,083773,Ciotti; Benjamin,18,0,35,17
1656688372423,MATH 20E,B02,083774,Ciotti; Benjamin,18,0,35,17
1656688378452,MATH 103A,A01,083777,Greenfeld; Be'Eri,2,0,36,34
1656688378452,MATH 103A,A02,083778,Greenfeld; Be'Eri,5,0,36,31
1656688378452,MATH 103A,A03,093561,Greenfeld; Be'Eri,4,0,36,32
1656688378452,MATH 103A,B01,083779,Greenfeld; Be'Eri,6,0,36,30
1656688378452,MATH 103A,B02,083780,Greenfeld; Be'Eri,2,0,36,34
1656688378452,MATH 103A,B03,093562,Greenfeld; Be'Eri,2,0,36,34
1656688384482,MATH 105,A01,085443,Carter; Anne Toulson,13,0,35,22
1656688384482,MATH 105,A02,093477,Carter; Anne Toulson,20,0,35,15
1656688390507,MATH 109,A01,083213,Ganzberger; Geoffrey Michael,0,0,34,34
1656688390507,MATH 109,A02,083214,Ganzberger; Geoffrey Michael,1,0,34,33
1656688390507,MATH 109,A03,093478,Ganzberger; Geoffrey Michael,2,0,34,32
1656688390507,MATH 109,B01,083215,Ganzberger; Geoffrey Michael,1,0,32,31
1656688390507,MATH 109,B02,083216,Ganzberger; Geoffrey Michael,2,0,32,30
1656688390507,MATH 109,B03,093479,Ganzberger; Geoffrey Michael,6,0,32,26
1656688396532,MATH 142A,A01,083219,Chow; Bennett,4,0,32,28
1656688396532,MATH 142A,A02,083220,Chow; Bennett,9,0,32,23
1656688396532,MATH 142A,A03,093480,Chow; Bennett,6,0,32,26
1656688396532,MATH 142A,B03,093481,Chow; Bennett,5,0,32,27
1656688396532,MATH 142A,B04,093558,Chow; Bennett,10,0,32,22
1656688396532,MATH 142A,B05,093559,Chow; Bennett,4,0,32,28
1656688402563,MATH 193A,A01,083224,Rotar; Vladimir,3,0,34,31
1656688402563,MATH 193A,A02,083225,Rotar; Vladimir,2,0,34,32
1656688402563,MATH 193A,A03,083781,Rotar; Vladimir,0,0,34,34
1656688402563,MATH 193A,A04,083782,Rotar; Vladimir,4,0,34,30
1656688402563,MATH 193A,A05,093482,Rotar; Vladimir,5,0,34,29
1656688408591,MATH 197,001,091859,McAuley; Julian John,9999,0,9999,0
1656688408591,MATH 197,002,095566,Kedlaya; Kiran S.,9997,0,9999,2
1656688408591,MATH 197,003,095567,Xiao; Ming,9999,0,9999,0
1656688408591,MATH 197,004,095571,Perols; Johan Lars,9998,0,9999,1
1656688415644,COGS 9,A01,083615,Shannon; Kyle Michael,5,0,75,70
1656688421684,COGS 11,A01,083617,Boyle; Mary E. T.,17,0,48,31
1656688427719,COGS 13,A01,083071,Bastos; Amalia Pinkusfeld,6,0,71,65
1656688433748,COGS 14A,A01,092681,Semenuks; Arturs,0,3,100,100
1656688439784,COGS 14B,A01,083073,Cheng; Tzu-Han,3,0,63,60
1656688445812,COGS 17,A01,092677,Semenuks; Arturs,4,0,81,77
1656688451841,COGS 100,A01,083619,Allen; Michael Gordon,13,0,70,57
1656688457864,COGS 101A,A01,083621,Davis; Joshua Daniel,10,0,68,58
1656688463889,COGS 101B,A01,091572,Allen; Michael Gordon,3,0,65,62
1656688469922,COGS 101C,A01,083625,Delgado; Tania,17,0,35,18
1656688475949,COGS 107A,A01,083627,Boyle; Mary E. T.,11,0,60,49
1656688481977,COGS 118A,A01,083075,Gupta; Anjum,13,0,76,63
1656688488005,CSE 3,A50,083646,Miranda; Gregory Joseph,22,0,50,28
1656688494035,CSE 8A,A50,083650,Miranda; Gregory Joseph,16,1,56,40
1656688500058,CSE 11,A01,083080,Cao; Yingjun,2,17,40,38
1656688506082,CSE 12,A01,083652,Krause-Levy; Sophia Louisa,19,1,120,101
1656688512111,CSE 15L,A01,083654,Morris; Justin Loren,8,0,50,42
1656688512111,CSE 15L,A02,083655,Morris; Justin Loren,8,0,50,42
1656688518145,CSE 20,A01,083657,Tran; Khoa Dang,35,0,80,45
1656688524169,CSE 21,A01,095574,Bach; Quang Tran,21,0,48,27
1656688530195,CSE 30,A01,083084,Eldon; John,5,0,80,75
1656688530195,CSE 30,B01,095061,Bhaskar; Nishant,3,0,50,47
1656688536227,CSE 100,A01,083659,Cao; Yingjun,1,6,70,69
1656688542251,CSE 134B,A01,083661,Powell; Thomas Allan,17,0,100,83
1656688548277,CSE 140,A01,083663,Gungor; Onat,14,0,85,71
1656688554304,CSE 140L,A01,083088,Eldon; John,16,0,100,84
1656688560334,CSE 175,A01,083665,Kumar; Rakesh,3,0,25,22
1656688566362,CSE 190,A00,092507,Dubnov; Shlomo,5,0,20,15
1656688572398,ECE 45,A01,083139,Congero; Spencer William,5,0,75,70
1656688578421,ECE 65,A50,083695,Saad; Andrew S,12,0,30,18
1656688578421,ECE 65,A51,095125,Saad; Andrew S,25,0,26,1
1656688584447,ECE 109,A01,091882,Touri; Behrouz,13,0,70,57
1656688590475,ECE 180,A00,083140,Abi Samra; Nicholas Camill,1,0,30,29
1656688590475,ECE 180,B00,083141,Abi Samra; Nicholas Camill,0,0,30,30
1656688596503,MATH 10A,A01,083735,Patchell; Gregory David,0,0,30,30
1656688596503,MATH 10A,A02,083736,Patchell; Gregory David,20,0,30,10
1656688596503,MATH 10A,A03,083737,Patchell; Gregory David,16,0,30,14
1656688602531,MATH 10B,A01,083207,Lim; Seonhee,7,0,34,27
1656688602531,MATH 10B,A02,083208,Lim; Seonhee,9,0,35,26
1656688602531,MATH 10B,A03,093472,Lim; Seonhee,3,0,34,31
1656688602531,MATH 10B,B01,083739,Sinha; Shubham,9,0,30,21
1656688608557,MATH 18,A01,083743,Cinel; Cameron Alexander,6,0,30,24
1656688608557,MATH 18,A02,083744,Cinel; Cameron Alexander,14,0,30,16
1656688608557,MATH 18,A03,083745,Cinel; Cameron Alexander,8,0,30,22
1656688608557,MATH 18,B01,083748,Rideout; David Porter,2,0,37,35
1656688608557,MATH 18,B02,083749,Rideout; David Porter,2,0,36,34
1656688608557,MATH 18,B03,083750,Rideout; David Porter,1,0,37,36
1656688608557,MATH 18,B04,083751,Rideout; David Porter,4,0,36,32
1656688608557,MATH 18,B05,093473,Rideout; David Porter,4,0,36,32
1656688608557,MATH 18,B06,093474,Rideout; David Porter,4,0,36,32
1656688614586,MATH 20A,A01,083754,Zheng; Zequn,12,0,40,28
1656688620613,MATH 20B,A01,083756,Briones; Jor-el Thomas Caparas,1,1,36,35
1656688620613,MATH 20B,A02,083757,Briones; Jor-el Thomas Caparas,0,0,36,36
1656688620613,MATH 20B,A03,093475,Briones; Jor-el Thomas Caparas,2,0,36,34
1656688626719,MATH 20C,A01,083760,Briones; Jor-el Thomas Caparas,0,0,35,35
1656688626719,MATH 20C,A02,083761,Briones; Jor-el Thomas Caparas,9,0,35,26
1656688626719,MATH 20C,A03,093476,Briones; Jor-el Thomas Caparas,0,1,36,36
1656688626719,MATH 20C,B01,083762,Bach; Quang Tran,0,0,30,30
1656688632786,MATH 20D,A01,083765,Tran; Brian Kha,3,0,30,27
1656688632786,MATH 20D,A02,083766,Tran; Brian Kha,2,0,30,28
1656688632786,MATH 20D,A03,083767,Tran; Brian Kha,1,0,30,29
1656688638811,MATH 20E,A01,083771,Ganguly; Soumya,4,0,32,28
1656688638811,MATH 20E,A02,083772,Ganguly; Soumya,3,0,32,29
1656688638811,MATH 20E,B01,083773,Ciotti; Benjamin,18,0,35,17
1656688638811,MATH 20E,B02,083774,Ciotti; Benjamin,18,0,35,17
1656688644839,MATH 103A,A01,083777,Greenfeld; Be'Eri,2,0,36,34
1656688644839,MATH 103A,A02,083778,Greenfeld; Be'Eri,5,0,36,31
1656688644839,MATH 103A,A03,093561,Greenfeld; Be'Eri,4,0,36,32
1656688644839,MATH 103A,B01,083779,Greenfeld; Be'Eri,6,0,36,30
1656688644839,MATH 103A,B02,083780,Greenfeld; Be'Eri,2,0,36,34
1656688644839,MATH 103A,B03,093562,Greenfeld; Be'Eri,2,0,36,34
1656688650863,MATH 105,A01,085443,Carter; Anne Toulson,13,0,35,22
1656688650863,MATH 105,A02,093477,Carter; Anne Toulson,20,0,35,15
1656688656892,MATH 109,A01,083213,Ganzberger; Geoffrey Michael,0,0,34,34
1656688656892,MATH 109,A02,083214,Ganzberger; Geoffrey Michael,1,0,34,33
1656688656892,MATH 109,A03,093478,Ganzberger; Geoffrey Michael,2,0,34,32
1656688656892,MATH 109,B01,083215,Ganzberger; Geoffrey Michael,1,0,32,31
1656688656892,MATH 109,B02,083216,Ganzberger; Geoffrey Michael,2,0,32,30
1656688656892,MATH 109,B03,093479,Ganzberger; Geoffrey Michael,6,0,32,26
1656688662918,MATH 142A,A01,083219,Chow; Bennett,4,0,32,28
1656688662918,MATH 142A,A02,083220,Chow; Bennett,9,0,32,23
1656688662918,MATH 142A,A03,093480,Chow; Bennett,6,0,32,26
1656688662918,MATH 142A,B03,093481,Chow; Bennett,5,0,32,27
1656688662918,MATH 142A,B04,093558,Chow; Bennett,10,0,32,22
1656688662918,MATH 142A,B05,093559,Chow; Bennett,4,0,32,28
1656688668953,MATH 193A,A01,083224,Rotar; Vladimir,3,0,34,31
1656688668953,MATH 193A,A02,083225,Rotar; Vladimir,2,0,34,32
1656688668953,MATH 193A,A03,083781,Rotar; Vladimir,0,0,34,34
1656688668953,MATH 193A,A04,083782,Rotar; Vladimir,4,0,34,30
1656688668953,MATH 193A,A05,093482,Rotar; Vladimir,5,0,34,29
1656688674976,MATH 197,001,091859,McAuley; Julian John,9999,0,9999,0
1656688674976,MATH 197,002,095566,Kedlaya; Kiran S.,9997,0,9999,2
1656688674976,MATH 197,003,095567,Xiao; Ming,9999,0,9999,0
1656688674976,MATH 197,004,095571,Perols; Johan Lars,9998,0,9999,1
1656688682030,COGS 9,A01,083615,Shannon; Kyle Michael,5,0,75,70
1656688688063,COGS 11,A01,083617,Boyle; Mary E. T.,17,0,48,31
1656688694090,COGS 13,A01,083071,Bastos; Amalia Pinkusfeld,6,0,71,65
1656688700115,COGS 14A,A01,092681,Semenuks; Arturs,0,3,100,100
1656688706143,COGS 14B,A01,083073,Cheng; Tzu-Han,3,0,63,60
1656688712169,COGS 17,A01,092677,Semenuks; Arturs,4,0,81,77
1656688718198,COGS 100,A01,083619,Allen; Michael Gordon,13,0,70,57
1656688724226,COGS 101A,A01,083621,Davis; Joshua Daniel,10,0,68,58
1656688730262,COGS 101B,A01,091572,Allen; Michael Gordon,3,0,65,62
1656688736288,COGS 101C,A01,083625,Delgado; Tania,17,0,35,18
1656688742317,COGS 107A,A01,083627,Boyle; Mary E. T.,11,0,60,49
1656688748341,COGS 118A,A01,083075,Gupta; Anjum,13,0,76,63
1656688754370,CSE 3,A50,083646,Miranda; Gregory Joseph,22,0,50,28
1656688760405,CSE 8A,A50,083650,Miranda; Gregory Joseph,16,1,56,40
1656688766437,CSE 11,A01,083080,Cao; Yingjun,2,17,40,38
1656688772460,CSE 12,A01,083652,Krause-Levy; Sophia Louisa,19,1,120,101
1656688778489,CSE 15L,A01,083654,Morris; Justin Loren,8,0,50,42
1656688778489,CSE 15L,A02,083655,Morris; Justin Loren,8,0,50,42
1656688784513,CSE 20,A01,083657,Tran; Khoa Dang,35,0,80,45
1656688790539,CSE 21,A01,095574,Bach; Quang Tran,21,0,48,27
1656688796563,CSE 30,A01,083084,Eldon; John,5,0,80,75
1656688796563,CSE 30,B01,095061,Bhaskar; Nishant,3,0,50,47
1656688802587,CSE 100,A01,083659,Cao; Yingjun,1,6,70,69
1656688808616,CSE 134B,A01,083661,Powell; Thomas Allan,17,0,100,83
1656688814647,CSE 140,A01,083663,Gungor; Onat,14,0,85,71
1656688820670,CSE 140L,A01,083088,Eldon; John,16,0,100,84
1656688826698,CSE 175,A01,083665,Kumar; Rakesh,3,0,25,22
1656688832722,CSE 190,A00,092507,Dubnov; Shlomo,5,0,20,15
1656688838759,ECE 45,A01,083139,Congero; Spencer William,5,0,75,70
1656688844783,ECE 65,A50,083695,Saad; Andrew S,12,0,30,18
1656688844783,ECE 65,A51,095125,Saad; Andrew S,25,0,26,1
1656688850807,ECE 109,A01,091882,Touri; Behrouz,13,0,70,57
1656688856856,ECE 180,A00,083140,Abi Samra; Nicholas Camill,1,0,30,29
1656688856856,ECE 180,B00,083141,Abi Samra; Nicholas Camill,0,0,30,30
1656688862886,MATH 10A,A01,083735,Patchell; Gregory David,0,0,30,30
1656688862886,MATH 10A,A02,083736,Patchell; Gregory David,20,0,30,10
1656688862886,MATH 10A,A03,083737,Patchell; Gregory David,16,0,30,14
1656688868914,MATH 10B,A01,083207,Lim; Seonhee,7,0,34,27
1656688868914,MATH 10B,A02,083208,Lim; Seonhee,9,0,35,26
1656688868914,MATH 10B,A03,093472,Lim; Seonhee,3,0,34,31
1656688868914,MATH 10B,B01,083739,Sinha; Shubham,9,0,30,21
1656688874948,MATH 18,A01,083743,Cinel; Cameron Alexander,6,0,30,24
1656688874948,MATH 18,A02,083744,Cinel; Cameron Alexander,14,0,30,16
1656688874948,MATH 18,A03,083745,Cinel; Cameron Alexander,8,0,30,22
1656688874948,MATH 18,B01,083748,Rideout; David Porter,2,0,37,35
1656688874948,MATH 18,B02,083749,Rideout; David Porter,2,0,36,34
1656688874948,MATH 18,B03,083750,Rideout; David Porter,1,0,37,36
1656688874948,MATH 18,B04,083751,Rideout; David Porter,4,0,36,32
1656688874948,MATH 18,B05,093473,Rideout; David Porter,4,0,36,32
1656688874948,MATH 18,B06,093474,Rideout; David Porter,4,0,36,32
1656688880972,MATH 20A,A01,083754,Zheng; Zequn,12,0,40,28
1656688887004,MATH 20B,A01,083756,Briones; Jor-el Thomas Caparas,1,1,36,35
1656688887004,MATH 20B,A02,083757,Briones; Jor-el Thomas Caparas,0,0,36,36
1656688887004,MATH 20B,A03,093475,Briones; Jor-el Thomas Caparas,2,0,36,34
1656688893037,MATH 20C,A01,083760,Briones; Jor-el Thomas Caparas,0,0,35,35
1656688893037,MATH 20C,A02,083761,Briones; Jor-el Thomas Caparas,9,0,35,26
1656688893037,MATH 20C,A03,093476,Briones; Jor-el Thomas Caparas,0,1,36,36
1656688893037,MATH 20C,B01,083762,Bach; Quang Tran,0,0,30,30
1656688899065,MATH 20D,A01,083765,Tran; Brian Kha,3,0,30,27
1656688899065,MATH 20D,A02,083766,Tran; Brian Kha,2,0,30,28
1656688899065,MATH 20D,A03,083767,Tran; Brian Kha,1,0,30,29
1656688905090,MATH 20E,A01,083771,Ganguly; Soumya,4,0,32,28
1656688905090,MATH 20E,A02,083772,Ganguly; Soumya,3,0,32,29
1656688905090,MATH 20E,B01,083773,Ciotti; Benjamin,18,0,35,17
1656688905090,MATH 20E,B02,083774,Ciotti; Benjamin,18,0,35,17
1656688911119,MATH 103A,A01,083777,Greenfeld; Be'Eri,2,0,36,34
1656688911119,MATH 103A,A02,083778,Greenfeld; Be'Eri,5,0,36,31
1656688911119,MATH 103A,A03,093561,Greenfeld; Be'Eri,4,0,36,32
1656688911119,MATH 103A,B01,083779,Greenfeld; Be'Eri,6,0,36,30
1656688911119,MATH 103A,B02,083780,Greenfeld; Be'Eri,2,0,36,34
1656688911119,MATH 103A,B03,093562,Greenfeld; Be'Eri,2,0,36,34
1656688917143,MATH 105,A01,085443,Carter; Anne Toulson,13,0,35,22
1656688917143,MATH 105,A02,093477,Carter; Anne Toulson,20,0,35,15
1656688923168,MATH 109,A01,083213,Ganzberger; Geoffrey Michael,0,0,34,34
1656688923168,MATH 109,A02,083214,Ganzberger; Geoffrey Michael,1,0,34,33
1656688923168,MATH 109,A03,093478,Ganzberger; Geoffrey Michael,2,0,34,32
1656688923168,MATH 109,B01,083215,Ganzberger; Geoffrey Michael,1,0,32,31
1656688923168,MATH 109,B02,083216,Ganzberger; Geoffrey Michael,2,0,32,30
1656688923168,MATH 109,B03,093479,Ganzberger; Geoffrey Michael,6,0,32,26
1656688929198,MATH 142A,A01,083219,Chow; Bennett,4,0,32,28
1656688929198,MATH 142A,A02,083220,Chow; Bennett,9,0,32,23
1656688929198,MATH 142A,A03,093480,Chow; Bennett,6,0,32,26
1656688929198,MATH 142A,B03,093481,Chow; Bennett,5,0,32,27
1656688929198,MATH 142A,B04,093558,Chow; Bennett,10,0,32,22
1656688929198,MATH 142A,B05,093559,Chow; Bennett,4,0,32,28
1656688935231,MATH 193A,A01,083224,Rotar; Vladimir,3,0,34,31
1656688935231,MATH 193A,A02,083225,Rotar; Vladimir,2,0,34,32
1656688935231,MATH 193A,A03,083781,Rotar; Vladimir,0,0,34,34
1656688935231,MATH 193A,A04,083782,Rotar; Vladimir,4,0,34,30
1656688935231,MATH 193A,A05,093482,Rotar; Vladimir,5,0,34,29
1656688941267,MATH 197,001,091859,McAuley; Julian John,9999,0,9999,0
1656688941267,MATH 197,002,095566,Kedlaya; Kiran S.,9997,0,9999,2
1656688941267,MATH 197,003,095567,Xiao; Ming,9999,0,9999,0
1656688941267,MATH 197,004,095571,Perols; Johan Lars,9998,0,9999,1
1656688948335,COGS 9,A01,083615,Shannon; Kyle Michael,5,0,75,70
1656688954362,COGS 11,A01,083617,Boyle; Mary E. T.,17,0,48,31
1656688960395,COGS 13,A01,083071,Bastos; Amalia Pinkusfeld,6,0,71,65
1656688966429,COGS 14A,A01,092681,Semenuks; Arturs,0,3,100,100
1656688972452,COGS 14B,A01,083073,Cheng; Tzu-Han,3,0,63,60
1656688978479,COGS 17,A01,092677,Semenuks; Arturs,4,0,81,77
1656688984504,COGS 100,A01,083619,Allen; Michael Gordon,13,0,70,57
1656688990533,COGS 101A,A01,083621,Davis; Joshua Daniel,10,0,68,58
1656688996570,COGS 101B,A01,091572,Allen; Michael Gordon,3,0,65,62
1656689002597,COGS 101C,A01,083625,Delgado; Tania,17,0,35,18
1656689008653,COGS 107A,A01,083627,Boyle; Mary E. T.,11,0,60,49
1656689014680,COGS 118A,A01,083075,Gupta; Anjum,13,0,76,63
1656689020711,CSE 3,A50,083646,Miranda; Gregory Joseph,22,0,50,28
1656689026735,CSE 8A,A50,083650,Miranda; Gregory Joseph,16,1,56,40
1656689032762,CSE 11,A01,083080,Cao; Yingjun,2,17,40,38
1656689038797,CSE 12,A01,083652,Krause-Levy; Sophia Louisa,19,1,120,101
1656689044825,CSE 15L,A01,083654,Morris; Justin Loren,8,0,50,42
1656689044825,CSE 15L,A02,083655,Morris; Justin Loren,8,0,50,42
1656689050858,CSE 20,A01,083657,Tran; Khoa Dang,35,0,80,45
1656689056882,CSE 21,A01,095574,Bach; Quang Tran,21,0,48,27
1656689062912,CSE 30,A01,083084,Eldon; John,5,0,80,75
1656689062912,CSE 30,B01,095061,Bhaskar; Nishant,3,0,50,47
1656689068937,CSE 100,A01,083659,Cao; Yingjun,1,6,70,69
1656689074962,CSE 134B,A01,083661,Powell; Thomas Allan,17,0,100,83
1656689080985,CSE 140,A01,083663,Gungor; Onat,14,0,85,71
1656689087011,CSE 140L,A01,083088,Eldon; John,16,0,100,84
1656689093044,CSE 175,A01,083665,Kumar; Rakesh,3,0,25,22
1656689099072,CSE 190,A00,092507,Dubnov; Shlomo,5,0,20,15
1656689105095,ECE 45,A01,083139,Congero; Spencer William,5,0,75,70
1656689111132,ECE 65,A50,083695,Saad; Andrew S,12,0,30,18
1656689111132,ECE 65,A51,095125,Saad; Andrew S,25,0,26,1
1656689117163,ECE 109,A01,091882,Touri; Behrouz,13,0,70,57
1656689123187,ECE 180,A00,083140,Abi Samra; Nicholas Camill,1,0,30,29
1656689123187,ECE 180,B00,083141,Abi Samra; Nicholas Camill,0,0,30,30
1656689129216,MATH 10A,A01,083735,Patchell; Gregory David,0,0,30,30
1656689129216,MATH 10A,A02,083736,Patchell; Gregory David,20,0,30,10
1656689129216,MATH 10A,A03,083737,Patchell; Gregory David,16,0,30,14
1656689135245,MATH 10B,A01,083207,Lim; Seonhee,7,0,34,27
1656689135245,MATH 10B,A02,083208,Lim; Seonhee,9,0,35,26
1656689135245,MATH 10B,A03,093472,Lim; Seonhee,3,0,34,31
1656689135245,MATH 10B,B01,083739,Sinha; Shubham,9,0,30,21
1656689141270,MATH 18,A01,083743,Cinel; Cameron Alexander,6,0,30,24
1656689141270,MATH 18,A02,083744,Cinel; Cameron Alexander,14,0,30,16
1656689141270,MATH 18,A03,083745,Cinel; Cameron Alexander,8,0,30,22
1656689141270,MATH 18,B01,083748,Rideout; David Porter,2,0,37,35
1656689141270,MATH 18,B02,083749,Rideout; David Porter,2,0,36,34
1656689141270,MATH 18,B03,083750,Rideout; David Porter,1,0,37,36
1656689141270,MATH 18,B04,083751,Rideout; David Porter,4,0,36,32
1656689141270,MATH 18,B05,093473,Rideout; David Porter,4,0,36,32
1656689141270,MATH 18,B06,093474,Rideout; David Porter,4,0,36,32
1656689147296,MATH 20A,A01,083754,Zheng; Zequn,12,0,40,28
1656689153322,MATH 20B,A01,083756,Briones; Jor-el Thomas Caparas,1,1,36,35
1656689153322,MATH 20B,A02,083757,Briones; Jor-el Thomas Caparas,0,0,36,36
1656689153322,MATH 20B,A03,093475,Briones; Jor-el Thomas Caparas,2,0,36,34
1656689159359,MATH 20C,A01,083760,Briones; Jor-el Thomas Caparas,0,0,35,35
1656689159359,MATH 20C,A02,083761,Briones; Jor-el Thomas Caparas,9,0,35,26
1656689159359,MATH 20C,A03,093476,Briones; Jor-el Thomas Caparas,0,1,36,36
1656689159359,MATH 20C,B01,083762,Bach; Quang Tran,0,0,30,30
1656689165384,MATH 20D,A01,083765,Tran; Brian Kha,3,0,30,27
1656689165384,MATH 20D,A02,083766,Tran; Brian Kha,2,0,30,28
1656689165384,MATH 20D,A03,083767,Tran; Brian Kha,1,0,30,29
1656689171413,MATH 20E,A01,083771,Ganguly; Soumya,4,0,32,28
1656689171413,MATH 20E,A02,083772,Ganguly; Soumya,3,0,32,29
1656689171413,MATH 20E,B01,083773,Ciotti; Benjamin,18,0,35,17
1656689171413,MATH 20E,B02,083774,Ciotti; Benjamin,18,0,35,17
1656689177442,MATH 103A,A01,083777,Greenfeld; Be'Eri,2,0,36,34
1656689177442,MATH 103A,A02,083778,Greenfeld; Be'Eri,5,0,36,31
1656689177442,MATH 103A,A03,093561,Greenfeld; Be'Eri,4,0,36,32
1656689177442,MATH 103A,B01,083779,Greenfeld; Be'Eri,6,0,36,30
1656689177442,MATH 103A,B02,083780,Greenfeld; Be'Eri,2,0,36,34
1656689177442,MATH 103A,B03,093562,Greenfeld; Be'Eri,2,0,36,34
1656689183476,MATH 105,A01,085443,Carter; Anne Toulson,13,0,35,22
1656689183476,MATH 105,A02,093477,Carter; Anne Toulson,20,0,35,15
1656689189501,MATH 109,A01,083213,Ganzberger; Geoffrey Michael,0,0,34,34
1656689189501,MATH 109,A02,083214,Ganzberger; Geoffrey Michael,1,0,34,33
1656689189501,MATH 109,A03,093478,Ganzberger; Geoffrey Michael,2,0,34,32
1656689189501,MATH 109,B01,083215,Ganzberger; Geoffrey Michael,1,0,32,31
1656689189501,MATH 109,B02,083216,Ganzberger; Geoffrey Michael,2,0,32,30
1656689189501,MATH 109,B03,093479,Ganzberger; Geoffrey Michael,6,0,32,26
1656689195532,MATH 142A,A01,083219,Chow; Bennett,4,0,32,28
1656689195532,MATH 142A,A02,083220,Chow; Bennett,9,0,32,23
1656689195532,MATH 142A,A03,093480,Chow; Bennett,6,0,32,26
1656689195532,MATH 142A,B03,093481,Chow; Bennett,5,0,32,27
1656689195532,MATH 142A,B04,093558,Chow; Bennett,10,0,32,22
1656689195532,MATH 142A,B05,093559,Chow; Bennett,4,0,32,28
1656689201561,MATH 193A,A01,083224,Rotar; Vladimir,3,0,34,31
1656689201561,MATH 193A,A02,083225,Rotar; Vladimir,2,0,34,32
1656689201561,MATH 193A,A03,083781,Rotar; Vladimir,0,0,34,34
1656689201561,MATH 193A,A04,083782,Rotar; Vladimir,4,0,34,30
1656689201561,MATH 193A,A05,093482,Rotar; Vladimir,5,0,34,29
1656689207586,MATH 197,001,091859,McAuley; Julian John,9999,0,9999,0
1656689207586,MATH 197,002,095566,Kedlaya; Kiran S.,9997,0,9999,2
1656689207586,MATH 197,003,095567,Xiao; Ming,9999,0,9999,0
1656689207586,MATH 197,004,095571,Perols; Johan Lars,9998,0,9999,1
1656689214667,COGS 9,A01,083615,Shannon; Kyle Michael,5,0,75,70
1656689220768,COGS 11,A01,083617,Boyle; Mary E. T.,17,0,48,31
1656689226799,COGS 13,A01,083071,Bastos; Amalia Pinkusfeld,6,0,71,65
1656689232834,COGS 14A,A01,092681,Semenuks; Arturs,0,3,100,100
1656689238858,COGS 14B,A01,083073,Cheng; Tzu-Han,3,0,63,60
1656689244886,COGS 17,A01,092677,Semenuks; Arturs,4,0,81,77
1656689250910,COGS 100,A01,083619,Allen; Michael Gordon,13,0,70,57
1656689256939,COGS 101A,A01,083621,Davis; Joshua Daniel,10,0,68,58
1656689262962,COGS 101B,A01,091572,Allen; Michael Gordon,3,0,65,62
1656689268984,COGS 101C,A01,083625,Delgado; Tania,17,0,35,18
1656689275009,COGS 107A,A01,083627,Boyle; Mary E. T.,11,0,60,49
1656689281037,COGS 118A,A01,083075,Gupta; Anjum,13,0,76,63
1656689287076,CSE 3,A50,083646,Miranda; Gregory Joseph,22,0,50,28
1656689293103,CSE 8A,A50,083650,Miranda; Gregory Joseph,16,1,56,40
1656689299129,CSE 11,A01,083080,Cao; Yingjun,2,17,40,38
1656689305153,CSE 12,A01,083652,Krause-Levy; Sophia Louisa,19,1,120,101
1656689311180,CSE 15L,A01,083654,Morris; Justin Loren,8,0,50,42
1656689311180,CSE 15L,A02,083655,Morris; Justin Loren,8,0,50,42
1656689317208,CSE 20,A01,083657,Tran; Khoa Dang,35,0,80,45
1656689323235,CSE 21,A01,095574,Bach; Quang Tran,21,0,48,27
1656689329261,CSE 30,A01,083084,Eldon; John,5,0,80,75
1656689329261,CSE 30,B01,095061,Bhaskar; Nishant,3,0,50,47
1656689335288,CSE 100,A01,083659,Cao; Yingjun,1,6,70,69
1656689341328,CSE 134B,A01,083661,Powell; Thomas Allan,17,0,100,83
1656689347365,CSE 140,A01,083663,Gungor; Onat,14,0,85,71
1656689353395,CSE 140L,A01,083088,Eldon; John,16,0,100,84
1656689359425,CSE 175,A01,083665,Kumar; Rakesh,3,0,25,22
1656689365448,CSE 190,A00,092507,Dubnov; Shlomo,5,0,20,15
1656689371475,ECE 45,A01,083139,Congero; Spencer William,5,0,75,70
1656689377505,ECE 65,A50,083695,Saad; Andrew S,12,0,30,18
1656689377505,ECE 65,A51,095125,Saad; Andrew S,25,0,26,1
1656689383528,ECE 109,A01,091882,Touri; Behrouz,13,0,70,57
1656689389556,ECE 180,A00,083140,Abi Samra; Nicholas Camill,1,0,30,29
1656689389556,ECE 180,B00,083141,Abi Samra; Nicholas Camill,0,0,30,30
1656689395584,MATH 10A,A01,083735,Patchell; Gregory David,0,0,30,30
1656689395584,MATH 10A,A02,083736,Patchell; Gregory David,20,0,30,10
1656689395584,MATH 10A,A03,083737,Patchell; Gregory David,16,0,30,14
1656689401609,MATH 10B,A01,083207,Lim; Seonhee,7,0,34,27
1656689401609,MATH 10B,A02,083208,Lim; Seonhee,9,0,35,26
1656689401609,MATH 10B,A03,093472,Lim; Seonhee,3,0,34,31
1656689401609,MATH 10B,B01,083739,Sinha; Shubham,9,0,30,21
1656689407638,MATH 18,A01,083743,Cinel; Cameron Alexander,6,0,30,24
1656689407638,MATH 18,A02,083744,Cinel; Cameron Alexander,14,0,30,16
1656689407638,MATH 18,A03,083745,Cinel; Cameron Alexander,8,0,30,22
1656689407638,MATH 18,B01,083748,Rideout; David Porter,2,0,37,35
1656689407638,MATH 18,B02,083749,Rideout; David Porter,2,0,36,34
1656689407638,MATH 18,B03,083750,Rideout; David Porter,1,0,37,36
1656689407638,MATH 18,B04,083751,Rideout; David Porter,4,0,36,32
1656689407638,MATH 18,B05,093473,Rideout; David Porter,4,0,36,32
1656689407638,MATH 18,B06,093474,Rideout; David Porter,4,0,36,32
1656689413662,MATH 20A,A01,083754,Zheng; Zequn,12,0,40,28
1656689419684,MATH 20B,A01,083756,Briones; Jor-el Thomas Caparas,1,1,36,35
1656689419684,MATH 20B,A02,083757,Briones; Jor-el Thomas Caparas,0,0,36,36
1656689419684,MATH 20B,A03,093475,Briones; Jor-el Thomas Caparas,2,0,36,34
1656689425711,MATH 20C,A01,083760,Briones; Jor-el Thomas Caparas,0,0,35,35
1656689425711,MATH 20C,A02,083761,Briones; Jor-el Thomas Caparas,9,0,35,26
1656689425711,MATH 20C,A03,093476,Briones; Jor-el Thomas Caparas,0,1,36,36
1656689425711,MATH 20C,B01,083762,Bach; Quang Tran,0,0,30,30
1656689431734,MATH 20D,A01,083765,Tran; Brian Kha,3,0,30,27
1656689431734,MATH 20D,A02,083766,Tran; Brian Kha,2,0,30,28
1656689431734,MATH 20D,A03,083767,Tran; Brian Kha,1,0,30,29
1656689437771,MATH 20E,A01,083771,Ganguly; Soumya,4,0,32,28
1656689437771,MATH 20E,A02,083772,Ganguly; Soumya,3,0,32,29
1656689437771,MATH 20E,B01,083773,Ciotti; Benjamin,18,0,35,17
1656689437771,MATH 20E,B02,083774,Ciotti; Benjamin,18,0,35,17
1656689443795,MATH 103A,A01,083777,Greenfeld; Be'Eri,2,0,36,34
1656689443795,MATH 103A,A02,083778,Greenfeld; Be'Eri,5,0,36,31
1656689443795,MATH 103A,A03,093561,Greenfeld; Be'Eri,4,0,36,32
1656689443795,MATH 103A,B01,083779,Greenfeld; Be'Eri,6,0,36,30
1656689443795,MATH 103A,B02,083780,Greenfeld; Be'Eri,2,0,36,34
1656689443795,MATH 103A,B03,093562,Greenfeld; Be'Eri,2,0,36,34
1656689449826,MATH 105,A01,085443,Carter; Anne Toulson,13,0,35,22
1656689449826,MATH 105,A02,093477,Carter; Anne Toulson,20,0,35,15
1656689455851,MATH 109,A01,083213,Ganzberger; Geoffrey Michael,0,0,34,34
1656689455851,MATH 109,A02,083214,Ganzberger; Geoffrey Michael,1,0,34,33
1656689455851,MATH 109,A03,093478,Ganzberger; Geoffrey Michael,2,0,34,32
1656689455851,MATH 109,B01,083215,Ganzberger; Geoffrey Michael,1,0,32,31
1656689455851,MATH 109,B02,083216,Ganzberger; Geoffrey Michael,2,0,32,30
1656689455851,MATH 109,B03,093479,Ganzberger; Geoffrey Michael,6,0,32,26
1656689461873,MATH 142A,A01,083219,Chow; Bennett,4,0,32,28
1656689461873,MATH 142A,A02,083220,Chow; Bennett,9,0,32,23
1656689461873,MATH 142A,A03,093480,Chow; Bennett,6,0,32,26
1656689461873,MATH 142A,B03,093481,Chow; Bennett,5,0,32,27
1656689461873,MATH 142A,B04,093558,Chow; Bennett,10,0,32,22
1656689461873,MATH 142A,B05,093559,Chow; Bennett,4,0,32,28
1656689467903,MATH 193A,A01,083224,Rotar; Vladimir,3,0,34,31
1656689467903,MATH 193A,A02,083225,Rotar; Vladimir,2,0,34,32
1656689467903,MATH 193A,A03,083781,Rotar; Vladimir,0,0,34,34
1656689467903,MATH 193A,A04,083782,Rotar; Vladimir,4,0,34,30
1656689467903,MATH 193A,A05,093482,Rotar; Vladimir,5,0,34,29
1656689473931,MATH 197,001,091859,McAuley; Julian John,9999,0,9999,0
1656689473931,MATH 197,002,095566,Kedlaya; Kiran S.,9997,0,9999,2
1656689473931,MATH 197,003,095567,Xiao; Ming,9999,0,9999,0
1656689473931,MATH 197,004,095571,Perols; Johan Lars,9998,0,9999,1
1656689480999,COGS 9,A01,083615,Shannon; Kyle Michael,5,0,75,70
1656689487023,COGS 11,A01,083617,Boyle; Mary E. T.,17,0,48,31
1656689493046,COGS 13,A01,083071,Bastos; Amalia Pinkusfeld,6,0,71,65
1656689499079,COGS 14A,A01,092681,Semenuks; Arturs,0,3,100,100
1656689505104,COGS 14B,A01,083073,Cheng; Tzu-Han,3,0,63,60
1656689511138,COGS 17,A01,092677,Semenuks; Arturs,4,0,81,77
1656689517165,COGS 100,A01,083619,Allen; Michael Gordon,13,0,70,57
1656689523189,COGS 101A,A01,083621,Davis; Joshua Daniel,10,0,68,58
1656689529226,COGS 101B,A01,091572,Allen; Michael Gordon,3,0,65,62
1656689535266,COGS 101C,A01,083625,Delgado; Tania,17,0,35,18
1656689541290,COGS 107A,A01,083627,Boyle; Mary E. T.,11,0,60,49
1656689547315,COGS 118A,A01,083075,Gupta; Anjum,13,0,76,63
1656689553342,CSE 3,A50,083646,Miranda; Gregory Joseph,22,0,50,28
1656689559375,CSE 8A,A50,083650,Miranda; Gregory Joseph,16,1,56,40
1656689565400,CSE 11,A01,083080,Cao; Yingjun,2,17,40,38
1656689571429,CSE 12,A01,083652,Krause-Levy; Sophia Louisa,19,1,120,101
1656689577471,CSE 15L,A01,083654,Morris; Justin Loren,8,0,50,42
1656689577471,CSE 15L,A02,083655,Morris; Justin Loren,8,0,50,42
1656689583498,CSE 20,A01,083657,Tran; Khoa Dang,35,0,80,45
1656689589522,CSE 21,A01,095574,Bach; Quang Tran,21,0,48,27
1656689595546,CSE 30,A01,083084,Eldon; John,5,0,80,75
1656689595546,CSE 30,B01,095061,Bhaskar; Nishant,3,0,50,47
1656689601571,CSE 100,A01,083659,Cao; Yingjun,1,6,70,69
1656689607596,CSE 134B,A01,083661,Powell; Thomas Allan,17,0,100,83
1656689613622,CSE 140,A01,083663,Gungor; Onat,14,0,85,71
1656689619645,CSE 140L,A01,083088,Eldon; John,16,0,100,84
1656689625670,CSE 175,A01,083665,Kumar; Rakesh,3,0,25,22
1656689631697,CSE 190,A00,092507,Dubnov; Shlomo,5,0,20,15
1656689637726,ECE 45,A01,083139,Congero; Spencer William,5,0,75,70
1656689643752,ECE 65,A50,083695,Saad; Andrew S,12,0,30,18
1656689643752,ECE 65,A51,095125,Saad; Andrew S,25,0,26,1
1656689649775,ECE 109,A01,091882,Touri; Behrouz,13,0,70,57
1656689655799,ECE 180,A00,083140,Abi Samra; Nicholas Camill,1,0,30,29
1656689655799,ECE 180,B00,083141,Abi Samra; Nicholas Camill,0,0,30,30
1656689661824,MATH 10A,A01,083735,Patchell; Gregory David,0,0,30,30
1656689661824,MATH 10A,A02,083736,Patchell; Gregory David,20,0,30,10
1656689661824,MATH 10A,A03,083737,Patchell; Gregory David,16,0,30,14
1656689667854,MATH 10B,A01,083207,Lim; Seonhee,7,0,34,27
1656689667854,MATH 10B,A02,083208,Lim; Seonhee,9,0,35,26
1656689667854,MATH 10B,A03,093472,Lim; Seonhee,3,0,34,31
1656689667854,MATH 10B,B01,083739,Sinha; Shubham,9,0,30,21
1656689673885,MATH 18,A01,083743,Cinel; Cameron Alexander,6,0,30,24
1656689673885,MATH 18,A02,083744,Cinel; Cameron Alexander,14,0,30,16
1656689673885,MATH 18,A03,083745,Cinel; Cameron Alexander,8,0,30,22
1656689673885,MATH 18,B01,083748,Rideout; David Porter,2,0,37,35
1656689673885,MATH 18,B02,083749,Rideout; David Porter,2,0,36,34
1656689673885,MATH 18,B03,083750,Rideout; David Porter,1,0,37,36
1656689673885,MATH 18,B04,083751,Rideout; David Porter,4,0,36,32
1656689673885,MATH 18,B05,093473,Rideout; David Porter,4,0,36,32
1656689673885,MATH 18,B06,093474,Rideout; David Porter,4,0,36,32
1656689679910,MATH 20A,A01,083754,Zheng; Zequn,12,0,40,28
1656689685936,MATH 20B,A01,083756,Briones; Jor-el Thomas Caparas,1,1,36,35
1656689685936,MATH 20B,A02,083757,Briones; Jor-el Thomas Caparas,0,0,36,36
1656689685936,MATH 20B,A03,093475,Briones; Jor-el Thomas Caparas,2,0,36,34
1656689691965,MATH 20C,A01,083760,Briones; Jor-el Thomas Caparas,0,0,35,35
1656689691965,MATH 20C,A02,083761,Briones; Jor-el Thomas Caparas,9,0,35,26
1656689691965,MATH 20C,A03,093476,Briones; Jor-el Thomas Caparas,0,1,36,36
1656689691965,MATH 20C,B01,083762,Bach; Quang Tran,0,0,30,30
1656689697991,MATH 20D,A01,083765,Tran; Brian Kha,3,0,30,27
1656689697991,MATH 20D,A02,083766,Tran; Brian Kha,2,0,30,28
1656689697991,MATH 20D,A03,083767,Tran; Brian Kha,1,0,30,29
1656689704017,MATH 20E,A01,083771,Ganguly; Soumya,4,0,32,28
1656689704017,MATH 20E,A02,083772,Ganguly; Soumya,3,0,32,29
1656689704017,MATH 20E,B01,083773,Ciotti; Benjamin,18,0,35,17
1656689704017,MATH 20E,B02,083774,Ciotti; Benjamin,18,0,35,17
1656689710047,MATH 103A,A01,083777,Greenfeld; Be'Eri,2,0,36,34
1656689710047,MATH 103A,A02,083778,Greenfeld; Be'Eri,5,0,36,31
1656689710047,MATH 103A,A03,093561,Greenfeld; Be'Eri,4,0,36,32
1656689710047,MATH 103A,B01,083779,Greenfeld; Be'Eri,6,0,36,30
1656689710047,MATH 103A,B02,083780,Greenfeld; Be'Eri,2,0,36,34
1656689710047,MATH 103A,B03,093562,Greenfeld; Be'Eri,2,0,36,34
1656689716071,MATH 105,A01,085443,Carter; Anne Toulson,13,0,35,22
1656689716071,MATH 105,A02,093477,Carter; Anne Toulson,20,0,35,15
1656689722100,MATH 109,A01,083213,Ganzberger; Geoffrey Michael,0,0,34,34
1656689722100,MATH 109,A02,083214,Ganzberger; Geoffrey Michael,1,0,34,33
1656689722100,MATH 109,A03,093478,Ganzberger; Geoffrey Michael,2,0,34,32
1656689722100,MATH 109,B01,083215,Ganzberger; Geoffrey Michael,1,0,32,31
1656689722100,MATH 109,B02,083216,Ganzberger; Geoffrey Michael,2,0,32,30
1656689722100,MATH 109,B03,093479,Ganzberger; Geoffrey Michael,6,0,32,26
1656689728135,MATH 142A,A01,083219,Chow; Bennett,4,0,32,28
1656689728135,MATH 142A,A02,083220,Chow; Bennett,9,0,32,23
1656689728135,MATH 142A,A03,093480,Chow; Bennett,6,0,32,26
1656689728135,MATH 142A,B03,093481,Chow; Bennett,5,0,32,27
1656689728135,MATH 142A,B04,093558,Chow; Bennett,10,0,32,22
1656689728135,MATH 142A,B05,093559,Chow; Bennett,4,0,32,28
1656689734166,MATH 193A,A01,083224,Rotar; Vladimir,3,0,34,31
1656689734166,MATH 193A,A02,083225,Rotar; Vladimir,2,0,34,32
1656689734166,MATH 193A,A03,083781,Rotar; Vladimir,0,0,34,34
1656689734166,MATH 193A,A04,083782,Rotar; Vladimir,4,0,34,30
1656689734166,MATH 193A,A05,093482,Rotar; Vladimir,5,0,34,29
1656689740193,MATH 197,001,091859,McAuley; Julian John,9999,0,9999,0
1656689740193,MATH 197,002,095566,Kedlaya; Kiran S.,9997,0,9999,2
1656689740193,MATH 197,003,095567,Xiao; Ming,9999,0,9999,0
1656689740193,MATH 197,004,095571,Perols; Johan Lars,9998,0,9999,1
1656689747331,COGS 9,A01,083615,Shannon; Kyle Michael,5,0,75,70
1656689753359,COGS 11,A01,083617,Boyle; Mary E. T.,17,0,48,31
1656689759383,COGS 13,A01,083071,Bastos; Amalia Pinkusfeld,6,0,71,65
1656689765406,COGS 14A,A01,092681,Semenuks; Arturs,0,3,100,100
1656689771433,COGS 14B,A01,083073,Cheng; Tzu-Han,3,0,63,60
1656689777461,COGS 17,A01,092677,Semenuks; Arturs,4,0,81,77
1656689783485,COGS 100,A01,083619,Allen; Michael Gordon,13,0,70,57
1656689789514,COGS 101A,A01,083621,Davis; Joshua Daniel,10,0,68,58
1656689795542,COGS 101B,A01,091572,Allen; Michael Gordon,3,0,65,62
1656689801574,COGS 101C,A01,083625,Delgado; Tania,17,0,35,18
1656689807602,COGS 107A,A01,083627,Boyle; Mary E. T.,11,0,60,49
1656689813628,COGS 118A,A01,083075,Gupta; Anjum,13,0,76,63
1656689819730,CSE 3,A50,083646,Miranda; Gregory Joseph,22,0,50,28
1656689825751,CSE 8A,A50,083650,Miranda; Gregory Joseph,16,1,56,40
1656689831786,CSE 11,A01,083080,Cao; Yingjun,2,17,40,38
1656689837823,CSE 12,A01,083652,Krause-Levy; Sophia Louisa,19,1,120,101
1656689843848,CSE 15L,A01,083654,Morris; Justin Loren,8,0,50,42
1656689843848,CSE 15L,A02,083655,Morris; Justin Loren,8,0,50,42
1656689849874,CSE 20,A01,083657,Tran; Khoa Dang,35,0,80,45
1656689855902,CSE 21,A01,095574,Bach; Quang Tran,21,0,48,27
1656689861931,CSE 30,A01,083084,Eldon; John,5,0,80,75
1656689861931,CSE 30,B01,095061,Bhaskar; Nishant,3,0,50,47
1656689867958,CSE 100,A01,083659,Cao; Yingjun,1,6,70,69
1656689873983,CSE 134B,A01,083661,Powell; Thomas Allan,17,0,100,83
1656689880007,CSE 140,A01,083663,Gungor; Onat,14,0,85,71
1656689886031,CSE 140L,A01,083088,Eldon; John,16,0,100,84
1656689892055,CSE 175,A01,083665,Kumar; Rakesh,3,0,25,22
1656689898082,CSE 190,A00,092507,Dubnov; Shlomo,5,0,20,15
1656689904106,ECE 45,A01,083139,Congero; Spencer William,5,0,75,70
1656689910139,ECE 65,A50,083695,Saad; Andrew S,12,0,30,18
1656689910139,ECE 65,A51,095125,Saad; Andrew S,25,0,26,1
1656689916166,ECE 109,A01,091882,Touri; Behrouz,13,0,70,57
1656689922190,ECE 180,A00,083140,Abi Samra; Nicholas Camill,1,0,30,29
1656689922190,ECE 180,B00,083141,Abi Samra; Nicholas Camill,0,0,30,30
1656689928212,MATH 10A,A01,083735,Patchell; Gregory David,0,0,30,30
1656689928212,MATH 10A,A02,083736,Patchell; Gregory David,20,0,30,10
1656689928212,MATH 10A,A03,083737,Patchell; Gregory David,16,0,30,14
1656689934242,MATH 10B,A01,083207,Lim; Seonhee,7,0,34,27
1656689934242,MATH 10B,A02,083208,Lim; Seonhee,9,0,35,26
1656689934242,MATH 10B,A03,093472,Lim; Seonhee,3,0,34,31
1656689934242,MATH 10B,B01,083739,Sinha; Shubham,9,0,30,21
1656689940280,MATH 18,A01,083743,Cinel; Cameron Alexander,6,0,30,24
1656689940280,MATH 18,A02,083744,Cinel; Cameron Alexander,14,0,30,16
1656689940280,MATH 18,A03,083745,Cinel; Cameron Alexander,8,0,30,22
1656689940280,MATH 18,B01,083748,Rideout; David Porter,2,0,37,35
1656689940280,MATH 18,B02,083749,Rideout; David Porter,2,0,36,34
1656689940280,MATH 18,B03,083750,Rideout; David Porter,1,0,37,36
1656689940280,MATH 18,B04,083751,Rideout; David Porter,4,0,36,32
1656689940280,MATH 18,B05,093473,Rideout; David Porter,4,0,36,32
1656689940280,MATH 18,B06,093474,Rideout; David Porter,4,0,36,32
1656689946304,MATH 20A,A01,083754,Zheng; Zequn,12,0,40,28
1656689952332,MATH 20B,A01,083756,Briones; Jor-el Thomas Caparas,1,1,36,35
1656689952332,MATH 20B,A02,083757,Briones; Jor-el Thomas Caparas,0,0,36,36
1656689952332,MATH 20B,A03,093475,Briones; Jor-el Thomas Caparas,2,0,36,34
1656689958354,MATH 20C,A01,083760,Briones; Jor-el Thomas Caparas,0,0,35,35
1656689958354,MATH 20C,A02,083761,Briones; Jor-el Thomas Caparas,9,0,35,26
1656689958354,MATH 20C,A03,093476,Briones; Jor-el Thomas Caparas,0,1,36,36
1656689958354,MATH 20C,B01,083762,Bach; Quang Tran,0,0,30,30
1656689964382,MATH 20D,A01,083765,Tran; Brian Kha,3,0,30,27
1656689964382,MATH 20D,A02,083766,Tran; Brian Kha,2,0,30,28
1656689964382,MATH 20D,A03,083767,Tran; Brian Kha,1,0,30,29
1656689970412,MATH 20E,A01,083771,Ganguly; Soumya,4,0,32,28
1656689970412,MATH 20E,A02,083772,Ganguly; Soumya,3,0,32,29
1656689970412,MATH 20E,B01,083773,Ciotti; Benjamin,18,0,35,17
1656689970412,MATH 20E,B02,083774,Ciotti; Benjamin,18,0,35,17
1656689976444,MATH 103A,A01,083777,Greenfeld; Be'Eri,2,0,36,34
1656689976444,MATH 103A,A02,083778,Greenfeld; Be'Eri,5,0,36,31
1656689976444,MATH 103A,A03,093561,Greenfeld; Be'Eri,4,0,36,32
1656689976444,MATH 103A,B01,083779,Greenfeld; Be'Eri,6,0,36,30
1656689976444,MATH 103A,B02,083780,Greenfeld; Be'Eri,2,0,36,34
1656689976444,MATH 103A,B03,093562,Greenfeld; Be'Eri,2,0,36,34
1656689982470,MATH 105,A01,085443,Carter; Anne Toulson,13,0,35,22
1656689982470,MATH 105,A02,093477,Carter; Anne Toulson,20,0,35,15
1656689988493,MATH 109,A01,083213,Ganzberger; Geoffrey Michael,0,0,34,34
1656689988493,MATH 109,A02,083214,Ganzberger; Geoffrey Michael,1,0,34,33
1656689988493,MATH 109,A03,093478,Ganzberger; Geoffrey Michael,2,0,34,32
1656689988493,MATH 109,B01,083215,Ganzberger; Geoffrey Michael,1,0,32,31
1656689988493,MATH 109,B02,083216,Ganzberger; Geoffrey Michael,2,0,32,30
1656689988493,MATH 109,B03,093479,Ganzberger; Geoffrey Michael,6,0,32,26
1656689994514,MATH 142A,A01,083219,Chow; Bennett,4,0,32,28
1656689994514,MATH 142A,A02,083220,Chow; Bennett,9,0,32,23
1656689994514,MATH 142A,A03,093480,Chow; Bennett,6,0,32,26
1656689994514,MATH 142A,B03,093481,Chow; Bennett,5,0,32,27
1656689994514,MATH 142A,B04,093558,Chow; Bennett,10,0,32,22
1656689994514,MATH 142A,B05,093559,Chow; Bennett,4,0,32,28
1656690000544,MATH 193A,A01,083224,Rotar; Vladimir,3,0,34,31
1656690000544,MATH 193A,A02,083225,Rotar; Vladimir,2,0,34,32
1656690000544,MATH 193A,A03,083781,Rotar; Vladimir,0,0,34,34
1656690000544,MATH 193A,A04,083782,Rotar; Vladimir,4,0,34,30
1656690000544,MATH 193A,A05,093482,Rotar; Vladimir,5,0,34,29
1656690006571,MATH 197,001,091859,McAuley; Julian John,9999,0,9999,0
1656690006571,MATH 197,002,095566,Kedlaya; Kiran S.,9997,0,9999,2
1656690006571,MATH 197,003,095567,Xiao; Ming,9999,0,9999,0
1656690006571,MATH 197,004,095571,Perols; Johan Lars,9998,0,9999,1
1656690013632,COGS 9,A01,083615,Shannon; Kyle Michael,5,0,75,70
1656690019656,COGS 11,A01,083617,Boyle; Mary E. T.,17,0,48,31
1656690025690,COGS 13,A01,083071,Bastos; Amalia Pinkusfeld,6,0,71,65
1656690031718,COGS 14A,A01,092681,Semenuks; Arturs,0,3,100,100
1656690037745,COGS 14B,A01,083073,Cheng; Tzu-Han,3,0,63,60
1656690043773,COGS 17,A01,092677,Semenuks; Arturs,4,0,81,77
1656690049795,COGS 100,A01,083619,Allen; Michael Gordon,13,0,70,57
1656690055817,COGS 101A,A01,083621,Davis; Joshua Daniel,10,0,68,58
1656690061849,COGS 101B,A01,091572,Allen; Michael Gordon,3,0,65,62
1656690067872,COGS 101C,A01,083625,Delgado; Tania,17,0,35,18
1656690073897,COGS 107A,A01,083627,Boyle; Mary E. T.,11,0,60,49
1656690079921,COGS 118A,A01,083075,Gupta; Anjum,13,0,76,63
1656690085953,CSE 3,A50,083646,Miranda; Gregory Joseph,22,0,50,28
1656690091978,CSE 8A,A50,083650,Miranda; Gregory Joseph,16,1,56,40
1656690098004,CSE 11,A01,083080,Cao; Yingjun,2,17,40,38
1656690104026,CSE 12,A01,083652,Krause-Levy; Sophia Louisa,19,1,120,101
1656690110051,CSE 15L,A01,083654,Morris; Justin Loren,8,0,50,42
1656690110051,CSE 15L,A02,083655,Morris; Justin Loren,8,0,50,42
1656690116090,CSE 20,A01,083657,Tran; Khoa Dang,35,0,80,45
1656690122123,CSE 21,A01,095574,Bach; Quang Tran,21,0,48,27
1656690128147,CSE 30,A01,083084,Eldon; John,5,0,80,75
1656690128147,CSE 30,B01,095061,Bhaskar; Nishant,3,0,50,47
1656690134171,CSE 100,A01,083659,Cao; Yingjun,1,6,70,69
1656690140197,CSE 134B,A01,083661,Powell; Thomas Allan,17,0,100,83
1656690146237,CSE 140,A01,083663,Gungor; Onat,14,0,85,71
1656690152261,CSE 140L,A01,083088,Eldon; John,16,0,100,84
1656690158286,CSE 175,A01,083665,Kumar; Rakesh,3,0,25,22
1656690164319,CSE 190,A00,092507,Dubnov; Shlomo,5,0,20,15
1656690170343,ECE 45,A01,083139,Congero; Spencer William,5,0,75,70
1656690176366,ECE 65,A50,083695,Saad; Andrew S,12,0,30,18
1656690176366,ECE 65,A51,095125,Saad; Andrew S,25,0,26,1
1656690182393,ECE 109,A01,091882,Touri; Behrouz,13,0,70,57
1656690188417,ECE 180,A00,083140,Abi Samra; Nicholas Camill,1,0,30,29
1656690188417,ECE 180,B00,083141,Abi Samra; Nicholas Camill,0,0,30,30
1656690194442,MATH 10A,A01,083735,Patchell; Gregory David,0,0,30,30
1656690194442,MATH 10A,A02,083736,Patchell; Gregory David,20,0,30,10
1656690194442,MATH 10A,A03,083737,Patchell; Gregory David,16,0,30,14
1656690200478,MATH 10B,A01,083207,Lim; Seonhee,7,0,34,27
1656690200478,MATH 10B,A02,083208,Lim; Seonhee,9,0,35,26
1656690200478,MATH 10B,A03,093472,Lim; Seonhee,3,0,34,31
1656690200478,MATH 10B,B01,083739,Sinha; Shubham,9,0,30,21
1656690206510,MATH 18,A01,083743,Cinel; Cameron Alexander,6,0,30,24
1656690206510,MATH 18,A02,083744,Cinel; Cameron Alexander,14,0,30,16
1656690206510,MATH 18,A03,083745,Cinel; Cameron Alexander,8,0,30,22
1656690206510,MATH 18,B01,083748,Rideout; David Porter,2,0,37,35
1656690206510,MATH 18,B02,083749,Rideout; David Porter,2,0,36,34
1656690206510,MATH 18,B03,083750,Rideout; David Porter,1,0,37,36
1656690206510,MATH 18,B04,083751,Rideout; David Porter,4,0,36,32
1656690206510,MATH 18,B05,093473,Rideout; David Porter,4,0,36,32
1656690206510,MATH 18,B06,093474,Rideout; David Porter,4,0,36,32
1656690212533,MATH 20A,A01,083754,Zheng; Zequn,12,0,40,28
1656690218560,MATH 20B,A01,083756,Briones; Jor-el Thomas Caparas,1,1,36,35
1656690218560,MATH 20B,A02,083757,Briones; Jor-el Thomas Caparas,0,0,36,36
1656690218560,MATH 20B,A03,093475,Briones; Jor-el Thomas Caparas,2,0,36,34
1656690224589,MATH 20C,A01,083760,Briones; Jor-el Thomas Caparas,0,0,35,35
1656690224589,MATH 20C,A02,083761,Briones; Jor-el Thomas Caparas,9,0,35,26
1656690224589,MATH 20C,A03,093476,Briones; Jor-el Thomas Caparas,0,1,36,36
1656690224589,MATH 20C,B01,083762,Bach; Quang Tran,0,0,30,30
1656690230617,MATH 20D,A01,083765,Tran; Brian Kha,3,0,30,27
1656690230617,MATH 20D,A02,083766,Tran; Brian Kha,2,0,30,28
1656690230617,MATH 20D,A03,083767,Tran; Brian Kha,1,0,30,29
1656690236644,MATH 20E,A01,083771,Ganguly; Soumya,4,0,32,28
1656690236644,MATH 20E,A02,083772,Ganguly; Soumya,3,0,32,29
1656690236644,MATH 20E,B01,083773,Ciotti; Benjamin,18,0,35,17
1656690236644,MATH 20E,B02,083774,Ciotti; Benjamin,18,0,35,17
1656690242674,MATH 103A,A01,083777,Greenfeld; Be'Eri,2,0,36,34
1656690242674,MATH 103A,A02,083778,Greenfeld; Be'Eri,5,0,36,31
1656690242674,MATH 103A,A03,093561,Greenfeld; Be'Eri,4,0,36,32
1656690242674,MATH 103A,B01,083779,Greenfeld; Be'Eri,6,0,36,30
1656690242674,MATH 103A,B02,083780,Greenfeld; Be'Eri,2,0,36,34
1656690242674,MATH 103A,B03,093562,Greenfeld; Be'Eri,2,0,36,34
1656690248703,MATH 105,A01,085443,Carter; Anne Toulson,13,0,35,22
1656690248703,MATH 105,A02,093477,Carter; Anne Toulson,20,0,35,15
1656690254737,MATH 109,A01,083213,Ganzberger; Geoffrey Michael,0,0,34,34
1656690254737,MATH 109,A02,083214,Ganzberger; Geoffrey Michael,1,0,34,33
1656690254737,MATH 109,A03,093478,Ganzberger; Geoffrey Michael,2,0,34,32
1656690254737,MATH 109,B01,083215,Ganzberger; Geoffrey Michael,1,0,32,31
1656690254737,MATH 109,B02,083216,Ganzberger; Geoffrey Michael,2,0,32,30
1656690254737,MATH 109,B03,093479,Ganzberger; Geoffrey Michael,6,0,32,26
1656690260760,MATH 142A,A01,083219,Chow; Bennett,4,0,32,28
1656690260760,MATH 142A,A02,083220,Chow; Bennett,9,0,32,23
1656690260760,MATH 142A,A03,093480,Chow; Bennett,6,0,32,26
1656690260760,MATH 142A,B03,093481,Chow; Bennett,5,0,32,27
1656690260760,MATH 142A,B04,093558,Chow; Bennett,10,0,32,22
1656690260760,MATH 142A,B05,093559,Chow; Bennett,4,0,32,28
1656690266788,MATH 193A,A01,083224,Rotar; Vladimir,3,0,34,31
1656690266788,MATH 193A,A02,083225,Rotar; Vladimir,2,0,34,32
1656690266788,MATH 193A,A03,083781,Rotar; Vladimir,0,0,34,34
1656690266788,MATH 193A,A04,083782,Rotar; Vladimir,4,0,34,30
1656690266788,MATH 193A,A05,093482,Rotar; Vladimir,5,0,34,29
1656690272814,MATH 197,001,091859,McAuley; Julian John,9999,0,9999,0
1656690272814,MATH 197,002,095566,Kedlaya; Kiran S.,9997,0,9999,2
1656690272814,MATH 197,003,095567,Xiao; Ming,9999,0,9999,0
1656690272814,MATH 197,004,095571,Perols; Johan Lars,9998,0,9999,1
1656690279869,COGS 9,A01,083615,Shannon; Kyle Michael,5,0,75,70
1656690285892,COGS 11,A01,083617,Boyle; Mary E. T.,17,0,48,31
1656690291920,COGS 13,A01,083071,Bastos; Amalia Pinkusfeld,6,0,71,65
1656690297946,COGS 14A,A01,092681,Semenuks; Arturs,0,3,100,100
1656690303976,COGS 14B,A01,083073,Cheng; Tzu-Han,3,0,63,60
1656690309999,COGS 17,A01,092677,Semenuks; Arturs,4,0,81,77
1656690316023,COGS 100,A01,083619,Allen; Michael Gordon,13,0,70,57
1656690322061,COGS 101A,A01,083621,Davis; Joshua Daniel,10,0,68,58
1656690328086,COGS 101B,A01,091572,Allen; Michael Gordon,3,0,65,62
1656690334111,COGS 101C,A01,083625,Delgado; Tania,17,0,35,18
1656690340139,COGS 107A,A01,083627,Boyle; Mary E. T.,11,0,60,49
1656690346166,COGS 118A,A01,083075,Gupta; Anjum,13,0,76,63
1656690352194,CSE 3,A50,083646,Miranda; Gregory Joseph,22,0,50,28
1656690358222,CSE 8A,A50,083650,Miranda; Gregory Joseph,16,1,56,40
1656690364250,CSE 11,A01,083080,Cao; Yingjun,2,17,40,38
1656690370275,CSE 12,A01,083652,Krause-Levy; Sophia Louisa,19,1,120,101
1656690376305,CSE 15L,A01,083654,Morris; Justin Loren,8,0,50,42
1656690376305,CSE 15L,A02,083655,Morris; Justin Loren,8,0,50,42
1656690382328,CSE 20,A01,083657,Tran; Khoa Dang,35,0,80,45
1656690388363,CSE 21,A01,095574,Bach; Quang Tran,21,0,48,27
1656690394388,CSE 30,A01,083084,Eldon; John,5,0,80,75
1656690394388,CSE 30,B01,095061,Bhaskar; Nishant,3,0,50,47
1656690400411,CSE 100,A01,083659,Cao; Yingjun,1,6,70,69
1656690406438,CSE 134B,A01,083661,Powell; Thomas Allan,17,0,100,83
1656690412463,CSE 140,A01,083663,Gungor; Onat,14,0,85,71
1656690418566,CSE 140L,A01,083088,Eldon; John,16,0,100,84
1656690424589,CSE 175,A01,083665,Kumar; Rakesh,3,0,25,22
1656690430622,CSE 190,A00,092507,Dubnov; Shlomo,5,0,20,15
1656690436656,ECE 45,A01,083139,Congero; Spencer William,5,0,75,70
1656690442682,ECE 65,A50,083695,Saad; Andrew S,12,0,30,18
1656690442682,ECE 65,A51,095125,Saad; Andrew S,25,0,26,1
1656690448708,ECE 109,A01,091882,Touri; Behrouz,13,0,70,57
1656690454731,ECE 180,A00,083140,Abi Samra; Nicholas Camill,1,0,30,29
1656690454731,ECE 180,B00,083141,Abi Samra; Nicholas Camill,0,0,30,30
1656690460759,MATH 10A,A01,083735,Patchell; Gregory David,0,0,30,30
1656690460759,MATH 10A,A02,083736,Patchell; Gregory David,20,0,30,10
1656690460759,MATH 10A,A03,083737,Patchell; Gregory David,16,0,30,14
1656690466783,MATH 10B,A01,083207,Lim; Seonhee,7,0,34,27
1656690466783,MATH 10B,A02,083208,Lim; Seonhee,9,0,35,26
1656690466783,MATH 10B,A03,093472,Lim; Seonhee,3,0,34,31
1656690466783,MATH 10B,B01,083739,Sinha; Shubham,9,0,30,21
1656690472807,MATH 18,A01,083743,Cinel; Cameron Alexander,6,0,30,24
1656690472807,MATH 18,A02,083744,Cinel; Cameron Alexander,14,0,30,16
1656690472807,MATH 18,A03,083745,Cinel; Cameron Alexander,8,0,30,22
1656690472807,MATH 18,B01,083748,Rideout; David Porter,2,0,37,35
1656690472807,MATH 18,B02,083749,Rideout; David Porter,2,0,36,34
1656690472807,MATH 18,B03,083750,Rideout; David Porter,1,0,37,36
1656690472807,MATH 18,B04,083751,Rideout; David Porter,4,0,36,32
1656690472807,MATH 18,B05,093473,Rideout; David Porter,4,0,36,32
1656690472807,MATH 18,B06,093474,Rideout; David Porter,4,0,36,32
1656690478841,MATH 20A,A01,083754,Zheng; Zequn,12,0,40,28
1656690484873,MATH 20B,A01,083756,Briones; Jor-el Thomas Caparas,1,1,36,35
1656690484873,MATH 20B,A02,083757,Briones; Jor-el Thomas Caparas,0,0,36,36
1656690484873,MATH 20B,A03,093475,Briones; Jor-el Thomas Caparas,2,0,36,34
1656690490900,MATH 20C,A01,083760,Briones; Jor-el Thomas Caparas,0,0,35,35
1656690490900,MATH 20C,A02,083761,Briones; Jor-el Thomas Caparas,9,0,35,26
1656690490900,MATH 20C,A03,093476,Briones; Jor-el Thomas Caparas,0,1,36,36
1656690490900,MATH 20C,B01,083762,Bach; Quang Tran,0,0,30,30
1656690496928,MATH 20D,A01,083765,Tran; Brian Kha,3,0,30,27
1656690496928,MATH 20D,A02,083766,Tran; Brian Kha,2,0,30,28
1656690496928,MATH 20D,A03,083767,Tran; Brian Kha,1,0,30,29
1656690502957,MATH 20E,A01,083771,Ganguly; Soumya,4,0,32,28
1656690502957,MATH 20E,A02,083772,Ganguly; Soumya,3,0,32,29
1656690502957,MATH 20E,B01,083773,Ciotti; Benjamin,18,0,35,17
1656690502957,MATH 20E,B02,083774,Ciotti; Benjamin,18,0,35,17
1656690508983,MATH 103A,A01,083777,Greenfeld; Be'Eri,2,0,36,34
1656690508983,MATH 103A,A02,083778,Greenfeld; Be'Eri,5,0,36,31
1656690508983,MATH 103A,A03,093561,Greenfeld; Be'Eri,4,0,36,32
1656690508983,MATH 103A,B01,083779,Greenfeld; Be'Eri,6,0,36,30
1656690508983,MATH 103A,B02,083780,Greenfeld; Be'Eri,2,0,36,34
1656690508983,MATH 103A,B03,093562,Greenfeld; Be'Eri,2,0,36,34
1656690515008,MATH 105,A01,085443,Carter; Anne Toulson,13,0,35,22
1656690515008,MATH 105,A02,093477,Carter; Anne Toulson,20,0,35,15
1656690521038,MATH 109,A01,083213,Ganzberger; Geoffrey Michael,0,0,34,34
1656690521038,MATH 109,A02,083214,Ganzberger; Geoffrey Michael,1,0,34,33
1656690521038,MATH 109,A03,093478,Ganzberger; Geoffrey Michael,2,0,34,32
1656690521038,MATH 109,B01,083215,Ganzberger; Geoffrey Michael,1,0,32,31
1656690521038,MATH 109,B02,083216,Ganzberger; Geoffrey Michael,2,0,32,30
1656690521038,MATH 109,B03,093479,Ganzberger; Geoffrey Michael,6,0,32,26
1656690527062,MATH 142A,A01,083219,Chow; Bennett,4,0,32,28
1656690527062,MATH 142A,A02,083220,Chow; Bennett,9,0,32,23
1656690527062,MATH 142A,A03,093480,Chow; Bennett,6,0,32,26
1656690527062,MATH 142A,B03,093481,Chow; Bennett,5,0,32,27
1656690527062,MATH 142A,B04,093558,Chow; Bennett,10,0,32,22
1656690527062,MATH 142A,B05,093559,Chow; Bennett,4,0,32,28
1656690533091,MATH 193A,A01,083224,Rotar; Vladimir,3,0,34,31
1656690533091,MATH 193A,A02,083225,Rotar; Vladimir,2,0,34,32
1656690533091,MATH 193A,A03,083781,Rotar; Vladimir,0,0,34,34
1656690533091,MATH 193A,A04,083782,Rotar; Vladimir,4,0,34,30
1656690533091,MATH 193A,A05,093482,Rotar; Vladimir,5,0,34,29
1656690539116,MATH 197,001,091859,McAuley; Julian John,9999,0,9999,0
1656690539116,MATH 197,002,095566,Kedlaya; Kiran S.,9997,0,9999,2
1656690539116,MATH 197,003,095567,Xiao; Ming,9999,0,9999,0
1656690539116,MATH 197,004,095571,Perols; Johan Lars,9998,0,9999,1
1656690546171,COGS 9,A01,083615,Shannon; Kyle Michael,5,0,75,70
1656690552208,COGS 11,A01,083617,Boyle; Mary E. T.,17,0,48,31
1656690558232,COGS 13,A01,083071,Bastos; Amalia Pinkusfeld,6,0,71,65
1656690564258,COGS 14A,A01,092681,Semenuks; Arturs,0,3,100,100
1656690570283,COGS 14B,A01,083073,Cheng; Tzu-Han,3,0,63,60
1656690576306,COGS 17,A01,092677,Semenuks; Arturs,4,0,81,77
1656690582333,COGS 100,A01,083619,Allen; Michael Gordon,13,0,70,57
1656690588359,COGS 101A,A01,083621,Davis; Joshua Daniel,10,0,68,58
1656690594385,COGS 101B,A01,091572,Allen; Michael Gordon,3,0,65,62
1656690600408,COGS 101C,A01,083625,Delgado; Tania,17,0,35,18
1656690606435,COGS 107A,A01,083627,Boyle; Mary E. T.,11,0,60,49
1656690612474,COGS 118A,A01,083075,Gupta; Anjum,13,0,76,63
1656690618503,CSE 3,A50,083646,Miranda; Gregory Joseph,22,0,50,28
1656690624529,CSE 8A,A50,083650,Miranda; Gregory Joseph,16,1,56,40
1656690630556,CSE 11,A01,083080,Cao; Yingjun,2,17,40,38
1656690636595,CSE 12,A01,083652,Krause-Levy; Sophia Louisa,19,1,120,101
1656690642621,CSE 15L,A01,083654,Morris; Justin Loren,8,0,50,42
1656690642621,CSE 15L,A02,083655,Morris; Justin Loren,8,0,50,42
1656690648653,CSE 20,A01,083657,Tran; Khoa Dang,35,0,80,45
1656690654679,CSE 21,A01,095574,Bach; Quang Tran,21,0,48,27
1656690660704,CSE 30,A01,083084,Eldon; John,5,0,80,75
1656690660704,CSE 30,B01,095061,Bhaskar; Nishant,3,0,50,47
1656690666730,CSE 100,A01,083659,Cao; Yingjun,1,6,70,69
1656690672766,CSE 134B,A01,083661,Powell; Thomas Allan,17,0,100,83
1656690678791,CSE 140,A01,083663,Gungor; Onat,14,0,85,71
1656690684820,CSE 140L,A01,083088,Eldon; John,16,0,100,84
1656690690847,CSE 175,A01,083665,Kumar; Rakesh,3,0,25,22
1656690696878,CSE 190,A00,092507,Dubnov; Shlomo,5,0,20,15
1656690702901,ECE 45,A01,083139,Congero; Spencer William,5,0,75,70
1656690708930,ECE 65,A50,083695,Saad; Andrew S,12,0,30,18
1656690708930,ECE 65,A51,095125,Saad; Andrew S,25,0,26,1
1656690714957,ECE 109,A01,091882,Touri; Behrouz,13,0,70,57
1656690720980,ECE 180,A00,083140,Abi Samra; Nicholas Camill,1,0,30,29
1656690720980,ECE 180,B00,083141,Abi Samra; Nicholas Camill,0,0,30,30
1656690727005,MATH 10A,A01,083735,Patchell; Gregory David,0,0,30,30
1656690727005,MATH 10A,A02,083736,Patchell; Gregory David,20,0,30,10
1656690727005,MATH 10A,A03,083737,Patchell; Gregory David,16,0,30,14
1656690733030,MATH 10B,A01,083207,Lim; Seonhee,7,0,34,27
1656690733030,MATH 10B,A02,083208,Lim; Seonhee,9,0,35,26
1656690733030,MATH 10B,A03,093472,Lim; Seonhee,3,0,34,31
1656690733030,MATH 10B,B01,083739,Sinha; Shubham,9,0,30,21
1656690739055,MATH 18,A01,083743,Cinel; Cameron Alexander,6,0,30,24
1656690739055,MATH 18,A02,083744,Cinel; Cameron Alexander,14,0,30,16
1656690739055,MATH 18,A03,083745,Cinel; Cameron Alexander,8,0,30,22
1656690739055,MATH 18,B01,083748,Rideout; David Porter,2,0,37,35
1656690739055,MATH 18,B02,083749,Rideout; David Porter,2,0,36,34
1656690739055,MATH 18,B03,083750,Rideout; David Porter,1,0,37,36
1656690739055,MATH 18,B04,083751,Rideout; David Porter,4,0,36,32
1656690739055,MATH 18,B05,093473,Rideout; David Porter,4,0,36,32
1656690739055,MATH 18,B06,093474,Rideout; David Porter,4,0,36,32
1656690745079,MATH 20A,A01,083754,Zheng; Zequn,12,0,40,28
1656690751108,MATH 20B,A01,083756,Briones; Jor-el Thomas Caparas,1,1,36,35
1656690751108,MATH 20B,A02,083757,Briones; Jor-el Thomas Caparas,0,0,36,36
1656690751108,MATH 20B,A03,093475,Briones; Jor-el Thomas Caparas,2,0,36,34
1656690757140,MATH 20C,A01,083760,Briones; Jor-el Thomas Caparas,0,0,35,35
1656690757140,MATH 20C,A02,083761,Briones; Jor-el Thomas Caparas,9,0,35,26
1656690757140,MATH 20C,A03,093476,Briones; Jor-el Thomas Caparas,0,1,36,36
1656690757140,MATH 20C,B01,083762,Bach; Quang Tran,0,0,30,30
1656690763165,MATH 20D,A01,083765,Tran; Brian Kha,3,0,30,27
1656690763165,MATH 20D,A02,083766,Tran; Brian Kha,2,0,30,28
1656690763165,MATH 20D,A03,083767,Tran; Brian Kha,1,0,30,29
1656690769189,MATH 20E,A01,083771,Ganguly; Soumya,4,0,32,28
1656690769189,MATH 20E,A02,083772,Ganguly; Soumya,3,0,32,29
1656690769189,MATH 20E,B01,083773,Ciotti; Benjamin,18,0,35,17
1656690769189,MATH 20E,B02,083774,Ciotti; Benjamin,18,0,35,17
1656690775219,MATH 103A,A01,083777,Greenfeld; Be'Eri,2,0,36,34
1656690775219,MATH 103A,A02,083778,Greenfeld; Be'Eri,5,0,36,31
1656690775219,MATH 103A,A03,093561,Greenfeld; Be'Eri,4,0,36,32
1656690775219,MATH 103A,B01,083779,Greenfeld; Be'Eri,6,0,36,30
1656690775219,MATH 103A,B02,083780,Greenfeld; Be'Eri,2,0,36,34
1656690775219,MATH 103A,B03,093562,Greenfeld; Be'Eri,2,0,36,34
1656690781246,MATH 105,A01,085443,Carter; Anne Toulson,13,0,35,22
1656690781246,MATH 105,A02,093477,Carter; Anne Toulson,20,0,35,15
1656690787280,MATH 109,A01,083213,Ganzberger; Geoffrey Michael,0,0,34,34
1656690787280,MATH 109,A02,083214,Ganzberger; Geoffrey Michael,1,0,34,33
1656690787280,MATH 109,A03,093478,Ganzberger; Geoffrey Michael,2,0,34,32
1656690787280,MATH 109,B01,083215,Ganzberger; Geoffrey Michael,1,0,32,31
1656690787280,MATH 109,B02,083216,Ganzberger; Geoffrey Michael,2,0,32,30
1656690787280,MATH 109,B03,093479,Ganzberger; Geoffrey Michael,6,0,32,26
1656690793306,MATH 142A,A01,083219,Chow; Bennett,4,0,32,28
1656690793306,MATH 142A,A02,083220,Chow; Bennett,9,0,32,23
1656690793306,MATH 142A,A03,093480,Chow; Bennett,6,0,32,26
1656690793306,MATH 142A,B03,093481,Chow; Bennett,5,0,32,27
1656690793306,MATH 142A,B04,093558,Chow; Bennett,10,0,32,22
1656690793306,MATH 142A,B05,093559,Chow; Bennett,4,0,32,28
1656690799329,MATH 193A,A01,083224,Rotar; Vladimir,3,0,34,31
1656690799329,MATH 193A,A02,083225,Rotar; Vladimir,2,0,34,32
1656690799329,MATH 193A,A03,083781,Rotar; Vladimir,0,0,34,34
1656690799329,MATH 193A,A04,083782,Rotar; Vladimir,4,0,34,30
1656690799329,MATH 193A,A05,093482,Rotar; Vladimir,5,0,34,29
1656690805360,MATH 197,001,091859,McAuley; Julian John,9999,0,9999,0
1656690805360,MATH 197,002,095566,Kedlaya; Kiran S.,9997,0,9999,2
1656690805360,MATH 197,003,095567,Xiao; Ming,9999,0,9999,0
1656690805360,MATH 197,004,095571,Perols; Johan Lars,9998,0,9999,1
1656690812419,COGS 9,A01,083615,Shannon; Kyle Michael,5,0,75,70
1656690818446,COGS 11,A01,083617,Boyle; Mary E. T.,17,0,48,31
1656690824480,COGS 13,A01,083071,Bastos; Amalia Pinkusfeld,6,0,71,65
1656690830503,COGS 14A,A01,092681,Semenuks; Arturs,0,3,100,100
1656690836531,COGS 14B,A01,083073,Cheng; Tzu-Han,3,0,63,60
1656690842560,COGS 17,A01,092677,Semenuks; Arturs,4,0,81,77
1656690848587,COGS 100,A01,083619,Allen; Michael Gordon,13,0,70,57
1656690854624,COGS 101A,A01,083621,Davis; Joshua Daniel,10,0,68,58
1656690860647,COGS 101B,A01,091572,Allen; Michael Gordon,3,0,65,62
1656690866678,COGS 101C,A01,083625,Delgado; Tania,17,0,35,18
1656690872706,COGS 107A,A01,083627,Boyle; Mary E. T.,11,0,60,49
1656690878731,COGS 118A,A01,083075,Gupta; Anjum,13,0,76,63
1656690884754,CSE 3,A50,083646,Miranda; Gregory Joseph,22,0,50,28
1656690890782,CSE 8A,A50,083650,Miranda; Gregory Joseph,16,1,56,40
1656690896820,CSE 11,A01,083080,Cao; Yingjun,2,17,40,38
1656690902861,CSE 12,A01,083652,Krause-Levy; Sophia Louisa,19,1,120,101
1656690908889,CSE 15L,A01,083654,Morris; Justin Loren,8,0,50,42
1656690908889,CSE 15L,A02,083655,Morris; Justin Loren,8,0,50,42
1656690914921,CSE 20,A01,083657,Tran; Khoa Dang,35,0,80,45
1656690920945,CSE 21,A01,095574,Bach; Quang Tran,21,0,48,27
1656690926974,CSE 30,A01,083084,Eldon; John,5,0,80,75
1656690926974,CSE 30,B01,095061,Bhaskar; Nishant,3,0,50,47
1656690932998,CSE 100,A01,083659,Cao; Yingjun,1,6,70,69
1656690939033,CSE 134B,A01,083661,Powell; Thomas Allan,17,0,100,83
1656690945056,CSE 140,A01,083663,Gungor; Onat,14,0,85,71
1656690951079,CSE 140L,A01,083088,Eldon; John,16,0,100,84
1656690957112,CSE 175,A01,083665,Kumar; Rakesh,3,0,25,22
1656690963136,CSE 190,A00,092507,Dubnov; Shlomo,5,0,20,15
1656690969166,ECE 45,A01,083139,Congero; Spencer William,5,0,75,70
1656690975188,ECE 65,A50,083695,Saad; Andrew S,12,0,30,18
1656690975188,ECE 65,A51,095125,Saad; Andrew S,25,0,26,1
1656690981216,ECE 109,A01,091882,Touri; Behrouz,13,0,70,57
1656690987253,ECE 180,A00,083140,Abi Samra; Nicholas Camill,1,0,30,29
1656690987253,ECE 180,B00,083141,Abi Samra; Nicholas Camill,0,0,30,30
1656690993283,MATH 10A,A01,083735,Patchell; Gregory David,0,0,30,30
1656690993283,MATH 10A,A02,083736,Patchell; Gregory David,20,0,30,10
1656690993283,MATH 10A,A03,083737,Patchell; Gregory David,16,0,30,14
1656690999312,MATH 10B,A01,083207,Lim; Seonhee,7,0,34,27
1656690999312,MATH 10B,A02,083208,Lim; Seonhee,9,0,35,26
1656690999312,MATH 10B,A03,093472,Lim; Seonhee,3,0,34,31
1656690999312,MATH 10B,B01,083739,Sinha; Shubham,9,0,30,21
1656691005343,MATH 18,A01,083743,Cinel; Cameron Alexander,6,0,30,24
1656691005343,MATH 18,A02,083744,Cinel; Cameron Alexander,14,0,30,16
1656691005343,MATH 18,A03,083745,Cinel; Cameron Alexander,8,0,30,22
1656691005343,MATH 18,B01,083748,Rideout; David Porter,2,0,37,35
1656691005343,MATH 18,B02,083749,Rideout; David Porter,2,0,36,34
1656691005343,MATH 18,B03,083750,Rideout; David Porter,1,0,37,36
1656691005343,MATH 18,B04,083751,Rideout; David Porter,4,0,36,32
1656691005343,MATH 18,B05,093473,Rideout; David Porter,4,0,36,32
1656691005343,MATH 18,B06,093474,Rideout; David Porter,4,0,36,32
1656691011367,MATH 20A,A01,083754,Zheng; Zequn,12,0,40,28
1656691017493,MATH 20B,A01,083756,Briones; Jor-el Thomas Caparas,1,1,36,35
1656691017493,MATH 20B,A02,083757,Briones; Jor-el Thomas Caparas,0,0,36,36
1656691017493,MATH 20B,A03,093475,Briones; Jor-el Thomas Caparas,2,0,36,34
1656691023518,MATH 20C,A01,083760,Briones; Jor-el Thomas Caparas,0,0,35,35
1656691023518,MATH 20C,A02,083761,Briones; Jor-el Thomas Caparas,9,0,35,26
1656691023518,MATH 20C,A03,093476,Briones; Jor-el Thomas Caparas,0,1,36,36
1656691023518,MATH 20C,B01,083762,Bach; Quang Tran,0,0,30,30
1656691029550,MATH 20D,A01,083765,Tran; Brian Kha,3,0,30,27
1656691029550,MATH 20D,A02,083766,Tran; Brian Kha,2,0,30,28
1656691029550,MATH 20D,A03,083767,Tran; Brian Kha,1,0,30,29
1656691035575,MATH 20E,A01,083771,Ganguly; Soumya,4,0,32,28
1656691035575,MATH 20E,A02,083772,Ganguly; Soumya,3,0,32,29
1656691035575,MATH 20E,B01,083773,Ciotti; Benjamin,18,0,35,17
1656691035575,MATH 20E,B02,083774,Ciotti; Benjamin,18,0,35,17
1656691041604,MATH 103A,A01,083777,Greenfeld; Be'Eri,2,0,36,34
1656691041604,MATH 103A,A02,083778,Greenfeld; Be'Eri,5,0,36,31
1656691041604,MATH 103A,A03,093561,Greenfeld; Be'Eri,4,0,36,32
1656691041604,MATH 103A,B01,083779,Greenfeld; Be'Eri,6,0,36,30
1656691041604,MATH 103A,B02,083780,Greenfeld; Be'Eri,2,0,36,34
1656691041604,MATH 103A,B03,093562,Greenfeld; Be'Eri,2,0,36,34
1656691047631,MATH 105,A01,085443,Carter; Anne Toulson,13,0,35,22
1656691047631,MATH 105,A02,093477,Carter; Anne Toulson,20,0,35,15
1656691053662,MATH 109,A01,083213,Ganzberger; Geoffrey Michael,0,0,34,34
1656691053662,MATH 109,A02,083214,Ganzberger; Geoffrey Michael,1,0,34,33
1656691053662,MATH 109,A03,093478,Ganzberger; Geoffrey Michael,2,0,34,32
1656691053662,MATH 109,B01,083215,Ganzberger; Geoffrey Michael,1,0,32,31
1656691053662,MATH 109,B02,083216,Ganzberger; Geoffrey Michael,2,0,32,30
1656691053662,MATH 109,B03,093479,Ganzberger; Geoffrey Michael,6,0,32,26
1656691059687,MATH 142A,A01,083219,Chow; Bennett,4,0,32,28
1656691059687,MATH 142A,A02,083220,Chow; Bennett,9,0,32,23
1656691059687,MATH 142A,A03,093480,Chow; Bennett,6,0,32,26
1656691059687,MATH 142A,B03,093481,Chow; Bennett,5,0,32,27
1656691059687,MATH 142A,B04,093558,Chow; Bennett,10,0,32,22
1656691059687,MATH 142A,B05,093559,Chow; Bennett,4,0,32,28
1656691065723,MATH 193A,A01,083224,Rotar; Vladimir,3,0,34,31
1656691065723,MATH 193A,A02,083225,Rotar; Vladimir,2,0,34,32
1656691065723,MATH 193A,A03,083781,Rotar; Vladimir,0,0,34,34
1656691065723,MATH 193A,A04,083782,Rotar; Vladimir,4,0,34,30
1656691065723,MATH 193A,A05,093482,Rotar; Vladimir,5,0,34,29
1656691071756,MATH 197,001,091859,McAuley; Julian John,9999,0,9999,0
1656691071756,MATH 197,002,095566,Kedlaya; Kiran S.,9997,0,9999,2
1656691071756,MATH 197,003,095567,Xiao; Ming,9999,0,9999,0
1656691071756,MATH 197,004,095571,Perols; Johan Lars,9998,0,9999,1
1656691078812,COGS 9,A01,083615,Shannon; Kyle Michael,5,0,75,70
1656691084835,COGS 11,A01,083617,Boyle; Mary E. T.,17,0,48,31
1656691090862,COGS 13,A01,083071,Bastos; Amalia Pinkusfeld,6,0,71,65
1656691096888,COGS 14A,A01,092681,Semenuks; Arturs,0,3,100,100
1656691102912,COGS 14B,A01,083073,Cheng; Tzu-Han,3,0,63,60
1656691108935,COGS 17,A01,092677,Semenuks; Arturs,4,0,81,77
1656691114963,COGS 100,A01,083619,Allen; Michael Gordon,13,0,70,57
1656691120987,COGS 101A,A01,083621,Davis; Joshua Daniel,10,0,68,58
1656691127011,COGS 101B,A01,091572,Allen; Michael Gordon,3,0,65,62
1656691133039,COGS 101C,A01,083625,Delgado; Tania,17,0,35,18
1656691139063,COGS 107A,A01,083627,Boyle; Mary E. T.,11,0,60,49
1656691145087,COGS 118A,A01,083075,Gupta; Anjum,13,0,76,63
1656691151114,CSE 3,A50,083646,Miranda; Gregory Joseph,22,0,50,28
1656691157143,CSE 8A,A50,083650,Miranda; Gregory Joseph,16,1,56,40
1656691163170,CSE 11,A01,083080,Cao; Yingjun,2,17,40,38
1656691169195,CSE 12,A01,083652,Krause-Levy; Sophia Louisa,19,1,120,101
1656691175223,CSE 15L,A01,083654,Morris; Justin Loren,8,0,50,42
1656691175223,CSE 15L,A02,083655,Morris; Justin Loren,8,0,50,42
1656691181249,CSE 20,A01,083657,Tran; Khoa Dang,35,0,80,45
1656691187275,CSE 21,A01,095574,Bach; Quang Tran,21,0,48,27
1656691193309,CSE 30,A01,083084,Eldon; John,5,0,80,75
1656691193309,CSE 30,B01,095061,Bhaskar; Nishant,3,0,50,47
1656691199336,CSE 100,A01,083659,Cao; Yingjun,1,6,70,69
1656691205367,CSE 134B,A01,083661,Powell; Thomas Allan,17,0,100,83
1656691211392,CSE 140,A01,083663,Gungor; Onat,14,0,85,71
1656691217422,CSE 140L,A01,083088,Eldon; John,16,0,100,84
1656691223453,CSE 175,A01,083665,Kumar; Rakesh,3,0,25,22
1656691229498,CSE 190,A00,092507,Dubnov; Shlomo,5,0,20,15
1656691235522,ECE 45,A01,083139,Congero; Spencer William,5,0,75,70
1656691241547,ECE 65,A50,083695,Saad; Andrew S,12,0,30,18
1656691241547,ECE 65,A51,095125,Saad; Andrew S,25,0,26,1
1656691247572,ECE 109,A01,091882,Touri; Behrouz,13,0,70,57
1656691253595,ECE 180,A00,083140,Abi Samra; Nicholas Camill,1,0,30,29
1656691253595,ECE 180,B00,083141,Abi Samra; Nicholas Camill,0,0,30,30
1656691259620,MATH 10A,A01,083735,Patchell; Gregory David,0,0,30,30
1656691259620,MATH 10A,A02,083736,Patchell; Gregory David,20,0,30,10
1656691259620,MATH 10A,A03,083737,Patchell; Gregory David,16,0,30,14
1656691265656,MATH 10B,A01,083207,Lim; Seonhee,7,0,34,27
1656691265656,MATH 10B,A02,083208,Lim; Seonhee,9,0,35,26
1656691265656,MATH 10B,A03,093472,Lim; Seonhee,3,0,34,31
1656691265656,MATH 10B,B01,083739,Sinha; Shubham,9,0,30,21
1656691271685,MATH 18,A01,083743,Cinel; Cameron Alexander,6,0,30,24
1656691271685,MATH 18,A02,083744,Cinel; Cameron Alexander,14,0,30,16
1656691271685,MATH 18,A03,083745,Cinel; Cameron Alexander,8,0,30,22
1656691271685,MATH 18,B01,083748,Rideout; David Porter,2,0,37,35
1656691271685,MATH 18,B02,083749,Rideout; David Porter,2,0,36,34
1656691271685,MATH 18,B03,083750,Rideout; David Porter,1,0,37,36
1656691271685,MATH 18,B04,083751,Rideout; David Porter,4,0,36,32
1656691271685,MATH 18,B05,093473,Rideout; David Porter,4,0,36,32
1656691271685,MATH 18,B06,093474,Rideout; David Porter,4,0,36,32
1656691277709,MATH 20A,A01,083754,Zheng; Zequn,12,0,40,28
1656691283735,MATH 20B,A01,083756,Briones; Jor-el Thomas Caparas,1,1,36,35
1656691283735,MATH 20B,A02,083757,Briones; Jor-el Thomas Caparas,0,0,36,36
1656691283735,MATH 20B,A03,093475,Briones; Jor-el Thomas Caparas,2,0,36,34
1656691289769,MATH 20C,A01,083760,Briones; Jor-el Thomas Caparas,0,0,35,35
1656691289769,MATH 20C,A02,083761,Briones; Jor-el Thomas Caparas,9,0,35,26
1656691289769,MATH 20C,A03,093476,Briones; Jor-el Thomas Caparas,0,1,36,36
1656691289769,MATH 20C,B01,083762,Bach; Quang Tran,0,0,30,30
1656691295797,MATH 20D,A01,083765,Tran; Brian Kha,3,0,30,27
1656691295797,MATH 20D,A02,083766,Tran; Brian Kha,2,0,30,28
1656691295797,MATH 20D,A03,083767,Tran; Brian Kha,1,0,30,29
1656691301826,MATH 20E,A01,083771,Ganguly; Soumya,4,0,32,28
1656691301826,MATH 20E,A02,083772,Ganguly; Soumya,3,0,32,29
1656691301826,MATH 20E,B01,083773,Ciotti; Benjamin,18,0,35,17
1656691301826,MATH 20E,B02,083774,Ciotti; Benjamin,18,0,35,17
1656691307851,MATH 103A,A01,083777,Greenfeld; Be'Eri,2,0,36,34
1656691307851,MATH 103A,A02,083778,Greenfeld; Be'Eri,5,0,36,31
1656691307851,MATH 103A,A03,093561,Greenfeld; Be'Eri,4,0,36,32
1656691307851,MATH 103A,B01,083779,Greenfeld; Be'Eri,6,0,36,30
1656691307851,MATH 103A,B02,083780,Greenfeld; Be'Eri,2,0,36,34
1656691307851,MATH 103A,B03,093562,Greenfeld; Be'Eri,2,0,36,34
1656691313881,MATH 105,A01,085443,Carter; Anne Toulson,13,0,35,22
1656691313881,MATH 105,A02,093477,Carter; Anne Toulson,20,0,35,15
1656691319905,MATH 109,A01,083213,Ganzberger; Geoffrey Michael,0,0,34,34
1656691319905,MATH 109,A02,083214,Ganzberger; Geoffrey Michael,1,0,34,33
1656691319905,MATH 109,A03,093478,Ganzberger; Geoffrey Michael,2,0,34,32
1656691319905,MATH 109,B01,083215,Ganzberger; Geoffrey Michael,1,0,32,31
1656691319905,MATH 109,B02,083216,Ganzberger; Geoffrey Michael,2,0,32,30
1656691319905,MATH 109,B03,093479,Ganzberger; Geoffrey Michael,6,0,32,26
1656691325930,MATH 142A,A01,083219,Chow; Bennett,4,0,32,28
1656691325930,MATH 142A,A02,083220,Chow; Bennett,9,0,32,23
1656691325930,MATH 142A,A03,093480,Chow; Bennett,6,0,32,26
1656691325930,MATH 142A,B03,093481,Chow; Bennett,5,0,32,27
1656691325930,MATH 142A,B04,093558,Chow; Bennett,10,0,32,22
1656691325930,MATH 142A,B05,093559,Chow; Bennett,4,0,32,28
1656691331959,MATH 193A,A01,083224,Rotar; Vladimir,3,0,34,31
1656691331959,MATH 193A,A02,083225,Rotar; Vladimir,2,0,34,32
1656691331959,MATH 193A,A03,083781,Rotar; Vladimir,0,0,34,34
1656691331959,MATH 193A,A04,083782,Rotar; Vladimir,4,0,34,30
1656691331959,MATH 193A,A05,093482,Rotar; Vladimir,5,0,34,29
1656691337982,MATH 197,001,091859,McAuley; Julian John,9999,0,9999,0
1656691337982,MATH 197,002,095566,Kedlaya; Kiran S.,9997,0,9999,2
1656691337982,MATH 197,003,095567,Xiao; Ming,9999,0,9999,0
1656691337982,MATH 197,004,095571,Perols; Johan Lars,9998,0,9999,1
1656691345053,COGS 9,A01,083615,Shannon; Kyle Michael,5,0,75,70
1656691351080,COGS 11,A01,083617,Boyle; Mary E. T.,17,0,48,31
1656691357108,COGS 13,A01,083071,Bastos; Amalia Pinkusfeld,6,0,71,65
1656691363139,COGS 14A,A01,092681,Semenuks; Arturs,0,3,100,100
1656691369167,COGS 14B,A01,083073,Cheng; Tzu-Han,3,0,63,60
1656691375199,COGS 17,A01,092677,Semenuks; Arturs,4,0,81,77
1656691381224,COGS 100,A01,083619,Allen; Michael Gordon,13,0,70,57
1656691387251,COGS 101A,A01,083621,Davis; Joshua Daniel,10,0,68,58
1656691393278,COGS 101B,A01,091572,Allen; Michael Gordon,3,0,65,62
1656691399311,COGS 101C,A01,083625,Delgado; Tania,17,0,35,18
1656691405336,COGS 107A,A01,083627,Boyle; Mary E. T.,11,0,60,49
1656691411360,COGS 118A,A01,083075,Gupta; Anjum,13,0,76,63
1656691417391,CSE 3,A50,083646,Miranda; Gregory Joseph,22,0,50,28
1656691423419,CSE 8A,A50,083650,Miranda; Gregory Joseph,16,1,56,40
1656691429447,CSE 11,A01,083080,Cao; Yingjun,2,17,40,38
1656691435472,CSE 12,A01,083652,Krause-Levy; Sophia Louisa,19,1,120,101
1656691441500,CSE 15L,A01,083654,Morris; Justin Loren,8,0,50,42
1656691441500,CSE 15L,A02,083655,Morris; Justin Loren,8,0,50,42
1656691447524,CSE 20,A01,083657,Tran; Khoa Dang,35,0,80,45
1656691453557,CSE 21,A01,095574,Bach; Quang Tran,21,0,48,27
1656691459579,CSE 30,A01,083084,Eldon; John,5,0,80,75
1656691459579,CSE 30,B01,095061,Bhaskar; Nishant,3,0,50,47
1656691465608,CSE 100,A01,083659,Cao; Yingjun,1,6,70,69
1656691471636,CSE 134B,A01,083661,Powell; Thomas Allan,17,0,100,83
1656691477662,CSE 140,A01,083663,Gungor; Onat,14,0,85,71
1656691483695,CSE 140L,A01,083088,Eldon; John,16,0,100,84
1656691489722,CSE 175,A01,083665,Kumar; Rakesh,3,0,25,22
1656691495758,CSE 190,A00,092507,Dubnov; Shlomo,5,0,20,15
1656691501781,ECE 45,A01,083139,Congero; Spencer William,5,0,75,70
1656691507806,ECE 65,A50,083695,Saad; Andrew S,12,0,30,18
1656691507806,ECE 65,A51,095125,Saad; Andrew S,25,0,26,1
1656691513830,ECE 109,A01,091882,Touri; Behrouz,13,0,70,57
1656691519853,ECE 180,A00,083140,Abi Samra; Nicholas Camill,1,0,30,29
1656691519853,ECE 180,B00,083141,Abi Samra; Nicholas Camill,0,0,30,30
1656691525878,MATH 10A,A01,083735,Patchell; Gregory David,0,0,30,30
1656691525878,MATH 10A,A02,083736,Patchell; Gregory David,20,0,30,10
1656691525878,MATH 10A,A03,083737,Patchell; Gregory David,16,0,30,14
1656691531903,MATH 10B,A01,083207,Lim; Seonhee,7,0,34,27
1656691531903,MATH 10B,A02,083208,Lim; Seonhee,9,0,35,26
1656691531903,MATH 10B,A03,093472,Lim; Seonhee,3,0,34,31
1656691531903,MATH 10B,B01,083739,Sinha; Shubham,9,0,30,21
1656691537927,MATH 18,A01,083743,Cinel; Cameron Alexander,6,0,30,24
1656691537927,MATH 18,A02,083744,Cinel; Cameron Alexander,14,0,30,16
1656691537927,MATH 18,A03,083745,Cinel; Cameron Alexander,8,0,30,22
1656691537927,MATH 18,B01,083748,Rideout; David Porter,2,0,37,35
1656691537927,MATH 18,B02,083749,Rideout; David Porter,2,0,36,34
1656691537927,MATH 18,B03,083750,Rideout; David Porter,1,0,37,36
1656691537927,MATH 18,B04,083751,Rideout; David Porter,4,0,36,32
1656691537927,MATH 18,B05,093473,Rideout; David Porter,4,0,36,32
1656691537927,MATH 18,B06,093474,Rideout; David Porter,4,0,36,32
1656691543960,MATH 20A,A01,083754,Zheng; Zequn,12,0,40,28
1656691549984,MATH 20B,A01,083756,Briones; Jor-el Thomas Caparas,1,1,36,35
1656691549984,MATH 20B,A02,083757,Briones; Jor-el Thomas Caparas,0,0,36,36
1656691549984,MATH 20B,A03,093475,Briones; Jor-el Thomas Caparas,2,0,36,34
1656691556022,MATH 20C,A01,083760,Briones; Jor-el Thomas Caparas,0,0,35,35
1656691556022,MATH 20C,A02,083761,Briones; Jor-el Thomas Caparas,8,0,35,27
1656691556022,MATH 20C,A03,093476,Briones; Jor-el Thomas Caparas,0,1,36,36
1656691556022,MATH 20C,B01,083762,Bach; Quang Tran,0,0,30,30
1656691562059,MATH 20D,A01,083765,Tran; Brian Kha,3,0,30,27
1656691562059,MATH 20D,A02,083766,Tran; Brian Kha,2,0,30,28
1656691562059,MATH 20D,A03,083767,Tran; Brian Kha,1,0,30,29
1656691568084,MATH 20E,A01,083771,Ganguly; Soumya,4,0,32,28
1656691568084,MATH 20E,A02,083772,Ganguly; Soumya,3,0,32,29
1656691568084,MATH 20E,B01,083773,Ciotti; Benjamin,18,0,35,17
1656691568084,MATH 20E,B02,083774,Ciotti; Benjamin,18,0,35,17
1656691574108,MATH 103A,A01,083777,Greenfeld; Be'Eri,2,0,36,34
1656691574108,MATH 103A,A02,083778,Greenfeld; Be'Eri,5,0,36,31
1656691574108,MATH 103A,A03,093561,Greenfeld; Be'Eri,4,0,36,32
1656691574108,MATH 103A,B01,083779,Greenfeld; Be'Eri,6,0,36,30
1656691574108,MATH 103A,B02,083780,Greenfeld; Be'Eri,2,0,36,34
1656691574108,MATH 103A,B03,093562,Greenfeld; Be'Eri,2,0,36,34
1656691580138,MATH 105,A01,085443,Carter; Anne Toulson,13,0,35,22
1656691580138,MATH 105,A02,093477,Carter; Anne Toulson,20,0,35,15
1656691586168,MATH 109,A01,083213,Ganzberger; Geoffrey Michael,0,0,34,34
1656691586168,MATH 109,A02,083214,Ganzberger; Geoffrey Michael,1,0,34,33
1656691586168,MATH 109,A03,093478,Ganzberger; Geoffrey Michael,2,0,34,32
1656691586168,MATH 109,B01,083215,Ganzberger; Geoffrey Michael,1,0,32,31
1656691586168,MATH 109,B02,083216,Ganzberger; Geoffrey Michael,2,0,32,30
1656691586168,MATH 109,B03,093479,Ganzberger; Geoffrey Michael,6,0,32,26
1656691592198,MATH 142A,A01,083219,Chow; Bennett,4,0,32,28
1656691592198,MATH 142A,A02,083220,Chow; Bennett,9,0,32,23
1656691592198,MATH 142A,A03,093480,Chow; Bennett,6,0,32,26
1656691592198,MATH 142A,B03,093481,Chow; Bennett,5,0,32,27
1656691592198,MATH 142A,B04,093558,Chow; Bennett,10,0,32,22
1656691592198,MATH 142A,B05,093559,Chow; Bennett,4,0,32,28
1656691598223,MATH 193A,A01,083224,Rotar; Vladimir,3,0,34,31
1656691598223,MATH 193A,A02,083225,Rotar; Vladimir,2,0,34,32
1656691598223,MATH 193A,A03,083781,Rotar; Vladimir,0,0,34,34
1656691598223,MATH 193A,A04,083782,Rotar; Vladimir,4,0,34,30
1656691598223,MATH 193A,A05,093482,Rotar; Vladimir,5,0,34,29
1656691604247,MATH 197,001,091859,McAuley; Julian John,9999,0,9999,0
1656691604247,MATH 197,002,095566,Kedlaya; Kiran S.,9997,0,9999,2
1656691604247,MATH 197,003,095567,Xiao; Ming,9999,0,9999,0
1656691604247,MATH 197,004,095571,Perols; Johan Lars,9998,0,9999,1
1656691611397,COGS 9,A01,083615,Shannon; Kyle Michael,5,0,75,70
1656691617425,COGS 11,A01,083617,Boyle; Mary E. T.,17,0,48,31
1656691623450,COGS 13,A01,083071,Bastos; Amalia Pinkusfeld,6,0,71,65
1656691629475,COGS 14A,A01,092681,Semenuks; Arturs,0,3,100,100
1656691635505,COGS 14B,A01,083073,Cheng; Tzu-Han,3,0,63,60
1656691641543,COGS 17,A01,092677,Semenuks; Arturs,4,0,81,77
1656691647574,COGS 100,A01,083619,Allen; Michael Gordon,13,0,70,57
1656691653609,COGS 101A,A01,083621,Davis; Joshua Daniel,10,0,68,58
1656691659634,COGS 101B,A01,091572,Allen; Michael Gordon,3,0,65,62
1656691665658,COGS 101C,A01,083625,Delgado; Tania,17,0,35,18
1656691671684,COGS 107A,A01,083627,Boyle; Mary E. T.,11,0,60,49
1656691677707,COGS 118A,A01,083075,Gupta; Anjum,13,0,76,63
1656691683737,CSE 3,A50,083646,Miranda; Gregory Joseph,22,0,50,28
1656691689760,CSE 8A,A50,083650,Miranda; Gregory Joseph,16,1,56,40
1656691695784,CSE 11,A01,083080,Cao; Yingjun,2,17,40,38
1656691701812,CSE 12,A01,083652,Krause-Levy; Sophia Louisa,19,1,120,101
1656691707838,CSE 15L,A01,083654,Morris; Justin Loren,8,0,50,42
1656691707838,CSE 15L,A02,083655,Morris; Justin Loren,8,0,50,42
1656691713862,CSE 20,A01,083657,Tran; Khoa Dang,35,0,80,45
1656691719891,CSE 21,A01,095574,Bach; Quang Tran,21,0,48,27
1656691725947,CSE 30,A01,083084,Eldon; John,5,0,80,75
1656691725947,CSE 30,B01,095061,Bhaskar; Nishant,3,0,50,47
1656691731973,CSE 100,A01,083659,Cao; Yingjun,1,6,70,69
1656691738000,CSE 134B,A01,083661,Powell; Thomas Allan,17,0,100,83
1656691744025,CSE 140,A01,083663,Gungor; Onat,14,0,85,71
1656691750050,CSE 140L,A01,083088,Eldon; John,16,0,100,84
1656691756081,CSE 175,A01,083665,Kumar; Rakesh,3,0,25,22
1656691762109,CSE 190,A00,092507,Dubnov; Shlomo,5,0,20,15
1656691768136,ECE 45,A01,083139,Congero; Spencer William,5,0,75,70
1656691774161,ECE 65,A50,083695,Saad; Andrew S,12,0,30,18
1656691774161,ECE 65,A51,095125,Saad; Andrew S,25,0,26,1
1656691780185,ECE 109,A01,091882,Touri; Behrouz,13,0,70,57
1656691786219,ECE 180,A00,083140,Abi Samra; Nicholas Camill,1,0,30,29
1656691786219,ECE 180,B00,083141,Abi Samra; Nicholas Camill,0,0,30,30
1656691792253,MATH 10A,A01,083735,Patchell; Gregory David,0,0,30,30
1656691792253,MATH 10A,A02,083736,Patchell; Gregory David,20,0,30,10
1656691792253,MATH 10A,A03,083737,Patchell; Gregory David,16,0,30,14
1656691798281,MATH 10B,A01,083207,Lim; Seonhee,7,0,34,27
1656691798281,MATH 10B,A02,083208,Lim; Seonhee,9,0,35,26
1656691798281,MATH 10B,A03,093472,Lim; Seonhee,3,0,34,31
1656691798281,MATH 10B,B01,083739,Sinha; Shubham,9,0,30,21
1656691804313,MATH 18,A01,083743,Cinel; Cameron Alexander,6,0,30,24
1656691804313,MATH 18,A02,083744,Cinel; Cameron Alexander,14,0,30,16
1656691804313,MATH 18,A03,083745,Cinel; Cameron Alexander,7,0,30,23
1656691804313,MATH 18,B01,083748,Rideout; David Porter,2,0,37,35
1656691804313,MATH 18,B02,083749,Rideout; David Porter,2,0,36,34
1656691804313,MATH 18,B03,083750,Rideout; David Porter,1,0,37,36
1656691804313,MATH 18,B04,083751,Rideout; David Porter,4,0,36,32
1656691804313,MATH 18,B05,093473,Rideout; David Porter,4,0,36,32
1656691804313,MATH 18,B06,093474,Rideout; David Porter,4,0,36,32
1656691810337,MATH 20A,A01,083754,Zheng; Zequn,12,0,40,28
1656691816363,MATH 20B,A01,083756,Briones; Jor-el Thomas Caparas,1,1,36,35
1656691816363,MATH 20B,A02,083757,Briones; Jor-el Thomas Caparas,0,0,36,36
1656691816363,MATH 20B,A03,093475,Briones; Jor-el Thomas Caparas,2,0,36,34
1656691822393,MATH 20C,A01,083760,Briones; Jor-el Thomas Caparas,0,0,35,35
1656691822393,MATH 20C,A02,083761,Briones; Jor-el Thomas Caparas,8,0,35,27
1656691822393,MATH 20C,A03,093476,Briones; Jor-el Thomas Caparas,0,1,36,36
1656691822393,MATH 20C,B01,083762,Bach; Quang Tran,0,0,30,30
1656691828423,MATH 20D,A01,083765,Tran; Brian Kha,3,0,30,27
1656691828423,MATH 20D,A02,083766,Tran; Brian Kha,2,0,30,28
1656691828423,MATH 20D,A03,083767,Tran; Brian Kha,1,0,30,29
1656691834456,MATH 20E,A01,083771,Ganguly; Soumya,4,0,32,28
1656691834456,MATH 20E,A02,083772,Ganguly; Soumya,3,0,32,29
1656691834456,MATH 20E,B01,083773,Ciotti; Benjamin,18,0,35,17
1656691834456,MATH 20E,B02,083774,Ciotti; Benjamin,18,0,35,17
1656691840482,MATH 103A,A01,083777,Greenfeld; Be'Eri,2,0,36,34
1656691840482,MATH 103A,A02,083778,Greenfeld; Be'Eri,5,0,36,31
1656691840482,MATH 103A,A03,093561,Greenfeld; Be'Eri,4,0,36,32
1656691840482,MATH 103A,B01,083779,Greenfeld; Be'Eri,6,0,36,30
1656691840482,MATH 103A,B02,083780,Greenfeld; Be'Eri,2,0,36,34
1656691840482,MATH 103A,B03,093562,Greenfeld; Be'Eri,2,0,36,34
1656691846510,MATH 105,A01,085443,Carter; Anne Toulson,13,0,35,22
1656691846510,MATH 105,A02,093477,Carter; Anne Toulson,20,0,35,15
1656691852536,MATH 109,A01,083213,Ganzberger; Geoffrey Michael,0,0,34,34
1656691852536,MATH 109,A02,083214,Ganzberger; Geoffrey Michael,1,0,34,33
1656691852536,MATH 109,A03,093478,Ganzberger; Geoffrey Michael,2,0,34,32
1656691852536,MATH 109,B01,083215,Ganzberger; Geoffrey Michael,1,0,32,31
1656691852536,MATH 109,B02,083216,Ganzberger; Geoffrey Michael,2,0,32,30
1656691852536,MATH 109,B03,093479,Ganzberger; Geoffrey Michael,6,0,32,26
1656691858568,MATH 142A,A01,083219,Chow; Bennett,4,0,32,28
1656691858568,MATH 142A,A02,083220,Chow; Bennett,9,0,32,23
1656691858568,MATH 142A,A03,093480,Chow; Bennett,6,0,32,26
1656691858568,MATH 142A,B03,093481,Chow; Bennett,5,0,32,27
1656691858568,MATH 142A,B04,093558,Chow; Bennett,10,0,32,22
1656691858568,MATH 142A,B05,093559,Chow; Bennett,4,0,32,28
1656691864596,MATH 193A,A01,083224,Rotar; Vladimir,3,0,34,31
1656691864596,MATH 193A,A02,083225,Rotar; Vladimir,2,0,34,32
1656691864596,MATH 193A,A03,083781,Rotar; Vladimir,0,0,34,34
1656691864596,MATH 193A,A04,083782,Rotar; Vladimir,4,0,34,30
1656691864596,MATH 193A,A05,093482,Rotar; Vladimir,5,0,34,29
1656691870626,MATH 197,001,091859,McAuley; Julian John,9999,0,9999,0
1656691870626,MATH 197,002,095566,Kedlaya; Kiran S.,9997,0,9999,2
1656691870626,MATH 197,003,095567,Xiao; Ming,9999,0,9999,0
1656691870626,MATH 197,004,095571,Perols; Johan Lars,9998,0,9999,1
1656691877686,COGS 9,A01,083615,Shannon; Kyle Michael,5,0,75,70
1656691883712,COGS 11,A01,083617,Boyle; Mary E. T.,17,0,48,31
1656691889745,COGS 13,A01,083071,Bastos; Amalia Pinkusfeld,6,0,71,65
1656691895771,COGS 14A,A01,092681,Semenuks; Arturs,0,3,100,100
1656691901799,COGS 14B,A01,083073,Cheng; Tzu-Han,3,0,63,60
1656691907829,COGS 17,A01,092677,Semenuks; Arturs,4,0,81,77
1656691913852,COGS 100,A01,083619,Allen; Michael Gordon,13,0,70,57
1656691919879,COGS 101A,A01,083621,Davis; Joshua Daniel,9,0,68,59
1656691925907,COGS 101B,A01,091572,Allen; Michael Gordon,3,0,65,62
1656691931935,COGS 101C,A01,083625,Delgado; Tania,17,0,35,18
1656691937962,COGS 107A,A01,083627,Boyle; Mary E. T.,11,0,60,49
1656691943985,COGS 118A,A01,083075,Gupta; Anjum,13,0,76,63
1656691950021,CSE 3,A50,083646,Miranda; Gregory Joseph,22,0,50,28
1656691956045,CSE 8A,A50,083650,Miranda; Gregory Joseph,16,1,56,40
1656691962078,CSE 11,A01,083080,Cao; Yingjun,2,17,40,38
1656691968100,CSE 12,A01,083652,Krause-Levy; Sophia Louisa,19,1,120,101
1656691974124,CSE 15L,A01,083654,Morris; Justin Loren,8,0,50,42
1656691974124,CSE 15L,A02,083655,Morris; Justin Loren,8,0,50,42
1656691980159,CSE 20,A01,083657,Tran; Khoa Dang,35,0,80,45
1656691986191,CSE 21,A01,095574,Bach; Quang Tran,21,0,48,27
1656691992219,CSE 30,A01,083084,Eldon; John,5,0,80,75
1656691992219,CSE 30,B01,095061,Bhaskar; Nishant,3,0,50,47
1656691998252,CSE 100,A01,083659,Cao; Yingjun,1,6,70,69
1656692004276,CSE 134B,A01,083661,Powell; Thomas Allan,17,0,100,83
1656692010302,CSE 140,A01,083663,Gungor; Onat,14,0,85,71
1656692016337,CSE 140L,A01,083088,Eldon; John,16,0,100,84
1656692022363,CSE 175,A01,083665,Kumar; Rakesh,3,0,25,22
1656692028392,CSE 190,A00,092507,Dubnov; Shlomo,5,0,20,15
1656692034448,ECE 45,A01,083139,Congero; Spencer William,5,0,75,70
1656692040472,ECE 65,A50,083695,Saad; Andrew S,12,0,30,18
1656692040472,ECE 65,A51,095125,Saad; Andrew S,25,0,26,1
1656692046509,ECE 109,A01,091882,Touri; Behrouz,13,0,70,57
1656692052537,ECE 180,A00,083140,Abi Samra; Nicholas Camill,1,0,30,29
1656692052537,ECE 180,B00,083141,Abi Samra; Nicholas Camill,0,0,30,30
1656692058564,MATH 10A,A01,083735,Patchell; Gregory David,0,0,30,30
1656692058564,MATH 10A,A02,083736,Patchell; Gregory David,20,0,30,10
1656692058564,MATH 10A,A03,083737,Patchell; Gregory David,16,0,30,14
1656692064599,MATH 10B,A01,083207,Lim; Seonhee,7,0,34,27
1656692064599,MATH 10B,A02,083208,Lim; Seonhee,9,0,35,26
1656692064599,MATH 10B,A03,093472,Lim; Seonhee,3,0,34,31
1656692064599,MATH 10B,B01,083739,Sinha; Shubham,9,0,30,21
1656692070624,MATH 18,A01,083743,Cinel; Cameron Alexander,6,0,30,24
1656692070624,MATH 18,A02,083744,Cinel; Cameron Alexander,14,0,30,16
1656692070624,MATH 18,A03,083745,Cinel; Cameron Alexander,7,0,30,23
1656692070624,MATH 18,B01,083748,Rideout; David Porter,2,0,37,35
1656692070624,MATH 18,B02,083749,Rideout; David Porter,2,0,36,34
1656692070624,MATH 18,B03,083750,Rideout; David Porter,1,0,37,36
1656692070624,MATH 18,B04,083751,Rideout; David Porter,4,0,36,32
1656692070624,MATH 18,B05,093473,Rideout; David Porter,4,0,36,32
1656692070624,MATH 18,B06,093474,Rideout; David Porter,4,0,36,32
1656692076657,MATH 20A,A01,083754,Zheng; Zequn,12,0,40,28
1656692082680,MATH 20B,A01,083756,Briones; Jor-el Thomas Caparas,1,1,36,35
1656692082680,MATH 20B,A02,083757,Briones; Jor-el Thomas Caparas,0,0,36,36
1656692082680,MATH 20B,A03,093475,Briones; Jor-el Thomas Caparas,2,0,36,34
1656692088714,MATH 20C,A01,083760,Briones; Jor-el Thomas Caparas,0,0,35,35
1656692088714,MATH 20C,A02,083761,Briones; Jor-el Thomas Caparas,8,0,35,27
1656692088714,MATH 20C,A03,093476,Briones; Jor-el Thomas Caparas,0,1,36,36
1656692088714,MATH 20C,B01,083762,Bach; Quang Tran,0,0,30,30
1656692094738,MATH 20D,A01,083765,Tran; Brian Kha,3,0,30,27
1656692094738,MATH 20D,A02,083766,Tran; Brian Kha,3,0,30,27
1656692094738,MATH 20D,A03,083767,Tran; Brian Kha,1,0,30,29
1656692100773,MATH 20E,A01,083771,Ganguly; Soumya,4,0,32,28
1656692100773,MATH 20E,A02,083772,Ganguly; Soumya,3,0,32,29
1656692100773,MATH 20E,B01,083773,Ciotti; Benjamin,18,0,35,17
1656692100773,MATH 20E,B02,083774,Ciotti; Benjamin,18,0,35,17
1656692106806,MATH 103A,A01,083777,Greenfeld; Be'Eri,2,0,36,34
1656692106806,MATH 103A,A02,083778,Greenfeld; Be'Eri,5,0,36,31
1656692106806,MATH 103A,A03,093561,Greenfeld; Be'Eri,4,0,36,32
1656692106806,MATH 103A,B01,083779,Greenfeld; Be'Eri,6,0,36,30
1656692106806,MATH 103A,B02,083780,Greenfeld; Be'Eri,2,0,36,34
1656692106806,MATH 103A,B03,093562,Greenfeld; Be'Eri,2,0,36,34
1656692112834,MATH 105,A01,085443,Carter; Anne Toulson,13,0,35,22
1656692112834,MATH 105,A02,093477,Carter; Anne Toulson,20,0,35,15
1656692118859,MATH 109,A01,083213,Ganzberger; Geoffrey Michael,0,0,34,34
1656692118859,MATH 109,A02,083214,Ganzberger; Geoffrey Michael,1,0,34,33
1656692118859,MATH 109,A03,093478,Ganzberger; Geoffrey Michael,2,0,34,32
1656692118859,MATH 109,B01,083215,Ganzberger; Geoffrey Michael,1,0,32,31
1656692118859,MATH 109,B02,083216,Ganzberger; Geoffrey Michael,2,0,32,30
1656692118859,MATH 109,B03,093479,Ganzberger; Geoffrey Michael,6,0,32,26
1656692124884,MATH 142A,A01,083219,Chow; Bennett,4,0,32,28
1656692124884,MATH 142A,A02,083220,Chow; Bennett,9,0,32,23
1656692124884,MATH 142A,A03,093480,Chow; Bennett,6,0,32,26
1656692124884,MATH 142A,B03,093481,Chow; Bennett,5,0,32,27
1656692124884,MATH 142A,B04,093558,Chow; Bennett,10,0,32,22
1656692124884,MATH 142A,B05,093559,Chow; Bennett,4,0,32,28
1656692130909,MATH 193A,A01,083224,Rotar; Vladimir,3,0,34,31
1656692130909,MATH 193A,A02,083225,Rotar; Vladimir,2,0,34,32
1656692130909,MATH 193A,A03,083781,Rotar; Vladimir,0,0,34,34
1656692130909,MATH 193A,A04,083782,Rotar; Vladimir,4,0,34,30
1656692130909,MATH 193A,A05,093482,Rotar; Vladimir,5,0,34,29
1656692136940,MATH 197,001,091859,McAuley; Julian John,9999,0,9999,0
1656692136940,MATH 197,002,095566,Kedlaya; Kiran S.,9997,0,9999,2
1656692136940,MATH 197,003,095567,Xiao; Ming,9999,0,9999,0
1656692136940,MATH 197,004,095571,Perols; Johan Lars,9998,0,9999,1
1656692144000,COGS 9,A01,083615,Shannon; Kyle Michael,5,0,75,70
1656692150027,COGS 11,A01,083617,Boyle; Mary E. T.,17,0,48,31
1656692156057,COGS 13,A01,083071,Bastos; Amalia Pinkusfeld,6,0,71,65
1656692162085,COGS 14A,A01,092681,Semenuks; Arturs,0,3,100,100
1656692168111,COGS 14B,A01,083073,Cheng; Tzu-Han,3,0,63,60
1656692174151,COGS 17,A01,092677,Semenuks; Arturs,4,0,81,77
1656692180185,COGS 100,A01,083619,Allen; Michael Gordon,13,0,70,57
1656692186206,COGS 101A,A01,083621,Davis; Joshua Daniel,9,0,68,59
1656692192236,COGS 101B,A01,091572,Allen; Michael Gordon,3,0,65,62
1656692198271,COGS 101C,A01,083625,Delgado; Tania,17,0,35,18
1656692204295,COGS 107A,A01,083627,Boyle; Mary E. T.,11,0,60,49
1656692210416,COGS 118A,A01,083075,Gupta; Anjum,13,0,76,63
1656692216445,CSE 3,A50,083646,Miranda; Gregory Joseph,22,0,50,28
1656692222475,CSE 8A,A50,083650,Miranda; Gregory Joseph,16,1,56,40
1656692228504,CSE 11,A01,083080,Cao; Yingjun,2,17,40,38
1656692234531,CSE 12,A01,083652,Krause-Levy; Sophia Louisa,19,1,120,101
1656692240559,CSE 15L,A01,083654,Morris; Justin Loren,8,0,50,42
1656692240559,CSE 15L,A02,083655,Morris; Justin Loren,8,0,50,42
1656692246582,CSE 20,A01,083657,Tran; Khoa Dang,35,0,80,45
1656692252609,CSE 21,A01,095574,Bach; Quang Tran,21,0,48,27
1656692258647,CSE 30,A01,083084,Eldon; John,5,0,80,75
1656692258647,CSE 30,B01,095061,Bhaskar; Nishant,3,0,50,47
1656692264675,CSE 100,A01,083659,Cao; Yingjun,1,6,70,69
1656692270699,CSE 134B,A01,083661,Powell; Thomas Allan,17,0,100,83
1656692276725,CSE 140,A01,083663,Gungor; Onat,14,0,85,71
1656692282749,CSE 140L,A01,083088,Eldon; John,16,0,100,84
1656692288780,CSE 175,A01,083665,Kumar; Rakesh,3,0,25,22
1656692294814,CSE 190,A00,092507,Dubnov; Shlomo,5,0,20,15
1656692300838,ECE 45,A01,083139,Congero; Spencer William,5,0,75,70
1656692306862,ECE 65,A50,083695,Saad; Andrew S,12,0,30,18
1656692306862,ECE 65,A51,095125,Saad; Andrew S,25,0,26,1
1656692312897,ECE 109,A01,091882,Touri; Behrouz,13,0,70,57
1656692318924,ECE 180,A00,083140,Abi Samra; Nicholas Camill,1,0,30,29
1656692318924,ECE 180,B00,083141,Abi Samra; Nicholas Camill,0,0,30,30
1656692324956,MATH 10A,A01,083735,Patchell; Gregory David,0,0,30,30
1656692324956,MATH 10A,A02,083736,Patchell; Gregory David,20,0,30,10
1656692324956,MATH 10A,A03,083737,Patchell; Gregory David,16,0,30,14
1656692330988,MATH 10B,A01,083207,Lim; Seonhee,7,0,34,27
1656692330988,MATH 10B,A02,083208,Lim; Seonhee,9,0,35,26
1656692330988,MATH 10B,A03,093472,Lim; Seonhee,3,0,34,31
1656692330988,MATH 10B,B01,083739,Sinha; Shubham,9,0,30,21
1656692337013,MATH 18,A01,083743,Cinel; Cameron Alexander,6,0,30,24
1656692337013,MATH 18,A02,083744,Cinel; Cameron Alexander,14,0,30,16
1656692337013,MATH 18,A03,083745,Cinel; Cameron Alexander,7,0,30,23
1656692337013,MATH 18,B01,083748,Rideout; David Porter,2,0,37,35
1656692337013,MATH 18,B02,083749,Rideout; David Porter,2,0,36,34
1656692337013,MATH 18,B03,083750,Rideout; David Porter,1,0,37,36
1656692337013,MATH 18,B04,083751,Rideout; David Porter,4,0,36,32
1656692337013,MATH 18,B05,093473,Rideout; David Porter,4,0,36,32
1656692337013,MATH 18,B06,093474,Rideout; David Porter,4,0,36,32
1656692343037,MATH 20A,A01,083754,Zheng; Zequn,12,0,40,28
1656692349067,MATH 20B,A01,083756,Briones; Jor-el Thomas Caparas,1,1,36,35
1656692349067,MATH 20B,A02,083757,Briones; Jor-el Thomas Caparas,0,0,36,36
1656692349067,MATH 20B,A03,093475,Briones; Jor-el Thomas Caparas,2,0,36,34
1656692355096,MATH 20C,A01,083760,Briones; Jor-el Thomas Caparas,0,0,35,35
1656692355096,MATH 20C,A02,083761,Briones; Jor-el Thomas Caparas,8,0,35,27
1656692355096,MATH 20C,A03,093476,Briones; Jor-el Thomas Caparas,0,1,36,36
1656692355096,MATH 20C,B01,083762,Bach; Quang Tran,0,0,30,30
1656692361120,MATH 20D,A01,083765,Tran; Brian Kha,3,0,30,27
1656692361120,MATH 20D,A02,083766,Tran; Brian Kha,3,0,30,27
1656692361120,MATH 20D,A03,083767,Tran; Brian Kha,1,0,30,29
1656692367149,MATH 20E,A01,083771,Ganguly; Soumya,4,0,32,28
1656692367149,MATH 20E,A02,083772,Ganguly; Soumya,3,0,32,29
1656692367149,MATH 20E,B01,083773,Ciotti; Benjamin,18,0,35,17
1656692367149,MATH 20E,B02,083774,Ciotti; Benjamin,18,0,35,17
1656692373179,MATH 103A,A01,083777,Greenfeld; Be'Eri,2,0,36,34
1656692373179,MATH 103A,A02,083778,Greenfeld; Be'Eri,5,0,36,31
1656692373179,MATH 103A,A03,093561,Greenfeld; Be'Eri,4,0,36,32
1656692373179,MATH 103A,B01,083779,Greenfeld; Be'Eri,6,0,36,30
1656692373179,MATH 103A,B02,083780,Greenfeld; Be'Eri,2,0,36,34
1656692373179,MATH 103A,B03,093562,Greenfeld; Be'Eri,2,0,36,34
1656692379203,MATH 105,A01,085443,Carter; Anne Toulson,13,0,35,22
1656692379203,MATH 105,A02,093477,Carter; Anne Toulson,20,0,35,15
1656692385229,MATH 109,A01,083213,Ganzberger; Geoffrey Michael,0,0,34,34
1656692385229,MATH 109,A02,083214,Ganzberger; Geoffrey Michael,1,0,34,33
1656692385229,MATH 109,A03,093478,Ganzberger; Geoffrey Michael,2,0,34,32
1656692385229,MATH 109,B01,083215,Ganzberger; Geoffrey Michael,1,0,32,31
1656692385229,MATH 109,B02,083216,Ganzberger; Geoffrey Michael,2,0,32,30
1656692385229,MATH 109,B03,093479,Ganzberger; Geoffrey Michael,6,0,32,26
1656692391255,MATH 142A,A01,083219,Chow; Bennett,4,0,32,28
1656692391255,MATH 142A,A02,083220,Chow; Bennett,9,0,32,23
1656692391255,MATH 142A,A03,093480,Chow; Bennett,6,0,32,26
1656692391255,MATH 142A,B03,093481,Chow; Bennett,5,0,32,27
1656692391255,MATH 142A,B04,093558,Chow; Bennett,10,0,32,22
1656692391255,MATH 142A,B05,093559,Chow; Bennett,4,0,32,28
1656692397285,MATH 193A,A01,083224,Rotar; Vladimir,3,0,34,31
1656692397285,MATH 193A,A02,083225,Rotar; Vladimir,2,0,34,32
1656692397285,MATH 193A,A03,083781,Rotar; Vladimir,0,0,34,34
1656692397285,MATH 193A,A04,083782,Rotar; Vladimir,4,0,34,30
1656692397285,MATH 193A,A05,093482,Rotar; Vladimir,5,0,34,29
1656692403319,MATH 197,001,091859,McAuley; Julian John,9999,0,9999,0
1656692403319,MATH 197,002,095566,Kedlaya; Kiran S.,9997,0,9999,2
1656692403319,MATH 197,003,095567,Xiao; Ming,9999,0,9999,0
1656692403319,MATH 197,004,095571,Perols; Johan Lars,9998,0,9999,1
1656692410392,COGS 9,A01,083615,Shannon; Kyle Michael,5,0,75,70
1656692416422,COGS 11,A01,083617,Boyle; Mary E. T.,17,0,48,31
1656692422447,COGS 13,A01,083071,Bastos; Amalia Pinkusfeld,6,0,71,65
1656692428471,COGS 14A,A01,092681,Semenuks; Arturs,0,3,100,100
1656692434496,COGS 14B,A01,083073,Cheng; Tzu-Han,3,0,63,60
1656692440520,COGS 17,A01,092677,Semenuks; Arturs,4,0,81,77
1656692446558,COGS 100,A01,083619,Allen; Michael Gordon,13,0,70,57
1656692452592,COGS 101A,A01,083621,Davis; Joshua Daniel,9,0,68,59
1656692458615,COGS 101B,A01,091572,Allen; Michael Gordon,3,0,65,62
1656692464641,COGS 101C,A01,083625,Delgado; Tania,17,0,35,18
1656692470663,COGS 107A,A01,083627,Boyle; Mary E. T.,11,0,60,49
1656692476685,COGS 118A,A01,083075,Gupta; Anjum,13,0,76,63
1656692482710,CSE 3,A50,083646,Miranda; Gregory Joseph,22,0,50,28
1656692488733,CSE 8A,A50,083650,Miranda; Gregory Joseph,16,1,56,40
1656692494758,CSE 11,A01,083080,Cao; Yingjun,2,17,40,38
1656692500785,CSE 12,A01,083652,Krause-Levy; Sophia Louisa,19,1,120,101
1656692506810,CSE 15L,A01,083654,Morris; Justin Loren,8,0,50,42
1656692506810,CSE 15L,A02,083655,Morris; Justin Loren,8,0,50,42
1656692512834,CSE 20,A01,083657,Tran; Khoa Dang,35,0,80,45
1656692518856,CSE 21,A01,095574,Bach; Quang Tran,21,0,48,27
1656692524886,CSE 30,A01,083084,Eldon; John,5,0,80,75
1656692524886,CSE 30,B01,095061,Bhaskar; Nishant,3,0,50,47
1656692530913,CSE 100,A01,083659,Cao; Yingjun,1,6,70,69
1656692536948,CSE 134B,A01,083661,Powell; Thomas Allan,17,0,100,83
1656692542978,CSE 140,A01,083663,Gungor; Onat,14,0,85,71
1656692549005,CSE 140L,A01,083088,Eldon; John,16,0,100,84
1656692555032,CSE 175,A01,083665,Kumar; Rakesh,3,0,25,22
1656692561055,CSE 190,A00,092507,Dubnov; Shlomo,5,0,20,15
1656692567086,ECE 45,A01,083139,Congero; Spencer William,5,0,75,70
1656692573119,ECE 65,A50,083695,Saad; Andrew S,12,0,30,18
1656692573119,ECE 65,A51,095125,Saad; Andrew S,25,0,26,1
1656692579144,ECE 109,A01,091882,Touri; Behrouz,13,0,70,57
1656692585173,ECE 180,A00,083140,Abi Samra; Nicholas Camill,1,0,30,29
1656692585173,ECE 180,B00,083141,Abi Samra; Nicholas Camill,0,0,30,30
1656692591208,MATH 10A,A01,083735,Patchell; Gregory David,0,0,30,30
1656692591208,MATH 10A,A02,083736,Patchell; Gregory David,20,0,30,10
1656692591208,MATH 10A,A03,083737,Patchell; Gregory David,16,0,30,14
1656692597237,MATH 10B,A01,083207,Lim; Seonhee,7,0,34,27
1656692597237,MATH 10B,A02,083208,Lim; Seonhee,9,0,35,26
1656692597237,MATH 10B,A03,093472,Lim; Seonhee,3,0,34,31
1656692597237,MATH 10B,B01,083739,Sinha; Shubham,9,0,30,21
1656692603264,MATH 18,A01,083743,Cinel; Cameron Alexander,6,0,30,24
1656692603264,MATH 18,A02,083744,Cinel; Cameron Alexander,14,0,30,16
1656692603264,MATH 18,A03,083745,Cinel; Cameron Alexander,7,0,30,23
1656692603264,MATH 18,B01,083748,Rideout; David Porter,2,0,37,35
1656692603264,MATH 18,B02,083749,Rideout; David Porter,2,0,36,34
1656692603264,MATH 18,B03,083750,Rideout; David Porter,1,0,37,36
1656692603264,MATH 18,B04,083751,Rideout; David Porter,4,0,36,32
1656692603264,MATH 18,B05,093473,Rideout; David Porter,4,0,36,32
1656692603264,MATH 18,B06,093474,Rideout; David Porter,4,0,36,32
1656692609303,MATH 20A,A01,083754,Zheng; Zequn,12,0,40,28
1656692615328,MATH 20B,A01,083756,Briones; Jor-el Thomas Caparas,1,1,36,35
1656692615328,MATH 20B,A02,083757,Briones; Jor-el Thomas Caparas,0,0,36,36
1656692615328,MATH 20B,A03,093475,Briones; Jor-el Thomas Caparas,2,0,36,34
1656692621363,MATH 20C,A01,083760,Briones; Jor-el Thomas Caparas,0,0,35,35
1656692621363,MATH 20C,A02,083761,Briones; Jor-el Thomas Caparas,8,0,35,27
1656692621363,MATH 20C,A03,093476,Briones; Jor-el Thomas Caparas,0,1,36,36
1656692621363,MATH 20C,B01,083762,Bach; Quang Tran,0,0,30,30
1656692627388,MATH 20D,A01,083765,Tran; Brian Kha,3,0,30,27
1656692627388,MATH 20D,A02,083766,Tran; Brian Kha,3,0,30,27
1656692627388,MATH 20D,A03,083767,Tran; Brian Kha,1,0,30,29
1656692633413,MATH 20E,A01,083771,Ganguly; Soumya,4,0,32,28
1656692633413,MATH 20E,A02,083772,Ganguly; Soumya,3,0,32,29
1656692633413,MATH 20E,B01,083773,Ciotti; Benjamin,18,0,35,17
1656692633413,MATH 20E,B02,083774,Ciotti; Benjamin,18,0,35,17
1656692639452,MATH 103A,A01,083777,Greenfeld; Be'Eri,2,0,36,34
1656692639452,MATH 103A,A02,083778,Greenfeld; Be'Eri,5,0,36,31
1656692639452,MATH 103A,A03,093561,Greenfeld; Be'Eri,4,0,36,32
1656692639452,MATH 103A,B01,083779,Greenfeld; Be'Eri,6,0,36,30
1656692639452,MATH 103A,B02,083780,Greenfeld; Be'Eri,2,0,36,34
1656692639452,MATH 103A,B03,093562,Greenfeld; Be'Eri,2,0,36,34
1656692645480,MATH 105,A01,085443,Carter; Anne Toulson,13,0,35,22
1656692645480,MATH 105,A02,093477,Carter; Anne Toulson,20,0,35,15
1656692651504,MATH 109,A01,083213,Ganzberger; Geoffrey Michael,0,0,34,34
1656692651504,MATH 109,A02,083214,Ganzberger; Geoffrey Michael,1,0,34,33
1656692651504,MATH 109,A03,093478,Ganzberger; Geoffrey Michael,2,0,34,32
1656692651504,MATH 109,B01,083215,Ganzberger; Geoffrey Michael,1,0,32,31
1656692651504,MATH 109,B02,083216,Ganzberger; Geoffrey Michael,2,0,32,30
1656692651504,MATH 109,B03,093479,Ganzberger; Geoffrey Michael,6,0,32,26
1656692657536,MATH 142A,A01,083219,Chow; Bennett,4,0,32,28
1656692657536,MATH 142A,A02,083220,Chow; Bennett,9,0,32,23
1656692657536,MATH 142A,A03,093480,Chow; Bennett,6,0,32,26
1656692657536,MATH 142A,B03,093481,Chow; Bennett,5,0,32,27
1656692657536,MATH 142A,B04,093558,Chow; Bennett,10,0,32,22
1656692657536,MATH 142A,B05,093559,Chow; Bennett,4,0,32,28
1656692663559,MATH 193A,A01,083224,Rotar; Vladimir,3,0,34,31
1656692663559,MATH 193A,A02,083225,Rotar; Vladimir,2,0,34,32
1656692663559,MATH 193A,A03,083781,Rotar; Vladimir,0,0,34,34
1656692663559,MATH 193A,A04,083782,Rotar; Vladimir,4,0,34,30
1656692663559,MATH 193A,A05,093482,Rotar; Vladimir,5,0,34,29
1656692669582,MATH 197,001,091859,McAuley; Julian John,9999,0,9999,0
1656692669582,MATH 197,002,095566,Kedlaya; Kiran S.,9997,0,9999,2
1656692669582,MATH 197,003,095567,Xiao; Ming,9999,0,9999,0
1656692669582,MATH 197,004,095571,Perols; Johan Lars,9998,0,9999,1
1656692676646,COGS 9,A01,083615,Shannon; Kyle Michael,5,0,75,70
1656692682690,COGS 11,A01,083617,Boyle; Mary E. T.,17,0,48,31
1656692688714,COGS 13,A01,083071,Bastos; Amalia Pinkusfeld,6,0,71,65
1656692694755,COGS 14A,A01,092681,Semenuks; Arturs,0,3,100,100
1656692700783,COGS 14B,A01,083073,Cheng; Tzu-Han,3,0,63,60
1656692706808,COGS 17,A01,092677,Semenuks; Arturs,4,0,81,77
1656692712839,COGS 100,A01,083619,Allen; Michael Gordon,13,0,70,57
1656692718869,COGS 101A,A01,083621,Davis; Joshua Daniel,9,0,68,59
1656692724894,COGS 101B,A01,091572,Allen; Michael Gordon,3,0,65,62
1656692730917,COGS 101C,A01,083625,Delgado; Tania,17,0,35,18
1656692736940,COGS 107A,A01,083627,Boyle; Mary E. T.,11,0,60,49
1656692742963,COGS 118A,A01,083075,Gupta; Anjum,13,0,76,63
1656692748989,CSE 3,A50,083646,Miranda; Gregory Joseph,22,0,50,28
1656692755019,CSE 8A,A50,083650,Miranda; Gregory Joseph,16,1,56,40
1656692761043,CSE 11,A01,083080,Cao; Yingjun,2,17,40,38
1656692767069,CSE 12,A01,083652,Krause-Levy; Sophia Louisa,19,1,120,101
1656692773105,CSE 15L,A01,083654,Morris; Justin Loren,8,0,50,42
1656692773105,CSE 15L,A02,083655,Morris; Justin Loren,8,0,50,42
1656692779134,CSE 20,A01,083657,Tran; Khoa Dang,35,0,80,45
1656692785158,CSE 21,A01,095574,Bach; Quang Tran,21,0,48,27
1656692791181,CSE 30,A01,083084,Eldon; John,5,0,80,75
1656692791181,CSE 30,B01,095061,Bhaskar; Nishant,3,0,50,47
1656692797205,CSE 100,A01,083659,Cao; Yingjun,1,6,70,69
1656692803233,CSE 134B,A01,083661,Powell; Thomas Allan,17,0,100,83
1656692809341,CSE 140,A01,083663,Gungor; Onat,14,0,85,71
1656692815366,CSE 140L,A01,083088,Eldon; John,16,0,100,84
1656692821400,CSE 175,A01,083665,Kumar; Rakesh,3,0,25,22
1656692827427,CSE 190,A00,092507,Dubnov; Shlomo,5,0,20,15
1656692833451,ECE 45,A01,083139,Congero; Spencer William,5,0,75,70
1656692839476,ECE 65,A50,083695,Saad; Andrew S,12,0,30,18
1656692839476,ECE 65,A51,095125,Saad; Andrew S,25,0,26,1
1656692845499,ECE 109,A01,091882,Touri; Behrouz,13,0,70,57
1656692851523,ECE 180,A00,083140,Abi Samra; Nicholas Camill,1,0,30,29
1656692851523,ECE 180,B00,083141,Abi Samra; Nicholas Camill,0,0,30,30
1656692857551,MATH 10A,A01,083735,Patchell; Gregory David,0,0,30,30
1656692857551,MATH 10A,A02,083736,Patchell; Gregory David,20,0,30,10
1656692857551,MATH 10A,A03,083737,Patchell; Gregory David,16,0,30,14
1656692863583,MATH 10B,A01,083207,Lim; Seonhee,7,0,34,27
1656692863583,MATH 10B,A02,083208,Lim; Seonhee,9,0,35,26
1656692863583,MATH 10B,A03,093472,Lim; Seonhee,3,0,34,31
1656692863583,MATH 10B,B01,083739,Sinha; Shubham,9,0,30,21
1656692869608,MATH 18,A01,083743,Cinel; Cameron Alexander,6,0,30,24
1656692869608,MATH 18,A02,083744,Cinel; Cameron Alexander,14,0,30,16
1656692869608,MATH 18,A03,083745,Cinel; Cameron Alexander,7,0,30,23
1656692869608,MATH 18,B01,083748,Rideout; David Porter,2,0,37,35
1656692869608,MATH 18,B02,083749,Rideout; David Porter,2,0,36,34
1656692869608,MATH 18,B03,083750,Rideout; David Porter,1,0,37,36
1656692869608,MATH 18,B04,083751,Rideout; David Porter,4,0,36,32
1656692869608,MATH 18,B05,093473,Rideout; David Porter,4,0,36,32
1656692869608,MATH 18,B06,093474,Rideout; David Porter,4,0,36,32
1656692875635,MATH 20A,A01,083754,Zheng; Zequn,12,0,40,28
1656692881662,MATH 20B,A01,083756,Briones; Jor-el Thomas Caparas,1,1,36,35
1656692881662,MATH 20B,A02,083757,Briones; Jor-el Thomas Caparas,0,0,36,36
1656692881662,MATH 20B,A03,093475,Briones; Jor-el Thomas Caparas,2,0,36,34
1656692887687,MATH 20C,A01,083760,Briones; Jor-el Thomas Caparas,0,0,35,35
1656692887687,MATH 20C,A02,083761,Briones; Jor-el Thomas Caparas,8,0,35,27
1656692887687,MATH 20C,A03,093476,Briones; Jor-el Thomas Caparas,0,1,36,36
1656692887687,MATH 20C,B01,083762,Bach; Quang Tran,0,0,30,30
1656692893712,MATH 20D,A01,083765,Tran; Brian Kha,3,0,30,27
1656692893712,MATH 20D,A02,083766,Tran; Brian Kha,3,0,30,27
1656692893712,MATH 20D,A03,083767,Tran; Brian Kha,1,0,30,29
1656692899756,MATH 20E,A01,083771,Ganguly; Soumya,4,0,32,28
1656692899756,MATH 20E,A02,083772,Ganguly; Soumya,3,0,32,29
1656692899756,MATH 20E,B01,083773,Ciotti; Benjamin,18,0,35,17
1656692899756,MATH 20E,B02,083774,Ciotti; Benjamin,18,0,35,17
1656692905784,MATH 103A,A01,083777,Greenfeld; Be'Eri,2,0,36,34
1656692905784,MATH 103A,A02,083778,Greenfeld; Be'Eri,5,0,36,31
1656692905784,MATH 103A,A03,093561,Greenfeld; Be'Eri,4,0,36,32
1656692905784,MATH 103A,B01,083779,Greenfeld; Be'Eri,6,0,36,30
1656692905784,MATH 103A,B02,083780,Greenfeld; Be'Eri,2,0,36,34
1656692905784,MATH 103A,B03,093562,Greenfeld; Be'Eri,2,0,36,34
1656692911806,MATH 105,A01,085443,Carter; Anne Toulson,13,0,35,22
1656692911806,MATH 105,A02,093477,Carter; Anne Toulson,20,0,35,15
1656692917832,MATH 109,A01,083213,Ganzberger; Geoffrey Michael,0,0,34,34
1656692917832,MATH 109,A02,083214,Ganzberger; Geoffrey Michael,1,0,34,33
1656692917832,MATH 109,A03,093478,Ganzberger; Geoffrey Michael,2,0,34,32
1656692917832,MATH 109,B01,083215,Ganzberger; Geoffrey Michael,1,0,32,31
1656692917832,MATH 109,B02,083216,Ganzberger; Geoffrey Michael,2,0,32,30
1656692917832,MATH 109,B03,093479,Ganzberger; Geoffrey Michael,6,0,32,26
1656692923860,MATH 142A,A01,083219,Chow; Bennett,4,0,32,28
1656692923860,MATH 142A,A02,083220,Chow; Bennett,9,0,32,23
1656692923860,MATH 142A,A03,093480,Chow; Bennett,6,0,32,26
1656692923860,MATH 142A,B03,093481,Chow; Bennett,5,0,32,27
1656692923860,MATH 142A,B04,093558,Chow; Bennett,10,0,32,22
1656692923860,MATH 142A,B05,093559,Chow; Bennett,4,0,32,28
1656692929884,MATH 193A,A01,083224,Rotar; Vladimir,3,0,34,31
1656692929884,MATH 193A,A02,083225,Rotar; Vladimir,2,0,34,32
1656692929884,MATH 193A,A03,083781,Rotar; Vladimir,0,0,34,34
1656692929884,MATH 193A,A04,083782,Rotar; Vladimir,4,0,34,30
1656692929884,MATH 193A,A05,093482,Rotar; Vladimir,5,0,34,29
1656692935907,MATH 197,001,091859,McAuley; Julian John,9999,0,9999,0
1656692935907,MATH 197,002,095566,Kedlaya; Kiran S.,9997,0,9999,2
1656692935907,MATH 197,003,095567,Xiao; Ming,9999,0,9999,0
1656692935907,MATH 197,004,095571,Perols; Johan Lars,9998,0,9999,1
1656692942959,COGS 9,A01,083615,Shannon; Kyle Michael,5,0,75,70
1656692948982,COGS 11,A01,083617,Boyle; Mary E. T.,17,0,48,31
1656692955006,COGS 13,A01,083071,Bastos; Amalia Pinkusfeld,6,0,71,65
1656692961034,COGS 14A,A01,092681,Semenuks; Arturs,0,3,100,100
1656692967057,COGS 14B,A01,083073,Cheng; Tzu-Han,3,0,63,60
1656692973081,COGS 17,A01,092677,Semenuks; Arturs,4,0,81,77
1656692979107,COGS 100,A01,083619,Allen; Michael Gordon,13,0,70,57
1656692985145,COGS 101A,A01,083621,Davis; Joshua Daniel,9,0,68,59
1656692991178,COGS 101B,A01,091572,Allen; Michael Gordon,3,0,65,62
1656692997203,COGS 101C,A01,083625,Delgado; Tania,17,0,35,18
1656693003226,COGS 107A,A01,083627,Boyle; Mary E. T.,11,0,60,49
1656693009258,COGS 118A,A01,083075,Gupta; Anjum,13,0,76,63
1656693015294,CSE 3,A50,083646,Miranda; Gregory Joseph,22,0,50,28
1656693021318,CSE 8A,A50,083650,Miranda; Gregory Joseph,16,1,56,40
1656693027341,CSE 11,A01,083080,Cao; Yingjun,2,17,40,38
1656693033364,CSE 12,A01,083652,Krause-Levy; Sophia Louisa,19,1,120,101
1656693039391,CSE 15L,A01,083654,Morris; Justin Loren,8,0,50,42
1656693039391,CSE 15L,A02,083655,Morris; Justin Loren,8,0,50,42
1656693045423,CSE 20,A01,083657,Tran; Khoa Dang,35,0,80,45
1656693051447,CSE 21,A01,095574,Bach; Quang Tran,21,0,48,27
1656693057471,CSE 30,A01,083084,Eldon; John,5,0,80,75
1656693057471,CSE 30,B01,095061,Bhaskar; Nishant,3,0,50,47
1656693063496,CSE 100,A01,083659,Cao; Yingjun,1,6,70,69
1656693069519,CSE 134B,A01,083661,Powell; Thomas Allan,17,0,100,83
1656693075546,CSE 140,A01,083663,Gungor; Onat,14,0,85,71
1656693081571,CSE 140L,A01,083088,Eldon; John,16,0,100,84
1656693087596,CSE 175,A01,083665,Kumar; Rakesh,3,0,25,22
1656693093622,CSE 190,A00,092507,Dubnov; Shlomo,5,0,20,15
1656693099650,ECE 45,A01,083139,Congero; Spencer William,5,0,75,70
1656693105677,ECE 65,A50,083695,Saad; Andrew S,12,0,30,18
1656693105677,ECE 65,A51,095125,Saad; Andrew S,25,0,26,1
1656693111707,ECE 109,A01,091882,Touri; Behrouz,13,0,70,57
1656693117730,ECE 180,A00,083140,Abi Samra; Nicholas Camill,1,0,30,29
1656693117730,ECE 180,B00,083141,Abi Samra; Nicholas Camill,0,0,30,30
1656693123759,MATH 10A,A01,083735,Patchell; Gregory David,0,0,30,30
1656693123759,MATH 10A,A02,083736,Patchell; Gregory David,20,0,30,10
1656693123759,MATH 10A,A03,083737,Patchell; Gregory David,16,0,30,14
1656693129784,MATH 10B,A01,083207,Lim; Seonhee,7,0,34,27
1656693129784,MATH 10B,A02,083208,Lim; Seonhee,9,0,35,26
1656693129784,MATH 10B,A03,093472,Lim; Seonhee,3,0,34,31
1656693129784,MATH 10B,B01,083739,Sinha; Shubham,9,0,30,21
1656693135808,MATH 18,A01,083743,Cinel; Cameron Alexander,6,0,30,24
1656693135808,MATH 18,A02,083744,Cinel; Cameron Alexander,14,0,30,16
1656693135808,MATH 18,A03,083745,Cinel; Cameron Alexander,7,0,30,23
1656693135808,MATH 18,B01,083748,Rideout; David Porter,2,0,37,35
1656693135808,MATH 18,B02,083749,Rideout; David Porter,2,0,36,34
1656693135808,MATH 18,B03,083750,Rideout; David Porter,1,0,37,36
1656693135808,MATH 18,B04,083751,Rideout; David Porter,4,0,36,32
1656693135808,MATH 18,B05,093473,Rideout; David Porter,4,0,36,32
1656693135808,MATH 18,B06,093474,Rideout; David Porter,4,0,36,32
1656693141830,MATH 20A,A01,083754,Zheng; Zequn,12,0,40,28
1656693147857,MATH 20B,A01,083756,Briones; Jor-el Thomas Caparas,1,1,36,35
1656693147857,MATH 20B,A02,083757,Briones; Jor-el Thomas Caparas,0,0,36,36
1656693147857,MATH 20B,A03,093475,Briones; Jor-el Thomas Caparas,2,0,36,34
1656693153880,MATH 20C,A01,083760,Briones; Jor-el Thomas Caparas,0,0,35,35
1656693153880,MATH 20C,A02,083761,Briones; Jor-el Thomas Caparas,8,0,35,27
1656693153880,MATH 20C,A03,093476,Briones; Jor-el Thomas Caparas,0,1,36,36
1656693153880,MATH 20C,B01,083762,Bach; Quang Tran,0,0,30,30
1656693159903,MATH 20D,A01,083765,Tran; Brian Kha,3,0,30,27
1656693159903,MATH 20D,A02,083766,Tran; Brian Kha,3,0,30,27
1656693159903,MATH 20D,A03,083767,Tran; Brian Kha,1,0,30,29
1656693165932,MATH 20E,A01,083771,Ganguly; Soumya,4,0,32,28
1656693165932,MATH 20E,A02,083772,Ganguly; Soumya,3,0,32,29
1656693165932,MATH 20E,B01,083773,Ciotti; Benjamin,18,0,35,17
1656693165932,MATH 20E,B02,083774,Ciotti; Benjamin,18,0,35,17
1656693171955,MATH 103A,A01,083777,Greenfeld; Be'Eri,2,0,36,34
1656693171955,MATH 103A,A02,083778,Greenfeld; Be'Eri,5,0,36,31
1656693171955,MATH 103A,A03,093561,Greenfeld; Be'Eri,4,0,36,32
1656693171955,MATH 103A,B01,083779,Greenfeld; Be'Eri,6,0,36,30
1656693171955,MATH 103A,B02,083780,Greenfeld; Be'Eri,2,0,36,34
1656693171955,MATH 103A,B03,093562,Greenfeld; Be'Eri,2,0,36,34
1656693177980,MATH 105,A01,085443,Carter; Anne Toulson,13,0,35,22
1656693177980,MATH 105,A02,093477,Carter; Anne Toulson,20,0,35,15
1656693184009,MATH 109,A01,083213,Ganzberger; Geoffrey Michael,0,0,34,34
1656693184009,MATH 109,A02,083214,Ganzberger; Geoffrey Michael,1,0,34,33
1656693184009,MATH 109,A03,093478,Ganzberger; Geoffrey Michael,2,0,34,32
1656693184009,MATH 109,B01,083215,Ganzberger; Geoffrey Michael,1,0,32,31
1656693184009,MATH 109,B02,083216,Ganzberger; Geoffrey Michael,2,0,32,30
1656693184009,MATH 109,B03,093479,Ganzberger; Geoffrey Michael,7,0,32,25
1656693190031,MATH 142A,A01,083219,Chow; Bennett,4,0,32,28
1656693190031,MATH 142A,A02,083220,Chow; Bennett,9,0,32,23
1656693190031,MATH 142A,A03,093480,Chow; Bennett,6,0,32,26
1656693190031,MATH 142A,B03,093481,Chow; Bennett,5,0,32,27
1656693190031,MATH 142A,B04,093558,Chow; Bennett,10,0,32,22
1656693190031,MATH 142A,B05,093559,Chow; Bennett,4,0,32,28
1656693196062,MATH 193A,A01,083224,Rotar; Vladimir,3,0,34,31
1656693196062,MATH 193A,A02,083225,Rotar; Vladimir,2,0,34,32
1656693196062,MATH 193A,A03,083781,Rotar; Vladimir,0,0,34,34
1656693196062,MATH 193A,A04,083782,Rotar; Vladimir,4,0,34,30
1656693196062,MATH 193A,A05,093482,Rotar; Vladimir,5,0,34,29
1656693202089,MATH 197,001,091859,McAuley; Julian John,9999,0,9999,0
1656693202089,MATH 197,002,095566,Kedlaya; Kiran S.,9997,0,9999,2
1656693202089,MATH 197,003,095567,Xiao; Ming,9999,0,9999,0
1656693202089,MATH 197,004,095571,Perols; Johan Lars,9998,0,9999,1
1656693209146,COGS 9,A01,083615,Shannon; Kyle Michael,5,0,75,70
1656693215169,COGS 11,A01,083617,Boyle; Mary E. T.,17,0,48,31
1656693221198,COGS 13,A01,083071,Bastos; Amalia Pinkusfeld,6,0,71,65
1656693227230,COGS 14A,A01,092681,Semenuks; Arturs,0,3,100,100
1656693233262,COGS 14B,A01,083073,Cheng; Tzu-Han,3,0,63,60
1656693239291,COGS 17,A01,092677,Semenuks; Arturs,4,0,81,77
1656693245314,COGS 100,A01,083619,Allen; Michael Gordon,13,0,70,57
1656693251337,COGS 101A,A01,083621,Davis; Joshua Daniel,9,0,68,59
1656693257369,COGS 101B,A01,091572,Allen; Michael Gordon,3,0,65,62
1656693263393,COGS 101C,A01,083625,Delgado; Tania,17,0,35,18
1656693269425,COGS 107A,A01,083627,Boyle; Mary E. T.,11,0,60,49
1656693275456,COGS 118A,A01,083075,Gupta; Anjum,13,0,76,63
1656693281486,CSE 3,A50,083646,Miranda; Gregory Joseph,22,0,50,28
1656693287509,CSE 8A,A50,083650,Miranda; Gregory Joseph,16,1,56,40
1656693293541,CSE 11,A01,083080,Cao; Yingjun,2,17,40,38
1656693299566,CSE 12,A01,083652,Krause-Levy; Sophia Louisa,19,1,120,101
1656693305611,CSE 15L,A01,083654,Morris; Justin Loren,8,0,50,42
1656693305611,CSE 15L,A02,083655,Morris; Justin Loren,8,0,50,42
1656693311636,CSE 20,A01,083657,Tran; Khoa Dang,35,0,80,45
1656693317664,CSE 21,A01,095574,Bach; Quang Tran,21,0,48,27
1656693323688,CSE 30,A01,083084,Eldon; John,5,0,80,75
1656693323688,CSE 30,B01,095061,Bhaskar; Nishant,3,0,50,47
1656693329713,CSE 100,A01,083659,Cao; Yingjun,1,6,70,69
1656693335745,CSE 134B,A01,083661,Powell; Thomas Allan,17,0,100,83
1656693341770,CSE 140,A01,083663,Gungor; Onat,14,0,85,71
1656693347796,CSE 140L,A01,083088,Eldon; John,16,0,100,84
1656693353819,CSE 175,A01,083665,Kumar; Rakesh,3,0,25,22
1656693359850,CSE 190,A00,092507,Dubnov; Shlomo,5,0,20,15
1656693365887,ECE 45,A01,083139,Congero; Spencer William,5,0,75,70
1656693371915,ECE 65,A50,083695,Saad; Andrew S,12,0,30,18
1656693371915,ECE 65,A51,095125,Saad; Andrew S,25,0,26,1
1656693377942,ECE 109,A01,091882,Touri; Behrouz,13,0,70,57
1656693383967,ECE 180,A00,083140,Abi Samra; Nicholas Camill,1,0,30,29
1656693383967,ECE 180,B00,083141,Abi Samra; Nicholas Camill,0,0,30,30
1656693389995,MATH 10A,A01,083735,Patchell; Gregory David,0,0,30,30
1656693389995,MATH 10A,A02,083736,Patchell; Gregory David,20,0,30,10
1656693389995,MATH 10A,A03,083737,Patchell; Gregory David,16,0,30,14
1656693396023,MATH 10B,A01,083207,Lim; Seonhee,7,0,34,27
1656693396023,MATH 10B,A02,083208,Lim; Seonhee,9,0,35,26
1656693396023,MATH 10B,A03,093472,Lim; Seonhee,3,0,34,31
1656693396023,MATH 10B,B01,083739,Sinha; Shubham,9,0,30,21
1656693402053,MATH 18,A01,083743,Cinel; Cameron Alexander,6,0,30,24
1656693402053,MATH 18,A02,083744,Cinel; Cameron Alexander,14,0,30,16
1656693402053,MATH 18,A03,083745,Cinel; Cameron Alexander,7,0,30,23
1656693402053,MATH 18,B01,083748,Rideout; David Porter,2,0,37,35
1656693402053,MATH 18,B02,083749,Rideout; David Porter,2,0,36,34
1656693402053,MATH 18,B03,083750,Rideout; David Porter,1,0,37,36
1656693402053,MATH 18,B04,083751,Rideout; David Porter,4,0,36,32
1656693402053,MATH 18,B05,093473,Rideout; David Porter,4,0,36,32
1656693402053,MATH 18,B06,093474,Rideout; David Porter,4,0,36,32
1656693408159,MATH 20A,A01,083754,Zheng; Zequn,12,0,40,28
1656693414187,MATH 20B,A01,083756,Briones; Jor-el Thomas Caparas,1,1,36,35
1656693414187,MATH 20B,A02,083757,Briones; Jor-el Thomas Caparas,0,0,36,36
1656693414187,MATH 20B,A03,093475,Briones; Jor-el Thomas Caparas,2,0,36,34
1656693420216,MATH 20C,A01,083760,Briones; Jor-el Thomas Caparas,0,0,35,35
1656693420216,MATH 20C,A02,083761,Briones; Jor-el Thomas Caparas,8,0,35,27
1656693420216,MATH 20C,A03,093476,Briones; Jor-el Thomas Caparas,0,1,36,36
1656693420216,MATH 20C,B01,083762,Bach; Quang Tran,0,0,30,30
1656693426241,MATH 20D,A01,083765,Tran; Brian Kha,3,0,30,27
1656693426241,MATH 20D,A02,083766,Tran; Brian Kha,3,0,30,27
1656693426241,MATH 20D,A03,083767,Tran; Brian Kha,1,0,30,29
1656693432272,MATH 20E,A01,083771,Ganguly; Soumya,4,0,32,28
1656693432272,MATH 20E,A02,083772,Ganguly; Soumya,3,0,32,29
1656693432272,MATH 20E,B01,083773,Ciotti; Benjamin,18,0,35,17
1656693432272,MATH 20E,B02,083774,Ciotti; Benjamin,18,0,35,17
1656693438304,MATH 103A,A01,083777,Greenfeld; Be'Eri,2,0,36,34
1656693438304,MATH 103A,A02,083778,Greenfeld; Be'Eri,5,0,36,31
1656693438304,MATH 103A,A03,093561,Greenfeld; Be'Eri,4,0,36,32
1656693438304,MATH 103A,B01,083779,Greenfeld; Be'Eri,6,0,36,30
1656693438304,MATH 103A,B02,083780,Greenfeld; Be'Eri,2,0,36,34
1656693438304,MATH 103A,B03,093562,Greenfeld; Be'Eri,2,0,36,34
1656693444331,MATH 105,A01,085443,Carter; Anne Toulson,13,0,35,22
1656693444331,MATH 105,A02,093477,Carter; Anne Toulson,20,0,35,15
1656693450356,MATH 109,A01,083213,Ganzberger; Geoffrey Michael,0,0,34,34
1656693450356,MATH 109,A02,083214,Ganzberger; Geoffrey Michael,1,0,34,33
1656693450356,MATH 109,A03,093478,Ganzberger; Geoffrey Michael,2,0,34,32
1656693450356,MATH 109,B01,083215,Ganzberger; Geoffrey Michael,1,0,32,31
1656693450356,MATH 109,B02,083216,Ganzberger; Geoffrey Michael,2,0,32,30
1656693450356,MATH 109,B03,093479,Ganzberger; Geoffrey Michael,7,0,32,25
1656693456387,MATH 142A,A01,083219,Chow; Bennett,4,0,32,28
1656693456387,MATH 142A,A02,083220,Chow; Bennett,9,0,32,23
1656693456387,MATH 142A,A03,093480,Chow; Bennett,6,0,32,26
1656693456387,MATH 142A,B03,093481,Chow; Bennett,5,0,32,27
1656693456387,MATH 142A,B04,093558,Chow; Bennett,10,0,32,22
1656693456387,MATH 142A,B05,093559,Chow; Bennett,4,0,32,28
1656693462416,MATH 193A,A01,083224,Rotar; Vladimir,3,0,34,31
1656693462416,MATH 193A,A02,083225,Rotar; Vladimir,2,0,34,32
1656693462416,MATH 193A,A03,083781,Rotar; Vladimir,0,0,34,34
1656693462416,MATH 193A,A04,083782,Rotar; Vladimir,4,0,34,30
1656693462416,MATH 193A,A05,093482,Rotar; Vladimir,5,0,34,29
1656693468443,MATH 197,001,091859,McAuley; Julian John,9999,0,9999,0
1656693468443,MATH 197,002,095566,Kedlaya; Kiran S.,9997,0,9999,2
1656693468443,MATH 197,003,095567,Xiao; Ming,9999,0,9999,0
1656693468443,MATH 197,004,095571,Perols; Johan Lars,9998,0,9999,1
1656693475504,COGS 9,A01,083615,Shannon; Kyle Michael,5,0,75,70
1656693481527,COGS 11,A01,083617,Boyle; Mary E. T.,17,0,48,31
1656693487552,COGS 13,A01,083071,Bastos; Amalia Pinkusfeld,6,0,71,65
1656693493575,COGS 14A,A01,092681,Semenuks; Arturs,0,3,100,100
1656693499600,COGS 14B,A01,083073,Cheng; Tzu-Han,3,0,63,60
1656693505622,COGS 17,A01,092677,Semenuks; Arturs,4,0,81,77
1656693511650,COGS 100,A01,083619,Allen; Michael Gordon,13,0,70,57
1656693517672,COGS 101A,A01,083621,Davis; Joshua Daniel,9,0,68,59
1656693523701,COGS 101B,A01,091572,Allen; Michael Gordon,3,0,65,62
1656693529735,COGS 101C,A01,083625,Delgado; Tania,17,0,35,18
1656693535758,COGS 107A,A01,083627,Boyle; Mary E. T.,11,0,60,49
1656693541781,COGS 118A,A01,083075,Gupta; Anjum,13,0,76,63
1656693547803,CSE 3,A50,083646,Miranda; Gregory Joseph,22,0,50,28
1656693553832,CSE 8A,A50,083650,Miranda; Gregory Joseph,16,1,56,40
1656693559858,CSE 11,A01,083080,Cao; Yingjun,2,17,40,38
1656693565884,CSE 12,A01,083652,Krause-Levy; Sophia Louisa,19,1,120,101
1656693571913,CSE 15L,A01,083654,Morris; Justin Loren,8,0,50,42
1656693571913,CSE 15L,A02,083655,Morris; Justin Loren,8,0,50,42
1656693577945,CSE 20,A01,083657,Tran; Khoa Dang,35,0,80,45
1656693583973,CSE 21,A01,095574,Bach; Quang Tran,21,0,48,27
1656693590018,CSE 30,A01,083084,Eldon; John,5,0,80,75
1656693590018,CSE 30,B01,095061,Bhaskar; Nishant,3,0,50,47
1656693596041,CSE 100,A01,083659,Cao; Yingjun,1,6,70,69
1656693602069,CSE 134B,A01,083661,Powell; Thomas Allan,17,0,100,83
1656693608095,CSE 140,A01,083663,Gungor; Onat,14,0,85,71
1656693614122,CSE 140L,A01,083088,Eldon; John,16,0,100,84
1656693620145,CSE 175,A01,083665,Kumar; Rakesh,3,0,25,22
1656693626171,CSE 190,A00,092507,Dubnov; Shlomo,5,0,20,15
1656693632207,ECE 45,A01,083139,Congero; Spencer William,5,0,75,70
1656693638232,ECE 65,A50,083695,Saad; Andrew S,12,0,30,18
1656693638232,ECE 65,A51,095125,Saad; Andrew S,25,0,26,1
1656693644260,ECE 109,A01,091882,Touri; Behrouz,13,0,70,57
1656693650285,ECE 180,A00,083140,Abi Samra; Nicholas Camill,1,0,30,29
1656693650285,ECE 180,B00,083141,Abi Samra; Nicholas Camill,0,0,30,30
1656693656308,MATH 10A,A01,083735,Patchell; Gregory David,0,0,30,30
1656693656308,MATH 10A,A02,083736,Patchell; Gregory David,20,0,30,10
1656693656308,MATH 10A,A03,083737,Patchell; Gregory David,16,0,30,14
1656693662337,MATH 10B,A01,083207,Lim; Seonhee,7,0,34,27
1656693662337,MATH 10B,A02,083208,Lim; Seonhee,9,0,35,26
1656693662337,MATH 10B,A03,093472,Lim; Seonhee,3,0,34,31
1656693662337,MATH 10B,B01,083739,Sinha; Shubham,9,0,30,21
1656693668367,MATH 18,A01,083743,Cinel; Cameron Alexander,6,0,30,24
1656693668367,MATH 18,A02,083744,Cinel; Cameron Alexander,14,0,30,16
1656693668367,MATH 18,A03,083745,Cinel; Cameron Alexander,7,0,30,23
1656693668367,MATH 18,B01,083748,Rideout; David Porter,2,0,37,35
1656693668367,MATH 18,B02,083749,Rideout; David Porter,2,0,36,34
1656693668367,MATH 18,B03,083750,Rideout; David Porter,1,0,37,36
1656693668367,MATH 18,B04,083751,Rideout; David Porter,4,0,36,32
1656693668367,MATH 18,B05,093473,Rideout; David Porter,4,0,36,32
1656693668367,MATH 18,B06,093474,Rideout; David Porter,4,0,36,32
1656693674391,MATH 20A,A01,083754,Zheng; Zequn,12,0,40,28
1656693680420,MATH 20B,A01,083756,Briones; Jor-el Thomas Caparas,1,1,36,35
1656693680420,MATH 20B,A02,083757,Briones; Jor-el Thomas Caparas,0,0,36,36
1656693680420,MATH 20B,A03,093475,Briones; Jor-el Thomas Caparas,2,0,36,34
1656693686445,MATH 20C,A01,083760,Briones; Jor-el Thomas Caparas,0,0,35,35
1656693686445,MATH 20C,A02,083761,Briones; Jor-el Thomas Caparas,8,0,35,27
1656693686445,MATH 20C,A03,093476,Briones; Jor-el Thomas Caparas,0,1,36,36
1656693686445,MATH 20C,B01,083762,Bach; Quang Tran,0,0,30,30
1656693692469,MATH 20D,A01,083765,Tran; Brian Kha,3,0,30,27
1656693692469,MATH 20D,A02,083766,Tran; Brian Kha,3,0,30,27
1656693692469,MATH 20D,A03,083767,Tran; Brian Kha,1,0,30,29
1656693698494,MATH 20E,A01,083771,Ganguly; Soumya,4,0,32,28
1656693698494,MATH 20E,A02,083772,Ganguly; Soumya,3,0,32,29
1656693698494,MATH 20E,B01,083773,Ciotti; Benjamin,18,0,35,17
1656693698494,MATH 20E,B02,083774,Ciotti; Benjamin,18,0,35,17
1656693704516,MATH 103A,A01,083777,Greenfeld; Be'Eri,2,0,36,34
1656693704516,MATH 103A,A02,083778,Greenfeld; Be'Eri,5,0,36,31
1656693704516,MATH 103A,A03,093561,Greenfeld; Be'Eri,4,0,36,32
1656693704516,MATH 103A,B01,083779,Greenfeld; Be'Eri,6,0,36,30
1656693704516,MATH 103A,B02,083780,Greenfeld; Be'Eri,2,0,36,34
1656693704516,MATH 103A,B03,093562,Greenfeld; Be'Eri,2,0,36,34
1656693710540,MATH 105,A01,085443,Carter; Anne Toulson,13,0,35,22
1656693710540,MATH 105,A02,093477,Carter; Anne Toulson,20,0,35,15
1656693716572,MATH 109,A01,083213,Ganzberger; Geoffrey Michael,0,0,34,34
1656693716572,MATH 109,A02,083214,Ganzberger; Geoffrey Michael,1,0,34,33
1656693716572,MATH 109,A03,093478,Ganzberger; Geoffrey Michael,2,0,34,32
1656693716572,MATH 109,B01,083215,Ganzberger; Geoffrey Michael,1,0,32,31
1656693716572,MATH 109,B02,083216,Ganzberger; Geoffrey Michael,2,0,32,30
1656693716572,MATH 109,B03,093479,Ganzberger; Geoffrey Michael,7,0,32,25
1656693722600,MATH 142A,A01,083219,Chow; Bennett,4,0,32,28
1656693722600,MATH 142A,A02,083220,Chow; Bennett,9,0,32,23
1656693722600,MATH 142A,A03,093480,Chow; Bennett,6,0,32,26
1656693722600,MATH 142A,B03,093481,Chow; Bennett,5,0,32,27
1656693722600,MATH 142A,B04,093558,Chow; Bennett,10,0,32,22
1656693722600,MATH 142A,B05,093559,Chow; Bennett,4,0,32,28
1656693728624,MATH 193A,A01,083224,Rotar; Vladimir,3,0,34,31
1656693728624,MATH 193A,A02,083225,Rotar; Vladimir,2,0,34,32
1656693728624,MATH 193A,A03,083781,Rotar; Vladimir,0,0,34,34
1656693728624,MATH 193A,A04,083782,Rotar; Vladimir,4,0,34,30
1656693728624,MATH 193A,A05,093482,Rotar; Vladimir,5,0,34,29
1656693734651,MATH 197,001,091859,McAuley; Julian John,9999,0,9999,0
1656693734651,MATH 197,002,095566,Kedlaya; Kiran S.,9997,0,9999,2
1656693734651,MATH 197,003,095567,Xiao; Ming,9999,0,9999,0
1656693734651,MATH 197,004,095571,Perols; Johan Lars,9998,0,9999,1
1656693741729,COGS 9,A01,083615,Shannon; Kyle Michael,5,0,75,70
1656693747757,COGS 11,A01,083617,Boyle; Mary E. T.,17,0,48,31
1656693753780,COGS 13,A01,083071,Bastos; Amalia Pinkusfeld,6,0,71,65
1656693759803,COGS 14A,A01,092681,Semenuks; Arturs,0,3,100,100
1656693765839,COGS 14B,A01,083073,Cheng; Tzu-Han,3,0,63,60
1656693771861,COGS 17,A01,092677,Semenuks; Arturs,4,0,81,77
1656693777883,COGS 100,A01,083619,Allen; Michael Gordon,13,0,70,57
1656693783921,COGS 101A,A01,083621,Davis; Joshua Daniel,9,0,68,59
1656693789942,COGS 101B,A01,091572,Allen; Michael Gordon,3,0,65,62
1656693795975,COGS 101C,A01,083625,Delgado; Tania,17,0,35,18
1656693802002,COGS 107A,A01,083627,Boyle; Mary E. T.,11,0,60,49
1656693808026,COGS 118A,A01,083075,Gupta; Anjum,13,0,76,63
1656693814057,CSE 3,A50,083646,Miranda; Gregory Joseph,22,0,50,28
1656693820083,CSE 8A,A50,083650,Miranda; Gregory Joseph,16,1,56,40
1656693826111,CSE 11,A01,083080,Cao; Yingjun,2,17,40,38
1656693832136,CSE 12,A01,083652,Krause-Levy; Sophia Louisa,19,1,120,101
1656693838160,CSE 15L,A01,083654,Morris; Justin Loren,8,0,50,42
1656693838160,CSE 15L,A02,083655,Morris; Justin Loren,8,0,50,42
1656693844183,CSE 20,A01,083657,Tran; Khoa Dang,35,0,80,45
1656693850212,CSE 21,A01,095574,Bach; Quang Tran,21,0,48,27
1656693856240,CSE 30,A01,083084,Eldon; John,5,0,80,75
1656693856240,CSE 30,B01,095061,Bhaskar; Nishant,3,0,50,47
1656693862270,CSE 100,A01,083659,Cao; Yingjun,1,6,70,69
1656693868298,CSE 134B,A01,083661,Powell; Thomas Allan,17,0,100,83
1656693874322,CSE 140,A01,083663,Gungor; Onat,14,0,85,71
1656693880353,CSE 140L,A01,083088,Eldon; John,16,0,100,84
1656693886388,CSE 175,A01,083665,Kumar; Rakesh,3,0,25,22
1656693892419,CSE 190,A00,092507,Dubnov; Shlomo,5,0,20,15
1656693898445,ECE 45,A01,083139,Congero; Spencer William,5,0,75,70
1656693904472,ECE 65,A50,083695,Saad; Andrew S,12,0,30,18
1656693904472,ECE 65,A51,095125,Saad; Andrew S,25,0,26,1
1656693910504,ECE 109,A01,091882,Touri; Behrouz,13,0,70,57
1656693916538,ECE 180,A00,083140,Abi Samra; Nicholas Camill,1,0,30,29
1656693916538,ECE 180,B00,083141,Abi Samra; Nicholas Camill,0,0,30,30
1656693922562,MATH 10A,A01,083735,Patchell; Gregory David,0,0,30,30
1656693922562,MATH 10A,A02,083736,Patchell; Gregory David,20,0,30,10
1656693922562,MATH 10A,A03,083737,Patchell; Gregory David,16,0,30,14
1656693928586,MATH 10B,A01,083207,Lim; Seonhee,7,0,34,27
1656693928586,MATH 10B,A02,083208,Lim; Seonhee,9,0,35,26
1656693928586,MATH 10B,A03,093472,Lim; Seonhee,3,0,34,31
1656693928586,MATH 10B,B01,083739,Sinha; Shubham,9,0,30,21
1656693934619,MATH 18,A01,083743,Cinel; Cameron Alexander,6,0,30,24
1656693934619,MATH 18,A02,083744,Cinel; Cameron Alexander,14,0,30,16
1656693934619,MATH 18,A03,083745,Cinel; Cameron Alexander,7,0,30,23
1656693934619,MATH 18,B01,083748,Rideout; David Porter,2,0,37,35
1656693934619,MATH 18,B02,083749,Rideout; David Porter,2,0,36,34
1656693934619,MATH 18,B03,083750,Rideout; David Porter,1,0,37,36
1656693934619,MATH 18,B04,083751,Rideout; David Porter,4,0,36,32
1656693934619,MATH 18,B05,093473,Rideout; David Porter,4,0,36,32
1656693934619,MATH 18,B06,093474,Rideout; David Porter,4,0,36,32
1656693940648,MATH 20A,A01,083754,Zheng; Zequn,12,0,40,28
1656693946672,MATH 20B,A01,083756,Briones; Jor-el Thomas Caparas,1,1,36,35
1656693946672,MATH 20B,A02,083757,Briones; Jor-el Thomas Caparas,0,0,36,36
1656693946672,MATH 20B,A03,093475,Briones; Jor-el Thomas Caparas,2,0,36,34
1656693962706,MATH 20C,A01,083760,Briones; Jor-el Thomas Caparas,0,0,35,35
1656693962706,MATH 20C,A02,083761,Briones; Jor-el Thomas Caparas,8,0,35,27
1656693962706,MATH 20C,A03,093476,Briones; Jor-el Thomas Caparas,0,1,36,36
1656693962706,MATH 20C,B01,083762,Bach; Quang Tran,0,0,30,30
1656693968744,MATH 20D,A01,083765,Tran; Brian Kha,3,0,30,27
1656693968744,MATH 20D,A02,083766,Tran; Brian Kha,3,0,30,27
1656693968744,MATH 20D,A03,083767,Tran; Brian Kha,1,0,30,29
1656693974774,MATH 20E,A01,083771,Ganguly; Soumya,4,0,32,28
1656693974774,MATH 20E,A02,083772,Ganguly; Soumya,3,0,32,29
1656693974774,MATH 20E,B01,083773,Ciotti; Benjamin,18,0,35,17
1656693974774,MATH 20E,B02,083774,Ciotti; Benjamin,18,0,35,17
1656693980812,MATH 103A,A01,083777,Greenfeld; Be'Eri,2,0,36,34
1656693980812,MATH 103A,A02,083778,Greenfeld; Be'Eri,5,0,36,31
1656693980812,MATH 103A,A03,093561,Greenfeld; Be'Eri,4,0,36,32
1656693980812,MATH 103A,B01,083779,Greenfeld; Be'Eri,6,0,36,30
1656693980812,MATH 103A,B02,083780,Greenfeld; Be'Eri,2,0,36,34
1656693980812,MATH 103A,B03,093562,Greenfeld; Be'Eri,2,0,36,34
1656693986839,MATH 105,A01,085443,Carter; Anne Toulson,13,0,35,22
1656693986839,MATH 105,A02,093477,Carter; Anne Toulson,20,0,35,15
1656693992864,MATH 109,A01,083213,Ganzberger; Geoffrey Michael,0,0,34,34
1656693992864,MATH 109,A02,083214,Ganzberger; Geoffrey Michael,1,0,34,33
1656693992864,MATH 109,A03,093478,Ganzberger; Geoffrey Michael,2,0,34,32
1656693992864,MATH 109,B01,083215,Ganzberger; Geoffrey Michael,1,0,32,31
1656693992864,MATH 109,B02,083216,Ganzberger; Geoffrey Michael,2,0,32,30
1656693992864,MATH 109,B03,093479,Ganzberger; Geoffrey Michael,7,0,32,25
1656693998890,MATH 142A,A01,083219,Chow; Bennett,4,0,32,28
1656693998890,MATH 142A,A02,083220,Chow; Bennett,9,0,32,23
1656693998890,MATH 142A,A03,093480,Chow; Bennett,6,0,32,26
1656693998890,MATH 142A,B03,093481,Chow; Bennett,5,0,32,27
1656693998890,MATH 142A,B04,093558,Chow; Bennett,10,0,32,22
1656693998890,MATH 142A,B05,093559,Chow; Bennett,4,0,32,28
1656694004913,MATH 193A,A01,083224,Rotar; Vladimir,3,0,34,31
1656694004913,MATH 193A,A02,083225,Rotar; Vladimir,2,0,34,32
1656694004913,MATH 193A,A03,083781,Rotar; Vladimir,0,0,34,34
1656694004913,MATH 193A,A04,083782,Rotar; Vladimir,4,0,34,30
1656694004913,MATH 193A,A05,093482,Rotar; Vladimir,5,0,34,29
1656694010941,MATH 197,001,091859,McAuley; Julian John,9999,0,9999,0
1656694010941,MATH 197,002,095566,Kedlaya; Kiran S.,9997,0,9999,2
1656694010941,MATH 197,003,095567,Xiao; Ming,9999,0,9999,0
1656694010941,MATH 197,004,095571,Perols; Johan Lars,9998,0,9999,1
1656694018108,COGS 9,A01,083615,Shannon; Kyle Michael,5,0,75,70
1656694024131,COGS 11,A01,083617,Boyle; Mary E. T.,17,0,48,31
1656694030163,COGS 13,A01,083071,Bastos; Amalia Pinkusfeld,6,0,71,65
1656694036187,COGS 14A,A01,092681,Semenuks; Arturs,0,3,100,100
1656694042211,COGS 14B,A01,083073,Cheng; Tzu-Han,3,0,63,60
1656694048235,COGS 17,A01,092677,Semenuks; Arturs,4,0,81,77
1656694054263,COGS 100,A01,083619,Allen; Michael Gordon,13,0,70,57
1656694060287,COGS 101A,A01,083621,Davis; Joshua Daniel,9,0,68,59
1656694066329,COGS 101B,A01,091572,Allen; Michael Gordon,3,0,65,62
1656694072355,COGS 101C,A01,083625,Delgado; Tania,17,0,35,18
1656694078381,COGS 107A,A01,083627,Boyle; Mary E. T.,11,0,60,49
1656694084407,COGS 118A,A01,083075,Gupta; Anjum,13,0,76,63
1656694090430,CSE 3,A50,083646,Miranda; Gregory Joseph,22,0,50,28
1656694096455,CSE 8A,A50,083650,Miranda; Gregory Joseph,16,1,56,40
1656694102478,CSE 11,A01,083080,Cao; Yingjun,2,17,40,38
1656694108502,CSE 12,A01,083652,Krause-Levy; Sophia Louisa,19,1,120,101
1656694114530,CSE 15L,A01,083654,Morris; Justin Loren,8,0,50,42
1656694114530,CSE 15L,A02,083655,Morris; Justin Loren,8,0,50,42
1656694120557,CSE 20,A01,083657,Tran; Khoa Dang,35,0,80,45
1656694126581,CSE 21,A01,095574,Bach; Quang Tran,21,0,48,27
1656694132609,CSE 30,A01,083084,Eldon; John,5,0,80,75
1656694132609,CSE 30,B01,095061,Bhaskar; Nishant,3,0,50,47
1656694138632,CSE 100,A01,083659,Cao; Yingjun,1,6,70,69
1656694144656,CSE 134B,A01,083661,Powell; Thomas Allan,17,0,100,83
1656694150680,CSE 140,A01,083663,Gungor; Onat,14,0,85,71
1656694156709,CSE 140L,A01,083088,Eldon; John,16,0,100,84
1656694162731,CSE 175,A01,083665,Kumar; Rakesh,3,0,25,22
1656694168754,CSE 190,A00,092507,Dubnov; Shlomo,5,0,20,15
1656694174784,ECE 45,A01,083139,Congero; Spencer William,5,0,75,70
1656694180810,ECE 65,A50,083695,Saad; Andrew S,12,0,30,18
1656694180810,ECE 65,A51,095125,Saad; Andrew S,25,0,26,1
1656694186836,ECE 109,A01,091882,Touri; Behrouz,13,0,70,57
1656694192858,ECE 180,A00,083140,Abi Samra; Nicholas Camill,1,0,30,29
1656694192858,ECE 180,B00,083141,Abi Samra; Nicholas Camill,0,0,30,30
1656694198881,MATH 10A,A01,083735,Patchell; Gregory David,0,0,30,30
1656694198881,MATH 10A,A02,083736,Patchell; Gregory David,20,0,30,10
1656694198881,MATH 10A,A03,083737,Patchell; Gregory David,16,0,30,14
1656694204908,MATH 10B,A01,083207,Lim; Seonhee,7,0,34,27
1656694204908,MATH 10B,A02,083208,Lim; Seonhee,9,0,35,26
1656694204908,MATH 10B,A03,093472,Lim; Seonhee,3,0,34,31
1656694204908,MATH 10B,B01,083739,Sinha; Shubham,9,0,30,21
1656694210940,MATH 18,A01,083743,Cinel; Cameron Alexander,6,0,30,24
1656694210940,MATH 18,A02,083744,Cinel; Cameron Alexander,14,0,30,16
1656694210940,MATH 18,A03,083745,Cinel; Cameron Alexander,7,0,30,23
1656694210940,MATH 18,B01,083748,Rideout; David Porter,2,0,37,35
1656694210940,MATH 18,B02,083749,Rideout; David Porter,2,0,36,34
1656694210940,MATH 18,B03,083750,Rideout; David Porter,1,0,37,36
1656694210940,MATH 18,B04,083751,Rideout; David Porter,4,0,36,32
1656694210940,MATH 18,B05,093473,Rideout; David Porter,4,0,36,32
1656694210940,MATH 18,B06,093474,Rideout; David Porter,4,0,36,32
1656694216962,MATH 20A,A01,083754,Zheng; Zequn,12,0,40,28
1656694222985,MATH 20B,A01,083756,Briones; Jor-el Thomas Caparas,1,1,36,35
1656694222985,MATH 20B,A02,083757,Briones; Jor-el Thomas Caparas,0,0,36,36
1656694222985,MATH 20B,A03,093475,Briones; Jor-el Thomas Caparas,2,0,36,34
1656694229013,MATH 20C,A01,083760,Briones; Jor-el Thomas Caparas,0,0,35,35
1656694229013,MATH 20C,A02,083761,Briones; Jor-el Thomas Caparas,8,0,35,27
1656694229013,MATH 20C,A03,093476,Briones; Jor-el Thomas Caparas,0,1,36,36
1656694229013,MATH 20C,B01,083762,Bach; Quang Tran,0,0,30,30
1656694235050,MATH 20D,A01,083765,Tran; Brian Kha,3,0,30,27
1656694235050,MATH 20D,A02,083766,Tran; Brian Kha,3,0,30,27
1656694235050,MATH 20D,A03,083767,Tran; Brian Kha,1,0,30,29
1656694241079,MATH 20E,A01,083771,Ganguly; Soumya,4,0,32,28
1656694241079,MATH 20E,A02,083772,Ganguly; Soumya,3,0,32,29
1656694241079,MATH 20E,B01,083773,Ciotti; Benjamin,18,0,35,17
1656694241079,MATH 20E,B02,083774,Ciotti; Benjamin,18,0,35,17
1656694247114,MATH 103A,A01,083777,Greenfeld; Be'Eri,2,0,36,34
1656694247114,MATH 103A,A02,083778,Greenfeld; Be'Eri,5,0,36,31
1656694247114,MATH 103A,A03,093561,Greenfeld; Be'Eri,4,0,36,32
1656694247114,MATH 103A,B01,083779,Greenfeld; Be'Eri,6,0,36,30
1656694247114,MATH 103A,B02,083780,Greenfeld; Be'Eri,2,0,36,34
1656694247114,MATH 103A,B03,093562,Greenfeld; Be'Eri,2,0,36,34
1656694253137,MATH 105,A01,085443,Carter; Anne Toulson,13,0,35,22
1656694253137,MATH 105,A02,093477,Carter; Anne Toulson,20,0,35,15
1656694259161,MATH 109,A01,083213,Ganzberger; Geoffrey Michael,0,0,34,34
1656694259161,MATH 109,A02,083214,Ganzberger; Geoffrey Michael,1,0,34,33
1656694259161,MATH 109,A03,093478,Ganzberger; Geoffrey Michael,2,0,34,32
1656694259161,MATH 109,B01,083215,Ganzberger; Geoffrey Michael,1,0,32,31
1656694259161,MATH 109,B02,083216,Ganzberger; Geoffrey Michael,2,0,32,30
1656694259161,MATH 109,B03,093479,Ganzberger; Geoffrey Michael,7,0,32,25
1656694265184,MATH 142A,A01,083219,Chow; Bennett,4,0,32,28
1656694265184,MATH 142A,A02,083220,Chow; Bennett,9,0,32,23
1656694265184,MATH 142A,A03,093480,Chow; Bennett,6,0,32,26
1656694265184,MATH 142A,B03,093481,Chow; Bennett,5,0,32,27
1656694265184,MATH 142A,B04,093558,Chow; Bennett,10,0,32,22
1656694265184,MATH 142A,B05,093559,Chow; Bennett,4,0,32,28
1656694271209,MATH 193A,A01,083224,Rotar; Vladimir,3,0,34,31
1656694271209,MATH 193A,A02,083225,Rotar; Vladimir,2,0,34,32
1656694271209,MATH 193A,A03,083781,Rotar; Vladimir,0,0,34,34
1656694271209,MATH 193A,A04,083782,Rotar; Vladimir,4,0,34,30
1656694271209,MATH 193A,A05,093482,Rotar; Vladimir,5,0,34,29
1656694277235,MATH 197,001,091859,McAuley; Julian John,9999,0,9999,0
1656694277235,MATH 197,002,095566,Kedlaya; Kiran S.,9997,0,9999,2
1656694277235,MATH 197,003,095567,Xiao; Ming,9999,0,9999,0
1656694277235,MATH 197,004,095571,Perols; Johan Lars,9998,0,9999,1
1656694284299,COGS 9,A01,083615,Shannon; Kyle Michael,5,0,75,70
1656694290324,COGS 11,A01,083617,Boyle; Mary E. T.,17,0,48,31
1656694296351,COGS 13,A01,083071,Bastos; Amalia Pinkusfeld,6,0,71,65
1656694302382,COGS 14A,A01,092681,Semenuks; Arturs,0,3,100,100
1656694308410,COGS 14B,A01,083073,Cheng; Tzu-Han,3,0,63,60
1656694314433,COGS 17,A01,092677,Semenuks; Arturs,4,0,81,77
1656694320470,COGS 100,A01,083619,Allen; Michael Gordon,13,0,70,57
1656694326498,COGS 101A,A01,083621,Davis; Joshua Daniel,9,0,68,59
1656694332521,COGS 101B,A01,091572,Allen; Michael Gordon,3,0,65,62
1656694338545,COGS 101C,A01,083625,Delgado; Tania,17,0,35,18
1656694344569,COGS 107A,A01,083627,Boyle; Mary E. T.,11,0,60,49
1656694350592,COGS 118A,A01,083075,Gupta; Anjum,13,0,76,63
1656694356616,CSE 3,A50,083646,Miranda; Gregory Joseph,22,0,50,28
1656694362655,CSE 8A,A50,083650,Miranda; Gregory Joseph,16,1,56,40
1656694368682,CSE 11,A01,083080,Cao; Yingjun,2,17,40,38
1656694374706,CSE 12,A01,083652,Krause-Levy; Sophia Louisa,19,1,120,101
1656694380729,CSE 15L,A01,083654,Morris; Justin Loren,8,0,50,42
1656694380729,CSE 15L,A02,083655,Morris; Justin Loren,8,0,50,42
1656694386757,CSE 20,A01,083657,Tran; Khoa Dang,35,0,80,45
1656694392785,CSE 21,A01,095574,Bach; Quang Tran,21,0,48,27
1656694398810,CSE 30,A01,083084,Eldon; John,5,0,80,75
1656694398810,CSE 30,B01,095061,Bhaskar; Nishant,3,0,50,47
1656694404840,CSE 100,A01,083659,Cao; Yingjun,1,6,70,69
1656694410864,CSE 134B,A01,083661,Powell; Thomas Allan,17,0,100,83
1656694416896,CSE 140,A01,083663,Gungor; Onat,14,0,85,71
1656694422918,CSE 140L,A01,083088,Eldon; John,16,0,100,84
1656694428944,CSE 175,A01,083665,Kumar; Rakesh,3,0,25,22
1656694434973,CSE 190,A00,092507,Dubnov; Shlomo,5,0,20,15
1656694440998,ECE 45,A01,083139,Congero; Spencer William,5,0,75,70
1656694447022,ECE 65,A50,083695,Saad; Andrew S,12,0,30,18
1656694447022,ECE 65,A51,095125,Saad; Andrew S,25,0,26,1
1656694453052,ECE 109,A01,091882,Touri; Behrouz,13,0,70,57
1656694459076,ECE 180,A00,083140,Abi Samra; Nicholas Camill,1,0,30,29
1656694459076,ECE 180,B00,083141,Abi Samra; Nicholas Camill,0,0,30,30
1656694465104,MATH 10A,A01,083735,Patchell; Gregory David,0,0,30,30
1656694465104,MATH 10A,A02,083736,Patchell; Gregory David,20,0,30,10
1656694465104,MATH 10A,A03,083737,Patchell; Gregory David,16,0,30,14
1656694471133,MATH 10B,A01,083207,Lim; Seonhee,7,0,34,27
1656694471133,MATH 10B,A02,083208,Lim; Seonhee,9,0,35,26
1656694471133,MATH 10B,A03,093472,Lim; Seonhee,3,0,34,31
1656694471133,MATH 10B,B01,083739,Sinha; Shubham,9,0,30,21
1656694477163,MATH 18,A01,083743,Cinel; Cameron Alexander,6,0,30,24
1656694477163,MATH 18,A02,083744,Cinel; Cameron Alexander,14,0,30,16
1656694477163,MATH 18,A03,083745,Cinel; Cameron Alexander,7,0,30,23
1656694477163,MATH 18,B01,083748,Rideout; David Porter,2,0,37,35
1656694477163,MATH 18,B02,083749,Rideout; David Porter,2,0,36,34
1656694477163,MATH 18,B03,083750,Rideout; David Porter,1,0,37,36
1656694477163,MATH 18,B04,083751,Rideout; David Porter,4,0,36,32
1656694477163,MATH 18,B05,093473,Rideout; David Porter,4,0,36,32
1656694477163,MATH 18,B06,093474,Rideout; David Porter,4,0,36,32
1656694483192,MATH 20A,A01,083754,Zheng; Zequn,12,0,40,28
1656694489215,MATH 20B,A01,083756,Briones; Jor-el Thomas Caparas,1,1,36,35
1656694489215,MATH 20B,A02,083757,Briones; Jor-el Thomas Caparas,0,0,36,36
1656694489215,MATH 20B,A03,093475,Briones; Jor-el Thomas Caparas,2,0,36,34
1656694495238,MATH 20C,A01,083760,Briones; Jor-el Thomas Caparas,0,0,35,35
1656694495238,MATH 20C,A02,083761,Briones; Jor-el Thomas Caparas,8,0,35,27
1656694495238,MATH 20C,A03,093476,Briones; Jor-el Thomas Caparas,0,1,36,36
1656694495238,MATH 20C,B01,083762,Bach; Quang Tran,0,0,30,30
1656694501262,MATH 20D,A01,083765,Tran; Brian Kha,3,0,30,27
1656694501262,MATH 20D,A02,083766,Tran; Brian Kha,3,0,30,27
1656694501262,MATH 20D,A03,083767,Tran; Brian Kha,1,0,30,29
1656694507287,MATH 20E,A01,083771,Ganguly; Soumya,4,0,32,28
1656694507287,MATH 20E,A02,083772,Ganguly; Soumya,3,0,32,29
1656694507287,MATH 20E,B01,083773,Ciotti; Benjamin,18,0,35,17
1656694507287,MATH 20E,B02,083774,Ciotti; Benjamin,18,0,35,17
1656694513312,MATH 103A,A01,083777,Greenfeld; Be'Eri,2,0,36,34
1656694513312,MATH 103A,A02,083778,Greenfeld; Be'Eri,5,0,36,31
1656694513312,MATH 103A,A03,093561,Greenfeld; Be'Eri,4,0,36,32
1656694513312,MATH 103A,B01,083779,Greenfeld; Be'Eri,6,0,36,30
1656694513312,MATH 103A,B02,083780,Greenfeld; Be'Eri,2,0,36,34
1656694513312,MATH 103A,B03,093562,Greenfeld; Be'Eri,2,0,36,34
1656694519336,MATH 105,A01,085443,Carter; Anne Toulson,13,0,35,22
1656694519336,MATH 105,A02,093477,Carter; Anne Toulson,20,0,35,15
1656694525369,MATH 109,A01,083213,Ganzberger; Geoffrey Michael,0,0,34,34
1656694525369,MATH 109,A02,083214,Ganzberger; Geoffrey Michael,1,0,34,33
1656694525369,MATH 109,A03,093478,Ganzberger; Geoffrey Michael,2,0,34,32
1656694525369,MATH 109,B01,083215,Ganzberger; Geoffrey Michael,1,0,32,31
1656694525369,MATH 109,B02,083216,Ganzberger; Geoffrey Michael,2,0,32,30
1656694525369,MATH 109,B03,093479,Ganzberger; Geoffrey Michael,7,0,32,25
1656694531394,MATH 142A,A01,083219,Chow; Bennett,4,0,32,28
1656694531394,MATH 142A,A02,083220,Chow; Bennett,9,0,32,23
1656694531394,MATH 142A,A03,093480,Chow; Bennett,6,0,32,26
1656694531394,MATH 142A,B03,093481,Chow; Bennett,5,0,32,27
1656694531394,MATH 142A,B04,093558,Chow; Bennett,10,0,32,22
1656694531394,MATH 142A,B05,093559,Chow; Bennett,4,0,32,28
1656694537417,MATH 193A,A01,083224,Rotar; Vladimir,3,0,34,31
1656694537417,MATH 193A,A02,083225,Rotar; Vladimir,2,0,34,32
1656694537417,MATH 193A,A03,083781,Rotar; Vladimir,0,0,34,34
1656694537417,MATH 193A,A04,083782,Rotar; Vladimir,4,0,34,30
1656694537417,MATH 193A,A05,093482,Rotar; Vladimir,5,0,34,29
1656694543441,MATH 197,001,091859,McAuley; Julian John,9999,0,9999,0
1656694543441,MATH 197,002,095566,Kedlaya; Kiran S.,9997,0,9999,2
1656694543441,MATH 197,003,095567,Xiao; Ming,9999,0,9999,0
1656694543441,MATH 197,004,095571,Perols; Johan Lars,9998,0,9999,1
1656694550506,COGS 9,A01,083615,Shannon; Kyle Michael,5,0,75,70
1656694556540,COGS 11,A01,083617,Boyle; Mary E. T.,17,0,48,31
1656694562564,COGS 13,A01,083071,Bastos; Amalia Pinkusfeld,6,0,71,65
1656694568602,COGS 14A,A01,092681,Semenuks; Arturs,0,3,100,100
1656694574631,COGS 14B,A01,083073,Cheng; Tzu-Han,3,0,63,60
1656694580659,COGS 17,A01,092677,Semenuks; Arturs,4,0,81,77
1656694586685,COGS 100,A01,083619,Allen; Michael Gordon,13,0,70,57
1656694592709,COGS 101A,A01,083621,Davis; Joshua Daniel,9,0,68,59
1656694598738,COGS 101B,A01,091572,Allen; Michael Gordon,3,0,65,62
1656694604762,COGS 101C,A01,083625,Delgado; Tania,17,0,35,18
1656694610878,COGS 107A,A01,083627,Boyle; Mary E. T.,11,0,60,49
1656694616902,COGS 118A,A01,083075,Gupta; Anjum,13,0,76,63
1656694622926,CSE 3,A50,083646,Miranda; Gregory Joseph,22,0,50,28
1656694628950,CSE 8A,A50,083650,Miranda; Gregory Joseph,16,1,56,40
1656694634973,CSE 11,A01,083080,Cao; Yingjun,2,17,40,38
1656694641000,CSE 12,A01,083652,Krause-Levy; Sophia Louisa,19,1,120,101
1656694647026,CSE 15L,A01,083654,Morris; Justin Loren,8,0,50,42
1656694647026,CSE 15L,A02,083655,Morris; Justin Loren,8,0,50,42
1656694653054,CSE 20,A01,083657,Tran; Khoa Dang,35,0,80,45
1656694659079,CSE 21,A01,095574,Bach; Quang Tran,21,0,48,27
1656694665103,CSE 30,A01,083084,Eldon; John,5,0,80,75
1656694665103,CSE 30,B01,095061,Bhaskar; Nishant,3,0,50,47
1656694671137,CSE 100,A01,083659,Cao; Yingjun,1,6,70,69
1656694677168,CSE 134B,A01,083661,Powell; Thomas Allan,17,0,100,83
1656694683193,CSE 140,A01,083663,Gungor; Onat,14,0,85,71
1656694689217,CSE 140L,A01,083088,Eldon; John,16,0,100,84
1656694695244,CSE 175,A01,083665,Kumar; Rakesh,3,0,25,22
1656694701268,CSE 190,A00,092507,Dubnov; Shlomo,5,0,20,15
1656694707292,ECE 45,A01,083139,Congero; Spencer William,5,0,75,70
1656694713316,ECE 65,A50,083695,Saad; Andrew S,12,0,30,18
1656694713316,ECE 65,A51,095125,Saad; Andrew S,25,0,26,1
1656694719339,ECE 109,A01,091882,Touri; Behrouz,13,0,70,57
1656694725366,ECE 180,A00,083140,Abi Samra; Nicholas Camill,1,0,30,29
1656694725366,ECE 180,B00,083141,Abi Samra; Nicholas Camill,0,0,30,30
1656694731399,MATH 10A,A01,083735,Patchell; Gregory David,0,0,30,30
1656694731399,MATH 10A,A02,083736,Patchell; Gregory David,20,0,30,10
1656694731399,MATH 10A,A03,083737,Patchell; Gregory David,16,0,30,14
1656694737423,MATH 10B,A01,083207,Lim; Seonhee,7,0,34,27
1656694737423,MATH 10B,A02,083208,Lim; Seonhee,9,0,35,26
1656694737423,MATH 10B,A03,093472,Lim; Seonhee,3,0,34,31
1656694737423,MATH 10B,B01,083739,Sinha; Shubham,9,0,30,21
1656694743473,MATH 18,A01,083743,Cinel; Cameron Alexander,6,0,30,24
1656694743473,MATH 18,A02,083744,Cinel; Cameron Alexander,14,0,30,16
1656694743473,MATH 18,A03,083745,Cinel; Cameron Alexander,7,0,30,23
1656694743473,MATH 18,B01,083748,Rideout; David Porter,2,0,37,35
1656694743473,MATH 18,B02,083749,Rideout; David Porter,2,0,36,34
1656694743473,MATH 18,B03,083750,Rideout; David Porter,1,0,37,36
1656694743473,MATH 18,B04,083751,Rideout; David Porter,4,0,36,32
1656694743473,MATH 18,B05,093473,Rideout; David Porter,4,0,36,32
1656694743473,MATH 18,B06,093474,Rideout; David Porter,4,0,36,32
1656694749497,MATH 20A,A01,083754,Zheng; Zequn,12,0,40,28
1656694755531,MATH 20B,A01,083756,Briones; Jor-el Thomas Caparas,1,1,36,35
1656694755531,MATH 20B,A02,083757,Briones; Jor-el Thomas Caparas,0,0,36,36
1656694755531,MATH 20B,A03,093475,Briones; Jor-el Thomas Caparas,2,0,36,34
1656694761555,MATH 20C,A01,083760,Briones; Jor-el Thomas Caparas,0,0,35,35
1656694761555,MATH 20C,A02,083761,Briones; Jor-el Thomas Caparas,8,0,35,27
1656694761555,MATH 20C,A03,093476,Briones; Jor-el Thomas Caparas,0,1,36,36
1656694761555,MATH 20C,B01,083762,Bach; Quang Tran,0,0,30,30
1656694767579,MATH 20D,A01,083765,Tran; Brian Kha,3,0,30,27
1656694767579,MATH 20D,A02,083766,Tran; Brian Kha,3,0,30,27
1656694767579,MATH 20D,A03,083767,Tran; Brian Kha,1,0,30,29
1656694773613,MATH 20E,A01,083771,Ganguly; Soumya,4,0,32,28
1656694773613,MATH 20E,A02,083772,Ganguly; Soumya,3,0,32,29
1656694773613,MATH 20E,B01,083773,Ciotti; Benjamin,18,0,35,17
1656694773613,MATH 20E,B02,083774,Ciotti; Benjamin,18,0,35,17
1656694779643,MATH 103A,A01,083777,Greenfeld; Be'Eri,2,0,36,34
1656694779643,MATH 103A,A02,083778,Greenfeld; Be'Eri,5,0,36,31
1656694779643,MATH 103A,A03,093561,Greenfeld; Be'Eri,4,0,36,32
1656694779643,MATH 103A,B01,083779,Greenfeld; Be'Eri,6,0,36,30
1656694779643,MATH 103A,B02,083780,Greenfeld; Be'Eri,2,0,36,34
1656694779643,MATH 103A,B03,093562,Greenfeld; Be'Eri,2,0,36,34
1656694785671,MATH 105,A01,085443,Carter; Anne Toulson,13,0,35,22
1656694785671,MATH 105,A02,093477,Carter; Anne Toulson,20,0,35,15
1656694791698,MATH 109,A01,083213,Ganzberger; Geoffrey Michael,0,0,34,34
1656694791698,MATH 109,A02,083214,Ganzberger; Geoffrey Michael,1,0,34,33
1656694791698,MATH 109,A03,093478,Ganzberger; Geoffrey Michael,2,0,34,32
1656694791698,MATH 109,B01,083215,Ganzberger; Geoffrey Michael,1,0,32,31
1656694791698,MATH 109,B02,083216,Ganzberger; Geoffrey Michael,2,0,32,30
1656694791698,MATH 109,B03,093479,Ganzberger; Geoffrey Michael,7,0,32,25
1656694797722,MATH 142A,A01,083219,Chow; Bennett,4,0,32,28
1656694797722,MATH 142A,A02,083220,Chow; Bennett,9,0,32,23
1656694797722,MATH 142A,A03,093480,Chow; Bennett,6,0,32,26
1656694797722,MATH 142A,B03,093481,Chow; Bennett,5,0,32,27
1656694797722,MATH 142A,B04,093558,Chow; Bennett,10,0,32,22
1656694797722,MATH 142A,B05,093559,Chow; Bennett,4,0,32,28
1656694803747,MATH 193A,A01,083224,Rotar; Vladimir,3,0,34,31
1656694803747,MATH 193A,A02,083225,Rotar; Vladimir,2,0,34,32
1656694803747,MATH 193A,A03,083781,Rotar; Vladimir,0,0,34,34
1656694803747,MATH 193A,A04,083782,Rotar; Vladimir,4,0,34,30
1656694803747,MATH 193A,A05,093482,Rotar; Vladimir,5,0,34,29
1656694809771,MATH 197,001,091859,McAuley; Julian John,9999,0,9999,0
1656694809771,MATH 197,002,095566,Kedlaya; Kiran S.,9997,0,9999,2
1656694809771,MATH 197,003,095567,Xiao; Ming,9999,0,9999,0
1656694809771,MATH 197,004,095571,Perols; Johan Lars,9998,0,9999,1
1656694816848,COGS 9,A01,083615,Shannon; Kyle Michael,5,0,75,70
1656694822873,COGS 11,A01,083617,Boyle; Mary E. T.,17,0,48,31
1656694828900,COGS 13,A01,083071,Bastos; Amalia Pinkusfeld,6,0,71,65
1656694834926,COGS 14A,A01,092681,Semenuks; Arturs,0,3,100,100
1656694840950,COGS 14B,A01,083073,Cheng; Tzu-Han,3,0,63,60
1656694846977,COGS 17,A01,092677,Semenuks; Arturs,4,0,81,77
1656694853010,COGS 100,A01,083619,Allen; Michael Gordon,13,0,70,57
1656694859041,COGS 101A,A01,083621,Davis; Joshua Daniel,9,0,68,59
1656694865070,COGS 101B,A01,091572,Allen; Michael Gordon,3,0,65,62
1656694871094,COGS 101C,A01,083625,Delgado; Tania,17,0,35,18
1656694877122,COGS 107A,A01,083627,Boyle; Mary E. T.,11,0,60,49
1656694883150,COGS 118A,A01,083075,Gupta; Anjum,13,0,76,63
1656694889179,CSE 3,A50,083646,Miranda; Gregory Joseph,22,0,50,28
1656694895215,CSE 8A,A50,083650,Miranda; Gregory Joseph,16,1,56,40
1656694901239,CSE 11,A01,083080,Cao; Yingjun,2,17,40,38
1656694907272,CSE 12,A01,083652,Krause-Levy; Sophia Louisa,19,1,120,101
1656694913302,CSE 15L,A01,083654,Morris; Justin Loren,8,0,50,42
1656694913302,CSE 15L,A02,083655,Morris; Justin Loren,8,0,50,42
1656694919328,CSE 20,A01,083657,Tran; Khoa Dang,35,0,80,45
1656694925358,CSE 21,A01,095574,Bach; Quang Tran,21,0,48,27
1656694931395,CSE 30,A01,083084,Eldon; John,5,0,80,75
1656694931395,CSE 30,B01,095061,Bhaskar; Nishant,3,0,50,47
1656694937418,CSE 100,A01,083659,Cao; Yingjun,1,6,70,69
1656694943445,CSE 134B,A01,083661,Powell; Thomas Allan,17,0,100,83
1656694949471,CSE 140,A01,083663,Gungor; Onat,14,0,85,71
1656694955499,CSE 140L,A01,083088,Eldon; John,16,0,100,84
1656694961526,CSE 175,A01,083665,Kumar; Rakesh,3,0,25,22
1656694967559,CSE 190,A00,092507,Dubnov; Shlomo,5,0,20,15
1656694973582,ECE 45,A01,083139,Congero; Spencer William,5,0,75,70
1656694979605,ECE 65,A50,083695,Saad; Andrew S,12,0,30,18
1656694979605,ECE 65,A51,095125,Saad; Andrew S,25,0,26,1
1656694985629,ECE 109,A01,091882,Touri; Behrouz,13,0,70,57
1656694991654,ECE 180,A00,083140,Abi Samra; Nicholas Camill,1,0,30,29
1656694991654,ECE 180,B00,083141,Abi Samra; Nicholas Camill,0,0,30,30
1656694997686,MATH 10A,A01,083735,Patchell; Gregory David,0,0,30,30
1656694997686,MATH 10A,A02,083736,Patchell; Gregory David,20,0,30,10
1656694997686,MATH 10A,A03,083737,Patchell; Gregory David,16,0,30,14
1656695003711,MATH 10B,A01,083207,Lim; Seonhee,7,0,34,27
1656695003711,MATH 10B,A02,083208,Lim; Seonhee,9,0,35,26
1656695003711,MATH 10B,A03,093472,Lim; Seonhee,3,0,34,31
1656695003711,MATH 10B,B01,083739,Sinha; Shubham,9,0,30,21
1656695009738,MATH 18,A01,083743,Cinel; Cameron Alexander,6,0,30,24
1656695009738,MATH 18,A02,083744,Cinel; Cameron Alexander,14,0,30,16
1656695009738,MATH 18,A03,083745,Cinel; Cameron Alexander,7,0,30,23
1656695009738,MATH 18,B01,083748,Rideout; David Porter,2,0,37,35
1656695009738,MATH 18,B02,083749,Rideout; David Porter,2,0,36,34
1656695009738,MATH 18,B03,083750,Rideout; David Porter,1,0,37,36
1656695009738,MATH 18,B04,083751,Rideout; David Porter,4,0,36,32
1656695009738,MATH 18,B05,093473,Rideout; David Porter,4,0,36,32
1656695009738,MATH 18,B06,093474,Rideout; David Porter,4,0,36,32
1656695015764,MATH 20A,A01,083754,Zheng; Zequn,12,0,40,28
1656695021792,MATH 20B,A01,083756,Briones; Jor-el Thomas Caparas,1,1,36,35
1656695021792,MATH 20B,A02,083757,Briones; Jor-el Thomas Caparas,0,0,36,36
1656695021792,MATH 20B,A03,093475,Briones; Jor-el Thomas Caparas,2,0,36,34
1656695027823,MATH 20C,A01,083760,Briones; Jor-el Thomas Caparas,0,0,35,35
1656695027823,MATH 20C,A02,083761,Briones; Jor-el Thomas Caparas,8,0,35,27
1656695027823,MATH 20C,A03,093476,Briones; Jor-el Thomas Caparas,0,1,36,36
1656695027823,MATH 20C,B01,083762,Bach; Quang Tran,0,0,30,30
1656695033861,MATH 20D,A01,083765,Tran; Brian Kha,3,0,30,27
1656695033861,MATH 20D,A02,083766,Tran; Brian Kha,3,0,30,27
1656695033861,MATH 20D,A03,083767,Tran; Brian Kha,1,0,30,29
1656695039885,MATH 20E,A01,083771,Ganguly; Soumya,4,0,32,28
1656695039885,MATH 20E,A02,083772,Ganguly; Soumya,3,0,32,29
1656695039885,MATH 20E,B01,083773,Ciotti; Benjamin,18,0,35,17
1656695039885,MATH 20E,B02,083774,Ciotti; Benjamin,18,0,35,17
1656695045919,MATH 103A,A01,083777,Greenfeld; Be'Eri,2,0,36,34
1656695045919,MATH 103A,A02,083778,Greenfeld; Be'Eri,5,0,36,31
1656695045919,MATH 103A,A03,093561,Greenfeld; Be'Eri,4,0,36,32
1656695045919,MATH 103A,B01,083779,Greenfeld; Be'Eri,6,0,36,30
1656695045919,MATH 103A,B02,083780,Greenfeld; Be'Eri,2,0,36,34
1656695045919,MATH 103A,B03,093562,Greenfeld; Be'Eri,2,0,36,34
1656695051944,MATH 105,A01,085443,Carter; Anne Toulson,13,0,35,22
1656695051944,MATH 105,A02,093477,Carter; Anne Toulson,20,0,35,15
1656695057968,MATH 109,A01,083213,Ganzberger; Geoffrey Michael,0,0,34,34
1656695057968,MATH 109,A02,083214,Ganzberger; Geoffrey Michael,1,0,34,33
1656695057968,MATH 109,A03,093478,Ganzberger; Geoffrey Michael,2,0,34,32
1656695057968,MATH 109,B01,083215,Ganzberger; Geoffrey Michael,1,0,32,31
1656695057968,MATH 109,B02,083216,Ganzberger; Geoffrey Michael,2,0,32,30
1656695057968,MATH 109,B03,093479,Ganzberger; Geoffrey Michael,7,0,32,25
1656695063991,MATH 142A,A01,083219,Chow; Bennett,4,0,32,28
1656695063991,MATH 142A,A02,083220,Chow; Bennett,9,0,32,23
1656695063991,MATH 142A,A03,093480,Chow; Bennett,6,0,32,26
1656695063991,MATH 142A,B03,093481,Chow; Bennett,5,0,32,27
1656695063991,MATH 142A,B04,093558,Chow; Bennett,10,0,32,22
1656695063991,MATH 142A,B05,093559,Chow; Bennett,4,0,32,28
1656695070014,MATH 193A,A01,083224,Rotar; Vladimir,3,0,34,31
1656695070014,MATH 193A,A02,083225,Rotar; Vladimir,2,0,34,32
1656695070014,MATH 193A,A03,083781,Rotar; Vladimir,0,0,34,34
1656695070014,MATH 193A,A04,083782,Rotar; Vladimir,4,0,34,30
1656695070014,MATH 193A,A05,093482,Rotar; Vladimir,5,0,34,29
1656695076040,MATH 197,001,091859,McAuley; Julian John,9999,0,9999,0
1656695076040,MATH 197,002,095566,Kedlaya; Kiran S.,9997,0,9999,2
1656695076040,MATH 197,003,095567,Xiao; Ming,9999,0,9999,0
1656695076040,MATH 197,004,095571,Perols; Johan Lars,9998,0,9999,1
1656695083110,COGS 9,A01,083615,Shannon; Kyle Michael,5,0,75,70
1656695089133,COGS 11,A01,083617,Boyle; Mary E. T.,17,0,48,31
1656695095157,COGS 13,A01,083071,Bastos; Amalia Pinkusfeld,6,0,71,65
1656695101188,COGS 14A,A01,092681,Semenuks; Arturs,0,3,100,100
1656695107213,COGS 14B,A01,083073,Cheng; Tzu-Han,3,0,63,60
1656695113237,COGS 17,A01,092677,Semenuks; Arturs,4,0,81,77
1656695119264,COGS 100,A01,083619,Allen; Michael Gordon,13,0,70,57
1656695125292,COGS 101A,A01,083621,Davis; Joshua Daniel,9,0,68,59
1656695131315,COGS 101B,A01,091572,Allen; Michael Gordon,3,0,65,62
1656695137343,COGS 101C,A01,083625,Delgado; Tania,17,0,35,18
1656695143365,COGS 107A,A01,083627,Boyle; Mary E. T.,11,0,60,49
1656695149388,COGS 118A,A01,083075,Gupta; Anjum,13,0,76,63
1656695155426,CSE 3,A50,083646,Miranda; Gregory Joseph,22,0,50,28
1656695161449,CSE 8A,A50,083650,Miranda; Gregory Joseph,16,1,56,40
1656695167476,CSE 11,A01,083080,Cao; Yingjun,2,17,40,38
1656695173505,CSE 12,A01,083652,Krause-Levy; Sophia Louisa,19,1,120,101
1656695179528,CSE 15L,A01,083654,Morris; Justin Loren,8,0,50,42
1656695179528,CSE 15L,A02,083655,Morris; Justin Loren,8,0,50,42
1656695185552,CSE 20,A01,083657,Tran; Khoa Dang,35,0,80,45
1656695191576,CSE 21,A01,095574,Bach; Quang Tran,21,0,48,27
1656695197603,CSE 30,A01,083084,Eldon; John,5,0,80,75
1656695197603,CSE 30,B01,095061,Bhaskar; Nishant,3,0,50,47
1656695203626,CSE 100,A01,083659,Cao; Yingjun,1,6,70,69
1656695209748,CSE 134B,A01,083661,Powell; Thomas Allan,17,0,100,83
1656695215778,CSE 140,A01,083663,Gungor; Onat,14,0,85,71
1656695221801,CSE 140L,A01,083088,Eldon; John,16,0,100,84
1656695227825,CSE 175,A01,083665,Kumar; Rakesh,3,0,25,22
1656695233849,CSE 190,A00,092507,Dubnov; Shlomo,5,0,20,15
1656695239872,ECE 45,A01,083139,Congero; Spencer William,5,0,75,70
1656695245898,ECE 65,A50,083695,Saad; Andrew S,12,0,30,18
1656695245898,ECE 65,A51,095125,Saad; Andrew S,25,0,26,1
1656695251921,ECE 109,A01,091882,Touri; Behrouz,13,0,70,57
1656695257943,ECE 180,A00,083140,Abi Samra; Nicholas Camill,1,0,30,29
1656695257943,ECE 180,B00,083141,Abi Samra; Nicholas Camill,0,0,30,30
1656695263965,MATH 10A,A01,083735,Patchell; Gregory David,0,0,30,30
1656695263965,MATH 10A,A02,083736,Patchell; Gregory David,20,0,30,10
1656695263965,MATH 10A,A03,083737,Patchell; Gregory David,16,0,30,14
1656695269994,MATH 10B,A01,083207,Lim; Seonhee,7,0,34,27
1656695269994,MATH 10B,A02,083208,Lim; Seonhee,9,0,35,26
1656695269994,MATH 10B,A03,093472,Lim; Seonhee,3,0,34,31
1656695269994,MATH 10B,B01,083739,Sinha; Shubham,9,0,30,21
1656695276024,MATH 18,A01,083743,Cinel; Cameron Alexander,6,0,30,24
1656695276024,MATH 18,A02,083744,Cinel; Cameron Alexander,14,0,30,16
1656695276024,MATH 18,A03,083745,Cinel; Cameron Alexander,7,0,30,23
1656695276024,MATH 18,B01,083748,Rideout; David Porter,2,0,37,35
1656695276024,MATH 18,B02,083749,Rideout; David Porter,2,0,36,34
1656695276024,MATH 18,B03,083750,Rideout; David Porter,1,0,37,36
1656695276024,MATH 18,B04,083751,Rideout; David Porter,4,0,36,32
1656695276024,MATH 18,B05,093473,Rideout; David Porter,4,0,36,32
1656695276024,MATH 18,B06,093474,Rideout; David Porter,4,0,36,32
1656695282051,MATH 20A,A01,083754,Zheng; Zequn,12,0,40,28
1656695288085,MATH 20B,A01,083756,Briones; Jor-el Thomas Caparas,1,1,36,35
1656695288085,MATH 20B,A02,083757,Briones; Jor-el Thomas Caparas,0,0,36,36
1656695288085,MATH 20B,A03,093475,Briones; Jor-el Thomas Caparas,2,0,36,34
1656695294106,MATH 20C,A01,083760,Briones; Jor-el Thomas Caparas,0,0,35,35
1656695294106,MATH 20C,A02,083761,Briones; Jor-el Thomas Caparas,8,0,35,27
1656695294106,MATH 20C,A03,093476,Briones; Jor-el Thomas Caparas,0,1,36,36
1656695294106,MATH 20C,B01,083762,Bach; Quang Tran,0,0,30,30
1656695300136,MATH 20D,A01,083765,Tran; Brian Kha,3,0,30,27
1656695300136,MATH 20D,A02,083766,Tran; Brian Kha,3,0,30,27
1656695300136,MATH 20D,A03,083767,Tran; Brian Kha,1,0,30,29
1656695306169,MATH 20E,A01,083771,Ganguly; Soumya,4,0,32,28
1656695306169,MATH 20E,A02,083772,Ganguly; Soumya,3,0,32,29
1656695306169,MATH 20E,B01,083773,Ciotti; Benjamin,18,0,35,17
1656695306169,MATH 20E,B02,083774,Ciotti; Benjamin,18,0,35,17
1656695312194,MATH 103A,A01,083777,Greenfeld; Be'Eri,2,0,36,34
1656695312194,MATH 103A,A02,083778,Greenfeld; Be'Eri,5,0,36,31
1656695312194,MATH 103A,A03,093561,Greenfeld; Be'Eri,4,0,36,32
1656695312194,MATH 103A,B01,083779,Greenfeld; Be'Eri,6,0,36,30
1656695312194,MATH 103A,B02,083780,Greenfeld; Be'Eri,2,0,36,34
1656695312194,MATH 103A,B03,093562,Greenfeld; Be'Eri,2,0,36,34
1656695318223,MATH 105,A01,085443,Carter; Anne Toulson,13,0,35,22
1656695318223,MATH 105,A02,093477,Carter; Anne Toulson,20,0,35,15
1656695324247,MATH 109,A01,083213,Ganzberger; Geoffrey Michael,0,0,34,34
1656695324247,MATH 109,A02,083214,Ganzberger; Geoffrey Michael,1,0,34,33
1656695324247,MATH 109,A03,093478,Ganzberger; Geoffrey Michael,2,0,34,32
1656695324247,MATH 109,B01,083215,Ganzberger; Geoffrey Michael,1,0,32,31
1656695324247,MATH 109,B02,083216,Ganzberger; Geoffrey Michael,2,0,32,30
1656695324247,MATH 109,B03,093479,Ganzberger; Geoffrey Michael,7,0,32,25
1656695330278,MATH 142A,A01,083219,Chow; Bennett,4,0,32,28
1656695330278,MATH 142A,A02,083220,Chow; Bennett,9,0,32,23
1656695330278,MATH 142A,A03,093480,Chow; Bennett,6,0,32,26
1656695330278,MATH 142A,B03,093481,Chow; Bennett,5,0,32,27
1656695330278,MATH 142A,B04,093558,Chow; Bennett,10,0,32,22
1656695330278,MATH 142A,B05,093559,Chow; Bennett,4,0,32,28
1656695336306,MATH 193A,A01,083224,Rotar; Vladimir,3,0,34,31
1656695336306,MATH 193A,A02,083225,Rotar; Vladimir,2,0,34,32
1656695336306,MATH 193A,A03,083781,Rotar; Vladimir,0,0,34,34
1656695336306,MATH 193A,A04,083782,Rotar; Vladimir,4,0,34,30
1656695336306,MATH 193A,A05,093482,Rotar; Vladimir,5,0,34,29
1656695342329,MATH 197,001,091859,McAuley; Julian John,9999,0,9999,0
1656695342329,MATH 197,002,095566,Kedlaya; Kiran S.,9997,0,9999,2
1656695342329,MATH 197,003,095567,Xiao; Ming,9999,0,9999,0
1656695342329,MATH 197,004,095571,Perols; Johan Lars,9998,0,9999,1
1656695349402,COGS 9,A01,083615,Shannon; Kyle Michael,5,0,75,70
1656695355436,COGS 11,A01,083617,Boyle; Mary E. T.,17,0,48,31
1656695361463,COGS 13,A01,083071,Bastos; Amalia Pinkusfeld,6,0,71,65
1656695367491,COGS 14A,A01,092681,Semenuks; Arturs,0,3,100,100
1656695373514,COGS 14B,A01,083073,Cheng; Tzu-Han,3,0,63,60
1656695379540,COGS 17,A01,092677,Semenuks; Arturs,4,0,81,77
1656695385566,COGS 100,A01,083619,Allen; Michael Gordon,13,0,70,57
1656695391590,COGS 101A,A01,083621,Davis; Joshua Daniel,9,0,68,59
1656695397632,COGS 101B,A01,091572,Allen; Michael Gordon,3,0,65,62
1656695403655,COGS 101C,A01,083625,Delgado; Tania,17,0,35,18
1656695409687,COGS 107A,A01,083627,Boyle; Mary E. T.,11,0,60,49
1656695415713,COGS 118A,A01,083075,Gupta; Anjum,13,0,76,63
1656695421745,CSE 3,A50,083646,Miranda; Gregory Joseph,22,0,50,28
1656695427767,CSE 8A,A50,083650,Miranda; Gregory Joseph,16,1,56,40
1656695433791,CSE 11,A01,083080,Cao; Yingjun,2,17,40,38
1656695439814,CSE 12,A01,083652,Krause-Levy; Sophia Louisa,19,1,120,101
1656695445845,CSE 15L,A01,083654,Morris; Justin Loren,8,0,50,42
1656695445845,CSE 15L,A02,083655,Morris; Justin Loren,8,0,50,42
1656695451867,CSE 20,A01,083657,Tran; Khoa Dang,35,0,80,45
1656695457893,CSE 21,A01,095574,Bach; Quang Tran,21,0,48,27
1656695463921,CSE 30,A01,083084,Eldon; John,5,0,80,75
1656695463921,CSE 30,B01,095061,Bhaskar; Nishant,3,0,50,47
1656695469945,CSE 100,A01,083659,Cao; Yingjun,1,6,70,69
1656695475968,CSE 134B,A01,083661,Powell; Thomas Allan,17,0,100,83
1656695482000,CSE 140,A01,083663,Gungor; Onat,14,0,85,71
1656695488025,CSE 140L,A01,083088,Eldon; John,16,0,100,84
1656695494049,CSE 175,A01,083665,Kumar; Rakesh,3,0,25,22
1656695500077,CSE 190,A00,092507,Dubnov; Shlomo,5,0,20,15
1656695506104,ECE 45,A01,083139,Congero; Spencer William,5,0,75,70
1656695512127,ECE 65,A50,083695,Saad; Andrew S,12,0,30,18
1656695512127,ECE 65,A51,095125,Saad; Andrew S,25,0,26,1
1656695518151,ECE 109,A01,091882,Touri; Behrouz,13,0,70,57
1656695524177,ECE 180,A00,083140,Abi Samra; Nicholas Camill,1,0,30,29
1656695524177,ECE 180,B00,083141,Abi Samra; Nicholas Camill,0,0,30,30
1656695530204,MATH 10A,A01,083735,Patchell; Gregory David,0,0,30,30
1656695530204,MATH 10A,A02,083736,Patchell; Gregory David,20,0,30,10
1656695530204,MATH 10A,A03,083737,Patchell; Gregory David,16,0,30,14
1656695536229,MATH 10B,A01,083207,Lim; Seonhee,7,0,34,27
1656695536229,MATH 10B,A02,083208,Lim; Seonhee,9,0,35,26
1656695536229,MATH 10B,A03,093472,Lim; Seonhee,3,0,34,31
1656695536229,MATH 10B,B01,083739,Sinha; Shubham,9,0,30,21
1656695542257,MATH 18,A01,083743,Cinel; Cameron Alexander,6,0,30,24
1656695542257,MATH 18,A02,083744,Cinel; Cameron Alexander,14,0,30,16
1656695542257,MATH 18,A03,083745,Cinel; Cameron Alexander,7,0,30,23
1656695542257,MATH 18,B01,083748,Rideout; David Porter,2,0,37,35
1656695542257,MATH 18,B02,083749,Rideout; David Porter,2,0,36,34
1656695542257,MATH 18,B03,083750,Rideout; David Porter,1,0,37,36
1656695542257,MATH 18,B04,083751,Rideout; David Porter,4,0,36,32
1656695542257,MATH 18,B05,093473,Rideout; David Porter,4,0,36,32
1656695542257,MATH 18,B06,093474,Rideout; David Porter,4,0,36,32
1656695548289,MATH 20A,A01,083754,Zheng; Zequn,12,0,40,28
1656695554325,MATH 20B,A01,083756,Briones; Jor-el Thomas Caparas,1,1,36,35
1656695554325,MATH 20B,A02,083757,Briones; Jor-el Thomas Caparas,0,0,36,36
1656695554325,MATH 20B,A03,093475,Briones; Jor-el Thomas Caparas,2,0,36,34
1656695560353,MATH 20C,A01,083760,Briones; Jor-el Thomas Caparas,0,0,35,35
1656695560353,MATH 20C,A02,083761,Briones; Jor-el Thomas Caparas,8,0,35,27
1656695560353,MATH 20C,A03,093476,Briones; Jor-el Thomas Caparas,0,1,36,36
1656695560353,MATH 20C,B01,083762,Bach; Quang Tran,0,0,30,30
1656695566382,MATH 20D,A01,083765,Tran; Brian Kha,3,0,30,27
1656695566382,MATH 20D,A02,083766,Tran; Brian Kha,3,0,30,27
1656695566382,MATH 20D,A03,083767,Tran; Brian Kha,1,0,30,29
1656695572413,MATH 20E,A01,083771,Ganguly; Soumya,4,0,32,28
1656695572413,MATH 20E,A02,083772,Ganguly; Soumya,3,0,32,29
1656695572413,MATH 20E,B01,083773,Ciotti; Benjamin,18,0,35,17
1656695572413,MATH 20E,B02,083774,Ciotti; Benjamin,18,0,35,17
1656695578443,MATH 103A,A01,083777,Greenfeld; Be'Eri,2,0,36,34
1656695578443,MATH 103A,A02,083778,Greenfeld; Be'Eri,5,0,36,31
1656695578443,MATH 103A,A03,093561,Greenfeld; Be'Eri,4,0,36,32
1656695578443,MATH 103A,B01,083779,Greenfeld; Be'Eri,6,0,36,30
1656695578443,MATH 103A,B02,083780,Greenfeld; Be'Eri,2,0,36,34
1656695578443,MATH 103A,B03,093562,Greenfeld; Be'Eri,2,0,36,34
1656695584474,MATH 105,A01,085443,Carter; Anne Toulson,13,0,35,22
1656695584474,MATH 105,A02,093477,Carter; Anne Toulson,20,0,35,15
1656695590500,MATH 109,A01,083213,Ganzberger; Geoffrey Michael,0,0,34,34
1656695590500,MATH 109,A02,083214,Ganzberger; Geoffrey Michael,1,0,34,33
1656695590500,MATH 109,A03,093478,Ganzberger; Geoffrey Michael,2,0,34,32
1656695590500,MATH 109,B01,083215,Ganzberger; Geoffrey Michael,1,0,32,31
1656695590500,MATH 109,B02,083216,Ganzberger; Geoffrey Michael,2,0,32,30
1656695590500,MATH 109,B03,093479,Ganzberger; Geoffrey Michael,7,0,32,25
1656695596527,MATH 142A,A01,083219,Chow; Bennett,4,0,32,28
1656695596527,MATH 142A,A02,083220,Chow; Bennett,9,0,32,23
1656695596527,MATH 142A,A03,093480,Chow; Bennett,6,0,32,26
1656695596527,MATH 142A,B03,093481,Chow; Bennett,5,0,32,27
1656695596527,MATH 142A,B04,093558,Chow; Bennett,10,0,32,22
1656695596527,MATH 142A,B05,093559,Chow; Bennett,4,0,32,28
1656695602553,MATH 193A,A01,083224,Rotar; Vladimir,3,0,34,31
1656695602553,MATH 193A,A02,083225,Rotar; Vladimir,2,0,34,32
1656695602553,MATH 193A,A03,083781,Rotar; Vladimir,0,0,34,34
1656695602553,MATH 193A,A04,083782,Rotar; Vladimir,4,0,34,30
1656695602553,MATH 193A,A05,093482,Rotar; Vladimir,5,0,34,29
1656695608577,MATH 197,001,091859,McAuley; Julian John,9999,0,9999,0
1656695608577,MATH 197,002,095566,Kedlaya; Kiran S.,9997,0,9999,2
1656695608577,MATH 197,003,095567,Xiao; Ming,9999,0,9999,0
1656695608577,MATH 197,004,095571,Perols; Johan Lars,9998,0,9999,1
1656695615639,COGS 9,A01,083615,Shannon; Kyle Michael,5,0,75,70
1656695621665,COGS 11,A01,083617,Boyle; Mary E. T.,17,0,48,31
1656695627696,COGS 13,A01,083071,Bastos; Amalia Pinkusfeld,6,0,71,65
1656695633720,COGS 14A,A01,092681,Semenuks; Arturs,0,3,100,100
1656695639742,COGS 14B,A01,083073,Cheng; Tzu-Han,3,0,63,60
1656695645768,COGS 17,A01,092677,Semenuks; Arturs,4,0,81,77
1656695651793,COGS 100,A01,083619,Allen; Michael Gordon,13,0,70,57
1656695657816,COGS 101A,A01,083621,Davis; Joshua Daniel,9,0,68,59
1656695663855,COGS 101B,A01,091572,Allen; Michael Gordon,3,0,65,62
1656695669878,COGS 101C,A01,083625,Delgado; Tania,17,0,35,18
1656695675909,COGS 107A,A01,083627,Boyle; Mary E. T.,11,0,60,49
1656695681932,COGS 118A,A01,083075,Gupta; Anjum,13,0,76,63
1656695687955,CSE 3,A50,083646,Miranda; Gregory Joseph,22,0,50,28
1656695693979,CSE 8A,A50,083650,Miranda; Gregory Joseph,16,1,56,40
1656695700011,CSE 11,A01,083080,Cao; Yingjun,2,17,40,38
1656695706040,CSE 12,A01,083652,Krause-Levy; Sophia Louisa,19,1,120,101
1656695712064,CSE 15L,A01,083654,Morris; Justin Loren,8,0,50,42
1656695712064,CSE 15L,A02,083655,Morris; Justin Loren,8,0,50,42
1656695718099,CSE 20,A01,083657,Tran; Khoa Dang,35,0,80,45
1656695724135,CSE 21,A01,095574,Bach; Quang Tran,21,0,48,27
1656695730158,CSE 30,A01,083084,Eldon; John,5,0,80,75
1656695730158,CSE 30,B01,095061,Bhaskar; Nishant,3,0,50,47
1656695736185,CSE 100,A01,083659,Cao; Yingjun,1,6,70,69
1656695742212,CSE 134B,A01,083661,Powell; Thomas Allan,17,0,100,83
1656695748250,CSE 140,A01,083663,Gungor; Onat,14,0,85,71
1656695754282,CSE 140L,A01,083088,Eldon; John,16,0,100,84
1656695760305,CSE 175,A01,083665,Kumar; Rakesh,3,0,25,22
1656695766329,CSE 190,A00,092507,Dubnov; Shlomo,5,0,20,15
1656695772357,ECE 45,A01,083139,Congero; Spencer William,5,0,75,70
1656695778382,ECE 65,A50,083695,Saad; Andrew S,12,0,30,18
1656695778382,ECE 65,A51,095125,Saad; Andrew S,25,0,26,1
1656695784406,ECE 109,A01,091882,Touri; Behrouz,13,0,70,57
1656695790436,ECE 180,A00,083140,Abi Samra; Nicholas Camill,1,0,30,29
1656695790436,ECE 180,B00,083141,Abi Samra; Nicholas Camill,0,0,30,30
1656695796461,MATH 10A,A01,083735,Patchell; Gregory David,0,0,30,30
1656695796461,MATH 10A,A02,083736,Patchell; Gregory David,20,0,30,10
1656695796461,MATH 10A,A03,083737,Patchell; Gregory David,16,0,30,14
1656695802492,MATH 10B,A01,083207,Lim; Seonhee,7,0,34,27
1656695802492,MATH 10B,A02,083208,Lim; Seonhee,9,0,35,26
1656695802492,MATH 10B,A03,093472,Lim; Seonhee,3,0,34,31
1656695802492,MATH 10B,B01,083739,Sinha; Shubham,9,0,30,21
1656695808591,MATH 18,A01,083743,Cinel; Cameron Alexander,6,0,30,24
1656695808591,MATH 18,A02,083744,Cinel; Cameron Alexander,14,0,30,16
1656695808591,MATH 18,A03,083745,Cinel; Cameron Alexander,7,0,30,23
1656695808591,MATH 18,B01,083748,Rideout; David Porter,2,0,37,35
1656695808591,MATH 18,B02,083749,Rideout; David Porter,2,0,36,34
1656695808591,MATH 18,B03,083750,Rideout; David Porter,1,0,37,36
1656695808591,MATH 18,B04,083751,Rideout; David Porter,4,0,36,32
1656695808591,MATH 18,B05,093473,Rideout; David Porter,4,0,36,32
1656695808591,MATH 18,B06,093474,Rideout; David Porter,4,0,36,32
1656695814615,MATH 20A,A01,083754,Zheng; Zequn,12,0,40,28
1656695820638,MATH 20B,A01,083756,Briones; Jor-el Thomas Caparas,1,1,36,35
1656695820638,MATH 20B,A02,083757,Briones; Jor-el Thomas Caparas,0,0,36,36
1656695820638,MATH 20B,A03,093475,Briones; Jor-el Thomas Caparas,2,0,36,34
1656695826668,MATH 20C,A01,083760,Briones; Jor-el Thomas Caparas,0,0,35,35
1656695826668,MATH 20C,A02,083761,Briones; Jor-el Thomas Caparas,8,0,35,27
1656695826668,MATH 20C,A03,093476,Briones; Jor-el Thomas Caparas,0,1,36,36
1656695826668,MATH 20C,B01,083762,Bach; Quang Tran,0,0,30,30
1656695832699,MATH 20D,A01,083765,Tran; Brian Kha,3,0,30,27
1656695832699,MATH 20D,A02,083766,Tran; Brian Kha,3,0,30,27
1656695832699,MATH 20D,A03,083767,Tran; Brian Kha,1,0,30,29
1656695838720,MATH 20E,A01,083771,Ganguly; Soumya,4,0,32,28
1656695838720,MATH 20E,A02,083772,Ganguly; Soumya,3,0,32,29
1656695838720,MATH 20E,B01,083773,Ciotti; Benjamin,18,0,35,17
1656695838720,MATH 20E,B02,083774,Ciotti; Benjamin,18,0,35,17
1656695844751,MATH 103A,A01,083777,Greenfeld; Be'Eri,2,0,36,34
1656695844751,MATH 103A,A02,083778,Greenfeld; Be'Eri,5,0,36,31
1656695844751,MATH 103A,A03,093561,Greenfeld; Be'Eri,4,0,36,32
1656695844751,MATH 103A,B01,083779,Greenfeld; Be'Eri,6,0,36,30
1656695844751,MATH 103A,B02,083780,Greenfeld; Be'Eri,2,0,36,34
1656695844751,MATH 103A,B03,093562,Greenfeld; Be'Eri,2,0,36,34
1656695850779,MATH 105,A01,085443,Carter; Anne Toulson,13,0,35,22
1656695850779,MATH 105,A02,093477,Carter; Anne Toulson,20,0,35,15
1656695856807,MATH 109,A01,083213,Ganzberger; Geoffrey Michael,0,0,34,34
1656695856807,MATH 109,A02,083214,Ganzberger; Geoffrey Michael,1,0,34,33
1656695856807,MATH 109,A03,093478,Ganzberger; Geoffrey Michael,2,0,34,32
1656695856807,MATH 109,B01,083215,Ganzberger; Geoffrey Michael,1,0,32,31
1656695856807,MATH 109,B02,083216,Ganzberger; Geoffrey Michael,2,0,32,30
1656695856807,MATH 109,B03,093479,Ganzberger; Geoffrey Michael,7,0,32,25
1656695862836,MATH 142A,A01,083219,Chow; Bennett,4,0,32,28
1656695862836,MATH 142A,A02,083220,Chow; Bennett,9,0,32,23
1656695862836,MATH 142A,A03,093480,Chow; Bennett,6,0,32,26
1656695862836,MATH 142A,B03,093481,Chow; Bennett,5,0,32,27
1656695862836,MATH 142A,B04,093558,Chow; Bennett,10,0,32,22
1656695862836,MATH 142A,B05,093559,Chow; Bennett,4,0,32,28
1656695868862,MATH 193A,A01,083224,Rotar; Vladimir,3,0,34,31
1656695868862,MATH 193A,A02,083225,Rotar; Vladimir,2,0,34,32
1656695868862,MATH 193A,A03,083781,Rotar; Vladimir,0,0,34,34
1656695868862,MATH 193A,A04,083782,Rotar; Vladimir,4,0,34,30
1656695868862,MATH 193A,A05,093482,Rotar; Vladimir,5,0,34,29
1656695874888,MATH 197,001,091859,McAuley; Julian John,9999,0,9999,0
1656695874888,MATH 197,002,095566,Kedlaya; Kiran S.,9997,0,9999,2
1656695874888,MATH 197,003,095567,Xiao; Ming,9999,0,9999,0
1656695874888,MATH 197,004,095571,Perols; Johan Lars,9998,0,9999,1
1656695881942,COGS 9,A01,083615,Shannon; Kyle Michael,5,0,75,70
1656695887972,COGS 11,A01,083617,Boyle; Mary E. T.,17,0,48,31
1656695894006,COGS 13,A01,083071,Bastos; Amalia Pinkusfeld,6,0,71,65
1656695900030,COGS 14A,A01,092681,Semenuks; Arturs,0,3,100,100
1656695906059,COGS 14B,A01,083073,Cheng; Tzu-Han,3,0,63,60
1656695912086,COGS 17,A01,092677,Semenuks; Arturs,4,0,81,77
1656695918146,COGS 100,A01,083619,Allen; Michael Gordon,13,0,70,57
1656695924169,COGS 101A,A01,083621,Davis; Joshua Daniel,9,0,68,59
1656695930195,COGS 101B,A01,091572,Allen; Michael Gordon,3,0,65,62
1656695936221,COGS 101C,A01,083625,Delgado; Tania,17,0,35,18
1656695942251,COGS 107A,A01,083627,Boyle; Mary E. T.,11,0,60,49
1656695948283,COGS 118A,A01,083075,Gupta; Anjum,13,0,76,63
1656695954308,CSE 3,A50,083646,Miranda; Gregory Joseph,22,0,50,28
1656695960334,CSE 8A,A50,083650,Miranda; Gregory Joseph,16,1,56,40
1656695966358,CSE 11,A01,083080,Cao; Yingjun,2,17,40,38
1656695972384,CSE 12,A01,083652,Krause-Levy; Sophia Louisa,19,1,120,101
1656695978409,CSE 15L,A01,083654,Morris; Justin Loren,8,0,50,42
1656695978409,CSE 15L,A02,083655,Morris; Justin Loren,8,0,50,42
1656695984432,CSE 20,A01,083657,Tran; Khoa Dang,35,0,80,45
1656695990468,CSE 21,A01,095574,Bach; Quang Tran,21,0,48,27
1656695996491,CSE 30,A01,083084,Eldon; John,5,0,80,75
1656695996491,CSE 30,B01,095061,Bhaskar; Nishant,3,0,50,47
1656696002514,CSE 100,A01,083659,Cao; Yingjun,1,6,70,69
1656696008549,CSE 134B,A01,083661,Powell; Thomas Allan,17,0,100,83
1656696014577,CSE 140,A01,083663,Gungor; Onat,14,0,85,71
1656696020610,CSE 140L,A01,083088,Eldon; John,16,0,100,84
1656696026637,CSE 175,A01,083665,Kumar; Rakesh,3,0,25,22
1656696032664,CSE 190,A00,092507,Dubnov; Shlomo,5,0,20,15
1656696038700,ECE 45,A01,083139,Congero; Spencer William,5,0,75,70
1656696044722,ECE 65,A50,083695,Saad; Andrew S,12,0,30,18
1656696044722,ECE 65,A51,095125,Saad; Andrew S,25,0,26,1
1656696050746,ECE 109,A01,091882,Touri; Behrouz,13,0,70,57
1656696056772,ECE 180,A00,083140,Abi Samra; Nicholas Camill,1,0,30,29
1656696056772,ECE 180,B00,083141,Abi Samra; Nicholas Camill,0,0,30,30
1656696062799,MATH 10A,A01,083735,Patchell; Gregory David,0,0,30,30
1656696062799,MATH 10A,A02,083736,Patchell; Gregory David,20,0,30,10
1656696062799,MATH 10A,A03,083737,Patchell; Gregory David,16,0,30,14
1656696068828,MATH 10B,A01,083207,Lim; Seonhee,7,0,34,27
1656696068828,MATH 10B,A02,083208,Lim; Seonhee,9,0,35,26
1656696068828,MATH 10B,A03,093472,Lim; Seonhee,3,0,34,31
1656696068828,MATH 10B,B01,083739,Sinha; Shubham,9,0,30,21
1656696074854,MATH 18,A01,083743,Cinel; Cameron Alexander,6,0,30,24
1656696074854,MATH 18,A02,083744,Cinel; Cameron Alexander,14,0,30,16
1656696074854,MATH 18,A03,083745,Cinel; Cameron Alexander,7,0,30,23
1656696074854,MATH 18,B01,083748,Rideout; David Porter,2,0,37,35
1656696074854,MATH 18,B02,083749,Rideout; David Porter,2,0,36,34
1656696074854,MATH 18,B03,083750,Rideout; David Porter,1,0,37,36
1656696074854,MATH 18,B04,083751,Rideout; David Porter,4,0,36,32
1656696074854,MATH 18,B05,093473,Rideout; David Porter,4,0,36,32
1656696074854,MATH 18,B06,093474,Rideout; David Porter,4,0,36,32
1656696080884,MATH 20A,A01,083754,Zheng; Zequn,12,0,40,28
1656696086910,MATH 20B,A01,083756,Briones; Jor-el Thomas Caparas,1,1,36,35
1656696086910,MATH 20B,A02,083757,Briones; Jor-el Thomas Caparas,0,0,36,36
1656696086910,MATH 20B,A03,093475,Briones; Jor-el Thomas Caparas,2,0,36,34
1656696092936,MATH 20C,A01,083760,Briones; Jor-el Thomas Caparas,0,0,35,35
1656696092936,MATH 20C,A02,083761,Briones; Jor-el Thomas Caparas,8,0,35,27
1656696092936,MATH 20C,A03,093476,Briones; Jor-el Thomas Caparas,0,1,36,36
1656696092936,MATH 20C,B01,083762,Bach; Quang Tran,0,0,30,30
1656696098960,MATH 20D,A01,083765,Tran; Brian Kha,3,0,30,27
1656696098960,MATH 20D,A02,083766,Tran; Brian Kha,3,0,30,27
1656696098960,MATH 20D,A03,083767,Tran; Brian Kha,1,0,30,29
1656696104988,MATH 20E,A01,083771,Ganguly; Soumya,4,0,32,28
1656696104988,MATH 20E,A02,083772,Ganguly; Soumya,3,0,32,29
1656696104988,MATH 20E,B01,083773,Ciotti; Benjamin,18,0,35,17
1656696104988,MATH 20E,B02,083774,Ciotti; Benjamin,18,0,35,17
1656696111019,MATH 103A,A01,083777,Greenfeld; Be'Eri,2,0,36,34
1656696111019,MATH 103A,A02,083778,Greenfeld; Be'Eri,5,0,36,31
1656696111019,MATH 103A,A03,093561,Greenfeld; Be'Eri,4,0,36,32
1656696111019,MATH 103A,B01,083779,Greenfeld; Be'Eri,6,0,36,30
1656696111019,MATH 103A,B02,083780,Greenfeld; Be'Eri,2,0,36,34
1656696111019,MATH 103A,B03,093562,Greenfeld; Be'Eri,2,0,36,34
1656696117043,MATH 105,A01,085443,Carter; Anne Toulson,13,0,35,22
1656696117043,MATH 105,A02,093477,Carter; Anne Toulson,20,0,35,15
1656696123066,MATH 109,A01,083213,Ganzberger; Geoffrey Michael,0,0,34,34
1656696123066,MATH 109,A02,083214,Ganzberger; Geoffrey Michael,1,0,34,33
1656696123066,MATH 109,A03,093478,Ganzberger; Geoffrey Michael,2,0,34,32
1656696123066,MATH 109,B01,083215,Ganzberger; Geoffrey Michael,1,0,32,31
1656696123066,MATH 109,B02,083216,Ganzberger; Geoffrey Michael,2,0,32,30
1656696123066,MATH 109,B03,093479,Ganzberger; Geoffrey Michael,7,0,32,25
1656696129098,MATH 142A,A01,083219,Chow; Bennett,4,0,32,28
1656696129098,MATH 142A,A02,083220,Chow; Bennett,9,0,32,23
1656696129098,MATH 142A,A03,093480,Chow; Bennett,6,0,32,26
1656696129098,MATH 142A,B03,093481,Chow; Bennett,5,0,32,27
1656696129098,MATH 142A,B04,093558,Chow; Bennett,10,0,32,22
1656696129098,MATH 142A,B05,093559,Chow; Bennett,4,0,32,28
1656696135123,MATH 193A,A01,083224,Rotar; Vladimir,3,0,34,31
1656696135123,MATH 193A,A02,083225,Rotar; Vladimir,2,0,34,32
1656696135123,MATH 193A,A03,083781,Rotar; Vladimir,0,0,34,34
1656696135123,MATH 193A,A04,083782,Rotar; Vladimir,4,0,34,30
1656696135123,MATH 193A,A05,093482,Rotar; Vladimir,5,0,34,29
1656696141153,MATH 197,001,091859,McAuley; Julian John,9999,0,9999,0
1656696141153,MATH 197,002,095566,Kedlaya; Kiran S.,9997,0,9999,2
1656696141153,MATH 197,003,095567,Xiao; Ming,9999,0,9999,0
1656696141153,MATH 197,004,095571,Perols; Johan Lars,9998,0,9999,1
1656696148221,COGS 9,A01,083615,Shannon; Kyle Michael,5,0,75,70
1656696154245,COGS 11,A01,083617,Boyle; Mary E. T.,17,0,48,31
1656696160287,COGS 13,A01,083071,Bastos; Amalia Pinkusfeld,6,0,71,65
1656696166337,COGS 14A,A01,092681,Semenuks; Arturs,0,3,100,100
1656696172364,COGS 14B,A01,083073,Cheng; Tzu-Han,3,0,63,60
1656696178388,COGS 17,A01,092677,Semenuks; Arturs,4,0,81,77
1656696184416,COGS 100,A01,083619,Allen; Michael Gordon,13,0,70,57
1656696190451,COGS 101A,A01,083621,Davis; Joshua Daniel,9,0,68,59
1656696196482,COGS 101B,A01,091572,Allen; Michael Gordon,3,0,65,62
1656696202522,COGS 101C,A01,083625,Delgado; Tania,17,0,35,18
1656696208560,COGS 107A,A01,083627,Boyle; Mary E. T.,11,0,60,49
1656696214583,COGS 118A,A01,083075,Gupta; Anjum,13,0,76,63
1656696220611,CSE 3,A50,083646,Miranda; Gregory Joseph,22,0,50,28
1656696226645,CSE 8A,A50,083650,Miranda; Gregory Joseph,16,1,56,40
1656696232668,CSE 11,A01,083080,Cao; Yingjun,2,17,40,38
1656696238692,CSE 12,A01,083652,Krause-Levy; Sophia Louisa,19,1,120,101
1656696244719,CSE 15L,A01,083654,Morris; Justin Loren,8,0,50,42
1656696244719,CSE 15L,A02,083655,Morris; Justin Loren,8,0,50,42
1656696250744,CSE 20,A01,083657,Tran; Khoa Dang,35,0,80,45
1656696256766,CSE 21,A01,095574,Bach; Quang Tran,21,0,48,27
1656696262796,CSE 30,A01,083084,Eldon; John,5,0,80,75
1656696262796,CSE 30,B01,095061,Bhaskar; Nishant,3,0,50,47
1656696268822,CSE 100,A01,083659,Cao; Yingjun,1,6,70,69
1656696274845,CSE 134B,A01,083661,Powell; Thomas Allan,17,0,100,83
1656696280871,CSE 140,A01,083663,Gungor; Onat,14,0,85,71
1656696286903,CSE 140L,A01,083088,Eldon; John,16,0,100,84
1656696292931,CSE 175,A01,083665,Kumar; Rakesh,3,0,25,22
1656696298956,CSE 190,A00,092507,Dubnov; Shlomo,5,0,20,15
1656696304986,ECE 45,A01,083139,Congero; Spencer William,5,0,75,70
1656696311017,ECE 65,A50,083695,Saad; Andrew S,12,0,30,18
1656696311017,ECE 65,A51,095125,Saad; Andrew S,25,0,26,1
1656696317081,ECE 109,A01,091882,Touri; Behrouz,13,0,70,57
1656696323106,ECE 180,A00,083140,Abi Samra; Nicholas Camill,1,0,30,29
1656696323106,ECE 180,B00,083141,Abi Samra; Nicholas Camill,0,0,30,30
1656696329133,MATH 10A,A01,083735,Patchell; Gregory David,0,0,30,30
1656696329133,MATH 10A,A02,083736,Patchell; Gregory David,20,0,30,10
1656696329133,MATH 10A,A03,083737,Patchell; Gregory David,16,0,30,14
1656696335159,MATH 10B,A01,083207,Lim; Seonhee,7,0,34,27
1656696335159,MATH 10B,A02,083208,Lim; Seonhee,9,0,35,26
1656696335159,MATH 10B,A03,093472,Lim; Seonhee,3,0,34,31
1656696335159,MATH 10B,B01,083739,Sinha; Shubham,9,0,30,21
1656696341186,MATH 18,A01,083743,Cinel; Cameron Alexander,6,0,30,24
1656696341186,MATH 18,A02,083744,Cinel; Cameron Alexander,14,0,30,16
1656696341186,MATH 18,A03,083745,Cinel; Cameron Alexander,7,0,30,23
1656696341186,MATH 18,B01,083748,Rideout; David Porter,2,0,37,35
1656696341186,MATH 18,B02,083749,Rideout; David Porter,2,0,36,34
1656696341186,MATH 18,B03,083750,Rideout; David Porter,1,0,37,36
1656696341186,MATH 18,B04,083751,Rideout; David Porter,4,0,36,32
1656696341186,MATH 18,B05,093473,Rideout; David Porter,4,0,36,32
1656696341186,MATH 18,B06,093474,Rideout; David Porter,4,0,36,32
1656696347210,MATH 20A,A01,083754,Zheng; Zequn,12,0,40,28
1656696353237,MATH 20B,A01,083756,Briones; Jor-el Thomas Caparas,1,1,36,35
1656696353237,MATH 20B,A02,083757,Briones; Jor-el Thomas Caparas,0,0,36,36
1656696353237,MATH 20B,A03,093475,Briones; Jor-el Thomas Caparas,2,0,36,34
1656696359265,MATH 20C,A01,083760,Briones; Jor-el Thomas Caparas,0,0,35,35
1656696359265,MATH 20C,A02,083761,Briones; Jor-el Thomas Caparas,8,0,35,27
1656696359265,MATH 20C,A03,093476,Briones; Jor-el Thomas Caparas,0,1,36,36
1656696359265,MATH 20C,B01,083762,Bach; Quang Tran,0,0,30,30
1656696365295,MATH 20D,A01,083765,Tran; Brian Kha,3,0,30,27
1656696365295,MATH 20D,A02,083766,Tran; Brian Kha,3,0,30,27
1656696365295,MATH 20D,A03,083767,Tran; Brian Kha,1,0,30,29
1656696371318,MATH 20E,A01,083771,Ganguly; Soumya,4,0,32,28
1656696371318,MATH 20E,A02,083772,Ganguly; Soumya,3,0,32,29
1656696371318,MATH 20E,B01,083773,Ciotti; Benjamin,18,0,35,17
1656696371318,MATH 20E,B02,083774,Ciotti; Benjamin,18,0,35,17
1656696377343,MATH 103A,A01,083777,Greenfeld; Be'Eri,2,0,36,34
1656696377343,MATH 103A,A02,083778,Greenfeld; Be'Eri,5,0,36,31
1656696377343,MATH 103A,A03,093561,Greenfeld; Be'Eri,4,0,36,32
1656696377343,MATH 103A,B01,083779,Greenfeld; Be'Eri,6,0,36,30
1656696377343,MATH 103A,B02,083780,Greenfeld; Be'Eri,2,0,36,34
1656696377343,MATH 103A,B03,093562,Greenfeld; Be'Eri,2,0,36,34
1656696383370,MATH 105,A01,085443,Carter; Anne Toulson,13,0,35,22
1656696383370,MATH 105,A02,093477,Carter; Anne Toulson,20,0,35,15
1656696389401,MATH 109,A01,083213,Ganzberger; Geoffrey Michael,0,0,34,34
1656696389401,MATH 109,A02,083214,Ganzberger; Geoffrey Michael,1,0,34,33
1656696389401,MATH 109,A03,093478,Ganzberger; Geoffrey Michael,2,0,34,32
1656696389401,MATH 109,B01,083215,Ganzberger; Geoffrey Michael,1,0,32,31
1656696389401,MATH 109,B02,083216,Ganzberger; Geoffrey Michael,2,0,32,30
1656696389401,MATH 109,B03,093479,Ganzberger; Geoffrey Michael,7,0,32,25
1656696395426,MATH 142A,A01,083219,Chow; Bennett,4,0,32,28
1656696395426,MATH 142A,A02,083220,Chow; Bennett,9,0,32,23
1656696395426,MATH 142A,A03,093480,Chow; Bennett,6,0,32,26
1656696395426,MATH 142A,B03,093481,Chow; Bennett,5,0,32,27
1656696395426,MATH 142A,B04,093558,Chow; Bennett,10,0,32,22
1656696395426,MATH 142A,B05,093559,Chow; Bennett,4,0,32,28
1656696401453,MATH 193A,A01,083224,Rotar; Vladimir,3,0,34,31
1656696401453,MATH 193A,A02,083225,Rotar; Vladimir,2,0,34,32
1656696401453,MATH 193A,A03,083781,Rotar; Vladimir,0,0,34,34
1656696401453,MATH 193A,A04,083782,Rotar; Vladimir,4,0,34,30
1656696401453,MATH 193A,A05,093482,Rotar; Vladimir,5,0,34,29
1656696407574,MATH 197,001,091859,McAuley; Julian John,9999,0,9999,0
1656696407574,MATH 197,002,095566,Kedlaya; Kiran S.,9997,0,9999,2
1656696407574,MATH 197,003,095567,Xiao; Ming,9999,0,9999,0
1656696407574,MATH 197,004,095571,Perols; Johan Lars,9998,0,9999,1
1656696414644,COGS 9,A01,083615,Shannon; Kyle Michael,5,0,75,70
1656696420683,COGS 11,A01,083617,Boyle; Mary E. T.,17,0,48,31
1656696426708,COGS 13,A01,083071,Bastos; Amalia Pinkusfeld,6,0,71,65
1656696432739,COGS 14A,A01,092681,Semenuks; Arturs,0,3,100,100
1656696438766,COGS 14B,A01,083073,Cheng; Tzu-Han,3,0,63,60
1656696444796,COGS 17,A01,092677,Semenuks; Arturs,4,0,81,77
1656696450826,COGS 100,A01,083619,Allen; Michael Gordon,13,0,70,57
1656696456850,COGS 101A,A01,083621,Davis; Joshua Daniel,9,0,68,59
1656696462878,COGS 101B,A01,091572,Allen; Michael Gordon,3,0,65,62
1656696468901,COGS 101C,A01,083625,Delgado; Tania,17,0,35,18
1656696474928,COGS 107A,A01,083627,Boyle; Mary E. T.,11,0,60,49
1656696480952,COGS 118A,A01,083075,Gupta; Anjum,13,0,76,63
1656696486978,CSE 3,A50,083646,Miranda; Gregory Joseph,22,0,50,28
1656696493003,CSE 8A,A50,083650,Miranda; Gregory Joseph,16,1,56,40
1656696499044,CSE 11,A01,083080,Cao; Yingjun,2,17,40,38
1656696505067,CSE 12,A01,083652,Krause-Levy; Sophia Louisa,19,1,120,101
1656696511092,CSE 15L,A01,083654,Morris; Justin Loren,8,0,50,42
1656696511092,CSE 15L,A02,083655,Morris; Justin Loren,8,0,50,42
1656696517128,CSE 20,A01,083657,Tran; Khoa Dang,35,0,80,45
1656696523166,CSE 21,A01,095574,Bach; Quang Tran,21,0,48,27
1656696529191,CSE 30,A01,083084,Eldon; John,5,0,80,75
1656696529191,CSE 30,B01,095061,Bhaskar; Nishant,3,0,50,47
1656696535216,CSE 100,A01,083659,Cao; Yingjun,1,6,70,69
1656696541244,CSE 134B,A01,083661,Powell; Thomas Allan,17,0,100,83
1656696547275,CSE 140,A01,083663,Gungor; Onat,14,0,85,71
1656696553308,CSE 140L,A01,083088,Eldon; John,16,0,100,84
1656696559335,CSE 175,A01,083665,Kumar; Rakesh,3,0,25,22
1656696565359,CSE 190,A00,092507,Dubnov; Shlomo,5,0,20,15
1656696571388,ECE 45,A01,083139,Congero; Spencer William,5,0,75,70
1656696577424,ECE 65,A50,083695,Saad; Andrew S,12,0,30,18
1656696577424,ECE 65,A51,095125,Saad; Andrew S,25,0,26,1
1656696583463,ECE 109,A01,091882,Touri; Behrouz,13,0,70,57
1656696589492,ECE 180,A00,083140,Abi Samra; Nicholas Camill,1,0,30,29
1656696589492,ECE 180,B00,083141,Abi Samra; Nicholas Camill,0,0,30,30
1656696595525,MATH 10A,A01,083735,Patchell; Gregory David,0,0,30,30
1656696595525,MATH 10A,A02,083736,Patchell; Gregory David,20,0,30,10
1656696595525,MATH 10A,A03,083737,Patchell; Gregory David,16,0,30,14
1656696601561,MATH 10B,A01,083207,Lim; Seonhee,7,0,34,27
1656696601561,MATH 10B,A02,083208,Lim; Seonhee,9,0,35,26
1656696601561,MATH 10B,A03,093472,Lim; Seonhee,3,0,34,31
1656696601561,MATH 10B,B01,083739,Sinha; Shubham,9,0,30,21
1656696607591,MATH 18,A01,083743,Cinel; Cameron Alexander,6,0,30,24
1656696607591,MATH 18,A02,083744,Cinel; Cameron Alexander,14,0,30,16
1656696607591,MATH 18,A03,083745,Cinel; Cameron Alexander,7,0,30,23
1656696607591,MATH 18,B01,083748,Rideout; David Porter,2,0,37,35
1656696607591,MATH 18,B02,083749,Rideout; David Porter,2,0,36,34
1656696607591,MATH 18,B03,083750,Rideout; David Porter,1,0,37,36
1656696607591,MATH 18,B04,083751,Rideout; David Porter,4,0,36,32
1656696607591,MATH 18,B05,093473,Rideout; David Porter,4,0,36,32
1656696607591,MATH 18,B06,093474,Rideout; David Porter,4,0,36,32
1656696613615,MATH 20A,A01,083754,Zheng; Zequn,12,0,40,28
1656696619646,MATH 20B,A01,083756,Briones; Jor-el Thomas Caparas,1,1,36,35
1656696619646,MATH 20B,A02,083757,Briones; Jor-el Thomas Caparas,0,0,36,36
1656696619646,MATH 20B,A03,093475,Briones; Jor-el Thomas Caparas,2,0,36,34
1656696625669,MATH 20C,A01,083760,Briones; Jor-el Thomas Caparas,0,0,35,35
1656696625669,MATH 20C,A02,083761,Briones; Jor-el Thomas Caparas,8,0,35,27
1656696625669,MATH 20C,A03,093476,Briones; Jor-el Thomas Caparas,0,1,36,36
1656696625669,MATH 20C,B01,083762,Bach; Quang Tran,0,0,30,30
1656696631693,MATH 20D,A01,083765,Tran; Brian Kha,3,0,30,27
1656696631693,MATH 20D,A02,083766,Tran; Brian Kha,3,0,30,27
1656696631693,MATH 20D,A03,083767,Tran; Brian Kha,1,0,30,29
1656696637724,MATH 20E,A01,083771,Ganguly; Soumya,4,0,32,28
1656696637724,MATH 20E,A02,083772,Ganguly; Soumya,3,0,32,29
1656696637724,MATH 20E,B01,083773,Ciotti; Benjamin,18,0,35,17
1656696637724,MATH 20E,B02,083774,Ciotti; Benjamin,18,0,35,17
1656696643748,MATH 103A,A01,083777,Greenfeld; Be'Eri,2,0,36,34
1656696643748,MATH 103A,A02,083778,Greenfeld; Be'Eri,5,0,36,31
1656696643748,MATH 103A,A03,093561,Greenfeld; Be'Eri,4,0,36,32
1656696643748,MATH 103A,B01,083779,Greenfeld; Be'Eri,6,0,36,30
1656696643748,MATH 103A,B02,083780,Greenfeld; Be'Eri,2,0,36,34
1656696643748,MATH 103A,B03,093562,Greenfeld; Be'Eri,2,0,36,34
1656696649775,MATH 105,A01,085443,Carter; Anne Toulson,13,0,35,22
1656696649775,MATH 105,A02,093477,Carter; Anne Toulson,20,0,35,15
1656696655803,MATH 109,A01,083213,Ganzberger; Geoffrey Michael,0,0,34,34
1656696655803,MATH 109,A02,083214,Ganzberger; Geoffrey Michael,1,0,34,33
1656696655803,MATH 109,A03,093478,Ganzberger; Geoffrey Michael,2,0,34,32
1656696655803,MATH 109,B01,083215,Ganzberger; Geoffrey Michael,1,0,32,31
1656696655803,MATH 109,B02,083216,Ganzberger; Geoffrey Michael,2,0,32,30
1656696655803,MATH 109,B03,093479,Ganzberger; Geoffrey Michael,7,0,32,25
1656696661832,MATH 142A,A01,083219,Chow; Bennett,4,0,32,28
1656696661832,MATH 142A,A02,083220,Chow; Bennett,9,0,32,23
1656696661832,MATH 142A,A03,093480,Chow; Bennett,6,0,32,26
1656696661832,MATH 142A,B03,093481,Chow; Bennett,5,0,32,27
1656696661832,MATH 142A,B04,093558,Chow; Bennett,10,0,32,22
1656696661832,MATH 142A,B05,093559,Chow; Bennett,4,0,32,28
1656696667862,MATH 193A,A01,083224,Rotar; Vladimir,3,0,34,31
1656696667862,MATH 193A,A02,083225,Rotar; Vladimir,2,0,34,32
1656696667862,MATH 193A,A03,083781,Rotar; Vladimir,0,0,34,34
1656696667862,MATH 193A,A04,083782,Rotar; Vladimir,4,0,34,30
1656696667862,MATH 193A,A05,093482,Rotar; Vladimir,5,0,34,29
1656696673890,MATH 197,001,091859,McAuley; Julian John,9999,0,9999,0
1656696673890,MATH 197,002,095566,Kedlaya; Kiran S.,9997,0,9999,2
1656696673890,MATH 197,003,095567,Xiao; Ming,9999,0,9999,0
1656696673890,MATH 197,004,095571,Perols; Johan Lars,9998,0,9999,1
1656696680960,COGS 9,A01,083615,Shannon; Kyle Michael,5,0,75,70
1656696686984,COGS 11,A01,083617,Boyle; Mary E. T.,17,0,48,31
1656696693007,COGS 13,A01,083071,Bastos; Amalia Pinkusfeld,6,0,71,65
1656696699030,COGS 14A,A01,092681,Semenuks; Arturs,0,3,100,100
1656696705058,COGS 14B,A01,083073,Cheng; Tzu-Han,3,0,63,60
1656696711082,COGS 17,A01,092677,Semenuks; Arturs,4,0,81,77
1656696717106,COGS 100,A01,083619,Allen; Michael Gordon,13,0,70,57
1656696723131,COGS 101A,A01,083621,Davis; Joshua Daniel,9,0,68,59
1656696729160,COGS 101B,A01,091572,Allen; Michael Gordon,3,0,65,62
1656696735184,COGS 101C,A01,083625,Delgado; Tania,17,0,35,18
1656696741221,COGS 107A,A01,083627,Boyle; Mary E. T.,11,0,60,49
1656696747248,COGS 118A,A01,083075,Gupta; Anjum,13,0,76,63
1656696753271,CSE 3,A50,083646,Miranda; Gregory Joseph,22,0,50,28
1656696759298,CSE 8A,A50,083650,Miranda; Gregory Joseph,16,1,56,40
1656696765322,CSE 11,A01,083080,Cao; Yingjun,2,17,40,38
1656696771346,CSE 12,A01,083652,Krause-Levy; Sophia Louisa,19,1,120,101
1656696777373,CSE 15L,A01,083654,Morris; Justin Loren,8,0,50,42
1656696777373,CSE 15L,A02,083655,Morris; Justin Loren,8,0,50,42
1656696783398,CSE 20,A01,083657,Tran; Khoa Dang,35,0,80,45
1656696789426,CSE 21,A01,095574,Bach; Quang Tran,21,0,48,27
1656696795455,CSE 30,A01,083084,Eldon; John,5,0,80,75
1656696795455,CSE 30,B01,095061,Bhaskar; Nishant,3,0,50,47
1656696801479,CSE 100,A01,083659,Cao; Yingjun,1,6,70,69
1656696807503,CSE 134B,A01,083661,Powell; Thomas Allan,17,0,100,83
1656696813529,CSE 140,A01,083663,Gungor; Onat,14,0,85,71
1656696819566,CSE 140L,A01,083088,Eldon; John,16,0,100,84
1656696825589,CSE 175,A01,083665,Kumar; Rakesh,3,0,25,22
1656696831616,CSE 190,A00,092507,Dubnov; Shlomo,5,0,20,15
1656696837640,ECE 45,A01,083139,Congero; Spencer William,5,0,75,70
1656696843675,ECE 65,A50,083695,Saad; Andrew S,12,0,30,18
1656696843675,ECE 65,A51,095125,Saad; Andrew S,25,0,26,1
1656696849704,ECE 109,A01,091882,Touri; Behrouz,13,0,70,57
1656696855728,ECE 180,A00,083140,Abi Samra; Nicholas Camill,1,0,30,29
1656696855728,ECE 180,B00,083141,Abi Samra; Nicholas Camill,0,0,30,30
1656696861759,MATH 10A,A01,083735,Patchell; Gregory David,0,0,30,30
1656696861759,MATH 10A,A02,083736,Patchell; Gregory David,20,0,30,10
1656696861759,MATH 10A,A03,083737,Patchell; Gregory David,16,0,30,14
1656696867788,MATH 10B,A01,083207,Lim; Seonhee,7,0,34,27
1656696867788,MATH 10B,A02,083208,Lim; Seonhee,9,0,35,26
1656696867788,MATH 10B,A03,093472,Lim; Seonhee,3,0,34,31
1656696867788,MATH 10B,B01,083739,Sinha; Shubham,9,0,30,21
1656696873819,MATH 18,A01,083743,Cinel; Cameron Alexander,6,0,30,24
1656696873819,MATH 18,A02,083744,Cinel; Cameron Alexander,14,0,30,16
1656696873819,MATH 18,A03,083745,Cinel; Cameron Alexander,7,0,30,23
1656696873819,MATH 18,B01,083748,Rideout; David Porter,2,0,37,35
1656696873819,MATH 18,B02,083749,Rideout; David Porter,2,0,36,34
1656696873819,MATH 18,B03,083750,Rideout; David Porter,1,0,37,36
1656696873819,MATH 18,B04,083751,Rideout; David Porter,4,0,36,32
1656696873819,MATH 18,B05,093473,Rideout; David Porter,4,0,36,32
1656696873819,MATH 18,B06,093474,Rideout; David Porter,4,0,36,32
1656696879843,MATH 20A,A01,083754,Zheng; Zequn,12,0,40,28
1656696885867,MATH 20B,A01,083756,Briones; Jor-el Thomas Caparas,1,1,36,35
1656696885867,MATH 20B,A02,083757,Briones; Jor-el Thomas Caparas,0,0,36,36
1656696885867,MATH 20B,A03,093475,Briones; Jor-el Thomas Caparas,2,0,36,34
1656696891892,MATH 20C,A01,083760,Briones; Jor-el Thomas Caparas,0,0,35,35
1656696891892,MATH 20C,A02,083761,Briones; Jor-el Thomas Caparas,8,0,35,27
1656696891892,MATH 20C,A03,093476,Briones; Jor-el Thomas Caparas,0,1,36,36
1656696891892,MATH 20C,B01,083762,Bach; Quang Tran,0,0,30,30
1656696897922,MATH 20D,A01,083765,Tran; Brian Kha,3,0,30,27
1656696897922,MATH 20D,A02,083766,Tran; Brian Kha,3,0,30,27
1656696897922,MATH 20D,A03,083767,Tran; Brian Kha,1,0,30,29
1656696903952,MATH 20E,A01,083771,Ganguly; Soumya,4,0,32,28
1656696903952,MATH 20E,A02,083772,Ganguly; Soumya,3,0,32,29
1656696903952,MATH 20E,B01,083773,Ciotti; Benjamin,18,0,35,17
1656696903952,MATH 20E,B02,083774,Ciotti; Benjamin,18,0,35,17
1656696909974,MATH 103A,A01,083777,Greenfeld; Be'Eri,2,0,36,34
1656696909974,MATH 103A,A02,083778,Greenfeld; Be'Eri,5,0,36,31
1656696909974,MATH 103A,A03,093561,Greenfeld; Be'Eri,4,0,36,32
1656696909974,MATH 103A,B01,083779,Greenfeld; Be'Eri,6,0,36,30
1656696909974,MATH 103A,B02,083780,Greenfeld; Be'Eri,2,0,36,34
1656696909974,MATH 103A,B03,093562,Greenfeld; Be'Eri,2,0,36,34
1656696915999,MATH 105,A01,085443,Carter; Anne Toulson,13,0,35,22
1656696915999,MATH 105,A02,093477,Carter; Anne Toulson,20,0,35,15
1656696922023,MATH 109,A01,083213,Ganzberger; Geoffrey Michael,0,0,34,34
1656696922023,MATH 109,A02,083214,Ganzberger; Geoffrey Michael,1,0,34,33
1656696922023,MATH 109,A03,093478,Ganzberger; Geoffrey Michael,2,0,34,32
1656696922023,MATH 109,B01,083215,Ganzberger; Geoffrey Michael,1,0,32,31
1656696922023,MATH 109,B02,083216,Ganzberger; Geoffrey Michael,2,0,32,30
1656696922023,MATH 109,B03,093479,Ganzberger; Geoffrey Michael,7,0,32,25
1656696928052,MATH 142A,A01,083219,Chow; Bennett,4,0,32,28
1656696928052,MATH 142A,A02,083220,Chow; Bennett,9,0,32,23
1656696928052,MATH 142A,A03,093480,Chow; Bennett,6,0,32,26
1656696928052,MATH 142A,B03,093481,Chow; Bennett,5,0,32,27
1656696928052,MATH 142A,B04,093558,Chow; Bennett,10,0,32,22
1656696928052,MATH 142A,B05,093559,Chow; Bennett,4,0,32,28
1656696934076,MATH 193A,A01,083224,Rotar; Vladimir,3,0,34,31
1656696934076,MATH 193A,A02,083225,Rotar; Vladimir,2,0,34,32
1656696934076,MATH 193A,A03,083781,Rotar; Vladimir,0,0,34,34
1656696934076,MATH 193A,A04,083782,Rotar; Vladimir,4,0,34,30
1656696934076,MATH 193A,A05,093482,Rotar; Vladimir,5,0,34,29
1656696940102,MATH 197,001,091859,McAuley; Julian John,9999,0,9999,0
1656696940102,MATH 197,002,095566,Kedlaya; Kiran S.,9997,0,9999,2
1656696940102,MATH 197,003,095567,Xiao; Ming,9999,0,9999,0
1656696940102,MATH 197,004,095571,Perols; Johan Lars,9998,0,9999,1
1656696947158,COGS 9,A01,083615,Shannon; Kyle Michael,5,0,75,70
1656696953183,COGS 11,A01,083617,Boyle; Mary E. T.,17,0,48,31
1656696959221,COGS 13,A01,083071,Bastos; Amalia Pinkusfeld,6,0,71,65
1656696965248,COGS 14A,A01,092681,Semenuks; Arturs,0,3,100,100
1656696971274,COGS 14B,A01,083073,Cheng; Tzu-Han,3,0,63,60
1656696977301,COGS 17,A01,092677,Semenuks; Arturs,4,0,81,77
1656696983324,COGS 100,A01,083619,Allen; Michael Gordon,13,0,70,57
1656696989351,COGS 101A,A01,083621,Davis; Joshua Daniel,9,0,68,59
1656696995377,COGS 101B,A01,091572,Allen; Michael Gordon,3,0,65,62
1656697001491,COGS 101C,A01,083625,Delgado; Tania,17,0,35,18
1656697007514,COGS 107A,A01,083627,Boyle; Mary E. T.,11,0,60,49
1656697013555,COGS 118A,A01,083075,Gupta; Anjum,13,0,76,63
1656697019582,CSE 3,A50,083646,Miranda; Gregory Joseph,22,0,50,28
1656697025611,CSE 8A,A50,083650,Miranda; Gregory Joseph,16,1,56,40
1656697031637,CSE 11,A01,083080,Cao; Yingjun,2,17,40,38
1656697037675,CSE 12,A01,083652,Krause-Levy; Sophia Louisa,19,1,120,101
1656697043701,CSE 15L,A01,083654,Morris; Justin Loren,8,0,50,42
1656697043701,CSE 15L,A02,083655,Morris; Justin Loren,8,0,50,42
1656697049725,CSE 20,A01,083657,Tran; Khoa Dang,35,0,80,45
1656697055747,CSE 21,A01,095574,Bach; Quang Tran,21,0,48,27
1656697061771,CSE 30,A01,083084,Eldon; John,5,0,80,75
1656697061771,CSE 30,B01,095061,Bhaskar; Nishant,3,0,50,47
1656697067807,CSE 100,A01,083659,Cao; Yingjun,1,6,70,69
1656697073838,CSE 134B,A01,083661,Powell; Thomas Allan,17,0,100,83
1656697079865,CSE 140,A01,083663,Gungor; Onat,14,0,85,71
1656697085891,CSE 140L,A01,083088,Eldon; John,16,0,100,84
1656697091917,CSE 175,A01,083665,Kumar; Rakesh,3,0,25,22
1656697097946,CSE 190,A00,092507,Dubnov; Shlomo,5,0,20,15
1656697103970,ECE 45,A01,083139,Congero; Spencer William,5,0,75,70
1656697110005,ECE 65,A50,083695,Saad; Andrew S,12,0,30,18
1656697110005,ECE 65,A51,095125,Saad; Andrew S,25,0,26,1
1656697116031,ECE 109,A01,091882,Touri; Behrouz,13,0,70,57
1656697122055,ECE 180,A00,083140,Abi Samra; Nicholas Camill,1,0,30,29
1656697122055,ECE 180,B00,083141,Abi Samra; Nicholas Camill,0,0,30,30
1656697128088,MATH 10A,A01,083735,Patchell; Gregory David,0,0,30,30
1656697128088,MATH 10A,A02,083736,Patchell; Gregory David,20,0,30,10
1656697128088,MATH 10A,A03,083737,Patchell; Gregory David,16,0,30,14
1656697134128,MATH 10B,A01,083207,Lim; Seonhee,7,0,34,27
1656697134128,MATH 10B,A02,083208,Lim; Seonhee,9,0,35,26
1656697134128,MATH 10B,A03,093472,Lim; Seonhee,3,0,34,31
1656697134128,MATH 10B,B01,083739,Sinha; Shubham,9,0,30,21
1656697140154,MATH 18,A01,083743,Cinel; Cameron Alexander,6,0,30,24
1656697140154,MATH 18,A02,083744,Cinel; Cameron Alexander,14,0,30,16
1656697140154,MATH 18,A03,083745,Cinel; Cameron Alexander,7,0,30,23
1656697140154,MATH 18,B01,083748,Rideout; David Porter,2,0,37,35
1656697140154,MATH 18,B02,083749,Rideout; David Porter,2,0,36,34
1656697140154,MATH 18,B03,083750,Rideout; David Porter,1,0,37,36
1656697140154,MATH 18,B04,083751,Rideout; David Porter,4,0,36,32
1656697140154,MATH 18,B05,093473,Rideout; David Porter,4,0,36,32
1656697140154,MATH 18,B06,093474,Rideout; David Porter,4,0,36,32
1656697146178,MATH 20A,A01,083754,Zheng; Zequn,12,0,40,28
1656697152201,MATH 20B,A01,083756,Briones; Jor-el Thomas Caparas,1,1,36,35
1656697152201,MATH 20B,A02,083757,Briones; Jor-el Thomas Caparas,0,0,36,36
1656697152201,MATH 20B,A03,093475,Briones; Jor-el Thomas Caparas,2,0,36,34
1656697158229,MATH 20C,A01,083760,Briones; Jor-el Thomas Caparas,0,0,35,35
1656697158229,MATH 20C,A02,083761,Briones; Jor-el Thomas Caparas,8,0,35,27
1656697158229,MATH 20C,A03,093476,Briones; Jor-el Thomas Caparas,0,1,36,36
1656697158229,MATH 20C,B01,083762,Bach; Quang Tran,0,0,30,30
1656697164260,MATH 20D,A01,083765,Tran; Brian Kha,3,0,30,27
1656697164260,MATH 20D,A02,083766,Tran; Brian Kha,3,0,30,27
1656697164260,MATH 20D,A03,083767,Tran; Brian Kha,1,0,30,29
1656697170292,MATH 20E,A01,083771,Ganguly; Soumya,4,0,32,28
1656697170292,MATH 20E,A02,083772,Ganguly; Soumya,3,0,32,29
1656697170292,MATH 20E,B01,083773,Ciotti; Benjamin,18,0,35,17
1656697170292,MATH 20E,B02,083774,Ciotti; Benjamin,18,0,35,17
1656697176321,MATH 103A,A01,083777,Greenfeld; Be'Eri,2,0,36,34
1656697176321,MATH 103A,A02,083778,Greenfeld; Be'Eri,5,0,36,31
1656697176321,MATH 103A,A03,093561,Greenfeld; Be'Eri,4,0,36,32
1656697176321,MATH 103A,B01,083779,Greenfeld; Be'Eri,6,0,36,30
1656697176321,MATH 103A,B02,083780,Greenfeld; Be'Eri,2,0,36,34
1656697176321,MATH 103A,B03,093562,Greenfeld; Be'Eri,2,0,36,34
1656697182348,MATH 105,A01,085443,Carter; Anne Toulson,13,0,35,22
1656697182348,MATH 105,A02,093477,Carter; Anne Toulson,20,0,35,15
1656697188386,MATH 109,A01,083213,Ganzberger; Geoffrey Michael,0,0,34,34
1656697188386,MATH 109,A02,083214,Ganzberger; Geoffrey Michael,1,0,34,33
1656697188386,MATH 109,A03,093478,Ganzberger; Geoffrey Michael,2,0,34,32
1656697188386,MATH 109,B01,083215,Ganzberger; Geoffrey Michael,1,0,32,31
1656697188386,MATH 109,B02,083216,Ganzberger; Geoffrey Michael,2,0,32,30
1656697188386,MATH 109,B03,093479,Ganzberger; Geoffrey Michael,7,0,32,25
1656697194411,MATH 142A,A01,083219,Chow; Bennett,4,0,32,28
1656697194411,MATH 142A,A02,083220,Chow; Bennett,9,0,32,23
1656697194411,MATH 142A,A03,093480,Chow; Bennett,6,0,32,26
1656697194411,MATH 142A,B03,093481,Chow; Bennett,5,0,32,27
1656697194411,MATH 142A,B04,093558,Chow; Bennett,10,0,32,22
1656697194411,MATH 142A,B05,093559,Chow; Bennett,4,0,32,28
1656697200440,MATH 193A,A01,083224,Rotar; Vladimir,3,0,34,31
1656697200440,MATH 193A,A02,083225,Rotar; Vladimir,2,0,34,32
1656697200440,MATH 193A,A03,083781,Rotar; Vladimir,0,0,34,34
1656697200440,MATH 193A,A04,083782,Rotar; Vladimir,4,0,34,30
1656697200440,MATH 193A,A05,093482,Rotar; Vladimir,5,0,34,29
1656697206464,MATH 197,001,091859,McAuley; Julian John,9999,0,9999,0
1656697206464,MATH 197,002,095566,Kedlaya; Kiran S.,9997,0,9999,2
1656697206464,MATH 197,003,095567,Xiao; Ming,9999,0,9999,0
1656697206464,MATH 197,004,095571,Perols; Johan Lars,9998,0,9999,1
1656697213546,COGS 9,A01,083615,Shannon; Kyle Michael,5,0,75,70
1656697219587,COGS 11,A01,083617,Boyle; Mary E. T.,17,0,48,31
1656697225625,COGS 13,A01,083071,Bastos; Amalia Pinkusfeld,6,0,71,65
1656697231651,COGS 14A,A01,092681,Semenuks; Arturs,0,3,100,100
1656697237674,COGS 14B,A01,083073,Cheng; Tzu-Han,3,0,63,60
1656697243709,COGS 17,A01,092677,Semenuks; Arturs,4,0,81,77
1656697249732,COGS 100,A01,083619,Allen; Michael Gordon,13,0,70,57
1656697255755,COGS 101A,A01,083621,Davis; Joshua Daniel,9,0,68,59
1656697261776,COGS 101B,A01,091572,Allen; Michael Gordon,3,0,65,62
1656697267798,COGS 101C,A01,083625,Delgado; Tania,17,0,35,18
1656697273823,COGS 107A,A01,083627,Boyle; Mary E. T.,11,0,60,49
1656697279851,COGS 118A,A01,083075,Gupta; Anjum,13,0,76,63
1656697285897,CSE 3,A50,083646,Miranda; Gregory Joseph,22,0,50,28
1656697291924,CSE 8A,A50,083650,Miranda; Gregory Joseph,16,1,56,40
1656697297948,CSE 11,A01,083080,Cao; Yingjun,2,17,40,38
1656697303972,CSE 12,A01,083652,Krause-Levy; Sophia Louisa,19,1,120,101
1656697309995,CSE 15L,A01,083654,Morris; Justin Loren,8,0,50,42
1656697309995,CSE 15L,A02,083655,Morris; Justin Loren,8,0,50,42
1656697316019,CSE 20,A01,083657,Tran; Khoa Dang,35,0,80,45
1656697322051,CSE 21,A01,095574,Bach; Quang Tran,21,0,48,27
1656697328079,CSE 30,A01,083084,Eldon; John,5,0,80,75
1656697328079,CSE 30,B01,095061,Bhaskar; Nishant,3,0,50,47
1656697334101,CSE 100,A01,083659,Cao; Yingjun,1,6,70,69
1656697340124,CSE 134B,A01,083661,Powell; Thomas Allan,17,0,100,83
1656697346152,CSE 140,A01,083663,Gungor; Onat,14,0,85,71
1656697352175,CSE 140L,A01,083088,Eldon; John,16,0,100,84
1656697358217,CSE 175,A01,083665,Kumar; Rakesh,3,0,25,22
1656697364240,CSE 190,A00,092507,Dubnov; Shlomo,5,0,20,15
1656697370268,ECE 45,A01,083139,Congero; Spencer William,5,0,75,70
1656697376295,ECE 65,A50,083695,Saad; Andrew S,12,0,30,18
1656697376295,ECE 65,A51,095125,Saad; Andrew S,25,0,26,1
1656697382317,ECE 109,A01,091882,Touri; Behrouz,13,0,70,57
1656697388340,ECE 180,A00,083140,Abi Samra; Nicholas Camill,1,0,30,29
1656697388340,ECE 180,B00,083141,Abi Samra; Nicholas Camill,0,0,30,30
1656697394370,MATH 10A,A01,083735,Patchell; Gregory David,0,0,30,30
1656697394370,MATH 10A,A02,083736,Patchell; Gregory David,20,0,30,10
1656697394370,MATH 10A,A03,083737,Patchell; Gregory David,16,0,30,14
1656697400395,MATH 10B,A01,083207,Lim; Seonhee,7,0,34,27
1656697400395,MATH 10B,A02,083208,Lim; Seonhee,9,0,35,26
1656697400395,MATH 10B,A03,093472,Lim; Seonhee,3,0,34,31
1656697400395,MATH 10B,B01,083739,Sinha; Shubham,9,0,30,21
1656697406418,MATH 18,A01,083743,Cinel; Cameron Alexander,6,0,30,24
1656697406418,MATH 18,A02,083744,Cinel; Cameron Alexander,14,0,30,16
1656697406418,MATH 18,A03,083745,Cinel; Cameron Alexander,7,0,30,23
1656697406418,MATH 18,B01,083748,Rideout; David Porter,2,0,37,35
1656697406418,MATH 18,B02,083749,Rideout; David Porter,2,0,36,34
1656697406418,MATH 18,B03,083750,Rideout; David Porter,1,0,37,36
1656697406418,MATH 18,B04,083751,Rideout; David Porter,4,0,36,32
1656697406418,MATH 18,B05,093473,Rideout; David Porter,4,0,36,32
1656697406418,MATH 18,B06,093474,Rideout; David Porter,4,0,36,32
1656697412445,MATH 20A,A01,083754,Zheng; Zequn,12,0,40,28
1656697418469,MATH 20B,A01,083756,Briones; Jor-el Thomas Caparas,1,1,36,35
1656697418469,MATH 20B,A02,083757,Briones; Jor-el Thomas Caparas,0,0,36,36
1656697418469,MATH 20B,A03,093475,Briones; Jor-el Thomas Caparas,2,0,36,34
1656697424498,MATH 20C,A01,083760,Briones; Jor-el Thomas Caparas,0,0,35,35
1656697424498,MATH 20C,A02,083761,Briones; Jor-el Thomas Caparas,8,0,35,27
1656697424498,MATH 20C,A03,093476,Briones; Jor-el Thomas Caparas,0,1,36,36
1656697424498,MATH 20C,B01,083762,Bach; Quang Tran,0,0,30,30
1656697430521,MATH 20D,A01,083765,Tran; Brian Kha,3,0,30,27
1656697430521,MATH 20D,A02,083766,Tran; Brian Kha,3,0,30,27
1656697430521,MATH 20D,A03,083767,Tran; Brian Kha,1,0,30,29
1656697436550,MATH 20E,A01,083771,Ganguly; Soumya,4,0,32,28
1656697436550,MATH 20E,A02,083772,Ganguly; Soumya,3,0,32,29
1656697436550,MATH 20E,B01,083773,Ciotti; Benjamin,18,0,35,17
1656697436550,MATH 20E,B02,083774,Ciotti; Benjamin,18,0,35,17
1656697442576,MATH 103A,A01,083777,Greenfeld; Be'Eri,2,0,36,34
1656697442576,MATH 103A,A02,083778,Greenfeld; Be'Eri,5,0,36,31
1656697442576,MATH 103A,A03,093561,Greenfeld; Be'Eri,4,0,36,32
1656697442576,MATH 103A,B01,083779,Greenfeld; Be'Eri,6,0,36,30
1656697442576,MATH 103A,B02,083780,Greenfeld; Be'Eri,2,0,36,34
1656697442576,MATH 103A,B03,093562,Greenfeld; Be'Eri,2,0,36,34
1656697448600,MATH 105,A01,085443,Carter; Anne Toulson,13,0,35,22
1656697448600,MATH 105,A02,093477,Carter; Anne Toulson,20,0,35,15
1656697454624,MATH 109,A01,083213,Ganzberger; Geoffrey Michael,0,0,34,34
1656697454624,MATH 109,A02,083214,Ganzberger; Geoffrey Michael,1,0,34,33
1656697454624,MATH 109,A03,093478,Ganzberger; Geoffrey Michael,2,0,34,32
1656697454624,MATH 109,B01,083215,Ganzberger; Geoffrey Michael,1,0,32,31
1656697454624,MATH 109,B02,083216,Ganzberger; Geoffrey Michael,2,0,32,30
1656697454624,MATH 109,B03,093479,Ganzberger; Geoffrey Michael,7,0,32,25
1656697460652,MATH 142A,A01,083219,Chow; Bennett,4,0,32,28
1656697460652,MATH 142A,A02,083220,Chow; Bennett,9,0,32,23
1656697460652,MATH 142A,A03,093480,Chow; Bennett,6,0,32,26
1656697460652,MATH 142A,B03,093481,Chow; Bennett,5,0,32,27
1656697460652,MATH 142A,B04,093558,Chow; Bennett,10,0,32,22
1656697460652,MATH 142A,B05,093559,Chow; Bennett,4,0,32,28
1656697466679,MATH 193A,A01,083224,Rotar; Vladimir,3,0,34,31
1656697466679,MATH 193A,A02,083225,Rotar; Vladimir,2,0,34,32
1656697466679,MATH 193A,A03,083781,Rotar; Vladimir,0,0,34,34
1656697466679,MATH 193A,A04,083782,Rotar; Vladimir,4,0,34,30
1656697466679,MATH 193A,A05,093482,Rotar; Vladimir,5,0,34,29
1656697472705,MATH 197,001,091859,McAuley; Julian John,9999,0,9999,0
1656697472705,MATH 197,002,095566,Kedlaya; Kiran S.,9997,0,9999,2
1656697472705,MATH 197,003,095567,Xiao; Ming,9999,0,9999,0
1656697472705,MATH 197,004,095571,Perols; Johan Lars,9998,0,9999,1
1656697479759,COGS 9,A01,083615,Shannon; Kyle Michael,5,0,75,70
1656697485781,COGS 11,A01,083617,Boyle; Mary E. T.,17,0,48,31
1656697491805,COGS 13,A01,083071,Bastos; Amalia Pinkusfeld,6,0,71,65
1656697497828,COGS 14A,A01,092681,Semenuks; Arturs,0,3,100,100
1656697503850,COGS 14B,A01,083073,Cheng; Tzu-Han,3,0,63,60
1656697509873,COGS 17,A01,092677,Semenuks; Arturs,4,0,81,77
1656697515904,COGS 100,A01,083619,Allen; Michael Gordon,13,0,70,57
1656697521936,COGS 101A,A01,083621,Davis; Joshua Daniel,9,0,68,59
1656697527962,COGS 101B,A01,091572,Allen; Michael Gordon,3,0,65,62
1656697533985,COGS 101C,A01,083625,Delgado; Tania,17,0,35,18
1656697540025,COGS 107A,A01,083627,Boyle; Mary E. T.,11,0,60,49
1656697546049,COGS 118A,A01,083075,Gupta; Anjum,13,0,76,63
1656697552073,CSE 3,A50,083646,Miranda; Gregory Joseph,22,0,50,28
1656697558100,CSE 8A,A50,083650,Miranda; Gregory Joseph,16,1,56,40
1656697564122,CSE 11,A01,083080,Cao; Yingjun,2,17,40,38
1656697570145,CSE 12,A01,083652,Krause-Levy; Sophia Louisa,19,1,120,101
1656697576170,CSE 15L,A01,083654,Morris; Justin Loren,8,0,50,42
1656697576170,CSE 15L,A02,083655,Morris; Justin Loren,8,0,50,42
1656697582194,CSE 20,A01,083657,Tran; Khoa Dang,35,0,80,45
1656697588222,CSE 21,A01,095574,Bach; Quang Tran,21,0,48,27
1656697594246,CSE 30,A01,083084,Eldon; John,5,0,80,75
1656697594246,CSE 30,B01,095061,Bhaskar; Nishant,3,0,50,47
1656697600365,CSE 100,A01,083659,Cao; Yingjun,1,6,70,69
1656697606394,CSE 134B,A01,083661,Powell; Thomas Allan,17,0,100,83
1656697612418,CSE 140,A01,083663,Gungor; Onat,14,0,85,71
1656697618442,CSE 140L,A01,083088,Eldon; John,16,0,100,84
1656697624464,CSE 175,A01,083665,Kumar; Rakesh,3,0,25,22
1656697630494,CSE 190,A00,092507,Dubnov; Shlomo,5,0,20,15
1656697636528,ECE 45,A01,083139,Congero; Spencer William,5,0,75,70
1656697642550,ECE 65,A50,083695,Saad; Andrew S,12,0,30,18
1656697642550,ECE 65,A51,095125,Saad; Andrew S,25,0,26,1
1656697648573,ECE 109,A01,091882,Touri; Behrouz,13,0,70,57
1656697654596,ECE 180,A00,083140,Abi Samra; Nicholas Camill,1,0,30,29
1656697654596,ECE 180,B00,083141,Abi Samra; Nicholas Camill,0,0,30,30
1656697660619,MATH 10A,A01,083735,Patchell; Gregory David,0,0,30,30
1656697660619,MATH 10A,A02,083736,Patchell; Gregory David,20,0,30,10
1656697660619,MATH 10A,A03,083737,Patchell; Gregory David,16,0,30,14
1656697666648,MATH 10B,A01,083207,Lim; Seonhee,7,0,34,27
1656697666648,MATH 10B,A02,083208,Lim; Seonhee,9,0,35,26
1656697666648,MATH 10B,A03,093472,Lim; Seonhee,3,0,34,31
1656697666648,MATH 10B,B01,083739,Sinha; Shubham,9,0,30,21
1656697672673,MATH 18,A01,083743,Cinel; Cameron Alexander,6,0,30,24
1656697672673,MATH 18,A02,083744,Cinel; Cameron Alexander,14,0,30,16
1656697672673,MATH 18,A03,083745,Cinel; Cameron Alexander,7,0,30,23
1656697672673,MATH 18,B01,083748,Rideout; David Porter,2,0,37,35
1656697672673,MATH 18,B02,083749,Rideout; David Porter,2,0,36,34
1656697672673,MATH 18,B03,083750,Rideout; David Porter,1,0,37,36
1656697672673,MATH 18,B04,083751,Rideout; David Porter,4,0,36,32
1656697672673,MATH 18,B05,093473,Rideout; David Porter,4,0,36,32
1656697672673,MATH 18,B06,093474,Rideout; David Porter,4,0,36,32
1656697678699,MATH 20A,A01,083754,Zheng; Zequn,12,0,40,28
1656697684740,MATH 20B,A01,083756,Briones; Jor-el Thomas Caparas,1,1,36,35
1656697684740,MATH 20B,A02,083757,Briones; Jor-el Thomas Caparas,0,0,36,36
1656697684740,MATH 20B,A03,093475,Briones; Jor-el Thomas Caparas,2,0,36,34
1656697690764,MATH 20C,A01,083760,Briones; Jor-el Thomas Caparas,0,0,35,35
1656697690764,MATH 20C,A02,083761,Briones; Jor-el Thomas Caparas,8,0,35,27
1656697690764,MATH 20C,A03,093476,Briones; Jor-el Thomas Caparas,0,1,36,36
1656697690764,MATH 20C,B01,083762,Bach; Quang Tran,0,0,30,30
1656697696802,MATH 20D,A01,083765,Tran; Brian Kha,3,0,30,27
1656697696802,MATH 20D,A02,083766,Tran; Brian Kha,3,0,30,27
1656697696802,MATH 20D,A03,083767,Tran; Brian Kha,1,0,30,29
1656697702830,MATH 20E,A01,083771,Ganguly; Soumya,4,0,32,28
1656697702830,MATH 20E,A02,083772,Ganguly; Soumya,3,0,32,29
1656697702830,MATH 20E,B01,083773,Ciotti; Benjamin,18,0,35,17
1656697702830,MATH 20E,B02,083774,Ciotti; Benjamin,18,0,35,17
1656697708853,MATH 103A,A01,083777,Greenfeld; Be'Eri,2,0,36,34
1656697708853,MATH 103A,A02,083778,Greenfeld; Be'Eri,5,0,36,31
1656697708853,MATH 103A,A03,093561,Greenfeld; Be'Eri,4,0,36,32
1656697708853,MATH 103A,B01,083779,Greenfeld; Be'Eri,6,0,36,30
1656697708853,MATH 103A,B02,083780,Greenfeld; Be'Eri,2,0,36,34
1656697708853,MATH 103A,B03,093562,Greenfeld; Be'Eri,2,0,36,34
1656697714881,MATH 105,A01,085443,Carter; Anne Toulson,13,0,35,22
1656697714881,MATH 105,A02,093477,Carter; Anne Toulson,20,0,35,15
1656697720919,MATH 109,A01,083213,Ganzberger; Geoffrey Michael,0,0,34,34
1656697720919,MATH 109,A02,083214,Ganzberger; Geoffrey Michael,1,0,34,33
1656697720919,MATH 109,A03,093478,Ganzberger; Geoffrey Michael,2,0,34,32
1656697720919,MATH 109,B01,083215,Ganzberger; Geoffrey Michael,1,0,32,31
1656697720919,MATH 109,B02,083216,Ganzberger; Geoffrey Michael,2,0,32,30
1656697720919,MATH 109,B03,093479,Ganzberger; Geoffrey Michael,7,0,32,25
1656697726949,MATH 142A,A01,083219,Chow; Bennett,4,0,32,28
1656697726949,MATH 142A,A02,083220,Chow; Bennett,9,0,32,23
1656697726949,MATH 142A,A03,093480,Chow; Bennett,6,0,32,26
1656697726949,MATH 142A,B03,093481,Chow; Bennett,5,0,32,27
1656697726949,MATH 142A,B04,093558,Chow; Bennett,10,0,32,22
1656697726949,MATH 142A,B05,093559,Chow; Bennett,4,0,32,28
1656697732976,MATH 193A,A01,083224,Rotar; Vladimir,3,0,34,31
1656697732976,MATH 193A,A02,083225,Rotar; Vladimir,2,0,34,32
1656697732976,MATH 193A,A03,083781,Rotar; Vladimir,0,0,34,34
1656697732976,MATH 193A,A04,083782,Rotar; Vladimir,4,0,34,30
1656697732976,MATH 193A,A05,093482,Rotar; Vladimir,5,0,34,29
1656697738998,MATH 197,001,091859,McAuley; Julian John,9999,0,9999,0
1656697738998,MATH 197,002,095566,Kedlaya; Kiran S.,9997,0,9999,2
1656697738998,MATH 197,003,095567,Xiao; Ming,9999,0,9999,0
1656697738998,MATH 197,004,095571,Perols; Johan Lars,9998,0,9999,1
1656697746069,COGS 9,A01,083615,Shannon; Kyle Michael,5,0,75,70
1656697752097,COGS 11,A01,083617,Boyle; Mary E. T.,18,0,48,30
1656697758122,COGS 13,A01,083071,Bastos; Amalia Pinkusfeld,6,0,71,65
1656697764149,COGS 14A,A01,092681,Semenuks; Arturs,0,3,100,100
1656697770174,COGS 14B,A01,083073,Cheng; Tzu-Han,3,0,63,60
1656697776198,COGS 17,A01,092677,Semenuks; Arturs,4,0,81,77
1656697782235,COGS 100,A01,083619,Allen; Michael Gordon,13,0,70,57
1656697788258,COGS 101A,A01,083621,Davis; Joshua Daniel,9,0,68,59
1656697794285,COGS 101B,A01,091572,Allen; Michael Gordon,3,0,65,62
1656697800310,COGS 101C,A01,083625,Delgado; Tania,17,0,35,18
1656697806338,COGS 107A,A01,083627,Boyle; Mary E. T.,11,0,60,49
1656697812374,COGS 118A,A01,083075,Gupta; Anjum,13,0,76,63
1656697818401,CSE 3,A50,083646,Miranda; Gregory Joseph,22,0,50,28
1656697824425,CSE 8A,A50,083650,Miranda; Gregory Joseph,16,1,56,40
1656697830453,CSE 11,A01,083080,Cao; Yingjun,2,17,40,38
1656697836489,CSE 12,A01,083652,Krause-Levy; Sophia Louisa,19,1,120,101
1656697842513,CSE 15L,A01,083654,Morris; Justin Loren,8,0,50,42
1656697842513,CSE 15L,A02,083655,Morris; Justin Loren,8,0,50,42
1656697848537,CSE 20,A01,083657,Tran; Khoa Dang,35,0,80,45
1656697854559,CSE 21,A01,095574,Bach; Quang Tran,21,0,48,27
1656697860584,CSE 30,A01,083084,Eldon; John,5,0,80,75
1656697860584,CSE 30,B01,095061,Bhaskar; Nishant,3,0,50,47
1656697866607,CSE 100,A01,083659,Cao; Yingjun,1,6,70,69
1656697872639,CSE 134B,A01,083661,Powell; Thomas Allan,17,0,100,83
1656697878666,CSE 140,A01,083663,Gungor; Onat,14,0,85,71
1656697884705,CSE 140L,A01,083088,Eldon; John,16,0,100,84
1656697890729,CSE 175,A01,083665,Kumar; Rakesh,3,0,25,22
1656697896752,CSE 190,A00,092507,Dubnov; Shlomo,5,0,20,15
1656697902783,ECE 45,A01,083139,Congero; Spencer William,5,0,75,70
1656697908807,ECE 65,A50,083695,Saad; Andrew S,12,0,30,18
1656697908807,ECE 65,A51,095125,Saad; Andrew S,25,0,26,1
1656697914830,ECE 109,A01,091882,Touri; Behrouz,13,0,70,57
1656697920853,ECE 180,A00,083140,Abi Samra; Nicholas Camill,1,0,30,29
1656697920853,ECE 180,B00,083141,Abi Samra; Nicholas Camill,0,0,30,30
1656697926882,MATH 10A,A01,083735,Patchell; Gregory David,0,0,30,30
1656697926882,MATH 10A,A02,083736,Patchell; Gregory David,20,0,30,10
1656697926882,MATH 10A,A03,083737,Patchell; Gregory David,16,0,30,14
1656697932910,MATH 10B,A01,083207,Lim; Seonhee,7,0,34,27
1656697932910,MATH 10B,A02,083208,Lim; Seonhee,9,0,35,26
1656697932910,MATH 10B,A03,093472,Lim; Seonhee,3,0,34,31
1656697932910,MATH 10B,B01,083739,Sinha; Shubham,9,0,30,21
1656697938939,MATH 18,A01,083743,Cinel; Cameron Alexander,6,0,30,24
1656697938939,MATH 18,A02,083744,Cinel; Cameron Alexander,14,0,30,16
1656697938939,MATH 18,A03,083745,Cinel; Cameron Alexander,7,0,30,23
1656697938939,MATH 18,B01,083748,Rideout; David Porter,2,0,37,35
1656697938939,MATH 18,B02,083749,Rideout; David Porter,2,0,36,34
1656697938939,MATH 18,B03,083750,Rideout; David Porter,1,0,37,36
1656697938939,MATH 18,B04,083751,Rideout; David Porter,4,0,36,32
1656697938939,MATH 18,B05,093473,Rideout; David Porter,4,0,36,32
1656697938939,MATH 18,B06,093474,Rideout; David Porter,4,0,36,32
1656697944961,MATH 20A,A01,083754,Zheng; Zequn,12,0,40,28
1656697950989,MATH 20B,A01,083756,Briones; Jor-el Thomas Caparas,1,1,36,35
1656697950989,MATH 20B,A02,083757,Briones; Jor-el Thomas Caparas,0,0,36,36
1656697950989,MATH 20B,A03,093475,Briones; Jor-el Thomas Caparas,2,0,36,34
1656697957014,MATH 20C,A01,083760,Briones; Jor-el Thomas Caparas,0,0,35,35
1656697957014,MATH 20C,A02,083761,Briones; Jor-el Thomas Caparas,8,0,35,27
1656697957014,MATH 20C,A03,093476,Briones; Jor-el Thomas Caparas,0,1,36,36
1656697957014,MATH 20C,B01,083762,Bach; Quang Tran,0,0,30,30
1656697963043,MATH 20D,A01,083765,Tran; Brian Kha,3,0,30,27
1656697963043,MATH 20D,A02,083766,Tran; Brian Kha,3,0,30,27
1656697963043,MATH 20D,A03,083767,Tran; Brian Kha,1,0,30,29
1656697969066,MATH 20E,A01,083771,Ganguly; Soumya,4,0,32,28
1656697969066,MATH 20E,A02,083772,Ganguly; Soumya,3,0,32,29
1656697969066,MATH 20E,B01,083773,Ciotti; Benjamin,18,0,35,17
1656697969066,MATH 20E,B02,083774,Ciotti; Benjamin,18,0,35,17
1656697975090,MATH 103A,A01,083777,Greenfeld; Be'Eri,2,0,36,34
1656697975090,MATH 103A,A02,083778,Greenfeld; Be'Eri,5,0,36,31
1656697975090,MATH 103A,A03,093561,Greenfeld; Be'Eri,4,0,36,32
1656697975090,MATH 103A,B01,083779,Greenfeld; Be'Eri,6,0,36,30
1656697975090,MATH 103A,B02,083780,Greenfeld; Be'Eri,2,0,36,34
1656697975090,MATH 103A,B03,093562,Greenfeld; Be'Eri,2,0,36,34
1656697981117,MATH 105,A01,085443,Carter; Anne Toulson,13,0,35,22
1656697981117,MATH 105,A02,093477,Carter; Anne Toulson,20,0,35,15
1656697987156,MATH 109,A01,083213,Ganzberger; Geoffrey Michael,0,0,34,34
1656697987156,MATH 109,A02,083214,Ganzberger; Geoffrey Michael,1,0,34,33
1656697987156,MATH 109,A03,093478,Ganzberger; Geoffrey Michael,2,0,34,32
1656697987156,MATH 109,B01,083215,Ganzberger; Geoffrey Michael,1,0,32,31
1656697987156,MATH 109,B02,083216,Ganzberger; Geoffrey Michael,2,0,32,30
1656697987156,MATH 109,B03,093479,Ganzberger; Geoffrey Michael,7,0,32,25
1656697993179,MATH 142A,A01,083219,Chow; Bennett,4,0,32,28
1656697993179,MATH 142A,A02,083220,Chow; Bennett,9,0,32,23
1656697993179,MATH 142A,A03,093480,Chow; Bennett,6,0,32,26
1656697993179,MATH 142A,B03,093481,Chow; Bennett,5,0,32,27
1656697993179,MATH 142A,B04,093558,Chow; Bennett,10,0,32,22
1656697993179,MATH 142A,B05,093559,Chow; Bennett,4,0,32,28
1656697999224,MATH 193A,A01,083224,Rotar; Vladimir,3,0,34,31
1656697999224,MATH 193A,A02,083225,Rotar; Vladimir,2,0,34,32
1656697999224,MATH 193A,A03,083781,Rotar; Vladimir,0,0,34,34
1656697999224,MATH 193A,A04,083782,Rotar; Vladimir,4,0,34,30
1656697999224,MATH 193A,A05,093482,Rotar; Vladimir,5,0,34,29
1656698005251,MATH 197,001,091859,McAuley; Julian John,9999,0,9999,0
1656698005251,MATH 197,002,095566,Kedlaya; Kiran S.,9997,0,9999,2
1656698005251,MATH 197,003,095567,Xiao; Ming,9999,0,9999,0
1656698005251,MATH 197,004,095571,Perols; Johan Lars,9998,0,9999,1
1656698012327,COGS 9,A01,083615,Shannon; Kyle Michael,5,0,75,70
1656698018354,COGS 11,A01,083617,Boyle; Mary E. T.,18,0,48,30
1656698024389,COGS 13,A01,083071,Bastos; Amalia Pinkusfeld,6,0,71,65
1656698030414,COGS 14A,A01,092681,Semenuks; Arturs,0,2,100,101
1656698036436,COGS 14B,A01,083073,Cheng; Tzu-Han,3,0,63,60
1656698042462,COGS 17,A01,092677,Semenuks; Arturs,4,0,81,77
1656698048492,COGS 100,A01,083619,Allen; Michael Gordon,13,0,70,57
1656698054517,COGS 101A,A01,083621,Davis; Joshua Daniel,9,0,68,59
1656698060548,COGS 101B,A01,091572,Allen; Michael Gordon,3,0,65,62
1656698066573,COGS 101C,A01,083625,Delgado; Tania,17,0,35,18
1656698072601,COGS 107A,A01,083627,Boyle; Mary E. T.,11,0,60,49
1656698078627,COGS 118A,A01,083075,Gupta; Anjum,13,0,76,63
1656698084659,CSE 3,A50,083646,Miranda; Gregory Joseph,22,0,50,28
1656698090689,CSE 8A,A50,083650,Miranda; Gregory Joseph,16,1,56,40
1656698096713,CSE 11,A01,083080,Cao; Yingjun,2,17,40,38
1656698102740,CSE 12,A01,083652,Krause-Levy; Sophia Louisa,19,1,120,101
1656698108763,CSE 15L,A01,083654,Morris; Justin Loren,8,0,50,42
1656698108763,CSE 15L,A02,083655,Morris; Justin Loren,8,0,50,42
1656698114791,CSE 20,A01,083657,Tran; Khoa Dang,35,0,80,45
1656698120814,CSE 21,A01,095574,Bach; Quang Tran,21,0,48,27
1656698126840,CSE 30,A01,083084,Eldon; John,5,0,80,75
1656698126840,CSE 30,B01,095061,Bhaskar; Nishant,3,0,50,47
1656698132867,CSE 100,A01,083659,Cao; Yingjun,1,6,70,69
1656698138901,CSE 134B,A01,083661,Powell; Thomas Allan,17,0,100,83
1656698144928,CSE 140,A01,083663,Gungor; Onat,14,0,85,71
1656698150952,CSE 140L,A01,083088,Eldon; John,16,0,100,84
1656698156979,CSE 175,A01,083665,Kumar; Rakesh,3,0,25,22
1656698163006,CSE 190,A00,092507,Dubnov; Shlomo,5,0,20,15
1656698169029,ECE 45,A01,083139,Congero; Spencer William,5,0,75,70
1656698175052,ECE 65,A50,083695,Saad; Andrew S,12,0,30,18
1656698175052,ECE 65,A51,095125,Saad; Andrew S,25,0,26,1
1656698181076,ECE 109,A01,091882,Touri; Behrouz,13,0,70,57
1656698187099,ECE 180,A00,083140,Abi Samra; Nicholas Camill,1,0,30,29
1656698187099,ECE 180,B00,083141,Abi Samra; Nicholas Camill,0,0,30,30
1656698193129,MATH 10A,A01,083735,Patchell; Gregory David,0,0,30,30
1656698193129,MATH 10A,A02,083736,Patchell; Gregory David,20,0,30,10
1656698193129,MATH 10A,A03,083737,Patchell; Gregory David,16,0,30,14
1656698199234,MATH 10B,A01,083207,Lim; Seonhee,7,0,34,27
1656698199234,MATH 10B,A02,083208,Lim; Seonhee,9,0,35,26
1656698199234,MATH 10B,A03,093472,Lim; Seonhee,3,0,34,31
1656698199234,MATH 10B,B01,083739,Sinha; Shubham,9,0,30,21
1656698205257,MATH 18,A01,083743,Cinel; Cameron Alexander,6,0,30,24
1656698205257,MATH 18,A02,083744,Cinel; Cameron Alexander,14,0,30,16
1656698205257,MATH 18,A03,083745,Cinel; Cameron Alexander,7,0,30,23
1656698205257,MATH 18,B01,083748,Rideout; David Porter,2,0,37,35
1656698205257,MATH 18,B02,083749,Rideout; David Porter,2,0,36,34
1656698205257,MATH 18,B03,083750,Rideout; David Porter,1,0,37,36
1656698205257,MATH 18,B04,083751,Rideout; David Porter,4,0,36,32
1656698205257,MATH 18,B05,093473,Rideout; David Porter,4,0,36,32
1656698205257,MATH 18,B06,093474,Rideout; David Porter,4,0,36,32
1656698211285,MATH 20A,A01,083754,Zheng; Zequn,12,0,40,28
1656698217308,MATH 20B,A01,083756,Briones; Jor-el Thomas Caparas,1,1,36,35
1656698217308,MATH 20B,A02,083757,Briones; Jor-el Thomas Caparas,0,0,36,36
1656698217308,MATH 20B,A03,093475,Briones; Jor-el Thomas Caparas,2,0,36,34
1656698223332,MATH 20C,A01,083760,Briones; Jor-el Thomas Caparas,0,0,35,35
1656698223332,MATH 20C,A02,083761,Briones; Jor-el Thomas Caparas,8,0,35,27
1656698223332,MATH 20C,A03,093476,Briones; Jor-el Thomas Caparas,0,1,36,36
1656698223332,MATH 20C,B01,083762,Bach; Quang Tran,0,0,30,30
1656698229357,MATH 20D,A01,083765,Tran; Brian Kha,3,0,30,27
1656698229357,MATH 20D,A02,083766,Tran; Brian Kha,3,0,30,27
1656698229357,MATH 20D,A03,083767,Tran; Brian Kha,1,0,30,29
1656698235386,MATH 20E,A01,083771,Ganguly; Soumya,4,0,32,28
1656698235386,MATH 20E,A02,083772,Ganguly; Soumya,3,0,32,29
1656698235386,MATH 20E,B01,083773,Ciotti; Benjamin,18,0,35,17
1656698235386,MATH 20E,B02,083774,Ciotti; Benjamin,18,0,35,17
1656698241410,MATH 103A,A01,083777,Greenfeld; Be'Eri,2,0,36,34
1656698241410,MATH 103A,A02,083778,Greenfeld; Be'Eri,5,0,36,31
1656698241410,MATH 103A,A03,093561,Greenfeld; Be'Eri,4,0,36,32
1656698241410,MATH 103A,B01,083779,Greenfeld; Be'Eri,6,0,36,30
1656698241410,MATH 103A,B02,083780,Greenfeld; Be'Eri,2,0,36,34
1656698241410,MATH 103A,B03,093562,Greenfeld; Be'Eri,2,0,36,34
1656698247434,MATH 105,A01,085443,Carter; Anne Toulson,13,0,35,22
1656698247434,MATH 105,A02,093477,Carter; Anne Toulson,20,0,35,15
1656698253460,MATH 109,A01,083213,Ganzberger; Geoffrey Michael,0,0,34,34
1656698253460,MATH 109,A02,083214,Ganzberger; Geoffrey Michael,1,0,34,33
1656698253460,MATH 109,A03,093478,Ganzberger; Geoffrey Michael,2,0,34,32
1656698253460,MATH 109,B01,083215,Ganzberger; Geoffrey Michael,1,0,32,31
1656698253460,MATH 109,B02,083216,Ganzberger; Geoffrey Michael,2,0,32,30
1656698253460,MATH 109,B03,093479,Ganzberger; Geoffrey Michael,7,0,32,25
1656698259484,MATH 142A,A01,083219,Chow; Bennett,4,0,32,28
1656698259484,MATH 142A,A02,083220,Chow; Bennett,9,0,32,23
1656698259484,MATH 142A,A03,093480,Chow; Bennett,6,0,32,26
1656698259484,MATH 142A,B03,093481,Chow; Bennett,5,0,32,27
1656698259484,MATH 142A,B04,093558,Chow; Bennett,10,0,32,22
1656698259484,MATH 142A,B05,093559,Chow; Bennett,4,0,32,28
1656698265514,MATH 193A,A01,083224,Rotar; Vladimir,3,0,34,31
1656698265514,MATH 193A,A02,083225,Rotar; Vladimir,2,0,34,32
1656698265514,MATH 193A,A03,083781,Rotar; Vladimir,1,0,34,33
1656698265514,MATH 193A,A04,083782,Rotar; Vladimir,4,0,34,30
1656698265514,MATH 193A,A05,093482,Rotar; Vladimir,5,0,34,29
1656698271540,MATH 197,001,091859,McAuley; Julian John,9999,0,9999,0
1656698271540,MATH 197,002,095566,Kedlaya; Kiran S.,9997,0,9999,2
1656698271540,MATH 197,003,095567,Xiao; Ming,9999,0,9999,0
1656698271540,MATH 197,004,095571,Perols; Johan Lars,9998,0,9999,1
1656698278596,COGS 9,A01,083615,Shannon; Kyle Michael,5,0,75,70
1656698284623,COGS 11,A01,083617,Boyle; Mary E. T.,18,0,48,30
1656698290646,COGS 13,A01,083071,Bastos; Amalia Pinkusfeld,6,0,71,65
1656698296673,COGS 14A,A01,092681,Semenuks; Arturs,0,2,100,101
1656698302696,COGS 14B,A01,083073,Cheng; Tzu-Han,3,0,63,60
1656698308717,COGS 17,A01,092677,Semenuks; Arturs,4,0,81,77
1656698314740,COGS 100,A01,083619,Allen; Michael Gordon,13,0,70,57
1656698320768,COGS 101A,A01,083621,Davis; Joshua Daniel,9,0,68,59
1656698326793,COGS 101B,A01,091572,Allen; Michael Gordon,3,0,65,62
1656698332816,COGS 101C,A01,083625,Delgado; Tania,17,0,35,18
1656698338842,COGS 107A,A01,083627,Boyle; Mary E. T.,11,0,60,49
1656698344866,COGS 118A,A01,083075,Gupta; Anjum,13,0,76,63
1656698350890,CSE 3,A50,083646,Miranda; Gregory Joseph,22,0,50,28
1656698356918,CSE 8A,A50,083650,Miranda; Gregory Joseph,16,1,56,40
1656698362950,CSE 11,A01,083080,Cao; Yingjun,2,17,40,38
1656698368975,CSE 12,A01,083652,Krause-Levy; Sophia Louisa,19,1,120,101
1656698375003,CSE 15L,A01,083654,Morris; Justin Loren,8,0,50,42
1656698375003,CSE 15L,A02,083655,Morris; Justin Loren,8,0,50,42
1656698381032,CSE 20,A01,083657,Tran; Khoa Dang,35,0,80,45
1656698387059,CSE 21,A01,095574,Bach; Quang Tran,21,0,48,27
1656698393088,CSE 30,A01,083084,Eldon; John,5,0,80,75
1656698393088,CSE 30,B01,095061,Bhaskar; Nishant,3,0,50,47
1656698399122,CSE 100,A01,083659,Cao; Yingjun,1,6,70,69
1656698405146,CSE 134B,A01,083661,Powell; Thomas Allan,17,0,100,83
1656698411175,CSE 140,A01,083663,Gungor; Onat,14,0,85,71
1656698417199,CSE 140L,A01,083088,Eldon; John,16,0,100,84
1656698423222,CSE 175,A01,083665,Kumar; Rakesh,3,0,25,22
1656698429250,CSE 190,A00,092507,Dubnov; Shlomo,5,0,20,15
1656698435299,ECE 45,A01,083139,Congero; Spencer William,5,0,75,70
1656698441326,ECE 65,A50,083695,Saad; Andrew S,12,0,30,18
1656698441326,ECE 65,A51,095125,Saad; Andrew S,25,0,26,1
1656698447353,ECE 109,A01,091882,Touri; Behrouz,13,0,70,57
1656698453380,ECE 180,A00,083140,Abi Samra; Nicholas Camill,1,0,30,29
1656698453380,ECE 180,B00,083141,Abi Samra; Nicholas Camill,0,0,30,30
1656698459415,MATH 10A,A01,083735,Patchell; Gregory David,0,0,30,30
1656698459415,MATH 10A,A02,083736,Patchell; Gregory David,20,0,30,10
1656698459415,MATH 10A,A03,083737,Patchell; Gregory David,16,0,30,14
1656698465444,MATH 10B,A01,083207,Lim; Seonhee,7,0,34,27
1656698465444,MATH 10B,A02,083208,Lim; Seonhee,9,0,35,26
1656698465444,MATH 10B,A03,093472,Lim; Seonhee,3,0,34,31
1656698465444,MATH 10B,B01,083739,Sinha; Shubham,9,0,30,21
1656698471470,MATH 18,A01,083743,Cinel; Cameron Alexander,6,0,30,24
1656698471470,MATH 18,A02,083744,Cinel; Cameron Alexander,14,0,30,16
1656698471470,MATH 18,A03,083745,Cinel; Cameron Alexander,7,0,30,23
1656698471470,MATH 18,B01,083748,Rideout; David Porter,2,0,37,35
1656698471470,MATH 18,B02,083749,Rideout; David Porter,2,0,36,34
1656698471470,MATH 18,B03,083750,Rideout; David Porter,1,0,37,36
1656698471470,MATH 18,B04,083751,Rideout; David Porter,4,0,36,32
1656698471470,MATH 18,B05,093473,Rideout; David Porter,4,0,36,32
1656698471470,MATH 18,B06,093474,Rideout; David Porter,4,0,36,32
1656698477502,MATH 20A,A01,083754,Zheng; Zequn,12,0,40,28
1656698483531,MATH 20B,A01,083756,Briones; Jor-el Thomas Caparas,1,1,36,35
1656698483531,MATH 20B,A02,083757,Briones; Jor-el Thomas Caparas,0,0,36,36
1656698483531,MATH 20B,A03,093475,Briones; Jor-el Thomas Caparas,2,0,36,34
1656698489560,MATH 20C,A01,083760,Briones; Jor-el Thomas Caparas,0,0,35,35
1656698489560,MATH 20C,A02,083761,Briones; Jor-el Thomas Caparas,8,0,35,27
1656698489560,MATH 20C,A03,093476,Briones; Jor-el Thomas Caparas,0,1,36,36
1656698489560,MATH 20C,B01,083762,Bach; Quang Tran,0,0,30,30
1656698495591,MATH 20D,A01,083765,Tran; Brian Kha,3,0,30,27
1656698495591,MATH 20D,A02,083766,Tran; Brian Kha,3,0,30,27
1656698495591,MATH 20D,A03,083767,Tran; Brian Kha,1,0,30,29
1656698501616,MATH 20E,A01,083771,Ganguly; Soumya,4,0,32,28
1656698501616,MATH 20E,A02,083772,Ganguly; Soumya,3,0,32,29
1656698501616,MATH 20E,B01,083773,Ciotti; Benjamin,18,0,35,17
1656698501616,MATH 20E,B02,083774,Ciotti; Benjamin,18,0,35,17
1656698507649,MATH 103A,A01,083777,Greenfeld; Be'Eri,2,0,36,34
1656698507649,MATH 103A,A02,083778,Greenfeld; Be'Eri,5,0,36,31
1656698507649,MATH 103A,A03,093561,Greenfeld; Be'Eri,4,0,36,32
1656698507649,MATH 103A,B01,083779,Greenfeld; Be'Eri,6,0,36,30
1656698507649,MATH 103A,B02,083780,Greenfeld; Be'Eri,2,0,36,34
1656698507649,MATH 103A,B03,093562,Greenfeld; Be'Eri,2,0,36,34
1656698513677,MATH 105,A01,085443,Carter; Anne Toulson,13,0,35,22
1656698513677,MATH 105,A02,093477,Carter; Anne Toulson,20,0,35,15
1656698519709,MATH 109,A01,083213,Ganzberger; Geoffrey Michael,0,0,34,34
1656698519709,MATH 109,A02,083214,Ganzberger; Geoffrey Michael,1,0,34,33
1656698519709,MATH 109,A03,093478,Ganzberger; Geoffrey Michael,2,0,34,32
1656698519709,MATH 109,B01,083215,Ganzberger; Geoffrey Michael,1,0,32,31
1656698519709,MATH 109,B02,083216,Ganzberger; Geoffrey Michael,2,0,32,30
1656698519709,MATH 109,B03,093479,Ganzberger; Geoffrey Michael,7,0,32,25
1656698525748,MATH 142A,A01,083219,Chow; Bennett,4,0,32,28
1656698525748,MATH 142A,A02,083220,Chow; Bennett,9,0,32,23
1656698525748,MATH 142A,A03,093480,Chow; Bennett,6,0,32,26
1656698525748,MATH 142A,B03,093481,Chow; Bennett,5,0,32,27
1656698525748,MATH 142A,B04,093558,Chow; Bennett,10,0,32,22
1656698525748,MATH 142A,B05,093559,Chow; Bennett,4,0,32,28
1656698531778,MATH 193A,A01,083224,Rotar; Vladimir,3,0,34,31
1656698531778,MATH 193A,A02,083225,Rotar; Vladimir,2,0,34,32
1656698531778,MATH 193A,A03,083781,Rotar; Vladimir,1,0,34,33
1656698531778,MATH 193A,A04,083782,Rotar; Vladimir,4,0,34,30
1656698531778,MATH 193A,A05,093482,Rotar; Vladimir,5,0,34,29
1656698537805,MATH 197,001,091859,McAuley; Julian John,9999,0,9999,0
1656698537805,MATH 197,002,095566,Kedlaya; Kiran S.,9997,0,9999,2
1656698537805,MATH 197,003,095567,Xiao; Ming,9999,0,9999,0
1656698537805,MATH 197,004,095571,Perols; Johan Lars,9998,0,9999,1
1656698544899,COGS 9,A01,083615,Shannon; Kyle Michael,5,0,75,70
1656698550922,COGS 11,A01,083617,Boyle; Mary E. T.,18,0,48,30
1656698556945,COGS 13,A01,083071,Bastos; Amalia Pinkusfeld,6,0,71,65
1656698562981,COGS 14A,A01,092681,Semenuks; Arturs,0,2,100,101
1656698569008,COGS 14B,A01,083073,Cheng; Tzu-Han,3,0,63,60
1656698575034,COGS 17,A01,092677,Semenuks; Arturs,4,0,81,77
1656698581057,COGS 100,A01,083619,Allen; Michael Gordon,13,0,70,57
1656698587086,COGS 101A,A01,083621,Davis; Joshua Daniel,9,0,68,59
1656698593113,COGS 101B,A01,091572,Allen; Michael Gordon,3,0,65,62
1656698599138,COGS 101C,A01,083625,Delgado; Tania,17,0,35,18
1656698605162,COGS 107A,A01,083627,Boyle; Mary E. T.,11,0,60,49
1656698611192,COGS 118A,A01,083075,Gupta; Anjum,13,0,76,63
1656698617220,CSE 3,A50,083646,Miranda; Gregory Joseph,22,0,50,28
1656698623247,CSE 8A,A50,083650,Miranda; Gregory Joseph,16,1,56,40
1656698629271,CSE 11,A01,083080,Cao; Yingjun,2,17,40,38
1656698635295,CSE 12,A01,083652,Krause-Levy; Sophia Louisa,19,1,120,101
1656698641327,CSE 15L,A01,083654,Morris; Justin Loren,8,0,50,42
1656698641327,CSE 15L,A02,083655,Morris; Justin Loren,8,0,50,42
1656698647355,CSE 20,A01,083657,Tran; Khoa Dang,35,0,80,45
1656698653388,CSE 21,A01,095574,Bach; Quang Tran,21,0,48,27
1656698659424,CSE 30,A01,083084,Eldon; John,5,0,80,75
1656698659424,CSE 30,B01,095061,Bhaskar; Nishant,3,0,50,47
1656698665457,CSE 100,A01,083659,Cao; Yingjun,1,6,70,69
1656698671481,CSE 134B,A01,083661,Powell; Thomas Allan,17,0,100,83
1656698677510,CSE 140,A01,083663,Gungor; Onat,14,0,85,71
1656698683542,CSE 140L,A01,083088,Eldon; John,16,0,100,84
1656698689574,CSE 175,A01,083665,Kumar; Rakesh,3,0,25,22
1656698695598,CSE 190,A00,092507,Dubnov; Shlomo,5,0,20,15
1656698701626,ECE 45,A01,083139,Congero; Spencer William,5,0,75,70
1656698707649,ECE 65,A50,083695,Saad; Andrew S,12,0,30,18
1656698707649,ECE 65,A51,095125,Saad; Andrew S,25,0,26,1
1656698713685,ECE 109,A01,091882,Touri; Behrouz,13,0,70,57
1656698719712,ECE 180,A00,083140,Abi Samra; Nicholas Camill,1,0,30,29
1656698719712,ECE 180,B00,083141,Abi Samra; Nicholas Camill,0,0,30,30
1656698725735,MATH 10A,A01,083735,Patchell; Gregory David,0,0,30,30
1656698725735,MATH 10A,A02,083736,Patchell; Gregory David,20,0,30,10
1656698725735,MATH 10A,A03,083737,Patchell; Gregory David,16,0,30,14
1656698731758,MATH 10B,A01,083207,Lim; Seonhee,7,0,34,27
1656698731758,MATH 10B,A02,083208,Lim; Seonhee,9,0,35,26
1656698731758,MATH 10B,A03,093472,Lim; Seonhee,3,0,34,31
1656698731758,MATH 10B,B01,083739,Sinha; Shubham,9,0,30,21
1656698737785,MATH 18,A01,083743,Cinel; Cameron Alexander,6,0,30,24
1656698737785,MATH 18,A02,083744,Cinel; Cameron Alexander,14,0,30,16
1656698737785,MATH 18,A03,083745,Cinel; Cameron Alexander,7,0,30,23
1656698737785,MATH 18,B01,083748,Rideout; David Porter,2,0,37,35
1656698737785,MATH 18,B02,083749,Rideout; David Porter,2,0,36,34
1656698737785,MATH 18,B03,083750,Rideout; David Porter,1,0,37,36
1656698737785,MATH 18,B04,083751,Rideout; David Porter,4,0,36,32
1656698737785,MATH 18,B05,093473,Rideout; David Porter,4,0,36,32
1656698737785,MATH 18,B06,093474,Rideout; David Porter,4,0,36,32
1656698743810,MATH 20A,A01,083754,Zheng; Zequn,12,0,40,28
1656698749841,MATH 20B,A01,083756,Briones; Jor-el Thomas Caparas,1,1,36,35
1656698749841,MATH 20B,A02,083757,Briones; Jor-el Thomas Caparas,0,0,36,36
1656698749841,MATH 20B,A03,093475,Briones; Jor-el Thomas Caparas,2,0,36,34
1656698755875,MATH 20C,A01,083760,Briones; Jor-el Thomas Caparas,0,0,35,35
1656698755875,MATH 20C,A02,083761,Briones; Jor-el Thomas Caparas,8,0,35,27
1656698755875,MATH 20C,A03,093476,Briones; Jor-el Thomas Caparas,0,1,36,36
1656698755875,MATH 20C,B01,083762,Bach; Quang Tran,0,0,30,30
1656698761903,MATH 20D,A01,083765,Tran; Brian Kha,3,0,30,27
1656698761903,MATH 20D,A02,083766,Tran; Brian Kha,3,0,30,27
1656698761903,MATH 20D,A03,083767,Tran; Brian Kha,1,0,30,29
1656698767941,MATH 20E,A01,083771,Ganguly; Soumya,4,0,32,28
1656698767941,MATH 20E,A02,083772,Ganguly; Soumya,3,0,32,29
1656698767941,MATH 20E,B01,083773,Ciotti; Benjamin,18,0,35,17
1656698767941,MATH 20E,B02,083774,Ciotti; Benjamin,18,0,35,17
1656698773970,MATH 103A,A01,083777,Greenfeld; Be'Eri,2,0,36,34
1656698773970,MATH 103A,A02,083778,Greenfeld; Be'Eri,5,0,36,31
1656698773970,MATH 103A,A03,093561,Greenfeld; Be'Eri,4,0,36,32
1656698773970,MATH 103A,B01,083779,Greenfeld; Be'Eri,6,0,36,30
1656698773970,MATH 103A,B02,083780,Greenfeld; Be'Eri,2,0,36,34
1656698773970,MATH 103A,B03,093562,Greenfeld; Be'Eri,2,0,36,34
1656698780010,MATH 105,A01,085443,Carter; Anne Toulson,13,0,35,22
1656698780010,MATH 105,A02,093477,Carter; Anne Toulson,20,0,35,15
1656698786034,MATH 109,A01,083213,Ganzberger; Geoffrey Michael,0,0,34,34
1656698786034,MATH 109,A02,083214,Ganzberger; Geoffrey Michael,1,0,34,33
1656698786034,MATH 109,A03,093478,Ganzberger; Geoffrey Michael,2,0,34,32
1656698786034,MATH 109,B01,083215,Ganzberger; Geoffrey Michael,1,0,32,31
1656698786034,MATH 109,B02,083216,Ganzberger; Geoffrey Michael,2,0,32,30
1656698786034,MATH 109,B03,093479,Ganzberger; Geoffrey Michael,7,0,32,25
1656698792065,MATH 142A,A01,083219,Chow; Bennett,4,0,32,28
1656698792065,MATH 142A,A02,083220,Chow; Bennett,9,0,32,23
1656698792065,MATH 142A,A03,093480,Chow; Bennett,6,0,32,26
1656698792065,MATH 142A,B03,093481,Chow; Bennett,5,0,32,27
1656698792065,MATH 142A,B04,093558,Chow; Bennett,10,0,32,22
1656698792065,MATH 142A,B05,093559,Chow; Bennett,4,0,32,28
1656698798186,MATH 193A,A01,083224,Rotar; Vladimir,3,0,34,31
1656698798186,MATH 193A,A02,083225,Rotar; Vladimir,2,0,34,32
1656698798186,MATH 193A,A03,083781,Rotar; Vladimir,1,0,34,33
1656698798186,MATH 193A,A04,083782,Rotar; Vladimir,4,0,34,30
1656698798186,MATH 193A,A05,093482,Rotar; Vladimir,5,0,34,29
1656698804218,MATH 197,001,091859,McAuley; Julian John,9999,0,9999,0
1656698804218,MATH 197,002,095566,Kedlaya; Kiran S.,9997,0,9999,2
1656698804218,MATH 197,003,095567,Xiao; Ming,9999,0,9999,0
1656698804218,MATH 197,004,095571,Perols; Johan Lars,9998,0,9999,1
1656698811283,COGS 9,A01,083615,Shannon; Kyle Michael,5,0,75,70
1656698817315,COGS 11,A01,083617,Boyle; Mary E. T.,17,0,48,31
1656698823342,COGS 13,A01,083071,Bastos; Amalia Pinkusfeld,6,0,71,65
1656698829368,COGS 14A,A01,092681,Semenuks; Arturs,0,2,100,101
1656698835396,COGS 14B,A01,083073,Cheng; Tzu-Han,3,0,63,60
1656698841422,COGS 17,A01,092677,Semenuks; Arturs,4,0,81,77
1656698847461,COGS 100,A01,083619,Allen; Michael Gordon,13,0,70,57
1656698853500,COGS 101A,A01,083621,Davis; Joshua Daniel,9,0,68,59
1656698859532,COGS 101B,A01,091572,Allen; Michael Gordon,3,0,65,62
1656698865567,COGS 101C,A01,083625,Delgado; Tania,17,0,35,18
1656698871597,COGS 107A,A01,083627,Boyle; Mary E. T.,11,0,60,49
1656698877626,COGS 118A,A01,083075,Gupta; Anjum,13,0,76,63
1656698883651,CSE 3,A50,083646,Miranda; Gregory Joseph,22,0,50,28
1656698889673,CSE 8A,A50,083650,Miranda; Gregory Joseph,16,1,56,40
1656698895704,CSE 11,A01,083080,Cao; Yingjun,2,17,40,38
1656698901735,CSE 12,A01,083652,Krause-Levy; Sophia Louisa,19,1,120,101
1656698907764,CSE 15L,A01,083654,Morris; Justin Loren,8,0,50,42
1656698907764,CSE 15L,A02,083655,Morris; Justin Loren,8,0,50,42
1656698913800,CSE 20,A01,083657,Tran; Khoa Dang,35,0,80,45
1656698919834,CSE 21,A01,095574,Bach; Quang Tran,21,0,48,27
1656698925861,CSE 30,A01,083084,Eldon; John,5,0,80,75
1656698925861,CSE 30,B01,095061,Bhaskar; Nishant,3,0,50,47
1656698931883,CSE 100,A01,083659,Cao; Yingjun,1,6,70,69
1656698937914,CSE 134B,A01,083661,Powell; Thomas Allan,17,0,100,83
1656698943936,CSE 140,A01,083663,Gungor; Onat,14,0,85,71
1656698949980,CSE 140L,A01,083088,Eldon; John,16,0,100,84
1656698956012,CSE 175,A01,083665,Kumar; Rakesh,3,0,25,22
1656698962038,CSE 190,A00,092507,Dubnov; Shlomo,5,0,20,15
1656698968064,ECE 45,A01,083139,Congero; Spencer William,5,0,75,70
1656698974090,ECE 65,A50,083695,Saad; Andrew S,12,0,30,18
1656698974090,ECE 65,A51,095125,Saad; Andrew S,25,0,26,1
1656698980112,ECE 109,A01,091882,Touri; Behrouz,13,0,70,57
1656698986139,ECE 180,A00,083140,Abi Samra; Nicholas Camill,1,0,30,29
1656698986139,ECE 180,B00,083141,Abi Samra; Nicholas Camill,0,0,30,30
1656698992173,MATH 10A,A01,083735,Patchell; Gregory David,0,0,30,30
1656698992173,MATH 10A,A02,083736,Patchell; Gregory David,20,0,30,10
1656698992173,MATH 10A,A03,083737,Patchell; Gregory David,16,0,30,14
1656698998214,MATH 10B,A01,083207,Lim; Seonhee,7,0,34,27
1656698998214,MATH 10B,A02,083208,Lim; Seonhee,9,0,35,26
1656698998214,MATH 10B,A03,093472,Lim; Seonhee,3,0,34,31
1656698998214,MATH 10B,B01,083739,Sinha; Shubham,9,0,30,21
1656699004240,MATH 18,A01,083743,Cinel; Cameron Alexander,6,0,30,24
1656699004240,MATH 18,A02,083744,Cinel; Cameron Alexander,14,0,30,16
1656699004240,MATH 18,A03,083745,Cinel; Cameron Alexander,7,0,30,23
1656699004240,MATH 18,B01,083748,Rideout; David Porter,2,0,37,35
1656699004240,MATH 18,B02,083749,Rideout; David Porter,2,0,36,34
1656699004240,MATH 18,B03,083750,Rideout; David Porter,1,0,37,36
1656699004240,MATH 18,B04,083751,Rideout; David Porter,4,0,36,32
1656699004240,MATH 18,B05,093473,Rideout; David Porter,4,0,36,32
1656699004240,MATH 18,B06,093474,Rideout; David Porter,4,0,36,32
1656699010264,MATH 20A,A01,083754,Zheng; Zequn,12,0,40,28
1656699016287,MATH 20B,A01,083756,Briones; Jor-el Thomas Caparas,1,1,36,35
1656699016287,MATH 20B,A02,083757,Briones; Jor-el Thomas Caparas,0,0,36,36
1656699016287,MATH 20B,A03,093475,Briones; Jor-el Thomas Caparas,2,0,36,34
1656699022312,MATH 20C,A01,083760,Briones; Jor-el Thomas Caparas,0,0,35,35
1656699022312,MATH 20C,A02,083761,Briones; Jor-el Thomas Caparas,8,0,35,27
1656699022312,MATH 20C,A03,093476,Briones; Jor-el Thomas Caparas,0,1,36,36
1656699022312,MATH 20C,B01,083762,Bach; Quang Tran,0,0,30,30
1656699028346,MATH 20D,A01,083765,Tran; Brian Kha,4,0,30,26
1656699028346,MATH 20D,A02,083766,Tran; Brian Kha,4,0,30,26
1656699028346,MATH 20D,A03,083767,Tran; Brian Kha,1,0,30,29
1656699034370,MATH 20E,A01,083771,Ganguly; Soumya,4,0,32,28
1656699034370,MATH 20E,A02,083772,Ganguly; Soumya,3,0,32,29
1656699034370,MATH 20E,B01,083773,Ciotti; Benjamin,18,0,35,17
1656699034370,MATH 20E,B02,083774,Ciotti; Benjamin,18,0,35,17
1656699040395,MATH 103A,A01,083777,Greenfeld; Be'Eri,2,0,36,34
1656699040395,MATH 103A,A02,083778,Greenfeld; Be'Eri,5,0,36,31
1656699040395,MATH 103A,A03,093561,Greenfeld; Be'Eri,4,0,36,32
1656699040395,MATH 103A,B01,083779,Greenfeld; Be'Eri,6,0,36,30
1656699040395,MATH 103A,B02,083780,Greenfeld; Be'Eri,2,0,36,34
1656699040395,MATH 103A,B03,093562,Greenfeld; Be'Eri,2,0,36,34
1656699046426,MATH 105,A01,085443,Carter; Anne Toulson,13,0,35,22
1656699046426,MATH 105,A02,093477,Carter; Anne Toulson,20,0,35,15
1656699052449,MATH 109,A01,083213,Ganzberger; Geoffrey Michael,0,0,34,34
1656699052449,MATH 109,A02,083214,Ganzberger; Geoffrey Michael,1,0,34,33
1656699052449,MATH 109,A03,093478,Ganzberger; Geoffrey Michael,2,0,34,32
1656699052449,MATH 109,B01,083215,Ganzberger; Geoffrey Michael,1,0,32,31
1656699052449,MATH 109,B02,083216,Ganzberger; Geoffrey Michael,2,0,32,30
1656699052449,MATH 109,B03,093479,Ganzberger; Geoffrey Michael,7,0,32,25
1656699058484,MATH 142A,A01,083219,Chow; Bennett,4,0,32,28
1656699058484,MATH 142A,A02,083220,Chow; Bennett,9,0,32,23
1656699058484,MATH 142A,A03,093480,Chow; Bennett,6,0,32,26
1656699058484,MATH 142A,B03,093481,Chow; Bennett,5,0,32,27
1656699058484,MATH 142A,B04,093558,Chow; Bennett,10,0,32,22
1656699058484,MATH 142A,B05,093559,Chow; Bennett,4,0,32,28
1656699064515,MATH 193A,A01,083224,Rotar; Vladimir,3,0,34,31
1656699064515,MATH 193A,A02,083225,Rotar; Vladimir,2,0,34,32
1656699064515,MATH 193A,A03,083781,Rotar; Vladimir,1,0,34,33
1656699064515,MATH 193A,A04,083782,Rotar; Vladimir,4,0,34,30
1656699064515,MATH 193A,A05,093482,Rotar; Vladimir,5,0,34,29
1656699070544,MATH 197,001,091859,McAuley; Julian John,9999,0,9999,0
1656699070544,MATH 197,002,095566,Kedlaya; Kiran S.,9997,0,9999,2
1656699070544,MATH 197,003,095567,Xiao; Ming,9999,0,9999,0
1656699070544,MATH 197,004,095571,Perols; Johan Lars,9998,0,9999,1
1656699077598,COGS 9,A01,083615,Shannon; Kyle Michael,5,0,75,70
1656699083633,COGS 11,A01,083617,Boyle; Mary E. T.,17,0,48,31
1656699089657,COGS 13,A01,083071,Bastos; Amalia Pinkusfeld,6,0,71,65
1656699095698,COGS 14A,A01,092681,Semenuks; Arturs,0,2,100,101
1656699101726,COGS 14B,A01,083073,Cheng; Tzu-Han,3,0,63,60
1656699107751,COGS 17,A01,092677,Semenuks; Arturs,4,0,81,77
1656699113776,COGS 100,A01,083619,Allen; Michael Gordon,13,0,70,57
1656699119799,COGS 101A,A01,083621,Davis; Joshua Daniel,9,0,68,59
1656699125824,COGS 101B,A01,091572,Allen; Michael Gordon,3,0,65,62
1656699131863,COGS 101C,A01,083625,Delgado; Tania,17,0,35,18
1656699137893,COGS 107A,A01,083627,Boyle; Mary E. T.,11,0,60,49
1656699143920,COGS 118A,A01,083075,Gupta; Anjum,13,0,76,63
1656699149982,CSE 3,A50,083646,Miranda; Gregory Joseph,22,0,50,28
1656699156020,CSE 8A,A50,083650,Miranda; Gregory Joseph,16,1,56,40
1656699162050,CSE 11,A01,083080,Cao; Yingjun,2,17,40,38
1656699168083,CSE 12,A01,083652,Krause-Levy; Sophia Louisa,19,1,120,101
1656699174106,CSE 15L,A01,083654,Morris; Justin Loren,8,0,50,42
1656699174106,CSE 15L,A02,083655,Morris; Justin Loren,8,0,50,42
1656699180134,CSE 20,A01,083657,Tran; Khoa Dang,35,0,80,45
1656699186158,CSE 21,A01,095574,Bach; Quang Tran,21,0,48,27
1656699192195,CSE 30,A01,083084,Eldon; John,5,0,80,75
1656699192195,CSE 30,B01,095061,Bhaskar; Nishant,3,0,50,47
1656699198221,CSE 100,A01,083659,Cao; Yingjun,1,6,70,69
1656699204244,CSE 134B,A01,083661,Powell; Thomas Allan,17,0,100,83
1656699210275,CSE 140,A01,083663,Gungor; Onat,14,0,85,71
1656699216310,CSE 140L,A01,083088,Eldon; John,16,0,100,84
1656699222336,CSE 175,A01,083665,Kumar; Rakesh,3,0,25,22
1656699228360,CSE 190,A00,092507,Dubnov; Shlomo,5,0,20,15
1656699234389,ECE 45,A01,083139,Congero; Spencer William,5,0,75,70
1656699240413,ECE 65,A50,083695,Saad; Andrew S,12,0,30,18
1656699240413,ECE 65,A51,095125,Saad; Andrew S,25,0,26,1
1656699246438,ECE 109,A01,091882,Touri; Behrouz,13,0,70,57
1656699252463,ECE 180,A00,083140,Abi Samra; Nicholas Camill,1,0,30,29
1656699252463,ECE 180,B00,083141,Abi Samra; Nicholas Camill,0,0,30,30
1656699258487,MATH 10A,A01,083735,Patchell; Gregory David,0,0,30,30
1656699258487,MATH 10A,A02,083736,Patchell; Gregory David,20,0,30,10
1656699258487,MATH 10A,A03,083737,Patchell; Gregory David,16,0,30,14
1656699264512,MATH 10B,A01,083207,Lim; Seonhee,7,0,34,27
1656699264512,MATH 10B,A02,083208,Lim; Seonhee,9,0,35,26
1656699264512,MATH 10B,A03,093472,Lim; Seonhee,3,0,34,31
1656699264512,MATH 10B,B01,083739,Sinha; Shubham,9,0,30,21
1656699270536,MATH 18,A01,083743,Cinel; Cameron Alexander,6,0,30,24
1656699270536,MATH 18,A02,083744,Cinel; Cameron Alexander,14,0,30,16
1656699270536,MATH 18,A03,083745,Cinel; Cameron Alexander,7,0,30,23
1656699270536,MATH 18,B01,083748,Rideout; David Porter,2,0,37,35
1656699270536,MATH 18,B02,083749,Rideout; David Porter,2,0,36,34
1656699270536,MATH 18,B03,083750,Rideout; David Porter,1,0,37,36
1656699270536,MATH 18,B04,083751,Rideout; David Porter,4,0,36,32
1656699270536,MATH 18,B05,093473,Rideout; David Porter,4,0,36,32
1656699270536,MATH 18,B06,093474,Rideout; David Porter,4,0,36,32
1656699276563,MATH 20A,A01,083754,Zheng; Zequn,12,0,40,28
1656699282592,MATH 20B,A01,083756,Briones; Jor-el Thomas Caparas,1,1,36,35
1656699282592,MATH 20B,A02,083757,Briones; Jor-el Thomas Caparas,0,0,36,36
1656699282592,MATH 20B,A03,093475,Briones; Jor-el Thomas Caparas,2,0,36,34
1656699288628,MATH 20C,A01,083760,Briones; Jor-el Thomas Caparas,0,0,35,35
1656699288628,MATH 20C,A02,083761,Briones; Jor-el Thomas Caparas,8,0,35,27
1656699288628,MATH 20C,A03,093476,Briones; Jor-el Thomas Caparas,0,1,36,36
1656699288628,MATH 20C,B01,083762,Bach; Quang Tran,0,0,30,30
1656699294655,MATH 20D,A01,083765,Tran; Brian Kha,4,0,30,26
1656699294655,MATH 20D,A02,083766,Tran; Brian Kha,4,0,30,26
1656699294655,MATH 20D,A03,083767,Tran; Brian Kha,1,0,30,29
1656699300684,MATH 20E,A01,083771,Ganguly; Soumya,4,0,32,28
1656699300684,MATH 20E,A02,083772,Ganguly; Soumya,3,0,32,29
1656699300684,MATH 20E,B01,083773,Ciotti; Benjamin,18,0,35,17
1656699300684,MATH 20E,B02,083774,Ciotti; Benjamin,18,0,35,17
1656699306720,MATH 103A,A01,083777,Greenfeld; Be'Eri,2,0,36,34
1656699306720,MATH 103A,A02,083778,Greenfeld; Be'Eri,5,0,36,31
1656699306720,MATH 103A,A03,093561,Greenfeld; Be'Eri,4,0,36,32
1656699306720,MATH 103A,B01,083779,Greenfeld; Be'Eri,6,0,36,30
1656699306720,MATH 103A,B02,083780,Greenfeld; Be'Eri,2,0,36,34
1656699306720,MATH 103A,B03,093562,Greenfeld; Be'Eri,2,0,36,34
1656699312752,MATH 105,A01,085443,Carter; Anne Toulson,13,0,35,22
1656699312752,MATH 105,A02,093477,Carter; Anne Toulson,20,0,35,15
1656699318776,MATH 109,A01,083213,Ganzberger; Geoffrey Michael,0,0,34,34
1656699318776,MATH 109,A02,083214,Ganzberger; Geoffrey Michael,1,0,34,33
1656699318776,MATH 109,A03,093478,Ganzberger; Geoffrey Michael,2,0,34,32
1656699318776,MATH 109,B01,083215,Ganzberger; Geoffrey Michael,1,0,32,31
1656699318776,MATH 109,B02,083216,Ganzberger; Geoffrey Michael,2,0,32,30
1656699318776,MATH 109,B03,093479,Ganzberger; Geoffrey Michael,7,0,32,25
1656699324806,MATH 142A,A01,083219,Chow; Bennett,4,0,32,28
1656699324806,MATH 142A,A02,083220,Chow; Bennett,9,0,32,23
1656699324806,MATH 142A,A03,093480,Chow; Bennett,6,0,32,26
1656699324806,MATH 142A,B03,093481,Chow; Bennett,5,0,32,27
1656699324806,MATH 142A,B04,093558,Chow; Bennett,10,0,32,22
1656699324806,MATH 142A,B05,093559,Chow; Bennett,4,0,32,28
1656699330833,MATH 193A,A01,083224,Rotar; Vladimir,3,0,34,31
1656699330833,MATH 193A,A02,083225,Rotar; Vladimir,2,0,34,32
1656699330833,MATH 193A,A03,083781,Rotar; Vladimir,1,0,34,33
1656699330833,MATH 193A,A04,083782,Rotar; Vladimir,4,0,34,30
1656699330833,MATH 193A,A05,093482,Rotar; Vladimir,5,0,34,29
1656699336856,MATH 197,001,091859,McAuley; Julian John,9999,0,9999,0
1656699336856,MATH 197,002,095566,Kedlaya; Kiran S.,9997,0,9999,2
1656699336856,MATH 197,003,095567,Xiao; Ming,9999,0,9999,0
1656699336856,MATH 197,004,095571,Perols; Johan Lars,9998,0,9999,1
1656699343942,COGS 9,A01,083615,Shannon; Kyle Michael,5,0,75,70
1656699349969,COGS 11,A01,083617,Boyle; Mary E. T.,17,0,48,31
1656699355993,COGS 13,A01,083071,Bastos; Amalia Pinkusfeld,6,0,71,65
1656699362017,COGS 14A,A01,092681,Semenuks; Arturs,0,2,100,101
1656699368042,COGS 14B,A01,083073,Cheng; Tzu-Han,3,0,63,60
1656699374075,COGS 17,A01,092677,Semenuks; Arturs,4,0,81,77
1656699380114,COGS 100,A01,083619,Allen; Michael Gordon,13,0,70,57
1656699386139,COGS 101A,A01,083621,Davis; Joshua Daniel,9,0,68,59
1656699392234,COGS 101B,A01,091572,Allen; Michael Gordon,3,0,65,62
1656699398259,COGS 101C,A01,083625,Delgado; Tania,17,0,35,18
1656699404292,COGS 107A,A01,083627,Boyle; Mary E. T.,11,0,60,49
1656699410319,COGS 118A,A01,083075,Gupta; Anjum,13,0,76,63
1656699416343,CSE 3,A50,083646,Miranda; Gregory Joseph,22,0,50,28
1656699422378,CSE 8A,A50,083650,Miranda; Gregory Joseph,16,1,56,40
1656699428412,CSE 11,A01,083080,Cao; Yingjun,2,17,40,38
1656699434435,CSE 12,A01,083652,Krause-Levy; Sophia Louisa,19,1,120,101
1656699440468,CSE 15L,A01,083654,Morris; Justin Loren,8,0,50,42
1656699440468,CSE 15L,A02,083655,Morris; Justin Loren,8,0,50,42
1656699446491,CSE 20,A01,083657,Tran; Khoa Dang,35,0,80,45
1656699452513,CSE 21,A01,095574,Bach; Quang Tran,21,0,48,27
1656699458536,CSE 30,A01,083084,Eldon; John,5,0,80,75
1656699458536,CSE 30,B01,095061,Bhaskar; Nishant,3,0,50,47
1656699464563,CSE 100,A01,083659,Cao; Yingjun,1,6,70,69
1656699470590,CSE 134B,A01,083661,Powell; Thomas Allan,17,0,100,83
1656699476617,CSE 140,A01,083663,Gungor; Onat,14,0,85,71
1656699482657,CSE 140L,A01,083088,Eldon; John,16,0,100,84
1656699488681,CSE 175,A01,083665,Kumar; Rakesh,3,0,25,22
1656699494703,CSE 190,A00,092507,Dubnov; Shlomo,5,0,20,15
1656699500727,ECE 45,A01,083139,Congero; Spencer William,5,0,75,70
1656699506755,ECE 65,A50,083695,Saad; Andrew S,12,0,30,18
1656699506755,ECE 65,A51,095125,Saad; Andrew S,25,0,26,1
1656699512785,ECE 109,A01,091882,Touri; Behrouz,13,0,70,57
1656699518808,ECE 180,A00,083140,Abi Samra; Nicholas Camill,1,0,30,29
1656699518808,ECE 180,B00,083141,Abi Samra; Nicholas Camill,0,0,30,30
1656699524839,MATH 10A,A01,083735,Patchell; Gregory David,0,0,30,30
1656699524839,MATH 10A,A02,083736,Patchell; Gregory David,20,0,30,10
1656699524839,MATH 10A,A03,083737,Patchell; Gregory David,16,0,30,14
1656699530867,MATH 10B,A01,083207,Lim; Seonhee,7,0,34,27
1656699530867,MATH 10B,A02,083208,Lim; Seonhee,9,0,35,26
1656699530867,MATH 10B,A03,093472,Lim; Seonhee,3,0,34,31
1656699530867,MATH 10B,B01,083739,Sinha; Shubham,9,0,30,21
1656699536893,MATH 18,A01,083743,Cinel; Cameron Alexander,6,0,30,24
1656699536893,MATH 18,A02,083744,Cinel; Cameron Alexander,14,0,30,16
1656699536893,MATH 18,A03,083745,Cinel; Cameron Alexander,7,0,30,23
1656699536893,MATH 18,B01,083748,Rideout; David Porter,2,0,37,35
1656699536893,MATH 18,B02,083749,Rideout; David Porter,2,0,36,34
1656699536893,MATH 18,B03,083750,Rideout; David Porter,1,0,37,36
1656699536893,MATH 18,B04,083751,Rideout; David Porter,4,0,36,32
1656699536893,MATH 18,B05,093473,Rideout; David Porter,4,0,36,32
1656699536893,MATH 18,B06,093474,Rideout; David Porter,4,0,36,32
1656699542919,MATH 20A,A01,083754,Zheng; Zequn,12,0,40,28
1656699548947,MATH 20B,A01,083756,Briones; Jor-el Thomas Caparas,1,1,36,35
1656699548947,MATH 20B,A02,083757,Briones; Jor-el Thomas Caparas,0,0,36,36
1656699548947,MATH 20B,A03,093475,Briones; Jor-el Thomas Caparas,2,0,36,34
1656699554982,MATH 20C,A01,083760,Briones; Jor-el Thomas Caparas,0,0,35,35
1656699554982,MATH 20C,A02,083761,Briones; Jor-el Thomas Caparas,8,0,35,27
1656699554982,MATH 20C,A03,093476,Briones; Jor-el Thomas Caparas,0,1,36,36
1656699554982,MATH 20C,B01,083762,Bach; Quang Tran,0,0,30,30
1656699561015,MATH 20D,A01,083765,Tran; Brian Kha,4,0,30,26
1656699561015,MATH 20D,A02,083766,Tran; Brian Kha,4,0,30,26
1656699561015,MATH 20D,A03,083767,Tran; Brian Kha,1,0,30,29
1656699567044,MATH 20E,A01,083771,Ganguly; Soumya,4,0,32,28
1656699567044,MATH 20E,A02,083772,Ganguly; Soumya,3,0,32,29
1656699567044,MATH 20E,B01,083773,Ciotti; Benjamin,18,0,35,17
1656699567044,MATH 20E,B02,083774,Ciotti; Benjamin,18,0,35,17
1656699573074,MATH 103A,A01,083777,Greenfeld; Be'Eri,2,0,36,34
1656699573074,MATH 103A,A02,083778,Greenfeld; Be'Eri,5,0,36,31
1656699573074,MATH 103A,A03,093561,Greenfeld; Be'Eri,4,0,36,32
1656699573074,MATH 103A,B01,083779,Greenfeld; Be'Eri,6,0,36,30
1656699573074,MATH 103A,B02,083780,Greenfeld; Be'Eri,2,0,36,34
1656699573074,MATH 103A,B03,093562,Greenfeld; Be'Eri,2,0,36,34
1656699579096,MATH 105,A01,085443,Carter; Anne Toulson,13,0,35,22
1656699579096,MATH 105,A02,093477,Carter; Anne Toulson,20,0,35,15
1656699585120,MATH 109,A01,083213,Ganzberger; Geoffrey Michael,0,0,34,34
1656699585120,MATH 109,A02,083214,Ganzberger; Geoffrey Michael,1,0,34,33
1656699585120,MATH 109,A03,093478,Ganzberger; Geoffrey Michael,2,0,34,32
1656699585120,MATH 109,B01,083215,Ganzberger; Geoffrey Michael,1,0,32,31
1656699585120,MATH 109,B02,083216,Ganzberger; Geoffrey Michael,2,0,32,30
1656699585120,MATH 109,B03,093479,Ganzberger; Geoffrey Michael,7,0,32,25
1656699591171,MATH 142A,A01,083219,Chow; Bennett,4,0,32,28
1656699591171,MATH 142A,A02,083220,Chow; Bennett,9,0,32,23
1656699591171,MATH 142A,A03,093480,Chow; Bennett,6,0,32,26
1656699591171,MATH 142A,B03,093481,Chow; Bennett,5,0,32,27
1656699591171,MATH 142A,B04,093558,Chow; Bennett,10,0,32,22
1656699591171,MATH 142A,B05,093559,Chow; Bennett,4,0,32,28
1656699597200,MATH 193A,A01,083224,Rotar; Vladimir,3,0,34,31
1656699597200,MATH 193A,A02,083225,Rotar; Vladimir,2,0,34,32
1656699597200,MATH 193A,A03,083781,Rotar; Vladimir,1,0,34,33
1656699597200,MATH 193A,A04,083782,Rotar; Vladimir,4,0,34,30
1656699597200,MATH 193A,A05,093482,Rotar; Vladimir,5,0,34,29
1656699603223,MATH 197,001,091859,McAuley; Julian John,9999,0,9999,0
1656699603223,MATH 197,002,095566,Kedlaya; Kiran S.,9997,0,9999,2
1656699603223,MATH 197,003,095567,Xiao; Ming,9999,0,9999,0
1656699603223,MATH 197,004,095571,Perols; Johan Lars,9998,0,9999,1
1656699610289,COGS 9,A01,083615,Shannon; Kyle Michael,5,0,75,70
1656699616313,COGS 11,A01,083617,Boyle; Mary E. T.,17,0,48,31
1656699622346,COGS 13,A01,083071,Bastos; Amalia Pinkusfeld,6,0,71,65
1656699628375,COGS 14A,A01,092681,Semenuks; Arturs,0,2,100,101
1656699634406,COGS 14B,A01,083073,Cheng; Tzu-Han,3,0,63,60
1656699640430,COGS 17,A01,092677,Semenuks; Arturs,4,0,81,77
1656699646458,COGS 100,A01,083619,Allen; Michael Gordon,13,0,70,57
1656699652483,COGS 101A,A01,083621,Davis; Joshua Daniel,9,0,68,59
1656699658507,COGS 101B,A01,091572,Allen; Michael Gordon,3,0,65,62
1656699664531,COGS 101C,A01,083625,Delgado; Tania,17,0,35,18
1656699670559,COGS 107A,A01,083627,Boyle; Mary E. T.,11,0,60,49
1656699676585,COGS 118A,A01,083075,Gupta; Anjum,13,0,76,63
1656699682612,CSE 3,A50,083646,Miranda; Gregory Joseph,22,0,50,28
1656699688642,CSE 8A,A50,083650,Miranda; Gregory Joseph,16,1,56,40
1656699694665,CSE 11,A01,083080,Cao; Yingjun,2,17,40,38
1656699700691,CSE 12,A01,083652,Krause-Levy; Sophia Louisa,19,1,120,101
1656699706717,CSE 15L,A01,083654,Morris; Justin Loren,8,0,50,42
1656699706717,CSE 15L,A02,083655,Morris; Justin Loren,8,0,50,42
1656699712741,CSE 20,A01,083657,Tran; Khoa Dang,35,0,80,45
1656699718765,CSE 21,A01,095574,Bach; Quang Tran,21,0,48,27
1656699724798,CSE 30,A01,083084,Eldon; John,5,0,80,75
1656699724798,CSE 30,B01,095061,Bhaskar; Nishant,3,0,50,47
1656699730821,CSE 100,A01,083659,Cao; Yingjun,1,6,70,69
1656699736852,CSE 134B,A01,083661,Powell; Thomas Allan,17,0,100,83
1656699742874,CSE 140,A01,083663,Gungor; Onat,14,0,85,71
1656699748907,CSE 140L,A01,083088,Eldon; John,16,0,100,84
1656699754930,CSE 175,A01,083665,Kumar; Rakesh,3,0,25,22
1656699760962,CSE 190,A00,092507,Dubnov; Shlomo,5,0,20,15
1656699766986,ECE 45,A01,083139,Congero; Spencer William,5,0,75,70
1656699773010,ECE 65,A50,083695,Saad; Andrew S,12,0,30,18
1656699773010,ECE 65,A51,095125,Saad; Andrew S,25,0,26,1
1656699779037,ECE 109,A01,091882,Touri; Behrouz,13,0,70,57
1656699785064,ECE 180,A00,083140,Abi Samra; Nicholas Camill,1,0,30,29
1656699785064,ECE 180,B00,083141,Abi Samra; Nicholas Camill,0,0,30,30
1656699791093,MATH 10A,A01,083735,Patchell; Gregory David,0,0,30,30
1656699791093,MATH 10A,A02,083736,Patchell; Gregory David,20,0,30,10
1656699791093,MATH 10A,A03,083737,Patchell; Gregory David,16,0,30,14
1656699797120,MATH 10B,A01,083207,Lim; Seonhee,7,0,34,27
1656699797120,MATH 10B,A02,083208,Lim; Seonhee,9,0,35,26
1656699797120,MATH 10B,A03,093472,Lim; Seonhee,3,0,34,31
1656699797120,MATH 10B,B01,083739,Sinha; Shubham,9,0,30,21
1656699803149,MATH 18,A01,083743,Cinel; Cameron Alexander,6,0,30,24
1656699803149,MATH 18,A02,083744,Cinel; Cameron Alexander,14,0,30,16
1656699803149,MATH 18,A03,083745,Cinel; Cameron Alexander,7,0,30,23
1656699803149,MATH 18,B01,083748,Rideout; David Porter,2,0,37,35
1656699803149,MATH 18,B02,083749,Rideout; David Porter,2,0,36,34
1656699803149,MATH 18,B03,083750,Rideout; David Porter,1,0,37,36
1656699803149,MATH 18,B04,083751,Rideout; David Porter,4,0,36,32
1656699803149,MATH 18,B05,093473,Rideout; David Porter,4,0,36,32
1656699803149,MATH 18,B06,093474,Rideout; David Porter,4,0,36,32
1656699809176,MATH 20A,A01,083754,Zheng; Zequn,12,0,40,28
1656699815199,MATH 20B,A01,083756,Briones; Jor-el Thomas Caparas,1,1,36,35
1656699815199,MATH 20B,A02,083757,Briones; Jor-el Thomas Caparas,0,0,36,36
1656699815199,MATH 20B,A03,093475,Briones; Jor-el Thomas Caparas,2,0,36,34
1656699821228,MATH 20C,A01,083760,Briones; Jor-el Thomas Caparas,0,0,35,35
1656699821228,MATH 20C,A02,083761,Briones; Jor-el Thomas Caparas,8,0,35,27
1656699821228,MATH 20C,A03,093476,Briones; Jor-el Thomas Caparas,0,1,36,36
1656699821228,MATH 20C,B01,083762,Bach; Quang Tran,0,0,30,30
1656699827268,MATH 20D,A01,083765,Tran; Brian Kha,4,0,30,26
1656699827268,MATH 20D,A02,083766,Tran; Brian Kha,4,0,30,26
1656699827268,MATH 20D,A03,083767,Tran; Brian Kha,1,0,30,29
1656699833297,MATH 20E,A01,083771,Ganguly; Soumya,4,0,32,28
1656699833297,MATH 20E,A02,083772,Ganguly; Soumya,3,0,32,29
1656699833297,MATH 20E,B01,083773,Ciotti; Benjamin,18,0,35,17
1656699833297,MATH 20E,B02,083774,Ciotti; Benjamin,18,0,35,17
1656699839326,MATH 103A,A01,083777,Greenfeld; Be'Eri,2,0,36,34
1656699839326,MATH 103A,A02,083778,Greenfeld; Be'Eri,5,0,36,31
1656699839326,MATH 103A,A03,093561,Greenfeld; Be'Eri,4,0,36,32
1656699839326,MATH 103A,B01,083779,Greenfeld; Be'Eri,6,0,36,30
1656699839326,MATH 103A,B02,083780,Greenfeld; Be'Eri,2,0,36,34
1656699839326,MATH 103A,B03,093562,Greenfeld; Be'Eri,2,0,36,34
1656699845350,MATH 105,A01,085443,Carter; Anne Toulson,13,0,35,22
1656699845350,MATH 105,A02,093477,Carter; Anne Toulson,20,0,35,15
1656699851374,MATH 109,A01,083213,Ganzberger; Geoffrey Michael,0,0,34,34
1656699851374,MATH 109,A02,083214,Ganzberger; Geoffrey Michael,1,0,34,33
1656699851374,MATH 109,A03,093478,Ganzberger; Geoffrey Michael,2,0,34,32
1656699851374,MATH 109,B01,083215,Ganzberger; Geoffrey Michael,1,0,32,31
1656699851374,MATH 109,B02,083216,Ganzberger; Geoffrey Michael,2,0,32,30
1656699851374,MATH 109,B03,093479,Ganzberger; Geoffrey Michael,7,0,32,25
1656699857407,MATH 142A,A01,083219,Chow; Bennett,4,0,32,28
1656699857407,MATH 142A,A02,083220,Chow; Bennett,9,0,32,23
1656699857407,MATH 142A,A03,093480,Chow; Bennett,6,0,32,26
1656699857407,MATH 142A,B03,093481,Chow; Bennett,5,0,32,27
1656699857407,MATH 142A,B04,093558,Chow; Bennett,10,0,32,22
1656699857407,MATH 142A,B05,093559,Chow; Bennett,4,0,32,28
1656699863433,MATH 193A,A01,083224,Rotar; Vladimir,3,0,34,31
1656699863433,MATH 193A,A02,083225,Rotar; Vladimir,2,0,34,32
1656699863433,MATH 193A,A03,083781,Rotar; Vladimir,1,0,34,33
1656699863433,MATH 193A,A04,083782,Rotar; Vladimir,4,0,34,30
1656699863433,MATH 193A,A05,093482,Rotar; Vladimir,5,0,34,29
1656699869458,MATH 197,001,091859,McAuley; Julian John,9999,0,9999,0
1656699869458,MATH 197,002,095566,Kedlaya; Kiran S.,9997,0,9999,2
1656699869458,MATH 197,003,095567,Xiao; Ming,9999,0,9999,0
1656699869458,MATH 197,004,095571,Perols; Johan Lars,9998,0,9999,1
1656699876518,COGS 9,A01,083615,Shannon; Kyle Michael,5,0,75,70
1656699882552,COGS 11,A01,083617,Boyle; Mary E. T.,17,0,48,31
1656699888581,COGS 13,A01,083071,Bastos; Amalia Pinkusfeld,6,0,71,65
1656699894608,COGS 14A,A01,092681,Semenuks; Arturs,0,2,100,101
1656699900633,COGS 14B,A01,083073,Cheng; Tzu-Han,3,0,63,60
1656699906656,COGS 17,A01,092677,Semenuks; Arturs,4,0,81,77
1656699912679,COGS 100,A01,083619,Allen; Michael Gordon,13,0,70,57
1656699918706,COGS 101A,A01,083621,Davis; Joshua Daniel,9,0,68,59
1656699924735,COGS 101B,A01,091572,Allen; Michael Gordon,3,0,65,62
1656699930759,COGS 101C,A01,083625,Delgado; Tania,17,0,35,18
1656699936783,COGS 107A,A01,083627,Boyle; Mary E. T.,11,0,60,49
1656699942814,COGS 118A,A01,083075,Gupta; Anjum,13,0,76,63
1656699948842,CSE 3,A50,083646,Miranda; Gregory Joseph,22,0,50,28
1656699954865,CSE 8A,A50,083650,Miranda; Gregory Joseph,16,1,56,40
1656699960894,CSE 11,A01,083080,Cao; Yingjun,2,17,40,38
1656699966936,CSE 12,A01,083652,Krause-Levy; Sophia Louisa,19,1,120,101
1656699972959,CSE 15L,A01,083654,Morris; Justin Loren,8,0,50,42
1656699972959,CSE 15L,A02,083655,Morris; Justin Loren,8,0,50,42
1656699978983,CSE 20,A01,083657,Tran; Khoa Dang,35,0,80,45
1656699985013,CSE 21,A01,095574,Bach; Quang Tran,21,0,48,27
1656699991131,CSE 30,A01,083084,Eldon; John,5,0,80,75
1656699991131,CSE 30,B01,095061,Bhaskar; Nishant,3,0,50,47
1656699997158,CSE 100,A01,083659,Cao; Yingjun,1,6,70,69
1656700003186,CSE 134B,A01,083661,Powell; Thomas Allan,17,0,100,83
1656700009215,CSE 140,A01,083663,Gungor; Onat,14,0,85,71
1656700015249,CSE 140L,A01,083088,Eldon; John,16,0,100,84
1656700021276,CSE 175,A01,083665,Kumar; Rakesh,3,0,25,22
1656700027299,CSE 190,A00,092507,Dubnov; Shlomo,5,0,20,15
1656700033331,ECE 45,A01,083139,Congero; Spencer William,5,0,75,70
1656700039353,ECE 65,A50,083695,Saad; Andrew S,12,0,30,18
1656700039353,ECE 65,A51,095125,Saad; Andrew S,25,0,26,1
1656700045382,ECE 109,A01,091882,Touri; Behrouz,13,0,70,57
1656700051403,ECE 180,A00,083140,Abi Samra; Nicholas Camill,1,0,30,29
1656700051403,ECE 180,B00,083141,Abi Samra; Nicholas Camill,0,0,30,30
1656700057432,MATH 10A,A01,083735,Patchell; Gregory David,0,0,30,30
1656700057432,MATH 10A,A02,083736,Patchell; Gregory David,20,0,30,10
1656700057432,MATH 10A,A03,083737,Patchell; Gregory David,16,0,30,14
1656700063472,MATH 10B,A01,083207,Lim; Seonhee,7,0,34,27
1656700063472,MATH 10B,A02,083208,Lim; Seonhee,9,0,35,26
1656700063472,MATH 10B,A03,093472,Lim; Seonhee,3,0,34,31
1656700063472,MATH 10B,B01,083739,Sinha; Shubham,9,0,30,21
1656700069517,MATH 18,A01,083743,Cinel; Cameron Alexander,6,0,30,24
1656700069517,MATH 18,A02,083744,Cinel; Cameron Alexander,14,0,30,16
1656700069517,MATH 18,A03,083745,Cinel; Cameron Alexander,7,0,30,23
1656700069517,MATH 18,B01,083748,Rideout; David Porter,2,0,37,35
1656700069517,MATH 18,B02,083749,Rideout; David Porter,2,0,36,34
1656700069517,MATH 18,B03,083750,Rideout; David Porter,1,0,37,36
1656700069517,MATH 18,B04,083751,Rideout; David Porter,4,0,36,32
1656700069517,MATH 18,B05,093473,Rideout; David Porter,4,0,36,32
1656700069517,MATH 18,B06,093474,Rideout; David Porter,4,0,36,32
1656700075544,MATH 20A,A01,083754,Zheng; Zequn,12,0,40,28
1656700081573,MATH 20B,A01,083756,Briones; Jor-el Thomas Caparas,1,1,36,35
1656700081573,MATH 20B,A02,083757,Briones; Jor-el Thomas Caparas,0,0,36,36
1656700081573,MATH 20B,A03,093475,Briones; Jor-el Thomas Caparas,2,0,36,34
1656700087595,MATH 20C,A01,083760,Briones; Jor-el Thomas Caparas,0,0,35,35
1656700087595,MATH 20C,A02,083761,Briones; Jor-el Thomas Caparas,8,0,35,27
1656700087595,MATH 20C,A03,093476,Briones; Jor-el Thomas Caparas,0,1,36,36
1656700087595,MATH 20C,B01,083762,Bach; Quang Tran,0,0,30,30
1656700093618,MATH 20D,A01,083765,Tran; Brian Kha,4,0,30,26
1656700093618,MATH 20D,A02,083766,Tran; Brian Kha,4,0,30,26
1656700093618,MATH 20D,A03,083767,Tran; Brian Kha,1,0,30,29
1656700099646,MATH 20E,A01,083771,Ganguly; Soumya,4,0,32,28
1656700099646,MATH 20E,A02,083772,Ganguly; Soumya,3,0,32,29
1656700099646,MATH 20E,B01,083773,Ciotti; Benjamin,18,0,35,17
1656700099646,MATH 20E,B02,083774,Ciotti; Benjamin,18,0,35,17
1656700105669,MATH 103A,A01,083777,Greenfeld; Be'Eri,2,0,36,34
1656700105669,MATH 103A,A02,083778,Greenfeld; Be'Eri,5,0,36,31
1656700105669,MATH 103A,A03,093561,Greenfeld; Be'Eri,4,0,36,32
1656700105669,MATH 103A,B01,083779,Greenfeld; Be'Eri,6,0,36,30
1656700105669,MATH 103A,B02,083780,Greenfeld; Be'Eri,2,0,36,34
1656700105669,MATH 103A,B03,093562,Greenfeld; Be'Eri,2,0,36,34
1656700111694,MATH 105,A01,085443,Carter; Anne Toulson,13,0,35,22
1656700111694,MATH 105,A02,093477,Carter; Anne Toulson,20,0,35,15
1656700117737,MATH 109,A01,083213,Ganzberger; Geoffrey Michael,0,0,34,34
1656700117737,MATH 109,A02,083214,Ganzberger; Geoffrey Michael,1,0,34,33
1656700117737,MATH 109,A03,093478,Ganzberger; Geoffrey Michael,2,0,34,32
1656700117737,MATH 109,B01,083215,Ganzberger; Geoffrey Michael,1,0,32,31
1656700117737,MATH 109,B02,083216,Ganzberger; Geoffrey Michael,2,0,32,30
1656700117737,MATH 109,B03,093479,Ganzberger; Geoffrey Michael,7,0,32,25
1656700123766,MATH 142A,A01,083219,Chow; Bennett,4,0,32,28
1656700123766,MATH 142A,A02,083220,Chow; Bennett,9,0,32,23
1656700123766,MATH 142A,A03,093480,Chow; Bennett,6,0,32,26
1656700123766,MATH 142A,B03,093481,Chow; Bennett,5,0,32,27
1656700123766,MATH 142A,B04,093558,Chow; Bennett,10,0,32,22
1656700123766,MATH 142A,B05,093559,Chow; Bennett,4,0,32,28
1656700129790,MATH 193A,A01,083224,Rotar; Vladimir,3,0,34,31
1656700129790,MATH 193A,A02,083225,Rotar; Vladimir,2,0,34,32
1656700129790,MATH 193A,A03,083781,Rotar; Vladimir,1,0,34,33
1656700129790,MATH 193A,A04,083782,Rotar; Vladimir,4,0,34,30
1656700129790,MATH 193A,A05,093482,Rotar; Vladimir,5,0,34,29
1656700135813,MATH 197,001,091859,McAuley; Julian John,9999,0,9999,0
1656700135813,MATH 197,002,095566,Kedlaya; Kiran S.,9997,0,9999,2
1656700135813,MATH 197,003,095567,Xiao; Ming,9999,0,9999,0
1656700135813,MATH 197,004,095571,Perols; Johan Lars,9998,0,9999,1
1656700142878,COGS 9,A01,083615,Shannon; Kyle Michael,5,0,75,70
1656700148901,COGS 11,A01,083617,Boyle; Mary E. T.,17,0,48,31
1656700154929,COGS 13,A01,083071,Bastos; Amalia Pinkusfeld,6,0,71,65
1656700160966,COGS 14A,A01,092681,Semenuks; Arturs,0,2,100,101
1656700166989,COGS 14B,A01,083073,Cheng; Tzu-Han,3,0,63,60
1656700173020,COGS 17,A01,092677,Semenuks; Arturs,4,0,81,77
1656700179054,COGS 100,A01,083619,Allen; Michael Gordon,13,0,70,57
1656700185079,COGS 101A,A01,083621,Davis; Joshua Daniel,9,0,68,59
1656700191105,COGS 101B,A01,091572,Allen; Michael Gordon,3,0,65,62
1656700197140,COGS 101C,A01,083625,Delgado; Tania,17,0,35,18
1656700203180,COGS 107A,A01,083627,Boyle; Mary E. T.,11,0,60,49
1656700209205,COGS 118A,A01,083075,Gupta; Anjum,13,0,76,63
1656700215230,CSE 3,A50,083646,Miranda; Gregory Joseph,22,0,50,28
1656700221259,CSE 8A,A50,083650,Miranda; Gregory Joseph,16,1,56,40
1656700227297,CSE 11,A01,083080,Cao; Yingjun,2,17,40,38
1656700233319,CSE 12,A01,083652,Krause-Levy; Sophia Louisa,19,1,120,101
1656700239345,CSE 15L,A01,083654,Morris; Justin Loren,8,0,50,42
1656700239345,CSE 15L,A02,083655,Morris; Justin Loren,8,0,50,42
1656700245373,CSE 20,A01,083657,Tran; Khoa Dang,35,0,80,45
1656700251411,CSE 21,A01,095574,Bach; Quang Tran,21,0,48,27
1656700257480,CSE 30,A01,083084,Eldon; John,5,0,80,75
1656700257480,CSE 30,B01,095061,Bhaskar; Nishant,3,0,50,47
1656700263508,CSE 100,A01,083659,Cao; Yingjun,1,6,70,69
1656700269532,CSE 134B,A01,083661,Powell; Thomas Allan,17,0,100,83
1656700275558,CSE 140,A01,083663,Gungor; Onat,14,0,85,71
1656700281585,CSE 140L,A01,083088,Eldon; John,16,0,100,84
1656700287615,CSE 175,A01,083665,Kumar; Rakesh,3,0,25,22
1656700293644,CSE 190,A00,092507,Dubnov; Shlomo,5,0,20,15
1656700299672,ECE 45,A01,083139,Congero; Spencer William,5,0,75,70
1656700305699,ECE 65,A50,083695,Saad; Andrew S,12,0,30,18
1656700305699,ECE 65,A51,095125,Saad; Andrew S,25,0,26,1
1656700311727,ECE 109,A01,091882,Touri; Behrouz,13,0,70,57
1656700317751,ECE 180,A00,083140,Abi Samra; Nicholas Camill,1,0,30,29
1656700317751,ECE 180,B00,083141,Abi Samra; Nicholas Camill,0,0,30,30
1656700323789,MATH 10A,A01,083735,Patchell; Gregory David,0,0,30,30
1656700323789,MATH 10A,A02,083736,Patchell; Gregory David,20,0,30,10
1656700323789,MATH 10A,A03,083737,Patchell; Gregory David,16,0,30,14
1656700329818,MATH 10B,A01,083207,Lim; Seonhee,7,0,34,27
1656700329818,MATH 10B,A02,083208,Lim; Seonhee,9,0,35,26
1656700329818,MATH 10B,A03,093472,Lim; Seonhee,3,0,34,31
1656700329818,MATH 10B,B01,083739,Sinha; Shubham,9,0,30,21
1656700335852,MATH 18,A01,083743,Cinel; Cameron Alexander,6,0,30,24
1656700335852,MATH 18,A02,083744,Cinel; Cameron Alexander,14,0,30,16
1656700335852,MATH 18,A03,083745,Cinel; Cameron Alexander,7,0,30,23
1656700335852,MATH 18,B01,083748,Rideout; David Porter,2,0,37,35
1656700335852,MATH 18,B02,083749,Rideout; David Porter,2,0,36,34
1656700335852,MATH 18,B03,083750,Rideout; David Porter,1,0,37,36
1656700335852,MATH 18,B04,083751,Rideout; David Porter,4,0,36,32
1656700335852,MATH 18,B05,093473,Rideout; David Porter,4,0,36,32
1656700335852,MATH 18,B06,093474,Rideout; David Porter,4,0,36,32
1656700341875,MATH 20A,A01,083754,Zheng; Zequn,12,0,40,28
1656700347897,MATH 20B,A01,083756,Briones; Jor-el Thomas Caparas,1,1,36,35
1656700347897,MATH 20B,A02,083757,Briones; Jor-el Thomas Caparas,0,0,36,36
1656700347897,MATH 20B,A03,093475,Briones; Jor-el Thomas Caparas,2,0,36,34
1656700353926,MATH 20C,A01,083760,Briones; Jor-el Thomas Caparas,0,0,35,35
1656700353926,MATH 20C,A02,083761,Briones; Jor-el Thomas Caparas,8,0,35,27
1656700353926,MATH 20C,A03,093476,Briones; Jor-el Thomas Caparas,0,1,36,36
1656700353926,MATH 20C,B01,083762,Bach; Quang Tran,0,0,30,30
1656700359949,MATH 20D,A01,083765,Tran; Brian Kha,4,0,30,26
1656700359949,MATH 20D,A02,083766,Tran; Brian Kha,4,0,30,26
1656700359949,MATH 20D,A03,083767,Tran; Brian Kha,1,0,30,29
1656700365975,MATH 20E,A01,083771,Ganguly; Soumya,4,0,32,28
1656700365975,MATH 20E,A02,083772,Ganguly; Soumya,3,0,32,29
1656700365975,MATH 20E,B01,083773,Ciotti; Benjamin,18,0,35,17
1656700365975,MATH 20E,B02,083774,Ciotti; Benjamin,18,0,35,17
1656700372000,MATH 103A,A01,083777,Greenfeld; Be'Eri,2,0,36,34
1656700372000,MATH 103A,A02,083778,Greenfeld; Be'Eri,5,0,36,31
1656700372000,MATH 103A,A03,093561,Greenfeld; Be'Eri,4,0,36,32
1656700372000,MATH 103A,B01,083779,Greenfeld; Be'Eri,6,0,36,30
1656700372000,MATH 103A,B02,083780,Greenfeld; Be'Eri,2,0,36,34
1656700372000,MATH 103A,B03,093562,Greenfeld; Be'Eri,2,0,36,34
1656700378027,MATH 105,A01,085443,Carter; Anne Toulson,13,0,35,22
1656700378027,MATH 105,A02,093477,Carter; Anne Toulson,20,0,35,15
1656700384056,MATH 109,A01,083213,Ganzberger; Geoffrey Michael,0,0,34,34
1656700384056,MATH 109,A02,083214,Ganzberger; Geoffrey Michael,1,0,34,33
1656700384056,MATH 109,A03,093478,Ganzberger; Geoffrey Michael,2,0,34,32
1656700384056,MATH 109,B01,083215,Ganzberger; Geoffrey Michael,1,0,32,31
1656700384056,MATH 109,B02,083216,Ganzberger; Geoffrey Michael,2,0,32,30
1656700384056,MATH 109,B03,093479,Ganzberger; Geoffrey Michael,7,0,32,25
1656700390085,MATH 142A,A01,083219,Chow; Bennett,4,0,32,28
1656700390085,MATH 142A,A02,083220,Chow; Bennett,9,0,32,23
1656700390085,MATH 142A,A03,093480,Chow; Bennett,6,0,32,26
1656700390085,MATH 142A,B03,093481,Chow; Bennett,5,0,32,27
1656700390085,MATH 142A,B04,093558,Chow; Bennett,10,0,32,22
1656700390085,MATH 142A,B05,093559,Chow; Bennett,4,0,32,28
1656700396114,MATH 193A,A01,083224,Rotar; Vladimir,3,0,34,31
1656700396114,MATH 193A,A02,083225,Rotar; Vladimir,2,0,34,32
1656700396114,MATH 193A,A03,083781,Rotar; Vladimir,1,0,34,33
1656700396114,MATH 193A,A04,083782,Rotar; Vladimir,4,0,34,30
1656700396114,MATH 193A,A05,093482,Rotar; Vladimir,5,0,34,29
1656700402140,MATH 197,001,091859,McAuley; Julian John,9999,0,9999,0
1656700402140,MATH 197,002,095566,Kedlaya; Kiran S.,9997,0,9999,2
1656700402140,MATH 197,003,095567,Xiao; Ming,9999,0,9999,0
1656700402140,MATH 197,004,095571,Perols; Johan Lars,9998,0,9999,1
1656700409208,COGS 9,A01,083615,Shannon; Kyle Michael,5,0,75,70
1656700415236,COGS 11,A01,083617,Boyle; Mary E. T.,17,0,48,31
1656700421264,COGS 13,A01,083071,Bastos; Amalia Pinkusfeld,6,0,71,65
1656700427291,COGS 14A,A01,092681,Semenuks; Arturs,0,2,100,101
1656700433314,COGS 14B,A01,083073,Cheng; Tzu-Han,3,0,63,60
1656700439347,COGS 17,A01,092677,Semenuks; Arturs,4,0,81,77
1656700445374,COGS 100,A01,083619,Allen; Michael Gordon,13,0,70,57
1656700451408,COGS 101A,A01,083621,Davis; Joshua Daniel,9,0,68,59
1656700457431,COGS 101B,A01,091572,Allen; Michael Gordon,3,0,65,62
1656700463454,COGS 101C,A01,083625,Delgado; Tania,17,0,35,18
1656700469477,COGS 107A,A01,083627,Boyle; Mary E. T.,11,0,60,49
1656700475506,COGS 118A,A01,083075,Gupta; Anjum,13,0,76,63
1656700481533,CSE 3,A50,083646,Miranda; Gregory Joseph,22,0,50,28
1656700487559,CSE 8A,A50,083650,Miranda; Gregory Joseph,16,1,56,40
1656700493583,CSE 11,A01,083080,Cao; Yingjun,2,17,40,38
1656700499617,CSE 12,A01,083652,Krause-Levy; Sophia Louisa,19,1,120,101
1656700505645,CSE 15L,A01,083654,Morris; Justin Loren,8,0,50,42
1656700505645,CSE 15L,A02,083655,Morris; Justin Loren,8,0,50,42
1656700511673,CSE 20,A01,083657,Tran; Khoa Dang,35,0,80,45
1656700517711,CSE 21,A01,095574,Bach; Quang Tran,21,0,48,27
1656700523744,CSE 30,A01,083084,Eldon; John,5,0,80,75
1656700523744,CSE 30,B01,095061,Bhaskar; Nishant,3,0,50,47
1656700529766,CSE 100,A01,083659,Cao; Yingjun,1,6,70,69
1656700535796,CSE 134B,A01,083661,Powell; Thomas Allan,17,0,100,83
1656700541819,CSE 140,A01,083663,Gungor; Onat,14,0,85,71
1656700547841,CSE 140L,A01,083088,Eldon; John,16,0,100,84
1656700553863,CSE 175,A01,083665,Kumar; Rakesh,3,0,25,22
1656700559889,CSE 190,A00,092507,Dubnov; Shlomo,5,0,20,15
1656700565916,ECE 45,A01,083139,Congero; Spencer William,5,0,75,70
1656700571939,ECE 65,A50,083695,Saad; Andrew S,12,0,30,18
1656700571939,ECE 65,A51,095125,Saad; Andrew S,25,0,26,1
1656700577965,ECE 109,A01,091882,Touri; Behrouz,13,0,70,57
1656700583990,ECE 180,A00,083140,Abi Samra; Nicholas Camill,1,0,30,29
1656700583990,ECE 180,B00,083141,Abi Samra; Nicholas Camill,0,0,30,30
1656700590127,MATH 10A,A01,083735,Patchell; Gregory David,0,0,30,30
1656700590127,MATH 10A,A02,083736,Patchell; Gregory David,20,0,30,10
1656700590127,MATH 10A,A03,083737,Patchell; Gregory David,16,0,30,14
1656700596151,MATH 10B,A01,083207,Lim; Seonhee,7,0,34,27
1656700596151,MATH 10B,A02,083208,Lim; Seonhee,9,0,35,26
1656700596151,MATH 10B,A03,093472,Lim; Seonhee,3,0,34,31
1656700596151,MATH 10B,B01,083739,Sinha; Shubham,9,0,30,21
1656700602175,MATH 18,A01,083743,Cinel; Cameron Alexander,6,0,30,24
1656700602175,MATH 18,A02,083744,Cinel; Cameron Alexander,14,0,30,16
1656700602175,MATH 18,A03,083745,Cinel; Cameron Alexander,7,0,30,23
1656700602175,MATH 18,B01,083748,Rideout; David Porter,2,0,37,35
1656700602175,MATH 18,B02,083749,Rideout; David Porter,2,0,36,34
1656700602175,MATH 18,B03,083750,Rideout; David Porter,1,0,37,36
1656700602175,MATH 18,B04,083751,Rideout; David Porter,4,0,36,32
1656700602175,MATH 18,B05,093473,Rideout; David Porter,4,0,36,32
1656700602175,MATH 18,B06,093474,Rideout; David Porter,4,0,36,32
1656700608199,MATH 20A,A01,083754,Zheng; Zequn,12,0,40,28
1656700614232,MATH 20B,A01,083756,Briones; Jor-el Thomas Caparas,1,1,36,35
1656700614232,MATH 20B,A02,083757,Briones; Jor-el Thomas Caparas,0,0,36,36
1656700614232,MATH 20B,A03,093475,Briones; Jor-el Thomas Caparas,2,0,36,34
1656700620257,MATH 20C,A01,083760,Briones; Jor-el Thomas Caparas,0,0,35,35
1656700620257,MATH 20C,A02,083761,Briones; Jor-el Thomas Caparas,8,0,35,27
1656700620257,MATH 20C,A03,093476,Briones; Jor-el Thomas Caparas,0,1,36,36
1656700620257,MATH 20C,B01,083762,Bach; Quang Tran,0,0,30,30
1656700626284,MATH 20D,A01,083765,Tran; Brian Kha,4,0,30,26
1656700626284,MATH 20D,A02,083766,Tran; Brian Kha,4,0,30,26
1656700626284,MATH 20D,A03,083767,Tran; Brian Kha,1,0,30,29
1656700632307,MATH 20E,A01,083771,Ganguly; Soumya,4,0,32,28
1656700632307,MATH 20E,A02,083772,Ganguly; Soumya,3,0,32,29
1656700632307,MATH 20E,B01,083773,Ciotti; Benjamin,18,0,35,17
1656700632307,MATH 20E,B02,083774,Ciotti; Benjamin,18,0,35,17
1656700638328,MATH 103A,A01,083777,Greenfeld; Be'Eri,2,0,36,34
1656700638328,MATH 103A,A02,083778,Greenfeld; Be'Eri,5,0,36,31
1656700638328,MATH 103A,A03,093561,Greenfeld; Be'Eri,4,0,36,32
1656700638328,MATH 103A,B01,083779,Greenfeld; Be'Eri,6,0,36,30
1656700638328,MATH 103A,B02,083780,Greenfeld; Be'Eri,2,0,36,34
1656700638328,MATH 103A,B03,093562,Greenfeld; Be'Eri,2,0,36,34
1656700644357,MATH 105,A01,085443,Carter; Anne Toulson,13,0,35,22
1656700644357,MATH 105,A02,093477,Carter; Anne Toulson,20,0,35,15
1656700650392,MATH 109,A01,083213,Ganzberger; Geoffrey Michael,0,0,34,34
1656700650392,MATH 109,A02,083214,Ganzberger; Geoffrey Michael,1,0,34,33
1656700650392,MATH 109,A03,093478,Ganzberger; Geoffrey Michael,2,0,34,32
1656700650392,MATH 109,B01,083215,Ganzberger; Geoffrey Michael,1,0,32,31
1656700650392,MATH 109,B02,083216,Ganzberger; Geoffrey Michael,2,0,32,30
1656700650392,MATH 109,B03,093479,Ganzberger; Geoffrey Michael,7,0,32,25
1656700656416,MATH 142A,A01,083219,Chow; Bennett,4,0,32,28
1656700656416,MATH 142A,A02,083220,Chow; Bennett,9,0,32,23
1656700656416,MATH 142A,A03,093480,Chow; Bennett,6,0,32,26
1656700656416,MATH 142A,B03,093481,Chow; Bennett,5,0,32,27
1656700656416,MATH 142A,B04,093558,Chow; Bennett,10,0,32,22
1656700656416,MATH 142A,B05,093559,Chow; Bennett,4,0,32,28
1656700662449,MATH 193A,A01,083224,Rotar; Vladimir,3,0,34,31
1656700662449,MATH 193A,A02,083225,Rotar; Vladimir,2,0,34,32
1656700662449,MATH 193A,A03,083781,Rotar; Vladimir,1,0,34,33
1656700662449,MATH 193A,A04,083782,Rotar; Vladimir,4,0,34,30
1656700662449,MATH 193A,A05,093482,Rotar; Vladimir,5,0,34,29
1656700668475,MATH 197,001,091859,McAuley; Julian John,9999,0,9999,0
1656700668475,MATH 197,002,095566,Kedlaya; Kiran S.,9997,0,9999,2
1656700668475,MATH 197,003,095567,Xiao; Ming,9999,0,9999,0
1656700668475,MATH 197,004,095571,Perols; Johan Lars,9998,0,9999,1
1656700675533,COGS 9,A01,083615,Shannon; Kyle Michael,5,0,75,70
1656700681567,COGS 11,A01,083617,Boyle; Mary E. T.,17,0,48,31
1656700687593,COGS 13,A01,083071,Bastos; Amalia Pinkusfeld,6,0,71,65
1656700693615,COGS 14A,A01,092681,Semenuks; Arturs,0,2,100,101
1656700699641,COGS 14B,A01,083073,Cheng; Tzu-Han,3,0,63,60
1656700705664,COGS 17,A01,092677,Semenuks; Arturs,4,0,81,77
1656700711691,COGS 100,A01,083619,Allen; Michael Gordon,13,0,70,57
1656700717718,COGS 101A,A01,083621,Davis; Joshua Daniel,9,0,68,59
1656700723740,COGS 101B,A01,091572,Allen; Michael Gordon,3,0,65,62
1656700729767,COGS 101C,A01,083625,Delgado; Tania,17,0,35,18
1656700735795,COGS 107A,A01,083627,Boyle; Mary E. T.,11,0,60,49
1656700741818,COGS 118A,A01,083075,Gupta; Anjum,13,0,76,63
1656700747849,CSE 3,A50,083646,Miranda; Gregory Joseph,22,0,50,28
1656700753879,CSE 8A,A50,083650,Miranda; Gregory Joseph,16,1,56,40
1656700759902,CSE 11,A01,083080,Cao; Yingjun,2,17,40,38
1656700765939,CSE 12,A01,083652,Krause-Levy; Sophia Louisa,19,1,120,101
1656700771963,CSE 15L,A01,083654,Morris; Justin Loren,8,0,50,42
1656700771963,CSE 15L,A02,083655,Morris; Justin Loren,8,0,50,42
1656700777993,CSE 20,A01,083657,Tran; Khoa Dang,36,0,80,44
1656700784020,CSE 21,A01,095574,Bach; Quang Tran,21,0,48,27
1656700790047,CSE 30,A01,083084,Eldon; John,5,0,80,75
1656700790047,CSE 30,B01,095061,Bhaskar; Nishant,3,0,50,47
1656700796082,CSE 100,A01,083659,Cao; Yingjun,1,6,70,69
1656700802112,CSE 134B,A01,083661,Powell; Thomas Allan,17,0,100,83
1656700808136,CSE 140,A01,083663,Gungor; Onat,14,0,85,71
1656700814164,CSE 140L,A01,083088,Eldon; John,16,0,100,84
1656700820187,CSE 175,A01,083665,Kumar; Rakesh,3,0,25,22
1656700826213,CSE 190,A00,092507,Dubnov; Shlomo,5,0,20,15
1656700832272,ECE 45,A01,083139,Congero; Spencer William,5,0,75,70
1656700838296,ECE 65,A50,083695,Saad; Andrew S,12,0,30,18
1656700838296,ECE 65,A51,095125,Saad; Andrew S,25,0,26,1
1656700844319,ECE 109,A01,091882,Touri; Behrouz,13,0,70,57
1656700850345,ECE 180,A00,083140,Abi Samra; Nicholas Camill,1,0,30,29
1656700850345,ECE 180,B00,083141,Abi Samra; Nicholas Camill,0,0,30,30
1656700856372,MATH 10A,A01,083735,Patchell; Gregory David,0,0,30,30
1656700856372,MATH 10A,A02,083736,Patchell; Gregory David,20,0,30,10
1656700856372,MATH 10A,A03,083737,Patchell; Gregory David,16,0,30,14
1656700862410,MATH 10B,A01,083207,Lim; Seonhee,7,0,34,27
1656700862410,MATH 10B,A02,083208,Lim; Seonhee,9,0,35,26
1656700862410,MATH 10B,A03,093472,Lim; Seonhee,3,0,34,31
1656700862410,MATH 10B,B01,083739,Sinha; Shubham,9,0,30,21
1656700868435,MATH 18,A01,083743,Cinel; Cameron Alexander,6,0,30,24
1656700868435,MATH 18,A02,083744,Cinel; Cameron Alexander,14,0,30,16
1656700868435,MATH 18,A03,083745,Cinel; Cameron Alexander,7,0,30,23
1656700868435,MATH 18,B01,083748,Rideout; David Porter,2,0,37,35
1656700868435,MATH 18,B02,083749,Rideout; David Porter,2,0,36,34
1656700868435,MATH 18,B03,083750,Rideout; David Porter,1,0,37,36
1656700868435,MATH 18,B04,083751,Rideout; David Porter,4,0,36,32
1656700868435,MATH 18,B05,093473,Rideout; David Porter,4,0,36,32
1656700868435,MATH 18,B06,093474,Rideout; David Porter,4,0,36,32
1656700874459,MATH 20A,A01,083754,Zheng; Zequn,12,0,40,28
1656700880482,MATH 20B,A01,083756,Briones; Jor-el Thomas Caparas,1,1,36,35
1656700880482,MATH 20B,A02,083757,Briones; Jor-el Thomas Caparas,0,0,36,36
1656700880482,MATH 20B,A03,093475,Briones; Jor-el Thomas Caparas,2,0,36,34
1656700886505,MATH 20C,A01,083760,Briones; Jor-el Thomas Caparas,0,0,35,35
1656700886505,MATH 20C,A02,083761,Briones; Jor-el Thomas Caparas,8,0,35,27
1656700886505,MATH 20C,A03,093476,Briones; Jor-el Thomas Caparas,0,1,36,36
1656700886505,MATH 20C,B01,083762,Bach; Quang Tran,0,0,30,30
1656700892528,MATH 20D,A01,083765,Tran; Brian Kha,4,0,30,26
1656700892528,MATH 20D,A02,083766,Tran; Brian Kha,4,0,30,26
1656700892528,MATH 20D,A03,083767,Tran; Brian Kha,1,0,30,29
1656700898552,MATH 20E,A01,083771,Ganguly; Soumya,4,0,32,28
1656700898552,MATH 20E,A02,083772,Ganguly; Soumya,3,0,32,29
1656700898552,MATH 20E,B01,083773,Ciotti; Benjamin,18,0,35,17
1656700898552,MATH 20E,B02,083774,Ciotti; Benjamin,18,0,35,17
1656700904577,MATH 103A,A01,083777,Greenfeld; Be'Eri,2,0,36,34
1656700904577,MATH 103A,A02,083778,Greenfeld; Be'Eri,5,0,36,31
1656700904577,MATH 103A,A03,093561,Greenfeld; Be'Eri,4,0,36,32
1656700904577,MATH 103A,B01,083779,Greenfeld; Be'Eri,6,0,36,30
1656700904577,MATH 103A,B02,083780,Greenfeld; Be'Eri,2,0,36,34
1656700904577,MATH 103A,B03,093562,Greenfeld; Be'Eri,2,0,36,34
1656700910614,MATH 105,A01,085443,Carter; Anne Toulson,13,0,35,22
1656700910614,MATH 105,A02,093477,Carter; Anne Toulson,20,0,35,15
1656700916648,MATH 109,A01,083213,Ganzberger; Geoffrey Michael,0,0,34,34
1656700916648,MATH 109,A02,083214,Ganzberger; Geoffrey Michael,1,0,34,33
1656700916648,MATH 109,A03,093478,Ganzberger; Geoffrey Michael,2,0,34,32
1656700916648,MATH 109,B01,083215,Ganzberger; Geoffrey Michael,1,0,32,31
1656700916648,MATH 109,B02,083216,Ganzberger; Geoffrey Michael,2,0,32,30
1656700916648,MATH 109,B03,093479,Ganzberger; Geoffrey Michael,7,0,32,25
1656700922690,MATH 142A,A01,083219,Chow; Bennett,4,0,32,28
1656700922690,MATH 142A,A02,083220,Chow; Bennett,9,0,32,23
1656700922690,MATH 142A,A03,093480,Chow; Bennett,6,0,32,26
1656700922690,MATH 142A,B03,093481,Chow; Bennett,5,0,32,27
1656700922690,MATH 142A,B04,093558,Chow; Bennett,10,0,32,22
1656700922690,MATH 142A,B05,093559,Chow; Bennett,4,0,32,28
1656700928716,MATH 193A,A01,083224,Rotar; Vladimir,3,0,34,31
1656700928716,MATH 193A,A02,083225,Rotar; Vladimir,2,0,34,32
1656700928716,MATH 193A,A03,083781,Rotar; Vladimir,1,0,34,33
1656700928716,MATH 193A,A04,083782,Rotar; Vladimir,4,0,34,30
1656700928716,MATH 193A,A05,093482,Rotar; Vladimir,5,0,34,29
1656700934740,MATH 197,001,091859,McAuley; Julian John,9999,0,9999,0
1656700934740,MATH 197,002,095566,Kedlaya; Kiran S.,9997,0,9999,2
1656700934740,MATH 197,003,095567,Xiao; Ming,9999,0,9999,0
1656700934740,MATH 197,004,095571,Perols; Johan Lars,9998,0,9999,1
1656700941797,COGS 9,A01,083615,Shannon; Kyle Michael,5,0,75,70
1656700947820,COGS 11,A01,083617,Boyle; Mary E. T.,17,0,48,31
1656700953861,COGS 13,A01,083071,Bastos; Amalia Pinkusfeld,6,0,71,65
1656700959884,COGS 14A,A01,092681,Semenuks; Arturs,0,2,100,101
1656700965909,COGS 14B,A01,083073,Cheng; Tzu-Han,3,0,63,60
1656700971932,COGS 17,A01,092677,Semenuks; Arturs,4,0,81,77
1656700977957,COGS 100,A01,083619,Allen; Michael Gordon,13,0,70,57
1656700983980,COGS 101A,A01,083621,Davis; Joshua Daniel,9,0,68,59
1656700990006,COGS 101B,A01,091572,Allen; Michael Gordon,3,0,65,62
1656700996043,COGS 101C,A01,083625,Delgado; Tania,17,0,35,18
1656701002075,COGS 107A,A01,083627,Boyle; Mary E. T.,11,0,60,49
1656701008102,COGS 118A,A01,083075,Gupta; Anjum,13,0,76,63
1656701014130,CSE 3,A50,083646,Miranda; Gregory Joseph,22,0,50,28
1656701020159,CSE 8A,A50,083650,Miranda; Gregory Joseph,16,1,56,40
1656701026187,CSE 11,A01,083080,Cao; Yingjun,2,17,40,38
1656701032215,CSE 12,A01,083652,Krause-Levy; Sophia Louisa,19,1,120,101
1656701038238,CSE 15L,A01,083654,Morris; Justin Loren,8,0,50,42
1656701038238,CSE 15L,A02,083655,Morris; Justin Loren,8,0,50,42
1656701044264,CSE 20,A01,083657,Tran; Khoa Dang,36,0,80,44
1656701050294,CSE 21,A01,095574,Bach; Quang Tran,21,0,48,27
1656701056318,CSE 30,A01,083084,Eldon; John,5,0,80,75
1656701056318,CSE 30,B01,095061,Bhaskar; Nishant,3,0,50,47
1656701062340,CSE 100,A01,083659,Cao; Yingjun,1,6,70,69
1656701068364,CSE 134B,A01,083661,Powell; Thomas Allan,17,0,100,83
1656701074393,CSE 140,A01,083663,Gungor; Onat,14,0,85,71
1656701080417,CSE 140L,A01,083088,Eldon; John,16,0,100,84
1656701086439,CSE 175,A01,083665,Kumar; Rakesh,3,0,25,22
1656701092464,CSE 190,A00,092507,Dubnov; Shlomo,5,0,20,15
1656701098488,ECE 45,A01,083139,Congero; Spencer William,5,0,75,70
1656701104519,ECE 65,A50,083695,Saad; Andrew S,12,0,30,18
1656701104519,ECE 65,A51,095125,Saad; Andrew S,25,0,26,1
1656701110543,ECE 109,A01,091882,Touri; Behrouz,13,0,70,57
1656701116565,ECE 180,A00,083140,Abi Samra; Nicholas Camill,1,0,30,29
1656701116565,ECE 180,B00,083141,Abi Samra; Nicholas Camill,0,0,30,30
1656701122588,MATH 10A,A01,083735,Patchell; Gregory David,0,0,30,30
1656701122588,MATH 10A,A02,083736,Patchell; Gregory David,20,0,30,10
1656701122588,MATH 10A,A03,083737,Patchell; Gregory David,16,0,30,14
1656701128623,MATH 10B,A01,083207,Lim; Seonhee,7,0,34,27
1656701128623,MATH 10B,A02,083208,Lim; Seonhee,9,0,35,26
1656701128623,MATH 10B,A03,093472,Lim; Seonhee,3,0,34,31
1656701128623,MATH 10B,B01,083739,Sinha; Shubham,9,0,30,21
1656701134646,MATH 18,A01,083743,Cinel; Cameron Alexander,6,0,30,24
1656701134646,MATH 18,A02,083744,Cinel; Cameron Alexander,14,0,30,16
1656701134646,MATH 18,A03,083745,Cinel; Cameron Alexander,7,0,30,23
1656701134646,MATH 18,B01,083748,Rideout; David Porter,2,0,37,35
1656701134646,MATH 18,B02,083749,Rideout; David Porter,2,0,36,34
1656701134646,MATH 18,B03,083750,Rideout; David Porter,1,0,37,36
1656701134646,MATH 18,B04,083751,Rideout; David Porter,4,0,36,32
1656701134646,MATH 18,B05,093473,Rideout; David Porter,4,0,36,32
1656701134646,MATH 18,B06,093474,Rideout; David Porter,4,0,36,32
1656701140670,MATH 20A,A01,083754,Zheng; Zequn,12,0,40,28
1656701146698,MATH 20B,A01,083756,Briones; Jor-el Thomas Caparas,1,1,36,35
1656701146698,MATH 20B,A02,083757,Briones; Jor-el Thomas Caparas,0,0,36,36
1656701146698,MATH 20B,A03,093475,Briones; Jor-el Thomas Caparas,2,0,36,34
1656701152726,MATH 20C,A01,083760,Briones; Jor-el Thomas Caparas,0,0,35,35
1656701152726,MATH 20C,A02,083761,Briones; Jor-el Thomas Caparas,8,0,35,27
1656701152726,MATH 20C,A03,093476,Briones; Jor-el Thomas Caparas,0,1,36,36
1656701152726,MATH 20C,B01,083762,Bach; Quang Tran,0,0,30,30
1656701158755,MATH 20D,A01,083765,Tran; Brian Kha,4,0,30,26
1656701158755,MATH 20D,A02,083766,Tran; Brian Kha,4,0,30,26
1656701158755,MATH 20D,A03,083767,Tran; Brian Kha,1,0,30,29
1656701164787,MATH 20E,A01,083771,Ganguly; Soumya,4,0,32,28
1656701164787,MATH 20E,A02,083772,Ganguly; Soumya,3,0,32,29
1656701164787,MATH 20E,B01,083773,Ciotti; Benjamin,18,0,35,17
1656701164787,MATH 20E,B02,083774,Ciotti; Benjamin,18,0,35,17
1656701170822,MATH 103A,A01,083777,Greenfeld; Be'Eri,2,0,36,34
1656701170822,MATH 103A,A02,083778,Greenfeld; Be'Eri,5,0,36,31
1656701170822,MATH 103A,A03,093561,Greenfeld; Be'Eri,4,0,36,32
1656701170822,MATH 103A,B01,083779,Greenfeld; Be'Eri,6,0,36,30
1656701170822,MATH 103A,B02,083780,Greenfeld; Be'Eri,2,0,36,34
1656701170822,MATH 103A,B03,093562,Greenfeld; Be'Eri,2,0,36,34
1656701176850,MATH 105,A01,085443,Carter; Anne Toulson,13,0,35,22
1656701176850,MATH 105,A02,093477,Carter; Anne Toulson,20,0,35,15
1656701182879,MATH 109,A01,083213,Ganzberger; Geoffrey Michael,0,0,34,34
1656701182879,MATH 109,A02,083214,Ganzberger; Geoffrey Michael,1,0,34,33
1656701182879,MATH 109,A03,093478,Ganzberger; Geoffrey Michael,2,0,34,32
1656701182879,MATH 109,B01,083215,Ganzberger; Geoffrey Michael,1,0,32,31
1656701182879,MATH 109,B02,083216,Ganzberger; Geoffrey Michael,2,0,32,30
1656701182879,MATH 109,B03,093479,Ganzberger; Geoffrey Michael,7,0,32,25
1656701188983,MATH 142A,A01,083219,Chow; Bennett,4,0,32,28
1656701188983,MATH 142A,A02,083220,Chow; Bennett,9,0,32,23
1656701188983,MATH 142A,A03,093480,Chow; Bennett,6,0,32,26
1656701188983,MATH 142A,B03,093481,Chow; Bennett,5,0,32,27
1656701188983,MATH 142A,B04,093558,Chow; Bennett,10,0,32,22
1656701188983,MATH 142A,B05,093559,Chow; Bennett,4,0,32,28
1656701195011,MATH 193A,A01,083224,Rotar; Vladimir,3,0,34,31
1656701195011,MATH 193A,A02,083225,Rotar; Vladimir,2,0,34,32
1656701195011,MATH 193A,A03,083781,Rotar; Vladimir,1,0,34,33
1656701195011,MATH 193A,A04,083782,Rotar; Vladimir,4,0,34,30
1656701195011,MATH 193A,A05,093482,Rotar; Vladimir,5,0,34,29
1656701201045,MATH 197,001,091859,McAuley; Julian John,9999,0,9999,0
1656701201045,MATH 197,002,095566,Kedlaya; Kiran S.,9997,0,9999,2
1656701201045,MATH 197,003,095567,Xiao; Ming,9999,0,9999,0
1656701201045,MATH 197,004,095571,Perols; Johan Lars,9998,0,9999,1
1656701208104,COGS 9,A01,083615,Shannon; Kyle Michael,5,0,75,70
1656701214137,COGS 11,A01,083617,Boyle; Mary E. T.,17,0,48,31
1656701220172,COGS 13,A01,083071,Bastos; Amalia Pinkusfeld,6,0,71,65
1656701226194,COGS 14A,A01,092681,Semenuks; Arturs,0,2,100,101
1656701232219,COGS 14B,A01,083073,Cheng; Tzu-Han,3,0,63,60
1656701238245,COGS 17,A01,092677,Semenuks; Arturs,4,0,81,77
1656701244269,COGS 100,A01,083619,Allen; Michael Gordon,13,0,70,57
1656701250294,COGS 101A,A01,083621,Davis; Joshua Daniel,9,0,68,59
1656701256321,COGS 101B,A01,091572,Allen; Michael Gordon,3,0,65,62
1656701262345,COGS 101C,A01,083625,Delgado; Tania,17,0,35,18
1656701268370,COGS 107A,A01,083627,Boyle; Mary E. T.,11,0,60,49
1656701274401,COGS 118A,A01,083075,Gupta; Anjum,13,0,76,63
1656701280424,CSE 3,A50,083646,Miranda; Gregory Joseph,22,0,50,28
1656701286449,CSE 8A,A50,083650,Miranda; Gregory Joseph,16,1,56,40
1656701292493,CSE 11,A01,083080,Cao; Yingjun,2,17,40,38
1656701298527,CSE 12,A01,083652,Krause-Levy; Sophia Louisa,19,1,120,101
1656701304559,CSE 15L,A01,083654,Morris; Justin Loren,8,0,50,42
1656701304559,CSE 15L,A02,083655,Morris; Justin Loren,8,0,50,42
1656701310584,CSE 20,A01,083657,Tran; Khoa Dang,36,0,80,44
1656701316607,CSE 21,A01,095574,Bach; Quang Tran,21,0,48,27
1656701322631,CSE 30,A01,083084,Eldon; John,5,0,80,75
1656701322631,CSE 30,B01,095061,Bhaskar; Nishant,3,0,50,47
1656701329201,CSE 100,A01,083659,Cao; Yingjun,1,6,70,69
1656701335225,CSE 134B,A01,083661,Powell; Thomas Allan,17,0,100,83
1656701341249,CSE 140,A01,083663,Gungor; Onat,14,0,85,71
1656701347275,CSE 140L,A01,083088,Eldon; John,16,0,100,84
1656701353304,CSE 175,A01,083665,Kumar; Rakesh,3,0,25,22
1656701359334,CSE 190,A00,092507,Dubnov; Shlomo,5,0,20,15
1656701365356,ECE 45,A01,083139,Congero; Spencer William,5,0,75,70
1656701371386,ECE 65,A50,083695,Saad; Andrew S,12,0,30,18
1656701371386,ECE 65,A51,095125,Saad; Andrew S,25,0,26,1
1656701377413,ECE 109,A01,091882,Touri; Behrouz,13,0,70,57
1656701383439,ECE 180,A00,083140,Abi Samra; Nicholas Camill,1,0,30,29
1656701383439,ECE 180,B00,083141,Abi Samra; Nicholas Camill,0,0,30,30
1656701389466,MATH 10A,A01,083735,Patchell; Gregory David,0,0,30,30
1656701389466,MATH 10A,A02,083736,Patchell; Gregory David,20,0,30,10
1656701389466,MATH 10A,A03,083737,Patchell; Gregory David,16,0,30,14
1656701395502,MATH 10B,A01,083207,Lim; Seonhee,7,0,34,27
1656701395502,MATH 10B,A02,083208,Lim; Seonhee,9,0,35,26
1656701395502,MATH 10B,A03,093472,Lim; Seonhee,3,0,34,31
1656701395502,MATH 10B,B01,083739,Sinha; Shubham,9,0,30,21
1656701401527,MATH 18,A01,083743,Cinel; Cameron Alexander,6,0,30,24
1656701401527,MATH 18,A02,083744,Cinel; Cameron Alexander,14,0,30,16
1656701401527,MATH 18,A03,083745,Cinel; Cameron Alexander,7,0,30,23
1656701401527,MATH 18,B01,083748,Rideout; David Porter,2,0,37,35
1656701401527,MATH 18,B02,083749,Rideout; David Porter,2,0,36,34
1656701401527,MATH 18,B03,083750,Rideout; David Porter,1,0,37,36
1656701401527,MATH 18,B04,083751,Rideout; David Porter,4,0,36,32
1656701401527,MATH 18,B05,093473,Rideout; David Porter,4,0,36,32
1656701401527,MATH 18,B06,093474,Rideout; David Porter,4,0,36,32
1656701407553,MATH 20A,A01,083754,Zheng; Zequn,12,0,40,28
1656701413577,MATH 20B,A01,083756,Briones; Jor-el Thomas Caparas,1,1,36,35
1656701413577,MATH 20B,A02,083757,Briones; Jor-el Thomas Caparas,0,0,36,36
1656701413577,MATH 20B,A03,093475,Briones; Jor-el Thomas Caparas,2,0,36,34
1656701419606,MATH 20C,A01,083760,Briones; Jor-el Thomas Caparas,0,0,35,35
1656701419606,MATH 20C,A02,083761,Briones; Jor-el Thomas Caparas,8,0,35,27
1656701419606,MATH 20C,A03,093476,Briones; Jor-el Thomas Caparas,0,1,36,36
1656701419606,MATH 20C,B01,083762,Bach; Quang Tran,0,0,30,30
1656701425630,MATH 20D,A01,083765,Tran; Brian Kha,4,0,30,26
1656701425630,MATH 20D,A02,083766,Tran; Brian Kha,4,0,30,26
1656701425630,MATH 20D,A03,083767,Tran; Brian Kha,1,0,30,29
1656701431662,MATH 20E,A01,083771,Ganguly; Soumya,4,0,32,28
1656701431662,MATH 20E,A02,083772,Ganguly; Soumya,3,0,32,29
1656701431662,MATH 20E,B01,083773,Ciotti; Benjamin,18,0,35,17
1656701431662,MATH 20E,B02,083774,Ciotti; Benjamin,18,0,35,17
1656701437690,MATH 103A,A01,083777,Greenfeld; Be'Eri,2,0,36,34
1656701437690,MATH 103A,A02,083778,Greenfeld; Be'Eri,5,0,36,31
1656701437690,MATH 103A,A03,093561,Greenfeld; Be'Eri,4,0,36,32
1656701437690,MATH 103A,B01,083779,Greenfeld; Be'Eri,6,0,36,30
1656701437690,MATH 103A,B02,083780,Greenfeld; Be'Eri,2,0,36,34
1656701437690,MATH 103A,B03,093562,Greenfeld; Be'Eri,2,0,36,34
1656701443714,MATH 105,A01,085443,Carter; Anne Toulson,13,0,35,22
1656701443714,MATH 105,A02,093477,Carter; Anne Toulson,20,0,35,15
1656701449737,MATH 109,A01,083213,Ganzberger; Geoffrey Michael,0,0,34,34
1656701449737,MATH 109,A02,083214,Ganzberger; Geoffrey Michael,1,0,34,33
1656701449737,MATH 109,A03,093478,Ganzberger; Geoffrey Michael,2,0,34,32
1656701449737,MATH 109,B01,083215,Ganzberger; Geoffrey Michael,1,0,32,31
1656701449737,MATH 109,B02,083216,Ganzberger; Geoffrey Michael,2,0,32,30
1656701449737,MATH 109,B03,093479,Ganzberger; Geoffrey Michael,7,0,32,25
1656701455759,MATH 142A,A01,083219,Chow; Bennett,4,0,32,28
1656701455759,MATH 142A,A02,083220,Chow; Bennett,9,0,32,23
1656701455759,MATH 142A,A03,093480,Chow; Bennett,6,0,32,26
1656701455759,MATH 142A,B03,093481,Chow; Bennett,5,0,32,27
1656701455759,MATH 142A,B04,093558,Chow; Bennett,10,0,32,22
1656701455759,MATH 142A,B05,093559,Chow; Bennett,4,0,32,28
1656701461782,MATH 193A,A01,083224,Rotar; Vladimir,3,0,34,31
1656701461782,MATH 193A,A02,083225,Rotar; Vladimir,2,0,34,32
1656701461782,MATH 193A,A03,083781,Rotar; Vladimir,1,0,34,33
1656701461782,MATH 193A,A04,083782,Rotar; Vladimir,4,0,34,30
1656701461782,MATH 193A,A05,093482,Rotar; Vladimir,5,0,34,29
1656701467804,MATH 197,001,091859,McAuley; Julian John,9999,0,9999,0
1656701467804,MATH 197,002,095566,Kedlaya; Kiran S.,9997,0,9999,2
1656701467804,MATH 197,003,095567,Xiao; Ming,9999,0,9999,0
1656701467804,MATH 197,004,095571,Perols; Johan Lars,9998,0,9999,1
1656701474866,COGS 9,A01,083615,Shannon; Kyle Michael,5,0,75,70
1656701480890,COGS 11,A01,083617,Boyle; Mary E. T.,17,0,48,31
1656701486914,COGS 13,A01,083071,Bastos; Amalia Pinkusfeld,6,0,71,65
1656701492942,COGS 14A,A01,092681,Semenuks; Arturs,0,2,100,101
1656701498975,COGS 14B,A01,083073,Cheng; Tzu-Han,3,0,63,60
1656701504999,COGS 17,A01,092677,Semenuks; Arturs,4,0,81,77
1656701511033,COGS 100,A01,083619,Allen; Michael Gordon,13,0,70,57
1656701517057,COGS 101A,A01,083621,Davis; Joshua Daniel,9,0,68,59
1656701523080,COGS 101B,A01,091572,Allen; Michael Gordon,3,0,65,62
1656701529107,COGS 101C,A01,083625,Delgado; Tania,17,0,35,18
1656701535133,COGS 107A,A01,083627,Boyle; Mary E. T.,11,0,60,49
1656701541161,COGS 118A,A01,083075,Gupta; Anjum,13,0,76,63
1656701547199,CSE 3,A50,083646,Miranda; Gregory Joseph,22,0,50,28
1656701553222,CSE 8A,A50,083650,Miranda; Gregory Joseph,16,1,56,40
1656701559253,CSE 11,A01,083080,Cao; Yingjun,2,17,40,38
1656701565279,CSE 12,A01,083652,Krause-Levy; Sophia Louisa,19,1,120,101
1656701571302,CSE 15L,A01,083654,Morris; Justin Loren,8,0,50,42
1656701571302,CSE 15L,A02,083655,Morris; Justin Loren,8,0,50,42
1656701577329,CSE 20,A01,083657,Tran; Khoa Dang,36,0,80,44
1656701583354,CSE 21,A01,095574,Bach; Quang Tran,21,0,48,27
1656701589381,CSE 30,A01,083084,Eldon; John,5,0,80,75
1656701589381,CSE 30,B01,095061,Bhaskar; Nishant,3,0,50,47
1656701595412,CSE 100,A01,083659,Cao; Yingjun,1,6,70,69
1656701601443,CSE 134B,A01,083661,Powell; Thomas Allan,17,0,100,83
1656701607466,CSE 140,A01,083663,Gungor; Onat,14,0,85,71
1656701613489,CSE 140L,A01,083088,Eldon; John,16,0,100,84
1656701619512,CSE 175,A01,083665,Kumar; Rakesh,3,0,25,22
1656701625534,CSE 190,A00,092507,Dubnov; Shlomo,5,0,20,15
1656701631562,ECE 45,A01,083139,Congero; Spencer William,5,0,75,70
1656701637584,ECE 65,A50,083695,Saad; Andrew S,12,0,30,18
1656701637584,ECE 65,A51,095125,Saad; Andrew S,25,0,26,1
1656701643615,ECE 109,A01,091882,Touri; Behrouz,13,0,70,57
1656701649639,ECE 180,A00,083140,Abi Samra; Nicholas Camill,1,0,30,29
1656701649639,ECE 180,B00,083141,Abi Samra; Nicholas Camill,0,0,30,30
1656701655668,MATH 10A,A01,083735,Patchell; Gregory David,0,0,30,30
1656701655668,MATH 10A,A02,083736,Patchell; Gregory David,20,0,30,10
1656701655668,MATH 10A,A03,083737,Patchell; Gregory David,16,0,30,14
1656701661693,MATH 10B,A01,083207,Lim; Seonhee,7,0,34,27
1656701661693,MATH 10B,A02,083208,Lim; Seonhee,9,0,35,26
1656701661693,MATH 10B,A03,093472,Lim; Seonhee,3,0,34,31
1656701661693,MATH 10B,B01,083739,Sinha; Shubham,9,0,30,21
1656701667724,MATH 18,A01,083743,Cinel; Cameron Alexander,6,0,30,24
1656701667724,MATH 18,A02,083744,Cinel; Cameron Alexander,14,0,30,16
1656701667724,MATH 18,A03,083745,Cinel; Cameron Alexander,7,0,30,23
1656701667724,MATH 18,B01,083748,Rideout; David Porter,2,0,37,35
1656701667724,MATH 18,B02,083749,Rideout; David Porter,2,0,36,34
1656701667724,MATH 18,B03,083750,Rideout; David Porter,1,0,37,36
1656701667724,MATH 18,B04,083751,Rideout; David Porter,4,0,36,32
1656701667724,MATH 18,B05,093473,Rideout; David Porter,4,0,36,32
1656701667724,MATH 18,B06,093474,Rideout; David Porter,4,0,36,32
1656701673754,MATH 20A,A01,083754,Zheng; Zequn,12,0,40,28
1656701679790,MATH 20B,A01,083756,Briones; Jor-el Thomas Caparas,1,1,36,35
1656701679790,MATH 20B,A02,083757,Briones; Jor-el Thomas Caparas,0,0,36,36
1656701679790,MATH 20B,A03,093475,Briones; Jor-el Thomas Caparas,1,0,36,35
1656701685814,MATH 20C,A01,083760,Briones; Jor-el Thomas Caparas,0,0,35,35
1656701685814,MATH 20C,A02,083761,Briones; Jor-el Thomas Caparas,8,0,35,27
1656701685814,MATH 20C,A03,093476,Briones; Jor-el Thomas Caparas,0,1,36,36
1656701685814,MATH 20C,B01,083762,Bach; Quang Tran,0,0,30,30
1656701691839,MATH 20D,A01,083765,Tran; Brian Kha,4,0,30,26
1656701691839,MATH 20D,A02,083766,Tran; Brian Kha,4,0,30,26
1656701691839,MATH 20D,A03,083767,Tran; Brian Kha,1,0,30,29
1656701697863,MATH 20E,A01,083771,Ganguly; Soumya,4,0,32,28
1656701697863,MATH 20E,A02,083772,Ganguly; Soumya,3,0,32,29
1656701697863,MATH 20E,B01,083773,Ciotti; Benjamin,18,0,35,17
1656701697863,MATH 20E,B02,083774,Ciotti; Benjamin,18,0,35,17
1656701703890,MATH 103A,A01,083777,Greenfeld; Be'Eri,2,0,36,34
1656701703890,MATH 103A,A02,083778,Greenfeld; Be'Eri,5,0,36,31
1656701703890,MATH 103A,A03,093561,Greenfeld; Be'Eri,4,0,36,32
1656701703890,MATH 103A,B01,083779,Greenfeld; Be'Eri,6,0,36,30
1656701703890,MATH 103A,B02,083780,Greenfeld; Be'Eri,2,0,36,34
1656701703890,MATH 103A,B03,093562,Greenfeld; Be'Eri,2,0,36,34
1656701709942,MATH 105,A01,085443,Carter; Anne Toulson,13,0,35,22
1656701709942,MATH 105,A02,093477,Carter; Anne Toulson,20,0,35,15
1656701715970,MATH 109,A01,083213,Ganzberger; Geoffrey Michael,0,0,34,34
1656701715970,MATH 109,A02,083214,Ganzberger; Geoffrey Michael,1,0,34,33
1656701715970,MATH 109,A03,093478,Ganzberger; Geoffrey Michael,2,0,34,32
1656701715970,MATH 109,B01,083215,Ganzberger; Geoffrey Michael,1,0,32,31
1656701715970,MATH 109,B02,083216,Ganzberger; Geoffrey Michael,2,0,32,30
1656701715970,MATH 109,B03,093479,Ganzberger; Geoffrey Michael,7,0,32,25
1656701721999,MATH 142A,A01,083219,Chow; Bennett,4,0,32,28
1656701721999,MATH 142A,A02,083220,Chow; Bennett,9,0,32,23
1656701721999,MATH 142A,A03,093480,Chow; Bennett,6,0,32,26
1656701721999,MATH 142A,B03,093481,Chow; Bennett,5,0,32,27
1656701721999,MATH 142A,B04,093558,Chow; Bennett,10,0,32,22
1656701721999,MATH 142A,B05,093559,Chow; Bennett,4,0,32,28
1656701728029,MATH 193A,A01,083224,Rotar; Vladimir,3,0,34,31
1656701728029,MATH 193A,A02,083225,Rotar; Vladimir,2,0,34,32
1656701728029,MATH 193A,A03,083781,Rotar; Vladimir,1,0,34,33
1656701728029,MATH 193A,A04,083782,Rotar; Vladimir,4,0,34,30
1656701728029,MATH 193A,A05,093482,Rotar; Vladimir,5,0,34,29
1656701734052,MATH 197,001,091859,McAuley; Julian John,9999,0,9999,0
1656701734052,MATH 197,002,095566,Kedlaya; Kiran S.,9997,0,9999,2
1656701734052,MATH 197,003,095567,Xiao; Ming,9999,0,9999,0
1656701734052,MATH 197,004,095571,Perols; Johan Lars,9998,0,9999,1
1656701741111,COGS 9,A01,083615,Shannon; Kyle Michael,5,0,75,70
1656701747134,COGS 11,A01,083617,Boyle; Mary E. T.,17,0,48,31
1656701753157,COGS 13,A01,083071,Bastos; Amalia Pinkusfeld,6,0,71,65
1656701759189,COGS 14A,A01,092681,Semenuks; Arturs,0,2,100,101
1656701765217,COGS 14B,A01,083073,Cheng; Tzu-Han,3,0,63,60
1656701771241,COGS 17,A01,092677,Semenuks; Arturs,4,0,81,77
1656701777267,COGS 100,A01,083619,Allen; Michael Gordon,13,0,70,57
1656701783368,COGS 101A,A01,083621,Davis; Joshua Daniel,9,0,68,59
1656701789394,COGS 101B,A01,091572,Allen; Michael Gordon,3,0,65,62
1656701795418,COGS 101C,A01,083625,Delgado; Tania,17,0,35,18
1656701801442,COGS 107A,A01,083627,Boyle; Mary E. T.,11,0,60,49
1656701807465,COGS 118A,A01,083075,Gupta; Anjum,13,0,76,63
1656701813493,CSE 3,A50,083646,Miranda; Gregory Joseph,22,0,50,28
1656701819517,CSE 8A,A50,083650,Miranda; Gregory Joseph,16,1,56,40
1656701825547,CSE 11,A01,083080,Cao; Yingjun,2,17,40,38
1656701831576,CSE 12,A01,083652,Krause-Levy; Sophia Louisa,19,1,120,101
1656701837598,CSE 15L,A01,083654,Morris; Justin Loren,8,0,50,42
1656701837598,CSE 15L,A02,083655,Morris; Justin Loren,8,0,50,42
1656701843625,CSE 20,A01,083657,Tran; Khoa Dang,36,0,80,44
1656701849657,CSE 21,A01,095574,Bach; Quang Tran,21,0,48,27
1656701855682,CSE 30,A01,083084,Eldon; John,5,0,80,75
1656701855682,CSE 30,B01,095061,Bhaskar; Nishant,3,0,50,47
1656701861704,CSE 100,A01,083659,Cao; Yingjun,1,6,70,69
1656701867728,CSE 134B,A01,083661,Powell; Thomas Allan,17,0,100,83
1656701873751,CSE 140,A01,083663,Gungor; Onat,14,0,85,71
1656701879777,CSE 140L,A01,083088,Eldon; John,16,0,100,84
1656701885807,CSE 175,A01,083665,Kumar; Rakesh,3,0,25,22
1656701891840,CSE 190,A00,092507,Dubnov; Shlomo,5,0,20,15
1656701897864,ECE 45,A01,083139,Congero; Spencer William,5,0,75,70
1656701903894,ECE 65,A50,083695,Saad; Andrew S,12,0,30,18
1656701903894,ECE 65,A51,095125,Saad; Andrew S,25,0,26,1
1656701909924,ECE 109,A01,091882,Touri; Behrouz,13,0,70,57
1656701915957,ECE 180,A00,083140,Abi Samra; Nicholas Camill,1,0,30,29
1656701915957,ECE 180,B00,083141,Abi Samra; Nicholas Camill,0,0,30,30
1656701921985,MATH 10A,A01,083735,Patchell; Gregory David,0,0,30,30
1656701921985,MATH 10A,A02,083736,Patchell; Gregory David,20,0,30,10
1656701921985,MATH 10A,A03,083737,Patchell; Gregory David,16,0,30,14
1656701928016,MATH 10B,A01,083207,Lim; Seonhee,7,0,34,27
1656701928016,MATH 10B,A02,083208,Lim; Seonhee,9,0,35,26
1656701928016,MATH 10B,A03,093472,Lim; Seonhee,3,0,34,31
1656701928016,MATH 10B,B01,083739,Sinha; Shubham,9,0,30,21
1656701934053,MATH 18,A01,083743,Cinel; Cameron Alexander,6,0,30,24
1656701934053,MATH 18,A02,083744,Cinel; Cameron Alexander,14,0,30,16
1656701934053,MATH 18,A03,083745,Cinel; Cameron Alexander,7,0,30,23
1656701934053,MATH 18,B01,083748,Rideout; David Porter,2,0,37,35
1656701934053,MATH 18,B02,083749,Rideout; David Porter,2,0,36,34
1656701934053,MATH 18,B03,083750,Rideout; David Porter,1,0,37,36
1656701934053,MATH 18,B04,083751,Rideout; David Porter,4,0,36,32
1656701934053,MATH 18,B05,093473,Rideout; David Porter,4,0,36,32
1656701934053,MATH 18,B06,093474,Rideout; David Porter,4,0,36,32
1656701940086,MATH 20A,A01,083754,Zheng; Zequn,12,0,40,28
1656701946113,MATH 20B,A01,083756,Briones; Jor-el Thomas Caparas,1,1,36,35
1656701946113,MATH 20B,A02,083757,Briones; Jor-el Thomas Caparas,0,0,36,36
1656701946113,MATH 20B,A03,093475,Briones; Jor-el Thomas Caparas,1,0,36,35
1656701952136,MATH 20C,A01,083760,Briones; Jor-el Thomas Caparas,0,0,35,35
1656701952136,MATH 20C,A02,083761,Briones; Jor-el Thomas Caparas,8,0,35,27
1656701952136,MATH 20C,A03,093476,Briones; Jor-el Thomas Caparas,0,1,36,36
1656701952136,MATH 20C,B01,083762,Bach; Quang Tran,0,0,30,30
1656701958160,MATH 20D,A01,083765,Tran; Brian Kha,4,0,30,26
1656701958160,MATH 20D,A02,083766,Tran; Brian Kha,4,0,30,26
1656701958160,MATH 20D,A03,083767,Tran; Brian Kha,1,0,30,29
1656701964199,MATH 20E,A01,083771,Ganguly; Soumya,4,0,32,28
1656701964199,MATH 20E,A02,083772,Ganguly; Soumya,3,0,32,29
1656701964199,MATH 20E,B01,083773,Ciotti; Benjamin,18,0,35,17
1656701964199,MATH 20E,B02,083774,Ciotti; Benjamin,18,0,35,17
1656701970230,MATH 103A,A01,083777,Greenfeld; Be'Eri,2,0,36,34
1656701970230,MATH 103A,A02,083778,Greenfeld; Be'Eri,5,0,36,31
1656701970230,MATH 103A,A03,093561,Greenfeld; Be'Eri,4,0,36,32
1656701970230,MATH 103A,B01,083779,Greenfeld; Be'Eri,6,0,36,30
1656701970230,MATH 103A,B02,083780,Greenfeld; Be'Eri,2,0,36,34
1656701970230,MATH 103A,B03,093562,Greenfeld; Be'Eri,2,0,36,34
1656701976255,MATH 105,A01,085443,Carter; Anne Toulson,13,0,35,22
1656701976255,MATH 105,A02,093477,Carter; Anne Toulson,20,0,35,15
1656701982288,MATH 109,A01,083213,Ganzberger; Geoffrey Michael,0,0,34,34
1656701982288,MATH 109,A02,083214,Ganzberger; Geoffrey Michael,1,0,34,33
1656701982288,MATH 109,A03,093478,Ganzberger; Geoffrey Michael,2,0,34,32
1656701982288,MATH 109,B01,083215,Ganzberger; Geoffrey Michael,1,0,32,31
1656701982288,MATH 109,B02,083216,Ganzberger; Geoffrey Michael,2,0,32,30
1656701982288,MATH 109,B03,093479,Ganzberger; Geoffrey Michael,7,0,32,25
1656701988319,MATH 142A,A01,083219,Chow; Bennett,4,0,32,28
1656701988319,MATH 142A,A02,083220,Chow; Bennett,9,0,32,23
1656701988319,MATH 142A,A03,093480,Chow; Bennett,6,0,32,26
1656701988319,MATH 142A,B03,093481,Chow; Bennett,5,0,32,27
1656701988319,MATH 142A,B04,093558,Chow; Bennett,10,0,32,22
1656701988319,MATH 142A,B05,093559,Chow; Bennett,4,0,32,28
1656701994355,MATH 193A,A01,083224,Rotar; Vladimir,3,0,34,31
1656701994355,MATH 193A,A02,083225,Rotar; Vladimir,2,0,34,32
1656701994355,MATH 193A,A03,083781,Rotar; Vladimir,1,0,34,33
1656701994355,MATH 193A,A04,083782,Rotar; Vladimir,4,0,34,30
1656701994355,MATH 193A,A05,093482,Rotar; Vladimir,5,0,34,29
1656702000382,MATH 197,001,091859,McAuley; Julian John,9999,0,9999,0
1656702000382,MATH 197,002,095566,Kedlaya; Kiran S.,9997,0,9999,2
1656702000382,MATH 197,003,095567,Xiao; Ming,9999,0,9999,0
1656702000382,MATH 197,004,095571,Perols; Johan Lars,9998,0,9999,1
1656702007446,COGS 9,A01,083615,Shannon; Kyle Michael,5,0,75,70
1656702013477,COGS 11,A01,083617,Boyle; Mary E. T.,17,0,48,31
1656702019501,COGS 13,A01,083071,Bastos; Amalia Pinkusfeld,6,0,71,65
1656702025528,COGS 14A,A01,092681,Semenuks; Arturs,0,2,100,101
1656702031555,COGS 14B,A01,083073,Cheng; Tzu-Han,3,0,63,60
1656702037579,COGS 17,A01,092677,Semenuks; Arturs,4,0,81,77
1656702043606,COGS 100,A01,083619,Allen; Michael Gordon,13,0,70,57
1656702049638,COGS 101A,A01,083621,Davis; Joshua Daniel,9,0,68,59
1656702055661,COGS 101B,A01,091572,Allen; Michael Gordon,3,0,65,62
1656702061700,COGS 101C,A01,083625,Delgado; Tania,17,0,35,18
1656702067721,COGS 107A,A01,083627,Boyle; Mary E. T.,11,0,60,49
1656702073748,COGS 118A,A01,083075,Gupta; Anjum,13,0,76,63
1656702079773,CSE 3,A50,083646,Miranda; Gregory Joseph,22,0,50,28
1656702085800,CSE 8A,A50,083650,Miranda; Gregory Joseph,16,1,56,40
1656702091824,CSE 11,A01,083080,Cao; Yingjun,2,17,40,38
1656702097847,CSE 12,A01,083652,Krause-Levy; Sophia Louisa,19,1,120,101
1656702103868,CSE 15L,A01,083654,Morris; Justin Loren,8,0,50,42
1656702103868,CSE 15L,A02,083655,Morris; Justin Loren,8,0,50,42
1656702109891,CSE 20,A01,083657,Tran; Khoa Dang,36,0,80,44
1656702115913,CSE 21,A01,095574,Bach; Quang Tran,21,0,48,27
1656702121941,CSE 30,A01,083084,Eldon; John,5,0,80,75
1656702121941,CSE 30,B01,095061,Bhaskar; Nishant,3,0,50,47
1656702127974,CSE 100,A01,083659,Cao; Yingjun,1,6,70,69
1656702133998,CSE 134B,A01,083661,Powell; Thomas Allan,17,0,100,83
1656702140033,CSE 140,A01,083663,Gungor; Onat,14,0,85,71
1656702146065,CSE 140L,A01,083088,Eldon; John,16,0,100,84
1656702152089,CSE 175,A01,083665,Kumar; Rakesh,3,0,25,22
1656702158116,CSE 190,A00,092507,Dubnov; Shlomo,5,0,20,15
1656702164142,ECE 45,A01,083139,Congero; Spencer William,5,0,75,70
1656702170166,ECE 65,A50,083695,Saad; Andrew S,12,0,30,18
1656702170166,ECE 65,A51,095125,Saad; Andrew S,25,0,26,1
1656702176193,ECE 109,A01,091882,Touri; Behrouz,13,0,70,57
1656702182222,ECE 180,A00,083140,Abi Samra; Nicholas Camill,1,0,30,29
1656702182222,ECE 180,B00,083141,Abi Samra; Nicholas Camill,0,0,30,30
1656702188250,MATH 10A,A01,083735,Patchell; Gregory David,0,0,30,30
1656702188250,MATH 10A,A02,083736,Patchell; Gregory David,20,0,30,10
1656702188250,MATH 10A,A03,083737,Patchell; Gregory David,16,0,30,14
1656702194278,MATH 10B,A01,083207,Lim; Seonhee,7,0,34,27
1656702194278,MATH 10B,A02,083208,Lim; Seonhee,9,0,35,26
1656702194278,MATH 10B,A03,093472,Lim; Seonhee,3,0,34,31
1656702194278,MATH 10B,B01,083739,Sinha; Shubham,9,0,30,21
1656702200302,MATH 18,A01,083743,Cinel; Cameron Alexander,6,0,30,24
1656702200302,MATH 18,A02,083744,Cinel; Cameron Alexander,14,0,30,16
1656702200302,MATH 18,A03,083745,Cinel; Cameron Alexander,7,0,30,23
1656702200302,MATH 18,B01,083748,Rideout; David Porter,2,0,37,35
1656702200302,MATH 18,B02,083749,Rideout; David Porter,2,0,36,34
1656702200302,MATH 18,B03,083750,Rideout; David Porter,1,0,37,36
1656702200302,MATH 18,B04,083751,Rideout; David Porter,4,0,36,32
1656702200302,MATH 18,B05,093473,Rideout; David Porter,4,0,36,32
1656702200302,MATH 18,B06,093474,Rideout; David Porter,4,0,36,32
1656702206325,MATH 20A,A01,083754,Zheng; Zequn,12,0,40,28
1656702212356,MATH 20B,A01,083756,Briones; Jor-el Thomas Caparas,1,1,36,35
1656702212356,MATH 20B,A02,083757,Briones; Jor-el Thomas Caparas,0,0,36,36
1656702212356,MATH 20B,A03,093475,Briones; Jor-el Thomas Caparas,1,0,36,35
1656702218380,MATH 20C,A01,083760,Briones; Jor-el Thomas Caparas,0,0,35,35
1656702218380,MATH 20C,A02,083761,Briones; Jor-el Thomas Caparas,8,0,35,27
1656702218380,MATH 20C,A03,093476,Briones; Jor-el Thomas Caparas,0,1,36,36
1656702218380,MATH 20C,B01,083762,Bach; Quang Tran,0,0,30,30
1656702224409,MATH 20D,A01,083765,Tran; Brian Kha,4,0,30,26
1656702224409,MATH 20D,A02,083766,Tran; Brian Kha,4,0,30,26
1656702224409,MATH 20D,A03,083767,Tran; Brian Kha,1,0,30,29
1656702230434,MATH 20E,A01,083771,Ganguly; Soumya,4,0,32,28
1656702230434,MATH 20E,A02,083772,Ganguly; Soumya,3,0,32,29
1656702230434,MATH 20E,B01,083773,Ciotti; Benjamin,18,0,35,17
1656702230434,MATH 20E,B02,083774,Ciotti; Benjamin,18,0,35,17
1656702236463,MATH 103A,A01,083777,Greenfeld; Be'Eri,2,0,36,34
1656702236463,MATH 103A,A02,083778,Greenfeld; Be'Eri,5,0,36,31
1656702236463,MATH 103A,A03,093561,Greenfeld; Be'Eri,4,0,36,32
1656702236463,MATH 103A,B01,083779,Greenfeld; Be'Eri,6,0,36,30
1656702236463,MATH 103A,B02,083780,Greenfeld; Be'Eri,2,0,36,34
1656702236463,MATH 103A,B03,093562,Greenfeld; Be'Eri,2,0,36,34
1656702242491,MATH 105,A01,085443,Carter; Anne Toulson,13,0,35,22
1656702242491,MATH 105,A02,093477,Carter; Anne Toulson,20,0,35,15
1656702248519,MATH 109,A01,083213,Ganzberger; Geoffrey Michael,0,0,34,34
1656702248519,MATH 109,A02,083214,Ganzberger; Geoffrey Michael,1,0,34,33
1656702248519,MATH 109,A03,093478,Ganzberger; Geoffrey Michael,2,0,34,32
1656702248519,MATH 109,B01,083215,Ganzberger; Geoffrey Michael,1,0,32,31
1656702248519,MATH 109,B02,083216,Ganzberger; Geoffrey Michael,2,0,32,30
1656702248519,MATH 109,B03,093479,Ganzberger; Geoffrey Michael,7,0,32,25
1656702254554,MATH 142A,A01,083219,Chow; Bennett,4,0,32,28
1656702254554,MATH 142A,A02,083220,Chow; Bennett,9,0,32,23
1656702254554,MATH 142A,A03,093480,Chow; Bennett,6,0,32,26
1656702254554,MATH 142A,B03,093481,Chow; Bennett,5,0,32,27
1656702254554,MATH 142A,B04,093558,Chow; Bennett,10,0,32,22
1656702254554,MATH 142A,B05,093559,Chow; Bennett,4,0,32,28
1656702260577,MATH 193A,A01,083224,Rotar; Vladimir,3,0,34,31
1656702260577,MATH 193A,A02,083225,Rotar; Vladimir,2,0,34,32
1656702260577,MATH 193A,A03,083781,Rotar; Vladimir,1,0,34,33
1656702260577,MATH 193A,A04,083782,Rotar; Vladimir,4,0,34,30
1656702260577,MATH 193A,A05,093482,Rotar; Vladimir,5,0,34,29
1656702266604,MATH 197,001,091859,McAuley; Julian John,9999,0,9999,0
1656702266604,MATH 197,002,095566,Kedlaya; Kiran S.,9997,0,9999,2
1656702266604,MATH 197,003,095567,Xiao; Ming,9999,0,9999,0
1656702266604,MATH 197,004,095571,Perols; Johan Lars,9998,0,9999,1
1656702273659,COGS 9,A01,083615,Shannon; Kyle Michael,5,0,75,70
1656702279686,COGS 11,A01,083617,Boyle; Mary E. T.,17,0,48,31
1656702285712,COGS 13,A01,083071,Bastos; Amalia Pinkusfeld,6,0,71,65
1656702291737,COGS 14A,A01,092681,Semenuks; Arturs,0,2,100,101
1656702297763,COGS 14B,A01,083073,Cheng; Tzu-Han,3,0,63,60
1656702303799,COGS 17,A01,092677,Semenuks; Arturs,4,0,81,77
1656702309825,COGS 100,A01,083619,Allen; Michael Gordon,13,0,70,57
1656702315852,COGS 101A,A01,083621,Davis; Joshua Daniel,9,0,68,59
1656702321881,COGS 101B,A01,091572,Allen; Michael Gordon,3,0,65,62
1656702327917,COGS 101C,A01,083625,Delgado; Tania,17,0,35,18
1656702333943,COGS 107A,A01,083627,Boyle; Mary E. T.,11,0,60,49
1656702339967,COGS 118A,A01,083075,Gupta; Anjum,13,0,76,63
1656702345989,CSE 3,A50,083646,Miranda; Gregory Joseph,22,0,50,28
1656702352025,CSE 8A,A50,083650,Miranda; Gregory Joseph,16,1,56,40
1656702358060,CSE 11,A01,083080,Cao; Yingjun,2,17,40,38
1656702364083,CSE 12,A01,083652,Krause-Levy; Sophia Louisa,19,1,120,101
1656702370115,CSE 15L,A01,083654,Morris; Justin Loren,8,0,50,42
1656702370115,CSE 15L,A02,083655,Morris; Justin Loren,8,0,50,42
1656702376154,CSE 20,A01,083657,Tran; Khoa Dang,36,0,80,44
1656702382259,CSE 21,A01,095574,Bach; Quang Tran,21,0,48,27
1656702388287,CSE 30,A01,083084,Eldon; John,5,0,80,75
1656702388287,CSE 30,B01,095061,Bhaskar; Nishant,3,0,50,47
1656702394314,CSE 100,A01,083659,Cao; Yingjun,1,6,70,69
1656702400352,CSE 134B,A01,083661,Powell; Thomas Allan,17,0,100,83
1656702406386,CSE 140,A01,083663,Gungor; Onat,14,0,85,71
1656702412408,CSE 140L,A01,083088,Eldon; John,16,0,100,84
1656702418431,CSE 175,A01,083665,Kumar; Rakesh,3,0,25,22
1656702424454,CSE 190,A00,092507,Dubnov; Shlomo,5,0,20,15
1656702430482,ECE 45,A01,083139,Congero; Spencer William,5,0,75,70
1656702436508,ECE 65,A50,083695,Saad; Andrew S,12,0,30,18
1656702436508,ECE 65,A51,095125,Saad; Andrew S,25,0,26,1
1656702442544,ECE 109,A01,091882,Touri; Behrouz,13,0,70,57
1656702448567,ECE 180,A00,083140,Abi Samra; Nicholas Camill,1,0,30,29
1656702448567,ECE 180,B00,083141,Abi Samra; Nicholas Camill,0,0,30,30
1656702454591,MATH 10A,A01,083735,Patchell; Gregory David,0,0,30,30
1656702454591,MATH 10A,A02,083736,Patchell; Gregory David,20,0,30,10
1656702454591,MATH 10A,A03,083737,Patchell; Gregory David,16,0,30,14
1656702460620,MATH 10B,A01,083207,Lim; Seonhee,7,0,34,27
1656702460620,MATH 10B,A02,083208,Lim; Seonhee,9,0,35,26
1656702460620,MATH 10B,A03,093472,Lim; Seonhee,3,0,34,31
1656702460620,MATH 10B,B01,083739,Sinha; Shubham,9,0,30,21
1656702466642,MATH 18,A01,083743,Cinel; Cameron Alexander,6,0,30,24
1656702466642,MATH 18,A02,083744,Cinel; Cameron Alexander,14,0,30,16
1656702466642,MATH 18,A03,083745,Cinel; Cameron Alexander,7,0,30,23
1656702466642,MATH 18,B01,083748,Rideout; David Porter,2,0,37,35
1656702466642,MATH 18,B02,083749,Rideout; David Porter,2,0,36,34
1656702466642,MATH 18,B03,083750,Rideout; David Porter,1,0,37,36
1656702466642,MATH 18,B04,083751,Rideout; David Porter,4,0,36,32
1656702466642,MATH 18,B05,093473,Rideout; David Porter,4,0,36,32
1656702466642,MATH 18,B06,093474,Rideout; David Porter,4,0,36,32
1656702472665,MATH 20A,A01,083754,Zheng; Zequn,12,0,40,28
1656702478690,MATH 20B,A01,083756,Briones; Jor-el Thomas Caparas,1,1,36,35
1656702478690,MATH 20B,A02,083757,Briones; Jor-el Thomas Caparas,0,0,36,36
1656702478690,MATH 20B,A03,093475,Briones; Jor-el Thomas Caparas,1,0,36,35
1656702484714,MATH 20C,A01,083760,Briones; Jor-el Thomas Caparas,0,0,35,35
1656702484714,MATH 20C,A02,083761,Briones; Jor-el Thomas Caparas,8,0,35,27
1656702484714,MATH 20C,A03,093476,Briones; Jor-el Thomas Caparas,0,1,36,36
1656702484714,MATH 20C,B01,083762,Bach; Quang Tran,0,0,30,30
1656702490749,MATH 20D,A01,083765,Tran; Brian Kha,4,0,30,26
1656702490749,MATH 20D,A02,083766,Tran; Brian Kha,4,0,30,26
1656702490749,MATH 20D,A03,083767,Tran; Brian Kha,1,0,30,29
1656702496771,MATH 20E,A01,083771,Ganguly; Soumya,4,0,32,28
1656702496771,MATH 20E,A02,083772,Ganguly; Soumya,3,0,32,29
1656702496771,MATH 20E,B01,083773,Ciotti; Benjamin,18,0,35,17
1656702496771,MATH 20E,B02,083774,Ciotti; Benjamin,18,0,35,17
1656702502800,MATH 103A,A01,083777,Greenfeld; Be'Eri,2,0,36,34
1656702502800,MATH 103A,A02,083778,Greenfeld; Be'Eri,5,0,36,31
1656702502800,MATH 103A,A03,093561,Greenfeld; Be'Eri,4,0,36,32
1656702502800,MATH 103A,B01,083779,Greenfeld; Be'Eri,6,0,36,30
1656702502800,MATH 103A,B02,083780,Greenfeld; Be'Eri,2,0,36,34
1656702502800,MATH 103A,B03,093562,Greenfeld; Be'Eri,2,0,36,34
1656702508840,MATH 105,A01,085443,Carter; Anne Toulson,13,0,35,22
1656702508840,MATH 105,A02,093477,Carter; Anne Toulson,20,0,35,15
1656702514879,MATH 109,A01,083213,Ganzberger; Geoffrey Michael,0,0,34,34
1656702514879,MATH 109,A02,083214,Ganzberger; Geoffrey Michael,1,0,34,33
1656702514879,MATH 109,A03,093478,Ganzberger; Geoffrey Michael,2,0,34,32
1656702514879,MATH 109,B01,083215,Ganzberger; Geoffrey Michael,1,0,32,31
1656702514879,MATH 109,B02,083216,Ganzberger; Geoffrey Michael,2,0,32,30
1656702514879,MATH 109,B03,093479,Ganzberger; Geoffrey Michael,7,0,32,25
1656702520919,MATH 142A,A01,083219,Chow; Bennett,4,0,32,28
1656702520919,MATH 142A,A02,083220,Chow; Bennett,9,0,32,23
1656702520919,MATH 142A,A03,093480,Chow; Bennett,6,0,32,26
1656702520919,MATH 142A,B03,093481,Chow; Bennett,5,0,32,27
1656702520919,MATH 142A,B04,093558,Chow; Bennett,10,0,32,22
1656702520919,MATH 142A,B05,093559,Chow; Bennett,4,0,32,28
1656702526942,MATH 193A,A01,083224,Rotar; Vladimir,3,0,34,31
1656702526942,MATH 193A,A02,083225,Rotar; Vladimir,2,0,34,32
1656702526942,MATH 193A,A03,083781,Rotar; Vladimir,1,0,34,33
1656702526942,MATH 193A,A04,083782,Rotar; Vladimir,4,0,34,30
1656702526942,MATH 193A,A05,093482,Rotar; Vladimir,5,0,34,29
1656702532970,MATH 197,001,091859,McAuley; Julian John,9999,0,9999,0
1656702532970,MATH 197,002,095566,Kedlaya; Kiran S.,9997,0,9999,2
1656702532970,MATH 197,003,095567,Xiao; Ming,9999,0,9999,0
1656702532970,MATH 197,004,095571,Perols; Johan Lars,9998,0,9999,1
1656702540028,COGS 9,A01,083615,Shannon; Kyle Michael,5,0,75,70
1656702546056,COGS 11,A01,083617,Boyle; Mary E. T.,17,0,48,31
1656702552083,COGS 13,A01,083071,Bastos; Amalia Pinkusfeld,6,0,71,65
1656702558116,COGS 14A,A01,092681,Semenuks; Arturs,0,2,100,101
1656702564140,COGS 14B,A01,083073,Cheng; Tzu-Han,3,0,63,60
1656702570172,COGS 17,A01,092677,Semenuks; Arturs,4,0,81,77
1656702576197,COGS 100,A01,083619,Allen; Michael Gordon,13,0,70,57
1656702582221,COGS 101A,A01,083621,Davis; Joshua Daniel,9,0,68,59
1656702588247,COGS 101B,A01,091572,Allen; Michael Gordon,3,0,65,62
1656702594279,COGS 101C,A01,083625,Delgado; Tania,17,0,35,18
1656702600302,COGS 107A,A01,083627,Boyle; Mary E. T.,11,0,60,49
1656702606326,COGS 118A,A01,083075,Gupta; Anjum,13,0,76,63
1656702612351,CSE 3,A50,083646,Miranda; Gregory Joseph,22,0,50,28
1656702618374,CSE 8A,A50,083650,Miranda; Gregory Joseph,16,1,56,40
1656702624402,CSE 11,A01,083080,Cao; Yingjun,2,17,40,38
1656702630426,CSE 12,A01,083652,Krause-Levy; Sophia Louisa,19,1,120,101
1656702636455,CSE 15L,A01,083654,Morris; Justin Loren,8,0,50,42
1656702636455,CSE 15L,A02,083655,Morris; Justin Loren,8,0,50,42
1656702642480,CSE 20,A01,083657,Tran; Khoa Dang,36,0,80,44
1656702648519,CSE 21,A01,095574,Bach; Quang Tran,21,0,48,27
1656702654542,CSE 30,A01,083084,Eldon; John,5,0,80,75
1656702654542,CSE 30,B01,095061,Bhaskar; Nishant,3,0,50,47
1656702660572,CSE 100,A01,083659,Cao; Yingjun,1,6,70,69
1656702666595,CSE 134B,A01,083661,Powell; Thomas Allan,17,0,100,83
1656702672625,CSE 140,A01,083663,Gungor; Onat,14,0,85,71
1656702678647,CSE 140L,A01,083088,Eldon; John,16,0,100,84
1656702684672,CSE 175,A01,083665,Kumar; Rakesh,3,0,25,22
1656702690705,CSE 190,A00,092507,Dubnov; Shlomo,5,0,20,15
1656702696733,ECE 45,A01,083139,Congero; Spencer William,5,0,75,70
1656702702757,ECE 65,A50,083695,Saad; Andrew S,12,0,30,18
1656702702757,ECE 65,A51,095125,Saad; Andrew S,25,0,26,1
1656702708780,ECE 109,A01,091882,Touri; Behrouz,13,0,70,57
1656702714802,ECE 180,A00,083140,Abi Samra; Nicholas Camill,1,0,30,29
1656702714802,ECE 180,B00,083141,Abi Samra; Nicholas Camill,0,0,30,30
1656702720837,MATH 10A,A01,083735,Patchell; Gregory David,0,0,30,30
1656702720837,MATH 10A,A02,083736,Patchell; Gregory David,20,0,30,10
1656702720837,MATH 10A,A03,083737,Patchell; Gregory David,16,0,30,14
1656702726866,MATH 10B,A01,083207,Lim; Seonhee,7,0,34,27
1656702726866,MATH 10B,A02,083208,Lim; Seonhee,9,0,35,26
1656702726866,MATH 10B,A03,093472,Lim; Seonhee,3,0,34,31
1656702726866,MATH 10B,B01,083739,Sinha; Shubham,9,0,30,21
1656702732895,MATH 18,A01,083743,Cinel; Cameron Alexander,6,0,30,24
1656702732895,MATH 18,A02,083744,Cinel; Cameron Alexander,14,0,30,16
1656702732895,MATH 18,A03,083745,Cinel; Cameron Alexander,7,0,30,23
1656702732895,MATH 18,B01,083748,Rideout; David Porter,2,0,37,35
1656702732895,MATH 18,B02,083749,Rideout; David Porter,2,0,36,34
1656702732895,MATH 18,B03,083750,Rideout; David Porter,1,0,37,36
1656702732895,MATH 18,B04,083751,Rideout; David Porter,4,0,36,32
1656702732895,MATH 18,B05,093473,Rideout; David Porter,4,0,36,32
1656702732895,MATH 18,B06,093474,Rideout; David Porter,4,0,36,32
1656702738922,MATH 20A,A01,083754,Zheng; Zequn,12,0,40,28
1656702744946,MATH 20B,A01,083756,Briones; Jor-el Thomas Caparas,1,1,36,35
1656702744946,MATH 20B,A02,083757,Briones; Jor-el Thomas Caparas,0,0,36,36
1656702744946,MATH 20B,A03,093475,Briones; Jor-el Thomas Caparas,1,0,36,35
1656702750974,MATH 20C,A01,083760,Briones; Jor-el Thomas Caparas,0,0,35,35
1656702750974,MATH 20C,A02,083761,Briones; Jor-el Thomas Caparas,8,0,35,27
1656702750974,MATH 20C,A03,093476,Briones; Jor-el Thomas Caparas,0,1,36,36
1656702750974,MATH 20C,B01,083762,Bach; Quang Tran,0,0,30,30
1656702756999,MATH 20D,A01,083765,Tran; Brian Kha,4,0,30,26
1656702756999,MATH 20D,A02,083766,Tran; Brian Kha,4,0,30,26
1656702756999,MATH 20D,A03,083767,Tran; Brian Kha,1,0,30,29
1656702763038,MATH 20E,A01,083771,Ganguly; Soumya,4,0,32,28
1656702763038,MATH 20E,A02,083772,Ganguly; Soumya,3,0,32,29
1656702763038,MATH 20E,B01,083773,Ciotti; Benjamin,18,0,35,17
1656702763038,MATH 20E,B02,083774,Ciotti; Benjamin,18,0,35,17
1656702769076,MATH 103A,A01,083777,Greenfeld; Be'Eri,2,0,36,34
1656702769076,MATH 103A,A02,083778,Greenfeld; Be'Eri,5,0,36,31
1656702769076,MATH 103A,A03,093561,Greenfeld; Be'Eri,4,0,36,32
1656702769076,MATH 103A,B01,083779,Greenfeld; Be'Eri,6,0,36,30
1656702769076,MATH 103A,B02,083780,Greenfeld; Be'Eri,2,0,36,34
1656702769076,MATH 103A,B03,093562,Greenfeld; Be'Eri,2,0,36,34
1656702775105,MATH 105,A01,085443,Carter; Anne Toulson,13,0,35,22
1656702775105,MATH 105,A02,093477,Carter; Anne Toulson,20,0,35,15
1656702781133,MATH 109,A01,083213,Ganzberger; Geoffrey Michael,0,0,34,34
1656702781133,MATH 109,A02,083214,Ganzberger; Geoffrey Michael,1,0,34,33
1656702781133,MATH 109,A03,093478,Ganzberger; Geoffrey Michael,2,0,34,32
1656702781133,MATH 109,B01,083215,Ganzberger; Geoffrey Michael,1,0,32,31
1656702781133,MATH 109,B02,083216,Ganzberger; Geoffrey Michael,2,0,32,30
1656702781133,MATH 109,B03,093479,Ganzberger; Geoffrey Michael,7,0,32,25
1656702787168,MATH 142A,A01,083219,Chow; Bennett,4,0,32,28
1656702787168,MATH 142A,A02,083220,Chow; Bennett,9,0,32,23
1656702787168,MATH 142A,A03,093480,Chow; Bennett,6,0,32,26
1656702787168,MATH 142A,B03,093481,Chow; Bennett,5,0,32,27
1656702787168,MATH 142A,B04,093558,Chow; Bennett,10,0,32,22
1656702787168,MATH 142A,B05,093559,Chow; Bennett,4,0,32,28
1656702793196,MATH 193A,A01,083224,Rotar; Vladimir,3,0,34,31
1656702793196,MATH 193A,A02,083225,Rotar; Vladimir,2,0,34,32
1656702793196,MATH 193A,A03,083781,Rotar; Vladimir,1,0,34,33
1656702793196,MATH 193A,A04,083782,Rotar; Vladimir,4,0,34,30
1656702793196,MATH 193A,A05,093482,Rotar; Vladimir,5,0,34,29
1656702799220,MATH 197,001,091859,McAuley; Julian John,9999,0,9999,0
1656702799220,MATH 197,002,095566,Kedlaya; Kiran S.,9997,0,9999,2
1656702799220,MATH 197,003,095567,Xiao; Ming,9999,0,9999,0
1656702799220,MATH 197,004,095571,Perols; Johan Lars,9998,0,9999,1
1656702806279,COGS 9,A01,083615,Shannon; Kyle Michael,5,0,75,70
1656702812305,COGS 11,A01,083617,Boyle; Mary E. T.,17,0,48,31
1656702818329,COGS 13,A01,083071,Bastos; Amalia Pinkusfeld,6,0,71,65
1656702824351,COGS 14A,A01,092681,Semenuks; Arturs,0,2,100,101
1656702830388,COGS 14B,A01,083073,Cheng; Tzu-Han,3,0,63,60
1656702836419,COGS 17,A01,092677,Semenuks; Arturs,4,0,81,77
1656702842446,COGS 100,A01,083619,Allen; Michael Gordon,13,0,70,57
1656702848469,COGS 101A,A01,083621,Davis; Joshua Daniel,9,0,68,59
1656702854497,COGS 101B,A01,091572,Allen; Michael Gordon,3,0,65,62
1656702860530,COGS 101C,A01,083625,Delgado; Tania,17,0,35,18
1656702866560,COGS 107A,A01,083627,Boyle; Mary E. T.,11,0,60,49
1656702872583,COGS 118A,A01,083075,Gupta; Anjum,13,0,76,63
1656702878606,CSE 3,A50,083646,Miranda; Gregory Joseph,22,0,50,28
1656702884636,CSE 8A,A50,083650,Miranda; Gregory Joseph,16,1,56,40
1656702890660,CSE 11,A01,083080,Cao; Yingjun,2,17,40,38
1656702896689,CSE 12,A01,083652,Krause-Levy; Sophia Louisa,19,1,120,101
1656702902716,CSE 15L,A01,083654,Morris; Justin Loren,8,0,50,42
1656702902716,CSE 15L,A02,083655,Morris; Justin Loren,8,0,50,42
1656702908741,CSE 20,A01,083657,Tran; Khoa Dang,36,0,80,44
1656702914763,CSE 21,A01,095574,Bach; Quang Tran,21,0,48,27
1656702920787,CSE 30,A01,083084,Eldon; John,5,0,80,75
1656702920787,CSE 30,B01,095061,Bhaskar; Nishant,3,0,50,47
1656702926810,CSE 100,A01,083659,Cao; Yingjun,1,6,70,69
1656702932836,CSE 134B,A01,083661,Powell; Thomas Allan,17,0,100,83
1656702938876,CSE 140,A01,083663,Gungor; Onat,14,0,85,71
1656702944899,CSE 140L,A01,083088,Eldon; John,16,0,100,84
1656702950923,CSE 175,A01,083665,Kumar; Rakesh,3,0,25,22
1656702956949,CSE 190,A00,092507,Dubnov; Shlomo,5,0,20,15
1656702962978,ECE 45,A01,083139,Congero; Spencer William,5,0,75,70
1656702969010,ECE 65,A50,083695,Saad; Andrew S,12,0,30,18
1656702969010,ECE 65,A51,095125,Saad; Andrew S,25,0,26,1
1656702975037,ECE 109,A01,091882,Touri; Behrouz,13,0,70,57
1656702981167,ECE 180,A00,083140,Abi Samra; Nicholas Camill,1,0,30,29
1656702981167,ECE 180,B00,083141,Abi Samra; Nicholas Camill,0,0,30,30
1656702987193,MATH 10A,A01,083735,Patchell; Gregory David,0,0,30,30
1656702987193,MATH 10A,A02,083736,Patchell; Gregory David,20,0,30,10
1656702987193,MATH 10A,A03,083737,Patchell; Gregory David,16,0,30,14
1656702993218,MATH 10B,A01,083207,Lim; Seonhee,7,0,34,27
1656702993218,MATH 10B,A02,083208,Lim; Seonhee,9,0,35,26
1656702993218,MATH 10B,A03,093472,Lim; Seonhee,3,0,34,31
1656702993218,MATH 10B,B01,083739,Sinha; Shubham,9,0,30,21
1656702999249,MATH 18,A01,083743,Cinel; Cameron Alexander,6,0,30,24
1656702999249,MATH 18,A02,083744,Cinel; Cameron Alexander,14,0,30,16
1656702999249,MATH 18,A03,083745,Cinel; Cameron Alexander,7,0,30,23
1656702999249,MATH 18,B01,083748,Rideout; David Porter,2,0,37,35
1656702999249,MATH 18,B02,083749,Rideout; David Porter,2,0,36,34
1656702999249,MATH 18,B03,083750,Rideout; David Porter,1,0,37,36
1656702999249,MATH 18,B04,083751,Rideout; David Porter,4,0,36,32
1656702999249,MATH 18,B05,093473,Rideout; David Porter,4,0,36,32
1656702999249,MATH 18,B06,093474,Rideout; David Porter,4,0,36,32
1656703005272,MATH 20A,A01,083754,Zheng; Zequn,12,0,40,28
1656703011310,MATH 20B,A01,083756,Briones; Jor-el Thomas Caparas,1,1,36,35
1656703011310,MATH 20B,A02,083757,Briones; Jor-el Thomas Caparas,0,0,36,36
1656703011310,MATH 20B,A03,093475,Briones; Jor-el Thomas Caparas,1,0,36,35
1656703017350,MATH 20C,A01,083760,Briones; Jor-el Thomas Caparas,0,0,35,35
1656703017350,MATH 20C,A02,083761,Briones; Jor-el Thomas Caparas,8,0,35,27
1656703017350,MATH 20C,A03,093476,Briones; Jor-el Thomas Caparas,0,1,36,36
1656703017350,MATH 20C,B01,083762,Bach; Quang Tran,0,0,30,30
1656703023378,MATH 20D,A01,083765,Tran; Brian Kha,4,0,30,26
1656703023378,MATH 20D,A02,083766,Tran; Brian Kha,4,0,30,26
1656703023378,MATH 20D,A03,083767,Tran; Brian Kha,1,0,30,29
1656703029402,MATH 20E,A01,083771,Ganguly; Soumya,4,0,32,28
1656703029402,MATH 20E,A02,083772,Ganguly; Soumya,3,0,32,29
1656703029402,MATH 20E,B01,083773,Ciotti; Benjamin,18,0,35,17
1656703029402,MATH 20E,B02,083774,Ciotti; Benjamin,18,0,35,17
1656703035427,MATH 103A,A01,083777,Greenfeld; Be'Eri,2,0,36,34
1656703035427,MATH 103A,A02,083778,Greenfeld; Be'Eri,5,0,36,31
1656703035427,MATH 103A,A03,093561,Greenfeld; Be'Eri,4,0,36,32
1656703035427,MATH 103A,B01,083779,Greenfeld; Be'Eri,6,0,36,30
1656703035427,MATH 103A,B02,083780,Greenfeld; Be'Eri,2,0,36,34
1656703035427,MATH 103A,B03,093562,Greenfeld; Be'Eri,2,0,36,34
1656703041451,MATH 105,A01,085443,Carter; Anne Toulson,13,0,35,22
1656703041451,MATH 105,A02,093477,Carter; Anne Toulson,20,0,35,15
1656703047475,MATH 109,A01,083213,Ganzberger; Geoffrey Michael,0,0,34,34
1656703047475,MATH 109,A02,083214,Ganzberger; Geoffrey Michael,1,0,34,33
1656703047475,MATH 109,A03,093478,Ganzberger; Geoffrey Michael,2,0,34,32
1656703047475,MATH 109,B01,083215,Ganzberger; Geoffrey Michael,1,0,32,31
1656703047475,MATH 109,B02,083216,Ganzberger; Geoffrey Michael,2,0,32,30
1656703047475,MATH 109,B03,093479,Ganzberger; Geoffrey Michael,7,0,32,25
1656703053504,MATH 142A,A01,083219,Chow; Bennett,4,0,32,28
1656703053504,MATH 142A,A02,083220,Chow; Bennett,9,0,32,23
1656703053504,MATH 142A,A03,093480,Chow; Bennett,6,0,32,26
1656703053504,MATH 142A,B03,093481,Chow; Bennett,5,0,32,27
1656703053504,MATH 142A,B04,093558,Chow; Bennett,10,0,32,22
1656703053504,MATH 142A,B05,093559,Chow; Bennett,4,0,32,28
1656703059539,MATH 193A,A01,083224,Rotar; Vladimir,4,0,34,30
1656703059539,MATH 193A,A02,083225,Rotar; Vladimir,2,0,34,32
1656703059539,MATH 193A,A03,083781,Rotar; Vladimir,1,0,34,33
1656703059539,MATH 193A,A04,083782,Rotar; Vladimir,4,0,34,30
1656703059539,MATH 193A,A05,093482,Rotar; Vladimir,5,0,34,29
1656703065561,MATH 197,001,091859,McAuley; Julian John,9999,0,9999,0
1656703065561,MATH 197,002,095566,Kedlaya; Kiran S.,9997,0,9999,2
1656703065561,MATH 197,003,095567,Xiao; Ming,9999,0,9999,0
1656703065561,MATH 197,004,095571,Perols; Johan Lars,9998,0,9999,1
1656703072638,COGS 9,A01,083615,Shannon; Kyle Michael,5,0,75,70
1656703078661,COGS 11,A01,083617,Boyle; Mary E. T.,17,0,48,31
1656703084687,COGS 13,A01,083071,Bastos; Amalia Pinkusfeld,6,0,71,65
1656703090719,COGS 14A,A01,092681,Semenuks; Arturs,0,2,100,101
1656703096742,COGS 14B,A01,083073,Cheng; Tzu-Han,3,0,63,60
1656703102774,COGS 17,A01,092677,Semenuks; Arturs,4,0,81,77
1656703108796,COGS 100,A01,083619,Allen; Michael Gordon,13,0,70,57
1656703114822,COGS 101A,A01,083621,Davis; Joshua Daniel,9,0,68,59
1656703120857,COGS 101B,A01,091572,Allen; Michael Gordon,3,0,65,62
1656703126891,COGS 101C,A01,083625,Delgado; Tania,17,0,35,18
1656703132915,COGS 107A,A01,083627,Boyle; Mary E. T.,11,0,60,49
1656703138943,COGS 118A,A01,083075,Gupta; Anjum,13,0,76,63
1656703144967,CSE 3,A50,083646,Miranda; Gregory Joseph,22,0,50,28
1656703151003,CSE 8A,A50,083650,Miranda; Gregory Joseph,16,1,56,40
1656703157027,CSE 11,A01,083080,Cao; Yingjun,2,17,40,38
1656703163050,CSE 12,A01,083652,Krause-Levy; Sophia Louisa,19,1,120,101
1656703169081,CSE 15L,A01,083654,Morris; Justin Loren,8,0,50,42
1656703169081,CSE 15L,A02,083655,Morris; Justin Loren,8,0,50,42
1656703175108,CSE 20,A01,083657,Tran; Khoa Dang,36,0,80,44
1656703181132,CSE 21,A01,095574,Bach; Quang Tran,21,0,48,27
1656703187160,CSE 30,A01,083084,Eldon; John,5,0,80,75
1656703187160,CSE 30,B01,095061,Bhaskar; Nishant,3,0,50,47
1656703193184,CSE 100,A01,083659,Cao; Yingjun,1,6,70,69
1656703199211,CSE 134B,A01,083661,Powell; Thomas Allan,17,0,100,83
1656703215853,CSE 140,A01,083663,Gungor; Onat,14,0,85,71
1656703221876,CSE 140L,A01,083088,Eldon; John,16,0,100,84
1656703227904,CSE 175,A01,083665,Kumar; Rakesh,3,0,25,22
1656703233926,CSE 190,A00,092507,Dubnov; Shlomo,5,0,20,15
1656703239955,ECE 45,A01,083139,Congero; Spencer William,5,0,75,70
1656703245979,ECE 65,A50,083695,Saad; Andrew S,12,0,30,18
1656703245979,ECE 65,A51,095125,Saad; Andrew S,25,0,26,1
1656703252006,ECE 109,A01,091882,Touri; Behrouz,13,0,70,57
1656703258030,ECE 180,A00,083140,Abi Samra; Nicholas Camill,1,0,30,29
1656703258030,ECE 180,B00,083141,Abi Samra; Nicholas Camill,0,0,30,30
1656703264054,MATH 10A,A01,083735,Patchell; Gregory David,0,0,30,30
1656703264054,MATH 10A,A02,083736,Patchell; Gregory David,20,0,30,10
1656703264054,MATH 10A,A03,083737,Patchell; Gregory David,16,0,30,14
1656703270078,MATH 10B,A01,083207,Lim; Seonhee,7,0,34,27
1656703270078,MATH 10B,A02,083208,Lim; Seonhee,9,0,35,26
1656703270078,MATH 10B,A03,093472,Lim; Seonhee,3,0,34,31
1656703270078,MATH 10B,B01,083739,Sinha; Shubham,9,0,30,21
1656703276105,MATH 18,A01,083743,Cinel; Cameron Alexander,6,0,30,24
1656703276105,MATH 18,A02,083744,Cinel; Cameron Alexander,14,0,30,16
1656703276105,MATH 18,A03,083745,Cinel; Cameron Alexander,7,0,30,23
1656703276105,MATH 18,B01,083748,Rideout; David Porter,2,0,37,35
1656703276105,MATH 18,B02,083749,Rideout; David Porter,2,0,36,34
1656703276105,MATH 18,B03,083750,Rideout; David Porter,1,0,37,36
1656703276105,MATH 18,B04,083751,Rideout; David Porter,4,0,36,32
1656703276105,MATH 18,B05,093473,Rideout; David Porter,4,0,36,32
1656703276105,MATH 18,B06,093474,Rideout; David Porter,4,0,36,32
1656703282133,MATH 20A,A01,083754,Zheng; Zequn,12,0,40,28
1656703288158,MATH 20B,A01,083756,Briones; Jor-el Thomas Caparas,1,1,36,35
1656703288158,MATH 20B,A02,083757,Briones; Jor-el Thomas Caparas,0,0,36,36
1656703288158,MATH 20B,A03,093475,Briones; Jor-el Thomas Caparas,1,0,36,35
1656703294183,MATH 20C,A01,083760,Briones; Jor-el Thomas Caparas,0,0,35,35
1656703294183,MATH 20C,A02,083761,Briones; Jor-el Thomas Caparas,8,0,35,27
1656703294183,MATH 20C,A03,093476,Briones; Jor-el Thomas Caparas,0,1,36,36
1656703294183,MATH 20C,B01,083762,Bach; Quang Tran,0,0,30,30
1656703300210,MATH 20D,A01,083765,Tran; Brian Kha,4,0,30,26
1656703300210,MATH 20D,A02,083766,Tran; Brian Kha,4,0,30,26
1656703300210,MATH 20D,A03,083767,Tran; Brian Kha,1,0,30,29
1656703306240,MATH 20E,A01,083771,Ganguly; Soumya,4,0,32,28
1656703306240,MATH 20E,A02,083772,Ganguly; Soumya,3,0,32,29
1656703306240,MATH 20E,B01,083773,Ciotti; Benjamin,18,0,35,17
1656703306240,MATH 20E,B02,083774,Ciotti; Benjamin,18,0,35,17
1656703312265,MATH 103A,A01,083777,Greenfeld; Be'Eri,2,0,36,34
1656703312265,MATH 103A,A02,083778,Greenfeld; Be'Eri,5,0,36,31
1656703312265,MATH 103A,A03,093561,Greenfeld; Be'Eri,4,0,36,32
1656703312265,MATH 103A,B01,083779,Greenfeld; Be'Eri,6,0,36,30
1656703312265,MATH 103A,B02,083780,Greenfeld; Be'Eri,2,0,36,34
1656703312265,MATH 103A,B03,093562,Greenfeld; Be'Eri,2,0,36,34
1656703318293,MATH 105,A01,085443,Carter; Anne Toulson,13,0,35,22
1656703318293,MATH 105,A02,093477,Carter; Anne Toulson,20,0,35,15
1656703324317,MATH 109,A01,083213,Ganzberger; Geoffrey Michael,0,0,34,34
1656703324317,MATH 109,A02,083214,Ganzberger; Geoffrey Michael,1,0,34,33
1656703324317,MATH 109,A03,093478,Ganzberger; Geoffrey Michael,2,0,34,32
1656703324317,MATH 109,B01,083215,Ganzberger; Geoffrey Michael,1,0,32,31
1656703324317,MATH 109,B02,083216,Ganzberger; Geoffrey Michael,2,0,32,30
1656703324317,MATH 109,B03,093479,Ganzberger; Geoffrey Michael,7,0,32,25
1656703330342,MATH 142A,A01,083219,Chow; Bennett,4,0,32,28
1656703330342,MATH 142A,A02,083220,Chow; Bennett,9,0,32,23
1656703330342,MATH 142A,A03,093480,Chow; Bennett,6,0,32,26
1656703330342,MATH 142A,B03,093481,Chow; Bennett,5,0,32,27
1656703330342,MATH 142A,B04,093558,Chow; Bennett,10,0,32,22
1656703330342,MATH 142A,B05,093559,Chow; Bennett,4,0,32,28
1656703336365,MATH 193A,A01,083224,Rotar; Vladimir,4,0,34,30
1656703336365,MATH 193A,A02,083225,Rotar; Vladimir,2,0,34,32
1656703336365,MATH 193A,A03,083781,Rotar; Vladimir,1,0,34,33
1656703336365,MATH 193A,A04,083782,Rotar; Vladimir,4,0,34,30
1656703336365,MATH 193A,A05,093482,Rotar; Vladimir,5,0,34,29
1656703342391,MATH 197,001,091859,McAuley; Julian John,9999,0,9999,0
1656703342391,MATH 197,002,095566,Kedlaya; Kiran S.,9997,0,9999,2
1656703342391,MATH 197,003,095567,Xiao; Ming,9999,0,9999,0
1656703342391,MATH 197,004,095571,Perols; Johan Lars,9998,0,9999,1
1656703349463,COGS 9,A01,083615,Shannon; Kyle Michael,5,0,75,70
1656703355504,COGS 11,A01,083617,Boyle; Mary E. T.,17,0,48,31
1656703361528,COGS 13,A01,083071,Bastos; Amalia Pinkusfeld,6,0,71,65
1656703367552,COGS 14A,A01,092681,Semenuks; Arturs,0,2,100,101
1656703373577,COGS 14B,A01,083073,Cheng; Tzu-Han,3,0,63,60
1656703379602,COGS 17,A01,092677,Semenuks; Arturs,4,0,81,77
1656703385630,COGS 100,A01,083619,Allen; Michael Gordon,13,0,70,57
1656703391657,COGS 101A,A01,083621,Davis; Joshua Daniel,9,0,68,59
1656703397701,COGS 101B,A01,091572,Allen; Michael Gordon,3,0,65,62
1656703403735,COGS 101C,A01,083625,Delgado; Tania,17,0,35,18
1656703409758,COGS 107A,A01,083627,Boyle; Mary E. T.,11,0,60,49
1656703415784,COGS 118A,A01,083075,Gupta; Anjum,13,0,76,63
1656703421809,CSE 3,A50,083646,Miranda; Gregory Joseph,22,0,50,28
1656703427838,CSE 8A,A50,083650,Miranda; Gregory Joseph,16,1,56,40
1656703433863,CSE 11,A01,083080,Cao; Yingjun,2,17,40,38
1656703439897,CSE 12,A01,083652,Krause-Levy; Sophia Louisa,19,1,120,101
1656703445924,CSE 15L,A01,083654,Morris; Justin Loren,8,0,50,42
1656703445924,CSE 15L,A02,083655,Morris; Justin Loren,8,0,50,42
1656703451952,CSE 20,A01,083657,Tran; Khoa Dang,36,0,80,44
1656703457986,CSE 21,A01,095574,Bach; Quang Tran,21,0,48,27
1656703464012,CSE 30,A01,083084,Eldon; John,5,0,80,75
1656703464012,CSE 30,B01,095061,Bhaskar; Nishant,3,0,50,47
1656703470035,CSE 100,A01,083659,Cao; Yingjun,1,6,70,69
1656703476067,CSE 134B,A01,083661,Powell; Thomas Allan,17,0,100,83
1656703482093,CSE 140,A01,083663,Gungor; Onat,14,0,85,71
1656703488120,CSE 140L,A01,083088,Eldon; John,16,0,100,84
1656703494146,CSE 175,A01,083665,Kumar; Rakesh,3,0,25,22
1656703500175,CSE 190,A00,092507,Dubnov; Shlomo,5,0,20,15
1656703506199,ECE 45,A01,083139,Congero; Spencer William,5,0,75,70
1656703512223,ECE 65,A50,083695,Saad; Andrew S,12,0,30,18
1656703512223,ECE 65,A51,095125,Saad; Andrew S,25,0,26,1
1656703518246,ECE 109,A01,091882,Touri; Behrouz,13,0,70,57
1656703524268,ECE 180,A00,083140,Abi Samra; Nicholas Camill,1,0,30,29
1656703524268,ECE 180,B00,083141,Abi Samra; Nicholas Camill,0,0,30,30
1656703530296,MATH 10A,A01,083735,Patchell; Gregory David,0,0,30,30
1656703530296,MATH 10A,A02,083736,Patchell; Gregory David,20,0,30,10
1656703530296,MATH 10A,A03,083737,Patchell; Gregory David,16,0,30,14
1656703536326,MATH 10B,A01,083207,Lim; Seonhee,7,0,34,27
1656703536326,MATH 10B,A02,083208,Lim; Seonhee,9,0,35,26
1656703536326,MATH 10B,A03,093472,Lim; Seonhee,3,0,34,31
1656703536326,MATH 10B,B01,083739,Sinha; Shubham,9,0,30,21
1656703542350,MATH 18,A01,083743,Cinel; Cameron Alexander,6,0,30,24
1656703542350,MATH 18,A02,083744,Cinel; Cameron Alexander,14,0,30,16
1656703542350,MATH 18,A03,083745,Cinel; Cameron Alexander,7,0,30,23
1656703542350,MATH 18,B01,083748,Rideout; David Porter,2,0,37,35
1656703542350,MATH 18,B02,083749,Rideout; David Porter,2,0,36,34
1656703542350,MATH 18,B03,083750,Rideout; David Porter,1,0,37,36
1656703542350,MATH 18,B04,083751,Rideout; David Porter,4,0,36,32
1656703542350,MATH 18,B05,093473,Rideout; David Porter,4,0,36,32
1656703542350,MATH 18,B06,093474,Rideout; David Porter,4,0,36,32
1656703548374,MATH 20A,A01,083754,Zheng; Zequn,12,0,40,28
1656703554402,MATH 20B,A01,083756,Briones; Jor-el Thomas Caparas,1,1,36,35
1656703554402,MATH 20B,A02,083757,Briones; Jor-el Thomas Caparas,0,0,36,36
1656703554402,MATH 20B,A03,093475,Briones; Jor-el Thomas Caparas,1,0,36,35
1656703560427,MATH 20C,A01,083760,Briones; Jor-el Thomas Caparas,0,0,35,35
1656703560427,MATH 20C,A02,083761,Briones; Jor-el Thomas Caparas,8,0,35,27
1656703560427,MATH 20C,A03,093476,Briones; Jor-el Thomas Caparas,0,1,36,36
1656703560427,MATH 20C,B01,083762,Bach; Quang Tran,0,0,30,30
1656703566471,MATH 20D,A01,083765,Tran; Brian Kha,4,0,30,26
1656703566471,MATH 20D,A02,083766,Tran; Brian Kha,4,0,30,26
1656703566471,MATH 20D,A03,083767,Tran; Brian Kha,1,0,30,29
1656703572501,MATH 20E,A01,083771,Ganguly; Soumya,4,0,32,28
1656703572501,MATH 20E,A02,083772,Ganguly; Soumya,3,0,32,29
1656703572501,MATH 20E,B01,083773,Ciotti; Benjamin,18,0,35,17
1656703572501,MATH 20E,B02,083774,Ciotti; Benjamin,18,0,35,17
1656703578526,MATH 103A,A01,083777,Greenfeld; Be'Eri,2,0,36,34
1656703578526,MATH 103A,A02,083778,Greenfeld; Be'Eri,5,0,36,31
1656703578526,MATH 103A,A03,093561,Greenfeld; Be'Eri,4,0,36,32
1656703578526,MATH 103A,B01,083779,Greenfeld; Be'Eri,6,0,36,30
1656703578526,MATH 103A,B02,083780,Greenfeld; Be'Eri,2,0,36,34
1656703578526,MATH 103A,B03,093562,Greenfeld; Be'Eri,2,0,36,34
1656703584550,MATH 105,A01,085443,Carter; Anne Toulson,13,0,35,22
1656703584550,MATH 105,A02,093477,Carter; Anne Toulson,20,0,35,15
1656703590649,MATH 109,A01,083213,Ganzberger; Geoffrey Michael,0,0,34,34
1656703590649,MATH 109,A02,083214,Ganzberger; Geoffrey Michael,1,0,34,33
1656703590649,MATH 109,A03,093478,Ganzberger; Geoffrey Michael,2,0,34,32
1656703590649,MATH 109,B01,083215,Ganzberger; Geoffrey Michael,1,0,32,31
1656703590649,MATH 109,B02,083216,Ganzberger; Geoffrey Michael,2,0,32,30
1656703590649,MATH 109,B03,093479,Ganzberger; Geoffrey Michael,7,0,32,25
1656703596676,MATH 142A,A01,083219,Chow; Bennett,4,0,32,28
1656703596676,MATH 142A,A02,083220,Chow; Bennett,9,0,32,23
1656703596676,MATH 142A,A03,093480,Chow; Bennett,6,0,32,26
1656703596676,MATH 142A,B03,093481,Chow; Bennett,5,0,32,27
1656703596676,MATH 142A,B04,093558,Chow; Bennett,10,0,32,22
1656703596676,MATH 142A,B05,093559,Chow; Bennett,4,0,32,28
1656703602710,MATH 193A,A01,083224,Rotar; Vladimir,4,0,34,30
1656703602710,MATH 193A,A02,083225,Rotar; Vladimir,2,0,34,32
1656703602710,MATH 193A,A03,083781,Rotar; Vladimir,1,0,34,33
1656703602710,MATH 193A,A04,083782,Rotar; Vladimir,4,0,34,30
1656703602710,MATH 193A,A05,093482,Rotar; Vladimir,5,0,34,29
1656703608738,MATH 197,001,091859,McAuley; Julian John,9999,0,9999,0
1656703608738,MATH 197,002,095566,Kedlaya; Kiran S.,9997,0,9999,2
1656703608738,MATH 197,003,095567,Xiao; Ming,9999,0,9999,0
1656703608738,MATH 197,004,095571,Perols; Johan Lars,9998,0,9999,1
1656703615799,COGS 9,A01,083615,Shannon; Kyle Michael,5,0,75,70
1656703621822,COGS 11,A01,083617,Boyle; Mary E. T.,17,0,48,31
1656703627843,COGS 13,A01,083071,Bastos; Amalia Pinkusfeld,6,0,71,65
1656703633878,COGS 14A,A01,092681,Semenuks; Arturs,0,2,100,101
1656703639902,COGS 14B,A01,083073,Cheng; Tzu-Han,3,0,63,60
1656703645927,COGS 17,A01,092677,Semenuks; Arturs,4,0,81,77
1656703651951,COGS 100,A01,083619,Allen; Michael Gordon,13,0,70,57
1656703657979,COGS 101A,A01,083621,Davis; Joshua Daniel,9,0,68,59
1656703664012,COGS 101B,A01,091572,Allen; Michael Gordon,3,0,65,62
1656703670035,COGS 101C,A01,083625,Delgado; Tania,17,0,35,18
1656703676058,COGS 107A,A01,083627,Boyle; Mary E. T.,11,0,60,49
1656703682092,COGS 118A,A01,083075,Gupta; Anjum,13,0,76,63
1656703688118,CSE 3,A50,083646,Miranda; Gregory Joseph,22,0,50,28
1656703694144,CSE 8A,A50,083650,Miranda; Gregory Joseph,16,1,56,40
1656703700172,CSE 11,A01,083080,Cao; Yingjun,2,17,40,38
1656703706202,CSE 12,A01,083652,Krause-Levy; Sophia Louisa,19,1,120,101
1656703712232,CSE 15L,A01,083654,Morris; Justin Loren,8,0,50,42
1656703712232,CSE 15L,A02,083655,Morris; Justin Loren,8,0,50,42
1656703718266,CSE 20,A01,083657,Tran; Khoa Dang,36,0,80,44
1656703724309,CSE 21,A01,095574,Bach; Quang Tran,21,0,48,27
1656703730332,CSE 30,A01,083084,Eldon; John,5,0,80,75
1656703730332,CSE 30,B01,095061,Bhaskar; Nishant,3,0,50,47
1656703736357,CSE 100,A01,083659,Cao; Yingjun,1,6,70,69
1656703742382,CSE 134B,A01,083661,Powell; Thomas Allan,17,0,100,83
1656703748403,CSE 140,A01,083663,Gungor; Onat,14,0,85,71
1656703754427,CSE 140L,A01,083088,Eldon; John,16,0,100,84
1656703760454,CSE 175,A01,083665,Kumar; Rakesh,3,0,25,22
1656703766478,CSE 190,A00,092507,Dubnov; Shlomo,5,0,20,15
1656703772501,ECE 45,A01,083139,Congero; Spencer William,5,0,75,70
1656703778537,ECE 65,A50,083695,Saad; Andrew S,12,0,30,18
1656703778537,ECE 65,A51,095125,Saad; Andrew S,25,0,26,1
1656703784562,ECE 109,A01,091882,Touri; Behrouz,13,0,70,57
1656703790588,ECE 180,A00,083140,Abi Samra; Nicholas Camill,1,0,30,29
1656703790588,ECE 180,B00,083141,Abi Samra; Nicholas Camill,0,0,30,30
1656703796613,MATH 10A,A01,083735,Patchell; Gregory David,0,0,30,30
1656703796613,MATH 10A,A02,083736,Patchell; Gregory David,20,0,30,10
1656703796613,MATH 10A,A03,083737,Patchell; Gregory David,16,0,30,14
1656703802638,MATH 10B,A01,083207,Lim; Seonhee,7,0,34,27
1656703802638,MATH 10B,A02,083208,Lim; Seonhee,9,0,35,26
1656703802638,MATH 10B,A03,093472,Lim; Seonhee,3,0,34,31
1656703802638,MATH 10B,B01,083739,Sinha; Shubham,9,0,30,21
1656703808669,MATH 18,A01,083743,Cinel; Cameron Alexander,6,0,30,24
1656703808669,MATH 18,A02,083744,Cinel; Cameron Alexander,14,0,30,16
1656703808669,MATH 18,A03,083745,Cinel; Cameron Alexander,8,0,30,22
1656703808669,MATH 18,B01,083748,Rideout; David Porter,2,0,37,35
1656703808669,MATH 18,B02,083749,Rideout; David Porter,2,0,36,34
1656703808669,MATH 18,B03,083750,Rideout; David Porter,1,0,37,36
1656703808669,MATH 18,B04,083751,Rideout; David Porter,4,0,36,32
1656703808669,MATH 18,B05,093473,Rideout; David Porter,4,0,36,32
1656703808669,MATH 18,B06,093474,Rideout; David Porter,4,0,36,32
1656703814699,MATH 20A,A01,083754,Zheng; Zequn,12,0,40,28
1656703820728,MATH 20B,A01,083756,Briones; Jor-el Thomas Caparas,1,1,36,35
1656703820728,MATH 20B,A02,083757,Briones; Jor-el Thomas Caparas,0,0,36,36
1656703820728,MATH 20B,A03,093475,Briones; Jor-el Thomas Caparas,1,0,36,35
1656703826757,MATH 20C,A01,083760,Briones; Jor-el Thomas Caparas,0,0,35,35
1656703826757,MATH 20C,A02,083761,Briones; Jor-el Thomas Caparas,8,0,35,27
1656703826757,MATH 20C,A03,093476,Briones; Jor-el Thomas Caparas,0,1,36,36
1656703826757,MATH 20C,B01,083762,Bach; Quang Tran,0,0,30,30
1656703832797,MATH 20D,A01,083765,Tran; Brian Kha,4,0,30,26
1656703832797,MATH 20D,A02,083766,Tran; Brian Kha,4,0,30,26
1656703832797,MATH 20D,A03,083767,Tran; Brian Kha,1,0,30,29
1656703838829,MATH 20E,A01,083771,Ganguly; Soumya,4,0,32,28
1656703838829,MATH 20E,A02,083772,Ganguly; Soumya,3,0,32,29
1656703838829,MATH 20E,B01,083773,Ciotti; Benjamin,18,0,35,17
1656703838829,MATH 20E,B02,083774,Ciotti; Benjamin,18,0,35,17
1656703844853,MATH 103A,A01,083777,Greenfeld; Be'Eri,2,0,36,34
1656703844853,MATH 103A,A02,083778,Greenfeld; Be'Eri,5,0,36,31
1656703844853,MATH 103A,A03,093561,Greenfeld; Be'Eri,4,0,36,32
1656703844853,MATH 103A,B01,083779,Greenfeld; Be'Eri,6,0,36,30
1656703844853,MATH 103A,B02,083780,Greenfeld; Be'Eri,2,0,36,34
1656703844853,MATH 103A,B03,093562,Greenfeld; Be'Eri,2,0,36,34
1656703850888,MATH 105,A01,085443,Carter; Anne Toulson,13,0,35,22
1656703850888,MATH 105,A02,093477,Carter; Anne Toulson,20,0,35,15
1656703856912,MATH 109,A01,083213,Ganzberger; Geoffrey Michael,0,0,34,34
1656703856912,MATH 109,A02,083214,Ganzberger; Geoffrey Michael,1,0,34,33
1656703856912,MATH 109,A03,093478,Ganzberger; Geoffrey Michael,2,0,34,32
1656703856912,MATH 109,B01,083215,Ganzberger; Geoffrey Michael,1,0,32,31
1656703856912,MATH 109,B02,083216,Ganzberger; Geoffrey Michael,2,0,32,30
1656703856912,MATH 109,B03,093479,Ganzberger; Geoffrey Michael,7,0,32,25
1656703862936,MATH 142A,A01,083219,Chow; Bennett,4,0,32,28
1656703862936,MATH 142A,A02,083220,Chow; Bennett,9,0,32,23
1656703862936,MATH 142A,A03,093480,Chow; Bennett,6,0,32,26
1656703862936,MATH 142A,B03,093481,Chow; Bennett,5,0,32,27
1656703862936,MATH 142A,B04,093558,Chow; Bennett,10,0,32,22
1656703862936,MATH 142A,B05,093559,Chow; Bennett,4,0,32,28
1656703868974,MATH 193A,A01,083224,Rotar; Vladimir,4,0,34,30
1656703868974,MATH 193A,A02,083225,Rotar; Vladimir,2,0,34,32
1656703868974,MATH 193A,A03,083781,Rotar; Vladimir,1,0,34,33
1656703868974,MATH 193A,A04,083782,Rotar; Vladimir,4,0,34,30
1656703868974,MATH 193A,A05,093482,Rotar; Vladimir,5,0,34,29
1656703874997,MATH 197,001,091859,McAuley; Julian John,9999,0,9999,0
1656703874997,MATH 197,002,095566,Kedlaya; Kiran S.,9997,0,9999,2
1656703874997,MATH 197,003,095567,Xiao; Ming,9999,0,9999,0
1656703874997,MATH 197,004,095571,Perols; Johan Lars,9998,0,9999,1
1656703882136,COGS 9,A01,083615,Shannon; Kyle Michael,5,0,75,70
1656703888164,COGS 11,A01,083617,Boyle; Mary E. T.,17,0,48,31
1656703894195,COGS 13,A01,083071,Bastos; Amalia Pinkusfeld,6,0,71,65
1656703900217,COGS 14A,A01,092681,Semenuks; Arturs,0,2,100,101
1656703906244,COGS 14B,A01,083073,Cheng; Tzu-Han,3,0,63,60
1656703912266,COGS 17,A01,092677,Semenuks; Arturs,4,0,81,77
1656703918288,COGS 100,A01,083619,Allen; Michael Gordon,13,0,70,57
1656703924312,COGS 101A,A01,083621,Davis; Joshua Daniel,10,0,68,58
1656703930335,COGS 101B,A01,091572,Allen; Michael Gordon,3,0,65,62
1656703936366,COGS 101C,A01,083625,Delgado; Tania,17,0,35,18
1656703942392,COGS 107A,A01,083627,Boyle; Mary E. T.,11,0,60,49
1656703948419,COGS 118A,A01,083075,Gupta; Anjum,13,0,76,63
1656703954442,CSE 3,A50,083646,Miranda; Gregory Joseph,22,0,50,28
1656703960465,CSE 8A,A50,083650,Miranda; Gregory Joseph,16,1,56,40
1656703966489,CSE 11,A01,083080,Cao; Yingjun,2,17,40,38
1656703972521,CSE 12,A01,083652,Krause-Levy; Sophia Louisa,19,1,120,101
1656703978545,CSE 15L,A01,083654,Morris; Justin Loren,8,0,50,42
1656703978545,CSE 15L,A02,083655,Morris; Justin Loren,8,0,50,42
1656703984568,CSE 20,A01,083657,Tran; Khoa Dang,36,0,80,44
1656703990592,CSE 21,A01,095574,Bach; Quang Tran,21,0,48,27
1656703996616,CSE 30,A01,083084,Eldon; John,5,0,80,75
1656703996616,CSE 30,B01,095061,Bhaskar; Nishant,3,0,50,47
1656704002638,CSE 100,A01,083659,Cao; Yingjun,1,6,70,69
1656704008661,CSE 134B,A01,083661,Powell; Thomas Allan,17,0,100,83
1656704014687,CSE 140,A01,083663,Gungor; Onat,14,0,85,71
1656704020711,CSE 140L,A01,083088,Eldon; John,16,0,100,84
1656704026732,CSE 175,A01,083665,Kumar; Rakesh,3,0,25,22
1656704032758,CSE 190,A00,092507,Dubnov; Shlomo,5,0,20,15
1656704038782,ECE 45,A01,083139,Congero; Spencer William,5,0,75,70
1656704044806,ECE 65,A50,083695,Saad; Andrew S,12,0,30,18
1656704044806,ECE 65,A51,095125,Saad; Andrew S,25,0,26,1
1656704050845,ECE 109,A01,091882,Touri; Behrouz,13,0,70,57
1656704056878,ECE 180,A00,083140,Abi Samra; Nicholas Camill,1,0,30,29
1656704056878,ECE 180,B00,083141,Abi Samra; Nicholas Camill,0,0,30,30
1656704062900,MATH 10A,A01,083735,Patchell; Gregory David,0,0,30,30
1656704062900,MATH 10A,A02,083736,Patchell; Gregory David,20,0,30,10
1656704062900,MATH 10A,A03,083737,Patchell; Gregory David,16,0,30,14
1656704068925,MATH 10B,A01,083207,Lim; Seonhee,7,0,34,27
1656704068925,MATH 10B,A02,083208,Lim; Seonhee,9,0,35,26
1656704068925,MATH 10B,A03,093472,Lim; Seonhee,3,0,34,31
1656704068925,MATH 10B,B01,083739,Sinha; Shubham,9,0,30,21
1656704074971,MATH 18,A01,083743,Cinel; Cameron Alexander,6,0,30,24
1656704074971,MATH 18,A02,083744,Cinel; Cameron Alexander,14,0,30,16
1656704074971,MATH 18,A03,083745,Cinel; Cameron Alexander,8,0,30,22
1656704074971,MATH 18,B01,083748,Rideout; David Porter,2,0,37,35
1656704074971,MATH 18,B02,083749,Rideout; David Porter,2,0,36,34
1656704074971,MATH 18,B03,083750,Rideout; David Porter,1,0,37,36
1656704074971,MATH 18,B04,083751,Rideout; David Porter,4,0,36,32
1656704074971,MATH 18,B05,093473,Rideout; David Porter,4,0,36,32
1656704074971,MATH 18,B06,093474,Rideout; David Porter,4,0,36,32
1656704081004,MATH 20A,A01,083754,Zheng; Zequn,12,0,40,28
1656704087040,MATH 20B,A01,083756,Briones; Jor-el Thomas Caparas,1,1,36,35
1656704087040,MATH 20B,A02,083757,Briones; Jor-el Thomas Caparas,0,0,36,36
1656704087040,MATH 20B,A03,093475,Briones; Jor-el Thomas Caparas,1,0,36,35
1656704093064,MATH 20C,A01,083760,Briones; Jor-el Thomas Caparas,0,0,35,35
1656704093064,MATH 20C,A02,083761,Briones; Jor-el Thomas Caparas,8,0,35,27
1656704093064,MATH 20C,A03,093476,Briones; Jor-el Thomas Caparas,0,1,36,36
1656704093064,MATH 20C,B01,083762,Bach; Quang Tran,0,0,30,30
1656704099088,MATH 20D,A01,083765,Tran; Brian Kha,4,0,30,26
1656704099088,MATH 20D,A02,083766,Tran; Brian Kha,4,0,30,26
1656704099088,MATH 20D,A03,083767,Tran; Brian Kha,1,0,30,29
1656704105112,MATH 20E,A01,083771,Ganguly; Soumya,4,0,32,28
1656704105112,MATH 20E,A02,083772,Ganguly; Soumya,3,0,32,29
1656704105112,MATH 20E,B01,083773,Ciotti; Benjamin,18,0,35,17
1656704105112,MATH 20E,B02,083774,Ciotti; Benjamin,18,0,35,17
1656704111149,MATH 103A,A01,083777,Greenfeld; Be'Eri,2,0,36,34
1656704111149,MATH 103A,A02,083778,Greenfeld; Be'Eri,5,0,36,31
1656704111149,MATH 103A,A03,093561,Greenfeld; Be'Eri,4,0,36,32
1656704111149,MATH 103A,B01,083779,Greenfeld; Be'Eri,6,0,36,30
1656704111149,MATH 103A,B02,083780,Greenfeld; Be'Eri,2,0,36,34
1656704111149,MATH 103A,B03,093562,Greenfeld; Be'Eri,2,0,36,34
1656704117173,MATH 105,A01,085443,Carter; Anne Toulson,13,0,35,22
1656704117173,MATH 105,A02,093477,Carter; Anne Toulson,20,0,35,15
1656704123198,MATH 109,A01,083213,Ganzberger; Geoffrey Michael,0,0,34,34
1656704123198,MATH 109,A02,083214,Ganzberger; Geoffrey Michael,1,0,34,33
1656704123198,MATH 109,A03,093478,Ganzberger; Geoffrey Michael,2,0,34,32
1656704123198,MATH 109,B01,083215,Ganzberger; Geoffrey Michael,1,0,32,31
1656704123198,MATH 109,B02,083216,Ganzberger; Geoffrey Michael,2,0,32,30
1656704123198,MATH 109,B03,093479,Ganzberger; Geoffrey Michael,7,0,32,25
1656704129222,MATH 142A,A01,083219,Chow; Bennett,4,0,32,28
1656704129222,MATH 142A,A02,083220,Chow; Bennett,9,0,32,23
1656704129222,MATH 142A,A03,093480,Chow; Bennett,6,0,32,26
1656704129222,MATH 142A,B03,093481,Chow; Bennett,5,0,32,27
1656704129222,MATH 142A,B04,093558,Chow; Bennett,10,0,32,22
1656704129222,MATH 142A,B05,093559,Chow; Bennett,4,0,32,28
1656704135252,MATH 193A,A01,083224,Rotar; Vladimir,4,0,34,30
1656704135252,MATH 193A,A02,083225,Rotar; Vladimir,2,0,34,32
1656704135252,MATH 193A,A03,083781,Rotar; Vladimir,1,0,34,33
1656704135252,MATH 193A,A04,083782,Rotar; Vladimir,4,0,34,30
1656704135252,MATH 193A,A05,093482,Rotar; Vladimir,5,0,34,29
1656704141274,MATH 197,001,091859,McAuley; Julian John,9999,0,9999,0
1656704141274,MATH 197,002,095566,Kedlaya; Kiran S.,9997,0,9999,2
1656704141274,MATH 197,003,095567,Xiao; Ming,9999,0,9999,0
1656704141274,MATH 197,004,095571,Perols; Johan Lars,9998,0,9999,1
1656704148336,COGS 9,A01,083615,Shannon; Kyle Michael,5,0,75,70
1656704154358,COGS 11,A01,083617,Boyle; Mary E. T.,17,0,48,31
1656704160390,COGS 13,A01,083071,Bastos; Amalia Pinkusfeld,6,0,71,65
1656704166418,COGS 14A,A01,092681,Semenuks; Arturs,0,2,100,101
1656704172463,COGS 14B,A01,083073,Cheng; Tzu-Han,3,0,63,60
1656704178487,COGS 17,A01,092677,Semenuks; Arturs,4,0,81,77
1656704184584,COGS 100,A01,083619,Allen; Michael Gordon,13,0,70,57
1656704190607,COGS 101A,A01,083621,Davis; Joshua Daniel,9,0,68,59
1656704196639,COGS 101B,A01,091572,Allen; Michael Gordon,3,0,65,62
1656704202661,COGS 101C,A01,083625,Delgado; Tania,17,0,35,18
1656704208686,COGS 107A,A01,083627,Boyle; Mary E. T.,11,0,60,49
1656704214710,COGS 118A,A01,083075,Gupta; Anjum,13,0,76,63
1656704220735,CSE 3,A50,083646,Miranda; Gregory Joseph,22,0,50,28
1656704226768,CSE 8A,A50,083650,Miranda; Gregory Joseph,16,1,56,40
1656704232791,CSE 11,A01,083080,Cao; Yingjun,2,17,40,38
1656704238814,CSE 12,A01,083652,Krause-Levy; Sophia Louisa,19,1,120,101
1656704244836,CSE 15L,A01,083654,Morris; Justin Loren,8,0,50,42
1656704244836,CSE 15L,A02,083655,Morris; Justin Loren,8,0,50,42
1656704250859,CSE 20,A01,083657,Tran; Khoa Dang,36,0,80,44
1656704256885,CSE 21,A01,095574,Bach; Quang Tran,21,0,48,27
1656704262913,CSE 30,A01,083084,Eldon; John,5,0,80,75
1656704262913,CSE 30,B01,095061,Bhaskar; Nishant,3,0,50,47
1656704268939,CSE 100,A01,083659,Cao; Yingjun,1,6,70,69
1656704274962,CSE 134B,A01,083661,Powell; Thomas Allan,17,0,100,83
1656704280997,CSE 140,A01,083663,Gungor; Onat,14,0,85,71
1656704287027,CSE 140L,A01,083088,Eldon; John,16,0,100,84
1656704293053,CSE 175,A01,083665,Kumar; Rakesh,3,0,25,22
1656704299081,CSE 190,A00,092507,Dubnov; Shlomo,5,0,20,15
1656704305110,ECE 45,A01,083139,Congero; Spencer William,5,0,75,70
1656704311133,ECE 65,A50,083695,Saad; Andrew S,12,0,30,18
1656704311133,ECE 65,A51,095125,Saad; Andrew S,25,0,26,1
1656704317158,ECE 109,A01,091882,Touri; Behrouz,13,0,70,57
1656704323186,ECE 180,A00,083140,Abi Samra; Nicholas Camill,1,0,30,29
1656704323186,ECE 180,B00,083141,Abi Samra; Nicholas Camill,0,0,30,30
1656704329209,MATH 10A,A01,083735,Patchell; Gregory David,0,0,30,30
1656704329209,MATH 10A,A02,083736,Patchell; Gregory David,20,0,30,10
1656704329209,MATH 10A,A03,083737,Patchell; Gregory David,16,0,30,14
1656704335234,MATH 10B,A01,083207,Lim; Seonhee,7,0,34,27
1656704335234,MATH 10B,A02,083208,Lim; Seonhee,9,0,35,26
1656704335234,MATH 10B,A03,093472,Lim; Seonhee,3,0,34,31
1656704335234,MATH 10B,B01,083739,Sinha; Shubham,9,0,30,21
1656704341260,MATH 18,A01,083743,Cinel; Cameron Alexander,6,0,30,24
1656704341260,MATH 18,A02,083744,Cinel; Cameron Alexander,14,0,30,16
1656704341260,MATH 18,A03,083745,Cinel; Cameron Alexander,8,0,30,22
1656704341260,MATH 18,B01,083748,Rideout; David Porter,2,0,37,35
1656704341260,MATH 18,B02,083749,Rideout; David Porter,2,0,36,34
1656704341260,MATH 18,B03,083750,Rideout; David Porter,1,0,37,36
1656704341260,MATH 18,B04,083751,Rideout; David Porter,4,0,36,32
1656704341260,MATH 18,B05,093473,Rideout; David Porter,4,0,36,32
1656704341260,MATH 18,B06,093474,Rideout; David Porter,4,0,36,32
1656704347284,MATH 20A,A01,083754,Zheng; Zequn,12,0,40,28
1656704353310,MATH 20B,A01,083756,Briones; Jor-el Thomas Caparas,1,1,36,35
1656704353310,MATH 20B,A02,083757,Briones; Jor-el Thomas Caparas,0,0,36,36
1656704353310,MATH 20B,A03,093475,Briones; Jor-el Thomas Caparas,1,0,36,35
1656704359338,MATH 20C,A01,083760,Briones; Jor-el Thomas Caparas,0,0,35,35
1656704359338,MATH 20C,A02,083761,Briones; Jor-el Thomas Caparas,8,0,35,27
1656704359338,MATH 20C,A03,093476,Briones; Jor-el Thomas Caparas,0,1,36,36
1656704359338,MATH 20C,B01,083762,Bach; Quang Tran,0,0,30,30
1656704365376,MATH 20D,A01,083765,Tran; Brian Kha,4,0,30,26
1656704365376,MATH 20D,A02,083766,Tran; Brian Kha,4,0,30,26
1656704365376,MATH 20D,A03,083767,Tran; Brian Kha,1,0,30,29
1656704371399,MATH 20E,A01,083771,Ganguly; Soumya,4,0,32,28
1656704371399,MATH 20E,A02,083772,Ganguly; Soumya,3,0,32,29
1656704371399,MATH 20E,B01,083773,Ciotti; Benjamin,18,0,35,17
1656704371399,MATH 20E,B02,083774,Ciotti; Benjamin,18,0,35,17
1656704377439,MATH 103A,A01,083777,Greenfeld; Be'Eri,2,0,36,34
1656704377439,MATH 103A,A02,083778,Greenfeld; Be'Eri,5,0,36,31
1656704377439,MATH 103A,A03,093561,Greenfeld; Be'Eri,4,0,36,32
1656704377439,MATH 103A,B01,083779,Greenfeld; Be'Eri,6,0,36,30
1656704377439,MATH 103A,B02,083780,Greenfeld; Be'Eri,2,0,36,34
1656704377439,MATH 103A,B03,093562,Greenfeld; Be'Eri,2,0,36,34
1656704383466,MATH 105,A01,085443,Carter; Anne Toulson,13,0,35,22
1656704383466,MATH 105,A02,093477,Carter; Anne Toulson,20,0,35,15
1656704389493,MATH 109,A01,083213,Ganzberger; Geoffrey Michael,0,0,34,34
1656704389493,MATH 109,A02,083214,Ganzberger; Geoffrey Michael,1,0,34,33
1656704389493,MATH 109,A03,093478,Ganzberger; Geoffrey Michael,2,0,34,32
1656704389493,MATH 109,B01,083215,Ganzberger; Geoffrey Michael,1,0,32,31
1656704389493,MATH 109,B02,083216,Ganzberger; Geoffrey Michael,2,0,32,30
1656704389493,MATH 109,B03,093479,Ganzberger; Geoffrey Michael,7,0,32,25
1656704395523,MATH 142A,A01,083219,Chow; Bennett,4,0,32,28
1656704395523,MATH 142A,A02,083220,Chow; Bennett,9,0,32,23
1656704395523,MATH 142A,A03,093480,Chow; Bennett,6,0,32,26
1656704395523,MATH 142A,B03,093481,Chow; Bennett,5,0,32,27
1656704395523,MATH 142A,B04,093558,Chow; Bennett,10,0,32,22
1656704395523,MATH 142A,B05,093559,Chow; Bennett,4,0,32,28
1656704401552,MATH 193A,A01,083224,Rotar; Vladimir,4,0,34,30
1656704401552,MATH 193A,A02,083225,Rotar; Vladimir,2,0,34,32
1656704401552,MATH 193A,A03,083781,Rotar; Vladimir,1,0,34,33
1656704401552,MATH 193A,A04,083782,Rotar; Vladimir,4,0,34,30
1656704401552,MATH 193A,A05,093482,Rotar; Vladimir,5,0,34,29
1656704407578,MATH 197,001,091859,McAuley; Julian John,9999,0,9999,0
1656704407578,MATH 197,002,095566,Kedlaya; Kiran S.,9997,0,9999,2
1656704407578,MATH 197,003,095567,Xiao; Ming,9999,0,9999,0
1656704407578,MATH 197,004,095571,Perols; Johan Lars,9998,0,9999,1
1656704414643,COGS 9,A01,083615,Shannon; Kyle Michael,5,0,75,70
1656704420672,COGS 11,A01,083617,Boyle; Mary E. T.,17,0,48,31
1656704426700,COGS 13,A01,083071,Bastos; Amalia Pinkusfeld,6,0,71,65
1656704432723,COGS 14A,A01,092681,Semenuks; Arturs,0,2,100,101
1656704438760,COGS 14B,A01,083073,Cheng; Tzu-Han,3,0,63,60
1656704444782,COGS 17,A01,092677,Semenuks; Arturs,4,0,81,77
1656704450810,COGS 100,A01,083619,Allen; Michael Gordon,13,0,70,57
1656704456833,COGS 101A,A01,083621,Davis; Joshua Daniel,9,0,68,59
1656704462856,COGS 101B,A01,091572,Allen; Michael Gordon,3,0,65,62
1656704468878,COGS 101C,A01,083625,Delgado; Tania,17,0,35,18
1656704474905,COGS 107A,A01,083627,Boyle; Mary E. T.,11,0,60,49
1656704480929,COGS 118A,A01,083075,Gupta; Anjum,13,0,76,63
1656704486953,CSE 3,A50,083646,Miranda; Gregory Joseph,22,0,50,28
1656704492976,CSE 8A,A50,083650,Miranda; Gregory Joseph,16,1,56,40
1656704499006,CSE 11,A01,083080,Cao; Yingjun,2,17,40,38
1656704505030,CSE 12,A01,083652,Krause-Levy; Sophia Louisa,19,1,120,101
1656704511056,CSE 15L,A01,083654,Morris; Justin Loren,8,0,50,42
1656704511056,CSE 15L,A02,083655,Morris; Justin Loren,8,0,50,42
1656704517078,CSE 20,A01,083657,Tran; Khoa Dang,36,0,80,44
1656704523106,CSE 21,A01,095574,Bach; Quang Tran,21,0,48,27
1656704529133,CSE 30,A01,083084,Eldon; John,5,0,80,75
1656704529133,CSE 30,B01,095061,Bhaskar; Nishant,3,0,50,47
1656704535172,CSE 100,A01,083659,Cao; Yingjun,1,6,70,69
1656704541198,CSE 134B,A01,083661,Powell; Thomas Allan,17,0,100,83
1656704547222,CSE 140,A01,083663,Gungor; Onat,14,0,85,71
1656704553245,CSE 140L,A01,083088,Eldon; John,16,0,100,84
1656704559283,CSE 175,A01,083665,Kumar; Rakesh,3,0,25,22
1656704565311,CSE 190,A00,092507,Dubnov; Shlomo,5,0,20,15
1656704571342,ECE 45,A01,083139,Congero; Spencer William,5,0,75,70
1656704577383,ECE 65,A50,083695,Saad; Andrew S,12,0,30,18
1656704577383,ECE 65,A51,095125,Saad; Andrew S,25,0,26,1
1656704583419,ECE 109,A01,091882,Touri; Behrouz,13,0,70,57
1656704589447,ECE 180,A00,083140,Abi Samra; Nicholas Camill,1,0,30,29
1656704589447,ECE 180,B00,083141,Abi Samra; Nicholas Camill,0,0,30,30
1656704595471,MATH 10A,A01,083735,Patchell; Gregory David,0,0,30,30
1656704595471,MATH 10A,A02,083736,Patchell; Gregory David,20,0,30,10
1656704595471,MATH 10A,A03,083737,Patchell; Gregory David,16,0,30,14
1656704601494,MATH 10B,A01,083207,Lim; Seonhee,7,0,34,27
1656704601494,MATH 10B,A02,083208,Lim; Seonhee,9,0,35,26
1656704601494,MATH 10B,A03,093472,Lim; Seonhee,3,0,34,31
1656704601494,MATH 10B,B01,083739,Sinha; Shubham,9,0,30,21
1656704607532,MATH 18,A01,083743,Cinel; Cameron Alexander,6,0,30,24
1656704607532,MATH 18,A02,083744,Cinel; Cameron Alexander,14,0,30,16
1656704607532,MATH 18,A03,083745,Cinel; Cameron Alexander,8,0,30,22
1656704607532,MATH 18,B01,083748,Rideout; David Porter,2,0,37,35
1656704607532,MATH 18,B02,083749,Rideout; David Porter,2,0,36,34
1656704607532,MATH 18,B03,083750,Rideout; David Porter,1,0,37,36
1656704607532,MATH 18,B04,083751,Rideout; David Porter,4,0,36,32
1656704607532,MATH 18,B05,093473,Rideout; David Porter,4,0,36,32
1656704607532,MATH 18,B06,093474,Rideout; David Porter,4,0,36,32
1656704613554,MATH 20A,A01,083754,Zheng; Zequn,12,0,40,28
1656704619579,MATH 20B,A01,083756,Briones; Jor-el Thomas Caparas,1,1,36,35
1656704619579,MATH 20B,A02,083757,Briones; Jor-el Thomas Caparas,0,0,36,36
1656704619579,MATH 20B,A03,093475,Briones; Jor-el Thomas Caparas,1,0,36,35
1656704625615,MATH 20C,A01,083760,Briones; Jor-el Thomas Caparas,0,0,35,35
1656704625615,MATH 20C,A02,083761,Briones; Jor-el Thomas Caparas,8,0,35,27
1656704625615,MATH 20C,A03,093476,Briones; Jor-el Thomas Caparas,0,1,36,36
1656704625615,MATH 20C,B01,083762,Bach; Quang Tran,0,0,30,30
1656704631640,MATH 20D,A01,083765,Tran; Brian Kha,4,0,30,26
1656704631640,MATH 20D,A02,083766,Tran; Brian Kha,4,0,30,26
1656704631640,MATH 20D,A03,083767,Tran; Brian Kha,1,0,30,29
1656704637667,MATH 20E,A01,083771,Ganguly; Soumya,4,0,32,28
1656704637667,MATH 20E,A02,083772,Ganguly; Soumya,3,0,32,29
1656704637667,MATH 20E,B01,083773,Ciotti; Benjamin,18,0,35,17
1656704637667,MATH 20E,B02,083774,Ciotti; Benjamin,18,0,35,17
1656704643698,MATH 103A,A01,083777,Greenfeld; Be'Eri,2,0,36,34
1656704643698,MATH 103A,A02,083778,Greenfeld; Be'Eri,5,0,36,31
1656704643698,MATH 103A,A03,093561,Greenfeld; Be'Eri,4,0,36,32
1656704643698,MATH 103A,B01,083779,Greenfeld; Be'Eri,6,0,36,30
1656704643698,MATH 103A,B02,083780,Greenfeld; Be'Eri,2,0,36,34
1656704643698,MATH 103A,B03,093562,Greenfeld; Be'Eri,2,0,36,34
1656704649722,MATH 105,A01,085443,Carter; Anne Toulson,13,0,35,22
1656704649722,MATH 105,A02,093477,Carter; Anne Toulson,20,0,35,15
1656704655752,MATH 109,A01,083213,Ganzberger; Geoffrey Michael,0,0,34,34
1656704655752,MATH 109,A02,083214,Ganzberger; Geoffrey Michael,1,0,34,33
1656704655752,MATH 109,A03,093478,Ganzberger; Geoffrey Michael,2,0,34,32
1656704655752,MATH 109,B01,083215,Ganzberger; Geoffrey Michael,1,0,32,31
1656704655752,MATH 109,B02,083216,Ganzberger; Geoffrey Michael,2,0,32,30
1656704655752,MATH 109,B03,093479,Ganzberger; Geoffrey Michael,7,0,32,25
1656704661778,MATH 142A,A01,083219,Chow; Bennett,4,0,32,28
1656704661778,MATH 142A,A02,083220,Chow; Bennett,9,0,32,23
1656704661778,MATH 142A,A03,093480,Chow; Bennett,6,0,32,26
1656704661778,MATH 142A,B03,093481,Chow; Bennett,5,0,32,27
1656704661778,MATH 142A,B04,093558,Chow; Bennett,10,0,32,22
1656704661778,MATH 142A,B05,093559,Chow; Bennett,4,0,32,28
1656704667808,MATH 193A,A01,083224,Rotar; Vladimir,4,0,34,30
1656704667808,MATH 193A,A02,083225,Rotar; Vladimir,2,0,34,32
1656704667808,MATH 193A,A03,083781,Rotar; Vladimir,1,0,34,33
1656704667808,MATH 193A,A04,083782,Rotar; Vladimir,4,0,34,30
1656704667808,MATH 193A,A05,093482,Rotar; Vladimir,5,0,34,29
1656704673835,MATH 197,001,091859,McAuley; Julian John,9999,0,9999,0
1656704673835,MATH 197,002,095566,Kedlaya; Kiran S.,9997,0,9999,2
1656704673835,MATH 197,003,095567,Xiao; Ming,9999,0,9999,0
1656704673835,MATH 197,004,095571,Perols; Johan Lars,9998,0,9999,1
1656704680893,COGS 9,A01,083615,Shannon; Kyle Michael,5,0,75,70
1656704686916,COGS 11,A01,083617,Boyle; Mary E. T.,17,0,48,31
1656704692945,COGS 13,A01,083071,Bastos; Amalia Pinkusfeld,6,0,71,65
1656704698977,COGS 14A,A01,092681,Semenuks; Arturs,0,2,100,101
1656704705001,COGS 14B,A01,083073,Cheng; Tzu-Han,3,0,63,60
1656704711024,COGS 17,A01,092677,Semenuks; Arturs,4,0,81,77
1656704717054,COGS 100,A01,083619,Allen; Michael Gordon,13,0,70,57
1656704723078,COGS 101A,A01,083621,Davis; Joshua Daniel,9,0,68,59
1656704729106,COGS 101B,A01,091572,Allen; Michael Gordon,3,0,65,62
1656704735129,COGS 101C,A01,083625,Delgado; Tania,17,0,35,18
1656704741152,COGS 107A,A01,083627,Boyle; Mary E. T.,11,0,60,49
1656704747177,COGS 118A,A01,083075,Gupta; Anjum,13,0,76,63
1656704753202,CSE 3,A50,083646,Miranda; Gregory Joseph,22,0,50,28
1656704759224,CSE 8A,A50,083650,Miranda; Gregory Joseph,16,1,56,40
1656704765250,CSE 11,A01,083080,Cao; Yingjun,2,17,40,38
1656704771274,CSE 12,A01,083652,Krause-Levy; Sophia Louisa,19,1,120,101
1656704777297,CSE 15L,A01,083654,Morris; Justin Loren,8,0,50,42
1656704777297,CSE 15L,A02,083655,Morris; Justin Loren,8,0,50,42
1656704783415,CSE 20,A01,083657,Tran; Khoa Dang,36,0,80,44
1656704789447,CSE 21,A01,095574,Bach; Quang Tran,21,0,48,27
1656704795478,CSE 30,A01,083084,Eldon; John,5,0,80,75
1656704795478,CSE 30,B01,095061,Bhaskar; Nishant,3,0,50,47
1656704801505,CSE 100,A01,083659,Cao; Yingjun,1,6,70,69
1656704807528,CSE 134B,A01,083661,Powell; Thomas Allan,17,0,100,83
1656704813559,CSE 140,A01,083663,Gungor; Onat,14,0,85,71
1656704819587,CSE 140L,A01,083088,Eldon; John,16,0,100,84
1656704825609,CSE 175,A01,083665,Kumar; Rakesh,3,0,25,22
1656704831634,CSE 190,A00,092507,Dubnov; Shlomo,5,0,20,15
1656704837661,ECE 45,A01,083139,Congero; Spencer William,5,0,75,70
1656704843688,ECE 65,A50,083695,Saad; Andrew S,12,0,30,18
1656704843688,ECE 65,A51,095125,Saad; Andrew S,25,0,26,1
1656704849710,ECE 109,A01,091882,Touri; Behrouz,13,0,70,57
1656704855734,ECE 180,A00,083140,Abi Samra; Nicholas Camill,1,0,30,29
1656704855734,ECE 180,B00,083141,Abi Samra; Nicholas Camill,0,0,30,30
1656704861764,MATH 10A,A01,083735,Patchell; Gregory David,0,0,30,30
1656704861764,MATH 10A,A02,083736,Patchell; Gregory David,20,0,30,10
1656704861764,MATH 10A,A03,083737,Patchell; Gregory David,16,0,30,14
1656704867787,MATH 10B,A01,083207,Lim; Seonhee,7,0,34,27
1656704867787,MATH 10B,A02,083208,Lim; Seonhee,9,0,35,26
1656704867787,MATH 10B,A03,093472,Lim; Seonhee,3,0,34,31
1656704867787,MATH 10B,B01,083739,Sinha; Shubham,9,0,30,21
1656704873822,MATH 18,A01,083743,Cinel; Cameron Alexander,6,0,30,24
1656704873822,MATH 18,A02,083744,Cinel; Cameron Alexander,14,0,30,16
1656704873822,MATH 18,A03,083745,Cinel; Cameron Alexander,8,0,30,22
1656704873822,MATH 18,B01,083748,Rideout; David Porter,2,0,37,35
1656704873822,MATH 18,B02,083749,Rideout; David Porter,2,0,36,34
1656704873822,MATH 18,B03,083750,Rideout; David Porter,1,0,37,36
1656704873822,MATH 18,B04,083751,Rideout; David Porter,4,0,36,32
1656704873822,MATH 18,B05,093473,Rideout; David Porter,4,0,36,32
1656704873822,MATH 18,B06,093474,Rideout; David Porter,4,0,36,32
1656704879852,MATH 20A,A01,083754,Zheng; Zequn,12,0,40,28
1656704885877,MATH 20B,A01,083756,Briones; Jor-el Thomas Caparas,1,1,36,35
1656704885877,MATH 20B,A02,083757,Briones; Jor-el Thomas Caparas,0,0,36,36
1656704885877,MATH 20B,A03,093475,Briones; Jor-el Thomas Caparas,1,0,36,35
1656704891911,MATH 20C,A01,083760,Briones; Jor-el Thomas Caparas,0,0,35,35
1656704891911,MATH 20C,A02,083761,Briones; Jor-el Thomas Caparas,8,0,35,27
1656704891911,MATH 20C,A03,093476,Briones; Jor-el Thomas Caparas,0,1,36,36
1656704891911,MATH 20C,B01,083762,Bach; Quang Tran,0,0,30,30
1656704897936,MATH 20D,A01,083765,Tran; Brian Kha,4,0,30,26
1656704897936,MATH 20D,A02,083766,Tran; Brian Kha,4,0,30,26
1656704897936,MATH 20D,A03,083767,Tran; Brian Kha,1,0,30,29
1656704903962,MATH 20E,A01,083771,Ganguly; Soumya,4,0,32,28
1656704903962,MATH 20E,A02,083772,Ganguly; Soumya,3,0,32,29
1656704903962,MATH 20E,B01,083773,Ciotti; Benjamin,18,0,35,17
1656704903962,MATH 20E,B02,083774,Ciotti; Benjamin,18,0,35,17
1656704909990,MATH 103A,A01,083777,Greenfeld; Be'Eri,2,0,36,34
1656704909990,MATH 103A,A02,083778,Greenfeld; Be'Eri,5,0,36,31
1656704909990,MATH 103A,A03,093561,Greenfeld; Be'Eri,4,0,36,32
1656704909990,MATH 103A,B01,083779,Greenfeld; Be'Eri,6,0,36,30
1656704909990,MATH 103A,B02,083780,Greenfeld; Be'Eri,2,0,36,34
1656704909990,MATH 103A,B03,093562,Greenfeld; Be'Eri,2,0,36,34
1656704916014,MATH 105,A01,085443,Carter; Anne Toulson,13,0,35,22
1656704916014,MATH 105,A02,093477,Carter; Anne Toulson,20,0,35,15
1656704922042,MATH 109,A01,083213,Ganzberger; Geoffrey Michael,0,0,34,34
1656704922042,MATH 109,A02,083214,Ganzberger; Geoffrey Michael,1,0,34,33
1656704922042,MATH 109,A03,093478,Ganzberger; Geoffrey Michael,2,0,34,32
1656704922042,MATH 109,B01,083215,Ganzberger; Geoffrey Michael,1,0,32,31
1656704922042,MATH 109,B02,083216,Ganzberger; Geoffrey Michael,2,0,32,30
1656704922042,MATH 109,B03,093479,Ganzberger; Geoffrey Michael,7,0,32,25
1656704928069,MATH 142A,A01,083219,Chow; Bennett,4,0,32,28
1656704928069,MATH 142A,A02,083220,Chow; Bennett,9,0,32,23
1656704928069,MATH 142A,A03,093480,Chow; Bennett,6,0,32,26
1656704928069,MATH 142A,B03,093481,Chow; Bennett,5,0,32,27
1656704928069,MATH 142A,B04,093558,Chow; Bennett,10,0,32,22
1656704928069,MATH 142A,B05,093559,Chow; Bennett,4,0,32,28
1656704934094,MATH 193A,A01,083224,Rotar; Vladimir,4,0,34,30
1656704934094,MATH 193A,A02,083225,Rotar; Vladimir,2,0,34,32
1656704934094,MATH 193A,A03,083781,Rotar; Vladimir,1,0,34,33
1656704934094,MATH 193A,A04,083782,Rotar; Vladimir,4,0,34,30
1656704934094,MATH 193A,A05,093482,Rotar; Vladimir,5,0,34,29
1656704940124,MATH 197,001,091859,McAuley; Julian John,9999,0,9999,0
1656704940124,MATH 197,002,095566,Kedlaya; Kiran S.,9997,0,9999,2
1656704940124,MATH 197,003,095567,Xiao; Ming,9999,0,9999,0
1656704940124,MATH 197,004,095571,Perols; Johan Lars,9998,0,9999,1
1656704947176,COGS 9,A01,083615,Shannon; Kyle Michael,5,0,75,70
1656704953200,COGS 11,A01,083617,Boyle; Mary E. T.,17,0,48,31
1656704959222,COGS 13,A01,083071,Bastos; Amalia Pinkusfeld,6,0,71,65
1656704965246,COGS 14A,A01,092681,Semenuks; Arturs,0,2,100,101
1656704971273,COGS 14B,A01,083073,Cheng; Tzu-Han,3,0,63,60
1656704977311,COGS 17,A01,092677,Semenuks; Arturs,4,0,81,77
1656704983341,COGS 100,A01,083619,Allen; Michael Gordon,13,0,70,57
1656704989369,COGS 101A,A01,083621,Davis; Joshua Daniel,9,0,68,59
1656704995392,COGS 101B,A01,091572,Allen; Michael Gordon,3,0,65,62
1656705001419,COGS 101C,A01,083625,Delgado; Tania,17,0,35,18
1656705007449,COGS 107A,A01,083627,Boyle; Mary E. T.,11,0,60,49
1656705013473,COGS 118A,A01,083075,Gupta; Anjum,13,0,76,63
1656705019497,CSE 3,A50,083646,Miranda; Gregory Joseph,22,0,50,28
1656705025525,CSE 8A,A50,083650,Miranda; Gregory Joseph,16,1,56,40
1656705031552,CSE 11,A01,083080,Cao; Yingjun,2,17,40,38
1656705037574,CSE 12,A01,083652,Krause-Levy; Sophia Louisa,19,1,120,101
1656705043597,CSE 15L,A01,083654,Morris; Justin Loren,8,0,50,42
1656705043597,CSE 15L,A02,083655,Morris; Justin Loren,8,0,50,42
1656705049624,CSE 20,A01,083657,Tran; Khoa Dang,36,0,80,44
1656705055651,CSE 21,A01,095574,Bach; Quang Tran,21,0,48,27
1656705061678,CSE 30,A01,083084,Eldon; John,5,0,80,75
1656705061678,CSE 30,B01,095061,Bhaskar; Nishant,3,0,50,47
1656705067701,CSE 100,A01,083659,Cao; Yingjun,1,6,70,69
1656705073723,CSE 134B,A01,083661,Powell; Thomas Allan,17,0,100,83
1656705079751,CSE 140,A01,083663,Gungor; Onat,14,0,85,71
1656705085776,CSE 140L,A01,083088,Eldon; John,16,0,100,84
1656705091802,CSE 175,A01,083665,Kumar; Rakesh,3,0,25,22
1656705097823,CSE 190,A00,092507,Dubnov; Shlomo,5,0,20,15
1656705103849,ECE 45,A01,083139,Congero; Spencer William,5,0,75,70
1656705109873,ECE 65,A50,083695,Saad; Andrew S,12,0,30,18
1656705109873,ECE 65,A51,095125,Saad; Andrew S,25,0,26,1
1656705115906,ECE 109,A01,091882,Touri; Behrouz,13,0,70,57
1656705121930,ECE 180,A00,083140,Abi Samra; Nicholas Camill,1,0,30,29
1656705121930,ECE 180,B00,083141,Abi Samra; Nicholas Camill,0,0,30,30
1656705127951,MATH 10A,A01,083735,Patchell; Gregory David,0,0,30,30
1656705127951,MATH 10A,A02,083736,Patchell; Gregory David,20,0,30,10
1656705127951,MATH 10A,A03,083737,Patchell; Gregory David,16,0,30,14
1656705133980,MATH 10B,A01,083207,Lim; Seonhee,7,0,34,27
1656705133980,MATH 10B,A02,083208,Lim; Seonhee,9,0,35,26
1656705133980,MATH 10B,A03,093472,Lim; Seonhee,3,0,34,31
1656705133980,MATH 10B,B01,083739,Sinha; Shubham,9,0,30,21
1656705140005,MATH 18,A01,083743,Cinel; Cameron Alexander,6,0,30,24
1656705140005,MATH 18,A02,083744,Cinel; Cameron Alexander,14,0,30,16
1656705140005,MATH 18,A03,083745,Cinel; Cameron Alexander,8,0,30,22
1656705140005,MATH 18,B01,083748,Rideout; David Porter,2,0,37,35
1656705140005,MATH 18,B02,083749,Rideout; David Porter,2,0,36,34
1656705140005,MATH 18,B03,083750,Rideout; David Porter,1,0,37,36
1656705140005,MATH 18,B04,083751,Rideout; David Porter,4,0,36,32
1656705140005,MATH 18,B05,093473,Rideout; David Porter,4,0,36,32
1656705140005,MATH 18,B06,093474,Rideout; David Porter,4,0,36,32
1656705146031,MATH 20A,A01,083754,Zheng; Zequn,12,0,40,28
1656705152052,MATH 20B,A01,083756,Briones; Jor-el Thomas Caparas,1,1,36,35
1656705152052,MATH 20B,A02,083757,Briones; Jor-el Thomas Caparas,0,0,36,36
1656705152052,MATH 20B,A03,093475,Briones; Jor-el Thomas Caparas,1,0,36,35
1656705158078,MATH 20C,A01,083760,Briones; Jor-el Thomas Caparas,0,0,35,35
1656705158078,MATH 20C,A02,083761,Briones; Jor-el Thomas Caparas,8,0,35,27
1656705158078,MATH 20C,A03,093476,Briones; Jor-el Thomas Caparas,0,1,36,36
1656705158078,MATH 20C,B01,083762,Bach; Quang Tran,0,0,30,30
1656705164102,MATH 20D,A01,083765,Tran; Brian Kha,4,0,30,26
1656705164102,MATH 20D,A02,083766,Tran; Brian Kha,4,0,30,26
1656705164102,MATH 20D,A03,083767,Tran; Brian Kha,1,0,30,29
1656705170129,MATH 20E,A01,083771,Ganguly; Soumya,4,0,32,28
1656705170129,MATH 20E,A02,083772,Ganguly; Soumya,3,0,32,29
1656705170129,MATH 20E,B01,083773,Ciotti; Benjamin,18,0,35,17
1656705170129,MATH 20E,B02,083774,Ciotti; Benjamin,18,0,35,17
1656705176161,MATH 103A,A01,083777,Greenfeld; Be'Eri,2,0,36,34
1656705176161,MATH 103A,A02,083778,Greenfeld; Be'Eri,5,0,36,31
1656705176161,MATH 103A,A03,093561,Greenfeld; Be'Eri,4,0,36,32
1656705176161,MATH 103A,B01,083779,Greenfeld; Be'Eri,6,0,36,30
1656705176161,MATH 103A,B02,083780,Greenfeld; Be'Eri,2,0,36,34
1656705176161,MATH 103A,B03,093562,Greenfeld; Be'Eri,2,0,36,34
1656705182193,MATH 105,A01,085443,Carter; Anne Toulson,13,0,35,22
1656705182193,MATH 105,A02,093477,Carter; Anne Toulson,20,0,35,15
1656705188218,MATH 109,A01,083213,Ganzberger; Geoffrey Michael,0,0,34,34
1656705188218,MATH 109,A02,083214,Ganzberger; Geoffrey Michael,1,0,34,33
1656705188218,MATH 109,A03,093478,Ganzberger; Geoffrey Michael,2,0,34,32
1656705188218,MATH 109,B01,083215,Ganzberger; Geoffrey Michael,1,0,32,31
1656705188218,MATH 109,B02,083216,Ganzberger; Geoffrey Michael,2,0,32,30
1656705188218,MATH 109,B03,093479,Ganzberger; Geoffrey Michael,7,0,32,25
1656705194248,MATH 142A,A01,083219,Chow; Bennett,4,0,32,28
1656705194248,MATH 142A,A02,083220,Chow; Bennett,9,0,32,23
1656705194248,MATH 142A,A03,093480,Chow; Bennett,6,0,32,26
1656705194248,MATH 142A,B03,093481,Chow; Bennett,5,0,32,27
1656705194248,MATH 142A,B04,093558,Chow; Bennett,10,0,32,22
1656705194248,MATH 142A,B05,093559,Chow; Bennett,4,0,32,28
1656705200272,MATH 193A,A01,083224,Rotar; Vladimir,4,0,34,30
1656705200272,MATH 193A,A02,083225,Rotar; Vladimir,2,0,34,32
1656705200272,MATH 193A,A03,083781,Rotar; Vladimir,1,0,34,33
1656705200272,MATH 193A,A04,083782,Rotar; Vladimir,4,0,34,30
1656705200272,MATH 193A,A05,093482,Rotar; Vladimir,5,0,34,29
1656705206299,MATH 197,001,091859,McAuley; Julian John,9999,0,9999,0
1656705206299,MATH 197,002,095566,Kedlaya; Kiran S.,9997,0,9999,2
1656705206299,MATH 197,003,095567,Xiao; Ming,9999,0,9999,0
1656705206299,MATH 197,004,095571,Perols; Johan Lars,9998,0,9999,1
1656705213353,COGS 9,A01,083615,Shannon; Kyle Michael,5,0,75,70
1656705219377,COGS 11,A01,083617,Boyle; Mary E. T.,17,0,48,31
1656705225405,COGS 13,A01,083071,Bastos; Amalia Pinkusfeld,6,0,71,65
1656705231427,COGS 14A,A01,092681,Semenuks; Arturs,0,2,100,101
1656705237449,COGS 14B,A01,083073,Cheng; Tzu-Han,3,0,63,60
1656705243488,COGS 17,A01,092677,Semenuks; Arturs,4,0,81,77
1656705249515,COGS 100,A01,083619,Allen; Michael Gordon,13,0,70,57
1656705255541,COGS 101A,A01,083621,Davis; Joshua Daniel,9,0,68,59
1656705261571,COGS 101B,A01,091572,Allen; Michael Gordon,3,0,65,62
1656705267600,COGS 101C,A01,083625,Delgado; Tania,17,0,35,18
1656705273634,COGS 107A,A01,083627,Boyle; Mary E. T.,11,0,60,49
1656705279659,COGS 118A,A01,083075,Gupta; Anjum,13,0,76,63
1656705285684,CSE 3,A50,083646,Miranda; Gregory Joseph,22,0,50,28
1656705291708,CSE 8A,A50,083650,Miranda; Gregory Joseph,16,1,56,40
1656705297737,CSE 11,A01,083080,Cao; Yingjun,2,17,40,38
1656705303761,CSE 12,A01,083652,Krause-Levy; Sophia Louisa,19,1,120,101
1656705309787,CSE 15L,A01,083654,Morris; Justin Loren,8,0,50,42
1656705309787,CSE 15L,A02,083655,Morris; Justin Loren,8,0,50,42
1656705315814,CSE 20,A01,083657,Tran; Khoa Dang,36,0,80,44
1656705321838,CSE 21,A01,095574,Bach; Quang Tran,21,0,48,27
1656705327862,CSE 30,A01,083084,Eldon; John,5,0,80,75
1656705327862,CSE 30,B01,095061,Bhaskar; Nishant,3,0,50,47
1656705333896,CSE 100,A01,083659,Cao; Yingjun,1,6,70,69
1656705339920,CSE 134B,A01,083661,Powell; Thomas Allan,17,0,100,83
1656705345943,CSE 140,A01,083663,Gungor; Onat,14,0,85,71
1656705351967,CSE 140L,A01,083088,Eldon; John,16,0,100,84
1656705357991,CSE 175,A01,083665,Kumar; Rakesh,3,0,25,22
1656705364027,CSE 190,A00,092507,Dubnov; Shlomo,5,0,20,15
1656705370051,ECE 45,A01,083139,Congero; Spencer William,5,0,75,70
1656705376075,ECE 65,A50,083695,Saad; Andrew S,12,0,30,18
1656705376075,ECE 65,A51,095125,Saad; Andrew S,25,0,26,1
1656705382187,ECE 109,A01,091882,Touri; Behrouz,13,0,70,57
1656705388216,ECE 180,A00,083140,Abi Samra; Nicholas Camill,1,0,30,29
1656705388216,ECE 180,B00,083141,Abi Samra; Nicholas Camill,0,0,30,30
1656705394245,MATH 10A,A01,083735,Patchell; Gregory David,0,0,30,30
1656705394245,MATH 10A,A02,083736,Patchell; Gregory David,20,0,30,10
1656705394245,MATH 10A,A03,083737,Patchell; Gregory David,16,0,30,14
1656705400267,MATH 10B,A01,083207,Lim; Seonhee,7,0,34,27
1656705400267,MATH 10B,A02,083208,Lim; Seonhee,9,0,35,26
1656705400267,MATH 10B,A03,093472,Lim; Seonhee,3,0,34,31
1656705400267,MATH 10B,B01,083739,Sinha; Shubham,9,0,30,21
1656705406307,MATH 18,A01,083743,Cinel; Cameron Alexander,6,0,30,24
1656705406307,MATH 18,A02,083744,Cinel; Cameron Alexander,14,0,30,16
1656705406307,MATH 18,A03,083745,Cinel; Cameron Alexander,8,0,30,22
1656705406307,MATH 18,B01,083748,Rideout; David Porter,2,0,37,35
1656705406307,MATH 18,B02,083749,Rideout; David Porter,2,0,36,34
1656705406307,MATH 18,B03,083750,Rideout; David Porter,1,0,37,36
1656705406307,MATH 18,B04,083751,Rideout; David Porter,4,0,36,32
1656705406307,MATH 18,B05,093473,Rideout; David Porter,4,0,36,32
1656705406307,MATH 18,B06,093474,Rideout; David Porter,4,0,36,32
1656705412337,MATH 20A,A01,083754,Zheng; Zequn,12,0,40,28
1656705418361,MATH 20B,A01,083756,Briones; Jor-el Thomas Caparas,1,1,36,35
1656705418361,MATH 20B,A02,083757,Briones; Jor-el Thomas Caparas,0,0,36,36
1656705418361,MATH 20B,A03,093475,Briones; Jor-el Thomas Caparas,1,0,36,35
1656705424389,MATH 20C,A01,083760,Briones; Jor-el Thomas Caparas,0,0,35,35
1656705424389,MATH 20C,A02,083761,Briones; Jor-el Thomas Caparas,8,0,35,27
1656705424389,MATH 20C,A03,093476,Briones; Jor-el Thomas Caparas,0,1,36,36
1656705424389,MATH 20C,B01,083762,Bach; Quang Tran,0,0,30,30
1656705430427,MATH 20D,A01,083765,Tran; Brian Kha,4,0,30,26
1656705430427,MATH 20D,A02,083766,Tran; Brian Kha,4,0,30,26
1656705430427,MATH 20D,A03,083767,Tran; Brian Kha,1,0,30,29
1656705436455,MATH 20E,A01,083771,Ganguly; Soumya,4,0,32,28
1656705436455,MATH 20E,A02,083772,Ganguly; Soumya,3,0,32,29
1656705436455,MATH 20E,B01,083773,Ciotti; Benjamin,18,0,35,17
1656705436455,MATH 20E,B02,083774,Ciotti; Benjamin,18,0,35,17
1656705442484,MATH 103A,A01,083777,Greenfeld; Be'Eri,2,0,36,34
1656705442484,MATH 103A,A02,083778,Greenfeld; Be'Eri,5,0,36,31
1656705442484,MATH 103A,A03,093561,Greenfeld; Be'Eri,4,0,36,32
1656705442484,MATH 103A,B01,083779,Greenfeld; Be'Eri,6,0,36,30
1656705442484,MATH 103A,B02,083780,Greenfeld; Be'Eri,2,0,36,34
1656705442484,MATH 103A,B03,093562,Greenfeld; Be'Eri,2,0,36,34
1656705448507,MATH 105,A01,085443,Carter; Anne Toulson,13,0,35,22
1656705448507,MATH 105,A02,093477,Carter; Anne Toulson,20,0,35,15
1656705454536,MATH 109,A01,083213,Ganzberger; Geoffrey Michael,0,0,34,34
1656705454536,MATH 109,A02,083214,Ganzberger; Geoffrey Michael,1,0,34,33
1656705454536,MATH 109,A03,093478,Ganzberger; Geoffrey Michael,2,0,34,32
1656705454536,MATH 109,B01,083215,Ganzberger; Geoffrey Michael,1,0,32,31
1656705454536,MATH 109,B02,083216,Ganzberger; Geoffrey Michael,2,0,32,30
1656705454536,MATH 109,B03,093479,Ganzberger; Geoffrey Michael,7,0,32,25
1656705460562,MATH 142A,A01,083219,Chow; Bennett,4,0,32,28
1656705460562,MATH 142A,A02,083220,Chow; Bennett,9,0,32,23
1656705460562,MATH 142A,A03,093480,Chow; Bennett,6,0,32,26
1656705460562,MATH 142A,B03,093481,Chow; Bennett,5,0,32,27
1656705460562,MATH 142A,B04,093558,Chow; Bennett,10,0,32,22
1656705460562,MATH 142A,B05,093559,Chow; Bennett,4,0,32,28
1656705466585,MATH 193A,A01,083224,Rotar; Vladimir,4,0,34,30
1656705466585,MATH 193A,A02,083225,Rotar; Vladimir,2,0,34,32
1656705466585,MATH 193A,A03,083781,Rotar; Vladimir,1,0,34,33
1656705466585,MATH 193A,A04,083782,Rotar; Vladimir,4,0,34,30
1656705466585,MATH 193A,A05,093482,Rotar; Vladimir,5,0,34,29
1656705472611,MATH 197,001,091859,McAuley; Julian John,9999,0,9999,0
1656705472611,MATH 197,002,095566,Kedlaya; Kiran S.,9997,0,9999,2
1656705472611,MATH 197,003,095567,Xiao; Ming,9999,0,9999,0
1656705472611,MATH 197,004,095571,Perols; Johan Lars,9998,0,9999,1
1656705479668,COGS 9,A01,083615,Shannon; Kyle Michael,5,0,75,70
1656705485695,COGS 11,A01,083617,Boyle; Mary E. T.,17,0,48,31
1656705491722,COGS 13,A01,083071,Bastos; Amalia Pinkusfeld,6,0,71,65
1656705497758,COGS 14A,A01,092681,Semenuks; Arturs,0,2,100,101
1656705503787,COGS 14B,A01,083073,Cheng; Tzu-Han,3,0,63,60
1656705509815,COGS 17,A01,092677,Semenuks; Arturs,4,0,81,77
1656705515857,COGS 100,A01,083619,Allen; Michael Gordon,13,0,70,57
1656705521889,COGS 101A,A01,083621,Davis; Joshua Daniel,9,0,68,59
1656705527913,COGS 101B,A01,091572,Allen; Michael Gordon,3,0,65,62
1656705533940,COGS 101C,A01,083625,Delgado; Tania,17,0,35,18
1656705539962,COGS 107A,A01,083627,Boyle; Mary E. T.,11,0,60,49
1656705545988,COGS 118A,A01,083075,Gupta; Anjum,13,0,76,63
1656705552016,CSE 3,A50,083646,Miranda; Gregory Joseph,22,0,50,28
1656705558046,CSE 8A,A50,083650,Miranda; Gregory Joseph,16,1,56,40
1656705564074,CSE 11,A01,083080,Cao; Yingjun,2,17,40,38
1656705570109,CSE 12,A01,083652,Krause-Levy; Sophia Louisa,19,1,120,101
1656705576141,CSE 15L,A01,083654,Morris; Justin Loren,8,0,50,42
1656705576141,CSE 15L,A02,083655,Morris; Justin Loren,8,0,50,42
1656705582165,CSE 20,A01,083657,Tran; Khoa Dang,36,0,80,44
1656705588188,CSE 21,A01,095574,Bach; Quang Tran,21,0,48,27
1656705594214,CSE 30,A01,083084,Eldon; John,5,0,80,75
1656705594214,CSE 30,B01,095061,Bhaskar; Nishant,3,0,50,47
1656705600239,CSE 100,A01,083659,Cao; Yingjun,1,6,70,69
1656705606270,CSE 134B,A01,083661,Powell; Thomas Allan,17,0,100,83
1656705612293,CSE 140,A01,083663,Gungor; Onat,14,0,85,71
1656705618325,CSE 140L,A01,083088,Eldon; John,16,0,100,84
1656705624352,CSE 175,A01,083665,Kumar; Rakesh,3,0,25,22
1656705630376,CSE 190,A00,092507,Dubnov; Shlomo,5,0,20,15
1656705636402,ECE 45,A01,083139,Congero; Spencer William,5,0,75,70
1656705642434,ECE 65,A50,083695,Saad; Andrew S,12,0,30,18
1656705642434,ECE 65,A51,095125,Saad; Andrew S,25,0,26,1
1656705648460,ECE 109,A01,091882,Touri; Behrouz,13,0,70,57
1656705654485,ECE 180,A00,083140,Abi Samra; Nicholas Camill,1,0,30,29
1656705654485,ECE 180,B00,083141,Abi Samra; Nicholas Camill,0,0,30,30
1656705660513,MATH 10A,A01,083735,Patchell; Gregory David,0,0,30,30
1656705660513,MATH 10A,A02,083736,Patchell; Gregory David,20,0,30,10
1656705660513,MATH 10A,A03,083737,Patchell; Gregory David,16,0,30,14
1656705666543,MATH 10B,A01,083207,Lim; Seonhee,7,0,34,27
1656705666543,MATH 10B,A02,083208,Lim; Seonhee,9,0,35,26
1656705666543,MATH 10B,A03,093472,Lim; Seonhee,3,0,34,31
1656705666543,MATH 10B,B01,083739,Sinha; Shubham,9,0,30,21
1656705672567,MATH 18,A01,083743,Cinel; Cameron Alexander,6,0,30,24
1656705672567,MATH 18,A02,083744,Cinel; Cameron Alexander,14,0,30,16
1656705672567,MATH 18,A03,083745,Cinel; Cameron Alexander,8,0,30,22
1656705672567,MATH 18,B01,083748,Rideout; David Porter,2,0,37,35
1656705672567,MATH 18,B02,083749,Rideout; David Porter,2,0,36,34
1656705672567,MATH 18,B03,083750,Rideout; David Porter,1,0,37,36
1656705672567,MATH 18,B04,083751,Rideout; David Porter,4,0,36,32
1656705672567,MATH 18,B05,093473,Rideout; David Porter,4,0,36,32
1656705672567,MATH 18,B06,093474,Rideout; David Porter,4,0,36,32
1656705678593,MATH 20A,A01,083754,Zheng; Zequn,12,0,40,28
1656705684619,MATH 20B,A01,083756,Briones; Jor-el Thomas Caparas,1,1,36,35
1656705684619,MATH 20B,A02,083757,Briones; Jor-el Thomas Caparas,0,0,36,36
1656705684619,MATH 20B,A03,093475,Briones; Jor-el Thomas Caparas,1,0,36,35
1656705690648,MATH 20C,A01,083760,Briones; Jor-el Thomas Caparas,0,0,35,35
1656705690648,MATH 20C,A02,083761,Briones; Jor-el Thomas Caparas,8,0,35,27
1656705690648,MATH 20C,A03,093476,Briones; Jor-el Thomas Caparas,0,1,36,36
1656705690648,MATH 20C,B01,083762,Bach; Quang Tran,0,0,30,30
1656705696675,MATH 20D,A01,083765,Tran; Brian Kha,4,0,30,26
1656705696675,MATH 20D,A02,083766,Tran; Brian Kha,4,0,30,26
1656705696675,MATH 20D,A03,083767,Tran; Brian Kha,1,0,30,29
1656705702704,MATH 20E,A01,083771,Ganguly; Soumya,4,0,32,28
1656705702704,MATH 20E,A02,083772,Ganguly; Soumya,3,0,32,29
1656705702704,MATH 20E,B01,083773,Ciotti; Benjamin,18,0,35,17
1656705702704,MATH 20E,B02,083774,Ciotti; Benjamin,18,0,35,17
1656705708738,MATH 103A,A01,083777,Greenfeld; Be'Eri,2,0,36,34
1656705708738,MATH 103A,A02,083778,Greenfeld; Be'Eri,5,0,36,31
1656705708738,MATH 103A,A03,093561,Greenfeld; Be'Eri,4,0,36,32
1656705708738,MATH 103A,B01,083779,Greenfeld; Be'Eri,6,0,36,30
1656705708738,MATH 103A,B02,083780,Greenfeld; Be'Eri,2,0,36,34
1656705708738,MATH 103A,B03,093562,Greenfeld; Be'Eri,2,0,36,34
1656705714760,MATH 105,A01,085443,Carter; Anne Toulson,13,0,35,22
1656705714760,MATH 105,A02,093477,Carter; Anne Toulson,20,0,35,15
1656705720787,MATH 109,A01,083213,Ganzberger; Geoffrey Michael,0,0,34,34
1656705720787,MATH 109,A02,083214,Ganzberger; Geoffrey Michael,1,0,34,33
1656705720787,MATH 109,A03,093478,Ganzberger; Geoffrey Michael,2,0,34,32
1656705720787,MATH 109,B01,083215,Ganzberger; Geoffrey Michael,1,0,32,31
1656705720787,MATH 109,B02,083216,Ganzberger; Geoffrey Michael,2,0,32,30
1656705720787,MATH 109,B03,093479,Ganzberger; Geoffrey Michael,7,0,32,25
1656705726817,MATH 142A,A01,083219,Chow; Bennett,4,0,32,28
1656705726817,MATH 142A,A02,083220,Chow; Bennett,9,0,32,23
1656705726817,MATH 142A,A03,093480,Chow; Bennett,6,0,32,26
1656705726817,MATH 142A,B03,093481,Chow; Bennett,5,0,32,27
1656705726817,MATH 142A,B04,093558,Chow; Bennett,10,0,32,22
1656705726817,MATH 142A,B05,093559,Chow; Bennett,4,0,32,28
1656705732844,MATH 193A,A01,083224,Rotar; Vladimir,4,0,34,30
1656705732844,MATH 193A,A02,083225,Rotar; Vladimir,2,0,34,32
1656705732844,MATH 193A,A03,083781,Rotar; Vladimir,1,0,34,33
1656705732844,MATH 193A,A04,083782,Rotar; Vladimir,4,0,34,30
1656705732844,MATH 193A,A05,093482,Rotar; Vladimir,5,0,34,29
1656705738868,MATH 197,001,091859,McAuley; Julian John,9999,0,9999,0
1656705738868,MATH 197,002,095566,Kedlaya; Kiran S.,9997,0,9999,2
1656705738868,MATH 197,003,095567,Xiao; Ming,9999,0,9999,0
1656705738868,MATH 197,004,095571,Perols; Johan Lars,9998,0,9999,1
1656705745918,COGS 9,A01,083615,Shannon; Kyle Michael,5,0,75,70
1656705751941,COGS 11,A01,083617,Boyle; Mary E. T.,17,0,48,31
1656705757962,COGS 13,A01,083071,Bastos; Amalia Pinkusfeld,6,0,71,65
1656705763985,COGS 14A,A01,092681,Semenuks; Arturs,0,2,100,101
1656705770009,COGS 14B,A01,083073,Cheng; Tzu-Han,3,0,63,60
1656705776036,COGS 17,A01,092677,Semenuks; Arturs,4,0,81,77
1656705782059,COGS 100,A01,083619,Allen; Michael Gordon,13,0,70,57
1656705788084,COGS 101A,A01,083621,Davis; Joshua Daniel,9,0,68,59
1656705794111,COGS 101B,A01,091572,Allen; Michael Gordon,3,0,65,62
1656705800134,COGS 101C,A01,083625,Delgado; Tania,17,0,35,18
1656705806163,COGS 107A,A01,083627,Boyle; Mary E. T.,11,0,60,49
1656705812187,COGS 118A,A01,083075,Gupta; Anjum,13,0,76,63
1656705818211,CSE 3,A50,083646,Miranda; Gregory Joseph,22,0,50,28
1656705824237,CSE 8A,A50,083650,Miranda; Gregory Joseph,16,1,56,40
1656705830260,CSE 11,A01,083080,Cao; Yingjun,2,17,40,38
1656705836292,CSE 12,A01,083652,Krause-Levy; Sophia Louisa,19,1,120,101
1656705842319,CSE 15L,A01,083654,Morris; Justin Loren,8,0,50,42
1656705842319,CSE 15L,A02,083655,Morris; Justin Loren,8,0,50,42
1656705848346,CSE 20,A01,083657,Tran; Khoa Dang,36,0,80,44
1656705854370,CSE 21,A01,095574,Bach; Quang Tran,21,0,48,27
1656705860393,CSE 30,A01,083084,Eldon; John,5,0,80,75
1656705860393,CSE 30,B01,095061,Bhaskar; Nishant,3,0,50,47
1656705866416,CSE 100,A01,083659,Cao; Yingjun,1,6,70,69
1656705872441,CSE 134B,A01,083661,Powell; Thomas Allan,17,0,100,83
1656705878465,CSE 140,A01,083663,Gungor; Onat,14,0,85,71
1656705884505,CSE 140L,A01,083088,Eldon; John,16,0,100,84
1656705890528,CSE 175,A01,083665,Kumar; Rakesh,3,0,25,22
1656705896552,CSE 190,A00,092507,Dubnov; Shlomo,5,0,20,15
1656705902576,ECE 45,A01,083139,Congero; Spencer William,5,0,75,70
1656705908600,ECE 65,A50,083695,Saad; Andrew S,12,0,30,18
1656705908600,ECE 65,A51,095125,Saad; Andrew S,25,0,26,1
1656705914624,ECE 109,A01,091882,Touri; Behrouz,13,0,70,57
1656705920657,ECE 180,A00,083140,Abi Samra; Nicholas Camill,1,0,30,29
1656705920657,ECE 180,B00,083141,Abi Samra; Nicholas Camill,0,0,30,30
1656705926685,MATH 10A,A01,083735,Patchell; Gregory David,0,0,30,30
1656705926685,MATH 10A,A02,083736,Patchell; Gregory David,20,0,30,10
1656705926685,MATH 10A,A03,083737,Patchell; Gregory David,16,0,30,14
1656705932710,MATH 10B,A01,083207,Lim; Seonhee,7,0,34,27
1656705932710,MATH 10B,A02,083208,Lim; Seonhee,9,0,35,26
1656705932710,MATH 10B,A03,093472,Lim; Seonhee,3,0,34,31
1656705932710,MATH 10B,B01,083739,Sinha; Shubham,9,0,30,21
1656705938747,MATH 18,A01,083743,Cinel; Cameron Alexander,6,0,30,24
1656705938747,MATH 18,A02,083744,Cinel; Cameron Alexander,14,0,30,16
1656705938747,MATH 18,A03,083745,Cinel; Cameron Alexander,8,0,30,22
1656705938747,MATH 18,B01,083748,Rideout; David Porter,2,0,37,35
1656705938747,MATH 18,B02,083749,Rideout; David Porter,2,0,36,34
1656705938747,MATH 18,B03,083750,Rideout; David Porter,1,0,37,36
1656705938747,MATH 18,B04,083751,Rideout; David Porter,4,0,36,32
1656705938747,MATH 18,B05,093473,Rideout; David Porter,4,0,36,32
1656705938747,MATH 18,B06,093474,Rideout; David Porter,4,0,36,32
1656705944773,MATH 20A,A01,083754,Zheng; Zequn,12,0,40,28
1656705950800,MATH 20B,A01,083756,Briones; Jor-el Thomas Caparas,1,1,36,35
1656705950800,MATH 20B,A02,083757,Briones; Jor-el Thomas Caparas,0,0,36,36
1656705950800,MATH 20B,A03,093475,Briones; Jor-el Thomas Caparas,1,0,36,35
1656705956824,MATH 20C,A01,083760,Briones; Jor-el Thomas Caparas,0,0,35,35
1656705956824,MATH 20C,A02,083761,Briones; Jor-el Thomas Caparas,8,0,35,27
1656705956824,MATH 20C,A03,093476,Briones; Jor-el Thomas Caparas,0,1,36,36
1656705956824,MATH 20C,B01,083762,Bach; Quang Tran,0,0,30,30
1656705962860,MATH 20D,A01,083765,Tran; Brian Kha,4,0,30,26
1656705962860,MATH 20D,A02,083766,Tran; Brian Kha,4,0,30,26
1656705962860,MATH 20D,A03,083767,Tran; Brian Kha,1,0,30,29
1656705968891,MATH 20E,A01,083771,Ganguly; Soumya,4,0,32,28
1656705968891,MATH 20E,A02,083772,Ganguly; Soumya,3,0,32,29
1656705968891,MATH 20E,B01,083773,Ciotti; Benjamin,18,0,35,17
1656705968891,MATH 20E,B02,083774,Ciotti; Benjamin,18,0,35,17
1656705974916,MATH 103A,A01,083777,Greenfeld; Be'Eri,2,0,36,34
1656705974916,MATH 103A,A02,083778,Greenfeld; Be'Eri,5,0,36,31
1656705974916,MATH 103A,A03,093561,Greenfeld; Be'Eri,4,0,36,32
1656705974916,MATH 103A,B01,083779,Greenfeld; Be'Eri,6,0,36,30
1656705974916,MATH 103A,B02,083780,Greenfeld; Be'Eri,2,0,36,34
1656705974916,MATH 103A,B03,093562,Greenfeld; Be'Eri,2,0,36,34
1656705981024,MATH 105,A01,085443,Carter; Anne Toulson,13,0,35,22
1656705981024,MATH 105,A02,093477,Carter; Anne Toulson,20,0,35,15
1656705987062,MATH 109,A01,083213,Ganzberger; Geoffrey Michael,1,0,34,33
1656705987062,MATH 109,A02,083214,Ganzberger; Geoffrey Michael,1,0,34,33
1656705987062,MATH 109,A03,093478,Ganzberger; Geoffrey Michael,2,0,34,32
1656705987062,MATH 109,B01,083215,Ganzberger; Geoffrey Michael,1,0,32,31
1656705987062,MATH 109,B02,083216,Ganzberger; Geoffrey Michael,2,0,32,30
1656705987062,MATH 109,B03,093479,Ganzberger; Geoffrey Michael,7,0,32,25
1656705993090,MATH 142A,A01,083219,Chow; Bennett,4,0,32,28
1656705993090,MATH 142A,A02,083220,Chow; Bennett,9,0,32,23
1656705993090,MATH 142A,A03,093480,Chow; Bennett,6,0,32,26
1656705993090,MATH 142A,B03,093481,Chow; Bennett,5,0,32,27
1656705993090,MATH 142A,B04,093558,Chow; Bennett,10,0,32,22
1656705993090,MATH 142A,B05,093559,Chow; Bennett,4,0,32,28
1656705999112,MATH 193A,A01,083224,Rotar; Vladimir,4,0,34,30
1656705999112,MATH 193A,A02,083225,Rotar; Vladimir,2,0,34,32
1656705999112,MATH 193A,A03,083781,Rotar; Vladimir,1,0,34,33
1656705999112,MATH 193A,A04,083782,Rotar; Vladimir,4,0,34,30
1656705999112,MATH 193A,A05,093482,Rotar; Vladimir,5,0,34,29
1656706005138,MATH 197,001,091859,McAuley; Julian John,9999,0,9999,0
1656706005138,MATH 197,002,095566,Kedlaya; Kiran S.,9997,0,9999,2
1656706005138,MATH 197,003,095567,Xiao; Ming,9999,0,9999,0
1656706005138,MATH 197,004,095571,Perols; Johan Lars,9998,0,9999,1
1656706012202,COGS 9,A01,083615,Shannon; Kyle Michael,5,0,75,70
1656706018227,COGS 11,A01,083617,Boyle; Mary E. T.,17,0,48,31
1656706024249,COGS 13,A01,083071,Bastos; Amalia Pinkusfeld,6,0,71,65
1656706030273,COGS 14A,A01,092681,Semenuks; Arturs,0,2,100,101
1656706036306,COGS 14B,A01,083073,Cheng; Tzu-Han,3,0,63,60
1656706042329,COGS 17,A01,092677,Semenuks; Arturs,4,0,81,77
1656706048352,COGS 100,A01,083619,Allen; Michael Gordon,13,0,70,57
1656706054381,COGS 101A,A01,083621,Davis; Joshua Daniel,9,0,68,59
1656706060405,COGS 101B,A01,091572,Allen; Michael Gordon,3,0,65,62
1656706066428,COGS 101C,A01,083625,Delgado; Tania,17,0,35,18
1656706072458,COGS 107A,A01,083627,Boyle; Mary E. T.,11,0,60,49
1656706078486,COGS 118A,A01,083075,Gupta; Anjum,13,0,76,63
1656706084514,CSE 3,A50,083646,Miranda; Gregory Joseph,22,0,50,28
1656706090541,CSE 8A,A50,083650,Miranda; Gregory Joseph,16,1,56,40
1656706096569,CSE 11,A01,083080,Cao; Yingjun,2,17,40,38
1656706102592,CSE 12,A01,083652,Krause-Levy; Sophia Louisa,19,1,120,101
1656706108616,CSE 15L,A01,083654,Morris; Justin Loren,8,0,50,42
1656706108616,CSE 15L,A02,083655,Morris; Justin Loren,8,0,50,42
1656706114644,CSE 20,A01,083657,Tran; Khoa Dang,36,0,80,44
1656706120667,CSE 21,A01,095574,Bach; Quang Tran,21,0,48,27
1656706126697,CSE 30,A01,083084,Eldon; John,5,0,80,75
1656706126697,CSE 30,B01,095061,Bhaskar; Nishant,3,0,50,47
1656706132725,CSE 100,A01,083659,Cao; Yingjun,1,6,70,69
1656706138752,CSE 134B,A01,083661,Powell; Thomas Allan,17,0,100,83
1656706144781,CSE 140,A01,083663,Gungor; Onat,14,0,85,71
1656706150806,CSE 140L,A01,083088,Eldon; John,16,0,100,84
1656706156829,CSE 175,A01,083665,Kumar; Rakesh,3,0,25,22
1656706162854,CSE 190,A00,092507,Dubnov; Shlomo,5,0,20,15
1656706168883,ECE 45,A01,083139,Congero; Spencer William,5,0,75,70
1656706174921,ECE 65,A50,083695,Saad; Andrew S,12,0,30,18
1656706174921,ECE 65,A51,095125,Saad; Andrew S,25,0,26,1
1656706180958,ECE 109,A01,091882,Touri; Behrouz,13,0,70,57
1656706186987,ECE 180,A00,083140,Abi Samra; Nicholas Camill,1,0,30,29
1656706186987,ECE 180,B00,083141,Abi Samra; Nicholas Camill,0,0,30,30
1656706193016,MATH 10A,A01,083735,Patchell; Gregory David,0,0,30,30
1656706193016,MATH 10A,A02,083736,Patchell; Gregory David,20,0,30,10
1656706193016,MATH 10A,A03,083737,Patchell; Gregory David,16,0,30,14
1656706199044,MATH 10B,A01,083207,Lim; Seonhee,7,0,34,27
1656706199044,MATH 10B,A02,083208,Lim; Seonhee,9,0,35,26
1656706199044,MATH 10B,A03,093472,Lim; Seonhee,3,0,34,31
1656706199044,MATH 10B,B01,083739,Sinha; Shubham,9,0,30,21
1656706205079,MATH 18,A01,083743,Cinel; Cameron Alexander,6,0,30,24
1656706205079,MATH 18,A02,083744,Cinel; Cameron Alexander,14,0,30,16
1656706205079,MATH 18,A03,083745,Cinel; Cameron Alexander,8,0,30,22
1656706205079,MATH 18,B01,083748,Rideout; David Porter,2,0,37,35
1656706205079,MATH 18,B02,083749,Rideout; David Porter,2,0,36,34
1656706205079,MATH 18,B03,083750,Rideout; David Porter,1,0,37,36
1656706205079,MATH 18,B04,083751,Rideout; David Porter,4,0,36,32
1656706205079,MATH 18,B05,093473,Rideout; David Porter,4,0,36,32
1656706205079,MATH 18,B06,093474,Rideout; David Porter,4,0,36,32
1656706211102,MATH 20A,A01,083754,Zheng; Zequn,12,0,40,28
1656706217144,MATH 20B,A01,083756,Briones; Jor-el Thomas Caparas,1,1,36,35
1656706217144,MATH 20B,A02,083757,Briones; Jor-el Thomas Caparas,0,0,36,36
1656706217144,MATH 20B,A03,093475,Briones; Jor-el Thomas Caparas,1,0,36,35
1656706223170,MATH 20C,A01,083760,Briones; Jor-el Thomas Caparas,0,0,35,35
1656706223170,MATH 20C,A02,083761,Briones; Jor-el Thomas Caparas,8,0,35,27
1656706223170,MATH 20C,A03,093476,Briones; Jor-el Thomas Caparas,0,1,36,36
1656706223170,MATH 20C,B01,083762,Bach; Quang Tran,0,0,30,30
1656706229197,MATH 20D,A01,083765,Tran; Brian Kha,4,0,30,26
1656706229197,MATH 20D,A02,083766,Tran; Brian Kha,4,0,30,26
1656706229197,MATH 20D,A03,083767,Tran; Brian Kha,1,0,30,29
1656706235225,MATH 20E,A01,083771,Ganguly; Soumya,4,0,32,28
1656706235225,MATH 20E,A02,083772,Ganguly; Soumya,3,0,32,29
1656706235225,MATH 20E,B01,083773,Ciotti; Benjamin,18,0,35,17
1656706235225,MATH 20E,B02,083774,Ciotti; Benjamin,18,0,35,17
1656706241276,MATH 103A,A01,083777,Greenfeld; Be'Eri,2,0,36,34
1656706241276,MATH 103A,A02,083778,Greenfeld; Be'Eri,5,0,36,31
1656706241276,MATH 103A,A03,093561,Greenfeld; Be'Eri,4,0,36,32
1656706241276,MATH 103A,B01,083779,Greenfeld; Be'Eri,6,0,36,30
1656706241276,MATH 103A,B02,083780,Greenfeld; Be'Eri,2,0,36,34
1656706241276,MATH 103A,B03,093562,Greenfeld; Be'Eri,2,0,36,34
1656706247298,MATH 105,A01,085443,Carter; Anne Toulson,13,0,35,22
1656706247298,MATH 105,A02,093477,Carter; Anne Toulson,20,0,35,15
1656706253322,MATH 109,A01,083213,Ganzberger; Geoffrey Michael,1,0,34,33
1656706253322,MATH 109,A02,083214,Ganzberger; Geoffrey Michael,1,0,34,33
1656706253322,MATH 109,A03,093478,Ganzberger; Geoffrey Michael,2,0,34,32
1656706253322,MATH 109,B01,083215,Ganzberger; Geoffrey Michael,1,0,32,31
1656706253322,MATH 109,B02,083216,Ganzberger; Geoffrey Michael,2,0,32,30
1656706253322,MATH 109,B03,093479,Ganzberger; Geoffrey Michael,7,0,32,25
1656706259350,MATH 142A,A01,083219,Chow; Bennett,4,0,32,28
1656706259350,MATH 142A,A02,083220,Chow; Bennett,9,0,32,23
1656706259350,MATH 142A,A03,093480,Chow; Bennett,6,0,32,26
1656706259350,MATH 142A,B03,093481,Chow; Bennett,5,0,32,27
1656706259350,MATH 142A,B04,093558,Chow; Bennett,10,0,32,22
1656706259350,MATH 142A,B05,093559,Chow; Bennett,4,0,32,28
1656706265374,MATH 193A,A01,083224,Rotar; Vladimir,4,0,34,30
1656706265374,MATH 193A,A02,083225,Rotar; Vladimir,2,0,34,32
1656706265374,MATH 193A,A03,083781,Rotar; Vladimir,1,0,34,33
1656706265374,MATH 193A,A04,083782,Rotar; Vladimir,4,0,34,30
1656706265374,MATH 193A,A05,093482,Rotar; Vladimir,5,0,34,29
1656706271399,MATH 197,001,091859,McAuley; Julian John,9999,0,9999,0
1656706271399,MATH 197,002,095566,Kedlaya; Kiran S.,9997,0,9999,2
1656706271399,MATH 197,003,095567,Xiao; Ming,9999,0,9999,0
1656706271399,MATH 197,004,095571,Perols; Johan Lars,9998,0,9999,1
1656706278448,COGS 9,A01,083615,Shannon; Kyle Michael,5,0,75,70
1656706284475,COGS 11,A01,083617,Boyle; Mary E. T.,17,0,48,31
1656706290503,COGS 13,A01,083071,Bastos; Amalia Pinkusfeld,6,0,71,65
1656706296525,COGS 14A,A01,092681,Semenuks; Arturs,0,2,100,101
1656706302548,COGS 14B,A01,083073,Cheng; Tzu-Han,3,0,63,60
1656706308574,COGS 17,A01,092677,Semenuks; Arturs,4,0,81,77
1656706314600,COGS 100,A01,083619,Allen; Michael Gordon,13,0,70,57
1656706320635,COGS 101A,A01,083621,Davis; Joshua Daniel,9,0,68,59
1656706326659,COGS 101B,A01,091572,Allen; Michael Gordon,3,0,65,62
1656706332683,COGS 101C,A01,083625,Delgado; Tania,17,0,35,18
1656706338708,COGS 107A,A01,083627,Boyle; Mary E. T.,11,0,60,49
1656706344735,COGS 118A,A01,083075,Gupta; Anjum,13,0,76,63
1656706350758,CSE 3,A50,083646,Miranda; Gregory Joseph,22,0,50,28
1656706356784,CSE 8A,A50,083650,Miranda; Gregory Joseph,16,1,56,40
1656706362808,CSE 11,A01,083080,Cao; Yingjun,2,17,40,38
1656706368836,CSE 12,A01,083652,Krause-Levy; Sophia Louisa,19,1,120,101
1656706374871,CSE 15L,A01,083654,Morris; Justin Loren,8,0,50,42
1656706374871,CSE 15L,A02,083655,Morris; Justin Loren,8,0,50,42
1656706380895,CSE 20,A01,083657,Tran; Khoa Dang,36,0,80,44
1656706386918,CSE 21,A01,095574,Bach; Quang Tran,21,0,48,27
1656706392942,CSE 30,A01,083084,Eldon; John,5,0,80,75
1656706392942,CSE 30,B01,095061,Bhaskar; Nishant,3,0,50,47
1656706398970,CSE 100,A01,083659,Cao; Yingjun,1,6,70,69
1656706404998,CSE 134B,A01,083661,Powell; Thomas Allan,17,0,100,83
1656706411024,CSE 140,A01,083663,Gungor; Onat,14,0,85,71
1656706417051,CSE 140L,A01,083088,Eldon; John,16,0,100,84
1656706423073,CSE 175,A01,083665,Kumar; Rakesh,3,0,25,22
1656706429100,CSE 190,A00,092507,Dubnov; Shlomo,5,0,20,15
1656706435130,ECE 45,A01,083139,Congero; Spencer William,5,0,75,70
1656706441158,ECE 65,A50,083695,Saad; Andrew S,12,0,30,18
1656706441158,ECE 65,A51,095125,Saad; Andrew S,25,0,26,1
1656706447181,ECE 109,A01,091882,Touri; Behrouz,13,0,70,57
1656706453205,ECE 180,A00,083140,Abi Samra; Nicholas Camill,1,0,30,29
1656706453205,ECE 180,B00,083141,Abi Samra; Nicholas Camill,0,0,30,30
1656706459227,MATH 10A,A01,083735,Patchell; Gregory David,0,0,30,30
1656706459227,MATH 10A,A02,083736,Patchell; Gregory David,20,0,30,10
1656706459227,MATH 10A,A03,083737,Patchell; Gregory David,16,0,30,14
1656706465253,MATH 10B,A01,083207,Lim; Seonhee,7,0,34,27
1656706465253,MATH 10B,A02,083208,Lim; Seonhee,9,0,35,26
1656706465253,MATH 10B,A03,093472,Lim; Seonhee,3,0,34,31
1656706465253,MATH 10B,B01,083739,Sinha; Shubham,9,0,30,21
1656706471278,MATH 18,A01,083743,Cinel; Cameron Alexander,6,0,30,24
1656706471278,MATH 18,A02,083744,Cinel; Cameron Alexander,14,0,30,16
1656706471278,MATH 18,A03,083745,Cinel; Cameron Alexander,8,0,30,22
1656706471278,MATH 18,B01,083748,Rideout; David Porter,2,0,37,35
1656706471278,MATH 18,B02,083749,Rideout; David Porter,2,0,36,34
1656706471278,MATH 18,B03,083750,Rideout; David Porter,1,0,37,36
1656706471278,MATH 18,B04,083751,Rideout; David Porter,4,0,36,32
1656706471278,MATH 18,B05,093473,Rideout; David Porter,4,0,36,32
1656706471278,MATH 18,B06,093474,Rideout; David Porter,4,0,36,32
1656706477300,MATH 20A,A01,083754,Zheng; Zequn,12,0,40,28
1656706483321,MATH 20B,A01,083756,Briones; Jor-el Thomas Caparas,1,1,36,35
1656706483321,MATH 20B,A02,083757,Briones; Jor-el Thomas Caparas,0,0,36,36
1656706483321,MATH 20B,A03,093475,Briones; Jor-el Thomas Caparas,1,0,36,35
1656706489350,MATH 20C,A01,083760,Briones; Jor-el Thomas Caparas,0,0,35,35
1656706489350,MATH 20C,A02,083761,Briones; Jor-el Thomas Caparas,8,0,35,27
1656706489350,MATH 20C,A03,093476,Briones; Jor-el Thomas Caparas,0,1,36,36
1656706489350,MATH 20C,B01,083762,Bach; Quang Tran,0,0,30,30
1656706495383,MATH 20D,A01,083765,Tran; Brian Kha,4,0,30,26
1656706495383,MATH 20D,A02,083766,Tran; Brian Kha,4,0,30,26
1656706495383,MATH 20D,A03,083767,Tran; Brian Kha,1,0,30,29
1656706501409,MATH 20E,A01,083771,Ganguly; Soumya,4,0,32,28
1656706501409,MATH 20E,A02,083772,Ganguly; Soumya,3,0,32,29
1656706501409,MATH 20E,B01,083773,Ciotti; Benjamin,18,0,35,17
1656706501409,MATH 20E,B02,083774,Ciotti; Benjamin,18,0,35,17
1656706507439,MATH 103A,A01,083777,Greenfeld; Be'Eri,2,0,36,34
1656706507439,MATH 103A,A02,083778,Greenfeld; Be'Eri,5,0,36,31
1656706507439,MATH 103A,A03,093561,Greenfeld; Be'Eri,4,0,36,32
1656706507439,MATH 103A,B01,083779,Greenfeld; Be'Eri,6,0,36,30
1656706507439,MATH 103A,B02,083780,Greenfeld; Be'Eri,2,0,36,34
1656706507439,MATH 103A,B03,093562,Greenfeld; Be'Eri,2,0,36,34
1656706513472,MATH 105,A01,085443,Carter; Anne Toulson,13,0,35,22
1656706513472,MATH 105,A02,093477,Carter; Anne Toulson,20,0,35,15
1656706519502,MATH 109,A01,083213,Ganzberger; Geoffrey Michael,1,0,34,33
1656706519502,MATH 109,A02,083214,Ganzberger; Geoffrey Michael,1,0,34,33
1656706519502,MATH 109,A03,093478,Ganzberger; Geoffrey Michael,2,0,34,32
1656706519502,MATH 109,B01,083215,Ganzberger; Geoffrey Michael,1,0,32,31
1656706519502,MATH 109,B02,083216,Ganzberger; Geoffrey Michael,2,0,32,30
1656706519502,MATH 109,B03,093479,Ganzberger; Geoffrey Michael,7,0,32,25
1656706525532,MATH 142A,A01,083219,Chow; Bennett,4,0,32,28
1656706525532,MATH 142A,A02,083220,Chow; Bennett,9,0,32,23
1656706525532,MATH 142A,A03,093480,Chow; Bennett,6,0,32,26
1656706525532,MATH 142A,B03,093481,Chow; Bennett,5,0,32,27
1656706525532,MATH 142A,B04,093558,Chow; Bennett,10,0,32,22
1656706525532,MATH 142A,B05,093559,Chow; Bennett,4,0,32,28
1656706531556,MATH 193A,A01,083224,Rotar; Vladimir,4,0,34,30
1656706531556,MATH 193A,A02,083225,Rotar; Vladimir,2,0,34,32
1656706531556,MATH 193A,A03,083781,Rotar; Vladimir,1,0,34,33
1656706531556,MATH 193A,A04,083782,Rotar; Vladimir,4,0,34,30
1656706531556,MATH 193A,A05,093482,Rotar; Vladimir,5,0,34,29
1656706537580,MATH 197,001,091859,McAuley; Julian John,9999,0,9999,0
1656706537580,MATH 197,002,095566,Kedlaya; Kiran S.,9997,0,9999,2
1656706537580,MATH 197,003,095567,Xiao; Ming,9999,0,9999,0
1656706537580,MATH 197,004,095571,Perols; Johan Lars,9998,0,9999,1
1656706544649,COGS 9,A01,083615,Shannon; Kyle Michael,5,0,75,70
1656706550676,COGS 11,A01,083617,Boyle; Mary E. T.,17,0,48,31
1656706556704,COGS 13,A01,083071,Bastos; Amalia Pinkusfeld,6,0,71,65
1656706562729,COGS 14A,A01,092681,Semenuks; Arturs,0,2,100,101
1656706568758,COGS 14B,A01,083073,Cheng; Tzu-Han,3,0,63,60
1656706574897,COGS 17,A01,092677,Semenuks; Arturs,4,0,81,77
1656706580924,COGS 100,A01,083619,Allen; Michael Gordon,13,0,70,57
1656706586947,COGS 101A,A01,083621,Davis; Joshua Daniel,9,0,68,59
1656706592974,COGS 101B,A01,091572,Allen; Michael Gordon,3,0,65,62
1656706598999,COGS 101C,A01,083625,Delgado; Tania,17,0,35,18
1656706605023,COGS 107A,A01,083627,Boyle; Mary E. T.,11,0,60,49
1656706611050,COGS 118A,A01,083075,Gupta; Anjum,13,0,76,63
1656706617078,CSE 3,A50,083646,Miranda; Gregory Joseph,22,0,50,28
1656706623107,CSE 8A,A50,083650,Miranda; Gregory Joseph,16,1,56,40
1656706629134,CSE 11,A01,083080,Cao; Yingjun,2,17,40,38
1656706635162,CSE 12,A01,083652,Krause-Levy; Sophia Louisa,19,1,120,101
1656706641185,CSE 15L,A01,083654,Morris; Justin Loren,8,0,50,42
1656706641185,CSE 15L,A02,083655,Morris; Justin Loren,8,0,50,42
1656706647209,CSE 20,A01,083657,Tran; Khoa Dang,36,0,80,44
1656706653231,CSE 21,A01,095574,Bach; Quang Tran,21,0,48,27
1656706659258,CSE 30,A01,083084,Eldon; John,5,0,80,75
1656706659258,CSE 30,B01,095061,Bhaskar; Nishant,3,0,50,47
1656706665281,CSE 100,A01,083659,Cao; Yingjun,1,6,70,69
1656706671311,CSE 134B,A01,083661,Powell; Thomas Allan,17,0,100,83
1656706677334,CSE 140,A01,083663,Gungor; Onat,14,0,85,71
1656706683364,CSE 140L,A01,083088,Eldon; John,16,0,100,84
1656706689391,CSE 175,A01,083665,Kumar; Rakesh,3,0,25,22
1656706695414,CSE 190,A00,092507,Dubnov; Shlomo,5,0,20,15
1656706701436,ECE 45,A01,083139,Congero; Spencer William,5,0,75,70
1656706707461,ECE 65,A50,083695,Saad; Andrew S,12,0,30,18
1656706707461,ECE 65,A51,095125,Saad; Andrew S,25,0,26,1
1656706713483,ECE 109,A01,091882,Touri; Behrouz,13,0,70,57
1656706719505,ECE 180,A00,083140,Abi Samra; Nicholas Camill,1,0,30,29
1656706719505,ECE 180,B00,083141,Abi Samra; Nicholas Camill,0,0,30,30
1656706725527,MATH 10A,A01,083735,Patchell; Gregory David,0,0,30,30
1656706725527,MATH 10A,A02,083736,Patchell; Gregory David,20,0,30,10
1656706725527,MATH 10A,A03,083737,Patchell; Gregory David,16,0,30,14
1656706731552,MATH 10B,A01,083207,Lim; Seonhee,7,0,34,27
1656706731552,MATH 10B,A02,083208,Lim; Seonhee,9,0,35,26
1656706731552,MATH 10B,A03,093472,Lim; Seonhee,3,0,34,31
1656706731552,MATH 10B,B01,083739,Sinha; Shubham,9,0,30,21
1656706737590,MATH 18,A01,083743,Cinel; Cameron Alexander,6,0,30,24
1656706737590,MATH 18,A02,083744,Cinel; Cameron Alexander,14,0,30,16
1656706737590,MATH 18,A03,083745,Cinel; Cameron Alexander,8,0,30,22
1656706737590,MATH 18,B01,083748,Rideout; David Porter,2,0,37,35
1656706737590,MATH 18,B02,083749,Rideout; David Porter,2,0,36,34
1656706737590,MATH 18,B03,083750,Rideout; David Porter,1,0,37,36
1656706737590,MATH 18,B04,083751,Rideout; David Porter,4,0,36,32
1656706737590,MATH 18,B05,093473,Rideout; David Porter,4,0,36,32
1656706737590,MATH 18,B06,093474,Rideout; David Porter,4,0,36,32
1656706743617,MATH 20A,A01,083754,Zheng; Zequn,12,0,40,28
1656706749642,MATH 20B,A01,083756,Briones; Jor-el Thomas Caparas,1,1,36,35
1656706749642,MATH 20B,A02,083757,Briones; Jor-el Thomas Caparas,0,0,36,36
1656706749642,MATH 20B,A03,093475,Briones; Jor-el Thomas Caparas,1,0,36,35
1656706755664,MATH 20C,A01,083760,Briones; Jor-el Thomas Caparas,0,0,35,35
1656706755664,MATH 20C,A02,083761,Briones; Jor-el Thomas Caparas,8,0,35,27
1656706755664,MATH 20C,A03,093476,Briones; Jor-el Thomas Caparas,0,1,36,36
1656706755664,MATH 20C,B01,083762,Bach; Quang Tran,0,0,30,30
1656706761694,MATH 20D,A01,083765,Tran; Brian Kha,4,0,30,26
1656706761694,MATH 20D,A02,083766,Tran; Brian Kha,4,0,30,26
1656706761694,MATH 20D,A03,083767,Tran; Brian Kha,1,0,30,29
1656706767722,MATH 20E,A01,083771,Ganguly; Soumya,4,0,32,28
1656706767722,MATH 20E,A02,083772,Ganguly; Soumya,3,0,32,29
1656706767722,MATH 20E,B01,083773,Ciotti; Benjamin,18,0,35,17
1656706767722,MATH 20E,B02,083774,Ciotti; Benjamin,18,0,35,17
1656706773747,MATH 103A,A01,083777,Greenfeld; Be'Eri,2,0,36,34
1656706773747,MATH 103A,A02,083778,Greenfeld; Be'Eri,5,0,36,31
1656706773747,MATH 103A,A03,093561,Greenfeld; Be'Eri,4,0,36,32
1656706773747,MATH 103A,B01,083779,Greenfeld; Be'Eri,6,0,36,30
1656706773747,MATH 103A,B02,083780,Greenfeld; Be'Eri,2,0,36,34
1656706773747,MATH 103A,B03,093562,Greenfeld; Be'Eri,2,0,36,34
1656706779772,MATH 105,A01,085443,Carter; Anne Toulson,13,0,35,22
1656706779772,MATH 105,A02,093477,Carter; Anne Toulson,20,0,35,15
1656706785797,MATH 109,A01,083213,Ganzberger; Geoffrey Michael,1,0,34,33
1656706785797,MATH 109,A02,083214,Ganzberger; Geoffrey Michael,1,0,34,33
1656706785797,MATH 109,A03,093478,Ganzberger; Geoffrey Michael,2,0,34,32
1656706785797,MATH 109,B01,083215,Ganzberger; Geoffrey Michael,1,0,32,31
1656706785797,MATH 109,B02,083216,Ganzberger; Geoffrey Michael,2,0,32,30
1656706785797,MATH 109,B03,093479,Ganzberger; Geoffrey Michael,7,0,32,25
1656706791823,MATH 142A,A01,083219,Chow; Bennett,4,0,32,28
1656706791823,MATH 142A,A02,083220,Chow; Bennett,9,0,32,23
1656706791823,MATH 142A,A03,093480,Chow; Bennett,6,0,32,26
1656706791823,MATH 142A,B03,093481,Chow; Bennett,5,0,32,27
1656706791823,MATH 142A,B04,093558,Chow; Bennett,10,0,32,22
1656706791823,MATH 142A,B05,093559,Chow; Bennett,4,0,32,28
1656706797855,MATH 193A,A01,083224,Rotar; Vladimir,4,0,34,30
1656706797855,MATH 193A,A02,083225,Rotar; Vladimir,2,0,34,32
1656706797855,MATH 193A,A03,083781,Rotar; Vladimir,1,0,34,33
1656706797855,MATH 193A,A04,083782,Rotar; Vladimir,4,0,34,30
1656706797855,MATH 193A,A05,093482,Rotar; Vladimir,5,0,34,29
1656706803879,MATH 197,001,091859,McAuley; Julian John,9999,0,9999,0
1656706803879,MATH 197,002,095566,Kedlaya; Kiran S.,9997,0,9999,2
1656706803879,MATH 197,003,095567,Xiao; Ming,9999,0,9999,0
1656706803879,MATH 197,004,095571,Perols; Johan Lars,9998,0,9999,1
1656706810941,COGS 9,A01,083615,Shannon; Kyle Michael,5,0,75,70
1656706816969,COGS 11,A01,083617,Boyle; Mary E. T.,17,0,48,31
1656706822995,COGS 13,A01,083071,Bastos; Amalia Pinkusfeld,6,0,71,65
1656706829025,COGS 14A,A01,092681,Semenuks; Arturs,0,2,100,101
1656706835056,COGS 14B,A01,083073,Cheng; Tzu-Han,3,0,63,60
1656706841093,COGS 17,A01,092677,Semenuks; Arturs,4,0,81,77
1656706847145,COGS 100,A01,083619,Allen; Michael Gordon,13,0,70,57
1656706853172,COGS 101A,A01,083621,Davis; Joshua Daniel,9,0,68,59
1656706859194,COGS 101B,A01,091572,Allen; Michael Gordon,3,0,65,62
1656706865218,COGS 101C,A01,083625,Delgado; Tania,17,0,35,18
1656706871249,COGS 107A,A01,083627,Boyle; Mary E. T.,11,0,60,49
1656706877279,COGS 118A,A01,083075,Gupta; Anjum,13,0,76,63
1656706883301,CSE 3,A50,083646,Miranda; Gregory Joseph,22,0,50,28
1656706889328,CSE 8A,A50,083650,Miranda; Gregory Joseph,16,1,56,40
1656706895357,CSE 11,A01,083080,Cao; Yingjun,2,17,40,38
1656706901382,CSE 12,A01,083652,Krause-Levy; Sophia Louisa,19,1,120,101
1656706907406,CSE 15L,A01,083654,Morris; Justin Loren,8,0,50,42
1656706907406,CSE 15L,A02,083655,Morris; Justin Loren,8,0,50,42
1656706913433,CSE 20,A01,083657,Tran; Khoa Dang,36,0,80,44
1656706919457,CSE 21,A01,095574,Bach; Quang Tran,21,0,48,27
1656706925480,CSE 30,A01,083084,Eldon; John,5,0,80,75
1656706925480,CSE 30,B01,095061,Bhaskar; Nishant,3,0,50,47
1656706931503,CSE 100,A01,083659,Cao; Yingjun,1,6,70,69
1656706937525,CSE 134B,A01,083661,Powell; Thomas Allan,17,0,100,83
1656706943551,CSE 140,A01,083663,Gungor; Onat,14,0,85,71
1656706949574,CSE 140L,A01,083088,Eldon; John,16,0,100,84
1656706955598,CSE 175,A01,083665,Kumar; Rakesh,3,0,25,22
1656706961622,CSE 190,A00,092507,Dubnov; Shlomo,5,0,20,15
1656706967644,ECE 45,A01,083139,Congero; Spencer William,5,0,75,70
1656706973671,ECE 65,A50,083695,Saad; Andrew S,12,0,30,18
1656706973671,ECE 65,A51,095125,Saad; Andrew S,25,0,26,1
1656706979699,ECE 109,A01,091882,Touri; Behrouz,13,0,70,57
1656706985724,ECE 180,A00,083140,Abi Samra; Nicholas Camill,1,0,30,29
1656706985724,ECE 180,B00,083141,Abi Samra; Nicholas Camill,0,0,30,30
1656706991751,MATH 10A,A01,083735,Patchell; Gregory David,0,0,30,30
1656706991751,MATH 10A,A02,083736,Patchell; Gregory David,20,0,30,10
1656706991751,MATH 10A,A03,083737,Patchell; Gregory David,16,0,30,14
1656706997786,MATH 10B,A01,083207,Lim; Seonhee,7,0,34,27
1656706997786,MATH 10B,A02,083208,Lim; Seonhee,9,0,35,26
1656706997786,MATH 10B,A03,093472,Lim; Seonhee,3,0,34,31
1656706997786,MATH 10B,B01,083739,Sinha; Shubham,9,0,30,21
1656707003823,MATH 18,A01,083743,Cinel; Cameron Alexander,6,0,30,24
1656707003823,MATH 18,A02,083744,Cinel; Cameron Alexander,14,0,30,16
1656707003823,MATH 18,A03,083745,Cinel; Cameron Alexander,8,0,30,22
1656707003823,MATH 18,B01,083748,Rideout; David Porter,2,0,37,35
1656707003823,MATH 18,B02,083749,Rideout; David Porter,2,0,36,34
1656707003823,MATH 18,B03,083750,Rideout; David Porter,1,0,37,36
1656707003823,MATH 18,B04,083751,Rideout; David Porter,4,0,36,32
1656707003823,MATH 18,B05,093473,Rideout; David Porter,4,0,36,32
1656707003823,MATH 18,B06,093474,Rideout; David Porter,4,0,36,32
1656707009858,MATH 20A,A01,083754,Zheng; Zequn,12,0,40,28
1656707015881,MATH 20B,A01,083756,Briones; Jor-el Thomas Caparas,1,1,36,35
1656707015881,MATH 20B,A02,083757,Briones; Jor-el Thomas Caparas,0,0,36,36
1656707015881,MATH 20B,A03,093475,Briones; Jor-el Thomas Caparas,1,0,36,35
1656707021912,MATH 20C,A01,083760,Briones; Jor-el Thomas Caparas,0,0,35,35
1656707021912,MATH 20C,A02,083761,Briones; Jor-el Thomas Caparas,8,0,35,27
1656707021912,MATH 20C,A03,093476,Briones; Jor-el Thomas Caparas,0,1,36,36
1656707021912,MATH 20C,B01,083762,Bach; Quang Tran,0,0,30,30
1656707027941,MATH 20D,A01,083765,Tran; Brian Kha,4,0,30,26
1656707027941,MATH 20D,A02,083766,Tran; Brian Kha,4,0,30,26
1656707027941,MATH 20D,A03,083767,Tran; Brian Kha,1,0,30,29
1656707033974,MATH 20E,A01,083771,Ganguly; Soumya,4,0,32,28
1656707033974,MATH 20E,A02,083772,Ganguly; Soumya,3,0,32,29
1656707033974,MATH 20E,B01,083773,Ciotti; Benjamin,18,0,35,17
1656707033974,MATH 20E,B02,083774,Ciotti; Benjamin,18,0,35,17
1656707039998,MATH 103A,A01,083777,Greenfeld; Be'Eri,2,0,36,34
1656707039998,MATH 103A,A02,083778,Greenfeld; Be'Eri,5,0,36,31
1656707039998,MATH 103A,A03,093561,Greenfeld; Be'Eri,4,0,36,32
1656707039998,MATH 103A,B01,083779,Greenfeld; Be'Eri,6,0,36,30
1656707039998,MATH 103A,B02,083780,Greenfeld; Be'Eri,2,0,36,34
1656707039998,MATH 103A,B03,093562,Greenfeld; Be'Eri,2,0,36,34
1656707046024,MATH 105,A01,085443,Carter; Anne Toulson,13,0,35,22
1656707046024,MATH 105,A02,093477,Carter; Anne Toulson,20,0,35,15
1656707052056,MATH 109,A01,083213,Ganzberger; Geoffrey Michael,1,0,34,33
1656707052056,MATH 109,A02,083214,Ganzberger; Geoffrey Michael,1,0,34,33
1656707052056,MATH 109,A03,093478,Ganzberger; Geoffrey Michael,2,0,34,32
1656707052056,MATH 109,B01,083215,Ganzberger; Geoffrey Michael,1,0,32,31
1656707052056,MATH 109,B02,083216,Ganzberger; Geoffrey Michael,2,0,32,30
1656707052056,MATH 109,B03,093479,Ganzberger; Geoffrey Michael,7,0,32,25
1656707058079,MATH 142A,A01,083219,Chow; Bennett,4,0,32,28
1656707058079,MATH 142A,A02,083220,Chow; Bennett,9,0,32,23
1656707058079,MATH 142A,A03,093480,Chow; Bennett,6,0,32,26
1656707058079,MATH 142A,B03,093481,Chow; Bennett,5,0,32,27
1656707058079,MATH 142A,B04,093558,Chow; Bennett,10,0,32,22
1656707058079,MATH 142A,B05,093559,Chow; Bennett,4,0,32,28
1656707064103,MATH 193A,A01,083224,Rotar; Vladimir,4,0,34,30
1656707064103,MATH 193A,A02,083225,Rotar; Vladimir,2,0,34,32
1656707064103,MATH 193A,A03,083781,Rotar; Vladimir,1,0,34,33
1656707064103,MATH 193A,A04,083782,Rotar; Vladimir,4,0,34,30
1656707064103,MATH 193A,A05,093482,Rotar; Vladimir,5,0,34,29
1656707070125,MATH 197,001,091859,McAuley; Julian John,9999,0,9999,0
1656707070125,MATH 197,002,095566,Kedlaya; Kiran S.,9997,0,9999,2
1656707070125,MATH 197,003,095567,Xiao; Ming,9999,0,9999,0
1656707070125,MATH 197,004,095571,Perols; Johan Lars,9998,0,9999,1
1656707077188,COGS 9,A01,083615,Shannon; Kyle Michael,5,0,75,70
1656707083212,COGS 11,A01,083617,Boyle; Mary E. T.,17,0,48,31
1656707089235,COGS 13,A01,083071,Bastos; Amalia Pinkusfeld,6,0,71,65
1656707095263,COGS 14A,A01,092681,Semenuks; Arturs,0,2,100,101
1656707101287,COGS 14B,A01,083073,Cheng; Tzu-Han,3,0,63,60
1656707107310,COGS 17,A01,092677,Semenuks; Arturs,4,0,81,77
1656707113335,COGS 100,A01,083619,Allen; Michael Gordon,13,0,70,57
1656707119361,COGS 101A,A01,083621,Davis; Joshua Daniel,9,0,68,59
1656707125385,COGS 101B,A01,091572,Allen; Michael Gordon,3,0,65,62
1656707131409,COGS 101C,A01,083625,Delgado; Tania,17,0,35,18
1656707137436,COGS 107A,A01,083627,Boyle; Mary E. T.,11,0,60,49
1656707143460,COGS 118A,A01,083075,Gupta; Anjum,13,0,76,63
1656707149487,CSE 3,A50,083646,Miranda; Gregory Joseph,22,0,50,28
1656707155521,CSE 8A,A50,083650,Miranda; Gregory Joseph,16,1,56,40
1656707161544,CSE 11,A01,083080,Cao; Yingjun,2,17,40,38
1656707167567,CSE 12,A01,083652,Krause-Levy; Sophia Louisa,19,1,120,101
1656707173682,CSE 15L,A01,083654,Morris; Justin Loren,8,0,50,42
1656707173682,CSE 15L,A02,083655,Morris; Justin Loren,8,0,50,42
1656707179705,CSE 20,A01,083657,Tran; Khoa Dang,36,0,80,44
1656707185736,CSE 21,A01,095574,Bach; Quang Tran,21,0,48,27
1656707191763,CSE 30,A01,083084,Eldon; John,5,0,80,75
1656707191763,CSE 30,B01,095061,Bhaskar; Nishant,3,0,50,47
1656707197784,CSE 100,A01,083659,Cao; Yingjun,1,6,70,69
1656707203806,CSE 134B,A01,083661,Powell; Thomas Allan,17,0,100,83
1656707209829,CSE 140,A01,083663,Gungor; Onat,14,0,85,71
1656707215851,CSE 140L,A01,083088,Eldon; John,16,0,100,84
1656707221885,CSE 175,A01,083665,Kumar; Rakesh,3,0,25,22
1656707227907,CSE 190,A00,092507,Dubnov; Shlomo,5,0,20,15
1656707233937,ECE 45,A01,083139,Congero; Spencer William,5,0,75,70
1656707239964,ECE 65,A50,083695,Saad; Andrew S,12,0,30,18
1656707239964,ECE 65,A51,095125,Saad; Andrew S,25,0,26,1
1656707245990,ECE 109,A01,091882,Touri; Behrouz,13,0,70,57
1656707252022,ECE 180,A00,083140,Abi Samra; Nicholas Camill,1,0,30,29
1656707252022,ECE 180,B00,083141,Abi Samra; Nicholas Camill,0,0,30,30
1656707258049,MATH 10A,A01,083735,Patchell; Gregory David,0,0,30,30
1656707258049,MATH 10A,A02,083736,Patchell; Gregory David,20,0,30,10
1656707258049,MATH 10A,A03,083737,Patchell; Gregory David,16,0,30,14
1656707264078,MATH 10B,A01,083207,Lim; Seonhee,7,0,34,27
1656707264078,MATH 10B,A02,083208,Lim; Seonhee,9,0,35,26
1656707264078,MATH 10B,A03,093472,Lim; Seonhee,3,0,34,31
1656707264078,MATH 10B,B01,083739,Sinha; Shubham,9,0,30,21
1656707270102,MATH 18,A01,083743,Cinel; Cameron Alexander,6,0,30,24
1656707270102,MATH 18,A02,083744,Cinel; Cameron Alexander,14,0,30,16
1656707270102,MATH 18,A03,083745,Cinel; Cameron Alexander,8,0,30,22
1656707270102,MATH 18,B01,083748,Rideout; David Porter,2,0,37,35
1656707270102,MATH 18,B02,083749,Rideout; David Porter,2,0,36,34
1656707270102,MATH 18,B03,083750,Rideout; David Porter,1,0,37,36
1656707270102,MATH 18,B04,083751,Rideout; David Porter,4,0,36,32
1656707270102,MATH 18,B05,093473,Rideout; David Porter,4,0,36,32
1656707270102,MATH 18,B06,093474,Rideout; David Porter,4,0,36,32
1656707276128,MATH 20A,A01,083754,Zheng; Zequn,12,0,40,28
1656707282156,MATH 20B,A01,083756,Briones; Jor-el Thomas Caparas,1,1,36,35
1656707282156,MATH 20B,A02,083757,Briones; Jor-el Thomas Caparas,0,0,36,36
1656707282156,MATH 20B,A03,093475,Briones; Jor-el Thomas Caparas,1,0,36,35
1656707288180,MATH 20C,A01,083760,Briones; Jor-el Thomas Caparas,0,0,35,35
1656707288180,MATH 20C,A02,083761,Briones; Jor-el Thomas Caparas,8,0,35,27
1656707288180,MATH 20C,A03,093476,Briones; Jor-el Thomas Caparas,0,1,36,36
1656707288180,MATH 20C,B01,083762,Bach; Quang Tran,0,0,30,30
1656707294211,MATH 20D,A01,083765,Tran; Brian Kha,4,0,30,26
1656707294211,MATH 20D,A02,083766,Tran; Brian Kha,4,0,30,26
1656707294211,MATH 20D,A03,083767,Tran; Brian Kha,1,0,30,29
1656707300234,MATH 20E,A01,083771,Ganguly; Soumya,4,0,32,28
1656707300234,MATH 20E,A02,083772,Ganguly; Soumya,3,0,32,29
1656707300234,MATH 20E,B01,083773,Ciotti; Benjamin,18,0,35,17
1656707300234,MATH 20E,B02,083774,Ciotti; Benjamin,18,0,35,17
1656707306265,MATH 103A,A01,083777,Greenfeld; Be'Eri,2,0,36,34
1656707306265,MATH 103A,A02,083778,Greenfeld; Be'Eri,5,0,36,31
1656707306265,MATH 103A,A03,093561,Greenfeld; Be'Eri,4,0,36,32
1656707306265,MATH 103A,B01,083779,Greenfeld; Be'Eri,6,0,36,30
1656707306265,MATH 103A,B02,083780,Greenfeld; Be'Eri,2,0,36,34
1656707306265,MATH 103A,B03,093562,Greenfeld; Be'Eri,2,0,36,34
1656707312299,MATH 105,A01,085443,Carter; Anne Toulson,13,0,35,22
1656707312299,MATH 105,A02,093477,Carter; Anne Toulson,20,0,35,15
1656707318339,MATH 109,A01,083213,Ganzberger; Geoffrey Michael,1,0,34,33
1656707318339,MATH 109,A02,083214,Ganzberger; Geoffrey Michael,1,0,34,33
1656707318339,MATH 109,A03,093478,Ganzberger; Geoffrey Michael,2,0,34,32
1656707318339,MATH 109,B01,083215,Ganzberger; Geoffrey Michael,1,0,32,31
1656707318339,MATH 109,B02,083216,Ganzberger; Geoffrey Michael,2,0,32,30
1656707318339,MATH 109,B03,093479,Ganzberger; Geoffrey Michael,7,0,32,25
1656707324361,MATH 142A,A01,083219,Chow; Bennett,4,0,32,28
1656707324361,MATH 142A,A02,083220,Chow; Bennett,9,0,32,23
1656707324361,MATH 142A,A03,093480,Chow; Bennett,6,0,32,26
1656707324361,MATH 142A,B03,093481,Chow; Bennett,5,0,32,27
1656707324361,MATH 142A,B04,093558,Chow; Bennett,10,0,32,22
1656707324361,MATH 142A,B05,093559,Chow; Bennett,4,0,32,28
1656707330384,MATH 193A,A01,083224,Rotar; Vladimir,4,0,34,30
1656707330384,MATH 193A,A02,083225,Rotar; Vladimir,2,0,34,32
1656707330384,MATH 193A,A03,083781,Rotar; Vladimir,1,0,34,33
1656707330384,MATH 193A,A04,083782,Rotar; Vladimir,4,0,34,30
1656707330384,MATH 193A,A05,093482,Rotar; Vladimir,5,0,34,29
1656707336407,MATH 197,001,091859,McAuley; Julian John,9999,0,9999,0
1656707336407,MATH 197,002,095566,Kedlaya; Kiran S.,9997,0,9999,2
1656707336407,MATH 197,003,095567,Xiao; Ming,9999,0,9999,0
1656707336407,MATH 197,004,095571,Perols; Johan Lars,9998,0,9999,1
1656707343474,COGS 9,A01,083615,Shannon; Kyle Michael,5,0,75,70
1656707349495,COGS 11,A01,083617,Boyle; Mary E. T.,17,0,48,31
1656707355519,COGS 13,A01,083071,Bastos; Amalia Pinkusfeld,6,0,71,65
1656707361543,COGS 14A,A01,092681,Semenuks; Arturs,0,2,100,101
1656707367568,COGS 14B,A01,083073,Cheng; Tzu-Han,3,0,63,60
1656707373594,COGS 17,A01,092677,Semenuks; Arturs,4,0,81,77
1656707379620,COGS 100,A01,083619,Allen; Michael Gordon,13,0,70,57
1656707385648,COGS 101A,A01,083621,Davis; Joshua Daniel,9,0,68,59
1656707391671,COGS 101B,A01,091572,Allen; Michael Gordon,3,0,65,62
1656707397695,COGS 101C,A01,083625,Delgado; Tania,17,0,35,18
1656707403722,COGS 107A,A01,083627,Boyle; Mary E. T.,11,0,60,49
1656707409752,COGS 118A,A01,083075,Gupta; Anjum,13,0,76,63
1656707415780,CSE 3,A50,083646,Miranda; Gregory Joseph,22,0,50,28
1656707421820,CSE 8A,A50,083650,Miranda; Gregory Joseph,16,1,56,40
1656707427842,CSE 11,A01,083080,Cao; Yingjun,2,17,40,38
1656707433869,CSE 12,A01,083652,Krause-Levy; Sophia Louisa,19,1,120,101
1656707439892,CSE 15L,A01,083654,Morris; Justin Loren,8,0,50,42
1656707439892,CSE 15L,A02,083655,Morris; Justin Loren,8,0,50,42
1656707445925,CSE 20,A01,083657,Tran; Khoa Dang,36,0,80,44
1656707451948,CSE 21,A01,095574,Bach; Quang Tran,21,0,48,27
1656707457976,CSE 30,A01,083084,Eldon; John,5,0,80,75
1656707457976,CSE 30,B01,095061,Bhaskar; Nishant,3,0,50,47
1656707464006,CSE 100,A01,083659,Cao; Yingjun,1,6,70,69
1656707470033,CSE 134B,A01,083661,Powell; Thomas Allan,17,0,100,83
1656707476059,CSE 140,A01,083663,Gungor; Onat,14,0,85,71
1656707482083,CSE 140L,A01,083088,Eldon; John,16,0,100,84
1656707488116,CSE 175,A01,083665,Kumar; Rakesh,3,0,25,22
1656707494138,CSE 190,A00,092507,Dubnov; Shlomo,5,0,20,15
1656707500174,ECE 45,A01,083139,Congero; Spencer William,5,0,75,70
1656707506214,ECE 65,A50,083695,Saad; Andrew S,12,0,30,18
1656707506214,ECE 65,A51,095125,Saad; Andrew S,25,0,26,1
1656707512236,ECE 109,A01,091882,Touri; Behrouz,13,0,70,57
1656707518260,ECE 180,A00,083140,Abi Samra; Nicholas Camill,1,0,30,29
1656707518260,ECE 180,B00,083141,Abi Samra; Nicholas Camill,0,0,30,30
1656707524285,MATH 10A,A01,083735,Patchell; Gregory David,0,0,30,30
1656707524285,MATH 10A,A02,083736,Patchell; Gregory David,20,0,30,10
1656707524285,MATH 10A,A03,083737,Patchell; Gregory David,16,0,30,14
1656707530309,MATH 10B,A01,083207,Lim; Seonhee,7,0,34,27
1656707530309,MATH 10B,A02,083208,Lim; Seonhee,9,0,35,26
1656707530309,MATH 10B,A03,093472,Lim; Seonhee,3,0,34,31
1656707530309,MATH 10B,B01,083739,Sinha; Shubham,9,0,30,21
1656707536337,MATH 18,A01,083743,Cinel; Cameron Alexander,6,0,30,24
1656707536337,MATH 18,A02,083744,Cinel; Cameron Alexander,14,0,30,16
1656707536337,MATH 18,A03,083745,Cinel; Cameron Alexander,8,0,30,22
1656707536337,MATH 18,B01,083748,Rideout; David Porter,2,0,37,35
1656707536337,MATH 18,B02,083749,Rideout; David Porter,2,0,36,34
1656707536337,MATH 18,B03,083750,Rideout; David Porter,1,0,37,36
1656707536337,MATH 18,B04,083751,Rideout; David Porter,4,0,36,32
1656707536337,MATH 18,B05,093473,Rideout; David Porter,4,0,36,32
1656707536337,MATH 18,B06,093474,Rideout; David Porter,4,0,36,32
1656707542361,MATH 20A,A01,083754,Zheng; Zequn,12,0,40,28
1656707548385,MATH 20B,A01,083756,Briones; Jor-el Thomas Caparas,1,1,36,35
1656707548385,MATH 20B,A02,083757,Briones; Jor-el Thomas Caparas,0,0,36,36
1656707548385,MATH 20B,A03,093475,Briones; Jor-el Thomas Caparas,1,0,36,35
1656707554408,MATH 20C,A01,083760,Briones; Jor-el Thomas Caparas,0,0,35,35
1656707554408,MATH 20C,A02,083761,Briones; Jor-el Thomas Caparas,8,0,35,27
1656707554408,MATH 20C,A03,093476,Briones; Jor-el Thomas Caparas,0,1,36,36
1656707554408,MATH 20C,B01,083762,Bach; Quang Tran,0,0,30,30
1656707560434,MATH 20D,A01,083765,Tran; Brian Kha,4,0,30,26
1656707560434,MATH 20D,A02,083766,Tran; Brian Kha,4,0,30,26
1656707560434,MATH 20D,A03,083767,Tran; Brian Kha,1,0,30,29
1656707566470,MATH 20E,A01,083771,Ganguly; Soumya,4,0,32,28
1656707566470,MATH 20E,A02,083772,Ganguly; Soumya,3,0,32,29
1656707566470,MATH 20E,B01,083773,Ciotti; Benjamin,18,0,35,17
1656707566470,MATH 20E,B02,083774,Ciotti; Benjamin,18,0,35,17
1656707572501,MATH 103A,A01,083777,Greenfeld; Be'Eri,2,0,36,34
1656707572501,MATH 103A,A02,083778,Greenfeld; Be'Eri,5,0,36,31
1656707572501,MATH 103A,A03,093561,Greenfeld; Be'Eri,4,0,36,32
1656707572501,MATH 103A,B01,083779,Greenfeld; Be'Eri,6,0,36,30
1656707572501,MATH 103A,B02,083780,Greenfeld; Be'Eri,2,0,36,34
1656707572501,MATH 103A,B03,093562,Greenfeld; Be'Eri,2,0,36,34
1656707578524,MATH 105,A01,085443,Carter; Anne Toulson,13,0,35,22
1656707578524,MATH 105,A02,093477,Carter; Anne Toulson,20,0,35,15
1656707584556,MATH 109,A01,083213,Ganzberger; Geoffrey Michael,1,0,34,33
1656707584556,MATH 109,A02,083214,Ganzberger; Geoffrey Michael,1,0,34,33
1656707584556,MATH 109,A03,093478,Ganzberger; Geoffrey Michael,2,0,34,32
1656707584556,MATH 109,B01,083215,Ganzberger; Geoffrey Michael,1,0,32,31
1656707584556,MATH 109,B02,083216,Ganzberger; Geoffrey Michael,2,0,32,30
1656707584556,MATH 109,B03,093479,Ganzberger; Geoffrey Michael,7,0,32,25
1656707590586,MATH 142A,A01,083219,Chow; Bennett,4,0,32,28
1656707590586,MATH 142A,A02,083220,Chow; Bennett,9,0,32,23
1656707590586,MATH 142A,A03,093480,Chow; Bennett,6,0,32,26
1656707590586,MATH 142A,B03,093481,Chow; Bennett,5,0,32,27
1656707590586,MATH 142A,B04,093558,Chow; Bennett,10,0,32,22
1656707590586,MATH 142A,B05,093559,Chow; Bennett,4,0,32,28
1656707596610,MATH 193A,A01,083224,Rotar; Vladimir,4,0,34,30
1656707596610,MATH 193A,A02,083225,Rotar; Vladimir,2,0,34,32
1656707596610,MATH 193A,A03,083781,Rotar; Vladimir,1,0,34,33
1656707596610,MATH 193A,A04,083782,Rotar; Vladimir,4,0,34,30
1656707596610,MATH 193A,A05,093482,Rotar; Vladimir,5,0,34,29
1656707602644,MATH 197,001,091859,McAuley; Julian John,9999,0,9999,0
1656707602644,MATH 197,002,095566,Kedlaya; Kiran S.,9997,0,9999,2
1656707602644,MATH 197,003,095567,Xiao; Ming,9999,0,9999,0
1656707602644,MATH 197,004,095571,Perols; Johan Lars,9998,0,9999,1
1656707609707,COGS 9,A01,083615,Shannon; Kyle Michael,5,0,75,70
1656707615734,COGS 11,A01,083617,Boyle; Mary E. T.,17,0,48,31
1656707621764,COGS 13,A01,083071,Bastos; Amalia Pinkusfeld,6,0,71,65
1656707627794,COGS 14A,A01,092681,Semenuks; Arturs,0,1,100,102
1656707633829,COGS 14B,A01,083073,Cheng; Tzu-Han,3,0,63,60
1656707639853,COGS 17,A01,092677,Semenuks; Arturs,4,0,81,77
1656707645880,COGS 100,A01,083619,Allen; Michael Gordon,13,0,70,57
1656707651912,COGS 101A,A01,083621,Davis; Joshua Daniel,9,0,68,59
1656707657938,COGS 101B,A01,091572,Allen; Michael Gordon,3,0,65,62
1656707663963,COGS 101C,A01,083625,Delgado; Tania,17,0,35,18
1656707669987,COGS 107A,A01,083627,Boyle; Mary E. T.,11,0,60,49
1656707676015,COGS 118A,A01,083075,Gupta; Anjum,13,0,76,63
1656707682045,CSE 3,A50,083646,Miranda; Gregory Joseph,22,0,50,28
1656707688076,CSE 8A,A50,083650,Miranda; Gregory Joseph,16,1,56,40
1656707694106,CSE 11,A01,083080,Cao; Yingjun,2,17,40,38
1656707700134,CSE 12,A01,083652,Krause-Levy; Sophia Louisa,19,1,120,101
1656707706183,CSE 15L,A01,083654,Morris; Justin Loren,8,0,50,42
1656707706183,CSE 15L,A02,083655,Morris; Justin Loren,8,0,50,42
1656707712206,CSE 20,A01,083657,Tran; Khoa Dang,36,0,80,44
1656707718242,CSE 21,A01,095574,Bach; Quang Tran,21,0,48,27
1656707724265,CSE 30,A01,083084,Eldon; John,5,0,80,75
1656707724265,CSE 30,B01,095061,Bhaskar; Nishant,3,0,50,47
1656707730288,CSE 100,A01,083659,Cao; Yingjun,1,6,70,69
1656707736312,CSE 134B,A01,083661,Powell; Thomas Allan,17,0,100,83
1656707742339,CSE 140,A01,083663,Gungor; Onat,14,0,85,71
1656707748369,CSE 140L,A01,083088,Eldon; John,16,0,100,84
1656707754393,CSE 175,A01,083665,Kumar; Rakesh,3,0,25,22
1656707760423,CSE 190,A00,092507,Dubnov; Shlomo,5,0,20,15
1656707766453,ECE 45,A01,083139,Congero; Spencer William,5,0,75,70
1656707772565,ECE 65,A50,083695,Saad; Andrew S,12,0,30,18
1656707772565,ECE 65,A51,095125,Saad; Andrew S,25,0,26,1
1656707778593,ECE 109,A01,091882,Touri; Behrouz,13,0,70,57
1656707784624,ECE 180,A00,083140,Abi Samra; Nicholas Camill,1,0,30,29
1656707784624,ECE 180,B00,083141,Abi Samra; Nicholas Camill,0,0,30,30
1656707790653,MATH 10A,A01,083735,Patchell; Gregory David,0,0,30,30
1656707790653,MATH 10A,A02,083736,Patchell; Gregory David,20,0,30,10
1656707790653,MATH 10A,A03,083737,Patchell; Gregory David,16,0,30,14
1656707796681,MATH 10B,A01,083207,Lim; Seonhee,7,0,34,27
1656707796681,MATH 10B,A02,083208,Lim; Seonhee,9,0,35,26
1656707796681,MATH 10B,A03,093472,Lim; Seonhee,3,0,34,31
1656707796681,MATH 10B,B01,083739,Sinha; Shubham,9,0,30,21
1656707802726,MATH 18,A01,083743,Cinel; Cameron Alexander,6,0,30,24
1656707802726,MATH 18,A02,083744,Cinel; Cameron Alexander,14,0,30,16
1656707802726,MATH 18,A03,083745,Cinel; Cameron Alexander,8,0,30,22
1656707802726,MATH 18,B01,083748,Rideout; David Porter,2,0,37,35
1656707802726,MATH 18,B02,083749,Rideout; David Porter,2,0,36,34
1656707802726,MATH 18,B03,083750,Rideout; David Porter,1,0,37,36
1656707802726,MATH 18,B04,083751,Rideout; David Porter,4,0,36,32
1656707802726,MATH 18,B05,093473,Rideout; David Porter,4,0,36,32
1656707802726,MATH 18,B06,093474,Rideout; David Porter,4,0,36,32
1656707808768,MATH 20A,A01,083754,Zheng; Zequn,12,0,40,28
1656707814790,MATH 20B,A01,083756,Briones; Jor-el Thomas Caparas,1,1,36,35
1656707814790,MATH 20B,A02,083757,Briones; Jor-el Thomas Caparas,0,0,36,36
1656707814790,MATH 20B,A03,093475,Briones; Jor-el Thomas Caparas,1,0,36,35
1656707820823,MATH 20C,A01,083760,Briones; Jor-el Thomas Caparas,0,0,35,35
1656707820823,MATH 20C,A02,083761,Briones; Jor-el Thomas Caparas,8,0,35,27
1656707820823,MATH 20C,A03,093476,Briones; Jor-el Thomas Caparas,0,1,36,36
1656707820823,MATH 20C,B01,083762,Bach; Quang Tran,0,0,30,30
1656707826853,MATH 20D,A01,083765,Tran; Brian Kha,4,0,30,26
1656707826853,MATH 20D,A02,083766,Tran; Brian Kha,4,0,30,26
1656707826853,MATH 20D,A03,083767,Tran; Brian Kha,1,0,30,29
1656707832876,MATH 20E,A01,083771,Ganguly; Soumya,4,0,32,28
1656707832876,MATH 20E,A02,083772,Ganguly; Soumya,3,0,32,29
1656707832876,MATH 20E,B01,083773,Ciotti; Benjamin,18,0,35,17
1656707832876,MATH 20E,B02,083774,Ciotti; Benjamin,18,0,35,17
1656707838900,MATH 103A,A01,083777,Greenfeld; Be'Eri,2,0,36,34
1656707838900,MATH 103A,A02,083778,Greenfeld; Be'Eri,5,0,36,31
1656707838900,MATH 103A,A03,093561,Greenfeld; Be'Eri,4,0,36,32
1656707838900,MATH 103A,B01,083779,Greenfeld; Be'Eri,6,0,36,30
1656707838900,MATH 103A,B02,083780,Greenfeld; Be'Eri,2,0,36,34
1656707838900,MATH 103A,B03,093562,Greenfeld; Be'Eri,2,0,36,34
1656707844926,MATH 105,A01,085443,Carter; Anne Toulson,13,0,35,22
1656707844926,MATH 105,A02,093477,Carter; Anne Toulson,20,0,35,15
1656707850950,MATH 109,A01,083213,Ganzberger; Geoffrey Michael,1,0,34,33
1656707850950,MATH 109,A02,083214,Ganzberger; Geoffrey Michael,1,0,34,33
1656707850950,MATH 109,A03,093478,Ganzberger; Geoffrey Michael,2,0,34,32
1656707850950,MATH 109,B01,083215,Ganzberger; Geoffrey Michael,1,0,32,31
1656707850950,MATH 109,B02,083216,Ganzberger; Geoffrey Michael,2,0,32,30
1656707850950,MATH 109,B03,093479,Ganzberger; Geoffrey Michael,7,0,32,25
1656707856972,MATH 142A,A01,083219,Chow; Bennett,4,0,32,28
1656707856972,MATH 142A,A02,083220,Chow; Bennett,9,0,32,23
1656707856972,MATH 142A,A03,093480,Chow; Bennett,6,0,32,26
1656707856972,MATH 142A,B03,093481,Chow; Bennett,5,0,32,27
1656707856972,MATH 142A,B04,093558,Chow; Bennett,10,0,32,22
1656707856972,MATH 142A,B05,093559,Chow; Bennett,4,0,32,28
1656707863008,MATH 193A,A01,083224,Rotar; Vladimir,4,0,34,30
1656707863008,MATH 193A,A02,083225,Rotar; Vladimir,2,0,34,32
1656707863008,MATH 193A,A03,083781,Rotar; Vladimir,1,0,34,33
1656707863008,MATH 193A,A04,083782,Rotar; Vladimir,4,0,34,30
1656707863008,MATH 193A,A05,093482,Rotar; Vladimir,5,0,34,29
1656707869029,MATH 197,001,091859,McAuley; Julian John,9999,0,9999,0
1656707869029,MATH 197,002,095566,Kedlaya; Kiran S.,9997,0,9999,2
1656707869029,MATH 197,003,095567,Xiao; Ming,9999,0,9999,0
1656707869029,MATH 197,004,095571,Perols; Johan Lars,9998,0,9999,1
1656707876103,COGS 9,A01,083615,Shannon; Kyle Michael,5,0,75,70
1656707882125,COGS 11,A01,083617,Boyle; Mary E. T.,17,0,48,31
1656707888173,COGS 13,A01,083071,Bastos; Amalia Pinkusfeld,6,0,71,65
1656707894202,COGS 14A,A01,092681,Semenuks; Arturs,0,1,100,102
1656707900230,COGS 14B,A01,083073,Cheng; Tzu-Han,3,0,63,60
1656707906259,COGS 17,A01,092677,Semenuks; Arturs,4,0,81,77
1656707912291,COGS 100,A01,083619,Allen; Michael Gordon,13,0,70,57
1656707918315,COGS 101A,A01,083621,Davis; Joshua Daniel,9,0,68,59
1656707924344,COGS 101B,A01,091572,Allen; Michael Gordon,3,0,65,62
1656707930368,COGS 101C,A01,083625,Delgado; Tania,17,0,35,18
1656707936393,COGS 107A,A01,083627,Boyle; Mary E. T.,11,0,60,49
1656707942421,COGS 118A,A01,083075,Gupta; Anjum,13,0,76,63
1656707948462,CSE 3,A50,083646,Miranda; Gregory Joseph,22,0,50,28
1656707954490,CSE 8A,A50,083650,Miranda; Gregory Joseph,16,1,56,40
1656707960516,CSE 11,A01,083080,Cao; Yingjun,2,17,40,38
1656707966543,CSE 12,A01,083652,Krause-Levy; Sophia Louisa,19,1,120,101
1656707972566,CSE 15L,A01,083654,Morris; Justin Loren,8,0,50,42
1656707972566,CSE 15L,A02,083655,Morris; Justin Loren,8,0,50,42
1656707978591,CSE 20,A01,083657,Tran; Khoa Dang,36,0,80,44
1656707984619,CSE 21,A01,095574,Bach; Quang Tran,21,0,48,27
1656707990649,CSE 30,A01,083084,Eldon; John,5,0,80,75
1656707990649,CSE 30,B01,095061,Bhaskar; Nishant,3,0,50,47
1656707996676,CSE 100,A01,083659,Cao; Yingjun,1,6,70,69
1656708002699,CSE 134B,A01,083661,Powell; Thomas Allan,17,0,100,83
1656708008728,CSE 140,A01,083663,Gungor; Onat,14,0,85,71
1656708014753,CSE 140L,A01,083088,Eldon; John,16,0,100,84
1656708020775,CSE 175,A01,083665,Kumar; Rakesh,3,0,25,22
1656708026809,CSE 190,A00,092507,Dubnov; Shlomo,5,0,20,15
1656708032854,ECE 45,A01,083139,Congero; Spencer William,5,0,75,70
1656708038886,ECE 65,A50,083695,Saad; Andrew S,12,0,30,18
1656708038886,ECE 65,A51,095125,Saad; Andrew S,25,0,26,1
1656708044916,ECE 109,A01,091882,Touri; Behrouz,13,0,70,57
1656708050939,ECE 180,A00,083140,Abi Samra; Nicholas Camill,1,0,30,29
1656708050939,ECE 180,B00,083141,Abi Samra; Nicholas Camill,0,0,30,30
1656708056963,MATH 10A,A01,083735,Patchell; Gregory David,0,0,30,30
1656708056963,MATH 10A,A02,083736,Patchell; Gregory David,20,0,30,10
1656708056963,MATH 10A,A03,083737,Patchell; Gregory David,16,0,30,14
1656708062991,MATH 10B,A01,083207,Lim; Seonhee,7,0,34,27
1656708062991,MATH 10B,A02,083208,Lim; Seonhee,9,0,35,26
1656708062991,MATH 10B,A03,093472,Lim; Seonhee,3,0,34,31
1656708062991,MATH 10B,B01,083739,Sinha; Shubham,9,0,30,21
1656708069016,MATH 18,A01,083743,Cinel; Cameron Alexander,6,0,30,24
1656708069016,MATH 18,A02,083744,Cinel; Cameron Alexander,14,0,30,16
1656708069016,MATH 18,A03,083745,Cinel; Cameron Alexander,8,0,30,22
1656708069016,MATH 18,B01,083748,Rideout; David Porter,2,0,37,35
1656708069016,MATH 18,B02,083749,Rideout; David Porter,2,0,36,34
1656708069016,MATH 18,B03,083750,Rideout; David Porter,1,0,37,36
1656708069016,MATH 18,B04,083751,Rideout; David Porter,4,0,36,32
1656708069016,MATH 18,B05,093473,Rideout; David Porter,4,0,36,32
1656708069016,MATH 18,B06,093474,Rideout; David Porter,4,0,36,32
1656708075040,MATH 20A,A01,083754,Zheng; Zequn,12,0,40,28
1656708081074,MATH 20B,A01,083756,Briones; Jor-el Thomas Caparas,1,1,36,35
1656708081074,MATH 20B,A02,083757,Briones; Jor-el Thomas Caparas,0,0,36,36
1656708081074,MATH 20B,A03,093475,Briones; Jor-el Thomas Caparas,1,0,36,35
1656708087099,MATH 20C,A01,083760,Briones; Jor-el Thomas Caparas,0,0,35,35
1656708087099,MATH 20C,A02,083761,Briones; Jor-el Thomas Caparas,8,0,35,27
1656708087099,MATH 20C,A03,093476,Briones; Jor-el Thomas Caparas,0,1,36,36
1656708087099,MATH 20C,B01,083762,Bach; Quang Tran,0,0,30,30
1656708093130,MATH 20D,A01,083765,Tran; Brian Kha,4,0,30,26
1656708093130,MATH 20D,A02,083766,Tran; Brian Kha,4,0,30,26
1656708093130,MATH 20D,A03,083767,Tran; Brian Kha,1,0,30,29
1656708099157,MATH 20E,A01,083771,Ganguly; Soumya,4,0,32,28
1656708099157,MATH 20E,A02,083772,Ganguly; Soumya,3,0,32,29
1656708099157,MATH 20E,B01,083773,Ciotti; Benjamin,18,0,35,17
1656708099157,MATH 20E,B02,083774,Ciotti; Benjamin,18,0,35,17
1656708105186,MATH 103A,A01,083777,Greenfeld; Be'Eri,2,0,36,34
1656708105186,MATH 103A,A02,083778,Greenfeld; Be'Eri,5,0,36,31
1656708105186,MATH 103A,A03,093561,Greenfeld; Be'Eri,4,0,36,32
1656708105186,MATH 103A,B01,083779,Greenfeld; Be'Eri,6,0,36,30
1656708105186,MATH 103A,B02,083780,Greenfeld; Be'Eri,2,0,36,34
1656708105186,MATH 103A,B03,093562,Greenfeld; Be'Eri,2,0,36,34
1656708111219,MATH 105,A01,085443,Carter; Anne Toulson,13,0,35,22
1656708111219,MATH 105,A02,093477,Carter; Anne Toulson,20,0,35,15
1656708117248,MATH 109,A01,083213,Ganzberger; Geoffrey Michael,1,0,34,33
1656708117248,MATH 109,A02,083214,Ganzberger; Geoffrey Michael,1,0,34,33
1656708117248,MATH 109,A03,093478,Ganzberger; Geoffrey Michael,2,0,34,32
1656708117248,MATH 109,B01,083215,Ganzberger; Geoffrey Michael,1,0,32,31
1656708117248,MATH 109,B02,083216,Ganzberger; Geoffrey Michael,2,0,32,30
1656708117248,MATH 109,B03,093479,Ganzberger; Geoffrey Michael,7,0,32,25
1656708123279,MATH 142A,A01,083219,Chow; Bennett,4,0,32,28
1656708123279,MATH 142A,A02,083220,Chow; Bennett,9,0,32,23
1656708123279,MATH 142A,A03,093480,Chow; Bennett,6,0,32,26
1656708123279,MATH 142A,B03,093481,Chow; Bennett,5,0,32,27
1656708123279,MATH 142A,B04,093558,Chow; Bennett,10,0,32,22
1656708123279,MATH 142A,B05,093559,Chow; Bennett,4,0,32,28
1656708129303,MATH 193A,A01,083224,Rotar; Vladimir,4,0,34,30
1656708129303,MATH 193A,A02,083225,Rotar; Vladimir,2,0,34,32
1656708129303,MATH 193A,A03,083781,Rotar; Vladimir,1,0,34,33
1656708129303,MATH 193A,A04,083782,Rotar; Vladimir,4,0,34,30
1656708129303,MATH 193A,A05,093482,Rotar; Vladimir,5,0,34,29
1656708135333,MATH 197,001,091859,McAuley; Julian John,9999,0,9999,0
1656708135333,MATH 197,002,095566,Kedlaya; Kiran S.,9997,0,9999,2
1656708135333,MATH 197,003,095567,Xiao; Ming,9999,0,9999,0
1656708135333,MATH 197,004,095571,Perols; Johan Lars,9998,0,9999,1
1656708142389,COGS 9,A01,083615,Shannon; Kyle Michael,5,0,75,70
1656708148414,COGS 11,A01,083617,Boyle; Mary E. T.,17,0,48,31
1656708154449,COGS 13,A01,083071,Bastos; Amalia Pinkusfeld,6,0,71,65
1656708160475,COGS 14A,A01,092681,Semenuks; Arturs,0,1,100,102
1656708166502,COGS 14B,A01,083073,Cheng; Tzu-Han,3,0,63,60
1656708172531,COGS 17,A01,092677,Semenuks; Arturs,4,0,81,77
1656708178558,COGS 100,A01,083619,Allen; Michael Gordon,13,0,70,57
1656708184594,COGS 101A,A01,083621,Davis; Joshua Daniel,9,0,68,59
1656708190617,COGS 101B,A01,091572,Allen; Michael Gordon,3,0,65,62
1656708196641,COGS 101C,A01,083625,Delgado; Tania,17,0,35,18
1656708202668,COGS 107A,A01,083627,Boyle; Mary E. T.,11,0,60,49
1656708208695,COGS 118A,A01,083075,Gupta; Anjum,13,0,76,63
1656708214719,CSE 3,A50,083646,Miranda; Gregory Joseph,22,0,50,28
1656708220745,CSE 8A,A50,083650,Miranda; Gregory Joseph,16,1,56,40
1656708226773,CSE 11,A01,083080,Cao; Yingjun,2,17,40,38
1656708232809,CSE 12,A01,083652,Krause-Levy; Sophia Louisa,19,1,120,101
1656708238833,CSE 15L,A01,083654,Morris; Justin Loren,8,0,50,42
1656708238833,CSE 15L,A02,083655,Morris; Justin Loren,8,0,50,42
1656708244868,CSE 20,A01,083657,Tran; Khoa Dang,36,0,80,44
1656708250891,CSE 21,A01,095574,Bach; Quang Tran,21,0,48,27
1656708256916,CSE 30,A01,083084,Eldon; John,5,0,80,75
1656708256916,CSE 30,B01,095061,Bhaskar; Nishant,3,0,50,47
1656708262939,CSE 100,A01,083659,Cao; Yingjun,1,6,70,69
1656708268962,CSE 134B,A01,083661,Powell; Thomas Allan,17,0,100,83
1656708274994,CSE 140,A01,083663,Gungor; Onat,14,0,85,71
1656708281018,CSE 140L,A01,083088,Eldon; John,16,0,100,84
1656708287040,CSE 175,A01,083665,Kumar; Rakesh,3,0,25,22
1656708293068,CSE 190,A00,092507,Dubnov; Shlomo,5,0,20,15
1656708299103,ECE 45,A01,083139,Congero; Spencer William,5,0,75,70
1656708305127,ECE 65,A50,083695,Saad; Andrew S,12,0,30,18
1656708305127,ECE 65,A51,095125,Saad; Andrew S,25,0,26,1
1656708311154,ECE 109,A01,091882,Touri; Behrouz,13,0,70,57
1656708317205,ECE 180,A00,083140,Abi Samra; Nicholas Camill,1,0,30,29
1656708317205,ECE 180,B00,083141,Abi Samra; Nicholas Camill,0,0,30,30
1656708323232,MATH 10A,A01,083735,Patchell; Gregory David,0,0,30,30
1656708323232,MATH 10A,A02,083736,Patchell; Gregory David,20,0,30,10
1656708323232,MATH 10A,A03,083737,Patchell; Gregory David,16,0,30,14
1656708329255,MATH 10B,A01,083207,Lim; Seonhee,7,0,34,27
1656708329255,MATH 10B,A02,083208,Lim; Seonhee,9,0,35,26
1656708329255,MATH 10B,A03,093472,Lim; Seonhee,3,0,34,31
1656708329255,MATH 10B,B01,083739,Sinha; Shubham,9,0,30,21
1656708335287,MATH 18,A01,083743,Cinel; Cameron Alexander,6,0,30,24
1656708335287,MATH 18,A02,083744,Cinel; Cameron Alexander,14,0,30,16
1656708335287,MATH 18,A03,083745,Cinel; Cameron Alexander,8,0,30,22
1656708335287,MATH 18,B01,083748,Rideout; David Porter,2,0,37,35
1656708335287,MATH 18,B02,083749,Rideout; David Porter,2,0,36,34
1656708335287,MATH 18,B03,083750,Rideout; David Porter,1,0,37,36
1656708335287,MATH 18,B04,083751,Rideout; David Porter,4,0,36,32
1656708335287,MATH 18,B05,093473,Rideout; David Porter,4,0,36,32
1656708335287,MATH 18,B06,093474,Rideout; David Porter,4,0,36,32
1656708341315,MATH 20A,A01,083754,Zheng; Zequn,12,0,40,28
1656708347353,MATH 20B,A01,083756,Briones; Jor-el Thomas Caparas,1,1,36,35
1656708347353,MATH 20B,A02,083757,Briones; Jor-el Thomas Caparas,0,0,36,36
1656708347353,MATH 20B,A03,093475,Briones; Jor-el Thomas Caparas,1,0,36,35
1656708353378,MATH 20C,A01,083760,Briones; Jor-el Thomas Caparas,0,0,35,35
1656708353378,MATH 20C,A02,083761,Briones; Jor-el Thomas Caparas,8,0,35,27
1656708353378,MATH 20C,A03,093476,Briones; Jor-el Thomas Caparas,0,1,36,36
1656708353378,MATH 20C,B01,083762,Bach; Quang Tran,0,0,30,30
1656708359412,MATH 20D,A01,083765,Tran; Brian Kha,4,0,30,26
1656708359412,MATH 20D,A02,083766,Tran; Brian Kha,4,0,30,26
1656708359412,MATH 20D,A03,083767,Tran; Brian Kha,1,0,30,29
1656708365443,MATH 20E,A01,083771,Ganguly; Soumya,4,0,32,28
1656708365443,MATH 20E,A02,083772,Ganguly; Soumya,3,0,32,29
1656708365443,MATH 20E,B01,083773,Ciotti; Benjamin,18,0,35,17
1656708365443,MATH 20E,B02,083774,Ciotti; Benjamin,18,0,35,17
1656708371540,MATH 103A,A01,083777,Greenfeld; Be'Eri,2,0,36,34
1656708371540,MATH 103A,A02,083778,Greenfeld; Be'Eri,5,0,36,31
1656708371540,MATH 103A,A03,093561,Greenfeld; Be'Eri,4,0,36,32
1656708371540,MATH 103A,B01,083779,Greenfeld; Be'Eri,6,0,36,30
1656708371540,MATH 103A,B02,083780,Greenfeld; Be'Eri,2,0,36,34
1656708371540,MATH 103A,B03,093562,Greenfeld; Be'Eri,2,0,36,34
1656708377571,MATH 105,A01,085443,Carter; Anne Toulson,13,0,35,22
1656708377571,MATH 105,A02,093477,Carter; Anne Toulson,20,0,35,15
1656708383599,MATH 109,A01,083213,Ganzberger; Geoffrey Michael,1,0,34,33
1656708383599,MATH 109,A02,083214,Ganzberger; Geoffrey Michael,1,0,34,33
1656708383599,MATH 109,A03,093478,Ganzberger; Geoffrey Michael,2,0,34,32
1656708383599,MATH 109,B01,083215,Ganzberger; Geoffrey Michael,1,0,32,31
1656708383599,MATH 109,B02,083216,Ganzberger; Geoffrey Michael,2,0,32,30
1656708383599,MATH 109,B03,093479,Ganzberger; Geoffrey Michael,7,0,32,25
1656708389625,MATH 142A,A01,083219,Chow; Bennett,4,0,32,28
1656708389625,MATH 142A,A02,083220,Chow; Bennett,9,0,32,23
1656708389625,MATH 142A,A03,093480,Chow; Bennett,6,0,32,26
1656708389625,MATH 142A,B03,093481,Chow; Bennett,5,0,32,27
1656708389625,MATH 142A,B04,093558,Chow; Bennett,10,0,32,22
1656708389625,MATH 142A,B05,093559,Chow; Bennett,4,0,32,28
1656708395669,MATH 193A,A01,083224,Rotar; Vladimir,4,0,34,30
1656708395669,MATH 193A,A02,083225,Rotar; Vladimir,2,0,34,32
1656708395669,MATH 193A,A03,083781,Rotar; Vladimir,1,0,34,33
1656708395669,MATH 193A,A04,083782,Rotar; Vladimir,4,0,34,30
1656708395669,MATH 193A,A05,093482,Rotar; Vladimir,5,0,34,29
1656708401693,MATH 197,001,091859,McAuley; Julian John,9999,0,9999,0
1656708401693,MATH 197,002,095566,Kedlaya; Kiran S.,9997,0,9999,2
1656708401693,MATH 197,003,095567,Xiao; Ming,9999,0,9999,0
1656708401693,MATH 197,004,095571,Perols; Johan Lars,9998,0,9999,1
1656708408746,COGS 9,A01,083615,Shannon; Kyle Michael,5,0,75,70
1656708414775,COGS 11,A01,083617,Boyle; Mary E. T.,17,0,48,31
1656708420798,COGS 13,A01,083071,Bastos; Amalia Pinkusfeld,6,0,71,65
1656708426830,COGS 14A,A01,092681,Semenuks; Arturs,0,1,100,102
1656708432852,COGS 14B,A01,083073,Cheng; Tzu-Han,3,0,63,60
1656708438879,COGS 17,A01,092677,Semenuks; Arturs,4,0,81,77
1656708444903,COGS 100,A01,083619,Allen; Michael Gordon,13,0,70,57
1656708450925,COGS 101A,A01,083621,Davis; Joshua Daniel,9,0,68,59
1656708456951,COGS 101B,A01,091572,Allen; Michael Gordon,3,0,65,62
1656708462975,COGS 101C,A01,083625,Delgado; Tania,17,0,35,18
1656708469007,COGS 107A,A01,083627,Boyle; Mary E. T.,11,0,60,49
1656708475034,COGS 118A,A01,083075,Gupta; Anjum,13,0,76,63
1656708481061,CSE 3,A50,083646,Miranda; Gregory Joseph,22,0,50,28
1656708487092,CSE 8A,A50,083650,Miranda; Gregory Joseph,16,1,56,40
1656708493117,CSE 11,A01,083080,Cao; Yingjun,2,17,40,38
1656708499144,CSE 12,A01,083652,Krause-Levy; Sophia Louisa,19,1,120,101
1656708505172,CSE 15L,A01,083654,Morris; Justin Loren,8,0,50,42
1656708505172,CSE 15L,A02,083655,Morris; Justin Loren,8,0,50,42
1656708511197,CSE 20,A01,083657,Tran; Khoa Dang,36,0,80,44
1656708517230,CSE 21,A01,095574,Bach; Quang Tran,21,0,48,27
1656708523254,CSE 30,A01,083084,Eldon; John,5,0,80,75
1656708523254,CSE 30,B01,095061,Bhaskar; Nishant,3,0,50,47
1656708529277,CSE 100,A01,083659,Cao; Yingjun,1,6,70,69
1656708535300,CSE 134B,A01,083661,Powell; Thomas Allan,17,0,100,83
1656708541326,CSE 140,A01,083663,Gungor; Onat,14,0,85,71
1656708547349,CSE 140L,A01,083088,Eldon; John,16,0,100,84
1656708553371,CSE 175,A01,083665,Kumar; Rakesh,3,0,25,22
1656708559398,CSE 190,A00,092507,Dubnov; Shlomo,5,0,20,15
1656708565421,ECE 45,A01,083139,Congero; Spencer William,5,0,75,70
1656708571448,ECE 65,A50,083695,Saad; Andrew S,12,0,30,18
1656708571448,ECE 65,A51,095125,Saad; Andrew S,25,0,26,1
1656708577471,ECE 109,A01,091882,Touri; Behrouz,13,0,70,57
1656708583495,ECE 180,A00,083140,Abi Samra; Nicholas Camill,1,0,30,29
1656708583495,ECE 180,B00,083141,Abi Samra; Nicholas Camill,0,0,30,30
1656708589523,MATH 10A,A01,083735,Patchell; Gregory David,0,0,30,30
1656708589523,MATH 10A,A02,083736,Patchell; Gregory David,20,0,30,10
1656708589523,MATH 10A,A03,083737,Patchell; Gregory David,16,0,30,14
1656708595547,MATH 10B,A01,083207,Lim; Seonhee,7,0,34,27
1656708595547,MATH 10B,A02,083208,Lim; Seonhee,9,0,35,26
1656708595547,MATH 10B,A03,093472,Lim; Seonhee,3,0,34,31
1656708595547,MATH 10B,B01,083739,Sinha; Shubham,9,0,30,21
1656708601580,MATH 18,A01,083743,Cinel; Cameron Alexander,6,0,30,24
1656708601580,MATH 18,A02,083744,Cinel; Cameron Alexander,14,0,30,16
1656708601580,MATH 18,A03,083745,Cinel; Cameron Alexander,8,0,30,22
1656708601580,MATH 18,B01,083748,Rideout; David Porter,2,0,37,35
1656708601580,MATH 18,B02,083749,Rideout; David Porter,2,0,36,34
1656708601580,MATH 18,B03,083750,Rideout; David Porter,1,0,37,36
1656708601580,MATH 18,B04,083751,Rideout; David Porter,4,0,36,32
1656708601580,MATH 18,B05,093473,Rideout; David Porter,4,0,36,32
1656708601580,MATH 18,B06,093474,Rideout; David Porter,4,0,36,32
1656708607607,MATH 20A,A01,083754,Zheng; Zequn,12,0,40,28
1656708613632,MATH 20B,A01,083756,Briones; Jor-el Thomas Caparas,1,1,36,35
1656708613632,MATH 20B,A02,083757,Briones; Jor-el Thomas Caparas,0,0,36,36
1656708613632,MATH 20B,A03,093475,Briones; Jor-el Thomas Caparas,1,0,36,35
1656708619662,MATH 20C,A01,083760,Briones; Jor-el Thomas Caparas,0,0,35,35
1656708619662,MATH 20C,A02,083761,Briones; Jor-el Thomas Caparas,8,0,35,27
1656708619662,MATH 20C,A03,093476,Briones; Jor-el Thomas Caparas,0,1,36,36
1656708619662,MATH 20C,B01,083762,Bach; Quang Tran,0,0,30,30
1656708625689,MATH 20D,A01,083765,Tran; Brian Kha,4,0,30,26
1656708625689,MATH 20D,A02,083766,Tran; Brian Kha,4,0,30,26
1656708625689,MATH 20D,A03,083767,Tran; Brian Kha,1,0,30,29
1656708631711,MATH 20E,A01,083771,Ganguly; Soumya,4,0,32,28
1656708631711,MATH 20E,A02,083772,Ganguly; Soumya,3,0,32,29
1656708631711,MATH 20E,B01,083773,Ciotti; Benjamin,18,0,35,17
1656708631711,MATH 20E,B02,083774,Ciotti; Benjamin,18,0,35,17
1656708637740,MATH 103A,A01,083777,Greenfeld; Be'Eri,2,0,36,34
1656708637740,MATH 103A,A02,083778,Greenfeld; Be'Eri,5,0,36,31
1656708637740,MATH 103A,A03,093561,Greenfeld; Be'Eri,4,0,36,32
1656708637740,MATH 103A,B01,083779,Greenfeld; Be'Eri,6,0,36,30
1656708637740,MATH 103A,B02,083780,Greenfeld; Be'Eri,2,0,36,34
1656708637740,MATH 103A,B03,093562,Greenfeld; Be'Eri,2,0,36,34
1656708643762,MATH 105,A01,085443,Carter; Anne Toulson,13,0,35,22
1656708643762,MATH 105,A02,093477,Carter; Anne Toulson,20,0,35,15
1656708649794,MATH 109,A01,083213,Ganzberger; Geoffrey Michael,1,0,34,33
1656708649794,MATH 109,A02,083214,Ganzberger; Geoffrey Michael,1,0,34,33
1656708649794,MATH 109,A03,093478,Ganzberger; Geoffrey Michael,2,0,34,32
1656708649794,MATH 109,B01,083215,Ganzberger; Geoffrey Michael,1,0,32,31
1656708649794,MATH 109,B02,083216,Ganzberger; Geoffrey Michael,2,0,32,30
1656708649794,MATH 109,B03,093479,Ganzberger; Geoffrey Michael,7,0,32,25
1656708655831,MATH 142A,A01,083219,Chow; Bennett,4,0,32,28
1656708655831,MATH 142A,A02,083220,Chow; Bennett,9,0,32,23
1656708655831,MATH 142A,A03,093480,Chow; Bennett,6,0,32,26
1656708655831,MATH 142A,B03,093481,Chow; Bennett,5,0,32,27
1656708655831,MATH 142A,B04,093558,Chow; Bennett,10,0,32,22
1656708655831,MATH 142A,B05,093559,Chow; Bennett,4,0,32,28
1656708661869,MATH 193A,A01,083224,Rotar; Vladimir,4,0,34,30
1656708661869,MATH 193A,A02,083225,Rotar; Vladimir,2,0,34,32
1656708661869,MATH 193A,A03,083781,Rotar; Vladimir,1,0,34,33
1656708661869,MATH 193A,A04,083782,Rotar; Vladimir,4,0,34,30
1656708661869,MATH 193A,A05,093482,Rotar; Vladimir,5,0,34,29
1656708667892,MATH 197,001,091859,McAuley; Julian John,9999,0,9999,0
1656708667892,MATH 197,002,095566,Kedlaya; Kiran S.,9997,0,9999,2
1656708667892,MATH 197,003,095567,Xiao; Ming,9999,0,9999,0
1656708667892,MATH 197,004,095571,Perols; Johan Lars,9998,0,9999,1
1656708674954,COGS 9,A01,083615,Shannon; Kyle Michael,5,0,75,70
1656708680987,COGS 11,A01,083617,Boyle; Mary E. T.,17,0,48,31
1656708687012,COGS 13,A01,083071,Bastos; Amalia Pinkusfeld,6,0,71,65
1656708693130,COGS 14A,A01,092681,Semenuks; Arturs,0,1,100,102
1656708699155,COGS 14B,A01,083073,Cheng; Tzu-Han,3,0,63,60
1656708705182,COGS 17,A01,092677,Semenuks; Arturs,4,0,81,77
1656708711215,COGS 100,A01,083619,Allen; Michael Gordon,13,0,70,57
1656708717248,COGS 101A,A01,083621,Davis; Joshua Daniel,9,0,68,59
1656708723272,COGS 101B,A01,091572,Allen; Michael Gordon,3,0,65,62
1656708729298,COGS 101C,A01,083625,Delgado; Tania,17,0,35,18
1656708735336,COGS 107A,A01,083627,Boyle; Mary E. T.,11,0,60,49
1656708741370,COGS 118A,A01,083075,Gupta; Anjum,13,0,76,63
1656708747401,CSE 3,A50,083646,Miranda; Gregory Joseph,22,0,50,28
1656708753431,CSE 8A,A50,083650,Miranda; Gregory Joseph,16,1,56,40
1656708759460,CSE 11,A01,083080,Cao; Yingjun,2,17,40,38
1656708765488,CSE 12,A01,083652,Krause-Levy; Sophia Louisa,19,1,120,101
1656708771512,CSE 15L,A01,083654,Morris; Justin Loren,8,0,50,42
1656708771512,CSE 15L,A02,083655,Morris; Justin Loren,8,0,50,42
1656708777539,CSE 20,A01,083657,Tran; Khoa Dang,36,0,80,44
1656708783564,CSE 21,A01,095574,Bach; Quang Tran,21,0,48,27
1656708789589,CSE 30,A01,083084,Eldon; John,5,0,80,75
1656708789589,CSE 30,B01,095061,Bhaskar; Nishant,3,0,50,47
1656708795615,CSE 100,A01,083659,Cao; Yingjun,1,6,70,69
1656708801643,CSE 134B,A01,083661,Powell; Thomas Allan,17,0,100,83
1656708807667,CSE 140,A01,083663,Gungor; Onat,14,0,85,71
1656708813697,CSE 140L,A01,083088,Eldon; John,16,0,100,84
1656708819723,CSE 175,A01,083665,Kumar; Rakesh,3,0,25,22
1656708825751,CSE 190,A00,092507,Dubnov; Shlomo,5,0,20,15
1656708831779,ECE 45,A01,083139,Congero; Spencer William,5,0,75,70
1656708837812,ECE 65,A50,083695,Saad; Andrew S,12,0,30,18
1656708837812,ECE 65,A51,095125,Saad; Andrew S,25,0,26,1
1656708843837,ECE 109,A01,091882,Touri; Behrouz,13,0,70,57
1656708849864,ECE 180,A00,083140,Abi Samra; Nicholas Camill,1,0,30,29
1656708849864,ECE 180,B00,083141,Abi Samra; Nicholas Camill,0,0,30,30
1656708855897,MATH 10A,A01,083735,Patchell; Gregory David,0,0,30,30
1656708855897,MATH 10A,A02,083736,Patchell; Gregory David,20,0,30,10
1656708855897,MATH 10A,A03,083737,Patchell; Gregory David,16,0,30,14
1656708861925,MATH 10B,A01,083207,Lim; Seonhee,7,0,34,27
1656708861925,MATH 10B,A02,083208,Lim; Seonhee,9,0,35,26
1656708861925,MATH 10B,A03,093472,Lim; Seonhee,3,0,34,31
1656708861925,MATH 10B,B01,083739,Sinha; Shubham,9,0,30,21
1656708867949,MATH 18,A01,083743,Cinel; Cameron Alexander,6,0,30,24
1656708867949,MATH 18,A02,083744,Cinel; Cameron Alexander,14,0,30,16
1656708867949,MATH 18,A03,083745,Cinel; Cameron Alexander,8,0,30,22
1656708867949,MATH 18,B01,083748,Rideout; David Porter,2,0,37,35
1656708867949,MATH 18,B02,083749,Rideout; David Porter,2,0,36,34
1656708867949,MATH 18,B03,083750,Rideout; David Porter,1,0,37,36
1656708867949,MATH 18,B04,083751,Rideout; David Porter,4,0,36,32
1656708867949,MATH 18,B05,093473,Rideout; David Porter,4,0,36,32
1656708867949,MATH 18,B06,093474,Rideout; David Porter,4,0,36,32
1656708873985,MATH 20A,A01,083754,Zheng; Zequn,12,0,40,28
1656708880018,MATH 20B,A01,083756,Briones; Jor-el Thomas Caparas,1,1,36,35
1656708880018,MATH 20B,A02,083757,Briones; Jor-el Thomas Caparas,0,0,36,36
1656708880018,MATH 20B,A03,093475,Briones; Jor-el Thomas Caparas,1,0,36,35
1656708886043,MATH 20C,A01,083760,Briones; Jor-el Thomas Caparas,0,0,35,35
1656708886043,MATH 20C,A02,083761,Briones; Jor-el Thomas Caparas,8,0,35,27
1656708886043,MATH 20C,A03,093476,Briones; Jor-el Thomas Caparas,0,1,36,36
1656708886043,MATH 20C,B01,083762,Bach; Quang Tran,0,0,30,30
1656708892072,MATH 20D,A01,083765,Tran; Brian Kha,4,0,30,26
1656708892072,MATH 20D,A02,083766,Tran; Brian Kha,4,0,30,26
1656708892072,MATH 20D,A03,083767,Tran; Brian Kha,1,0,30,29
1656708898100,MATH 20E,A01,083771,Ganguly; Soumya,4,0,32,28
1656708898100,MATH 20E,A02,083772,Ganguly; Soumya,3,0,32,29
1656708898100,MATH 20E,B01,083773,Ciotti; Benjamin,18,0,35,17
1656708898100,MATH 20E,B02,083774,Ciotti; Benjamin,18,0,35,17
1656708904131,MATH 103A,A01,083777,Greenfeld; Be'Eri,2,0,36,34
1656708904131,MATH 103A,A02,083778,Greenfeld; Be'Eri,5,0,36,31
1656708904131,MATH 103A,A03,093561,Greenfeld; Be'Eri,4,0,36,32
1656708904131,MATH 103A,B01,083779,Greenfeld; Be'Eri,6,0,36,30
1656708904131,MATH 103A,B02,083780,Greenfeld; Be'Eri,2,0,36,34
1656708904131,MATH 103A,B03,093562,Greenfeld; Be'Eri,2,0,36,34
1656708910155,MATH 105,A01,085443,Carter; Anne Toulson,13,0,35,22
1656708910155,MATH 105,A02,093477,Carter; Anne Toulson,20,0,35,15
1656708916180,MATH 109,A01,083213,Ganzberger; Geoffrey Michael,1,0,34,33
1656708916180,MATH 109,A02,083214,Ganzberger; Geoffrey Michael,1,0,34,33
1656708916180,MATH 109,A03,093478,Ganzberger; Geoffrey Michael,2,0,34,32
1656708916180,MATH 109,B01,083215,Ganzberger; Geoffrey Michael,1,0,32,31
1656708916180,MATH 109,B02,083216,Ganzberger; Geoffrey Michael,2,0,32,30
1656708916180,MATH 109,B03,093479,Ganzberger; Geoffrey Michael,7,0,32,25
1656708922212,MATH 142A,A01,083219,Chow; Bennett,4,0,32,28
1656708922212,MATH 142A,A02,083220,Chow; Bennett,9,0,32,23
1656708922212,MATH 142A,A03,093480,Chow; Bennett,6,0,32,26
1656708922212,MATH 142A,B03,093481,Chow; Bennett,5,0,32,27
1656708922212,MATH 142A,B04,093558,Chow; Bennett,10,0,32,22
1656708922212,MATH 142A,B05,093559,Chow; Bennett,4,0,32,28
1656708928236,MATH 193A,A01,083224,Rotar; Vladimir,4,0,34,30
1656708928236,MATH 193A,A02,083225,Rotar; Vladimir,2,0,34,32
1656708928236,MATH 193A,A03,083781,Rotar; Vladimir,1,0,34,33
1656708928236,MATH 193A,A04,083782,Rotar; Vladimir,4,0,34,30
1656708928236,MATH 193A,A05,093482,Rotar; Vladimir,5,0,34,29
1656708934262,MATH 197,001,091859,McAuley; Julian John,9999,0,9999,0
1656708934262,MATH 197,002,095566,Kedlaya; Kiran S.,9997,0,9999,2
1656708934262,MATH 197,003,095567,Xiao; Ming,9999,0,9999,0
1656708934262,MATH 197,004,095571,Perols; Johan Lars,9998,0,9999,1
1656708941326,COGS 9,A01,083615,Shannon; Kyle Michael,5,0,75,70
1656708947350,COGS 11,A01,083617,Boyle; Mary E. T.,17,0,48,31
1656708953377,COGS 13,A01,083071,Bastos; Amalia Pinkusfeld,6,0,71,65
1656708959405,COGS 14A,A01,092681,Semenuks; Arturs,0,1,100,102
1656708965520,COGS 14B,A01,083073,Cheng; Tzu-Han,3,0,63,60
1656708971553,COGS 17,A01,092677,Semenuks; Arturs,4,0,81,77
1656708977584,COGS 100,A01,083619,Allen; Michael Gordon,13,0,70,57
1656708983609,COGS 101A,A01,083621,Davis; Joshua Daniel,9,0,68,59
1656708989632,COGS 101B,A01,091572,Allen; Michael Gordon,3,0,65,62
1656708995655,COGS 101C,A01,083625,Delgado; Tania,17,0,35,18
1656709001682,COGS 107A,A01,083627,Boyle; Mary E. T.,11,0,60,49
1656709007708,COGS 118A,A01,083075,Gupta; Anjum,13,0,76,63
1656709013737,CSE 3,A50,083646,Miranda; Gregory Joseph,22,0,50,28
1656709019779,CSE 8A,A50,083650,Miranda; Gregory Joseph,16,1,56,40
1656709025805,CSE 11,A01,083080,Cao; Yingjun,2,17,40,38
1656709031839,CSE 12,A01,083652,Krause-Levy; Sophia Louisa,19,1,120,101
1656709037864,CSE 15L,A01,083654,Morris; Justin Loren,8,0,50,42
1656709037864,CSE 15L,A02,083655,Morris; Justin Loren,8,0,50,42
1656709043890,CSE 20,A01,083657,Tran; Khoa Dang,36,0,80,44
1656709049913,CSE 21,A01,095574,Bach; Quang Tran,21,0,48,27
1656709055941,CSE 30,A01,083084,Eldon; John,5,0,80,75
1656709055941,CSE 30,B01,095061,Bhaskar; Nishant,3,0,50,47
1656709061968,CSE 100,A01,083659,Cao; Yingjun,1,6,70,69
1656709067995,CSE 134B,A01,083661,Powell; Thomas Allan,17,0,100,83
1656709074025,CSE 140,A01,083663,Gungor; Onat,14,0,85,71
1656709080048,CSE 140L,A01,083088,Eldon; John,16,0,100,84
1656709086071,CSE 175,A01,083665,Kumar; Rakesh,3,0,25,22
1656709092104,CSE 190,A00,092507,Dubnov; Shlomo,5,0,20,15
1656709098128,ECE 45,A01,083139,Congero; Spencer William,5,0,75,70
1656709104160,ECE 65,A50,083695,Saad; Andrew S,12,0,30,18
1656709104160,ECE 65,A51,095125,Saad; Andrew S,25,0,26,1
1656709110194,ECE 109,A01,091882,Touri; Behrouz,13,0,70,57
1656709116231,ECE 180,A00,083140,Abi Samra; Nicholas Camill,1,0,30,29
1656709116231,ECE 180,B00,083141,Abi Samra; Nicholas Camill,0,0,30,30
1656709122278,MATH 10A,A01,083735,Patchell; Gregory David,0,0,30,30
1656709122278,MATH 10A,A02,083736,Patchell; Gregory David,20,0,30,10
1656709122278,MATH 10A,A03,083737,Patchell; Gregory David,16,0,30,14
1656709128316,MATH 10B,A01,083207,Lim; Seonhee,7,0,34,27
1656709128316,MATH 10B,A02,083208,Lim; Seonhee,9,0,35,26
1656709128316,MATH 10B,A03,093472,Lim; Seonhee,3,0,34,31
1656709128316,MATH 10B,B01,083739,Sinha; Shubham,9,0,30,21
1656709134338,MATH 18,A01,083743,Cinel; Cameron Alexander,6,0,30,24
1656709134338,MATH 18,A02,083744,Cinel; Cameron Alexander,14,0,30,16
1656709134338,MATH 18,A03,083745,Cinel; Cameron Alexander,8,0,30,22
1656709134338,MATH 18,B01,083748,Rideout; David Porter,2,0,37,35
1656709134338,MATH 18,B02,083749,Rideout; David Porter,2,0,36,34
1656709134338,MATH 18,B03,083750,Rideout; David Porter,1,0,37,36
1656709134338,MATH 18,B04,083751,Rideout; David Porter,4,0,36,32
1656709134338,MATH 18,B05,093473,Rideout; David Porter,4,0,36,32
1656709134338,MATH 18,B06,093474,Rideout; David Porter,4,0,36,32
1656709140371,MATH 20A,A01,083754,Zheng; Zequn,12,0,40,28
1656709146398,MATH 20B,A01,083756,Briones; Jor-el Thomas Caparas,1,1,36,35
1656709146398,MATH 20B,A02,083757,Briones; Jor-el Thomas Caparas,0,0,36,36
1656709146398,MATH 20B,A03,093475,Briones; Jor-el Thomas Caparas,1,0,36,35
1656709152422,MATH 20C,A01,083760,Briones; Jor-el Thomas Caparas,0,0,35,35
1656709152422,MATH 20C,A02,083761,Briones; Jor-el Thomas Caparas,8,0,35,27
1656709152422,MATH 20C,A03,093476,Briones; Jor-el Thomas Caparas,0,1,36,36
1656709152422,MATH 20C,B01,083762,Bach; Quang Tran,0,0,30,30
1656709158451,MATH 20D,A01,083765,Tran; Brian Kha,4,0,30,26
1656709158451,MATH 20D,A02,083766,Tran; Brian Kha,4,0,30,26
1656709158451,MATH 20D,A03,083767,Tran; Brian Kha,1,0,30,29
1656709164479,MATH 20E,A01,083771,Ganguly; Soumya,4,0,32,28
1656709164479,MATH 20E,A02,083772,Ganguly; Soumya,3,0,32,29
1656709164479,MATH 20E,B01,083773,Ciotti; Benjamin,18,0,35,17
1656709164479,MATH 20E,B02,083774,Ciotti; Benjamin,18,0,35,17
1656709170510,MATH 103A,A01,083777,Greenfeld; Be'Eri,2,0,36,34
1656709170510,MATH 103A,A02,083778,Greenfeld; Be'Eri,5,0,36,31
1656709170510,MATH 103A,A03,093561,Greenfeld; Be'Eri,4,0,36,32
1656709170510,MATH 103A,B01,083779,Greenfeld; Be'Eri,6,0,36,30
1656709170510,MATH 103A,B02,083780,Greenfeld; Be'Eri,2,0,36,34
1656709170510,MATH 103A,B03,093562,Greenfeld; Be'Eri,2,0,36,34
1656709176534,MATH 105,A01,085443,Carter; Anne Toulson,13,0,35,22
1656709176534,MATH 105,A02,093477,Carter; Anne Toulson,20,0,35,15
1656709182558,MATH 109,A01,083213,Ganzberger; Geoffrey Michael,1,0,34,33
1656709182558,MATH 109,A02,083214,Ganzberger; Geoffrey Michael,1,0,34,33
1656709182558,MATH 109,A03,093478,Ganzberger; Geoffrey Michael,2,0,34,32
1656709182558,MATH 109,B01,083215,Ganzberger; Geoffrey Michael,1,0,32,31
1656709182558,MATH 109,B02,083216,Ganzberger; Geoffrey Michael,2,0,32,30
1656709182558,MATH 109,B03,093479,Ganzberger; Geoffrey Michael,7,0,32,25
1656709188585,MATH 142A,A01,083219,Chow; Bennett,4,0,32,28
1656709188585,MATH 142A,A02,083220,Chow; Bennett,9,0,32,23
1656709188585,MATH 142A,A03,093480,Chow; Bennett,6,0,32,26
1656709188585,MATH 142A,B03,093481,Chow; Bennett,5,0,32,27
1656709188585,MATH 142A,B04,093558,Chow; Bennett,10,0,32,22
1656709188585,MATH 142A,B05,093559,Chow; Bennett,4,0,32,28
1656709194615,MATH 193A,A01,083224,Rotar; Vladimir,4,0,34,30
1656709194615,MATH 193A,A02,083225,Rotar; Vladimir,2,0,34,32
1656709194615,MATH 193A,A03,083781,Rotar; Vladimir,1,0,34,33
1656709194615,MATH 193A,A04,083782,Rotar; Vladimir,4,0,34,30
1656709194615,MATH 193A,A05,093482,Rotar; Vladimir,5,0,34,29
1656709200653,MATH 197,001,091859,McAuley; Julian John,9999,0,9999,0
1656709200653,MATH 197,002,095566,Kedlaya; Kiran S.,9997,0,9999,2
1656709200653,MATH 197,003,095567,Xiao; Ming,9999,0,9999,0
1656709200653,MATH 197,004,095571,Perols; Johan Lars,9998,0,9999,1
1656709207713,COGS 9,A01,083615,Shannon; Kyle Michael,6,0,75,69
1656709213750,COGS 11,A01,083617,Boyle; Mary E. T.,17,0,48,31
1656709219771,COGS 13,A01,083071,Bastos; Amalia Pinkusfeld,6,0,71,65
1656709225806,COGS 14A,A01,092681,Semenuks; Arturs,0,1,100,102
1656709231830,COGS 14B,A01,083073,Cheng; Tzu-Han,4,0,63,59
1656709237851,COGS 17,A01,092677,Semenuks; Arturs,4,0,81,77
1656709243885,COGS 100,A01,083619,Allen; Michael Gordon,13,0,70,57
1656709249912,COGS 101A,A01,083621,Davis; Joshua Daniel,9,0,68,59
1656709255937,COGS 101B,A01,091572,Allen; Michael Gordon,3,0,65,62
1656709261965,COGS 101C,A01,083625,Delgado; Tania,17,0,35,18
1656709267988,COGS 107A,A01,083627,Boyle; Mary E. T.,12,0,60,48
1656709274014,COGS 118A,A01,083075,Gupta; Anjum,13,0,76,63
1656709280038,CSE 3,A50,083646,Miranda; Gregory Joseph,22,0,50,28
1656709286061,CSE 8A,A50,083650,Miranda; Gregory Joseph,16,1,56,40
1656709292085,CSE 11,A01,083080,Cao; Yingjun,2,17,40,38
1656709298109,CSE 12,A01,083652,Krause-Levy; Sophia Louisa,19,1,120,101
1656709304133,CSE 15L,A01,083654,Morris; Justin Loren,8,0,50,42
1656709304133,CSE 15L,A02,083655,Morris; Justin Loren,8,0,50,42
1656709310164,CSE 20,A01,083657,Tran; Khoa Dang,36,0,80,44
1656709316192,CSE 21,A01,095574,Bach; Quang Tran,21,0,48,27
1656709322220,CSE 30,A01,083084,Eldon; John,5,0,80,75
1656709322220,CSE 30,B01,095061,Bhaskar; Nishant,3,0,50,47
1656709328245,CSE 100,A01,083659,Cao; Yingjun,1,6,70,69
1656709334268,CSE 134B,A01,083661,Powell; Thomas Allan,17,0,100,83
1656709340295,CSE 140,A01,083663,Gungor; Onat,14,0,85,71
1656709346316,CSE 140L,A01,083088,Eldon; John,16,0,100,84
1656709352338,CSE 175,A01,083665,Kumar; Rakesh,3,0,25,22
1656709358368,CSE 190,A00,092507,Dubnov; Shlomo,5,0,20,15
1656709364410,ECE 45,A01,083139,Congero; Spencer William,5,0,75,70
1656709370437,ECE 65,A50,083695,Saad; Andrew S,12,0,30,18
1656709370437,ECE 65,A51,095125,Saad; Andrew S,25,0,26,1
1656709376463,ECE 109,A01,091882,Touri; Behrouz,13,0,70,57
1656709382492,ECE 180,A00,083140,Abi Samra; Nicholas Camill,1,0,30,29
1656709382492,ECE 180,B00,083141,Abi Samra; Nicholas Camill,0,0,30,30
1656709388524,MATH 10A,A01,083735,Patchell; Gregory David,0,0,30,30
1656709388524,MATH 10A,A02,083736,Patchell; Gregory David,20,0,30,10
1656709388524,MATH 10A,A03,083737,Patchell; Gregory David,16,0,30,14
1656709394553,MATH 10B,A01,083207,Lim; Seonhee,7,0,34,27
1656709394553,MATH 10B,A02,083208,Lim; Seonhee,9,0,35,26
1656709394553,MATH 10B,A03,093472,Lim; Seonhee,3,0,34,31
1656709394553,MATH 10B,B01,083739,Sinha; Shubham,9,0,30,21
1656709400577,MATH 18,A01,083743,Cinel; Cameron Alexander,6,0,30,24
1656709400577,MATH 18,A02,083744,Cinel; Cameron Alexander,14,0,30,16
1656709400577,MATH 18,A03,083745,Cinel; Cameron Alexander,8,0,30,22
1656709400577,MATH 18,B01,083748,Rideout; David Porter,2,0,37,35
1656709400577,MATH 18,B02,083749,Rideout; David Porter,2,0,36,34
1656709400577,MATH 18,B03,083750,Rideout; David Porter,1,0,37,36
1656709400577,MATH 18,B04,083751,Rideout; David Porter,4,0,36,32
1656709400577,MATH 18,B05,093473,Rideout; David Porter,4,0,36,32
1656709400577,MATH 18,B06,093474,Rideout; David Porter,4,0,36,32
1656709406603,MATH 20A,A01,083754,Zheng; Zequn,12,0,40,28
1656709412635,MATH 20B,A01,083756,Briones; Jor-el Thomas Caparas,1,1,36,35
1656709412635,MATH 20B,A02,083757,Briones; Jor-el Thomas Caparas,0,0,36,36
1656709412635,MATH 20B,A03,093475,Briones; Jor-el Thomas Caparas,1,0,36,35
1656709418664,MATH 20C,A01,083760,Briones; Jor-el Thomas Caparas,0,0,35,35
1656709418664,MATH 20C,A02,083761,Briones; Jor-el Thomas Caparas,8,0,35,27
1656709418664,MATH 20C,A03,093476,Briones; Jor-el Thomas Caparas,0,1,36,36
1656709418664,MATH 20C,B01,083762,Bach; Quang Tran,0,0,30,30
1656709424693,MATH 20D,A01,083765,Tran; Brian Kha,4,0,30,26
1656709424693,MATH 20D,A02,083766,Tran; Brian Kha,4,0,30,26
1656709424693,MATH 20D,A03,083767,Tran; Brian Kha,1,0,30,29
1656709430717,MATH 20E,A01,083771,Ganguly; Soumya,4,0,32,28
1656709430717,MATH 20E,A02,083772,Ganguly; Soumya,3,0,32,29
1656709430717,MATH 20E,B01,083773,Ciotti; Benjamin,18,0,35,17
1656709430717,MATH 20E,B02,083774,Ciotti; Benjamin,18,0,35,17
1656709436741,MATH 103A,A01,083777,Greenfeld; Be'Eri,2,0,36,34
1656709436741,MATH 103A,A02,083778,Greenfeld; Be'Eri,5,0,36,31
1656709436741,MATH 103A,A03,093561,Greenfeld; Be'Eri,4,0,36,32
1656709436741,MATH 103A,B01,083779,Greenfeld; Be'Eri,6,0,36,30
1656709436741,MATH 103A,B02,083780,Greenfeld; Be'Eri,2,0,36,34
1656709436741,MATH 103A,B03,093562,Greenfeld; Be'Eri,2,0,36,34
1656709442764,MATH 105,A01,085443,Carter; Anne Toulson,13,0,35,22
1656709442764,MATH 105,A02,093477,Carter; Anne Toulson,20,0,35,15
1656709448796,MATH 109,A01,083213,Ganzberger; Geoffrey Michael,1,0,34,33
1656709448796,MATH 109,A02,083214,Ganzberger; Geoffrey Michael,1,0,34,33
1656709448796,MATH 109,A03,093478,Ganzberger; Geoffrey Michael,2,0,34,32
1656709448796,MATH 109,B01,083215,Ganzberger; Geoffrey Michael,1,0,32,31
1656709448796,MATH 109,B02,083216,Ganzberger; Geoffrey Michael,2,0,32,30
1656709448796,MATH 109,B03,093479,Ganzberger; Geoffrey Michael,7,0,32,25
1656709454827,MATH 142A,A01,083219,Chow; Bennett,4,0,32,28
1656709454827,MATH 142A,A02,083220,Chow; Bennett,9,0,32,23
1656709454827,MATH 142A,A03,093480,Chow; Bennett,6,0,32,26
1656709454827,MATH 142A,B03,093481,Chow; Bennett,5,0,32,27
1656709454827,MATH 142A,B04,093558,Chow; Bennett,10,0,32,22
1656709454827,MATH 142A,B05,093559,Chow; Bennett,4,0,32,28
1656709460850,MATH 193A,A01,083224,Rotar; Vladimir,4,0,34,30
1656709460850,MATH 193A,A02,083225,Rotar; Vladimir,2,0,34,32
1656709460850,MATH 193A,A03,083781,Rotar; Vladimir,1,0,34,33
1656709460850,MATH 193A,A04,083782,Rotar; Vladimir,4,0,34,30
1656709460850,MATH 193A,A05,093482,Rotar; Vladimir,5,0,34,29
1656709466876,MATH 197,001,091859,McAuley; Julian John,9999,0,9999,0
1656709466876,MATH 197,002,095566,Kedlaya; Kiran S.,9997,0,9999,2
1656709466876,MATH 197,003,095567,Xiao; Ming,9999,0,9999,0
1656709466876,MATH 197,004,095571,Perols; Johan Lars,9998,0,9999,1
1656709473934,COGS 9,A01,083615,Shannon; Kyle Michael,6,0,75,69
1656709479963,COGS 11,A01,083617,Boyle; Mary E. T.,17,0,48,31
1656709485987,COGS 13,A01,083071,Bastos; Amalia Pinkusfeld,6,0,71,65
1656709492014,COGS 14A,A01,092681,Semenuks; Arturs,0,1,100,102
1656709498038,COGS 14B,A01,083073,Cheng; Tzu-Han,4,0,63,59
1656709504065,COGS 17,A01,092677,Semenuks; Arturs,4,0,81,77
1656709510093,COGS 100,A01,083619,Allen; Michael Gordon,13,0,70,57
1656709516117,COGS 101A,A01,083621,Davis; Joshua Daniel,9,0,68,59
1656709522141,COGS 101B,A01,091572,Allen; Michael Gordon,3,0,65,62
1656709528171,COGS 101C,A01,083625,Delgado; Tania,17,0,35,18
1656709534195,COGS 107A,A01,083627,Boyle; Mary E. T.,12,0,60,48
1656709540222,COGS 118A,A01,083075,Gupta; Anjum,13,0,76,63
1656709546254,CSE 3,A50,083646,Miranda; Gregory Joseph,22,0,50,28
1656709552283,CSE 8A,A50,083650,Miranda; Gregory Joseph,16,1,56,40
1656709558305,CSE 11,A01,083080,Cao; Yingjun,2,17,40,38
1656709564406,CSE 12,A01,083652,Krause-Levy; Sophia Louisa,19,1,120,101
1656709570430,CSE 15L,A01,083654,Morris; Justin Loren,8,0,50,42
1656709570430,CSE 15L,A02,083655,Morris; Justin Loren,8,0,50,42
1656709576455,CSE 20,A01,083657,Tran; Khoa Dang,36,0,80,44
1656709582482,CSE 21,A01,095574,Bach; Quang Tran,21,0,48,27
1656709588515,CSE 30,A01,083084,Eldon; John,5,0,80,75
1656709588515,CSE 30,B01,095061,Bhaskar; Nishant,3,0,50,47
1656709594542,CSE 100,A01,083659,Cao; Yingjun,1,6,70,69
1656709600570,CSE 134B,A01,083661,Powell; Thomas Allan,17,0,100,83
1656709606597,CSE 140,A01,083663,Gungor; Onat,14,0,85,71
1656709612625,CSE 140L,A01,083088,Eldon; John,16,0,100,84
1656709618651,CSE 175,A01,083665,Kumar; Rakesh,3,0,25,22
1656709624681,CSE 190,A00,092507,Dubnov; Shlomo,5,0,20,15
1656709630702,ECE 45,A01,083139,Congero; Spencer William,5,0,75,70
1656709636729,ECE 65,A50,083695,Saad; Andrew S,12,0,30,18
1656709636729,ECE 65,A51,095125,Saad; Andrew S,25,0,26,1
1656709642752,ECE 109,A01,091882,Touri; Behrouz,13,0,70,57
1656709648777,ECE 180,A00,083140,Abi Samra; Nicholas Camill,1,0,30,29
1656709648777,ECE 180,B00,083141,Abi Samra; Nicholas Camill,0,0,30,30
1656709654800,MATH 10A,A01,083735,Patchell; Gregory David,0,0,30,30
1656709654800,MATH 10A,A02,083736,Patchell; Gregory David,20,0,30,10
1656709654800,MATH 10A,A03,083737,Patchell; Gregory David,16,0,30,14
1656709660852,MATH 10B,A01,083207,Lim; Seonhee,7,0,34,27
1656709660852,MATH 10B,A02,083208,Lim; Seonhee,9,0,35,26
1656709660852,MATH 10B,A03,093472,Lim; Seonhee,3,0,34,31
1656709660852,MATH 10B,B01,083739,Sinha; Shubham,9,0,30,21
1656709666889,MATH 18,A01,083743,Cinel; Cameron Alexander,6,0,30,24
1656709666889,MATH 18,A02,083744,Cinel; Cameron Alexander,14,0,30,16
1656709666889,MATH 18,A03,083745,Cinel; Cameron Alexander,8,0,30,22
1656709666889,MATH 18,B01,083748,Rideout; David Porter,2,0,37,35
1656709666889,MATH 18,B02,083749,Rideout; David Porter,2,0,36,34
1656709666889,MATH 18,B03,083750,Rideout; David Porter,1,0,37,36
1656709666889,MATH 18,B04,083751,Rideout; David Porter,4,0,36,32
1656709666889,MATH 18,B05,093473,Rideout; David Porter,4,0,36,32
1656709666889,MATH 18,B06,093474,Rideout; David Porter,4,0,36,32
1656709672911,MATH 20A,A01,083754,Zheng; Zequn,12,0,40,28
1656709678943,MATH 20B,A01,083756,Briones; Jor-el Thomas Caparas,1,1,36,35
1656709678943,MATH 20B,A02,083757,Briones; Jor-el Thomas Caparas,0,0,36,36
1656709678943,MATH 20B,A03,093475,Briones; Jor-el Thomas Caparas,1,0,36,35
1656709684971,MATH 20C,A01,083760,Briones; Jor-el Thomas Caparas,0,0,35,35
1656709684971,MATH 20C,A02,083761,Briones; Jor-el Thomas Caparas,8,0,35,27
1656709684971,MATH 20C,A03,093476,Briones; Jor-el Thomas Caparas,0,1,36,36
1656709684971,MATH 20C,B01,083762,Bach; Quang Tran,0,0,30,30
1656709690996,MATH 20D,A01,083765,Tran; Brian Kha,4,0,30,26
1656709690996,MATH 20D,A02,083766,Tran; Brian Kha,4,0,30,26
1656709690996,MATH 20D,A03,083767,Tran; Brian Kha,1,0,30,29
1656709697024,MATH 20E,A01,083771,Ganguly; Soumya,4,0,32,28
1656709697024,MATH 20E,A02,083772,Ganguly; Soumya,3,0,32,29
1656709697024,MATH 20E,B01,083773,Ciotti; Benjamin,18,0,35,17
1656709697024,MATH 20E,B02,083774,Ciotti; Benjamin,18,0,35,17
1656709703048,MATH 103A,A01,083777,Greenfeld; Be'Eri,2,0,36,34
1656709703048,MATH 103A,A02,083778,Greenfeld; Be'Eri,5,0,36,31
1656709703048,MATH 103A,A03,093561,Greenfeld; Be'Eri,4,0,36,32
1656709703048,MATH 103A,B01,083779,Greenfeld; Be'Eri,6,0,36,30
1656709703048,MATH 103A,B02,083780,Greenfeld; Be'Eri,2,0,36,34
1656709703048,MATH 103A,B03,093562,Greenfeld; Be'Eri,2,0,36,34
1656709709075,MATH 105,A01,085443,Carter; Anne Toulson,13,0,35,22
1656709709075,MATH 105,A02,093477,Carter; Anne Toulson,20,0,35,15
1656709715098,MATH 109,A01,083213,Ganzberger; Geoffrey Michael,1,0,34,33
1656709715098,MATH 109,A02,083214,Ganzberger; Geoffrey Michael,1,0,34,33
1656709715098,MATH 109,A03,093478,Ganzberger; Geoffrey Michael,2,0,34,32
1656709715098,MATH 109,B01,083215,Ganzberger; Geoffrey Michael,1,0,32,31
1656709715098,MATH 109,B02,083216,Ganzberger; Geoffrey Michael,2,0,32,30
1656709715098,MATH 109,B03,093479,Ganzberger; Geoffrey Michael,7,0,32,25
1656709721128,MATH 142A,A01,083219,Chow; Bennett,4,0,32,28
1656709721128,MATH 142A,A02,083220,Chow; Bennett,9,0,32,23
1656709721128,MATH 142A,A03,093480,Chow; Bennett,6,0,32,26
1656709721128,MATH 142A,B03,093481,Chow; Bennett,5,0,32,27
1656709721128,MATH 142A,B04,093558,Chow; Bennett,10,0,32,22
1656709721128,MATH 142A,B05,093559,Chow; Bennett,4,0,32,28
1656709727150,MATH 193A,A01,083224,Rotar; Vladimir,4,0,34,30
1656709727150,MATH 193A,A02,083225,Rotar; Vladimir,2,0,34,32
1656709727150,MATH 193A,A03,083781,Rotar; Vladimir,1,0,34,33
1656709727150,MATH 193A,A04,083782,Rotar; Vladimir,4,0,34,30
1656709727150,MATH 193A,A05,093482,Rotar; Vladimir,5,0,34,29
1656709733174,MATH 197,001,091859,McAuley; Julian John,9999,0,9999,0
1656709733174,MATH 197,002,095566,Kedlaya; Kiran S.,9997,0,9999,2
1656709733174,MATH 197,003,095567,Xiao; Ming,9999,0,9999,0
1656709733174,MATH 197,004,095571,Perols; Johan Lars,9998,0,9999,1
1656709740235,COGS 9,A01,083615,Shannon; Kyle Michael,6,0,75,69
1656709746260,COGS 11,A01,083617,Boyle; Mary E. T.,17,0,48,31
1656709752286,COGS 13,A01,083071,Bastos; Amalia Pinkusfeld,6,0,71,65
1656709758314,COGS 14A,A01,092681,Semenuks; Arturs,0,1,100,102
1656709764338,COGS 14B,A01,083073,Cheng; Tzu-Han,4,0,63,59
1656709770380,COGS 17,A01,092677,Semenuks; Arturs,4,0,81,77
1656709776405,COGS 100,A01,083619,Allen; Michael Gordon,13,0,70,57
1656709782437,COGS 101A,A01,083621,Davis; Joshua Daniel,9,0,68,59
1656709788460,COGS 101B,A01,091572,Allen; Michael Gordon,3,0,65,62
1656709794484,COGS 101C,A01,083625,Delgado; Tania,17,0,35,18
1656709800511,COGS 107A,A01,083627,Boyle; Mary E. T.,12,0,60,48
1656709806534,COGS 118A,A01,083075,Gupta; Anjum,13,0,76,63
1656709812561,CSE 3,A50,083646,Miranda; Gregory Joseph,22,0,50,28
1656709818583,CSE 8A,A50,083650,Miranda; Gregory Joseph,16,1,56,40
1656709824605,CSE 11,A01,083080,Cao; Yingjun,2,17,40,38
1656709830634,CSE 12,A01,083652,Krause-Levy; Sophia Louisa,19,1,120,101
1656709836658,CSE 15L,A01,083654,Morris; Justin Loren,8,0,50,42
1656709836658,CSE 15L,A02,083655,Morris; Justin Loren,8,0,50,42
1656709842683,CSE 20,A01,083657,Tran; Khoa Dang,36,0,80,44
1656709848711,CSE 21,A01,095574,Bach; Quang Tran,21,0,48,27
1656709854738,CSE 30,A01,083084,Eldon; John,5,0,80,75
1656709854738,CSE 30,B01,095061,Bhaskar; Nishant,3,0,50,47
1656709860765,CSE 100,A01,083659,Cao; Yingjun,1,6,70,69
1656709866800,CSE 134B,A01,083661,Powell; Thomas Allan,17,0,100,83
1656709872827,CSE 140,A01,083663,Gungor; Onat,14,0,85,71
1656709878855,CSE 140L,A01,083088,Eldon; John,16,0,100,84
1656709884877,CSE 175,A01,083665,Kumar; Rakesh,3,0,25,22
1656709890900,CSE 190,A00,092507,Dubnov; Shlomo,5,0,20,15
1656709896927,ECE 45,A01,083139,Congero; Spencer William,5,0,75,70
1656709902956,ECE 65,A50,083695,Saad; Andrew S,12,0,30,18
1656709902956,ECE 65,A51,095125,Saad; Andrew S,25,0,26,1
1656709908981,ECE 109,A01,091882,Touri; Behrouz,13,0,70,57
1656709915006,ECE 180,A00,083140,Abi Samra; Nicholas Camill,1,0,30,29
1656709915006,ECE 180,B00,083141,Abi Samra; Nicholas Camill,0,0,30,30
1656709921037,MATH 10A,A01,083735,Patchell; Gregory David,0,0,30,30
1656709921037,MATH 10A,A02,083736,Patchell; Gregory David,20,0,30,10
1656709921037,MATH 10A,A03,083737,Patchell; Gregory David,16,0,30,14
1656709927065,MATH 10B,A01,083207,Lim; Seonhee,7,0,34,27
1656709927065,MATH 10B,A02,083208,Lim; Seonhee,9,0,35,26
1656709927065,MATH 10B,A03,093472,Lim; Seonhee,3,0,34,31
1656709927065,MATH 10B,B01,083739,Sinha; Shubham,9,0,30,21
1656709933095,MATH 18,A01,083743,Cinel; Cameron Alexander,6,0,30,24
1656709933095,MATH 18,A02,083744,Cinel; Cameron Alexander,14,0,30,16
1656709933095,MATH 18,A03,083745,Cinel; Cameron Alexander,8,0,30,22
1656709933095,MATH 18,B01,083748,Rideout; David Porter,2,0,37,35
1656709933095,MATH 18,B02,083749,Rideout; David Porter,2,0,36,34
1656709933095,MATH 18,B03,083750,Rideout; David Porter,1,0,37,36
1656709933095,MATH 18,B04,083751,Rideout; David Porter,4,0,36,32
1656709933095,MATH 18,B05,093473,Rideout; David Porter,4,0,36,32
1656709933095,MATH 18,B06,093474,Rideout; David Porter,4,0,36,32
1656709939131,MATH 20A,A01,083754,Zheng; Zequn,12,0,40,28
1656709945154,MATH 20B,A01,083756,Briones; Jor-el Thomas Caparas,1,1,36,35
1656709945154,MATH 20B,A02,083757,Briones; Jor-el Thomas Caparas,0,0,36,36
1656709945154,MATH 20B,A03,093475,Briones; Jor-el Thomas Caparas,1,0,36,35
1656709951182,MATH 20C,A01,083760,Briones; Jor-el Thomas Caparas,0,0,35,35
1656709951182,MATH 20C,A02,083761,Briones; Jor-el Thomas Caparas,8,0,35,27
1656709951182,MATH 20C,A03,093476,Briones; Jor-el Thomas Caparas,0,1,36,36
1656709951182,MATH 20C,B01,083762,Bach; Quang Tran,0,0,30,30
1656709957219,MATH 20D,A01,083765,Tran; Brian Kha,4,0,30,26
1656709957219,MATH 20D,A02,083766,Tran; Brian Kha,4,0,30,26
1656709957219,MATH 20D,A03,083767,Tran; Brian Kha,1,0,30,29
1656709963248,MATH 20E,A01,083771,Ganguly; Soumya,4,0,32,28
1656709963248,MATH 20E,A02,083772,Ganguly; Soumya,3,0,32,29
1656709963248,MATH 20E,B01,083773,Ciotti; Benjamin,18,0,35,17
1656709963248,MATH 20E,B02,083774,Ciotti; Benjamin,18,0,35,17
1656709969273,MATH 103A,A01,083777,Greenfeld; Be'Eri,2,0,36,34
1656709969273,MATH 103A,A02,083778,Greenfeld; Be'Eri,5,0,36,31
1656709969273,MATH 103A,A03,093561,Greenfeld; Be'Eri,4,0,36,32
1656709969273,MATH 103A,B01,083779,Greenfeld; Be'Eri,6,0,36,30
1656709969273,MATH 103A,B02,083780,Greenfeld; Be'Eri,2,0,36,34
1656709969273,MATH 103A,B03,093562,Greenfeld; Be'Eri,2,0,36,34
1656709975307,MATH 105,A01,085443,Carter; Anne Toulson,13,0,35,22
1656709975307,MATH 105,A02,093477,Carter; Anne Toulson,20,0,35,15
1656709981332,MATH 109,A01,083213,Ganzberger; Geoffrey Michael,1,0,34,33
1656709981332,MATH 109,A02,083214,Ganzberger; Geoffrey Michael,1,0,34,33
1656709981332,MATH 109,A03,093478,Ganzberger; Geoffrey Michael,2,0,34,32
1656709981332,MATH 109,B01,083215,Ganzberger; Geoffrey Michael,1,0,32,31
1656709981332,MATH 109,B02,083216,Ganzberger; Geoffrey Michael,2,0,32,30
1656709981332,MATH 109,B03,093479,Ganzberger; Geoffrey Michael,7,0,32,25
1656709987361,MATH 142A,A01,083219,Chow; Bennett,4,0,32,28
1656709987361,MATH 142A,A02,083220,Chow; Bennett,9,0,32,23
1656709987361,MATH 142A,A03,093480,Chow; Bennett,6,0,32,26
1656709987361,MATH 142A,B03,093481,Chow; Bennett,5,0,32,27
1656709987361,MATH 142A,B04,093558,Chow; Bennett,10,0,32,22
1656709987361,MATH 142A,B05,093559,Chow; Bennett,4,0,32,28
1656709993387,MATH 193A,A01,083224,Rotar; Vladimir,4,0,34,30
1656709993387,MATH 193A,A02,083225,Rotar; Vladimir,2,0,34,32
1656709993387,MATH 193A,A03,083781,Rotar; Vladimir,1,0,34,33
1656709993387,MATH 193A,A04,083782,Rotar; Vladimir,4,0,34,30
1656709993387,MATH 193A,A05,093482,Rotar; Vladimir,5,0,34,29
1656709999414,MATH 197,001,091859,McAuley; Julian John,9999,0,9999,0
1656709999414,MATH 197,002,095566,Kedlaya; Kiran S.,9997,0,9999,2
1656709999414,MATH 197,003,095567,Xiao; Ming,9999,0,9999,0
1656709999414,MATH 197,004,095571,Perols; Johan Lars,9998,0,9999,1
1656710006480,COGS 9,A01,083615,Shannon; Kyle Michael,6,0,75,69
1656710012507,COGS 11,A01,083617,Boyle; Mary E. T.,17,0,48,31
1656710018534,COGS 13,A01,083071,Bastos; Amalia Pinkusfeld,6,0,71,65
1656710024558,COGS 14A,A01,092681,Semenuks; Arturs,0,1,100,102
1656710030586,COGS 14B,A01,083073,Cheng; Tzu-Han,4,0,63,59
1656710036618,COGS 17,A01,092677,Semenuks; Arturs,4,0,81,77
1656710042645,COGS 100,A01,083619,Allen; Michael Gordon,13,0,70,57
1656710048673,COGS 101A,A01,083621,Davis; Joshua Daniel,9,0,68,59
1656710054697,COGS 101B,A01,091572,Allen; Michael Gordon,3,0,65,62
1656710060721,COGS 101C,A01,083625,Delgado; Tania,17,0,35,18
1656710066746,COGS 107A,A01,083627,Boyle; Mary E. T.,12,0,60,48
1656710072769,COGS 118A,A01,083075,Gupta; Anjum,13,0,76,63
1656710078795,CSE 3,A50,083646,Miranda; Gregory Joseph,22,0,50,28
1656710084823,CSE 8A,A50,083650,Miranda; Gregory Joseph,16,1,56,40
1656710090852,CSE 11,A01,083080,Cao; Yingjun,2,17,40,38
1656710096876,CSE 12,A01,083652,Krause-Levy; Sophia Louisa,19,1,120,101
1656710102898,CSE 15L,A01,083654,Morris; Justin Loren,8,0,50,42
1656710102898,CSE 15L,A02,083655,Morris; Justin Loren,8,0,50,42
1656710108922,CSE 20,A01,083657,Tran; Khoa Dang,36,0,80,44
1656710114947,CSE 21,A01,095574,Bach; Quang Tran,21,0,48,27
1656710120971,CSE 30,A01,083084,Eldon; John,5,0,80,75
1656710120971,CSE 30,B01,095061,Bhaskar; Nishant,3,0,50,47
1656710126994,CSE 100,A01,083659,Cao; Yingjun,1,6,70,69
1656710133020,CSE 134B,A01,083661,Powell; Thomas Allan,17,0,100,83
1656710139047,CSE 140,A01,083663,Gungor; Onat,14,0,85,71
1656710145071,CSE 140L,A01,083088,Eldon; John,16,0,100,84
1656710151097,CSE 175,A01,083665,Kumar; Rakesh,3,0,25,22
1656710157131,CSE 190,A00,092507,Dubnov; Shlomo,5,0,20,15
1656710163250,ECE 45,A01,083139,Congero; Spencer William,5,0,75,70
1656710169275,ECE 65,A50,083695,Saad; Andrew S,12,0,30,18
1656710169275,ECE 65,A51,095125,Saad; Andrew S,25,0,26,1
1656710175313,ECE 109,A01,091882,Touri; Behrouz,13,0,70,57
1656710181341,ECE 180,A00,083140,Abi Samra; Nicholas Camill,1,0,30,29
1656710181341,ECE 180,B00,083141,Abi Samra; Nicholas Camill,0,0,30,30
1656710187364,MATH 10A,A01,083735,Patchell; Gregory David,0,0,30,30
1656710187364,MATH 10A,A02,083736,Patchell; Gregory David,20,0,30,10
1656710187364,MATH 10A,A03,083737,Patchell; Gregory David,16,0,30,14
1656710193390,MATH 10B,A01,083207,Lim; Seonhee,7,0,34,27
1656710193390,MATH 10B,A02,083208,Lim; Seonhee,9,0,35,26
1656710193390,MATH 10B,A03,093472,Lim; Seonhee,3,0,34,31
1656710193390,MATH 10B,B01,083739,Sinha; Shubham,9,0,30,21
1656710199415,MATH 18,A01,083743,Cinel; Cameron Alexander,6,0,30,24
1656710199415,MATH 18,A02,083744,Cinel; Cameron Alexander,14,0,30,16
1656710199415,MATH 18,A03,083745,Cinel; Cameron Alexander,8,0,30,22
1656710199415,MATH 18,B01,083748,Rideout; David Porter,2,0,37,35
1656710199415,MATH 18,B02,083749,Rideout; David Porter,2,0,36,34
1656710199415,MATH 18,B03,083750,Rideout; David Porter,1,0,37,36
1656710199415,MATH 18,B04,083751,Rideout; David Porter,4,0,36,32
1656710199415,MATH 18,B05,093473,Rideout; David Porter,4,0,36,32
1656710199415,MATH 18,B06,093474,Rideout; David Porter,4,0,36,32
1656710205437,MATH 20A,A01,083754,Zheng; Zequn,12,0,40,28
1656710211461,MATH 20B,A01,083756,Briones; Jor-el Thomas Caparas,1,1,36,35
1656710211461,MATH 20B,A02,083757,Briones; Jor-el Thomas Caparas,0,0,36,36
1656710211461,MATH 20B,A03,093475,Briones; Jor-el Thomas Caparas,1,0,36,35
1656710217492,MATH 20C,A01,083760,Briones; Jor-el Thomas Caparas,0,0,35,35
1656710217492,MATH 20C,A02,083761,Briones; Jor-el Thomas Caparas,8,0,35,27
1656710217492,MATH 20C,A03,093476,Briones; Jor-el Thomas Caparas,0,1,36,36
1656710217492,MATH 20C,B01,083762,Bach; Quang Tran,0,0,30,30
1656710223516,MATH 20D,A01,083765,Tran; Brian Kha,4,0,30,26
1656710223516,MATH 20D,A02,083766,Tran; Brian Kha,4,0,30,26
1656710223516,MATH 20D,A03,083767,Tran; Brian Kha,1,0,30,29
1656710229545,MATH 20E,A01,083771,Ganguly; Soumya,4,0,32,28
1656710229545,MATH 20E,A02,083772,Ganguly; Soumya,3,0,32,29
1656710229545,MATH 20E,B01,083773,Ciotti; Benjamin,18,0,35,17
1656710229545,MATH 20E,B02,083774,Ciotti; Benjamin,18,0,35,17
1656710235575,MATH 103A,A01,083777,Greenfeld; Be'Eri,2,0,36,34
1656710235575,MATH 103A,A02,083778,Greenfeld; Be'Eri,5,0,36,31
1656710235575,MATH 103A,A03,093561,Greenfeld; Be'Eri,4,0,36,32
1656710235575,MATH 103A,B01,083779,Greenfeld; Be'Eri,6,0,36,30
1656710235575,MATH 103A,B02,083780,Greenfeld; Be'Eri,2,0,36,34
1656710235575,MATH 103A,B03,093562,Greenfeld; Be'Eri,2,0,36,34
1656710241601,MATH 105,A01,085443,Carter; Anne Toulson,13,0,35,22
1656710241601,MATH 105,A02,093477,Carter; Anne Toulson,20,0,35,15
1656710247626,MATH 109,A01,083213,Ganzberger; Geoffrey Michael,1,0,34,33
1656710247626,MATH 109,A02,083214,Ganzberger; Geoffrey Michael,1,0,34,33
1656710247626,MATH 109,A03,093478,Ganzberger; Geoffrey Michael,2,0,34,32
1656710247626,MATH 109,B01,083215,Ganzberger; Geoffrey Michael,1,0,32,31
1656710247626,MATH 109,B02,083216,Ganzberger; Geoffrey Michael,2,0,32,30
1656710247626,MATH 109,B03,093479,Ganzberger; Geoffrey Michael,7,0,32,25
1656710253651,MATH 142A,A01,083219,Chow; Bennett,4,0,32,28
1656710253651,MATH 142A,A02,083220,Chow; Bennett,9,0,32,23
1656710253651,MATH 142A,A03,093480,Chow; Bennett,6,0,32,26
1656710253651,MATH 142A,B03,093481,Chow; Bennett,5,0,32,27
1656710253651,MATH 142A,B04,093558,Chow; Bennett,10,0,32,22
1656710253651,MATH 142A,B05,093559,Chow; Bennett,4,0,32,28
1656710259679,MATH 193A,A01,083224,Rotar; Vladimir,4,0,34,30
1656710259679,MATH 193A,A02,083225,Rotar; Vladimir,2,0,34,32
1656710259679,MATH 193A,A03,083781,Rotar; Vladimir,1,0,34,33
1656710259679,MATH 193A,A04,083782,Rotar; Vladimir,4,0,34,30
1656710259679,MATH 193A,A05,093482,Rotar; Vladimir,5,0,34,29
1656710265701,MATH 197,001,091859,McAuley; Julian John,9999,0,9999,0
1656710265701,MATH 197,002,095566,Kedlaya; Kiran S.,9997,0,9999,2
1656710265701,MATH 197,003,095567,Xiao; Ming,9999,0,9999,0
1656710265701,MATH 197,004,095571,Perols; Johan Lars,9998,0,9999,1
1656710272762,COGS 9,A01,083615,Shannon; Kyle Michael,6,0,75,69
1656710278785,COGS 11,A01,083617,Boyle; Mary E. T.,17,0,48,31
1656710284811,COGS 13,A01,083071,Bastos; Amalia Pinkusfeld,6,0,71,65
1656710290834,COGS 14A,A01,092681,Semenuks; Arturs,0,1,100,102
1656710296862,COGS 14B,A01,083073,Cheng; Tzu-Han,4,0,63,59
1656710302885,COGS 17,A01,092677,Semenuks; Arturs,4,0,81,77
1656710308923,COGS 100,A01,083619,Allen; Michael Gordon,13,0,70,57
1656710314947,COGS 101A,A01,083621,Davis; Joshua Daniel,9,0,68,59
1656710320973,COGS 101B,A01,091572,Allen; Michael Gordon,3,0,65,62
1656710327000,COGS 101C,A01,083625,Delgado; Tania,17,0,35,18
1656710333030,COGS 107A,A01,083627,Boyle; Mary E. T.,12,0,60,48
1656710339059,COGS 118A,A01,083075,Gupta; Anjum,13,0,76,63
1656710345082,CSE 3,A50,083646,Miranda; Gregory Joseph,22,0,50,28
1656710351124,CSE 8A,A50,083650,Miranda; Gregory Joseph,16,1,56,40
1656710357148,CSE 11,A01,083080,Cao; Yingjun,2,17,40,38
1656710363171,CSE 12,A01,083652,Krause-Levy; Sophia Louisa,19,1,120,101
1656710369199,CSE 15L,A01,083654,Morris; Justin Loren,8,0,50,42
1656710369199,CSE 15L,A02,083655,Morris; Justin Loren,8,0,50,42
1656710375222,CSE 20,A01,083657,Tran; Khoa Dang,36,0,80,44
1656710381249,CSE 21,A01,095574,Bach; Quang Tran,21,0,48,27
1656710387277,CSE 30,A01,083084,Eldon; John,5,0,80,75
1656710387277,CSE 30,B01,095061,Bhaskar; Nishant,3,0,50,47
1656710393300,CSE 100,A01,083659,Cao; Yingjun,1,6,70,69
1656710399327,CSE 134B,A01,083661,Powell; Thomas Allan,17,0,100,83
1656710405351,CSE 140,A01,083663,Gungor; Onat,14,0,85,71
1656710411374,CSE 140L,A01,083088,Eldon; John,16,0,100,84
1656710417397,CSE 175,A01,083665,Kumar; Rakesh,3,0,25,22
1656710423438,CSE 190,A00,092507,Dubnov; Shlomo,5,0,20,15
1656710429464,ECE 45,A01,083139,Congero; Spencer William,5,0,75,70
1656710435485,ECE 65,A50,083695,Saad; Andrew S,12,0,30,18
1656710435485,ECE 65,A51,095125,Saad; Andrew S,25,0,26,1
1656710441508,ECE 109,A01,091882,Touri; Behrouz,13,0,70,57
1656710447534,ECE 180,A00,083140,Abi Samra; Nicholas Camill,1,0,30,29
1656710447534,ECE 180,B00,083141,Abi Samra; Nicholas Camill,0,0,30,30
1656710453568,MATH 10A,A01,083735,Patchell; Gregory David,0,0,30,30
1656710453568,MATH 10A,A02,083736,Patchell; Gregory David,20,0,30,10
1656710453568,MATH 10A,A03,083737,Patchell; Gregory David,16,0,30,14
1656710459597,MATH 10B,A01,083207,Lim; Seonhee,7,0,34,27
1656710459597,MATH 10B,A02,083208,Lim; Seonhee,9,0,35,26
1656710459597,MATH 10B,A03,093472,Lim; Seonhee,3,0,34,31
1656710459597,MATH 10B,B01,083739,Sinha; Shubham,9,0,30,21
1656710465620,MATH 18,A01,083743,Cinel; Cameron Alexander,6,0,30,24
1656710465620,MATH 18,A02,083744,Cinel; Cameron Alexander,14,0,30,16
1656710465620,MATH 18,A03,083745,Cinel; Cameron Alexander,8,0,30,22
1656710465620,MATH 18,B01,083748,Rideout; David Porter,2,0,37,35
1656710465620,MATH 18,B02,083749,Rideout; David Porter,2,0,36,34
1656710465620,MATH 18,B03,083750,Rideout; David Porter,1,0,37,36
1656710465620,MATH 18,B04,083751,Rideout; David Porter,4,0,36,32
1656710465620,MATH 18,B05,093473,Rideout; David Porter,4,0,36,32
1656710465620,MATH 18,B06,093474,Rideout; David Porter,4,0,36,32
1656710471643,MATH 20A,A01,083754,Zheng; Zequn,12,0,40,28
1656710477666,MATH 20B,A01,083756,Briones; Jor-el Thomas Caparas,1,1,36,35
1656710477666,MATH 20B,A02,083757,Briones; Jor-el Thomas Caparas,0,0,36,36
1656710477666,MATH 20B,A03,093475,Briones; Jor-el Thomas Caparas,1,0,36,35
1656710483701,MATH 20C,A01,083760,Briones; Jor-el Thomas Caparas,0,0,35,35
1656710483701,MATH 20C,A02,083761,Briones; Jor-el Thomas Caparas,8,0,35,27
1656710483701,MATH 20C,A03,093476,Briones; Jor-el Thomas Caparas,0,1,36,36
1656710483701,MATH 20C,B01,083762,Bach; Quang Tran,0,0,30,30
1656710489726,MATH 20D,A01,083765,Tran; Brian Kha,4,0,30,26
1656710489726,MATH 20D,A02,083766,Tran; Brian Kha,4,0,30,26
1656710489726,MATH 20D,A03,083767,Tran; Brian Kha,1,0,30,29
1656710495758,MATH 20E,A01,083771,Ganguly; Soumya,4,0,32,28
1656710495758,MATH 20E,A02,083772,Ganguly; Soumya,3,0,32,29
1656710495758,MATH 20E,B01,083773,Ciotti; Benjamin,18,0,35,17
1656710495758,MATH 20E,B02,083774,Ciotti; Benjamin,18,0,35,17
1656710501786,MATH 103A,A01,083777,Greenfeld; Be'Eri,2,0,36,34
1656710501786,MATH 103A,A02,083778,Greenfeld; Be'Eri,5,0,36,31
1656710501786,MATH 103A,A03,093561,Greenfeld; Be'Eri,4,0,36,32
1656710501786,MATH 103A,B01,083779,Greenfeld; Be'Eri,6,0,36,30
1656710501786,MATH 103A,B02,083780,Greenfeld; Be'Eri,2,0,36,34
1656710501786,MATH 103A,B03,093562,Greenfeld; Be'Eri,2,0,36,34
1656710507812,MATH 105,A01,085443,Carter; Anne Toulson,13,0,35,22
1656710507812,MATH 105,A02,093477,Carter; Anne Toulson,20,0,35,15
1656710513842,MATH 109,A01,083213,Ganzberger; Geoffrey Michael,1,0,34,33
1656710513842,MATH 109,A02,083214,Ganzberger; Geoffrey Michael,1,0,34,33
1656710513842,MATH 109,A03,093478,Ganzberger; Geoffrey Michael,2,0,34,32
1656710513842,MATH 109,B01,083215,Ganzberger; Geoffrey Michael,1,0,32,31
1656710513842,MATH 109,B02,083216,Ganzberger; Geoffrey Michael,2,0,32,30
1656710513842,MATH 109,B03,093479,Ganzberger; Geoffrey Michael,7,0,32,25
1656710519872,MATH 142A,A01,083219,Chow; Bennett,4,0,32,28
1656710519872,MATH 142A,A02,083220,Chow; Bennett,9,0,32,23
1656710519872,MATH 142A,A03,093480,Chow; Bennett,6,0,32,26
1656710519872,MATH 142A,B03,093481,Chow; Bennett,5,0,32,27
1656710519872,MATH 142A,B04,093558,Chow; Bennett,10,0,32,22
1656710519872,MATH 142A,B05,093559,Chow; Bennett,4,0,32,28
1656710525895,MATH 193A,A01,083224,Rotar; Vladimir,4,0,34,30
1656710525895,MATH 193A,A02,083225,Rotar; Vladimir,2,0,34,32
1656710525895,MATH 193A,A03,083781,Rotar; Vladimir,1,0,34,33
1656710525895,MATH 193A,A04,083782,Rotar; Vladimir,4,0,34,30
1656710525895,MATH 193A,A05,093482,Rotar; Vladimir,5,0,34,29
1656710531918,MATH 197,001,091859,McAuley; Julian John,9999,0,9999,0
1656710531918,MATH 197,002,095566,Kedlaya; Kiran S.,9997,0,9999,2
1656710531918,MATH 197,003,095567,Xiao; Ming,9999,0,9999,0
1656710531918,MATH 197,004,095571,Perols; Johan Lars,9998,0,9999,1
1656710538968,COGS 9,A01,083615,Shannon; Kyle Michael,6,0,75,69
1656710545002,COGS 11,A01,083617,Boyle; Mary E. T.,17,0,48,31
1656710551040,COGS 13,A01,083071,Bastos; Amalia Pinkusfeld,6,0,71,65
1656710557065,COGS 14A,A01,092681,Semenuks; Arturs,0,1,100,102
1656710563093,COGS 14B,A01,083073,Cheng; Tzu-Han,4,0,63,59
1656710569128,COGS 17,A01,092677,Semenuks; Arturs,4,0,81,77
1656710575154,COGS 100,A01,083619,Allen; Michael Gordon,13,0,70,57
1656710581189,COGS 101A,A01,083621,Davis; Joshua Daniel,9,0,68,59
1656710587213,COGS 101B,A01,091572,Allen; Michael Gordon,3,0,65,62
1656710593236,COGS 101C,A01,083625,Delgado; Tania,17,0,35,18
1656710599260,COGS 107A,A01,083627,Boyle; Mary E. T.,12,0,60,48
1656710605293,COGS 118A,A01,083075,Gupta; Anjum,13,0,76,63
1656710611332,CSE 3,A50,083646,Miranda; Gregory Joseph,22,0,50,28
1656710617358,CSE 8A,A50,083650,Miranda; Gregory Joseph,16,1,56,40
1656710623387,CSE 11,A01,083080,Cao; Yingjun,2,17,40,38
1656710629411,CSE 12,A01,083652,Krause-Levy; Sophia Louisa,19,1,120,101
1656710635437,CSE 15L,A01,083654,Morris; Justin Loren,8,0,50,42
1656710635437,CSE 15L,A02,083655,Morris; Justin Loren,8,0,50,42
1656710641472,CSE 20,A01,083657,Tran; Khoa Dang,36,0,80,44
1656710647496,CSE 21,A01,095574,Bach; Quang Tran,21,0,48,27
1656710653526,CSE 30,A01,083084,Eldon; John,5,0,80,75
1656710653526,CSE 30,B01,095061,Bhaskar; Nishant,3,0,50,47
1656710659548,CSE 100,A01,083659,Cao; Yingjun,1,6,70,69
1656710665581,CSE 134B,A01,083661,Powell; Thomas Allan,17,0,100,83
1656710671605,CSE 140,A01,083663,Gungor; Onat,14,0,85,71
1656710677637,CSE 140L,A01,083088,Eldon; John,16,0,100,84
1656710683667,CSE 175,A01,083665,Kumar; Rakesh,3,0,25,22
1656710689696,CSE 190,A00,092507,Dubnov; Shlomo,5,0,20,15
1656710695723,ECE 45,A01,083139,Congero; Spencer William,5,0,75,70
1656710701754,ECE 65,A50,083695,Saad; Andrew S,12,0,30,18
1656710701754,ECE 65,A51,095125,Saad; Andrew S,25,0,26,1
1656710707777,ECE 109,A01,091882,Touri; Behrouz,13,0,70,57
1656710713804,ECE 180,A00,083140,Abi Samra; Nicholas Camill,1,0,30,29
1656710713804,ECE 180,B00,083141,Abi Samra; Nicholas Camill,0,0,30,30
1656710719826,MATH 10A,A01,083735,Patchell; Gregory David,0,0,30,30
1656710719826,MATH 10A,A02,083736,Patchell; Gregory David,20,0,30,10
1656710719826,MATH 10A,A03,083737,Patchell; Gregory David,16,0,30,14
1656710725853,MATH 10B,A01,083207,Lim; Seonhee,7,0,34,27
1656710725853,MATH 10B,A02,083208,Lim; Seonhee,9,0,35,26
1656710725853,MATH 10B,A03,093472,Lim; Seonhee,3,0,34,31
1656710725853,MATH 10B,B01,083739,Sinha; Shubham,9,0,30,21
1656710731879,MATH 18,A01,083743,Cinel; Cameron Alexander,6,0,30,24
1656710731879,MATH 18,A02,083744,Cinel; Cameron Alexander,14,0,30,16
1656710731879,MATH 18,A03,083745,Cinel; Cameron Alexander,8,0,30,22
1656710731879,MATH 18,B01,083748,Rideout; David Porter,2,0,37,35
1656710731879,MATH 18,B02,083749,Rideout; David Porter,2,0,36,34
1656710731879,MATH 18,B03,083750,Rideout; David Porter,1,0,37,36
1656710731879,MATH 18,B04,083751,Rideout; David Porter,4,0,36,32
1656710731879,MATH 18,B05,093473,Rideout; David Porter,4,0,36,32
1656710731879,MATH 18,B06,093474,Rideout; David Porter,4,0,36,32
1656710737901,MATH 20A,A01,083754,Zheng; Zequn,12,0,40,28
1656710743924,MATH 20B,A01,083756,Briones; Jor-el Thomas Caparas,1,1,36,35
1656710743924,MATH 20B,A02,083757,Briones; Jor-el Thomas Caparas,0,0,36,36
1656710743924,MATH 20B,A03,093475,Briones; Jor-el Thomas Caparas,1,0,36,35
1656710749949,MATH 20C,A01,083760,Briones; Jor-el Thomas Caparas,0,0,35,35
1656710749949,MATH 20C,A02,083761,Briones; Jor-el Thomas Caparas,8,0,35,27
1656710749949,MATH 20C,A03,093476,Briones; Jor-el Thomas Caparas,0,1,36,36
1656710749949,MATH 20C,B01,083762,Bach; Quang Tran,0,0,30,30
1656710755975,MATH 20D,A01,083765,Tran; Brian Kha,4,0,30,26
1656710755975,MATH 20D,A02,083766,Tran; Brian Kha,4,0,30,26
1656710755975,MATH 20D,A03,083767,Tran; Brian Kha,1,0,30,29
1656710762103,MATH 20E,A01,083771,Ganguly; Soumya,4,0,32,28
1656710762103,MATH 20E,A02,083772,Ganguly; Soumya,4,0,32,28
1656710762103,MATH 20E,B01,083773,Ciotti; Benjamin,18,0,35,17
1656710762103,MATH 20E,B02,083774,Ciotti; Benjamin,18,0,35,17
1656710768133,MATH 103A,A01,083777,Greenfeld; Be'Eri,2,0,36,34
1656710768133,MATH 103A,A02,083778,Greenfeld; Be'Eri,5,0,36,31
1656710768133,MATH 103A,A03,093561,Greenfeld; Be'Eri,4,0,36,32
1656710768133,MATH 103A,B01,083779,Greenfeld; Be'Eri,6,0,36,30
1656710768133,MATH 103A,B02,083780,Greenfeld; Be'Eri,2,0,36,34
1656710768133,MATH 103A,B03,093562,Greenfeld; Be'Eri,2,0,36,34
1656710774164,MATH 105,A01,085443,Carter; Anne Toulson,13,0,35,22
1656710774164,MATH 105,A02,093477,Carter; Anne Toulson,20,0,35,15
1656710780203,MATH 109,A01,083213,Ganzberger; Geoffrey Michael,1,0,34,33
1656710780203,MATH 109,A02,083214,Ganzberger; Geoffrey Michael,1,0,34,33
1656710780203,MATH 109,A03,093478,Ganzberger; Geoffrey Michael,2,0,34,32
1656710780203,MATH 109,B01,083215,Ganzberger; Geoffrey Michael,1,0,32,31
1656710780203,MATH 109,B02,083216,Ganzberger; Geoffrey Michael,2,0,32,30
1656710780203,MATH 109,B03,093479,Ganzberger; Geoffrey Michael,7,0,32,25
1656710786232,MATH 142A,A01,083219,Chow; Bennett,4,0,32,28
1656710786232,MATH 142A,A02,083220,Chow; Bennett,9,0,32,23
1656710786232,MATH 142A,A03,093480,Chow; Bennett,6,0,32,26
1656710786232,MATH 142A,B03,093481,Chow; Bennett,5,0,32,27
1656710786232,MATH 142A,B04,093558,Chow; Bennett,10,0,32,22
1656710786232,MATH 142A,B05,093559,Chow; Bennett,4,0,32,28
1656710792270,MATH 193A,A01,083224,Rotar; Vladimir,4,0,34,30
1656710792270,MATH 193A,A02,083225,Rotar; Vladimir,2,0,34,32
1656710792270,MATH 193A,A03,083781,Rotar; Vladimir,1,0,34,33
1656710792270,MATH 193A,A04,083782,Rotar; Vladimir,4,0,34,30
1656710792270,MATH 193A,A05,093482,Rotar; Vladimir,5,0,34,29
1656710798293,MATH 197,001,091859,McAuley; Julian John,9999,0,9999,0
1656710798293,MATH 197,002,095566,Kedlaya; Kiran S.,9997,0,9999,2
1656710798293,MATH 197,003,095567,Xiao; Ming,9999,0,9999,0
1656710798293,MATH 197,004,095571,Perols; Johan Lars,9998,0,9999,1
1656710805356,COGS 9,A01,083615,Shannon; Kyle Michael,6,0,75,69
1656710811385,COGS 11,A01,083617,Boyle; Mary E. T.,17,0,48,31
1656710817409,COGS 13,A01,083071,Bastos; Amalia Pinkusfeld,6,0,71,65
1656710823437,COGS 14A,A01,092681,Semenuks; Arturs,0,1,100,102
1656710829461,COGS 14B,A01,083073,Cheng; Tzu-Han,4,0,63,59
1656710835495,COGS 17,A01,092677,Semenuks; Arturs,4,0,81,77
1656710841527,COGS 100,A01,083619,Allen; Michael Gordon,13,0,70,57
1656710847549,COGS 101A,A01,083621,Davis; Joshua Daniel,9,0,68,59
1656710853575,COGS 101B,A01,091572,Allen; Michael Gordon,3,0,65,62
1656710859608,COGS 101C,A01,083625,Delgado; Tania,17,0,35,18
1656710865630,COGS 107A,A01,083627,Boyle; Mary E. T.,12,0,60,48
1656710871653,COGS 118A,A01,083075,Gupta; Anjum,13,0,76,63
1656710877676,CSE 3,A50,083646,Miranda; Gregory Joseph,22,0,50,28
1656710883704,CSE 8A,A50,083650,Miranda; Gregory Joseph,16,1,56,40
1656710889726,CSE 11,A01,083080,Cao; Yingjun,2,17,40,38
1656710895750,CSE 12,A01,083652,Krause-Levy; Sophia Louisa,19,1,120,101
1656710901790,CSE 15L,A01,083654,Morris; Justin Loren,8,0,50,42
1656710901790,CSE 15L,A02,083655,Morris; Justin Loren,8,0,50,42
1656710907817,CSE 20,A01,083657,Tran; Khoa Dang,36,0,80,44
1656710913859,CSE 21,A01,095574,Bach; Quang Tran,21,0,48,27
1656710919889,CSE 30,A01,083084,Eldon; John,5,0,80,75
1656710919889,CSE 30,B01,095061,Bhaskar; Nishant,3,0,50,47
1656710925911,CSE 100,A01,083659,Cao; Yingjun,1,6,70,69
1656710931943,CSE 134B,A01,083661,Powell; Thomas Allan,17,0,100,83
1656710937966,CSE 140,A01,083663,Gungor; Onat,14,0,85,71
1656710943994,CSE 140L,A01,083088,Eldon; John,16,0,100,84
1656710950018,CSE 175,A01,083665,Kumar; Rakesh,3,0,25,22
1656710956044,CSE 190,A00,092507,Dubnov; Shlomo,5,0,20,15
1656710962070,ECE 45,A01,083139,Congero; Spencer William,5,0,75,70
1656710968096,ECE 65,A50,083695,Saad; Andrew S,12,0,30,18
1656710968096,ECE 65,A51,095125,Saad; Andrew S,25,0,26,1
1656710974131,ECE 109,A01,091882,Touri; Behrouz,13,0,70,57
1656710980154,ECE 180,A00,083140,Abi Samra; Nicholas Camill,1,0,30,29
1656710980154,ECE 180,B00,083141,Abi Samra; Nicholas Camill,0,0,30,30
1656710986192,MATH 10A,A01,083735,Patchell; Gregory David,0,0,30,30
1656710986192,MATH 10A,A02,083736,Patchell; Gregory David,20,0,30,10
1656710986192,MATH 10A,A03,083737,Patchell; Gregory David,16,0,30,14
1656710992222,MATH 10B,A01,083207,Lim; Seonhee,7,0,34,27
1656710992222,MATH 10B,A02,083208,Lim; Seonhee,9,0,35,26
1656710992222,MATH 10B,A03,093472,Lim; Seonhee,3,0,34,31
1656710992222,MATH 10B,B01,083739,Sinha; Shubham,9,0,30,21
1656710998247,MATH 18,A01,083743,Cinel; Cameron Alexander,6,0,30,24
1656710998247,MATH 18,A02,083744,Cinel; Cameron Alexander,14,0,30,16
1656710998247,MATH 18,A03,083745,Cinel; Cameron Alexander,8,0,30,22
1656710998247,MATH 18,B01,083748,Rideout; David Porter,2,0,37,35
1656710998247,MATH 18,B02,083749,Rideout; David Porter,2,0,36,34
1656710998247,MATH 18,B03,083750,Rideout; David Porter,1,0,37,36
1656710998247,MATH 18,B04,083751,Rideout; David Porter,4,0,36,32
1656710998247,MATH 18,B05,093473,Rideout; David Porter,4,0,36,32
1656710998247,MATH 18,B06,093474,Rideout; David Porter,4,0,36,32
1656711004271,MATH 20A,A01,083754,Zheng; Zequn,12,0,40,28
1656711010295,MATH 20B,A01,083756,Briones; Jor-el Thomas Caparas,1,1,36,35
1656711010295,MATH 20B,A02,083757,Briones; Jor-el Thomas Caparas,0,0,36,36
1656711010295,MATH 20B,A03,093475,Briones; Jor-el Thomas Caparas,1,0,36,35
1656711016318,MATH 20C,A01,083760,Briones; Jor-el Thomas Caparas,0,0,35,35
1656711016318,MATH 20C,A02,083761,Briones; Jor-el Thomas Caparas,8,0,35,27
1656711016318,MATH 20C,A03,093476,Briones; Jor-el Thomas Caparas,0,1,36,36
1656711016318,MATH 20C,B01,083762,Bach; Quang Tran,0,0,30,30
1656711022343,MATH 20D,A01,083765,Tran; Brian Kha,4,0,30,26
1656711022343,MATH 20D,A02,083766,Tran; Brian Kha,4,0,30,26
1656711022343,MATH 20D,A03,083767,Tran; Brian Kha,1,0,30,29
1656711028368,MATH 20E,A01,083771,Ganguly; Soumya,4,0,32,28
1656711028368,MATH 20E,A02,083772,Ganguly; Soumya,4,0,32,28
1656711028368,MATH 20E,B01,083773,Ciotti; Benjamin,18,0,35,17
1656711028368,MATH 20E,B02,083774,Ciotti; Benjamin,18,0,35,17
1656711034397,MATH 103A,A01,083777,Greenfeld; Be'Eri,2,0,36,34
1656711034397,MATH 103A,A02,083778,Greenfeld; Be'Eri,5,0,36,31
1656711034397,MATH 103A,A03,093561,Greenfeld; Be'Eri,4,0,36,32
1656711034397,MATH 103A,B01,083779,Greenfeld; Be'Eri,6,0,36,30
1656711034397,MATH 103A,B02,083780,Greenfeld; Be'Eri,2,0,36,34
1656711034397,MATH 103A,B03,093562,Greenfeld; Be'Eri,2,0,36,34
1656711040422,MATH 105,A01,085443,Carter; Anne Toulson,13,0,35,22
1656711040422,MATH 105,A02,093477,Carter; Anne Toulson,20,0,35,15
1656711046451,MATH 109,A01,083213,Ganzberger; Geoffrey Michael,1,0,34,33
1656711046451,MATH 109,A02,083214,Ganzberger; Geoffrey Michael,1,0,34,33
1656711046451,MATH 109,A03,093478,Ganzberger; Geoffrey Michael,2,0,34,32
1656711046451,MATH 109,B01,083215,Ganzberger; Geoffrey Michael,1,0,32,31
1656711046451,MATH 109,B02,083216,Ganzberger; Geoffrey Michael,2,0,32,30
1656711046451,MATH 109,B03,093479,Ganzberger; Geoffrey Michael,7,0,32,25
1656711052484,MATH 142A,A01,083219,Chow; Bennett,4,0,32,28
1656711052484,MATH 142A,A02,083220,Chow; Bennett,9,0,32,23
1656711052484,MATH 142A,A03,093480,Chow; Bennett,6,0,32,26
1656711052484,MATH 142A,B03,093481,Chow; Bennett,5,0,32,27
1656711052484,MATH 142A,B04,093558,Chow; Bennett,10,0,32,22
1656711052484,MATH 142A,B05,093559,Chow; Bennett,4,0,32,28
1656711058512,MATH 193A,A01,083224,Rotar; Vladimir,4,0,34,30
1656711058512,MATH 193A,A02,083225,Rotar; Vladimir,2,0,34,32
1656711058512,MATH 193A,A03,083781,Rotar; Vladimir,1,0,34,33
1656711058512,MATH 193A,A04,083782,Rotar; Vladimir,4,0,34,30
1656711058512,MATH 193A,A05,093482,Rotar; Vladimir,5,0,34,29
1656711064539,MATH 197,001,091859,McAuley; Julian John,9999,0,9999,0
1656711064539,MATH 197,002,095566,Kedlaya; Kiran S.,9997,0,9999,2
1656711064539,MATH 197,003,095567,Xiao; Ming,9999,0,9999,0
1656711064539,MATH 197,004,095571,Perols; Johan Lars,9998,0,9999,1
1656711071608,COGS 9,A01,083615,Shannon; Kyle Michael,6,0,75,69
1656711077632,COGS 11,A01,083617,Boyle; Mary E. T.,17,0,48,31
1656711083660,COGS 13,A01,083071,Bastos; Amalia Pinkusfeld,6,0,71,65
1656711089689,COGS 14A,A01,092681,Semenuks; Arturs,0,1,100,102
1656711095718,COGS 14B,A01,083073,Cheng; Tzu-Han,4,0,63,59
1656711101742,COGS 17,A01,092677,Semenuks; Arturs,4,0,81,77
1656711107767,COGS 100,A01,083619,Allen; Michael Gordon,13,0,70,57
1656711113794,COGS 101A,A01,083621,Davis; Joshua Daniel,9,0,68,59
1656711119823,COGS 101B,A01,091572,Allen; Michael Gordon,3,0,65,62
1656711125847,COGS 101C,A01,083625,Delgado; Tania,17,0,35,18
1656711131996,COGS 107A,A01,083627,Boyle; Mary E. T.,12,0,60,48
1656711138021,COGS 118A,A01,083075,Gupta; Anjum,13,0,76,63
1656711144054,CSE 3,A50,083646,Miranda; Gregory Joseph,22,0,50,28
1656711150091,CSE 8A,A50,083650,Miranda; Gregory Joseph,16,1,56,40
1656711156121,CSE 11,A01,083080,Cao; Yingjun,2,17,40,38
1656711162146,CSE 12,A01,083652,Krause-Levy; Sophia Louisa,19,1,120,101
1656711168186,CSE 15L,A01,083654,Morris; Justin Loren,8,0,50,42
1656711168186,CSE 15L,A02,083655,Morris; Justin Loren,8,0,50,42
1656711174211,CSE 20,A01,083657,Tran; Khoa Dang,36,0,80,44
1656711180234,CSE 21,A01,095574,Bach; Quang Tran,21,0,48,27
1656711186279,CSE 30,A01,083084,Eldon; John,5,0,80,75
1656711186279,CSE 30,B01,095061,Bhaskar; Nishant,3,0,50,47
1656711192320,CSE 100,A01,083659,Cao; Yingjun,1,6,70,69
1656711198350,CSE 134B,A01,083661,Powell; Thomas Allan,17,0,100,83
1656711204377,CSE 140,A01,083663,Gungor; Onat,14,0,85,71
1656711210404,CSE 140L,A01,083088,Eldon; John,16,0,100,84
1656711216432,CSE 175,A01,083665,Kumar; Rakesh,3,0,25,22
1656711222460,CSE 190,A00,092507,Dubnov; Shlomo,5,0,20,15
1656711228487,ECE 45,A01,083139,Congero; Spencer William,5,0,75,70
1656711234516,ECE 65,A50,083695,Saad; Andrew S,12,0,30,18
1656711234516,ECE 65,A51,095125,Saad; Andrew S,25,0,26,1
1656711240542,ECE 109,A01,091882,Touri; Behrouz,13,0,70,57
1656711246568,ECE 180,A00,083140,Abi Samra; Nicholas Camill,1,0,30,29
1656711246568,ECE 180,B00,083141,Abi Samra; Nicholas Camill,0,0,30,30
1656711252596,MATH 10A,A01,083735,Patchell; Gregory David,0,0,30,30
1656711252596,MATH 10A,A02,083736,Patchell; Gregory David,20,0,30,10
1656711252596,MATH 10A,A03,083737,Patchell; Gregory David,16,0,30,14
1656711258628,MATH 10B,A01,083207,Lim; Seonhee,7,0,34,27
1656711258628,MATH 10B,A02,083208,Lim; Seonhee,9,0,35,26
1656711258628,MATH 10B,A03,093472,Lim; Seonhee,3,0,34,31
1656711258628,MATH 10B,B01,083739,Sinha; Shubham,9,0,30,21
1656711264661,MATH 18,A01,083743,Cinel; Cameron Alexander,6,0,30,24
1656711264661,MATH 18,A02,083744,Cinel; Cameron Alexander,14,0,30,16
1656711264661,MATH 18,A03,083745,Cinel; Cameron Alexander,8,0,30,22
1656711264661,MATH 18,B01,083748,Rideout; David Porter,2,0,37,35
1656711264661,MATH 18,B02,083749,Rideout; David Porter,2,0,36,34
1656711264661,MATH 18,B03,083750,Rideout; David Porter,1,0,37,36
1656711264661,MATH 18,B04,083751,Rideout; David Porter,4,0,36,32
1656711264661,MATH 18,B05,093473,Rideout; David Porter,4,0,36,32
1656711264661,MATH 18,B06,093474,Rideout; David Porter,4,0,36,32
1656711270690,MATH 20A,A01,083754,Zheng; Zequn,12,0,40,28
1656711276714,MATH 20B,A01,083756,Briones; Jor-el Thomas Caparas,1,1,36,35
1656711276714,MATH 20B,A02,083757,Briones; Jor-el Thomas Caparas,0,0,36,36
1656711276714,MATH 20B,A03,093475,Briones; Jor-el Thomas Caparas,1,0,36,35
1656711282749,MATH 20C,A01,083760,Briones; Jor-el Thomas Caparas,0,0,35,35
1656711282749,MATH 20C,A02,083761,Briones; Jor-el Thomas Caparas,8,0,35,27
1656711282749,MATH 20C,A03,093476,Briones; Jor-el Thomas Caparas,0,1,36,36
1656711282749,MATH 20C,B01,083762,Bach; Quang Tran,0,0,30,30
1656711288772,MATH 20D,A01,083765,Tran; Brian Kha,4,0,30,26
1656711288772,MATH 20D,A02,083766,Tran; Brian Kha,4,0,30,26
1656711288772,MATH 20D,A03,083767,Tran; Brian Kha,1,0,30,29
1656711294808,MATH 20E,A01,083771,Ganguly; Soumya,4,0,32,28
1656711294808,MATH 20E,A02,083772,Ganguly; Soumya,4,0,32,28
1656711294808,MATH 20E,B01,083773,Ciotti; Benjamin,18,0,35,17
1656711294808,MATH 20E,B02,083774,Ciotti; Benjamin,18,0,35,17
1656711300831,MATH 103A,A01,083777,Greenfeld; Be'Eri,2,0,36,34
1656711300831,MATH 103A,A02,083778,Greenfeld; Be'Eri,5,0,36,31
1656711300831,MATH 103A,A03,093561,Greenfeld; Be'Eri,4,0,36,32
1656711300831,MATH 103A,B01,083779,Greenfeld; Be'Eri,6,0,36,30
1656711300831,MATH 103A,B02,083780,Greenfeld; Be'Eri,2,0,36,34
1656711300831,MATH 103A,B03,093562,Greenfeld; Be'Eri,2,0,36,34
1656711306860,MATH 105,A01,085443,Carter; Anne Toulson,13,0,35,22
1656711306860,MATH 105,A02,093477,Carter; Anne Toulson,20,0,35,15
1656711312890,MATH 109,A01,083213,Ganzberger; Geoffrey Michael,1,0,34,33
1656711312890,MATH 109,A02,083214,Ganzberger; Geoffrey Michael,1,0,34,33
1656711312890,MATH 109,A03,093478,Ganzberger; Geoffrey Michael,2,0,34,32
1656711312890,MATH 109,B01,083215,Ganzberger; Geoffrey Michael,1,0,32,31
1656711312890,MATH 109,B02,083216,Ganzberger; Geoffrey Michael,2,0,32,30
1656711312890,MATH 109,B03,093479,Ganzberger; Geoffrey Michael,7,0,32,25
1656711318928,MATH 142A,A01,083219,Chow; Bennett,4,0,32,28
1656711318928,MATH 142A,A02,083220,Chow; Bennett,9,0,32,23
1656711318928,MATH 142A,A03,093480,Chow; Bennett,6,0,32,26
1656711318928,MATH 142A,B03,093481,Chow; Bennett,5,0,32,27
1656711318928,MATH 142A,B04,093558,Chow; Bennett,10,0,32,22
1656711318928,MATH 142A,B05,093559,Chow; Bennett,4,0,32,28
1656711324953,MATH 193A,A01,083224,Rotar; Vladimir,4,0,34,30
1656711324953,MATH 193A,A02,083225,Rotar; Vladimir,2,0,34,32
1656711324953,MATH 193A,A03,083781,Rotar; Vladimir,1,0,34,33
1656711324953,MATH 193A,A04,083782,Rotar; Vladimir,4,0,34,30
1656711324953,MATH 193A,A05,093482,Rotar; Vladimir,5,0,34,29
1656711330978,MATH 197,001,091859,McAuley; Julian John,9999,0,9999,0
1656711330978,MATH 197,002,095566,Kedlaya; Kiran S.,9997,0,9999,2
1656711330978,MATH 197,003,095567,Xiao; Ming,9999,0,9999,0
1656711330978,MATH 197,004,095571,Perols; Johan Lars,9998,0,9999,1
1656711338050,COGS 9,A01,083615,Shannon; Kyle Michael,6,0,75,69
1656711344072,COGS 11,A01,083617,Boyle; Mary E. T.,17,0,48,31
1656711350101,COGS 13,A01,083071,Bastos; Amalia Pinkusfeld,6,0,71,65
1656711356223,COGS 14A,A01,092681,Semenuks; Arturs,0,1,100,102
1656711362253,COGS 14B,A01,083073,Cheng; Tzu-Han,4,0,63,59
1656711368276,COGS 17,A01,092677,Semenuks; Arturs,4,0,81,77
1656711374302,COGS 100,A01,083619,Allen; Michael Gordon,13,0,70,57
1656711380329,COGS 101A,A01,083621,Davis; Joshua Daniel,9,0,68,59
1656711386356,COGS 101B,A01,091572,Allen; Michael Gordon,3,0,65,62
1656711392380,COGS 101C,A01,083625,Delgado; Tania,17,0,35,18
1656711398414,COGS 107A,A01,083627,Boyle; Mary E. T.,12,0,60,48
1656711404446,COGS 118A,A01,083075,Gupta; Anjum,13,0,76,63
1656711410471,CSE 3,A50,083646,Miranda; Gregory Joseph,22,0,50,28
1656711416492,CSE 8A,A50,083650,Miranda; Gregory Joseph,17,1,56,39
1656711422516,CSE 11,A01,083080,Cao; Yingjun,2,16,40,38
1656711428545,CSE 12,A01,083652,Krause-Levy; Sophia Louisa,19,1,120,101
1656711434576,CSE 15L,A01,083654,Morris; Justin Loren,8,0,50,42
1656711434576,CSE 15L,A02,083655,Morris; Justin Loren,8,0,50,42
1656711440607,CSE 20,A01,083657,Tran; Khoa Dang,36,0,80,44
1656711446647,CSE 21,A01,095574,Bach; Quang Tran,21,0,48,27
1656711452670,CSE 30,A01,083084,Eldon; John,5,0,80,75
1656711452670,CSE 30,B01,095061,Bhaskar; Nishant,3,0,50,47
1656711458701,CSE 100,A01,083659,Cao; Yingjun,1,6,70,69
1656711464724,CSE 134B,A01,083661,Powell; Thomas Allan,17,0,100,83
1656711470751,CSE 140,A01,083663,Gungor; Onat,14,0,85,71
1656711476781,CSE 140L,A01,083088,Eldon; John,16,0,100,84
1656711482806,CSE 175,A01,083665,Kumar; Rakesh,3,0,25,22
1656711488835,CSE 190,A00,092507,Dubnov; Shlomo,5,0,20,15
1656711494867,ECE 45,A01,083139,Congero; Spencer William,5,0,75,70
1656711500903,ECE 65,A50,083695,Saad; Andrew S,12,0,30,18
1656711500903,ECE 65,A51,095125,Saad; Andrew S,25,0,26,1
1656711506927,ECE 109,A01,091882,Touri; Behrouz,13,0,70,57
1656711512950,ECE 180,A00,083140,Abi Samra; Nicholas Camill,1,0,30,29
1656711512950,ECE 180,B00,083141,Abi Samra; Nicholas Camill,0,0,30,30
1656711518974,MATH 10A,A01,083735,Patchell; Gregory David,0,0,30,30
1656711518974,MATH 10A,A02,083736,Patchell; Gregory David,20,0,30,10
1656711518974,MATH 10A,A03,083737,Patchell; Gregory David,16,0,30,14
1656711525003,MATH 10B,A01,083207,Lim; Seonhee,7,0,34,27
1656711525003,MATH 10B,A02,083208,Lim; Seonhee,9,0,35,26
1656711525003,MATH 10B,A03,093472,Lim; Seonhee,3,0,34,31
1656711525003,MATH 10B,B01,083739,Sinha; Shubham,9,0,30,21
1656711531033,MATH 18,A01,083743,Cinel; Cameron Alexander,6,0,30,24
1656711531033,MATH 18,A02,083744,Cinel; Cameron Alexander,14,0,30,16
1656711531033,MATH 18,A03,083745,Cinel; Cameron Alexander,8,0,30,22
1656711531033,MATH 18,B01,083748,Rideout; David Porter,2,0,37,35
1656711531033,MATH 18,B02,083749,Rideout; David Porter,2,0,36,34
1656711531033,MATH 18,B03,083750,Rideout; David Porter,1,0,37,36
1656711531033,MATH 18,B04,083751,Rideout; David Porter,4,0,36,32
1656711531033,MATH 18,B05,093473,Rideout; David Porter,4,0,36,32
1656711531033,MATH 18,B06,093474,Rideout; David Porter,4,0,36,32
1656711537068,MATH 20A,A01,083754,Zheng; Zequn,12,0,40,28
1656711543096,MATH 20B,A01,083756,Briones; Jor-el Thomas Caparas,1,1,36,35
1656711543096,MATH 20B,A02,083757,Briones; Jor-el Thomas Caparas,0,0,36,36
1656711543096,MATH 20B,A03,093475,Briones; Jor-el Thomas Caparas,1,0,36,35
1656711549125,MATH 20C,A01,083760,Briones; Jor-el Thomas Caparas,0,0,35,35
1656711549125,MATH 20C,A02,083761,Briones; Jor-el Thomas Caparas,8,0,35,27
1656711549125,MATH 20C,A03,093476,Briones; Jor-el Thomas Caparas,0,1,36,36
1656711549125,MATH 20C,B01,083762,Bach; Quang Tran,0,0,30,30
1656711555161,MATH 20D,A01,083765,Tran; Brian Kha,4,0,30,26
1656711555161,MATH 20D,A02,083766,Tran; Brian Kha,4,0,30,26
1656711555161,MATH 20D,A03,083767,Tran; Brian Kha,1,0,30,29
1656711561185,MATH 20E,A01,083771,Ganguly; Soumya,4,0,32,28
1656711561185,MATH 20E,A02,083772,Ganguly; Soumya,4,0,32,28
1656711561185,MATH 20E,B01,083773,Ciotti; Benjamin,18,0,35,17
1656711561185,MATH 20E,B02,083774,Ciotti; Benjamin,18,0,35,17
1656711567209,MATH 103A,A01,083777,Greenfeld; Be'Eri,2,0,36,34
1656711567209,MATH 103A,A02,083778,Greenfeld; Be'Eri,5,0,36,31
1656711567209,MATH 103A,A03,093561,Greenfeld; Be'Eri,4,0,36,32
1656711567209,MATH 103A,B01,083779,Greenfeld; Be'Eri,6,0,36,30
1656711567209,MATH 103A,B02,083780,Greenfeld; Be'Eri,2,0,36,34
1656711567209,MATH 103A,B03,093562,Greenfeld; Be'Eri,2,0,36,34
1656711573244,MATH 105,A01,085443,Carter; Anne Toulson,13,0,35,22
1656711573244,MATH 105,A02,093477,Carter; Anne Toulson,20,0,35,15
1656711579281,MATH 109,A01,083213,Ganzberger; Geoffrey Michael,1,0,34,33
1656711579281,MATH 109,A02,083214,Ganzberger; Geoffrey Michael,1,0,34,33
1656711579281,MATH 109,A03,093478,Ganzberger; Geoffrey Michael,2,0,34,32
1656711579281,MATH 109,B01,083215,Ganzberger; Geoffrey Michael,1,0,32,31
1656711579281,MATH 109,B02,083216,Ganzberger; Geoffrey Michael,2,0,32,30
1656711579281,MATH 109,B03,093479,Ganzberger; Geoffrey Michael,7,0,32,25
1656711585306,MATH 142A,A01,083219,Chow; Bennett,4,0,32,28
1656711585306,MATH 142A,A02,083220,Chow; Bennett,9,0,32,23
1656711585306,MATH 142A,A03,093480,Chow; Bennett,6,0,32,26
1656711585306,MATH 142A,B03,093481,Chow; Bennett,5,0,32,27
1656711585306,MATH 142A,B04,093558,Chow; Bennett,10,0,32,22
1656711585306,MATH 142A,B05,093559,Chow; Bennett,4,0,32,28
1656711591338,MATH 193A,A01,083224,Rotar; Vladimir,4,0,34,30
1656711591338,MATH 193A,A02,083225,Rotar; Vladimir,2,0,34,32
1656711591338,MATH 193A,A03,083781,Rotar; Vladimir,1,0,34,33
1656711591338,MATH 193A,A04,083782,Rotar; Vladimir,4,0,34,30
1656711591338,MATH 193A,A05,093482,Rotar; Vladimir,5,0,34,29
1656711597361,MATH 197,001,091859,McAuley; Julian John,9999,0,9999,0
1656711597361,MATH 197,002,095566,Kedlaya; Kiran S.,9997,0,9999,2
1656711597361,MATH 197,003,095567,Xiao; Ming,9999,0,9999,0
1656711597361,MATH 197,004,095571,Perols; Johan Lars,9998,0,9999,1
1656711604415,COGS 9,A01,083615,Shannon; Kyle Michael,6,0,75,69
1656711610438,COGS 11,A01,083617,Boyle; Mary E. T.,17,0,48,31
1656711616462,COGS 13,A01,083071,Bastos; Amalia Pinkusfeld,6,0,71,65
1656711622484,COGS 14A,A01,092681,Semenuks; Arturs,0,1,100,102
1656711628511,COGS 14B,A01,083073,Cheng; Tzu-Han,4,0,63,59
1656711634539,COGS 17,A01,092677,Semenuks; Arturs,4,0,81,77
1656711640562,COGS 100,A01,083619,Allen; Michael Gordon,13,0,70,57
1656711646589,COGS 101A,A01,083621,Davis; Joshua Daniel,9,0,68,59
1656711652610,COGS 101B,A01,091572,Allen; Michael Gordon,3,0,65,62
1656711658638,COGS 101C,A01,083625,Delgado; Tania,17,0,35,18
1656711664661,COGS 107A,A01,083627,Boyle; Mary E. T.,12,0,60,48
1656711670687,COGS 118A,A01,083075,Gupta; Anjum,13,0,76,63
1656711676710,CSE 3,A50,083646,Miranda; Gregory Joseph,22,0,50,28
1656711682737,CSE 8A,A50,083650,Miranda; Gregory Joseph,17,1,56,39
1656711688760,CSE 11,A01,083080,Cao; Yingjun,2,16,40,38
1656711694782,CSE 12,A01,083652,Krause-Levy; Sophia Louisa,19,1,120,101
1656711700803,CSE 15L,A01,083654,Morris; Justin Loren,8,0,50,42
1656711700803,CSE 15L,A02,083655,Morris; Justin Loren,8,0,50,42
1656711706835,CSE 20,A01,083657,Tran; Khoa Dang,36,0,80,44
1656711712865,CSE 21,A01,095574,Bach; Quang Tran,21,0,48,27
1656711718892,CSE 30,A01,083084,Eldon; John,5,0,80,75
1656711718892,CSE 30,B01,095061,Bhaskar; Nishant,3,0,50,47
1656711724917,CSE 100,A01,083659,Cao; Yingjun,1,6,70,69
1656711730940,CSE 134B,A01,083661,Powell; Thomas Allan,17,0,100,83
1656711736964,CSE 140,A01,083663,Gungor; Onat,14,0,85,71
1656711742990,CSE 140L,A01,083088,Eldon; John,16,0,100,84
1656711749013,CSE 175,A01,083665,Kumar; Rakesh,3,0,25,22
1656711755043,CSE 190,A00,092507,Dubnov; Shlomo,5,0,20,15
1656711761070,ECE 45,A01,083139,Congero; Spencer William,5,0,75,70
1656711767099,ECE 65,A50,083695,Saad; Andrew S,12,0,30,18
1656711767099,ECE 65,A51,095125,Saad; Andrew S,25,0,26,1
1656711773122,ECE 109,A01,091882,Touri; Behrouz,13,0,70,57
1656711779148,ECE 180,A00,083140,Abi Samra; Nicholas Camill,1,0,30,29
1656711779148,ECE 180,B00,083141,Abi Samra; Nicholas Camill,0,0,30,30
1656711785171,MATH 10A,A01,083735,Patchell; Gregory David,0,0,30,30
1656711785171,MATH 10A,A02,083736,Patchell; Gregory David,20,0,30,10
1656711785171,MATH 10A,A03,083737,Patchell; Gregory David,16,0,30,14
1656711791196,MATH 10B,A01,083207,Lim; Seonhee,7,0,34,27
1656711791196,MATH 10B,A02,083208,Lim; Seonhee,9,0,35,26
1656711791196,MATH 10B,A03,093472,Lim; Seonhee,3,0,34,31
1656711791196,MATH 10B,B01,083739,Sinha; Shubham,9,0,30,21
1656711797223,MATH 18,A01,083743,Cinel; Cameron Alexander,6,0,30,24
1656711797223,MATH 18,A02,083744,Cinel; Cameron Alexander,14,0,30,16
1656711797223,MATH 18,A03,083745,Cinel; Cameron Alexander,8,0,30,22
1656711797223,MATH 18,B01,083748,Rideout; David Porter,2,0,37,35
1656711797223,MATH 18,B02,083749,Rideout; David Porter,2,0,36,34
1656711797223,MATH 18,B03,083750,Rideout; David Porter,1,0,37,36
1656711797223,MATH 18,B04,083751,Rideout; David Porter,4,0,36,32
1656711797223,MATH 18,B05,093473,Rideout; David Porter,4,0,36,32
1656711797223,MATH 18,B06,093474,Rideout; David Porter,4,0,36,32
1656711803245,MATH 20A,A01,083754,Zheng; Zequn,12,0,40,28
1656711809273,MATH 20B,A01,083756,Briones; Jor-el Thomas Caparas,1,1,36,35
1656711809273,MATH 20B,A02,083757,Briones; Jor-el Thomas Caparas,0,0,36,36
1656711809273,MATH 20B,A03,093475,Briones; Jor-el Thomas Caparas,1,0,36,35
1656711815297,MATH 20C,A01,083760,Briones; Jor-el Thomas Caparas,0,0,35,35
1656711815297,MATH 20C,A02,083761,Briones; Jor-el Thomas Caparas,8,0,35,27
1656711815297,MATH 20C,A03,093476,Briones; Jor-el Thomas Caparas,0,1,36,36
1656711815297,MATH 20C,B01,083762,Bach; Quang Tran,0,0,30,30
1656711821320,MATH 20D,A01,083765,Tran; Brian Kha,4,0,30,26
1656711821320,MATH 20D,A02,083766,Tran; Brian Kha,4,0,30,26
1656711821320,MATH 20D,A03,083767,Tran; Brian Kha,1,0,30,29
1656711827349,MATH 20E,A01,083771,Ganguly; Soumya,4,0,32,28
1656711827349,MATH 20E,A02,083772,Ganguly; Soumya,4,0,32,28
1656711827349,MATH 20E,B01,083773,Ciotti; Benjamin,18,0,35,17
1656711827349,MATH 20E,B02,083774,Ciotti; Benjamin,18,0,35,17
1656711833380,MATH 103A,A01,083777,Greenfeld; Be'Eri,2,0,36,34
1656711833380,MATH 103A,A02,083778,Greenfeld; Be'Eri,5,0,36,31
1656711833380,MATH 103A,A03,093561,Greenfeld; Be'Eri,4,0,36,32
1656711833380,MATH 103A,B01,083779,Greenfeld; Be'Eri,6,0,36,30
1656711833380,MATH 103A,B02,083780,Greenfeld; Be'Eri,2,0,36,34
1656711833380,MATH 103A,B03,093562,Greenfeld; Be'Eri,2,0,36,34
1656711839408,MATH 105,A01,085443,Carter; Anne Toulson,13,0,35,22
1656711839408,MATH 105,A02,093477,Carter; Anne Toulson,20,0,35,15
1656711845437,MATH 109,A01,083213,Ganzberger; Geoffrey Michael,1,0,34,33
1656711845437,MATH 109,A02,083214,Ganzberger; Geoffrey Michael,1,0,34,33
1656711845437,MATH 109,A03,093478,Ganzberger; Geoffrey Michael,2,0,34,32
1656711845437,MATH 109,B01,083215,Ganzberger; Geoffrey Michael,1,0,32,31
1656711845437,MATH 109,B02,083216,Ganzberger; Geoffrey Michael,2,0,32,30
1656711845437,MATH 109,B03,093479,Ganzberger; Geoffrey Michael,7,0,32,25
1656711851461,MATH 142A,A01,083219,Chow; Bennett,4,0,32,28
1656711851461,MATH 142A,A02,083220,Chow; Bennett,9,0,32,23
1656711851461,MATH 142A,A03,093480,Chow; Bennett,6,0,32,26
1656711851461,MATH 142A,B03,093481,Chow; Bennett,5,0,32,27
1656711851461,MATH 142A,B04,093558,Chow; Bennett,10,0,32,22
1656711851461,MATH 142A,B05,093559,Chow; Bennett,4,0,32,28
1656711857494,MATH 193A,A01,083224,Rotar; Vladimir,4,0,34,30
1656711857494,MATH 193A,A02,083225,Rotar; Vladimir,2,0,34,32
1656711857494,MATH 193A,A03,083781,Rotar; Vladimir,1,0,34,33
1656711857494,MATH 193A,A04,083782,Rotar; Vladimir,4,0,34,30
1656711857494,MATH 193A,A05,093482,Rotar; Vladimir,5,0,34,29
1656711863527,MATH 197,001,091859,McAuley; Julian John,9999,0,9999,0
1656711863527,MATH 197,002,095566,Kedlaya; Kiran S.,9997,0,9999,2
1656711863527,MATH 197,003,095567,Xiao; Ming,9999,0,9999,0
1656711863527,MATH 197,004,095571,Perols; Johan Lars,9998,0,9999,1
1656711870584,COGS 9,A01,083615,Shannon; Kyle Michael,6,0,75,69
1656711876607,COGS 11,A01,083617,Boyle; Mary E. T.,17,0,48,31
1656711882641,COGS 13,A01,083071,Bastos; Amalia Pinkusfeld,6,0,71,65
1656711888664,COGS 14A,A01,092681,Semenuks; Arturs,0,1,100,102
1656711894691,COGS 14B,A01,083073,Cheng; Tzu-Han,4,0,63,59
1656711900718,COGS 17,A01,092677,Semenuks; Arturs,4,0,81,77
1656711906744,COGS 100,A01,083619,Allen; Michael Gordon,13,0,70,57
1656711912768,COGS 101A,A01,083621,Davis; Joshua Daniel,9,0,68,59
1656711918793,COGS 101B,A01,091572,Allen; Michael Gordon,3,0,65,62
1656711924817,COGS 101C,A01,083625,Delgado; Tania,17,0,35,18
1656711930841,COGS 107A,A01,083627,Boyle; Mary E. T.,12,0,60,48
1656711936867,COGS 118A,A01,083075,Gupta; Anjum,13,0,76,63
1656711942900,CSE 3,A50,083646,Miranda; Gregory Joseph,22,0,50,28
1656711948923,CSE 8A,A50,083650,Miranda; Gregory Joseph,17,1,56,39
1656711955036,CSE 11,A01,083080,Cao; Yingjun,2,16,40,38
1656711961074,CSE 12,A01,083652,Krause-Levy; Sophia Louisa,19,1,120,101
1656711967097,CSE 15L,A01,083654,Morris; Justin Loren,8,0,50,42
1656711967097,CSE 15L,A02,083655,Morris; Justin Loren,8,0,50,42
1656711973125,CSE 20,A01,083657,Tran; Khoa Dang,36,0,80,44
1656711979155,CSE 21,A01,095574,Bach; Quang Tran,21,0,48,27
1656711985180,CSE 30,A01,083084,Eldon; John,5,0,80,75
1656711985180,CSE 30,B01,095061,Bhaskar; Nishant,3,0,50,47
1656711991213,CSE 100,A01,083659,Cao; Yingjun,1,6,70,69
1656711997242,CSE 134B,A01,083661,Powell; Thomas Allan,17,0,100,83
1656712003269,CSE 140,A01,083663,Gungor; Onat,14,0,85,71
1656712009294,CSE 140L,A01,083088,Eldon; John,16,0,100,84
1656712015319,CSE 175,A01,083665,Kumar; Rakesh,3,0,25,22
1656712021345,CSE 190,A00,092507,Dubnov; Shlomo,5,0,20,15
1656712027371,ECE 45,A01,083139,Congero; Spencer William,5,0,75,70
1656712033399,ECE 65,A50,083695,Saad; Andrew S,12,0,30,18
1656712033399,ECE 65,A51,095125,Saad; Andrew S,25,0,26,1
1656712039422,ECE 109,A01,091882,Touri; Behrouz,13,0,70,57
1656712045453,ECE 180,A00,083140,Abi Samra; Nicholas Camill,1,0,30,29
1656712045453,ECE 180,B00,083141,Abi Samra; Nicholas Camill,0,0,30,30
1656712051478,MATH 10A,A01,083735,Patchell; Gregory David,0,0,30,30
1656712051478,MATH 10A,A02,083736,Patchell; Gregory David,20,0,30,10
1656712051478,MATH 10A,A03,083737,Patchell; Gregory David,16,0,30,14
1656712057502,MATH 10B,A01,083207,Lim; Seonhee,7,0,34,27
1656712057502,MATH 10B,A02,083208,Lim; Seonhee,9,0,35,26
1656712057502,MATH 10B,A03,093472,Lim; Seonhee,3,0,34,31
1656712057502,MATH 10B,B01,083739,Sinha; Shubham,9,0,30,21
1656712063535,MATH 18,A01,083743,Cinel; Cameron Alexander,6,0,30,24
1656712063535,MATH 18,A02,083744,Cinel; Cameron Alexander,14,0,30,16
1656712063535,MATH 18,A03,083745,Cinel; Cameron Alexander,8,0,30,22
1656712063535,MATH 18,B01,083748,Rideout; David Porter,2,0,37,35
1656712063535,MATH 18,B02,083749,Rideout; David Porter,2,0,36,34
1656712063535,MATH 18,B03,083750,Rideout; David Porter,1,0,37,36
1656712063535,MATH 18,B04,083751,Rideout; David Porter,4,0,36,32
1656712063535,MATH 18,B05,093473,Rideout; David Porter,4,0,36,32
1656712063535,MATH 18,B06,093474,Rideout; David Porter,4,0,36,32
1656712069562,MATH 20A,A01,083754,Zheng; Zequn,12,0,40,28
1656712075585,MATH 20B,A01,083756,Briones; Jor-el Thomas Caparas,1,1,36,35
1656712075585,MATH 20B,A02,083757,Briones; Jor-el Thomas Caparas,0,0,36,36
1656712075585,MATH 20B,A03,093475,Briones; Jor-el Thomas Caparas,1,0,36,35
1656712081609,MATH 20C,A01,083760,Briones; Jor-el Thomas Caparas,0,0,35,35
1656712081609,MATH 20C,A02,083761,Briones; Jor-el Thomas Caparas,8,0,35,27
1656712081609,MATH 20C,A03,093476,Briones; Jor-el Thomas Caparas,0,1,36,36
1656712081609,MATH 20C,B01,083762,Bach; Quang Tran,0,0,30,30
1656712087638,MATH 20D,A01,083765,Tran; Brian Kha,4,0,30,26
1656712087638,MATH 20D,A02,083766,Tran; Brian Kha,4,0,30,26
1656712087638,MATH 20D,A03,083767,Tran; Brian Kha,1,0,30,29
1656712093662,MATH 20E,A01,083771,Ganguly; Soumya,4,0,32,28
1656712093662,MATH 20E,A02,083772,Ganguly; Soumya,4,0,32,28
1656712093662,MATH 20E,B01,083773,Ciotti; Benjamin,18,0,35,17
1656712093662,MATH 20E,B02,083774,Ciotti; Benjamin,18,0,35,17
1656712099692,MATH 103A,A01,083777,Greenfeld; Be'Eri,2,0,36,34
1656712099692,MATH 103A,A02,083778,Greenfeld; Be'Eri,5,0,36,31
1656712099692,MATH 103A,A03,093561,Greenfeld; Be'Eri,4,0,36,32
1656712099692,MATH 103A,B01,083779,Greenfeld; Be'Eri,6,0,36,30
1656712099692,MATH 103A,B02,083780,Greenfeld; Be'Eri,2,0,36,34
1656712099692,MATH 103A,B03,093562,Greenfeld; Be'Eri,2,0,36,34
1656712105743,MATH 105,A01,085443,Carter; Anne Toulson,13,0,35,22
1656712105743,MATH 105,A02,093477,Carter; Anne Toulson,20,0,35,15
1656712111764,MATH 109,A01,083213,Ganzberger; Geoffrey Michael,1,0,34,33
1656712111764,MATH 109,A02,083214,Ganzberger; Geoffrey Michael,1,0,34,33
1656712111764,MATH 109,A03,093478,Ganzberger; Geoffrey Michael,2,0,34,32
1656712111764,MATH 109,B01,083215,Ganzberger; Geoffrey Michael,1,0,32,31
1656712111764,MATH 109,B02,083216,Ganzberger; Geoffrey Michael,2,0,32,30
1656712111764,MATH 109,B03,093479,Ganzberger; Geoffrey Michael,7,0,32,25
1656712117792,MATH 142A,A01,083219,Chow; Bennett,4,0,32,28
1656712117792,MATH 142A,A02,083220,Chow; Bennett,9,0,32,23
1656712117792,MATH 142A,A03,093480,Chow; Bennett,6,0,32,26
1656712117792,MATH 142A,B03,093481,Chow; Bennett,5,0,32,27
1656712117792,MATH 142A,B04,093558,Chow; Bennett,10,0,32,22
1656712117792,MATH 142A,B05,093559,Chow; Bennett,4,0,32,28
1656712123814,MATH 193A,A01,083224,Rotar; Vladimir,4,0,34,30
1656712123814,MATH 193A,A02,083225,Rotar; Vladimir,2,0,34,32
1656712123814,MATH 193A,A03,083781,Rotar; Vladimir,1,0,34,33
1656712123814,MATH 193A,A04,083782,Rotar; Vladimir,4,0,34,30
1656712123814,MATH 193A,A05,093482,Rotar; Vladimir,5,0,34,29
1656712129847,MATH 197,001,091859,McAuley; Julian John,9999,0,9999,0
1656712129847,MATH 197,002,095566,Kedlaya; Kiran S.,9997,0,9999,2
1656712129847,MATH 197,003,095567,Xiao; Ming,9999,0,9999,0
1656712129847,MATH 197,004,095571,Perols; Johan Lars,9998,0,9999,1
1656712136910,COGS 9,A01,083615,Shannon; Kyle Michael,6,0,75,69
1656712142937,COGS 11,A01,083617,Boyle; Mary E. T.,17,0,48,31
1656712148965,COGS 13,A01,083071,Bastos; Amalia Pinkusfeld,6,0,71,65
1656712154995,COGS 14A,A01,092681,Semenuks; Arturs,0,1,100,102
1656712161031,COGS 14B,A01,083073,Cheng; Tzu-Han,4,0,63,59
1656712167059,COGS 17,A01,092677,Semenuks; Arturs,4,0,81,77
1656712173089,COGS 100,A01,083619,Allen; Michael Gordon,13,0,70,57
1656712179114,COGS 101A,A01,083621,Davis; Joshua Daniel,9,0,68,59
1656712185138,COGS 101B,A01,091572,Allen; Michael Gordon,3,0,65,62
1656712191164,COGS 101C,A01,083625,Delgado; Tania,17,0,35,18
1656712197194,COGS 107A,A01,083627,Boyle; Mary E. T.,12,0,60,48
1656712203221,COGS 118A,A01,083075,Gupta; Anjum,13,0,76,63
1656712209247,CSE 3,A50,083646,Miranda; Gregory Joseph,22,0,50,28
1656712215279,CSE 8A,A50,083650,Miranda; Gregory Joseph,17,1,56,39
1656712221312,CSE 11,A01,083080,Cao; Yingjun,3,16,40,37
1656712227339,CSE 12,A01,083652,Krause-Levy; Sophia Louisa,19,1,120,101
1656712233363,CSE 15L,A01,083654,Morris; Justin Loren,8,0,50,42
1656712233363,CSE 15L,A02,083655,Morris; Justin Loren,8,0,50,42
1656712239390,CSE 20,A01,083657,Tran; Khoa Dang,36,0,80,44
1656712245417,CSE 21,A01,095574,Bach; Quang Tran,21,0,48,27
1656712251444,CSE 30,A01,083084,Eldon; John,5,0,80,75
1656712251444,CSE 30,B01,095061,Bhaskar; Nishant,3,0,50,47
1656712257471,CSE 100,A01,083659,Cao; Yingjun,1,6,70,69
1656712263495,CSE 134B,A01,083661,Powell; Thomas Allan,17,0,100,83
1656712269528,CSE 140,A01,083663,Gungor; Onat,14,0,85,71
1656712275551,CSE 140L,A01,083088,Eldon; John,16,0,100,84
1656712281577,CSE 175,A01,083665,Kumar; Rakesh,3,0,25,22
1656712287600,CSE 190,A00,092507,Dubnov; Shlomo,5,0,20,15
1656712293630,ECE 45,A01,083139,Congero; Spencer William,5,0,75,70
1656712299658,ECE 65,A50,083695,Saad; Andrew S,12,0,30,18
1656712299658,ECE 65,A51,095125,Saad; Andrew S,25,0,26,1
1656712305680,ECE 109,A01,091882,Touri; Behrouz,13,0,70,57
1656712311702,ECE 180,A00,083140,Abi Samra; Nicholas Camill,1,0,30,29
1656712311702,ECE 180,B00,083141,Abi Samra; Nicholas Camill,0,0,30,30
1656712317725,MATH 10A,A01,083735,Patchell; Gregory David,0,0,30,30
1656712317725,MATH 10A,A02,083736,Patchell; Gregory David,20,0,30,10
1656712317725,MATH 10A,A03,083737,Patchell; Gregory David,16,0,30,14
1656712323749,MATH 10B,A01,083207,Lim; Seonhee,7,0,34,27
1656712323749,MATH 10B,A02,083208,Lim; Seonhee,9,0,35,26
1656712323749,MATH 10B,A03,093472,Lim; Seonhee,3,0,34,31
1656712323749,MATH 10B,B01,083739,Sinha; Shubham,9,0,30,21
1656712329780,MATH 18,A01,083743,Cinel; Cameron Alexander,6,0,30,24
1656712329780,MATH 18,A02,083744,Cinel; Cameron Alexander,14,0,30,16
1656712329780,MATH 18,A03,083745,Cinel; Cameron Alexander,8,0,30,22
1656712329780,MATH 18,B01,083748,Rideout; David Porter,2,0,37,35
1656712329780,MATH 18,B02,083749,Rideout; David Porter,2,0,36,34
1656712329780,MATH 18,B03,083750,Rideout; David Porter,1,0,37,36
1656712329780,MATH 18,B04,083751,Rideout; David Porter,4,0,36,32
1656712329780,MATH 18,B05,093473,Rideout; David Porter,4,0,36,32
1656712329780,MATH 18,B06,093474,Rideout; David Porter,4,0,36,32
1656712335804,MATH 20A,A01,083754,Zheng; Zequn,12,0,40,28
1656712341827,MATH 20B,A01,083756,Briones; Jor-el Thomas Caparas,1,1,36,35
1656712341827,MATH 20B,A02,083757,Briones; Jor-el Thomas Caparas,0,0,36,36
1656712341827,MATH 20B,A03,093475,Briones; Jor-el Thomas Caparas,1,0,36,35
1656712347866,MATH 20C,A01,083760,Briones; Jor-el Thomas Caparas,0,0,35,35
1656712347866,MATH 20C,A02,083761,Briones; Jor-el Thomas Caparas,8,0,35,27
1656712347866,MATH 20C,A03,093476,Briones; Jor-el Thomas Caparas,0,1,36,36
1656712347866,MATH 20C,B01,083762,Bach; Quang Tran,0,0,30,30
1656712353890,MATH 20D,A01,083765,Tran; Brian Kha,4,0,30,26
1656712353890,MATH 20D,A02,083766,Tran; Brian Kha,4,0,30,26
1656712353890,MATH 20D,A03,083767,Tran; Brian Kha,1,0,30,29
1656712359917,MATH 20E,A01,083771,Ganguly; Soumya,4,0,32,28
1656712359917,MATH 20E,A02,083772,Ganguly; Soumya,4,0,32,28
1656712359917,MATH 20E,B01,083773,Ciotti; Benjamin,18,0,35,17
1656712359917,MATH 20E,B02,083774,Ciotti; Benjamin,18,0,35,17
1656712365941,MATH 103A,A01,083777,Greenfeld; Be'Eri,2,0,36,34
1656712365941,MATH 103A,A02,083778,Greenfeld; Be'Eri,5,0,36,31
1656712365941,MATH 103A,A03,093561,Greenfeld; Be'Eri,4,0,36,32
1656712365941,MATH 103A,B01,083779,Greenfeld; Be'Eri,6,0,36,30
1656712365941,MATH 103A,B02,083780,Greenfeld; Be'Eri,2,0,36,34
1656712365941,MATH 103A,B03,093562,Greenfeld; Be'Eri,2,0,36,34
1656712371965,MATH 105,A01,085443,Carter; Anne Toulson,13,0,35,22
1656712371965,MATH 105,A02,093477,Carter; Anne Toulson,20,0,35,15
1656712377994,MATH 109,A01,083213,Ganzberger; Geoffrey Michael,1,0,34,33
1656712377994,MATH 109,A02,083214,Ganzberger; Geoffrey Michael,1,0,34,33
1656712377994,MATH 109,A03,093478,Ganzberger; Geoffrey Michael,2,0,34,32
1656712377994,MATH 109,B01,083215,Ganzberger; Geoffrey Michael,1,0,32,31
1656712377994,MATH 109,B02,083216,Ganzberger; Geoffrey Michael,2,0,32,30
1656712377994,MATH 109,B03,093479,Ganzberger; Geoffrey Michael,7,0,32,25
1656712384029,MATH 142A,A01,083219,Chow; Bennett,4,0,32,28
1656712384029,MATH 142A,A02,083220,Chow; Bennett,9,0,32,23
1656712384029,MATH 142A,A03,093480,Chow; Bennett,6,0,32,26
1656712384029,MATH 142A,B03,093481,Chow; Bennett,5,0,32,27
1656712384029,MATH 142A,B04,093558,Chow; Bennett,10,0,32,22
1656712384029,MATH 142A,B05,093559,Chow; Bennett,4,0,32,28
1656712390059,MATH 193A,A01,083224,Rotar; Vladimir,4,0,34,30
1656712390059,MATH 193A,A02,083225,Rotar; Vladimir,2,0,34,32
1656712390059,MATH 193A,A03,083781,Rotar; Vladimir,1,0,34,33
1656712390059,MATH 193A,A04,083782,Rotar; Vladimir,4,0,34,30
1656712390059,MATH 193A,A05,093482,Rotar; Vladimir,5,0,34,29
1656712396082,MATH 197,001,091859,McAuley; Julian John,9999,0,9999,0
1656712396082,MATH 197,002,095566,Kedlaya; Kiran S.,9997,0,9999,2
1656712396082,MATH 197,003,095567,Xiao; Ming,9999,0,9999,0
1656712396082,MATH 197,004,095571,Perols; Johan Lars,9998,0,9999,1
1656712403143,COGS 9,A01,083615,Shannon; Kyle Michael,6,0,75,69
1656712409172,COGS 11,A01,083617,Boyle; Mary E. T.,17,0,48,31
1656712415195,COGS 13,A01,083071,Bastos; Amalia Pinkusfeld,6,0,71,65
1656712421218,COGS 14A,A01,092681,Semenuks; Arturs,0,1,100,102
1656712427243,COGS 14B,A01,083073,Cheng; Tzu-Han,4,0,63,59
1656712433265,COGS 17,A01,092677,Semenuks; Arturs,4,0,81,77
1656712439306,COGS 100,A01,083619,Allen; Michael Gordon,13,0,70,57
1656712445333,COGS 101A,A01,083621,Davis; Joshua Daniel,9,0,68,59
1656712451358,COGS 101B,A01,091572,Allen; Michael Gordon,3,0,65,62
1656712457380,COGS 101C,A01,083625,Delgado; Tania,17,0,35,18
1656712463402,COGS 107A,A01,083627,Boyle; Mary E. T.,12,0,60,48
1656712469438,COGS 118A,A01,083075,Gupta; Anjum,13,0,76,63
1656712475465,CSE 3,A50,083646,Miranda; Gregory Joseph,22,0,50,28
1656712481488,CSE 8A,A50,083650,Miranda; Gregory Joseph,17,1,56,39
1656712487514,CSE 11,A01,083080,Cao; Yingjun,3,16,40,37
1656712493542,CSE 12,A01,083652,Krause-Levy; Sophia Louisa,19,1,120,101
1656712499570,CSE 15L,A01,083654,Morris; Justin Loren,8,0,50,42
1656712499570,CSE 15L,A02,083655,Morris; Justin Loren,8,0,50,42
1656712505603,CSE 20,A01,083657,Tran; Khoa Dang,36,0,80,44
1656712511629,CSE 21,A01,095574,Bach; Quang Tran,21,0,48,27
1656712517664,CSE 30,A01,083084,Eldon; John,5,0,80,75
1656712517664,CSE 30,B01,095061,Bhaskar; Nishant,3,0,50,47
1656712523691,CSE 100,A01,083659,Cao; Yingjun,1,6,70,69
1656712529719,CSE 134B,A01,083661,Powell; Thomas Allan,17,0,100,83
1656712535741,CSE 140,A01,083663,Gungor; Onat,14,0,85,71
1656712541780,CSE 140L,A01,083088,Eldon; John,16,0,100,84
1656712547804,CSE 175,A01,083665,Kumar; Rakesh,3,0,25,22
1656712553902,CSE 190,A00,092507,Dubnov; Shlomo,5,0,20,15
1656712559938,ECE 45,A01,083139,Congero; Spencer William,5,0,75,70
1656712565992,ECE 65,A50,083695,Saad; Andrew S,12,0,30,18
1656712565992,ECE 65,A51,095125,Saad; Andrew S,25,0,26,1
1656712572015,ECE 109,A01,091882,Touri; Behrouz,13,0,70,57
1656712578054,ECE 180,A00,083140,Abi Samra; Nicholas Camill,1,0,30,29
1656712578054,ECE 180,B00,083141,Abi Samra; Nicholas Camill,0,0,30,30
1656712584081,MATH 10A,A01,083735,Patchell; Gregory David,0,0,30,30
1656712584081,MATH 10A,A02,083736,Patchell; Gregory David,20,0,30,10
1656712584081,MATH 10A,A03,083737,Patchell; Gregory David,16,0,30,14
1656712590105,MATH 10B,A01,083207,Lim; Seonhee,7,0,34,27
1656712590105,MATH 10B,A02,083208,Lim; Seonhee,9,0,35,26
1656712590105,MATH 10B,A03,093472,Lim; Seonhee,3,0,34,31
1656712590105,MATH 10B,B01,083739,Sinha; Shubham,9,0,30,21
1656712596134,MATH 18,A01,083743,Cinel; Cameron Alexander,6,0,30,24
1656712596134,MATH 18,A02,083744,Cinel; Cameron Alexander,14,0,30,16
1656712596134,MATH 18,A03,083745,Cinel; Cameron Alexander,8,0,30,22
1656712596134,MATH 18,B01,083748,Rideout; David Porter,2,0,37,35
1656712596134,MATH 18,B02,083749,Rideout; David Porter,2,0,36,34
1656712596134,MATH 18,B03,083750,Rideout; David Porter,1,0,37,36
1656712596134,MATH 18,B04,083751,Rideout; David Porter,4,0,36,32
1656712596134,MATH 18,B05,093473,Rideout; David Porter,4,0,36,32
1656712596134,MATH 18,B06,093474,Rideout; David Porter,4,0,36,32
1656712602158,MATH 20A,A01,083754,Zheng; Zequn,12,0,40,28
1656712608180,MATH 20B,A01,083756,Briones; Jor-el Thomas Caparas,1,1,36,35
1656712608180,MATH 20B,A02,083757,Briones; Jor-el Thomas Caparas,0,0,36,36
1656712608180,MATH 20B,A03,093475,Briones; Jor-el Thomas Caparas,1,0,36,35
1656712614214,MATH 20C,A01,083760,Briones; Jor-el Thomas Caparas,0,0,35,35
1656712614214,MATH 20C,A02,083761,Briones; Jor-el Thomas Caparas,8,0,35,27
1656712614214,MATH 20C,A03,093476,Briones; Jor-el Thomas Caparas,0,1,36,36
1656712614214,MATH 20C,B01,083762,Bach; Quang Tran,0,0,30,30
1656712620238,MATH 20D,A01,083765,Tran; Brian Kha,4,0,30,26
1656712620238,MATH 20D,A02,083766,Tran; Brian Kha,4,0,30,26
1656712620238,MATH 20D,A03,083767,Tran; Brian Kha,1,0,30,29
1656712626274,MATH 20E,A01,083771,Ganguly; Soumya,4,0,32,28
1656712626274,MATH 20E,A02,083772,Ganguly; Soumya,4,0,32,28
1656712626274,MATH 20E,B01,083773,Ciotti; Benjamin,18,0,35,17
1656712626274,MATH 20E,B02,083774,Ciotti; Benjamin,18,0,35,17
1656712632303,MATH 103A,A01,083777,Greenfeld; Be'Eri,2,0,36,34
1656712632303,MATH 103A,A02,083778,Greenfeld; Be'Eri,5,0,36,31
1656712632303,MATH 103A,A03,093561,Greenfeld; Be'Eri,4,0,36,32
1656712632303,MATH 103A,B01,083779,Greenfeld; Be'Eri,6,0,36,30
1656712632303,MATH 103A,B02,083780,Greenfeld; Be'Eri,2,0,36,34
1656712632303,MATH 103A,B03,093562,Greenfeld; Be'Eri,2,0,36,34
1656712638330,MATH 105,A01,085443,Carter; Anne Toulson,13,0,35,22
1656712638330,MATH 105,A02,093477,Carter; Anne Toulson,20,0,35,15
1656712644371,MATH 109,A01,083213,Ganzberger; Geoffrey Michael,1,0,34,33
1656712644371,MATH 109,A02,083214,Ganzberger; Geoffrey Michael,1,0,34,33
1656712644371,MATH 109,A03,093478,Ganzberger; Geoffrey Michael,2,0,34,32
1656712644371,MATH 109,B01,083215,Ganzberger; Geoffrey Michael,1,0,32,31
1656712644371,MATH 109,B02,083216,Ganzberger; Geoffrey Michael,2,0,32,30
1656712644371,MATH 109,B03,093479,Ganzberger; Geoffrey Michael,7,0,32,25
1656712650400,MATH 142A,A01,083219,Chow; Bennett,5,0,32,27
1656712650400,MATH 142A,A02,083220,Chow; Bennett,9,0,32,23
1656712650400,MATH 142A,A03,093480,Chow; Bennett,6,0,32,26
1656712650400,MATH 142A,B03,093481,Chow; Bennett,5,0,32,27
1656712650400,MATH 142A,B04,093558,Chow; Bennett,10,0,32,22
1656712650400,MATH 142A,B05,093559,Chow; Bennett,4,0,32,28
1656712656435,MATH 193A,A01,083224,Rotar; Vladimir,4,0,34,30
1656712656435,MATH 193A,A02,083225,Rotar; Vladimir,2,0,34,32
1656712656435,MATH 193A,A03,083781,Rotar; Vladimir,1,0,34,33
1656712656435,MATH 193A,A04,083782,Rotar; Vladimir,4,0,34,30
1656712656435,MATH 193A,A05,093482,Rotar; Vladimir,5,0,34,29
1656712662476,MATH 197,001,091859,McAuley; Julian John,9999,0,9999,0
1656712662476,MATH 197,002,095566,Kedlaya; Kiran S.,9997,0,9999,2
1656712662476,MATH 197,003,095567,Xiao; Ming,9999,0,9999,0
1656712662476,MATH 197,004,095571,Perols; Johan Lars,9998,0,9999,1
1656712669533,COGS 9,A01,083615,Shannon; Kyle Michael,6,0,75,69
1656712675562,COGS 11,A01,083617,Boyle; Mary E. T.,17,0,48,31
1656712681605,COGS 13,A01,083071,Bastos; Amalia Pinkusfeld,6,0,71,65
1656712687632,COGS 14A,A01,092681,Semenuks; Arturs,0,1,100,102
1656712693658,COGS 14B,A01,083073,Cheng; Tzu-Han,4,0,63,59
1656712699704,COGS 17,A01,092677,Semenuks; Arturs,4,0,81,77
1656712705728,COGS 100,A01,083619,Allen; Michael Gordon,13,0,70,57
1656712711755,COGS 101A,A01,083621,Davis; Joshua Daniel,9,0,68,59
1656712717780,COGS 101B,A01,091572,Allen; Michael Gordon,3,0,65,62
1656712723806,COGS 101C,A01,083625,Delgado; Tania,17,0,35,18
1656712729828,COGS 107A,A01,083627,Boyle; Mary E. T.,12,0,60,48
1656712735859,COGS 118A,A01,083075,Gupta; Anjum,13,0,76,63
1656712741890,CSE 3,A50,083646,Miranda; Gregory Joseph,22,0,50,28
1656712747917,CSE 8A,A50,083650,Miranda; Gregory Joseph,17,1,56,39
1656712753941,CSE 11,A01,083080,Cao; Yingjun,3,16,40,37
1656712759963,CSE 12,A01,083652,Krause-Levy; Sophia Louisa,19,1,120,101
1656712765990,CSE 15L,A01,083654,Morris; Justin Loren,8,0,50,42
1656712765990,CSE 15L,A02,083655,Morris; Justin Loren,8,0,50,42
1656712772014,CSE 20,A01,083657,Tran; Khoa Dang,36,0,80,44
1656712778038,CSE 21,A01,095574,Bach; Quang Tran,21,0,48,27
1656712784069,CSE 30,A01,083084,Eldon; John,5,0,80,75
1656712784069,CSE 30,B01,095061,Bhaskar; Nishant,3,0,50,47
1656712790095,CSE 100,A01,083659,Cao; Yingjun,1,6,70,69
1656712796118,CSE 134B,A01,083661,Powell; Thomas Allan,17,0,100,83
1656712802155,CSE 140,A01,083663,Gungor; Onat,14,0,85,71
1656712808179,CSE 140L,A01,083088,Eldon; John,16,0,100,84
1656712814211,CSE 175,A01,083665,Kumar; Rakesh,3,0,25,22
1656712820234,CSE 190,A00,092507,Dubnov; Shlomo,5,0,20,15
1656712826263,ECE 45,A01,083139,Congero; Spencer William,5,0,75,70
1656712832302,ECE 65,A50,083695,Saad; Andrew S,12,0,30,18
1656712832302,ECE 65,A51,095125,Saad; Andrew S,25,0,26,1
1656712838335,ECE 109,A01,091882,Touri; Behrouz,13,0,70,57
1656712844358,ECE 180,A00,083140,Abi Samra; Nicholas Camill,1,0,30,29
1656712844358,ECE 180,B00,083141,Abi Samra; Nicholas Camill,0,0,30,30
1656712850388,MATH 10A,A01,083735,Patchell; Gregory David,0,0,30,30
1656712850388,MATH 10A,A02,083736,Patchell; Gregory David,20,0,30,10
1656712850388,MATH 10A,A03,083737,Patchell; Gregory David,16,0,30,14
1656712856420,MATH 10B,A01,083207,Lim; Seonhee,7,0,34,27
1656712856420,MATH 10B,A02,083208,Lim; Seonhee,9,0,35,26
1656712856420,MATH 10B,A03,093472,Lim; Seonhee,3,0,34,31
1656712856420,MATH 10B,B01,083739,Sinha; Shubham,9,0,30,21
1656712862454,MATH 18,A01,083743,Cinel; Cameron Alexander,6,0,30,24
1656712862454,MATH 18,A02,083744,Cinel; Cameron Alexander,14,0,30,16
1656712862454,MATH 18,A03,083745,Cinel; Cameron Alexander,8,0,30,22
1656712862454,MATH 18,B01,083748,Rideout; David Porter,2,0,37,35
1656712862454,MATH 18,B02,083749,Rideout; David Porter,2,0,36,34
1656712862454,MATH 18,B03,083750,Rideout; David Porter,1,0,37,36
1656712862454,MATH 18,B04,083751,Rideout; David Porter,4,0,36,32
1656712862454,MATH 18,B05,093473,Rideout; David Porter,4,0,36,32
1656712862454,MATH 18,B06,093474,Rideout; David Porter,4,0,36,32
1656712868479,MATH 20A,A01,083754,Zheng; Zequn,12,0,40,28
1656712874503,MATH 20B,A01,083756,Briones; Jor-el Thomas Caparas,1,1,36,35
1656712874503,MATH 20B,A02,083757,Briones; Jor-el Thomas Caparas,0,0,36,36
1656712874503,MATH 20B,A03,093475,Briones; Jor-el Thomas Caparas,1,0,36,35
1656712880529,MATH 20C,A01,083760,Briones; Jor-el Thomas Caparas,0,0,35,35
1656712880529,MATH 20C,A02,083761,Briones; Jor-el Thomas Caparas,8,0,35,27
1656712880529,MATH 20C,A03,093476,Briones; Jor-el Thomas Caparas,0,1,36,36
1656712880529,MATH 20C,B01,083762,Bach; Quang Tran,0,0,30,30
1656712886556,MATH 20D,A01,083765,Tran; Brian Kha,4,0,30,26
1656712886556,MATH 20D,A02,083766,Tran; Brian Kha,4,0,30,26
1656712886556,MATH 20D,A03,083767,Tran; Brian Kha,1,0,30,29
1656712892584,MATH 20E,A01,083771,Ganguly; Soumya,4,0,32,28
1656712892584,MATH 20E,A02,083772,Ganguly; Soumya,4,0,32,28
1656712892584,MATH 20E,B01,083773,Ciotti; Benjamin,18,0,35,17
1656712892584,MATH 20E,B02,083774,Ciotti; Benjamin,18,0,35,17
1656712898607,MATH 103A,A01,083777,Greenfeld; Be'Eri,2,0,36,34
1656712898607,MATH 103A,A02,083778,Greenfeld; Be'Eri,5,0,36,31
1656712898607,MATH 103A,A03,093561,Greenfeld; Be'Eri,4,0,36,32
1656712898607,MATH 103A,B01,083779,Greenfeld; Be'Eri,6,0,36,30
1656712898607,MATH 103A,B02,083780,Greenfeld; Be'Eri,2,0,36,34
1656712898607,MATH 103A,B03,093562,Greenfeld; Be'Eri,2,0,36,34
1656712904634,MATH 105,A01,085443,Carter; Anne Toulson,13,0,35,22
1656712904634,MATH 105,A02,093477,Carter; Anne Toulson,20,0,35,15
1656712910669,MATH 109,A01,083213,Ganzberger; Geoffrey Michael,1,0,34,33
1656712910669,MATH 109,A02,083214,Ganzberger; Geoffrey Michael,1,0,34,33
1656712910669,MATH 109,A03,093478,Ganzberger; Geoffrey Michael,2,0,34,32
1656712910669,MATH 109,B01,083215,Ganzberger; Geoffrey Michael,1,0,32,31
1656712910669,MATH 109,B02,083216,Ganzberger; Geoffrey Michael,2,0,32,30
1656712910669,MATH 109,B03,093479,Ganzberger; Geoffrey Michael,7,0,32,25
1656712916700,MATH 142A,A01,083219,Chow; Bennett,5,0,32,27
1656712916700,MATH 142A,A02,083220,Chow; Bennett,9,0,32,23
1656712916700,MATH 142A,A03,093480,Chow; Bennett,6,0,32,26
1656712916700,MATH 142A,B03,093481,Chow; Bennett,5,0,32,27
1656712916700,MATH 142A,B04,093558,Chow; Bennett,10,0,32,22
1656712916700,MATH 142A,B05,093559,Chow; Bennett,4,0,32,28
1656712922729,MATH 193A,A01,083224,Rotar; Vladimir,4,0,34,30
1656712922729,MATH 193A,A02,083225,Rotar; Vladimir,2,0,34,32
1656712922729,MATH 193A,A03,083781,Rotar; Vladimir,1,0,34,33
1656712922729,MATH 193A,A04,083782,Rotar; Vladimir,4,0,34,30
1656712922729,MATH 193A,A05,093482,Rotar; Vladimir,5,0,34,29
1656712928757,MATH 197,001,091859,McAuley; Julian John,9999,0,9999,0
1656712928757,MATH 197,002,095566,Kedlaya; Kiran S.,9997,0,9999,2
1656712928757,MATH 197,003,095567,Xiao; Ming,9999,0,9999,0
1656712928757,MATH 197,004,095571,Perols; Johan Lars,9998,0,9999,1
1656712935812,COGS 9,A01,083615,Shannon; Kyle Michael,6,0,75,69
1656712941838,COGS 11,A01,083617,Boyle; Mary E. T.,17,0,48,31
1656712947865,COGS 13,A01,083071,Bastos; Amalia Pinkusfeld,6,0,71,65
1656712953888,COGS 14A,A01,092681,Semenuks; Arturs,0,1,100,102
1656712959915,COGS 14B,A01,083073,Cheng; Tzu-Han,4,0,63,59
1656712965947,COGS 17,A01,092677,Semenuks; Arturs,4,0,81,77
1656712971971,COGS 100,A01,083619,Allen; Michael Gordon,13,0,70,57
1656712977994,COGS 101A,A01,083621,Davis; Joshua Daniel,9,0,68,59
1656712984017,COGS 101B,A01,091572,Allen; Michael Gordon,3,0,65,62
1656712990040,COGS 101C,A01,083625,Delgado; Tania,17,0,35,18
1656712996067,COGS 107A,A01,083627,Boyle; Mary E. T.,12,0,60,48
1656713002091,COGS 118A,A01,083075,Gupta; Anjum,13,0,76,63
1656713008114,CSE 3,A50,083646,Miranda; Gregory Joseph,22,0,50,28
1656713014142,CSE 8A,A50,083650,Miranda; Gregory Joseph,17,1,56,39
1656713020165,CSE 11,A01,083080,Cao; Yingjun,3,16,40,37
1656713026192,CSE 12,A01,083652,Krause-Levy; Sophia Louisa,19,1,120,101
1656713032221,CSE 15L,A01,083654,Morris; Justin Loren,8,0,50,42
1656713032221,CSE 15L,A02,083655,Morris; Justin Loren,8,0,50,42
1656713038252,CSE 20,A01,083657,Tran; Khoa Dang,36,0,80,44
1656713044285,CSE 21,A01,095574,Bach; Quang Tran,21,0,48,27
1656713050311,CSE 30,A01,083084,Eldon; John,5,0,80,75
1656713050311,CSE 30,B01,095061,Bhaskar; Nishant,3,0,50,47
1656713056334,CSE 100,A01,083659,Cao; Yingjun,1,6,70,69
1656713062358,CSE 134B,A01,083661,Powell; Thomas Allan,17,0,100,83
1656713068385,CSE 140,A01,083663,Gungor; Onat,14,0,85,71
1656713074408,CSE 140L,A01,083088,Eldon; John,16,0,100,84
1656713080434,CSE 175,A01,083665,Kumar; Rakesh,3,0,25,22
1656713086460,CSE 190,A00,092507,Dubnov; Shlomo,5,0,20,15
1656713092482,ECE 45,A01,083139,Congero; Spencer William,5,0,75,70
1656713098511,ECE 65,A50,083695,Saad; Andrew S,12,0,30,18
1656713098511,ECE 65,A51,095125,Saad; Andrew S,25,0,26,1
1656713104544,ECE 109,A01,091882,Touri; Behrouz,13,0,70,57
1656713110573,ECE 180,A00,083140,Abi Samra; Nicholas Camill,1,0,30,29
1656713110573,ECE 180,B00,083141,Abi Samra; Nicholas Camill,0,0,30,30
1656713116607,MATH 10A,A01,083735,Patchell; Gregory David,0,0,30,30
1656713116607,MATH 10A,A02,083736,Patchell; Gregory David,20,0,30,10
1656713116607,MATH 10A,A03,083737,Patchell; Gregory David,16,0,30,14
1656713122639,MATH 10B,A01,083207,Lim; Seonhee,7,0,34,27
1656713122639,MATH 10B,A02,083208,Lim; Seonhee,9,0,35,26
1656713122639,MATH 10B,A03,093472,Lim; Seonhee,3,0,34,31
1656713122639,MATH 10B,B01,083739,Sinha; Shubham,9,0,30,21
1656713128663,MATH 18,A01,083743,Cinel; Cameron Alexander,6,0,30,24
1656713128663,MATH 18,A02,083744,Cinel; Cameron Alexander,14,0,30,16
1656713128663,MATH 18,A03,083745,Cinel; Cameron Alexander,8,0,30,22
1656713128663,MATH 18,B01,083748,Rideout; David Porter,2,0,37,35
1656713128663,MATH 18,B02,083749,Rideout; David Porter,2,0,36,34
1656713128663,MATH 18,B03,083750,Rideout; David Porter,1,0,37,36
1656713128663,MATH 18,B04,083751,Rideout; David Porter,4,0,36,32
1656713128663,MATH 18,B05,093473,Rideout; David Porter,4,0,36,32
1656713128663,MATH 18,B06,093474,Rideout; David Porter,4,0,36,32
1656713134695,MATH 20A,A01,083754,Zheng; Zequn,12,0,40,28
1656713140717,MATH 20B,A01,083756,Briones; Jor-el Thomas Caparas,1,1,36,35
1656713140717,MATH 20B,A02,083757,Briones; Jor-el Thomas Caparas,0,0,36,36
1656713140717,MATH 20B,A03,093475,Briones; Jor-el Thomas Caparas,1,0,36,35
1656713146755,MATH 20C,A01,083760,Briones; Jor-el Thomas Caparas,0,0,35,35
1656713146755,MATH 20C,A02,083761,Briones; Jor-el Thomas Caparas,8,0,35,27
1656713146755,MATH 20C,A03,093476,Briones; Jor-el Thomas Caparas,0,1,36,36
1656713146755,MATH 20C,B01,083762,Bach; Quang Tran,0,0,30,30
1656713152855,MATH 20D,A01,083765,Tran; Brian Kha,4,0,30,26
1656713152855,MATH 20D,A02,083766,Tran; Brian Kha,4,0,30,26
1656713152855,MATH 20D,A03,083767,Tran; Brian Kha,1,0,30,29
1656713158879,MATH 20E,A01,083771,Ganguly; Soumya,4,0,32,28
1656713158879,MATH 20E,A02,083772,Ganguly; Soumya,4,0,32,28
1656713158879,MATH 20E,B01,083773,Ciotti; Benjamin,18,0,35,17
1656713158879,MATH 20E,B02,083774,Ciotti; Benjamin,18,0,35,17
1656713164909,MATH 103A,A01,083777,Greenfeld; Be'Eri,2,0,36,34
1656713164909,MATH 103A,A02,083778,Greenfeld; Be'Eri,5,0,36,31
1656713164909,MATH 103A,A03,093561,Greenfeld; Be'Eri,4,0,36,32
1656713164909,MATH 103A,B01,083779,Greenfeld; Be'Eri,6,0,36,30
1656713164909,MATH 103A,B02,083780,Greenfeld; Be'Eri,2,0,36,34
1656713164909,MATH 103A,B03,093562,Greenfeld; Be'Eri,2,0,36,34
1656713170936,MATH 105,A01,085443,Carter; Anne Toulson,13,0,35,22
1656713170936,MATH 105,A02,093477,Carter; Anne Toulson,20,0,35,15
1656713176963,MATH 109,A01,083213,Ganzberger; Geoffrey Michael,1,0,34,33
1656713176963,MATH 109,A02,083214,Ganzberger; Geoffrey Michael,1,0,34,33
1656713176963,MATH 109,A03,093478,Ganzberger; Geoffrey Michael,2,0,34,32
1656713176963,MATH 109,B01,083215,Ganzberger; Geoffrey Michael,1,0,32,31
1656713176963,MATH 109,B02,083216,Ganzberger; Geoffrey Michael,2,0,32,30
1656713176963,MATH 109,B03,093479,Ganzberger; Geoffrey Michael,7,0,32,25
1656713182991,MATH 142A,A01,083219,Chow; Bennett,5,0,32,27
1656713182991,MATH 142A,A02,083220,Chow; Bennett,9,0,32,23
1656713182991,MATH 142A,A03,093480,Chow; Bennett,6,0,32,26
1656713182991,MATH 142A,B03,093481,Chow; Bennett,5,0,32,27
1656713182991,MATH 142A,B04,093558,Chow; Bennett,10,0,32,22
1656713182991,MATH 142A,B05,093559,Chow; Bennett,4,0,32,28
1656713189015,MATH 193A,A01,083224,Rotar; Vladimir,4,0,34,30
1656713189015,MATH 193A,A02,083225,Rotar; Vladimir,2,0,34,32
1656713189015,MATH 193A,A03,083781,Rotar; Vladimir,1,0,34,33
1656713189015,MATH 193A,A04,083782,Rotar; Vladimir,4,0,34,30
1656713189015,MATH 193A,A05,093482,Rotar; Vladimir,5,0,34,29
1656713195038,MATH 197,001,091859,McAuley; Julian John,9999,0,9999,0
1656713195038,MATH 197,002,095566,Kedlaya; Kiran S.,9997,0,9999,2
1656713195038,MATH 197,003,095567,Xiao; Ming,9999,0,9999,0
1656713195038,MATH 197,004,095571,Perols; Johan Lars,9998,0,9999,1
1656713202102,COGS 9,A01,083615,Shannon; Kyle Michael,6,0,75,69
1656713208123,COGS 11,A01,083617,Boyle; Mary E. T.,17,0,48,31
1656713214147,COGS 13,A01,083071,Bastos; Amalia Pinkusfeld,6,0,71,65
1656713220171,COGS 14A,A01,092681,Semenuks; Arturs,0,1,100,102
1656713226200,COGS 14B,A01,083073,Cheng; Tzu-Han,4,0,63,59
1656713232241,COGS 17,A01,092677,Semenuks; Arturs,4,0,81,77
1656713238271,COGS 100,A01,083619,Allen; Michael Gordon,13,0,70,57
1656713244297,COGS 101A,A01,083621,Davis; Joshua Daniel,9,0,68,59
1656713250324,COGS 101B,A01,091572,Allen; Michael Gordon,3,0,65,62
1656713256346,COGS 101C,A01,083625,Delgado; Tania,17,0,35,18
1656713262370,COGS 107A,A01,083627,Boyle; Mary E. T.,12,0,60,48
1656713268401,COGS 118A,A01,083075,Gupta; Anjum,13,0,76,63
1656713274432,CSE 3,A50,083646,Miranda; Gregory Joseph,22,0,50,28
1656713280462,CSE 8A,A50,083650,Miranda; Gregory Joseph,17,1,56,39
1656713286489,CSE 11,A01,083080,Cao; Yingjun,3,16,40,37
1656713292516,CSE 12,A01,083652,Krause-Levy; Sophia Louisa,19,1,120,101
1656713298539,CSE 15L,A01,083654,Morris; Justin Loren,8,0,50,42
1656713298539,CSE 15L,A02,083655,Morris; Justin Loren,8,0,50,42
1656713304570,CSE 20,A01,083657,Tran; Khoa Dang,36,0,80,44
1656713310597,CSE 21,A01,095574,Bach; Quang Tran,21,0,48,27
1656713316619,CSE 30,A01,083084,Eldon; John,5,0,80,75
1656713316619,CSE 30,B01,095061,Bhaskar; Nishant,3,0,50,47
1656713322657,CSE 100,A01,083659,Cao; Yingjun,1,6,70,69
1656713328680,CSE 134B,A01,083661,Powell; Thomas Allan,17,0,100,83
1656713334706,CSE 140,A01,083663,Gungor; Onat,14,0,85,71
1656713340740,CSE 140L,A01,083088,Eldon; John,16,0,100,84
1656713346765,CSE 175,A01,083665,Kumar; Rakesh,3,0,25,22
1656713352788,CSE 190,A00,092507,Dubnov; Shlomo,5,0,20,15
1656713358814,ECE 45,A01,083139,Congero; Spencer William,5,0,75,70
1656713364837,ECE 65,A50,083695,Saad; Andrew S,12,0,30,18
1656713364837,ECE 65,A51,095125,Saad; Andrew S,25,0,26,1
1656713370888,ECE 109,A01,091882,Touri; Behrouz,13,0,70,57
1656713376911,ECE 180,A00,083140,Abi Samra; Nicholas Camill,1,0,30,29
1656713376911,ECE 180,B00,083141,Abi Samra; Nicholas Camill,0,0,30,30
1656713382938,MATH 10A,A01,083735,Patchell; Gregory David,0,0,30,30
1656713382938,MATH 10A,A02,083736,Patchell; Gregory David,20,0,30,10
1656713382938,MATH 10A,A03,083737,Patchell; Gregory David,16,0,30,14
1656713388978,MATH 10B,A01,083207,Lim; Seonhee,7,0,34,27
1656713388978,MATH 10B,A02,083208,Lim; Seonhee,9,0,35,26
1656713388978,MATH 10B,A03,093472,Lim; Seonhee,3,0,34,31
1656713388978,MATH 10B,B01,083739,Sinha; Shubham,9,0,30,21
1656713395010,MATH 18,A01,083743,Cinel; Cameron Alexander,6,0,30,24
1656713395010,MATH 18,A02,083744,Cinel; Cameron Alexander,14,0,30,16
1656713395010,MATH 18,A03,083745,Cinel; Cameron Alexander,8,0,30,22
1656713395010,MATH 18,B01,083748,Rideout; David Porter,2,0,37,35
1656713395010,MATH 18,B02,083749,Rideout; David Porter,2,0,36,34
1656713395010,MATH 18,B03,083750,Rideout; David Porter,1,0,37,36
1656713395010,MATH 18,B04,083751,Rideout; David Porter,4,0,36,32
1656713395010,MATH 18,B05,093473,Rideout; David Porter,4,0,36,32
1656713395010,MATH 18,B06,093474,Rideout; David Porter,4,0,36,32
1656713401033,MATH 20A,A01,083754,Zheng; Zequn,12,0,40,28
1656713407071,MATH 20B,A01,083756,Briones; Jor-el Thomas Caparas,1,1,36,35
1656713407071,MATH 20B,A02,083757,Briones; Jor-el Thomas Caparas,0,0,36,36
1656713407071,MATH 20B,A03,093475,Briones; Jor-el Thomas Caparas,1,0,36,35
1656713413097,MATH 20C,A01,083760,Briones; Jor-el Thomas Caparas,0,0,35,35
1656713413097,MATH 20C,A02,083761,Briones; Jor-el Thomas Caparas,8,0,35,27
1656713413097,MATH 20C,A03,093476,Briones; Jor-el Thomas Caparas,0,1,36,36
1656713413097,MATH 20C,B01,083762,Bach; Quang Tran,0,0,30,30
1656713419122,MATH 20D,A01,083765,Tran; Brian Kha,4,0,30,26
1656713419122,MATH 20D,A02,083766,Tran; Brian Kha,4,0,30,26
1656713419122,MATH 20D,A03,083767,Tran; Brian Kha,1,0,30,29
1656713425146,MATH 20E,A01,083771,Ganguly; Soumya,4,0,32,28
1656713425146,MATH 20E,A02,083772,Ganguly; Soumya,4,0,32,28
1656713425146,MATH 20E,B01,083773,Ciotti; Benjamin,18,0,35,17
1656713425146,MATH 20E,B02,083774,Ciotti; Benjamin,18,0,35,17
1656713431169,MATH 103A,A01,083777,Greenfeld; Be'Eri,2,0,36,34
1656713431169,MATH 103A,A02,083778,Greenfeld; Be'Eri,5,0,36,31
1656713431169,MATH 103A,A03,093561,Greenfeld; Be'Eri,4,0,36,32
1656713431169,MATH 103A,B01,083779,Greenfeld; Be'Eri,6,0,36,30
1656713431169,MATH 103A,B02,083780,Greenfeld; Be'Eri,2,0,36,34
1656713431169,MATH 103A,B03,093562,Greenfeld; Be'Eri,2,0,36,34
1656713437196,MATH 105,A01,085443,Carter; Anne Toulson,13,0,35,22
1656713437196,MATH 105,A02,093477,Carter; Anne Toulson,20,0,35,15
1656713443221,MATH 109,A01,083213,Ganzberger; Geoffrey Michael,1,0,34,33
1656713443221,MATH 109,A02,083214,Ganzberger; Geoffrey Michael,1,0,34,33
1656713443221,MATH 109,A03,093478,Ganzberger; Geoffrey Michael,2,0,34,32
1656713443221,MATH 109,B01,083215,Ganzberger; Geoffrey Michael,1,0,32,31
1656713443221,MATH 109,B02,083216,Ganzberger; Geoffrey Michael,2,0,32,30
1656713443221,MATH 109,B03,093479,Ganzberger; Geoffrey Michael,7,0,32,25
1656713449251,MATH 142A,A01,083219,Chow; Bennett,5,0,32,27
1656713449251,MATH 142A,A02,083220,Chow; Bennett,9,0,32,23
1656713449251,MATH 142A,A03,093480,Chow; Bennett,6,0,32,26
1656713449251,MATH 142A,B03,093481,Chow; Bennett,5,0,32,27
1656713449251,MATH 142A,B04,093558,Chow; Bennett,10,0,32,22
1656713449251,MATH 142A,B05,093559,Chow; Bennett,4,0,32,28
1656713455274,MATH 193A,A01,083224,Rotar; Vladimir,4,0,34,30
1656713455274,MATH 193A,A02,083225,Rotar; Vladimir,2,0,34,32
1656713455274,MATH 193A,A03,083781,Rotar; Vladimir,1,0,34,33
1656713455274,MATH 193A,A04,083782,Rotar; Vladimir,4,0,34,30
1656713455274,MATH 193A,A05,093482,Rotar; Vladimir,5,0,34,29
1656713461299,MATH 197,001,091859,McAuley; Julian John,9999,0,9999,0
1656713461299,MATH 197,002,095566,Kedlaya; Kiran S.,9997,0,9999,2
1656713461299,MATH 197,003,095567,Xiao; Ming,9999,0,9999,0
1656713461299,MATH 197,004,095571,Perols; Johan Lars,9998,0,9999,1
1656713468380,COGS 9,A01,083615,Shannon; Kyle Michael,6,0,75,69
1656713474409,COGS 11,A01,083617,Boyle; Mary E. T.,16,0,48,32
1656713480433,COGS 13,A01,083071,Bastos; Amalia Pinkusfeld,6,0,71,65
1656713486463,COGS 14A,A01,092681,Semenuks; Arturs,0,1,100,102
1656713492497,COGS 14B,A01,083073,Cheng; Tzu-Han,4,0,63,59
1656713498543,COGS 17,A01,092677,Semenuks; Arturs,4,0,81,77
1656713504571,COGS 100,A01,083619,Allen; Michael Gordon,13,0,70,57
1656713510598,COGS 101A,A01,083621,Davis; Joshua Daniel,9,0,68,59
1656713516621,COGS 101B,A01,091572,Allen; Michael Gordon,3,0,65,62
1656713522648,COGS 101C,A01,083625,Delgado; Tania,17,0,35,18
1656713528672,COGS 107A,A01,083627,Boyle; Mary E. T.,12,0,60,48
1656713534696,COGS 118A,A01,083075,Gupta; Anjum,13,0,76,63
1656713540733,CSE 3,A50,083646,Miranda; Gregory Joseph,22,0,50,28
1656713546764,CSE 8A,A50,083650,Miranda; Gregory Joseph,17,1,56,39
1656713552788,CSE 11,A01,083080,Cao; Yingjun,3,16,40,37
1656713558814,CSE 12,A01,083652,Krause-Levy; Sophia Louisa,19,1,120,101
1656713564837,CSE 15L,A01,083654,Morris; Justin Loren,8,0,50,42
1656713564837,CSE 15L,A02,083655,Morris; Justin Loren,8,0,50,42
1656713570859,CSE 20,A01,083657,Tran; Khoa Dang,36,0,80,44
1656713576885,CSE 21,A01,095574,Bach; Quang Tran,21,0,48,27
1656713582912,CSE 30,A01,083084,Eldon; John,5,0,80,75
1656713582912,CSE 30,B01,095061,Bhaskar; Nishant,3,0,50,47
1656713588940,CSE 100,A01,083659,Cao; Yingjun,1,6,70,69
1656713594975,CSE 134B,A01,083661,Powell; Thomas Allan,17,0,100,83
1656713601001,CSE 140,A01,083663,Gungor; Onat,14,0,85,71
1656713607030,CSE 140L,A01,083088,Eldon; John,16,0,100,84
1656713613064,CSE 175,A01,083665,Kumar; Rakesh,3,0,25,22
1656713619087,CSE 190,A00,092507,Dubnov; Shlomo,5,0,20,15
1656713625113,ECE 45,A01,083139,Congero; Spencer William,5,0,75,70
1656713631136,ECE 65,A50,083695,Saad; Andrew S,12,0,30,18
1656713631136,ECE 65,A51,095125,Saad; Andrew S,25,0,26,1
1656713637161,ECE 109,A01,091882,Touri; Behrouz,13,0,70,57
1656713643184,ECE 180,A00,083140,Abi Samra; Nicholas Camill,1,0,30,29
1656713643184,ECE 180,B00,083141,Abi Samra; Nicholas Camill,0,0,30,30
1656713649207,MATH 10A,A01,083735,Patchell; Gregory David,0,0,30,30
1656713649207,MATH 10A,A02,083736,Patchell; Gregory David,20,0,30,10
1656713649207,MATH 10A,A03,083737,Patchell; Gregory David,16,0,30,14
1656713655231,MATH 10B,A01,083207,Lim; Seonhee,7,0,34,27
1656713655231,MATH 10B,A02,083208,Lim; Seonhee,9,0,35,26
1656713655231,MATH 10B,A03,093472,Lim; Seonhee,3,0,34,31
1656713655231,MATH 10B,B01,083739,Sinha; Shubham,9,0,30,21
1656713661263,MATH 18,A01,083743,Cinel; Cameron Alexander,5,0,30,25
1656713661263,MATH 18,A02,083744,Cinel; Cameron Alexander,14,0,30,16
1656713661263,MATH 18,A03,083745,Cinel; Cameron Alexander,8,0,30,22
1656713661263,MATH 18,B01,083748,Rideout; David Porter,2,0,37,35
1656713661263,MATH 18,B02,083749,Rideout; David Porter,2,0,36,34
1656713661263,MATH 18,B03,083750,Rideout; David Porter,1,0,37,36
1656713661263,MATH 18,B04,083751,Rideout; David Porter,4,0,36,32
1656713661263,MATH 18,B05,093473,Rideout; David Porter,4,0,36,32
1656713661263,MATH 18,B06,093474,Rideout; David Porter,4,0,36,32
1656713667286,MATH 20A,A01,083754,Zheng; Zequn,12,0,40,28
1656713673313,MATH 20B,A01,083756,Briones; Jor-el Thomas Caparas,1,1,36,35
1656713673313,MATH 20B,A02,083757,Briones; Jor-el Thomas Caparas,0,0,36,36
1656713673313,MATH 20B,A03,093475,Briones; Jor-el Thomas Caparas,1,0,36,35
1656713679341,MATH 20C,A01,083760,Briones; Jor-el Thomas Caparas,0,0,35,35
1656713679341,MATH 20C,A02,083761,Briones; Jor-el Thomas Caparas,8,0,35,27
1656713679341,MATH 20C,A03,093476,Briones; Jor-el Thomas Caparas,0,1,36,36
1656713679341,MATH 20C,B01,083762,Bach; Quang Tran,0,0,30,30
1656713685366,MATH 20D,A01,083765,Tran; Brian Kha,4,0,30,26
1656713685366,MATH 20D,A02,083766,Tran; Brian Kha,4,0,30,26
1656713685366,MATH 20D,A03,083767,Tran; Brian Kha,1,0,30,29
1656713691400,MATH 20E,A01,083771,Ganguly; Soumya,4,0,32,28
1656713691400,MATH 20E,A02,083772,Ganguly; Soumya,4,0,32,28
1656713691400,MATH 20E,B01,083773,Ciotti; Benjamin,18,0,35,17
1656713691400,MATH 20E,B02,083774,Ciotti; Benjamin,18,0,35,17
1656713697429,MATH 103A,A01,083777,Greenfeld; Be'Eri,2,0,36,34
1656713697429,MATH 103A,A02,083778,Greenfeld; Be'Eri,5,0,36,31
1656713697429,MATH 103A,A03,093561,Greenfeld; Be'Eri,4,0,36,32
1656713697429,MATH 103A,B01,083779,Greenfeld; Be'Eri,6,0,36,30
1656713697429,MATH 103A,B02,083780,Greenfeld; Be'Eri,2,0,36,34
1656713697429,MATH 103A,B03,093562,Greenfeld; Be'Eri,2,0,36,34
1656713703453,MATH 105,A01,085443,Carter; Anne Toulson,13,0,35,22
1656713703453,MATH 105,A02,093477,Carter; Anne Toulson,20,0,35,15
1656713709478,MATH 109,A01,083213,Ganzberger; Geoffrey Michael,1,0,34,33
1656713709478,MATH 109,A02,083214,Ganzberger; Geoffrey Michael,1,0,34,33
1656713709478,MATH 109,A03,093478,Ganzberger; Geoffrey Michael,2,0,34,32
1656713709478,MATH 109,B01,083215,Ganzberger; Geoffrey Michael,1,0,32,31
1656713709478,MATH 109,B02,083216,Ganzberger; Geoffrey Michael,2,0,32,30
1656713709478,MATH 109,B03,093479,Ganzberger; Geoffrey Michael,7,0,32,25
1656713715509,MATH 142A,A01,083219,Chow; Bennett,5,0,32,27
1656713715509,MATH 142A,A02,083220,Chow; Bennett,9,0,32,23
1656713715509,MATH 142A,A03,093480,Chow; Bennett,6,0,32,26
1656713715509,MATH 142A,B03,093481,Chow; Bennett,5,0,32,27
1656713715509,MATH 142A,B04,093558,Chow; Bennett,10,0,32,22
1656713715509,MATH 142A,B05,093559,Chow; Bennett,4,0,32,28
1656713721533,MATH 193A,A01,083224,Rotar; Vladimir,4,0,34,30
1656713721533,MATH 193A,A02,083225,Rotar; Vladimir,2,0,34,32
1656713721533,MATH 193A,A03,083781,Rotar; Vladimir,1,0,34,33
1656713721533,MATH 193A,A04,083782,Rotar; Vladimir,4,0,34,30
1656713721533,MATH 193A,A05,093482,Rotar; Vladimir,5,0,34,29
1656713727561,MATH 197,001,091859,McAuley; Julian John,9999,0,9999,0
1656713727561,MATH 197,002,095566,Kedlaya; Kiran S.,9997,0,9999,2
1656713727561,MATH 197,003,095567,Xiao; Ming,9999,0,9999,0
1656713727561,MATH 197,004,095571,Perols; Johan Lars,9998,0,9999,1
1656713734629,COGS 9,A01,083615,Shannon; Kyle Michael,6,0,75,69
1656713740655,COGS 11,A01,083617,Boyle; Mary E. T.,16,0,48,32
1656713746774,COGS 13,A01,083071,Bastos; Amalia Pinkusfeld,6,0,71,65
1656713752800,COGS 14A,A01,092681,Semenuks; Arturs,0,1,100,102
1656713758823,COGS 14B,A01,083073,Cheng; Tzu-Han,4,0,63,59
1656713764845,COGS 17,A01,092677,Semenuks; Arturs,4,0,81,77
1656713770872,COGS 100,A01,083619,Allen; Michael Gordon,13,0,70,57
1656713776902,COGS 101A,A01,083621,Davis; Joshua Daniel,9,0,68,59
1656713782926,COGS 101B,A01,091572,Allen; Michael Gordon,3,0,65,62
1656713788956,COGS 101C,A01,083625,Delgado; Tania,17,0,35,18
1656713794979,COGS 107A,A01,083627,Boyle; Mary E. T.,12,0,60,48
1656713801005,COGS 118A,A01,083075,Gupta; Anjum,13,0,76,63
1656713807038,CSE 3,A50,083646,Miranda; Gregory Joseph,22,0,50,28
1656713813062,CSE 8A,A50,083650,Miranda; Gregory Joseph,17,1,56,39
1656713819102,CSE 11,A01,083080,Cao; Yingjun,3,16,40,37
1656713825126,CSE 12,A01,083652,Krause-Levy; Sophia Louisa,19,1,120,101
1656713831153,CSE 15L,A01,083654,Morris; Justin Loren,8,0,50,42
1656713831153,CSE 15L,A02,083655,Morris; Justin Loren,8,0,50,42
1656713837186,CSE 20,A01,083657,Tran; Khoa Dang,36,0,80,44
1656713843211,CSE 21,A01,095574,Bach; Quang Tran,21,0,48,27
1656713849237,CSE 30,A01,083084,Eldon; John,5,0,80,75
1656713849237,CSE 30,B01,095061,Bhaskar; Nishant,3,0,50,47
1656713855264,CSE 100,A01,083659,Cao; Yingjun,1,6,70,69
1656713861287,CSE 134B,A01,083661,Powell; Thomas Allan,17,0,100,83
1656713867311,CSE 140,A01,083663,Gungor; Onat,14,0,85,71
1656713873338,CSE 140L,A01,083088,Eldon; John,16,0,100,84
1656713879362,CSE 175,A01,083665,Kumar; Rakesh,3,0,25,22
1656713885385,CSE 190,A00,092507,Dubnov; Shlomo,5,0,20,15
1656713891408,ECE 45,A01,083139,Congero; Spencer William,5,0,75,70
1656713897435,ECE 65,A50,083695,Saad; Andrew S,12,0,30,18
1656713897435,ECE 65,A51,095125,Saad; Andrew S,25,0,26,1
1656713903461,ECE 109,A01,091882,Touri; Behrouz,13,0,70,57
1656713909485,ECE 180,A00,083140,Abi Samra; Nicholas Camill,1,0,30,29
1656713909485,ECE 180,B00,083141,Abi Samra; Nicholas Camill,0,0,30,30
1656713915515,MATH 10A,A01,083735,Patchell; Gregory David,0,0,30,30
1656713915515,MATH 10A,A02,083736,Patchell; Gregory David,20,0,30,10
1656713915515,MATH 10A,A03,083737,Patchell; Gregory David,16,0,30,14
1656713921538,MATH 10B,A01,083207,Lim; Seonhee,7,0,34,27
1656713921538,MATH 10B,A02,083208,Lim; Seonhee,9,0,35,26
1656713921538,MATH 10B,A03,093472,Lim; Seonhee,3,0,34,31
1656713921538,MATH 10B,B01,083739,Sinha; Shubham,9,0,30,21
1656713927574,MATH 18,A01,083743,Cinel; Cameron Alexander,5,0,30,25
1656713927574,MATH 18,A02,083744,Cinel; Cameron Alexander,14,0,30,16
1656713927574,MATH 18,A03,083745,Cinel; Cameron Alexander,8,0,30,22
1656713927574,MATH 18,B01,083748,Rideout; David Porter,2,0,37,35
1656713927574,MATH 18,B02,083749,Rideout; David Porter,2,0,36,34
1656713927574,MATH 18,B03,083750,Rideout; David Porter,1,0,37,36
1656713927574,MATH 18,B04,083751,Rideout; David Porter,4,0,36,32
1656713927574,MATH 18,B05,093473,Rideout; David Porter,4,0,36,32
1656713927574,MATH 18,B06,093474,Rideout; David Porter,4,0,36,32
1656713933598,MATH 20A,A01,083754,Zheng; Zequn,12,0,40,28
1656713939621,MATH 20B,A01,083756,Briones; Jor-el Thomas Caparas,1,1,36,35
1656713939621,MATH 20B,A02,083757,Briones; Jor-el Thomas Caparas,0,0,36,36
1656713939621,MATH 20B,A03,093475,Briones; Jor-el Thomas Caparas,1,0,36,35
1656713945643,MATH 20C,A01,083760,Briones; Jor-el Thomas Caparas,0,0,35,35
1656713945643,MATH 20C,A02,083761,Briones; Jor-el Thomas Caparas,8,0,35,27
1656713945643,MATH 20C,A03,093476,Briones; Jor-el Thomas Caparas,0,1,36,36
1656713945643,MATH 20C,B01,083762,Bach; Quang Tran,0,0,30,30
1656713951667,MATH 20D,A01,083765,Tran; Brian Kha,4,0,30,26
1656713951667,MATH 20D,A02,083766,Tran; Brian Kha,4,0,30,26
1656713951667,MATH 20D,A03,083767,Tran; Brian Kha,1,0,30,29
1656713957695,MATH 20E,A01,083771,Ganguly; Soumya,4,0,32,28
1656713957695,MATH 20E,A02,083772,Ganguly; Soumya,4,0,32,28
1656713957695,MATH 20E,B01,083773,Ciotti; Benjamin,18,0,35,17
1656713957695,MATH 20E,B02,083774,Ciotti; Benjamin,18,0,35,17
1656713963718,MATH 103A,A01,083777,Greenfeld; Be'Eri,2,0,36,34
1656713963718,MATH 103A,A02,083778,Greenfeld; Be'Eri,5,0,36,31
1656713963718,MATH 103A,A03,093561,Greenfeld; Be'Eri,4,0,36,32
1656713963718,MATH 103A,B01,083779,Greenfeld; Be'Eri,6,0,36,30
1656713963718,MATH 103A,B02,083780,Greenfeld; Be'Eri,2,0,36,34
1656713963718,MATH 103A,B03,093562,Greenfeld; Be'Eri,2,0,36,34
1656713969746,MATH 105,A01,085443,Carter; Anne Toulson,13,0,35,22
1656713969746,MATH 105,A02,093477,Carter; Anne Toulson,20,0,35,15
1656713975778,MATH 109,A01,083213,Ganzberger; Geoffrey Michael,1,0,34,33
1656713975778,MATH 109,A02,083214,Ganzberger; Geoffrey Michael,1,0,34,33
1656713975778,MATH 109,A03,093478,Ganzberger; Geoffrey Michael,2,0,34,32
1656713975778,MATH 109,B01,083215,Ganzberger; Geoffrey Michael,1,0,32,31
1656713975778,MATH 109,B02,083216,Ganzberger; Geoffrey Michael,2,0,32,30
1656713975778,MATH 109,B03,093479,Ganzberger; Geoffrey Michael,7,0,32,25
1656713981807,MATH 142A,A01,083219,Chow; Bennett,5,0,32,27
1656713981807,MATH 142A,A02,083220,Chow; Bennett,9,0,32,23
1656713981807,MATH 142A,A03,093480,Chow; Bennett,6,0,32,26
1656713981807,MATH 142A,B03,093481,Chow; Bennett,5,0,32,27
1656713981807,MATH 142A,B04,093558,Chow; Bennett,10,0,32,22
1656713981807,MATH 142A,B05,093559,Chow; Bennett,4,0,32,28
1656713987834,MATH 193A,A01,083224,Rotar; Vladimir,4,0,34,30
1656713987834,MATH 193A,A02,083225,Rotar; Vladimir,2,0,34,32
1656713987834,MATH 193A,A03,083781,Rotar; Vladimir,1,0,34,33
1656713987834,MATH 193A,A04,083782,Rotar; Vladimir,4,0,34,30
1656713987834,MATH 193A,A05,093482,Rotar; Vladimir,5,0,34,29
1656713993857,MATH 197,001,091859,McAuley; Julian John,9999,0,9999,0
1656713993857,MATH 197,002,095566,Kedlaya; Kiran S.,9997,0,9999,2
1656713993857,MATH 197,003,095567,Xiao; Ming,9999,0,9999,0
1656713993857,MATH 197,004,095571,Perols; Johan Lars,9998,0,9999,1
1656714000908,COGS 9,A01,083615,Shannon; Kyle Michael,6,0,75,69
1656714006944,COGS 11,A01,083617,Boyle; Mary E. T.,16,0,48,32
1656714012971,COGS 13,A01,083071,Bastos; Amalia Pinkusfeld,6,0,71,65
1656714029021,COGS 14A,A01,092681,Semenuks; Arturs,0,1,100,102
1656714035045,COGS 14B,A01,083073,Cheng; Tzu-Han,4,0,63,59
1656714041072,COGS 17,A01,092677,Semenuks; Arturs,4,0,81,77
1656714047096,COGS 100,A01,083619,Allen; Michael Gordon,13,0,70,57
1656714053122,COGS 101A,A01,083621,Davis; Joshua Daniel,9,0,68,59
1656714059146,COGS 101B,A01,091572,Allen; Michael Gordon,3,0,65,62
1656714065168,COGS 101C,A01,083625,Delgado; Tania,17,0,35,18
1656714071195,COGS 107A,A01,083627,Boyle; Mary E. T.,12,0,60,48
1656714077229,COGS 118A,A01,083075,Gupta; Anjum,13,0,76,63
1656714083252,CSE 3,A50,083646,Miranda; Gregory Joseph,22,0,50,28
1656714089276,CSE 8A,A50,083650,Miranda; Gregory Joseph,17,1,56,39
1656714095302,CSE 11,A01,083080,Cao; Yingjun,3,16,40,37
1656714101327,CSE 12,A01,083652,Krause-Levy; Sophia Louisa,19,1,120,101
1656714107351,CSE 15L,A01,083654,Morris; Justin Loren,8,0,50,42
1656714107351,CSE 15L,A02,083655,Morris; Justin Loren,8,0,50,42
1656714113382,CSE 20,A01,083657,Tran; Khoa Dang,36,0,80,44
1656714119409,CSE 21,A01,095574,Bach; Quang Tran,21,0,48,27
1656714125431,CSE 30,A01,083084,Eldon; John,5,0,80,75
1656714125431,CSE 30,B01,095061,Bhaskar; Nishant,3,0,50,47
1656714131457,CSE 100,A01,083659,Cao; Yingjun,1,6,70,69
1656714137481,CSE 134B,A01,083661,Powell; Thomas Allan,17,0,100,83
1656714143504,CSE 140,A01,083663,Gungor; Onat,14,0,85,71
1656714149529,CSE 140L,A01,083088,Eldon; John,16,0,100,84
1656714155563,CSE 175,A01,083665,Kumar; Rakesh,3,0,25,22
1656714161590,CSE 190,A00,092507,Dubnov; Shlomo,5,0,20,15
1656714167614,ECE 45,A01,083139,Congero; Spencer William,5,0,75,70
1656714173642,ECE 65,A50,083695,Saad; Andrew S,12,0,30,18
1656714173642,ECE 65,A51,095125,Saad; Andrew S,25,0,26,1
1656714179670,ECE 109,A01,091882,Touri; Behrouz,13,0,70,57
1656714185692,ECE 180,A00,083140,Abi Samra; Nicholas Camill,1,0,30,29
1656714185692,ECE 180,B00,083141,Abi Samra; Nicholas Camill,0,0,30,30
1656714191733,MATH 10A,A01,083735,Patchell; Gregory David,0,0,30,30
1656714191733,MATH 10A,A02,083736,Patchell; Gregory David,20,0,30,10
1656714191733,MATH 10A,A03,083737,Patchell; Gregory David,16,0,30,14
1656714197767,MATH 10B,A01,083207,Lim; Seonhee,7,0,34,27
1656714197767,MATH 10B,A02,083208,Lim; Seonhee,9,0,35,26
1656714197767,MATH 10B,A03,093472,Lim; Seonhee,3,0,34,31
1656714197767,MATH 10B,B01,083739,Sinha; Shubham,9,0,30,21
1656714203792,MATH 18,A01,083743,Cinel; Cameron Alexander,5,0,30,25
1656714203792,MATH 18,A02,083744,Cinel; Cameron Alexander,14,0,30,16
1656714203792,MATH 18,A03,083745,Cinel; Cameron Alexander,8,0,30,22
1656714203792,MATH 18,B01,083748,Rideout; David Porter,2,0,37,35
1656714203792,MATH 18,B02,083749,Rideout; David Porter,2,0,36,34
1656714203792,MATH 18,B03,083750,Rideout; David Porter,1,0,37,36
1656714203792,MATH 18,B04,083751,Rideout; David Porter,4,0,36,32
1656714203792,MATH 18,B05,093473,Rideout; David Porter,4,0,36,32
1656714203792,MATH 18,B06,093474,Rideout; David Porter,4,0,36,32
1656714209819,MATH 20A,A01,083754,Zheng; Zequn,12,0,40,28
1656714215842,MATH 20B,A01,083756,Briones; Jor-el Thomas Caparas,1,1,36,35
1656714215842,MATH 20B,A02,083757,Briones; Jor-el Thomas Caparas,0,0,36,36
1656714215842,MATH 20B,A03,093475,Briones; Jor-el Thomas Caparas,1,0,36,35
1656714221872,MATH 20C,A01,083760,Briones; Jor-el Thomas Caparas,0,0,35,35
1656714221872,MATH 20C,A02,083761,Briones; Jor-el Thomas Caparas,8,0,35,27
1656714221872,MATH 20C,A03,093476,Briones; Jor-el Thomas Caparas,0,1,36,36
1656714221872,MATH 20C,B01,083762,Bach; Quang Tran,0,0,30,30
1656714227895,MATH 20D,A01,083765,Tran; Brian Kha,4,0,30,26
1656714227895,MATH 20D,A02,083766,Tran; Brian Kha,4,0,30,26
1656714227895,MATH 20D,A03,083767,Tran; Brian Kha,1,0,30,29
1656714233925,MATH 20E,A01,083771,Ganguly; Soumya,4,0,32,28
1656714233925,MATH 20E,A02,083772,Ganguly; Soumya,4,0,32,28
1656714233925,MATH 20E,B01,083773,Ciotti; Benjamin,18,0,35,17
1656714233925,MATH 20E,B02,083774,Ciotti; Benjamin,18,0,35,17
1656714239949,MATH 103A,A01,083777,Greenfeld; Be'Eri,2,0,36,34
1656714239949,MATH 103A,A02,083778,Greenfeld; Be'Eri,5,0,36,31
1656714239949,MATH 103A,A03,093561,Greenfeld; Be'Eri,4,0,36,32
1656714239949,MATH 103A,B01,083779,Greenfeld; Be'Eri,6,0,36,30
1656714239949,MATH 103A,B02,083780,Greenfeld; Be'Eri,2,0,36,34
1656714239949,MATH 103A,B03,093562,Greenfeld; Be'Eri,2,0,36,34
1656714245975,MATH 105,A01,085443,Carter; Anne Toulson,13,0,35,22
1656714245975,MATH 105,A02,093477,Carter; Anne Toulson,20,0,35,15
1656714251997,MATH 109,A01,083213,Ganzberger; Geoffrey Michael,1,0,34,33
1656714251997,MATH 109,A02,083214,Ganzberger; Geoffrey Michael,1,0,34,33
1656714251997,MATH 109,A03,093478,Ganzberger; Geoffrey Michael,2,0,34,32
1656714251997,MATH 109,B01,083215,Ganzberger; Geoffrey Michael,1,0,32,31
1656714251997,MATH 109,B02,083216,Ganzberger; Geoffrey Michael,2,0,32,30
1656714251997,MATH 109,B03,093479,Ganzberger; Geoffrey Michael,7,0,32,25
1656714258021,MATH 142A,A01,083219,Chow; Bennett,5,0,32,27
1656714258021,MATH 142A,A02,083220,Chow; Bennett,9,0,32,23
1656714258021,MATH 142A,A03,093480,Chow; Bennett,6,0,32,26
1656714258021,MATH 142A,B03,093481,Chow; Bennett,5,0,32,27
1656714258021,MATH 142A,B04,093558,Chow; Bennett,10,0,32,22
1656714258021,MATH 142A,B05,093559,Chow; Bennett,4,0,32,28
1656714264046,MATH 193A,A01,083224,Rotar; Vladimir,4,0,34,30
1656714264046,MATH 193A,A02,083225,Rotar; Vladimir,2,0,34,32
1656714264046,MATH 193A,A03,083781,Rotar; Vladimir,1,0,34,33
1656714264046,MATH 193A,A04,083782,Rotar; Vladimir,4,0,34,30
1656714264046,MATH 193A,A05,093482,Rotar; Vladimir,5,0,34,29
1656714270075,MATH 197,001,091859,McAuley; Julian John,9999,0,9999,0
1656714270075,MATH 197,002,095566,Kedlaya; Kiran S.,9997,0,9999,2
1656714270075,MATH 197,003,095567,Xiao; Ming,9999,0,9999,0
1656714270075,MATH 197,004,095571,Perols; Johan Lars,9998,0,9999,1
1656714277137,COGS 9,A01,083615,Shannon; Kyle Michael,6,0,75,69
1656714283163,COGS 11,A01,083617,Boyle; Mary E. T.,16,0,48,32
1656714289198,COGS 13,A01,083071,Bastos; Amalia Pinkusfeld,6,0,71,65
1656714295224,COGS 14A,A01,092681,Semenuks; Arturs,0,1,100,102
1656714301253,COGS 14B,A01,083073,Cheng; Tzu-Han,4,0,63,59
1656714307280,COGS 17,A01,092677,Semenuks; Arturs,4,0,81,77
1656714313304,COGS 100,A01,083619,Allen; Michael Gordon,13,0,70,57
1656714319329,COGS 101A,A01,083621,Davis; Joshua Daniel,9,0,68,59
1656714325353,COGS 101B,A01,091572,Allen; Michael Gordon,4,0,65,61
1656714331380,COGS 101C,A01,083625,Delgado; Tania,17,0,35,18
1656714337424,COGS 107A,A01,083627,Boyle; Mary E. T.,12,0,60,48
1656714343449,COGS 118A,A01,083075,Gupta; Anjum,13,0,76,63
1656714349473,CSE 3,A50,083646,Miranda; Gregory Joseph,22,0,50,28
1656714355575,CSE 8A,A50,083650,Miranda; Gregory Joseph,17,1,56,39
1656714361597,CSE 11,A01,083080,Cao; Yingjun,3,16,40,37
1656714367619,CSE 12,A01,083652,Krause-Levy; Sophia Louisa,19,1,120,101
1656714373645,CSE 15L,A01,083654,Morris; Justin Loren,8,0,50,42
1656714373645,CSE 15L,A02,083655,Morris; Justin Loren,8,0,50,42
1656714379681,CSE 20,A01,083657,Tran; Khoa Dang,36,0,80,44
1656714385702,CSE 21,A01,095574,Bach; Quang Tran,21,0,48,27
1656714391737,CSE 30,A01,083084,Eldon; John,5,0,80,75
1656714391737,CSE 30,B01,095061,Bhaskar; Nishant,3,0,50,47
1656714397762,CSE 100,A01,083659,Cao; Yingjun,1,6,70,69
1656714403785,CSE 134B,A01,083661,Powell; Thomas Allan,17,0,100,83
1656714409814,CSE 140,A01,083663,Gungor; Onat,14,0,85,71
1656714415841,CSE 140L,A01,083088,Eldon; John,16,0,100,84
1656714421867,CSE 175,A01,083665,Kumar; Rakesh,3,0,25,22
1656714427889,CSE 190,A00,092507,Dubnov; Shlomo,5,0,20,15
1656714433916,ECE 45,A01,083139,Congero; Spencer William,5,0,75,70
1656714439939,ECE 65,A50,083695,Saad; Andrew S,12,0,30,18
1656714439939,ECE 65,A51,095125,Saad; Andrew S,25,0,26,1
1656714445965,ECE 109,A01,091882,Touri; Behrouz,13,0,70,57
1656714451992,ECE 180,A00,083140,Abi Samra; Nicholas Camill,1,0,30,29
1656714451992,ECE 180,B00,083141,Abi Samra; Nicholas Camill,0,0,30,30
1656714458016,MATH 10A,A01,083735,Patchell; Gregory David,0,0,30,30
1656714458016,MATH 10A,A02,083736,Patchell; Gregory David,20,0,30,10
1656714458016,MATH 10A,A03,083737,Patchell; Gregory David,16,0,30,14
1656714464044,MATH 10B,A01,083207,Lim; Seonhee,7,0,34,27
1656714464044,MATH 10B,A02,083208,Lim; Seonhee,9,0,35,26
1656714464044,MATH 10B,A03,093472,Lim; Seonhee,3,0,34,31
1656714464044,MATH 10B,B01,083739,Sinha; Shubham,9,0,30,21
1656714470076,MATH 18,A01,083743,Cinel; Cameron Alexander,5,0,30,25
1656714470076,MATH 18,A02,083744,Cinel; Cameron Alexander,14,0,30,16
1656714470076,MATH 18,A03,083745,Cinel; Cameron Alexander,8,0,30,22
1656714470076,MATH 18,B01,083748,Rideout; David Porter,2,0,37,35
1656714470076,MATH 18,B02,083749,Rideout; David Porter,2,0,36,34
1656714470076,MATH 18,B03,083750,Rideout; David Porter,1,0,37,36
1656714470076,MATH 18,B04,083751,Rideout; David Porter,4,0,36,32
1656714470076,MATH 18,B05,093473,Rideout; David Porter,4,0,36,32
1656714470076,MATH 18,B06,093474,Rideout; David Porter,4,0,36,32
1656714476103,MATH 20A,A01,083754,Zheng; Zequn,12,0,40,28
1656714482127,MATH 20B,A01,083756,Briones; Jor-el Thomas Caparas,1,1,36,35
1656714482127,MATH 20B,A02,083757,Briones; Jor-el Thomas Caparas,0,0,36,36
1656714482127,MATH 20B,A03,093475,Briones; Jor-el Thomas Caparas,1,0,36,35
1656714488149,MATH 20C,A01,083760,Briones; Jor-el Thomas Caparas,0,0,35,35
1656714488149,MATH 20C,A02,083761,Briones; Jor-el Thomas Caparas,8,0,35,27
1656714488149,MATH 20C,A03,093476,Briones; Jor-el Thomas Caparas,0,1,36,36
1656714488149,MATH 20C,B01,083762,Bach; Quang Tran,0,0,30,30
1656714494176,MATH 20D,A01,083765,Tran; Brian Kha,4,0,30,26
1656714494176,MATH 20D,A02,083766,Tran; Brian Kha,4,0,30,26
1656714494176,MATH 20D,A03,083767,Tran; Brian Kha,1,0,30,29
1656714500204,MATH 20E,A01,083771,Ganguly; Soumya,4,0,32,28
1656714500204,MATH 20E,A02,083772,Ganguly; Soumya,4,0,32,28
1656714500204,MATH 20E,B01,083773,Ciotti; Benjamin,18,0,35,17
1656714500204,MATH 20E,B02,083774,Ciotti; Benjamin,18,0,35,17
1656714506234,MATH 103A,A01,083777,Greenfeld; Be'Eri,2,0,36,34
1656714506234,MATH 103A,A02,083778,Greenfeld; Be'Eri,5,0,36,31
1656714506234,MATH 103A,A03,093561,Greenfeld; Be'Eri,4,0,36,32
1656714506234,MATH 103A,B01,083779,Greenfeld; Be'Eri,6,0,36,30
1656714506234,MATH 103A,B02,083780,Greenfeld; Be'Eri,2,0,36,34
1656714506234,MATH 103A,B03,093562,Greenfeld; Be'Eri,2,0,36,34
1656714512257,MATH 105,A01,085443,Carter; Anne Toulson,13,0,35,22
1656714512257,MATH 105,A02,093477,Carter; Anne Toulson,20,0,35,15
1656714518294,MATH 109,A01,083213,Ganzberger; Geoffrey Michael,1,0,34,33
1656714518294,MATH 109,A02,083214,Ganzberger; Geoffrey Michael,1,0,34,33
1656714518294,MATH 109,A03,093478,Ganzberger; Geoffrey Michael,2,0,34,32
1656714518294,MATH 109,B01,083215,Ganzberger; Geoffrey Michael,1,0,32,31
1656714518294,MATH 109,B02,083216,Ganzberger; Geoffrey Michael,2,0,32,30
1656714518294,MATH 109,B03,093479,Ganzberger; Geoffrey Michael,7,0,32,25
1656714524326,MATH 142A,A01,083219,Chow; Bennett,5,0,32,27
1656714524326,MATH 142A,A02,083220,Chow; Bennett,9,0,32,23
1656714524326,MATH 142A,A03,093480,Chow; Bennett,6,0,32,26
1656714524326,MATH 142A,B03,093481,Chow; Bennett,5,0,32,27
1656714524326,MATH 142A,B04,093558,Chow; Bennett,10,0,32,22
1656714524326,MATH 142A,B05,093559,Chow; Bennett,4,0,32,28
1656714530354,MATH 193A,A01,083224,Rotar; Vladimir,4,0,34,30
1656714530354,MATH 193A,A02,083225,Rotar; Vladimir,2,0,34,32
1656714530354,MATH 193A,A03,083781,Rotar; Vladimir,1,0,34,33
1656714530354,MATH 193A,A04,083782,Rotar; Vladimir,4,0,34,30
1656714530354,MATH 193A,A05,093482,Rotar; Vladimir,5,0,34,29
1656714536381,MATH 197,001,091859,McAuley; Julian John,9999,0,9999,0
1656714536381,MATH 197,002,095566,Kedlaya; Kiran S.,9997,0,9999,2
1656714536381,MATH 197,003,095567,Xiao; Ming,9999,0,9999,0
1656714536381,MATH 197,004,095571,Perols; Johan Lars,9998,0,9999,1
1656714543454,COGS 9,A01,083615,Shannon; Kyle Michael,6,0,75,69
1656714549478,COGS 11,A01,083617,Boyle; Mary E. T.,17,0,48,31
1656714555517,COGS 13,A01,083071,Bastos; Amalia Pinkusfeld,6,0,71,65
1656714561541,COGS 14A,A01,092681,Semenuks; Arturs,0,1,100,102
1656714567568,COGS 14B,A01,083073,Cheng; Tzu-Han,4,0,63,59
1656714573591,COGS 17,A01,092677,Semenuks; Arturs,4,0,81,77
1656714579617,COGS 100,A01,083619,Allen; Michael Gordon,13,0,70,57
1656714585644,COGS 101A,A01,083621,Davis; Joshua Daniel,9,0,68,59
1656714591670,COGS 101B,A01,091572,Allen; Michael Gordon,4,0,65,61
1656714597694,COGS 101C,A01,083625,Delgado; Tania,17,0,35,18
1656714603716,COGS 107A,A01,083627,Boyle; Mary E. T.,12,0,60,48
1656714609742,COGS 118A,A01,083075,Gupta; Anjum,13,0,76,63
1656714615767,CSE 3,A50,083646,Miranda; Gregory Joseph,22,0,50,28
1656714621795,CSE 8A,A50,083650,Miranda; Gregory Joseph,17,1,56,39
1656714627819,CSE 11,A01,083080,Cao; Yingjun,3,16,40,37
1656714633861,CSE 12,A01,083652,Krause-Levy; Sophia Louisa,19,1,120,101
1656714639888,CSE 15L,A01,083654,Morris; Justin Loren,8,0,50,42
1656714639888,CSE 15L,A02,083655,Morris; Justin Loren,8,0,50,42
1656714645914,CSE 20,A01,083657,Tran; Khoa Dang,36,0,80,44
1656714651943,CSE 21,A01,095574,Bach; Quang Tran,21,0,48,27
1656714657973,CSE 30,A01,083084,Eldon; John,5,0,80,75
1656714657973,CSE 30,B01,095061,Bhaskar; Nishant,3,0,50,47
1656714663999,CSE 100,A01,083659,Cao; Yingjun,1,6,70,69
1656714670025,CSE 134B,A01,083661,Powell; Thomas Allan,17,0,100,83
1656714676049,CSE 140,A01,083663,Gungor; Onat,14,0,85,71
1656714682075,CSE 140L,A01,083088,Eldon; John,16,0,100,84
1656714688105,CSE 175,A01,083665,Kumar; Rakesh,3,0,25,22
1656714694132,CSE 190,A00,092507,Dubnov; Shlomo,5,0,20,15
1656714700155,ECE 45,A01,083139,Congero; Spencer William,5,0,75,70
1656714706179,ECE 65,A50,083695,Saad; Andrew S,12,0,30,18
1656714706179,ECE 65,A51,095125,Saad; Andrew S,25,0,26,1
1656714712207,ECE 109,A01,091882,Touri; Behrouz,13,0,70,57
1656714718229,ECE 180,A00,083140,Abi Samra; Nicholas Camill,1,0,30,29
1656714718229,ECE 180,B00,083141,Abi Samra; Nicholas Camill,0,0,30,30
1656714724263,MATH 10A,A01,083735,Patchell; Gregory David,0,0,30,30
1656714724263,MATH 10A,A02,083736,Patchell; Gregory David,20,0,30,10
1656714724263,MATH 10A,A03,083737,Patchell; Gregory David,16,0,30,14
1656714730299,MATH 10B,A01,083207,Lim; Seonhee,7,0,34,27
1656714730299,MATH 10B,A02,083208,Lim; Seonhee,9,0,35,26
1656714730299,MATH 10B,A03,093472,Lim; Seonhee,3,0,34,31
1656714730299,MATH 10B,B01,083739,Sinha; Shubham,9,0,30,21
1656714736325,MATH 18,A01,083743,Cinel; Cameron Alexander,5,0,30,25
1656714736325,MATH 18,A02,083744,Cinel; Cameron Alexander,14,0,30,16
1656714736325,MATH 18,A03,083745,Cinel; Cameron Alexander,8,0,30,22
1656714736325,MATH 18,B01,083748,Rideout; David Porter,2,0,37,35
1656714736325,MATH 18,B02,083749,Rideout; David Porter,2,0,36,34
1656714736325,MATH 18,B03,083750,Rideout; David Porter,1,0,37,36
1656714736325,MATH 18,B04,083751,Rideout; David Porter,4,0,36,32
1656714736325,MATH 18,B05,093473,Rideout; David Porter,4,0,36,32
1656714736325,MATH 18,B06,093474,Rideout; David Porter,4,0,36,32
1656714742349,MATH 20A,A01,083754,Zheng; Zequn,12,0,40,28
1656714748376,MATH 20B,A01,083756,Briones; Jor-el Thomas Caparas,1,1,36,35
1656714748376,MATH 20B,A02,083757,Briones; Jor-el Thomas Caparas,0,0,36,36
1656714748376,MATH 20B,A03,093475,Briones; Jor-el Thomas Caparas,1,0,36,35
1656714754403,MATH 20C,A01,083760,Briones; Jor-el Thomas Caparas,0,0,35,35
1656714754403,MATH 20C,A02,083761,Briones; Jor-el Thomas Caparas,8,0,35,27
1656714754403,MATH 20C,A03,093476,Briones; Jor-el Thomas Caparas,0,1,36,36
1656714754403,MATH 20C,B01,083762,Bach; Quang Tran,0,0,30,30
1656714760432,MATH 20D,A01,083765,Tran; Brian Kha,4,0,30,26
1656714760432,MATH 20D,A02,083766,Tran; Brian Kha,4,0,30,26
1656714760432,MATH 20D,A03,083767,Tran; Brian Kha,1,0,30,29
1656714766461,MATH 20E,A01,083771,Ganguly; Soumya,4,0,32,28
1656714766461,MATH 20E,A02,083772,Ganguly; Soumya,4,0,32,28
1656714766461,MATH 20E,B01,083773,Ciotti; Benjamin,18,0,35,17
1656714766461,MATH 20E,B02,083774,Ciotti; Benjamin,18,0,35,17
1656714772490,MATH 103A,A01,083777,Greenfeld; Be'Eri,2,0,36,34
1656714772490,MATH 103A,A02,083778,Greenfeld; Be'Eri,5,0,36,31
1656714772490,MATH 103A,A03,093561,Greenfeld; Be'Eri,4,0,36,32
1656714772490,MATH 103A,B01,083779,Greenfeld; Be'Eri,6,0,36,30
1656714772490,MATH 103A,B02,083780,Greenfeld; Be'Eri,2,0,36,34
1656714772490,MATH 103A,B03,093562,Greenfeld; Be'Eri,2,0,36,34
1656714778513,MATH 105,A01,085443,Carter; Anne Toulson,13,0,35,22
1656714778513,MATH 105,A02,093477,Carter; Anne Toulson,20,0,35,15
1656714784548,MATH 109,A01,083213,Ganzberger; Geoffrey Michael,1,0,34,33
1656714784548,MATH 109,A02,083214,Ganzberger; Geoffrey Michael,1,0,34,33
1656714784548,MATH 109,A03,093478,Ganzberger; Geoffrey Michael,2,0,34,32
1656714784548,MATH 109,B01,083215,Ganzberger; Geoffrey Michael,1,0,32,31
1656714784548,MATH 109,B02,083216,Ganzberger; Geoffrey Michael,2,0,32,30
1656714784548,MATH 109,B03,093479,Ganzberger; Geoffrey Michael,7,0,32,25
1656714790578,MATH 142A,A01,083219,Chow; Bennett,5,0,32,27
1656714790578,MATH 142A,A02,083220,Chow; Bennett,9,0,32,23
1656714790578,MATH 142A,A03,093480,Chow; Bennett,6,0,32,26
1656714790578,MATH 142A,B03,093481,Chow; Bennett,5,0,32,27
1656714790578,MATH 142A,B04,093558,Chow; Bennett,10,0,32,22
1656714790578,MATH 142A,B05,093559,Chow; Bennett,4,0,32,28
1656714796611,MATH 193A,A01,083224,Rotar; Vladimir,4,0,34,30
1656714796611,MATH 193A,A02,083225,Rotar; Vladimir,2,0,34,32
1656714796611,MATH 193A,A03,083781,Rotar; Vladimir,1,0,34,33
1656714796611,MATH 193A,A04,083782,Rotar; Vladimir,4,0,34,30
1656714796611,MATH 193A,A05,093482,Rotar; Vladimir,5,0,34,29
1656714802635,MATH 197,001,091859,McAuley; Julian John,9999,0,9999,0
1656714802635,MATH 197,002,095566,Kedlaya; Kiran S.,9997,0,9999,2
1656714802635,MATH 197,003,095567,Xiao; Ming,9999,0,9999,0
1656714802635,MATH 197,004,095571,Perols; Johan Lars,9998,0,9999,1
1656714809692,COGS 9,A01,083615,Shannon; Kyle Michael,6,0,75,69
1656714815714,COGS 11,A01,083617,Boyle; Mary E. T.,17,0,48,31
1656714821741,COGS 13,A01,083071,Bastos; Amalia Pinkusfeld,6,0,71,65
1656714827778,COGS 14A,A01,092681,Semenuks; Arturs,0,1,100,102
1656714833803,COGS 14B,A01,083073,Cheng; Tzu-Han,4,0,63,59
1656714839830,COGS 17,A01,092677,Semenuks; Arturs,4,0,81,77
1656714845857,COGS 100,A01,083619,Allen; Michael Gordon,13,0,70,57
1656714851885,COGS 101A,A01,083621,Davis; Joshua Daniel,9,0,68,59
1656714857909,COGS 101B,A01,091572,Allen; Michael Gordon,4,0,65,61
1656714863933,COGS 101C,A01,083625,Delgado; Tania,17,0,35,18
1656714869957,COGS 107A,A01,083627,Boyle; Mary E. T.,12,0,60,48
1656714875984,COGS 118A,A01,083075,Gupta; Anjum,13,0,76,63
1656714882008,CSE 3,A50,083646,Miranda; Gregory Joseph,22,0,50,28
1656714888031,CSE 8A,A50,083650,Miranda; Gregory Joseph,17,1,56,39
1656714894055,CSE 11,A01,083080,Cao; Yingjun,3,16,40,37
1656714900081,CSE 12,A01,083652,Krause-Levy; Sophia Louisa,19,1,120,101
1656714906107,CSE 15L,A01,083654,Morris; Justin Loren,8,0,50,42
1656714906107,CSE 15L,A02,083655,Morris; Justin Loren,8,0,50,42
1656714912136,CSE 20,A01,083657,Tran; Khoa Dang,36,0,80,44
1656714918162,CSE 21,A01,095574,Bach; Quang Tran,21,0,48,27
1656714924199,CSE 30,A01,083084,Eldon; John,5,0,80,75
1656714924199,CSE 30,B01,095061,Bhaskar; Nishant,3,0,50,47
1656714930236,CSE 100,A01,083659,Cao; Yingjun,1,6,70,69
1656714936262,CSE 134B,A01,083661,Powell; Thomas Allan,17,0,100,83
1656714942285,CSE 140,A01,083663,Gungor; Onat,14,0,85,71
1656714948330,CSE 140L,A01,083088,Eldon; John,16,0,100,84
1656714954452,CSE 175,A01,083665,Kumar; Rakesh,3,0,25,22
1656714960475,CSE 190,A00,092507,Dubnov; Shlomo,5,0,20,15
1656714966505,ECE 45,A01,083139,Congero; Spencer William,5,0,75,70
1656714972533,ECE 65,A50,083695,Saad; Andrew S,12,0,30,18
1656714972533,ECE 65,A51,095125,Saad; Andrew S,25,0,26,1
1656714978561,ECE 109,A01,091882,Touri; Behrouz,13,0,70,57
1656714984586,ECE 180,A00,083140,Abi Samra; Nicholas Camill,1,0,30,29
1656714984586,ECE 180,B00,083141,Abi Samra; Nicholas Camill,0,0,30,30
1656714990614,MATH 10A,A01,083735,Patchell; Gregory David,0,0,30,30
1656714990614,MATH 10A,A02,083736,Patchell; Gregory David,20,0,30,10
1656714990614,MATH 10A,A03,083737,Patchell; Gregory David,16,0,30,14
1656714996649,MATH 10B,A01,083207,Lim; Seonhee,7,0,34,27
1656714996649,MATH 10B,A02,083208,Lim; Seonhee,9,0,35,26
1656714996649,MATH 10B,A03,093472,Lim; Seonhee,3,0,34,31
1656714996649,MATH 10B,B01,083739,Sinha; Shubham,9,0,30,21
1656715002687,MATH 18,A01,083743,Cinel; Cameron Alexander,5,0,30,25
1656715002687,MATH 18,A02,083744,Cinel; Cameron Alexander,14,0,30,16
1656715002687,MATH 18,A03,083745,Cinel; Cameron Alexander,8,0,30,22
1656715002687,MATH 18,B01,083748,Rideout; David Porter,2,0,37,35
1656715002687,MATH 18,B02,083749,Rideout; David Porter,2,0,36,34
1656715002687,MATH 18,B03,083750,Rideout; David Porter,1,0,37,36
1656715002687,MATH 18,B04,083751,Rideout; David Porter,4,0,36,32
1656715002687,MATH 18,B05,093473,Rideout; David Porter,4,0,36,32
1656715002687,MATH 18,B06,093474,Rideout; David Porter,4,0,36,32
1656715008709,MATH 20A,A01,083754,Zheng; Zequn,12,0,40,28
1656715014738,MATH 20B,A01,083756,Briones; Jor-el Thomas Caparas,1,1,36,35
1656715014738,MATH 20B,A02,083757,Briones; Jor-el Thomas Caparas,0,0,36,36
1656715014738,MATH 20B,A03,093475,Briones; Jor-el Thomas Caparas,1,0,36,35
1656715020763,MATH 20C,A01,083760,Briones; Jor-el Thomas Caparas,0,0,35,35
1656715020763,MATH 20C,A02,083761,Briones; Jor-el Thomas Caparas,8,0,35,27
1656715020763,MATH 20C,A03,093476,Briones; Jor-el Thomas Caparas,0,1,36,36
1656715020763,MATH 20C,B01,083762,Bach; Quang Tran,0,0,30,30
1656715026791,MATH 20D,A01,083765,Tran; Brian Kha,4,0,30,26
1656715026791,MATH 20D,A02,083766,Tran; Brian Kha,4,0,30,26
1656715026791,MATH 20D,A03,083767,Tran; Brian Kha,1,0,30,29
1656715032816,MATH 20E,A01,083771,Ganguly; Soumya,4,0,32,28
1656715032816,MATH 20E,A02,083772,Ganguly; Soumya,4,0,32,28
1656715032816,MATH 20E,B01,083773,Ciotti; Benjamin,18,0,35,17
1656715032816,MATH 20E,B02,083774,Ciotti; Benjamin,18,0,35,17
1656715038841,MATH 103A,A01,083777,Greenfeld; Be'Eri,2,0,36,34
1656715038841,MATH 103A,A02,083778,Greenfeld; Be'Eri,5,0,36,31
1656715038841,MATH 103A,A03,093561,Greenfeld; Be'Eri,4,0,36,32
1656715038841,MATH 103A,B01,083779,Greenfeld; Be'Eri,6,0,36,30
1656715038841,MATH 103A,B02,083780,Greenfeld; Be'Eri,2,0,36,34
1656715038841,MATH 103A,B03,093562,Greenfeld; Be'Eri,2,0,36,34
1656715044865,MATH 105,A01,085443,Carter; Anne Toulson,13,0,35,22
1656715044865,MATH 105,A02,093477,Carter; Anne Toulson,20,0,35,15
1656715050902,MATH 109,A01,083213,Ganzberger; Geoffrey Michael,1,0,34,33
1656715050902,MATH 109,A02,083214,Ganzberger; Geoffrey Michael,1,0,34,33
1656715050902,MATH 109,A03,093478,Ganzberger; Geoffrey Michael,2,0,34,32
1656715050902,MATH 109,B01,083215,Ganzberger; Geoffrey Michael,1,0,32,31
1656715050902,MATH 109,B02,083216,Ganzberger; Geoffrey Michael,2,0,32,30
1656715050902,MATH 109,B03,093479,Ganzberger; Geoffrey Michael,7,0,32,25
1656715056930,MATH 142A,A01,083219,Chow; Bennett,5,0,32,27
1656715056930,MATH 142A,A02,083220,Chow; Bennett,9,0,32,23
1656715056930,MATH 142A,A03,093480,Chow; Bennett,6,0,32,26
1656715056930,MATH 142A,B03,093481,Chow; Bennett,5,0,32,27
1656715056930,MATH 142A,B04,093558,Chow; Bennett,10,0,32,22
1656715056930,MATH 142A,B05,093559,Chow; Bennett,4,0,32,28
1656715062955,MATH 193A,A01,083224,Rotar; Vladimir,4,0,34,30
1656715062955,MATH 193A,A02,083225,Rotar; Vladimir,2,0,34,32
1656715062955,MATH 193A,A03,083781,Rotar; Vladimir,1,0,34,33
1656715062955,MATH 193A,A04,083782,Rotar; Vladimir,4,0,34,30
1656715062955,MATH 193A,A05,093482,Rotar; Vladimir,5,0,34,29
1656715068979,MATH 197,001,091859,McAuley; Julian John,9999,0,9999,0
1656715068979,MATH 197,002,095566,Kedlaya; Kiran S.,9997,0,9999,2
1656715068979,MATH 197,003,095567,Xiao; Ming,9999,0,9999,0
1656715068979,MATH 197,004,095571,Perols; Johan Lars,9998,0,9999,1
1656715076034,COGS 9,A01,083615,Shannon; Kyle Michael,6,0,75,69
1656715082057,COGS 11,A01,083617,Boyle; Mary E. T.,17,0,48,31
1656715088083,COGS 13,A01,083071,Bastos; Amalia Pinkusfeld,6,0,71,65
1656715094112,COGS 14A,A01,092681,Semenuks; Arturs,0,1,100,102
1656715100142,COGS 14B,A01,083073,Cheng; Tzu-Han,4,0,63,59
1656715106166,COGS 17,A01,092677,Semenuks; Arturs,4,0,81,77
1656715112189,COGS 100,A01,083619,Allen; Michael Gordon,13,0,70,57
1656715118218,COGS 101A,A01,083621,Davis; Joshua Daniel,9,0,68,59
1656715124248,COGS 101B,A01,091572,Allen; Michael Gordon,4,0,65,61
1656715130284,COGS 101C,A01,083625,Delgado; Tania,17,0,35,18
1656715136324,COGS 107A,A01,083627,Boyle; Mary E. T.,12,0,60,48
1656715142348,COGS 118A,A01,083075,Gupta; Anjum,13,0,76,63
1656715148370,CSE 3,A50,083646,Miranda; Gregory Joseph,22,0,50,28
1656715154418,CSE 8A,A50,083650,Miranda; Gregory Joseph,17,1,56,39
1656715160450,CSE 11,A01,083080,Cao; Yingjun,3,16,40,37
1656715166474,CSE 12,A01,083652,Krause-Levy; Sophia Louisa,19,1,120,101
1656715172501,CSE 15L,A01,083654,Morris; Justin Loren,8,0,50,42
1656715172501,CSE 15L,A02,083655,Morris; Justin Loren,8,0,50,42
1656715178523,CSE 20,A01,083657,Tran; Khoa Dang,36,0,80,44
1656715184550,CSE 21,A01,095574,Bach; Quang Tran,21,0,48,27
1656715190585,CSE 30,A01,083084,Eldon; John,5,0,80,75
1656715190585,CSE 30,B01,095061,Bhaskar; Nishant,3,0,50,47
1656715196608,CSE 100,A01,083659,Cao; Yingjun,1,6,70,69
1656715202632,CSE 134B,A01,083661,Powell; Thomas Allan,17,0,100,83
1656715208662,CSE 140,A01,083663,Gungor; Onat,14,0,85,71
1656715214695,CSE 140L,A01,083088,Eldon; John,16,0,100,84
1656715220724,CSE 175,A01,083665,Kumar; Rakesh,3,0,25,22
1656715226751,CSE 190,A00,092507,Dubnov; Shlomo,5,0,20,15
1656715232783,ECE 45,A01,083139,Congero; Spencer William,5,0,75,70
1656715238808,ECE 65,A50,083695,Saad; Andrew S,12,0,30,18
1656715238808,ECE 65,A51,095125,Saad; Andrew S,25,0,26,1
1656715244847,ECE 109,A01,091882,Touri; Behrouz,13,0,70,57
1656715250874,ECE 180,A00,083140,Abi Samra; Nicholas Camill,1,0,30,29
1656715250874,ECE 180,B00,083141,Abi Samra; Nicholas Camill,0,0,30,30
1656715256898,MATH 10A,A01,083735,Patchell; Gregory David,0,0,30,30
1656715256898,MATH 10A,A02,083736,Patchell; Gregory David,20,0,30,10
1656715256898,MATH 10A,A03,083737,Patchell; Gregory David,16,0,30,14
1656715262923,MATH 10B,A01,083207,Lim; Seonhee,7,0,34,27
1656715262923,MATH 10B,A02,083208,Lim; Seonhee,9,0,35,26
1656715262923,MATH 10B,A03,093472,Lim; Seonhee,3,0,34,31
1656715262923,MATH 10B,B01,083739,Sinha; Shubham,9,0,30,21
1656715268949,MATH 18,A01,083743,Cinel; Cameron Alexander,5,0,30,25
1656715268949,MATH 18,A02,083744,Cinel; Cameron Alexander,14,0,30,16
1656715268949,MATH 18,A03,083745,Cinel; Cameron Alexander,8,0,30,22
1656715268949,MATH 18,B01,083748,Rideout; David Porter,2,0,37,35
1656715268949,MATH 18,B02,083749,Rideout; David Porter,2,0,36,34
1656715268949,MATH 18,B03,083750,Rideout; David Porter,1,0,37,36
1656715268949,MATH 18,B04,083751,Rideout; David Porter,4,0,36,32
1656715268949,MATH 18,B05,093473,Rideout; David Porter,4,0,36,32
1656715268949,MATH 18,B06,093474,Rideout; David Porter,4,0,36,32
1656715274977,MATH 20A,A01,083754,Zheng; Zequn,12,0,40,28
1656715281000,MATH 20B,A01,083756,Briones; Jor-el Thomas Caparas,1,1,36,35
1656715281000,MATH 20B,A02,083757,Briones; Jor-el Thomas Caparas,0,0,36,36
1656715281000,MATH 20B,A03,093475,Briones; Jor-el Thomas Caparas,1,0,36,35
1656715287030,MATH 20C,A01,083760,Briones; Jor-el Thomas Caparas,0,0,35,35
1656715287030,MATH 20C,A02,083761,Briones; Jor-el Thomas Caparas,8,0,35,27
1656715287030,MATH 20C,A03,093476,Briones; Jor-el Thomas Caparas,0,1,36,36
1656715287030,MATH 20C,B01,083762,Bach; Quang Tran,0,0,30,30
1656715293053,MATH 20D,A01,083765,Tran; Brian Kha,4,0,30,26
1656715293053,MATH 20D,A02,083766,Tran; Brian Kha,4,0,30,26
1656715293053,MATH 20D,A03,083767,Tran; Brian Kha,1,0,30,29
1656715299079,MATH 20E,A01,083771,Ganguly; Soumya,4,0,32,28
1656715299079,MATH 20E,A02,083772,Ganguly; Soumya,4,0,32,28
1656715299079,MATH 20E,B01,083773,Ciotti; Benjamin,18,0,35,17
1656715299079,MATH 20E,B02,083774,Ciotti; Benjamin,18,0,35,17
1656715305103,MATH 103A,A01,083777,Greenfeld; Be'Eri,2,0,36,34
1656715305103,MATH 103A,A02,083778,Greenfeld; Be'Eri,5,0,36,31
1656715305103,MATH 103A,A03,093561,Greenfeld; Be'Eri,4,0,36,32
1656715305103,MATH 103A,B01,083779,Greenfeld; Be'Eri,6,0,36,30
1656715305103,MATH 103A,B02,083780,Greenfeld; Be'Eri,2,0,36,34
1656715305103,MATH 103A,B03,093562,Greenfeld; Be'Eri,2,0,36,34
1656715311135,MATH 105,A01,085443,Carter; Anne Toulson,13,0,35,22
1656715311135,MATH 105,A02,093477,Carter; Anne Toulson,20,0,35,15
1656715317166,MATH 109,A01,083213,Ganzberger; Geoffrey Michael,1,0,34,33
1656715317166,MATH 109,A02,083214,Ganzberger; Geoffrey Michael,1,0,34,33
1656715317166,MATH 109,A03,093478,Ganzberger; Geoffrey Michael,2,0,34,32
1656715317166,MATH 109,B01,083215,Ganzberger; Geoffrey Michael,1,0,32,31
1656715317166,MATH 109,B02,083216,Ganzberger; Geoffrey Michael,2,0,32,30
1656715317166,MATH 109,B03,093479,Ganzberger; Geoffrey Michael,7,0,32,25
1656715323196,MATH 142A,A01,083219,Chow; Bennett,5,0,32,27
1656715323196,MATH 142A,A02,083220,Chow; Bennett,9,0,32,23
1656715323196,MATH 142A,A03,093480,Chow; Bennett,6,0,32,26
1656715323196,MATH 142A,B03,093481,Chow; Bennett,5,0,32,27
1656715323196,MATH 142A,B04,093558,Chow; Bennett,10,0,32,22
1656715323196,MATH 142A,B05,093559,Chow; Bennett,4,0,32,28
1656715329229,MATH 193A,A01,083224,Rotar; Vladimir,4,0,34,30
1656715329229,MATH 193A,A02,083225,Rotar; Vladimir,2,0,34,32
1656715329229,MATH 193A,A03,083781,Rotar; Vladimir,1,0,34,33
1656715329229,MATH 193A,A04,083782,Rotar; Vladimir,4,0,34,30
1656715329229,MATH 193A,A05,093482,Rotar; Vladimir,5,0,34,29
1656715335253,MATH 197,001,091859,McAuley; Julian John,9999,0,9999,0
1656715335253,MATH 197,002,095566,Kedlaya; Kiran S.,9997,0,9999,2
1656715335253,MATH 197,003,095567,Xiao; Ming,9999,0,9999,0
1656715335253,MATH 197,004,095571,Perols; Johan Lars,9998,0,9999,1
1656715342314,COGS 9,A01,083615,Shannon; Kyle Michael,6,0,75,69
1656715348340,COGS 11,A01,083617,Boyle; Mary E. T.,17,0,48,31
1656715354368,COGS 13,A01,083071,Bastos; Amalia Pinkusfeld,6,0,71,65
1656715360392,COGS 14A,A01,092681,Semenuks; Arturs,0,1,100,102
1656715366425,COGS 14B,A01,083073,Cheng; Tzu-Han,4,0,63,59
1656715372448,COGS 17,A01,092677,Semenuks; Arturs,4,0,81,77
1656715378476,COGS 100,A01,083619,Allen; Michael Gordon,13,0,70,57
1656715384499,COGS 101A,A01,083621,Davis; Joshua Daniel,9,0,68,59
1656715390527,COGS 101B,A01,091572,Allen; Michael Gordon,4,0,65,61
1656715396555,COGS 101C,A01,083625,Delgado; Tania,17,0,35,18
1656715402577,COGS 107A,A01,083627,Boyle; Mary E. T.,12,0,60,48
1656715408605,COGS 118A,A01,083075,Gupta; Anjum,13,0,76,63
1656715414631,CSE 3,A50,083646,Miranda; Gregory Joseph,22,0,50,28
1656715420655,CSE 8A,A50,083650,Miranda; Gregory Joseph,17,1,56,39
1656715426685,CSE 11,A01,083080,Cao; Yingjun,3,16,40,37
1656715432713,CSE 12,A01,083652,Krause-Levy; Sophia Louisa,19,1,120,101
1656715438735,CSE 15L,A01,083654,Morris; Justin Loren,8,0,50,42
1656715438735,CSE 15L,A02,083655,Morris; Justin Loren,8,0,50,42
1656715444762,CSE 20,A01,083657,Tran; Khoa Dang,36,0,80,44
1656715450795,CSE 21,A01,095574,Bach; Quang Tran,21,0,48,27
1656715456827,CSE 30,A01,083084,Eldon; John,5,0,80,75
1656715456827,CSE 30,B01,095061,Bhaskar; Nishant,3,0,50,47
1656715462852,CSE 100,A01,083659,Cao; Yingjun,1,6,70,69
1656715468879,CSE 134B,A01,083661,Powell; Thomas Allan,17,0,100,83
1656715474905,CSE 140,A01,083663,Gungor; Onat,14,0,85,71
1656715480933,CSE 140L,A01,083088,Eldon; John,16,0,100,84
1656715486966,CSE 175,A01,083665,Kumar; Rakesh,3,0,25,22
1656715492992,CSE 190,A00,092507,Dubnov; Shlomo,5,0,20,15
1656715499020,ECE 45,A01,083139,Congero; Spencer William,5,0,75,70
1656715505044,ECE 65,A50,083695,Saad; Andrew S,12,0,30,18
1656715505044,ECE 65,A51,095125,Saad; Andrew S,25,0,26,1
1656715511071,ECE 109,A01,091882,Touri; Behrouz,13,0,70,57
1656715517099,ECE 180,A00,083140,Abi Samra; Nicholas Camill,1,0,30,29
1656715517099,ECE 180,B00,083141,Abi Samra; Nicholas Camill,0,0,30,30
1656715523130,MATH 10A,A01,083735,Patchell; Gregory David,0,0,30,30
1656715523130,MATH 10A,A02,083736,Patchell; Gregory David,20,0,30,10
1656715523130,MATH 10A,A03,083737,Patchell; Gregory David,16,0,30,14
1656715529158,MATH 10B,A01,083207,Lim; Seonhee,7,0,34,27
1656715529158,MATH 10B,A02,083208,Lim; Seonhee,9,0,35,26
1656715529158,MATH 10B,A03,093472,Lim; Seonhee,3,0,34,31
1656715529158,MATH 10B,B01,083739,Sinha; Shubham,9,0,30,21
1656715535190,MATH 18,A01,083743,Cinel; Cameron Alexander,5,0,30,25
1656715535190,MATH 18,A02,083744,Cinel; Cameron Alexander,14,0,30,16
1656715535190,MATH 18,A03,083745,Cinel; Cameron Alexander,8,0,30,22
1656715535190,MATH 18,B01,083748,Rideout; David Porter,2,0,37,35
1656715535190,MATH 18,B02,083749,Rideout; David Porter,2,0,36,34
1656715535190,MATH 18,B03,083750,Rideout; David Porter,1,0,37,36
1656715535190,MATH 18,B04,083751,Rideout; David Porter,4,0,36,32
1656715535190,MATH 18,B05,093473,Rideout; David Porter,4,0,36,32
1656715535190,MATH 18,B06,093474,Rideout; David Porter,4,0,36,32
1656715541220,MATH 20A,A01,083754,Zheng; Zequn,12,0,40,28
1656715547289,MATH 20B,A01,083756,Briones; Jor-el Thomas Caparas,1,1,36,35
1656715547289,MATH 20B,A02,083757,Briones; Jor-el Thomas Caparas,0,0,36,36
1656715547289,MATH 20B,A03,093475,Briones; Jor-el Thomas Caparas,1,0,36,35
1656715553394,MATH 20C,A01,083760,Briones; Jor-el Thomas Caparas,0,0,35,35
1656715553394,MATH 20C,A02,083761,Briones; Jor-el Thomas Caparas,8,0,35,27
1656715553394,MATH 20C,A03,093476,Briones; Jor-el Thomas Caparas,0,1,36,36
1656715553394,MATH 20C,B01,083762,Bach; Quang Tran,0,0,30,30
1656715559422,MATH 20D,A01,083765,Tran; Brian Kha,4,0,30,26
1656715559422,MATH 20D,A02,083766,Tran; Brian Kha,4,0,30,26
1656715559422,MATH 20D,A03,083767,Tran; Brian Kha,1,0,30,29
1656715565452,MATH 20E,A01,083771,Ganguly; Soumya,4,0,32,28
1656715565452,MATH 20E,A02,083772,Ganguly; Soumya,4,0,32,28
1656715565452,MATH 20E,B01,083773,Ciotti; Benjamin,18,0,35,17
1656715565452,MATH 20E,B02,083774,Ciotti; Benjamin,18,0,35,17
1656715571486,MATH 103A,A01,083777,Greenfeld; Be'Eri,2,0,36,34
1656715571486,MATH 103A,A02,083778,Greenfeld; Be'Eri,5,0,36,31
1656715571486,MATH 103A,A03,093561,Greenfeld; Be'Eri,4,0,36,32
1656715571486,MATH 103A,B01,083779,Greenfeld; Be'Eri,6,0,36,30
1656715571486,MATH 103A,B02,083780,Greenfeld; Be'Eri,2,0,36,34
1656715571486,MATH 103A,B03,093562,Greenfeld; Be'Eri,2,0,36,34
1656715577510,MATH 105,A01,085443,Carter; Anne Toulson,13,0,35,22
1656715577510,MATH 105,A02,093477,Carter; Anne Toulson,20,0,35,15
1656715583538,MATH 109,A01,083213,Ganzberger; Geoffrey Michael,1,0,34,33
1656715583538,MATH 109,A02,083214,Ganzberger; Geoffrey Michael,1,0,34,33
1656715583538,MATH 109,A03,093478,Ganzberger; Geoffrey Michael,2,0,34,32
1656715583538,MATH 109,B01,083215,Ganzberger; Geoffrey Michael,1,0,32,31
1656715583538,MATH 109,B02,083216,Ganzberger; Geoffrey Michael,2,0,32,30
1656715583538,MATH 109,B03,093479,Ganzberger; Geoffrey Michael,7,0,32,25
1656715589563,MATH 142A,A01,083219,Chow; Bennett,5,0,32,27
1656715589563,MATH 142A,A02,083220,Chow; Bennett,9,0,32,23
1656715589563,MATH 142A,A03,093480,Chow; Bennett,6,0,32,26
1656715589563,MATH 142A,B03,093481,Chow; Bennett,5,0,32,27
1656715589563,MATH 142A,B04,093558,Chow; Bennett,10,0,32,22
1656715589563,MATH 142A,B05,093559,Chow; Bennett,4,0,32,28
1656715595595,MATH 193A,A01,083224,Rotar; Vladimir,4,0,34,30
1656715595595,MATH 193A,A02,083225,Rotar; Vladimir,2,0,34,32
1656715595595,MATH 193A,A03,083781,Rotar; Vladimir,1,0,34,33
1656715595595,MATH 193A,A04,083782,Rotar; Vladimir,4,0,34,30
1656715595595,MATH 193A,A05,093482,Rotar; Vladimir,5,0,34,29
1656715601619,MATH 197,001,091859,McAuley; Julian John,9999,0,9999,0
1656715601619,MATH 197,002,095566,Kedlaya; Kiran S.,9997,0,9999,2
1656715601619,MATH 197,003,095567,Xiao; Ming,9999,0,9999,0
1656715601619,MATH 197,004,095571,Perols; Johan Lars,9998,0,9999,1
1656715608691,COGS 9,A01,083615,Shannon; Kyle Michael,6,0,75,69
1656715614725,COGS 11,A01,083617,Boyle; Mary E. T.,17,0,48,31
1656715620747,COGS 13,A01,083071,Bastos; Amalia Pinkusfeld,6,0,71,65
1656715626771,COGS 14A,A01,092681,Semenuks; Arturs,0,1,100,102
1656715632794,COGS 14B,A01,083073,Cheng; Tzu-Han,4,0,63,59
1656715638837,COGS 17,A01,092677,Semenuks; Arturs,4,0,81,77
1656715644864,COGS 100,A01,083619,Allen; Michael Gordon,13,0,70,57
1656715650888,COGS 101A,A01,083621,Davis; Joshua Daniel,9,0,68,59
1656715656914,COGS 101B,A01,091572,Allen; Michael Gordon,4,0,65,61
1656715662943,COGS 101C,A01,083625,Delgado; Tania,17,0,35,18
1656715668967,COGS 107A,A01,083627,Boyle; Mary E. T.,12,0,60,48
1656715674994,COGS 118A,A01,083075,Gupta; Anjum,13,0,76,63
1656715681023,CSE 3,A50,083646,Miranda; Gregory Joseph,22,0,50,28
1656715687055,CSE 8A,A50,083650,Miranda; Gregory Joseph,17,1,56,39
1656715693091,CSE 11,A01,083080,Cao; Yingjun,3,16,40,37
1656715699121,CSE 12,A01,083652,Krause-Levy; Sophia Louisa,19,1,120,101
1656715705148,CSE 15L,A01,083654,Morris; Justin Loren,8,0,50,42
1656715705148,CSE 15L,A02,083655,Morris; Justin Loren,8,0,50,42
1656715711178,CSE 20,A01,083657,Tran; Khoa Dang,36,0,80,44
1656715717220,CSE 21,A01,095574,Bach; Quang Tran,21,0,48,27
1656715723248,CSE 30,A01,083084,Eldon; John,5,0,80,75
1656715723248,CSE 30,B01,095061,Bhaskar; Nishant,3,0,50,47
1656715729277,CSE 100,A01,083659,Cao; Yingjun,1,6,70,69
1656715735300,CSE 134B,A01,083661,Powell; Thomas Allan,17,0,100,83
1656715741334,CSE 140,A01,083663,Gungor; Onat,14,0,85,71
1656715747356,CSE 140L,A01,083088,Eldon; John,16,0,100,84
1656715753379,CSE 175,A01,083665,Kumar; Rakesh,3,0,25,22
1656715759403,CSE 190,A00,092507,Dubnov; Shlomo,5,0,20,15
1656715765428,ECE 45,A01,083139,Congero; Spencer William,5,0,75,70
1656715771457,ECE 65,A50,083695,Saad; Andrew S,12,0,30,18
1656715771457,ECE 65,A51,095125,Saad; Andrew S,25,0,26,1
1656715777492,ECE 109,A01,091882,Touri; Behrouz,13,0,70,57
1656715783515,ECE 180,A00,083140,Abi Samra; Nicholas Camill,1,0,30,29
1656715783515,ECE 180,B00,083141,Abi Samra; Nicholas Camill,0,0,30,30
1656715789540,MATH 10A,A01,083735,Patchell; Gregory David,0,0,30,30
1656715789540,MATH 10A,A02,083736,Patchell; Gregory David,20,0,30,10
1656715789540,MATH 10A,A03,083737,Patchell; Gregory David,16,0,30,14
1656715795569,MATH 10B,A01,083207,Lim; Seonhee,7,0,34,27
1656715795569,MATH 10B,A02,083208,Lim; Seonhee,9,0,35,26
1656715795569,MATH 10B,A03,093472,Lim; Seonhee,3,0,34,31
1656715795569,MATH 10B,B01,083739,Sinha; Shubham,9,0,30,21
1656715801602,MATH 18,A01,083743,Cinel; Cameron Alexander,5,0,30,25
1656715801602,MATH 18,A02,083744,Cinel; Cameron Alexander,14,0,30,16
1656715801602,MATH 18,A03,083745,Cinel; Cameron Alexander,8,0,30,22
1656715801602,MATH 18,B01,083748,Rideout; David Porter,2,0,37,35
1656715801602,MATH 18,B02,083749,Rideout; David Porter,2,0,36,34
1656715801602,MATH 18,B03,083750,Rideout; David Porter,1,0,37,36
1656715801602,MATH 18,B04,083751,Rideout; David Porter,4,0,36,32
1656715801602,MATH 18,B05,093473,Rideout; David Porter,4,0,36,32
1656715801602,MATH 18,B06,093474,Rideout; David Porter,4,0,36,32
1656715807624,MATH 20A,A01,083754,Zheng; Zequn,12,0,40,28
1656715813650,MATH 20B,A01,083756,Briones; Jor-el Thomas Caparas,1,1,36,35
1656715813650,MATH 20B,A02,083757,Briones; Jor-el Thomas Caparas,0,0,36,36
1656715813650,MATH 20B,A03,093475,Briones; Jor-el Thomas Caparas,1,0,36,35
1656715819684,MATH 20C,A01,083760,Briones; Jor-el Thomas Caparas,0,0,35,35
1656715819684,MATH 20C,A02,083761,Briones; Jor-el Thomas Caparas,8,0,35,27
1656715819684,MATH 20C,A03,093476,Briones; Jor-el Thomas Caparas,0,1,36,36
1656715819684,MATH 20C,B01,083762,Bach; Quang Tran,0,0,30,30
1656715825708,MATH 20D,A01,083765,Tran; Brian Kha,4,0,30,26
1656715825708,MATH 20D,A02,083766,Tran; Brian Kha,4,0,30,26
1656715825708,MATH 20D,A03,083767,Tran; Brian Kha,1,0,30,29
1656715831738,MATH 20E,A01,083771,Ganguly; Soumya,4,0,32,28
1656715831738,MATH 20E,A02,083772,Ganguly; Soumya,4,0,32,28
1656715831738,MATH 20E,B01,083773,Ciotti; Benjamin,18,0,35,17
1656715831738,MATH 20E,B02,083774,Ciotti; Benjamin,18,0,35,17
1656715837761,MATH 103A,A01,083777,Greenfeld; Be'Eri,2,0,36,34
1656715837761,MATH 103A,A02,083778,Greenfeld; Be'Eri,5,0,36,31
1656715837761,MATH 103A,A03,093561,Greenfeld; Be'Eri,4,0,36,32
1656715837761,MATH 103A,B01,083779,Greenfeld; Be'Eri,6,0,36,30
1656715837761,MATH 103A,B02,083780,Greenfeld; Be'Eri,2,0,36,34
1656715837761,MATH 103A,B03,093562,Greenfeld; Be'Eri,2,0,36,34
1656715843784,MATH 105,A01,085443,Carter; Anne Toulson,13,0,35,22
1656715843784,MATH 105,A02,093477,Carter; Anne Toulson,20,0,35,15
1656715849807,MATH 109,A01,083213,Ganzberger; Geoffrey Michael,1,0,34,33
1656715849807,MATH 109,A02,083214,Ganzberger; Geoffrey Michael,1,0,34,33
1656715849807,MATH 109,A03,093478,Ganzberger; Geoffrey Michael,2,0,34,32
1656715849807,MATH 109,B01,083215,Ganzberger; Geoffrey Michael,1,0,32,31
1656715849807,MATH 109,B02,083216,Ganzberger; Geoffrey Michael,2,0,32,30
1656715849807,MATH 109,B03,093479,Ganzberger; Geoffrey Michael,7,0,32,25
1656715855830,MATH 142A,A01,083219,Chow; Bennett,5,0,32,27
1656715855830,MATH 142A,A02,083220,Chow; Bennett,9,0,32,23
1656715855830,MATH 142A,A03,093480,Chow; Bennett,6,0,32,26
1656715855830,MATH 142A,B03,093481,Chow; Bennett,5,0,32,27
1656715855830,MATH 142A,B04,093558,Chow; Bennett,10,0,32,22
1656715855830,MATH 142A,B05,093559,Chow; Bennett,4,0,32,28
1656715861855,MATH 193A,A01,083224,Rotar; Vladimir,4,0,34,30
1656715861855,MATH 193A,A02,083225,Rotar; Vladimir,2,0,34,32
1656715861855,MATH 193A,A03,083781,Rotar; Vladimir,1,0,34,33
1656715861855,MATH 193A,A04,083782,Rotar; Vladimir,4,0,34,30
1656715861855,MATH 193A,A05,093482,Rotar; Vladimir,5,0,34,29
1656715867881,MATH 197,001,091859,McAuley; Julian John,9999,0,9999,0
1656715867881,MATH 197,002,095566,Kedlaya; Kiran S.,9997,0,9999,2
1656715867881,MATH 197,003,095567,Xiao; Ming,9999,0,9999,0
1656715867881,MATH 197,004,095571,Perols; Johan Lars,9998,0,9999,1
1656715874947,COGS 9,A01,083615,Shannon; Kyle Michael,6,0,75,69
1656715880969,COGS 11,A01,083617,Boyle; Mary E. T.,17,0,48,31
1656715887004,COGS 13,A01,083071,Bastos; Amalia Pinkusfeld,6,0,71,65
1656715893040,COGS 14A,A01,092681,Semenuks; Arturs,0,1,100,102
1656715899063,COGS 14B,A01,083073,Cheng; Tzu-Han,5,0,63,58
1656715905087,COGS 17,A01,092677,Semenuks; Arturs,4,0,81,77
1656715911114,COGS 100,A01,083619,Allen; Michael Gordon,13,0,70,57
1656715917138,COGS 101A,A01,083621,Davis; Joshua Daniel,9,0,68,59
1656715923162,COGS 101B,A01,091572,Allen; Michael Gordon,4,0,65,61
1656715929187,COGS 101C,A01,083625,Delgado; Tania,17,0,35,18
1656715935213,COGS 107A,A01,083627,Boyle; Mary E. T.,12,0,60,48
1656715941238,COGS 118A,A01,083075,Gupta; Anjum,13,0,76,63
1656715947262,CSE 3,A50,083646,Miranda; Gregory Joseph,22,0,50,28
1656715953295,CSE 8A,A50,083650,Miranda; Gregory Joseph,17,1,56,39
1656715959320,CSE 11,A01,083080,Cao; Yingjun,3,16,40,37
1656715965344,CSE 12,A01,083652,Krause-Levy; Sophia Louisa,19,1,120,101
1656715971370,CSE 15L,A01,083654,Morris; Justin Loren,8,0,50,42
1656715971370,CSE 15L,A02,083655,Morris; Justin Loren,8,0,50,42
1656715977397,CSE 20,A01,083657,Tran; Khoa Dang,36,0,80,44
1656715983420,CSE 21,A01,095574,Bach; Quang Tran,21,0,48,27
1656715989454,CSE 30,A01,083084,Eldon; John,5,0,80,75
1656715989454,CSE 30,B01,095061,Bhaskar; Nishant,3,0,50,47
1656715995477,CSE 100,A01,083659,Cao; Yingjun,1,6,70,69
1656716001500,CSE 134B,A01,083661,Powell; Thomas Allan,17,0,100,83
1656716007528,CSE 140,A01,083663,Gungor; Onat,14,0,85,71
1656716013558,CSE 140L,A01,083088,Eldon; John,16,0,100,84
1656716019584,CSE 175,A01,083665,Kumar; Rakesh,3,0,25,22
1656716025615,CSE 190,A00,092507,Dubnov; Shlomo,5,0,20,15
1656716031641,ECE 45,A01,083139,Congero; Spencer William,5,0,75,70
1656716037669,ECE 65,A50,083695,Saad; Andrew S,12,0,30,18
1656716037669,ECE 65,A51,095125,Saad; Andrew S,25,0,26,1
1656716043693,ECE 109,A01,091882,Touri; Behrouz,13,0,70,57
1656716049717,ECE 180,A00,083140,Abi Samra; Nicholas Camill,1,0,30,29
1656716049717,ECE 180,B00,083141,Abi Samra; Nicholas Camill,0,0,30,30
1656716055740,MATH 10A,A01,083735,Patchell; Gregory David,0,0,30,30
1656716055740,MATH 10A,A02,083736,Patchell; Gregory David,20,0,30,10
1656716055740,MATH 10A,A03,083737,Patchell; Gregory David,16,0,30,14
1656716061766,MATH 10B,A01,083207,Lim; Seonhee,7,0,34,27
1656716061766,MATH 10B,A02,083208,Lim; Seonhee,9,0,35,26
1656716061766,MATH 10B,A03,093472,Lim; Seonhee,3,0,34,31
1656716061766,MATH 10B,B01,083739,Sinha; Shubham,9,0,30,21
1656716067792,MATH 18,A01,083743,Cinel; Cameron Alexander,5,0,30,25
1656716067792,MATH 18,A02,083744,Cinel; Cameron Alexander,14,0,30,16
1656716067792,MATH 18,A03,083745,Cinel; Cameron Alexander,8,0,30,22
1656716067792,MATH 18,B01,083748,Rideout; David Porter,2,0,37,35
1656716067792,MATH 18,B02,083749,Rideout; David Porter,2,0,36,34
1656716067792,MATH 18,B03,083750,Rideout; David Porter,1,0,37,36
1656716067792,MATH 18,B04,083751,Rideout; David Porter,4,0,36,32
1656716067792,MATH 18,B05,093473,Rideout; David Porter,4,0,36,32
1656716067792,MATH 18,B06,093474,Rideout; David Porter,4,0,36,32
1656716073815,MATH 20A,A01,083754,Zheng; Zequn,12,0,40,28
1656716079852,MATH 20B,A01,083756,Briones; Jor-el Thomas Caparas,1,1,36,35
1656716079852,MATH 20B,A02,083757,Briones; Jor-el Thomas Caparas,0,0,36,36
1656716079852,MATH 20B,A03,093475,Briones; Jor-el Thomas Caparas,1,0,36,35
1656716085875,MATH 20C,A01,083760,Briones; Jor-el Thomas Caparas,0,0,35,35
1656716085875,MATH 20C,A02,083761,Briones; Jor-el Thomas Caparas,8,0,35,27
1656716085875,MATH 20C,A03,093476,Briones; Jor-el Thomas Caparas,0,1,36,36
1656716085875,MATH 20C,B01,083762,Bach; Quang Tran,0,0,30,30
1656716091899,MATH 20D,A01,083765,Tran; Brian Kha,4,0,30,26
1656716091899,MATH 20D,A02,083766,Tran; Brian Kha,4,0,30,26
1656716091899,MATH 20D,A03,083767,Tran; Brian Kha,1,0,30,29
1656716097932,MATH 20E,A01,083771,Ganguly; Soumya,4,0,32,28
1656716097932,MATH 20E,A02,083772,Ganguly; Soumya,4,0,32,28
1656716097932,MATH 20E,B01,083773,Ciotti; Benjamin,18,0,35,17
1656716097932,MATH 20E,B02,083774,Ciotti; Benjamin,18,0,35,17
1656716103957,MATH 103A,A01,083777,Greenfeld; Be'Eri,2,0,36,34
1656716103957,MATH 103A,A02,083778,Greenfeld; Be'Eri,5,0,36,31
1656716103957,MATH 103A,A03,093561,Greenfeld; Be'Eri,4,0,36,32
1656716103957,MATH 103A,B01,083779,Greenfeld; Be'Eri,6,0,36,30
1656716103957,MATH 103A,B02,083780,Greenfeld; Be'Eri,2,0,36,34
1656716103957,MATH 103A,B03,093562,Greenfeld; Be'Eri,2,0,36,34
1656716109990,MATH 105,A01,085443,Carter; Anne Toulson,13,0,35,22
1656716109990,MATH 105,A02,093477,Carter; Anne Toulson,20,0,35,15
1656716116019,MATH 109,A01,083213,Ganzberger; Geoffrey Michael,1,0,34,33
1656716116019,MATH 109,A02,083214,Ganzberger; Geoffrey Michael,1,0,34,33
1656716116019,MATH 109,A03,093478,Ganzberger; Geoffrey Michael,2,0,34,32
1656716116019,MATH 109,B01,083215,Ganzberger; Geoffrey Michael,1,0,32,31
1656716116019,MATH 109,B02,083216,Ganzberger; Geoffrey Michael,2,0,32,30
1656716116019,MATH 109,B03,093479,Ganzberger; Geoffrey Michael,7,0,32,25
1656716122049,MATH 142A,A01,083219,Chow; Bennett,5,0,32,27
1656716122049,MATH 142A,A02,083220,Chow; Bennett,9,0,32,23
1656716122049,MATH 142A,A03,093480,Chow; Bennett,7,0,32,25
1656716122049,MATH 142A,B03,093481,Chow; Bennett,5,0,32,27
1656716122049,MATH 142A,B04,093558,Chow; Bennett,10,0,32,22
1656716122049,MATH 142A,B05,093559,Chow; Bennett,4,0,32,28
1656716128079,MATH 193A,A01,083224,Rotar; Vladimir,4,0,34,30
1656716128079,MATH 193A,A02,083225,Rotar; Vladimir,2,0,34,32
1656716128079,MATH 193A,A03,083781,Rotar; Vladimir,1,0,34,33
1656716128079,MATH 193A,A04,083782,Rotar; Vladimir,4,0,34,30
1656716128079,MATH 193A,A05,093482,Rotar; Vladimir,5,0,34,29
1656716134105,MATH 197,001,091859,McAuley; Julian John,9999,0,9999,0
1656716134105,MATH 197,002,095566,Kedlaya; Kiran S.,9997,0,9999,2
1656716134105,MATH 197,003,095567,Xiao; Ming,9999,0,9999,0
1656716134105,MATH 197,004,095571,Perols; Johan Lars,9998,0,9999,1
1656716141166,COGS 9,A01,083615,Shannon; Kyle Michael,6,0,75,69
1656716147266,COGS 11,A01,083617,Boyle; Mary E. T.,17,0,48,31
1656716153299,COGS 13,A01,083071,Bastos; Amalia Pinkusfeld,6,0,71,65
1656716159322,COGS 14A,A01,092681,Semenuks; Arturs,0,1,100,102
1656716165346,COGS 14B,A01,083073,Cheng; Tzu-Han,5,0,63,58
1656716171370,COGS 17,A01,092677,Semenuks; Arturs,4,0,81,77
1656716177397,COGS 100,A01,083619,Allen; Michael Gordon,13,0,70,57
1656716183433,COGS 101A,A01,083621,Davis; Joshua Daniel,9,0,68,59
1656716189456,COGS 101B,A01,091572,Allen; Michael Gordon,4,0,65,61
1656716195483,COGS 101C,A01,083625,Delgado; Tania,17,0,35,18
1656716201507,COGS 107A,A01,083627,Boyle; Mary E. T.,12,0,60,48
1656716207529,COGS 118A,A01,083075,Gupta; Anjum,13,0,76,63
1656716213554,CSE 3,A50,083646,Miranda; Gregory Joseph,22,0,50,28
1656716219578,CSE 8A,A50,083650,Miranda; Gregory Joseph,17,1,56,39
1656716225614,CSE 11,A01,083080,Cao; Yingjun,3,16,40,37
1656716231646,CSE 12,A01,083652,Krause-Levy; Sophia Louisa,19,1,120,101
1656716237678,CSE 15L,A01,083654,Morris; Justin Loren,8,0,50,42
1656716237678,CSE 15L,A02,083655,Morris; Justin Loren,8,0,50,42
1656716243709,CSE 20,A01,083657,Tran; Khoa Dang,36,0,80,44
1656716249754,CSE 21,A01,095574,Bach; Quang Tran,21,0,48,27
1656716255787,CSE 30,A01,083084,Eldon; John,5,0,80,75
1656716255787,CSE 30,B01,095061,Bhaskar; Nishant,3,0,50,47
1656716261811,CSE 100,A01,083659,Cao; Yingjun,1,5,70,69
1656716267836,CSE 134B,A01,083661,Powell; Thomas Allan,17,0,100,83
1656716273863,CSE 140,A01,083663,Gungor; Onat,14,0,85,71
1656716279888,CSE 140L,A01,083088,Eldon; John,16,0,100,84
1656716285940,CSE 175,A01,083665,Kumar; Rakesh,3,0,25,22
1656716291965,CSE 190,A00,092507,Dubnov; Shlomo,5,0,20,15
1656716297989,ECE 45,A01,083139,Congero; Spencer William,5,0,75,70
1656716304013,ECE 65,A50,083695,Saad; Andrew S,12,0,30,18
1656716304013,ECE 65,A51,095125,Saad; Andrew S,25,0,26,1
1656716310035,ECE 109,A01,091882,Touri; Behrouz,13,0,70,57
1656716316060,ECE 180,A00,083140,Abi Samra; Nicholas Camill,1,0,30,29
1656716316060,ECE 180,B00,083141,Abi Samra; Nicholas Camill,0,0,30,30
1656716322093,MATH 10A,A01,083735,Patchell; Gregory David,0,0,30,30
1656716322093,MATH 10A,A02,083736,Patchell; Gregory David,20,0,30,10
1656716322093,MATH 10A,A03,083737,Patchell; Gregory David,16,0,30,14
1656716328122,MATH 10B,A01,083207,Lim; Seonhee,7,0,34,27
1656716328122,MATH 10B,A02,083208,Lim; Seonhee,9,0,35,26
1656716328122,MATH 10B,A03,093472,Lim; Seonhee,3,0,34,31
1656716328122,MATH 10B,B01,083739,Sinha; Shubham,9,0,30,21
1656716334148,MATH 18,A01,083743,Cinel; Cameron Alexander,5,0,30,25
1656716334148,MATH 18,A02,083744,Cinel; Cameron Alexander,14,0,30,16
1656716334148,MATH 18,A03,083745,Cinel; Cameron Alexander,8,0,30,22
1656716334148,MATH 18,B01,083748,Rideout; David Porter,2,0,37,35
1656716334148,MATH 18,B02,083749,Rideout; David Porter,2,0,36,34
1656716334148,MATH 18,B03,083750,Rideout; David Porter,1,0,37,36
1656716334148,MATH 18,B04,083751,Rideout; David Porter,4,0,36,32
1656716334148,MATH 18,B05,093473,Rideout; David Porter,4,0,36,32
1656716334148,MATH 18,B06,093474,Rideout; David Porter,4,0,36,32
1656716340175,MATH 20A,A01,083754,Zheng; Zequn,12,0,40,28
1656716346203,MATH 20B,A01,083756,Briones; Jor-el Thomas Caparas,1,1,36,35
1656716346203,MATH 20B,A02,083757,Briones; Jor-el Thomas Caparas,0,0,36,36
1656716346203,MATH 20B,A03,093475,Briones; Jor-el Thomas Caparas,1,0,36,35
1656716352231,MATH 20C,A01,083760,Briones; Jor-el Thomas Caparas,0,0,35,35
1656716352231,MATH 20C,A02,083761,Briones; Jor-el Thomas Caparas,8,0,35,27
1656716352231,MATH 20C,A03,093476,Briones; Jor-el Thomas Caparas,0,1,36,36
1656716352231,MATH 20C,B01,083762,Bach; Quang Tran,0,0,30,30
1656716358255,MATH 20D,A01,083765,Tran; Brian Kha,4,0,30,26
1656716358255,MATH 20D,A02,083766,Tran; Brian Kha,4,0,30,26
1656716358255,MATH 20D,A03,083767,Tran; Brian Kha,1,0,30,29
1656716364280,MATH 20E,A01,083771,Ganguly; Soumya,4,0,32,28
1656716364280,MATH 20E,A02,083772,Ganguly; Soumya,4,0,32,28
1656716364280,MATH 20E,B01,083773,Ciotti; Benjamin,18,0,35,17
1656716364280,MATH 20E,B02,083774,Ciotti; Benjamin,18,0,35,17
1656716370318,MATH 103A,A01,083777,Greenfeld; Be'Eri,2,0,36,34
1656716370318,MATH 103A,A02,083778,Greenfeld; Be'Eri,5,0,36,31
1656716370318,MATH 103A,A03,093561,Greenfeld; Be'Eri,4,0,36,32
1656716370318,MATH 103A,B01,083779,Greenfeld; Be'Eri,6,0,36,30
1656716370318,MATH 103A,B02,083780,Greenfeld; Be'Eri,2,0,36,34
1656716370318,MATH 103A,B03,093562,Greenfeld; Be'Eri,2,0,36,34
1656716376346,MATH 105,A01,085443,Carter; Anne Toulson,13,0,35,22
1656716376346,MATH 105,A02,093477,Carter; Anne Toulson,20,0,35,15
1656716382371,MATH 109,A01,083213,Ganzberger; Geoffrey Michael,1,0,34,33
1656716382371,MATH 109,A02,083214,Ganzberger; Geoffrey Michael,1,0,34,33
1656716382371,MATH 109,A03,093478,Ganzberger; Geoffrey Michael,2,0,34,32
1656716382371,MATH 109,B01,083215,Ganzberger; Geoffrey Michael,1,0,32,31
1656716382371,MATH 109,B02,083216,Ganzberger; Geoffrey Michael,2,0,32,30
1656716382371,MATH 109,B03,093479,Ganzberger; Geoffrey Michael,7,0,32,25
1656716388400,MATH 142A,A01,083219,Chow; Bennett,5,0,32,27
1656716388400,MATH 142A,A02,083220,Chow; Bennett,9,0,32,23
1656716388400,MATH 142A,A03,093480,Chow; Bennett,7,0,32,25
1656716388400,MATH 142A,B03,093481,Chow; Bennett,5,0,32,27
1656716388400,MATH 142A,B04,093558,Chow; Bennett,10,0,32,22
1656716388400,MATH 142A,B05,093559,Chow; Bennett,4,0,32,28
1656716394428,MATH 193A,A01,083224,Rotar; Vladimir,4,0,34,30
1656716394428,MATH 193A,A02,083225,Rotar; Vladimir,2,0,34,32
1656716394428,MATH 193A,A03,083781,Rotar; Vladimir,1,0,34,33
1656716394428,MATH 193A,A04,083782,Rotar; Vladimir,4,0,34,30
1656716394428,MATH 193A,A05,093482,Rotar; Vladimir,5,0,34,29
1656716400456,MATH 197,001,091859,McAuley; Julian John,9999,0,9999,0
1656716400456,MATH 197,002,095566,Kedlaya; Kiran S.,9997,0,9999,2
1656716400456,MATH 197,003,095567,Xiao; Ming,9999,0,9999,0
1656716400456,MATH 197,004,095571,Perols; Johan Lars,9998,0,9999,1
1656716407514,COGS 9,A01,083615,Shannon; Kyle Michael,6,0,75,69
1656716413545,COGS 11,A01,083617,Boyle; Mary E. T.,17,0,48,31
1656716419577,COGS 13,A01,083071,Bastos; Amalia Pinkusfeld,6,0,71,65
1656716425601,COGS 14A,A01,092681,Semenuks; Arturs,0,1,100,102
1656716431629,COGS 14B,A01,083073,Cheng; Tzu-Han,5,0,63,58
1656716437657,COGS 17,A01,092677,Semenuks; Arturs,4,0,81,77
1656716443680,COGS 100,A01,083619,Allen; Michael Gordon,13,0,70,57
1656716449706,COGS 101A,A01,083621,Davis; Joshua Daniel,9,0,68,59
1656716455733,COGS 101B,A01,091572,Allen; Michael Gordon,4,0,65,61
1656716461756,COGS 101C,A01,083625,Delgado; Tania,17,0,35,18
1656716467778,COGS 107A,A01,083627,Boyle; Mary E. T.,12,0,60,48
1656716473809,COGS 118A,A01,083075,Gupta; Anjum,13,0,76,63
1656716479831,CSE 3,A50,083646,Miranda; Gregory Joseph,22,0,50,28
1656716485857,CSE 8A,A50,083650,Miranda; Gregory Joseph,17,1,56,39
1656716491889,CSE 11,A01,083080,Cao; Yingjun,3,16,40,37
1656716497917,CSE 12,A01,083652,Krause-Levy; Sophia Louisa,19,1,120,101
1656716503939,CSE 15L,A01,083654,Morris; Justin Loren,8,0,50,42
1656716503939,CSE 15L,A02,083655,Morris; Justin Loren,8,0,50,42
1656716509963,CSE 20,A01,083657,Tran; Khoa Dang,36,0,80,44
1656716515984,CSE 21,A01,095574,Bach; Quang Tran,21,0,48,27
1656716522017,CSE 30,A01,083084,Eldon; John,5,0,80,75
1656716522017,CSE 30,B01,095061,Bhaskar; Nishant,3,0,50,47
1656716528045,CSE 100,A01,083659,Cao; Yingjun,1,5,70,69
1656716534072,CSE 134B,A01,083661,Powell; Thomas Allan,17,0,100,83
1656716540098,CSE 140,A01,083663,Gungor; Onat,14,0,85,71
1656716546125,CSE 140L,A01,083088,Eldon; John,16,0,100,84
1656716552156,CSE 175,A01,083665,Kumar; Rakesh,3,0,25,22
1656716558191,CSE 190,A00,092507,Dubnov; Shlomo,5,0,20,15
1656716564218,ECE 45,A01,083139,Congero; Spencer William,5,0,75,70
1656716570240,ECE 65,A50,083695,Saad; Andrew S,12,0,30,18
1656716570240,ECE 65,A51,095125,Saad; Andrew S,25,0,26,1
1656716576264,ECE 109,A01,091882,Touri; Behrouz,13,0,70,57
1656716582292,ECE 180,A00,083140,Abi Samra; Nicholas Camill,1,0,30,29
1656716582292,ECE 180,B00,083141,Abi Samra; Nicholas Camill,0,0,30,30
1656716588319,MATH 10A,A01,083735,Patchell; Gregory David,0,0,30,30
1656716588319,MATH 10A,A02,083736,Patchell; Gregory David,20,0,30,10
1656716588319,MATH 10A,A03,083737,Patchell; Gregory David,16,0,30,14
1656716594341,MATH 10B,A01,083207,Lim; Seonhee,7,0,34,27
1656716594341,MATH 10B,A02,083208,Lim; Seonhee,9,0,35,26
1656716594341,MATH 10B,A03,093472,Lim; Seonhee,3,0,34,31
1656716594341,MATH 10B,B01,083739,Sinha; Shubham,9,0,30,21
1656716600364,MATH 18,A01,083743,Cinel; Cameron Alexander,5,0,30,25
1656716600364,MATH 18,A02,083744,Cinel; Cameron Alexander,14,0,30,16
1656716600364,MATH 18,A03,083745,Cinel; Cameron Alexander,8,0,30,22
1656716600364,MATH 18,B01,083748,Rideout; David Porter,2,0,37,35
1656716600364,MATH 18,B02,083749,Rideout; David Porter,2,0,36,34
1656716600364,MATH 18,B03,083750,Rideout; David Porter,1,0,37,36
1656716600364,MATH 18,B04,083751,Rideout; David Porter,4,0,36,32
1656716600364,MATH 18,B05,093473,Rideout; David Porter,4,0,36,32
1656716600364,MATH 18,B06,093474,Rideout; David Porter,4,0,36,32
1656716606388,MATH 20A,A01,083754,Zheng; Zequn,12,0,40,28
1656716612412,MATH 20B,A01,083756,Briones; Jor-el Thomas Caparas,1,1,36,35
1656716612412,MATH 20B,A02,083757,Briones; Jor-el Thomas Caparas,0,0,36,36
1656716612412,MATH 20B,A03,093475,Briones; Jor-el Thomas Caparas,1,0,36,35
1656716618434,MATH 20C,A01,083760,Briones; Jor-el Thomas Caparas,0,0,35,35
1656716618434,MATH 20C,A02,083761,Briones; Jor-el Thomas Caparas,8,0,35,27
1656716618434,MATH 20C,A03,093476,Briones; Jor-el Thomas Caparas,0,1,36,36
1656716618434,MATH 20C,B01,083762,Bach; Quang Tran,0,0,30,30
1656716624464,MATH 20D,A01,083765,Tran; Brian Kha,4,0,30,26
1656716624464,MATH 20D,A02,083766,Tran; Brian Kha,4,0,30,26
1656716624464,MATH 20D,A03,083767,Tran; Brian Kha,1,0,30,29
1656716630490,MATH 20E,A01,083771,Ganguly; Soumya,3,0,32,29
1656716630490,MATH 20E,A02,083772,Ganguly; Soumya,4,0,32,28
1656716630490,MATH 20E,B01,083773,Ciotti; Benjamin,18,0,35,17
1656716630490,MATH 20E,B02,083774,Ciotti; Benjamin,18,0,35,17
1656716636515,MATH 103A,A01,083777,Greenfeld; Be'Eri,2,0,36,34
1656716636515,MATH 103A,A02,083778,Greenfeld; Be'Eri,5,0,36,31
1656716636515,MATH 103A,A03,093561,Greenfeld; Be'Eri,4,0,36,32
1656716636515,MATH 103A,B01,083779,Greenfeld; Be'Eri,6,0,36,30
1656716636515,MATH 103A,B02,083780,Greenfeld; Be'Eri,2,0,36,34
1656716636515,MATH 103A,B03,093562,Greenfeld; Be'Eri,2,0,36,34
1656716642539,MATH 105,A01,085443,Carter; Anne Toulson,13,0,35,22
1656716642539,MATH 105,A02,093477,Carter; Anne Toulson,20,0,35,15
1656716648568,MATH 109,A01,083213,Ganzberger; Geoffrey Michael,1,0,34,33
1656716648568,MATH 109,A02,083214,Ganzberger; Geoffrey Michael,1,0,34,33
1656716648568,MATH 109,A03,093478,Ganzberger; Geoffrey Michael,2,0,34,32
1656716648568,MATH 109,B01,083215,Ganzberger; Geoffrey Michael,1,0,32,31
1656716648568,MATH 109,B02,083216,Ganzberger; Geoffrey Michael,2,0,32,30
1656716648568,MATH 109,B03,093479,Ganzberger; Geoffrey Michael,7,0,32,25
1656716654592,MATH 142A,A01,083219,Chow; Bennett,5,0,32,27
1656716654592,MATH 142A,A02,083220,Chow; Bennett,9,0,32,23
1656716654592,MATH 142A,A03,093480,Chow; Bennett,7,0,32,25
1656716654592,MATH 142A,B03,093481,Chow; Bennett,6,0,32,26
1656716654592,MATH 142A,B04,093558,Chow; Bennett,10,0,32,22
1656716654592,MATH 142A,B05,093559,Chow; Bennett,4,0,32,28
1656716660633,MATH 193A,A01,083224,Rotar; Vladimir,4,0,34,30
1656716660633,MATH 193A,A02,083225,Rotar; Vladimir,2,0,34,32
1656716660633,MATH 193A,A03,083781,Rotar; Vladimir,1,0,34,33
1656716660633,MATH 193A,A04,083782,Rotar; Vladimir,4,0,34,30
1656716660633,MATH 193A,A05,093482,Rotar; Vladimir,5,0,34,29
1656716666664,MATH 197,001,091859,McAuley; Julian John,9999,0,9999,0
1656716666664,MATH 197,002,095566,Kedlaya; Kiran S.,9997,0,9999,2
1656716666664,MATH 197,003,095567,Xiao; Ming,9999,0,9999,0
1656716666664,MATH 197,004,095571,Perols; Johan Lars,9998,0,9999,1
1656716673728,COGS 9,A01,083615,Shannon; Kyle Michael,6,0,75,69
1656716679751,COGS 11,A01,083617,Boyle; Mary E. T.,17,0,48,31
1656716685779,COGS 13,A01,083071,Bastos; Amalia Pinkusfeld,6,0,71,65
1656716691807,COGS 14A,A01,092681,Semenuks; Arturs,0,1,100,102
1656716697829,COGS 14B,A01,083073,Cheng; Tzu-Han,5,0,63,58
1656716703861,COGS 17,A01,092677,Semenuks; Arturs,4,0,81,77
1656716709888,COGS 100,A01,083619,Allen; Michael Gordon,13,0,70,57
1656716715925,COGS 101A,A01,083621,Davis; Joshua Daniel,9,0,68,59
1656716721951,COGS 101B,A01,091572,Allen; Michael Gordon,4,0,65,61
1656716727978,COGS 101C,A01,083625,Delgado; Tania,17,0,35,18
1656716734005,COGS 107A,A01,083627,Boyle; Mary E. T.,12,0,60,48
1656716740027,COGS 118A,A01,083075,Gupta; Anjum,13,0,76,63
1656716746127,CSE 3,A50,083646,Miranda; Gregory Joseph,22,0,50,28
1656716752153,CSE 8A,A50,083650,Miranda; Gregory Joseph,17,1,56,39
1656716758176,CSE 11,A01,083080,Cao; Yingjun,3,16,40,37
1656716764221,CSE 12,A01,083652,Krause-Levy; Sophia Louisa,19,1,120,101
1656716770245,CSE 15L,A01,083654,Morris; Justin Loren,8,0,50,42
1656716770245,CSE 15L,A02,083655,Morris; Justin Loren,8,0,50,42
1656716776272,CSE 20,A01,083657,Tran; Khoa Dang,36,0,80,44
1656716782301,CSE 21,A01,095574,Bach; Quang Tran,21,0,48,27
1656716788338,CSE 30,A01,083084,Eldon; John,5,0,80,75
1656716788338,CSE 30,B01,095061,Bhaskar; Nishant,3,0,50,47
1656716794367,CSE 100,A01,083659,Cao; Yingjun,1,5,70,69
1656716800409,CSE 134B,A01,083661,Powell; Thomas Allan,17,0,100,83
1656716806436,CSE 140,A01,083663,Gungor; Onat,14,0,85,71
1656716812477,CSE 140L,A01,083088,Eldon; John,16,0,100,84
1656716818504,CSE 175,A01,083665,Kumar; Rakesh,3,0,25,22
1656716824539,CSE 190,A00,092507,Dubnov; Shlomo,5,0,20,15
1656716830566,ECE 45,A01,083139,Congero; Spencer William,5,0,75,70
1656716836595,ECE 65,A50,083695,Saad; Andrew S,12,0,30,18
1656716836595,ECE 65,A51,095125,Saad; Andrew S,25,0,26,1
1656716842627,ECE 109,A01,091882,Touri; Behrouz,13,0,70,57
1656716848652,ECE 180,A00,083140,Abi Samra; Nicholas Camill,1,0,30,29
1656716848652,ECE 180,B00,083141,Abi Samra; Nicholas Camill,0,0,30,30
1656716854676,MATH 10A,A01,083735,Patchell; Gregory David,0,0,30,30
1656716854676,MATH 10A,A02,083736,Patchell; Gregory David,20,0,30,10
1656716854676,MATH 10A,A03,083737,Patchell; Gregory David,16,0,30,14
1656716860701,MATH 10B,A01,083207,Lim; Seonhee,7,0,34,27
1656716860701,MATH 10B,A02,083208,Lim; Seonhee,9,0,35,26
1656716860701,MATH 10B,A03,093472,Lim; Seonhee,3,0,34,31
1656716860701,MATH 10B,B01,083739,Sinha; Shubham,9,0,30,21
1656716866727,MATH 18,A01,083743,Cinel; Cameron Alexander,5,0,30,25
1656716866727,MATH 18,A02,083744,Cinel; Cameron Alexander,14,0,30,16
1656716866727,MATH 18,A03,083745,Cinel; Cameron Alexander,8,0,30,22
1656716866727,MATH 18,B01,083748,Rideout; David Porter,2,0,37,35
1656716866727,MATH 18,B02,083749,Rideout; David Porter,2,0,36,34
1656716866727,MATH 18,B03,083750,Rideout; David Porter,1,0,37,36
1656716866727,MATH 18,B04,083751,Rideout; David Porter,4,0,36,32
1656716866727,MATH 18,B05,093473,Rideout; David Porter,4,0,36,32
1656716866727,MATH 18,B06,093474,Rideout; David Porter,4,0,36,32
1656716872748,MATH 20A,A01,083754,Zheng; Zequn,12,0,40,28
1656716878772,MATH 20B,A01,083756,Briones; Jor-el Thomas Caparas,1,1,36,35
1656716878772,MATH 20B,A02,083757,Briones; Jor-el Thomas Caparas,0,0,36,36
1656716878772,MATH 20B,A03,093475,Briones; Jor-el Thomas Caparas,1,0,36,35
1656716884795,MATH 20C,A01,083760,Briones; Jor-el Thomas Caparas,0,0,35,35
1656716884795,MATH 20C,A02,083761,Briones; Jor-el Thomas Caparas,8,0,35,27
1656716884795,MATH 20C,A03,093476,Briones; Jor-el Thomas Caparas,0,1,36,36
1656716884795,MATH 20C,B01,083762,Bach; Quang Tran,0,0,30,30
1656716890817,MATH 20D,A01,083765,Tran; Brian Kha,4,0,30,26
1656716890817,MATH 20D,A02,083766,Tran; Brian Kha,4,0,30,26
1656716890817,MATH 20D,A03,083767,Tran; Brian Kha,1,0,30,29
1656716896841,MATH 20E,A01,083771,Ganguly; Soumya,3,0,32,29
1656716896841,MATH 20E,A02,083772,Ganguly; Soumya,4,0,32,28
1656716896841,MATH 20E,B01,083773,Ciotti; Benjamin,18,0,35,17
1656716896841,MATH 20E,B02,083774,Ciotti; Benjamin,18,0,35,17
1656716902865,MATH 103A,A01,083777,Greenfeld; Be'Eri,2,0,36,34
1656716902865,MATH 103A,A02,083778,Greenfeld; Be'Eri,5,0,36,31
1656716902865,MATH 103A,A03,093561,Greenfeld; Be'Eri,4,0,36,32
1656716902865,MATH 103A,B01,083779,Greenfeld; Be'Eri,6,0,36,30
1656716902865,MATH 103A,B02,083780,Greenfeld; Be'Eri,2,0,36,34
1656716902865,MATH 103A,B03,093562,Greenfeld; Be'Eri,2,0,36,34
1656716908889,MATH 105,A01,085443,Carter; Anne Toulson,13,0,35,22
1656716908889,MATH 105,A02,093477,Carter; Anne Toulson,20,0,35,15
1656716914913,MATH 109,A01,083213,Ganzberger; Geoffrey Michael,1,0,34,33
1656716914913,MATH 109,A02,083214,Ganzberger; Geoffrey Michael,1,0,34,33
1656716914913,MATH 109,A03,093478,Ganzberger; Geoffrey Michael,2,0,34,32
1656716914913,MATH 109,B01,083215,Ganzberger; Geoffrey Michael,1,0,32,31
1656716914913,MATH 109,B02,083216,Ganzberger; Geoffrey Michael,2,0,32,30
1656716914913,MATH 109,B03,093479,Ganzberger; Geoffrey Michael,7,0,32,25
1656716920942,MATH 142A,A01,083219,Chow; Bennett,5,0,32,27
1656716920942,MATH 142A,A02,083220,Chow; Bennett,9,0,32,23
1656716920942,MATH 142A,A03,093480,Chow; Bennett,7,0,32,25
1656716920942,MATH 142A,B03,093481,Chow; Bennett,6,0,32,26
1656716920942,MATH 142A,B04,093558,Chow; Bennett,10,0,32,22
1656716920942,MATH 142A,B05,093559,Chow; Bennett,4,0,32,28
1656716926969,MATH 193A,A01,083224,Rotar; Vladimir,4,0,34,30
1656716926969,MATH 193A,A02,083225,Rotar; Vladimir,2,0,34,32
1656716926969,MATH 193A,A03,083781,Rotar; Vladimir,1,0,34,33
1656716926969,MATH 193A,A04,083782,Rotar; Vladimir,4,0,34,30
1656716926969,MATH 193A,A05,093482,Rotar; Vladimir,5,0,34,29
1656716932993,MATH 197,001,091859,McAuley; Julian John,9999,0,9999,0
1656716932993,MATH 197,002,095566,Kedlaya; Kiran S.,9997,0,9999,2
1656716932993,MATH 197,003,095567,Xiao; Ming,9999,0,9999,0
1656716932993,MATH 197,004,095571,Perols; Johan Lars,9998,0,9999,1
1656716940056,COGS 9,A01,083615,Shannon; Kyle Michael,6,0,75,69
1656716946081,COGS 11,A01,083617,Boyle; Mary E. T.,17,0,48,31
1656716952108,COGS 13,A01,083071,Bastos; Amalia Pinkusfeld,6,0,71,65
1656716958136,COGS 14A,A01,092681,Semenuks; Arturs,0,1,100,102
1656716964159,COGS 14B,A01,083073,Cheng; Tzu-Han,5,0,63,58
1656716970182,COGS 17,A01,092677,Semenuks; Arturs,4,0,81,77
1656716976223,COGS 100,A01,083619,Allen; Michael Gordon,13,0,70,57
1656716982252,COGS 101A,A01,083621,Davis; Joshua Daniel,9,0,68,59
1656716988298,COGS 101B,A01,091572,Allen; Michael Gordon,4,0,65,61
1656716994331,COGS 101C,A01,083625,Delgado; Tania,17,0,35,18
1656717000355,COGS 107A,A01,083627,Boyle; Mary E. T.,12,0,60,48
1656717006385,COGS 118A,A01,083075,Gupta; Anjum,13,0,76,63
1656717012408,CSE 3,A50,083646,Miranda; Gregory Joseph,22,0,50,28
1656717018440,CSE 8A,A50,083650,Miranda; Gregory Joseph,17,1,56,39
1656717024467,CSE 11,A01,083080,Cao; Yingjun,3,16,40,37
1656717030490,CSE 12,A01,083652,Krause-Levy; Sophia Louisa,19,1,120,101
1656717036518,CSE 15L,A01,083654,Morris; Justin Loren,8,0,50,42
1656717036518,CSE 15L,A02,083655,Morris; Justin Loren,8,0,50,42
1656717042544,CSE 20,A01,083657,Tran; Khoa Dang,36,0,80,44
1656717048576,CSE 21,A01,095574,Bach; Quang Tran,21,0,48,27
1656717054599,CSE 30,A01,083084,Eldon; John,5,0,80,75
1656717054599,CSE 30,B01,095061,Bhaskar; Nishant,3,0,50,47
1656717060623,CSE 100,A01,083659,Cao; Yingjun,1,5,70,69
1656717066646,CSE 134B,A01,083661,Powell; Thomas Allan,17,0,100,83
1656717072670,CSE 140,A01,083663,Gungor; Onat,14,0,85,71
1656717078706,CSE 140L,A01,083088,Eldon; John,16,0,100,84
1656717084731,CSE 175,A01,083665,Kumar; Rakesh,3,0,25,22
1656717090754,CSE 190,A00,092507,Dubnov; Shlomo,5,0,20,15
1656717096783,ECE 45,A01,083139,Congero; Spencer William,5,0,75,70
1656717102811,ECE 65,A50,083695,Saad; Andrew S,12,0,30,18
1656717102811,ECE 65,A51,095125,Saad; Andrew S,25,0,26,1
1656717108834,ECE 109,A01,091882,Touri; Behrouz,13,0,70,57
1656717114861,ECE 180,A00,083140,Abi Samra; Nicholas Camill,1,0,30,29
1656717114861,ECE 180,B00,083141,Abi Samra; Nicholas Camill,0,0,30,30
1656717120896,MATH 10A,A01,083735,Patchell; Gregory David,0,0,30,30
1656717120896,MATH 10A,A02,083736,Patchell; Gregory David,20,0,30,10
1656717120896,MATH 10A,A03,083737,Patchell; Gregory David,16,0,30,14
1656717126927,MATH 10B,A01,083207,Lim; Seonhee,7,0,34,27
1656717126927,MATH 10B,A02,083208,Lim; Seonhee,9,0,35,26
1656717126927,MATH 10B,A03,093472,Lim; Seonhee,3,0,34,31
1656717126927,MATH 10B,B01,083739,Sinha; Shubham,9,0,30,21
1656717132955,MATH 18,A01,083743,Cinel; Cameron Alexander,5,0,30,25
1656717132955,MATH 18,A02,083744,Cinel; Cameron Alexander,14,0,30,16
1656717132955,MATH 18,A03,083745,Cinel; Cameron Alexander,8,0,30,22
1656717132955,MATH 18,B01,083748,Rideout; David Porter,2,0,37,35
1656717132955,MATH 18,B02,083749,Rideout; David Porter,2,0,36,34
1656717132955,MATH 18,B03,083750,Rideout; David Porter,1,0,37,36
1656717132955,MATH 18,B04,083751,Rideout; David Porter,4,0,36,32
1656717132955,MATH 18,B05,093473,Rideout; David Porter,4,0,36,32
1656717132955,MATH 18,B06,093474,Rideout; David Porter,4,0,36,32
1656717138984,MATH 20A,A01,083754,Zheng; Zequn,12,0,40,28
1656717145012,MATH 20B,A01,083756,Briones; Jor-el Thomas Caparas,1,1,36,35
1656717145012,MATH 20B,A02,083757,Briones; Jor-el Thomas Caparas,0,0,36,36
1656717145012,MATH 20B,A03,093475,Briones; Jor-el Thomas Caparas,1,0,36,35
1656717151040,MATH 20C,A01,083760,Briones; Jor-el Thomas Caparas,0,0,35,35
1656717151040,MATH 20C,A02,083761,Briones; Jor-el Thomas Caparas,8,0,35,27
1656717151040,MATH 20C,A03,093476,Briones; Jor-el Thomas Caparas,0,1,36,36
1656717151040,MATH 20C,B01,083762,Bach; Quang Tran,0,0,30,30
1656717157067,MATH 20D,A01,083765,Tran; Brian Kha,4,0,30,26
1656717157067,MATH 20D,A02,083766,Tran; Brian Kha,4,0,30,26
1656717157067,MATH 20D,A03,083767,Tran; Brian Kha,1,0,30,29
1656717163097,MATH 20E,A01,083771,Ganguly; Soumya,3,0,32,29
1656717163097,MATH 20E,A02,083772,Ganguly; Soumya,4,0,32,28
1656717163097,MATH 20E,B01,083773,Ciotti; Benjamin,18,0,35,17
1656717163097,MATH 20E,B02,083774,Ciotti; Benjamin,18,0,35,17
1656717169126,MATH 103A,A01,083777,Greenfeld; Be'Eri,2,0,36,34
1656717169126,MATH 103A,A02,083778,Greenfeld; Be'Eri,5,0,36,31
1656717169126,MATH 103A,A03,093561,Greenfeld; Be'Eri,4,0,36,32
1656717169126,MATH 103A,B01,083779,Greenfeld; Be'Eri,6,0,36,30
1656717169126,MATH 103A,B02,083780,Greenfeld; Be'Eri,2,0,36,34
1656717169126,MATH 103A,B03,093562,Greenfeld; Be'Eri,2,0,36,34
1656717175153,MATH 105,A01,085443,Carter; Anne Toulson,13,0,35,22
1656717175153,MATH 105,A02,093477,Carter; Anne Toulson,20,0,35,15
1656717181175,MATH 109,A01,083213,Ganzberger; Geoffrey Michael,1,0,34,33
1656717181175,MATH 109,A02,083214,Ganzberger; Geoffrey Michael,2,0,34,32
1656717181175,MATH 109,A03,093478,Ganzberger; Geoffrey Michael,2,0,34,32
1656717181175,MATH 109,B01,083215,Ganzberger; Geoffrey Michael,1,0,32,31
1656717181175,MATH 109,B02,083216,Ganzberger; Geoffrey Michael,2,0,32,30
1656717181175,MATH 109,B03,093479,Ganzberger; Geoffrey Michael,7,0,32,25
1656717187207,MATH 142A,A01,083219,Chow; Bennett,5,0,32,27
1656717187207,MATH 142A,A02,083220,Chow; Bennett,9,0,32,23
1656717187207,MATH 142A,A03,093480,Chow; Bennett,7,0,32,25
1656717187207,MATH 142A,B03,093481,Chow; Bennett,6,0,32,26
1656717187207,MATH 142A,B04,093558,Chow; Bennett,10,0,32,22
1656717187207,MATH 142A,B05,093559,Chow; Bennett,4,0,32,28
1656717193231,MATH 193A,A01,083224,Rotar; Vladimir,4,0,34,30
1656717193231,MATH 193A,A02,083225,Rotar; Vladimir,2,0,34,32
1656717193231,MATH 193A,A03,083781,Rotar; Vladimir,1,0,34,33
1656717193231,MATH 193A,A04,083782,Rotar; Vladimir,4,0,34,30
1656717193231,MATH 193A,A05,093482,Rotar; Vladimir,5,0,34,29
1656717199253,MATH 197,001,091859,McAuley; Julian John,9999,0,9999,0
1656717199253,MATH 197,002,095566,Kedlaya; Kiran S.,9997,0,9999,2
1656717199253,MATH 197,003,095567,Xiao; Ming,9999,0,9999,0
1656717199253,MATH 197,004,095571,Perols; Johan Lars,9998,0,9999,1
1656717206305,COGS 9,A01,083615,Shannon; Kyle Michael,6,0,75,69
1656717212332,COGS 11,A01,083617,Boyle; Mary E. T.,17,0,48,31
1656717218355,COGS 13,A01,083071,Bastos; Amalia Pinkusfeld,6,0,71,65
1656717224390,COGS 14A,A01,092681,Semenuks; Arturs,0,1,100,102
1656717230415,COGS 14B,A01,083073,Cheng; Tzu-Han,5,0,63,58
1656717236441,COGS 17,A01,092677,Semenuks; Arturs,4,0,81,77
1656717242464,COGS 100,A01,083619,Allen; Michael Gordon,13,0,70,57
1656717248488,COGS 101A,A01,083621,Davis; Joshua Daniel,9,0,68,59
1656717254512,COGS 101B,A01,091572,Allen; Michael Gordon,4,0,65,61
1656717260535,COGS 101C,A01,083625,Delgado; Tania,17,0,35,18
1656717266562,COGS 107A,A01,083627,Boyle; Mary E. T.,12,0,60,48
1656717272591,COGS 118A,A01,083075,Gupta; Anjum,13,0,76,63
1656717278620,CSE 3,A50,083646,Miranda; Gregory Joseph,22,0,50,28
1656717284650,CSE 8A,A50,083650,Miranda; Gregory Joseph,17,1,56,39
1656717290674,CSE 11,A01,083080,Cao; Yingjun,3,16,40,37
1656717296699,CSE 12,A01,083652,Krause-Levy; Sophia Louisa,19,1,120,101
1656717302728,CSE 15L,A01,083654,Morris; Justin Loren,8,0,50,42
1656717302728,CSE 15L,A02,083655,Morris; Justin Loren,8,0,50,42
1656717308751,CSE 20,A01,083657,Tran; Khoa Dang,36,0,80,44
1656717314778,CSE 21,A01,095574,Bach; Quang Tran,21,0,48,27
1656717320802,CSE 30,A01,083084,Eldon; John,5,0,80,75
1656717320802,CSE 30,B01,095061,Bhaskar; Nishant,3,0,50,47
1656717326829,CSE 100,A01,083659,Cao; Yingjun,1,5,70,69
1656717332853,CSE 134B,A01,083661,Powell; Thomas Allan,17,0,100,83
1656717338883,CSE 140,A01,083663,Gungor; Onat,14,0,85,71
1656717344985,CSE 140L,A01,083088,Eldon; John,16,0,100,84
1656717351012,CSE 175,A01,083665,Kumar; Rakesh,3,0,25,22
1656717357038,CSE 190,A00,092507,Dubnov; Shlomo,5,0,20,15
1656717363061,ECE 45,A01,083139,Congero; Spencer William,5,0,75,70
1656717369090,ECE 65,A50,083695,Saad; Andrew S,12,0,30,18
1656717369090,ECE 65,A51,095125,Saad; Andrew S,25,0,26,1
1656717375128,ECE 109,A01,091882,Touri; Behrouz,13,0,70,57
1656717381151,ECE 180,A00,083140,Abi Samra; Nicholas Camill,1,0,30,29
1656717381151,ECE 180,B00,083141,Abi Samra; Nicholas Camill,0,0,30,30
1656717387181,MATH 10A,A01,083735,Patchell; Gregory David,0,0,30,30
1656717387181,MATH 10A,A02,083736,Patchell; Gregory David,20,0,30,10
1656717387181,MATH 10A,A03,083737,Patchell; Gregory David,16,0,30,14
1656717393207,MATH 10B,A01,083207,Lim; Seonhee,7,0,34,27
1656717393207,MATH 10B,A02,083208,Lim; Seonhee,9,0,35,26
1656717393207,MATH 10B,A03,093472,Lim; Seonhee,3,0,34,31
1656717393207,MATH 10B,B01,083739,Sinha; Shubham,9,0,30,21
1656717399239,MATH 18,A01,083743,Cinel; Cameron Alexander,5,0,30,25
1656717399239,MATH 18,A02,083744,Cinel; Cameron Alexander,15,0,30,15
1656717399239,MATH 18,A03,083745,Cinel; Cameron Alexander,8,0,30,22
1656717399239,MATH 18,B01,083748,Rideout; David Porter,2,0,37,35
1656717399239,MATH 18,B02,083749,Rideout; David Porter,2,0,36,34
1656717399239,MATH 18,B03,083750,Rideout; David Porter,1,0,37,36
1656717399239,MATH 18,B04,083751,Rideout; David Porter,4,0,36,32
1656717399239,MATH 18,B05,093473,Rideout; David Porter,4,0,36,32
1656717399239,MATH 18,B06,093474,Rideout; David Porter,4,0,36,32
1656717405264,MATH 20A,A01,083754,Zheng; Zequn,12,0,40,28
1656717411291,MATH 20B,A01,083756,Briones; Jor-el Thomas Caparas,1,1,36,35
1656717411291,MATH 20B,A02,083757,Briones; Jor-el Thomas Caparas,0,0,36,36
1656717411291,MATH 20B,A03,093475,Briones; Jor-el Thomas Caparas,1,0,36,35
1656717417315,MATH 20C,A01,083760,Briones; Jor-el Thomas Caparas,0,0,35,35
1656717417315,MATH 20C,A02,083761,Briones; Jor-el Thomas Caparas,8,0,35,27
1656717417315,MATH 20C,A03,093476,Briones; Jor-el Thomas Caparas,0,1,36,36
1656717417315,MATH 20C,B01,083762,Bach; Quang Tran,0,0,30,30
1656717423343,MATH 20D,A01,083765,Tran; Brian Kha,4,0,30,26
1656717423343,MATH 20D,A02,083766,Tran; Brian Kha,4,0,30,26
1656717423343,MATH 20D,A03,083767,Tran; Brian Kha,1,0,30,29
1656717429375,MATH 20E,A01,083771,Ganguly; Soumya,3,0,32,29
1656717429375,MATH 20E,A02,083772,Ganguly; Soumya,4,0,32,28
1656717429375,MATH 20E,B01,083773,Ciotti; Benjamin,18,0,35,17
1656717429375,MATH 20E,B02,083774,Ciotti; Benjamin,18,0,35,17
1656717435399,MATH 103A,A01,083777,Greenfeld; Be'Eri,2,0,36,34
1656717435399,MATH 103A,A02,083778,Greenfeld; Be'Eri,5,0,36,31
1656717435399,MATH 103A,A03,093561,Greenfeld; Be'Eri,4,0,36,32
1656717435399,MATH 103A,B01,083779,Greenfeld; Be'Eri,6,0,36,30
1656717435399,MATH 103A,B02,083780,Greenfeld; Be'Eri,2,0,36,34
1656717435399,MATH 103A,B03,093562,Greenfeld; Be'Eri,2,0,36,34
1656717441426,MATH 105,A01,085443,Carter; Anne Toulson,13,0,35,22
1656717441426,MATH 105,A02,093477,Carter; Anne Toulson,20,0,35,15
1656717447462,MATH 109,A01,083213,Ganzberger; Geoffrey Michael,1,0,34,33
1656717447462,MATH 109,A02,083214,Ganzberger; Geoffrey Michael,2,0,34,32
1656717447462,MATH 109,A03,093478,Ganzberger; Geoffrey Michael,2,0,34,32
1656717447462,MATH 109,B01,083215,Ganzberger; Geoffrey Michael,1,0,32,31
1656717447462,MATH 109,B02,083216,Ganzberger; Geoffrey Michael,2,0,32,30
1656717447462,MATH 109,B03,093479,Ganzberger; Geoffrey Michael,7,0,32,25
1656717453493,MATH 142A,A01,083219,Chow; Bennett,5,0,32,27
1656717453493,MATH 142A,A02,083220,Chow; Bennett,9,0,32,23
1656717453493,MATH 142A,A03,093480,Chow; Bennett,7,0,32,25
1656717453493,MATH 142A,B03,093481,Chow; Bennett,6,0,32,26
1656717453493,MATH 142A,B04,093558,Chow; Bennett,10,0,32,22
1656717453493,MATH 142A,B05,093559,Chow; Bennett,4,0,32,28
1656717459521,MATH 193A,A01,083224,Rotar; Vladimir,4,0,34,30
1656717459521,MATH 193A,A02,083225,Rotar; Vladimir,2,0,34,32
1656717459521,MATH 193A,A03,083781,Rotar; Vladimir,1,0,34,33
1656717459521,MATH 193A,A04,083782,Rotar; Vladimir,4,0,34,30
1656717459521,MATH 193A,A05,093482,Rotar; Vladimir,5,0,34,29
1656717465552,MATH 197,001,091859,McAuley; Julian John,9999,0,9999,0
1656717465552,MATH 197,002,095566,Kedlaya; Kiran S.,9997,0,9999,2
1656717465552,MATH 197,003,095567,Xiao; Ming,9999,0,9999,0
1656717465552,MATH 197,004,095571,Perols; Johan Lars,9998,0,9999,1
1656717472614,COGS 9,A01,083615,Shannon; Kyle Michael,6,0,75,69
1656717478641,COGS 11,A01,083617,Boyle; Mary E. T.,17,0,48,31
1656717484664,COGS 13,A01,083071,Bastos; Amalia Pinkusfeld,6,0,71,65
1656717490687,COGS 14A,A01,092681,Semenuks; Arturs,0,1,100,102
1656717496710,COGS 14B,A01,083073,Cheng; Tzu-Han,5,0,63,58
1656717502735,COGS 17,A01,092677,Semenuks; Arturs,4,0,81,77
1656717508763,COGS 100,A01,083619,Allen; Michael Gordon,13,0,70,57
1656717514786,COGS 101A,A01,083621,Davis; Joshua Daniel,9,0,68,59
1656717520809,COGS 101B,A01,091572,Allen; Michael Gordon,4,0,65,61
1656717526835,COGS 101C,A01,083625,Delgado; Tania,17,0,35,18
1656717532866,COGS 107A,A01,083627,Boyle; Mary E. T.,12,0,60,48
1656717538894,COGS 118A,A01,083075,Gupta; Anjum,13,0,76,63
1656717544918,CSE 3,A50,083646,Miranda; Gregory Joseph,22,0,50,28
1656717550945,CSE 8A,A50,083650,Miranda; Gregory Joseph,17,1,56,39
1656717556969,CSE 11,A01,083080,Cao; Yingjun,3,16,40,37
1656717562992,CSE 12,A01,083652,Krause-Levy; Sophia Louisa,19,1,120,101
1656717569015,CSE 15L,A01,083654,Morris; Justin Loren,8,0,50,42
1656717569015,CSE 15L,A02,083655,Morris; Justin Loren,8,0,50,42
1656717575038,CSE 20,A01,083657,Tran; Khoa Dang,36,0,80,44
1656717581064,CSE 21,A01,095574,Bach; Quang Tran,21,0,48,27
1656717587091,CSE 30,A01,083084,Eldon; John,5,0,80,75
1656717587091,CSE 30,B01,095061,Bhaskar; Nishant,3,0,50,47
1656717593117,CSE 100,A01,083659,Cao; Yingjun,1,5,70,69
1656717599142,CSE 134B,A01,083661,Powell; Thomas Allan,17,0,100,83
1656717605170,CSE 140,A01,083663,Gungor; Onat,14,0,85,71
1656717611194,CSE 140L,A01,083088,Eldon; John,16,0,100,84
1656717617218,CSE 175,A01,083665,Kumar; Rakesh,3,0,25,22
1656717623243,CSE 190,A00,092507,Dubnov; Shlomo,5,0,20,15
1656717629269,ECE 45,A01,083139,Congero; Spencer William,5,0,75,70
1656717635298,ECE 65,A50,083695,Saad; Andrew S,12,0,30,18
1656717635298,ECE 65,A51,095125,Saad; Andrew S,25,0,26,1
1656717641320,ECE 109,A01,091882,Touri; Behrouz,13,0,70,57
1656717647366,ECE 180,A00,083140,Abi Samra; Nicholas Camill,1,0,30,29
1656717647366,ECE 180,B00,083141,Abi Samra; Nicholas Camill,0,0,30,30
1656717653391,MATH 10A,A01,083735,Patchell; Gregory David,0,0,30,30
1656717653391,MATH 10A,A02,083736,Patchell; Gregory David,20,0,30,10
1656717653391,MATH 10A,A03,083737,Patchell; Gregory David,16,0,30,14
1656717659422,MATH 10B,A01,083207,Lim; Seonhee,7,0,34,27
1656717659422,MATH 10B,A02,083208,Lim; Seonhee,9,0,35,26
1656717659422,MATH 10B,A03,093472,Lim; Seonhee,3,0,34,31
1656717659422,MATH 10B,B01,083739,Sinha; Shubham,9,0,30,21
1656717665453,MATH 18,A01,083743,Cinel; Cameron Alexander,5,0,30,25
1656717665453,MATH 18,A02,083744,Cinel; Cameron Alexander,15,0,30,15
1656717665453,MATH 18,A03,083745,Cinel; Cameron Alexander,8,0,30,22
1656717665453,MATH 18,B01,083748,Rideout; David Porter,2,0,37,35
1656717665453,MATH 18,B02,083749,Rideout; David Porter,2,0,36,34
1656717665453,MATH 18,B03,083750,Rideout; David Porter,1,0,37,36
1656717665453,MATH 18,B04,083751,Rideout; David Porter,4,0,36,32
1656717665453,MATH 18,B05,093473,Rideout; David Porter,4,0,36,32
1656717665453,MATH 18,B06,093474,Rideout; David Porter,4,0,36,32
1656717671483,MATH 20A,A01,083754,Zheng; Zequn,12,0,40,28
1656717677506,MATH 20B,A01,083756,Briones; Jor-el Thomas Caparas,1,0,36,35
1656717677506,MATH 20B,A02,083757,Briones; Jor-el Thomas Caparas,0,0,36,36
1656717677506,MATH 20B,A03,093475,Briones; Jor-el Thomas Caparas,1,0,36,35
1656717683531,MATH 20C,A01,083760,Briones; Jor-el Thomas Caparas,0,0,35,35
1656717683531,MATH 20C,A02,083761,Briones; Jor-el Thomas Caparas,8,0,35,27
1656717683531,MATH 20C,A03,093476,Briones; Jor-el Thomas Caparas,0,1,36,36
1656717683531,MATH 20C,B01,083762,Bach; Quang Tran,0,0,30,30
1656717689559,MATH 20D,A01,083765,Tran; Brian Kha,4,0,30,26
1656717689559,MATH 20D,A02,083766,Tran; Brian Kha,4,0,30,26
1656717689559,MATH 20D,A03,083767,Tran; Brian Kha,1,0,30,29
1656717695583,MATH 20E,A01,083771,Ganguly; Soumya,3,0,32,29
1656717695583,MATH 20E,A02,083772,Ganguly; Soumya,4,0,32,28
1656717695583,MATH 20E,B01,083773,Ciotti; Benjamin,18,0,35,17
1656717695583,MATH 20E,B02,083774,Ciotti; Benjamin,18,0,35,17
1656717701606,MATH 103A,A01,083777,Greenfeld; Be'Eri,2,0,36,34
1656717701606,MATH 103A,A02,083778,Greenfeld; Be'Eri,5,0,36,31
1656717701606,MATH 103A,A03,093561,Greenfeld; Be'Eri,4,0,36,32
1656717701606,MATH 103A,B01,083779,Greenfeld; Be'Eri,6,0,36,30
1656717701606,MATH 103A,B02,083780,Greenfeld; Be'Eri,2,0,36,34
1656717701606,MATH 103A,B03,093562,Greenfeld; Be'Eri,2,0,36,34
1656717707633,MATH 105,A01,085443,Carter; Anne Toulson,13,0,35,22
1656717707633,MATH 105,A02,093477,Carter; Anne Toulson,20,0,35,15
1656717713661,MATH 109,A01,083213,Ganzberger; Geoffrey Michael,1,0,34,33
1656717713661,MATH 109,A02,083214,Ganzberger; Geoffrey Michael,2,0,34,32
1656717713661,MATH 109,A03,093478,Ganzberger; Geoffrey Michael,2,0,34,32
1656717713661,MATH 109,B01,083215,Ganzberger; Geoffrey Michael,1,0,32,31
1656717713661,MATH 109,B02,083216,Ganzberger; Geoffrey Michael,2,0,32,30
1656717713661,MATH 109,B03,093479,Ganzberger; Geoffrey Michael,7,0,32,25
1656717719685,MATH 142A,A01,083219,Chow; Bennett,5,0,32,27
1656717719685,MATH 142A,A02,083220,Chow; Bennett,9,0,32,23
1656717719685,MATH 142A,A03,093480,Chow; Bennett,7,0,32,25
1656717719685,MATH 142A,B03,093481,Chow; Bennett,6,0,32,26
1656717719685,MATH 142A,B04,093558,Chow; Bennett,10,0,32,22
1656717719685,MATH 142A,B05,093559,Chow; Bennett,4,0,32,28
1656717725708,MATH 193A,A01,083224,Rotar; Vladimir,4,0,34,30
1656717725708,MATH 193A,A02,083225,Rotar; Vladimir,2,0,34,32
1656717725708,MATH 193A,A03,083781,Rotar; Vladimir,1,0,34,33
1656717725708,MATH 193A,A04,083782,Rotar; Vladimir,4,0,34,30
1656717725708,MATH 193A,A05,093482,Rotar; Vladimir,5,0,34,29
1656717731736,MATH 197,001,091859,McAuley; Julian John,9999,0,9999,0
1656717731736,MATH 197,002,095566,Kedlaya; Kiran S.,9997,0,9999,2
1656717731736,MATH 197,003,095567,Xiao; Ming,9999,0,9999,0
1656717731736,MATH 197,004,095571,Perols; Johan Lars,9998,0,9999,1
1656717738792,COGS 9,A01,083615,Shannon; Kyle Michael,6,0,75,69
1656717744819,COGS 11,A01,083617,Boyle; Mary E. T.,17,0,48,31
1656717750847,COGS 13,A01,083071,Bastos; Amalia Pinkusfeld,6,0,71,65
1656717756871,COGS 14A,A01,092681,Semenuks; Arturs,0,1,100,102
1656717762894,COGS 14B,A01,083073,Cheng; Tzu-Han,5,0,63,58
1656717768917,COGS 17,A01,092677,Semenuks; Arturs,4,0,81,77
1656717774944,COGS 100,A01,083619,Allen; Michael Gordon,13,0,70,57
1656717780977,COGS 101A,A01,083621,Davis; Joshua Daniel,9,0,68,59
1656717787008,COGS 101B,A01,091572,Allen; Michael Gordon,4,0,65,61
1656717793032,COGS 101C,A01,083625,Delgado; Tania,17,0,35,18
1656717799060,COGS 107A,A01,083627,Boyle; Mary E. T.,12,0,60,48
1656717805084,COGS 118A,A01,083075,Gupta; Anjum,13,0,76,63
1656717811120,CSE 3,A50,083646,Miranda; Gregory Joseph,22,0,50,28
1656717817149,CSE 8A,A50,083650,Miranda; Gregory Joseph,17,1,56,39
1656717823176,CSE 11,A01,083080,Cao; Yingjun,3,16,40,37
1656717829198,CSE 12,A01,083652,Krause-Levy; Sophia Louisa,19,1,120,101
1656717835234,CSE 15L,A01,083654,Morris; Justin Loren,8,0,50,42
1656717835234,CSE 15L,A02,083655,Morris; Justin Loren,8,0,50,42
1656717841262,CSE 20,A01,083657,Tran; Khoa Dang,36,0,80,44
1656717847291,CSE 21,A01,095574,Bach; Quang Tran,21,0,48,27
1656717853320,CSE 30,A01,083084,Eldon; John,5,0,80,75
1656717853320,CSE 30,B01,095061,Bhaskar; Nishant,3,0,50,47
1656717859361,CSE 100,A01,083659,Cao; Yingjun,1,5,70,69
1656717865385,CSE 134B,A01,083661,Powell; Thomas Allan,17,0,100,83
1656717871407,CSE 140,A01,083663,Gungor; Onat,14,0,85,71
1656717877431,CSE 140L,A01,083088,Eldon; John,16,0,100,84
1656717883459,CSE 175,A01,083665,Kumar; Rakesh,3,0,25,22
1656717889483,CSE 190,A00,092507,Dubnov; Shlomo,5,0,20,15
1656717895510,ECE 45,A01,083139,Congero; Spencer William,5,0,75,70
1656717901533,ECE 65,A50,083695,Saad; Andrew S,12,0,30,18
1656717901533,ECE 65,A51,095125,Saad; Andrew S,25,0,26,1
1656717907560,ECE 109,A01,091882,Touri; Behrouz,13,0,70,57
1656717913594,ECE 180,A00,083140,Abi Samra; Nicholas Camill,1,0,30,29
1656717913594,ECE 180,B00,083141,Abi Samra; Nicholas Camill,0,0,30,30
1656717919618,MATH 10A,A01,083735,Patchell; Gregory David,0,0,30,30
1656717919618,MATH 10A,A02,083736,Patchell; Gregory David,20,0,30,10
1656717919618,MATH 10A,A03,083737,Patchell; Gregory David,16,0,30,14
1656717925643,MATH 10B,A01,083207,Lim; Seonhee,7,0,34,27
1656717925643,MATH 10B,A02,083208,Lim; Seonhee,9,0,35,26
1656717925643,MATH 10B,A03,093472,Lim; Seonhee,3,0,34,31
1656717925643,MATH 10B,B01,083739,Sinha; Shubham,9,0,30,21
1656717931681,MATH 18,A01,083743,Cinel; Cameron Alexander,5,0,30,25
1656717931681,MATH 18,A02,083744,Cinel; Cameron Alexander,15,0,30,15
1656717931681,MATH 18,A03,083745,Cinel; Cameron Alexander,8,0,30,22
1656717931681,MATH 18,B01,083748,Rideout; David Porter,2,0,37,35
1656717931681,MATH 18,B02,083749,Rideout; David Porter,2,0,36,34
1656717931681,MATH 18,B03,083750,Rideout; David Porter,1,0,37,36
1656717931681,MATH 18,B04,083751,Rideout; David Porter,4,0,36,32
1656717931681,MATH 18,B05,093473,Rideout; David Porter,4,0,36,32
1656717931681,MATH 18,B06,093474,Rideout; David Porter,4,0,36,32
1656717937708,MATH 20A,A01,083754,Zheng; Zequn,12,0,40,28
1656717943810,MATH 20B,A01,083756,Briones; Jor-el Thomas Caparas,1,0,36,35
1656717943810,MATH 20B,A02,083757,Briones; Jor-el Thomas Caparas,1,0,36,35
1656717943810,MATH 20B,A03,093475,Briones; Jor-el Thomas Caparas,0,0,36,36
1656717949840,MATH 20C,A01,083760,Briones; Jor-el Thomas Caparas,0,0,35,35
1656717949840,MATH 20C,A02,083761,Briones; Jor-el Thomas Caparas,8,0,35,27
1656717949840,MATH 20C,A03,093476,Briones; Jor-el Thomas Caparas,0,1,36,36
1656717949840,MATH 20C,B01,083762,Bach; Quang Tran,0,0,30,30
1656717955863,MATH 20D,A01,083765,Tran; Brian Kha,4,0,30,26
1656717955863,MATH 20D,A02,083766,Tran; Brian Kha,4,0,30,26
1656717955863,MATH 20D,A03,083767,Tran; Brian Kha,1,0,30,29
1656717961891,MATH 20E,A01,083771,Ganguly; Soumya,3,0,32,29
1656717961891,MATH 20E,A02,083772,Ganguly; Soumya,4,0,32,28
1656717961891,MATH 20E,B01,083773,Ciotti; Benjamin,18,0,35,17
1656717961891,MATH 20E,B02,083774,Ciotti; Benjamin,18,0,35,17
1656717967912,MATH 103A,A01,083777,Greenfeld; Be'Eri,2,0,36,34
1656717967912,MATH 103A,A02,083778,Greenfeld; Be'Eri,5,0,36,31
1656717967912,MATH 103A,A03,093561,Greenfeld; Be'Eri,4,0,36,32
1656717967912,MATH 103A,B01,083779,Greenfeld; Be'Eri,6,0,36,30
1656717967912,MATH 103A,B02,083780,Greenfeld; Be'Eri,2,0,36,34
1656717967912,MATH 103A,B03,093562,Greenfeld; Be'Eri,2,0,36,34
1656717973936,MATH 105,A01,085443,Carter; Anne Toulson,13,0,35,22
1656717973936,MATH 105,A02,093477,Carter; Anne Toulson,20,0,35,15
1656717979961,MATH 109,A01,083213,Ganzberger; Geoffrey Michael,1,0,34,33
1656717979961,MATH 109,A02,083214,Ganzberger; Geoffrey Michael,2,0,34,32
1656717979961,MATH 109,A03,093478,Ganzberger; Geoffrey Michael,2,0,34,32
1656717979961,MATH 109,B01,083215,Ganzberger; Geoffrey Michael,1,0,32,31
1656717979961,MATH 109,B02,083216,Ganzberger; Geoffrey Michael,2,0,32,30
1656717979961,MATH 109,B03,093479,Ganzberger; Geoffrey Michael,7,0,32,25
1656717985985,MATH 142A,A01,083219,Chow; Bennett,5,0,32,27
1656717985985,MATH 142A,A02,083220,Chow; Bennett,9,0,32,23
1656717985985,MATH 142A,A03,093480,Chow; Bennett,7,0,32,25
1656717985985,MATH 142A,B03,093481,Chow; Bennett,6,0,32,26
1656717985985,MATH 142A,B04,093558,Chow; Bennett,10,0,32,22
1656717985985,MATH 142A,B05,093559,Chow; Bennett,4,0,32,28
1656717992013,MATH 193A,A01,083224,Rotar; Vladimir,4,0,34,30
1656717992013,MATH 193A,A02,083225,Rotar; Vladimir,2,0,34,32
1656717992013,MATH 193A,A03,083781,Rotar; Vladimir,1,0,34,33
1656717992013,MATH 193A,A04,083782,Rotar; Vladimir,5,0,34,29
1656717992013,MATH 193A,A05,093482,Rotar; Vladimir,5,0,34,29
1656717998040,MATH 197,001,091859,McAuley; Julian John,9999,0,9999,0
1656717998040,MATH 197,002,095566,Kedlaya; Kiran S.,9997,0,9999,2
1656717998040,MATH 197,003,095567,Xiao; Ming,9999,0,9999,0
1656717998040,MATH 197,004,095571,Perols; Johan Lars,9998,0,9999,1
1656718005104,COGS 9,A01,083615,Shannon; Kyle Michael,6,0,75,69
1656718011130,COGS 11,A01,083617,Boyle; Mary E. T.,17,0,48,31
1656718017153,COGS 13,A01,083071,Bastos; Amalia Pinkusfeld,6,0,71,65
1656718023175,COGS 14A,A01,092681,Semenuks; Arturs,0,1,100,102
1656718029202,COGS 14B,A01,083073,Cheng; Tzu-Han,5,0,63,58
1656718035226,COGS 17,A01,092677,Semenuks; Arturs,4,0,81,77
1656718041252,COGS 100,A01,083619,Allen; Michael Gordon,13,0,70,57
1656718047275,COGS 101A,A01,083621,Davis; Joshua Daniel,9,0,68,59
1656718053304,COGS 101B,A01,091572,Allen; Michael Gordon,4,0,65,61
1656718059335,COGS 101C,A01,083625,Delgado; Tania,17,0,35,18
1656718065363,COGS 107A,A01,083627,Boyle; Mary E. T.,12,0,60,48
1656718071396,COGS 118A,A01,083075,Gupta; Anjum,13,0,76,63
1656718077430,CSE 3,A50,083646,Miranda; Gregory Joseph,22,0,50,28
1656718083466,CSE 8A,A50,083650,Miranda; Gregory Joseph,17,1,56,39
1656718089495,CSE 11,A01,083080,Cao; Yingjun,3,16,40,37
1656718095527,CSE 12,A01,083652,Krause-Levy; Sophia Louisa,19,1,120,101
1656718101549,CSE 15L,A01,083654,Morris; Justin Loren,8,0,50,42
1656718101549,CSE 15L,A02,083655,Morris; Justin Loren,8,0,50,42
1656718107573,CSE 20,A01,083657,Tran; Khoa Dang,36,0,80,44
1656718113606,CSE 21,A01,095574,Bach; Quang Tran,21,0,48,27
1656718119634,CSE 30,A01,083084,Eldon; John,5,0,80,75
1656718119634,CSE 30,B01,095061,Bhaskar; Nishant,3,0,50,47
1656718125658,CSE 100,A01,083659,Cao; Yingjun,1,5,70,69
1656718131682,CSE 134B,A01,083661,Powell; Thomas Allan,17,0,100,83
1656718137708,CSE 140,A01,083663,Gungor; Onat,14,0,85,71
1656718143740,CSE 140L,A01,083088,Eldon; John,16,0,100,84
1656718149774,CSE 175,A01,083665,Kumar; Rakesh,3,0,25,22
1656718155801,CSE 190,A00,092507,Dubnov; Shlomo,5,0,20,15
1656718161829,ECE 45,A01,083139,Congero; Spencer William,5,0,75,70
1656718167853,ECE 65,A50,083695,Saad; Andrew S,12,0,30,18
1656718167853,ECE 65,A51,095125,Saad; Andrew S,25,0,26,1
1656718173881,ECE 109,A01,091882,Touri; Behrouz,13,0,70,57
1656718179917,ECE 180,A00,083140,Abi Samra; Nicholas Camill,1,0,30,29
1656718179917,ECE 180,B00,083141,Abi Samra; Nicholas Camill,0,0,30,30
1656718185941,MATH 10A,A01,083735,Patchell; Gregory David,0,0,30,30
1656718185941,MATH 10A,A02,083736,Patchell; Gregory David,20,0,30,10
1656718185941,MATH 10A,A03,083737,Patchell; Gregory David,16,0,30,14
1656718191963,MATH 10B,A01,083207,Lim; Seonhee,7,0,34,27
1656718191963,MATH 10B,A02,083208,Lim; Seonhee,9,0,35,26
1656718191963,MATH 10B,A03,093472,Lim; Seonhee,3,0,34,31
1656718191963,MATH 10B,B01,083739,Sinha; Shubham,9,0,30,21
1656718197995,MATH 18,A01,083743,Cinel; Cameron Alexander,5,0,30,25
1656718197995,MATH 18,A02,083744,Cinel; Cameron Alexander,15,0,30,15
1656718197995,MATH 18,A03,083745,Cinel; Cameron Alexander,8,0,30,22
1656718197995,MATH 18,B01,083748,Rideout; David Porter,2,0,37,35
1656718197995,MATH 18,B02,083749,Rideout; David Porter,2,0,36,34
1656718197995,MATH 18,B03,083750,Rideout; David Porter,1,0,37,36
1656718197995,MATH 18,B04,083751,Rideout; David Porter,4,0,36,32
1656718197995,MATH 18,B05,093473,Rideout; David Porter,4,0,36,32
1656718197995,MATH 18,B06,093474,Rideout; David Porter,4,0,36,32
1656718204023,MATH 20A,A01,083754,Zheng; Zequn,12,0,40,28
1656718210045,MATH 20B,A01,083756,Briones; Jor-el Thomas Caparas,1,0,36,35
1656718210045,MATH 20B,A02,083757,Briones; Jor-el Thomas Caparas,1,0,36,35
1656718210045,MATH 20B,A03,093475,Briones; Jor-el Thomas Caparas,0,0,36,36
1656718216086,MATH 20C,A01,083760,Briones; Jor-el Thomas Caparas,0,0,35,35
1656718216086,MATH 20C,A02,083761,Briones; Jor-el Thomas Caparas,8,0,35,27
1656718216086,MATH 20C,A03,093476,Briones; Jor-el Thomas Caparas,0,1,36,36
1656718216086,MATH 20C,B01,083762,Bach; Quang Tran,0,0,30,30
1656718222115,MATH 20D,A01,083765,Tran; Brian Kha,4,0,30,26
1656718222115,MATH 20D,A02,083766,Tran; Brian Kha,4,0,30,26
1656718222115,MATH 20D,A03,083767,Tran; Brian Kha,1,0,30,29
1656718228145,MATH 20E,A01,083771,Ganguly; Soumya,3,0,32,29
1656718228145,MATH 20E,A02,083772,Ganguly; Soumya,4,0,32,28
1656718228145,MATH 20E,B01,083773,Ciotti; Benjamin,18,0,35,17
1656718228145,MATH 20E,B02,083774,Ciotti; Benjamin,18,0,35,17
1656718234180,MATH 103A,A01,083777,Greenfeld; Be'Eri,2,0,36,34
1656718234180,MATH 103A,A02,083778,Greenfeld; Be'Eri,5,0,36,31
1656718234180,MATH 103A,A03,093561,Greenfeld; Be'Eri,4,0,36,32
1656718234180,MATH 103A,B01,083779,Greenfeld; Be'Eri,6,0,36,30
1656718234180,MATH 103A,B02,083780,Greenfeld; Be'Eri,2,0,36,34
1656718234180,MATH 103A,B03,093562,Greenfeld; Be'Eri,2,0,36,34
1656718240209,MATH 105,A01,085443,Carter; Anne Toulson,13,0,35,22
1656718240209,MATH 105,A02,093477,Carter; Anne Toulson,20,0,35,15
1656718246234,MATH 109,A01,083213,Ganzberger; Geoffrey Michael,1,0,34,33
1656718246234,MATH 109,A02,083214,Ganzberger; Geoffrey Michael,2,0,34,32
1656718246234,MATH 109,A03,093478,Ganzberger; Geoffrey Michael,2,0,34,32
1656718246234,MATH 109,B01,083215,Ganzberger; Geoffrey Michael,1,0,32,31
1656718246234,MATH 109,B02,083216,Ganzberger; Geoffrey Michael,2,0,32,30
1656718246234,MATH 109,B03,093479,Ganzberger; Geoffrey Michael,7,0,32,25
1656718252265,MATH 142A,A01,083219,Chow; Bennett,5,0,32,27
1656718252265,MATH 142A,A02,083220,Chow; Bennett,9,0,32,23
1656718252265,MATH 142A,A03,093480,Chow; Bennett,7,0,32,25
1656718252265,MATH 142A,B03,093481,Chow; Bennett,6,0,32,26
1656718252265,MATH 142A,B04,093558,Chow; Bennett,10,0,32,22
1656718252265,MATH 142A,B05,093559,Chow; Bennett,4,0,32,28
1656718258288,MATH 193A,A01,083224,Rotar; Vladimir,4,0,34,30
1656718258288,MATH 193A,A02,083225,Rotar; Vladimir,2,0,34,32
1656718258288,MATH 193A,A03,083781,Rotar; Vladimir,1,0,34,33
1656718258288,MATH 193A,A04,083782,Rotar; Vladimir,5,0,34,29
1656718258288,MATH 193A,A05,093482,Rotar; Vladimir,5,0,34,29
1656718264311,MATH 197,001,091859,McAuley; Julian John,9999,0,9999,0
1656718264311,MATH 197,002,095566,Kedlaya; Kiran S.,9997,0,9999,2
1656718264311,MATH 197,003,095567,Xiao; Ming,9999,0,9999,0
1656718264311,MATH 197,004,095571,Perols; Johan Lars,9998,0,9999,1
1656718271372,COGS 9,A01,083615,Shannon; Kyle Michael,6,0,75,69
1656718277396,COGS 11,A01,083617,Boyle; Mary E. T.,17,0,48,31
1656718283425,COGS 13,A01,083071,Bastos; Amalia Pinkusfeld,6,0,71,65
1656718289451,COGS 14A,A01,092681,Semenuks; Arturs,0,1,100,102
1656718295475,COGS 14B,A01,083073,Cheng; Tzu-Han,5,0,63,58
1656718301502,COGS 17,A01,092677,Semenuks; Arturs,4,0,81,77
1656718307529,COGS 100,A01,083619,Allen; Michael Gordon,13,0,70,57
1656718313559,COGS 101A,A01,083621,Davis; Joshua Daniel,9,0,68,59
1656718319584,COGS 101B,A01,091572,Allen; Michael Gordon,4,0,65,61
1656718325622,COGS 101C,A01,083625,Delgado; Tania,17,0,35,18
1656718331648,COGS 107A,A01,083627,Boyle; Mary E. T.,12,0,60,48
1656718337674,COGS 118A,A01,083075,Gupta; Anjum,13,0,76,63
1656718343699,CSE 3,A50,083646,Miranda; Gregory Joseph,22,0,50,28
1656718349721,CSE 8A,A50,083650,Miranda; Gregory Joseph,17,1,56,39
1656718355751,CSE 11,A01,083080,Cao; Yingjun,3,16,40,37
1656718361774,CSE 12,A01,083652,Krause-Levy; Sophia Louisa,19,1,120,101
1656718367797,CSE 15L,A01,083654,Morris; Justin Loren,8,0,50,42
1656718367797,CSE 15L,A02,083655,Morris; Justin Loren,8,0,50,42
1656718373823,CSE 20,A01,083657,Tran; Khoa Dang,36,0,80,44
1656718379860,CSE 21,A01,095574,Bach; Quang Tran,21,0,48,27
1656718385888,CSE 30,A01,083084,Eldon; John,5,0,80,75
1656718385888,CSE 30,B01,095061,Bhaskar; Nishant,3,0,50,47
1656718391916,CSE 100,A01,083659,Cao; Yingjun,1,5,70,69
1656718397943,CSE 134B,A01,083661,Powell; Thomas Allan,17,0,100,83
1656718403970,CSE 140,A01,083663,Gungor; Onat,14,0,85,71
1656718409994,CSE 140L,A01,083088,Eldon; John,16,0,100,84
1656718416016,CSE 175,A01,083665,Kumar; Rakesh,3,0,25,22
1656718422042,CSE 190,A00,092507,Dubnov; Shlomo,5,0,20,15
1656718428071,ECE 45,A01,083139,Congero; Spencer William,5,0,75,70
1656718434098,ECE 65,A50,083695,Saad; Andrew S,12,0,30,18
1656718434098,ECE 65,A51,095125,Saad; Andrew S,25,0,26,1
1656718440124,ECE 109,A01,091882,Touri; Behrouz,13,0,70,57
1656718446147,ECE 180,A00,083140,Abi Samra; Nicholas Camill,1,0,30,29
1656718446147,ECE 180,B00,083141,Abi Samra; Nicholas Camill,0,0,30,30
1656718452174,MATH 10A,A01,083735,Patchell; Gregory David,0,0,30,30
1656718452174,MATH 10A,A02,083736,Patchell; Gregory David,20,0,30,10
1656718452174,MATH 10A,A03,083737,Patchell; Gregory David,16,0,30,14
1656718458199,MATH 10B,A01,083207,Lim; Seonhee,7,0,34,27
1656718458199,MATH 10B,A02,083208,Lim; Seonhee,9,0,35,26
1656718458199,MATH 10B,A03,093472,Lim; Seonhee,3,0,34,31
1656718458199,MATH 10B,B01,083739,Sinha; Shubham,9,0,30,21
1656718464224,MATH 18,A01,083743,Cinel; Cameron Alexander,5,0,30,25
1656718464224,MATH 18,A02,083744,Cinel; Cameron Alexander,15,0,30,15
1656718464224,MATH 18,A03,083745,Cinel; Cameron Alexander,8,0,30,22
1656718464224,MATH 18,B01,083748,Rideout; David Porter,2,0,37,35
1656718464224,MATH 18,B02,083749,Rideout; David Porter,2,0,36,34
1656718464224,MATH 18,B03,083750,Rideout; David Porter,1,0,37,36
1656718464224,MATH 18,B04,083751,Rideout; David Porter,4,0,36,32
1656718464224,MATH 18,B05,093473,Rideout; David Porter,4,0,36,32
1656718464224,MATH 18,B06,093474,Rideout; David Porter,4,0,36,32
1656718470247,MATH 20A,A01,083754,Zheng; Zequn,12,0,40,28
1656718476274,MATH 20B,A01,083756,Briones; Jor-el Thomas Caparas,1,0,36,35
1656718476274,MATH 20B,A02,083757,Briones; Jor-el Thomas Caparas,1,0,36,35
1656718476274,MATH 20B,A03,093475,Briones; Jor-el Thomas Caparas,0,0,36,36
1656718482299,MATH 20C,A01,083760,Briones; Jor-el Thomas Caparas,0,0,35,35
1656718482299,MATH 20C,A02,083761,Briones; Jor-el Thomas Caparas,8,0,35,27
1656718482299,MATH 20C,A03,093476,Briones; Jor-el Thomas Caparas,0,1,36,36
1656718482299,MATH 20C,B01,083762,Bach; Quang Tran,0,0,30,30
1656718488327,MATH 20D,A01,083765,Tran; Brian Kha,4,0,30,26
1656718488327,MATH 20D,A02,083766,Tran; Brian Kha,4,0,30,26
1656718488327,MATH 20D,A03,083767,Tran; Brian Kha,1,0,30,29
1656718494351,MATH 20E,A01,083771,Ganguly; Soumya,3,0,32,29
1656718494351,MATH 20E,A02,083772,Ganguly; Soumya,4,0,32,28
1656718494351,MATH 20E,B01,083773,Ciotti; Benjamin,18,0,35,17
1656718494351,MATH 20E,B02,083774,Ciotti; Benjamin,18,0,35,17
1656718500376,MATH 103A,A01,083777,Greenfeld; Be'Eri,2,0,36,34
1656718500376,MATH 103A,A02,083778,Greenfeld; Be'Eri,5,0,36,31
1656718500376,MATH 103A,A03,093561,Greenfeld; Be'Eri,4,0,36,32
1656718500376,MATH 103A,B01,083779,Greenfeld; Be'Eri,6,0,36,30
1656718500376,MATH 103A,B02,083780,Greenfeld; Be'Eri,2,0,36,34
1656718500376,MATH 103A,B03,093562,Greenfeld; Be'Eri,2,0,36,34
1656718506400,MATH 105,A01,085443,Carter; Anne Toulson,13,0,35,22
1656718506400,MATH 105,A02,093477,Carter; Anne Toulson,20,0,35,15
1656718512423,MATH 109,A01,083213,Ganzberger; Geoffrey Michael,1,0,34,33
1656718512423,MATH 109,A02,083214,Ganzberger; Geoffrey Michael,2,0,34,32
1656718512423,MATH 109,A03,093478,Ganzberger; Geoffrey Michael,2,0,34,32
1656718512423,MATH 109,B01,083215,Ganzberger; Geoffrey Michael,1,0,32,31
1656718512423,MATH 109,B02,083216,Ganzberger; Geoffrey Michael,2,0,32,30
1656718512423,MATH 109,B03,093479,Ganzberger; Geoffrey Michael,7,0,32,25
1656718518465,MATH 142A,A01,083219,Chow; Bennett,5,0,32,27
1656718518465,MATH 142A,A02,083220,Chow; Bennett,9,0,32,23
1656718518465,MATH 142A,A03,093480,Chow; Bennett,7,0,32,25
1656718518465,MATH 142A,B03,093481,Chow; Bennett,6,0,32,26
1656718518465,MATH 142A,B04,093558,Chow; Bennett,10,0,32,22
1656718518465,MATH 142A,B05,093559,Chow; Bennett,4,0,32,28
1656718524489,MATH 193A,A01,083224,Rotar; Vladimir,4,0,34,30
1656718524489,MATH 193A,A02,083225,Rotar; Vladimir,3,0,34,31
1656718524489,MATH 193A,A03,083781,Rotar; Vladimir,1,0,34,33
1656718524489,MATH 193A,A04,083782,Rotar; Vladimir,5,0,34,29
1656718524489,MATH 193A,A05,093482,Rotar; Vladimir,5,0,34,29
1656718530523,MATH 197,001,091859,McAuley; Julian John,9999,0,9999,0
1656718530523,MATH 197,002,095566,Kedlaya; Kiran S.,9997,0,9999,2
1656718530523,MATH 197,003,095567,Xiao; Ming,9999,0,9999,0
1656718530523,MATH 197,004,095571,Perols; Johan Lars,9998,0,9999,1
1656718537646,COGS 9,A01,083615,Shannon; Kyle Michael,6,0,75,69
1656718543669,COGS 11,A01,083617,Boyle; Mary E. T.,17,0,48,31
1656718549695,COGS 13,A01,083071,Bastos; Amalia Pinkusfeld,6,0,71,65
1656718555717,COGS 14A,A01,092681,Semenuks; Arturs,0,1,100,102
1656718561741,COGS 14B,A01,083073,Cheng; Tzu-Han,5,0,63,58
1656718567763,COGS 17,A01,092677,Semenuks; Arturs,4,0,81,77
1656718573790,COGS 100,A01,083619,Allen; Michael Gordon,13,0,70,57
1656718579812,COGS 101A,A01,083621,Davis; Joshua Daniel,9,0,68,59
1656718585835,COGS 101B,A01,091572,Allen; Michael Gordon,4,0,65,61
1656718591859,COGS 101C,A01,083625,Delgado; Tania,17,0,35,18
1656718597882,COGS 107A,A01,083627,Boyle; Mary E. T.,12,0,60,48
1656718603907,COGS 118A,A01,083075,Gupta; Anjum,13,0,76,63
1656718609931,CSE 3,A50,083646,Miranda; Gregory Joseph,22,0,50,28
1656718615955,CSE 8A,A50,083650,Miranda; Gregory Joseph,17,1,56,39
1656718621978,CSE 11,A01,083080,Cao; Yingjun,3,16,40,37
1656718628001,CSE 12,A01,083652,Krause-Levy; Sophia Louisa,19,1,120,101
1656718634031,CSE 15L,A01,083654,Morris; Justin Loren,8,0,50,42
1656718634031,CSE 15L,A02,083655,Morris; Justin Loren,8,0,50,42
1656718640062,CSE 20,A01,083657,Tran; Khoa Dang,36,0,80,44
1656718646089,CSE 21,A01,095574,Bach; Quang Tran,21,0,48,27
1656718652114,CSE 30,A01,083084,Eldon; John,5,0,80,75
1656718652114,CSE 30,B01,095061,Bhaskar; Nishant,3,0,50,47
1656718658136,CSE 100,A01,083659,Cao; Yingjun,1,5,70,69
1656718664160,CSE 134B,A01,083661,Powell; Thomas Allan,17,0,100,83
1656718670183,CSE 140,A01,083663,Gungor; Onat,14,0,85,71
1656718676204,CSE 140L,A01,083088,Eldon; John,16,0,100,84
1656718682228,CSE 175,A01,083665,Kumar; Rakesh,3,0,25,22
1656718688256,CSE 190,A00,092507,Dubnov; Shlomo,5,0,20,15
1656718694283,ECE 45,A01,083139,Congero; Spencer William,5,0,75,70
1656718700310,ECE 65,A50,083695,Saad; Andrew S,12,0,30,18
1656718700310,ECE 65,A51,095125,Saad; Andrew S,25,0,26,1
1656718706332,ECE 109,A01,091882,Touri; Behrouz,13,0,70,57
1656718712355,ECE 180,A00,083140,Abi Samra; Nicholas Camill,1,0,30,29
1656718712355,ECE 180,B00,083141,Abi Samra; Nicholas Camill,0,0,30,30
1656718718386,MATH 10A,A01,083735,Patchell; Gregory David,0,0,30,30
1656718718386,MATH 10A,A02,083736,Patchell; Gregory David,20,0,30,10
1656718718386,MATH 10A,A03,083737,Patchell; Gregory David,16,0,30,14
1656718724415,MATH 10B,A01,083207,Lim; Seonhee,7,0,34,27
1656718724415,MATH 10B,A02,083208,Lim; Seonhee,9,0,35,26
1656718724415,MATH 10B,A03,093472,Lim; Seonhee,3,0,34,31
1656718724415,MATH 10B,B01,083739,Sinha; Shubham,9,0,30,21
1656718730439,MATH 18,A01,083743,Cinel; Cameron Alexander,5,0,30,25
1656718730439,MATH 18,A02,083744,Cinel; Cameron Alexander,15,0,30,15
1656718730439,MATH 18,A03,083745,Cinel; Cameron Alexander,8,0,30,22
1656718730439,MATH 18,B01,083748,Rideout; David Porter,2,0,37,35
1656718730439,MATH 18,B02,083749,Rideout; David Porter,2,0,36,34
1656718730439,MATH 18,B03,083750,Rideout; David Porter,1,0,37,36
1656718730439,MATH 18,B04,083751,Rideout; David Porter,4,0,36,32
1656718730439,MATH 18,B05,093473,Rideout; David Porter,4,0,36,32
1656718730439,MATH 18,B06,093474,Rideout; David Porter,4,0,36,32
1656718736465,MATH 20A,A01,083754,Zheng; Zequn,12,0,40,28
1656718742491,MATH 20B,A01,083756,Briones; Jor-el Thomas Caparas,1,0,36,35
1656718742491,MATH 20B,A02,083757,Briones; Jor-el Thomas Caparas,1,0,36,35
1656718742491,MATH 20B,A03,093475,Briones; Jor-el Thomas Caparas,0,0,36,36
1656718748516,MATH 20C,A01,083760,Briones; Jor-el Thomas Caparas,0,0,35,35
1656718748516,MATH 20C,A02,083761,Briones; Jor-el Thomas Caparas,8,0,35,27
1656718748516,MATH 20C,A03,093476,Briones; Jor-el Thomas Caparas,0,1,36,36
1656718748516,MATH 20C,B01,083762,Bach; Quang Tran,0,0,30,30
1656718754543,MATH 20D,A01,083765,Tran; Brian Kha,4,0,30,26
1656718754543,MATH 20D,A02,083766,Tran; Brian Kha,4,0,30,26
1656718754543,MATH 20D,A03,083767,Tran; Brian Kha,1,0,30,29
1656718760569,MATH 20E,A01,083771,Ganguly; Soumya,3,0,32,29
1656718760569,MATH 20E,A02,083772,Ganguly; Soumya,4,0,32,28
1656718760569,MATH 20E,B01,083773,Ciotti; Benjamin,18,0,35,17
1656718760569,MATH 20E,B02,083774,Ciotti; Benjamin,18,0,35,17
1656718766593,MATH 103A,A01,083777,Greenfeld; Be'Eri,2,0,36,34
1656718766593,MATH 103A,A02,083778,Greenfeld; Be'Eri,5,0,36,31
1656718766593,MATH 103A,A03,093561,Greenfeld; Be'Eri,4,0,36,32
1656718766593,MATH 103A,B01,083779,Greenfeld; Be'Eri,6,0,36,30
1656718766593,MATH 103A,B02,083780,Greenfeld; Be'Eri,2,0,36,34
1656718766593,MATH 103A,B03,093562,Greenfeld; Be'Eri,2,0,36,34
1656718772621,MATH 105,A01,085443,Carter; Anne Toulson,13,0,35,22
1656718772621,MATH 105,A02,093477,Carter; Anne Toulson,20,0,35,15
1656718778646,MATH 109,A01,083213,Ganzberger; Geoffrey Michael,1,0,34,33
1656718778646,MATH 109,A02,083214,Ganzberger; Geoffrey Michael,2,0,34,32
1656718778646,MATH 109,A03,093478,Ganzberger; Geoffrey Michael,2,0,34,32
1656718778646,MATH 109,B01,083215,Ganzberger; Geoffrey Michael,1,0,32,31
1656718778646,MATH 109,B02,083216,Ganzberger; Geoffrey Michael,2,0,32,30
1656718778646,MATH 109,B03,093479,Ganzberger; Geoffrey Michael,7,0,32,25
1656718784668,MATH 142A,A01,083219,Chow; Bennett,5,0,32,27
1656718784668,MATH 142A,A02,083220,Chow; Bennett,9,0,32,23
1656718784668,MATH 142A,A03,093480,Chow; Bennett,7,0,32,25
1656718784668,MATH 142A,B03,093481,Chow; Bennett,6,0,32,26
1656718784668,MATH 142A,B04,093558,Chow; Bennett,10,0,32,22
1656718784668,MATH 142A,B05,093559,Chow; Bennett,4,0,32,28
1656718790698,MATH 193A,A01,083224,Rotar; Vladimir,4,0,34,30
1656718790698,MATH 193A,A02,083225,Rotar; Vladimir,3,0,34,31
1656718790698,MATH 193A,A03,083781,Rotar; Vladimir,1,0,34,33
1656718790698,MATH 193A,A04,083782,Rotar; Vladimir,5,0,34,29
1656718790698,MATH 193A,A05,093482,Rotar; Vladimir,5,0,34,29
1656718796725,MATH 197,001,091859,McAuley; Julian John,9999,0,9999,0
1656718796725,MATH 197,002,095566,Kedlaya; Kiran S.,9997,0,9999,2
1656718796725,MATH 197,003,095567,Xiao; Ming,9999,0,9999,0
1656718796725,MATH 197,004,095571,Perols; Johan Lars,9998,0,9999,1
1656718803782,COGS 9,A01,083615,Shannon; Kyle Michael,6,0,75,69
1656718809804,COGS 11,A01,083617,Boyle; Mary E. T.,17,0,48,31
1656718815831,COGS 13,A01,083071,Bastos; Amalia Pinkusfeld,6,0,71,65
1656718821872,COGS 14A,A01,092681,Semenuks; Arturs,0,1,100,102
1656718827896,COGS 14B,A01,083073,Cheng; Tzu-Han,5,0,63,58
1656718833919,COGS 17,A01,092677,Semenuks; Arturs,4,0,81,77
1656718839944,COGS 100,A01,083619,Allen; Michael Gordon,13,0,70,57
1656718845973,COGS 101A,A01,083621,Davis; Joshua Daniel,9,0,68,59
1656718851998,COGS 101B,A01,091572,Allen; Michael Gordon,4,0,65,61
1656718858021,COGS 101C,A01,083625,Delgado; Tania,17,0,35,18
1656718864045,COGS 107A,A01,083627,Boyle; Mary E. T.,12,0,60,48
1656718870067,COGS 118A,A01,083075,Gupta; Anjum,13,0,76,63
1656718876096,CSE 3,A50,083646,Miranda; Gregory Joseph,22,0,50,28
1656718882123,CSE 8A,A50,083650,Miranda; Gregory Joseph,17,1,56,39
1656718888146,CSE 11,A01,083080,Cao; Yingjun,3,16,40,37
1656718894171,CSE 12,A01,083652,Krause-Levy; Sophia Louisa,19,1,120,101
1656718900202,CSE 15L,A01,083654,Morris; Justin Loren,8,0,50,42
1656718900202,CSE 15L,A02,083655,Morris; Justin Loren,8,0,50,42
1656718906225,CSE 20,A01,083657,Tran; Khoa Dang,36,0,80,44
1656718912248,CSE 21,A01,095574,Bach; Quang Tran,21,0,48,27
1656718918271,CSE 30,A01,083084,Eldon; John,5,0,80,75
1656718918271,CSE 30,B01,095061,Bhaskar; Nishant,3,0,50,47
1656718924295,CSE 100,A01,083659,Cao; Yingjun,1,5,70,69
1656718930318,CSE 134B,A01,083661,Powell; Thomas Allan,17,0,100,83
1656718936341,CSE 140,A01,083663,Gungor; Onat,14,0,85,71
1656718942363,CSE 140L,A01,083088,Eldon; John,16,0,100,84
1656718948390,CSE 175,A01,083665,Kumar; Rakesh,3,0,25,22
1656718954411,CSE 190,A00,092507,Dubnov; Shlomo,5,0,20,15
1656718960441,ECE 45,A01,083139,Congero; Spencer William,5,0,75,70
1656718966467,ECE 65,A50,083695,Saad; Andrew S,12,0,30,18
1656718966467,ECE 65,A51,095125,Saad; Andrew S,25,0,26,1
1656718972491,ECE 109,A01,091882,Touri; Behrouz,13,0,70,57
1656718978523,ECE 180,A00,083140,Abi Samra; Nicholas Camill,1,0,30,29
1656718978523,ECE 180,B00,083141,Abi Samra; Nicholas Camill,0,0,30,30
1656718984551,MATH 10A,A01,083735,Patchell; Gregory David,0,0,30,30
1656718984551,MATH 10A,A02,083736,Patchell; Gregory David,20,0,30,10
1656718984551,MATH 10A,A03,083737,Patchell; Gregory David,16,0,30,14
1656718990582,MATH 10B,A01,083207,Lim; Seonhee,7,0,34,27
1656718990582,MATH 10B,A02,083208,Lim; Seonhee,9,0,35,26
1656718990582,MATH 10B,A03,093472,Lim; Seonhee,3,0,34,31
1656718990582,MATH 10B,B01,083739,Sinha; Shubham,9,0,30,21
1656718996610,MATH 18,A01,083743,Cinel; Cameron Alexander,5,0,30,25
1656718996610,MATH 18,A02,083744,Cinel; Cameron Alexander,15,0,30,15
1656718996610,MATH 18,A03,083745,Cinel; Cameron Alexander,8,0,30,22
1656718996610,MATH 18,B01,083748,Rideout; David Porter,2,0,37,35
1656718996610,MATH 18,B02,083749,Rideout; David Porter,2,0,36,34
1656718996610,MATH 18,B03,083750,Rideout; David Porter,1,0,37,36
1656718996610,MATH 18,B04,083751,Rideout; David Porter,4,0,36,32
1656718996610,MATH 18,B05,093473,Rideout; David Porter,4,0,36,32
1656718996610,MATH 18,B06,093474,Rideout; David Porter,4,0,36,32
1656719002641,MATH 20A,A01,083754,Zheng; Zequn,12,0,40,28
1656719008666,MATH 20B,A01,083756,Briones; Jor-el Thomas Caparas,1,0,36,35
1656719008666,MATH 20B,A02,083757,Briones; Jor-el Thomas Caparas,1,0,36,35
1656719008666,MATH 20B,A03,093475,Briones; Jor-el Thomas Caparas,0,0,36,36
1656719014690,MATH 20C,A01,083760,Briones; Jor-el Thomas Caparas,0,0,35,35
1656719014690,MATH 20C,A02,083761,Briones; Jor-el Thomas Caparas,8,0,35,27
1656719014690,MATH 20C,A03,093476,Briones; Jor-el Thomas Caparas,0,1,36,36
1656719014690,MATH 20C,B01,083762,Bach; Quang Tran,0,0,30,30
1656719020718,MATH 20D,A01,083765,Tran; Brian Kha,4,0,30,26
1656719020718,MATH 20D,A02,083766,Tran; Brian Kha,4,0,30,26
1656719020718,MATH 20D,A03,083767,Tran; Brian Kha,1,0,30,29
1656719026741,MATH 20E,A01,083771,Ganguly; Soumya,3,0,32,29
1656719026741,MATH 20E,A02,083772,Ganguly; Soumya,4,0,32,28
1656719026741,MATH 20E,B01,083773,Ciotti; Benjamin,18,0,35,17
1656719026741,MATH 20E,B02,083774,Ciotti; Benjamin,18,0,35,17
1656719032765,MATH 103A,A01,083777,Greenfeld; Be'Eri,2,0,36,34
1656719032765,MATH 103A,A02,083778,Greenfeld; Be'Eri,5,0,36,31
1656719032765,MATH 103A,A03,093561,Greenfeld; Be'Eri,4,0,36,32
1656719032765,MATH 103A,B01,083779,Greenfeld; Be'Eri,6,0,36,30
1656719032765,MATH 103A,B02,083780,Greenfeld; Be'Eri,2,0,36,34
1656719032765,MATH 103A,B03,093562,Greenfeld; Be'Eri,2,0,36,34
1656719038788,MATH 105,A01,085443,Carter; Anne Toulson,13,0,35,22
1656719038788,MATH 105,A02,093477,Carter; Anne Toulson,20,0,35,15
1656719044812,MATH 109,A01,083213,Ganzberger; Geoffrey Michael,1,0,34,33
1656719044812,MATH 109,A02,083214,Ganzberger; Geoffrey Michael,2,0,34,32
1656719044812,MATH 109,A03,093478,Ganzberger; Geoffrey Michael,2,0,34,32
1656719044812,MATH 109,B01,083215,Ganzberger; Geoffrey Michael,1,0,32,31
1656719044812,MATH 109,B02,083216,Ganzberger; Geoffrey Michael,2,0,32,30
1656719044812,MATH 109,B03,093479,Ganzberger; Geoffrey Michael,7,0,32,25
1656719050842,MATH 142A,A01,083219,Chow; Bennett,5,0,32,27
1656719050842,MATH 142A,A02,083220,Chow; Bennett,9,0,32,23
1656719050842,MATH 142A,A03,093480,Chow; Bennett,7,0,32,25
1656719050842,MATH 142A,B03,093481,Chow; Bennett,7,0,32,25
1656719050842,MATH 142A,B04,093558,Chow; Bennett,10,0,32,22
1656719050842,MATH 142A,B05,093559,Chow; Bennett,4,0,32,28
1656719056864,MATH 193A,A01,083224,Rotar; Vladimir,4,0,34,30
1656719056864,MATH 193A,A02,083225,Rotar; Vladimir,3,0,34,31
1656719056864,MATH 193A,A03,083781,Rotar; Vladimir,1,0,34,33
1656719056864,MATH 193A,A04,083782,Rotar; Vladimir,5,0,34,29
1656719056864,MATH 193A,A05,093482,Rotar; Vladimir,5,0,34,29
1656719062888,MATH 197,001,091859,McAuley; Julian John,9999,0,9999,0
1656719062888,MATH 197,002,095566,Kedlaya; Kiran S.,9997,0,9999,2
1656719062888,MATH 197,003,095567,Xiao; Ming,9999,0,9999,0
1656719062888,MATH 197,004,095571,Perols; Johan Lars,9998,0,9999,1
1656719069954,COGS 9,A01,083615,Shannon; Kyle Michael,6,0,75,69
1656719075980,COGS 11,A01,083617,Boyle; Mary E. T.,17,0,48,31
1656719082004,COGS 13,A01,083071,Bastos; Amalia Pinkusfeld,6,0,71,65
1656719088028,COGS 14A,A01,092681,Semenuks; Arturs,0,1,100,102
1656719094055,COGS 14B,A01,083073,Cheng; Tzu-Han,5,0,63,58
1656719100082,COGS 17,A01,092677,Semenuks; Arturs,4,0,81,77
1656719106104,COGS 100,A01,083619,Allen; Michael Gordon,13,0,70,57
1656719112128,COGS 101A,A01,083621,Davis; Joshua Daniel,9,0,68,59
1656719118155,COGS 101B,A01,091572,Allen; Michael Gordon,4,0,65,61
1656719124178,COGS 101C,A01,083625,Delgado; Tania,17,0,35,18
1656719130202,COGS 107A,A01,083627,Boyle; Mary E. T.,12,0,60,48
1656719136302,COGS 118A,A01,083075,Gupta; Anjum,13,0,76,63
1656719142329,CSE 3,A50,083646,Miranda; Gregory Joseph,22,0,50,28
1656719148361,CSE 8A,A50,083650,Miranda; Gregory Joseph,17,1,56,39
1656719154386,CSE 11,A01,083080,Cao; Yingjun,3,16,40,37
1656719160414,CSE 12,A01,083652,Krause-Levy; Sophia Louisa,19,1,120,101
1656719166436,CSE 15L,A01,083654,Morris; Justin Loren,8,0,50,42
1656719166436,CSE 15L,A02,083655,Morris; Justin Loren,8,0,50,42
1656719172464,CSE 20,A01,083657,Tran; Khoa Dang,36,0,80,44
1656719178486,CSE 21,A01,095574,Bach; Quang Tran,21,0,48,27
1656719184515,CSE 30,A01,083084,Eldon; John,5,0,80,75
1656719184515,CSE 30,B01,095061,Bhaskar; Nishant,3,0,50,47
1656719190539,CSE 100,A01,083659,Cao; Yingjun,1,5,70,69
1656719196566,CSE 134B,A01,083661,Powell; Thomas Allan,17,0,100,83
1656719202593,CSE 140,A01,083663,Gungor; Onat,14,0,85,71
1656719208617,CSE 140L,A01,083088,Eldon; John,16,0,100,84
1656719214644,CSE 175,A01,083665,Kumar; Rakesh,3,0,25,22
1656719220679,CSE 190,A00,092507,Dubnov; Shlomo,5,0,20,15
1656719226703,ECE 45,A01,083139,Congero; Spencer William,5,0,75,70
1656719232731,ECE 65,A50,083695,Saad; Andrew S,12,0,30,18
1656719232731,ECE 65,A51,095125,Saad; Andrew S,25,0,26,1
1656719238758,ECE 109,A01,091882,Touri; Behrouz,13,0,70,57
1656719244782,ECE 180,A00,083140,Abi Samra; Nicholas Camill,1,0,30,29
1656719244782,ECE 180,B00,083141,Abi Samra; Nicholas Camill,0,0,30,30
1656719250810,MATH 10A,A01,083735,Patchell; Gregory David,0,0,30,30
1656719250810,MATH 10A,A02,083736,Patchell; Gregory David,20,0,30,10
1656719250810,MATH 10A,A03,083737,Patchell; Gregory David,16,0,30,14
1656719256835,MATH 10B,A01,083207,Lim; Seonhee,7,0,34,27
1656719256835,MATH 10B,A02,083208,Lim; Seonhee,9,0,35,26
1656719256835,MATH 10B,A03,093472,Lim; Seonhee,3,0,34,31
1656719256835,MATH 10B,B01,083739,Sinha; Shubham,9,0,30,21
1656719262864,MATH 18,A01,083743,Cinel; Cameron Alexander,5,0,30,25
1656719262864,MATH 18,A02,083744,Cinel; Cameron Alexander,15,0,30,15
1656719262864,MATH 18,A03,083745,Cinel; Cameron Alexander,8,0,30,22
1656719262864,MATH 18,B01,083748,Rideout; David Porter,2,0,37,35
1656719262864,MATH 18,B02,083749,Rideout; David Porter,2,0,36,34
1656719262864,MATH 18,B03,083750,Rideout; David Porter,1,0,37,36
1656719262864,MATH 18,B04,083751,Rideout; David Porter,4,0,36,32
1656719262864,MATH 18,B05,093473,Rideout; David Porter,4,0,36,32
1656719262864,MATH 18,B06,093474,Rideout; David Porter,4,0,36,32
1656719268894,MATH 20A,A01,083754,Zheng; Zequn,12,0,40,28
1656719274917,MATH 20B,A01,083756,Briones; Jor-el Thomas Caparas,1,0,36,35
1656719274917,MATH 20B,A02,083757,Briones; Jor-el Thomas Caparas,1,0,36,35
1656719274917,MATH 20B,A03,093475,Briones; Jor-el Thomas Caparas,0,0,36,36
1656719280944,MATH 20C,A01,083760,Briones; Jor-el Thomas Caparas,0,0,35,35
1656719280944,MATH 20C,A02,083761,Briones; Jor-el Thomas Caparas,8,0,35,27
1656719280944,MATH 20C,A03,093476,Briones; Jor-el Thomas Caparas,0,1,36,36
1656719280944,MATH 20C,B01,083762,Bach; Quang Tran,0,0,30,30
1656719286969,MATH 20D,A01,083765,Tran; Brian Kha,4,0,30,26
1656719286969,MATH 20D,A02,083766,Tran; Brian Kha,4,0,30,26
1656719286969,MATH 20D,A03,083767,Tran; Brian Kha,1,0,30,29
1656719292994,MATH 20E,A01,083771,Ganguly; Soumya,3,0,32,29
1656719292994,MATH 20E,A02,083772,Ganguly; Soumya,4,0,32,28
1656719292994,MATH 20E,B01,083773,Ciotti; Benjamin,18,0,35,17
1656719292994,MATH 20E,B02,083774,Ciotti; Benjamin,18,0,35,17
1656719299021,MATH 103A,A01,083777,Greenfeld; Be'Eri,2,0,36,34
1656719299021,MATH 103A,A02,083778,Greenfeld; Be'Eri,5,0,36,31
1656719299021,MATH 103A,A03,093561,Greenfeld; Be'Eri,4,0,36,32
1656719299021,MATH 103A,B01,083779,Greenfeld; Be'Eri,6,0,36,30
1656719299021,MATH 103A,B02,083780,Greenfeld; Be'Eri,2,0,36,34
1656719299021,MATH 103A,B03,093562,Greenfeld; Be'Eri,2,0,36,34
1656719305044,MATH 105,A01,085443,Carter; Anne Toulson,13,0,35,22
1656719305044,MATH 105,A02,093477,Carter; Anne Toulson,20,0,35,15
1656719311069,MATH 109,A01,083213,Ganzberger; Geoffrey Michael,1,0,34,33
1656719311069,MATH 109,A02,083214,Ganzberger; Geoffrey Michael,2,0,34,32
1656719311069,MATH 109,A03,093478,Ganzberger; Geoffrey Michael,2,0,34,32
1656719311069,MATH 109,B01,083215,Ganzberger; Geoffrey Michael,1,0,32,31
1656719311069,MATH 109,B02,083216,Ganzberger; Geoffrey Michael,2,0,32,30
1656719311069,MATH 109,B03,093479,Ganzberger; Geoffrey Michael,7,0,32,25
1656719317094,MATH 142A,A01,083219,Chow; Bennett,5,0,32,27
1656719317094,MATH 142A,A02,083220,Chow; Bennett,9,0,32,23
1656719317094,MATH 142A,A03,093480,Chow; Bennett,7,0,32,25
1656719317094,MATH 142A,B03,093481,Chow; Bennett,7,0,32,25
1656719317094,MATH 142A,B04,093558,Chow; Bennett,10,0,32,22
1656719317094,MATH 142A,B05,093559,Chow; Bennett,4,0,32,28
1656719323122,MATH 193A,A01,083224,Rotar; Vladimir,4,0,34,30
1656719323122,MATH 193A,A02,083225,Rotar; Vladimir,3,0,34,31
1656719323122,MATH 193A,A03,083781,Rotar; Vladimir,1,0,34,33
1656719323122,MATH 193A,A04,083782,Rotar; Vladimir,5,0,34,29
1656719323122,MATH 193A,A05,093482,Rotar; Vladimir,5,0,34,29
1656719329144,MATH 197,001,091859,McAuley; Julian John,9999,0,9999,0
1656719329144,MATH 197,002,095566,Kedlaya; Kiran S.,9997,0,9999,2
1656719329144,MATH 197,003,095567,Xiao; Ming,9999,0,9999,0
1656719329144,MATH 197,004,095571,Perols; Johan Lars,9998,0,9999,1
1656719336203,COGS 9,A01,083615,Shannon; Kyle Michael,6,0,75,69
1656719342227,COGS 11,A01,083617,Boyle; Mary E. T.,17,0,48,31
1656719348254,COGS 13,A01,083071,Bastos; Amalia Pinkusfeld,6,0,71,65
1656719354278,COGS 14A,A01,092681,Semenuks; Arturs,0,1,100,102
1656719360303,COGS 14B,A01,083073,Cheng; Tzu-Han,5,0,63,58
1656719366331,COGS 17,A01,092677,Semenuks; Arturs,4,0,81,77
1656719372358,COGS 100,A01,083619,Allen; Michael Gordon,13,0,70,57
1656719378387,COGS 101A,A01,083621,Davis; Joshua Daniel,9,0,68,59
1656719384414,COGS 101B,A01,091572,Allen; Michael Gordon,4,0,65,61
1656719390443,COGS 101C,A01,083625,Delgado; Tania,17,0,35,18
1656719396467,COGS 107A,A01,083627,Boyle; Mary E. T.,12,0,60,48
1656719402496,COGS 118A,A01,083075,Gupta; Anjum,13,0,76,63
1656719408520,CSE 3,A50,083646,Miranda; Gregory Joseph,22,0,50,28
1656719414547,CSE 8A,A50,083650,Miranda; Gregory Joseph,17,1,56,39
1656719420571,CSE 11,A01,083080,Cao; Yingjun,3,16,40,37
1656719426608,CSE 12,A01,083652,Krause-Levy; Sophia Louisa,19,1,120,101
1656719432632,CSE 15L,A01,083654,Morris; Justin Loren,8,0,50,42
1656719432632,CSE 15L,A02,083655,Morris; Justin Loren,8,0,50,42
1656719438661,CSE 20,A01,083657,Tran; Khoa Dang,36,0,80,44
1656719444685,CSE 21,A01,095574,Bach; Quang Tran,21,0,48,27
1656719450709,CSE 30,A01,083084,Eldon; John,5,0,80,75
1656719450709,CSE 30,B01,095061,Bhaskar; Nishant,3,0,50,47
1656719456741,CSE 100,A01,083659,Cao; Yingjun,1,5,70,69
1656719462764,CSE 134B,A01,083661,Powell; Thomas Allan,17,0,100,83
1656719468787,CSE 140,A01,083663,Gungor; Onat,14,0,85,71
1656719474811,CSE 140L,A01,083088,Eldon; John,16,0,100,84
1656719480840,CSE 175,A01,083665,Kumar; Rakesh,3,0,25,22
1656719486863,CSE 190,A00,092507,Dubnov; Shlomo,5,0,20,15
1656719492890,ECE 45,A01,083139,Congero; Spencer William,5,0,75,70
1656719498918,ECE 65,A50,083695,Saad; Andrew S,12,0,30,18
1656719498918,ECE 65,A51,095125,Saad; Andrew S,25,0,26,1
1656719504941,ECE 109,A01,091882,Touri; Behrouz,13,0,70,57
1656719510968,ECE 180,A00,083140,Abi Samra; Nicholas Camill,1,0,30,29
1656719510968,ECE 180,B00,083141,Abi Samra; Nicholas Camill,0,0,30,30
1656719516992,MATH 10A,A01,083735,Patchell; Gregory David,0,0,30,30
1656719516992,MATH 10A,A02,083736,Patchell; Gregory David,20,0,30,10
1656719516992,MATH 10A,A03,083737,Patchell; Gregory David,16,0,30,14
1656719523021,MATH 10B,A01,083207,Lim; Seonhee,7,0,34,27
1656719523021,MATH 10B,A02,083208,Lim; Seonhee,9,0,35,26
1656719523021,MATH 10B,A03,093472,Lim; Seonhee,3,0,34,31
1656719523021,MATH 10B,B01,083739,Sinha; Shubham,9,0,30,21
1656719529047,MATH 18,A01,083743,Cinel; Cameron Alexander,5,0,30,25
1656719529047,MATH 18,A02,083744,Cinel; Cameron Alexander,15,0,30,15
1656719529047,MATH 18,A03,083745,Cinel; Cameron Alexander,8,0,30,22
1656719529047,MATH 18,B01,083748,Rideout; David Porter,2,0,37,35
1656719529047,MATH 18,B02,083749,Rideout; David Porter,2,0,36,34
1656719529047,MATH 18,B03,083750,Rideout; David Porter,1,0,37,36
1656719529047,MATH 18,B04,083751,Rideout; David Porter,4,0,36,32
1656719529047,MATH 18,B05,093473,Rideout; David Porter,4,0,36,32
1656719529047,MATH 18,B06,093474,Rideout; David Porter,4,0,36,32
1656719535070,MATH 20A,A01,083754,Zheng; Zequn,12,0,40,28
1656719541092,MATH 20B,A01,083756,Briones; Jor-el Thomas Caparas,1,0,36,35
1656719541092,MATH 20B,A02,083757,Briones; Jor-el Thomas Caparas,1,0,36,35
1656719541092,MATH 20B,A03,093475,Briones; Jor-el Thomas Caparas,0,0,36,36
1656719547120,MATH 20C,A01,083760,Briones; Jor-el Thomas Caparas,0,0,35,35
1656719547120,MATH 20C,A02,083761,Briones; Jor-el Thomas Caparas,8,0,35,27
1656719547120,MATH 20C,A03,093476,Briones; Jor-el Thomas Caparas,0,1,36,36
1656719547120,MATH 20C,B01,083762,Bach; Quang Tran,0,0,30,30
1656719553143,MATH 20D,A01,083765,Tran; Brian Kha,4,0,30,26
1656719553143,MATH 20D,A02,083766,Tran; Brian Kha,4,0,30,26
1656719553143,MATH 20D,A03,083767,Tran; Brian Kha,1,0,30,29
1656719559171,MATH 20E,A01,083771,Ganguly; Soumya,3,0,32,29
1656719559171,MATH 20E,A02,083772,Ganguly; Soumya,4,0,32,28
1656719559171,MATH 20E,B01,083773,Ciotti; Benjamin,18,0,35,17
1656719559171,MATH 20E,B02,083774,Ciotti; Benjamin,18,0,35,17
1656719565205,MATH 103A,A01,083777,Greenfeld; Be'Eri,2,0,36,34
1656719565205,MATH 103A,A02,083778,Greenfeld; Be'Eri,5,0,36,31
1656719565205,MATH 103A,A03,093561,Greenfeld; Be'Eri,4,0,36,32
1656719565205,MATH 103A,B01,083779,Greenfeld; Be'Eri,6,0,36,30
1656719565205,MATH 103A,B02,083780,Greenfeld; Be'Eri,2,0,36,34
1656719565205,MATH 103A,B03,093562,Greenfeld; Be'Eri,2,0,36,34
1656719571248,MATH 105,A01,085443,Carter; Anne Toulson,13,0,35,22
1656719571248,MATH 105,A02,093477,Carter; Anne Toulson,20,0,35,15
1656719577272,MATH 109,A01,083213,Ganzberger; Geoffrey Michael,1,0,34,33
1656719577272,MATH 109,A02,083214,Ganzberger; Geoffrey Michael,2,0,34,32
1656719577272,MATH 109,A03,093478,Ganzberger; Geoffrey Michael,2,0,34,32
1656719577272,MATH 109,B01,083215,Ganzberger; Geoffrey Michael,1,0,32,31
1656719577272,MATH 109,B02,083216,Ganzberger; Geoffrey Michael,2,0,32,30
1656719577272,MATH 109,B03,093479,Ganzberger; Geoffrey Michael,7,0,32,25
1656719583305,MATH 142A,A01,083219,Chow; Bennett,5,0,32,27
1656719583305,MATH 142A,A02,083220,Chow; Bennett,9,0,32,23
1656719583305,MATH 142A,A03,093480,Chow; Bennett,7,0,32,25
1656719583305,MATH 142A,B03,093481,Chow; Bennett,7,0,32,25
1656719583305,MATH 142A,B04,093558,Chow; Bennett,10,0,32,22
1656719583305,MATH 142A,B05,093559,Chow; Bennett,4,0,32,28
1656719589329,MATH 193A,A01,083224,Rotar; Vladimir,4,0,34,30
1656719589329,MATH 193A,A02,083225,Rotar; Vladimir,3,0,34,31
1656719589329,MATH 193A,A03,083781,Rotar; Vladimir,1,0,34,33
1656719589329,MATH 193A,A04,083782,Rotar; Vladimir,5,0,34,29
1656719589329,MATH 193A,A05,093482,Rotar; Vladimir,5,0,34,29
1656719595356,MATH 197,001,091859,McAuley; Julian John,9999,0,9999,0
1656719595356,MATH 197,002,095566,Kedlaya; Kiran S.,9997,0,9999,2
1656719595356,MATH 197,003,095567,Xiao; Ming,9999,0,9999,0
1656719595356,MATH 197,004,095571,Perols; Johan Lars,9998,0,9999,1
1656719602413,COGS 9,A01,083615,Shannon; Kyle Michael,6,0,75,69
1656719608439,COGS 11,A01,083617,Boyle; Mary E. T.,17,0,48,31
1656719614463,COGS 13,A01,083071,Bastos; Amalia Pinkusfeld,6,0,71,65
1656719620488,COGS 14A,A01,092681,Semenuks; Arturs,0,1,100,102
1656719626510,COGS 14B,A01,083073,Cheng; Tzu-Han,5,0,63,58
1656719632533,COGS 17,A01,092677,Semenuks; Arturs,4,0,81,77
1656719638556,COGS 100,A01,083619,Allen; Michael Gordon,13,0,70,57
1656719644582,COGS 101A,A01,083621,Davis; Joshua Daniel,9,0,68,59
1656719650610,COGS 101B,A01,091572,Allen; Michael Gordon,4,0,65,61
1656719656639,COGS 101C,A01,083625,Delgado; Tania,17,0,35,18
1656719662662,COGS 107A,A01,083627,Boyle; Mary E. T.,12,0,60,48
1656719668694,COGS 118A,A01,083075,Gupta; Anjum,13,0,76,63
1656719674723,CSE 3,A50,083646,Miranda; Gregory Joseph,22,0,50,28
1656719680744,CSE 8A,A50,083650,Miranda; Gregory Joseph,17,1,56,39
1656719686768,CSE 11,A01,083080,Cao; Yingjun,3,16,40,37
1656719692790,CSE 12,A01,083652,Krause-Levy; Sophia Louisa,19,1,120,101
1656719698817,CSE 15L,A01,083654,Morris; Justin Loren,8,0,50,42
1656719698817,CSE 15L,A02,083655,Morris; Justin Loren,8,0,50,42
1656719704842,CSE 20,A01,083657,Tran; Khoa Dang,36,0,80,44
1656719710880,CSE 21,A01,095574,Bach; Quang Tran,21,0,48,27
1656719716903,CSE 30,A01,083084,Eldon; John,5,0,80,75
1656719716903,CSE 30,B01,095061,Bhaskar; Nishant,3,0,50,47
1656719722934,CSE 100,A01,083659,Cao; Yingjun,1,5,70,69
1656719728958,CSE 134B,A01,083661,Powell; Thomas Allan,17,0,100,83
1656719735071,CSE 140,A01,083663,Gungor; Onat,14,0,85,71
1656719741097,CSE 140L,A01,083088,Eldon; John,16,0,100,84
1656719747119,CSE 175,A01,083665,Kumar; Rakesh,3,0,25,22
1656719753144,CSE 190,A00,092507,Dubnov; Shlomo,5,0,20,15
1656719759166,ECE 45,A01,083139,Congero; Spencer William,5,0,75,70
1656719765311,ECE 65,A50,083695,Saad; Andrew S,12,0,30,18
1656719765311,ECE 65,A51,095125,Saad; Andrew S,25,0,26,1
1656719771340,ECE 109,A01,091882,Touri; Behrouz,13,0,70,57
1656719777367,ECE 180,A00,083140,Abi Samra; Nicholas Camill,1,0,30,29
1656719777367,ECE 180,B00,083141,Abi Samra; Nicholas Camill,0,0,30,30
1656719783394,MATH 10A,A01,083735,Patchell; Gregory David,0,0,30,30
1656719783394,MATH 10A,A02,083736,Patchell; Gregory David,20,0,30,10
1656719783394,MATH 10A,A03,083737,Patchell; Gregory David,16,0,30,14
1656719789418,MATH 10B,A01,083207,Lim; Seonhee,7,0,34,27
1656719789418,MATH 10B,A02,083208,Lim; Seonhee,9,0,35,26
1656719789418,MATH 10B,A03,093472,Lim; Seonhee,3,0,34,31
1656719789418,MATH 10B,B01,083739,Sinha; Shubham,9,0,30,21
1656719795465,MATH 18,A01,083743,Cinel; Cameron Alexander,5,0,30,25
1656719795465,MATH 18,A02,083744,Cinel; Cameron Alexander,15,0,30,15
1656719795465,MATH 18,A03,083745,Cinel; Cameron Alexander,8,0,30,22
1656719795465,MATH 18,B01,083748,Rideout; David Porter,2,0,37,35
1656719795465,MATH 18,B02,083749,Rideout; David Porter,2,0,36,34
1656719795465,MATH 18,B03,083750,Rideout; David Porter,1,0,37,36
1656719795465,MATH 18,B04,083751,Rideout; David Porter,4,0,36,32
1656719795465,MATH 18,B05,093473,Rideout; David Porter,4,0,36,32
1656719795465,MATH 18,B06,093474,Rideout; David Porter,4,0,36,32
1656719801491,MATH 20A,A01,083754,Zheng; Zequn,12,0,40,28
1656719807514,MATH 20B,A01,083756,Briones; Jor-el Thomas Caparas,1,0,36,35
1656719807514,MATH 20B,A02,083757,Briones; Jor-el Thomas Caparas,1,0,36,35
1656719807514,MATH 20B,A03,093475,Briones; Jor-el Thomas Caparas,0,0,36,36
1656719813537,MATH 20C,A01,083760,Briones; Jor-el Thomas Caparas,1,0,35,34
1656719813537,MATH 20C,A02,083761,Briones; Jor-el Thomas Caparas,8,0,35,27
1656719813537,MATH 20C,A03,093476,Briones; Jor-el Thomas Caparas,0,1,36,36
1656719813537,MATH 20C,B01,083762,Bach; Quang Tran,0,0,30,30
1656719819562,MATH 20D,A01,083765,Tran; Brian Kha,4,0,30,26
1656719819562,MATH 20D,A02,083766,Tran; Brian Kha,4,0,30,26
1656719819562,MATH 20D,A03,083767,Tran; Brian Kha,1,0,30,29
1656719825590,MATH 20E,A01,083771,Ganguly; Soumya,3,0,32,29
1656719825590,MATH 20E,A02,083772,Ganguly; Soumya,4,0,32,28
1656719825590,MATH 20E,B01,083773,Ciotti; Benjamin,18,0,35,17
1656719825590,MATH 20E,B02,083774,Ciotti; Benjamin,18,0,35,17
1656719831614,MATH 103A,A01,083777,Greenfeld; Be'Eri,2,0,36,34
1656719831614,MATH 103A,A02,083778,Greenfeld; Be'Eri,5,0,36,31
1656719831614,MATH 103A,A03,093561,Greenfeld; Be'Eri,4,0,36,32
1656719831614,MATH 103A,B01,083779,Greenfeld; Be'Eri,6,0,36,30
1656719831614,MATH 103A,B02,083780,Greenfeld; Be'Eri,2,0,36,34
1656719831614,MATH 103A,B03,093562,Greenfeld; Be'Eri,2,0,36,34
1656719837637,MATH 105,A01,085443,Carter; Anne Toulson,13,0,35,22
1656719837637,MATH 105,A02,093477,Carter; Anne Toulson,20,0,35,15
1656719843660,MATH 109,A01,083213,Ganzberger; Geoffrey Michael,1,0,34,33
1656719843660,MATH 109,A02,083214,Ganzberger; Geoffrey Michael,2,0,34,32
1656719843660,MATH 109,A03,093478,Ganzberger; Geoffrey Michael,2,0,34,32
1656719843660,MATH 109,B01,083215,Ganzberger; Geoffrey Michael,1,0,32,31
1656719843660,MATH 109,B02,083216,Ganzberger; Geoffrey Michael,2,0,32,30
1656719843660,MATH 109,B03,093479,Ganzberger; Geoffrey Michael,7,0,32,25
1656719849689,MATH 142A,A01,083219,Chow; Bennett,5,0,32,27
1656719849689,MATH 142A,A02,083220,Chow; Bennett,9,0,32,23
1656719849689,MATH 142A,A03,093480,Chow; Bennett,7,0,32,25
1656719849689,MATH 142A,B03,093481,Chow; Bennett,7,0,32,25
1656719849689,MATH 142A,B04,093558,Chow; Bennett,10,0,32,22
1656719849689,MATH 142A,B05,093559,Chow; Bennett,4,0,32,28
1656719855712,MATH 193A,A01,083224,Rotar; Vladimir,4,0,34,30
1656719855712,MATH 193A,A02,083225,Rotar; Vladimir,3,0,34,31
1656719855712,MATH 193A,A03,083781,Rotar; Vladimir,1,0,34,33
1656719855712,MATH 193A,A04,083782,Rotar; Vladimir,5,0,34,29
1656719855712,MATH 193A,A05,093482,Rotar; Vladimir,5,0,34,29
1656719861737,MATH 197,001,091859,McAuley; Julian John,9999,0,9999,0
1656719861737,MATH 197,002,095566,Kedlaya; Kiran S.,9997,0,9999,2
1656719861737,MATH 197,003,095567,Xiao; Ming,9999,0,9999,0
1656719861737,MATH 197,004,095571,Perols; Johan Lars,9998,0,9999,1
1656719868793,COGS 9,A01,083615,Shannon; Kyle Michael,6,0,75,69
1656719874821,COGS 11,A01,083617,Boyle; Mary E. T.,17,0,48,31
1656719880844,COGS 13,A01,083071,Bastos; Amalia Pinkusfeld,6,0,71,65
1656719886872,COGS 14A,A01,092681,Semenuks; Arturs,0,1,100,102
1656719892899,COGS 14B,A01,083073,Cheng; Tzu-Han,5,0,63,58
1656719898927,COGS 17,A01,092677,Semenuks; Arturs,4,0,81,77
1656719904961,COGS 100,A01,083619,Allen; Michael Gordon,13,0,70,57
1656719910988,COGS 101A,A01,083621,Davis; Joshua Daniel,9,0,68,59
1656719917011,COGS 101B,A01,091572,Allen; Michael Gordon,4,0,65,61
1656719923034,COGS 101C,A01,083625,Delgado; Tania,17,0,35,18
1656719929061,COGS 107A,A01,083627,Boyle; Mary E. T.,12,0,60,48
1656719935086,COGS 118A,A01,083075,Gupta; Anjum,13,0,76,63
1656719941109,CSE 3,A50,083646,Miranda; Gregory Joseph,22,0,50,28
1656719947132,CSE 8A,A50,083650,Miranda; Gregory Joseph,17,1,56,39
1656719953167,CSE 11,A01,083080,Cao; Yingjun,3,16,40,37
1656719959201,CSE 12,A01,083652,Krause-Levy; Sophia Louisa,19,1,120,101
1656719965236,CSE 15L,A01,083654,Morris; Justin Loren,8,0,50,42
1656719965236,CSE 15L,A02,083655,Morris; Justin Loren,8,0,50,42
1656719971271,CSE 20,A01,083657,Tran; Khoa Dang,36,0,80,44
1656719977298,CSE 21,A01,095574,Bach; Quang Tran,21,0,48,27
1656719983329,CSE 30,A01,083084,Eldon; John,5,0,80,75
1656719983329,CSE 30,B01,095061,Bhaskar; Nishant,3,0,50,47
1656719989351,CSE 100,A01,083659,Cao; Yingjun,1,5,70,69
1656719995379,CSE 134B,A01,083661,Powell; Thomas Allan,17,0,100,83
1656720001407,CSE 140,A01,083663,Gungor; Onat,14,0,85,71
1656720007430,CSE 140L,A01,083088,Eldon; John,16,0,100,84
1656720013456,CSE 175,A01,083665,Kumar; Rakesh,3,0,25,22
1656720019480,CSE 190,A00,092507,Dubnov; Shlomo,5,0,20,15
1656720025506,ECE 45,A01,083139,Congero; Spencer William,5,0,75,70
1656720031530,ECE 65,A50,083695,Saad; Andrew S,12,0,30,18
1656720031530,ECE 65,A51,095125,Saad; Andrew S,25,0,26,1
1656720037557,ECE 109,A01,091882,Touri; Behrouz,13,0,70,57
1656720043579,ECE 180,A00,083140,Abi Samra; Nicholas Camill,1,0,30,29
1656720043579,ECE 180,B00,083141,Abi Samra; Nicholas Camill,0,0,30,30
1656720049604,MATH 10A,A01,083735,Patchell; Gregory David,0,0,30,30
1656720049604,MATH 10A,A02,083736,Patchell; Gregory David,20,0,30,10
1656720049604,MATH 10A,A03,083737,Patchell; Gregory David,16,0,30,14
1656720055632,MATH 10B,A01,083207,Lim; Seonhee,7,0,34,27
1656720055632,MATH 10B,A02,083208,Lim; Seonhee,9,0,35,26
1656720055632,MATH 10B,A03,093472,Lim; Seonhee,3,0,34,31
1656720055632,MATH 10B,B01,083739,Sinha; Shubham,9,0,30,21
1656720061664,MATH 18,A01,083743,Cinel; Cameron Alexander,5,0,30,25
1656720061664,MATH 18,A02,083744,Cinel; Cameron Alexander,15,0,30,15
1656720061664,MATH 18,A03,083745,Cinel; Cameron Alexander,8,0,30,22
1656720061664,MATH 18,B01,083748,Rideout; David Porter,2,0,37,35
1656720061664,MATH 18,B02,083749,Rideout; David Porter,2,0,36,34
1656720061664,MATH 18,B03,083750,Rideout; David Porter,1,0,37,36
1656720061664,MATH 18,B04,083751,Rideout; David Porter,4,0,36,32
1656720061664,MATH 18,B05,093473,Rideout; David Porter,4,0,36,32
1656720061664,MATH 18,B06,093474,Rideout; David Porter,4,0,36,32
1656720067692,MATH 20A,A01,083754,Zheng; Zequn,12,0,40,28
1656720073720,MATH 20B,A01,083756,Briones; Jor-el Thomas Caparas,1,0,36,35
1656720073720,MATH 20B,A02,083757,Briones; Jor-el Thomas Caparas,1,0,36,35
1656720073720,MATH 20B,A03,093475,Briones; Jor-el Thomas Caparas,0,0,36,36
1656720079758,MATH 20C,A01,083760,Briones; Jor-el Thomas Caparas,1,0,35,34
1656720079758,MATH 20C,A02,083761,Briones; Jor-el Thomas Caparas,8,0,35,27
1656720079758,MATH 20C,A03,093476,Briones; Jor-el Thomas Caparas,0,1,36,36
1656720079758,MATH 20C,B01,083762,Bach; Quang Tran,0,0,30,30
1656720085799,MATH 20D,A01,083765,Tran; Brian Kha,4,0,30,26
1656720085799,MATH 20D,A02,083766,Tran; Brian Kha,4,0,30,26
1656720085799,MATH 20D,A03,083767,Tran; Brian Kha,1,0,30,29
1656720091829,MATH 20E,A01,083771,Ganguly; Soumya,3,0,32,29
1656720091829,MATH 20E,A02,083772,Ganguly; Soumya,4,0,32,28
1656720091829,MATH 20E,B01,083773,Ciotti; Benjamin,18,0,35,17
1656720091829,MATH 20E,B02,083774,Ciotti; Benjamin,18,0,35,17
1656720097856,MATH 103A,A01,083777,Greenfeld; Be'Eri,2,0,36,34
1656720097856,MATH 103A,A02,083778,Greenfeld; Be'Eri,5,0,36,31
1656720097856,MATH 103A,A03,093561,Greenfeld; Be'Eri,4,0,36,32
1656720097856,MATH 103A,B01,083779,Greenfeld; Be'Eri,6,0,36,30
1656720097856,MATH 103A,B02,083780,Greenfeld; Be'Eri,2,0,36,34
1656720097856,MATH 103A,B03,093562,Greenfeld; Be'Eri,2,0,36,34
1656720103880,MATH 105,A01,085443,Carter; Anne Toulson,13,0,35,22
1656720103880,MATH 105,A02,093477,Carter; Anne Toulson,20,0,35,15
1656720109908,MATH 109,A01,083213,Ganzberger; Geoffrey Michael,1,0,34,33
1656720109908,MATH 109,A02,083214,Ganzberger; Geoffrey Michael,2,0,34,32
1656720109908,MATH 109,A03,093478,Ganzberger; Geoffrey Michael,2,0,34,32
1656720109908,MATH 109,B01,083215,Ganzberger; Geoffrey Michael,1,0,32,31
1656720109908,MATH 109,B02,083216,Ganzberger; Geoffrey Michael,2,0,32,30
1656720109908,MATH 109,B03,093479,Ganzberger; Geoffrey Michael,7,0,32,25
1656720115933,MATH 142A,A01,083219,Chow; Bennett,5,0,32,27
1656720115933,MATH 142A,A02,083220,Chow; Bennett,9,0,32,23
1656720115933,MATH 142A,A03,093480,Chow; Bennett,7,0,32,25
1656720115933,MATH 142A,B03,093481,Chow; Bennett,7,0,32,25
1656720115933,MATH 142A,B04,093558,Chow; Bennett,10,0,32,22
1656720115933,MATH 142A,B05,093559,Chow; Bennett,4,0,32,28
1656720121967,MATH 193A,A01,083224,Rotar; Vladimir,4,0,34,30
1656720121967,MATH 193A,A02,083225,Rotar; Vladimir,3,0,34,31
1656720121967,MATH 193A,A03,083781,Rotar; Vladimir,1,0,34,33
1656720121967,MATH 193A,A04,083782,Rotar; Vladimir,5,0,34,29
1656720121967,MATH 193A,A05,093482,Rotar; Vladimir,5,0,34,29
1656720127991,MATH 197,001,091859,McAuley; Julian John,9999,0,9999,0
1656720127991,MATH 197,002,095566,Kedlaya; Kiran S.,9997,0,9999,2
1656720127991,MATH 197,003,095567,Xiao; Ming,9999,0,9999,0
1656720127991,MATH 197,004,095571,Perols; Johan Lars,9998,0,9999,1
1656720135049,COGS 9,A01,083615,Shannon; Kyle Michael,6,0,75,69
1656720141073,COGS 11,A01,083617,Boyle; Mary E. T.,17,0,48,31
1656720147102,COGS 13,A01,083071,Bastos; Amalia Pinkusfeld,6,0,71,65
1656720153124,COGS 14A,A01,092681,Semenuks; Arturs,0,1,100,102
1656720159147,COGS 14B,A01,083073,Cheng; Tzu-Han,5,0,63,58
1656720165170,COGS 17,A01,092677,Semenuks; Arturs,4,0,81,77
1656720171200,COGS 100,A01,083619,Allen; Michael Gordon,13,0,70,57
1656720177224,COGS 101A,A01,083621,Davis; Joshua Daniel,9,0,68,59
1656720183248,COGS 101B,A01,091572,Allen; Michael Gordon,4,0,65,61
1656720189271,COGS 101C,A01,083625,Delgado; Tania,17,0,35,18
1656720195304,COGS 107A,A01,083627,Boyle; Mary E. T.,12,0,60,48
1656720201328,COGS 118A,A01,083075,Gupta; Anjum,13,0,76,63
1656720207351,CSE 3,A50,083646,Miranda; Gregory Joseph,22,0,50,28
1656720213374,CSE 8A,A50,083650,Miranda; Gregory Joseph,17,1,56,39
1656720219397,CSE 11,A01,083080,Cao; Yingjun,3,16,40,37
1656720225421,CSE 12,A01,083652,Krause-Levy; Sophia Louisa,19,1,120,101
1656720231450,CSE 15L,A01,083654,Morris; Justin Loren,8,0,50,42
1656720231450,CSE 15L,A02,083655,Morris; Justin Loren,8,0,50,42
1656720237478,CSE 20,A01,083657,Tran; Khoa Dang,36,0,80,44
1656720243501,CSE 21,A01,095574,Bach; Quang Tran,21,0,48,27
1656720249526,CSE 30,A01,083084,Eldon; John,5,0,80,75
1656720249526,CSE 30,B01,095061,Bhaskar; Nishant,3,0,50,47
1656720255560,CSE 100,A01,083659,Cao; Yingjun,1,5,70,69
1656720261583,CSE 134B,A01,083661,Powell; Thomas Allan,17,0,100,83
1656720267608,CSE 140,A01,083663,Gungor; Onat,14,0,85,71
1656720273645,CSE 140L,A01,083088,Eldon; John,16,0,100,84
1656720279669,CSE 175,A01,083665,Kumar; Rakesh,3,0,25,22
1656720285704,CSE 190,A00,092507,Dubnov; Shlomo,5,0,20,15
1656720291726,ECE 45,A01,083139,Congero; Spencer William,5,0,75,70
1656720297754,ECE 65,A50,083695,Saad; Andrew S,12,0,30,18
1656720297754,ECE 65,A51,095125,Saad; Andrew S,25,0,26,1
1656720303783,ECE 109,A01,091882,Touri; Behrouz,13,0,70,57
1656720309806,ECE 180,A00,083140,Abi Samra; Nicholas Camill,1,0,30,29
1656720309806,ECE 180,B00,083141,Abi Samra; Nicholas Camill,0,0,30,30
1656720315831,MATH 10A,A01,083735,Patchell; Gregory David,0,0,30,30
1656720315831,MATH 10A,A02,083736,Patchell; Gregory David,20,0,30,10
1656720315831,MATH 10A,A03,083737,Patchell; Gregory David,16,0,30,14
1656720321857,MATH 10B,A01,083207,Lim; Seonhee,7,0,34,27
1656720321857,MATH 10B,A02,083208,Lim; Seonhee,9,0,35,26
1656720321857,MATH 10B,A03,093472,Lim; Seonhee,3,0,34,31
1656720321857,MATH 10B,B01,083739,Sinha; Shubham,9,0,30,21
1656720327884,MATH 18,A01,083743,Cinel; Cameron Alexander,5,0,30,25
1656720327884,MATH 18,A02,083744,Cinel; Cameron Alexander,15,0,30,15
1656720327884,MATH 18,A03,083745,Cinel; Cameron Alexander,8,0,30,22
1656720327884,MATH 18,B01,083748,Rideout; David Porter,2,0,37,35
1656720327884,MATH 18,B02,083749,Rideout; David Porter,2,0,36,34
1656720327884,MATH 18,B03,083750,Rideout; David Porter,1,0,37,36
1656720327884,MATH 18,B04,083751,Rideout; David Porter,4,0,36,32
1656720327884,MATH 18,B05,093473,Rideout; David Porter,4,0,36,32
1656720327884,MATH 18,B06,093474,Rideout; David Porter,4,0,36,32
1656720333981,MATH 20A,A01,083754,Zheng; Zequn,12,0,40,28
1656720340008,MATH 20B,A01,083756,Briones; Jor-el Thomas Caparas,1,0,36,35
1656720340008,MATH 20B,A02,083757,Briones; Jor-el Thomas Caparas,1,0,36,35
1656720340008,MATH 20B,A03,093475,Briones; Jor-el Thomas Caparas,0,0,36,36
1656720346039,MATH 20C,A01,083760,Briones; Jor-el Thomas Caparas,1,0,35,34
1656720346039,MATH 20C,A02,083761,Briones; Jor-el Thomas Caparas,8,0,35,27
1656720346039,MATH 20C,A03,093476,Briones; Jor-el Thomas Caparas,0,1,36,36
1656720346039,MATH 20C,B01,083762,Bach; Quang Tran,0,0,30,30
1656720352068,MATH 20D,A01,083765,Tran; Brian Kha,4,0,30,26
1656720352068,MATH 20D,A02,083766,Tran; Brian Kha,4,0,30,26
1656720352068,MATH 20D,A03,083767,Tran; Brian Kha,1,0,30,29
1656720358091,MATH 20E,A01,083771,Ganguly; Soumya,3,0,32,29
1656720358091,MATH 20E,A02,083772,Ganguly; Soumya,4,0,32,28
1656720358091,MATH 20E,B01,083773,Ciotti; Benjamin,18,0,35,17
1656720358091,MATH 20E,B02,083774,Ciotti; Benjamin,18,0,35,17
1656720364123,MATH 103A,A01,083777,Greenfeld; Be'Eri,2,0,36,34
1656720364123,MATH 103A,A02,083778,Greenfeld; Be'Eri,5,0,36,31
1656720364123,MATH 103A,A03,093561,Greenfeld; Be'Eri,4,0,36,32
1656720364123,MATH 103A,B01,083779,Greenfeld; Be'Eri,6,0,36,30
1656720364123,MATH 103A,B02,083780,Greenfeld; Be'Eri,2,0,36,34
1656720364123,MATH 103A,B03,093562,Greenfeld; Be'Eri,2,0,36,34
1656720370147,MATH 105,A01,085443,Carter; Anne Toulson,13,0,35,22
1656720370147,MATH 105,A02,093477,Carter; Anne Toulson,20,0,35,15
1656720376170,MATH 109,A01,083213,Ganzberger; Geoffrey Michael,1,0,34,33
1656720376170,MATH 109,A02,083214,Ganzberger; Geoffrey Michael,2,0,34,32
1656720376170,MATH 109,A03,093478,Ganzberger; Geoffrey Michael,2,0,34,32
1656720376170,MATH 109,B01,083215,Ganzberger; Geoffrey Michael,1,0,32,31
1656720376170,MATH 109,B02,083216,Ganzberger; Geoffrey Michael,2,0,32,30
1656720376170,MATH 109,B03,093479,Ganzberger; Geoffrey Michael,7,0,32,25
1656720382210,MATH 142A,A01,083219,Chow; Bennett,5,0,32,27
1656720382210,MATH 142A,A02,083220,Chow; Bennett,9,0,32,23
1656720382210,MATH 142A,A03,093480,Chow; Bennett,7,0,32,25
1656720382210,MATH 142A,B03,093481,Chow; Bennett,7,0,32,25
1656720382210,MATH 142A,B04,093558,Chow; Bennett,10,0,32,22
1656720382210,MATH 142A,B05,093559,Chow; Bennett,4,0,32,28
1656720388235,MATH 193A,A01,083224,Rotar; Vladimir,4,0,34,30
1656720388235,MATH 193A,A02,083225,Rotar; Vladimir,3,0,34,31
1656720388235,MATH 193A,A03,083781,Rotar; Vladimir,1,0,34,33
1656720388235,MATH 193A,A04,083782,Rotar; Vladimir,5,0,34,29
1656720388235,MATH 193A,A05,093482,Rotar; Vladimir,5,0,34,29
1656720394258,MATH 197,001,091859,McAuley; Julian John,9999,0,9999,0
1656720394258,MATH 197,002,095566,Kedlaya; Kiran S.,9997,0,9999,2
1656720394258,MATH 197,003,095567,Xiao; Ming,9999,0,9999,0
1656720394258,MATH 197,004,095571,Perols; Johan Lars,9998,0,9999,1
1656720401318,COGS 9,A01,083615,Shannon; Kyle Michael,6,0,75,69
1656720407347,COGS 11,A01,083617,Boyle; Mary E. T.,17,0,48,31
1656720413375,COGS 13,A01,083071,Bastos; Amalia Pinkusfeld,6,0,71,65
1656720419406,COGS 14A,A01,092681,Semenuks; Arturs,0,1,100,102
1656720425434,COGS 14B,A01,083073,Cheng; Tzu-Han,5,0,63,58
1656720431459,COGS 17,A01,092677,Semenuks; Arturs,4,0,81,77
1656720437481,COGS 100,A01,083619,Allen; Michael Gordon,13,0,70,57
1656720443509,COGS 101A,A01,083621,Davis; Joshua Daniel,9,0,68,59
1656720449532,COGS 101B,A01,091572,Allen; Michael Gordon,4,0,65,61
1656720455556,COGS 101C,A01,083625,Delgado; Tania,17,0,35,18
1656720461580,COGS 107A,A01,083627,Boyle; Mary E. T.,12,0,60,48
1656720467605,COGS 118A,A01,083075,Gupta; Anjum,13,0,76,63
1656720473628,CSE 3,A50,083646,Miranda; Gregory Joseph,22,0,50,28
1656720479655,CSE 8A,A50,083650,Miranda; Gregory Joseph,17,1,56,39
1656720485682,CSE 11,A01,083080,Cao; Yingjun,3,16,40,37
1656720491706,CSE 12,A01,083652,Krause-Levy; Sophia Louisa,19,1,120,101
1656720497729,CSE 15L,A01,083654,Morris; Justin Loren,8,0,50,42
1656720497729,CSE 15L,A02,083655,Morris; Justin Loren,8,0,50,42
1656720503756,CSE 20,A01,083657,Tran; Khoa Dang,36,0,80,44
1656720509790,CSE 21,A01,095574,Bach; Quang Tran,21,0,48,27
1656720515818,CSE 30,A01,083084,Eldon; John,5,0,80,75
1656720515818,CSE 30,B01,095061,Bhaskar; Nishant,3,0,50,47
1656720521854,CSE 100,A01,083659,Cao; Yingjun,1,5,70,69
1656720527882,CSE 134B,A01,083661,Powell; Thomas Allan,17,0,100,83
1656720533907,CSE 140,A01,083663,Gungor; Onat,14,0,85,71
1656720539934,CSE 140L,A01,083088,Eldon; John,16,0,100,84
1656720545968,CSE 175,A01,083665,Kumar; Rakesh,3,0,25,22
1656720551993,CSE 190,A00,092507,Dubnov; Shlomo,5,0,20,15
1656720558020,ECE 45,A01,083139,Congero; Spencer William,5,0,75,70
1656720564050,ECE 65,A50,083695,Saad; Andrew S,12,0,30,18
1656720564050,ECE 65,A51,095125,Saad; Andrew S,25,0,26,1
1656720570077,ECE 109,A01,091882,Touri; Behrouz,13,0,70,57
1656720576101,ECE 180,A00,083140,Abi Samra; Nicholas Camill,1,0,30,29
1656720576101,ECE 180,B00,083141,Abi Samra; Nicholas Camill,0,0,30,30
1656720582130,MATH 10A,A01,083735,Patchell; Gregory David,0,0,30,30
1656720582130,MATH 10A,A02,083736,Patchell; Gregory David,20,0,30,10
1656720582130,MATH 10A,A03,083737,Patchell; Gregory David,16,0,30,14
1656720588153,MATH 10B,A01,083207,Lim; Seonhee,7,0,34,27
1656720588153,MATH 10B,A02,083208,Lim; Seonhee,9,0,35,26
1656720588153,MATH 10B,A03,093472,Lim; Seonhee,3,0,34,31
1656720588153,MATH 10B,B01,083739,Sinha; Shubham,9,0,30,21
1656720594186,MATH 18,A01,083743,Cinel; Cameron Alexander,5,0,30,25
1656720594186,MATH 18,A02,083744,Cinel; Cameron Alexander,15,0,30,15
1656720594186,MATH 18,A03,083745,Cinel; Cameron Alexander,8,0,30,22
1656720594186,MATH 18,B01,083748,Rideout; David Porter,2,0,37,35
1656720594186,MATH 18,B02,083749,Rideout; David Porter,2,0,36,34
1656720594186,MATH 18,B03,083750,Rideout; David Porter,1,0,37,36
1656720594186,MATH 18,B04,083751,Rideout; David Porter,4,0,36,32
1656720594186,MATH 18,B05,093473,Rideout; David Porter,4,0,36,32
1656720594186,MATH 18,B06,093474,Rideout; David Porter,4,0,36,32
1656720600212,MATH 20A,A01,083754,Zheng; Zequn,12,0,40,28
1656720606241,MATH 20B,A01,083756,Briones; Jor-el Thomas Caparas,1,0,36,35
1656720606241,MATH 20B,A02,083757,Briones; Jor-el Thomas Caparas,1,0,36,35
1656720606241,MATH 20B,A03,093475,Briones; Jor-el Thomas Caparas,0,0,36,36
1656720612271,MATH 20C,A01,083760,Briones; Jor-el Thomas Caparas,1,0,35,34
1656720612271,MATH 20C,A02,083761,Briones; Jor-el Thomas Caparas,8,0,35,27
1656720612271,MATH 20C,A03,093476,Briones; Jor-el Thomas Caparas,0,1,36,36
1656720612271,MATH 20C,B01,083762,Bach; Quang Tran,0,0,30,30
1656720618296,MATH 20D,A01,083765,Tran; Brian Kha,4,0,30,26
1656720618296,MATH 20D,A02,083766,Tran; Brian Kha,4,0,30,26
1656720618296,MATH 20D,A03,083767,Tran; Brian Kha,1,0,30,29
1656720624321,MATH 20E,A01,083771,Ganguly; Soumya,3,0,32,29
1656720624321,MATH 20E,A02,083772,Ganguly; Soumya,4,0,32,28
1656720624321,MATH 20E,B01,083773,Ciotti; Benjamin,18,0,35,17
1656720624321,MATH 20E,B02,083774,Ciotti; Benjamin,18,0,35,17
1656720630345,MATH 103A,A01,083777,Greenfeld; Be'Eri,2,0,36,34
1656720630345,MATH 103A,A02,083778,Greenfeld; Be'Eri,5,0,36,31
1656720630345,MATH 103A,A03,093561,Greenfeld; Be'Eri,4,0,36,32
1656720630345,MATH 103A,B01,083779,Greenfeld; Be'Eri,6,0,36,30
1656720630345,MATH 103A,B02,083780,Greenfeld; Be'Eri,2,0,36,34
1656720630345,MATH 103A,B03,093562,Greenfeld; Be'Eri,2,0,36,34
1656720636371,MATH 105,A01,085443,Carter; Anne Toulson,13,0,35,22
1656720636371,MATH 105,A02,093477,Carter; Anne Toulson,20,0,35,15
1656720642400,MATH 109,A01,083213,Ganzberger; Geoffrey Michael,2,0,34,32
1656720642400,MATH 109,A02,083214,Ganzberger; Geoffrey Michael,2,0,34,32
1656720642400,MATH 109,A03,093478,Ganzberger; Geoffrey Michael,2,0,34,32
1656720642400,MATH 109,B01,083215,Ganzberger; Geoffrey Michael,1,0,32,31
1656720642400,MATH 109,B02,083216,Ganzberger; Geoffrey Michael,1,0,32,31
1656720642400,MATH 109,B03,093479,Ganzberger; Geoffrey Michael,7,0,32,25
1656720648430,MATH 142A,A01,083219,Chow; Bennett,5,0,32,27
1656720648430,MATH 142A,A02,083220,Chow; Bennett,9,0,32,23
1656720648430,MATH 142A,A03,093480,Chow; Bennett,7,0,32,25
1656720648430,MATH 142A,B03,093481,Chow; Bennett,7,0,32,25
1656720648430,MATH 142A,B04,093558,Chow; Bennett,10,0,32,22
1656720648430,MATH 142A,B05,093559,Chow; Bennett,4,0,32,28
1656720654458,MATH 193A,A01,083224,Rotar; Vladimir,4,0,34,30
1656720654458,MATH 193A,A02,083225,Rotar; Vladimir,3,0,34,31
1656720654458,MATH 193A,A03,083781,Rotar; Vladimir,1,0,34,33
1656720654458,MATH 193A,A04,083782,Rotar; Vladimir,5,0,34,29
1656720654458,MATH 193A,A05,093482,Rotar; Vladimir,5,0,34,29
1656720660489,MATH 197,001,091859,McAuley; Julian John,9999,0,9999,0
1656720660489,MATH 197,002,095566,Kedlaya; Kiran S.,9997,0,9999,2
1656720660489,MATH 197,003,095567,Xiao; Ming,9999,0,9999,0
1656720660489,MATH 197,004,095571,Perols; Johan Lars,9998,0,9999,1
1656720667552,COGS 9,A01,083615,Shannon; Kyle Michael,6,0,75,69
1656720673586,COGS 11,A01,083617,Boyle; Mary E. T.,17,0,48,31
1656720679614,COGS 13,A01,083071,Bastos; Amalia Pinkusfeld,6,0,71,65
1656720685639,COGS 14A,A01,092681,Semenuks; Arturs,0,1,100,102
1656720691663,COGS 14B,A01,083073,Cheng; Tzu-Han,5,0,63,58
1656720697691,COGS 17,A01,092677,Semenuks; Arturs,4,0,81,77
1656720703714,COGS 100,A01,083619,Allen; Michael Gordon,13,0,70,57
1656720709736,COGS 101A,A01,083621,Davis; Joshua Daniel,9,0,68,59
1656720715772,COGS 101B,A01,091572,Allen; Michael Gordon,4,0,65,61
1656720721802,COGS 101C,A01,083625,Delgado; Tania,17,0,35,18
1656720727824,COGS 107A,A01,083627,Boyle; Mary E. T.,12,0,60,48
1656720733847,COGS 118A,A01,083075,Gupta; Anjum,13,0,76,63
1656720739871,CSE 3,A50,083646,Miranda; Gregory Joseph,22,0,50,28
1656720745904,CSE 8A,A50,083650,Miranda; Gregory Joseph,17,1,56,39
1656720751928,CSE 11,A01,083080,Cao; Yingjun,3,16,40,37
1656720757953,CSE 12,A01,083652,Krause-Levy; Sophia Louisa,19,1,120,101
1656720763980,CSE 15L,A01,083654,Morris; Justin Loren,8,0,50,42
1656720763980,CSE 15L,A02,083655,Morris; Justin Loren,8,0,50,42
1656720770003,CSE 20,A01,083657,Tran; Khoa Dang,36,0,80,44
1656720776030,CSE 21,A01,095574,Bach; Quang Tran,21,0,48,27
1656720782058,CSE 30,A01,083084,Eldon; John,5,0,80,75
1656720782058,CSE 30,B01,095061,Bhaskar; Nishant,3,0,50,47
1656720788088,CSE 100,A01,083659,Cao; Yingjun,1,5,70,69
1656720794110,CSE 134B,A01,083661,Powell; Thomas Allan,17,0,100,83
1656720800136,CSE 140,A01,083663,Gungor; Onat,14,0,85,71
1656720806165,CSE 140L,A01,083088,Eldon; John,16,0,100,84
1656720812198,CSE 175,A01,083665,Kumar; Rakesh,3,0,25,22
1656720818219,CSE 190,A00,092507,Dubnov; Shlomo,5,0,20,15
1656720824251,ECE 45,A01,083139,Congero; Spencer William,5,0,75,70
1656720830275,ECE 65,A50,083695,Saad; Andrew S,12,0,30,18
1656720830275,ECE 65,A51,095125,Saad; Andrew S,25,0,26,1
1656720836303,ECE 109,A01,091882,Touri; Behrouz,13,0,70,57
1656720842332,ECE 180,A00,083140,Abi Samra; Nicholas Camill,1,0,30,29
1656720842332,ECE 180,B00,083141,Abi Samra; Nicholas Camill,0,0,30,30
1656720848360,MATH 10A,A01,083735,Patchell; Gregory David,0,0,30,30
1656720848360,MATH 10A,A02,083736,Patchell; Gregory David,20,0,30,10
1656720848360,MATH 10A,A03,083737,Patchell; Gregory David,16,0,30,14
1656720854385,MATH 10B,A01,083207,Lim; Seonhee,7,0,34,27
1656720854385,MATH 10B,A02,083208,Lim; Seonhee,9,0,35,26
1656720854385,MATH 10B,A03,093472,Lim; Seonhee,3,0,34,31
1656720854385,MATH 10B,B01,083739,Sinha; Shubham,9,0,30,21
1656720860415,MATH 18,A01,083743,Cinel; Cameron Alexander,5,0,30,25
1656720860415,MATH 18,A02,083744,Cinel; Cameron Alexander,15,0,30,15
1656720860415,MATH 18,A03,083745,Cinel; Cameron Alexander,8,0,30,22
1656720860415,MATH 18,B01,083748,Rideout; David Porter,2,0,37,35
1656720860415,MATH 18,B02,083749,Rideout; David Porter,2,0,36,34
1656720860415,MATH 18,B03,083750,Rideout; David Porter,1,0,37,36
1656720860415,MATH 18,B04,083751,Rideout; David Porter,4,0,36,32
1656720860415,MATH 18,B05,093473,Rideout; David Porter,4,0,36,32
1656720860415,MATH 18,B06,093474,Rideout; David Porter,4,0,36,32
1656720866442,MATH 20A,A01,083754,Zheng; Zequn,12,0,40,28
1656720872465,MATH 20B,A01,083756,Briones; Jor-el Thomas Caparas,1,0,36,35
1656720872465,MATH 20B,A02,083757,Briones; Jor-el Thomas Caparas,1,0,36,35
1656720872465,MATH 20B,A03,093475,Briones; Jor-el Thomas Caparas,0,0,36,36
1656720878491,MATH 20C,A01,083760,Briones; Jor-el Thomas Caparas,1,0,35,34
1656720878491,MATH 20C,A02,083761,Briones; Jor-el Thomas Caparas,8,0,35,27
1656720878491,MATH 20C,A03,093476,Briones; Jor-el Thomas Caparas,0,1,36,36
1656720878491,MATH 20C,B01,083762,Bach; Quang Tran,0,0,30,30
1656720884518,MATH 20D,A01,083765,Tran; Brian Kha,4,0,30,26
1656720884518,MATH 20D,A02,083766,Tran; Brian Kha,4,0,30,26
1656720884518,MATH 20D,A03,083767,Tran; Brian Kha,1,0,30,29
1656720890547,MATH 20E,A01,083771,Ganguly; Soumya,3,0,32,29
1656720890547,MATH 20E,A02,083772,Ganguly; Soumya,4,0,32,28
1656720890547,MATH 20E,B01,083773,Ciotti; Benjamin,18,0,35,17
1656720890547,MATH 20E,B02,083774,Ciotti; Benjamin,18,0,35,17
1656720896573,MATH 103A,A01,083777,Greenfeld; Be'Eri,2,0,36,34
1656720896573,MATH 103A,A02,083778,Greenfeld; Be'Eri,5,0,36,31
1656720896573,MATH 103A,A03,093561,Greenfeld; Be'Eri,4,0,36,32
1656720896573,MATH 103A,B01,083779,Greenfeld; Be'Eri,6,0,36,30
1656720896573,MATH 103A,B02,083780,Greenfeld; Be'Eri,2,0,36,34
1656720896573,MATH 103A,B03,093562,Greenfeld; Be'Eri,2,0,36,34
1656720902597,MATH 105,A01,085443,Carter; Anne Toulson,13,0,35,22
1656720902597,MATH 105,A02,093477,Carter; Anne Toulson,20,0,35,15
1656720908627,MATH 109,A01,083213,Ganzberger; Geoffrey Michael,2,0,34,32
1656720908627,MATH 109,A02,083214,Ganzberger; Geoffrey Michael,2,0,34,32
1656720908627,MATH 109,A03,093478,Ganzberger; Geoffrey Michael,2,0,34,32
1656720908627,MATH 109,B01,083215,Ganzberger; Geoffrey Michael,1,0,32,31
1656720908627,MATH 109,B02,083216,Ganzberger; Geoffrey Michael,1,0,32,31
1656720908627,MATH 109,B03,093479,Ganzberger; Geoffrey Michael,7,0,32,25
1656720914664,MATH 142A,A01,083219,Chow; Bennett,5,0,32,27
1656720914664,MATH 142A,A02,083220,Chow; Bennett,9,0,32,23
1656720914664,MATH 142A,A03,093480,Chow; Bennett,7,0,32,25
1656720914664,MATH 142A,B03,093481,Chow; Bennett,7,0,32,25
1656720914664,MATH 142A,B04,093558,Chow; Bennett,10,0,32,22
1656720914664,MATH 142A,B05,093559,Chow; Bennett,4,0,32,28
1656720920689,MATH 193A,A01,083224,Rotar; Vladimir,4,0,34,30
1656720920689,MATH 193A,A02,083225,Rotar; Vladimir,3,0,34,31
1656720920689,MATH 193A,A03,083781,Rotar; Vladimir,1,0,34,33
1656720920689,MATH 193A,A04,083782,Rotar; Vladimir,5,0,34,29
1656720920689,MATH 193A,A05,093482,Rotar; Vladimir,5,0,34,29
1656720926717,MATH 197,001,091859,McAuley; Julian John,9999,0,9999,0
1656720926717,MATH 197,002,095566,Kedlaya; Kiran S.,9997,0,9999,2
1656720926717,MATH 197,003,095567,Xiao; Ming,9999,0,9999,0
1656720926717,MATH 197,004,095571,Perols; Johan Lars,9998,0,9999,1
1656720933856,COGS 9,A01,083615,Shannon; Kyle Michael,6,0,75,69
1656720939886,COGS 11,A01,083617,Boyle; Mary E. T.,17,0,48,31
1656720945912,COGS 13,A01,083071,Bastos; Amalia Pinkusfeld,6,0,71,65
1656720951935,COGS 14A,A01,092681,Semenuks; Arturs,0,1,100,102
1656720957958,COGS 14B,A01,083073,Cheng; Tzu-Han,5,0,63,58
1656720963982,COGS 17,A01,092677,Semenuks; Arturs,4,0,81,77
1656720970005,COGS 100,A01,083619,Allen; Michael Gordon,13,0,70,57
1656720976031,COGS 101A,A01,083621,Davis; Joshua Daniel,9,0,68,59
1656720982053,COGS 101B,A01,091572,Allen; Michael Gordon,4,0,65,61
1656720988077,COGS 101C,A01,083625,Delgado; Tania,17,0,35,18
1656720994099,COGS 107A,A01,083627,Boyle; Mary E. T.,12,0,60,48
1656721000124,COGS 118A,A01,083075,Gupta; Anjum,13,0,76,63
1656721006148,CSE 3,A50,083646,Miranda; Gregory Joseph,22,0,50,28
1656721012170,CSE 8A,A50,083650,Miranda; Gregory Joseph,17,1,56,39
1656721018196,CSE 11,A01,083080,Cao; Yingjun,3,16,40,37
1656721024220,CSE 12,A01,083652,Krause-Levy; Sophia Louisa,19,1,120,101
1656721030242,CSE 15L,A01,083654,Morris; Justin Loren,8,0,50,42
1656721030242,CSE 15L,A02,083655,Morris; Justin Loren,8,0,50,42
1656721036273,CSE 20,A01,083657,Tran; Khoa Dang,36,0,80,44
1656721042296,CSE 21,A01,095574,Bach; Quang Tran,21,0,48,27
1656721048323,CSE 30,A01,083084,Eldon; John,5,0,80,75
1656721048323,CSE 30,B01,095061,Bhaskar; Nishant,3,0,50,47
1656721054351,CSE 100,A01,083659,Cao; Yingjun,1,5,70,69
1656721060374,CSE 134B,A01,083661,Powell; Thomas Allan,17,0,100,83
1656721066398,CSE 140,A01,083663,Gungor; Onat,14,0,85,71
1656721072426,CSE 140L,A01,083088,Eldon; John,16,0,100,84
1656721078449,CSE 175,A01,083665,Kumar; Rakesh,3,0,25,22
1656721084473,CSE 190,A00,092507,Dubnov; Shlomo,5,0,20,15
1656721090495,ECE 45,A01,083139,Congero; Spencer William,5,0,75,70
1656721096521,ECE 65,A50,083695,Saad; Andrew S,12,0,30,18
1656721096521,ECE 65,A51,095125,Saad; Andrew S,25,0,26,1
1656721102546,ECE 109,A01,091882,Touri; Behrouz,13,0,70,57
1656721108570,ECE 180,A00,083140,Abi Samra; Nicholas Camill,1,0,30,29
1656721108570,ECE 180,B00,083141,Abi Samra; Nicholas Camill,0,0,30,30
1656721114596,MATH 10A,A01,083735,Patchell; Gregory David,0,0,30,30
1656721114596,MATH 10A,A02,083736,Patchell; Gregory David,20,0,30,10
1656721114596,MATH 10A,A03,083737,Patchell; Gregory David,16,0,30,14
1656721120626,MATH 10B,A01,083207,Lim; Seonhee,7,0,34,27
1656721120626,MATH 10B,A02,083208,Lim; Seonhee,9,0,35,26
1656721120626,MATH 10B,A03,093472,Lim; Seonhee,3,0,34,31
1656721120626,MATH 10B,B01,083739,Sinha; Shubham,9,0,30,21
1656721126649,MATH 18,A01,083743,Cinel; Cameron Alexander,5,0,30,25
1656721126649,MATH 18,A02,083744,Cinel; Cameron Alexander,15,0,30,15
1656721126649,MATH 18,A03,083745,Cinel; Cameron Alexander,8,0,30,22
1656721126649,MATH 18,B01,083748,Rideout; David Porter,2,0,37,35
1656721126649,MATH 18,B02,083749,Rideout; David Porter,2,0,36,34
1656721126649,MATH 18,B03,083750,Rideout; David Porter,1,0,37,36
1656721126649,MATH 18,B04,083751,Rideout; David Porter,4,0,36,32
1656721126649,MATH 18,B05,093473,Rideout; David Porter,4,0,36,32
1656721126649,MATH 18,B06,093474,Rideout; David Porter,4,0,36,32
1656721132676,MATH 20A,A01,083754,Zheng; Zequn,12,0,40,28
1656721138703,MATH 20B,A01,083756,Briones; Jor-el Thomas Caparas,1,0,36,35
1656721138703,MATH 20B,A02,083757,Briones; Jor-el Thomas Caparas,1,0,36,35
1656721138703,MATH 20B,A03,093475,Briones; Jor-el Thomas Caparas,0,0,36,36
1656721144726,MATH 20C,A01,083760,Briones; Jor-el Thomas Caparas,1,0,35,34
1656721144726,MATH 20C,A02,083761,Briones; Jor-el Thomas Caparas,8,0,35,27
1656721144726,MATH 20C,A03,093476,Briones; Jor-el Thomas Caparas,0,1,36,36
1656721144726,MATH 20C,B01,083762,Bach; Quang Tran,0,0,30,30
1656721150755,MATH 20D,A01,083765,Tran; Brian Kha,4,0,30,26
1656721150755,MATH 20D,A02,083766,Tran; Brian Kha,4,0,30,26
1656721150755,MATH 20D,A03,083767,Tran; Brian Kha,1,0,30,29
1656721156778,MATH 20E,A01,083771,Ganguly; Soumya,3,0,32,29
1656721156778,MATH 20E,A02,083772,Ganguly; Soumya,4,0,32,28
1656721156778,MATH 20E,B01,083773,Ciotti; Benjamin,18,0,35,17
1656721156778,MATH 20E,B02,083774,Ciotti; Benjamin,18,0,35,17
1656721162802,MATH 103A,A01,083777,Greenfeld; Be'Eri,2,0,36,34
1656721162802,MATH 103A,A02,083778,Greenfeld; Be'Eri,5,0,36,31
1656721162802,MATH 103A,A03,093561,Greenfeld; Be'Eri,4,0,36,32
1656721162802,MATH 103A,B01,083779,Greenfeld; Be'Eri,6,0,36,30
1656721162802,MATH 103A,B02,083780,Greenfeld; Be'Eri,2,0,36,34
1656721162802,MATH 103A,B03,093562,Greenfeld; Be'Eri,2,0,36,34
1656721168824,MATH 105,A01,085443,Carter; Anne Toulson,13,0,35,22
1656721168824,MATH 105,A02,093477,Carter; Anne Toulson,20,0,35,15
1656721174848,MATH 109,A01,083213,Ganzberger; Geoffrey Michael,2,0,34,32
1656721174848,MATH 109,A02,083214,Ganzberger; Geoffrey Michael,2,0,34,32
1656721174848,MATH 109,A03,093478,Ganzberger; Geoffrey Michael,2,0,34,32
1656721174848,MATH 109,B01,083215,Ganzberger; Geoffrey Michael,1,0,32,31
1656721174848,MATH 109,B02,083216,Ganzberger; Geoffrey Michael,1,0,32,31
1656721174848,MATH 109,B03,093479,Ganzberger; Geoffrey Michael,7,0,32,25
1656721180875,MATH 142A,A01,083219,Chow; Bennett,5,0,32,27
1656721180875,MATH 142A,A02,083220,Chow; Bennett,9,0,32,23
1656721180875,MATH 142A,A03,093480,Chow; Bennett,7,0,32,25
1656721180875,MATH 142A,B03,093481,Chow; Bennett,7,0,32,25
1656721180875,MATH 142A,B04,093558,Chow; Bennett,10,0,32,22
1656721180875,MATH 142A,B05,093559,Chow; Bennett,4,0,32,28
1656721186903,MATH 193A,A01,083224,Rotar; Vladimir,4,0,34,30
1656721186903,MATH 193A,A02,083225,Rotar; Vladimir,3,0,34,31
1656721186903,MATH 193A,A03,083781,Rotar; Vladimir,1,0,34,33
1656721186903,MATH 193A,A04,083782,Rotar; Vladimir,5,0,34,29
1656721186903,MATH 193A,A05,093482,Rotar; Vladimir,5,0,34,29
1656721192932,MATH 197,001,091859,McAuley; Julian John,9999,0,9999,0
1656721192932,MATH 197,002,095566,Kedlaya; Kiran S.,9997,0,9999,2
1656721192932,MATH 197,003,095567,Xiao; Ming,9999,0,9999,0
1656721192932,MATH 197,004,095571,Perols; Johan Lars,9998,0,9999,1
1656721199995,COGS 9,A01,083615,Shannon; Kyle Michael,6,0,75,69
1656721206020,COGS 11,A01,083617,Boyle; Mary E. T.,17,0,48,31
1656721212046,COGS 13,A01,083071,Bastos; Amalia Pinkusfeld,6,0,71,65
1656721218075,COGS 14A,A01,092681,Semenuks; Arturs,0,1,100,102
1656721224097,COGS 14B,A01,083073,Cheng; Tzu-Han,5,0,63,58
1656721230119,COGS 17,A01,092677,Semenuks; Arturs,4,0,81,77
1656721236142,COGS 100,A01,083619,Allen; Michael Gordon,13,0,70,57
1656721242166,COGS 101A,A01,083621,Davis; Joshua Daniel,9,0,68,59
1656721248192,COGS 101B,A01,091572,Allen; Michael Gordon,4,0,65,61
1656721254219,COGS 101C,A01,083625,Delgado; Tania,17,0,35,18
1656721260248,COGS 107A,A01,083627,Boyle; Mary E. T.,12,0,60,48
1656721266274,COGS 118A,A01,083075,Gupta; Anjum,13,0,76,63
1656721272301,CSE 3,A50,083646,Miranda; Gregory Joseph,22,0,50,28
1656721278330,CSE 8A,A50,083650,Miranda; Gregory Joseph,17,1,56,39
1656721284355,CSE 11,A01,083080,Cao; Yingjun,3,16,40,37
1656721290379,CSE 12,A01,083652,Krause-Levy; Sophia Louisa,19,1,120,101
1656721296405,CSE 15L,A01,083654,Morris; Justin Loren,8,0,50,42
1656721296405,CSE 15L,A02,083655,Morris; Justin Loren,8,0,50,42
1656721302438,CSE 20,A01,083657,Tran; Khoa Dang,36,0,80,44
1656721308466,CSE 21,A01,095574,Bach; Quang Tran,21,0,48,27
1656721314492,CSE 30,A01,083084,Eldon; John,5,0,80,75
1656721314492,CSE 30,B01,095061,Bhaskar; Nishant,3,0,50,47
1656721320516,CSE 100,A01,083659,Cao; Yingjun,1,5,70,69
1656721326549,CSE 134B,A01,083661,Powell; Thomas Allan,17,0,100,83
1656721332576,CSE 140,A01,083663,Gungor; Onat,14,0,85,71
1656721338601,CSE 140L,A01,083088,Eldon; John,16,0,100,84
1656721344631,CSE 175,A01,083665,Kumar; Rakesh,3,0,25,22
1656721350657,CSE 190,A00,092507,Dubnov; Shlomo,5,0,20,15
1656721356680,ECE 45,A01,083139,Congero; Spencer William,5,0,75,70
1656721362708,ECE 65,A50,083695,Saad; Andrew S,12,0,30,18
1656721362708,ECE 65,A51,095125,Saad; Andrew S,25,0,26,1
1656721368731,ECE 109,A01,091882,Touri; Behrouz,13,0,70,57
1656721374765,ECE 180,A00,083140,Abi Samra; Nicholas Camill,1,0,30,29
1656721374765,ECE 180,B00,083141,Abi Samra; Nicholas Camill,0,0,30,30
1656721380789,MATH 10A,A01,083735,Patchell; Gregory David,0,0,30,30
1656721380789,MATH 10A,A02,083736,Patchell; Gregory David,20,0,30,10
1656721380789,MATH 10A,A03,083737,Patchell; Gregory David,15,0,30,15
1656721386818,MATH 10B,A01,083207,Lim; Seonhee,7,0,34,27
1656721386818,MATH 10B,A02,083208,Lim; Seonhee,9,0,35,26
1656721386818,MATH 10B,A03,093472,Lim; Seonhee,3,0,34,31
1656721386818,MATH 10B,B01,083739,Sinha; Shubham,9,0,30,21
1656721392843,MATH 18,A01,083743,Cinel; Cameron Alexander,5,0,30,25
1656721392843,MATH 18,A02,083744,Cinel; Cameron Alexander,15,0,30,15
1656721392843,MATH 18,A03,083745,Cinel; Cameron Alexander,8,0,30,22
1656721392843,MATH 18,B01,083748,Rideout; David Porter,2,0,37,35
1656721392843,MATH 18,B02,083749,Rideout; David Porter,2,0,36,34
1656721392843,MATH 18,B03,083750,Rideout; David Porter,1,0,37,36
1656721392843,MATH 18,B04,083751,Rideout; David Porter,4,0,36,32
1656721392843,MATH 18,B05,093473,Rideout; David Porter,4,0,36,32
1656721392843,MATH 18,B06,093474,Rideout; David Porter,4,0,36,32
1656721398870,MATH 20A,A01,083754,Zheng; Zequn,12,0,40,28
1656721404893,MATH 20B,A01,083756,Briones; Jor-el Thomas Caparas,1,0,36,35
1656721404893,MATH 20B,A02,083757,Briones; Jor-el Thomas Caparas,1,0,36,35
1656721404893,MATH 20B,A03,093475,Briones; Jor-el Thomas Caparas,0,0,36,36
1656721410917,MATH 20C,A01,083760,Briones; Jor-el Thomas Caparas,1,0,35,34
1656721410917,MATH 20C,A02,083761,Briones; Jor-el Thomas Caparas,8,0,35,27
1656721410917,MATH 20C,A03,093476,Briones; Jor-el Thomas Caparas,0,1,36,36
1656721410917,MATH 20C,B01,083762,Bach; Quang Tran,0,0,30,30
1656721416943,MATH 20D,A01,083765,Tran; Brian Kha,4,0,30,26
1656721416943,MATH 20D,A02,083766,Tran; Brian Kha,4,0,30,26
1656721416943,MATH 20D,A03,083767,Tran; Brian Kha,1,0,30,29
1656721422967,MATH 20E,A01,083771,Ganguly; Soumya,3,0,32,29
1656721422967,MATH 20E,A02,083772,Ganguly; Soumya,4,0,32,28
1656721422967,MATH 20E,B01,083773,Ciotti; Benjamin,18,0,35,17
1656721422967,MATH 20E,B02,083774,Ciotti; Benjamin,18,0,35,17
1656721428995,MATH 103A,A01,083777,Greenfeld; Be'Eri,2,0,36,34
1656721428995,MATH 103A,A02,083778,Greenfeld; Be'Eri,5,0,36,31
1656721428995,MATH 103A,A03,093561,Greenfeld; Be'Eri,4,0,36,32
1656721428995,MATH 103A,B01,083779,Greenfeld; Be'Eri,6,0,36,30
1656721428995,MATH 103A,B02,083780,Greenfeld; Be'Eri,2,0,36,34
1656721428995,MATH 103A,B03,093562,Greenfeld; Be'Eri,2,0,36,34
1656721435018,MATH 105,A01,085443,Carter; Anne Toulson,13,0,35,22
1656721435018,MATH 105,A02,093477,Carter; Anne Toulson,20,0,35,15
1656721441042,MATH 109,A01,083213,Ganzberger; Geoffrey Michael,2,0,34,32
1656721441042,MATH 109,A02,083214,Ganzberger; Geoffrey Michael,2,0,34,32
1656721441042,MATH 109,A03,093478,Ganzberger; Geoffrey Michael,2,0,34,32
1656721441042,MATH 109,B01,083215,Ganzberger; Geoffrey Michael,1,0,32,31
1656721441042,MATH 109,B02,083216,Ganzberger; Geoffrey Michael,1,0,32,31
1656721441042,MATH 109,B03,093479,Ganzberger; Geoffrey Michael,7,0,32,25
1656721447066,MATH 142A,A01,083219,Chow; Bennett,5,0,32,27
1656721447066,MATH 142A,A02,083220,Chow; Bennett,9,0,32,23
1656721447066,MATH 142A,A03,093480,Chow; Bennett,7,0,32,25
1656721447066,MATH 142A,B03,093481,Chow; Bennett,7,0,32,25
1656721447066,MATH 142A,B04,093558,Chow; Bennett,10,0,32,22
1656721447066,MATH 142A,B05,093559,Chow; Bennett,4,0,32,28
1656721453095,MATH 193A,A01,083224,Rotar; Vladimir,4,0,34,30
1656721453095,MATH 193A,A02,083225,Rotar; Vladimir,3,0,34,31
1656721453095,MATH 193A,A03,083781,Rotar; Vladimir,1,0,34,33
1656721453095,MATH 193A,A04,083782,Rotar; Vladimir,5,0,34,29
1656721453095,MATH 193A,A05,093482,Rotar; Vladimir,5,0,34,29
1656721459117,MATH 197,001,091859,McAuley; Julian John,9999,0,9999,0
1656721459117,MATH 197,002,095566,Kedlaya; Kiran S.,9997,0,9999,2
1656721459117,MATH 197,003,095567,Xiao; Ming,9999,0,9999,0
1656721459117,MATH 197,004,095571,Perols; Johan Lars,9998,0,9999,1
1656721466183,COGS 9,A01,083615,Shannon; Kyle Michael,6,0,75,69
1656721472206,COGS 11,A01,083617,Boyle; Mary E. T.,17,0,48,31
1656721478233,COGS 13,A01,083071,Bastos; Amalia Pinkusfeld,6,0,71,65
1656721484261,COGS 14A,A01,092681,Semenuks; Arturs,0,1,100,102
1656721490283,COGS 14B,A01,083073,Cheng; Tzu-Han,5,0,63,58
1656721496311,COGS 17,A01,092677,Semenuks; Arturs,4,0,81,77
1656721502336,COGS 100,A01,083619,Allen; Michael Gordon,13,0,70,57
1656721508358,COGS 101A,A01,083621,Davis; Joshua Daniel,9,0,68,59
1656721514381,COGS 101B,A01,091572,Allen; Michael Gordon,4,0,65,61
1656721520405,COGS 101C,A01,083625,Delgado; Tania,17,0,35,18
1656721526500,COGS 107A,A01,083627,Boyle; Mary E. T.,12,0,60,48
1656721532525,COGS 118A,A01,083075,Gupta; Anjum,13,0,76,63
1656721538552,CSE 3,A50,083646,Miranda; Gregory Joseph,22,0,50,28
1656721544587,CSE 8A,A50,083650,Miranda; Gregory Joseph,17,1,56,39
1656721550610,CSE 11,A01,083080,Cao; Yingjun,3,16,40,37
1656721556636,CSE 12,A01,083652,Krause-Levy; Sophia Louisa,19,1,120,101
1656721562663,CSE 15L,A01,083654,Morris; Justin Loren,8,0,50,42
1656721562663,CSE 15L,A02,083655,Morris; Justin Loren,8,0,50,42
1656721568691,CSE 20,A01,083657,Tran; Khoa Dang,36,0,80,44
1656721574718,CSE 21,A01,095574,Bach; Quang Tran,21,0,48,27
1656721580742,CSE 30,A01,083084,Eldon; John,5,0,80,75
1656721580742,CSE 30,B01,095061,Bhaskar; Nishant,3,0,50,47
1656721586764,CSE 100,A01,083659,Cao; Yingjun,1,5,70,69
1656721592787,CSE 134B,A01,083661,Powell; Thomas Allan,17,0,100,83
1656721598811,CSE 140,A01,083663,Gungor; Onat,14,0,85,71
1656721604847,CSE 140L,A01,083088,Eldon; John,16,0,100,84
1656721610872,CSE 175,A01,083665,Kumar; Rakesh,3,0,25,22
1656721616895,CSE 190,A00,092507,Dubnov; Shlomo,5,0,20,15
1656721622923,ECE 45,A01,083139,Congero; Spencer William,5,0,75,70
1656721628949,ECE 65,A50,083695,Saad; Andrew S,12,0,30,18
1656721628949,ECE 65,A51,095125,Saad; Andrew S,25,0,26,1
1656721634971,ECE 109,A01,091882,Touri; Behrouz,13,0,70,57
1656721640997,ECE 180,A00,083140,Abi Samra; Nicholas Camill,1,0,30,29
1656721640997,ECE 180,B00,083141,Abi Samra; Nicholas Camill,0,0,30,30
1656721647024,MATH 10A,A01,083735,Patchell; Gregory David,0,0,30,30
1656721647024,MATH 10A,A02,083736,Patchell; Gregory David,20,0,30,10
1656721647024,MATH 10A,A03,083737,Patchell; Gregory David,15,0,30,15
1656721653052,MATH 10B,A01,083207,Lim; Seonhee,7,0,34,27
1656721653052,MATH 10B,A02,083208,Lim; Seonhee,9,0,35,26
1656721653052,MATH 10B,A03,093472,Lim; Seonhee,3,0,34,31
1656721653052,MATH 10B,B01,083739,Sinha; Shubham,9,0,30,21
1656721659083,MATH 18,A01,083743,Cinel; Cameron Alexander,5,0,30,25
1656721659083,MATH 18,A02,083744,Cinel; Cameron Alexander,15,0,30,15
1656721659083,MATH 18,A03,083745,Cinel; Cameron Alexander,8,0,30,22
1656721659083,MATH 18,B01,083748,Rideout; David Porter,2,0,37,35
1656721659083,MATH 18,B02,083749,Rideout; David Porter,2,0,36,34
1656721659083,MATH 18,B03,083750,Rideout; David Porter,1,0,37,36
1656721659083,MATH 18,B04,083751,Rideout; David Porter,4,0,36,32
1656721659083,MATH 18,B05,093473,Rideout; David Porter,4,0,36,32
1656721659083,MATH 18,B06,093474,Rideout; David Porter,4,0,36,32
1656721665107,MATH 20A,A01,083754,Zheng; Zequn,12,0,40,28
1656721671134,MATH 20B,A01,083756,Briones; Jor-el Thomas Caparas,1,0,36,35
1656721671134,MATH 20B,A02,083757,Briones; Jor-el Thomas Caparas,1,0,36,35
1656721671134,MATH 20B,A03,093475,Briones; Jor-el Thomas Caparas,0,0,36,36
1656721677158,MATH 20C,A01,083760,Briones; Jor-el Thomas Caparas,1,0,35,34
1656721677158,MATH 20C,A02,083761,Briones; Jor-el Thomas Caparas,8,0,35,27
1656721677158,MATH 20C,A03,093476,Briones; Jor-el Thomas Caparas,0,1,36,36
1656721677158,MATH 20C,B01,083762,Bach; Quang Tran,0,0,30,30
1656721683185,MATH 20D,A01,083765,Tran; Brian Kha,4,0,30,26
1656721683185,MATH 20D,A02,083766,Tran; Brian Kha,4,0,30,26
1656721683185,MATH 20D,A03,083767,Tran; Brian Kha,1,0,30,29
1656721689227,MATH 20E,A01,083771,Ganguly; Soumya,3,0,32,29
1656721689227,MATH 20E,A02,083772,Ganguly; Soumya,4,0,32,28
1656721689227,MATH 20E,B01,083773,Ciotti; Benjamin,18,0,35,17
1656721689227,MATH 20E,B02,083774,Ciotti; Benjamin,18,0,35,17
1656721695264,MATH 103A,A01,083777,Greenfeld; Be'Eri,2,0,36,34
1656721695264,MATH 103A,A02,083778,Greenfeld; Be'Eri,5,0,36,31
1656721695264,MATH 103A,A03,093561,Greenfeld; Be'Eri,4,0,36,32
1656721695264,MATH 103A,B01,083779,Greenfeld; Be'Eri,6,0,36,30
1656721695264,MATH 103A,B02,083780,Greenfeld; Be'Eri,2,0,36,34
1656721695264,MATH 103A,B03,093562,Greenfeld; Be'Eri,2,0,36,34
1656721701287,MATH 105,A01,085443,Carter; Anne Toulson,13,0,35,22
1656721701287,MATH 105,A02,093477,Carter; Anne Toulson,20,0,35,15
1656721707322,MATH 109,A01,083213,Ganzberger; Geoffrey Michael,2,0,34,32
1656721707322,MATH 109,A02,083214,Ganzberger; Geoffrey Michael,2,0,34,32
1656721707322,MATH 109,A03,093478,Ganzberger; Geoffrey Michael,2,0,34,32
1656721707322,MATH 109,B01,083215,Ganzberger; Geoffrey Michael,1,0,32,31
1656721707322,MATH 109,B02,083216,Ganzberger; Geoffrey Michael,1,0,32,31
1656721707322,MATH 109,B03,093479,Ganzberger; Geoffrey Michael,7,0,32,25
1656721713351,MATH 142A,A01,083219,Chow; Bennett,5,0,32,27
1656721713351,MATH 142A,A02,083220,Chow; Bennett,9,0,32,23
1656721713351,MATH 142A,A03,093480,Chow; Bennett,7,0,32,25
1656721713351,MATH 142A,B03,093481,Chow; Bennett,7,0,32,25
1656721713351,MATH 142A,B04,093558,Chow; Bennett,10,0,32,22
1656721713351,MATH 142A,B05,093559,Chow; Bennett,4,0,32,28
1656721719379,MATH 193A,A01,083224,Rotar; Vladimir,4,0,34,30
1656721719379,MATH 193A,A02,083225,Rotar; Vladimir,3,0,34,31
1656721719379,MATH 193A,A03,083781,Rotar; Vladimir,1,0,34,33
1656721719379,MATH 193A,A04,083782,Rotar; Vladimir,5,0,34,29
1656721719379,MATH 193A,A05,093482,Rotar; Vladimir,5,0,34,29
1656721725405,MATH 197,001,091859,McAuley; Julian John,9999,0,9999,0
1656721725405,MATH 197,002,095566,Kedlaya; Kiran S.,9997,0,9999,2
1656721725405,MATH 197,003,095567,Xiao; Ming,9999,0,9999,0
1656721725405,MATH 197,004,095571,Perols; Johan Lars,9998,0,9999,1
1656721732459,COGS 9,A01,083615,Shannon; Kyle Michael,6,0,75,69
1656721738481,COGS 11,A01,083617,Boyle; Mary E. T.,17,0,48,31
1656721744506,COGS 13,A01,083071,Bastos; Amalia Pinkusfeld,6,0,71,65
1656721750528,COGS 14A,A01,092681,Semenuks; Arturs,0,1,100,102
1656721756551,COGS 14B,A01,083073,Cheng; Tzu-Han,5,0,63,58
1656721762576,COGS 17,A01,092677,Semenuks; Arturs,4,0,81,77
1656721768599,COGS 100,A01,083619,Allen; Michael Gordon,13,0,70,57
1656721774625,COGS 101A,A01,083621,Davis; Joshua Daniel,9,0,68,59
1656721780651,COGS 101B,A01,091572,Allen; Michael Gordon,4,0,65,61
1656721786677,COGS 101C,A01,083625,Delgado; Tania,17,0,35,18
1656721792700,COGS 107A,A01,083627,Boyle; Mary E. T.,12,0,60,48
1656721798732,COGS 118A,A01,083075,Gupta; Anjum,13,0,76,63
1656721804757,CSE 3,A50,083646,Miranda; Gregory Joseph,22,0,50,28
1656721810780,CSE 8A,A50,083650,Miranda; Gregory Joseph,17,1,56,39
1656721816804,CSE 11,A01,083080,Cao; Yingjun,3,16,40,37
1656721822845,CSE 12,A01,083652,Krause-Levy; Sophia Louisa,19,1,120,101
1656721828874,CSE 15L,A01,083654,Morris; Justin Loren,8,0,50,42
1656721828874,CSE 15L,A02,083655,Morris; Justin Loren,8,0,50,42
1656721834901,CSE 20,A01,083657,Tran; Khoa Dang,36,0,80,44
1656721840929,CSE 21,A01,095574,Bach; Quang Tran,21,0,48,27
1656721846950,CSE 30,A01,083084,Eldon; John,5,0,80,75
1656721846950,CSE 30,B01,095061,Bhaskar; Nishant,3,0,50,47
1656721852988,CSE 100,A01,083659,Cao; Yingjun,1,5,70,69
1656721859010,CSE 134B,A01,083661,Powell; Thomas Allan,17,0,100,83
1656721865034,CSE 140,A01,083663,Gungor; Onat,14,0,85,71
1656721871060,CSE 140L,A01,083088,Eldon; John,16,0,100,84
1656721877086,CSE 175,A01,083665,Kumar; Rakesh,3,0,25,22
1656721883112,CSE 190,A00,092507,Dubnov; Shlomo,5,0,20,15
1656721889133,ECE 45,A01,083139,Congero; Spencer William,5,0,75,70
1656721895157,ECE 65,A50,083695,Saad; Andrew S,12,0,30,18
1656721895157,ECE 65,A51,095125,Saad; Andrew S,25,0,26,1
1656721901180,ECE 109,A01,091882,Touri; Behrouz,13,0,70,57
1656721907202,ECE 180,A00,083140,Abi Samra; Nicholas Camill,1,0,30,29
1656721907202,ECE 180,B00,083141,Abi Samra; Nicholas Camill,0,0,30,30
1656721913229,MATH 10A,A01,083735,Patchell; Gregory David,0,0,30,30
1656721913229,MATH 10A,A02,083736,Patchell; Gregory David,20,0,30,10
1656721913229,MATH 10A,A03,083737,Patchell; Gregory David,15,0,30,15
1656721919251,MATH 10B,A01,083207,Lim; Seonhee,7,0,34,27
1656721919251,MATH 10B,A02,083208,Lim; Seonhee,9,0,35,26
1656721919251,MATH 10B,A03,093472,Lim; Seonhee,3,0,34,31
1656721919251,MATH 10B,B01,083739,Sinha; Shubham,9,0,30,21
1656721925282,MATH 18,A01,083743,Cinel; Cameron Alexander,5,0,30,25
1656721925282,MATH 18,A02,083744,Cinel; Cameron Alexander,15,0,30,15
1656721925282,MATH 18,A03,083745,Cinel; Cameron Alexander,8,0,30,22
1656721925282,MATH 18,B01,083748,Rideout; David Porter,2,0,37,35
1656721925282,MATH 18,B02,083749,Rideout; David Porter,2,0,36,34
1656721925282,MATH 18,B03,083750,Rideout; David Porter,1,0,37,36
1656721925282,MATH 18,B04,083751,Rideout; David Porter,4,0,36,32
1656721925282,MATH 18,B05,093473,Rideout; David Porter,4,0,36,32
1656721925282,MATH 18,B06,093474,Rideout; David Porter,4,0,36,32
1656721931316,MATH 20A,A01,083754,Zheng; Zequn,12,0,40,28
1656721937351,MATH 20B,A01,083756,Briones; Jor-el Thomas Caparas,1,0,36,35
1656721937351,MATH 20B,A02,083757,Briones; Jor-el Thomas Caparas,1,0,36,35
1656721937351,MATH 20B,A03,093475,Briones; Jor-el Thomas Caparas,0,0,36,36
1656721943378,MATH 20C,A01,083760,Briones; Jor-el Thomas Caparas,1,0,35,34
1656721943378,MATH 20C,A02,083761,Briones; Jor-el Thomas Caparas,8,0,35,27
1656721943378,MATH 20C,A03,093476,Briones; Jor-el Thomas Caparas,0,1,36,36
1656721943378,MATH 20C,B01,083762,Bach; Quang Tran,0,0,30,30
1656721949404,MATH 20D,A01,083765,Tran; Brian Kha,4,0,30,26
1656721949404,MATH 20D,A02,083766,Tran; Brian Kha,4,0,30,26
1656721949404,MATH 20D,A03,083767,Tran; Brian Kha,1,0,30,29
1656721955433,MATH 20E,A01,083771,Ganguly; Soumya,3,0,32,29
1656721955433,MATH 20E,A02,083772,Ganguly; Soumya,4,0,32,28
1656721955433,MATH 20E,B01,083773,Ciotti; Benjamin,18,0,35,17
1656721955433,MATH 20E,B02,083774,Ciotti; Benjamin,18,0,35,17
1656721961456,MATH 103A,A01,083777,Greenfeld; Be'Eri,2,0,36,34
1656721961456,MATH 103A,A02,083778,Greenfeld; Be'Eri,5,0,36,31
1656721961456,MATH 103A,A03,093561,Greenfeld; Be'Eri,4,0,36,32
1656721961456,MATH 103A,B01,083779,Greenfeld; Be'Eri,6,0,36,30
1656721961456,MATH 103A,B02,083780,Greenfeld; Be'Eri,2,0,36,34
1656721961456,MATH 103A,B03,093562,Greenfeld; Be'Eri,2,0,36,34
1656721967486,MATH 105,A01,085443,Carter; Anne Toulson,13,0,35,22
1656721967486,MATH 105,A02,093477,Carter; Anne Toulson,20,0,35,15
1656721973509,MATH 109,A01,083213,Ganzberger; Geoffrey Michael,2,0,34,32
1656721973509,MATH 109,A02,083214,Ganzberger; Geoffrey Michael,2,0,34,32
1656721973509,MATH 109,A03,093478,Ganzberger; Geoffrey Michael,2,0,34,32
1656721973509,MATH 109,B01,083215,Ganzberger; Geoffrey Michael,1,0,32,31
1656721973509,MATH 109,B02,083216,Ganzberger; Geoffrey Michael,1,0,32,31
1656721973509,MATH 109,B03,093479,Ganzberger; Geoffrey Michael,7,0,32,25
1656721979533,MATH 142A,A01,083219,Chow; Bennett,5,0,32,27
1656721979533,MATH 142A,A02,083220,Chow; Bennett,9,0,32,23
1656721979533,MATH 142A,A03,093480,Chow; Bennett,7,0,32,25
1656721979533,MATH 142A,B03,093481,Chow; Bennett,7,0,32,25
1656721979533,MATH 142A,B04,093558,Chow; Bennett,10,0,32,22
1656721979533,MATH 142A,B05,093559,Chow; Bennett,4,0,32,28
1656721985558,MATH 193A,A01,083224,Rotar; Vladimir,4,0,34,30
1656721985558,MATH 193A,A02,083225,Rotar; Vladimir,3,0,34,31
1656721985558,MATH 193A,A03,083781,Rotar; Vladimir,1,0,34,33
1656721985558,MATH 193A,A04,083782,Rotar; Vladimir,5,0,34,29
1656721985558,MATH 193A,A05,093482,Rotar; Vladimir,5,0,34,29
1656721991580,MATH 197,001,091859,McAuley; Julian John,9999,0,9999,0
1656721991580,MATH 197,002,095566,Kedlaya; Kiran S.,9997,0,9999,2
1656721991580,MATH 197,003,095567,Xiao; Ming,9999,0,9999,0
1656721991580,MATH 197,004,095571,Perols; Johan Lars,9998,0,9999,1
1656721998638,COGS 9,A01,083615,Shannon; Kyle Michael,6,0,75,69
1656722004666,COGS 11,A01,083617,Boyle; Mary E. T.,17,0,48,31
1656722010689,COGS 13,A01,083071,Bastos; Amalia Pinkusfeld,6,0,71,65
1656722016721,COGS 14A,A01,092681,Semenuks; Arturs,0,1,100,102
1656722022743,COGS 14B,A01,083073,Cheng; Tzu-Han,5,0,63,58
1656722028771,COGS 17,A01,092677,Semenuks; Arturs,4,0,81,77
1656722034798,COGS 100,A01,083619,Allen; Michael Gordon,13,0,70,57
1656722040821,COGS 101A,A01,083621,Davis; Joshua Daniel,9,0,68,59
1656722046848,COGS 101B,A01,091572,Allen; Michael Gordon,4,0,65,61
1656722052895,COGS 101C,A01,083625,Delgado; Tania,17,0,35,18
1656722058918,COGS 107A,A01,083627,Boyle; Mary E. T.,12,0,60,48
1656722064946,COGS 118A,A01,083075,Gupta; Anjum,13,0,76,63
1656722070975,CSE 3,A50,083646,Miranda; Gregory Joseph,22,0,50,28
1656722077003,CSE 8A,A50,083650,Miranda; Gregory Joseph,17,1,56,39
1656722083029,CSE 11,A01,083080,Cao; Yingjun,3,16,40,37
1656722089052,CSE 12,A01,083652,Krause-Levy; Sophia Louisa,19,1,120,101
1656722095074,CSE 15L,A01,083654,Morris; Justin Loren,8,0,50,42
1656722095074,CSE 15L,A02,083655,Morris; Justin Loren,8,0,50,42
1656722101097,CSE 20,A01,083657,Tran; Khoa Dang,36,0,80,44
1656722107128,CSE 21,A01,095574,Bach; Quang Tran,21,0,48,27
1656722113156,CSE 30,A01,083084,Eldon; John,5,0,80,75
1656722113156,CSE 30,B01,095061,Bhaskar; Nishant,3,0,50,47
1656722119181,CSE 100,A01,083659,Cao; Yingjun,1,5,70,69
1656722125277,CSE 134B,A01,083661,Powell; Thomas Allan,17,0,100,83
1656722131300,CSE 140,A01,083663,Gungor; Onat,14,0,85,71
1656722137323,CSE 140L,A01,083088,Eldon; John,16,0,100,84
1656722143350,CSE 175,A01,083665,Kumar; Rakesh,3,0,25,22
1656722149373,CSE 190,A00,092507,Dubnov; Shlomo,5,0,20,15
1656722155396,ECE 45,A01,083139,Congero; Spencer William,5,0,75,70
1656722161421,ECE 65,A50,083695,Saad; Andrew S,12,0,30,18
1656722161421,ECE 65,A51,095125,Saad; Andrew S,25,0,26,1
1656722167450,ECE 109,A01,091882,Touri; Behrouz,13,0,70,57
1656722173480,ECE 180,A00,083140,Abi Samra; Nicholas Camill,1,0,30,29
1656722173480,ECE 180,B00,083141,Abi Samra; Nicholas Camill,0,0,30,30
1656722179509,MATH 10A,A01,083735,Patchell; Gregory David,0,0,30,30
1656722179509,MATH 10A,A02,083736,Patchell; Gregory David,20,0,30,10
1656722179509,MATH 10A,A03,083737,Patchell; Gregory David,15,0,30,15
1656722185531,MATH 10B,A01,083207,Lim; Seonhee,7,0,34,27
1656722185531,MATH 10B,A02,083208,Lim; Seonhee,9,0,35,26
1656722185531,MATH 10B,A03,093472,Lim; Seonhee,3,0,34,31
1656722185531,MATH 10B,B01,083739,Sinha; Shubham,9,0,30,21
1656722191563,MATH 18,A01,083743,Cinel; Cameron Alexander,5,0,30,25
1656722191563,MATH 18,A02,083744,Cinel; Cameron Alexander,15,0,30,15
1656722191563,MATH 18,A03,083745,Cinel; Cameron Alexander,8,0,30,22
1656722191563,MATH 18,B01,083748,Rideout; David Porter,2,0,37,35
1656722191563,MATH 18,B02,083749,Rideout; David Porter,2,0,36,34
1656722191563,MATH 18,B03,083750,Rideout; David Porter,1,0,37,36
1656722191563,MATH 18,B04,083751,Rideout; David Porter,4,0,36,32
1656722191563,MATH 18,B05,093473,Rideout; David Porter,4,0,36,32
1656722191563,MATH 18,B06,093474,Rideout; David Porter,4,0,36,32
1656722197587,MATH 20A,A01,083754,Zheng; Zequn,12,0,40,28
1656722203611,MATH 20B,A01,083756,Briones; Jor-el Thomas Caparas,1,0,36,35
1656722203611,MATH 20B,A02,083757,Briones; Jor-el Thomas Caparas,1,0,36,35
1656722203611,MATH 20B,A03,093475,Briones; Jor-el Thomas Caparas,0,0,36,36
1656722209635,MATH 20C,A01,083760,Briones; Jor-el Thomas Caparas,1,0,35,34
1656722209635,MATH 20C,A02,083761,Briones; Jor-el Thomas Caparas,8,0,35,27
1656722209635,MATH 20C,A03,093476,Briones; Jor-el Thomas Caparas,0,1,36,36
1656722209635,MATH 20C,B01,083762,Bach; Quang Tran,0,0,30,30
1656722215657,MATH 20D,A01,083765,Tran; Brian Kha,4,0,30,26
1656722215657,MATH 20D,A02,083766,Tran; Brian Kha,4,0,30,26
1656722215657,MATH 20D,A03,083767,Tran; Brian Kha,1,0,30,29
1656722221685,MATH 20E,A01,083771,Ganguly; Soumya,3,0,32,29
1656722221685,MATH 20E,A02,083772,Ganguly; Soumya,4,0,32,28
1656722221685,MATH 20E,B01,083773,Ciotti; Benjamin,18,0,35,17
1656722221685,MATH 20E,B02,083774,Ciotti; Benjamin,18,0,35,17
1656722227708,MATH 103A,A01,083777,Greenfeld; Be'Eri,2,0,36,34
1656722227708,MATH 103A,A02,083778,Greenfeld; Be'Eri,5,0,36,31
1656722227708,MATH 103A,A03,093561,Greenfeld; Be'Eri,4,0,36,32
1656722227708,MATH 103A,B01,083779,Greenfeld; Be'Eri,6,0,36,30
1656722227708,MATH 103A,B02,083780,Greenfeld; Be'Eri,2,0,36,34
1656722227708,MATH 103A,B03,093562,Greenfeld; Be'Eri,2,0,36,34
1656722233736,MATH 105,A01,085443,Carter; Anne Toulson,13,0,35,22
1656722233736,MATH 105,A02,093477,Carter; Anne Toulson,20,0,35,15
1656722239759,MATH 109,A01,083213,Ganzberger; Geoffrey Michael,2,0,34,32
1656722239759,MATH 109,A02,083214,Ganzberger; Geoffrey Michael,2,0,34,32
1656722239759,MATH 109,A03,093478,Ganzberger; Geoffrey Michael,2,0,34,32
1656722239759,MATH 109,B01,083215,Ganzberger; Geoffrey Michael,1,0,32,31
1656722239759,MATH 109,B02,083216,Ganzberger; Geoffrey Michael,1,0,32,31
1656722239759,MATH 109,B03,093479,Ganzberger; Geoffrey Michael,7,0,32,25
1656722245794,MATH 142A,A01,083219,Chow; Bennett,5,0,32,27
1656722245794,MATH 142A,A02,083220,Chow; Bennett,9,0,32,23
1656722245794,MATH 142A,A03,093480,Chow; Bennett,7,0,32,25
1656722245794,MATH 142A,B03,093481,Chow; Bennett,7,0,32,25
1656722245794,MATH 142A,B04,093558,Chow; Bennett,10,0,32,22
1656722245794,MATH 142A,B05,093559,Chow; Bennett,4,0,32,28
1656722251840,MATH 193A,A01,083224,Rotar; Vladimir,4,0,34,30
1656722251840,MATH 193A,A02,083225,Rotar; Vladimir,3,0,34,31
1656722251840,MATH 193A,A03,083781,Rotar; Vladimir,1,0,34,33
1656722251840,MATH 193A,A04,083782,Rotar; Vladimir,5,0,34,29
1656722251840,MATH 193A,A05,093482,Rotar; Vladimir,5,0,34,29
1656722257862,MATH 197,001,091859,McAuley; Julian John,9999,0,9999,0
1656722257862,MATH 197,002,095566,Kedlaya; Kiran S.,9997,0,9999,2
1656722257862,MATH 197,003,095567,Xiao; Ming,9999,0,9999,0
1656722257862,MATH 197,004,095571,Perols; Johan Lars,9998,0,9999,1
1656722264944,COGS 9,A01,083615,Shannon; Kyle Michael,5,0,75,70
1656722270968,COGS 11,A01,083617,Boyle; Mary E. T.,17,0,48,31
1656722276990,COGS 13,A01,083071,Bastos; Amalia Pinkusfeld,6,0,71,65
1656722283014,COGS 14A,A01,092681,Semenuks; Arturs,0,1,100,102
1656722289040,COGS 14B,A01,083073,Cheng; Tzu-Han,5,0,63,58
1656722295063,COGS 17,A01,092677,Semenuks; Arturs,4,0,81,77
1656722301086,COGS 100,A01,083619,Allen; Michael Gordon,13,0,70,57
1656722307112,COGS 101A,A01,083621,Davis; Joshua Daniel,9,0,68,59
1656722313134,COGS 101B,A01,091572,Allen; Michael Gordon,4,0,65,61
1656722319160,COGS 101C,A01,083625,Delgado; Tania,17,0,35,18
1656722325182,COGS 107A,A01,083627,Boyle; Mary E. T.,12,0,60,48
1656722331209,COGS 118A,A01,083075,Gupta; Anjum,13,0,76,63
1656722337241,CSE 3,A50,083646,Miranda; Gregory Joseph,22,0,50,28
1656722343265,CSE 8A,A50,083650,Miranda; Gregory Joseph,17,1,56,39
1656722349292,CSE 11,A01,083080,Cao; Yingjun,3,16,40,37
1656722355319,CSE 12,A01,083652,Krause-Levy; Sophia Louisa,19,1,120,101
1656722361343,CSE 15L,A01,083654,Morris; Justin Loren,8,0,50,42
1656722361343,CSE 15L,A02,083655,Morris; Justin Loren,8,0,50,42
1656722367371,CSE 20,A01,083657,Tran; Khoa Dang,36,0,80,44
1656722373398,CSE 21,A01,095574,Bach; Quang Tran,21,0,48,27
1656722379424,CSE 30,A01,083084,Eldon; John,5,0,80,75
1656722379424,CSE 30,B01,095061,Bhaskar; Nishant,3,0,50,47
1656722385454,CSE 100,A01,083659,Cao; Yingjun,1,5,70,69
1656722391501,CSE 134B,A01,083661,Powell; Thomas Allan,17,0,100,83
1656722397527,CSE 140,A01,083663,Gungor; Onat,14,0,85,71
1656722403553,CSE 140L,A01,083088,Eldon; John,16,0,100,84
1656722409577,CSE 175,A01,083665,Kumar; Rakesh,3,0,25,22
1656722415604,CSE 190,A00,092507,Dubnov; Shlomo,5,0,20,15
1656722421629,ECE 45,A01,083139,Congero; Spencer William,5,0,75,70
1656722427656,ECE 65,A50,083695,Saad; Andrew S,12,0,30,18
1656722427656,ECE 65,A51,095125,Saad; Andrew S,25,0,26,1
1656722433683,ECE 109,A01,091882,Touri; Behrouz,13,0,70,57
1656722439709,ECE 180,A00,083140,Abi Samra; Nicholas Camill,1,0,30,29
1656722439709,ECE 180,B00,083141,Abi Samra; Nicholas Camill,0,0,30,30
1656722445738,MATH 10A,A01,083735,Patchell; Gregory David,0,0,30,30
1656722445738,MATH 10A,A02,083736,Patchell; Gregory David,20,0,30,10
1656722445738,MATH 10A,A03,083737,Patchell; Gregory David,15,0,30,15
1656722451768,MATH 10B,A01,083207,Lim; Seonhee,7,0,34,27
1656722451768,MATH 10B,A02,083208,Lim; Seonhee,9,0,35,26
1656722451768,MATH 10B,A03,093472,Lim; Seonhee,3,0,34,31
1656722451768,MATH 10B,B01,083739,Sinha; Shubham,9,0,30,21
1656722457799,MATH 18,A01,083743,Cinel; Cameron Alexander,5,0,30,25
1656722457799,MATH 18,A02,083744,Cinel; Cameron Alexander,15,0,30,15
1656722457799,MATH 18,A03,083745,Cinel; Cameron Alexander,8,0,30,22
1656722457799,MATH 18,B01,083748,Rideout; David Porter,2,0,37,35
1656722457799,MATH 18,B02,083749,Rideout; David Porter,2,0,36,34
1656722457799,MATH 18,B03,083750,Rideout; David Porter,1,0,37,36
1656722457799,MATH 18,B04,083751,Rideout; David Porter,4,0,36,32
1656722457799,MATH 18,B05,093473,Rideout; David Porter,4,0,36,32
1656722457799,MATH 18,B06,093474,Rideout; David Porter,4,0,36,32
1656722463830,MATH 20A,A01,083754,Zheng; Zequn,12,0,40,28
1656722469853,MATH 20B,A01,083756,Briones; Jor-el Thomas Caparas,1,0,36,35
1656722469853,MATH 20B,A02,083757,Briones; Jor-el Thomas Caparas,1,0,36,35
1656722469853,MATH 20B,A03,093475,Briones; Jor-el Thomas Caparas,0,0,36,36
1656722475882,MATH 20C,A01,083760,Briones; Jor-el Thomas Caparas,1,0,35,34
1656722475882,MATH 20C,A02,083761,Briones; Jor-el Thomas Caparas,8,0,35,27
1656722475882,MATH 20C,A03,093476,Briones; Jor-el Thomas Caparas,0,1,36,36
1656722475882,MATH 20C,B01,083762,Bach; Quang Tran,0,0,30,30
1656722481907,MATH 20D,A01,083765,Tran; Brian Kha,4,0,30,26
1656722481907,MATH 20D,A02,083766,Tran; Brian Kha,4,0,30,26
1656722481907,MATH 20D,A03,083767,Tran; Brian Kha,1,0,30,29
1656722487931,MATH 20E,A01,083771,Ganguly; Soumya,3,0,32,29
1656722487931,MATH 20E,A02,083772,Ganguly; Soumya,4,0,32,28
1656722487931,MATH 20E,B01,083773,Ciotti; Benjamin,18,0,35,17
1656722487931,MATH 20E,B02,083774,Ciotti; Benjamin,18,0,35,17
1656722493961,MATH 103A,A01,083777,Greenfeld; Be'Eri,2,0,36,34
1656722493961,MATH 103A,A02,083778,Greenfeld; Be'Eri,5,0,36,31
1656722493961,MATH 103A,A03,093561,Greenfeld; Be'Eri,4,0,36,32
1656722493961,MATH 103A,B01,083779,Greenfeld; Be'Eri,6,0,36,30
1656722493961,MATH 103A,B02,083780,Greenfeld; Be'Eri,2,0,36,34
1656722493961,MATH 103A,B03,093562,Greenfeld; Be'Eri,2,0,36,34
1656722499990,MATH 105,A01,085443,Carter; Anne Toulson,13,0,35,22
1656722499990,MATH 105,A02,093477,Carter; Anne Toulson,20,0,35,15
1656722506019,MATH 109,A01,083213,Ganzberger; Geoffrey Michael,2,0,34,32
1656722506019,MATH 109,A02,083214,Ganzberger; Geoffrey Michael,2,0,34,32
1656722506019,MATH 109,A03,093478,Ganzberger; Geoffrey Michael,2,0,34,32
1656722506019,MATH 109,B01,083215,Ganzberger; Geoffrey Michael,1,0,32,31
1656722506019,MATH 109,B02,083216,Ganzberger; Geoffrey Michael,1,0,32,31
1656722506019,MATH 109,B03,093479,Ganzberger; Geoffrey Michael,7,0,32,25
1656722512043,MATH 142A,A01,083219,Chow; Bennett,5,0,32,27
1656722512043,MATH 142A,A02,083220,Chow; Bennett,9,0,32,23
1656722512043,MATH 142A,A03,093480,Chow; Bennett,7,0,32,25
1656722512043,MATH 142A,B03,093481,Chow; Bennett,7,0,32,25
1656722512043,MATH 142A,B04,093558,Chow; Bennett,10,0,32,22
1656722512043,MATH 142A,B05,093559,Chow; Bennett,4,0,32,28
1656722518076,MATH 193A,A01,083224,Rotar; Vladimir,4,0,34,30
1656722518076,MATH 193A,A02,083225,Rotar; Vladimir,3,0,34,31
1656722518076,MATH 193A,A03,083781,Rotar; Vladimir,1,0,34,33
1656722518076,MATH 193A,A04,083782,Rotar; Vladimir,5,0,34,29
1656722518076,MATH 193A,A05,093482,Rotar; Vladimir,5,0,34,29
1656722524101,MATH 197,001,091859,McAuley; Julian John,9999,0,9999,0
1656722524101,MATH 197,002,095566,Kedlaya; Kiran S.,9997,0,9999,2
1656722524101,MATH 197,003,095567,Xiao; Ming,9999,0,9999,0
1656722524101,MATH 197,004,095571,Perols; Johan Lars,9998,0,9999,1
1656722531159,COGS 9,A01,083615,Shannon; Kyle Michael,5,0,75,70
1656722537185,COGS 11,A01,083617,Boyle; Mary E. T.,17,0,48,31
1656722543213,COGS 13,A01,083071,Bastos; Amalia Pinkusfeld,6,0,71,65
1656722549243,COGS 14A,A01,092681,Semenuks; Arturs,0,1,100,102
1656722555270,COGS 14B,A01,083073,Cheng; Tzu-Han,5,0,63,58
1656722561293,COGS 17,A01,092677,Semenuks; Arturs,4,0,81,77
1656722567335,COGS 100,A01,083619,Allen; Michael Gordon,13,0,70,57
1656722573359,COGS 101A,A01,083621,Davis; Joshua Daniel,9,0,68,59
1656722579382,COGS 101B,A01,091572,Allen; Michael Gordon,4,0,65,61
1656722585409,COGS 101C,A01,083625,Delgado; Tania,17,0,35,18
1656722591436,COGS 107A,A01,083627,Boyle; Mary E. T.,12,0,60,48
1656722597458,COGS 118A,A01,083075,Gupta; Anjum,13,0,76,63
1656722603486,CSE 3,A50,083646,Miranda; Gregory Joseph,22,0,50,28
1656722609510,CSE 8A,A50,083650,Miranda; Gregory Joseph,17,1,56,39
1656722615533,CSE 11,A01,083080,Cao; Yingjun,3,16,40,37
1656722621562,CSE 12,A01,083652,Krause-Levy; Sophia Louisa,19,1,120,101
1656722627586,CSE 15L,A01,083654,Morris; Justin Loren,8,0,50,42
1656722627586,CSE 15L,A02,083655,Morris; Justin Loren,8,0,50,42
1656722633610,CSE 20,A01,083657,Tran; Khoa Dang,36,0,80,44
1656722639637,CSE 21,A01,095574,Bach; Quang Tran,21,0,48,27
1656722645661,CSE 30,A01,083084,Eldon; John,5,0,80,75
1656722645661,CSE 30,B01,095061,Bhaskar; Nishant,3,0,50,47
1656722651689,CSE 100,A01,083659,Cao; Yingjun,1,5,70,69
1656722657717,CSE 134B,A01,083661,Powell; Thomas Allan,17,0,100,83
1656722663743,CSE 140,A01,083663,Gungor; Onat,14,0,85,71
1656722669771,CSE 140L,A01,083088,Eldon; John,16,0,100,84
1656722675794,CSE 175,A01,083665,Kumar; Rakesh,3,0,25,22
1656722681816,CSE 190,A00,092507,Dubnov; Shlomo,5,0,20,15
1656722687844,ECE 45,A01,083139,Congero; Spencer William,5,0,75,70
1656722693868,ECE 65,A50,083695,Saad; Andrew S,12,0,30,18
1656722693868,ECE 65,A51,095125,Saad; Andrew S,25,0,26,1
1656722699893,ECE 109,A01,091882,Touri; Behrouz,13,0,70,57
1656722705914,ECE 180,A00,083140,Abi Samra; Nicholas Camill,1,0,30,29
1656722705914,ECE 180,B00,083141,Abi Samra; Nicholas Camill,0,0,30,30
1656722711937,MATH 10A,A01,083735,Patchell; Gregory David,0,0,30,30
1656722711937,MATH 10A,A02,083736,Patchell; Gregory David,20,0,30,10
1656722711937,MATH 10A,A03,083737,Patchell; Gregory David,15,0,30,15
1656722717964,MATH 10B,A01,083207,Lim; Seonhee,7,0,34,27
1656722717964,MATH 10B,A02,083208,Lim; Seonhee,9,0,35,26
1656722717964,MATH 10B,A03,093472,Lim; Seonhee,3,0,34,31
1656722717964,MATH 10B,B01,083739,Sinha; Shubham,9,0,30,21
1656722724100,MATH 18,A01,083743,Cinel; Cameron Alexander,5,0,30,25
1656722724100,MATH 18,A02,083744,Cinel; Cameron Alexander,15,0,30,15
1656722724100,MATH 18,A03,083745,Cinel; Cameron Alexander,8,0,30,22
1656722724100,MATH 18,B01,083748,Rideout; David Porter,2,0,37,35
1656722724100,MATH 18,B02,083749,Rideout; David Porter,2,0,36,34
1656722724100,MATH 18,B03,083750,Rideout; David Porter,1,0,37,36
1656722724100,MATH 18,B04,083751,Rideout; David Porter,4,0,36,32
1656722724100,MATH 18,B05,093473,Rideout; David Porter,4,0,36,32
1656722724100,MATH 18,B06,093474,Rideout; David Porter,4,0,36,32
1656722730123,MATH 20A,A01,083754,Zheng; Zequn,12,0,40,28
1656722736146,MATH 20B,A01,083756,Briones; Jor-el Thomas Caparas,1,0,36,35
1656722736146,MATH 20B,A02,083757,Briones; Jor-el Thomas Caparas,1,0,36,35
1656722736146,MATH 20B,A03,093475,Briones; Jor-el Thomas Caparas,0,0,36,36
1656722742170,MATH 20C,A01,083760,Briones; Jor-el Thomas Caparas,1,0,35,34
1656722742170,MATH 20C,A02,083761,Briones; Jor-el Thomas Caparas,8,0,35,27
1656722742170,MATH 20C,A03,093476,Briones; Jor-el Thomas Caparas,0,1,36,36
1656722742170,MATH 20C,B01,083762,Bach; Quang Tran,0,0,30,30
1656722748195,MATH 20D,A01,083765,Tran; Brian Kha,4,0,30,26
1656722748195,MATH 20D,A02,083766,Tran; Brian Kha,4,0,30,26
1656722748195,MATH 20D,A03,083767,Tran; Brian Kha,1,0,30,29
1656722754222,MATH 20E,A01,083771,Ganguly; Soumya,3,0,32,29
1656722754222,MATH 20E,A02,083772,Ganguly; Soumya,4,0,32,28
1656722754222,MATH 20E,B01,083773,Ciotti; Benjamin,18,0,35,17
1656722754222,MATH 20E,B02,083774,Ciotti; Benjamin,18,0,35,17
1656722760252,MATH 103A,A01,083777,Greenfeld; Be'Eri,2,0,36,34
1656722760252,MATH 103A,A02,083778,Greenfeld; Be'Eri,5,0,36,31
1656722760252,MATH 103A,A03,093561,Greenfeld; Be'Eri,4,0,36,32
1656722760252,MATH 103A,B01,083779,Greenfeld; Be'Eri,6,0,36,30
1656722760252,MATH 103A,B02,083780,Greenfeld; Be'Eri,2,0,36,34
1656722760252,MATH 103A,B03,093562,Greenfeld; Be'Eri,2,0,36,34
1656722766282,MATH 105,A01,085443,Carter; Anne Toulson,13,0,35,22
1656722766282,MATH 105,A02,093477,Carter; Anne Toulson,20,0,35,15
1656722772313,MATH 109,A01,083213,Ganzberger; Geoffrey Michael,2,0,34,32
1656722772313,MATH 109,A02,083214,Ganzberger; Geoffrey Michael,2,0,34,32
1656722772313,MATH 109,A03,093478,Ganzberger; Geoffrey Michael,2,0,34,32
1656722772313,MATH 109,B01,083215,Ganzberger; Geoffrey Michael,1,0,32,31
1656722772313,MATH 109,B02,083216,Ganzberger; Geoffrey Michael,1,0,32,31
1656722772313,MATH 109,B03,093479,Ganzberger; Geoffrey Michael,7,0,32,25
1656722778342,MATH 142A,A01,083219,Chow; Bennett,5,0,32,27
1656722778342,MATH 142A,A02,083220,Chow; Bennett,9,0,32,23
1656722778342,MATH 142A,A03,093480,Chow; Bennett,7,0,32,25
1656722778342,MATH 142A,B03,093481,Chow; Bennett,7,0,32,25
1656722778342,MATH 142A,B04,093558,Chow; Bennett,10,0,32,22
1656722778342,MATH 142A,B05,093559,Chow; Bennett,4,0,32,28
1656722784366,MATH 193A,A01,083224,Rotar; Vladimir,4,0,34,30
1656722784366,MATH 193A,A02,083225,Rotar; Vladimir,3,0,34,31
1656722784366,MATH 193A,A03,083781,Rotar; Vladimir,1,0,34,33
1656722784366,MATH 193A,A04,083782,Rotar; Vladimir,5,0,34,29
1656722784366,MATH 193A,A05,093482,Rotar; Vladimir,5,0,34,29
1656722790390,MATH 197,001,091859,McAuley; Julian John,9999,0,9999,0
1656722790390,MATH 197,002,095566,Kedlaya; Kiran S.,9997,0,9999,2
1656722790390,MATH 197,003,095567,Xiao; Ming,9999,0,9999,0
1656722790390,MATH 197,004,095571,Perols; Johan Lars,9998,0,9999,1
1656722797442,COGS 9,A01,083615,Shannon; Kyle Michael,5,0,75,70
1656722803468,COGS 11,A01,083617,Boyle; Mary E. T.,17,0,48,31
1656722809492,COGS 13,A01,083071,Bastos; Amalia Pinkusfeld,6,0,71,65
1656722815536,COGS 14A,A01,092681,Semenuks; Arturs,0,1,100,102
1656722821559,COGS 14B,A01,083073,Cheng; Tzu-Han,5,0,63,58
1656722827581,COGS 17,A01,092677,Semenuks; Arturs,4,0,81,77
1656722833607,COGS 100,A01,083619,Allen; Michael Gordon,13,0,70,57
1656722839635,COGS 101A,A01,083621,Davis; Joshua Daniel,9,0,68,59
1656722845664,COGS 101B,A01,091572,Allen; Michael Gordon,4,0,65,61
1656722851690,COGS 101C,A01,083625,Delgado; Tania,17,0,35,18
1656722857713,COGS 107A,A01,083627,Boyle; Mary E. T.,12,0,60,48
1656722863739,COGS 118A,A01,083075,Gupta; Anjum,13,0,76,63
1656722869761,CSE 3,A50,083646,Miranda; Gregory Joseph,22,0,50,28
1656722875787,CSE 8A,A50,083650,Miranda; Gregory Joseph,17,1,56,39
1656722881817,CSE 11,A01,083080,Cao; Yingjun,3,16,40,37
1656722887845,CSE 12,A01,083652,Krause-Levy; Sophia Louisa,19,1,120,101
1656722893868,CSE 15L,A01,083654,Morris; Justin Loren,8,0,50,42
1656722893868,CSE 15L,A02,083655,Morris; Justin Loren,8,0,50,42
1656722899890,CSE 20,A01,083657,Tran; Khoa Dang,36,0,80,44
1656722905913,CSE 21,A01,095574,Bach; Quang Tran,21,0,48,27
1656722911936,CSE 30,A01,083084,Eldon; John,5,0,80,75
1656722911936,CSE 30,B01,095061,Bhaskar; Nishant,3,0,50,47
1656722917962,CSE 100,A01,083659,Cao; Yingjun,1,5,70,69
1656722923984,CSE 134B,A01,083661,Powell; Thomas Allan,17,0,100,83
1656722930011,CSE 140,A01,083663,Gungor; Onat,14,0,85,71
1656722936035,CSE 140L,A01,083088,Eldon; John,16,0,100,84
1656722942059,CSE 175,A01,083665,Kumar; Rakesh,3,0,25,22
1656722948083,CSE 190,A00,092507,Dubnov; Shlomo,5,0,20,15
1656722954112,ECE 45,A01,083139,Congero; Spencer William,5,0,75,70
1656722960138,ECE 65,A50,083695,Saad; Andrew S,12,0,30,18
1656722960138,ECE 65,A51,095125,Saad; Andrew S,25,0,26,1
1656722966162,ECE 109,A01,091882,Touri; Behrouz,13,0,70,57
1656722972185,ECE 180,A00,083140,Abi Samra; Nicholas Camill,1,0,30,29
1656722972185,ECE 180,B00,083141,Abi Samra; Nicholas Camill,0,0,30,30
1656722978211,MATH 10A,A01,083735,Patchell; Gregory David,0,0,30,30
1656722978211,MATH 10A,A02,083736,Patchell; Gregory David,20,0,30,10
1656722978211,MATH 10A,A03,083737,Patchell; Gregory David,15,0,30,15
1656722984239,MATH 10B,A01,083207,Lim; Seonhee,7,0,34,27
1656722984239,MATH 10B,A02,083208,Lim; Seonhee,9,0,35,26
1656722984239,MATH 10B,A03,093472,Lim; Seonhee,3,0,34,31
1656722984239,MATH 10B,B01,083739,Sinha; Shubham,9,0,30,21
1656722990268,MATH 18,A01,083743,Cinel; Cameron Alexander,5,0,30,25
1656722990268,MATH 18,A02,083744,Cinel; Cameron Alexander,15,0,30,15
1656722990268,MATH 18,A03,083745,Cinel; Cameron Alexander,8,0,30,22
1656722990268,MATH 18,B01,083748,Rideout; David Porter,2,0,37,35
1656722990268,MATH 18,B02,083749,Rideout; David Porter,2,0,36,34
1656722990268,MATH 18,B03,083750,Rideout; David Porter,1,0,37,36
1656722990268,MATH 18,B04,083751,Rideout; David Porter,4,0,36,32
1656722990268,MATH 18,B05,093473,Rideout; David Porter,4,0,36,32
1656722990268,MATH 18,B06,093474,Rideout; David Porter,4,0,36,32
1656722996292,MATH 20A,A01,083754,Zheng; Zequn,12,0,40,28
1656723002323,MATH 20B,A01,083756,Briones; Jor-el Thomas Caparas,1,0,36,35
1656723002323,MATH 20B,A02,083757,Briones; Jor-el Thomas Caparas,1,0,36,35
1656723002323,MATH 20B,A03,093475,Briones; Jor-el Thomas Caparas,0,0,36,36
1656723008356,MATH 20C,A01,083760,Briones; Jor-el Thomas Caparas,1,0,35,34
1656723008356,MATH 20C,A02,083761,Briones; Jor-el Thomas Caparas,8,0,35,27
1656723008356,MATH 20C,A03,093476,Briones; Jor-el Thomas Caparas,0,1,36,36
1656723008356,MATH 20C,B01,083762,Bach; Quang Tran,0,0,30,30
1656723014382,MATH 20D,A01,083765,Tran; Brian Kha,4,0,30,26
1656723014382,MATH 20D,A02,083766,Tran; Brian Kha,4,0,30,26
1656723014382,MATH 20D,A03,083767,Tran; Brian Kha,1,0,30,29
1656723020411,MATH 20E,A01,083771,Ganguly; Soumya,3,0,32,29
1656723020411,MATH 20E,A02,083772,Ganguly; Soumya,4,0,32,28
1656723020411,MATH 20E,B01,083773,Ciotti; Benjamin,18,0,35,17
1656723020411,MATH 20E,B02,083774,Ciotti; Benjamin,18,0,35,17
1656723026441,MATH 103A,A01,083777,Greenfeld; Be'Eri,2,0,36,34
1656723026441,MATH 103A,A02,083778,Greenfeld; Be'Eri,5,0,36,31
1656723026441,MATH 103A,A03,093561,Greenfeld; Be'Eri,4,0,36,32
1656723026441,MATH 103A,B01,083779,Greenfeld; Be'Eri,6,0,36,30
1656723026441,MATH 103A,B02,083780,Greenfeld; Be'Eri,2,0,36,34
1656723026441,MATH 103A,B03,093562,Greenfeld; Be'Eri,2,0,36,34
1656723032465,MATH 105,A01,085443,Carter; Anne Toulson,13,0,35,22
1656723032465,MATH 105,A02,093477,Carter; Anne Toulson,20,0,35,15
1656723038491,MATH 109,A01,083213,Ganzberger; Geoffrey Michael,2,0,34,32
1656723038491,MATH 109,A02,083214,Ganzberger; Geoffrey Michael,2,0,34,32
1656723038491,MATH 109,A03,093478,Ganzberger; Geoffrey Michael,2,0,34,32
1656723038491,MATH 109,B01,083215,Ganzberger; Geoffrey Michael,1,0,32,31
1656723038491,MATH 109,B02,083216,Ganzberger; Geoffrey Michael,1,0,32,31
1656723038491,MATH 109,B03,093479,Ganzberger; Geoffrey Michael,7,0,32,25
1656723044514,MATH 142A,A01,083219,Chow; Bennett,5,0,32,27
1656723044514,MATH 142A,A02,083220,Chow; Bennett,9,0,32,23
1656723044514,MATH 142A,A03,093480,Chow; Bennett,7,0,32,25
1656723044514,MATH 142A,B03,093481,Chow; Bennett,7,0,32,25
1656723044514,MATH 142A,B04,093558,Chow; Bennett,10,0,32,22
1656723044514,MATH 142A,B05,093559,Chow; Bennett,4,0,32,28
1656723050565,MATH 193A,A01,083224,Rotar; Vladimir,4,0,34,30
1656723050565,MATH 193A,A02,083225,Rotar; Vladimir,3,0,34,31
1656723050565,MATH 193A,A03,083781,Rotar; Vladimir,1,0,34,33
1656723050565,MATH 193A,A04,083782,Rotar; Vladimir,5,0,34,29
1656723050565,MATH 193A,A05,093482,Rotar; Vladimir,5,0,34,29
1656723056589,MATH 197,001,091859,McAuley; Julian John,9999,0,9999,0
1656723056589,MATH 197,002,095566,Kedlaya; Kiran S.,9997,0,9999,2
1656723056589,MATH 197,003,095567,Xiao; Ming,9999,0,9999,0
1656723056589,MATH 197,004,095571,Perols; Johan Lars,9998,0,9999,1
1656723063644,COGS 9,A01,083615,Shannon; Kyle Michael,5,0,75,70
1656723069666,COGS 11,A01,083617,Boyle; Mary E. T.,17,0,48,31
1656723075692,COGS 13,A01,083071,Bastos; Amalia Pinkusfeld,6,0,71,65
1656723081716,COGS 14A,A01,092681,Semenuks; Arturs,0,1,100,102
1656723087739,COGS 14B,A01,083073,Cheng; Tzu-Han,5,0,63,58
1656723093762,COGS 17,A01,092677,Semenuks; Arturs,4,0,81,77
1656723099786,COGS 100,A01,083619,Allen; Michael Gordon,13,0,70,57
1656723105813,COGS 101A,A01,083621,Davis; Joshua Daniel,9,0,68,59
1656723111836,COGS 101B,A01,091572,Allen; Michael Gordon,4,0,65,61
1656723117860,COGS 101C,A01,083625,Delgado; Tania,17,0,35,18
1656723123884,COGS 107A,A01,083627,Boyle; Mary E. T.,12,0,60,48
1656723129913,COGS 118A,A01,083075,Gupta; Anjum,13,0,76,63
1656723135937,CSE 3,A50,083646,Miranda; Gregory Joseph,22,0,50,28
1656723141961,CSE 8A,A50,083650,Miranda; Gregory Joseph,17,1,56,39
1656723147987,CSE 11,A01,083080,Cao; Yingjun,3,16,40,37
1656723154011,CSE 12,A01,083652,Krause-Levy; Sophia Louisa,19,1,120,101
1656723160036,CSE 15L,A01,083654,Morris; Justin Loren,8,0,50,42
1656723160036,CSE 15L,A02,083655,Morris; Justin Loren,8,0,50,42
1656723166072,CSE 20,A01,083657,Tran; Khoa Dang,36,0,80,44
1656723172093,CSE 21,A01,095574,Bach; Quang Tran,21,0,48,27
1656723178116,CSE 30,A01,083084,Eldon; John,5,0,80,75
1656723178116,CSE 30,B01,095061,Bhaskar; Nishant,3,0,50,47
1656723184141,CSE 100,A01,083659,Cao; Yingjun,1,5,70,69
1656723190167,CSE 134B,A01,083661,Powell; Thomas Allan,17,0,100,83
1656723196194,CSE 140,A01,083663,Gungor; Onat,14,0,85,71
1656723202228,CSE 140L,A01,083088,Eldon; John,16,0,100,84
1656723208257,CSE 175,A01,083665,Kumar; Rakesh,3,0,25,22
1656723214283,CSE 190,A00,092507,Dubnov; Shlomo,5,0,20,15
1656723220309,ECE 45,A01,083139,Congero; Spencer William,5,0,75,70
1656723226339,ECE 65,A50,083695,Saad; Andrew S,12,0,30,18
1656723226339,ECE 65,A51,095125,Saad; Andrew S,25,0,26,1
1656723232366,ECE 109,A01,091882,Touri; Behrouz,13,0,70,57
1656723238388,ECE 180,A00,083140,Abi Samra; Nicholas Camill,1,0,30,29
1656723238388,ECE 180,B00,083141,Abi Samra; Nicholas Camill,0,0,30,30
1656723244415,MATH 10A,A01,083735,Patchell; Gregory David,0,0,30,30
1656723244415,MATH 10A,A02,083736,Patchell; Gregory David,20,0,30,10
1656723244415,MATH 10A,A03,083737,Patchell; Gregory David,15,0,30,15
1656723250443,MATH 10B,A01,083207,Lim; Seonhee,7,0,34,27
1656723250443,MATH 10B,A02,083208,Lim; Seonhee,9,0,35,26
1656723250443,MATH 10B,A03,093472,Lim; Seonhee,3,0,34,31
1656723250443,MATH 10B,B01,083739,Sinha; Shubham,9,0,30,21
1656723256470,MATH 18,A01,083743,Cinel; Cameron Alexander,5,0,30,25
1656723256470,MATH 18,A02,083744,Cinel; Cameron Alexander,15,0,30,15
1656723256470,MATH 18,A03,083745,Cinel; Cameron Alexander,8,0,30,22
1656723256470,MATH 18,B01,083748,Rideout; David Porter,3,0,37,34
1656723256470,MATH 18,B02,083749,Rideout; David Porter,2,0,36,34
1656723256470,MATH 18,B03,083750,Rideout; David Porter,1,0,37,36
1656723256470,MATH 18,B04,083751,Rideout; David Porter,4,0,36,32
1656723256470,MATH 18,B05,093473,Rideout; David Porter,4,0,36,32
1656723256470,MATH 18,B06,093474,Rideout; David Porter,4,0,36,32
1656723262496,MATH 20A,A01,083754,Zheng; Zequn,12,0,40,28
1656723268519,MATH 20B,A01,083756,Briones; Jor-el Thomas Caparas,1,0,36,35
1656723268519,MATH 20B,A02,083757,Briones; Jor-el Thomas Caparas,1,0,36,35
1656723268519,MATH 20B,A03,093475,Briones; Jor-el Thomas Caparas,0,0,36,36
1656723281131,MATH 20C,A01,083760,Briones; Jor-el Thomas Caparas,1,0,35,34
1656723281131,MATH 20C,A02,083761,Briones; Jor-el Thomas Caparas,8,0,35,27
1656723281131,MATH 20C,A03,093476,Briones; Jor-el Thomas Caparas,0,1,36,36
1656723281131,MATH 20C,B01,083762,Bach; Quang Tran,0,0,30,30
1656723287160,MATH 20D,A01,083765,Tran; Brian Kha,4,0,30,26
1656723287160,MATH 20D,A02,083766,Tran; Brian Kha,4,0,30,26
1656723287160,MATH 20D,A03,083767,Tran; Brian Kha,1,0,30,29
1656723293187,MATH 20E,A01,083771,Ganguly; Soumya,3,0,32,29
1656723293187,MATH 20E,A02,083772,Ganguly; Soumya,4,0,32,28
1656723293187,MATH 20E,B01,083773,Ciotti; Benjamin,18,0,35,17
1656723293187,MATH 20E,B02,083774,Ciotti; Benjamin,18,0,35,17
1656723299216,MATH 103A,A01,083777,Greenfeld; Be'Eri,2,0,36,34
1656723299216,MATH 103A,A02,083778,Greenfeld; Be'Eri,5,0,36,31
1656723299216,MATH 103A,A03,093561,Greenfeld; Be'Eri,4,0,36,32
1656723299216,MATH 103A,B01,083779,Greenfeld; Be'Eri,6,0,36,30
1656723299216,MATH 103A,B02,083780,Greenfeld; Be'Eri,2,0,36,34
1656723299216,MATH 103A,B03,093562,Greenfeld; Be'Eri,2,0,36,34
1656723305241,MATH 105,A01,085443,Carter; Anne Toulson,13,0,35,22
1656723305241,MATH 105,A02,093477,Carter; Anne Toulson,20,0,35,15
1656723311265,MATH 109,A01,083213,Ganzberger; Geoffrey Michael,2,0,34,32
1656723311265,MATH 109,A02,083214,Ganzberger; Geoffrey Michael,2,0,34,32
1656723311265,MATH 109,A03,093478,Ganzberger; Geoffrey Michael,2,0,34,32
1656723311265,MATH 109,B01,083215,Ganzberger; Geoffrey Michael,1,0,32,31
1656723311265,MATH 109,B02,083216,Ganzberger; Geoffrey Michael,1,0,32,31
1656723311265,MATH 109,B03,093479,Ganzberger; Geoffrey Michael,7,0,32,25
1656723317290,MATH 142A,A01,083219,Chow; Bennett,5,0,32,27
1656723317290,MATH 142A,A02,083220,Chow; Bennett,9,0,32,23
1656723317290,MATH 142A,A03,093480,Chow; Bennett,7,0,32,25
1656723317290,MATH 142A,B03,093481,Chow; Bennett,7,0,32,25
1656723317290,MATH 142A,B04,093558,Chow; Bennett,10,0,32,22
1656723317290,MATH 142A,B05,093559,Chow; Bennett,4,0,32,28
1656723323315,MATH 193A,A01,083224,Rotar; Vladimir,4,0,34,30
1656723323315,MATH 193A,A02,083225,Rotar; Vladimir,3,0,34,31
1656723323315,MATH 193A,A03,083781,Rotar; Vladimir,1,0,34,33
1656723323315,MATH 193A,A04,083782,Rotar; Vladimir,5,0,34,29
1656723323315,MATH 193A,A05,093482,Rotar; Vladimir,5,0,34,29
1656723329413,MATH 197,001,091859,McAuley; Julian John,9999,0,9999,0
1656723329413,MATH 197,002,095566,Kedlaya; Kiran S.,9997,0,9999,2
1656723329413,MATH 197,003,095567,Xiao; Ming,9999,0,9999,0
1656723329413,MATH 197,004,095571,Perols; Johan Lars,9998,0,9999,1
1656723336464,COGS 9,A01,083615,Shannon; Kyle Michael,5,0,75,70
1656723342491,COGS 11,A01,083617,Boyle; Mary E. T.,17,0,48,31
1656723348517,COGS 13,A01,083071,Bastos; Amalia Pinkusfeld,6,0,71,65
1656723354543,COGS 14A,A01,092681,Semenuks; Arturs,0,1,100,102
1656723360567,COGS 14B,A01,083073,Cheng; Tzu-Han,5,0,63,58
1656723366591,COGS 17,A01,092677,Semenuks; Arturs,4,0,81,77
1656723372616,COGS 100,A01,083619,Allen; Michael Gordon,13,0,70,57
1656723378643,COGS 101A,A01,083621,Davis; Joshua Daniel,9,0,68,59
1656723384670,COGS 101B,A01,091572,Allen; Michael Gordon,4,0,65,61
1656723390697,COGS 101C,A01,083625,Delgado; Tania,17,0,35,18
1656723396719,COGS 107A,A01,083627,Boyle; Mary E. T.,12,0,60,48
1656723402746,COGS 118A,A01,083075,Gupta; Anjum,13,0,76,63
1656723408769,CSE 3,A50,083646,Miranda; Gregory Joseph,22,0,50,28
1656723414801,CSE 8A,A50,083650,Miranda; Gregory Joseph,17,1,56,39
1656723420828,CSE 11,A01,083080,Cao; Yingjun,3,16,40,37
1656723426854,CSE 12,A01,083652,Krause-Levy; Sophia Louisa,19,1,120,101
1656723432880,CSE 15L,A01,083654,Morris; Justin Loren,8,0,50,42
1656723432880,CSE 15L,A02,083655,Morris; Justin Loren,8,0,50,42
1656723438903,CSE 20,A01,083657,Tran; Khoa Dang,36,0,80,44
1656723444925,CSE 21,A01,095574,Bach; Quang Tran,21,0,48,27
1656723450949,CSE 30,A01,083084,Eldon; John,5,0,80,75
1656723450949,CSE 30,B01,095061,Bhaskar; Nishant,3,0,50,47
1656723456971,CSE 100,A01,083659,Cao; Yingjun,1,5,70,69
1656723463000,CSE 134B,A01,083661,Powell; Thomas Allan,18,0,100,82
1656723469022,CSE 140,A01,083663,Gungor; Onat,14,0,85,71
1656723475046,CSE 140L,A01,083088,Eldon; John,16,0,100,84
1656723481068,CSE 175,A01,083665,Kumar; Rakesh,3,0,25,22
1656723487089,CSE 190,A00,092507,Dubnov; Shlomo,5,0,20,15
1656723493116,ECE 45,A01,083139,Congero; Spencer William,5,0,75,70
1656723499143,ECE 65,A50,083695,Saad; Andrew S,12,0,30,18
1656723499143,ECE 65,A51,095125,Saad; Andrew S,25,0,26,1
1656723505166,ECE 109,A01,091882,Touri; Behrouz,13,0,70,57
1656723511200,ECE 180,A00,083140,Abi Samra; Nicholas Camill,1,0,30,29
1656723511200,ECE 180,B00,083141,Abi Samra; Nicholas Camill,0,0,30,30
1656723517229,MATH 10A,A01,083735,Patchell; Gregory David,0,0,30,30
1656723517229,MATH 10A,A02,083736,Patchell; Gregory David,20,0,30,10
1656723517229,MATH 10A,A03,083737,Patchell; Gregory David,15,0,30,15
1656723523251,MATH 10B,A01,083207,Lim; Seonhee,7,0,34,27
1656723523251,MATH 10B,A02,083208,Lim; Seonhee,9,0,35,26
1656723523251,MATH 10B,A03,093472,Lim; Seonhee,3,0,34,31
1656723523251,MATH 10B,B01,083739,Sinha; Shubham,9,0,30,21
1656723529275,MATH 18,A01,083743,Cinel; Cameron Alexander,5,0,30,25
1656723529275,MATH 18,A02,083744,Cinel; Cameron Alexander,15,0,30,15
1656723529275,MATH 18,A03,083745,Cinel; Cameron Alexander,8,0,30,22
1656723529275,MATH 18,B01,083748,Rideout; David Porter,3,0,37,34
1656723529275,MATH 18,B02,083749,Rideout; David Porter,2,0,36,34
1656723529275,MATH 18,B03,083750,Rideout; David Porter,1,0,37,36
1656723529275,MATH 18,B04,083751,Rideout; David Porter,4,0,36,32
1656723529275,MATH 18,B05,093473,Rideout; David Porter,4,0,36,32
1656723529275,MATH 18,B06,093474,Rideout; David Porter,4,0,36,32
1656723535301,MATH 20A,A01,083754,Zheng; Zequn,12,0,40,28
1656723541323,MATH 20B,A01,083756,Briones; Jor-el Thomas Caparas,1,0,36,35
1656723541323,MATH 20B,A02,083757,Briones; Jor-el Thomas Caparas,1,0,36,35
1656723541323,MATH 20B,A03,093475,Briones; Jor-el Thomas Caparas,0,0,36,36
1656723547351,MATH 20C,A01,083760,Briones; Jor-el Thomas Caparas,1,0,35,34
1656723547351,MATH 20C,A02,083761,Briones; Jor-el Thomas Caparas,8,0,35,27
1656723547351,MATH 20C,A03,093476,Briones; Jor-el Thomas Caparas,0,1,36,36
1656723547351,MATH 20C,B01,083762,Bach; Quang Tran,0,0,30,30
1656723553384,MATH 20D,A01,083765,Tran; Brian Kha,4,0,30,26
1656723553384,MATH 20D,A02,083766,Tran; Brian Kha,4,0,30,26
1656723553384,MATH 20D,A03,083767,Tran; Brian Kha,1,0,30,29
1656723559407,MATH 20E,A01,083771,Ganguly; Soumya,3,0,32,29
1656723559407,MATH 20E,A02,083772,Ganguly; Soumya,4,0,32,28
1656723559407,MATH 20E,B01,083773,Ciotti; Benjamin,18,0,35,17
1656723559407,MATH 20E,B02,083774,Ciotti; Benjamin,18,0,35,17
1656723565431,MATH 103A,A01,083777,Greenfeld; Be'Eri,2,0,36,34
1656723565431,MATH 103A,A02,083778,Greenfeld; Be'Eri,5,0,36,31
1656723565431,MATH 103A,A03,093561,Greenfeld; Be'Eri,4,0,36,32
1656723565431,MATH 103A,B01,083779,Greenfeld; Be'Eri,6,0,36,30
1656723565431,MATH 103A,B02,083780,Greenfeld; Be'Eri,2,0,36,34
1656723565431,MATH 103A,B03,093562,Greenfeld; Be'Eri,2,0,36,34
1656723571453,MATH 105,A01,085443,Carter; Anne Toulson,13,0,35,22
1656723571453,MATH 105,A02,093477,Carter; Anne Toulson,20,0,35,15
1656723577476,MATH 109,A01,083213,Ganzberger; Geoffrey Michael,2,0,34,32
1656723577476,MATH 109,A02,083214,Ganzberger; Geoffrey Michael,2,0,34,32
1656723577476,MATH 109,A03,093478,Ganzberger; Geoffrey Michael,2,0,34,32
1656723577476,MATH 109,B01,083215,Ganzberger; Geoffrey Michael,1,0,32,31
1656723577476,MATH 109,B02,083216,Ganzberger; Geoffrey Michael,1,0,32,31
1656723577476,MATH 109,B03,093479,Ganzberger; Geoffrey Michael,7,0,32,25
1656723583505,MATH 142A,A01,083219,Chow; Bennett,5,0,32,27
1656723583505,MATH 142A,A02,083220,Chow; Bennett,9,0,32,23
1656723583505,MATH 142A,A03,093480,Chow; Bennett,7,0,32,25
1656723583505,MATH 142A,B03,093481,Chow; Bennett,7,0,32,25
1656723583505,MATH 142A,B04,093558,Chow; Bennett,10,0,32,22
1656723583505,MATH 142A,B05,093559,Chow; Bennett,4,0,32,28
1656723589534,MATH 193A,A01,083224,Rotar; Vladimir,4,0,34,30
1656723589534,MATH 193A,A02,083225,Rotar; Vladimir,3,0,34,31
1656723589534,MATH 193A,A03,083781,Rotar; Vladimir,1,0,34,33
1656723589534,MATH 193A,A04,083782,Rotar; Vladimir,5,0,34,29
1656723589534,MATH 193A,A05,093482,Rotar; Vladimir,5,0,34,29
1656723595560,MATH 197,001,091859,McAuley; Julian John,9999,0,9999,0
1656723595560,MATH 197,002,095566,Kedlaya; Kiran S.,9997,0,9999,2
1656723595560,MATH 197,003,095567,Xiao; Ming,9999,0,9999,0
1656723595560,MATH 197,004,095571,Perols; Johan Lars,9998,0,9999,1
1656723602613,COGS 9,A01,083615,Shannon; Kyle Michael,5,0,75,70
1656723608644,COGS 11,A01,083617,Boyle; Mary E. T.,17,0,48,31
1656723614671,COGS 13,A01,083071,Bastos; Amalia Pinkusfeld,6,0,71,65
1656723620707,COGS 14A,A01,092681,Semenuks; Arturs,0,1,100,102
1656723626733,COGS 14B,A01,083073,Cheng; Tzu-Han,5,0,63,58
1656723632762,COGS 17,A01,092677,Semenuks; Arturs,4,0,81,77
1656723638786,COGS 100,A01,083619,Allen; Michael Gordon,13,0,70,57
1656723644812,COGS 101A,A01,083621,Davis; Joshua Daniel,9,0,68,59
1656723650835,COGS 101B,A01,091572,Allen; Michael Gordon,5,0,65,60
1656723656861,COGS 101C,A01,083625,Delgado; Tania,17,0,35,18
1656723662887,COGS 107A,A01,083627,Boyle; Mary E. T.,12,0,60,48
1656723668910,COGS 118A,A01,083075,Gupta; Anjum,13,0,76,63
1656723674934,CSE 3,A50,083646,Miranda; Gregory Joseph,22,0,50,28
1656723680960,CSE 8A,A50,083650,Miranda; Gregory Joseph,17,1,56,39
1656723686985,CSE 11,A01,083080,Cao; Yingjun,3,16,40,37
1656723693011,CSE 12,A01,083652,Krause-Levy; Sophia Louisa,19,1,120,101
1656723699033,CSE 15L,A01,083654,Morris; Justin Loren,8,0,50,42
1656723699033,CSE 15L,A02,083655,Morris; Justin Loren,8,0,50,42
1656723705061,CSE 20,A01,083657,Tran; Khoa Dang,36,0,80,44
1656723711084,CSE 21,A01,095574,Bach; Quang Tran,21,0,48,27
1656723717106,CSE 30,A01,083084,Eldon; John,5,0,80,75
1656723717106,CSE 30,B01,095061,Bhaskar; Nishant,3,0,50,47
1656723723137,CSE 100,A01,083659,Cao; Yingjun,1,5,70,69
1656723729160,CSE 134B,A01,083661,Powell; Thomas Allan,18,0,100,82
1656723735194,CSE 140,A01,083663,Gungor; Onat,14,0,85,71
1656723741219,CSE 140L,A01,083088,Eldon; John,16,0,100,84
1656723747241,CSE 175,A01,083665,Kumar; Rakesh,3,0,25,22
1656723753273,CSE 190,A00,092507,Dubnov; Shlomo,5,0,20,15
1656723759299,ECE 45,A01,083139,Congero; Spencer William,5,0,75,70
1656723765324,ECE 65,A50,083695,Saad; Andrew S,12,0,30,18
1656723765324,ECE 65,A51,095125,Saad; Andrew S,25,0,26,1
1656723771347,ECE 109,A01,091882,Touri; Behrouz,13,0,70,57
1656723777371,ECE 180,A00,083140,Abi Samra; Nicholas Camill,1,0,30,29
1656723777371,ECE 180,B00,083141,Abi Samra; Nicholas Camill,0,0,30,30
1656723783395,MATH 10A,A01,083735,Patchell; Gregory David,0,0,30,30
1656723783395,MATH 10A,A02,083736,Patchell; Gregory David,20,0,30,10
1656723783395,MATH 10A,A03,083737,Patchell; Gregory David,15,0,30,15
1656723789420,MATH 10B,A01,083207,Lim; Seonhee,7,0,34,27
1656723789420,MATH 10B,A02,083208,Lim; Seonhee,9,0,35,26
1656723789420,MATH 10B,A03,093472,Lim; Seonhee,3,0,34,31
1656723789420,MATH 10B,B01,083739,Sinha; Shubham,9,0,30,21
1656723795445,MATH 18,A01,083743,Cinel; Cameron Alexander,5,0,30,25
1656723795445,MATH 18,A02,083744,Cinel; Cameron Alexander,15,0,30,15
1656723795445,MATH 18,A03,083745,Cinel; Cameron Alexander,8,0,30,22
1656723795445,MATH 18,B01,083748,Rideout; David Porter,3,0,37,34
1656723795445,MATH 18,B02,083749,Rideout; David Porter,2,0,36,34
1656723795445,MATH 18,B03,083750,Rideout; David Porter,1,0,37,36
1656723795445,MATH 18,B04,083751,Rideout; David Porter,4,0,36,32
1656723795445,MATH 18,B05,093473,Rideout; David Porter,4,0,36,32
1656723795445,MATH 18,B06,093474,Rideout; David Porter,4,0,36,32
1656723801482,MATH 20A,A01,083754,Zheng; Zequn,12,0,40,28
1656723807511,MATH 20B,A01,083756,Briones; Jor-el Thomas Caparas,1,0,36,35
1656723807511,MATH 20B,A02,083757,Briones; Jor-el Thomas Caparas,1,0,36,35
1656723807511,MATH 20B,A03,093475,Briones; Jor-el Thomas Caparas,0,0,36,36
1656723813541,MATH 20C,A01,083760,Briones; Jor-el Thomas Caparas,1,0,35,34
1656723813541,MATH 20C,A02,083761,Briones; Jor-el Thomas Caparas,8,0,35,27
1656723813541,MATH 20C,A03,093476,Briones; Jor-el Thomas Caparas,0,1,36,36
1656723813541,MATH 20C,B01,083762,Bach; Quang Tran,0,0,30,30
1656723819578,MATH 20D,A01,083765,Tran; Brian Kha,4,0,30,26
1656723819578,MATH 20D,A02,083766,Tran; Brian Kha,4,0,30,26
1656723819578,MATH 20D,A03,083767,Tran; Brian Kha,1,0,30,29
1656723825601,MATH 20E,A01,083771,Ganguly; Soumya,3,0,32,29
1656723825601,MATH 20E,A02,083772,Ganguly; Soumya,4,0,32,28
1656723825601,MATH 20E,B01,083773,Ciotti; Benjamin,18,0,35,17
1656723825601,MATH 20E,B02,083774,Ciotti; Benjamin,18,0,35,17
1656723831626,MATH 103A,A01,083777,Greenfeld; Be'Eri,2,0,36,34
1656723831626,MATH 103A,A02,083778,Greenfeld; Be'Eri,5,0,36,31
1656723831626,MATH 103A,A03,093561,Greenfeld; Be'Eri,4,0,36,32
1656723831626,MATH 103A,B01,083779,Greenfeld; Be'Eri,6,0,36,30
1656723831626,MATH 103A,B02,083780,Greenfeld; Be'Eri,2,0,36,34
1656723831626,MATH 103A,B03,093562,Greenfeld; Be'Eri,2,0,36,34
1656723837648,MATH 105,A01,085443,Carter; Anne Toulson,13,0,35,22
1656723837648,MATH 105,A02,093477,Carter; Anne Toulson,20,0,35,15
1656723843671,MATH 109,A01,083213,Ganzberger; Geoffrey Michael,2,0,34,32
1656723843671,MATH 109,A02,083214,Ganzberger; Geoffrey Michael,2,0,34,32
1656723843671,MATH 109,A03,093478,Ganzberger; Geoffrey Michael,2,0,34,32
1656723843671,MATH 109,B01,083215,Ganzberger; Geoffrey Michael,1,0,32,31
1656723843671,MATH 109,B02,083216,Ganzberger; Geoffrey Michael,1,0,32,31
1656723843671,MATH 109,B03,093479,Ganzberger; Geoffrey Michael,7,0,32,25
1656723849701,MATH 142A,A01,083219,Chow; Bennett,5,0,32,27
1656723849701,MATH 142A,A02,083220,Chow; Bennett,9,0,32,23
1656723849701,MATH 142A,A03,093480,Chow; Bennett,7,0,32,25
1656723849701,MATH 142A,B03,093481,Chow; Bennett,7,0,32,25
1656723849701,MATH 142A,B04,093558,Chow; Bennett,10,0,32,22
1656723849701,MATH 142A,B05,093559,Chow; Bennett,4,0,32,28
1656723855726,MATH 193A,A01,083224,Rotar; Vladimir,4,0,34,30
1656723855726,MATH 193A,A02,083225,Rotar; Vladimir,3,0,34,31
1656723855726,MATH 193A,A03,083781,Rotar; Vladimir,1,0,34,33
1656723855726,MATH 193A,A04,083782,Rotar; Vladimir,5,0,34,29
1656723855726,MATH 193A,A05,093482,Rotar; Vladimir,5,0,34,29
1656723861748,MATH 197,001,091859,McAuley; Julian John,9999,0,9999,0
1656723861748,MATH 197,002,095566,Kedlaya; Kiran S.,9997,0,9999,2
1656723861748,MATH 197,003,095567,Xiao; Ming,9999,0,9999,0
1656723861748,MATH 197,004,095571,Perols; Johan Lars,9998,0,9999,1
1656723868810,COGS 9,A01,083615,Shannon; Kyle Michael,5,0,75,70
1656723874832,COGS 11,A01,083617,Boyle; Mary E. T.,17,0,48,31
1656723880878,COGS 13,A01,083071,Bastos; Amalia Pinkusfeld,6,0,71,65
1656723886902,COGS 14A,A01,092681,Semenuks; Arturs,0,1,100,102
1656723892926,COGS 14B,A01,083073,Cheng; Tzu-Han,5,0,63,58
1656723898948,COGS 17,A01,092677,Semenuks; Arturs,4,0,81,77
1656723904976,COGS 100,A01,083619,Allen; Michael Gordon,13,0,70,57
1656723911019,COGS 101A,A01,083621,Davis; Joshua Daniel,9,0,68,59
1656723917042,COGS 101B,A01,091572,Allen; Michael Gordon,5,0,65,60
1656723923144,COGS 101C,A01,083625,Delgado; Tania,17,0,35,18
1656723929167,COGS 107A,A01,083627,Boyle; Mary E. T.,12,0,60,48
1656723935210,COGS 118A,A01,083075,Gupta; Anjum,13,0,76,63
1656723941234,CSE 3,A50,083646,Miranda; Gregory Joseph,22,0,50,28
1656723947257,CSE 8A,A50,083650,Miranda; Gregory Joseph,17,1,56,39
1656723953284,CSE 11,A01,083080,Cao; Yingjun,3,16,40,37
1656723959308,CSE 12,A01,083652,Krause-Levy; Sophia Louisa,19,1,120,101
1656723965330,CSE 15L,A01,083654,Morris; Justin Loren,8,0,50,42
1656723965330,CSE 15L,A02,083655,Morris; Justin Loren,8,0,50,42
1656723971354,CSE 20,A01,083657,Tran; Khoa Dang,36,0,80,44
1656723977377,CSE 21,A01,095574,Bach; Quang Tran,21,0,48,27
1656723983401,CSE 30,A01,083084,Eldon; John,5,0,80,75
1656723983401,CSE 30,B01,095061,Bhaskar; Nishant,3,0,50,47
1656723989424,CSE 100,A01,083659,Cao; Yingjun,1,5,70,69
1656723995453,CSE 134B,A01,083661,Powell; Thomas Allan,18,0,100,82
1656724001476,CSE 140,A01,083663,Gungor; Onat,14,0,85,71
1656724007502,CSE 140L,A01,083088,Eldon; John,16,0,100,84
1656724013532,CSE 175,A01,083665,Kumar; Rakesh,3,0,25,22
1656724019557,CSE 190,A00,092507,Dubnov; Shlomo,5,0,20,15
1656724025594,ECE 45,A01,083139,Congero; Spencer William,5,0,75,70
1656724031621,ECE 65,A50,083695,Saad; Andrew S,12,0,30,18
1656724031621,ECE 65,A51,095125,Saad; Andrew S,25,0,26,1
1656724037645,ECE 109,A01,091882,Touri; Behrouz,13,0,70,57
1656724043667,ECE 180,A00,083140,Abi Samra; Nicholas Camill,1,0,30,29
1656724043667,ECE 180,B00,083141,Abi Samra; Nicholas Camill,0,0,30,30
1656724049691,MATH 10A,A01,083735,Patchell; Gregory David,0,0,30,30
1656724049691,MATH 10A,A02,083736,Patchell; Gregory David,20,0,30,10
1656724049691,MATH 10A,A03,083737,Patchell; Gregory David,15,0,30,15
1656724055714,MATH 10B,A01,083207,Lim; Seonhee,7,0,34,27
1656724055714,MATH 10B,A02,083208,Lim; Seonhee,9,0,35,26
1656724055714,MATH 10B,A03,093472,Lim; Seonhee,3,0,34,31
1656724055714,MATH 10B,B01,083739,Sinha; Shubham,9,0,30,21
1656724061742,MATH 18,A01,083743,Cinel; Cameron Alexander,5,0,30,25
1656724061742,MATH 18,A02,083744,Cinel; Cameron Alexander,15,0,30,15
1656724061742,MATH 18,A03,083745,Cinel; Cameron Alexander,8,0,30,22
1656724061742,MATH 18,B01,083748,Rideout; David Porter,3,0,37,34
1656724061742,MATH 18,B02,083749,Rideout; David Porter,2,0,36,34
1656724061742,MATH 18,B03,083750,Rideout; David Porter,1,0,37,36
1656724061742,MATH 18,B04,083751,Rideout; David Porter,4,0,36,32
1656724061742,MATH 18,B05,093473,Rideout; David Porter,4,0,36,32
1656724061742,MATH 18,B06,093474,Rideout; David Porter,4,0,36,32
1656724067765,MATH 20A,A01,083754,Zheng; Zequn,12,0,40,28
1656724073788,MATH 20B,A01,083756,Briones; Jor-el Thomas Caparas,1,0,36,35
1656724073788,MATH 20B,A02,083757,Briones; Jor-el Thomas Caparas,1,0,36,35
1656724073788,MATH 20B,A03,093475,Briones; Jor-el Thomas Caparas,0,0,36,36
1656724079811,MATH 20C,A01,083760,Briones; Jor-el Thomas Caparas,1,0,35,34
1656724079811,MATH 20C,A02,083761,Briones; Jor-el Thomas Caparas,8,0,35,27
1656724079811,MATH 20C,A03,093476,Briones; Jor-el Thomas Caparas,0,1,36,36
1656724079811,MATH 20C,B01,083762,Bach; Quang Tran,0,0,30,30
1656724085835,MATH 20D,A01,083765,Tran; Brian Kha,4,0,30,26
1656724085835,MATH 20D,A02,083766,Tran; Brian Kha,4,0,30,26
1656724085835,MATH 20D,A03,083767,Tran; Brian Kha,1,0,30,29
1656724091872,MATH 20E,A01,083771,Ganguly; Soumya,3,0,32,29
1656724091872,MATH 20E,A02,083772,Ganguly; Soumya,4,0,32,28
1656724091872,MATH 20E,B01,083773,Ciotti; Benjamin,18,0,35,17
1656724091872,MATH 20E,B02,083774,Ciotti; Benjamin,18,0,35,17
1656724097897,MATH 103A,A01,083777,Greenfeld; Be'Eri,2,0,36,34
1656724097897,MATH 103A,A02,083778,Greenfeld; Be'Eri,5,0,36,31
1656724097897,MATH 103A,A03,093561,Greenfeld; Be'Eri,4,0,36,32
1656724097897,MATH 103A,B01,083779,Greenfeld; Be'Eri,6,0,36,30
1656724097897,MATH 103A,B02,083780,Greenfeld; Be'Eri,2,0,36,34
1656724097897,MATH 103A,B03,093562,Greenfeld; Be'Eri,2,0,36,34
1656724103925,MATH 105,A01,085443,Carter; Anne Toulson,13,0,35,22
1656724103925,MATH 105,A02,093477,Carter; Anne Toulson,20,0,35,15
1656724109948,MATH 109,A01,083213,Ganzberger; Geoffrey Michael,2,0,34,32
1656724109948,MATH 109,A02,083214,Ganzberger; Geoffrey Michael,2,0,34,32
1656724109948,MATH 109,A03,093478,Ganzberger; Geoffrey Michael,2,0,34,32
1656724109948,MATH 109,B01,083215,Ganzberger; Geoffrey Michael,1,0,32,31
1656724109948,MATH 109,B02,083216,Ganzberger; Geoffrey Michael,1,0,32,31
1656724109948,MATH 109,B03,093479,Ganzberger; Geoffrey Michael,7,0,32,25
1656724115978,MATH 142A,A01,083219,Chow; Bennett,5,0,32,27
1656724115978,MATH 142A,A02,083220,Chow; Bennett,9,0,32,23
1656724115978,MATH 142A,A03,093480,Chow; Bennett,7,0,32,25
1656724115978,MATH 142A,B03,093481,Chow; Bennett,7,0,32,25
1656724115978,MATH 142A,B04,093558,Chow; Bennett,10,0,32,22
1656724115978,MATH 142A,B05,093559,Chow; Bennett,4,0,32,28
1656724122006,MATH 193A,A01,083224,Rotar; Vladimir,4,0,34,30
1656724122006,MATH 193A,A02,083225,Rotar; Vladimir,3,0,34,31
1656724122006,MATH 193A,A03,083781,Rotar; Vladimir,1,0,34,33
1656724122006,MATH 193A,A04,083782,Rotar; Vladimir,5,0,34,29
1656724122006,MATH 193A,A05,093482,Rotar; Vladimir,5,0,34,29
1656724128030,MATH 197,001,091859,McAuley; Julian John,9999,0,9999,0
1656724128030,MATH 197,002,095566,Kedlaya; Kiran S.,9997,0,9999,2
1656724128030,MATH 197,003,095567,Xiao; Ming,9999,0,9999,0
1656724128030,MATH 197,004,095571,Perols; Johan Lars,9998,0,9999,1
1656724135085,COGS 9,A01,083615,Shannon; Kyle Michael,5,0,75,70
1656724141113,COGS 11,A01,083617,Boyle; Mary E. T.,17,0,48,31
1656724147140,COGS 13,A01,083071,Bastos; Amalia Pinkusfeld,6,0,71,65
1656724153166,COGS 14A,A01,092681,Semenuks; Arturs,0,1,100,102
1656724159192,COGS 14B,A01,083073,Cheng; Tzu-Han,5,0,63,58
1656724165219,COGS 17,A01,092677,Semenuks; Arturs,4,0,81,77
1656724171255,COGS 100,A01,083619,Allen; Michael Gordon,13,0,70,57
1656724177278,COGS 101A,A01,083621,Davis; Joshua Daniel,9,0,68,59
1656724183302,COGS 101B,A01,091572,Allen; Michael Gordon,5,0,65,60
1656724189336,COGS 101C,A01,083625,Delgado; Tania,17,0,35,18
1656724195359,COGS 107A,A01,083627,Boyle; Mary E. T.,12,0,60,48
1656724201385,COGS 118A,A01,083075,Gupta; Anjum,13,0,76,63
1656724207409,CSE 3,A50,083646,Miranda; Gregory Joseph,22,0,50,28
1656724213433,CSE 8A,A50,083650,Miranda; Gregory Joseph,17,1,56,39
1656724219460,CSE 11,A01,083080,Cao; Yingjun,3,16,40,37
1656724225484,CSE 12,A01,083652,Krause-Levy; Sophia Louisa,19,1,120,101
1656724231507,CSE 15L,A01,083654,Morris; Justin Loren,8,0,50,42
1656724231507,CSE 15L,A02,083655,Morris; Justin Loren,8,0,50,42
1656724237530,CSE 20,A01,083657,Tran; Khoa Dang,36,0,80,44
1656724243556,CSE 21,A01,095574,Bach; Quang Tran,21,0,48,27
1656724249579,CSE 30,A01,083084,Eldon; John,5,0,80,75
1656724249579,CSE 30,B01,095061,Bhaskar; Nishant,3,0,50,47
1656724255601,CSE 100,A01,083659,Cao; Yingjun,1,5,70,69
1656724261627,CSE 134B,A01,083661,Powell; Thomas Allan,18,0,100,82
1656724267649,CSE 140,A01,083663,Gungor; Onat,14,0,85,71
1656724273672,CSE 140L,A01,083088,Eldon; John,16,0,100,84
1656724279696,CSE 175,A01,083665,Kumar; Rakesh,3,0,25,22
1656724285718,CSE 190,A00,092507,Dubnov; Shlomo,5,0,20,15
1656724291746,ECE 45,A01,083139,Congero; Spencer William,5,0,75,70
1656724297779,ECE 65,A50,083695,Saad; Andrew S,12,0,30,18
1656724297779,ECE 65,A51,095125,Saad; Andrew S,25,0,26,1
1656724303805,ECE 109,A01,091882,Touri; Behrouz,13,0,70,57
1656724309828,ECE 180,A00,083140,Abi Samra; Nicholas Camill,1,0,30,29
1656724309828,ECE 180,B00,083141,Abi Samra; Nicholas Camill,0,0,30,30
1656724315853,MATH 10A,A01,083735,Patchell; Gregory David,0,0,30,30
1656724315853,MATH 10A,A02,083736,Patchell; Gregory David,20,0,30,10
1656724315853,MATH 10A,A03,083737,Patchell; Gregory David,15,0,30,15
1656724321881,MATH 10B,A01,083207,Lim; Seonhee,7,0,34,27
1656724321881,MATH 10B,A02,083208,Lim; Seonhee,9,0,35,26
1656724321881,MATH 10B,A03,093472,Lim; Seonhee,3,0,34,31
1656724321881,MATH 10B,B01,083739,Sinha; Shubham,9,0,30,21
1656724327907,MATH 18,A01,083743,Cinel; Cameron Alexander,5,0,30,25
1656724327907,MATH 18,A02,083744,Cinel; Cameron Alexander,15,0,30,15
1656724327907,MATH 18,A03,083745,Cinel; Cameron Alexander,8,0,30,22
1656724327907,MATH 18,B01,083748,Rideout; David Porter,3,0,37,34
1656724327907,MATH 18,B02,083749,Rideout; David Porter,2,0,36,34
1656724327907,MATH 18,B03,083750,Rideout; David Porter,1,0,37,36
1656724327907,MATH 18,B04,083751,Rideout; David Porter,4,0,36,32
1656724327907,MATH 18,B05,093473,Rideout; David Porter,4,0,36,32
1656724327907,MATH 18,B06,093474,Rideout; David Porter,4,0,36,32
1656724333930,MATH 20A,A01,083754,Zheng; Zequn,12,0,40,28
1656724339953,MATH 20B,A01,083756,Briones; Jor-el Thomas Caparas,1,0,36,35
1656724339953,MATH 20B,A02,083757,Briones; Jor-el Thomas Caparas,1,0,36,35
1656724339953,MATH 20B,A03,093475,Briones; Jor-el Thomas Caparas,0,0,36,36
1656724345978,MATH 20C,A01,083760,Briones; Jor-el Thomas Caparas,1,0,35,34
1656724345978,MATH 20C,A02,083761,Briones; Jor-el Thomas Caparas,8,0,35,27
1656724345978,MATH 20C,A03,093476,Briones; Jor-el Thomas Caparas,0,1,36,36
1656724345978,MATH 20C,B01,083762,Bach; Quang Tran,0,0,30,30
1656724352004,MATH 20D,A01,083765,Tran; Brian Kha,4,0,30,26
1656724352004,MATH 20D,A02,083766,Tran; Brian Kha,4,0,30,26
1656724352004,MATH 20D,A03,083767,Tran; Brian Kha,1,0,30,29
1656724358029,MATH 20E,A01,083771,Ganguly; Soumya,3,0,32,29
1656724358029,MATH 20E,A02,083772,Ganguly; Soumya,4,0,32,28
1656724358029,MATH 20E,B01,083773,Ciotti; Benjamin,18,0,35,17
1656724358029,MATH 20E,B02,083774,Ciotti; Benjamin,18,0,35,17
1656724364054,MATH 103A,A01,083777,Greenfeld; Be'Eri,2,0,36,34
1656724364054,MATH 103A,A02,083778,Greenfeld; Be'Eri,5,0,36,31
1656724364054,MATH 103A,A03,093561,Greenfeld; Be'Eri,4,0,36,32
1656724364054,MATH 103A,B01,083779,Greenfeld; Be'Eri,6,0,36,30
1656724364054,MATH 103A,B02,083780,Greenfeld; Be'Eri,2,0,36,34
1656724364054,MATH 103A,B03,093562,Greenfeld; Be'Eri,2,0,36,34
1656724370081,MATH 105,A01,085443,Carter; Anne Toulson,13,0,35,22
1656724370081,MATH 105,A02,093477,Carter; Anne Toulson,20,0,35,15
1656724376108,MATH 109,A01,083213,Ganzberger; Geoffrey Michael,2,0,34,32
1656724376108,MATH 109,A02,083214,Ganzberger; Geoffrey Michael,2,0,34,32
1656724376108,MATH 109,A03,093478,Ganzberger; Geoffrey Michael,2,0,34,32
1656724376108,MATH 109,B01,083215,Ganzberger; Geoffrey Michael,1,0,32,31
1656724376108,MATH 109,B02,083216,Ganzberger; Geoffrey Michael,1,0,32,31
1656724376108,MATH 109,B03,093479,Ganzberger; Geoffrey Michael,7,0,32,25
1656724382136,MATH 142A,A01,083219,Chow; Bennett,5,0,32,27
1656724382136,MATH 142A,A02,083220,Chow; Bennett,9,0,32,23
1656724382136,MATH 142A,A03,093480,Chow; Bennett,7,0,32,25
1656724382136,MATH 142A,B03,093481,Chow; Bennett,7,0,32,25
1656724382136,MATH 142A,B04,093558,Chow; Bennett,10,0,32,22
1656724382136,MATH 142A,B05,093559,Chow; Bennett,4,0,32,28
1656724388158,MATH 193A,A01,083224,Rotar; Vladimir,4,0,34,30
1656724388158,MATH 193A,A02,083225,Rotar; Vladimir,3,0,34,31
1656724388158,MATH 193A,A03,083781,Rotar; Vladimir,1,0,34,33
1656724388158,MATH 193A,A04,083782,Rotar; Vladimir,5,0,34,29
1656724388158,MATH 193A,A05,093482,Rotar; Vladimir,5,0,34,29
1656724394185,MATH 197,001,091859,McAuley; Julian John,9999,0,9999,0
1656724394185,MATH 197,002,095566,Kedlaya; Kiran S.,9997,0,9999,2
1656724394185,MATH 197,003,095567,Xiao; Ming,9999,0,9999,0
1656724394185,MATH 197,004,095571,Perols; Johan Lars,9998,0,9999,1
1656724401244,COGS 9,A01,083615,Shannon; Kyle Michael,5,0,75,70
1656724407271,COGS 11,A01,083617,Boyle; Mary E. T.,17,0,48,31
1656724413297,COGS 13,A01,083071,Bastos; Amalia Pinkusfeld,6,0,71,65
1656724419321,COGS 14A,A01,092681,Semenuks; Arturs,0,1,100,102
1656724425351,COGS 14B,A01,083073,Cheng; Tzu-Han,5,0,63,58
1656724431377,COGS 17,A01,092677,Semenuks; Arturs,4,0,81,77
1656724437400,COGS 100,A01,083619,Allen; Michael Gordon,13,0,70,57
1656724443425,COGS 101A,A01,083621,Davis; Joshua Daniel,9,0,68,59
1656724449461,COGS 101B,A01,091572,Allen; Michael Gordon,6,0,65,59
1656724455493,COGS 101C,A01,083625,Delgado; Tania,17,0,35,18
1656724461518,COGS 107A,A01,083627,Boyle; Mary E. T.,12,0,60,48
1656724467547,COGS 118A,A01,083075,Gupta; Anjum,13,0,76,63
1656724473575,CSE 3,A50,083646,Miranda; Gregory Joseph,22,0,50,28
1656724479599,CSE 8A,A50,083650,Miranda; Gregory Joseph,17,1,56,39
1656724485631,CSE 11,A01,083080,Cao; Yingjun,3,16,40,37
1656724491656,CSE 12,A01,083652,Krause-Levy; Sophia Louisa,19,1,120,101
1656724497679,CSE 15L,A01,083654,Morris; Justin Loren,8,0,50,42
1656724497679,CSE 15L,A02,083655,Morris; Justin Loren,8,0,50,42
1656724503705,CSE 20,A01,083657,Tran; Khoa Dang,36,0,80,44
1656724509728,CSE 21,A01,095574,Bach; Quang Tran,21,0,48,27
1656724515756,CSE 30,A01,083084,Eldon; John,5,0,80,75
1656724515756,CSE 30,B01,095061,Bhaskar; Nishant,3,0,50,47
1656724521868,CSE 100,A01,083659,Cao; Yingjun,1,5,70,69
1656724527896,CSE 134B,A01,083661,Powell; Thomas Allan,18,0,100,82
1656724533924,CSE 140,A01,083663,Gungor; Onat,14,0,85,71
1656724539947,CSE 140L,A01,083088,Eldon; John,16,0,100,84
1656724545971,CSE 175,A01,083665,Kumar; Rakesh,3,0,25,22
1656724551994,CSE 190,A00,092507,Dubnov; Shlomo,5,0,20,15
1656724558018,ECE 45,A01,083139,Congero; Spencer William,5,0,75,70
1656724564046,ECE 65,A50,083695,Saad; Andrew S,12,0,30,18
1656724564046,ECE 65,A51,095125,Saad; Andrew S,25,0,26,1
1656724570069,ECE 109,A01,091882,Touri; Behrouz,13,0,70,57
1656724576093,ECE 180,A00,083140,Abi Samra; Nicholas Camill,1,0,30,29
1656724576093,ECE 180,B00,083141,Abi Samra; Nicholas Camill,0,0,30,30
1656724582119,MATH 10A,A01,083735,Patchell; Gregory David,0,0,30,30
1656724582119,MATH 10A,A02,083736,Patchell; Gregory David,20,0,30,10
1656724582119,MATH 10A,A03,083737,Patchell; Gregory David,15,0,30,15
1656724588148,MATH 10B,A01,083207,Lim; Seonhee,7,0,34,27
1656724588148,MATH 10B,A02,083208,Lim; Seonhee,9,0,35,26
1656724588148,MATH 10B,A03,093472,Lim; Seonhee,3,0,34,31
1656724588148,MATH 10B,B01,083739,Sinha; Shubham,9,0,30,21
1656724594182,MATH 18,A01,083743,Cinel; Cameron Alexander,5,0,30,25
1656724594182,MATH 18,A02,083744,Cinel; Cameron Alexander,15,0,30,15
1656724594182,MATH 18,A03,083745,Cinel; Cameron Alexander,8,0,30,22
1656724594182,MATH 18,B01,083748,Rideout; David Porter,3,0,37,34
1656724594182,MATH 18,B02,083749,Rideout; David Porter,2,0,36,34
1656724594182,MATH 18,B03,083750,Rideout; David Porter,1,0,37,36
1656724594182,MATH 18,B04,083751,Rideout; David Porter,4,0,36,32
1656724594182,MATH 18,B05,093473,Rideout; David Porter,4,0,36,32
1656724594182,MATH 18,B06,093474,Rideout; David Porter,4,0,36,32
1656724600204,MATH 20A,A01,083754,Zheng; Zequn,12,0,40,28
1656724606237,MATH 20B,A01,083756,Briones; Jor-el Thomas Caparas,1,0,36,35
1656724606237,MATH 20B,A02,083757,Briones; Jor-el Thomas Caparas,1,0,36,35
1656724606237,MATH 20B,A03,093475,Briones; Jor-el Thomas Caparas,0,0,36,36
1656724612266,MATH 20C,A01,083760,Briones; Jor-el Thomas Caparas,1,0,35,34
1656724612266,MATH 20C,A02,083761,Briones; Jor-el Thomas Caparas,8,0,35,27
1656724612266,MATH 20C,A03,093476,Briones; Jor-el Thomas Caparas,0,1,36,36
1656724612266,MATH 20C,B01,083762,Bach; Quang Tran,0,0,30,30
1656724618291,MATH 20D,A01,083765,Tran; Brian Kha,4,0,30,26
1656724618291,MATH 20D,A02,083766,Tran; Brian Kha,4,0,30,26
1656724618291,MATH 20D,A03,083767,Tran; Brian Kha,1,0,30,29
1656724624319,MATH 20E,A01,083771,Ganguly; Soumya,3,0,32,29
1656724624319,MATH 20E,A02,083772,Ganguly; Soumya,4,0,32,28
1656724624319,MATH 20E,B01,083773,Ciotti; Benjamin,18,0,35,17
1656724624319,MATH 20E,B02,083774,Ciotti; Benjamin,18,0,35,17
1656724630346,MATH 103A,A01,083777,Greenfeld; Be'Eri,2,0,36,34
1656724630346,MATH 103A,A02,083778,Greenfeld; Be'Eri,5,0,36,31
1656724630346,MATH 103A,A03,093561,Greenfeld; Be'Eri,4,0,36,32
1656724630346,MATH 103A,B01,083779,Greenfeld; Be'Eri,6,0,36,30
1656724630346,MATH 103A,B02,083780,Greenfeld; Be'Eri,2,0,36,34
1656724630346,MATH 103A,B03,093562,Greenfeld; Be'Eri,2,0,36,34
1656724636373,MATH 105,A01,085443,Carter; Anne Toulson,13,0,35,22
1656724636373,MATH 105,A02,093477,Carter; Anne Toulson,20,0,35,15
1656724642401,MATH 109,A01,083213,Ganzberger; Geoffrey Michael,2,0,34,32
1656724642401,MATH 109,A02,083214,Ganzberger; Geoffrey Michael,2,0,34,32
1656724642401,MATH 109,A03,093478,Ganzberger; Geoffrey Michael,2,0,34,32
1656724642401,MATH 109,B01,083215,Ganzberger; Geoffrey Michael,1,0,32,31
1656724642401,MATH 109,B02,083216,Ganzberger; Geoffrey Michael,1,0,32,31
1656724642401,MATH 109,B03,093479,Ganzberger; Geoffrey Michael,7,0,32,25
1656724648439,MATH 142A,A01,083219,Chow; Bennett,5,0,32,27
1656724648439,MATH 142A,A02,083220,Chow; Bennett,9,0,32,23
1656724648439,MATH 142A,A03,093480,Chow; Bennett,7,0,32,25
1656724648439,MATH 142A,B03,093481,Chow; Bennett,7,0,32,25
1656724648439,MATH 142A,B04,093558,Chow; Bennett,10,0,32,22
1656724648439,MATH 142A,B05,093559,Chow; Bennett,4,0,32,28
1656724654467,MATH 193A,A01,083224,Rotar; Vladimir,4,0,34,30
1656724654467,MATH 193A,A02,083225,Rotar; Vladimir,3,0,34,31
1656724654467,MATH 193A,A03,083781,Rotar; Vladimir,1,0,34,33
1656724654467,MATH 193A,A04,083782,Rotar; Vladimir,5,0,34,29
1656724654467,MATH 193A,A05,093482,Rotar; Vladimir,5,0,34,29
1656724660494,MATH 197,001,091859,McAuley; Julian John,9999,0,9999,0
1656724660494,MATH 197,002,095566,Kedlaya; Kiran S.,9997,0,9999,2
1656724660494,MATH 197,003,095567,Xiao; Ming,9999,0,9999,0
1656724660494,MATH 197,004,095571,Perols; Johan Lars,9998,0,9999,1
1656724667550,COGS 9,A01,083615,Shannon; Kyle Michael,5,0,75,70
1656724673574,COGS 11,A01,083617,Boyle; Mary E. T.,17,0,48,31
1656724679597,COGS 13,A01,083071,Bastos; Amalia Pinkusfeld,6,0,71,65
1656724685625,COGS 14A,A01,092681,Semenuks; Arturs,0,1,100,102
1656724691653,COGS 14B,A01,083073,Cheng; Tzu-Han,5,0,63,58
1656724697675,COGS 17,A01,092677,Semenuks; Arturs,4,0,81,77
1656724703704,COGS 100,A01,083619,Allen; Michael Gordon,14,0,70,56
1656724709731,COGS 101A,A01,083621,Davis; Joshua Daniel,9,0,68,59
1656724715771,COGS 101B,A01,091572,Allen; Michael Gordon,6,0,65,59
1656724721799,COGS 101C,A01,083625,Delgado; Tania,17,0,35,18
1656724727822,COGS 107A,A01,083627,Boyle; Mary E. T.,13,0,60,47
1656724733844,COGS 118A,A01,083075,Gupta; Anjum,13,0,76,63
1656724739867,CSE 3,A50,083646,Miranda; Gregory Joseph,22,0,50,28
1656724745890,CSE 8A,A50,083650,Miranda; Gregory Joseph,17,1,56,39
1656724751911,CSE 11,A01,083080,Cao; Yingjun,3,16,40,37
1656724757939,CSE 12,A01,083652,Krause-Levy; Sophia Louisa,19,1,120,101
1656724763962,CSE 15L,A01,083654,Morris; Justin Loren,8,0,50,42
1656724763962,CSE 15L,A02,083655,Morris; Justin Loren,8,0,50,42
1656724769989,CSE 20,A01,083657,Tran; Khoa Dang,36,0,80,44
1656724776012,CSE 21,A01,095574,Bach; Quang Tran,21,0,48,27
1656724782036,CSE 30,A01,083084,Eldon; John,5,0,80,75
1656724782036,CSE 30,B01,095061,Bhaskar; Nishant,3,0,50,47
1656724788060,CSE 100,A01,083659,Cao; Yingjun,1,5,70,69
1656724794086,CSE 134B,A01,083661,Powell; Thomas Allan,18,0,100,82
1656724800119,CSE 140,A01,083663,Gungor; Onat,14,0,85,71
1656724806146,CSE 140L,A01,083088,Eldon; John,16,0,100,84
1656724812176,CSE 175,A01,083665,Kumar; Rakesh,3,0,25,22
1656724818200,CSE 190,A00,092507,Dubnov; Shlomo,5,0,20,15
1656724824224,ECE 45,A01,083139,Congero; Spencer William,5,0,75,70
1656724830248,ECE 65,A50,083695,Saad; Andrew S,12,0,30,18
1656724830248,ECE 65,A51,095125,Saad; Andrew S,25,0,26,1
1656724836277,ECE 109,A01,091882,Touri; Behrouz,13,0,70,57
1656724842301,ECE 180,A00,083140,Abi Samra; Nicholas Camill,1,0,30,29
1656724842301,ECE 180,B00,083141,Abi Samra; Nicholas Camill,0,0,30,30
1656724848325,MATH 10A,A01,083735,Patchell; Gregory David,0,0,30,30
1656724848325,MATH 10A,A02,083736,Patchell; Gregory David,20,0,30,10
1656724848325,MATH 10A,A03,083737,Patchell; Gregory David,15,0,30,15
1656724854349,MATH 10B,A01,083207,Lim; Seonhee,7,0,34,27
1656724854349,MATH 10B,A02,083208,Lim; Seonhee,9,0,35,26
1656724854349,MATH 10B,A03,093472,Lim; Seonhee,3,0,34,31
1656724854349,MATH 10B,B01,083739,Sinha; Shubham,9,0,30,21
1656724860372,MATH 18,A01,083743,Cinel; Cameron Alexander,5,0,30,25
1656724860372,MATH 18,A02,083744,Cinel; Cameron Alexander,15,0,30,15
1656724860372,MATH 18,A03,083745,Cinel; Cameron Alexander,8,0,30,22
1656724860372,MATH 18,B01,083748,Rideout; David Porter,3,0,37,34
1656724860372,MATH 18,B02,083749,Rideout; David Porter,2,0,36,34
1656724860372,MATH 18,B03,083750,Rideout; David Porter,1,0,37,36
1656724860372,MATH 18,B04,083751,Rideout; David Porter,4,0,36,32
1656724860372,MATH 18,B05,093473,Rideout; David Porter,4,0,36,32
1656724860372,MATH 18,B06,093474,Rideout; David Porter,4,0,36,32
1656724866396,MATH 20A,A01,083754,Zheng; Zequn,12,0,40,28
1656724872419,MATH 20B,A01,083756,Briones; Jor-el Thomas Caparas,1,0,36,35
1656724872419,MATH 20B,A02,083757,Briones; Jor-el Thomas Caparas,1,0,36,35
1656724872419,MATH 20B,A03,093475,Briones; Jor-el Thomas Caparas,0,0,36,36
1656724878442,MATH 20C,A01,083760,Briones; Jor-el Thomas Caparas,1,0,35,34
1656724878442,MATH 20C,A02,083761,Briones; Jor-el Thomas Caparas,8,0,35,27
1656724878442,MATH 20C,A03,093476,Briones; Jor-el Thomas Caparas,0,1,36,36
1656724878442,MATH 20C,B01,083762,Bach; Quang Tran,0,0,30,30
1656724884471,MATH 20D,A01,083765,Tran; Brian Kha,4,0,30,26
1656724884471,MATH 20D,A02,083766,Tran; Brian Kha,4,0,30,26
1656724884471,MATH 20D,A03,083767,Tran; Brian Kha,1,0,30,29
1656724890499,MATH 20E,A01,083771,Ganguly; Soumya,3,0,32,29
1656724890499,MATH 20E,A02,083772,Ganguly; Soumya,4,0,32,28
1656724890499,MATH 20E,B01,083773,Ciotti; Benjamin,18,0,35,17
1656724890499,MATH 20E,B02,083774,Ciotti; Benjamin,18,0,35,17
1656724896528,MATH 103A,A01,083777,Greenfeld; Be'Eri,2,0,36,34
1656724896528,MATH 103A,A02,083778,Greenfeld; Be'Eri,5,0,36,31
1656724896528,MATH 103A,A03,093561,Greenfeld; Be'Eri,4,0,36,32
1656724896528,MATH 103A,B01,083779,Greenfeld; Be'Eri,6,0,36,30
1656724896528,MATH 103A,B02,083780,Greenfeld; Be'Eri,2,0,36,34
1656724896528,MATH 103A,B03,093562,Greenfeld; Be'Eri,2,0,36,34
1656724902555,MATH 105,A01,085443,Carter; Anne Toulson,13,0,35,22
1656724902555,MATH 105,A02,093477,Carter; Anne Toulson,20,0,35,15
1656724908579,MATH 109,A01,083213,Ganzberger; Geoffrey Michael,2,0,34,32
1656724908579,MATH 109,A02,083214,Ganzberger; Geoffrey Michael,2,0,34,32
1656724908579,MATH 109,A03,093478,Ganzberger; Geoffrey Michael,2,0,34,32
1656724908579,MATH 109,B01,083215,Ganzberger; Geoffrey Michael,1,0,32,31
1656724908579,MATH 109,B02,083216,Ganzberger; Geoffrey Michael,1,0,32,31
1656724908579,MATH 109,B03,093479,Ganzberger; Geoffrey Michael,7,0,32,25
1656724914601,MATH 142A,A01,083219,Chow; Bennett,5,0,32,27
1656724914601,MATH 142A,A02,083220,Chow; Bennett,9,0,32,23
1656724914601,MATH 142A,A03,093480,Chow; Bennett,7,0,32,25
1656724914601,MATH 142A,B03,093481,Chow; Bennett,7,0,32,25
1656724914601,MATH 142A,B04,093558,Chow; Bennett,10,0,32,22
1656724914601,MATH 142A,B05,093559,Chow; Bennett,4,0,32,28
1656724920630,MATH 193A,A01,083224,Rotar; Vladimir,4,0,34,30
1656724920630,MATH 193A,A02,083225,Rotar; Vladimir,3,0,34,31
1656724920630,MATH 193A,A03,083781,Rotar; Vladimir,1,0,34,33
1656724920630,MATH 193A,A04,083782,Rotar; Vladimir,5,0,34,29
1656724920630,MATH 193A,A05,093482,Rotar; Vladimir,5,0,34,29
1656724926662,MATH 197,001,091859,McAuley; Julian John,9999,0,9999,0
1656724926662,MATH 197,002,095566,Kedlaya; Kiran S.,9997,0,9999,2
1656724926662,MATH 197,003,095567,Xiao; Ming,9999,0,9999,0
1656724926662,MATH 197,004,095571,Perols; Johan Lars,9998,0,9999,1
1656724933712,COGS 9,A01,083615,Shannon; Kyle Michael,5,0,75,70
1656724939734,COGS 11,A01,083617,Boyle; Mary E. T.,17,0,48,31
1656724945757,COGS 13,A01,083071,Bastos; Amalia Pinkusfeld,6,0,71,65
1656724951783,COGS 14A,A01,092681,Semenuks; Arturs,0,1,100,102
1656724957817,COGS 14B,A01,083073,Cheng; Tzu-Han,5,0,63,58
1656724963842,COGS 17,A01,092677,Semenuks; Arturs,4,0,81,77
1656724969865,COGS 100,A01,083619,Allen; Michael Gordon,14,0,70,56
1656724975888,COGS 101A,A01,083621,Davis; Joshua Daniel,9,0,68,59
1656724981913,COGS 101B,A01,091572,Allen; Michael Gordon,6,0,65,59
1656724987939,COGS 101C,A01,083625,Delgado; Tania,17,0,35,18
1656724993963,COGS 107A,A01,083627,Boyle; Mary E. T.,13,0,60,47
1656724999985,COGS 118A,A01,083075,Gupta; Anjum,13,0,76,63
1656725006013,CSE 3,A50,083646,Miranda; Gregory Joseph,22,0,50,28
1656725012037,CSE 8A,A50,083650,Miranda; Gregory Joseph,17,1,56,39
1656725018060,CSE 11,A01,083080,Cao; Yingjun,3,16,40,37
1656725024086,CSE 12,A01,083652,Krause-Levy; Sophia Louisa,19,1,120,101
1656725030113,CSE 15L,A01,083654,Morris; Justin Loren,8,0,50,42
1656725030113,CSE 15L,A02,083655,Morris; Justin Loren,8,0,50,42
1656725036142,CSE 20,A01,083657,Tran; Khoa Dang,36,0,80,44
1656725042167,CSE 21,A01,095574,Bach; Quang Tran,21,0,48,27
1656725048194,CSE 30,A01,083084,Eldon; John,5,0,80,75
1656725048194,CSE 30,B01,095061,Bhaskar; Nishant,3,0,50,47
1656725054221,CSE 100,A01,083659,Cao; Yingjun,1,5,70,69
1656725060247,CSE 134B,A01,083661,Powell; Thomas Allan,18,0,100,82
1656725066271,CSE 140,A01,083663,Gungor; Onat,14,0,85,71
1656725072294,CSE 140L,A01,083088,Eldon; John,16,0,100,84
1656725078319,CSE 175,A01,083665,Kumar; Rakesh,3,0,25,22
1656725084349,CSE 190,A00,092507,Dubnov; Shlomo,5,0,20,15
1656725090372,ECE 45,A01,083139,Congero; Spencer William,5,0,75,70
1656725096396,ECE 65,A50,083695,Saad; Andrew S,12,0,30,18
1656725096396,ECE 65,A51,095125,Saad; Andrew S,25,0,26,1
1656725102424,ECE 109,A01,091882,Touri; Behrouz,13,0,70,57
1656725108459,ECE 180,A00,083140,Abi Samra; Nicholas Camill,1,0,30,29
1656725108459,ECE 180,B00,083141,Abi Samra; Nicholas Camill,0,0,30,30
1656725114484,MATH 10A,A01,083735,Patchell; Gregory David,0,0,30,30
1656725114484,MATH 10A,A02,083736,Patchell; Gregory David,20,0,30,10
1656725114484,MATH 10A,A03,083737,Patchell; Gregory David,15,0,30,15
1656725120581,MATH 10B,A01,083207,Lim; Seonhee,7,0,34,27
1656725120581,MATH 10B,A02,083208,Lim; Seonhee,9,0,35,26
1656725120581,MATH 10B,A03,093472,Lim; Seonhee,3,0,34,31
1656725120581,MATH 10B,B01,083739,Sinha; Shubham,9,0,30,21
1656725126612,MATH 18,A01,083743,Cinel; Cameron Alexander,5,0,30,25
1656725126612,MATH 18,A02,083744,Cinel; Cameron Alexander,15,0,30,15
1656725126612,MATH 18,A03,083745,Cinel; Cameron Alexander,8,0,30,22
1656725126612,MATH 18,B01,083748,Rideout; David Porter,3,0,37,34
1656725126612,MATH 18,B02,083749,Rideout; David Porter,2,0,36,34
1656725126612,MATH 18,B03,083750,Rideout; David Porter,1,0,37,36
1656725126612,MATH 18,B04,083751,Rideout; David Porter,4,0,36,32
1656725126612,MATH 18,B05,093473,Rideout; David Porter,4,0,36,32
1656725126612,MATH 18,B06,093474,Rideout; David Porter,4,0,36,32
1656725132636,MATH 20A,A01,083754,Zheng; Zequn,12,0,40,28
1656725138658,MATH 20B,A01,083756,Briones; Jor-el Thomas Caparas,1,0,36,35
1656725138658,MATH 20B,A02,083757,Briones; Jor-el Thomas Caparas,1,0,36,35
1656725138658,MATH 20B,A03,093475,Briones; Jor-el Thomas Caparas,0,0,36,36
1656725144681,MATH 20C,A01,083760,Briones; Jor-el Thomas Caparas,1,0,35,34
1656725144681,MATH 20C,A02,083761,Briones; Jor-el Thomas Caparas,8,0,35,27
1656725144681,MATH 20C,A03,093476,Briones; Jor-el Thomas Caparas,0,1,36,36
1656725144681,MATH 20C,B01,083762,Bach; Quang Tran,0,0,30,30
1656725150709,MATH 20D,A01,083765,Tran; Brian Kha,4,0,30,26
1656725150709,MATH 20D,A02,083766,Tran; Brian Kha,4,0,30,26
1656725150709,MATH 20D,A03,083767,Tran; Brian Kha,1,0,30,29
1656725156733,MATH 20E,A01,083771,Ganguly; Soumya,3,0,32,29
1656725156733,MATH 20E,A02,083772,Ganguly; Soumya,4,0,32,28
1656725156733,MATH 20E,B01,083773,Ciotti; Benjamin,18,0,35,17
1656725156733,MATH 20E,B02,083774,Ciotti; Benjamin,18,0,35,17
1656725162763,MATH 103A,A01,083777,Greenfeld; Be'Eri,2,0,36,34
1656725162763,MATH 103A,A02,083778,Greenfeld; Be'Eri,5,0,36,31
1656725162763,MATH 103A,A03,093561,Greenfeld; Be'Eri,4,0,36,32
1656725162763,MATH 103A,B01,083779,Greenfeld; Be'Eri,6,0,36,30
1656725162763,MATH 103A,B02,083780,Greenfeld; Be'Eri,2,0,36,34
1656725162763,MATH 103A,B03,093562,Greenfeld; Be'Eri,2,0,36,34
1656725168787,MATH 105,A01,085443,Carter; Anne Toulson,13,0,35,22
1656725168787,MATH 105,A02,093477,Carter; Anne Toulson,20,0,35,15
1656725174816,MATH 109,A01,083213,Ganzberger; Geoffrey Michael,2,0,34,32
1656725174816,MATH 109,A02,083214,Ganzberger; Geoffrey Michael,2,0,34,32
1656725174816,MATH 109,A03,093478,Ganzberger; Geoffrey Michael,2,0,34,32
1656725174816,MATH 109,B01,083215,Ganzberger; Geoffrey Michael,1,0,32,31
1656725174816,MATH 109,B02,083216,Ganzberger; Geoffrey Michael,1,0,32,31
1656725174816,MATH 109,B03,093479,Ganzberger; Geoffrey Michael,7,0,32,25
1656725180854,MATH 142A,A01,083219,Chow; Bennett,5,0,32,27
1656725180854,MATH 142A,A02,083220,Chow; Bennett,9,0,32,23
1656725180854,MATH 142A,A03,093480,Chow; Bennett,7,0,32,25
1656725180854,MATH 142A,B03,093481,Chow; Bennett,7,0,32,25
1656725180854,MATH 142A,B04,093558,Chow; Bennett,10,0,32,22
1656725180854,MATH 142A,B05,093559,Chow; Bennett,4,0,32,28
1656725186886,MATH 193A,A01,083224,Rotar; Vladimir,4,0,34,30
1656725186886,MATH 193A,A02,083225,Rotar; Vladimir,3,0,34,31
1656725186886,MATH 193A,A03,083781,Rotar; Vladimir,1,0,34,33
1656725186886,MATH 193A,A04,083782,Rotar; Vladimir,5,0,34,29
1656725186886,MATH 193A,A05,093482,Rotar; Vladimir,5,0,34,29
1656725192910,MATH 197,001,091859,McAuley; Julian John,9999,0,9999,0
1656725192910,MATH 197,002,095566,Kedlaya; Kiran S.,9997,0,9999,2
1656725192910,MATH 197,003,095567,Xiao; Ming,9999,0,9999,0
1656725192910,MATH 197,004,095571,Perols; Johan Lars,9998,0,9999,1
1656725199971,COGS 9,A01,083615,Shannon; Kyle Michael,5,0,75,70
1656725205994,COGS 11,A01,083617,Boyle; Mary E. T.,17,0,48,31
1656725212017,COGS 13,A01,083071,Bastos; Amalia Pinkusfeld,6,0,71,65
1656725218044,COGS 14A,A01,092681,Semenuks; Arturs,0,1,100,102
1656725224071,COGS 14B,A01,083073,Cheng; Tzu-Han,5,0,63,58
1656725230094,COGS 17,A01,092677,Semenuks; Arturs,4,0,81,77
1656725236125,COGS 100,A01,083619,Allen; Michael Gordon,14,0,70,56
1656725242152,COGS 101A,A01,083621,Davis; Joshua Daniel,9,0,68,59
1656725248178,COGS 101B,A01,091572,Allen; Michael Gordon,7,0,65,58
1656725254202,COGS 101C,A01,083625,Delgado; Tania,17,0,35,18
1656725260225,COGS 107A,A01,083627,Boyle; Mary E. T.,13,0,60,47
1656725266250,COGS 118A,A01,083075,Gupta; Anjum,13,0,76,63
1656725272274,CSE 3,A50,083646,Miranda; Gregory Joseph,22,0,50,28
1656725278301,CSE 8A,A50,083650,Miranda; Gregory Joseph,17,1,56,39
1656725284323,CSE 11,A01,083080,Cao; Yingjun,3,16,40,37
1656725290350,CSE 12,A01,083652,Krause-Levy; Sophia Louisa,19,1,120,101
1656725296373,CSE 15L,A01,083654,Morris; Justin Loren,8,0,50,42
1656725296373,CSE 15L,A02,083655,Morris; Justin Loren,8,0,50,42
1656725302398,CSE 20,A01,083657,Tran; Khoa Dang,36,0,80,44
1656725308422,CSE 21,A01,095574,Bach; Quang Tran,21,0,48,27
1656725314444,CSE 30,A01,083084,Eldon; John,5,0,80,75
1656725314444,CSE 30,B01,095061,Bhaskar; Nishant,3,0,50,47
1656725320469,CSE 100,A01,083659,Cao; Yingjun,1,5,70,69
1656725326495,CSE 134B,A01,083661,Powell; Thomas Allan,18,0,100,82
1656725332518,CSE 140,A01,083663,Gungor; Onat,14,0,85,71
1656725338546,CSE 140L,A01,083088,Eldon; John,16,0,100,84
1656725344569,CSE 175,A01,083665,Kumar; Rakesh,3,0,25,22
1656725350594,CSE 190,A00,092507,Dubnov; Shlomo,5,0,20,15
1656725356617,ECE 45,A01,083139,Congero; Spencer William,5,0,75,70
1656725362640,ECE 65,A50,083695,Saad; Andrew S,12,0,30,18
1656725362640,ECE 65,A51,095125,Saad; Andrew S,25,0,26,1
1656725368671,ECE 109,A01,091882,Touri; Behrouz,13,0,70,57
1656725374698,ECE 180,A00,083140,Abi Samra; Nicholas Camill,1,0,30,29
1656725374698,ECE 180,B00,083141,Abi Samra; Nicholas Camill,0,0,30,30
1656725380722,MATH 10A,A01,083735,Patchell; Gregory David,0,0,30,30
1656725380722,MATH 10A,A02,083736,Patchell; Gregory David,20,0,30,10
1656725380722,MATH 10A,A03,083737,Patchell; Gregory David,15,0,30,15
1656725386751,MATH 10B,A01,083207,Lim; Seonhee,7,0,34,27
1656725386751,MATH 10B,A02,083208,Lim; Seonhee,9,0,35,26
1656725386751,MATH 10B,A03,093472,Lim; Seonhee,3,0,34,31
1656725386751,MATH 10B,B01,083739,Sinha; Shubham,9,0,30,21
1656725392782,MATH 18,A01,083743,Cinel; Cameron Alexander,5,0,30,25
1656725392782,MATH 18,A02,083744,Cinel; Cameron Alexander,15,0,30,15
1656725392782,MATH 18,A03,083745,Cinel; Cameron Alexander,8,0,30,22
1656725392782,MATH 18,B01,083748,Rideout; David Porter,3,0,37,34
1656725392782,MATH 18,B02,083749,Rideout; David Porter,2,0,36,34
1656725392782,MATH 18,B03,083750,Rideout; David Porter,1,0,37,36
1656725392782,MATH 18,B04,083751,Rideout; David Porter,4,0,36,32
1656725392782,MATH 18,B05,093473,Rideout; David Porter,4,0,36,32
1656725392782,MATH 18,B06,093474,Rideout; David Porter,4,0,36,32
1656725398807,MATH 20A,A01,083754,Zheng; Zequn,12,0,40,28
1656725404834,MATH 20B,A01,083756,Briones; Jor-el Thomas Caparas,1,0,36,35
1656725404834,MATH 20B,A02,083757,Briones; Jor-el Thomas Caparas,1,0,36,35
1656725404834,MATH 20B,A03,093475,Briones; Jor-el Thomas Caparas,0,0,36,36
1656725410869,MATH 20C,A01,083760,Briones; Jor-el Thomas Caparas,1,0,35,34
1656725410869,MATH 20C,A02,083761,Briones; Jor-el Thomas Caparas,8,0,35,27
1656725410869,MATH 20C,A03,093476,Briones; Jor-el Thomas Caparas,0,1,36,36
1656725410869,MATH 20C,B01,083762,Bach; Quang Tran,0,0,30,30
1656725416893,MATH 20D,A01,083765,Tran; Brian Kha,4,0,30,26
1656725416893,MATH 20D,A02,083766,Tran; Brian Kha,4,0,30,26
1656725416893,MATH 20D,A03,083767,Tran; Brian Kha,1,0,30,29
1656725422922,MATH 20E,A01,083771,Ganguly; Soumya,3,0,32,29
1656725422922,MATH 20E,A02,083772,Ganguly; Soumya,4,0,32,28
1656725422922,MATH 20E,B01,083773,Ciotti; Benjamin,18,0,35,17
1656725422922,MATH 20E,B02,083774,Ciotti; Benjamin,18,0,35,17
1656725428953,MATH 103A,A01,083777,Greenfeld; Be'Eri,2,0,36,34
1656725428953,MATH 103A,A02,083778,Greenfeld; Be'Eri,5,0,36,31
1656725428953,MATH 103A,A03,093561,Greenfeld; Be'Eri,4,0,36,32
1656725428953,MATH 103A,B01,083779,Greenfeld; Be'Eri,6,0,36,30
1656725428953,MATH 103A,B02,083780,Greenfeld; Be'Eri,2,0,36,34
1656725428953,MATH 103A,B03,093562,Greenfeld; Be'Eri,2,0,36,34
1656725434984,MATH 105,A01,085443,Carter; Anne Toulson,13,0,35,22
1656725434984,MATH 105,A02,093477,Carter; Anne Toulson,20,0,35,15
1656725441007,MATH 109,A01,083213,Ganzberger; Geoffrey Michael,2,0,34,32
1656725441007,MATH 109,A02,083214,Ganzberger; Geoffrey Michael,2,0,34,32
1656725441007,MATH 109,A03,093478,Ganzberger; Geoffrey Michael,2,0,34,32
1656725441007,MATH 109,B01,083215,Ganzberger; Geoffrey Michael,1,0,32,31
1656725441007,MATH 109,B02,083216,Ganzberger; Geoffrey Michael,1,0,32,31
1656725441007,MATH 109,B03,093479,Ganzberger; Geoffrey Michael,7,0,32,25
1656725447030,MATH 142A,A01,083219,Chow; Bennett,5,0,32,27
1656725447030,MATH 142A,A02,083220,Chow; Bennett,9,0,32,23
1656725447030,MATH 142A,A03,093480,Chow; Bennett,7,0,32,25
1656725447030,MATH 142A,B03,093481,Chow; Bennett,7,0,32,25
1656725447030,MATH 142A,B04,093558,Chow; Bennett,10,0,32,22
1656725447030,MATH 142A,B05,093559,Chow; Bennett,4,0,32,28
1656725453054,MATH 193A,A01,083224,Rotar; Vladimir,4,0,34,30
1656725453054,MATH 193A,A02,083225,Rotar; Vladimir,3,0,34,31
1656725453054,MATH 193A,A03,083781,Rotar; Vladimir,1,0,34,33
1656725453054,MATH 193A,A04,083782,Rotar; Vladimir,5,0,34,29
1656725453054,MATH 193A,A05,093482,Rotar; Vladimir,5,0,34,29
1656725459077,MATH 197,001,091859,McAuley; Julian John,9999,0,9999,0
1656725459077,MATH 197,002,095566,Kedlaya; Kiran S.,9997,0,9999,2
1656725459077,MATH 197,003,095567,Xiao; Ming,9999,0,9999,0
1656725459077,MATH 197,004,095571,Perols; Johan Lars,9998,0,9999,1
1656725466144,COGS 9,A01,083615,Shannon; Kyle Michael,5,0,75,70
1656725472172,COGS 11,A01,083617,Boyle; Mary E. T.,17,0,48,31
1656725478232,COGS 13,A01,083071,Bastos; Amalia Pinkusfeld,6,0,71,65
1656725484260,COGS 14A,A01,092681,Semenuks; Arturs,0,1,100,102
1656725490285,COGS 14B,A01,083073,Cheng; Tzu-Han,5,0,63,58
1656725496313,COGS 17,A01,092677,Semenuks; Arturs,4,0,81,77
1656725502339,COGS 100,A01,083619,Allen; Michael Gordon,14,0,70,56
1656725508370,COGS 101A,A01,083621,Davis; Joshua Daniel,9,0,68,59
1656725514407,COGS 101B,A01,091572,Allen; Michael Gordon,7,0,65,58
1656725520432,COGS 101C,A01,083625,Delgado; Tania,17,0,35,18
1656725526456,COGS 107A,A01,083627,Boyle; Mary E. T.,13,0,60,47
1656725532477,COGS 118A,A01,083075,Gupta; Anjum,13,0,76,63
1656725538507,CSE 3,A50,083646,Miranda; Gregory Joseph,22,0,50,28
1656725544536,CSE 8A,A50,083650,Miranda; Gregory Joseph,17,1,56,39
1656725550572,CSE 11,A01,083080,Cao; Yingjun,3,16,40,37
1656725556596,CSE 12,A01,083652,Krause-Levy; Sophia Louisa,19,1,120,101
1656725562621,CSE 15L,A01,083654,Morris; Justin Loren,8,0,50,42
1656725562621,CSE 15L,A02,083655,Morris; Justin Loren,8,0,50,42
1656725568642,CSE 20,A01,083657,Tran; Khoa Dang,36,0,80,44
1656725574670,CSE 21,A01,095574,Bach; Quang Tran,21,0,48,27
1656725580697,CSE 30,A01,083084,Eldon; John,5,0,80,75
1656725580697,CSE 30,B01,095061,Bhaskar; Nishant,3,0,50,47
1656725586721,CSE 100,A01,083659,Cao; Yingjun,1,5,70,69
1656725592763,CSE 134B,A01,083661,Powell; Thomas Allan,18,0,100,82
1656725598789,CSE 140,A01,083663,Gungor; Onat,14,0,85,71
1656725604813,CSE 140L,A01,083088,Eldon; John,16,0,100,84
1656725610837,CSE 175,A01,083665,Kumar; Rakesh,3,0,25,22
1656725616860,CSE 190,A00,092507,Dubnov; Shlomo,6,0,20,14
1656725622888,ECE 45,A01,083139,Congero; Spencer William,5,0,75,70
1656725628914,ECE 65,A50,083695,Saad; Andrew S,12,0,30,18
1656725628914,ECE 65,A51,095125,Saad; Andrew S,25,0,26,1
1656725634941,ECE 109,A01,091882,Touri; Behrouz,13,0,70,57
1656725640966,ECE 180,A00,083140,Abi Samra; Nicholas Camill,1,0,30,29
1656725640966,ECE 180,B00,083141,Abi Samra; Nicholas Camill,0,0,30,30
1656725646989,MATH 10A,A01,083735,Patchell; Gregory David,0,0,30,30
1656725646989,MATH 10A,A02,083736,Patchell; Gregory David,20,0,30,10
1656725646989,MATH 10A,A03,083737,Patchell; Gregory David,15,0,30,15
1656725653023,MATH 10B,A01,083207,Lim; Seonhee,7,0,34,27
1656725653023,MATH 10B,A02,083208,Lim; Seonhee,9,0,35,26
1656725653023,MATH 10B,A03,093472,Lim; Seonhee,3,0,34,31
1656725653023,MATH 10B,B01,083739,Sinha; Shubham,9,0,30,21
1656725659051,MATH 18,A01,083743,Cinel; Cameron Alexander,5,0,30,25
1656725659051,MATH 18,A02,083744,Cinel; Cameron Alexander,15,0,30,15
1656725659051,MATH 18,A03,083745,Cinel; Cameron Alexander,8,0,30,22
1656725659051,MATH 18,B01,083748,Rideout; David Porter,3,0,37,34
1656725659051,MATH 18,B02,083749,Rideout; David Porter,2,0,36,34
1656725659051,MATH 18,B03,083750,Rideout; David Porter,1,0,37,36
1656725659051,MATH 18,B04,083751,Rideout; David Porter,4,0,36,32
1656725659051,MATH 18,B05,093473,Rideout; David Porter,4,0,36,32
1656725659051,MATH 18,B06,093474,Rideout; David Porter,4,0,36,32
1656725665075,MATH 20A,A01,083754,Zheng; Zequn,12,0,40,28
1656725671105,MATH 20B,A01,083756,Briones; Jor-el Thomas Caparas,1,0,36,35
1656725671105,MATH 20B,A02,083757,Briones; Jor-el Thomas Caparas,1,0,36,35
1656725671105,MATH 20B,A03,093475,Briones; Jor-el Thomas Caparas,0,0,36,36
1656725677132,MATH 20C,A01,083760,Briones; Jor-el Thomas Caparas,1,0,35,34
1656725677132,MATH 20C,A02,083761,Briones; Jor-el Thomas Caparas,8,0,35,27
1656725677132,MATH 20C,A03,093476,Briones; Jor-el Thomas Caparas,0,1,36,36
1656725677132,MATH 20C,B01,083762,Bach; Quang Tran,0,0,30,30
1656725683165,MATH 20D,A01,083765,Tran; Brian Kha,4,0,30,26
1656725683165,MATH 20D,A02,083766,Tran; Brian Kha,4,0,30,26
1656725683165,MATH 20D,A03,083767,Tran; Brian Kha,1,0,30,29
1656725689193,MATH 20E,A01,083771,Ganguly; Soumya,3,0,32,29
1656725689193,MATH 20E,A02,083772,Ganguly; Soumya,4,0,32,28
1656725689193,MATH 20E,B01,083773,Ciotti; Benjamin,18,0,35,17
1656725689193,MATH 20E,B02,083774,Ciotti; Benjamin,18,0,35,17
1656725695217,MATH 103A,A01,083777,Greenfeld; Be'Eri,2,0,36,34
1656725695217,MATH 103A,A02,083778,Greenfeld; Be'Eri,5,0,36,31
1656725695217,MATH 103A,A03,093561,Greenfeld; Be'Eri,4,0,36,32
1656725695217,MATH 103A,B01,083779,Greenfeld; Be'Eri,6,0,36,30
1656725695217,MATH 103A,B02,083780,Greenfeld; Be'Eri,2,0,36,34
1656725695217,MATH 103A,B03,093562,Greenfeld; Be'Eri,2,0,36,34
1656725701245,MATH 105,A01,085443,Carter; Anne Toulson,13,0,35,22
1656725701245,MATH 105,A02,093477,Carter; Anne Toulson,20,0,35,15
1656725707268,MATH 109,A01,083213,Ganzberger; Geoffrey Michael,2,0,34,32
1656725707268,MATH 109,A02,083214,Ganzberger; Geoffrey Michael,2,0,34,32
1656725707268,MATH 109,A03,093478,Ganzberger; Geoffrey Michael,2,0,34,32
1656725707268,MATH 109,B01,083215,Ganzberger; Geoffrey Michael,1,0,32,31
1656725707268,MATH 109,B02,083216,Ganzberger; Geoffrey Michael,1,0,32,31
1656725707268,MATH 109,B03,093479,Ganzberger; Geoffrey Michael,7,0,32,25
1656725713292,MATH 142A,A01,083219,Chow; Bennett,5,0,32,27
1656725713292,MATH 142A,A02,083220,Chow; Bennett,9,0,32,23
1656725713292,MATH 142A,A03,093480,Chow; Bennett,7,0,32,25
1656725713292,MATH 142A,B03,093481,Chow; Bennett,7,0,32,25
1656725713292,MATH 142A,B04,093558,Chow; Bennett,10,0,32,22
1656725713292,MATH 142A,B05,093559,Chow; Bennett,4,0,32,28
1656725719405,MATH 193A,A01,083224,Rotar; Vladimir,4,0,34,30
1656725719405,MATH 193A,A02,083225,Rotar; Vladimir,3,0,34,31
1656725719405,MATH 193A,A03,083781,Rotar; Vladimir,1,0,34,33
1656725719405,MATH 193A,A04,083782,Rotar; Vladimir,5,0,34,29
1656725719405,MATH 193A,A05,093482,Rotar; Vladimir,5,0,34,29
1656725725429,MATH 197,001,091859,McAuley; Julian John,9999,0,9999,0
1656725725429,MATH 197,002,095566,Kedlaya; Kiran S.,9997,0,9999,2
1656725725429,MATH 197,003,095567,Xiao; Ming,9999,0,9999,0
1656725725429,MATH 197,004,095571,Perols; Johan Lars,9998,0,9999,1
1656725732488,COGS 9,A01,083615,Shannon; Kyle Michael,5,0,75,70
1656725738512,COGS 11,A01,083617,Boyle; Mary E. T.,17,0,48,31
1656725744543,COGS 13,A01,083071,Bastos; Amalia Pinkusfeld,6,0,71,65
1656725750566,COGS 14A,A01,092681,Semenuks; Arturs,0,1,100,102
1656725756592,COGS 14B,A01,083073,Cheng; Tzu-Han,5,0,63,58
1656725762627,COGS 17,A01,092677,Semenuks; Arturs,4,0,81,77
1656725768650,COGS 100,A01,083619,Allen; Michael Gordon,14,0,70,56
1656725774720,COGS 101A,A01,083621,Davis; Joshua Daniel,9,0,68,59
1656725780744,COGS 101B,A01,091572,Allen; Michael Gordon,7,0,65,58
1656725786770,COGS 101C,A01,083625,Delgado; Tania,17,0,35,18
1656725792793,COGS 107A,A01,083627,Boyle; Mary E. T.,13,0,60,47
1656725798816,COGS 118A,A01,083075,Gupta; Anjum,13,0,76,63
1656725804843,CSE 3,A50,083646,Miranda; Gregory Joseph,22,0,50,28
1656725810871,CSE 8A,A50,083650,Miranda; Gregory Joseph,17,1,56,39
1656725816897,CSE 11,A01,083080,Cao; Yingjun,3,16,40,37
1656725822923,CSE 12,A01,083652,Krause-Levy; Sophia Louisa,19,1,120,101
1656725828948,CSE 15L,A01,083654,Morris; Justin Loren,8,0,50,42
1656725828948,CSE 15L,A02,083655,Morris; Justin Loren,8,0,50,42
1656725834971,CSE 20,A01,083657,Tran; Khoa Dang,37,0,80,43
1656725841000,CSE 21,A01,095574,Bach; Quang Tran,21,0,48,27
1656725847031,CSE 30,A01,083084,Eldon; John,5,0,80,75
1656725847031,CSE 30,B01,095061,Bhaskar; Nishant,3,0,50,47
1656725853067,CSE 100,A01,083659,Cao; Yingjun,1,5,70,69
1656725859090,CSE 134B,A01,083661,Powell; Thomas Allan,18,0,100,82
1656725865117,CSE 140,A01,083663,Gungor; Onat,14,0,85,71
1656725871142,CSE 140L,A01,083088,Eldon; John,16,0,100,84
1656725877166,CSE 175,A01,083665,Kumar; Rakesh,3,0,25,22
1656725883190,CSE 190,A00,092507,Dubnov; Shlomo,6,0,20,14
1656725889213,ECE 45,A01,083139,Congero; Spencer William,5,0,75,70
1656725895237,ECE 65,A50,083695,Saad; Andrew S,12,0,30,18
1656725895237,ECE 65,A51,095125,Saad; Andrew S,25,0,26,1
1656725901262,ECE 109,A01,091882,Touri; Behrouz,13,0,70,57
1656725907292,ECE 180,A00,083140,Abi Samra; Nicholas Camill,1,0,30,29
1656725907292,ECE 180,B00,083141,Abi Samra; Nicholas Camill,0,0,30,30
1656725913314,MATH 10A,A01,083735,Patchell; Gregory David,0,0,30,30
1656725913314,MATH 10A,A02,083736,Patchell; Gregory David,20,0,30,10
1656725913314,MATH 10A,A03,083737,Patchell; Gregory David,15,0,30,15
1656725919338,MATH 10B,A01,083207,Lim; Seonhee,7,0,34,27
1656725919338,MATH 10B,A02,083208,Lim; Seonhee,9,0,35,26
1656725919338,MATH 10B,A03,093472,Lim; Seonhee,3,0,34,31
1656725919338,MATH 10B,B01,083739,Sinha; Shubham,9,0,30,21
1656725925362,MATH 18,A01,083743,Cinel; Cameron Alexander,5,0,30,25
1656725925362,MATH 18,A02,083744,Cinel; Cameron Alexander,15,0,30,15
1656725925362,MATH 18,A03,083745,Cinel; Cameron Alexander,8,0,30,22
1656725925362,MATH 18,B01,083748,Rideout; David Porter,3,0,37,34
1656725925362,MATH 18,B02,083749,Rideout; David Porter,2,0,36,34
1656725925362,MATH 18,B03,083750,Rideout; David Porter,1,0,37,36
1656725925362,MATH 18,B04,083751,Rideout; David Porter,4,0,36,32
1656725925362,MATH 18,B05,093473,Rideout; David Porter,4,0,36,32
1656725925362,MATH 18,B06,093474,Rideout; David Porter,4,0,36,32
1656725931386,MATH 20A,A01,083754,Zheng; Zequn,12,0,40,28
1656725937412,MATH 20B,A01,083756,Briones; Jor-el Thomas Caparas,1,0,36,35
1656725937412,MATH 20B,A02,083757,Briones; Jor-el Thomas Caparas,1,0,36,35
1656725937412,MATH 20B,A03,093475,Briones; Jor-el Thomas Caparas,0,0,36,36
1656725943436,MATH 20C,A01,083760,Briones; Jor-el Thomas Caparas,1,0,35,34
1656725943436,MATH 20C,A02,083761,Briones; Jor-el Thomas Caparas,8,0,35,27
1656725943436,MATH 20C,A03,093476,Briones; Jor-el Thomas Caparas,0,1,36,36
1656725943436,MATH 20C,B01,083762,Bach; Quang Tran,0,0,30,30
1656725949461,MATH 20D,A01,083765,Tran; Brian Kha,4,0,30,26
1656725949461,MATH 20D,A02,083766,Tran; Brian Kha,4,0,30,26
1656725949461,MATH 20D,A03,083767,Tran; Brian Kha,1,0,30,29
1656725955485,MATH 20E,A01,083771,Ganguly; Soumya,3,0,32,29
1656725955485,MATH 20E,A02,083772,Ganguly; Soumya,4,0,32,28
1656725955485,MATH 20E,B01,083773,Ciotti; Benjamin,18,0,35,17
1656725955485,MATH 20E,B02,083774,Ciotti; Benjamin,18,0,35,17
1656725961509,MATH 103A,A01,083777,Greenfeld; Be'Eri,2,0,36,34
1656725961509,MATH 103A,A02,083778,Greenfeld; Be'Eri,5,0,36,31
1656725961509,MATH 103A,A03,093561,Greenfeld; Be'Eri,4,0,36,32
1656725961509,MATH 103A,B01,083779,Greenfeld; Be'Eri,6,0,36,30
1656725961509,MATH 103A,B02,083780,Greenfeld; Be'Eri,2,0,36,34
1656725961509,MATH 103A,B03,093562,Greenfeld; Be'Eri,2,0,36,34
1656725967534,MATH 105,A01,085443,Carter; Anne Toulson,13,0,35,22
1656725967534,MATH 105,A02,093477,Carter; Anne Toulson,20,0,35,15
1656725973564,MATH 109,A01,083213,Ganzberger; Geoffrey Michael,2,0,34,32
1656725973564,MATH 109,A02,083214,Ganzberger; Geoffrey Michael,2,0,34,32
1656725973564,MATH 109,A03,093478,Ganzberger; Geoffrey Michael,2,0,34,32
1656725973564,MATH 109,B01,083215,Ganzberger; Geoffrey Michael,1,0,32,31
1656725973564,MATH 109,B02,083216,Ganzberger; Geoffrey Michael,1,0,32,31
1656725973564,MATH 109,B03,093479,Ganzberger; Geoffrey Michael,7,0,32,25
1656725979589,MATH 142A,A01,083219,Chow; Bennett,5,0,32,27
1656725979589,MATH 142A,A02,083220,Chow; Bennett,9,0,32,23
1656725979589,MATH 142A,A03,093480,Chow; Bennett,7,0,32,25
1656725979589,MATH 142A,B03,093481,Chow; Bennett,7,0,32,25
1656725979589,MATH 142A,B04,093558,Chow; Bennett,10,0,32,22
1656725979589,MATH 142A,B05,093559,Chow; Bennett,4,0,32,28
1656725985613,MATH 193A,A01,083224,Rotar; Vladimir,4,0,34,30
1656725985613,MATH 193A,A02,083225,Rotar; Vladimir,3,0,34,31
1656725985613,MATH 193A,A03,083781,Rotar; Vladimir,1,0,34,33
1656725985613,MATH 193A,A04,083782,Rotar; Vladimir,5,0,34,29
1656725985613,MATH 193A,A05,093482,Rotar; Vladimir,5,0,34,29
1656725991636,MATH 197,001,091859,McAuley; Julian John,9999,0,9999,0
1656725991636,MATH 197,002,095566,Kedlaya; Kiran S.,9997,0,9999,2
1656725991636,MATH 197,003,095567,Xiao; Ming,9999,0,9999,0
1656725991636,MATH 197,004,095571,Perols; Johan Lars,9998,0,9999,1
1656725998702,COGS 9,A01,083615,Shannon; Kyle Michael,5,0,75,70
1656726004724,COGS 11,A01,083617,Boyle; Mary E. T.,17,0,48,31
1656726010747,COGS 13,A01,083071,Bastos; Amalia Pinkusfeld,6,0,71,65
1656726016769,COGS 14A,A01,092681,Semenuks; Arturs,0,1,100,101
1656726022793,COGS 14B,A01,083073,Cheng; Tzu-Han,5,0,63,58
1656726028814,COGS 17,A01,092677,Semenuks; Arturs,4,0,81,77
1656726034841,COGS 100,A01,083619,Allen; Michael Gordon,14,0,70,56
1656726040865,COGS 101A,A01,083621,Davis; Joshua Daniel,9,0,68,59
1656726046887,COGS 101B,A01,091572,Allen; Michael Gordon,7,0,65,58
1656726052925,COGS 101C,A01,083625,Delgado; Tania,17,0,35,18
1656726058948,COGS 107A,A01,083627,Boyle; Mary E. T.,13,0,60,47
1656726064971,COGS 118A,A01,083075,Gupta; Anjum,13,0,76,63
1656726070995,CSE 3,A50,083646,Miranda; Gregory Joseph,22,0,50,28
1656726077018,CSE 8A,A50,083650,Miranda; Gregory Joseph,17,1,56,39
1656726083043,CSE 11,A01,083080,Cao; Yingjun,3,16,40,37
1656726089067,CSE 12,A01,083652,Krause-Levy; Sophia Louisa,19,1,120,101
1656726095089,CSE 15L,A01,083654,Morris; Justin Loren,8,0,50,42
1656726095089,CSE 15L,A02,083655,Morris; Justin Loren,8,0,50,42
1656726101113,CSE 20,A01,083657,Tran; Khoa Dang,37,0,80,43
1656726107139,CSE 21,A01,095574,Bach; Quang Tran,21,0,48,27
1656726113167,CSE 30,A01,083084,Eldon; John,5,0,80,75
1656726113167,CSE 30,B01,095061,Bhaskar; Nishant,3,0,50,47
1656726119190,CSE 100,A01,083659,Cao; Yingjun,1,5,70,69
1656726125217,CSE 134B,A01,083661,Powell; Thomas Allan,18,0,100,82
1656726131239,CSE 140,A01,083663,Gungor; Onat,14,0,85,71
1656726137264,CSE 140L,A01,083088,Eldon; John,16,0,100,84
1656726143288,CSE 175,A01,083665,Kumar; Rakesh,3,0,25,22
1656726149311,CSE 190,A00,092507,Dubnov; Shlomo,6,0,20,14
1656726155334,ECE 45,A01,083139,Congero; Spencer William,5,0,75,70
1656726161357,ECE 65,A50,083695,Saad; Andrew S,12,0,30,18
1656726161357,ECE 65,A51,095125,Saad; Andrew S,25,0,26,1
1656726167381,ECE 109,A01,091882,Touri; Behrouz,13,0,70,57
1656726173410,ECE 180,A00,083140,Abi Samra; Nicholas Camill,1,0,30,29
1656726173410,ECE 180,B00,083141,Abi Samra; Nicholas Camill,0,0,30,30
1656726179438,MATH 10A,A01,083735,Patchell; Gregory David,0,0,30,30
1656726179438,MATH 10A,A02,083736,Patchell; Gregory David,20,0,30,10
1656726179438,MATH 10A,A03,083737,Patchell; Gregory David,15,0,30,15
1656726185466,MATH 10B,A01,083207,Lim; Seonhee,7,0,34,27
1656726185466,MATH 10B,A02,083208,Lim; Seonhee,9,0,35,26
1656726185466,MATH 10B,A03,093472,Lim; Seonhee,3,0,34,31
1656726185466,MATH 10B,B01,083739,Sinha; Shubham,9,0,30,21
1656726191490,MATH 18,A01,083743,Cinel; Cameron Alexander,5,0,30,25
1656726191490,MATH 18,A02,083744,Cinel; Cameron Alexander,15,0,30,15
1656726191490,MATH 18,A03,083745,Cinel; Cameron Alexander,8,0,30,22
1656726191490,MATH 18,B01,083748,Rideout; David Porter,3,0,37,34
1656726191490,MATH 18,B02,083749,Rideout; David Porter,2,0,36,34
1656726191490,MATH 18,B03,083750,Rideout; David Porter,1,0,37,36
1656726191490,MATH 18,B04,083751,Rideout; David Porter,4,0,36,32
1656726191490,MATH 18,B05,093473,Rideout; David Porter,4,0,36,32
1656726191490,MATH 18,B06,093474,Rideout; David Porter,4,0,36,32
1656726197517,MATH 20A,A01,083754,Zheng; Zequn,12,0,40,28
1656726203541,MATH 20B,A01,083756,Briones; Jor-el Thomas Caparas,1,0,36,35
1656726203541,MATH 20B,A02,083757,Briones; Jor-el Thomas Caparas,1,0,36,35
1656726203541,MATH 20B,A03,093475,Briones; Jor-el Thomas Caparas,0,0,36,36
1656726209564,MATH 20C,A01,083760,Briones; Jor-el Thomas Caparas,1,0,35,34
1656726209564,MATH 20C,A02,083761,Briones; Jor-el Thomas Caparas,8,0,35,27
1656726209564,MATH 20C,A03,093476,Briones; Jor-el Thomas Caparas,0,1,36,36
1656726209564,MATH 20C,B01,083762,Bach; Quang Tran,0,0,30,30
1656726215591,MATH 20D,A01,083765,Tran; Brian Kha,4,0,30,26
1656726215591,MATH 20D,A02,083766,Tran; Brian Kha,4,0,30,26
1656726215591,MATH 20D,A03,083767,Tran; Brian Kha,1,0,30,29
1656726221618,MATH 20E,A01,083771,Ganguly; Soumya,3,0,32,29
1656726221618,MATH 20E,A02,083772,Ganguly; Soumya,4,0,32,28
1656726221618,MATH 20E,B01,083773,Ciotti; Benjamin,18,0,35,17
1656726221618,MATH 20E,B02,083774,Ciotti; Benjamin,18,0,35,17
1656726227642,MATH 103A,A01,083777,Greenfeld; Be'Eri,2,0,36,34
1656726227642,MATH 103A,A02,083778,Greenfeld; Be'Eri,5,0,36,31
1656726227642,MATH 103A,A03,093561,Greenfeld; Be'Eri,4,0,36,32
1656726227642,MATH 103A,B01,083779,Greenfeld; Be'Eri,6,0,36,30
1656726227642,MATH 103A,B02,083780,Greenfeld; Be'Eri,2,0,36,34
1656726227642,MATH 103A,B03,093562,Greenfeld; Be'Eri,2,0,36,34
1656726233670,MATH 105,A01,085443,Carter; Anne Toulson,13,0,35,22
1656726233670,MATH 105,A02,093477,Carter; Anne Toulson,20,0,35,15
1656726239697,MATH 109,A01,083213,Ganzberger; Geoffrey Michael,2,0,34,32
1656726239697,MATH 109,A02,083214,Ganzberger; Geoffrey Michael,2,0,34,32
1656726239697,MATH 109,A03,093478,Ganzberger; Geoffrey Michael,2,0,34,32
1656726239697,MATH 109,B01,083215,Ganzberger; Geoffrey Michael,1,0,32,31
1656726239697,MATH 109,B02,083216,Ganzberger; Geoffrey Michael,1,0,32,31
1656726239697,MATH 109,B03,093479,Ganzberger; Geoffrey Michael,7,0,32,25
1656726245723,MATH 142A,A01,083219,Chow; Bennett,5,0,32,27
1656726245723,MATH 142A,A02,083220,Chow; Bennett,9,0,32,23
1656726245723,MATH 142A,A03,093480,Chow; Bennett,7,0,32,25
1656726245723,MATH 142A,B03,093481,Chow; Bennett,7,0,32,25
1656726245723,MATH 142A,B04,093558,Chow; Bennett,10,0,32,22
1656726245723,MATH 142A,B05,093559,Chow; Bennett,4,0,32,28
1656726251761,MATH 193A,A01,083224,Rotar; Vladimir,4,0,34,30
1656726251761,MATH 193A,A02,083225,Rotar; Vladimir,3,0,34,31
1656726251761,MATH 193A,A03,083781,Rotar; Vladimir,1,0,34,33
1656726251761,MATH 193A,A04,083782,Rotar; Vladimir,5,0,34,29
1656726251761,MATH 193A,A05,093482,Rotar; Vladimir,5,0,34,29
1656726257784,MATH 197,001,091859,McAuley; Julian John,9999,0,9999,0
1656726257784,MATH 197,002,095566,Kedlaya; Kiran S.,9997,0,9999,2
1656726257784,MATH 197,003,095567,Xiao; Ming,9999,0,9999,0
1656726257784,MATH 197,004,095571,Perols; Johan Lars,9998,0,9999,1
1656726264838,COGS 9,A01,083615,Shannon; Kyle Michael,5,0,75,70
1656726270862,COGS 11,A01,083617,Boyle; Mary E. T.,17,0,48,31
1656726276888,COGS 13,A01,083071,Bastos; Amalia Pinkusfeld,6,0,71,65
1656726282912,COGS 14A,A01,092681,Semenuks; Arturs,0,1,100,101
1656726288936,COGS 14B,A01,083073,Cheng; Tzu-Han,5,0,63,58
1656726294960,COGS 17,A01,092677,Semenuks; Arturs,4,0,81,77
1656726300984,COGS 100,A01,083619,Allen; Michael Gordon,14,0,70,56
1656726307007,COGS 101A,A01,083621,Davis; Joshua Daniel,9,0,68,59
1656726313121,COGS 101B,A01,091572,Allen; Michael Gordon,7,0,65,58
1656726319147,COGS 101C,A01,083625,Delgado; Tania,17,0,35,18
1656726325170,COGS 107A,A01,083627,Boyle; Mary E. T.,13,0,60,47
1656726331202,COGS 118A,A01,083075,Gupta; Anjum,13,0,76,63
1656726337225,CSE 3,A50,083646,Miranda; Gregory Joseph,22,0,50,28
1656726343251,CSE 8A,A50,083650,Miranda; Gregory Joseph,17,1,56,39
1656726349276,CSE 11,A01,083080,Cao; Yingjun,3,16,40,37
1656726355308,CSE 12,A01,083652,Krause-Levy; Sophia Louisa,19,1,120,101
1656726361330,CSE 15L,A01,083654,Morris; Justin Loren,8,0,50,42
1656726361330,CSE 15L,A02,083655,Morris; Justin Loren,8,0,50,42
1656726367366,CSE 20,A01,083657,Tran; Khoa Dang,37,0,80,43
1656726373388,CSE 21,A01,095574,Bach; Quang Tran,21,0,48,27
1656726379417,CSE 30,A01,083084,Eldon; John,5,0,80,75
1656726379417,CSE 30,B01,095061,Bhaskar; Nishant,3,0,50,47
1656726385442,CSE 100,A01,083659,Cao; Yingjun,1,5,70,69
1656726391466,CSE 134B,A01,083661,Powell; Thomas Allan,18,0,100,82
1656726397491,CSE 140,A01,083663,Gungor; Onat,14,0,85,71
1656726403518,CSE 140L,A01,083088,Eldon; John,16,0,100,84
1656726409542,CSE 175,A01,083665,Kumar; Rakesh,3,0,25,22
1656726415567,CSE 190,A00,092507,Dubnov; Shlomo,6,0,20,14
1656726421593,ECE 45,A01,083139,Congero; Spencer William,5,0,75,70
1656726427619,ECE 65,A50,083695,Saad; Andrew S,12,0,30,18
1656726427619,ECE 65,A51,095125,Saad; Andrew S,25,0,26,1
1656726433647,ECE 109,A01,091882,Touri; Behrouz,13,0,70,57
1656726439669,ECE 180,A00,083140,Abi Samra; Nicholas Camill,1,0,30,29
1656726439669,ECE 180,B00,083141,Abi Samra; Nicholas Camill,0,0,30,30
1656726445704,MATH 10A,A01,083735,Patchell; Gregory David,0,0,30,30
1656726445704,MATH 10A,A02,083736,Patchell; Gregory David,20,0,30,10
1656726445704,MATH 10A,A03,083737,Patchell; Gregory David,15,0,30,15
1656726451727,MATH 10B,A01,083207,Lim; Seonhee,7,0,34,27
1656726451727,MATH 10B,A02,083208,Lim; Seonhee,9,0,35,26
1656726451727,MATH 10B,A03,093472,Lim; Seonhee,3,0,34,31
1656726451727,MATH 10B,B01,083739,Sinha; Shubham,9,0,30,21
1656726457756,MATH 18,A01,083743,Cinel; Cameron Alexander,5,0,30,25
1656726457756,MATH 18,A02,083744,Cinel; Cameron Alexander,15,0,30,15
1656726457756,MATH 18,A03,083745,Cinel; Cameron Alexander,8,0,30,22
1656726457756,MATH 18,B01,083748,Rideout; David Porter,3,0,37,34
1656726457756,MATH 18,B02,083749,Rideout; David Porter,2,0,36,34
1656726457756,MATH 18,B03,083750,Rideout; David Porter,1,0,37,36
1656726457756,MATH 18,B04,083751,Rideout; David Porter,4,0,36,32
1656726457756,MATH 18,B05,093473,Rideout; David Porter,4,0,36,32
1656726457756,MATH 18,B06,093474,Rideout; David Porter,4,0,36,32
1656726463781,MATH 20A,A01,083754,Zheng; Zequn,12,0,40,28
1656726469803,MATH 20B,A01,083756,Briones; Jor-el Thomas Caparas,1,0,36,35
1656726469803,MATH 20B,A02,083757,Briones; Jor-el Thomas Caparas,1,0,36,35
1656726469803,MATH 20B,A03,093475,Briones; Jor-el Thomas Caparas,0,0,36,36
1656726475826,MATH 20C,A01,083760,Briones; Jor-el Thomas Caparas,1,0,35,34
1656726475826,MATH 20C,A02,083761,Briones; Jor-el Thomas Caparas,8,0,35,27
1656726475826,MATH 20C,A03,093476,Briones; Jor-el Thomas Caparas,0,1,36,36
1656726475826,MATH 20C,B01,083762,Bach; Quang Tran,0,0,30,30
1656726481851,MATH 20D,A01,083765,Tran; Brian Kha,4,0,30,26
1656726481851,MATH 20D,A02,083766,Tran; Brian Kha,4,0,30,26
1656726481851,MATH 20D,A03,083767,Tran; Brian Kha,1,0,30,29
1656726487874,MATH 20E,A01,083771,Ganguly; Soumya,3,0,32,29
1656726487874,MATH 20E,A02,083772,Ganguly; Soumya,4,0,32,28
1656726487874,MATH 20E,B01,083773,Ciotti; Benjamin,18,0,35,17
1656726487874,MATH 20E,B02,083774,Ciotti; Benjamin,18,0,35,17
1656726493904,MATH 103A,A01,083777,Greenfeld; Be'Eri,2,0,36,34
1656726493904,MATH 103A,A02,083778,Greenfeld; Be'Eri,5,0,36,31
1656726493904,MATH 103A,A03,093561,Greenfeld; Be'Eri,4,0,36,32
1656726493904,MATH 103A,B01,083779,Greenfeld; Be'Eri,6,0,36,30
1656726493904,MATH 103A,B02,083780,Greenfeld; Be'Eri,2,0,36,34
1656726493904,MATH 103A,B03,093562,Greenfeld; Be'Eri,2,0,36,34
1656726499933,MATH 105,A01,085443,Carter; Anne Toulson,13,0,35,22
1656726499933,MATH 105,A02,093477,Carter; Anne Toulson,20,0,35,15
1656726505957,MATH 109,A01,083213,Ganzberger; Geoffrey Michael,2,0,34,32
1656726505957,MATH 109,A02,083214,Ganzberger; Geoffrey Michael,2,0,34,32
1656726505957,MATH 109,A03,093478,Ganzberger; Geoffrey Michael,2,0,34,32
1656726505957,MATH 109,B01,083215,Ganzberger; Geoffrey Michael,1,0,32,31
1656726505957,MATH 109,B02,083216,Ganzberger; Geoffrey Michael,1,0,32,31
1656726505957,MATH 109,B03,093479,Ganzberger; Geoffrey Michael,7,0,32,25
1656726511981,MATH 142A,A01,083219,Chow; Bennett,5,0,32,27
1656726511981,MATH 142A,A02,083220,Chow; Bennett,9,0,32,23
1656726511981,MATH 142A,A03,093480,Chow; Bennett,7,0,32,25
1656726511981,MATH 142A,B03,093481,Chow; Bennett,7,0,32,25
1656726511981,MATH 142A,B04,093558,Chow; Bennett,10,0,32,22
1656726511981,MATH 142A,B05,093559,Chow; Bennett,4,0,32,28
1656726518007,MATH 193A,A01,083224,Rotar; Vladimir,5,0,34,29
1656726518007,MATH 193A,A02,083225,Rotar; Vladimir,3,0,34,31
1656726518007,MATH 193A,A03,083781,Rotar; Vladimir,1,0,34,33
1656726518007,MATH 193A,A04,083782,Rotar; Vladimir,5,0,34,29
1656726518007,MATH 193A,A05,093482,Rotar; Vladimir,5,0,34,29
1656726524030,MATH 197,001,091859,McAuley; Julian John,9999,0,9999,0
1656726524030,MATH 197,002,095566,Kedlaya; Kiran S.,9997,0,9999,2
1656726524030,MATH 197,003,095567,Xiao; Ming,9999,0,9999,0
1656726524030,MATH 197,004,095571,Perols; Johan Lars,9998,0,9999,1
1656726531086,COGS 9,A01,083615,Shannon; Kyle Michael,5,0,75,70
1656726537111,COGS 11,A01,083617,Boyle; Mary E. T.,17,0,48,31
1656726543137,COGS 13,A01,083071,Bastos; Amalia Pinkusfeld,6,0,71,65
1656726549168,COGS 14A,A01,092681,Semenuks; Arturs,0,1,100,101
1656726555194,COGS 14B,A01,083073,Cheng; Tzu-Han,5,0,63,58
1656726561218,COGS 17,A01,092677,Semenuks; Arturs,4,0,81,77
1656726567242,COGS 100,A01,083619,Allen; Michael Gordon,14,0,70,56
1656726573265,COGS 101A,A01,083621,Davis; Joshua Daniel,9,0,68,59
1656726579293,COGS 101B,A01,091572,Allen; Michael Gordon,7,0,65,58
1656726585320,COGS 101C,A01,083625,Delgado; Tania,17,0,35,18
1656726591344,COGS 107A,A01,083627,Boyle; Mary E. T.,13,0,60,47
1656726597368,COGS 118A,A01,083075,Gupta; Anjum,13,0,76,63
1656726603393,CSE 3,A50,083646,Miranda; Gregory Joseph,22,0,50,28
1656726609417,CSE 8A,A50,083650,Miranda; Gregory Joseph,17,1,56,39
1656726615444,CSE 11,A01,083080,Cao; Yingjun,3,16,40,37
1656726621476,CSE 12,A01,083652,Krause-Levy; Sophia Louisa,19,1,120,101
1656726627501,CSE 15L,A01,083654,Morris; Justin Loren,8,0,50,42
1656726627501,CSE 15L,A02,083655,Morris; Justin Loren,8,0,50,42
1656726633529,CSE 20,A01,083657,Tran; Khoa Dang,37,0,80,43
1656726639557,CSE 21,A01,095574,Bach; Quang Tran,21,0,48,27
1656726645580,CSE 30,A01,083084,Eldon; John,5,0,80,75
1656726645580,CSE 30,B01,095061,Bhaskar; Nishant,3,0,50,47
1656726651607,CSE 100,A01,083659,Cao; Yingjun,1,5,70,69
1656726657633,CSE 134B,A01,083661,Powell; Thomas Allan,18,0,100,82
1656726663660,CSE 140,A01,083663,Gungor; Onat,14,0,85,71
1656726669683,CSE 140L,A01,083088,Eldon; John,16,0,100,84
1656726675707,CSE 175,A01,083665,Kumar; Rakesh,3,0,25,22
1656726681737,CSE 190,A00,092507,Dubnov; Shlomo,6,0,20,14
1656726687760,ECE 45,A01,083139,Congero; Spencer William,5,0,75,70
1656726693785,ECE 65,A50,083695,Saad; Andrew S,12,0,30,18
1656726693785,ECE 65,A51,095125,Saad; Andrew S,25,0,26,1
1656726699812,ECE 109,A01,091882,Touri; Behrouz,13,0,70,57
1656726705844,ECE 180,A00,083140,Abi Samra; Nicholas Camill,1,0,30,29
1656726705844,ECE 180,B00,083141,Abi Samra; Nicholas Camill,0,0,30,30
1656726711869,MATH 10A,A01,083735,Patchell; Gregory David,0,0,30,30
1656726711869,MATH 10A,A02,083736,Patchell; Gregory David,20,0,30,10
1656726711869,MATH 10A,A03,083737,Patchell; Gregory David,15,0,30,15
1656726717893,MATH 10B,A01,083207,Lim; Seonhee,7,0,34,27
1656726717893,MATH 10B,A02,083208,Lim; Seonhee,9,0,35,26
1656726717893,MATH 10B,A03,093472,Lim; Seonhee,3,0,34,31
1656726717893,MATH 10B,B01,083739,Sinha; Shubham,9,0,30,21
1656726723922,MATH 18,A01,083743,Cinel; Cameron Alexander,5,0,30,25
1656726723922,MATH 18,A02,083744,Cinel; Cameron Alexander,15,0,30,15
1656726723922,MATH 18,A03,083745,Cinel; Cameron Alexander,8,0,30,22
1656726723922,MATH 18,B01,083748,Rideout; David Porter,3,0,37,34
1656726723922,MATH 18,B02,083749,Rideout; David Porter,2,0,36,34
1656726723922,MATH 18,B03,083750,Rideout; David Porter,1,0,37,36
1656726723922,MATH 18,B04,083751,Rideout; David Porter,4,0,36,32
1656726723922,MATH 18,B05,093473,Rideout; David Porter,4,0,36,32
1656726723922,MATH 18,B06,093474,Rideout; David Porter,4,0,36,32
1656726729947,MATH 20A,A01,083754,Zheng; Zequn,12,0,40,28
1656726735976,MATH 20B,A01,083756,Briones; Jor-el Thomas Caparas,1,0,36,35
1656726735976,MATH 20B,A02,083757,Briones; Jor-el Thomas Caparas,1,0,36,35
1656726735976,MATH 20B,A03,093475,Briones; Jor-el Thomas Caparas,0,0,36,36
1656726741999,MATH 20C,A01,083760,Briones; Jor-el Thomas Caparas,1,0,35,34
1656726741999,MATH 20C,A02,083761,Briones; Jor-el Thomas Caparas,8,0,35,27
1656726741999,MATH 20C,A03,093476,Briones; Jor-el Thomas Caparas,0,1,36,36
1656726741999,MATH 20C,B01,083762,Bach; Quang Tran,0,0,30,30
1656726748023,MATH 20D,A01,083765,Tran; Brian Kha,4,0,30,26
1656726748023,MATH 20D,A02,083766,Tran; Brian Kha,4,0,30,26
1656726748023,MATH 20D,A03,083767,Tran; Brian Kha,1,0,30,29
1656726754047,MATH 20E,A01,083771,Ganguly; Soumya,3,0,32,29
1656726754047,MATH 20E,A02,083772,Ganguly; Soumya,4,0,32,28
1656726754047,MATH 20E,B01,083773,Ciotti; Benjamin,18,0,35,17
1656726754047,MATH 20E,B02,083774,Ciotti; Benjamin,18,0,35,17
1656726760071,MATH 103A,A01,083777,Greenfeld; Be'Eri,2,0,36,34
1656726760071,MATH 103A,A02,083778,Greenfeld; Be'Eri,5,0,36,31
1656726760071,MATH 103A,A03,093561,Greenfeld; Be'Eri,4,0,36,32
1656726760071,MATH 103A,B01,083779,Greenfeld; Be'Eri,6,0,36,30
1656726760071,MATH 103A,B02,083780,Greenfeld; Be'Eri,2,0,36,34
1656726760071,MATH 103A,B03,093562,Greenfeld; Be'Eri,2,0,36,34
1656726766095,MATH 105,A01,085443,Carter; Anne Toulson,13,0,35,22
1656726766095,MATH 105,A02,093477,Carter; Anne Toulson,20,0,35,15
1656726772125,MATH 109,A01,083213,Ganzberger; Geoffrey Michael,2,0,34,32
1656726772125,MATH 109,A02,083214,Ganzberger; Geoffrey Michael,2,0,34,32
1656726772125,MATH 109,A03,093478,Ganzberger; Geoffrey Michael,2,0,34,32
1656726772125,MATH 109,B01,083215,Ganzberger; Geoffrey Michael,1,0,32,31
1656726772125,MATH 109,B02,083216,Ganzberger; Geoffrey Michael,1,0,32,31
1656726772125,MATH 109,B03,093479,Ganzberger; Geoffrey Michael,7,0,32,25
1656726778149,MATH 142A,A01,083219,Chow; Bennett,5,0,32,27
1656726778149,MATH 142A,A02,083220,Chow; Bennett,9,0,32,23
1656726778149,MATH 142A,A03,093480,Chow; Bennett,7,0,32,25
1656726778149,MATH 142A,B03,093481,Chow; Bennett,7,0,32,25
1656726778149,MATH 142A,B04,093558,Chow; Bennett,10,0,32,22
1656726778149,MATH 142A,B05,093559,Chow; Bennett,4,0,32,28
1656726784173,MATH 193A,A01,083224,Rotar; Vladimir,5,0,34,29
1656726784173,MATH 193A,A02,083225,Rotar; Vladimir,3,0,34,31
1656726784173,MATH 193A,A03,083781,Rotar; Vladimir,1,0,34,33
1656726784173,MATH 193A,A04,083782,Rotar; Vladimir,5,0,34,29
1656726784173,MATH 193A,A05,093482,Rotar; Vladimir,5,0,34,29
1656726790197,MATH 197,001,091859,McAuley; Julian John,9999,0,9999,0
1656726790197,MATH 197,002,095566,Kedlaya; Kiran S.,9997,0,9999,2
1656726790197,MATH 197,003,095567,Xiao; Ming,9999,0,9999,0
1656726790197,MATH 197,004,095571,Perols; Johan Lars,9998,0,9999,1
1656726797256,COGS 9,A01,083615,Shannon; Kyle Michael,5,0,75,70
1656726803283,COGS 11,A01,083617,Boyle; Mary E. T.,17,0,48,31
1656726809305,COGS 13,A01,083071,Bastos; Amalia Pinkusfeld,6,0,71,65
1656726815332,COGS 14A,A01,092681,Semenuks; Arturs,0,1,100,101
1656726821359,COGS 14B,A01,083073,Cheng; Tzu-Han,5,0,63,58
1656726827386,COGS 17,A01,092677,Semenuks; Arturs,4,0,81,77
1656726833411,COGS 100,A01,083619,Allen; Michael Gordon,14,0,70,56
1656726839438,COGS 101A,A01,083621,Davis; Joshua Daniel,9,0,68,59
1656726845461,COGS 101B,A01,091572,Allen; Michael Gordon,7,0,65,58
1656726851489,COGS 101C,A01,083625,Delgado; Tania,17,0,35,18
1656726857514,COGS 107A,A01,083627,Boyle; Mary E. T.,13,0,60,47
1656726863538,COGS 118A,A01,083075,Gupta; Anjum,13,0,76,63
1656726869564,CSE 3,A50,083646,Miranda; Gregory Joseph,22,0,50,28
1656726875603,CSE 8A,A50,083650,Miranda; Gregory Joseph,17,1,56,39
1656726881627,CSE 11,A01,083080,Cao; Yingjun,3,16,40,37
1656726887651,CSE 12,A01,083652,Krause-Levy; Sophia Louisa,19,1,120,101
1656726893675,CSE 15L,A01,083654,Morris; Justin Loren,8,0,50,42
1656726893675,CSE 15L,A02,083655,Morris; Justin Loren,8,0,50,42
1656726899697,CSE 20,A01,083657,Tran; Khoa Dang,37,0,80,43
1656726905724,CSE 21,A01,095574,Bach; Quang Tran,21,0,48,27
1656726911825,CSE 30,A01,083084,Eldon; John,5,0,80,75
1656726911825,CSE 30,B01,095061,Bhaskar; Nishant,3,0,50,47
1656726917849,CSE 100,A01,083659,Cao; Yingjun,1,5,70,69
1656726923876,CSE 134B,A01,083661,Powell; Thomas Allan,18,0,100,82
1656726929903,CSE 140,A01,083663,Gungor; Onat,14,0,85,71
1656726935926,CSE 140L,A01,083088,Eldon; John,16,0,100,84
1656726941949,CSE 175,A01,083665,Kumar; Rakesh,3,0,25,22
1656726947973,CSE 190,A00,092507,Dubnov; Shlomo,6,0,20,14
1656726953996,ECE 45,A01,083139,Congero; Spencer William,5,0,75,70
1656726960020,ECE 65,A50,083695,Saad; Andrew S,12,0,30,18
1656726960020,ECE 65,A51,095125,Saad; Andrew S,25,0,26,1
1656726966046,ECE 109,A01,091882,Touri; Behrouz,13,0,70,57
1656726972073,ECE 180,A00,083140,Abi Samra; Nicholas Camill,1,0,30,29
1656726972073,ECE 180,B00,083141,Abi Samra; Nicholas Camill,0,0,30,30
1656726978099,MATH 10A,A01,083735,Patchell; Gregory David,0,0,30,30
1656726978099,MATH 10A,A02,083736,Patchell; Gregory David,20,0,30,10
1656726978099,MATH 10A,A03,083737,Patchell; Gregory David,15,0,30,15
1656726984123,MATH 10B,A01,083207,Lim; Seonhee,7,0,34,27
1656726984123,MATH 10B,A02,083208,Lim; Seonhee,9,0,35,26
1656726984123,MATH 10B,A03,093472,Lim; Seonhee,3,0,34,31
1656726984123,MATH 10B,B01,083739,Sinha; Shubham,9,0,30,21
1656726990154,MATH 18,A01,083743,Cinel; Cameron Alexander,5,0,30,25
1656726990154,MATH 18,A02,083744,Cinel; Cameron Alexander,15,0,30,15
1656726990154,MATH 18,A03,083745,Cinel; Cameron Alexander,8,0,30,22
1656726990154,MATH 18,B01,083748,Rideout; David Porter,3,0,37,34
1656726990154,MATH 18,B02,083749,Rideout; David Porter,2,0,36,34
1656726990154,MATH 18,B03,083750,Rideout; David Porter,1,0,37,36
1656726990154,MATH 18,B04,083751,Rideout; David Porter,4,0,36,32
1656726990154,MATH 18,B05,093473,Rideout; David Porter,4,0,36,32
1656726990154,MATH 18,B06,093474,Rideout; David Porter,4,0,36,32
1656726996177,MATH 20A,A01,083754,Zheng; Zequn,12,0,40,28
1656727002199,MATH 20B,A01,083756,Briones; Jor-el Thomas Caparas,1,0,36,35
1656727002199,MATH 20B,A02,083757,Briones; Jor-el Thomas Caparas,1,0,36,35
1656727002199,MATH 20B,A03,093475,Briones; Jor-el Thomas Caparas,0,0,36,36
1656727008224,MATH 20C,A01,083760,Briones; Jor-el Thomas Caparas,1,0,35,34
1656727008224,MATH 20C,A02,083761,Briones; Jor-el Thomas Caparas,8,0,35,27
1656727008224,MATH 20C,A03,093476,Briones; Jor-el Thomas Caparas,0,1,36,36
1656727008224,MATH 20C,B01,083762,Bach; Quang Tran,0,0,30,30
1656727014248,MATH 20D,A01,083765,Tran; Brian Kha,4,0,30,26
1656727014248,MATH 20D,A02,083766,Tran; Brian Kha,4,0,30,26
1656727014248,MATH 20D,A03,083767,Tran; Brian Kha,1,0,30,29
1656727020281,MATH 20E,A01,083771,Ganguly; Soumya,3,0,32,29
1656727020281,MATH 20E,A02,083772,Ganguly; Soumya,4,0,32,28
1656727020281,MATH 20E,B01,083773,Ciotti; Benjamin,18,0,35,17
1656727020281,MATH 20E,B02,083774,Ciotti; Benjamin,18,0,35,17
1656727026305,MATH 103A,A01,083777,Greenfeld; Be'Eri,2,0,36,34
1656727026305,MATH 103A,A02,083778,Greenfeld; Be'Eri,5,0,36,31
1656727026305,MATH 103A,A03,093561,Greenfeld; Be'Eri,4,0,36,32
1656727026305,MATH 103A,B01,083779,Greenfeld; Be'Eri,6,0,36,30
1656727026305,MATH 103A,B02,083780,Greenfeld; Be'Eri,2,0,36,34
1656727026305,MATH 103A,B03,093562,Greenfeld; Be'Eri,2,0,36,34
1656727032336,MATH 105,A01,085443,Carter; Anne Toulson,13,0,35,22
1656727032336,MATH 105,A02,093477,Carter; Anne Toulson,20,0,35,15
1656727038364,MATH 109,A01,083213,Ganzberger; Geoffrey Michael,2,0,34,32
1656727038364,MATH 109,A02,083214,Ganzberger; Geoffrey Michael,2,0,34,32
1656727038364,MATH 109,A03,093478,Ganzberger; Geoffrey Michael,2,0,34,32
1656727038364,MATH 109,B01,083215,Ganzberger; Geoffrey Michael,1,0,32,31
1656727038364,MATH 109,B02,083216,Ganzberger; Geoffrey Michael,1,0,32,31
1656727038364,MATH 109,B03,093479,Ganzberger; Geoffrey Michael,7,0,32,25
1656727044393,MATH 142A,A01,083219,Chow; Bennett,5,0,32,27
1656727044393,MATH 142A,A02,083220,Chow; Bennett,9,0,32,23
1656727044393,MATH 142A,A03,093480,Chow; Bennett,7,0,32,25
1656727044393,MATH 142A,B03,093481,Chow; Bennett,7,0,32,25
1656727044393,MATH 142A,B04,093558,Chow; Bennett,10,0,32,22
1656727044393,MATH 142A,B05,093559,Chow; Bennett,4,0,32,28
1656727050422,MATH 193A,A01,083224,Rotar; Vladimir,5,0,34,29
1656727050422,MATH 193A,A02,083225,Rotar; Vladimir,3,0,34,31
1656727050422,MATH 193A,A03,083781,Rotar; Vladimir,1,0,34,33
1656727050422,MATH 193A,A04,083782,Rotar; Vladimir,5,0,34,29
1656727050422,MATH 193A,A05,093482,Rotar; Vladimir,5,0,34,29
1656727056446,MATH 197,001,091859,McAuley; Julian John,9999,0,9999,0
1656727056446,MATH 197,002,095566,Kedlaya; Kiran S.,9997,0,9999,2
1656727056446,MATH 197,003,095567,Xiao; Ming,9999,0,9999,0
1656727056446,MATH 197,004,095571,Perols; Johan Lars,9998,0,9999,1
1656727063506,COGS 9,A01,083615,Shannon; Kyle Michael,5,0,75,70
1656727069530,COGS 11,A01,083617,Boyle; Mary E. T.,17,0,48,31
1656727075553,COGS 13,A01,083071,Bastos; Amalia Pinkusfeld,6,0,71,65
1656727081580,COGS 14A,A01,092681,Semenuks; Arturs,0,1,100,101
1656727087603,COGS 14B,A01,083073,Cheng; Tzu-Han,5,0,63,58
1656727093626,COGS 17,A01,092677,Semenuks; Arturs,4,0,81,77
1656727099648,COGS 100,A01,083619,Allen; Michael Gordon,14,0,70,56
1656727105676,COGS 101A,A01,083621,Davis; Joshua Daniel,9,0,68,59
1656727111698,COGS 101B,A01,091572,Allen; Michael Gordon,7,0,65,58
1656727117722,COGS 101C,A01,083625,Delgado; Tania,17,0,35,18
1656727123756,COGS 107A,A01,083627,Boyle; Mary E. T.,13,0,60,47
1656727129783,COGS 118A,A01,083075,Gupta; Anjum,13,0,76,63
1656727135813,CSE 3,A50,083646,Miranda; Gregory Joseph,22,0,50,28
1656727141840,CSE 8A,A50,083650,Miranda; Gregory Joseph,17,1,56,39
1656727147865,CSE 11,A01,083080,Cao; Yingjun,3,16,40,37
1656727153903,CSE 12,A01,083652,Krause-Levy; Sophia Louisa,19,1,120,101
1656727159927,CSE 15L,A01,083654,Morris; Justin Loren,8,0,50,42
1656727159927,CSE 15L,A02,083655,Morris; Justin Loren,8,0,50,42
1656727165949,CSE 20,A01,083657,Tran; Khoa Dang,37,0,80,43
1656727171976,CSE 21,A01,095574,Bach; Quang Tran,21,0,48,27
1656727178012,CSE 30,A01,083084,Eldon; John,5,0,80,75
1656727178012,CSE 30,B01,095061,Bhaskar; Nishant,3,0,50,47
1656727184039,CSE 100,A01,083659,Cao; Yingjun,1,5,70,69
1656727190066,CSE 134B,A01,083661,Powell; Thomas Allan,18,0,100,82
1656727196094,CSE 140,A01,083663,Gungor; Onat,14,0,85,71
1656727202117,CSE 140L,A01,083088,Eldon; John,16,0,100,84
1656727208141,CSE 175,A01,083665,Kumar; Rakesh,3,0,25,22
1656727214165,CSE 190,A00,092507,Dubnov; Shlomo,6,0,20,14
1656727220191,ECE 45,A01,083139,Congero; Spencer William,5,0,75,70
1656727226213,ECE 65,A50,083695,Saad; Andrew S,12,0,30,18
1656727226213,ECE 65,A51,095125,Saad; Andrew S,25,0,26,1
1656727232236,ECE 109,A01,091882,Touri; Behrouz,13,0,70,57
1656727238264,ECE 180,A00,083140,Abi Samra; Nicholas Camill,1,0,30,29
1656727238264,ECE 180,B00,083141,Abi Samra; Nicholas Camill,0,0,30,30
1656727244288,MATH 10A,A01,083735,Patchell; Gregory David,0,0,30,30
1656727244288,MATH 10A,A02,083736,Patchell; Gregory David,20,0,30,10
1656727244288,MATH 10A,A03,083737,Patchell; Gregory David,15,0,30,15
1656727250312,MATH 10B,A01,083207,Lim; Seonhee,7,0,34,27
1656727250312,MATH 10B,A02,083208,Lim; Seonhee,9,0,35,26
1656727250312,MATH 10B,A03,093472,Lim; Seonhee,3,0,34,31
1656727250312,MATH 10B,B01,083739,Sinha; Shubham,9,0,30,21
1656727256346,MATH 18,A01,083743,Cinel; Cameron Alexander,5,0,30,25
1656727256346,MATH 18,A02,083744,Cinel; Cameron Alexander,15,0,30,15
1656727256346,MATH 18,A03,083745,Cinel; Cameron Alexander,8,0,30,22
1656727256346,MATH 18,B01,083748,Rideout; David Porter,3,0,37,34
1656727256346,MATH 18,B02,083749,Rideout; David Porter,2,0,36,34
1656727256346,MATH 18,B03,083750,Rideout; David Porter,1,0,37,36
1656727256346,MATH 18,B04,083751,Rideout; David Porter,4,0,36,32
1656727256346,MATH 18,B05,093473,Rideout; David Porter,4,0,36,32
1656727256346,MATH 18,B06,093474,Rideout; David Porter,4,0,36,32
1656727262374,MATH 20A,A01,083754,Zheng; Zequn,12,0,40,28
1656727268399,MATH 20B,A01,083756,Briones; Jor-el Thomas Caparas,1,0,36,35
1656727268399,MATH 20B,A02,083757,Briones; Jor-el Thomas Caparas,1,0,36,35
1656727268399,MATH 20B,A03,093475,Briones; Jor-el Thomas Caparas,0,0,36,36
1656727274428,MATH 20C,A01,083760,Briones; Jor-el Thomas Caparas,1,0,35,34
1656727274428,MATH 20C,A02,083761,Briones; Jor-el Thomas Caparas,8,0,35,27
1656727274428,MATH 20C,A03,093476,Briones; Jor-el Thomas Caparas,0,1,36,36
1656727274428,MATH 20C,B01,083762,Bach; Quang Tran,0,0,30,30
1656727280455,MATH 20D,A01,083765,Tran; Brian Kha,4,0,30,26
1656727280455,MATH 20D,A02,083766,Tran; Brian Kha,4,0,30,26
1656727280455,MATH 20D,A03,083767,Tran; Brian Kha,1,0,30,29
1656727286484,MATH 20E,A01,083771,Ganguly; Soumya,3,0,32,29
1656727286484,MATH 20E,A02,083772,Ganguly; Soumya,4,0,32,28
1656727286484,MATH 20E,B01,083773,Ciotti; Benjamin,18,0,35,17
1656727286484,MATH 20E,B02,083774,Ciotti; Benjamin,18,0,35,17
1656727292514,MATH 103A,A01,083777,Greenfeld; Be'Eri,2,0,36,34
1656727292514,MATH 103A,A02,083778,Greenfeld; Be'Eri,5,0,36,31
1656727292514,MATH 103A,A03,093561,Greenfeld; Be'Eri,4,0,36,32
1656727292514,MATH 103A,B01,083779,Greenfeld; Be'Eri,6,0,36,30
1656727292514,MATH 103A,B02,083780,Greenfeld; Be'Eri,2,0,36,34
1656727292514,MATH 103A,B03,093562,Greenfeld; Be'Eri,2,0,36,34
1656727298555,MATH 105,A01,085443,Carter; Anne Toulson,13,0,35,22
1656727298555,MATH 105,A02,093477,Carter; Anne Toulson,20,0,35,15
1656727304584,MATH 109,A01,083213,Ganzberger; Geoffrey Michael,2,0,34,32
1656727304584,MATH 109,A02,083214,Ganzberger; Geoffrey Michael,2,0,34,32
1656727304584,MATH 109,A03,093478,Ganzberger; Geoffrey Michael,2,0,34,32
1656727304584,MATH 109,B01,083215,Ganzberger; Geoffrey Michael,1,0,32,31
1656727304584,MATH 109,B02,083216,Ganzberger; Geoffrey Michael,1,0,32,31
1656727304584,MATH 109,B03,093479,Ganzberger; Geoffrey Michael,7,0,32,25
1656727310608,MATH 142A,A01,083219,Chow; Bennett,5,0,32,27
1656727310608,MATH 142A,A02,083220,Chow; Bennett,9,0,32,23
1656727310608,MATH 142A,A03,093480,Chow; Bennett,7,0,32,25
1656727310608,MATH 142A,B03,093481,Chow; Bennett,7,0,32,25
1656727310608,MATH 142A,B04,093558,Chow; Bennett,10,0,32,22
1656727310608,MATH 142A,B05,093559,Chow; Bennett,4,0,32,28
1656727316635,MATH 193A,A01,083224,Rotar; Vladimir,5,0,34,29
1656727316635,MATH 193A,A02,083225,Rotar; Vladimir,3,0,34,31
1656727316635,MATH 193A,A03,083781,Rotar; Vladimir,1,0,34,33
1656727316635,MATH 193A,A04,083782,Rotar; Vladimir,5,0,34,29
1656727316635,MATH 193A,A05,093482,Rotar; Vladimir,5,0,34,29
1656727322662,MATH 197,001,091859,McAuley; Julian John,9999,0,9999,0
1656727322662,MATH 197,002,095566,Kedlaya; Kiran S.,9997,0,9999,2
1656727322662,MATH 197,003,095567,Xiao; Ming,9999,0,9999,0
1656727322662,MATH 197,004,095571,Perols; Johan Lars,9998,0,9999,1
1656727329716,COGS 9,A01,083615,Shannon; Kyle Michael,5,0,75,70
1656727335746,COGS 11,A01,083617,Boyle; Mary E. T.,17,0,48,31
1656727341772,COGS 13,A01,083071,Bastos; Amalia Pinkusfeld,6,0,71,65
1656727347795,COGS 14A,A01,092681,Semenuks; Arturs,0,1,100,101
1656727353821,COGS 14B,A01,083073,Cheng; Tzu-Han,5,0,63,58
1656727359852,COGS 17,A01,092677,Semenuks; Arturs,4,0,81,77
1656727365879,COGS 100,A01,083619,Allen; Michael Gordon,14,0,70,56
1656727371904,COGS 101A,A01,083621,Davis; Joshua Daniel,9,0,68,59
1656727377928,COGS 101B,A01,091572,Allen; Michael Gordon,7,0,65,58
1656727383955,COGS 101C,A01,083625,Delgado; Tania,17,0,35,18
1656727389977,COGS 107A,A01,083627,Boyle; Mary E. T.,13,0,60,47
1656727396006,COGS 118A,A01,083075,Gupta; Anjum,13,0,76,63
1656727402027,CSE 3,A50,083646,Miranda; Gregory Joseph,22,0,50,28
1656727408052,CSE 8A,A50,083650,Miranda; Gregory Joseph,17,1,56,39
1656727414080,CSE 11,A01,083080,Cao; Yingjun,3,16,40,37
1656727420104,CSE 12,A01,083652,Krause-Levy; Sophia Louisa,19,1,120,101
1656727426142,CSE 15L,A01,083654,Morris; Justin Loren,8,0,50,42
1656727426142,CSE 15L,A02,083655,Morris; Justin Loren,8,0,50,42
1656727432175,CSE 20,A01,083657,Tran; Khoa Dang,37,0,80,43
1656727438198,CSE 21,A01,095574,Bach; Quang Tran,21,0,48,27
1656727444226,CSE 30,A01,083084,Eldon; John,5,0,80,75
1656727444226,CSE 30,B01,095061,Bhaskar; Nishant,3,0,50,47
1656727450256,CSE 100,A01,083659,Cao; Yingjun,1,5,70,69
1656727456280,CSE 134B,A01,083661,Powell; Thomas Allan,18,0,100,82
1656727462304,CSE 140,A01,083663,Gungor; Onat,14,0,85,71
1656727468329,CSE 140L,A01,083088,Eldon; John,16,0,100,84
1656727474351,CSE 175,A01,083665,Kumar; Rakesh,3,0,25,22
1656727480373,CSE 190,A00,092507,Dubnov; Shlomo,6,0,20,14
1656727486397,ECE 45,A01,083139,Congero; Spencer William,5,0,75,70
1656727492421,ECE 65,A50,083695,Saad; Andrew S,12,0,30,18
1656727492421,ECE 65,A51,095125,Saad; Andrew S,25,0,26,1
1656727498445,ECE 109,A01,091882,Touri; Behrouz,13,0,70,57
1656727504472,ECE 180,A00,083140,Abi Samra; Nicholas Camill,1,0,30,29
1656727504472,ECE 180,B00,083141,Abi Samra; Nicholas Camill,0,0,30,30
1656727510577,MATH 10A,A01,083735,Patchell; Gregory David,0,0,30,30
1656727510577,MATH 10A,A02,083736,Patchell; Gregory David,20,0,30,10
1656727510577,MATH 10A,A03,083737,Patchell; Gregory David,15,0,30,15
1656727516607,MATH 10B,A01,083207,Lim; Seonhee,7,0,34,27
1656727516607,MATH 10B,A02,083208,Lim; Seonhee,9,0,35,26
1656727516607,MATH 10B,A03,093472,Lim; Seonhee,3,0,34,31
1656727516607,MATH 10B,B01,083739,Sinha; Shubham,9,0,30,21
1656727522630,MATH 18,A01,083743,Cinel; Cameron Alexander,5,0,30,25
1656727522630,MATH 18,A02,083744,Cinel; Cameron Alexander,15,0,30,15
1656727522630,MATH 18,A03,083745,Cinel; Cameron Alexander,8,0,30,22
1656727522630,MATH 18,B01,083748,Rideout; David Porter,3,0,37,34
1656727522630,MATH 18,B02,083749,Rideout; David Porter,2,0,36,34
1656727522630,MATH 18,B03,083750,Rideout; David Porter,1,0,37,36
1656727522630,MATH 18,B04,083751,Rideout; David Porter,4,0,36,32
1656727522630,MATH 18,B05,093473,Rideout; David Porter,4,0,36,32
1656727522630,MATH 18,B06,093474,Rideout; David Porter,4,0,36,32
1656727528654,MATH 20A,A01,083754,Zheng; Zequn,12,0,40,28
1656727534681,MATH 20B,A01,083756,Briones; Jor-el Thomas Caparas,1,0,36,35
1656727534681,MATH 20B,A02,083757,Briones; Jor-el Thomas Caparas,1,0,36,35
1656727534681,MATH 20B,A03,093475,Briones; Jor-el Thomas Caparas,0,0,36,36
1656727540710,MATH 20C,A01,083760,Briones; Jor-el Thomas Caparas,1,0,35,34
1656727540710,MATH 20C,A02,083761,Briones; Jor-el Thomas Caparas,8,0,35,27
1656727540710,MATH 20C,A03,093476,Briones; Jor-el Thomas Caparas,0,1,36,36
1656727540710,MATH 20C,B01,083762,Bach; Quang Tran,0,0,30,30
1656727546733,MATH 20D,A01,083765,Tran; Brian Kha,4,0,30,26
1656727546733,MATH 20D,A02,083766,Tran; Brian Kha,4,0,30,26
1656727546733,MATH 20D,A03,083767,Tran; Brian Kha,1,0,30,29
1656727552759,MATH 20E,A01,083771,Ganguly; Soumya,3,0,32,29
1656727552759,MATH 20E,A02,083772,Ganguly; Soumya,4,0,32,28
1656727552759,MATH 20E,B01,083773,Ciotti; Benjamin,18,0,35,17
1656727552759,MATH 20E,B02,083774,Ciotti; Benjamin,18,0,35,17
1656727558782,MATH 103A,A01,083777,Greenfeld; Be'Eri,2,0,36,34
1656727558782,MATH 103A,A02,083778,Greenfeld; Be'Eri,5,0,36,31
1656727558782,MATH 103A,A03,093561,Greenfeld; Be'Eri,4,0,36,32
1656727558782,MATH 103A,B01,083779,Greenfeld; Be'Eri,6,0,36,30
1656727558782,MATH 103A,B02,083780,Greenfeld; Be'Eri,2,0,36,34
1656727558782,MATH 103A,B03,093562,Greenfeld; Be'Eri,2,0,36,34
1656727564804,MATH 105,A01,085443,Carter; Anne Toulson,13,0,35,22
1656727564804,MATH 105,A02,093477,Carter; Anne Toulson,20,0,35,15
1656727570833,MATH 109,A01,083213,Ganzberger; Geoffrey Michael,2,0,34,32
1656727570833,MATH 109,A02,083214,Ganzberger; Geoffrey Michael,2,0,34,32
1656727570833,MATH 109,A03,093478,Ganzberger; Geoffrey Michael,2,0,34,32
1656727570833,MATH 109,B01,083215,Ganzberger; Geoffrey Michael,1,0,32,31
1656727570833,MATH 109,B02,083216,Ganzberger; Geoffrey Michael,1,0,32,31
1656727570833,MATH 109,B03,093479,Ganzberger; Geoffrey Michael,7,0,32,25
1656727576858,MATH 142A,A01,083219,Chow; Bennett,5,0,32,27
1656727576858,MATH 142A,A02,083220,Chow; Bennett,9,0,32,23
1656727576858,MATH 142A,A03,093480,Chow; Bennett,7,0,32,25
1656727576858,MATH 142A,B03,093481,Chow; Bennett,7,0,32,25
1656727576858,MATH 142A,B04,093558,Chow; Bennett,10,0,32,22
1656727576858,MATH 142A,B05,093559,Chow; Bennett,5,0,32,27
1656727582886,MATH 193A,A01,083224,Rotar; Vladimir,5,0,34,29
1656727582886,MATH 193A,A02,083225,Rotar; Vladimir,3,0,34,31
1656727582886,MATH 193A,A03,083781,Rotar; Vladimir,1,0,34,33
1656727582886,MATH 193A,A04,083782,Rotar; Vladimir,5,0,34,29
1656727582886,MATH 193A,A05,093482,Rotar; Vladimir,5,0,34,29
1656727588910,MATH 197,001,091859,McAuley; Julian John,9999,0,9999,0
1656727588910,MATH 197,002,095566,Kedlaya; Kiran S.,9997,0,9999,2
1656727588910,MATH 197,003,095567,Xiao; Ming,9999,0,9999,0
1656727588910,MATH 197,004,095571,Perols; Johan Lars,9998,0,9999,1
1656727595961,COGS 9,A01,083615,Shannon; Kyle Michael,5,0,75,70
1656727601987,COGS 11,A01,083617,Boyle; Mary E. T.,17,0,48,31
1656727608015,COGS 13,A01,083071,Bastos; Amalia Pinkusfeld,6,0,71,65
1656727614046,COGS 14A,A01,092681,Semenuks; Arturs,0,1,100,101
1656727620073,COGS 14B,A01,083073,Cheng; Tzu-Han,5,0,63,58
1656727626099,COGS 17,A01,092677,Semenuks; Arturs,4,0,81,77
1656727632121,COGS 100,A01,083619,Allen; Michael Gordon,14,0,70,56
1656727638144,COGS 101A,A01,083621,Davis; Joshua Daniel,9,0,68,59
1656727644166,COGS 101B,A01,091572,Allen; Michael Gordon,7,0,65,58
1656727650193,COGS 101C,A01,083625,Delgado; Tania,17,0,35,18
1656727656221,COGS 107A,A01,083627,Boyle; Mary E. T.,13,0,60,47
1656727662244,COGS 118A,A01,083075,Gupta; Anjum,13,0,76,63
1656727668277,CSE 3,A50,083646,Miranda; Gregory Joseph,22,0,50,28
1656727674304,CSE 8A,A50,083650,Miranda; Gregory Joseph,17,1,56,39
1656727680330,CSE 11,A01,083080,Cao; Yingjun,3,16,40,37
1656727686353,CSE 12,A01,083652,Krause-Levy; Sophia Louisa,19,1,120,101
1656727692377,CSE 15L,A01,083654,Morris; Justin Loren,8,0,50,42
1656727692377,CSE 15L,A02,083655,Morris; Justin Loren,8,0,50,42
1656727698404,CSE 20,A01,083657,Tran; Khoa Dang,37,0,80,43
1656727704430,CSE 21,A01,095574,Bach; Quang Tran,21,0,48,27
1656727710455,CSE 30,A01,083084,Eldon; John,5,0,80,75
1656727710455,CSE 30,B01,095061,Bhaskar; Nishant,3,0,50,47
1656727716477,CSE 100,A01,083659,Cao; Yingjun,1,5,70,69
1656727722500,CSE 134B,A01,083661,Powell; Thomas Allan,18,0,100,82
1656727728527,CSE 140,A01,083663,Gungor; Onat,14,0,85,71
1656727734553,CSE 140L,A01,083088,Eldon; John,16,0,100,84
1656727740580,CSE 175,A01,083665,Kumar; Rakesh,3,0,25,22
1656727746603,CSE 190,A00,092507,Dubnov; Shlomo,6,0,20,14
1656727752626,ECE 45,A01,083139,Congero; Spencer William,5,0,75,70
1656727758649,ECE 65,A50,083695,Saad; Andrew S,12,0,30,18
1656727758649,ECE 65,A51,095125,Saad; Andrew S,25,0,26,1
1656727764678,ECE 109,A01,091882,Touri; Behrouz,13,0,70,57
1656727770706,ECE 180,A00,083140,Abi Samra; Nicholas Camill,1,0,30,29
1656727770706,ECE 180,B00,083141,Abi Samra; Nicholas Camill,0,0,30,30
1656727776729,MATH 10A,A01,083735,Patchell; Gregory David,0,0,30,30
1656727776729,MATH 10A,A02,083736,Patchell; Gregory David,20,0,30,10
1656727776729,MATH 10A,A03,083737,Patchell; Gregory David,15,0,30,15
1656727782759,MATH 10B,A01,083207,Lim; Seonhee,7,0,34,27
1656727782759,MATH 10B,A02,083208,Lim; Seonhee,9,0,35,26
1656727782759,MATH 10B,A03,093472,Lim; Seonhee,3,0,34,31
1656727782759,MATH 10B,B01,083739,Sinha; Shubham,9,0,30,21
1656727788790,MATH 18,A01,083743,Cinel; Cameron Alexander,5,0,30,25
1656727788790,MATH 18,A02,083744,Cinel; Cameron Alexander,15,0,30,15
1656727788790,MATH 18,A03,083745,Cinel; Cameron Alexander,8,0,30,22
1656727788790,MATH 18,B01,083748,Rideout; David Porter,3,0,37,34
1656727788790,MATH 18,B02,083749,Rideout; David Porter,2,0,36,34
1656727788790,MATH 18,B03,083750,Rideout; David Porter,1,0,37,36
1656727788790,MATH 18,B04,083751,Rideout; David Porter,4,0,36,32
1656727788790,MATH 18,B05,093473,Rideout; David Porter,4,0,36,32
1656727788790,MATH 18,B06,093474,Rideout; David Porter,4,0,36,32
1656727794814,MATH 20A,A01,083754,Zheng; Zequn,12,0,40,28
1656727800838,MATH 20B,A01,083756,Briones; Jor-el Thomas Caparas,1,0,36,35
1656727800838,MATH 20B,A02,083757,Briones; Jor-el Thomas Caparas,1,0,36,35
1656727800838,MATH 20B,A03,093475,Briones; Jor-el Thomas Caparas,0,0,36,36
1656727806870,MATH 20C,A01,083760,Briones; Jor-el Thomas Caparas,1,0,35,34
1656727806870,MATH 20C,A02,083761,Briones; Jor-el Thomas Caparas,8,0,35,27
1656727806870,MATH 20C,A03,093476,Briones; Jor-el Thomas Caparas,0,1,36,36
1656727806870,MATH 20C,B01,083762,Bach; Quang Tran,0,0,30,30
1656727812897,MATH 20D,A01,083765,Tran; Brian Kha,4,0,30,26
1656727812897,MATH 20D,A02,083766,Tran; Brian Kha,4,0,30,26
1656727812897,MATH 20D,A03,083767,Tran; Brian Kha,1,0,30,29
1656727818927,MATH 20E,A01,083771,Ganguly; Soumya,3,0,32,29
1656727818927,MATH 20E,A02,083772,Ganguly; Soumya,4,0,32,28
1656727818927,MATH 20E,B01,083773,Ciotti; Benjamin,18,0,35,17
1656727818927,MATH 20E,B02,083774,Ciotti; Benjamin,18,0,35,17
1656727824957,MATH 103A,A01,083777,Greenfeld; Be'Eri,2,0,36,34
1656727824957,MATH 103A,A02,083778,Greenfeld; Be'Eri,5,0,36,31
1656727824957,MATH 103A,A03,093561,Greenfeld; Be'Eri,4,0,36,32
1656727824957,MATH 103A,B01,083779,Greenfeld; Be'Eri,6,0,36,30
1656727824957,MATH 103A,B02,083780,Greenfeld; Be'Eri,2,0,36,34
1656727824957,MATH 103A,B03,093562,Greenfeld; Be'Eri,2,0,36,34
1656727830981,MATH 105,A01,085443,Carter; Anne Toulson,13,0,35,22
1656727830981,MATH 105,A02,093477,Carter; Anne Toulson,20,0,35,15
1656727837009,MATH 109,A01,083213,Ganzberger; Geoffrey Michael,2,0,34,32
1656727837009,MATH 109,A02,083214,Ganzberger; Geoffrey Michael,2,0,34,32
1656727837009,MATH 109,A03,093478,Ganzberger; Geoffrey Michael,2,0,34,32
1656727837009,MATH 109,B01,083215,Ganzberger; Geoffrey Michael,1,0,32,31
1656727837009,MATH 109,B02,083216,Ganzberger; Geoffrey Michael,1,0,32,31
1656727837009,MATH 109,B03,093479,Ganzberger; Geoffrey Michael,7,0,32,25
1656727843053,MATH 142A,A01,083219,Chow; Bennett,5,0,32,27
1656727843053,MATH 142A,A02,083220,Chow; Bennett,9,0,32,23
1656727843053,MATH 142A,A03,093480,Chow; Bennett,7,0,32,25
1656727843053,MATH 142A,B03,093481,Chow; Bennett,7,0,32,25
1656727843053,MATH 142A,B04,093558,Chow; Bennett,10,0,32,22
1656727843053,MATH 142A,B05,093559,Chow; Bennett,5,0,32,27
1656727849076,MATH 193A,A01,083224,Rotar; Vladimir,5,0,34,29
1656727849076,MATH 193A,A02,083225,Rotar; Vladimir,3,0,34,31
1656727849076,MATH 193A,A03,083781,Rotar; Vladimir,1,0,34,33
1656727849076,MATH 193A,A04,083782,Rotar; Vladimir,5,0,34,29
1656727849076,MATH 193A,A05,093482,Rotar; Vladimir,5,0,34,29
1656727855099,MATH 197,001,091859,McAuley; Julian John,9999,0,9999,0
1656727855099,MATH 197,002,095566,Kedlaya; Kiran S.,9997,0,9999,2
1656727855099,MATH 197,003,095567,Xiao; Ming,9999,0,9999,0
1656727855099,MATH 197,004,095571,Perols; Johan Lars,9998,0,9999,1
1656727862161,COGS 9,A01,083615,Shannon; Kyle Michael,5,0,75,70
1656727868187,COGS 11,A01,083617,Boyle; Mary E. T.,17,0,48,31
1656727874210,COGS 13,A01,083071,Bastos; Amalia Pinkusfeld,6,0,71,65
1656727880247,COGS 14A,A01,092681,Semenuks; Arturs,0,1,100,101
1656727886274,COGS 14B,A01,083073,Cheng; Tzu-Han,5,0,63,58
1656727892297,COGS 17,A01,092677,Semenuks; Arturs,4,0,81,77
1656727898320,COGS 100,A01,083619,Allen; Michael Gordon,14,0,70,56
1656727904347,COGS 101A,A01,083621,Davis; Joshua Daniel,9,0,68,59
1656727910373,COGS 101B,A01,091572,Allen; Michael Gordon,7,0,65,58
1656727916395,COGS 101C,A01,083625,Delgado; Tania,17,0,35,18
1656727922419,COGS 107A,A01,083627,Boyle; Mary E. T.,13,0,60,47
1656727928443,COGS 118A,A01,083075,Gupta; Anjum,13,0,76,63
1656727934465,CSE 3,A50,083646,Miranda; Gregory Joseph,22,0,50,28
1656727940487,CSE 8A,A50,083650,Miranda; Gregory Joseph,17,1,56,39
1656727946513,CSE 11,A01,083080,Cao; Yingjun,3,16,40,37
1656727952541,CSE 12,A01,083652,Krause-Levy; Sophia Louisa,19,1,120,101
1656727958568,CSE 15L,A01,083654,Morris; Justin Loren,8,0,50,42
1656727958568,CSE 15L,A02,083655,Morris; Justin Loren,8,0,50,42
1656727964596,CSE 20,A01,083657,Tran; Khoa Dang,37,0,80,43
1656727970618,CSE 21,A01,095574,Bach; Quang Tran,21,0,48,27
1656727976657,CSE 30,A01,083084,Eldon; John,5,0,80,75
1656727976657,CSE 30,B01,095061,Bhaskar; Nishant,3,0,50,47
1656727982683,CSE 100,A01,083659,Cao; Yingjun,1,5,70,69
1656727988705,CSE 134B,A01,083661,Powell; Thomas Allan,18,0,100,82
1656727994744,CSE 140,A01,083663,Gungor; Onat,14,0,85,71
1656728000766,CSE 140L,A01,083088,Eldon; John,16,0,100,84
1656728006790,CSE 175,A01,083665,Kumar; Rakesh,3,0,25,22
1656728012819,CSE 190,A00,092507,Dubnov; Shlomo,6,0,20,14
1656728018842,ECE 45,A01,083139,Congero; Spencer William,5,0,75,70
1656728024866,ECE 65,A50,083695,Saad; Andrew S,12,0,30,18
1656728024866,ECE 65,A51,095125,Saad; Andrew S,25,0,26,1
1656728030893,ECE 109,A01,091882,Touri; Behrouz,13,0,70,57
1656728036921,ECE 180,A00,083140,Abi Samra; Nicholas Camill,1,0,30,29
1656728036921,ECE 180,B00,083141,Abi Samra; Nicholas Camill,0,0,30,30
1656728042945,MATH 10A,A01,083735,Patchell; Gregory David,0,0,30,30
1656728042945,MATH 10A,A02,083736,Patchell; Gregory David,20,0,30,10
1656728042945,MATH 10A,A03,083737,Patchell; Gregory David,15,0,30,15
1656728048973,MATH 10B,A01,083207,Lim; Seonhee,7,0,34,27
1656728048973,MATH 10B,A02,083208,Lim; Seonhee,9,0,35,26
1656728048973,MATH 10B,A03,093472,Lim; Seonhee,3,0,34,31
1656728048973,MATH 10B,B01,083739,Sinha; Shubham,9,0,30,21
1656728054999,MATH 18,A01,083743,Cinel; Cameron Alexander,5,0,30,25
1656728054999,MATH 18,A02,083744,Cinel; Cameron Alexander,15,0,30,15
1656728054999,MATH 18,A03,083745,Cinel; Cameron Alexander,8,0,30,22
1656728054999,MATH 18,B01,083748,Rideout; David Porter,3,0,37,34
1656728054999,MATH 18,B02,083749,Rideout; David Porter,2,0,36,34
1656728054999,MATH 18,B03,083750,Rideout; David Porter,1,0,37,36
1656728054999,MATH 18,B04,083751,Rideout; David Porter,4,0,36,32
1656728054999,MATH 18,B05,093473,Rideout; David Porter,4,0,36,32
1656728054999,MATH 18,B06,093474,Rideout; David Porter,4,0,36,32
1656728061026,MATH 20A,A01,083754,Zheng; Zequn,12,0,40,28
1656728067053,MATH 20B,A01,083756,Briones; Jor-el Thomas Caparas,1,0,36,35
1656728067053,MATH 20B,A02,083757,Briones; Jor-el Thomas Caparas,1,0,36,35
1656728067053,MATH 20B,A03,093475,Briones; Jor-el Thomas Caparas,0,0,36,36
1656728073082,MATH 20C,A01,083760,Briones; Jor-el Thomas Caparas,1,0,35,34
1656728073082,MATH 20C,A02,083761,Briones; Jor-el Thomas Caparas,8,0,35,27
1656728073082,MATH 20C,A03,093476,Briones; Jor-el Thomas Caparas,0,1,36,36
1656728073082,MATH 20C,B01,083762,Bach; Quang Tran,0,0,30,30
1656728079109,MATH 20D,A01,083765,Tran; Brian Kha,4,0,30,26
1656728079109,MATH 20D,A02,083766,Tran; Brian Kha,4,0,30,26
1656728079109,MATH 20D,A03,083767,Tran; Brian Kha,1,0,30,29
1656728085139,MATH 20E,A01,083771,Ganguly; Soumya,3,0,32,29
1656728085139,MATH 20E,A02,083772,Ganguly; Soumya,4,0,32,28
1656728085139,MATH 20E,B01,083773,Ciotti; Benjamin,18,0,35,17
1656728085139,MATH 20E,B02,083774,Ciotti; Benjamin,18,0,35,17
1656728091169,MATH 103A,A01,083777,Greenfeld; Be'Eri,2,0,36,34
1656728091169,MATH 103A,A02,083778,Greenfeld; Be'Eri,5,0,36,31
1656728091169,MATH 103A,A03,093561,Greenfeld; Be'Eri,4,0,36,32
1656728091169,MATH 103A,B01,083779,Greenfeld; Be'Eri,6,0,36,30
1656728091169,MATH 103A,B02,083780,Greenfeld; Be'Eri,2,0,36,34
1656728091169,MATH 103A,B03,093562,Greenfeld; Be'Eri,2,0,36,34
1656728097195,MATH 105,A01,085443,Carter; Anne Toulson,13,0,35,22
1656728097195,MATH 105,A02,093477,Carter; Anne Toulson,20,0,35,15
1656728103222,MATH 109,A01,083213,Ganzberger; Geoffrey Michael,2,0,34,32
1656728103222,MATH 109,A02,083214,Ganzberger; Geoffrey Michael,2,0,34,32
1656728103222,MATH 109,A03,093478,Ganzberger; Geoffrey Michael,2,0,34,32
1656728103222,MATH 109,B01,083215,Ganzberger; Geoffrey Michael,1,0,32,31
1656728103222,MATH 109,B02,083216,Ganzberger; Geoffrey Michael,1,0,32,31
1656728103222,MATH 109,B03,093479,Ganzberger; Geoffrey Michael,7,0,32,25
1656728109339,MATH 142A,A01,083219,Chow; Bennett,5,0,32,27
1656728109339,MATH 142A,A02,083220,Chow; Bennett,9,0,32,23
1656728109339,MATH 142A,A03,093480,Chow; Bennett,7,0,32,25
1656728109339,MATH 142A,B03,093481,Chow; Bennett,7,0,32,25
1656728109339,MATH 142A,B04,093558,Chow; Bennett,10,0,32,22
1656728109339,MATH 142A,B05,093559,Chow; Bennett,5,0,32,27
1656728115361,MATH 193A,A01,083224,Rotar; Vladimir,5,0,34,29
1656728115361,MATH 193A,A02,083225,Rotar; Vladimir,3,0,34,31
1656728115361,MATH 193A,A03,083781,Rotar; Vladimir,1,0,34,33
1656728115361,MATH 193A,A04,083782,Rotar; Vladimir,5,0,34,29
1656728115361,MATH 193A,A05,093482,Rotar; Vladimir,5,0,34,29
1656728121387,MATH 197,001,091859,McAuley; Julian John,9999,0,9999,0
1656728121387,MATH 197,002,095566,Kedlaya; Kiran S.,9997,0,9999,2
1656728121387,MATH 197,003,095567,Xiao; Ming,9999,0,9999,0
1656728121387,MATH 197,004,095571,Perols; Johan Lars,9998,0,9999,1
1656728128445,COGS 9,A01,083615,Shannon; Kyle Michael,5,0,75,70
1656728134468,COGS 11,A01,083617,Boyle; Mary E. T.,17,0,48,31
1656728140491,COGS 13,A01,083071,Bastos; Amalia Pinkusfeld,6,0,71,65
1656728146516,COGS 14A,A01,092681,Semenuks; Arturs,0,1,100,101
1656728152539,COGS 14B,A01,083073,Cheng; Tzu-Han,5,0,63,58
1656728158563,COGS 17,A01,092677,Semenuks; Arturs,4,0,81,77
1656728164589,COGS 100,A01,083619,Allen; Michael Gordon,14,0,70,56
1656728170615,COGS 101A,A01,083621,Davis; Joshua Daniel,9,0,68,59
1656728176639,COGS 101B,A01,091572,Allen; Michael Gordon,7,0,65,58
1656728182666,COGS 101C,A01,083625,Delgado; Tania,17,0,35,18
1656728188698,COGS 107A,A01,083627,Boyle; Mary E. T.,13,0,60,47
1656728194725,COGS 118A,A01,083075,Gupta; Anjum,13,0,76,63
1656728200750,CSE 3,A50,083646,Miranda; Gregory Joseph,22,0,50,28
1656728206774,CSE 8A,A50,083650,Miranda; Gregory Joseph,17,1,56,39
1656728212809,CSE 11,A01,083080,Cao; Yingjun,3,16,40,37
1656728218835,CSE 12,A01,083652,Krause-Levy; Sophia Louisa,19,1,120,101
1656728224860,CSE 15L,A01,083654,Morris; Justin Loren,8,0,50,42
1656728224860,CSE 15L,A02,083655,Morris; Justin Loren,8,0,50,42
1656728230881,CSE 20,A01,083657,Tran; Khoa Dang,37,0,80,43
1656728236906,CSE 21,A01,095574,Bach; Quang Tran,21,0,48,27
1656728242937,CSE 30,A01,083084,Eldon; John,5,0,80,75
1656728242937,CSE 30,B01,095061,Bhaskar; Nishant,3,0,50,47
1656728248965,CSE 100,A01,083659,Cao; Yingjun,1,5,70,69
1656728254989,CSE 134B,A01,083661,Powell; Thomas Allan,18,0,100,82
1656728261012,CSE 140,A01,083663,Gungor; Onat,14,0,85,71
1656728267041,CSE 140L,A01,083088,Eldon; John,16,0,100,84
1656728273064,CSE 175,A01,083665,Kumar; Rakesh,3,0,25,22
1656728279091,CSE 190,A00,092507,Dubnov; Shlomo,6,0,20,14
1656728285116,ECE 45,A01,083139,Congero; Spencer William,5,0,75,70
1656728291141,ECE 65,A50,083695,Saad; Andrew S,12,0,30,18
1656728291141,ECE 65,A51,095125,Saad; Andrew S,25,0,26,1
1656728297168,ECE 109,A01,091882,Touri; Behrouz,13,0,70,57
1656728303190,ECE 180,A00,083140,Abi Samra; Nicholas Camill,1,0,30,29
1656728303190,ECE 180,B00,083141,Abi Samra; Nicholas Camill,0,0,30,30
1656728309214,MATH 10A,A01,083735,Patchell; Gregory David,0,0,30,30
1656728309214,MATH 10A,A02,083736,Patchell; Gregory David,20,0,30,10
1656728309214,MATH 10A,A03,083737,Patchell; Gregory David,15,0,30,15
1656728315240,MATH 10B,A01,083207,Lim; Seonhee,7,0,34,27
1656728315240,MATH 10B,A02,083208,Lim; Seonhee,9,0,35,26
1656728315240,MATH 10B,A03,093472,Lim; Seonhee,3,0,34,31
1656728315240,MATH 10B,B01,083739,Sinha; Shubham,9,0,30,21
1656728321266,MATH 18,A01,083743,Cinel; Cameron Alexander,5,0,30,25
1656728321266,MATH 18,A02,083744,Cinel; Cameron Alexander,15,0,30,15
1656728321266,MATH 18,A03,083745,Cinel; Cameron Alexander,8,0,30,22
1656728321266,MATH 18,B01,083748,Rideout; David Porter,3,0,37,34
1656728321266,MATH 18,B02,083749,Rideout; David Porter,2,0,36,34
1656728321266,MATH 18,B03,083750,Rideout; David Porter,1,0,37,36
1656728321266,MATH 18,B04,083751,Rideout; David Porter,4,0,36,32
1656728321266,MATH 18,B05,093473,Rideout; David Porter,4,0,36,32
1656728321266,MATH 18,B06,093474,Rideout; David Porter,4,0,36,32
1656728327293,MATH 20A,A01,083754,Zheng; Zequn,12,0,40,28
1656728333317,MATH 20B,A01,083756,Briones; Jor-el Thomas Caparas,1,0,36,35
1656728333317,MATH 20B,A02,083757,Briones; Jor-el Thomas Caparas,1,0,36,35
1656728333317,MATH 20B,A03,093475,Briones; Jor-el Thomas Caparas,0,0,36,36
1656728339341,MATH 20C,A01,083760,Briones; Jor-el Thomas Caparas,1,0,35,34
1656728339341,MATH 20C,A02,083761,Briones; Jor-el Thomas Caparas,8,0,35,27
1656728339341,MATH 20C,A03,093476,Briones; Jor-el Thomas Caparas,0,1,36,36
1656728339341,MATH 20C,B01,083762,Bach; Quang Tran,0,0,30,30
1656728345368,MATH 20D,A01,083765,Tran; Brian Kha,4,0,30,26
1656728345368,MATH 20D,A02,083766,Tran; Brian Kha,4,0,30,26
1656728345368,MATH 20D,A03,083767,Tran; Brian Kha,1,0,30,29
1656728351392,MATH 20E,A01,083771,Ganguly; Soumya,3,0,32,29
1656728351392,MATH 20E,A02,083772,Ganguly; Soumya,4,0,32,28
1656728351392,MATH 20E,B01,083773,Ciotti; Benjamin,18,0,35,17
1656728351392,MATH 20E,B02,083774,Ciotti; Benjamin,18,0,35,17
1656728357421,MATH 103A,A01,083777,Greenfeld; Be'Eri,2,0,36,34
1656728357421,MATH 103A,A02,083778,Greenfeld; Be'Eri,5,0,36,31
1656728357421,MATH 103A,A03,093561,Greenfeld; Be'Eri,4,0,36,32
1656728357421,MATH 103A,B01,083779,Greenfeld; Be'Eri,6,0,36,30
1656728357421,MATH 103A,B02,083780,Greenfeld; Be'Eri,2,0,36,34
1656728357421,MATH 103A,B03,093562,Greenfeld; Be'Eri,2,0,36,34
1656728363446,MATH 105,A01,085443,Carter; Anne Toulson,13,0,35,22
1656728363446,MATH 105,A02,093477,Carter; Anne Toulson,20,0,35,15
1656728369470,MATH 109,A01,083213,Ganzberger; Geoffrey Michael,2,0,34,32
1656728369470,MATH 109,A02,083214,Ganzberger; Geoffrey Michael,2,0,34,32
1656728369470,MATH 109,A03,093478,Ganzberger; Geoffrey Michael,2,0,34,32
1656728369470,MATH 109,B01,083215,Ganzberger; Geoffrey Michael,1,0,32,31
1656728369470,MATH 109,B02,083216,Ganzberger; Geoffrey Michael,1,0,32,31
1656728369470,MATH 109,B03,093479,Ganzberger; Geoffrey Michael,7,0,32,25
1656728375495,MATH 142A,A01,083219,Chow; Bennett,5,0,32,27
1656728375495,MATH 142A,A02,083220,Chow; Bennett,9,0,32,23
1656728375495,MATH 142A,A03,093480,Chow; Bennett,7,0,32,25
1656728375495,MATH 142A,B03,093481,Chow; Bennett,7,0,32,25
1656728375495,MATH 142A,B04,093558,Chow; Bennett,10,0,32,22
1656728375495,MATH 142A,B05,093559,Chow; Bennett,5,0,32,27
1656728381520,MATH 193A,A01,083224,Rotar; Vladimir,5,0,34,29
1656728381520,MATH 193A,A02,083225,Rotar; Vladimir,3,0,34,31
1656728381520,MATH 193A,A03,083781,Rotar; Vladimir,1,0,34,33
1656728381520,MATH 193A,A04,083782,Rotar; Vladimir,5,0,34,29
1656728381520,MATH 193A,A05,093482,Rotar; Vladimir,5,0,34,29
1656728387545,MATH 197,001,091859,McAuley; Julian John,9999,0,9999,0
1656728387545,MATH 197,002,095566,Kedlaya; Kiran S.,9997,0,9999,2
1656728387545,MATH 197,003,095567,Xiao; Ming,9999,0,9999,0
1656728387545,MATH 197,004,095571,Perols; Johan Lars,9998,0,9999,1
1656728394596,COGS 9,A01,083615,Shannon; Kyle Michael,5,0,75,70
1656728400623,COGS 11,A01,083617,Boyle; Mary E. T.,17,0,48,31
1656728406647,COGS 13,A01,083071,Bastos; Amalia Pinkusfeld,6,0,71,65
1656728412674,COGS 14A,A01,092681,Semenuks; Arturs,0,1,100,101
1656728418700,COGS 14B,A01,083073,Cheng; Tzu-Han,5,0,63,58
1656728424725,COGS 17,A01,092677,Semenuks; Arturs,4,0,81,77
1656728430747,COGS 100,A01,083619,Allen; Michael Gordon,14,0,70,56
1656728436769,COGS 101A,A01,083621,Davis; Joshua Daniel,9,0,68,59
1656728442796,COGS 101B,A01,091572,Allen; Michael Gordon,7,0,65,58
1656728448826,COGS 101C,A01,083625,Delgado; Tania,17,0,35,18
1656728454850,COGS 107A,A01,083627,Boyle; Mary E. T.,13,0,60,47
1656728460872,COGS 118A,A01,083075,Gupta; Anjum,13,0,76,63
1656728466895,CSE 3,A50,083646,Miranda; Gregory Joseph,22,0,50,28
1656728472918,CSE 8A,A50,083650,Miranda; Gregory Joseph,17,1,56,39
1656728478943,CSE 11,A01,083080,Cao; Yingjun,3,16,40,37
1656728484986,CSE 12,A01,083652,Krause-Levy; Sophia Louisa,19,1,120,101
1656728491010,CSE 15L,A01,083654,Morris; Justin Loren,8,0,50,42
1656728491010,CSE 15L,A02,083655,Morris; Justin Loren,8,0,50,42
1656728497034,CSE 20,A01,083657,Tran; Khoa Dang,37,0,80,43
1656728503068,CSE 21,A01,095574,Bach; Quang Tran,21,0,48,27
1656728509103,CSE 30,A01,083084,Eldon; John,5,0,80,75
1656728509103,CSE 30,B01,095061,Bhaskar; Nishant,3,0,50,47
1656728515132,CSE 100,A01,083659,Cao; Yingjun,1,5,70,69
1656728521156,CSE 134B,A01,083661,Powell; Thomas Allan,18,0,100,82
1656728527184,CSE 140,A01,083663,Gungor; Onat,14,0,85,71
1656728533207,CSE 140L,A01,083088,Eldon; John,16,0,100,84
1656728539232,CSE 175,A01,083665,Kumar; Rakesh,3,0,25,22
1656728545260,CSE 190,A00,092507,Dubnov; Shlomo,6,0,20,14
1656728551291,ECE 45,A01,083139,Congero; Spencer William,5,0,75,70
1656728557315,ECE 65,A50,083695,Saad; Andrew S,12,0,30,18
1656728557315,ECE 65,A51,095125,Saad; Andrew S,25,0,26,1
1656728563352,ECE 109,A01,091882,Touri; Behrouz,13,0,70,57
1656728569375,ECE 180,A00,083140,Abi Samra; Nicholas Camill,1,0,30,29
1656728569375,ECE 180,B00,083141,Abi Samra; Nicholas Camill,0,0,30,30
1656728575408,MATH 10A,A01,083735,Patchell; Gregory David,0,0,30,30
1656728575408,MATH 10A,A02,083736,Patchell; Gregory David,20,0,30,10
1656728575408,MATH 10A,A03,083737,Patchell; Gregory David,15,0,30,15
1656728581441,MATH 10B,A01,083207,Lim; Seonhee,7,0,34,27
1656728581441,MATH 10B,A02,083208,Lim; Seonhee,9,0,35,26
1656728581441,MATH 10B,A03,093472,Lim; Seonhee,3,0,34,31
1656728581441,MATH 10B,B01,083739,Sinha; Shubham,9,0,30,21
1656728587475,MATH 18,A01,083743,Cinel; Cameron Alexander,5,0,30,25
1656728587475,MATH 18,A02,083744,Cinel; Cameron Alexander,15,0,30,15
1656728587475,MATH 18,A03,083745,Cinel; Cameron Alexander,8,0,30,22
1656728587475,MATH 18,B01,083748,Rideout; David Porter,3,0,37,34
1656728587475,MATH 18,B02,083749,Rideout; David Porter,2,0,36,34
1656728587475,MATH 18,B03,083750,Rideout; David Porter,1,0,37,36
1656728587475,MATH 18,B04,083751,Rideout; David Porter,4,0,36,32
1656728587475,MATH 18,B05,093473,Rideout; David Porter,4,0,36,32
1656728587475,MATH 18,B06,093474,Rideout; David Porter,4,0,36,32
1656728593501,MATH 20A,A01,083754,Zheng; Zequn,12,0,40,28
1656728599529,MATH 20B,A01,083756,Briones; Jor-el Thomas Caparas,1,0,36,35
1656728599529,MATH 20B,A02,083757,Briones; Jor-el Thomas Caparas,1,0,36,35
1656728599529,MATH 20B,A03,093475,Briones; Jor-el Thomas Caparas,0,0,36,36
1656728605557,MATH 20C,A01,083760,Briones; Jor-el Thomas Caparas,1,0,35,34
1656728605557,MATH 20C,A02,083761,Briones; Jor-el Thomas Caparas,8,0,35,27
1656728605557,MATH 20C,A03,093476,Briones; Jor-el Thomas Caparas,0,1,36,36
1656728605557,MATH 20C,B01,083762,Bach; Quang Tran,0,0,30,30
1656728611580,MATH 20D,A01,083765,Tran; Brian Kha,4,0,30,26
1656728611580,MATH 20D,A02,083766,Tran; Brian Kha,4,0,30,26
1656728611580,MATH 20D,A03,083767,Tran; Brian Kha,1,0,30,29
1656728617603,MATH 20E,A01,083771,Ganguly; Soumya,3,0,32,29
1656728617603,MATH 20E,A02,083772,Ganguly; Soumya,4,0,32,28
1656728617603,MATH 20E,B01,083773,Ciotti; Benjamin,18,0,35,17
1656728617603,MATH 20E,B02,083774,Ciotti; Benjamin,18,0,35,17
1656728623628,MATH 103A,A01,083777,Greenfeld; Be'Eri,2,0,36,34
1656728623628,MATH 103A,A02,083778,Greenfeld; Be'Eri,5,0,36,31
1656728623628,MATH 103A,A03,093561,Greenfeld; Be'Eri,4,0,36,32
1656728623628,MATH 103A,B01,083779,Greenfeld; Be'Eri,6,0,36,30
1656728623628,MATH 103A,B02,083780,Greenfeld; Be'Eri,2,0,36,34
1656728623628,MATH 103A,B03,093562,Greenfeld; Be'Eri,2,0,36,34
1656728629656,MATH 105,A01,085443,Carter; Anne Toulson,13,0,35,22
1656728629656,MATH 105,A02,093477,Carter; Anne Toulson,20,0,35,15
1656728635682,MATH 109,A01,083213,Ganzberger; Geoffrey Michael,2,0,34,32
1656728635682,MATH 109,A02,083214,Ganzberger; Geoffrey Michael,2,0,34,32
1656728635682,MATH 109,A03,093478,Ganzberger; Geoffrey Michael,2,0,34,32
1656728635682,MATH 109,B01,083215,Ganzberger; Geoffrey Michael,1,0,32,31
1656728635682,MATH 109,B02,083216,Ganzberger; Geoffrey Michael,1,0,32,31
1656728635682,MATH 109,B03,093479,Ganzberger; Geoffrey Michael,7,0,32,25
1656728641711,MATH 142A,A01,083219,Chow; Bennett,5,0,32,27
1656728641711,MATH 142A,A02,083220,Chow; Bennett,9,0,32,23
1656728641711,MATH 142A,A03,093480,Chow; Bennett,7,0,32,25
1656728641711,MATH 142A,B03,093481,Chow; Bennett,7,0,32,25
1656728641711,MATH 142A,B04,093558,Chow; Bennett,10,0,32,22
1656728641711,MATH 142A,B05,093559,Chow; Bennett,5,0,32,27
1656728647736,MATH 193A,A01,083224,Rotar; Vladimir,6,0,34,28
1656728647736,MATH 193A,A02,083225,Rotar; Vladimir,3,0,34,31
1656728647736,MATH 193A,A03,083781,Rotar; Vladimir,1,0,34,33
1656728647736,MATH 193A,A04,083782,Rotar; Vladimir,5,0,34,29
1656728647736,MATH 193A,A05,093482,Rotar; Vladimir,5,0,34,29
1656728653759,MATH 197,001,091859,McAuley; Julian John,9999,0,9999,0
1656728653759,MATH 197,002,095566,Kedlaya; Kiran S.,9997,0,9999,2
1656728653759,MATH 197,003,095567,Xiao; Ming,9999,0,9999,0
1656728653759,MATH 197,004,095571,Perols; Johan Lars,9998,0,9999,1
1656728660817,COGS 9,A01,083615,Shannon; Kyle Michael,5,0,75,70
1656728666839,COGS 11,A01,083617,Boyle; Mary E. T.,17,0,48,31
1656728672864,COGS 13,A01,083071,Bastos; Amalia Pinkusfeld,6,0,71,65
1656728678909,COGS 14A,A01,092681,Semenuks; Arturs,0,1,100,101
1656728684942,COGS 14B,A01,083073,Cheng; Tzu-Han,5,0,63,58
1656728690966,COGS 17,A01,092677,Semenuks; Arturs,4,0,81,77
1656728696991,COGS 100,A01,083619,Allen; Michael Gordon,14,0,70,56
1656728703086,COGS 101A,A01,083621,Davis; Joshua Daniel,9,0,68,59
1656728709113,COGS 101B,A01,091572,Allen; Michael Gordon,7,0,65,58
1656728715174,COGS 101C,A01,083625,Delgado; Tania,17,0,35,18
1656728721201,COGS 107A,A01,083627,Boyle; Mary E. T.,13,0,60,47
1656728727228,COGS 118A,A01,083075,Gupta; Anjum,13,0,76,63
1656728733252,CSE 3,A50,083646,Miranda; Gregory Joseph,22,0,50,28
1656728739275,CSE 8A,A50,083650,Miranda; Gregory Joseph,17,1,56,39
1656728745299,CSE 11,A01,083080,Cao; Yingjun,3,16,40,37
1656728751325,CSE 12,A01,083652,Krause-Levy; Sophia Louisa,19,1,120,101
1656728757348,CSE 15L,A01,083654,Morris; Justin Loren,8,0,50,42
1656728757348,CSE 15L,A02,083655,Morris; Justin Loren,8,0,50,42
1656728763372,CSE 20,A01,083657,Tran; Khoa Dang,37,0,80,43
1656728769398,CSE 21,A01,095574,Bach; Quang Tran,21,0,48,27
1656728775421,CSE 30,A01,083084,Eldon; John,5,0,80,75
1656728775421,CSE 30,B01,095061,Bhaskar; Nishant,3,0,50,47
1656728781449,CSE 100,A01,083659,Cao; Yingjun,1,5,70,69
1656728787473,CSE 134B,A01,083661,Powell; Thomas Allan,18,0,100,82
1656728793495,CSE 140,A01,083663,Gungor; Onat,14,0,85,71
1656728799525,CSE 140L,A01,083088,Eldon; John,16,0,100,84
1656728805549,CSE 175,A01,083665,Kumar; Rakesh,3,0,25,22
1656728811576,CSE 190,A00,092507,Dubnov; Shlomo,6,0,20,14
1656728817601,ECE 45,A01,083139,Congero; Spencer William,5,0,75,70
1656728823629,ECE 65,A50,083695,Saad; Andrew S,12,0,30,18
1656728823629,ECE 65,A51,095125,Saad; Andrew S,25,0,26,1
1656728829653,ECE 109,A01,091882,Touri; Behrouz,13,0,70,57
1656728835675,ECE 180,A00,083140,Abi Samra; Nicholas Camill,1,0,30,29
1656728835675,ECE 180,B00,083141,Abi Samra; Nicholas Camill,0,0,30,30
1656728841701,MATH 10A,A01,083735,Patchell; Gregory David,0,0,30,30
1656728841701,MATH 10A,A02,083736,Patchell; Gregory David,20,0,30,10
1656728841701,MATH 10A,A03,083737,Patchell; Gregory David,15,0,30,15
1656728847732,MATH 10B,A01,083207,Lim; Seonhee,7,0,34,27
1656728847732,MATH 10B,A02,083208,Lim; Seonhee,9,0,35,26
1656728847732,MATH 10B,A03,093472,Lim; Seonhee,3,0,34,31
1656728847732,MATH 10B,B01,083739,Sinha; Shubham,9,0,30,21
1656728853762,MATH 18,A01,083743,Cinel; Cameron Alexander,5,0,30,25
1656728853762,MATH 18,A02,083744,Cinel; Cameron Alexander,15,0,30,15
1656728853762,MATH 18,A03,083745,Cinel; Cameron Alexander,8,0,30,22
1656728853762,MATH 18,B01,083748,Rideout; David Porter,3,0,37,34
1656728853762,MATH 18,B02,083749,Rideout; David Porter,2,0,36,34
1656728853762,MATH 18,B03,083750,Rideout; David Porter,1,0,37,36
1656728853762,MATH 18,B04,083751,Rideout; David Porter,4,0,36,32
1656728853762,MATH 18,B05,093473,Rideout; David Porter,4,0,36,32
1656728853762,MATH 18,B06,093474,Rideout; David Porter,4,0,36,32
1656728859788,MATH 20A,A01,083754,Zheng; Zequn,12,0,40,28
1656728865816,MATH 20B,A01,083756,Briones; Jor-el Thomas Caparas,1,0,36,35
1656728865816,MATH 20B,A02,083757,Briones; Jor-el Thomas Caparas,1,0,36,35
1656728865816,MATH 20B,A03,093475,Briones; Jor-el Thomas Caparas,0,0,36,36
1656728871842,MATH 20C,A01,083760,Briones; Jor-el Thomas Caparas,1,0,35,34
1656728871842,MATH 20C,A02,083761,Briones; Jor-el Thomas Caparas,8,0,35,27
1656728871842,MATH 20C,A03,093476,Briones; Jor-el Thomas Caparas,0,1,36,36
1656728871842,MATH 20C,B01,083762,Bach; Quang Tran,0,0,30,30
1656728877867,MATH 20D,A01,083765,Tran; Brian Kha,4,0,30,26
1656728877867,MATH 20D,A02,083766,Tran; Brian Kha,4,0,30,26
1656728877867,MATH 20D,A03,083767,Tran; Brian Kha,1,0,30,29
1656728883891,MATH 20E,A01,083771,Ganguly; Soumya,3,0,32,29
1656728883891,MATH 20E,A02,083772,Ganguly; Soumya,4,0,32,28
1656728883891,MATH 20E,B01,083773,Ciotti; Benjamin,18,0,35,17
1656728883891,MATH 20E,B02,083774,Ciotti; Benjamin,18,0,35,17
1656728889914,MATH 103A,A01,083777,Greenfeld; Be'Eri,2,0,36,34
1656728889914,MATH 103A,A02,083778,Greenfeld; Be'Eri,5,0,36,31
1656728889914,MATH 103A,A03,093561,Greenfeld; Be'Eri,4,0,36,32
1656728889914,MATH 103A,B01,083779,Greenfeld; Be'Eri,6,0,36,30
1656728889914,MATH 103A,B02,083780,Greenfeld; Be'Eri,2,0,36,34
1656728889914,MATH 103A,B03,093562,Greenfeld; Be'Eri,2,0,36,34
1656728895937,MATH 105,A01,085443,Carter; Anne Toulson,13,0,35,22
1656728895937,MATH 105,A02,093477,Carter; Anne Toulson,20,0,35,15
1656728901965,MATH 109,A01,083213,Ganzberger; Geoffrey Michael,2,0,34,32
1656728901965,MATH 109,A02,083214,Ganzberger; Geoffrey Michael,2,0,34,32
1656728901965,MATH 109,A03,093478,Ganzberger; Geoffrey Michael,2,0,34,32
1656728901965,MATH 109,B01,083215,Ganzberger; Geoffrey Michael,1,0,32,31
1656728901965,MATH 109,B02,083216,Ganzberger; Geoffrey Michael,1,0,32,31
1656728901965,MATH 109,B03,093479,Ganzberger; Geoffrey Michael,7,0,32,25
1656728907989,MATH 142A,A01,083219,Chow; Bennett,5,0,32,27
1656728907989,MATH 142A,A02,083220,Chow; Bennett,9,0,32,23
1656728907989,MATH 142A,A03,093480,Chow; Bennett,7,0,32,25
1656728907989,MATH 142A,B03,093481,Chow; Bennett,7,0,32,25
1656728907989,MATH 142A,B04,093558,Chow; Bennett,10,0,32,22
1656728907989,MATH 142A,B05,093559,Chow; Bennett,5,0,32,27
1656728914012,MATH 193A,A01,083224,Rotar; Vladimir,6,0,34,28
1656728914012,MATH 193A,A02,083225,Rotar; Vladimir,3,0,34,31
1656728914012,MATH 193A,A03,083781,Rotar; Vladimir,1,0,34,33
1656728914012,MATH 193A,A04,083782,Rotar; Vladimir,5,0,34,29
1656728914012,MATH 193A,A05,093482,Rotar; Vladimir,5,0,34,29
1656728920036,MATH 197,001,091859,McAuley; Julian John,9999,0,9999,0
1656728920036,MATH 197,002,095566,Kedlaya; Kiran S.,9997,0,9999,2
1656728920036,MATH 197,003,095567,Xiao; Ming,9999,0,9999,0
1656728920036,MATH 197,004,095571,Perols; Johan Lars,9998,0,9999,1
1656728927087,COGS 9,A01,083615,Shannon; Kyle Michael,5,0,75,70
1656728933110,COGS 11,A01,083617,Boyle; Mary E. T.,17,0,48,31
1656728939136,COGS 13,A01,083071,Bastos; Amalia Pinkusfeld,6,0,71,65
1656728945163,COGS 14A,A01,092681,Semenuks; Arturs,0,1,100,101
1656728951186,COGS 14B,A01,083073,Cheng; Tzu-Han,5,0,63,58
1656728957209,COGS 17,A01,092677,Semenuks; Arturs,4,0,81,77
1656728963233,COGS 100,A01,083619,Allen; Michael Gordon,14,0,70,56
1656728969269,COGS 101A,A01,083621,Davis; Joshua Daniel,9,0,68,59
1656728975300,COGS 101B,A01,091572,Allen; Michael Gordon,7,0,65,58
1656728981324,COGS 101C,A01,083625,Delgado; Tania,17,0,35,18
1656728987348,COGS 107A,A01,083627,Boyle; Mary E. T.,13,0,60,47
1656728993375,COGS 118A,A01,083075,Gupta; Anjum,13,0,76,63
1656728999405,CSE 3,A50,083646,Miranda; Gregory Joseph,22,0,50,28
1656729005439,CSE 8A,A50,083650,Miranda; Gregory Joseph,17,1,56,39
1656729011464,CSE 11,A01,083080,Cao; Yingjun,3,16,40,37
1656729017489,CSE 12,A01,083652,Krause-Levy; Sophia Louisa,19,1,120,101
1656729023514,CSE 15L,A01,083654,Morris; Justin Loren,8,0,50,42
1656729023514,CSE 15L,A02,083655,Morris; Justin Loren,8,0,50,42
1656729029543,CSE 20,A01,083657,Tran; Khoa Dang,37,0,80,43
1656729035565,CSE 21,A01,095574,Bach; Quang Tran,21,0,48,27
1656729041592,CSE 30,A01,083084,Eldon; John,5,0,80,75
1656729041592,CSE 30,B01,095061,Bhaskar; Nishant,3,0,50,47
1656729047615,CSE 100,A01,083659,Cao; Yingjun,1,5,70,69
1656729053640,CSE 134B,A01,083661,Powell; Thomas Allan,18,0,100,82
1656729059664,CSE 140,A01,083663,Gungor; Onat,14,0,85,71
1656729065691,CSE 140L,A01,083088,Eldon; John,16,0,100,84
1656729071713,CSE 175,A01,083665,Kumar; Rakesh,3,0,25,22
1656729077741,CSE 190,A00,092507,Dubnov; Shlomo,6,0,20,14
1656729083775,ECE 45,A01,083139,Congero; Spencer William,5,0,75,70
1656729089808,ECE 65,A50,083695,Saad; Andrew S,12,0,30,18
1656729089808,ECE 65,A51,095125,Saad; Andrew S,25,0,26,1
1656729095831,ECE 109,A01,091882,Touri; Behrouz,13,0,70,57
1656729101861,ECE 180,A00,083140,Abi Samra; Nicholas Camill,1,0,30,29
1656729101861,ECE 180,B00,083141,Abi Samra; Nicholas Camill,0,0,30,30
1656729107899,MATH 10A,A01,083735,Patchell; Gregory David,0,0,30,30
1656729107899,MATH 10A,A02,083736,Patchell; Gregory David,20,0,30,10
1656729107899,MATH 10A,A03,083737,Patchell; Gregory David,15,0,30,15
1656729113928,MATH 10B,A01,083207,Lim; Seonhee,7,0,34,27
1656729113928,MATH 10B,A02,083208,Lim; Seonhee,9,0,35,26
1656729113928,MATH 10B,A03,093472,Lim; Seonhee,3,0,34,31
1656729113928,MATH 10B,B01,083739,Sinha; Shubham,9,0,30,21
1656729119953,MATH 18,A01,083743,Cinel; Cameron Alexander,5,0,30,25
1656729119953,MATH 18,A02,083744,Cinel; Cameron Alexander,15,0,30,15
1656729119953,MATH 18,A03,083745,Cinel; Cameron Alexander,8,0,30,22
1656729119953,MATH 18,B01,083748,Rideout; David Porter,3,0,37,34
1656729119953,MATH 18,B02,083749,Rideout; David Porter,2,0,36,34
1656729119953,MATH 18,B03,083750,Rideout; David Porter,1,0,37,36
1656729119953,MATH 18,B04,083751,Rideout; David Porter,4,0,36,32
1656729119953,MATH 18,B05,093473,Rideout; David Porter,4,0,36,32
1656729119953,MATH 18,B06,093474,Rideout; David Porter,4,0,36,32
1656729125988,MATH 20A,A01,083754,Zheng; Zequn,12,0,40,28
1656729132016,MATH 20B,A01,083756,Briones; Jor-el Thomas Caparas,1,0,36,35
1656729132016,MATH 20B,A02,083757,Briones; Jor-el Thomas Caparas,1,0,36,35
1656729132016,MATH 20B,A03,093475,Briones; Jor-el Thomas Caparas,0,0,36,36
1656729138043,MATH 20C,A01,083760,Briones; Jor-el Thomas Caparas,1,0,35,34
1656729138043,MATH 20C,A02,083761,Briones; Jor-el Thomas Caparas,8,0,35,27
1656729138043,MATH 20C,A03,093476,Briones; Jor-el Thomas Caparas,0,1,36,36
1656729138043,MATH 20C,B01,083762,Bach; Quang Tran,0,0,30,30
1656729144067,MATH 20D,A01,083765,Tran; Brian Kha,4,0,30,26
1656729144067,MATH 20D,A02,083766,Tran; Brian Kha,4,0,30,26
1656729144067,MATH 20D,A03,083767,Tran; Brian Kha,1,0,30,29
1656729150090,MATH 20E,A01,083771,Ganguly; Soumya,3,0,32,29
1656729150090,MATH 20E,A02,083772,Ganguly; Soumya,4,0,32,28
1656729150090,MATH 20E,B01,083773,Ciotti; Benjamin,18,0,35,17
1656729150090,MATH 20E,B02,083774,Ciotti; Benjamin,18,0,35,17
1656729156120,MATH 103A,A01,083777,Greenfeld; Be'Eri,2,0,36,34
1656729156120,MATH 103A,A02,083778,Greenfeld; Be'Eri,5,0,36,31
1656729156120,MATH 103A,A03,093561,Greenfeld; Be'Eri,4,0,36,32
1656729156120,MATH 103A,B01,083779,Greenfeld; Be'Eri,6,0,36,30
1656729156120,MATH 103A,B02,083780,Greenfeld; Be'Eri,2,0,36,34
1656729156120,MATH 103A,B03,093562,Greenfeld; Be'Eri,2,0,36,34
1656729162147,MATH 105,A01,085443,Carter; Anne Toulson,13,0,35,22
1656729162147,MATH 105,A02,093477,Carter; Anne Toulson,20,0,35,15
1656729168174,MATH 109,A01,083213,Ganzberger; Geoffrey Michael,2,0,34,32
1656729168174,MATH 109,A02,083214,Ganzberger; Geoffrey Michael,2,0,34,32
1656729168174,MATH 109,A03,093478,Ganzberger; Geoffrey Michael,2,0,34,32
1656729168174,MATH 109,B01,083215,Ganzberger; Geoffrey Michael,1,0,32,31
1656729168174,MATH 109,B02,083216,Ganzberger; Geoffrey Michael,1,0,32,31
1656729168174,MATH 109,B03,093479,Ganzberger; Geoffrey Michael,7,0,32,25
1656729174204,MATH 142A,A01,083219,Chow; Bennett,5,0,32,27
1656729174204,MATH 142A,A02,083220,Chow; Bennett,9,0,32,23
1656729174204,MATH 142A,A03,093480,Chow; Bennett,7,0,32,25
1656729174204,MATH 142A,B03,093481,Chow; Bennett,7,0,32,25
1656729174204,MATH 142A,B04,093558,Chow; Bennett,10,0,32,22
1656729174204,MATH 142A,B05,093559,Chow; Bennett,5,0,32,27
1656729180238,MATH 193A,A01,083224,Rotar; Vladimir,6,0,34,28
1656729180238,MATH 193A,A02,083225,Rotar; Vladimir,3,0,34,31
1656729180238,MATH 193A,A03,083781,Rotar; Vladimir,1,0,34,33
1656729180238,MATH 193A,A04,083782,Rotar; Vladimir,5,0,34,29
1656729180238,MATH 193A,A05,093482,Rotar; Vladimir,5,0,34,29
1656729186263,MATH 197,001,091859,McAuley; Julian John,9999,0,9999,0
1656729186263,MATH 197,002,095566,Kedlaya; Kiran S.,9997,0,9999,2
1656729186263,MATH 197,003,095567,Xiao; Ming,9999,0,9999,0
1656729186263,MATH 197,004,095571,Perols; Johan Lars,9998,0,9999,1
1656729193319,COGS 9,A01,083615,Shannon; Kyle Michael,5,0,75,70
1656729199345,COGS 11,A01,083617,Boyle; Mary E. T.,17,0,48,31
1656729205372,COGS 13,A01,083071,Bastos; Amalia Pinkusfeld,6,0,71,65
1656729211394,COGS 14A,A01,092681,Semenuks; Arturs,0,1,100,101
1656729217430,COGS 14B,A01,083073,Cheng; Tzu-Han,5,0,63,58
1656729223452,COGS 17,A01,092677,Semenuks; Arturs,4,0,81,77
1656729229478,COGS 100,A01,083619,Allen; Michael Gordon,14,0,70,56
1656729235515,COGS 101A,A01,083621,Davis; Joshua Daniel,9,0,68,59
1656729241537,COGS 101B,A01,091572,Allen; Michael Gordon,7,0,65,58
1656729247560,COGS 101C,A01,083625,Delgado; Tania,17,0,35,18
1656729253587,COGS 107A,A01,083627,Boyle; Mary E. T.,13,0,60,47
1656729259615,COGS 118A,A01,083075,Gupta; Anjum,13,0,76,63
1656729265643,CSE 3,A50,083646,Miranda; Gregory Joseph,22,0,50,28
1656729271671,CSE 8A,A50,083650,Miranda; Gregory Joseph,17,1,56,39
1656729277701,CSE 11,A01,083080,Cao; Yingjun,3,16,40,37
1656729283722,CSE 12,A01,083652,Krause-Levy; Sophia Louisa,19,1,120,101
1656729289747,CSE 15L,A01,083654,Morris; Justin Loren,8,0,50,42
1656729289747,CSE 15L,A02,083655,Morris; Justin Loren,8,0,50,42
1656729295769,CSE 20,A01,083657,Tran; Khoa Dang,37,0,80,43
1656729301893,CSE 21,A01,095574,Bach; Quang Tran,21,0,48,27
1656729307916,CSE 30,A01,083084,Eldon; John,5,0,80,75
1656729307916,CSE 30,B01,095061,Bhaskar; Nishant,3,0,50,47
1656729313940,CSE 100,A01,083659,Cao; Yingjun,1,5,70,69
1656729319963,CSE 134B,A01,083661,Powell; Thomas Allan,18,0,100,82
1656729325992,CSE 140,A01,083663,Gungor; Onat,14,0,85,71
1656729332016,CSE 140L,A01,083088,Eldon; John,16,0,100,84
1656729338041,CSE 175,A01,083665,Kumar; Rakesh,3,0,25,22
1656729344066,CSE 190,A00,092507,Dubnov; Shlomo,6,0,20,14
1656729350094,ECE 45,A01,083139,Congero; Spencer William,5,0,75,70
1656729356122,ECE 65,A50,083695,Saad; Andrew S,12,0,30,18
1656729356122,ECE 65,A51,095125,Saad; Andrew S,25,0,26,1
1656729362146,ECE 109,A01,091882,Touri; Behrouz,13,0,70,57
1656729368173,ECE 180,A00,083140,Abi Samra; Nicholas Camill,1,0,30,29
1656729368173,ECE 180,B00,083141,Abi Samra; Nicholas Camill,0,0,30,30
1656729374207,MATH 10A,A01,083735,Patchell; Gregory David,0,0,30,30
1656729374207,MATH 10A,A02,083736,Patchell; Gregory David,20,0,30,10
1656729374207,MATH 10A,A03,083737,Patchell; Gregory David,15,0,30,15
1656729380236,MATH 10B,A01,083207,Lim; Seonhee,7,0,34,27
1656729380236,MATH 10B,A02,083208,Lim; Seonhee,9,0,35,26
1656729380236,MATH 10B,A03,093472,Lim; Seonhee,3,0,34,31
1656729380236,MATH 10B,B01,083739,Sinha; Shubham,9,0,30,21
1656729386259,MATH 18,A01,083743,Cinel; Cameron Alexander,5,0,30,25
1656729386259,MATH 18,A02,083744,Cinel; Cameron Alexander,15,0,30,15
1656729386259,MATH 18,A03,083745,Cinel; Cameron Alexander,8,0,30,22
1656729386259,MATH 18,B01,083748,Rideout; David Porter,3,0,37,34
1656729386259,MATH 18,B02,083749,Rideout; David Porter,2,0,36,34
1656729386259,MATH 18,B03,083750,Rideout; David Porter,1,0,37,36
1656729386259,MATH 18,B04,083751,Rideout; David Porter,4,0,36,32
1656729386259,MATH 18,B05,093473,Rideout; David Porter,4,0,36,32
1656729386259,MATH 18,B06,093474,Rideout; David Porter,4,0,36,32
1656729392293,MATH 20A,A01,083754,Zheng; Zequn,12,0,40,28
1656729398318,MATH 20B,A01,083756,Briones; Jor-el Thomas Caparas,1,0,36,35
1656729398318,MATH 20B,A02,083757,Briones; Jor-el Thomas Caparas,1,0,36,35
1656729398318,MATH 20B,A03,093475,Briones; Jor-el Thomas Caparas,0,0,36,36
1656729404340,MATH 20C,A01,083760,Briones; Jor-el Thomas Caparas,1,0,35,34
1656729404340,MATH 20C,A02,083761,Briones; Jor-el Thomas Caparas,8,0,35,27
1656729404340,MATH 20C,A03,093476,Briones; Jor-el Thomas Caparas,0,1,36,36
1656729404340,MATH 20C,B01,083762,Bach; Quang Tran,0,0,30,30
1656729410369,MATH 20D,A01,083765,Tran; Brian Kha,4,0,30,26
1656729410369,MATH 20D,A02,083766,Tran; Brian Kha,4,0,30,26
1656729410369,MATH 20D,A03,083767,Tran; Brian Kha,1,0,30,29
1656729416400,MATH 20E,A01,083771,Ganguly; Soumya,3,0,32,29
1656729416400,MATH 20E,A02,083772,Ganguly; Soumya,4,0,32,28
1656729416400,MATH 20E,B01,083773,Ciotti; Benjamin,18,0,35,17
1656729416400,MATH 20E,B02,083774,Ciotti; Benjamin,17,0,35,18
1656729422431,MATH 103A,A01,083777,Greenfeld; Be'Eri,2,0,36,34
1656729422431,MATH 103A,A02,083778,Greenfeld; Be'Eri,5,0,36,31
1656729422431,MATH 103A,A03,093561,Greenfeld; Be'Eri,4,0,36,32
1656729422431,MATH 103A,B01,083779,Greenfeld; Be'Eri,6,0,36,30
1656729422431,MATH 103A,B02,083780,Greenfeld; Be'Eri,2,0,36,34
1656729422431,MATH 103A,B03,093562,Greenfeld; Be'Eri,2,0,36,34
1656729428454,MATH 105,A01,085443,Carter; Anne Toulson,13,0,35,22
1656729428454,MATH 105,A02,093477,Carter; Anne Toulson,20,0,35,15
1656729434490,MATH 109,A01,083213,Ganzberger; Geoffrey Michael,2,0,34,32
1656729434490,MATH 109,A02,083214,Ganzberger; Geoffrey Michael,2,0,34,32
1656729434490,MATH 109,A03,093478,Ganzberger; Geoffrey Michael,2,0,34,32
1656729434490,MATH 109,B01,083215,Ganzberger; Geoffrey Michael,1,0,32,31
1656729434490,MATH 109,B02,083216,Ganzberger; Geoffrey Michael,1,0,32,31
1656729434490,MATH 109,B03,093479,Ganzberger; Geoffrey Michael,7,0,32,25
1656729440520,MATH 142A,A01,083219,Chow; Bennett,5,0,32,27
1656729440520,MATH 142A,A02,083220,Chow; Bennett,9,0,32,23
1656729440520,MATH 142A,A03,093480,Chow; Bennett,7,0,32,25
1656729440520,MATH 142A,B03,093481,Chow; Bennett,7,0,32,25
1656729440520,MATH 142A,B04,093558,Chow; Bennett,10,0,32,22
1656729440520,MATH 142A,B05,093559,Chow; Bennett,5,0,32,27
1656729446551,MATH 193A,A01,083224,Rotar; Vladimir,6,0,34,28
1656729446551,MATH 193A,A02,083225,Rotar; Vladimir,3,0,34,31
1656729446551,MATH 193A,A03,083781,Rotar; Vladimir,1,0,34,33
1656729446551,MATH 193A,A04,083782,Rotar; Vladimir,5,0,34,29
1656729446551,MATH 193A,A05,093482,Rotar; Vladimir,5,0,34,29
1656729452575,MATH 197,001,091859,McAuley; Julian John,9999,0,9999,0
1656729452575,MATH 197,002,095566,Kedlaya; Kiran S.,9997,0,9999,2
1656729452575,MATH 197,003,095567,Xiao; Ming,9999,0,9999,0
1656729452575,MATH 197,004,095571,Perols; Johan Lars,9998,0,9999,1
1656729459626,COGS 9,A01,083615,Shannon; Kyle Michael,5,0,75,70
1656729465650,COGS 11,A01,083617,Boyle; Mary E. T.,17,0,48,31
1656729471674,COGS 13,A01,083071,Bastos; Amalia Pinkusfeld,6,0,71,65
1656729477702,COGS 14A,A01,092681,Semenuks; Arturs,0,1,100,101
1656729483729,COGS 14B,A01,083073,Cheng; Tzu-Han,5,0,63,58
1656729489756,COGS 17,A01,092677,Semenuks; Arturs,4,0,81,77
1656729495787,COGS 100,A01,083619,Allen; Michael Gordon,14,0,70,56
1656729501818,COGS 101A,A01,083621,Davis; Joshua Daniel,9,0,68,59
1656729507845,COGS 101B,A01,091572,Allen; Michael Gordon,7,0,65,58
1656729513871,COGS 101C,A01,083625,Delgado; Tania,17,0,35,18
1656729519896,COGS 107A,A01,083627,Boyle; Mary E. T.,13,0,60,47
1656729525919,COGS 118A,A01,083075,Gupta; Anjum,13,0,76,63
1656729531942,CSE 3,A50,083646,Miranda; Gregory Joseph,22,0,50,28
1656729537968,CSE 8A,A50,083650,Miranda; Gregory Joseph,17,1,56,39
1656729543991,CSE 11,A01,083080,Cao; Yingjun,3,16,40,37
1656729550023,CSE 12,A01,083652,Krause-Levy; Sophia Louisa,19,1,120,101
1656729556046,CSE 15L,A01,083654,Morris; Justin Loren,8,0,50,42
1656729556046,CSE 15L,A02,083655,Morris; Justin Loren,8,0,50,42
1656729562072,CSE 20,A01,083657,Tran; Khoa Dang,37,0,80,43
1656729568105,CSE 21,A01,095574,Bach; Quang Tran,21,0,48,27
1656729574140,CSE 30,A01,083084,Eldon; John,5,0,80,75
1656729574140,CSE 30,B01,095061,Bhaskar; Nishant,3,0,50,47
1656729580163,CSE 100,A01,083659,Cao; Yingjun,1,5,70,69
1656729586186,CSE 134B,A01,083661,Powell; Thomas Allan,18,0,100,82
1656729592211,CSE 140,A01,083663,Gungor; Onat,14,0,85,71
1656729598235,CSE 140L,A01,083088,Eldon; John,16,0,100,84
1656729604262,CSE 175,A01,083665,Kumar; Rakesh,3,0,25,22
1656729610286,CSE 190,A00,092507,Dubnov; Shlomo,6,0,20,14
1656729616309,ECE 45,A01,083139,Congero; Spencer William,5,0,75,70
1656729622332,ECE 65,A50,083695,Saad; Andrew S,12,0,30,18
1656729622332,ECE 65,A51,095125,Saad; Andrew S,25,0,26,1
1656729628356,ECE 109,A01,091882,Touri; Behrouz,13,0,70,57
1656729634379,ECE 180,A00,083140,Abi Samra; Nicholas Camill,1,0,30,29
1656729634379,ECE 180,B00,083141,Abi Samra; Nicholas Camill,0,0,30,30
1656729640403,MATH 10A,A01,083735,Patchell; Gregory David,0,0,30,30
1656729640403,MATH 10A,A02,083736,Patchell; Gregory David,20,0,30,10
1656729640403,MATH 10A,A03,083737,Patchell; Gregory David,15,0,30,15
1656729646428,MATH 10B,A01,083207,Lim; Seonhee,7,0,34,27
1656729646428,MATH 10B,A02,083208,Lim; Seonhee,9,0,35,26
1656729646428,MATH 10B,A03,093472,Lim; Seonhee,3,0,34,31
1656729646428,MATH 10B,B01,083739,Sinha; Shubham,9,0,30,21
1656729652458,MATH 18,A01,083743,Cinel; Cameron Alexander,5,0,30,25
1656729652458,MATH 18,A02,083744,Cinel; Cameron Alexander,15,0,30,15
1656729652458,MATH 18,A03,083745,Cinel; Cameron Alexander,8,0,30,22
1656729652458,MATH 18,B01,083748,Rideout; David Porter,3,0,37,34
1656729652458,MATH 18,B02,083749,Rideout; David Porter,2,0,36,34
1656729652458,MATH 18,B03,083750,Rideout; David Porter,1,0,37,36
1656729652458,MATH 18,B04,083751,Rideout; David Porter,4,0,36,32
1656729652458,MATH 18,B05,093473,Rideout; David Porter,4,0,36,32
1656729652458,MATH 18,B06,093474,Rideout; David Porter,4,0,36,32
1656729658481,MATH 20A,A01,083754,Zheng; Zequn,12,0,40,28
1656729664505,MATH 20B,A01,083756,Briones; Jor-el Thomas Caparas,1,0,36,35
1656729664505,MATH 20B,A02,083757,Briones; Jor-el Thomas Caparas,1,0,36,35
1656729664505,MATH 20B,A03,093475,Briones; Jor-el Thomas Caparas,0,0,36,36
1656729670541,MATH 20C,A01,083760,Briones; Jor-el Thomas Caparas,1,0,35,34
1656729670541,MATH 20C,A02,083761,Briones; Jor-el Thomas Caparas,8,0,35,27
1656729670541,MATH 20C,A03,093476,Briones; Jor-el Thomas Caparas,0,1,36,36
1656729670541,MATH 20C,B01,083762,Bach; Quang Tran,0,0,30,30
1656729676564,MATH 20D,A01,083765,Tran; Brian Kha,4,0,30,26
1656729676564,MATH 20D,A02,083766,Tran; Brian Kha,4,0,30,26
1656729676564,MATH 20D,A03,083767,Tran; Brian Kha,1,0,30,29
1656729682592,MATH 20E,A01,083771,Ganguly; Soumya,3,0,32,29
1656729682592,MATH 20E,A02,083772,Ganguly; Soumya,4,0,32,28
1656729682592,MATH 20E,B01,083773,Ciotti; Benjamin,18,0,35,17
1656729682592,MATH 20E,B02,083774,Ciotti; Benjamin,17,0,35,18
1656729688618,MATH 103A,A01,083777,Greenfeld; Be'Eri,2,0,36,34
1656729688618,MATH 103A,A02,083778,Greenfeld; Be'Eri,5,0,36,31
1656729688618,MATH 103A,A03,093561,Greenfeld; Be'Eri,4,0,36,32
1656729688618,MATH 103A,B01,083779,Greenfeld; Be'Eri,6,0,36,30
1656729688618,MATH 103A,B02,083780,Greenfeld; Be'Eri,2,0,36,34
1656729688618,MATH 103A,B03,093562,Greenfeld; Be'Eri,2,0,36,34
1656729694648,MATH 105,A01,085443,Carter; Anne Toulson,13,0,35,22
1656729694648,MATH 105,A02,093477,Carter; Anne Toulson,20,0,35,15
1656729700677,MATH 109,A01,083213,Ganzberger; Geoffrey Michael,2,0,34,32
1656729700677,MATH 109,A02,083214,Ganzberger; Geoffrey Michael,2,0,34,32
1656729700677,MATH 109,A03,093478,Ganzberger; Geoffrey Michael,2,0,34,32
1656729700677,MATH 109,B01,083215,Ganzberger; Geoffrey Michael,1,0,32,31
1656729700677,MATH 109,B02,083216,Ganzberger; Geoffrey Michael,1,0,32,31
1656729700677,MATH 109,B03,093479,Ganzberger; Geoffrey Michael,7,0,32,25
1656729706706,MATH 142A,A01,083219,Chow; Bennett,5,0,32,27
1656729706706,MATH 142A,A02,083220,Chow; Bennett,9,0,32,23
1656729706706,MATH 142A,A03,093480,Chow; Bennett,7,0,32,25
1656729706706,MATH 142A,B03,093481,Chow; Bennett,7,0,32,25
1656729706706,MATH 142A,B04,093558,Chow; Bennett,10,0,32,22
1656729706706,MATH 142A,B05,093559,Chow; Bennett,5,0,32,27
1656729712730,MATH 193A,A01,083224,Rotar; Vladimir,6,0,34,28
1656729712730,MATH 193A,A02,083225,Rotar; Vladimir,3,0,34,31
1656729712730,MATH 193A,A03,083781,Rotar; Vladimir,1,0,34,33
1656729712730,MATH 193A,A04,083782,Rotar; Vladimir,5,0,34,29
1656729712730,MATH 193A,A05,093482,Rotar; Vladimir,5,0,34,29
1656729718756,MATH 197,001,091859,McAuley; Julian John,9999,0,9999,0
1656729718756,MATH 197,002,095566,Kedlaya; Kiran S.,9997,0,9999,2
1656729718756,MATH 197,003,095567,Xiao; Ming,9999,0,9999,0
1656729718756,MATH 197,004,095571,Perols; Johan Lars,9998,0,9999,1
1656729725805,COGS 9,A01,083615,Shannon; Kyle Michael,5,0,75,70
1656729731836,COGS 11,A01,083617,Boyle; Mary E. T.,17,0,48,31
1656729737859,COGS 13,A01,083071,Bastos; Amalia Pinkusfeld,6,0,71,65
1656729743885,COGS 14A,A01,092681,Semenuks; Arturs,0,1,100,101
1656729749909,COGS 14B,A01,083073,Cheng; Tzu-Han,5,0,63,58
1656729755935,COGS 17,A01,092677,Semenuks; Arturs,4,0,81,77
1656729761959,COGS 100,A01,083619,Allen; Michael Gordon,14,0,70,56
1656729767982,COGS 101A,A01,083621,Davis; Joshua Daniel,9,0,68,59
1656729774005,COGS 101B,A01,091572,Allen; Michael Gordon,7,0,65,58
1656729780032,COGS 101C,A01,083625,Delgado; Tania,17,0,35,18
1656729786060,COGS 107A,A01,083627,Boyle; Mary E. T.,13,0,60,47
1656729792089,COGS 118A,A01,083075,Gupta; Anjum,13,0,76,63
1656729798115,CSE 3,A50,083646,Miranda; Gregory Joseph,22,0,50,28
1656729804142,CSE 8A,A50,083650,Miranda; Gregory Joseph,17,1,56,39
1656729810165,CSE 11,A01,083080,Cao; Yingjun,3,16,40,37
1656729816197,CSE 12,A01,083652,Krause-Levy; Sophia Louisa,19,1,120,101
1656729822222,CSE 15L,A01,083654,Morris; Justin Loren,8,0,50,42
1656729822222,CSE 15L,A02,083655,Morris; Justin Loren,8,0,50,42
1656729828244,CSE 20,A01,083657,Tran; Khoa Dang,37,0,80,43
1656729834278,CSE 21,A01,095574,Bach; Quang Tran,21,0,48,27
1656729840305,CSE 30,A01,083084,Eldon; John,5,0,80,75
1656729840305,CSE 30,B01,095061,Bhaskar; Nishant,3,0,50,47
1656729846329,CSE 100,A01,083659,Cao; Yingjun,1,5,70,69
1656729852354,CSE 134B,A01,083661,Powell; Thomas Allan,18,0,100,82
1656729858380,CSE 140,A01,083663,Gungor; Onat,14,0,85,71
1656729864405,CSE 140L,A01,083088,Eldon; John,16,0,100,84
1656729870431,CSE 175,A01,083665,Kumar; Rakesh,3,0,25,22
1656729876457,CSE 190,A00,092507,Dubnov; Shlomo,6,0,20,14
1656729882481,ECE 45,A01,083139,Congero; Spencer William,5,0,75,70
1656729888513,ECE 65,A50,083695,Saad; Andrew S,12,0,30,18
1656729888513,ECE 65,A51,095125,Saad; Andrew S,25,0,26,1
1656729894548,ECE 109,A01,091882,Touri; Behrouz,13,0,70,57
1656729900643,ECE 180,A00,083140,Abi Samra; Nicholas Camill,1,0,30,29
1656729900643,ECE 180,B00,083141,Abi Samra; Nicholas Camill,0,0,30,30
1656729906669,MATH 10A,A01,083735,Patchell; Gregory David,0,0,30,30
1656729906669,MATH 10A,A02,083736,Patchell; Gregory David,20,0,30,10
1656729906669,MATH 10A,A03,083737,Patchell; Gregory David,15,0,30,15
1656729912691,MATH 10B,A01,083207,Lim; Seonhee,7,0,34,27
1656729912691,MATH 10B,A02,083208,Lim; Seonhee,9,0,35,26
1656729912691,MATH 10B,A03,093472,Lim; Seonhee,3,0,34,31
1656729912691,MATH 10B,B01,083739,Sinha; Shubham,9,0,30,21
1656729918722,MATH 18,A01,083743,Cinel; Cameron Alexander,5,0,30,25
1656729918722,MATH 18,A02,083744,Cinel; Cameron Alexander,15,0,30,15
1656729918722,MATH 18,A03,083745,Cinel; Cameron Alexander,8,0,30,22
1656729918722,MATH 18,B01,083748,Rideout; David Porter,3,0,37,34
1656729918722,MATH 18,B02,083749,Rideout; David Porter,2,0,36,34
1656729918722,MATH 18,B03,083750,Rideout; David Porter,1,0,37,36
1656729918722,MATH 18,B04,083751,Rideout; David Porter,4,0,36,32
1656729918722,MATH 18,B05,093473,Rideout; David Porter,4,0,36,32
1656729918722,MATH 18,B06,093474,Rideout; David Porter,4,0,36,32
1656729924748,MATH 20A,A01,083754,Zheng; Zequn,12,0,40,28
1656729930772,MATH 20B,A01,083756,Briones; Jor-el Thomas Caparas,1,0,36,35
1656729930772,MATH 20B,A02,083757,Briones; Jor-el Thomas Caparas,1,0,36,35
1656729930772,MATH 20B,A03,093475,Briones; Jor-el Thomas Caparas,0,0,36,36
1656729936802,MATH 20C,A01,083760,Briones; Jor-el Thomas Caparas,1,0,35,34
1656729936802,MATH 20C,A02,083761,Briones; Jor-el Thomas Caparas,8,0,35,27
1656729936802,MATH 20C,A03,093476,Briones; Jor-el Thomas Caparas,0,1,36,36
1656729936802,MATH 20C,B01,083762,Bach; Quang Tran,0,0,30,30
1656729942838,MATH 20D,A01,083765,Tran; Brian Kha,4,0,30,26
1656729942838,MATH 20D,A02,083766,Tran; Brian Kha,4,0,30,26
1656729942838,MATH 20D,A03,083767,Tran; Brian Kha,1,0,30,29
1656729948873,MATH 20E,A01,083771,Ganguly; Soumya,3,0,32,29
1656729948873,MATH 20E,A02,083772,Ganguly; Soumya,4,0,32,28
1656729948873,MATH 20E,B01,083773,Ciotti; Benjamin,18,0,35,17
1656729948873,MATH 20E,B02,083774,Ciotti; Benjamin,17,0,35,18
1656729954903,MATH 103A,A01,083777,Greenfeld; Be'Eri,2,0,36,34
1656729954903,MATH 103A,A02,083778,Greenfeld; Be'Eri,5,0,36,31
1656729954903,MATH 103A,A03,093561,Greenfeld; Be'Eri,4,0,36,32
1656729954903,MATH 103A,B01,083779,Greenfeld; Be'Eri,6,0,36,30
1656729954903,MATH 103A,B02,083780,Greenfeld; Be'Eri,2,0,36,34
1656729954903,MATH 103A,B03,093562,Greenfeld; Be'Eri,2,0,36,34
1656729960926,MATH 105,A01,085443,Carter; Anne Toulson,13,0,35,22
1656729960926,MATH 105,A02,093477,Carter; Anne Toulson,20,0,35,15
1656729966972,MATH 109,A01,083213,Ganzberger; Geoffrey Michael,2,0,34,32
1656729966972,MATH 109,A02,083214,Ganzberger; Geoffrey Michael,2,0,34,32
1656729966972,MATH 109,A03,093478,Ganzberger; Geoffrey Michael,2,0,34,32
1656729966972,MATH 109,B01,083215,Ganzberger; Geoffrey Michael,1,0,32,31
1656729966972,MATH 109,B02,083216,Ganzberger; Geoffrey Michael,1,0,32,31
1656729966972,MATH 109,B03,093479,Ganzberger; Geoffrey Michael,7,0,32,25
1656729972995,MATH 142A,A01,083219,Chow; Bennett,5,0,32,27
1656729972995,MATH 142A,A02,083220,Chow; Bennett,9,0,32,23
1656729972995,MATH 142A,A03,093480,Chow; Bennett,7,0,32,25
1656729972995,MATH 142A,B03,093481,Chow; Bennett,7,0,32,25
1656729972995,MATH 142A,B04,093558,Chow; Bennett,10,0,32,22
1656729972995,MATH 142A,B05,093559,Chow; Bennett,5,0,32,27
1656729979018,MATH 193A,A01,083224,Rotar; Vladimir,6,0,34,28
1656729979018,MATH 193A,A02,083225,Rotar; Vladimir,3,0,34,31
1656729979018,MATH 193A,A03,083781,Rotar; Vladimir,1,0,34,33
1656729979018,MATH 193A,A04,083782,Rotar; Vladimir,5,0,34,29
1656729979018,MATH 193A,A05,093482,Rotar; Vladimir,5,0,34,29
1656729985042,MATH 197,001,091859,McAuley; Julian John,9999,0,9999,0
1656729985042,MATH 197,002,095566,Kedlaya; Kiran S.,9997,0,9999,2
1656729985042,MATH 197,003,095567,Xiao; Ming,9999,0,9999,0
1656729985042,MATH 197,004,095571,Perols; Johan Lars,9998,0,9999,1
1656729992104,COGS 9,A01,083615,Shannon; Kyle Michael,5,0,75,70
1656729998130,COGS 11,A01,083617,Boyle; Mary E. T.,17,0,48,31
1656730004154,COGS 13,A01,083071,Bastos; Amalia Pinkusfeld,6,0,71,65
1656730010176,COGS 14A,A01,092681,Semenuks; Arturs,0,1,100,101
1656730016208,COGS 14B,A01,083073,Cheng; Tzu-Han,5,0,63,58
1656730022233,COGS 17,A01,092677,Semenuks; Arturs,4,0,81,77
1656730028265,COGS 100,A01,083619,Allen; Michael Gordon,14,0,70,56
1656730034291,COGS 101A,A01,083621,Davis; Joshua Daniel,9,0,68,59
1656730040318,COGS 101B,A01,091572,Allen; Michael Gordon,7,0,65,58
1656730046343,COGS 101C,A01,083625,Delgado; Tania,17,0,35,18
1656730052369,COGS 107A,A01,083627,Boyle; Mary E. T.,13,0,60,47
1656730058391,COGS 118A,A01,083075,Gupta; Anjum,13,0,76,63
1656730064418,CSE 3,A50,083646,Miranda; Gregory Joseph,22,0,50,28
1656730070446,CSE 8A,A50,083650,Miranda; Gregory Joseph,17,1,56,39
1656730076469,CSE 11,A01,083080,Cao; Yingjun,3,16,40,37
1656730082493,CSE 12,A01,083652,Krause-Levy; Sophia Louisa,19,1,120,101
1656730088515,CSE 15L,A01,083654,Morris; Justin Loren,8,0,50,42
1656730088515,CSE 15L,A02,083655,Morris; Justin Loren,8,0,50,42
1656730094538,CSE 20,A01,083657,Tran; Khoa Dang,37,0,80,43
1656730100562,CSE 21,A01,095574,Bach; Quang Tran,21,0,48,27
1656730106619,CSE 30,A01,083084,Eldon; John,4,0,80,76
1656730106619,CSE 30,B01,095061,Bhaskar; Nishant,4,0,50,46
1656730112643,CSE 100,A01,083659,Cao; Yingjun,1,5,70,69
1656730118670,CSE 134B,A01,083661,Powell; Thomas Allan,18,0,100,82
1656730124696,CSE 140,A01,083663,Gungor; Onat,14,0,85,71
1656730130723,CSE 140L,A01,083088,Eldon; John,16,0,100,84
1656730136748,CSE 175,A01,083665,Kumar; Rakesh,3,0,25,22
1656730142783,CSE 190,A00,092507,Dubnov; Shlomo,6,0,20,14
1656730148810,ECE 45,A01,083139,Congero; Spencer William,5,0,75,70
1656730154833,ECE 65,A50,083695,Saad; Andrew S,12,0,30,18
1656730154833,ECE 65,A51,095125,Saad; Andrew S,25,0,26,1
1656730160857,ECE 109,A01,091882,Touri; Behrouz,13,0,70,57
1656730166880,ECE 180,A00,083140,Abi Samra; Nicholas Camill,1,0,30,29
1656730166880,ECE 180,B00,083141,Abi Samra; Nicholas Camill,0,0,30,30
1656730172903,MATH 10A,A01,083735,Patchell; Gregory David,0,0,30,30
1656730172903,MATH 10A,A02,083736,Patchell; Gregory David,20,0,30,10
1656730172903,MATH 10A,A03,083737,Patchell; Gregory David,15,0,30,15
1656730178926,MATH 10B,A01,083207,Lim; Seonhee,7,0,34,27
1656730178926,MATH 10B,A02,083208,Lim; Seonhee,9,0,35,26
1656730178926,MATH 10B,A03,093472,Lim; Seonhee,3,0,34,31
1656730178926,MATH 10B,B01,083739,Sinha; Shubham,9,0,30,21
1656730184951,MATH 18,A01,083743,Cinel; Cameron Alexander,5,0,30,25
1656730184951,MATH 18,A02,083744,Cinel; Cameron Alexander,15,0,30,15
1656730184951,MATH 18,A03,083745,Cinel; Cameron Alexander,8,0,30,22
1656730184951,MATH 18,B01,083748,Rideout; David Porter,3,0,37,34
1656730184951,MATH 18,B02,083749,Rideout; David Porter,2,0,36,34
1656730184951,MATH 18,B03,083750,Rideout; David Porter,1,0,37,36
1656730184951,MATH 18,B04,083751,Rideout; David Porter,4,0,36,32
1656730184951,MATH 18,B05,093473,Rideout; David Porter,4,0,36,32
1656730184951,MATH 18,B06,093474,Rideout; David Porter,4,0,36,32
1656730190978,MATH 20A,A01,083754,Zheng; Zequn,12,0,40,28
1656730197003,MATH 20B,A01,083756,Briones; Jor-el Thomas Caparas,1,0,36,35
1656730197003,MATH 20B,A02,083757,Briones; Jor-el Thomas Caparas,1,0,36,35
1656730197003,MATH 20B,A03,093475,Briones; Jor-el Thomas Caparas,0,0,36,36
1656730203043,MATH 20C,A01,083760,Briones; Jor-el Thomas Caparas,1,0,35,34
1656730203043,MATH 20C,A02,083761,Briones; Jor-el Thomas Caparas,8,0,35,27
1656730203043,MATH 20C,A03,093476,Briones; Jor-el Thomas Caparas,0,1,36,36
1656730203043,MATH 20C,B01,083762,Bach; Quang Tran,0,0,30,30
1656730209077,MATH 20D,A01,083765,Tran; Brian Kha,4,0,30,26
1656730209077,MATH 20D,A02,083766,Tran; Brian Kha,4,0,30,26
1656730209077,MATH 20D,A03,083767,Tran; Brian Kha,1,0,30,29
1656730215107,MATH 20E,A01,083771,Ganguly; Soumya,4,0,32,28
1656730215107,MATH 20E,A02,083772,Ganguly; Soumya,4,0,32,28
1656730215107,MATH 20E,B01,083773,Ciotti; Benjamin,18,0,35,17
1656730215107,MATH 20E,B02,083774,Ciotti; Benjamin,17,0,35,18
1656730221142,MATH 103A,A01,083777,Greenfeld; Be'Eri,2,0,36,34
1656730221142,MATH 103A,A02,083778,Greenfeld; Be'Eri,5,0,36,31
1656730221142,MATH 103A,A03,093561,Greenfeld; Be'Eri,4,0,36,32
1656730221142,MATH 103A,B01,083779,Greenfeld; Be'Eri,6,0,36,30
1656730221142,MATH 103A,B02,083780,Greenfeld; Be'Eri,2,0,36,34
1656730221142,MATH 103A,B03,093562,Greenfeld; Be'Eri,2,0,36,34
1656730227169,MATH 105,A01,085443,Carter; Anne Toulson,13,0,35,22
1656730227169,MATH 105,A02,093477,Carter; Anne Toulson,20,0,35,15
1656730233211,MATH 109,A01,083213,Ganzberger; Geoffrey Michael,2,0,34,32
1656730233211,MATH 109,A02,083214,Ganzberger; Geoffrey Michael,2,0,34,32
1656730233211,MATH 109,A03,093478,Ganzberger; Geoffrey Michael,2,0,34,32
1656730233211,MATH 109,B01,083215,Ganzberger; Geoffrey Michael,1,0,32,31
1656730233211,MATH 109,B02,083216,Ganzberger; Geoffrey Michael,1,0,32,31
1656730233211,MATH 109,B03,093479,Ganzberger; Geoffrey Michael,7,0,32,25
1656730239241,MATH 142A,A01,083219,Chow; Bennett,5,0,32,27
1656730239241,MATH 142A,A02,083220,Chow; Bennett,9,0,32,23
1656730239241,MATH 142A,A03,093480,Chow; Bennett,7,0,32,25
1656730239241,MATH 142A,B03,093481,Chow; Bennett,7,0,32,25
1656730239241,MATH 142A,B04,093558,Chow; Bennett,10,0,32,22
1656730239241,MATH 142A,B05,093559,Chow; Bennett,5,0,32,27
1656730245268,MATH 193A,A01,083224,Rotar; Vladimir,6,0,34,28
1656730245268,MATH 193A,A02,083225,Rotar; Vladimir,3,0,34,31
1656730245268,MATH 193A,A03,083781,Rotar; Vladimir,1,0,34,33
1656730245268,MATH 193A,A04,083782,Rotar; Vladimir,5,0,34,29
1656730245268,MATH 193A,A05,093482,Rotar; Vladimir,5,0,34,29
1656730251296,MATH 197,001,091859,McAuley; Julian John,9999,0,9999,0
1656730251296,MATH 197,002,095566,Kedlaya; Kiran S.,9997,0,9999,2
1656730251296,MATH 197,003,095567,Xiao; Ming,9999,0,9999,0
1656730251296,MATH 197,004,095571,Perols; Johan Lars,9998,0,9999,1
1656730258361,COGS 9,A01,083615,Shannon; Kyle Michael,5,0,75,70
1656730264387,COGS 11,A01,083617,Boyle; Mary E. T.,17,0,48,31
1656730270410,COGS 13,A01,083071,Bastos; Amalia Pinkusfeld,6,0,71,65
1656730276432,COGS 14A,A01,092681,Semenuks; Arturs,0,1,100,101
1656730282456,COGS 14B,A01,083073,Cheng; Tzu-Han,5,0,63,58
1656730288481,COGS 17,A01,092677,Semenuks; Arturs,4,0,81,77
1656730294502,COGS 100,A01,083619,Allen; Michael Gordon,14,0,70,56
1656730300526,COGS 101A,A01,083621,Davis; Joshua Daniel,9,0,68,59
1656730306550,COGS 101B,A01,091572,Allen; Michael Gordon,7,0,65,58
1656730312578,COGS 101C,A01,083625,Delgado; Tania,17,0,35,18
1656730318603,COGS 107A,A01,083627,Boyle; Mary E. T.,13,0,60,47
1656730324631,COGS 118A,A01,083075,Gupta; Anjum,13,0,76,63
1656730330658,CSE 3,A50,083646,Miranda; Gregory Joseph,22,0,50,28
1656730336682,CSE 8A,A50,083650,Miranda; Gregory Joseph,17,1,56,39
1656730342704,CSE 11,A01,083080,Cao; Yingjun,3,16,40,37
1656730348737,CSE 12,A01,083652,Krause-Levy; Sophia Louisa,19,1,120,101
1656730354760,CSE 15L,A01,083654,Morris; Justin Loren,8,0,50,42
1656730354760,CSE 15L,A02,083655,Morris; Justin Loren,8,0,50,42
1656730360782,CSE 20,A01,083657,Tran; Khoa Dang,37,0,80,43
1656730366808,CSE 21,A01,095574,Bach; Quang Tran,21,0,48,27
1656730372832,CSE 30,A01,083084,Eldon; John,4,0,80,76
1656730372832,CSE 30,B01,095061,Bhaskar; Nishant,4,0,50,46
1656730378859,CSE 100,A01,083659,Cao; Yingjun,1,5,70,69
1656730384886,CSE 134B,A01,083661,Powell; Thomas Allan,18,0,100,82
1656730390909,CSE 140,A01,083663,Gungor; Onat,14,0,85,71
1656730396930,CSE 140L,A01,083088,Eldon; John,16,0,100,84
1656730402955,CSE 175,A01,083665,Kumar; Rakesh,3,0,25,22
1656730408978,CSE 190,A00,092507,Dubnov; Shlomo,6,0,20,14
1656730415005,ECE 45,A01,083139,Congero; Spencer William,5,0,75,70
1656730421036,ECE 65,A50,083695,Saad; Andrew S,12,0,30,18
1656730421036,ECE 65,A51,095125,Saad; Andrew S,25,0,26,1
1656730427059,ECE 109,A01,091882,Touri; Behrouz,13,0,70,57
1656730433082,ECE 180,A00,083140,Abi Samra; Nicholas Camill,1,0,30,29
1656730433082,ECE 180,B00,083141,Abi Samra; Nicholas Camill,0,0,30,30
1656730439103,MATH 10A,A01,083735,Patchell; Gregory David,0,0,30,30
1656730439103,MATH 10A,A02,083736,Patchell; Gregory David,20,0,30,10
1656730439103,MATH 10A,A03,083737,Patchell; Gregory David,15,0,30,15
1656730445131,MATH 10B,A01,083207,Lim; Seonhee,7,0,34,27
1656730445131,MATH 10B,A02,083208,Lim; Seonhee,9,0,35,26
1656730445131,MATH 10B,A03,093472,Lim; Seonhee,3,0,34,31
1656730445131,MATH 10B,B01,083739,Sinha; Shubham,9,0,30,21
1656730451154,MATH 18,A01,083743,Cinel; Cameron Alexander,5,0,30,25
1656730451154,MATH 18,A02,083744,Cinel; Cameron Alexander,15,0,30,15
1656730451154,MATH 18,A03,083745,Cinel; Cameron Alexander,8,0,30,22
1656730451154,MATH 18,B01,083748,Rideout; David Porter,3,0,37,34
1656730451154,MATH 18,B02,083749,Rideout; David Porter,2,0,36,34
1656730451154,MATH 18,B03,083750,Rideout; David Porter,1,0,37,36
1656730451154,MATH 18,B04,083751,Rideout; David Porter,4,0,36,32
1656730451154,MATH 18,B05,093473,Rideout; David Porter,4,0,36,32
1656730451154,MATH 18,B06,093474,Rideout; David Porter,4,0,36,32
1656730457177,MATH 20A,A01,083754,Zheng; Zequn,12,0,40,28
1656730463201,MATH 20B,A01,083756,Briones; Jor-el Thomas Caparas,1,0,36,35
1656730463201,MATH 20B,A02,083757,Briones; Jor-el Thomas Caparas,1,0,36,35
1656730463201,MATH 20B,A03,093475,Briones; Jor-el Thomas Caparas,0,0,36,36
1656730469223,MATH 20C,A01,083760,Briones; Jor-el Thomas Caparas,1,0,35,34
1656730469223,MATH 20C,A02,083761,Briones; Jor-el Thomas Caparas,8,0,35,27
1656730469223,MATH 20C,A03,093476,Briones; Jor-el Thomas Caparas,0,1,36,36
1656730469223,MATH 20C,B01,083762,Bach; Quang Tran,0,0,30,30
1656730475254,MATH 20D,A01,083765,Tran; Brian Kha,4,0,30,26
1656730475254,MATH 20D,A02,083766,Tran; Brian Kha,4,0,30,26
1656730475254,MATH 20D,A03,083767,Tran; Brian Kha,1,0,30,29
1656730481280,MATH 20E,A01,083771,Ganguly; Soumya,4,0,32,28
1656730481280,MATH 20E,A02,083772,Ganguly; Soumya,4,0,32,28
1656730481280,MATH 20E,B01,083773,Ciotti; Benjamin,18,0,35,17
1656730481280,MATH 20E,B02,083774,Ciotti; Benjamin,17,0,35,18
1656730487308,MATH 103A,A01,083777,Greenfeld; Be'Eri,2,0,36,34
1656730487308,MATH 103A,A02,083778,Greenfeld; Be'Eri,5,0,36,31
1656730487308,MATH 103A,A03,093561,Greenfeld; Be'Eri,4,0,36,32
1656730487308,MATH 103A,B01,083779,Greenfeld; Be'Eri,6,0,36,30
1656730487308,MATH 103A,B02,083780,Greenfeld; Be'Eri,2,0,36,34
1656730487308,MATH 103A,B03,093562,Greenfeld; Be'Eri,2,0,36,34
1656730493335,MATH 105,A01,085443,Carter; Anne Toulson,13,0,35,22
1656730493335,MATH 105,A02,093477,Carter; Anne Toulson,20,0,35,15
1656730499435,MATH 109,A01,083213,Ganzberger; Geoffrey Michael,2,0,34,32
1656730499435,MATH 109,A02,083214,Ganzberger; Geoffrey Michael,2,0,34,32
1656730499435,MATH 109,A03,093478,Ganzberger; Geoffrey Michael,2,0,34,32
1656730499435,MATH 109,B01,083215,Ganzberger; Geoffrey Michael,1,0,32,31
1656730499435,MATH 109,B02,083216,Ganzberger; Geoffrey Michael,1,0,32,31
1656730499435,MATH 109,B03,093479,Ganzberger; Geoffrey Michael,7,0,32,25
1656730505458,MATH 142A,A01,083219,Chow; Bennett,5,0,32,27
1656730505458,MATH 142A,A02,083220,Chow; Bennett,9,0,32,23
1656730505458,MATH 142A,A03,093480,Chow; Bennett,7,0,32,25
1656730505458,MATH 142A,B03,093481,Chow; Bennett,7,0,32,25
1656730505458,MATH 142A,B04,093558,Chow; Bennett,10,0,32,22
1656730505458,MATH 142A,B05,093559,Chow; Bennett,5,0,32,27
1656730511481,MATH 193A,A01,083224,Rotar; Vladimir,6,0,34,28
1656730511481,MATH 193A,A02,083225,Rotar; Vladimir,3,0,34,31
1656730511481,MATH 193A,A03,083781,Rotar; Vladimir,1,0,34,33
1656730511481,MATH 193A,A04,083782,Rotar; Vladimir,5,0,34,29
1656730511481,MATH 193A,A05,093482,Rotar; Vladimir,5,0,34,29
1656730517504,MATH 197,001,091859,McAuley; Julian John,9999,0,9999,0
1656730517504,MATH 197,002,095566,Kedlaya; Kiran S.,9997,0,9999,2
1656730517504,MATH 197,003,095567,Xiao; Ming,9999,0,9999,0
1656730517504,MATH 197,004,095571,Perols; Johan Lars,9998,0,9999,1
1656730524565,COGS 9,A01,083615,Shannon; Kyle Michael,5,0,75,70
1656730530588,COGS 11,A01,083617,Boyle; Mary E. T.,17,0,48,31
1656730536611,COGS 13,A01,083071,Bastos; Amalia Pinkusfeld,6,0,71,65
1656730542638,COGS 14A,A01,092681,Semenuks; Arturs,0,1,100,101
1656730548666,COGS 14B,A01,083073,Cheng; Tzu-Han,5,0,63,58
1656730554689,COGS 17,A01,092677,Semenuks; Arturs,4,0,81,77
1656730560716,COGS 100,A01,083619,Allen; Michael Gordon,14,0,70,56
1656730566737,COGS 101A,A01,083621,Davis; Joshua Daniel,9,0,68,59
1656730572763,COGS 101B,A01,091572,Allen; Michael Gordon,7,0,65,58
1656730578786,COGS 101C,A01,083625,Delgado; Tania,17,0,35,18
1656730584813,COGS 107A,A01,083627,Boyle; Mary E. T.,13,0,60,47
1656730590835,COGS 118A,A01,083075,Gupta; Anjum,13,0,76,63
1656730596859,CSE 3,A50,083646,Miranda; Gregory Joseph,22,0,50,28
1656730602884,CSE 8A,A50,083650,Miranda; Gregory Joseph,17,1,56,39
1656730608909,CSE 11,A01,083080,Cao; Yingjun,3,16,40,37
1656730614932,CSE 12,A01,083652,Krause-Levy; Sophia Louisa,19,1,120,101
1656730620956,CSE 15L,A01,083654,Morris; Justin Loren,8,0,50,42
1656730620956,CSE 15L,A02,083655,Morris; Justin Loren,8,0,50,42
1656730626984,CSE 20,A01,083657,Tran; Khoa Dang,37,0,80,43
1656730633012,CSE 21,A01,095574,Bach; Quang Tran,21,0,48,27
1656730639035,CSE 30,A01,083084,Eldon; John,4,0,80,76
1656730639035,CSE 30,B01,095061,Bhaskar; Nishant,5,0,50,45
1656730645071,CSE 100,A01,083659,Cao; Yingjun,1,5,70,69
1656730651097,CSE 134B,A01,083661,Powell; Thomas Allan,18,0,100,82
1656730657124,CSE 140,A01,083663,Gungor; Onat,14,0,85,71
1656730663155,CSE 140L,A01,083088,Eldon; John,16,0,100,84
1656730669178,CSE 175,A01,083665,Kumar; Rakesh,3,0,25,22
1656730675202,CSE 190,A00,092507,Dubnov; Shlomo,6,0,20,14
1656730681229,ECE 45,A01,083139,Congero; Spencer William,5,0,75,70
1656730687254,ECE 65,A50,083695,Saad; Andrew S,12,0,30,18
1656730687254,ECE 65,A51,095125,Saad; Andrew S,25,0,26,1
1656730693288,ECE 109,A01,091882,Touri; Behrouz,13,0,70,57
1656730699313,ECE 180,A00,083140,Abi Samra; Nicholas Camill,1,0,30,29
1656730699313,ECE 180,B00,083141,Abi Samra; Nicholas Camill,0,0,30,30
1656730705343,MATH 10A,A01,083735,Patchell; Gregory David,0,0,30,30
1656730705343,MATH 10A,A02,083736,Patchell; Gregory David,20,0,30,10
1656730705343,MATH 10A,A03,083737,Patchell; Gregory David,15,0,30,15
1656730711372,MATH 10B,A01,083207,Lim; Seonhee,7,0,34,27
1656730711372,MATH 10B,A02,083208,Lim; Seonhee,9,0,35,26
1656730711372,MATH 10B,A03,093472,Lim; Seonhee,3,0,34,31
1656730711372,MATH 10B,B01,083739,Sinha; Shubham,9,0,30,21
1656730717398,MATH 18,A01,083743,Cinel; Cameron Alexander,5,0,30,25
1656730717398,MATH 18,A02,083744,Cinel; Cameron Alexander,15,0,30,15
1656730717398,MATH 18,A03,083745,Cinel; Cameron Alexander,8,0,30,22
1656730717398,MATH 18,B01,083748,Rideout; David Porter,3,0,37,34
1656730717398,MATH 18,B02,083749,Rideout; David Porter,2,0,36,34
1656730717398,MATH 18,B03,083750,Rideout; David Porter,1,0,37,36
1656730717398,MATH 18,B04,083751,Rideout; David Porter,4,0,36,32
1656730717398,MATH 18,B05,093473,Rideout; David Porter,4,0,36,32
1656730717398,MATH 18,B06,093474,Rideout; David Porter,4,0,36,32
1656730723421,MATH 20A,A01,083754,Zheng; Zequn,12,0,40,28
1656730729451,MATH 20B,A01,083756,Briones; Jor-el Thomas Caparas,1,0,36,35
1656730729451,MATH 20B,A02,083757,Briones; Jor-el Thomas Caparas,1,0,36,35
1656730729451,MATH 20B,A03,093475,Briones; Jor-el Thomas Caparas,0,0,36,36
1656730735479,MATH 20C,A01,083760,Briones; Jor-el Thomas Caparas,1,0,35,34
1656730735479,MATH 20C,A02,083761,Briones; Jor-el Thomas Caparas,8,0,35,27
1656730735479,MATH 20C,A03,093476,Briones; Jor-el Thomas Caparas,0,1,36,36
1656730735479,MATH 20C,B01,083762,Bach; Quang Tran,0,0,30,30
1656730741504,MATH 20D,A01,083765,Tran; Brian Kha,4,0,30,26
1656730741504,MATH 20D,A02,083766,Tran; Brian Kha,4,0,30,26
1656730741504,MATH 20D,A03,083767,Tran; Brian Kha,1,0,30,29
1656730747529,MATH 20E,A01,083771,Ganguly; Soumya,4,0,32,28
1656730747529,MATH 20E,A02,083772,Ganguly; Soumya,4,0,32,28
1656730747529,MATH 20E,B01,083773,Ciotti; Benjamin,18,0,35,17
1656730747529,MATH 20E,B02,083774,Ciotti; Benjamin,17,0,35,18
1656730753552,MATH 103A,A01,083777,Greenfeld; Be'Eri,2,0,36,34
1656730753552,MATH 103A,A02,083778,Greenfeld; Be'Eri,5,0,36,31
1656730753552,MATH 103A,A03,093561,Greenfeld; Be'Eri,4,0,36,32
1656730753552,MATH 103A,B01,083779,Greenfeld; Be'Eri,6,0,36,30
1656730753552,MATH 103A,B02,083780,Greenfeld; Be'Eri,2,0,36,34
1656730753552,MATH 103A,B03,093562,Greenfeld; Be'Eri,2,0,36,34
1656730759576,MATH 105,A01,085443,Carter; Anne Toulson,13,0,35,22
1656730759576,MATH 105,A02,093477,Carter; Anne Toulson,20,0,35,15
1656730765601,MATH 109,A01,083213,Ganzberger; Geoffrey Michael,2,0,34,32
1656730765601,MATH 109,A02,083214,Ganzberger; Geoffrey Michael,2,0,34,32
1656730765601,MATH 109,A03,093478,Ganzberger; Geoffrey Michael,2,0,34,32
1656730765601,MATH 109,B01,083215,Ganzberger; Geoffrey Michael,1,0,32,31
1656730765601,MATH 109,B02,083216,Ganzberger; Geoffrey Michael,1,0,32,31
1656730765601,MATH 109,B03,093479,Ganzberger; Geoffrey Michael,7,0,32,25
1656730771625,MATH 142A,A01,083219,Chow; Bennett,5,0,32,27
1656730771625,MATH 142A,A02,083220,Chow; Bennett,9,0,32,23
1656730771625,MATH 142A,A03,093480,Chow; Bennett,7,0,32,25
1656730771625,MATH 142A,B03,093481,Chow; Bennett,7,0,32,25
1656730771625,MATH 142A,B04,093558,Chow; Bennett,10,0,32,22
1656730771625,MATH 142A,B05,093559,Chow; Bennett,5,0,32,27
1656730777649,MATH 193A,A01,083224,Rotar; Vladimir,6,0,34,28
1656730777649,MATH 193A,A02,083225,Rotar; Vladimir,3,0,34,31
1656730777649,MATH 193A,A03,083781,Rotar; Vladimir,1,0,34,33
1656730777649,MATH 193A,A04,083782,Rotar; Vladimir,5,0,34,29
1656730777649,MATH 193A,A05,093482,Rotar; Vladimir,5,0,34,29
1656730783684,MATH 197,001,091859,McAuley; Julian John,9999,0,9999,0
1656730783684,MATH 197,002,095566,Kedlaya; Kiran S.,9997,0,9999,2
1656730783684,MATH 197,003,095567,Xiao; Ming,9999,0,9999,0
1656730783684,MATH 197,004,095571,Perols; Johan Lars,9998,0,9999,1
1656730790740,COGS 9,A01,083615,Shannon; Kyle Michael,5,0,75,70
1656730796770,COGS 11,A01,083617,Boyle; Mary E. T.,17,0,48,31
1656730802794,COGS 13,A01,083071,Bastos; Amalia Pinkusfeld,6,0,71,65
1656730808816,COGS 14A,A01,092681,Semenuks; Arturs,0,1,100,101
1656730814842,COGS 14B,A01,083073,Cheng; Tzu-Han,5,0,63,58
1656730820865,COGS 17,A01,092677,Semenuks; Arturs,4,0,81,77
1656730826893,COGS 100,A01,083619,Allen; Michael Gordon,14,0,70,56
1656730832917,COGS 101A,A01,083621,Davis; Joshua Daniel,9,0,68,59
1656730838939,COGS 101B,A01,091572,Allen; Michael Gordon,7,0,65,58
1656730844965,COGS 101C,A01,083625,Delgado; Tania,17,0,35,18
1656730850989,COGS 107A,A01,083627,Boyle; Mary E. T.,13,0,60,47
1656730857014,COGS 118A,A01,083075,Gupta; Anjum,13,0,76,63
1656730863065,CSE 3,A50,083646,Miranda; Gregory Joseph,22,0,50,28
1656730869092,CSE 8A,A50,083650,Miranda; Gregory Joseph,17,1,56,39
1656730875118,CSE 11,A01,083080,Cao; Yingjun,3,16,40,37
1656730881145,CSE 12,A01,083652,Krause-Levy; Sophia Louisa,19,1,120,101
1656730887169,CSE 15L,A01,083654,Morris; Justin Loren,8,0,50,42
1656730887169,CSE 15L,A02,083655,Morris; Justin Loren,8,0,50,42
1656730893196,CSE 20,A01,083657,Tran; Khoa Dang,37,0,80,43
1656730899220,CSE 21,A01,095574,Bach; Quang Tran,21,0,48,27
1656730905248,CSE 30,A01,083084,Eldon; John,4,0,80,76
1656730905248,CSE 30,B01,095061,Bhaskar; Nishant,5,0,50,45
1656730911271,CSE 100,A01,083659,Cao; Yingjun,1,5,70,69
1656730917294,CSE 134B,A01,083661,Powell; Thomas Allan,18,0,100,82
1656730923318,CSE 140,A01,083663,Gungor; Onat,14,0,85,71
1656730929342,CSE 140L,A01,083088,Eldon; John,16,0,100,84
1656730935365,CSE 175,A01,083665,Kumar; Rakesh,3,0,25,22
1656730941392,CSE 190,A00,092507,Dubnov; Shlomo,6,0,20,14
1656730947420,ECE 45,A01,083139,Congero; Spencer William,5,0,75,70
1656730953444,ECE 65,A50,083695,Saad; Andrew S,12,0,30,18
1656730953444,ECE 65,A51,095125,Saad; Andrew S,25,0,26,1
1656730959467,ECE 109,A01,091882,Touri; Behrouz,13,0,70,57
1656730965491,ECE 180,A00,083140,Abi Samra; Nicholas Camill,1,0,30,29
1656730965491,ECE 180,B00,083141,Abi Samra; Nicholas Camill,0,0,30,30
1656730971515,MATH 10A,A01,083735,Patchell; Gregory David,0,0,30,30
1656730971515,MATH 10A,A02,083736,Patchell; Gregory David,20,0,30,10
1656730971515,MATH 10A,A03,083737,Patchell; Gregory David,15,0,30,15
1656730977545,MATH 10B,A01,083207,Lim; Seonhee,7,0,34,27
1656730977545,MATH 10B,A02,083208,Lim; Seonhee,9,0,35,26
1656730977545,MATH 10B,A03,093472,Lim; Seonhee,3,0,34,31
1656730977545,MATH 10B,B01,083739,Sinha; Shubham,9,0,30,21
1656730983568,MATH 18,A01,083743,Cinel; Cameron Alexander,5,0,30,25
1656730983568,MATH 18,A02,083744,Cinel; Cameron Alexander,15,0,30,15
1656730983568,MATH 18,A03,083745,Cinel; Cameron Alexander,8,0,30,22
1656730983568,MATH 18,B01,083748,Rideout; David Porter,3,0,37,34
1656730983568,MATH 18,B02,083749,Rideout; David Porter,2,0,36,34
1656730983568,MATH 18,B03,083750,Rideout; David Porter,1,0,37,36
1656730983568,MATH 18,B04,083751,Rideout; David Porter,4,0,36,32
1656730983568,MATH 18,B05,093473,Rideout; David Porter,4,0,36,32
1656730983568,MATH 18,B06,093474,Rideout; David Porter,4,0,36,32
1656730989591,MATH 20A,A01,083754,Zheng; Zequn,12,0,40,28
1656730995623,MATH 20B,A01,083756,Briones; Jor-el Thomas Caparas,1,0,36,35
1656730995623,MATH 20B,A02,083757,Briones; Jor-el Thomas Caparas,1,0,36,35
1656730995623,MATH 20B,A03,093475,Briones; Jor-el Thomas Caparas,0,0,36,36
1656731001646,MATH 20C,A01,083760,Briones; Jor-el Thomas Caparas,1,0,35,34
1656731001646,MATH 20C,A02,083761,Briones; Jor-el Thomas Caparas,8,0,35,27
1656731001646,MATH 20C,A03,093476,Briones; Jor-el Thomas Caparas,0,1,36,36
1656731001646,MATH 20C,B01,083762,Bach; Quang Tran,0,0,30,30
1656731007680,MATH 20D,A01,083765,Tran; Brian Kha,4,0,30,26
1656731007680,MATH 20D,A02,083766,Tran; Brian Kha,4,0,30,26
1656731007680,MATH 20D,A03,083767,Tran; Brian Kha,1,0,30,29
1656731013708,MATH 20E,A01,083771,Ganguly; Soumya,4,0,32,28
1656731013708,MATH 20E,A02,083772,Ganguly; Soumya,4,0,32,28
1656731013708,MATH 20E,B01,083773,Ciotti; Benjamin,18,0,35,17
1656731013708,MATH 20E,B02,083774,Ciotti; Benjamin,17,0,35,18
1656731019739,MATH 103A,A01,083777,Greenfeld; Be'Eri,2,0,36,34
1656731019739,MATH 103A,A02,083778,Greenfeld; Be'Eri,5,0,36,31
1656731019739,MATH 103A,A03,093561,Greenfeld; Be'Eri,4,0,36,32
1656731019739,MATH 103A,B01,083779,Greenfeld; Be'Eri,6,0,36,30
1656731019739,MATH 103A,B02,083780,Greenfeld; Be'Eri,2,0,36,34
1656731019739,MATH 103A,B03,093562,Greenfeld; Be'Eri,2,0,36,34
1656731025764,MATH 105,A01,085443,Carter; Anne Toulson,13,0,35,22
1656731025764,MATH 105,A02,093477,Carter; Anne Toulson,20,0,35,15
1656731031788,MATH 109,A01,083213,Ganzberger; Geoffrey Michael,2,0,34,32
1656731031788,MATH 109,A02,083214,Ganzberger; Geoffrey Michael,2,0,34,32
1656731031788,MATH 109,A03,093478,Ganzberger; Geoffrey Michael,2,0,34,32
1656731031788,MATH 109,B01,083215,Ganzberger; Geoffrey Michael,1,0,32,31
1656731031788,MATH 109,B02,083216,Ganzberger; Geoffrey Michael,1,0,32,31
1656731031788,MATH 109,B03,093479,Ganzberger; Geoffrey Michael,7,0,32,25
1656731037818,MATH 142A,A01,083219,Chow; Bennett,5,0,32,27
1656731037818,MATH 142A,A02,083220,Chow; Bennett,9,0,32,23
1656731037818,MATH 142A,A03,093480,Chow; Bennett,7,0,32,25
1656731037818,MATH 142A,B03,093481,Chow; Bennett,7,0,32,25
1656731037818,MATH 142A,B04,093558,Chow; Bennett,10,0,32,22
1656731037818,MATH 142A,B05,093559,Chow; Bennett,5,0,32,27
1656731043842,MATH 193A,A01,083224,Rotar; Vladimir,6,0,34,28
1656731043842,MATH 193A,A02,083225,Rotar; Vladimir,3,0,34,31
1656731043842,MATH 193A,A03,083781,Rotar; Vladimir,1,0,34,33
1656731043842,MATH 193A,A04,083782,Rotar; Vladimir,5,0,34,29
1656731043842,MATH 193A,A05,093482,Rotar; Vladimir,5,0,34,29
1656731049866,MATH 197,001,091859,McAuley; Julian John,9999,0,9999,0
1656731049866,MATH 197,002,095566,Kedlaya; Kiran S.,9997,0,9999,2
1656731049866,MATH 197,003,095567,Xiao; Ming,9999,0,9999,0
1656731049866,MATH 197,004,095571,Perols; Johan Lars,9998,0,9999,1
1656731056923,COGS 9,A01,083615,Shannon; Kyle Michael,5,0,75,70
1656731062948,COGS 11,A01,083617,Boyle; Mary E. T.,17,0,48,31
1656731068971,COGS 13,A01,083071,Bastos; Amalia Pinkusfeld,6,0,71,65
1656731074995,COGS 14A,A01,092681,Semenuks; Arturs,0,1,100,101
1656731081019,COGS 14B,A01,083073,Cheng; Tzu-Han,5,0,63,58
1656731087046,COGS 17,A01,092677,Semenuks; Arturs,4,0,81,77
1656731093145,COGS 100,A01,083619,Allen; Michael Gordon,14,0,70,56
1656731099168,COGS 101A,A01,083621,Davis; Joshua Daniel,9,0,68,59
1656731105193,COGS 101B,A01,091572,Allen; Michael Gordon,7,0,65,58
1656731111219,COGS 101C,A01,083625,Delgado; Tania,17,0,35,18
1656731117246,COGS 107A,A01,083627,Boyle; Mary E. T.,13,0,60,47
1656731123269,COGS 118A,A01,083075,Gupta; Anjum,13,0,76,63
1656731129293,CSE 3,A50,083646,Miranda; Gregory Joseph,22,0,50,28
1656731135321,CSE 8A,A50,083650,Miranda; Gregory Joseph,17,1,56,39
1656731141344,CSE 11,A01,083080,Cao; Yingjun,3,16,40,37
1656731147368,CSE 12,A01,083652,Krause-Levy; Sophia Louisa,19,1,120,101
1656731153391,CSE 15L,A01,083654,Morris; Justin Loren,8,0,50,42
1656731153391,CSE 15L,A02,083655,Morris; Justin Loren,8,0,50,42
1656731159415,CSE 20,A01,083657,Tran; Khoa Dang,37,0,80,43
1656731165444,CSE 21,A01,095574,Bach; Quang Tran,21,0,48,27
1656731171468,CSE 30,A01,083084,Eldon; John,4,0,80,76
1656731171468,CSE 30,B01,095061,Bhaskar; Nishant,5,0,50,45
1656731177491,CSE 100,A01,083659,Cao; Yingjun,1,5,70,69
1656731183513,CSE 134B,A01,083661,Powell; Thomas Allan,18,0,100,82
1656731189538,CSE 140,A01,083663,Gungor; Onat,14,0,85,71
1656731195560,CSE 140L,A01,083088,Eldon; John,16,0,100,84
1656731201594,CSE 175,A01,083665,Kumar; Rakesh,3,0,25,22
1656731207630,CSE 190,A00,092507,Dubnov; Shlomo,6,0,20,14
1656731213654,ECE 45,A01,083139,Congero; Spencer William,5,0,75,70
1656731219679,ECE 65,A50,083695,Saad; Andrew S,12,0,30,18
1656731219679,ECE 65,A51,095125,Saad; Andrew S,25,0,26,1
1656731225710,ECE 109,A01,091882,Touri; Behrouz,13,0,70,57
1656731231732,ECE 180,A00,083140,Abi Samra; Nicholas Camill,1,0,30,29
1656731231732,ECE 180,B00,083141,Abi Samra; Nicholas Camill,0,0,30,30
1656731237765,MATH 10A,A01,083735,Patchell; Gregory David,0,0,30,30
1656731237765,MATH 10A,A02,083736,Patchell; Gregory David,20,0,30,10
1656731237765,MATH 10A,A03,083737,Patchell; Gregory David,15,0,30,15
1656731243788,MATH 10B,A01,083207,Lim; Seonhee,7,0,34,27
1656731243788,MATH 10B,A02,083208,Lim; Seonhee,9,0,35,26
1656731243788,MATH 10B,A03,093472,Lim; Seonhee,3,0,34,31
1656731243788,MATH 10B,B01,083739,Sinha; Shubham,9,0,30,21
1656731249819,MATH 18,A01,083743,Cinel; Cameron Alexander,5,0,30,25
1656731249819,MATH 18,A02,083744,Cinel; Cameron Alexander,15,0,30,15
1656731249819,MATH 18,A03,083745,Cinel; Cameron Alexander,8,0,30,22
1656731249819,MATH 18,B01,083748,Rideout; David Porter,3,0,37,34
1656731249819,MATH 18,B02,083749,Rideout; David Porter,2,0,36,34
1656731249819,MATH 18,B03,083750,Rideout; David Porter,1,0,37,36
1656731249819,MATH 18,B04,083751,Rideout; David Porter,4,0,36,32
1656731249819,MATH 18,B05,093473,Rideout; David Porter,4,0,36,32
1656731249819,MATH 18,B06,093474,Rideout; David Porter,4,0,36,32
1656731255847,MATH 20A,A01,083754,Zheng; Zequn,12,0,40,28
1656731261876,MATH 20B,A01,083756,Briones; Jor-el Thomas Caparas,1,0,36,35
1656731261876,MATH 20B,A02,083757,Briones; Jor-el Thomas Caparas,1,0,36,35
1656731261876,MATH 20B,A03,093475,Briones; Jor-el Thomas Caparas,0,0,36,36
1656731267904,MATH 20C,A01,083760,Briones; Jor-el Thomas Caparas,1,0,35,34
1656731267904,MATH 20C,A02,083761,Briones; Jor-el Thomas Caparas,8,0,35,27
1656731267904,MATH 20C,A03,093476,Briones; Jor-el Thomas Caparas,0,1,36,36
1656731267904,MATH 20C,B01,083762,Bach; Quang Tran,0,0,30,30
1656731273932,MATH 20D,A01,083765,Tran; Brian Kha,4,0,30,26
1656731273932,MATH 20D,A02,083766,Tran; Brian Kha,4,0,30,26
1656731273932,MATH 20D,A03,083767,Tran; Brian Kha,1,0,30,29
1656731279962,MATH 20E,A01,083771,Ganguly; Soumya,4,0,32,28
1656731279962,MATH 20E,A02,083772,Ganguly; Soumya,4,0,32,28
1656731279962,MATH 20E,B01,083773,Ciotti; Benjamin,18,0,35,17
1656731279962,MATH 20E,B02,083774,Ciotti; Benjamin,17,0,35,18
1656731285991,MATH 103A,A01,083777,Greenfeld; Be'Eri,2,0,36,34
1656731285991,MATH 103A,A02,083778,Greenfeld; Be'Eri,5,0,36,31
1656731285991,MATH 103A,A03,093561,Greenfeld; Be'Eri,4,0,36,32
1656731285991,MATH 103A,B01,083779,Greenfeld; Be'Eri,6,0,36,30
1656731285991,MATH 103A,B02,083780,Greenfeld; Be'Eri,2,0,36,34
1656731285991,MATH 103A,B03,093562,Greenfeld; Be'Eri,2,0,36,34
1656731292017,MATH 105,A01,085443,Carter; Anne Toulson,13,0,35,22
1656731292017,MATH 105,A02,093477,Carter; Anne Toulson,20,0,35,15
1656731298045,MATH 109,A01,083213,Ganzberger; Geoffrey Michael,2,0,34,32
1656731298045,MATH 109,A02,083214,Ganzberger; Geoffrey Michael,2,0,34,32
1656731298045,MATH 109,A03,093478,Ganzberger; Geoffrey Michael,2,0,34,32
1656731298045,MATH 109,B01,083215,Ganzberger; Geoffrey Michael,1,0,32,31
1656731298045,MATH 109,B02,083216,Ganzberger; Geoffrey Michael,1,0,32,31
1656731298045,MATH 109,B03,093479,Ganzberger; Geoffrey Michael,7,0,32,25
1656731304068,MATH 142A,A01,083219,Chow; Bennett,5,0,32,27
1656731304068,MATH 142A,A02,083220,Chow; Bennett,9,0,32,23
1656731304068,MATH 142A,A03,093480,Chow; Bennett,7,0,32,25
1656731304068,MATH 142A,B03,093481,Chow; Bennett,7,0,32,25
1656731304068,MATH 142A,B04,093558,Chow; Bennett,10,0,32,22
1656731304068,MATH 142A,B05,093559,Chow; Bennett,5,0,32,27
1656731310100,MATH 193A,A01,083224,Rotar; Vladimir,6,0,34,28
1656731310100,MATH 193A,A02,083225,Rotar; Vladimir,3,0,34,31
1656731310100,MATH 193A,A03,083781,Rotar; Vladimir,1,0,34,33
1656731310100,MATH 193A,A04,083782,Rotar; Vladimir,5,0,34,29
1656731310100,MATH 193A,A05,093482,Rotar; Vladimir,5,0,34,29
1656731316126,MATH 197,001,091859,McAuley; Julian John,9999,0,9999,0
1656731316126,MATH 197,002,095566,Kedlaya; Kiran S.,9997,0,9999,2
1656731316126,MATH 197,003,095567,Xiao; Ming,9999,0,9999,0
1656731316126,MATH 197,004,095571,Perols; Johan Lars,9998,0,9999,1
1656731323176,COGS 9,A01,083615,Shannon; Kyle Michael,5,0,75,70
1656731329203,COGS 11,A01,083617,Boyle; Mary E. T.,17,0,48,31
1656731335226,COGS 13,A01,083071,Bastos; Amalia Pinkusfeld,6,0,71,65
1656731341258,COGS 14A,A01,092681,Semenuks; Arturs,0,1,100,101
1656731347283,COGS 14B,A01,083073,Cheng; Tzu-Han,5,0,63,58
1656731353306,COGS 17,A01,092677,Semenuks; Arturs,4,0,81,77
1656731359328,COGS 100,A01,083619,Allen; Michael Gordon,14,0,70,56
1656731365358,COGS 101A,A01,083621,Davis; Joshua Daniel,9,0,68,59
1656731371384,COGS 101B,A01,091572,Allen; Michael Gordon,7,0,65,58
1656731377412,COGS 101C,A01,083625,Delgado; Tania,17,0,35,18
1656731383439,COGS 107A,A01,083627,Boyle; Mary E. T.,13,0,60,47
1656731389462,COGS 118A,A01,083075,Gupta; Anjum,13,0,76,63
1656731395489,CSE 3,A50,083646,Miranda; Gregory Joseph,22,0,50,28
1656731401520,CSE 8A,A50,083650,Miranda; Gregory Joseph,17,1,56,39
1656731407546,CSE 11,A01,083080,Cao; Yingjun,3,16,40,37
1656731413569,CSE 12,A01,083652,Krause-Levy; Sophia Louisa,19,1,120,101
1656731419593,CSE 15L,A01,083654,Morris; Justin Loren,8,0,50,42
1656731419593,CSE 15L,A02,083655,Morris; Justin Loren,8,0,50,42
1656731425626,CSE 20,A01,083657,Tran; Khoa Dang,37,0,80,43
1656731431649,CSE 21,A01,095574,Bach; Quang Tran,21,0,48,27
1656731437676,CSE 30,A01,083084,Eldon; John,4,0,80,76
1656731437676,CSE 30,B01,095061,Bhaskar; Nishant,5,0,50,45
1656731443699,CSE 100,A01,083659,Cao; Yingjun,1,5,70,69
1656731449730,CSE 134B,A01,083661,Powell; Thomas Allan,18,0,100,82
1656731455757,CSE 140,A01,083663,Gungor; Onat,14,0,85,71
1656731461781,CSE 140L,A01,083088,Eldon; John,16,0,100,84
1656731467803,CSE 175,A01,083665,Kumar; Rakesh,3,0,25,22
1656731473825,CSE 190,A00,092507,Dubnov; Shlomo,6,0,20,14
1656731479857,ECE 45,A01,083139,Congero; Spencer William,5,0,75,70
1656731485879,ECE 65,A50,083695,Saad; Andrew S,12,0,30,18
1656731485879,ECE 65,A51,095125,Saad; Andrew S,25,0,26,1
1656731491903,ECE 109,A01,091882,Touri; Behrouz,13,0,70,57
1656731497926,ECE 180,A00,083140,Abi Samra; Nicholas Camill,1,0,30,29
1656731497926,ECE 180,B00,083141,Abi Samra; Nicholas Camill,0,0,30,30
1656731503957,MATH 10A,A01,083735,Patchell; Gregory David,0,0,30,30
1656731503957,MATH 10A,A02,083736,Patchell; Gregory David,20,0,30,10
1656731503957,MATH 10A,A03,083737,Patchell; Gregory David,15,0,30,15
1656731509985,MATH 10B,A01,083207,Lim; Seonhee,7,0,34,27
1656731509985,MATH 10B,A02,083208,Lim; Seonhee,9,0,35,26
1656731509985,MATH 10B,A03,093472,Lim; Seonhee,3,0,34,31
1656731509985,MATH 10B,B01,083739,Sinha; Shubham,9,0,30,21
1656731516010,MATH 18,A01,083743,Cinel; Cameron Alexander,5,0,30,25
1656731516010,MATH 18,A02,083744,Cinel; Cameron Alexander,15,0,30,15
1656731516010,MATH 18,A03,083745,Cinel; Cameron Alexander,8,0,30,22
1656731516010,MATH 18,B01,083748,Rideout; David Porter,3,0,37,34
1656731516010,MATH 18,B02,083749,Rideout; David Porter,2,0,36,34
1656731516010,MATH 18,B03,083750,Rideout; David Porter,1,0,37,36
1656731516010,MATH 18,B04,083751,Rideout; David Porter,4,0,36,32
1656731516010,MATH 18,B05,093473,Rideout; David Porter,4,0,36,32
1656731516010,MATH 18,B06,093474,Rideout; David Porter,4,0,36,32
1656731522034,MATH 20A,A01,083754,Zheng; Zequn,12,0,40,28
1656731528056,MATH 20B,A01,083756,Briones; Jor-el Thomas Caparas,1,0,36,35
1656731528056,MATH 20B,A02,083757,Briones; Jor-el Thomas Caparas,1,0,36,35
1656731528056,MATH 20B,A03,093475,Briones; Jor-el Thomas Caparas,0,0,36,36
1656731534086,MATH 20C,A01,083760,Briones; Jor-el Thomas Caparas,1,0,35,34
1656731534086,MATH 20C,A02,083761,Briones; Jor-el Thomas Caparas,8,0,35,27
1656731534086,MATH 20C,A03,093476,Briones; Jor-el Thomas Caparas,0,1,36,36
1656731534086,MATH 20C,B01,083762,Bach; Quang Tran,0,0,30,30
1656731540113,MATH 20D,A01,083765,Tran; Brian Kha,4,0,30,26
1656731540113,MATH 20D,A02,083766,Tran; Brian Kha,4,0,30,26
1656731540113,MATH 20D,A03,083767,Tran; Brian Kha,1,0,30,29
1656731546136,MATH 20E,A01,083771,Ganguly; Soumya,4,0,32,28
1656731546136,MATH 20E,A02,083772,Ganguly; Soumya,4,0,32,28
1656731546136,MATH 20E,B01,083773,Ciotti; Benjamin,18,0,35,17
1656731546136,MATH 20E,B02,083774,Ciotti; Benjamin,17,0,35,18
1656731552159,MATH 103A,A01,083777,Greenfeld; Be'Eri,2,0,36,34
1656731552159,MATH 103A,A02,083778,Greenfeld; Be'Eri,5,0,36,31
1656731552159,MATH 103A,A03,093561,Greenfeld; Be'Eri,4,0,36,32
1656731552159,MATH 103A,B01,083779,Greenfeld; Be'Eri,6,0,36,30
1656731552159,MATH 103A,B02,083780,Greenfeld; Be'Eri,2,0,36,34
1656731552159,MATH 103A,B03,093562,Greenfeld; Be'Eri,2,0,36,34
1656731558186,MATH 105,A01,085443,Carter; Anne Toulson,13,0,35,22
1656731558186,MATH 105,A02,093477,Carter; Anne Toulson,20,0,35,15
1656731564210,MATH 109,A01,083213,Ganzberger; Geoffrey Michael,2,0,34,32
1656731564210,MATH 109,A02,083214,Ganzberger; Geoffrey Michael,2,0,34,32
1656731564210,MATH 109,A03,093478,Ganzberger; Geoffrey Michael,1,0,34,33
1656731564210,MATH 109,B01,083215,Ganzberger; Geoffrey Michael,1,0,32,31
1656731564210,MATH 109,B02,083216,Ganzberger; Geoffrey Michael,1,0,32,31
1656731564210,MATH 109,B03,093479,Ganzberger; Geoffrey Michael,7,0,32,25
1656731570234,MATH 142A,A01,083219,Chow; Bennett,5,0,32,27
1656731570234,MATH 142A,A02,083220,Chow; Bennett,9,0,32,23
1656731570234,MATH 142A,A03,093480,Chow; Bennett,7,0,32,25
1656731570234,MATH 142A,B03,093481,Chow; Bennett,7,0,32,25
1656731570234,MATH 142A,B04,093558,Chow; Bennett,10,0,32,22
1656731570234,MATH 142A,B05,093559,Chow; Bennett,5,0,32,27
1656731576263,MATH 193A,A01,083224,Rotar; Vladimir,6,0,34,28
1656731576263,MATH 193A,A02,083225,Rotar; Vladimir,3,0,34,31
1656731576263,MATH 193A,A03,083781,Rotar; Vladimir,1,0,34,33
1656731576263,MATH 193A,A04,083782,Rotar; Vladimir,5,0,34,29
1656731576263,MATH 193A,A05,093482,Rotar; Vladimir,5,0,34,29
1656731582288,MATH 197,001,091859,McAuley; Julian John,9999,0,9999,0
1656731582288,MATH 197,002,095566,Kedlaya; Kiran S.,9997,0,9999,2
1656731582288,MATH 197,003,095567,Xiao; Ming,9999,0,9999,0
1656731582288,MATH 197,004,095571,Perols; Johan Lars,9998,0,9999,1
1656731589343,COGS 9,A01,083615,Shannon; Kyle Michael,5,0,75,70
1656731595365,COGS 11,A01,083617,Boyle; Mary E. T.,17,0,48,31
1656731601388,COGS 13,A01,083071,Bastos; Amalia Pinkusfeld,6,0,71,65
1656731607415,COGS 14A,A01,092681,Semenuks; Arturs,0,1,100,101
1656731613438,COGS 14B,A01,083073,Cheng; Tzu-Han,5,0,63,58
1656731619461,COGS 17,A01,092677,Semenuks; Arturs,4,0,81,77
1656731625483,COGS 100,A01,083619,Allen; Michael Gordon,14,0,70,56
1656731631509,COGS 101A,A01,083621,Davis; Joshua Daniel,9,0,68,59
1656731637533,COGS 101B,A01,091572,Allen; Michael Gordon,7,0,65,58
1656731643562,COGS 101C,A01,083625,Delgado; Tania,17,0,35,18
1656731649590,COGS 107A,A01,083627,Boyle; Mary E. T.,13,0,60,47
1656731655613,COGS 118A,A01,083075,Gupta; Anjum,13,0,76,63
1656731661637,CSE 3,A50,083646,Miranda; Gregory Joseph,22,0,50,28
1656731667665,CSE 8A,A50,083650,Miranda; Gregory Joseph,17,1,56,39
1656731673694,CSE 11,A01,083080,Cao; Yingjun,3,16,40,37
1656731679721,CSE 12,A01,083652,Krause-Levy; Sophia Louisa,19,1,120,101
1656731685747,CSE 15L,A01,083654,Morris; Justin Loren,8,0,50,42
1656731685747,CSE 15L,A02,083655,Morris; Justin Loren,8,0,50,42
1656731691859,CSE 20,A01,083657,Tran; Khoa Dang,37,0,80,43
1656731697882,CSE 21,A01,095574,Bach; Quang Tran,21,0,48,27
1656731703909,CSE 30,A01,083084,Eldon; John,4,0,80,76
1656731703909,CSE 30,B01,095061,Bhaskar; Nishant,5,0,50,45
1656731709933,CSE 100,A01,083659,Cao; Yingjun,1,5,70,69
1656731715956,CSE 134B,A01,083661,Powell; Thomas Allan,18,0,100,82
1656731721979,CSE 140,A01,083663,Gungor; Onat,14,0,85,71
1656731728008,CSE 140L,A01,083088,Eldon; John,16,0,100,84
1656731734033,CSE 175,A01,083665,Kumar; Rakesh,3,0,25,22
1656731740057,CSE 190,A00,092507,Dubnov; Shlomo,6,0,20,14
1656731746084,ECE 45,A01,083139,Congero; Spencer William,5,0,75,70
1656731752106,ECE 65,A50,083695,Saad; Andrew S,12,0,30,18
1656731752106,ECE 65,A51,095125,Saad; Andrew S,25,0,26,1
1656731758132,ECE 109,A01,091882,Touri; Behrouz,13,0,70,57
1656731764159,ECE 180,A00,083140,Abi Samra; Nicholas Camill,1,0,30,29
1656731764159,ECE 180,B00,083141,Abi Samra; Nicholas Camill,0,0,30,30
1656731770186,MATH 10A,A01,083735,Patchell; Gregory David,0,0,30,30
1656731770186,MATH 10A,A02,083736,Patchell; Gregory David,20,0,30,10
1656731770186,MATH 10A,A03,083737,Patchell; Gregory David,15,0,30,15
1656731776210,MATH 10B,A01,083207,Lim; Seonhee,7,0,34,27
1656731776210,MATH 10B,A02,083208,Lim; Seonhee,9,0,35,26
1656731776210,MATH 10B,A03,093472,Lim; Seonhee,3,0,34,31
1656731776210,MATH 10B,B01,083739,Sinha; Shubham,9,0,30,21
1656731782241,MATH 18,A01,083743,Cinel; Cameron Alexander,5,0,30,25
1656731782241,MATH 18,A02,083744,Cinel; Cameron Alexander,15,0,30,15
1656731782241,MATH 18,A03,083745,Cinel; Cameron Alexander,8,0,30,22
1656731782241,MATH 18,B01,083748,Rideout; David Porter,3,0,37,34
1656731782241,MATH 18,B02,083749,Rideout; David Porter,2,0,36,34
1656731782241,MATH 18,B03,083750,Rideout; David Porter,1,0,37,36
1656731782241,MATH 18,B04,083751,Rideout; David Porter,4,0,36,32
1656731782241,MATH 18,B05,093473,Rideout; David Porter,4,0,36,32
1656731782241,MATH 18,B06,093474,Rideout; David Porter,4,0,36,32
1656731788264,MATH 20A,A01,083754,Zheng; Zequn,12,0,40,28
1656731794287,MATH 20B,A01,083756,Briones; Jor-el Thomas Caparas,1,0,36,35
1656731794287,MATH 20B,A02,083757,Briones; Jor-el Thomas Caparas,1,0,36,35
1656731794287,MATH 20B,A03,093475,Briones; Jor-el Thomas Caparas,0,0,36,36
1656731800311,MATH 20C,A01,083760,Briones; Jor-el Thomas Caparas,1,0,35,34
1656731800311,MATH 20C,A02,083761,Briones; Jor-el Thomas Caparas,8,0,35,27
1656731800311,MATH 20C,A03,093476,Briones; Jor-el Thomas Caparas,0,1,36,36
1656731800311,MATH 20C,B01,083762,Bach; Quang Tran,0,0,30,30
1656731806340,MATH 20D,A01,083765,Tran; Brian Kha,4,0,30,26
1656731806340,MATH 20D,A02,083766,Tran; Brian Kha,4,0,30,26
1656731806340,MATH 20D,A03,083767,Tran; Brian Kha,1,0,30,29
1656731812363,MATH 20E,A01,083771,Ganguly; Soumya,4,0,32,28
1656731812363,MATH 20E,A02,083772,Ganguly; Soumya,4,0,32,28
1656731812363,MATH 20E,B01,083773,Ciotti; Benjamin,18,0,35,17
1656731812363,MATH 20E,B02,083774,Ciotti; Benjamin,17,0,35,18
1656731818387,MATH 103A,A01,083777,Greenfeld; Be'Eri,2,0,36,34
1656731818387,MATH 103A,A02,083778,Greenfeld; Be'Eri,5,0,36,31
1656731818387,MATH 103A,A03,093561,Greenfeld; Be'Eri,4,0,36,32
1656731818387,MATH 103A,B01,083779,Greenfeld; Be'Eri,6,0,36,30
1656731818387,MATH 103A,B02,083780,Greenfeld; Be'Eri,2,0,36,34
1656731818387,MATH 103A,B03,093562,Greenfeld; Be'Eri,2,0,36,34
1656731824413,MATH 105,A01,085443,Carter; Anne Toulson,13,0,35,22
1656731824413,MATH 105,A02,093477,Carter; Anne Toulson,20,0,35,15
1656731830437,MATH 109,A01,083213,Ganzberger; Geoffrey Michael,2,0,34,32
1656731830437,MATH 109,A02,083214,Ganzberger; Geoffrey Michael,2,0,34,32
1656731830437,MATH 109,A03,093478,Ganzberger; Geoffrey Michael,1,0,34,33
1656731830437,MATH 109,B01,083215,Ganzberger; Geoffrey Michael,1,0,32,31
1656731830437,MATH 109,B02,083216,Ganzberger; Geoffrey Michael,1,0,32,31
1656731830437,MATH 109,B03,093479,Ganzberger; Geoffrey Michael,7,0,32,25
1656731836460,MATH 142A,A01,083219,Chow; Bennett,5,0,32,27
1656731836460,MATH 142A,A02,083220,Chow; Bennett,9,0,32,23
1656731836460,MATH 142A,A03,093480,Chow; Bennett,7,0,32,25
1656731836460,MATH 142A,B03,093481,Chow; Bennett,7,0,32,25
1656731836460,MATH 142A,B04,093558,Chow; Bennett,10,0,32,22
1656731836460,MATH 142A,B05,093559,Chow; Bennett,5,0,32,27
1656731842484,MATH 193A,A01,083224,Rotar; Vladimir,6,0,34,28
1656731842484,MATH 193A,A02,083225,Rotar; Vladimir,3,0,34,31
1656731842484,MATH 193A,A03,083781,Rotar; Vladimir,1,0,34,33
1656731842484,MATH 193A,A04,083782,Rotar; Vladimir,5,0,34,29
1656731842484,MATH 193A,A05,093482,Rotar; Vladimir,5,0,34,29
1656731848522,MATH 197,001,091859,McAuley; Julian John,9999,0,9999,0
1656731848522,MATH 197,002,095566,Kedlaya; Kiran S.,9997,0,9999,2
1656731848522,MATH 197,003,095567,Xiao; Ming,9999,0,9999,0
1656731848522,MATH 197,004,095571,Perols; Johan Lars,9998,0,9999,1
1656731855590,COGS 9,A01,083615,Shannon; Kyle Michael,5,0,75,70
1656731861613,COGS 11,A01,083617,Boyle; Mary E. T.,17,0,48,31
1656731867647,COGS 13,A01,083071,Bastos; Amalia Pinkusfeld,6,0,71,65
1656731873672,COGS 14A,A01,092681,Semenuks; Arturs,0,1,100,101
1656731879700,COGS 14B,A01,083073,Cheng; Tzu-Han,5,0,63,58
1656731885727,COGS 17,A01,092677,Semenuks; Arturs,4,0,81,77
1656731891752,COGS 100,A01,083619,Allen; Michael Gordon,14,0,70,56
1656731897776,COGS 101A,A01,083621,Davis; Joshua Daniel,9,0,68,59
1656731903810,COGS 101B,A01,091572,Allen; Michael Gordon,7,0,65,58
1656731909831,COGS 101C,A01,083625,Delgado; Tania,17,0,35,18
1656731915854,COGS 107A,A01,083627,Boyle; Mary E. T.,13,0,60,47
1656731921881,COGS 118A,A01,083075,Gupta; Anjum,13,0,76,63
1656731927909,CSE 3,A50,083646,Miranda; Gregory Joseph,22,0,50,28
1656731933936,CSE 8A,A50,083650,Miranda; Gregory Joseph,17,1,56,39
1656731939959,CSE 11,A01,083080,Cao; Yingjun,3,16,40,37
1656731945983,CSE 12,A01,083652,Krause-Levy; Sophia Louisa,19,1,120,101
1656731952010,CSE 15L,A01,083654,Morris; Justin Loren,8,0,50,42
1656731952010,CSE 15L,A02,083655,Morris; Justin Loren,8,0,50,42
1656731958031,CSE 20,A01,083657,Tran; Khoa Dang,37,0,80,43
1656731964059,CSE 21,A01,095574,Bach; Quang Tran,21,0,48,27
1656731970083,CSE 30,A01,083084,Eldon; John,4,0,80,76
1656731970083,CSE 30,B01,095061,Bhaskar; Nishant,5,0,50,45
1656731976109,CSE 100,A01,083659,Cao; Yingjun,1,5,70,69
1656731982133,CSE 134B,A01,083661,Powell; Thomas Allan,18,0,100,82
1656731988155,CSE 140,A01,083663,Gungor; Onat,14,0,85,71
1656731994183,CSE 140L,A01,083088,Eldon; John,16,0,100,84
1656732000212,CSE 175,A01,083665,Kumar; Rakesh,3,0,25,22
1656732006235,CSE 190,A00,092507,Dubnov; Shlomo,6,0,20,14
1656732012258,ECE 45,A01,083139,Congero; Spencer William,5,0,75,70
1656732018285,ECE 65,A50,083695,Saad; Andrew S,12,0,30,18
1656732018285,ECE 65,A51,095125,Saad; Andrew S,25,0,26,1
1656732024309,ECE 109,A01,091882,Touri; Behrouz,13,0,70,57
1656732030330,ECE 180,A00,083140,Abi Samra; Nicholas Camill,1,0,30,29
1656732030330,ECE 180,B00,083141,Abi Samra; Nicholas Camill,0,0,30,30
1656732036357,MATH 10A,A01,083735,Patchell; Gregory David,1,0,30,29
1656732036357,MATH 10A,A02,083736,Patchell; Gregory David,20,0,30,10
1656732036357,MATH 10A,A03,083737,Patchell; Gregory David,15,0,30,15
1656732042385,MATH 10B,A01,083207,Lim; Seonhee,7,0,34,27
1656732042385,MATH 10B,A02,083208,Lim; Seonhee,9,0,35,26
1656732042385,MATH 10B,A03,093472,Lim; Seonhee,3,0,34,31
1656732042385,MATH 10B,B01,083739,Sinha; Shubham,9,0,30,21
1656732048415,MATH 18,A01,083743,Cinel; Cameron Alexander,5,0,30,25
1656732048415,MATH 18,A02,083744,Cinel; Cameron Alexander,15,0,30,15
1656732048415,MATH 18,A03,083745,Cinel; Cameron Alexander,8,0,30,22
1656732048415,MATH 18,B01,083748,Rideout; David Porter,3,0,37,34
1656732048415,MATH 18,B02,083749,Rideout; David Porter,2,0,36,34
1656732048415,MATH 18,B03,083750,Rideout; David Porter,1,0,37,36
1656732048415,MATH 18,B04,083751,Rideout; David Porter,4,0,36,32
1656732048415,MATH 18,B05,093473,Rideout; David Porter,4,0,36,32
1656732048415,MATH 18,B06,093474,Rideout; David Porter,4,0,36,32
1656732054440,MATH 20A,A01,083754,Zheng; Zequn,12,0,40,28
1656732060464,MATH 20B,A01,083756,Briones; Jor-el Thomas Caparas,1,0,36,35
1656732060464,MATH 20B,A02,083757,Briones; Jor-el Thomas Caparas,1,0,36,35
1656732060464,MATH 20B,A03,093475,Briones; Jor-el Thomas Caparas,0,0,36,36
1656732066493,MATH 20C,A01,083760,Briones; Jor-el Thomas Caparas,1,0,35,34
1656732066493,MATH 20C,A02,083761,Briones; Jor-el Thomas Caparas,8,0,35,27
1656732066493,MATH 20C,A03,093476,Briones; Jor-el Thomas Caparas,0,1,36,36
1656732066493,MATH 20C,B01,083762,Bach; Quang Tran,0,0,30,30
1656732072517,MATH 20D,A01,083765,Tran; Brian Kha,4,0,30,26
1656732072517,MATH 20D,A02,083766,Tran; Brian Kha,4,0,30,26
1656732072517,MATH 20D,A03,083767,Tran; Brian Kha,1,0,30,29
1656732078541,MATH 20E,A01,083771,Ganguly; Soumya,4,0,32,28
1656732078541,MATH 20E,A02,083772,Ganguly; Soumya,4,0,32,28
1656732078541,MATH 20E,B01,083773,Ciotti; Benjamin,18,0,35,17
1656732078541,MATH 20E,B02,083774,Ciotti; Benjamin,17,0,35,18
1656732084566,MATH 103A,A01,083777,Greenfeld; Be'Eri,2,0,36,34
1656732084566,MATH 103A,A02,083778,Greenfeld; Be'Eri,5,0,36,31
1656732084566,MATH 103A,A03,093561,Greenfeld; Be'Eri,4,0,36,32
1656732084566,MATH 103A,B01,083779,Greenfeld; Be'Eri,6,0,36,30
1656732084566,MATH 103A,B02,083780,Greenfeld; Be'Eri,2,0,36,34
1656732084566,MATH 103A,B03,093562,Greenfeld; Be'Eri,2,0,36,34
1656732090590,MATH 105,A01,085443,Carter; Anne Toulson,13,0,35,22
1656732090590,MATH 105,A02,093477,Carter; Anne Toulson,20,0,35,15
1656732096614,MATH 109,A01,083213,Ganzberger; Geoffrey Michael,2,0,34,32
1656732096614,MATH 109,A02,083214,Ganzberger; Geoffrey Michael,2,0,34,32
1656732096614,MATH 109,A03,093478,Ganzberger; Geoffrey Michael,1,0,34,33
1656732096614,MATH 109,B01,083215,Ganzberger; Geoffrey Michael,1,0,32,31
1656732096614,MATH 109,B02,083216,Ganzberger; Geoffrey Michael,1,0,32,31
1656732096614,MATH 109,B03,093479,Ganzberger; Geoffrey Michael,7,0,32,25
1656732102642,MATH 142A,A01,083219,Chow; Bennett,5,0,32,27
1656732102642,MATH 142A,A02,083220,Chow; Bennett,9,0,32,23
1656732102642,MATH 142A,A03,093480,Chow; Bennett,7,0,32,25
1656732102642,MATH 142A,B03,093481,Chow; Bennett,7,0,32,25
1656732102642,MATH 142A,B04,093558,Chow; Bennett,10,0,32,22
1656732102642,MATH 142A,B05,093559,Chow; Bennett,5,0,32,27
1656732108666,MATH 193A,A01,083224,Rotar; Vladimir,6,0,34,28
1656732108666,MATH 193A,A02,083225,Rotar; Vladimir,3,0,34,31
1656732108666,MATH 193A,A03,083781,Rotar; Vladimir,1,0,34,33
1656732108666,MATH 193A,A04,083782,Rotar; Vladimir,5,0,34,29
1656732108666,MATH 193A,A05,093482,Rotar; Vladimir,5,0,34,29
1656732114694,MATH 197,001,091859,McAuley; Julian John,9999,0,9999,0
1656732114694,MATH 197,002,095566,Kedlaya; Kiran S.,9997,0,9999,2
1656732114694,MATH 197,003,095567,Xiao; Ming,9999,0,9999,0
1656732114694,MATH 197,004,095571,Perols; Johan Lars,9998,0,9999,1
1656732121758,COGS 9,A01,083615,Shannon; Kyle Michael,5,0,75,70
1656732127781,COGS 11,A01,083617,Boyle; Mary E. T.,17,0,48,31
1656732133807,COGS 13,A01,083071,Bastos; Amalia Pinkusfeld,6,0,71,65
1656732139828,COGS 14A,A01,092681,Semenuks; Arturs,0,1,100,101
1656732145851,COGS 14B,A01,083073,Cheng; Tzu-Han,5,0,63,58
1656732151874,COGS 17,A01,092677,Semenuks; Arturs,4,0,81,77
1656732157900,COGS 100,A01,083619,Allen; Michael Gordon,14,0,70,56
1656732163928,COGS 101A,A01,083621,Davis; Joshua Daniel,9,0,68,59
1656732169951,COGS 101B,A01,091572,Allen; Michael Gordon,7,0,65,58
1656732175977,COGS 101C,A01,083625,Delgado; Tania,17,0,35,18
1656732182001,COGS 107A,A01,083627,Boyle; Mary E. T.,13,0,60,47
1656732188024,COGS 118A,A01,083075,Gupta; Anjum,13,0,76,63
1656732194051,CSE 3,A50,083646,Miranda; Gregory Joseph,22,0,50,28
1656732200074,CSE 8A,A50,083650,Miranda; Gregory Joseph,17,1,56,39
1656732206096,CSE 11,A01,083080,Cao; Yingjun,3,16,40,37
1656732212123,CSE 12,A01,083652,Krause-Levy; Sophia Louisa,19,1,120,101
1656732218168,CSE 15L,A01,083654,Morris; Justin Loren,8,0,50,42
1656732218168,CSE 15L,A02,083655,Morris; Justin Loren,8,0,50,42
1656732224192,CSE 20,A01,083657,Tran; Khoa Dang,37,0,80,43
1656732230240,CSE 21,A01,095574,Bach; Quang Tran,21,0,48,27
1656732236265,CSE 30,A01,083084,Eldon; John,4,0,80,76
1656732236265,CSE 30,B01,095061,Bhaskar; Nishant,5,0,50,45
1656732242287,CSE 100,A01,083659,Cao; Yingjun,1,5,70,69
1656732248309,CSE 134B,A01,083661,Powell; Thomas Allan,18,0,100,82
1656732254337,CSE 140,A01,083663,Gungor; Onat,14,0,85,71
1656732260373,CSE 140L,A01,083088,Eldon; John,16,0,100,84
1656732266399,CSE 175,A01,083665,Kumar; Rakesh,3,0,25,22
1656732272421,CSE 190,A00,092507,Dubnov; Shlomo,6,0,20,14
1656732278450,ECE 45,A01,083139,Congero; Spencer William,5,0,75,70
1656732284475,ECE 65,A50,083695,Saad; Andrew S,12,0,30,18
1656732284475,ECE 65,A51,095125,Saad; Andrew S,25,0,26,1
1656732290568,ECE 109,A01,091882,Touri; Behrouz,13,0,70,57
1656732296592,ECE 180,A00,083140,Abi Samra; Nicholas Camill,1,0,30,29
1656732296592,ECE 180,B00,083141,Abi Samra; Nicholas Camill,0,0,30,30
1656732302615,MATH 10A,A01,083735,Patchell; Gregory David,1,0,30,29
1656732302615,MATH 10A,A02,083736,Patchell; Gregory David,20,0,30,10
1656732302615,MATH 10A,A03,083737,Patchell; Gregory David,15,0,30,15
1656732308639,MATH 10B,A01,083207,Lim; Seonhee,7,0,34,27
1656732308639,MATH 10B,A02,083208,Lim; Seonhee,9,0,35,26
1656732308639,MATH 10B,A03,093472,Lim; Seonhee,3,0,34,31
1656732308639,MATH 10B,B01,083739,Sinha; Shubham,9,0,30,21
1656732314664,MATH 18,A01,083743,Cinel; Cameron Alexander,5,0,30,25
1656732314664,MATH 18,A02,083744,Cinel; Cameron Alexander,15,0,30,15
1656732314664,MATH 18,A03,083745,Cinel; Cameron Alexander,8,0,30,22
1656732314664,MATH 18,B01,083748,Rideout; David Porter,3,0,37,34
1656732314664,MATH 18,B02,083749,Rideout; David Porter,3,0,36,33
1656732314664,MATH 18,B03,083750,Rideout; David Porter,1,0,37,36
1656732314664,MATH 18,B04,083751,Rideout; David Porter,4,0,36,32
1656732314664,MATH 18,B05,093473,Rideout; David Porter,4,0,36,32
1656732314664,MATH 18,B06,093474,Rideout; David Porter,4,0,36,32
1656732320691,MATH 20A,A01,083754,Zheng; Zequn,12,0,40,28
1656732326720,MATH 20B,A01,083756,Briones; Jor-el Thomas Caparas,1,0,36,35
1656732326720,MATH 20B,A02,083757,Briones; Jor-el Thomas Caparas,1,0,36,35
1656732326720,MATH 20B,A03,093475,Briones; Jor-el Thomas Caparas,0,0,36,36
1656732332748,MATH 20C,A01,083760,Briones; Jor-el Thomas Caparas,1,0,35,34
1656732332748,MATH 20C,A02,083761,Briones; Jor-el Thomas Caparas,8,0,35,27
1656732332748,MATH 20C,A03,093476,Briones; Jor-el Thomas Caparas,0,1,36,36
1656732332748,MATH 20C,B01,083762,Bach; Quang Tran,0,0,30,30
1656732338774,MATH 20D,A01,083765,Tran; Brian Kha,4,0,30,26
1656732338774,MATH 20D,A02,083766,Tran; Brian Kha,4,0,30,26
1656732338774,MATH 20D,A03,083767,Tran; Brian Kha,1,0,30,29
1656732344802,MATH 20E,A01,083771,Ganguly; Soumya,4,0,32,28
1656732344802,MATH 20E,A02,083772,Ganguly; Soumya,4,0,32,28
1656732344802,MATH 20E,B01,083773,Ciotti; Benjamin,18,0,35,17
1656732344802,MATH 20E,B02,083774,Ciotti; Benjamin,17,0,35,18
1656732350826,MATH 103A,A01,083777,Greenfeld; Be'Eri,2,0,36,34
1656732350826,MATH 103A,A02,083778,Greenfeld; Be'Eri,5,0,36,31
1656732350826,MATH 103A,A03,093561,Greenfeld; Be'Eri,4,0,36,32
1656732350826,MATH 103A,B01,083779,Greenfeld; Be'Eri,6,0,36,30
1656732350826,MATH 103A,B02,083780,Greenfeld; Be'Eri,2,0,36,34
1656732350826,MATH 103A,B03,093562,Greenfeld; Be'Eri,2,0,36,34
1656732356850,MATH 105,A01,085443,Carter; Anne Toulson,13,0,35,22
1656732356850,MATH 105,A02,093477,Carter; Anne Toulson,20,0,35,15
1656732362879,MATH 109,A01,083213,Ganzberger; Geoffrey Michael,2,0,34,32
1656732362879,MATH 109,A02,083214,Ganzberger; Geoffrey Michael,2,0,34,32
1656732362879,MATH 109,A03,093478,Ganzberger; Geoffrey Michael,1,0,34,33
1656732362879,MATH 109,B01,083215,Ganzberger; Geoffrey Michael,1,0,32,31
1656732362879,MATH 109,B02,083216,Ganzberger; Geoffrey Michael,1,0,32,31
1656732362879,MATH 109,B03,093479,Ganzberger; Geoffrey Michael,7,0,32,25
1656732368910,MATH 142A,A01,083219,Chow; Bennett,5,0,32,27
1656732368910,MATH 142A,A02,083220,Chow; Bennett,9,0,32,23
1656732368910,MATH 142A,A03,093480,Chow; Bennett,7,0,32,25
1656732368910,MATH 142A,B03,093481,Chow; Bennett,7,0,32,25
1656732368910,MATH 142A,B04,093558,Chow; Bennett,10,0,32,22
1656732368910,MATH 142A,B05,093559,Chow; Bennett,5,0,32,27
1656732374934,MATH 193A,A01,083224,Rotar; Vladimir,6,0,34,28
1656732374934,MATH 193A,A02,083225,Rotar; Vladimir,3,0,34,31
1656732374934,MATH 193A,A03,083781,Rotar; Vladimir,1,0,34,33
1656732374934,MATH 193A,A04,083782,Rotar; Vladimir,5,0,34,29
1656732374934,MATH 193A,A05,093482,Rotar; Vladimir,5,0,34,29
1656732380957,MATH 197,001,091859,McAuley; Julian John,9999,0,9999,0
1656732380957,MATH 197,002,095566,Kedlaya; Kiran S.,9997,0,9999,2
1656732380957,MATH 197,003,095567,Xiao; Ming,9999,0,9999,0
1656732380957,MATH 197,004,095571,Perols; Johan Lars,9998,0,9999,1
1656732388025,COGS 9,A01,083615,Shannon; Kyle Michael,5,0,75,70
1656732394050,COGS 11,A01,083617,Boyle; Mary E. T.,17,0,48,31
1656732400076,COGS 13,A01,083071,Bastos; Amalia Pinkusfeld,6,0,71,65
1656732406099,COGS 14A,A01,092681,Semenuks; Arturs,0,1,100,101
1656732412123,COGS 14B,A01,083073,Cheng; Tzu-Han,5,0,63,58
1656732418147,COGS 17,A01,092677,Semenuks; Arturs,4,0,81,77
1656732424170,COGS 100,A01,083619,Allen; Michael Gordon,14,0,70,56
1656732430194,COGS 101A,A01,083621,Davis; Joshua Daniel,9,0,68,59
1656732436216,COGS 101B,A01,091572,Allen; Michael Gordon,7,0,65,58
1656732442245,COGS 101C,A01,083625,Delgado; Tania,17,0,35,18
1656732448268,COGS 107A,A01,083627,Boyle; Mary E. T.,13,0,60,47
1656732454292,COGS 118A,A01,083075,Gupta; Anjum,13,0,76,63
1656732460331,CSE 3,A50,083646,Miranda; Gregory Joseph,22,0,50,28
1656732466358,CSE 8A,A50,083650,Miranda; Gregory Joseph,17,1,56,39
1656732472384,CSE 11,A01,083080,Cao; Yingjun,3,16,40,37
1656732478407,CSE 12,A01,083652,Krause-Levy; Sophia Louisa,19,1,120,101
1656732484438,CSE 15L,A01,083654,Morris; Justin Loren,8,0,50,42
1656732484438,CSE 15L,A02,083655,Morris; Justin Loren,8,0,50,42
1656732490461,CSE 20,A01,083657,Tran; Khoa Dang,37,0,80,43
1656732496486,CSE 21,A01,095574,Bach; Quang Tran,21,0,48,27
1656732502514,CSE 30,A01,083084,Eldon; John,4,0,80,76
1656732502514,CSE 30,B01,095061,Bhaskar; Nishant,5,0,50,45
1656732508538,CSE 100,A01,083659,Cao; Yingjun,1,5,70,69
1656732514562,CSE 134B,A01,083661,Powell; Thomas Allan,18,0,100,82
1656732520592,CSE 140,A01,083663,Gungor; Onat,14,0,85,71
1656732526619,CSE 140L,A01,083088,Eldon; John,16,0,100,84
1656732532646,CSE 175,A01,083665,Kumar; Rakesh,3,0,25,22
1656732538672,CSE 190,A00,092507,Dubnov; Shlomo,6,0,20,14
1656732544698,ECE 45,A01,083139,Congero; Spencer William,5,0,75,70
1656732550720,ECE 65,A50,083695,Saad; Andrew S,12,0,30,18
1656732550720,ECE 65,A51,095125,Saad; Andrew S,25,0,26,1
1656732556743,ECE 109,A01,091882,Touri; Behrouz,13,0,70,57
1656732562766,ECE 180,A00,083140,Abi Samra; Nicholas Camill,1,0,30,29
1656732562766,ECE 180,B00,083141,Abi Samra; Nicholas Camill,0,0,30,30
1656732568787,MATH 10A,A01,083735,Patchell; Gregory David,1,0,30,29
1656732568787,MATH 10A,A02,083736,Patchell; Gregory David,20,0,30,10
1656732568787,MATH 10A,A03,083737,Patchell; Gregory David,15,0,30,15
1656732574810,MATH 10B,A01,083207,Lim; Seonhee,7,0,34,27
1656732574810,MATH 10B,A02,083208,Lim; Seonhee,9,0,35,26
1656732574810,MATH 10B,A03,093472,Lim; Seonhee,3,0,34,31
1656732574810,MATH 10B,B01,083739,Sinha; Shubham,9,0,30,21
1656732580843,MATH 18,A01,083743,Cinel; Cameron Alexander,5,0,30,25
1656732580843,MATH 18,A02,083744,Cinel; Cameron Alexander,15,0,30,15
1656732580843,MATH 18,A03,083745,Cinel; Cameron Alexander,8,0,30,22
1656732580843,MATH 18,B01,083748,Rideout; David Porter,3,0,37,34
1656732580843,MATH 18,B02,083749,Rideout; David Porter,3,0,36,33
1656732580843,MATH 18,B03,083750,Rideout; David Porter,1,0,37,36
1656732580843,MATH 18,B04,083751,Rideout; David Porter,4,0,36,32
1656732580843,MATH 18,B05,093473,Rideout; David Porter,4,0,36,32
1656732580843,MATH 18,B06,093474,Rideout; David Porter,4,0,36,32
1656732586863,MATH 20A,A01,083754,Zheng; Zequn,12,0,40,28
1656732592888,MATH 20B,A01,083756,Briones; Jor-el Thomas Caparas,1,0,36,35
1656732592888,MATH 20B,A02,083757,Briones; Jor-el Thomas Caparas,1,0,36,35
1656732592888,MATH 20B,A03,093475,Briones; Jor-el Thomas Caparas,0,0,36,36
1656732598915,MATH 20C,A01,083760,Briones; Jor-el Thomas Caparas,1,0,35,34
1656732598915,MATH 20C,A02,083761,Briones; Jor-el Thomas Caparas,8,0,35,27
1656732598915,MATH 20C,A03,093476,Briones; Jor-el Thomas Caparas,0,1,36,36
1656732598915,MATH 20C,B01,083762,Bach; Quang Tran,0,0,30,30
1656732604943,MATH 20D,A01,083765,Tran; Brian Kha,4,0,30,26
1656732604943,MATH 20D,A02,083766,Tran; Brian Kha,4,0,30,26
1656732604943,MATH 20D,A03,083767,Tran; Brian Kha,1,0,30,29
1656732610966,MATH 20E,A01,083771,Ganguly; Soumya,4,0,32,28
1656732610966,MATH 20E,A02,083772,Ganguly; Soumya,4,0,32,28
1656732610966,MATH 20E,B01,083773,Ciotti; Benjamin,18,0,35,17
1656732610966,MATH 20E,B02,083774,Ciotti; Benjamin,17,0,35,18
1656732616995,MATH 103A,A01,083777,Greenfeld; Be'Eri,2,0,36,34
1656732616995,MATH 103A,A02,083778,Greenfeld; Be'Eri,5,0,36,31
1656732616995,MATH 103A,A03,093561,Greenfeld; Be'Eri,4,0,36,32
1656732616995,MATH 103A,B01,083779,Greenfeld; Be'Eri,6,0,36,30
1656732616995,MATH 103A,B02,083780,Greenfeld; Be'Eri,2,0,36,34
1656732616995,MATH 103A,B03,093562,Greenfeld; Be'Eri,2,0,36,34
1656732623021,MATH 105,A01,085443,Carter; Anne Toulson,13,0,35,22
1656732623021,MATH 105,A02,093477,Carter; Anne Toulson,20,0,35,15
1656732629049,MATH 109,A01,083213,Ganzberger; Geoffrey Michael,2,0,34,32
1656732629049,MATH 109,A02,083214,Ganzberger; Geoffrey Michael,2,0,34,32
1656732629049,MATH 109,A03,093478,Ganzberger; Geoffrey Michael,1,0,34,33
1656732629049,MATH 109,B01,083215,Ganzberger; Geoffrey Michael,1,0,32,31
1656732629049,MATH 109,B02,083216,Ganzberger; Geoffrey Michael,1,0,32,31
1656732629049,MATH 109,B03,093479,Ganzberger; Geoffrey Michael,7,0,32,25
1656732635077,MATH 142A,A01,083219,Chow; Bennett,5,0,32,27
1656732635077,MATH 142A,A02,083220,Chow; Bennett,9,0,32,23
1656732635077,MATH 142A,A03,093480,Chow; Bennett,7,0,32,25
1656732635077,MATH 142A,B03,093481,Chow; Bennett,7,0,32,25
1656732635077,MATH 142A,B04,093558,Chow; Bennett,10,0,32,22
1656732635077,MATH 142A,B05,093559,Chow; Bennett,5,0,32,27
1656732641102,MATH 193A,A01,083224,Rotar; Vladimir,6,0,34,28
1656732641102,MATH 193A,A02,083225,Rotar; Vladimir,3,0,34,31
1656732641102,MATH 193A,A03,083781,Rotar; Vladimir,1,0,34,33
1656732641102,MATH 193A,A04,083782,Rotar; Vladimir,5,0,34,29
1656732641102,MATH 193A,A05,093482,Rotar; Vladimir,5,0,34,29
1656732647130,MATH 197,001,091859,McAuley; Julian John,9999,0,9999,0
1656732647130,MATH 197,002,095566,Kedlaya; Kiran S.,9997,0,9999,2
1656732647130,MATH 197,003,095567,Xiao; Ming,9999,0,9999,0
1656732647130,MATH 197,004,095571,Perols; Johan Lars,9998,0,9999,1
1656732654182,COGS 9,A01,083615,Shannon; Kyle Michael,5,0,75,70
1656732660209,COGS 11,A01,083617,Boyle; Mary E. T.,17,0,48,31
1656732666239,COGS 13,A01,083071,Bastos; Amalia Pinkusfeld,6,0,71,65
1656732672261,COGS 14A,A01,092681,Semenuks; Arturs,0,1,100,101
1656732678282,COGS 14B,A01,083073,Cheng; Tzu-Han,5,0,63,58
1656732684304,COGS 17,A01,092677,Semenuks; Arturs,4,0,81,77
1656732690326,COGS 100,A01,083619,Allen; Michael Gordon,14,0,70,56
1656732696346,COGS 101A,A01,083621,Davis; Joshua Daniel,9,0,68,59
1656732702368,COGS 101B,A01,091572,Allen; Michael Gordon,7,0,65,58
1656732708390,COGS 101C,A01,083625,Delgado; Tania,17,0,35,18
1656732714412,COGS 107A,A01,083627,Boyle; Mary E. T.,13,0,60,47
1656732720439,COGS 118A,A01,083075,Gupta; Anjum,13,0,76,63
1656732726465,CSE 3,A50,083646,Miranda; Gregory Joseph,22,0,50,28
1656732732491,CSE 8A,A50,083650,Miranda; Gregory Joseph,17,1,56,39
1656732738517,CSE 11,A01,083080,Cao; Yingjun,3,16,40,37
1656732744539,CSE 12,A01,083652,Krause-Levy; Sophia Louisa,19,1,120,101
1656732750562,CSE 15L,A01,083654,Morris; Justin Loren,8,0,50,42
1656732750562,CSE 15L,A02,083655,Morris; Justin Loren,8,0,50,42
1656732756586,CSE 20,A01,083657,Tran; Khoa Dang,37,0,80,43
1656732762611,CSE 21,A01,095574,Bach; Quang Tran,21,0,48,27
1656732768637,CSE 30,A01,083084,Eldon; John,4,0,80,76
1656732768637,CSE 30,B01,095061,Bhaskar; Nishant,5,0,50,45
1656732774662,CSE 100,A01,083659,Cao; Yingjun,1,5,70,69
1656732780687,CSE 134B,A01,083661,Powell; Thomas Allan,18,0,100,82
1656732786712,CSE 140,A01,083663,Gungor; Onat,14,0,85,71
1656732792737,CSE 140L,A01,083088,Eldon; John,16,0,100,84
1656732798760,CSE 175,A01,083665,Kumar; Rakesh,3,0,25,22
1656732804781,CSE 190,A00,092507,Dubnov; Shlomo,6,0,20,14
1656732810803,ECE 45,A01,083139,Congero; Spencer William,5,0,75,70
1656732816828,ECE 65,A50,083695,Saad; Andrew S,12,0,30,18
1656732816828,ECE 65,A51,095125,Saad; Andrew S,25,0,26,1
1656732822850,ECE 109,A01,091882,Touri; Behrouz,13,0,70,57
1656732828871,ECE 180,A00,083140,Abi Samra; Nicholas Camill,1,0,30,29
1656732828871,ECE 180,B00,083141,Abi Samra; Nicholas Camill,0,0,30,30
1656732834898,MATH 10A,A01,083735,Patchell; Gregory David,1,0,30,29
1656732834898,MATH 10A,A02,083736,Patchell; Gregory David,20,0,30,10
1656732834898,MATH 10A,A03,083737,Patchell; Gregory David,15,0,30,15
1656732840925,MATH 10B,A01,083207,Lim; Seonhee,7,0,34,27
1656732840925,MATH 10B,A02,083208,Lim; Seonhee,9,0,35,26
1656732840925,MATH 10B,A03,093472,Lim; Seonhee,3,0,34,31
1656732840925,MATH 10B,B01,083739,Sinha; Shubham,9,0,30,21
1656732846961,MATH 18,A01,083743,Cinel; Cameron Alexander,5,0,30,25
1656732846961,MATH 18,A02,083744,Cinel; Cameron Alexander,15,0,30,15
1656732846961,MATH 18,A03,083745,Cinel; Cameron Alexander,8,0,30,22
1656732846961,MATH 18,B01,083748,Rideout; David Porter,3,0,37,34
1656732846961,MATH 18,B02,083749,Rideout; David Porter,3,0,36,33
1656732846961,MATH 18,B03,083750,Rideout; David Porter,1,0,37,36
1656732846961,MATH 18,B04,083751,Rideout; David Porter,4,0,36,32
1656732846961,MATH 18,B05,093473,Rideout; David Porter,4,0,36,32
1656732846961,MATH 18,B06,093474,Rideout; David Porter,4,0,36,32
1656732852983,MATH 20A,A01,083754,Zheng; Zequn,12,0,40,28
1656732859011,MATH 20B,A01,083756,Briones; Jor-el Thomas Caparas,1,0,36,35
1656732859011,MATH 20B,A02,083757,Briones; Jor-el Thomas Caparas,1,0,36,35
1656732859011,MATH 20B,A03,093475,Briones; Jor-el Thomas Caparas,0,0,36,36
1656732865034,MATH 20C,A01,083760,Briones; Jor-el Thomas Caparas,1,0,35,34
1656732865034,MATH 20C,A02,083761,Briones; Jor-el Thomas Caparas,8,0,35,27
1656732865034,MATH 20C,A03,093476,Briones; Jor-el Thomas Caparas,0,1,36,36
1656732865034,MATH 20C,B01,083762,Bach; Quang Tran,0,0,30,30
1656732871058,MATH 20D,A01,083765,Tran; Brian Kha,4,0,30,26
1656732871058,MATH 20D,A02,083766,Tran; Brian Kha,4,0,30,26
1656732871058,MATH 20D,A03,083767,Tran; Brian Kha,1,0,30,29
1656732877085,MATH 20E,A01,083771,Ganguly; Soumya,4,0,32,28
1656732877085,MATH 20E,A02,083772,Ganguly; Soumya,4,0,32,28
1656732877085,MATH 20E,B01,083773,Ciotti; Benjamin,18,0,35,17
1656732877085,MATH 20E,B02,083774,Ciotti; Benjamin,17,0,35,18
1656732883108,MATH 103A,A01,083777,Greenfeld; Be'Eri,2,0,36,34
1656732883108,MATH 103A,A02,083778,Greenfeld; Be'Eri,5,0,36,31
1656732883108,MATH 103A,A03,093561,Greenfeld; Be'Eri,4,0,36,32
1656732883108,MATH 103A,B01,083779,Greenfeld; Be'Eri,6,0,36,30
1656732883108,MATH 103A,B02,083780,Greenfeld; Be'Eri,2,0,36,34
1656732883108,MATH 103A,B03,093562,Greenfeld; Be'Eri,2,0,36,34
1656732889221,MATH 105,A01,085443,Carter; Anne Toulson,13,0,35,22
1656732889221,MATH 105,A02,093477,Carter; Anne Toulson,20,0,35,15
1656732895250,MATH 109,A01,083213,Ganzberger; Geoffrey Michael,2,0,34,32
1656732895250,MATH 109,A02,083214,Ganzberger; Geoffrey Michael,2,0,34,32
1656732895250,MATH 109,A03,093478,Ganzberger; Geoffrey Michael,1,0,34,33
1656732895250,MATH 109,B01,083215,Ganzberger; Geoffrey Michael,1,0,32,31
1656732895250,MATH 109,B02,083216,Ganzberger; Geoffrey Michael,1,0,32,31
1656732895250,MATH 109,B03,093479,Ganzberger; Geoffrey Michael,7,0,32,25
1656732901278,MATH 142A,A01,083219,Chow; Bennett,5,0,32,27
1656732901278,MATH 142A,A02,083220,Chow; Bennett,9,0,32,23
1656732901278,MATH 142A,A03,093480,Chow; Bennett,7,0,32,25
1656732901278,MATH 142A,B03,093481,Chow; Bennett,7,0,32,25
1656732901278,MATH 142A,B04,093558,Chow; Bennett,10,0,32,22
1656732901278,MATH 142A,B05,093559,Chow; Bennett,5,0,32,27
1656732907306,MATH 193A,A01,083224,Rotar; Vladimir,6,0,34,28
1656732907306,MATH 193A,A02,083225,Rotar; Vladimir,3,0,34,31
1656732907306,MATH 193A,A03,083781,Rotar; Vladimir,1,0,34,33
1656732907306,MATH 193A,A04,083782,Rotar; Vladimir,5,0,34,29
1656732907306,MATH 193A,A05,093482,Rotar; Vladimir,5,0,34,29
1656732913332,MATH 197,001,091859,McAuley; Julian John,9999,0,9999,0
1656732913332,MATH 197,002,095566,Kedlaya; Kiran S.,9997,0,9999,2
1656732913332,MATH 197,003,095567,Xiao; Ming,9999,0,9999,0
1656732913332,MATH 197,004,095571,Perols; Johan Lars,9998,0,9999,1
1656732920393,COGS 9,A01,083615,Shannon; Kyle Michael,5,0,75,70
1656732926414,COGS 11,A01,083617,Boyle; Mary E. T.,17,0,48,31
1656732932440,COGS 13,A01,083071,Bastos; Amalia Pinkusfeld,6,0,71,65
1656732938462,COGS 14A,A01,092681,Semenuks; Arturs,0,1,100,101
1656732944486,COGS 14B,A01,083073,Cheng; Tzu-Han,5,0,63,58
1656732950511,COGS 17,A01,092677,Semenuks; Arturs,4,0,81,77
1656732956541,COGS 100,A01,083619,Allen; Michael Gordon,14,0,70,56
1656732962564,COGS 101A,A01,083621,Davis; Joshua Daniel,9,0,68,59
1656732968590,COGS 101B,A01,091572,Allen; Michael Gordon,7,0,65,58
1656732974613,COGS 101C,A01,083625,Delgado; Tania,17,0,35,18
1656732980637,COGS 107A,A01,083627,Boyle; Mary E. T.,13,0,60,47
1656732986659,COGS 118A,A01,083075,Gupta; Anjum,13,0,76,63
1656732992685,CSE 3,A50,083646,Miranda; Gregory Joseph,22,0,50,28
1656732998711,CSE 8A,A50,083650,Miranda; Gregory Joseph,17,1,56,39
1656733004738,CSE 11,A01,083080,Cao; Yingjun,3,16,40,37
1656733010764,CSE 12,A01,083652,Krause-Levy; Sophia Louisa,19,1,120,101
1656733016800,CSE 15L,A01,083654,Morris; Justin Loren,8,0,50,42
1656733016800,CSE 15L,A02,083655,Morris; Justin Loren,8,0,50,42
1656733022826,CSE 20,A01,083657,Tran; Khoa Dang,37,0,80,43
1656733028848,CSE 21,A01,095574,Bach; Quang Tran,21,0,48,27
1656733034870,CSE 30,A01,083084,Eldon; John,4,0,80,76
1656733034870,CSE 30,B01,095061,Bhaskar; Nishant,5,0,50,45
1656733040893,CSE 100,A01,083659,Cao; Yingjun,1,5,70,69
1656733046919,CSE 134B,A01,083661,Powell; Thomas Allan,18,0,100,82
1656733052945,CSE 140,A01,083663,Gungor; Onat,14,0,85,71
1656733058970,CSE 140L,A01,083088,Eldon; John,16,0,100,84
1656733064994,CSE 175,A01,083665,Kumar; Rakesh,3,0,25,22
1656733071018,CSE 190,A00,092507,Dubnov; Shlomo,6,0,20,14
1656733077040,ECE 45,A01,083139,Congero; Spencer William,5,0,75,70
1656733083065,ECE 65,A50,083695,Saad; Andrew S,12,0,30,18
1656733083065,ECE 65,A51,095125,Saad; Andrew S,25,0,26,1
1656733089092,ECE 109,A01,091882,Touri; Behrouz,13,0,70,57
1656733095118,ECE 180,A00,083140,Abi Samra; Nicholas Camill,1,0,30,29
1656733095118,ECE 180,B00,083141,Abi Samra; Nicholas Camill,0,0,30,30
1656733101141,MATH 10A,A01,083735,Patchell; Gregory David,1,0,30,29
1656733101141,MATH 10A,A02,083736,Patchell; Gregory David,20,0,30,10
1656733101141,MATH 10A,A03,083737,Patchell; Gregory David,15,0,30,15
1656733107167,MATH 10B,A01,083207,Lim; Seonhee,7,0,34,27
1656733107167,MATH 10B,A02,083208,Lim; Seonhee,9,0,35,26
1656733107167,MATH 10B,A03,093472,Lim; Seonhee,3,0,34,31
1656733107167,MATH 10B,B01,083739,Sinha; Shubham,9,0,30,21
1656733113190,MATH 18,A01,083743,Cinel; Cameron Alexander,6,0,30,24
1656733113190,MATH 18,A02,083744,Cinel; Cameron Alexander,15,0,30,15
1656733113190,MATH 18,A03,083745,Cinel; Cameron Alexander,8,0,30,22
1656733113190,MATH 18,B01,083748,Rideout; David Porter,3,0,37,34
1656733113190,MATH 18,B02,083749,Rideout; David Porter,3,0,36,33
1656733113190,MATH 18,B03,083750,Rideout; David Porter,1,0,37,36
1656733113190,MATH 18,B04,083751,Rideout; David Porter,4,0,36,32
1656733113190,MATH 18,B05,093473,Rideout; David Porter,4,0,36,32
1656733113190,MATH 18,B06,093474,Rideout; David Porter,4,0,36,32
1656733119215,MATH 20A,A01,083754,Zheng; Zequn,12,0,40,28
1656733125241,MATH 20B,A01,083756,Briones; Jor-el Thomas Caparas,1,0,36,35
1656733125241,MATH 20B,A02,083757,Briones; Jor-el Thomas Caparas,1,0,36,35
1656733125241,MATH 20B,A03,093475,Briones; Jor-el Thomas Caparas,0,0,36,36
1656733131264,MATH 20C,A01,083760,Briones; Jor-el Thomas Caparas,1,0,35,34
1656733131264,MATH 20C,A02,083761,Briones; Jor-el Thomas Caparas,8,0,35,27
1656733131264,MATH 20C,A03,093476,Briones; Jor-el Thomas Caparas,0,1,36,36
1656733131264,MATH 20C,B01,083762,Bach; Quang Tran,0,0,30,30
1656733137288,MATH 20D,A01,083765,Tran; Brian Kha,4,0,30,26
1656733137288,MATH 20D,A02,083766,Tran; Brian Kha,4,0,30,26
1656733137288,MATH 20D,A03,083767,Tran; Brian Kha,1,0,30,29
1656733143310,MATH 20E,A01,083771,Ganguly; Soumya,4,0,32,28
1656733143310,MATH 20E,A02,083772,Ganguly; Soumya,4,0,32,28
1656733143310,MATH 20E,B01,083773,Ciotti; Benjamin,18,0,35,17
1656733143310,MATH 20E,B02,083774,Ciotti; Benjamin,17,0,35,18
1656733149333,MATH 103A,A01,083777,Greenfeld; Be'Eri,2,0,36,34
1656733149333,MATH 103A,A02,083778,Greenfeld; Be'Eri,5,0,36,31
1656733149333,MATH 103A,A03,093561,Greenfeld; Be'Eri,4,0,36,32
1656733149333,MATH 103A,B01,083779,Greenfeld; Be'Eri,6,0,36,30
1656733149333,MATH 103A,B02,083780,Greenfeld; Be'Eri,2,0,36,34
1656733149333,MATH 103A,B03,093562,Greenfeld; Be'Eri,2,0,36,34
1656733155362,MATH 105,A01,085443,Carter; Anne Toulson,13,0,35,22
1656733155362,MATH 105,A02,093477,Carter; Anne Toulson,20,0,35,15
1656733161398,MATH 109,A01,083213,Ganzberger; Geoffrey Michael,2,0,34,32
1656733161398,MATH 109,A02,083214,Ganzberger; Geoffrey Michael,2,0,34,32
1656733161398,MATH 109,A03,093478,Ganzberger; Geoffrey Michael,1,0,34,33
1656733161398,MATH 109,B01,083215,Ganzberger; Geoffrey Michael,1,0,32,31
1656733161398,MATH 109,B02,083216,Ganzberger; Geoffrey Michael,1,0,32,31
1656733161398,MATH 109,B03,093479,Ganzberger; Geoffrey Michael,7,0,32,25
1656733167422,MATH 142A,A01,083219,Chow; Bennett,5,0,32,27
1656733167422,MATH 142A,A02,083220,Chow; Bennett,9,0,32,23
1656733167422,MATH 142A,A03,093480,Chow; Bennett,7,0,32,25
1656733167422,MATH 142A,B03,093481,Chow; Bennett,7,0,32,25
1656733167422,MATH 142A,B04,093558,Chow; Bennett,10,0,32,22
1656733167422,MATH 142A,B05,093559,Chow; Bennett,5,0,32,27
1656733173449,MATH 193A,A01,083224,Rotar; Vladimir,6,0,34,28
1656733173449,MATH 193A,A02,083225,Rotar; Vladimir,3,0,34,31
1656733173449,MATH 193A,A03,083781,Rotar; Vladimir,1,0,34,33
1656733173449,MATH 193A,A04,083782,Rotar; Vladimir,5,0,34,29
1656733173449,MATH 193A,A05,093482,Rotar; Vladimir,5,0,34,29
1656733179477,MATH 197,001,091859,McAuley; Julian John,9999,0,9999,0
1656733179477,MATH 197,002,095566,Kedlaya; Kiran S.,9997,0,9999,2
1656733179477,MATH 197,003,095567,Xiao; Ming,9999,0,9999,0
1656733179477,MATH 197,004,095571,Perols; Johan Lars,9998,0,9999,1
1656733186529,COGS 9,A01,083615,Shannon; Kyle Michael,5,0,75,70
1656733192556,COGS 11,A01,083617,Boyle; Mary E. T.,17,0,48,31
1656733198578,COGS 13,A01,083071,Bastos; Amalia Pinkusfeld,6,0,71,65
1656733204607,COGS 14A,A01,092681,Semenuks; Arturs,0,1,100,101
1656733210631,COGS 14B,A01,083073,Cheng; Tzu-Han,5,0,63,58
1656733216654,COGS 17,A01,092677,Semenuks; Arturs,4,0,81,77
1656733222678,COGS 100,A01,083619,Allen; Michael Gordon,14,0,70,56
1656733228706,COGS 101A,A01,083621,Davis; Joshua Daniel,9,0,68,59
1656733234742,COGS 101B,A01,091572,Allen; Michael Gordon,7,0,65,58
1656733240763,COGS 101C,A01,083625,Delgado; Tania,17,0,35,18
1656733246785,COGS 107A,A01,083627,Boyle; Mary E. T.,13,0,60,47
1656733252810,COGS 118A,A01,083075,Gupta; Anjum,13,0,76,63
1656733258833,CSE 3,A50,083646,Miranda; Gregory Joseph,22,0,50,28
1656733264864,CSE 8A,A50,083650,Miranda; Gregory Joseph,17,1,56,39
1656733270888,CSE 11,A01,083080,Cao; Yingjun,3,16,40,37
1656733276916,CSE 12,A01,083652,Krause-Levy; Sophia Louisa,19,1,120,101
1656733282944,CSE 15L,A01,083654,Morris; Justin Loren,8,0,50,42
1656733282944,CSE 15L,A02,083655,Morris; Justin Loren,8,0,50,42
1656733288971,CSE 20,A01,083657,Tran; Khoa Dang,37,0,80,43
1656733295003,CSE 21,A01,095574,Bach; Quang Tran,21,0,48,27
1656733301030,CSE 30,A01,083084,Eldon; John,4,0,80,76
1656733301030,CSE 30,B01,095061,Bhaskar; Nishant,5,0,50,45
1656733307059,CSE 100,A01,083659,Cao; Yingjun,1,5,70,69
1656733313082,CSE 134B,A01,083661,Powell; Thomas Allan,18,0,100,82
1656733319104,CSE 140,A01,083663,Gungor; Onat,14,0,85,71
1656733325130,CSE 140L,A01,083088,Eldon; John,16,0,100,84
1656733331154,CSE 175,A01,083665,Kumar; Rakesh,3,0,25,22
1656733337179,CSE 190,A00,092507,Dubnov; Shlomo,6,0,20,14
1656733343203,ECE 45,A01,083139,Congero; Spencer William,5,0,75,70
1656733349231,ECE 65,A50,083695,Saad; Andrew S,12,0,30,18
1656733349231,ECE 65,A51,095125,Saad; Andrew S,25,0,26,1
1656733355258,ECE 109,A01,091882,Touri; Behrouz,13,0,70,57
1656733361282,ECE 180,A00,083140,Abi Samra; Nicholas Camill,1,0,30,29
1656733361282,ECE 180,B00,083141,Abi Samra; Nicholas Camill,0,0,30,30
1656733367310,MATH 10A,A01,083735,Patchell; Gregory David,1,0,30,29
1656733367310,MATH 10A,A02,083736,Patchell; Gregory David,20,0,30,10
1656733367310,MATH 10A,A03,083737,Patchell; Gregory David,15,0,30,15
1656733373338,MATH 10B,A01,083207,Lim; Seonhee,7,0,34,27
1656733373338,MATH 10B,A02,083208,Lim; Seonhee,9,0,35,26
1656733373338,MATH 10B,A03,093472,Lim; Seonhee,3,0,34,31
1656733373338,MATH 10B,B01,083739,Sinha; Shubham,9,0,30,21
1656733379369,MATH 18,A01,083743,Cinel; Cameron Alexander,6,0,30,24
1656733379369,MATH 18,A02,083744,Cinel; Cameron Alexander,15,0,30,15
1656733379369,MATH 18,A03,083745,Cinel; Cameron Alexander,8,0,30,22
1656733379369,MATH 18,B01,083748,Rideout; David Porter,3,0,37,34
1656733379369,MATH 18,B02,083749,Rideout; David Porter,3,0,36,33
1656733379369,MATH 18,B03,083750,Rideout; David Porter,1,0,37,36
1656733379369,MATH 18,B04,083751,Rideout; David Porter,4,0,36,32
1656733379369,MATH 18,B05,093473,Rideout; David Porter,4,0,36,32
1656733379369,MATH 18,B06,093474,Rideout; David Porter,4,0,36,32
1656733385393,MATH 20A,A01,083754,Zheng; Zequn,12,0,40,28
1656733391417,MATH 20B,A01,083756,Briones; Jor-el Thomas Caparas,1,0,36,35
1656733391417,MATH 20B,A02,083757,Briones; Jor-el Thomas Caparas,1,0,36,35
1656733391417,MATH 20B,A03,093475,Briones; Jor-el Thomas Caparas,0,0,36,36
1656733397439,MATH 20C,A01,083760,Briones; Jor-el Thomas Caparas,1,0,35,34
1656733397439,MATH 20C,A02,083761,Briones; Jor-el Thomas Caparas,8,0,35,27
1656733397439,MATH 20C,A03,093476,Briones; Jor-el Thomas Caparas,0,1,36,36
1656733397439,MATH 20C,B01,083762,Bach; Quang Tran,0,0,30,30
1656733403460,MATH 20D,A01,083765,Tran; Brian Kha,4,0,30,26
1656733403460,MATH 20D,A02,083766,Tran; Brian Kha,4,0,30,26
1656733403460,MATH 20D,A03,083767,Tran; Brian Kha,1,0,30,29
1656733409484,MATH 20E,A01,083771,Ganguly; Soumya,4,0,32,28
1656733409484,MATH 20E,A02,083772,Ganguly; Soumya,4,0,32,28
1656733409484,MATH 20E,B01,083773,Ciotti; Benjamin,18,0,35,17
1656733409484,MATH 20E,B02,083774,Ciotti; Benjamin,17,0,35,18
1656733415509,MATH 103A,A01,083777,Greenfeld; Be'Eri,2,0,36,34
1656733415509,MATH 103A,A02,083778,Greenfeld; Be'Eri,5,0,36,31
1656733415509,MATH 103A,A03,093561,Greenfeld; Be'Eri,4,0,36,32
1656733415509,MATH 103A,B01,083779,Greenfeld; Be'Eri,6,0,36,30
1656733415509,MATH 103A,B02,083780,Greenfeld; Be'Eri,2,0,36,34
1656733415509,MATH 103A,B03,093562,Greenfeld; Be'Eri,2,0,36,34
1656733421537,MATH 105,A01,085443,Carter; Anne Toulson,13,0,35,22
1656733421537,MATH 105,A02,093477,Carter; Anne Toulson,20,0,35,15
1656733427562,MATH 109,A01,083213,Ganzberger; Geoffrey Michael,2,0,34,32
1656733427562,MATH 109,A02,083214,Ganzberger; Geoffrey Michael,2,0,34,32
1656733427562,MATH 109,A03,093478,Ganzberger; Geoffrey Michael,1,0,34,33
1656733427562,MATH 109,B01,083215,Ganzberger; Geoffrey Michael,1,0,32,31
1656733427562,MATH 109,B02,083216,Ganzberger; Geoffrey Michael,1,0,32,31
1656733427562,MATH 109,B03,093479,Ganzberger; Geoffrey Michael,7,0,32,25
1656733433606,MATH 142A,A01,083219,Chow; Bennett,5,0,32,27
1656733433606,MATH 142A,A02,083220,Chow; Bennett,9,0,32,23
1656733433606,MATH 142A,A03,093480,Chow; Bennett,7,0,32,25
1656733433606,MATH 142A,B03,093481,Chow; Bennett,7,0,32,25
1656733433606,MATH 142A,B04,093558,Chow; Bennett,10,0,32,22
1656733433606,MATH 142A,B05,093559,Chow; Bennett,5,0,32,27
1656733439635,MATH 193A,A01,083224,Rotar; Vladimir,6,0,34,28
1656733439635,MATH 193A,A02,083225,Rotar; Vladimir,3,0,34,31
1656733439635,MATH 193A,A03,083781,Rotar; Vladimir,1,0,34,33
1656733439635,MATH 193A,A04,083782,Rotar; Vladimir,5,0,34,29
1656733439635,MATH 193A,A05,093482,Rotar; Vladimir,5,0,34,29
1656733445661,MATH 197,001,091859,McAuley; Julian John,9999,0,9999,0
1656733445661,MATH 197,002,095566,Kedlaya; Kiran S.,9997,0,9999,2
1656733445661,MATH 197,003,095567,Xiao; Ming,9999,0,9999,0
1656733445661,MATH 197,004,095571,Perols; Johan Lars,9998,0,9999,1
1656733452723,COGS 9,A01,083615,Shannon; Kyle Michael,5,0,75,70
1656733458746,COGS 11,A01,083617,Boyle; Mary E. T.,17,0,48,31
1656733464769,COGS 13,A01,083071,Bastos; Amalia Pinkusfeld,6,0,71,65
1656733470794,COGS 14A,A01,092681,Semenuks; Arturs,0,1,100,101
1656733476820,COGS 14B,A01,083073,Cheng; Tzu-Han,5,0,63,58
1656733482930,COGS 17,A01,092677,Semenuks; Arturs,4,0,81,77
1656733488962,COGS 100,A01,083619,Allen; Michael Gordon,14,0,70,56
1656733494994,COGS 101A,A01,083621,Davis; Joshua Daniel,9,0,68,59
1656733501021,COGS 101B,A01,091572,Allen; Michael Gordon,7,0,65,58
1656733507045,COGS 101C,A01,083625,Delgado; Tania,17,0,35,18
1656733513071,COGS 107A,A01,083627,Boyle; Mary E. T.,13,0,60,47
1656733519099,COGS 118A,A01,083075,Gupta; Anjum,13,0,76,63
1656733525128,CSE 3,A50,083646,Miranda; Gregory Joseph,22,0,50,28
1656733531152,CSE 8A,A50,083650,Miranda; Gregory Joseph,17,1,56,39
1656733537191,CSE 11,A01,083080,Cao; Yingjun,3,16,40,37
1656733543216,CSE 12,A01,083652,Krause-Levy; Sophia Louisa,19,1,120,101
1656733549241,CSE 15L,A01,083654,Morris; Justin Loren,8,0,50,42
1656733549241,CSE 15L,A02,083655,Morris; Justin Loren,8,0,50,42
1656733555270,CSE 20,A01,083657,Tran; Khoa Dang,37,0,80,43
1656733561299,CSE 21,A01,095574,Bach; Quang Tran,21,0,48,27
1656733567332,CSE 30,A01,083084,Eldon; John,4,0,80,76
1656733567332,CSE 30,B01,095061,Bhaskar; Nishant,5,0,50,45
1656733573359,CSE 100,A01,083659,Cao; Yingjun,1,5,70,69
1656733579385,CSE 134B,A01,083661,Powell; Thomas Allan,18,0,100,82
1656733585417,CSE 140,A01,083663,Gungor; Onat,14,0,85,71
1656733591440,CSE 140L,A01,083088,Eldon; John,16,0,100,84
1656733597472,CSE 175,A01,083665,Kumar; Rakesh,3,0,25,22
1656733603497,CSE 190,A00,092507,Dubnov; Shlomo,6,0,20,14
1656733609525,ECE 45,A01,083139,Congero; Spencer William,5,0,75,70
1656733615547,ECE 65,A50,083695,Saad; Andrew S,12,0,30,18
1656733615547,ECE 65,A51,095125,Saad; Andrew S,25,0,26,1
1656733621586,ECE 109,A01,091882,Touri; Behrouz,13,0,70,57
1656733627607,ECE 180,A00,083140,Abi Samra; Nicholas Camill,1,0,30,29
1656733627607,ECE 180,B00,083141,Abi Samra; Nicholas Camill,0,0,30,30
1656733633631,MATH 10A,A01,083735,Patchell; Gregory David,1,0,30,29
1656733633631,MATH 10A,A02,083736,Patchell; Gregory David,20,0,30,10
1656733633631,MATH 10A,A03,083737,Patchell; Gregory David,15,0,30,15
1656733639658,MATH 10B,A01,083207,Lim; Seonhee,7,0,34,27
1656733639658,MATH 10B,A02,083208,Lim; Seonhee,9,0,35,26
1656733639658,MATH 10B,A03,093472,Lim; Seonhee,3,0,34,31
1656733639658,MATH 10B,B01,083739,Sinha; Shubham,9,0,30,21
1656733645687,MATH 18,A01,083743,Cinel; Cameron Alexander,6,0,30,24
1656733645687,MATH 18,A02,083744,Cinel; Cameron Alexander,15,0,30,15
1656733645687,MATH 18,A03,083745,Cinel; Cameron Alexander,8,0,30,22
1656733645687,MATH 18,B01,083748,Rideout; David Porter,3,0,37,34
1656733645687,MATH 18,B02,083749,Rideout; David Porter,3,0,36,33
1656733645687,MATH 18,B03,083750,Rideout; David Porter,1,0,37,36
1656733645687,MATH 18,B04,083751,Rideout; David Porter,4,0,36,32
1656733645687,MATH 18,B05,093473,Rideout; David Porter,4,0,36,32
1656733645687,MATH 18,B06,093474,Rideout; David Porter,4,0,36,32
1656733651718,MATH 20A,A01,083754,Zheng; Zequn,12,0,40,28
1656733657759,MATH 20B,A01,083756,Briones; Jor-el Thomas Caparas,1,0,36,35
1656733657759,MATH 20B,A02,083757,Briones; Jor-el Thomas Caparas,1,0,36,35
1656733657759,MATH 20B,A03,093475,Briones; Jor-el Thomas Caparas,0,0,36,36
1656733663782,MATH 20C,A01,083760,Briones; Jor-el Thomas Caparas,1,0,35,34
1656733663782,MATH 20C,A02,083761,Briones; Jor-el Thomas Caparas,8,0,35,27
1656733663782,MATH 20C,A03,093476,Briones; Jor-el Thomas Caparas,0,1,36,36
1656733663782,MATH 20C,B01,083762,Bach; Quang Tran,0,0,30,30
1656733669805,MATH 20D,A01,083765,Tran; Brian Kha,4,0,30,26
1656733669805,MATH 20D,A02,083766,Tran; Brian Kha,4,0,30,26
1656733669805,MATH 20D,A03,083767,Tran; Brian Kha,1,0,30,29
1656733675834,MATH 20E,A01,083771,Ganguly; Soumya,4,0,32,28
1656733675834,MATH 20E,A02,083772,Ganguly; Soumya,4,0,32,28
1656733675834,MATH 20E,B01,083773,Ciotti; Benjamin,18,0,35,17
1656733675834,MATH 20E,B02,083774,Ciotti; Benjamin,17,0,35,18
1656733681862,MATH 103A,A01,083777,Greenfeld; Be'Eri,2,0,36,34
1656733681862,MATH 103A,A02,083778,Greenfeld; Be'Eri,5,0,36,31
1656733681862,MATH 103A,A03,093561,Greenfeld; Be'Eri,4,0,36,32
1656733681862,MATH 103A,B01,083779,Greenfeld; Be'Eri,6,0,36,30
1656733681862,MATH 103A,B02,083780,Greenfeld; Be'Eri,2,0,36,34
1656733681862,MATH 103A,B03,093562,Greenfeld; Be'Eri,2,0,36,34
1656733687894,MATH 105,A01,085443,Carter; Anne Toulson,13,0,35,22
1656733687894,MATH 105,A02,093477,Carter; Anne Toulson,20,0,35,15
1656733693921,MATH 109,A01,083213,Ganzberger; Geoffrey Michael,2,0,34,32
1656733693921,MATH 109,A02,083214,Ganzberger; Geoffrey Michael,2,0,34,32
1656733693921,MATH 109,A03,093478,Ganzberger; Geoffrey Michael,1,0,34,33
1656733693921,MATH 109,B01,083215,Ganzberger; Geoffrey Michael,1,0,32,31
1656733693921,MATH 109,B02,083216,Ganzberger; Geoffrey Michael,1,0,32,31
1656733693921,MATH 109,B03,093479,Ganzberger; Geoffrey Michael,7,0,32,25
1656733699947,MATH 142A,A01,083219,Chow; Bennett,5,0,32,27
1656733699947,MATH 142A,A02,083220,Chow; Bennett,9,0,32,23
1656733699947,MATH 142A,A03,093480,Chow; Bennett,7,0,32,25
1656733699947,MATH 142A,B03,093481,Chow; Bennett,7,0,32,25
1656733699947,MATH 142A,B04,093558,Chow; Bennett,10,0,32,22
1656733699947,MATH 142A,B05,093559,Chow; Bennett,5,0,32,27
1656733705976,MATH 193A,A01,083224,Rotar; Vladimir,6,0,34,28
1656733705976,MATH 193A,A02,083225,Rotar; Vladimir,3,0,34,31
1656733705976,MATH 193A,A03,083781,Rotar; Vladimir,1,0,34,33
1656733705976,MATH 193A,A04,083782,Rotar; Vladimir,5,0,34,29
1656733705976,MATH 193A,A05,093482,Rotar; Vladimir,5,0,34,29
1656733712005,MATH 197,001,091859,McAuley; Julian John,9999,0,9999,0
1656733712005,MATH 197,002,095566,Kedlaya; Kiran S.,9997,0,9999,2
1656733712005,MATH 197,003,095567,Xiao; Ming,9999,0,9999,0
1656733712005,MATH 197,004,095571,Perols; Johan Lars,9998,0,9999,1
1656733719069,COGS 9,A01,083615,Shannon; Kyle Michael,5,0,75,70
1656733725102,COGS 11,A01,083617,Boyle; Mary E. T.,17,0,48,31
1656733731124,COGS 13,A01,083071,Bastos; Amalia Pinkusfeld,6,0,71,65
1656733737160,COGS 14A,A01,092681,Semenuks; Arturs,0,1,100,101
1656733743182,COGS 14B,A01,083073,Cheng; Tzu-Han,5,0,63,58
1656733749209,COGS 17,A01,092677,Semenuks; Arturs,4,0,81,77
1656733755237,COGS 100,A01,083619,Allen; Michael Gordon,14,0,70,56
1656733761260,COGS 101A,A01,083621,Davis; Joshua Daniel,9,0,68,59
1656733767287,COGS 101B,A01,091572,Allen; Michael Gordon,7,0,65,58
1656733773310,COGS 101C,A01,083625,Delgado; Tania,17,0,35,18
1656733779332,COGS 107A,A01,083627,Boyle; Mary E. T.,13,0,60,47
1656733785357,COGS 118A,A01,083075,Gupta; Anjum,13,0,76,63
1656733791384,CSE 3,A50,083646,Miranda; Gregory Joseph,22,0,50,28
1656733797412,CSE 8A,A50,083650,Miranda; Gregory Joseph,17,1,56,39
1656733803436,CSE 11,A01,083080,Cao; Yingjun,3,16,40,37
1656733809458,CSE 12,A01,083652,Krause-Levy; Sophia Louisa,19,1,120,101
1656733815484,CSE 15L,A01,083654,Morris; Justin Loren,8,0,50,42
1656733815484,CSE 15L,A02,083655,Morris; Justin Loren,8,0,50,42
1656733821510,CSE 20,A01,083657,Tran; Khoa Dang,37,0,80,43
1656733827534,CSE 21,A01,095574,Bach; Quang Tran,21,0,48,27
1656733833561,CSE 30,A01,083084,Eldon; John,4,0,80,76
1656733833561,CSE 30,B01,095061,Bhaskar; Nishant,5,0,50,45
1656733839594,CSE 100,A01,083659,Cao; Yingjun,1,5,70,69
1656733845616,CSE 134B,A01,083661,Powell; Thomas Allan,18,0,100,82
1656733851643,CSE 140,A01,083663,Gungor; Onat,14,0,85,71
1656733857671,CSE 140L,A01,083088,Eldon; John,16,0,100,84
1656733863694,CSE 175,A01,083665,Kumar; Rakesh,3,0,25,22
1656733869720,CSE 190,A00,092507,Dubnov; Shlomo,6,0,20,14
1656733875747,ECE 45,A01,083139,Congero; Spencer William,5,0,75,70
1656733881771,ECE 65,A50,083695,Saad; Andrew S,12,0,30,18
1656733881771,ECE 65,A51,095125,Saad; Andrew S,25,0,26,1
1656733887793,ECE 109,A01,091882,Touri; Behrouz,13,0,70,57
1656733893823,ECE 180,A00,083140,Abi Samra; Nicholas Camill,1,0,30,29
1656733893823,ECE 180,B00,083141,Abi Samra; Nicholas Camill,0,0,30,30
1656733899848,MATH 10A,A01,083735,Patchell; Gregory David,1,0,30,29
1656733899848,MATH 10A,A02,083736,Patchell; Gregory David,20,0,30,10
1656733899848,MATH 10A,A03,083737,Patchell; Gregory David,15,0,30,15
1656733905872,MATH 10B,A01,083207,Lim; Seonhee,7,0,34,27
1656733905872,MATH 10B,A02,083208,Lim; Seonhee,9,0,35,26
1656733905872,MATH 10B,A03,093472,Lim; Seonhee,3,0,34,31
1656733905872,MATH 10B,B01,083739,Sinha; Shubham,9,0,30,21
1656733911897,MATH 18,A01,083743,Cinel; Cameron Alexander,6,0,30,24
1656733911897,MATH 18,A02,083744,Cinel; Cameron Alexander,15,0,30,15
1656733911897,MATH 18,A03,083745,Cinel; Cameron Alexander,8,0,30,22
1656733911897,MATH 18,B01,083748,Rideout; David Porter,3,0,37,34
1656733911897,MATH 18,B02,083749,Rideout; David Porter,3,0,36,33
1656733911897,MATH 18,B03,083750,Rideout; David Porter,1,0,37,36
1656733911897,MATH 18,B04,083751,Rideout; David Porter,4,0,36,32
1656733911897,MATH 18,B05,093473,Rideout; David Porter,4,0,36,32
1656733911897,MATH 18,B06,093474,Rideout; David Porter,4,0,36,32
1656733917923,MATH 20A,A01,083754,Zheng; Zequn,12,0,40,28
1656733923949,MATH 20B,A01,083756,Briones; Jor-el Thomas Caparas,1,0,36,35
1656733923949,MATH 20B,A02,083757,Briones; Jor-el Thomas Caparas,1,0,36,35
1656733923949,MATH 20B,A03,093475,Briones; Jor-el Thomas Caparas,0,0,36,36
1656733929978,MATH 20C,A01,083760,Briones; Jor-el Thomas Caparas,1,0,35,34
1656733929978,MATH 20C,A02,083761,Briones; Jor-el Thomas Caparas,8,0,35,27
1656733929978,MATH 20C,A03,093476,Briones; Jor-el Thomas Caparas,0,1,36,36
1656733929978,MATH 20C,B01,083762,Bach; Quang Tran,0,0,30,30
1656733936006,MATH 20D,A01,083765,Tran; Brian Kha,4,0,30,26
1656733936006,MATH 20D,A02,083766,Tran; Brian Kha,4,0,30,26
1656733936006,MATH 20D,A03,083767,Tran; Brian Kha,1,0,30,29
1656733942030,MATH 20E,A01,083771,Ganguly; Soumya,4,0,32,28
1656733942030,MATH 20E,A02,083772,Ganguly; Soumya,4,0,32,28
1656733942030,MATH 20E,B01,083773,Ciotti; Benjamin,18,0,35,17
1656733942030,MATH 20E,B02,083774,Ciotti; Benjamin,17,0,35,18
1656733948060,MATH 103A,A01,083777,Greenfeld; Be'Eri,2,0,36,34
1656733948060,MATH 103A,A02,083778,Greenfeld; Be'Eri,5,0,36,31
1656733948060,MATH 103A,A03,093561,Greenfeld; Be'Eri,4,0,36,32
1656733948060,MATH 103A,B01,083779,Greenfeld; Be'Eri,6,0,36,30
1656733948060,MATH 103A,B02,083780,Greenfeld; Be'Eri,2,0,36,34
1656733948060,MATH 103A,B03,093562,Greenfeld; Be'Eri,2,0,36,34
1656733954087,MATH 105,A01,085443,Carter; Anne Toulson,13,0,35,22
1656733954087,MATH 105,A02,093477,Carter; Anne Toulson,20,0,35,15
1656733960114,MATH 109,A01,083213,Ganzberger; Geoffrey Michael,2,0,34,32
1656733960114,MATH 109,A02,083214,Ganzberger; Geoffrey Michael,2,0,34,32
1656733960114,MATH 109,A03,093478,Ganzberger; Geoffrey Michael,1,0,34,33
1656733960114,MATH 109,B01,083215,Ganzberger; Geoffrey Michael,1,0,32,31
1656733960114,MATH 109,B02,083216,Ganzberger; Geoffrey Michael,1,0,32,31
1656733960114,MATH 109,B03,093479,Ganzberger; Geoffrey Michael,7,0,32,25
1656733966142,MATH 142A,A01,083219,Chow; Bennett,5,0,32,27
1656733966142,MATH 142A,A02,083220,Chow; Bennett,9,0,32,23
1656733966142,MATH 142A,A03,093480,Chow; Bennett,7,0,32,25
1656733966142,MATH 142A,B03,093481,Chow; Bennett,7,0,32,25
1656733966142,MATH 142A,B04,093558,Chow; Bennett,10,0,32,22
1656733966142,MATH 142A,B05,093559,Chow; Bennett,5,0,32,27
1656733972177,MATH 193A,A01,083224,Rotar; Vladimir,6,0,34,28
1656733972177,MATH 193A,A02,083225,Rotar; Vladimir,3,0,34,31
1656733972177,MATH 193A,A03,083781,Rotar; Vladimir,1,0,34,33
1656733972177,MATH 193A,A04,083782,Rotar; Vladimir,5,0,34,29
1656733972177,MATH 193A,A05,093482,Rotar; Vladimir,6,0,34,28
1656733978201,MATH 197,001,091859,McAuley; Julian John,9999,0,9999,0
1656733978201,MATH 197,002,095566,Kedlaya; Kiran S.,9997,0,9999,2
1656733978201,MATH 197,003,095567,Xiao; Ming,9999,0,9999,0
1656733978201,MATH 197,004,095571,Perols; Johan Lars,9998,0,9999,1
1656733985282,COGS 9,A01,083615,Shannon; Kyle Michael,6,0,75,69
1656733991311,COGS 11,A01,083617,Boyle; Mary E. T.,17,0,48,31
1656733997338,COGS 13,A01,083071,Bastos; Amalia Pinkusfeld,6,0,71,65
1656734003364,COGS 14A,A01,092681,Semenuks; Arturs,0,1,100,101
1656734009391,COGS 14B,A01,083073,Cheng; Tzu-Han,5,0,63,58
1656734015414,COGS 17,A01,092677,Semenuks; Arturs,4,0,81,77
1656734021439,COGS 100,A01,083619,Allen; Michael Gordon,14,0,70,56
1656734027466,COGS 101A,A01,083621,Davis; Joshua Daniel,9,0,68,59
1656734033500,COGS 101B,A01,091572,Allen; Michael Gordon,8,0,65,57
1656734039526,COGS 101C,A01,083625,Delgado; Tania,17,0,35,18
1656734045552,COGS 107A,A01,083627,Boyle; Mary E. T.,13,0,60,47
1656734051577,COGS 118A,A01,083075,Gupta; Anjum,13,0,76,63
1656734057601,CSE 3,A50,083646,Miranda; Gregory Joseph,22,0,50,28
1656734063639,CSE 8A,A50,083650,Miranda; Gregory Joseph,17,1,56,39
1656734069662,CSE 11,A01,083080,Cao; Yingjun,3,16,40,37
1656734075689,CSE 12,A01,083652,Krause-Levy; Sophia Louisa,19,1,120,101
1656734081813,CSE 15L,A01,083654,Morris; Justin Loren,8,0,50,42
1656734081813,CSE 15L,A02,083655,Morris; Justin Loren,8,0,50,42
1656734087838,CSE 20,A01,083657,Tran; Khoa Dang,37,0,80,43
1656734093866,CSE 21,A01,095574,Bach; Quang Tran,21,0,48,27
1656734099893,CSE 30,A01,083084,Eldon; John,4,0,80,76
1656734099893,CSE 30,B01,095061,Bhaskar; Nishant,5,0,50,45
1656734105916,CSE 100,A01,083659,Cao; Yingjun,1,5,70,69
1656734111940,CSE 134B,A01,083661,Powell; Thomas Allan,18,0,100,82
1656734117962,CSE 140,A01,083663,Gungor; Onat,14,0,85,71
1656734123986,CSE 140L,A01,083088,Eldon; John,16,0,100,84
1656734130011,CSE 175,A01,083665,Kumar; Rakesh,3,0,25,22
1656734136040,CSE 190,A00,092507,Dubnov; Shlomo,6,0,20,14
1656734142068,ECE 45,A01,083139,Congero; Spencer William,5,0,75,70
1656734148095,ECE 65,A50,083695,Saad; Andrew S,12,0,30,18
1656734148095,ECE 65,A51,095125,Saad; Andrew S,25,0,26,1
1656734154118,ECE 109,A01,091882,Touri; Behrouz,13,0,70,57
1656734160141,ECE 180,A00,083140,Abi Samra; Nicholas Camill,1,0,30,29
1656734160141,ECE 180,B00,083141,Abi Samra; Nicholas Camill,0,0,30,30
1656734166166,MATH 10A,A01,083735,Patchell; Gregory David,1,0,30,29
1656734166166,MATH 10A,A02,083736,Patchell; Gregory David,20,0,30,10
1656734166166,MATH 10A,A03,083737,Patchell; Gregory David,15,0,30,15
1656734172195,MATH 10B,A01,083207,Lim; Seonhee,7,0,34,27
1656734172195,MATH 10B,A02,083208,Lim; Seonhee,9,0,35,26
1656734172195,MATH 10B,A03,093472,Lim; Seonhee,3,0,34,31
1656734172195,MATH 10B,B01,083739,Sinha; Shubham,9,0,30,21
1656734178243,MATH 18,A01,083743,Cinel; Cameron Alexander,6,0,30,24
1656734178243,MATH 18,A02,083744,Cinel; Cameron Alexander,15,0,30,15
1656734178243,MATH 18,A03,083745,Cinel; Cameron Alexander,8,0,30,22
1656734178243,MATH 18,B01,083748,Rideout; David Porter,3,0,37,34
1656734178243,MATH 18,B02,083749,Rideout; David Porter,3,0,36,33
1656734178243,MATH 18,B03,083750,Rideout; David Porter,1,0,37,36
1656734178243,MATH 18,B04,083751,Rideout; David Porter,4,0,36,32
1656734178243,MATH 18,B05,093473,Rideout; David Porter,4,0,36,32
1656734178243,MATH 18,B06,093474,Rideout; David Porter,4,0,36,32
1656734184266,MATH 20A,A01,083754,Zheng; Zequn,12,0,40,28
1656734190290,MATH 20B,A01,083756,Briones; Jor-el Thomas Caparas,1,0,36,35
1656734190290,MATH 20B,A02,083757,Briones; Jor-el Thomas Caparas,1,0,36,35
1656734190290,MATH 20B,A03,093475,Briones; Jor-el Thomas Caparas,0,0,36,36
1656734196315,MATH 20C,A01,083760,Briones; Jor-el Thomas Caparas,1,0,35,34
1656734196315,MATH 20C,A02,083761,Briones; Jor-el Thomas Caparas,8,0,35,27
1656734196315,MATH 20C,A03,093476,Briones; Jor-el Thomas Caparas,0,1,36,36
1656734196315,MATH 20C,B01,083762,Bach; Quang Tran,0,0,30,30
1656734202350,MATH 20D,A01,083765,Tran; Brian Kha,4,0,30,26
1656734202350,MATH 20D,A02,083766,Tran; Brian Kha,4,0,30,26
1656734202350,MATH 20D,A03,083767,Tran; Brian Kha,1,0,30,29
1656734208375,MATH 20E,A01,083771,Ganguly; Soumya,4,0,32,28
1656734208375,MATH 20E,A02,083772,Ganguly; Soumya,4,0,32,28
1656734208375,MATH 20E,B01,083773,Ciotti; Benjamin,18,0,35,17
1656734208375,MATH 20E,B02,083774,Ciotti; Benjamin,17,0,35,18
1656734214399,MATH 103A,A01,083777,Greenfeld; Be'Eri,2,0,36,34
1656734214399,MATH 103A,A02,083778,Greenfeld; Be'Eri,5,0,36,31
1656734214399,MATH 103A,A03,093561,Greenfeld; Be'Eri,4,0,36,32
1656734214399,MATH 103A,B01,083779,Greenfeld; Be'Eri,6,0,36,30
1656734214399,MATH 103A,B02,083780,Greenfeld; Be'Eri,2,0,36,34
1656734214399,MATH 103A,B03,093562,Greenfeld; Be'Eri,2,0,36,34
1656734220425,MATH 105,A01,085443,Carter; Anne Toulson,13,0,35,22
1656734220425,MATH 105,A02,093477,Carter; Anne Toulson,20,0,35,15
1656734226448,MATH 109,A01,083213,Ganzberger; Geoffrey Michael,2,0,34,32
1656734226448,MATH 109,A02,083214,Ganzberger; Geoffrey Michael,2,0,34,32
1656734226448,MATH 109,A03,093478,Ganzberger; Geoffrey Michael,1,0,34,33
1656734226448,MATH 109,B01,083215,Ganzberger; Geoffrey Michael,1,0,32,31
1656734226448,MATH 109,B02,083216,Ganzberger; Geoffrey Michael,1,0,32,31
1656734226448,MATH 109,B03,093479,Ganzberger; Geoffrey Michael,7,0,32,25
1656734232472,MATH 142A,A01,083219,Chow; Bennett,5,0,32,27
1656734232472,MATH 142A,A02,083220,Chow; Bennett,9,0,32,23
1656734232472,MATH 142A,A03,093480,Chow; Bennett,7,0,32,25
1656734232472,MATH 142A,B03,093481,Chow; Bennett,7,0,32,25
1656734232472,MATH 142A,B04,093558,Chow; Bennett,10,0,32,22
1656734232472,MATH 142A,B05,093559,Chow; Bennett,5,0,32,27
1656734238499,MATH 193A,A01,083224,Rotar; Vladimir,6,0,34,28
1656734238499,MATH 193A,A02,083225,Rotar; Vladimir,3,0,34,31
1656734238499,MATH 193A,A03,083781,Rotar; Vladimir,1,0,34,33
1656734238499,MATH 193A,A04,083782,Rotar; Vladimir,5,0,34,29
1656734238499,MATH 193A,A05,093482,Rotar; Vladimir,6,0,34,28
1656734244522,MATH 197,001,091859,McAuley; Julian John,9999,0,9999,0
1656734244522,MATH 197,002,095566,Kedlaya; Kiran S.,9997,0,9999,2
1656734244522,MATH 197,003,095567,Xiao; Ming,9999,0,9999,0
1656734244522,MATH 197,004,095571,Perols; Johan Lars,9998,0,9999,1
1656734251575,COGS 9,A01,083615,Shannon; Kyle Michael,6,0,75,69
1656734257597,COGS 11,A01,083617,Boyle; Mary E. T.,17,0,48,31
1656734263626,COGS 13,A01,083071,Bastos; Amalia Pinkusfeld,6,0,71,65
1656734269647,COGS 14A,A01,092681,Semenuks; Arturs,0,1,100,101
1656734275669,COGS 14B,A01,083073,Cheng; Tzu-Han,5,0,63,58
1656734281698,COGS 17,A01,092677,Semenuks; Arturs,4,0,81,77
1656734287720,COGS 100,A01,083619,Allen; Michael Gordon,14,0,70,56
1656734293741,COGS 101A,A01,083621,Davis; Joshua Daniel,9,0,68,59
1656734299767,COGS 101B,A01,091572,Allen; Michael Gordon,8,0,65,57
1656734305789,COGS 101C,A01,083625,Delgado; Tania,17,0,35,18
1656734311814,COGS 107A,A01,083627,Boyle; Mary E. T.,13,0,60,47
1656734317839,COGS 118A,A01,083075,Gupta; Anjum,13,0,76,63
1656734323863,CSE 3,A50,083646,Miranda; Gregory Joseph,22,0,50,28
1656734329887,CSE 8A,A50,083650,Miranda; Gregory Joseph,17,1,56,39
1656734335912,CSE 11,A01,083080,Cao; Yingjun,3,16,40,37
1656734341938,CSE 12,A01,083652,Krause-Levy; Sophia Louisa,19,1,120,101
1656734347965,CSE 15L,A01,083654,Morris; Justin Loren,8,0,50,42
1656734347965,CSE 15L,A02,083655,Morris; Justin Loren,8,0,50,42
1656734353992,CSE 20,A01,083657,Tran; Khoa Dang,37,0,80,43
1656734360019,CSE 21,A01,095574,Bach; Quang Tran,21,0,48,27
1656734366045,CSE 30,A01,083084,Eldon; John,4,0,80,76
1656734366045,CSE 30,B01,095061,Bhaskar; Nishant,5,0,50,45
1656734372069,CSE 100,A01,083659,Cao; Yingjun,1,5,70,69
1656734378098,CSE 134B,A01,083661,Powell; Thomas Allan,18,0,100,82
1656734384122,CSE 140,A01,083663,Gungor; Onat,14,0,85,71
1656734390147,CSE 140L,A01,083088,Eldon; John,16,0,100,84
1656734396177,CSE 175,A01,083665,Kumar; Rakesh,3,0,25,22
1656734402199,CSE 190,A00,092507,Dubnov; Shlomo,6,0,20,14
1656734408225,ECE 45,A01,083139,Congero; Spencer William,5,0,75,70
1656734414248,ECE 65,A50,083695,Saad; Andrew S,12,0,30,18
1656734414248,ECE 65,A51,095125,Saad; Andrew S,25,0,26,1
1656734420271,ECE 109,A01,091882,Touri; Behrouz,13,0,70,57
1656734426297,ECE 180,A00,083140,Abi Samra; Nicholas Camill,1,0,30,29
1656734426297,ECE 180,B00,083141,Abi Samra; Nicholas Camill,0,0,30,30
1656734432321,MATH 10A,A01,083735,Patchell; Gregory David,1,0,30,29
1656734432321,MATH 10A,A02,083736,Patchell; Gregory David,20,0,30,10
1656734432321,MATH 10A,A03,083737,Patchell; Gregory David,15,0,30,15
1656734438346,MATH 10B,A01,083207,Lim; Seonhee,7,0,34,27
1656734438346,MATH 10B,A02,083208,Lim; Seonhee,9,0,35,26
1656734438346,MATH 10B,A03,093472,Lim; Seonhee,3,0,34,31
1656734438346,MATH 10B,B01,083739,Sinha; Shubham,9,0,30,21
1656734444377,MATH 18,A01,083743,Cinel; Cameron Alexander,6,0,30,24
1656734444377,MATH 18,A02,083744,Cinel; Cameron Alexander,15,0,30,15
1656734444377,MATH 18,A03,083745,Cinel; Cameron Alexander,8,0,30,22
1656734444377,MATH 18,B01,083748,Rideout; David Porter,3,0,37,34
1656734444377,MATH 18,B02,083749,Rideout; David Porter,3,0,36,33
1656734444377,MATH 18,B03,083750,Rideout; David Porter,1,0,37,36
1656734444377,MATH 18,B04,083751,Rideout; David Porter,4,0,36,32
1656734444377,MATH 18,B05,093473,Rideout; David Porter,4,0,36,32
1656734444377,MATH 18,B06,093474,Rideout; David Porter,4,0,36,32
1656734450404,MATH 20A,A01,083754,Zheng; Zequn,12,0,40,28
1656734456428,MATH 20B,A01,083756,Briones; Jor-el Thomas Caparas,1,0,36,35
1656734456428,MATH 20B,A02,083757,Briones; Jor-el Thomas Caparas,1,0,36,35
1656734456428,MATH 20B,A03,093475,Briones; Jor-el Thomas Caparas,0,0,36,36
1656734462451,MATH 20C,A01,083760,Briones; Jor-el Thomas Caparas,1,0,35,34
1656734462451,MATH 20C,A02,083761,Briones; Jor-el Thomas Caparas,8,0,35,27
1656734462451,MATH 20C,A03,093476,Briones; Jor-el Thomas Caparas,0,1,36,36
1656734462451,MATH 20C,B01,083762,Bach; Quang Tran,0,0,30,30
1656734468475,MATH 20D,A01,083765,Tran; Brian Kha,4,0,30,26
1656734468475,MATH 20D,A02,083766,Tran; Brian Kha,4,0,30,26
1656734468475,MATH 20D,A03,083767,Tran; Brian Kha,1,0,30,29
1656734474502,MATH 20E,A01,083771,Ganguly; Soumya,4,0,32,28
1656734474502,MATH 20E,A02,083772,Ganguly; Soumya,4,0,32,28
1656734474502,MATH 20E,B01,083773,Ciotti; Benjamin,18,0,35,17
1656734474502,MATH 20E,B02,083774,Ciotti; Benjamin,17,0,35,18
1656734480532,MATH 103A,A01,083777,Greenfeld; Be'Eri,2,0,36,34
1656734480532,MATH 103A,A02,083778,Greenfeld; Be'Eri,5,0,36,31
1656734480532,MATH 103A,A03,093561,Greenfeld; Be'Eri,4,0,36,32
1656734480532,MATH 103A,B01,083779,Greenfeld; Be'Eri,6,0,36,30
1656734480532,MATH 103A,B02,083780,Greenfeld; Be'Eri,2,0,36,34
1656734480532,MATH 103A,B03,093562,Greenfeld; Be'Eri,2,0,36,34
1656734486555,MATH 105,A01,085443,Carter; Anne Toulson,13,0,35,22
1656734486555,MATH 105,A02,093477,Carter; Anne Toulson,20,0,35,15
1656734492579,MATH 109,A01,083213,Ganzberger; Geoffrey Michael,2,0,34,32
1656734492579,MATH 109,A02,083214,Ganzberger; Geoffrey Michael,2,0,34,32
1656734492579,MATH 109,A03,093478,Ganzberger; Geoffrey Michael,1,0,34,33
1656734492579,MATH 109,B01,083215,Ganzberger; Geoffrey Michael,1,0,32,31
1656734492579,MATH 109,B02,083216,Ganzberger; Geoffrey Michael,1,0,32,31
1656734492579,MATH 109,B03,093479,Ganzberger; Geoffrey Michael,7,0,32,25
1656734498608,MATH 142A,A01,083219,Chow; Bennett,5,0,32,27
1656734498608,MATH 142A,A02,083220,Chow; Bennett,9,0,32,23
1656734498608,MATH 142A,A03,093480,Chow; Bennett,7,0,32,25
1656734498608,MATH 142A,B03,093481,Chow; Bennett,7,0,32,25
1656734498608,MATH 142A,B04,093558,Chow; Bennett,10,0,32,22
1656734498608,MATH 142A,B05,093559,Chow; Bennett,5,0,32,27
1656734504631,MATH 193A,A01,083224,Rotar; Vladimir,6,0,34,28
1656734504631,MATH 193A,A02,083225,Rotar; Vladimir,3,0,34,31
1656734504631,MATH 193A,A03,083781,Rotar; Vladimir,1,0,34,33
1656734504631,MATH 193A,A04,083782,Rotar; Vladimir,5,0,34,29
1656734504631,MATH 193A,A05,093482,Rotar; Vladimir,6,0,34,28
1656734510654,MATH 197,001,091859,McAuley; Julian John,9999,0,9999,0
1656734510654,MATH 197,002,095566,Kedlaya; Kiran S.,9997,0,9999,2
1656734510654,MATH 197,003,095567,Xiao; Ming,9999,0,9999,0
1656734510654,MATH 197,004,095571,Perols; Johan Lars,9998,0,9999,1
1656734517707,COGS 9,A01,083615,Shannon; Kyle Michael,6,0,75,69
1656734523730,COGS 11,A01,083617,Boyle; Mary E. T.,17,0,48,31
1656734529758,COGS 13,A01,083071,Bastos; Amalia Pinkusfeld,6,0,71,65
1656734535780,COGS 14A,A01,092681,Semenuks; Arturs,0,1,100,101
1656734541804,COGS 14B,A01,083073,Cheng; Tzu-Han,5,0,63,58
1656734547831,COGS 17,A01,092677,Semenuks; Arturs,4,0,81,77
1656734553854,COGS 100,A01,083619,Allen; Michael Gordon,14,0,70,56
1656734559880,COGS 101A,A01,083621,Davis; Joshua Daniel,9,0,68,59
1656734565902,COGS 101B,A01,091572,Allen; Michael Gordon,8,0,65,57
1656734571930,COGS 101C,A01,083625,Delgado; Tania,17,0,35,18
1656734577955,COGS 107A,A01,083627,Boyle; Mary E. T.,13,0,60,47
1656734583980,COGS 118A,A01,083075,Gupta; Anjum,13,0,76,63
1656734590004,CSE 3,A50,083646,Miranda; Gregory Joseph,22,0,50,28
1656734596031,CSE 8A,A50,083650,Miranda; Gregory Joseph,17,1,56,39
1656734602054,CSE 11,A01,083080,Cao; Yingjun,3,16,40,37
1656734608076,CSE 12,A01,083652,Krause-Levy; Sophia Louisa,19,1,120,101
1656734614100,CSE 15L,A01,083654,Morris; Justin Loren,8,0,50,42
1656734614100,CSE 15L,A02,083655,Morris; Justin Loren,8,0,50,42
1656734620122,CSE 20,A01,083657,Tran; Khoa Dang,37,0,80,43
1656734626145,CSE 21,A01,095574,Bach; Quang Tran,21,0,48,27
1656734632171,CSE 30,A01,083084,Eldon; John,4,0,80,76
1656734632171,CSE 30,B01,095061,Bhaskar; Nishant,5,0,50,45
1656734638194,CSE 100,A01,083659,Cao; Yingjun,1,5,70,69
1656734644216,CSE 134B,A01,083661,Powell; Thomas Allan,18,0,100,82
1656734650239,CSE 140,A01,083663,Gungor; Onat,14,0,85,71
1656734656262,CSE 140L,A01,083088,Eldon; John,16,0,100,84
1656734662296,CSE 175,A01,083665,Kumar; Rakesh,3,0,25,22
1656734668338,CSE 190,A00,092507,Dubnov; Shlomo,6,0,20,14
1656734674366,ECE 45,A01,083139,Congero; Spencer William,5,0,75,70
1656734680474,ECE 65,A50,083695,Saad; Andrew S,12,0,30,18
1656734680474,ECE 65,A51,095125,Saad; Andrew S,25,0,26,1
1656734686497,ECE 109,A01,091882,Touri; Behrouz,13,0,70,57
1656734692522,ECE 180,A00,083140,Abi Samra; Nicholas Camill,1,0,30,29
1656734692522,ECE 180,B00,083141,Abi Samra; Nicholas Camill,0,0,30,30
1656734698550,MATH 10A,A01,083735,Patchell; Gregory David,1,0,30,29
1656734698550,MATH 10A,A02,083736,Patchell; Gregory David,20,0,30,10
1656734698550,MATH 10A,A03,083737,Patchell; Gregory David,15,0,30,15
1656734704580,MATH 10B,A01,083207,Lim; Seonhee,7,0,34,27
1656734704580,MATH 10B,A02,083208,Lim; Seonhee,9,0,35,26
1656734704580,MATH 10B,A03,093472,Lim; Seonhee,3,0,34,31
1656734704580,MATH 10B,B01,083739,Sinha; Shubham,9,0,30,21
1656734710606,MATH 18,A01,083743,Cinel; Cameron Alexander,6,0,30,24
1656734710606,MATH 18,A02,083744,Cinel; Cameron Alexander,15,0,30,15
1656734710606,MATH 18,A03,083745,Cinel; Cameron Alexander,8,0,30,22
1656734710606,MATH 18,B01,083748,Rideout; David Porter,3,0,37,34
1656734710606,MATH 18,B02,083749,Rideout; David Porter,3,0,36,33
1656734710606,MATH 18,B03,083750,Rideout; David Porter,1,0,37,36
1656734710606,MATH 18,B04,083751,Rideout; David Porter,4,0,36,32
1656734710606,MATH 18,B05,093473,Rideout; David Porter,4,0,36,32
1656734710606,MATH 18,B06,093474,Rideout; David Porter,4,0,36,32
1656734716630,MATH 20A,A01,083754,Zheng; Zequn,12,0,40,28
1656734722658,MATH 20B,A01,083756,Briones; Jor-el Thomas Caparas,1,0,36,35
1656734722658,MATH 20B,A02,083757,Briones; Jor-el Thomas Caparas,1,0,36,35
1656734722658,MATH 20B,A03,093475,Briones; Jor-el Thomas Caparas,0,0,36,36
1656734728683,MATH 20C,A01,083760,Briones; Jor-el Thomas Caparas,1,0,35,34
1656734728683,MATH 20C,A02,083761,Briones; Jor-el Thomas Caparas,8,0,35,27
1656734728683,MATH 20C,A03,093476,Briones; Jor-el Thomas Caparas,0,1,36,36
1656734728683,MATH 20C,B01,083762,Bach; Quang Tran,0,0,30,30
1656734734706,MATH 20D,A01,083765,Tran; Brian Kha,4,0,30,26
1656734734706,MATH 20D,A02,083766,Tran; Brian Kha,4,0,30,26
1656734734706,MATH 20D,A03,083767,Tran; Brian Kha,1,0,30,29
1656734740731,MATH 20E,A01,083771,Ganguly; Soumya,4,0,32,28
1656734740731,MATH 20E,A02,083772,Ganguly; Soumya,4,0,32,28
1656734740731,MATH 20E,B01,083773,Ciotti; Benjamin,18,0,35,17
1656734740731,MATH 20E,B02,083774,Ciotti; Benjamin,17,0,35,18
1656734746758,MATH 103A,A01,083777,Greenfeld; Be'Eri,2,0,36,34
1656734746758,MATH 103A,A02,083778,Greenfeld; Be'Eri,5,0,36,31
1656734746758,MATH 103A,A03,093561,Greenfeld; Be'Eri,4,0,36,32
1656734746758,MATH 103A,B01,083779,Greenfeld; Be'Eri,6,0,36,30
1656734746758,MATH 103A,B02,083780,Greenfeld; Be'Eri,2,0,36,34
1656734746758,MATH 103A,B03,093562,Greenfeld; Be'Eri,2,0,36,34
1656734752779,MATH 105,A01,085443,Carter; Anne Toulson,13,0,35,22
1656734752779,MATH 105,A02,093477,Carter; Anne Toulson,20,0,35,15
1656734758806,MATH 109,A01,083213,Ganzberger; Geoffrey Michael,2,0,34,32
1656734758806,MATH 109,A02,083214,Ganzberger; Geoffrey Michael,2,0,34,32
1656734758806,MATH 109,A03,093478,Ganzberger; Geoffrey Michael,1,0,34,33
1656734758806,MATH 109,B01,083215,Ganzberger; Geoffrey Michael,1,0,32,31
1656734758806,MATH 109,B02,083216,Ganzberger; Geoffrey Michael,1,0,32,31
1656734758806,MATH 109,B03,093479,Ganzberger; Geoffrey Michael,7,0,32,25
1656734764834,MATH 142A,A01,083219,Chow; Bennett,5,0,32,27
1656734764834,MATH 142A,A02,083220,Chow; Bennett,9,0,32,23
1656734764834,MATH 142A,A03,093480,Chow; Bennett,7,0,32,25
1656734764834,MATH 142A,B03,093481,Chow; Bennett,7,0,32,25
1656734764834,MATH 142A,B04,093558,Chow; Bennett,10,0,32,22
1656734764834,MATH 142A,B05,093559,Chow; Bennett,5,0,32,27
1656734770863,MATH 193A,A01,083224,Rotar; Vladimir,6,0,34,28
1656734770863,MATH 193A,A02,083225,Rotar; Vladimir,3,0,34,31
1656734770863,MATH 193A,A03,083781,Rotar; Vladimir,1,0,34,33
1656734770863,MATH 193A,A04,083782,Rotar; Vladimir,5,0,34,29
1656734770863,MATH 193A,A05,093482,Rotar; Vladimir,6,0,34,28
1656734776889,MATH 197,001,091859,McAuley; Julian John,9999,0,9999,0
1656734776889,MATH 197,002,095566,Kedlaya; Kiran S.,9997,0,9999,2
1656734776889,MATH 197,003,095567,Xiao; Ming,9999,0,9999,0
1656734776889,MATH 197,004,095571,Perols; Johan Lars,9998,0,9999,1
1656734783943,COGS 9,A01,083615,Shannon; Kyle Michael,6,0,75,69
1656734789971,COGS 11,A01,083617,Boyle; Mary E. T.,17,0,48,31
1656734795998,COGS 13,A01,083071,Bastos; Amalia Pinkusfeld,6,0,71,65
1656734802021,COGS 14A,A01,092681,Semenuks; Arturs,0,1,100,101
1656734808043,COGS 14B,A01,083073,Cheng; Tzu-Han,5,0,63,58
1656734814068,COGS 17,A01,092677,Semenuks; Arturs,4,0,81,77
1656734820093,COGS 100,A01,083619,Allen; Michael Gordon,14,0,70,56
1656734826115,COGS 101A,A01,083621,Davis; Joshua Daniel,9,0,68,59
1656734832138,COGS 101B,A01,091572,Allen; Michael Gordon,8,0,65,57
1656734838160,COGS 101C,A01,083625,Delgado; Tania,17,0,35,18
1656734844188,COGS 107A,A01,083627,Boyle; Mary E. T.,13,0,60,47
1656734850217,COGS 118A,A01,083075,Gupta; Anjum,13,0,76,63
1656734856246,CSE 3,A50,083646,Miranda; Gregory Joseph,22,0,50,28
1656734862268,CSE 8A,A50,083650,Miranda; Gregory Joseph,17,1,56,39
1656734868291,CSE 11,A01,083080,Cao; Yingjun,3,16,40,37
1656734874325,CSE 12,A01,083652,Krause-Levy; Sophia Louisa,19,1,120,101
1656734880352,CSE 15L,A01,083654,Morris; Justin Loren,8,0,50,42
1656734880352,CSE 15L,A02,083655,Morris; Justin Loren,8,0,50,42
1656734886380,CSE 20,A01,083657,Tran; Khoa Dang,37,0,80,43
1656734892421,CSE 21,A01,095574,Bach; Quang Tran,21,0,48,27
1656734898448,CSE 30,A01,083084,Eldon; John,4,0,80,76
1656734898448,CSE 30,B01,095061,Bhaskar; Nishant,5,0,50,45
1656734904471,CSE 100,A01,083659,Cao; Yingjun,1,5,70,69
1656734910497,CSE 134B,A01,083661,Powell; Thomas Allan,18,0,100,82
1656734916521,CSE 140,A01,083663,Gungor; Onat,14,0,85,71
1656734922549,CSE 140L,A01,083088,Eldon; John,16,0,100,84
1656734928575,CSE 175,A01,083665,Kumar; Rakesh,3,0,25,22
1656734934601,CSE 190,A00,092507,Dubnov; Shlomo,6,0,20,14
1656734940624,ECE 45,A01,083139,Congero; Spencer William,5,0,75,70
1656734946652,ECE 65,A50,083695,Saad; Andrew S,12,0,30,18
1656734946652,ECE 65,A51,095125,Saad; Andrew S,25,0,26,1
1656734952675,ECE 109,A01,091882,Touri; Behrouz,13,0,70,57
1656734958698,ECE 180,A00,083140,Abi Samra; Nicholas Camill,1,0,30,29
1656734958698,ECE 180,B00,083141,Abi Samra; Nicholas Camill,0,0,30,30
1656734964725,MATH 10A,A01,083735,Patchell; Gregory David,1,0,30,29
1656734964725,MATH 10A,A02,083736,Patchell; Gregory David,20,0,30,10
1656734964725,MATH 10A,A03,083737,Patchell; Gregory David,15,0,30,15
1656734970754,MATH 10B,A01,083207,Lim; Seonhee,7,0,34,27
1656734970754,MATH 10B,A02,083208,Lim; Seonhee,9,0,35,26
1656734970754,MATH 10B,A03,093472,Lim; Seonhee,3,0,34,31
1656734970754,MATH 10B,B01,083739,Sinha; Shubham,9,0,30,21
1656734976783,MATH 18,A01,083743,Cinel; Cameron Alexander,6,0,30,24
1656734976783,MATH 18,A02,083744,Cinel; Cameron Alexander,15,0,30,15
1656734976783,MATH 18,A03,083745,Cinel; Cameron Alexander,8,0,30,22
1656734976783,MATH 18,B01,083748,Rideout; David Porter,3,0,37,34
1656734976783,MATH 18,B02,083749,Rideout; David Porter,3,0,36,33
1656734976783,MATH 18,B03,083750,Rideout; David Porter,1,0,37,36
1656734976783,MATH 18,B04,083751,Rideout; David Porter,4,0,36,32
1656734976783,MATH 18,B05,093473,Rideout; David Porter,4,0,36,32
1656734976783,MATH 18,B06,093474,Rideout; David Porter,4,0,36,32
1656734982812,MATH 20A,A01,083754,Zheng; Zequn,12,0,40,28
1656734988840,MATH 20B,A01,083756,Briones; Jor-el Thomas Caparas,1,0,36,35
1656734988840,MATH 20B,A02,083757,Briones; Jor-el Thomas Caparas,1,0,36,35
1656734988840,MATH 20B,A03,093475,Briones; Jor-el Thomas Caparas,0,0,36,36
1656734994863,MATH 20C,A01,083760,Briones; Jor-el Thomas Caparas,1,0,35,34
1656734994863,MATH 20C,A02,083761,Briones; Jor-el Thomas Caparas,8,0,35,27
1656734994863,MATH 20C,A03,093476,Briones; Jor-el Thomas Caparas,0,1,36,36
1656734994863,MATH 20C,B01,083762,Bach; Quang Tran,0,0,30,30
1656735000892,MATH 20D,A01,083765,Tran; Brian Kha,4,0,30,26
1656735000892,MATH 20D,A02,083766,Tran; Brian Kha,4,0,30,26
1656735000892,MATH 20D,A03,083767,Tran; Brian Kha,1,0,30,29
1656735006921,MATH 20E,A01,083771,Ganguly; Soumya,4,0,32,28
1656735006921,MATH 20E,A02,083772,Ganguly; Soumya,4,0,32,28
1656735006921,MATH 20E,B01,083773,Ciotti; Benjamin,18,0,35,17
1656735006921,MATH 20E,B02,083774,Ciotti; Benjamin,17,0,35,18
1656735012947,MATH 103A,A01,083777,Greenfeld; Be'Eri,2,0,36,34
1656735012947,MATH 103A,A02,083778,Greenfeld; Be'Eri,5,0,36,31
1656735012947,MATH 103A,A03,093561,Greenfeld; Be'Eri,4,0,36,32
1656735012947,MATH 103A,B01,083779,Greenfeld; Be'Eri,6,0,36,30
1656735012947,MATH 103A,B02,083780,Greenfeld; Be'Eri,2,0,36,34
1656735012947,MATH 103A,B03,093562,Greenfeld; Be'Eri,2,0,36,34
1656735018971,MATH 105,A01,085443,Carter; Anne Toulson,13,0,35,22
1656735018971,MATH 105,A02,093477,Carter; Anne Toulson,20,0,35,15
1656735025001,MATH 109,A01,083213,Ganzberger; Geoffrey Michael,2,0,34,32
1656735025001,MATH 109,A02,083214,Ganzberger; Geoffrey Michael,2,0,34,32
1656735025001,MATH 109,A03,093478,Ganzberger; Geoffrey Michael,1,0,34,33
1656735025001,MATH 109,B01,083215,Ganzberger; Geoffrey Michael,1,0,32,31
1656735025001,MATH 109,B02,083216,Ganzberger; Geoffrey Michael,1,0,32,31
1656735025001,MATH 109,B03,093479,Ganzberger; Geoffrey Michael,7,0,32,25
1656735031044,MATH 142A,A01,083219,Chow; Bennett,5,0,32,27
1656735031044,MATH 142A,A02,083220,Chow; Bennett,9,0,32,23
1656735031044,MATH 142A,A03,093480,Chow; Bennett,7,0,32,25
1656735031044,MATH 142A,B03,093481,Chow; Bennett,7,0,32,25
1656735031044,MATH 142A,B04,093558,Chow; Bennett,10,0,32,22
1656735031044,MATH 142A,B05,093559,Chow; Bennett,5,0,32,27
1656735037068,MATH 193A,A01,083224,Rotar; Vladimir,6,0,34,28
1656735037068,MATH 193A,A02,083225,Rotar; Vladimir,3,0,34,31
1656735037068,MATH 193A,A03,083781,Rotar; Vladimir,1,0,34,33
1656735037068,MATH 193A,A04,083782,Rotar; Vladimir,5,0,34,29
1656735037068,MATH 193A,A05,093482,Rotar; Vladimir,6,0,34,28
1656735043107,MATH 197,001,091859,McAuley; Julian John,9999,0,9999,0
1656735043107,MATH 197,002,095566,Kedlaya; Kiran S.,9997,0,9999,2
1656735043107,MATH 197,003,095567,Xiao; Ming,9999,0,9999,0
1656735043107,MATH 197,004,095571,Perols; Johan Lars,9998,0,9999,1
1656735050165,COGS 9,A01,083615,Shannon; Kyle Michael,6,0,75,69
1656735056193,COGS 11,A01,083617,Boyle; Mary E. T.,17,0,48,31
1656735062217,COGS 13,A01,083071,Bastos; Amalia Pinkusfeld,6,0,71,65
1656735068245,COGS 14A,A01,092681,Semenuks; Arturs,0,1,100,101
1656735074273,COGS 14B,A01,083073,Cheng; Tzu-Han,5,0,63,58
1656735080307,COGS 17,A01,092677,Semenuks; Arturs,4,0,81,77
1656735086332,COGS 100,A01,083619,Allen; Michael Gordon,14,0,70,56
1656735092356,COGS 101A,A01,083621,Davis; Joshua Daniel,9,0,68,59
1656735098383,COGS 101B,A01,091572,Allen; Michael Gordon,8,0,65,57
1656735104406,COGS 101C,A01,083625,Delgado; Tania,17,0,35,18
1656735110428,COGS 107A,A01,083627,Boyle; Mary E. T.,13,0,60,47
1656735116466,COGS 118A,A01,083075,Gupta; Anjum,13,0,76,63
1656735122492,CSE 3,A50,083646,Miranda; Gregory Joseph,22,0,50,28
1656735128520,CSE 8A,A50,083650,Miranda; Gregory Joseph,17,1,56,39
1656735134551,CSE 11,A01,083080,Cao; Yingjun,3,16,40,37
1656735140577,CSE 12,A01,083652,Krause-Levy; Sophia Louisa,19,1,120,101
1656735146600,CSE 15L,A01,083654,Morris; Justin Loren,8,0,50,42
1656735146600,CSE 15L,A02,083655,Morris; Justin Loren,8,0,50,42
1656735152626,CSE 20,A01,083657,Tran; Khoa Dang,37,0,80,43
1656735158649,CSE 21,A01,095574,Bach; Quang Tran,21,0,48,27
1656735164672,CSE 30,A01,083084,Eldon; John,4,0,80,76
1656735164672,CSE 30,B01,095061,Bhaskar; Nishant,5,0,50,45
1656735170696,CSE 100,A01,083659,Cao; Yingjun,1,5,70,69
1656735176723,CSE 134B,A01,083661,Powell; Thomas Allan,18,0,100,82
1656735182749,CSE 140,A01,083663,Gungor; Onat,14,0,85,71
1656735188774,CSE 140L,A01,083088,Eldon; John,16,0,100,84
1656735194799,CSE 175,A01,083665,Kumar; Rakesh,3,0,25,22
1656735200823,CSE 190,A00,092507,Dubnov; Shlomo,6,0,20,14
1656735206850,ECE 45,A01,083139,Congero; Spencer William,5,0,75,70
1656735212872,ECE 65,A50,083695,Saad; Andrew S,12,0,30,18
1656735212872,ECE 65,A51,095125,Saad; Andrew S,25,0,26,1
1656735218906,ECE 109,A01,091882,Touri; Behrouz,14,0,70,56
1656735224930,ECE 180,A00,083140,Abi Samra; Nicholas Camill,1,0,30,29
1656735224930,ECE 180,B00,083141,Abi Samra; Nicholas Camill,0,0,30,30
1656735230953,MATH 10A,A01,083735,Patchell; Gregory David,1,0,30,29
1656735230953,MATH 10A,A02,083736,Patchell; Gregory David,20,0,30,10
1656735230953,MATH 10A,A03,083737,Patchell; Gregory David,15,0,30,15
1656735236981,MATH 10B,A01,083207,Lim; Seonhee,7,0,34,27
1656735236981,MATH 10B,A02,083208,Lim; Seonhee,9,0,35,26
1656735236981,MATH 10B,A03,093472,Lim; Seonhee,3,0,34,31
1656735236981,MATH 10B,B01,083739,Sinha; Shubham,9,0,30,21
1656735243005,MATH 18,A01,083743,Cinel; Cameron Alexander,6,0,30,24
1656735243005,MATH 18,A02,083744,Cinel; Cameron Alexander,15,0,30,15
1656735243005,MATH 18,A03,083745,Cinel; Cameron Alexander,8,0,30,22
1656735243005,MATH 18,B01,083748,Rideout; David Porter,3,0,37,34
1656735243005,MATH 18,B02,083749,Rideout; David Porter,3,0,36,33
1656735243005,MATH 18,B03,083750,Rideout; David Porter,1,0,37,36
1656735243005,MATH 18,B04,083751,Rideout; David Porter,4,0,36,32
1656735243005,MATH 18,B05,093473,Rideout; David Porter,4,0,36,32
1656735243005,MATH 18,B06,093474,Rideout; David Porter,4,0,36,32
1656735249028,MATH 20A,A01,083754,Zheng; Zequn,12,0,40,28
1656735255058,MATH 20B,A01,083756,Briones; Jor-el Thomas Caparas,1,0,36,35
1656735255058,MATH 20B,A02,083757,Briones; Jor-el Thomas Caparas,1,0,36,35
1656735255058,MATH 20B,A03,093475,Briones; Jor-el Thomas Caparas,0,0,36,36
1656735261085,MATH 20C,A01,083760,Briones; Jor-el Thomas Caparas,1,0,35,34
1656735261085,MATH 20C,A02,083761,Briones; Jor-el Thomas Caparas,8,0,35,27
1656735261085,MATH 20C,A03,093476,Briones; Jor-el Thomas Caparas,0,1,36,36
1656735261085,MATH 20C,B01,083762,Bach; Quang Tran,0,0,30,30
1656735267113,MATH 20D,A01,083765,Tran; Brian Kha,4,0,30,26
1656735267113,MATH 20D,A02,083766,Tran; Brian Kha,4,0,30,26
1656735267113,MATH 20D,A03,083767,Tran; Brian Kha,1,0,30,29
1656735273146,MATH 20E,A01,083771,Ganguly; Soumya,4,0,32,28
1656735273146,MATH 20E,A02,083772,Ganguly; Soumya,4,0,32,28
1656735273146,MATH 20E,B01,083773,Ciotti; Benjamin,18,0,35,17
1656735273146,MATH 20E,B02,083774,Ciotti; Benjamin,17,0,35,18
1656735279263,MATH 103A,A01,083777,Greenfeld; Be'Eri,2,0,36,34
1656735279263,MATH 103A,A02,083778,Greenfeld; Be'Eri,5,0,36,31
1656735279263,MATH 103A,A03,093561,Greenfeld; Be'Eri,4,0,36,32
1656735279263,MATH 103A,B01,083779,Greenfeld; Be'Eri,6,0,36,30
1656735279263,MATH 103A,B02,083780,Greenfeld; Be'Eri,2,0,36,34
1656735279263,MATH 103A,B03,093562,Greenfeld; Be'Eri,2,0,36,34
1656735285290,MATH 105,A01,085443,Carter; Anne Toulson,13,0,35,22
1656735285290,MATH 105,A02,093477,Carter; Anne Toulson,20,0,35,15
1656735291313,MATH 109,A01,083213,Ganzberger; Geoffrey Michael,2,0,34,32
1656735291313,MATH 109,A02,083214,Ganzberger; Geoffrey Michael,2,0,34,32
1656735291313,MATH 109,A03,093478,Ganzberger; Geoffrey Michael,1,0,34,33
1656735291313,MATH 109,B01,083215,Ganzberger; Geoffrey Michael,1,0,32,31
1656735291313,MATH 109,B02,083216,Ganzberger; Geoffrey Michael,1,0,32,31
1656735291313,MATH 109,B03,093479,Ganzberger; Geoffrey Michael,7,0,32,25
1656735297336,MATH 142A,A01,083219,Chow; Bennett,5,0,32,27
1656735297336,MATH 142A,A02,083220,Chow; Bennett,9,0,32,23
1656735297336,MATH 142A,A03,093480,Chow; Bennett,7,0,32,25
1656735297336,MATH 142A,B03,093481,Chow; Bennett,7,0,32,25
1656735297336,MATH 142A,B04,093558,Chow; Bennett,10,0,32,22
1656735297336,MATH 142A,B05,093559,Chow; Bennett,5,0,32,27
1656735303363,MATH 193A,A01,083224,Rotar; Vladimir,6,0,34,28
1656735303363,MATH 193A,A02,083225,Rotar; Vladimir,3,0,34,31
1656735303363,MATH 193A,A03,083781,Rotar; Vladimir,1,0,34,33
1656735303363,MATH 193A,A04,083782,Rotar; Vladimir,5,0,34,29
1656735303363,MATH 193A,A05,093482,Rotar; Vladimir,6,0,34,28
1656735309387,MATH 197,001,091859,McAuley; Julian John,9999,0,9999,0
1656735309387,MATH 197,002,095566,Kedlaya; Kiran S.,9997,0,9999,2
1656735309387,MATH 197,003,095567,Xiao; Ming,9999,0,9999,0
1656735309387,MATH 197,004,095571,Perols; Johan Lars,9998,0,9999,1
1656735316444,COGS 9,A01,083615,Shannon; Kyle Michael,6,0,75,69
1656735322468,COGS 11,A01,083617,Boyle; Mary E. T.,17,0,48,31
1656735328491,COGS 13,A01,083071,Bastos; Amalia Pinkusfeld,6,0,71,65
1656735334515,COGS 14A,A01,092681,Semenuks; Arturs,0,1,100,101
1656735340538,COGS 14B,A01,083073,Cheng; Tzu-Han,5,0,63,58
1656735346564,COGS 17,A01,092677,Semenuks; Arturs,4,0,81,77
1656735352587,COGS 100,A01,083619,Allen; Michael Gordon,14,0,70,56
1656735358615,COGS 101A,A01,083621,Davis; Joshua Daniel,9,0,68,59
1656735364641,COGS 101B,A01,091572,Allen; Michael Gordon,8,0,65,57
1656735370664,COGS 101C,A01,083625,Delgado; Tania,17,0,35,18
1656735376688,COGS 107A,A01,083627,Boyle; Mary E. T.,13,0,60,47
1656735382714,COGS 118A,A01,083075,Gupta; Anjum,13,0,76,63
1656735388738,CSE 3,A50,083646,Miranda; Gregory Joseph,22,0,50,28
1656735394759,CSE 8A,A50,083650,Miranda; Gregory Joseph,17,1,56,39
1656735400785,CSE 11,A01,083080,Cao; Yingjun,3,16,40,37
1656735406809,CSE 12,A01,083652,Krause-Levy; Sophia Louisa,19,1,120,101
1656735412832,CSE 15L,A01,083654,Morris; Justin Loren,8,0,50,42
1656735412832,CSE 15L,A02,083655,Morris; Justin Loren,8,0,50,42
1656735418866,CSE 20,A01,083657,Tran; Khoa Dang,37,0,80,43
1656735424888,CSE 21,A01,095574,Bach; Quang Tran,21,0,48,27
1656735430911,CSE 30,A01,083084,Eldon; John,4,0,80,76
1656735430911,CSE 30,B01,095061,Bhaskar; Nishant,5,0,50,45
1656735436934,CSE 100,A01,083659,Cao; Yingjun,1,5,70,69
1656735442956,CSE 134B,A01,083661,Powell; Thomas Allan,18,0,100,82
1656735448980,CSE 140,A01,083663,Gungor; Onat,14,0,85,71
1656735455002,CSE 140L,A01,083088,Eldon; John,16,0,100,84
1656735461027,CSE 175,A01,083665,Kumar; Rakesh,3,0,25,22
1656735467050,CSE 190,A00,092507,Dubnov; Shlomo,6,0,20,14
1656735473077,ECE 45,A01,083139,Congero; Spencer William,5,0,75,70
1656735479106,ECE 65,A50,083695,Saad; Andrew S,12,0,30,18
1656735479106,ECE 65,A51,095125,Saad; Andrew S,25,0,26,1
1656735485133,ECE 109,A01,091882,Touri; Behrouz,14,0,70,56
1656735491160,ECE 180,A00,083140,Abi Samra; Nicholas Camill,1,0,30,29
1656735491160,ECE 180,B00,083141,Abi Samra; Nicholas Camill,0,0,30,30
1656735497204,MATH 10A,A01,083735,Patchell; Gregory David,1,0,30,29
1656735497204,MATH 10A,A02,083736,Patchell; Gregory David,20,0,30,10
1656735497204,MATH 10A,A03,083737,Patchell; Gregory David,15,0,30,15
1656735503229,MATH 10B,A01,083207,Lim; Seonhee,7,0,34,27
1656735503229,MATH 10B,A02,083208,Lim; Seonhee,9,0,35,26
1656735503229,MATH 10B,A03,093472,Lim; Seonhee,4,0,34,30
1656735503229,MATH 10B,B01,083739,Sinha; Shubham,9,0,30,21
1656735509257,MATH 18,A01,083743,Cinel; Cameron Alexander,6,0,30,24
1656735509257,MATH 18,A02,083744,Cinel; Cameron Alexander,15,0,30,15
1656735509257,MATH 18,A03,083745,Cinel; Cameron Alexander,8,0,30,22
1656735509257,MATH 18,B01,083748,Rideout; David Porter,3,0,37,34
1656735509257,MATH 18,B02,083749,Rideout; David Porter,3,0,36,33
1656735509257,MATH 18,B03,083750,Rideout; David Porter,1,0,37,36
1656735509257,MATH 18,B04,083751,Rideout; David Porter,4,0,36,32
1656735509257,MATH 18,B05,093473,Rideout; David Porter,4,0,36,32
1656735509257,MATH 18,B06,093474,Rideout; David Porter,4,0,36,32
1656735515280,MATH 20A,A01,083754,Zheng; Zequn,12,0,40,28
1656735521302,MATH 20B,A01,083756,Briones; Jor-el Thomas Caparas,1,0,36,35
1656735521302,MATH 20B,A02,083757,Briones; Jor-el Thomas Caparas,1,0,36,35
1656735521302,MATH 20B,A03,093475,Briones; Jor-el Thomas Caparas,0,0,36,36
1656735527330,MATH 20C,A01,083760,Briones; Jor-el Thomas Caparas,1,0,35,34
1656735527330,MATH 20C,A02,083761,Briones; Jor-el Thomas Caparas,8,0,35,27
1656735527330,MATH 20C,A03,093476,Briones; Jor-el Thomas Caparas,0,1,36,36
1656735527330,MATH 20C,B01,083762,Bach; Quang Tran,0,0,30,30
1656735533354,MATH 20D,A01,083765,Tran; Brian Kha,4,0,30,26
1656735533354,MATH 20D,A02,083766,Tran; Brian Kha,4,0,30,26
1656735533354,MATH 20D,A03,083767,Tran; Brian Kha,1,0,30,29
1656735539380,MATH 20E,A01,083771,Ganguly; Soumya,4,0,32,28
1656735539380,MATH 20E,A02,083772,Ganguly; Soumya,4,0,32,28
1656735539380,MATH 20E,B01,083773,Ciotti; Benjamin,18,0,35,17
1656735539380,MATH 20E,B02,083774,Ciotti; Benjamin,17,0,35,18
1656735545403,MATH 103A,A01,083777,Greenfeld; Be'Eri,2,0,36,34
1656735545403,MATH 103A,A02,083778,Greenfeld; Be'Eri,5,0,36,31
1656735545403,MATH 103A,A03,093561,Greenfeld; Be'Eri,4,0,36,32
1656735545403,MATH 103A,B01,083779,Greenfeld; Be'Eri,6,0,36,30
1656735545403,MATH 103A,B02,083780,Greenfeld; Be'Eri,2,0,36,34
1656735545403,MATH 103A,B03,093562,Greenfeld; Be'Eri,2,0,36,34
1656735551431,MATH 105,A01,085443,Carter; Anne Toulson,13,0,35,22
1656735551431,MATH 105,A02,093477,Carter; Anne Toulson,20,0,35,15
1656735557455,MATH 109,A01,083213,Ganzberger; Geoffrey Michael,2,0,34,32
1656735557455,MATH 109,A02,083214,Ganzberger; Geoffrey Michael,2,0,34,32
1656735557455,MATH 109,A03,093478,Ganzberger; Geoffrey Michael,1,0,34,33
1656735557455,MATH 109,B01,083215,Ganzberger; Geoffrey Michael,1,0,32,31
1656735557455,MATH 109,B02,083216,Ganzberger; Geoffrey Michael,1,0,32,31
1656735557455,MATH 109,B03,093479,Ganzberger; Geoffrey Michael,7,0,32,25
1656735563477,MATH 142A,A01,083219,Chow; Bennett,5,0,32,27
1656735563477,MATH 142A,A02,083220,Chow; Bennett,9,0,32,23
1656735563477,MATH 142A,A03,093480,Chow; Bennett,7,0,32,25
1656735563477,MATH 142A,B03,093481,Chow; Bennett,7,0,32,25
1656735563477,MATH 142A,B04,093558,Chow; Bennett,10,0,32,22
1656735563477,MATH 142A,B05,093559,Chow; Bennett,5,0,32,27
1656735569507,MATH 193A,A01,083224,Rotar; Vladimir,6,0,34,28
1656735569507,MATH 193A,A02,083225,Rotar; Vladimir,3,0,34,31
1656735569507,MATH 193A,A03,083781,Rotar; Vladimir,1,0,34,33
1656735569507,MATH 193A,A04,083782,Rotar; Vladimir,5,0,34,29
1656735569507,MATH 193A,A05,093482,Rotar; Vladimir,6,0,34,28
1656735575530,MATH 197,001,091859,McAuley; Julian John,9999,0,9999,0
1656735575530,MATH 197,002,095566,Kedlaya; Kiran S.,9997,0,9999,2
1656735575530,MATH 197,003,095567,Xiao; Ming,9999,0,9999,0
1656735575530,MATH 197,004,095571,Perols; Johan Lars,9998,0,9999,1
1656735582604,COGS 9,A01,083615,Shannon; Kyle Michael,6,0,75,69
1656735588630,COGS 11,A01,083617,Boyle; Mary E. T.,17,0,48,31
1656735594659,COGS 13,A01,083071,Bastos; Amalia Pinkusfeld,6,0,71,65
1656735600684,COGS 14A,A01,092681,Semenuks; Arturs,0,1,100,101
1656735606706,COGS 14B,A01,083073,Cheng; Tzu-Han,5,0,63,58
1656735612730,COGS 17,A01,092677,Semenuks; Arturs,4,0,81,77
1656735618754,COGS 100,A01,083619,Allen; Michael Gordon,14,0,70,56
1656735624782,COGS 101A,A01,083621,Davis; Joshua Daniel,9,0,68,59
1656735630805,COGS 101B,A01,091572,Allen; Michael Gordon,8,0,65,57
1656735636827,COGS 101C,A01,083625,Delgado; Tania,17,0,35,18
1656735642853,COGS 107A,A01,083627,Boyle; Mary E. T.,13,0,60,47
1656735648901,COGS 118A,A01,083075,Gupta; Anjum,13,0,76,63
1656735654925,CSE 3,A50,083646,Miranda; Gregory Joseph,22,0,50,28
1656735660950,CSE 8A,A50,083650,Miranda; Gregory Joseph,17,1,56,39
1656735666974,CSE 11,A01,083080,Cao; Yingjun,3,16,40,37
1656735673002,CSE 12,A01,083652,Krause-Levy; Sophia Louisa,19,1,120,101
1656735679038,CSE 15L,A01,083654,Morris; Justin Loren,8,0,50,42
1656735679038,CSE 15L,A02,083655,Morris; Justin Loren,8,0,50,42
1656735685067,CSE 20,A01,083657,Tran; Khoa Dang,37,0,80,43
1656735691090,CSE 21,A01,095574,Bach; Quang Tran,21,0,48,27
1656735697113,CSE 30,A01,083084,Eldon; John,4,0,80,76
1656735697113,CSE 30,B01,095061,Bhaskar; Nishant,5,0,50,45
1656735703137,CSE 100,A01,083659,Cao; Yingjun,1,5,70,69
1656735709164,CSE 134B,A01,083661,Powell; Thomas Allan,18,0,100,82
1656735715190,CSE 140,A01,083663,Gungor; Onat,14,0,85,71
1656735721213,CSE 140L,A01,083088,Eldon; John,16,0,100,84
1656735727238,CSE 175,A01,083665,Kumar; Rakesh,3,0,25,22
1656735733261,CSE 190,A00,092507,Dubnov; Shlomo,6,0,20,14
1656735739286,ECE 45,A01,083139,Congero; Spencer William,5,0,75,70
1656735745313,ECE 65,A50,083695,Saad; Andrew S,12,0,30,18
1656735745313,ECE 65,A51,095125,Saad; Andrew S,25,0,26,1
1656735751336,ECE 109,A01,091882,Touri; Behrouz,14,0,70,56
1656735757362,ECE 180,A00,083140,Abi Samra; Nicholas Camill,1,0,30,29
1656735757362,ECE 180,B00,083141,Abi Samra; Nicholas Camill,0,0,30,30
1656735763395,MATH 10A,A01,083735,Patchell; Gregory David,1,0,30,29
1656735763395,MATH 10A,A02,083736,Patchell; Gregory David,20,0,30,10
1656735763395,MATH 10A,A03,083737,Patchell; Gregory David,15,0,30,15
1656735769421,MATH 10B,A01,083207,Lim; Seonhee,7,0,34,27
1656735769421,MATH 10B,A02,083208,Lim; Seonhee,9,0,35,26
1656735769421,MATH 10B,A03,093472,Lim; Seonhee,4,0,34,30
1656735769421,MATH 10B,B01,083739,Sinha; Shubham,9,0,30,21
1656735775447,MATH 18,A01,083743,Cinel; Cameron Alexander,6,0,30,24
1656735775447,MATH 18,A02,083744,Cinel; Cameron Alexander,15,0,30,15
1656735775447,MATH 18,A03,083745,Cinel; Cameron Alexander,8,0,30,22
1656735775447,MATH 18,B01,083748,Rideout; David Porter,3,0,37,34
1656735775447,MATH 18,B02,083749,Rideout; David Porter,3,0,36,33
1656735775447,MATH 18,B03,083750,Rideout; David Porter,1,0,37,36
1656735775447,MATH 18,B04,083751,Rideout; David Porter,4,0,36,32
1656735775447,MATH 18,B05,093473,Rideout; David Porter,4,0,36,32
1656735775447,MATH 18,B06,093474,Rideout; David Porter,4,0,36,32
1656735781475,MATH 20A,A01,083754,Zheng; Zequn,12,0,40,28
1656735787500,MATH 20B,A01,083756,Briones; Jor-el Thomas Caparas,1,0,36,35
1656735787500,MATH 20B,A02,083757,Briones; Jor-el Thomas Caparas,1,0,36,35
1656735787500,MATH 20B,A03,093475,Briones; Jor-el Thomas Caparas,0,0,36,36
1656735793530,MATH 20C,A01,083760,Briones; Jor-el Thomas Caparas,1,0,35,34
1656735793530,MATH 20C,A02,083761,Briones; Jor-el Thomas Caparas,8,0,35,27
1656735793530,MATH 20C,A03,093476,Briones; Jor-el Thomas Caparas,0,1,36,36
1656735793530,MATH 20C,B01,083762,Bach; Quang Tran,0,0,30,30
1656735799556,MATH 20D,A01,083765,Tran; Brian Kha,4,0,30,26
1656735799556,MATH 20D,A02,083766,Tran; Brian Kha,4,0,30,26
1656735799556,MATH 20D,A03,083767,Tran; Brian Kha,1,0,30,29
1656735805583,MATH 20E,A01,083771,Ganguly; Soumya,4,0,32,28
1656735805583,MATH 20E,A02,083772,Ganguly; Soumya,4,0,32,28
1656735805583,MATH 20E,B01,083773,Ciotti; Benjamin,18,0,35,17
1656735805583,MATH 20E,B02,083774,Ciotti; Benjamin,17,0,35,18
1656735811607,MATH 103A,A01,083777,Greenfeld; Be'Eri,2,0,36,34
1656735811607,MATH 103A,A02,083778,Greenfeld; Be'Eri,5,0,36,31
1656735811607,MATH 103A,A03,093561,Greenfeld; Be'Eri,4,0,36,32
1656735811607,MATH 103A,B01,083779,Greenfeld; Be'Eri,6,0,36,30
1656735811607,MATH 103A,B02,083780,Greenfeld; Be'Eri,2,0,36,34
1656735811607,MATH 103A,B03,093562,Greenfeld; Be'Eri,2,0,36,34
1656735817629,MATH 105,A01,085443,Carter; Anne Toulson,13,0,35,22
1656735817629,MATH 105,A02,093477,Carter; Anne Toulson,20,0,35,15
1656735823659,MATH 109,A01,083213,Ganzberger; Geoffrey Michael,2,0,34,32
1656735823659,MATH 109,A02,083214,Ganzberger; Geoffrey Michael,2,0,34,32
1656735823659,MATH 109,A03,093478,Ganzberger; Geoffrey Michael,1,0,34,33
1656735823659,MATH 109,B01,083215,Ganzberger; Geoffrey Michael,1,0,32,31
1656735823659,MATH 109,B02,083216,Ganzberger; Geoffrey Michael,1,0,32,31
1656735823659,MATH 109,B03,093479,Ganzberger; Geoffrey Michael,7,0,32,25
1656735829683,MATH 142A,A01,083219,Chow; Bennett,5,0,32,27
1656735829683,MATH 142A,A02,083220,Chow; Bennett,9,0,32,23
1656735829683,MATH 142A,A03,093480,Chow; Bennett,7,0,32,25
1656735829683,MATH 142A,B03,093481,Chow; Bennett,7,0,32,25
1656735829683,MATH 142A,B04,093558,Chow; Bennett,10,0,32,22
1656735829683,MATH 142A,B05,093559,Chow; Bennett,5,0,32,27
1656735835706,MATH 193A,A01,083224,Rotar; Vladimir,6,0,34,28
1656735835706,MATH 193A,A02,083225,Rotar; Vladimir,3,0,34,31
1656735835706,MATH 193A,A03,083781,Rotar; Vladimir,1,0,34,33
1656735835706,MATH 193A,A04,083782,Rotar; Vladimir,5,0,34,29
1656735835706,MATH 193A,A05,093482,Rotar; Vladimir,6,0,34,28
1656735841733,MATH 197,001,091859,McAuley; Julian John,9999,0,9999,0
1656735841733,MATH 197,002,095566,Kedlaya; Kiran S.,9997,0,9999,2
1656735841733,MATH 197,003,095567,Xiao; Ming,9999,0,9999,0
1656735841733,MATH 197,004,095571,Perols; Johan Lars,9998,0,9999,1
1656735848782,COGS 9,A01,083615,Shannon; Kyle Michael,6,0,75,69
1656735854806,COGS 11,A01,083617,Boyle; Mary E. T.,17,0,48,31
1656735860828,COGS 13,A01,083071,Bastos; Amalia Pinkusfeld,6,0,71,65
1656735866851,COGS 14A,A01,092681,Semenuks; Arturs,0,1,100,101
1656735872965,COGS 14B,A01,083073,Cheng; Tzu-Han,5,0,63,58
1656735878992,COGS 17,A01,092677,Semenuks; Arturs,4,0,81,77
1656735885015,COGS 100,A01,083619,Allen; Michael Gordon,14,0,70,56
1656735891040,COGS 101A,A01,083621,Davis; Joshua Daniel,9,0,68,59
1656735897069,COGS 101B,A01,091572,Allen; Michael Gordon,8,0,65,57
1656735903095,COGS 101C,A01,083625,Delgado; Tania,17,0,35,18
1656735909122,COGS 107A,A01,083627,Boyle; Mary E. T.,13,0,60,47
1656735915144,COGS 118A,A01,083075,Gupta; Anjum,13,0,76,63
1656735921172,CSE 3,A50,083646,Miranda; Gregory Joseph,22,0,50,28
1656735927201,CSE 8A,A50,083650,Miranda; Gregory Joseph,17,1,56,39
1656735933223,CSE 11,A01,083080,Cao; Yingjun,3,16,40,37
1656735939253,CSE 12,A01,083652,Krause-Levy; Sophia Louisa,19,1,120,101
1656735945277,CSE 15L,A01,083654,Morris; Justin Loren,8,0,50,42
1656735945277,CSE 15L,A02,083655,Morris; Justin Loren,8,0,50,42
1656735951301,CSE 20,A01,083657,Tran; Khoa Dang,37,0,80,43
1656735957328,CSE 21,A01,095574,Bach; Quang Tran,21,0,48,27
1656735963357,CSE 30,A01,083084,Eldon; John,4,0,80,76
1656735963357,CSE 30,B01,095061,Bhaskar; Nishant,5,0,50,45
1656735969381,CSE 100,A01,083659,Cao; Yingjun,1,5,70,69
1656735975405,CSE 134B,A01,083661,Powell; Thomas Allan,18,0,100,82
1656735981431,CSE 140,A01,083663,Gungor; Onat,14,0,85,71
1656735987456,CSE 140L,A01,083088,Eldon; John,16,0,100,84
1656735993480,CSE 175,A01,083665,Kumar; Rakesh,3,0,25,22
1656735999506,CSE 190,A00,092507,Dubnov; Shlomo,6,0,20,14
1656736005532,ECE 45,A01,083139,Congero; Spencer William,5,0,75,70
1656736011558,ECE 65,A50,083695,Saad; Andrew S,12,0,30,18
1656736011558,ECE 65,A51,095125,Saad; Andrew S,25,0,26,1
1656736017589,ECE 109,A01,091882,Touri; Behrouz,14,0,70,56
1656736023613,ECE 180,A00,083140,Abi Samra; Nicholas Camill,1,0,30,29
1656736023613,ECE 180,B00,083141,Abi Samra; Nicholas Camill,0,0,30,30
1656736029639,MATH 10A,A01,083735,Patchell; Gregory David,1,0,30,29
1656736029639,MATH 10A,A02,083736,Patchell; Gregory David,20,0,30,10
1656736029639,MATH 10A,A03,083737,Patchell; Gregory David,15,0,30,15
1656736035661,MATH 10B,A01,083207,Lim; Seonhee,7,0,34,27
1656736035661,MATH 10B,A02,083208,Lim; Seonhee,9,0,35,26
1656736035661,MATH 10B,A03,093472,Lim; Seonhee,4,0,34,30
1656736035661,MATH 10B,B01,083739,Sinha; Shubham,9,0,30,21
1656736041685,MATH 18,A01,083743,Cinel; Cameron Alexander,6,0,30,24
1656736041685,MATH 18,A02,083744,Cinel; Cameron Alexander,15,0,30,15
1656736041685,MATH 18,A03,083745,Cinel; Cameron Alexander,8,0,30,22
1656736041685,MATH 18,B01,083748,Rideout; David Porter,3,0,37,34
1656736041685,MATH 18,B02,083749,Rideout; David Porter,3,0,36,33
1656736041685,MATH 18,B03,083750,Rideout; David Porter,1,0,37,36
1656736041685,MATH 18,B04,083751,Rideout; David Porter,4,0,36,32
1656736041685,MATH 18,B05,093473,Rideout; David Porter,4,0,36,32
1656736041685,MATH 18,B06,093474,Rideout; David Porter,4,0,36,32
1656736047708,MATH 20A,A01,083754,Zheng; Zequn,12,0,40,28
1656736053743,MATH 20B,A01,083756,Briones; Jor-el Thomas Caparas,1,0,36,35
1656736053743,MATH 20B,A02,083757,Briones; Jor-el Thomas Caparas,1,0,36,35
1656736053743,MATH 20B,A03,093475,Briones; Jor-el Thomas Caparas,0,0,36,36
1656736059778,MATH 20C,A01,083760,Briones; Jor-el Thomas Caparas,1,0,35,34
1656736059778,MATH 20C,A02,083761,Briones; Jor-el Thomas Caparas,8,0,35,27
1656736059778,MATH 20C,A03,093476,Briones; Jor-el Thomas Caparas,0,1,36,36
1656736059778,MATH 20C,B01,083762,Bach; Quang Tran,0,0,30,30
1656736065811,MATH 20D,A01,083765,Tran; Brian Kha,4,0,30,26
1656736065811,MATH 20D,A02,083766,Tran; Brian Kha,4,0,30,26
1656736065811,MATH 20D,A03,083767,Tran; Brian Kha,1,0,30,29
1656736071836,MATH 20E,A01,083771,Ganguly; Soumya,4,0,32,28
1656736071836,MATH 20E,A02,083772,Ganguly; Soumya,4,0,32,28
1656736071836,MATH 20E,B01,083773,Ciotti; Benjamin,18,0,35,17
1656736071836,MATH 20E,B02,083774,Ciotti; Benjamin,17,0,35,18
1656736077861,MATH 103A,A01,083777,Greenfeld; Be'Eri,2,0,36,34
1656736077861,MATH 103A,A02,083778,Greenfeld; Be'Eri,5,0,36,31
1656736077861,MATH 103A,A03,093561,Greenfeld; Be'Eri,4,0,36,32
1656736077861,MATH 103A,B01,083779,Greenfeld; Be'Eri,6,0,36,30
1656736077861,MATH 103A,B02,083780,Greenfeld; Be'Eri,2,0,36,34
1656736077861,MATH 103A,B03,093562,Greenfeld; Be'Eri,2,0,36,34
1656736083886,MATH 105,A01,085443,Carter; Anne Toulson,13,0,35,22
1656736083886,MATH 105,A02,093477,Carter; Anne Toulson,20,0,35,15
1656736089910,MATH 109,A01,083213,Ganzberger; Geoffrey Michael,2,0,34,32
1656736089910,MATH 109,A02,083214,Ganzberger; Geoffrey Michael,2,0,34,32
1656736089910,MATH 109,A03,093478,Ganzberger; Geoffrey Michael,1,0,34,33
1656736089910,MATH 109,B01,083215,Ganzberger; Geoffrey Michael,1,0,32,31
1656736089910,MATH 109,B02,083216,Ganzberger; Geoffrey Michael,1,0,32,31
1656736089910,MATH 109,B03,093479,Ganzberger; Geoffrey Michael,7,0,32,25
1656736095933,MATH 142A,A01,083219,Chow; Bennett,5,0,32,27
1656736095933,MATH 142A,A02,083220,Chow; Bennett,9,0,32,23
1656736095933,MATH 142A,A03,093480,Chow; Bennett,7,0,32,25
1656736095933,MATH 142A,B03,093481,Chow; Bennett,7,0,32,25
1656736095933,MATH 142A,B04,093558,Chow; Bennett,10,0,32,22
1656736095933,MATH 142A,B05,093559,Chow; Bennett,5,0,32,27
1656736101957,MATH 193A,A01,083224,Rotar; Vladimir,6,0,34,28
1656736101957,MATH 193A,A02,083225,Rotar; Vladimir,3,0,34,31
1656736101957,MATH 193A,A03,083781,Rotar; Vladimir,1,0,34,33
1656736101957,MATH 193A,A04,083782,Rotar; Vladimir,5,0,34,29
1656736101957,MATH 193A,A05,093482,Rotar; Vladimir,6,0,34,28
1656736107987,MATH 197,001,091859,McAuley; Julian John,9999,0,9999,0
1656736107987,MATH 197,002,095566,Kedlaya; Kiran S.,9997,0,9999,2
1656736107987,MATH 197,003,095567,Xiao; Ming,9999,0,9999,0
1656736107987,MATH 197,004,095571,Perols; Johan Lars,9998,0,9999,1
1656736115051,COGS 9,A01,083615,Shannon; Kyle Michael,6,0,75,69
1656736121074,COGS 11,A01,083617,Boyle; Mary E. T.,17,0,48,31
1656736127096,COGS 13,A01,083071,Bastos; Amalia Pinkusfeld,6,0,71,65
1656736133121,COGS 14A,A01,092681,Semenuks; Arturs,0,1,100,101
1656736139148,COGS 14B,A01,083073,Cheng; Tzu-Han,5,0,63,58
1656736145175,COGS 17,A01,092677,Semenuks; Arturs,4,0,81,77
1656736151197,COGS 100,A01,083619,Allen; Michael Gordon,14,0,70,56
1656736157233,COGS 101A,A01,083621,Davis; Joshua Daniel,9,0,68,59
1656736163266,COGS 101B,A01,091572,Allen; Michael Gordon,8,0,65,57
1656736169293,COGS 101C,A01,083625,Delgado; Tania,17,0,35,18
1656736175321,COGS 107A,A01,083627,Boyle; Mary E. T.,13,0,60,47
1656736181350,COGS 118A,A01,083075,Gupta; Anjum,13,0,76,63
1656736187374,CSE 3,A50,083646,Miranda; Gregory Joseph,22,0,50,28
1656736193396,CSE 8A,A50,083650,Miranda; Gregory Joseph,17,1,56,39
1656736199422,CSE 11,A01,083080,Cao; Yingjun,3,16,40,37
1656736205451,CSE 12,A01,083652,Krause-Levy; Sophia Louisa,19,1,120,101
1656736211477,CSE 15L,A01,083654,Morris; Justin Loren,8,0,50,42
1656736211477,CSE 15L,A02,083655,Morris; Justin Loren,8,0,50,42
1656736217500,CSE 20,A01,083657,Tran; Khoa Dang,37,0,80,43
1656736223531,CSE 21,A01,095574,Bach; Quang Tran,21,0,48,27
1656736229554,CSE 30,A01,083084,Eldon; John,4,0,80,76
1656736229554,CSE 30,B01,095061,Bhaskar; Nishant,5,0,50,45
1656736235583,CSE 100,A01,083659,Cao; Yingjun,1,5,70,69
1656736241610,CSE 134B,A01,083661,Powell; Thomas Allan,18,0,100,82
1656736247634,CSE 140,A01,083663,Gungor; Onat,14,0,85,71
1656736253659,CSE 140L,A01,083088,Eldon; John,16,0,100,84
1656736259684,CSE 175,A01,083665,Kumar; Rakesh,3,0,25,22
1656736265711,CSE 190,A00,092507,Dubnov; Shlomo,6,0,20,14
1656736271735,ECE 45,A01,083139,Congero; Spencer William,5,0,75,70
1656736277759,ECE 65,A50,083695,Saad; Andrew S,12,0,30,18
1656736277759,ECE 65,A51,095125,Saad; Andrew S,25,0,26,1
1656736283786,ECE 109,A01,091882,Touri; Behrouz,14,0,70,56
1656736289809,ECE 180,A00,083140,Abi Samra; Nicholas Camill,1,0,30,29
1656736289809,ECE 180,B00,083141,Abi Samra; Nicholas Camill,0,0,30,30
1656736295840,MATH 10A,A01,083735,Patchell; Gregory David,1,0,30,29
1656736295840,MATH 10A,A02,083736,Patchell; Gregory David,20,0,30,10
1656736295840,MATH 10A,A03,083737,Patchell; Gregory David,15,0,30,15
1656736301865,MATH 10B,A01,083207,Lim; Seonhee,7,0,34,27
1656736301865,MATH 10B,A02,083208,Lim; Seonhee,9,0,35,26
1656736301865,MATH 10B,A03,093472,Lim; Seonhee,4,0,34,30
1656736301865,MATH 10B,B01,083739,Sinha; Shubham,9,0,30,21
1656736307889,MATH 18,A01,083743,Cinel; Cameron Alexander,6,0,30,24
1656736307889,MATH 18,A02,083744,Cinel; Cameron Alexander,15,0,30,15
1656736307889,MATH 18,A03,083745,Cinel; Cameron Alexander,8,0,30,22
1656736307889,MATH 18,B01,083748,Rideout; David Porter,3,0,37,34
1656736307889,MATH 18,B02,083749,Rideout; David Porter,3,0,36,33
1656736307889,MATH 18,B03,083750,Rideout; David Porter,1,0,37,36
1656736307889,MATH 18,B04,083751,Rideout; David Porter,4,0,36,32
1656736307889,MATH 18,B05,093473,Rideout; David Porter,4,0,36,32
1656736307889,MATH 18,B06,093474,Rideout; David Porter,4,0,36,32
1656736313913,MATH 20A,A01,083754,Zheng; Zequn,12,0,40,28
1656736319937,MATH 20B,A01,083756,Briones; Jor-el Thomas Caparas,1,0,36,35
1656736319937,MATH 20B,A02,083757,Briones; Jor-el Thomas Caparas,1,0,36,35
1656736319937,MATH 20B,A03,093475,Briones; Jor-el Thomas Caparas,0,0,36,36
1656736325967,MATH 20C,A01,083760,Briones; Jor-el Thomas Caparas,1,0,35,34
1656736325967,MATH 20C,A02,083761,Briones; Jor-el Thomas Caparas,8,0,35,27
1656736325967,MATH 20C,A03,093476,Briones; Jor-el Thomas Caparas,0,1,36,36
1656736325967,MATH 20C,B01,083762,Bach; Quang Tran,0,0,30,30
1656736331994,MATH 20D,A01,083765,Tran; Brian Kha,4,0,30,26
1656736331994,MATH 20D,A02,083766,Tran; Brian Kha,4,0,30,26
1656736331994,MATH 20D,A03,083767,Tran; Brian Kha,1,0,30,29
1656736338021,MATH 20E,A01,083771,Ganguly; Soumya,4,0,32,28
1656736338021,MATH 20E,A02,083772,Ganguly; Soumya,5,0,32,27
1656736338021,MATH 20E,B01,083773,Ciotti; Benjamin,18,0,35,17
1656736338021,MATH 20E,B02,083774,Ciotti; Benjamin,17,0,35,18
1656736344051,MATH 103A,A01,083777,Greenfeld; Be'Eri,2,0,36,34
1656736344051,MATH 103A,A02,083778,Greenfeld; Be'Eri,5,0,36,31
1656736344051,MATH 103A,A03,093561,Greenfeld; Be'Eri,4,0,36,32
1656736344051,MATH 103A,B01,083779,Greenfeld; Be'Eri,6,0,36,30
1656736344051,MATH 103A,B02,083780,Greenfeld; Be'Eri,2,0,36,34
1656736344051,MATH 103A,B03,093562,Greenfeld; Be'Eri,2,0,36,34
1656736350074,MATH 105,A01,085443,Carter; Anne Toulson,13,0,35,22
1656736350074,MATH 105,A02,093477,Carter; Anne Toulson,20,0,35,15
1656736356102,MATH 109,A01,083213,Ganzberger; Geoffrey Michael,2,0,34,32
1656736356102,MATH 109,A02,083214,Ganzberger; Geoffrey Michael,2,0,34,32
1656736356102,MATH 109,A03,093478,Ganzberger; Geoffrey Michael,1,0,34,33
1656736356102,MATH 109,B01,083215,Ganzberger; Geoffrey Michael,1,0,32,31
1656736356102,MATH 109,B02,083216,Ganzberger; Geoffrey Michael,1,0,32,31
1656736356102,MATH 109,B03,093479,Ganzberger; Geoffrey Michael,7,0,32,25
1656736362129,MATH 142A,A01,083219,Chow; Bennett,5,0,32,27
1656736362129,MATH 142A,A02,083220,Chow; Bennett,9,0,32,23
1656736362129,MATH 142A,A03,093480,Chow; Bennett,7,0,32,25
1656736362129,MATH 142A,B03,093481,Chow; Bennett,7,0,32,25
1656736362129,MATH 142A,B04,093558,Chow; Bennett,10,0,32,22
1656736362129,MATH 142A,B05,093559,Chow; Bennett,5,0,32,27
1656736368157,MATH 193A,A01,083224,Rotar; Vladimir,6,0,34,28
1656736368157,MATH 193A,A02,083225,Rotar; Vladimir,3,0,34,31
1656736368157,MATH 193A,A03,083781,Rotar; Vladimir,1,0,34,33
1656736368157,MATH 193A,A04,083782,Rotar; Vladimir,5,0,34,29
1656736368157,MATH 193A,A05,093482,Rotar; Vladimir,6,0,34,28
1656736374180,MATH 197,001,091859,McAuley; Julian John,9999,0,9999,0
1656736374180,MATH 197,002,095566,Kedlaya; Kiran S.,9997,0,9999,2
1656736374180,MATH 197,003,095567,Xiao; Ming,9999,0,9999,0
1656736374180,MATH 197,004,095571,Perols; Johan Lars,9998,0,9999,1
1656736381232,COGS 9,A01,083615,Shannon; Kyle Michael,6,0,75,69
1656736387260,COGS 11,A01,083617,Boyle; Mary E. T.,17,0,48,31
1656736393288,COGS 13,A01,083071,Bastos; Amalia Pinkusfeld,6,0,71,65
1656736399316,COGS 14A,A01,092681,Semenuks; Arturs,0,1,100,101
1656736405338,COGS 14B,A01,083073,Cheng; Tzu-Han,5,0,63,58
1656736411366,COGS 17,A01,092677,Semenuks; Arturs,4,0,81,77
1656736417400,COGS 100,A01,083619,Allen; Michael Gordon,14,0,70,56
1656736423423,COGS 101A,A01,083621,Davis; Joshua Daniel,9,0,68,59
1656736429446,COGS 101B,A01,091572,Allen; Michael Gordon,8,0,65,57
1656736435471,COGS 101C,A01,083625,Delgado; Tania,17,0,35,18
1656736441494,COGS 107A,A01,083627,Boyle; Mary E. T.,13,0,60,47
1656736447535,COGS 118A,A01,083075,Gupta; Anjum,13,0,76,63
1656736453558,CSE 3,A50,083646,Miranda; Gregory Joseph,22,0,50,28
1656736459580,CSE 8A,A50,083650,Miranda; Gregory Joseph,17,1,56,39
1656736465605,CSE 11,A01,083080,Cao; Yingjun,3,16,40,37
1656736471707,CSE 12,A01,083652,Krause-Levy; Sophia Louisa,19,1,120,101
1656736477728,CSE 15L,A01,083654,Morris; Justin Loren,8,0,50,42
1656736477728,CSE 15L,A02,083655,Morris; Justin Loren,8,0,50,42
1656736483754,CSE 20,A01,083657,Tran; Khoa Dang,37,0,80,43
1656736489776,CSE 21,A01,095574,Bach; Quang Tran,21,0,48,27
1656736495798,CSE 30,A01,083084,Eldon; John,4,0,80,76
1656736495798,CSE 30,B01,095061,Bhaskar; Nishant,5,0,50,45
1656736501823,CSE 100,A01,083659,Cao; Yingjun,1,5,70,69
1656736507844,CSE 134B,A01,083661,Powell; Thomas Allan,18,0,100,82
1656736513869,CSE 140,A01,083663,Gungor; Onat,14,0,85,71
1656736519892,CSE 140L,A01,083088,Eldon; John,16,0,100,84
1656736525917,CSE 175,A01,083665,Kumar; Rakesh,3,0,25,22
1656736531940,CSE 190,A00,092507,Dubnov; Shlomo,6,0,20,14
1656736537965,ECE 45,A01,083139,Congero; Spencer William,5,0,75,70
1656736543992,ECE 65,A50,083695,Saad; Andrew S,12,0,30,18
1656736543992,ECE 65,A51,095125,Saad; Andrew S,25,0,26,1
1656736550016,ECE 109,A01,091882,Touri; Behrouz,14,0,70,56
1656736556038,ECE 180,A00,083140,Abi Samra; Nicholas Camill,1,0,30,29
1656736556038,ECE 180,B00,083141,Abi Samra; Nicholas Camill,0,0,30,30
1656736562062,MATH 10A,A01,083735,Patchell; Gregory David,1,0,30,29
1656736562062,MATH 10A,A02,083736,Patchell; Gregory David,20,0,30,10
1656736562062,MATH 10A,A03,083737,Patchell; Gregory David,15,0,30,15
1656736568091,MATH 10B,A01,083207,Lim; Seonhee,7,0,34,27
1656736568091,MATH 10B,A02,083208,Lim; Seonhee,9,0,35,26
1656736568091,MATH 10B,A03,093472,Lim; Seonhee,4,0,34,30
1656736568091,MATH 10B,B01,083739,Sinha; Shubham,9,0,30,21
1656736574122,MATH 18,A01,083743,Cinel; Cameron Alexander,6,0,30,24
1656736574122,MATH 18,A02,083744,Cinel; Cameron Alexander,15,0,30,15
1656736574122,MATH 18,A03,083745,Cinel; Cameron Alexander,8,0,30,22
1656736574122,MATH 18,B01,083748,Rideout; David Porter,3,0,37,34
1656736574122,MATH 18,B02,083749,Rideout; David Porter,3,0,36,33
1656736574122,MATH 18,B03,083750,Rideout; David Porter,1,0,37,36
1656736574122,MATH 18,B04,083751,Rideout; David Porter,4,0,36,32
1656736574122,MATH 18,B05,093473,Rideout; David Porter,4,0,36,32
1656736574122,MATH 18,B06,093474,Rideout; David Porter,4,0,36,32
1656736580150,MATH 20A,A01,083754,Zheng; Zequn,12,0,40,28
1656736586175,MATH 20B,A01,083756,Briones; Jor-el Thomas Caparas,1,0,36,35
1656736586175,MATH 20B,A02,083757,Briones; Jor-el Thomas Caparas,1,0,36,35
1656736586175,MATH 20B,A03,093475,Briones; Jor-el Thomas Caparas,0,0,36,36
1656736592203,MATH 20C,A01,083760,Briones; Jor-el Thomas Caparas,1,0,35,34
1656736592203,MATH 20C,A02,083761,Briones; Jor-el Thomas Caparas,8,0,35,27
1656736592203,MATH 20C,A03,093476,Briones; Jor-el Thomas Caparas,0,1,36,36
1656736592203,MATH 20C,B01,083762,Bach; Quang Tran,0,0,30,30
1656736598232,MATH 20D,A01,083765,Tran; Brian Kha,4,0,30,26
1656736598232,MATH 20D,A02,083766,Tran; Brian Kha,4,0,30,26
1656736598232,MATH 20D,A03,083767,Tran; Brian Kha,1,0,30,29
1656736604268,MATH 20E,A01,083771,Ganguly; Soumya,4,0,32,28
1656736604268,MATH 20E,A02,083772,Ganguly; Soumya,5,0,32,27
1656736604268,MATH 20E,B01,083773,Ciotti; Benjamin,18,0,35,17
1656736604268,MATH 20E,B02,083774,Ciotti; Benjamin,17,0,35,18
1656736610299,MATH 103A,A01,083777,Greenfeld; Be'Eri,2,0,36,34
1656736610299,MATH 103A,A02,083778,Greenfeld; Be'Eri,5,0,36,31
1656736610299,MATH 103A,A03,093561,Greenfeld; Be'Eri,4,0,36,32
1656736610299,MATH 103A,B01,083779,Greenfeld; Be'Eri,6,0,36,30
1656736610299,MATH 103A,B02,083780,Greenfeld; Be'Eri,2,0,36,34
1656736610299,MATH 103A,B03,093562,Greenfeld; Be'Eri,2,0,36,34
1656736616326,MATH 105,A01,085443,Carter; Anne Toulson,13,0,35,22
1656736616326,MATH 105,A02,093477,Carter; Anne Toulson,20,0,35,15
1656736622355,MATH 109,A01,083213,Ganzberger; Geoffrey Michael,2,0,34,32
1656736622355,MATH 109,A02,083214,Ganzberger; Geoffrey Michael,2,0,34,32
1656736622355,MATH 109,A03,093478,Ganzberger; Geoffrey Michael,1,0,34,33
1656736622355,MATH 109,B01,083215,Ganzberger; Geoffrey Michael,1,0,32,31
1656736622355,MATH 109,B02,083216,Ganzberger; Geoffrey Michael,1,0,32,31
1656736622355,MATH 109,B03,093479,Ganzberger; Geoffrey Michael,7,0,32,25
1656736628380,MATH 142A,A01,083219,Chow; Bennett,5,0,32,27
1656736628380,MATH 142A,A02,083220,Chow; Bennett,9,0,32,23
1656736628380,MATH 142A,A03,093480,Chow; Bennett,7,0,32,25
1656736628380,MATH 142A,B03,093481,Chow; Bennett,7,0,32,25
1656736628380,MATH 142A,B04,093558,Chow; Bennett,10,0,32,22
1656736628380,MATH 142A,B05,093559,Chow; Bennett,5,0,32,27
1656736634403,MATH 193A,A01,083224,Rotar; Vladimir,6,0,34,28
1656736634403,MATH 193A,A02,083225,Rotar; Vladimir,3,0,34,31
1656736634403,MATH 193A,A03,083781,Rotar; Vladimir,1,0,34,33
1656736634403,MATH 193A,A04,083782,Rotar; Vladimir,5,0,34,29
1656736634403,MATH 193A,A05,093482,Rotar; Vladimir,6,0,34,28
1656736640425,MATH 197,001,091859,McAuley; Julian John,9999,0,9999,0
1656736640425,MATH 197,002,095566,Kedlaya; Kiran S.,9997,0,9999,2
1656736640425,MATH 197,003,095567,Xiao; Ming,9999,0,9999,0
1656736640425,MATH 197,004,095571,Perols; Johan Lars,9998,0,9999,1
1656736647477,COGS 9,A01,083615,Shannon; Kyle Michael,6,0,75,69
1656736653508,COGS 11,A01,083617,Boyle; Mary E. T.,17,0,48,31
1656736659541,COGS 13,A01,083071,Bastos; Amalia Pinkusfeld,6,0,71,65
1656736665564,COGS 14A,A01,092681,Semenuks; Arturs,0,1,100,101
1656736671594,COGS 14B,A01,083073,Cheng; Tzu-Han,5,0,63,58
1656736677620,COGS 17,A01,092677,Semenuks; Arturs,4,0,81,77
1656736683649,COGS 100,A01,083619,Allen; Michael Gordon,14,0,70,56
1656736689676,COGS 101A,A01,083621,Davis; Joshua Daniel,9,0,68,59
1656736695707,COGS 101B,A01,091572,Allen; Michael Gordon,8,0,65,57
1656736701734,COGS 101C,A01,083625,Delgado; Tania,17,0,35,18
1656736707759,COGS 107A,A01,083627,Boyle; Mary E. T.,13,0,60,47
1656736713782,COGS 118A,A01,083075,Gupta; Anjum,13,0,76,63
1656736719810,CSE 3,A50,083646,Miranda; Gregory Joseph,22,0,50,28
1656736725833,CSE 8A,A50,083650,Miranda; Gregory Joseph,17,1,56,39
1656736731859,CSE 11,A01,083080,Cao; Yingjun,3,16,40,37
1656736737886,CSE 12,A01,083652,Krause-Levy; Sophia Louisa,19,1,120,101
1656736743914,CSE 15L,A01,083654,Morris; Justin Loren,8,0,50,42
1656736743914,CSE 15L,A02,083655,Morris; Justin Loren,8,0,50,42
1656736749948,CSE 20,A01,083657,Tran; Khoa Dang,37,0,80,43
1656736755987,CSE 21,A01,095574,Bach; Quang Tran,21,0,48,27
1656736762015,CSE 30,A01,083084,Eldon; John,4,0,80,76
1656736762015,CSE 30,B01,095061,Bhaskar; Nishant,5,0,50,45
1656736768038,CSE 100,A01,083659,Cao; Yingjun,1,5,70,69
1656736774062,CSE 134B,A01,083661,Powell; Thomas Allan,18,0,100,82
1656736780087,CSE 140,A01,083663,Gungor; Onat,14,0,85,71
1656736786114,CSE 140L,A01,083088,Eldon; John,16,0,100,84
1656736792137,CSE 175,A01,083665,Kumar; Rakesh,3,0,25,22
1656736798160,CSE 190,A00,092507,Dubnov; Shlomo,6,0,20,14
1656736804184,ECE 45,A01,083139,Congero; Spencer William,5,0,75,70
1656736810208,ECE 65,A50,083695,Saad; Andrew S,12,0,30,18
1656736810208,ECE 65,A51,095125,Saad; Andrew S,25,0,26,1
1656736816230,ECE 109,A01,091882,Touri; Behrouz,14,0,70,56
1656736822257,ECE 180,A00,083140,Abi Samra; Nicholas Camill,1,0,30,29
1656736822257,ECE 180,B00,083141,Abi Samra; Nicholas Camill,0,0,30,30
1656736828292,MATH 10A,A01,083735,Patchell; Gregory David,1,0,30,29
1656736828292,MATH 10A,A02,083736,Patchell; Gregory David,20,0,30,10
1656736828292,MATH 10A,A03,083737,Patchell; Gregory David,15,0,30,15
1656736834321,MATH 10B,A01,083207,Lim; Seonhee,7,0,34,27
1656736834321,MATH 10B,A02,083208,Lim; Seonhee,9,0,35,26
1656736834321,MATH 10B,A03,093472,Lim; Seonhee,4,0,34,30
1656736834321,MATH 10B,B01,083739,Sinha; Shubham,9,0,30,21
1656736840359,MATH 18,A01,083743,Cinel; Cameron Alexander,6,0,30,24
1656736840359,MATH 18,A02,083744,Cinel; Cameron Alexander,15,0,30,15
1656736840359,MATH 18,A03,083745,Cinel; Cameron Alexander,8,0,30,22
1656736840359,MATH 18,B01,083748,Rideout; David Porter,3,0,37,34
1656736840359,MATH 18,B02,083749,Rideout; David Porter,3,0,36,33
1656736840359,MATH 18,B03,083750,Rideout; David Porter,1,0,37,36
1656736840359,MATH 18,B04,083751,Rideout; David Porter,4,0,36,32
1656736840359,MATH 18,B05,093473,Rideout; David Porter,4,0,36,32
1656736840359,MATH 18,B06,093474,Rideout; David Porter,4,0,36,32
1656736846383,MATH 20A,A01,083754,Zheng; Zequn,12,0,40,28
1656736852409,MATH 20B,A01,083756,Briones; Jor-el Thomas Caparas,1,0,36,35
1656736852409,MATH 20B,A02,083757,Briones; Jor-el Thomas Caparas,1,0,36,35
1656736852409,MATH 20B,A03,093475,Briones; Jor-el Thomas Caparas,0,0,36,36
1656736858433,MATH 20C,A01,083760,Briones; Jor-el Thomas Caparas,1,0,35,34
1656736858433,MATH 20C,A02,083761,Briones; Jor-el Thomas Caparas,8,0,35,27
1656736858433,MATH 20C,A03,093476,Briones; Jor-el Thomas Caparas,0,1,36,36
1656736858433,MATH 20C,B01,083762,Bach; Quang Tran,0,0,30,30
1656736864457,MATH 20D,A01,083765,Tran; Brian Kha,4,0,30,26
1656736864457,MATH 20D,A02,083766,Tran; Brian Kha,4,0,30,26
1656736864457,MATH 20D,A03,083767,Tran; Brian Kha,1,0,30,29
1656736870481,MATH 20E,A01,083771,Ganguly; Soumya,4,0,32,28
1656736870481,MATH 20E,A02,083772,Ganguly; Soumya,5,0,32,27
1656736870481,MATH 20E,B01,083773,Ciotti; Benjamin,18,0,35,17
1656736870481,MATH 20E,B02,083774,Ciotti; Benjamin,17,0,35,18
1656736876506,MATH 103A,A01,083777,Greenfeld; Be'Eri,2,0,36,34
1656736876506,MATH 103A,A02,083778,Greenfeld; Be'Eri,5,0,36,31
1656736876506,MATH 103A,A03,093561,Greenfeld; Be'Eri,4,0,36,32
1656736876506,MATH 103A,B01,083779,Greenfeld; Be'Eri,6,0,36,30
1656736876506,MATH 103A,B02,083780,Greenfeld; Be'Eri,2,0,36,34
1656736876506,MATH 103A,B03,093562,Greenfeld; Be'Eri,2,0,36,34
1656736882529,MATH 105,A01,085443,Carter; Anne Toulson,13,0,35,22
1656736882529,MATH 105,A02,093477,Carter; Anne Toulson,20,0,35,15
1656736888555,MATH 109,A01,083213,Ganzberger; Geoffrey Michael,2,0,34,32
1656736888555,MATH 109,A02,083214,Ganzberger; Geoffrey Michael,2,0,34,32
1656736888555,MATH 109,A03,093478,Ganzberger; Geoffrey Michael,1,0,34,33
1656736888555,MATH 109,B01,083215,Ganzberger; Geoffrey Michael,1,0,32,31
1656736888555,MATH 109,B02,083216,Ganzberger; Geoffrey Michael,1,0,32,31
1656736888555,MATH 109,B03,093479,Ganzberger; Geoffrey Michael,7,0,32,25
1656736894585,MATH 142A,A01,083219,Chow; Bennett,5,0,32,27
1656736894585,MATH 142A,A02,083220,Chow; Bennett,9,0,32,23
1656736894585,MATH 142A,A03,093480,Chow; Bennett,7,0,32,25
1656736894585,MATH 142A,B03,093481,Chow; Bennett,7,0,32,25
1656736894585,MATH 142A,B04,093558,Chow; Bennett,10,0,32,22
1656736894585,MATH 142A,B05,093559,Chow; Bennett,5,0,32,27
1656736900616,MATH 193A,A01,083224,Rotar; Vladimir,6,0,34,28
1656736900616,MATH 193A,A02,083225,Rotar; Vladimir,3,0,34,31
1656736900616,MATH 193A,A03,083781,Rotar; Vladimir,1,0,34,33
1656736900616,MATH 193A,A04,083782,Rotar; Vladimir,5,0,34,29
1656736900616,MATH 193A,A05,093482,Rotar; Vladimir,6,0,34,28
1656736906640,MATH 197,001,091859,McAuley; Julian John,9999,0,9999,0
1656736906640,MATH 197,002,095566,Kedlaya; Kiran S.,9997,0,9999,2
1656736906640,MATH 197,003,095567,Xiao; Ming,9999,0,9999,0
1656736906640,MATH 197,004,095571,Perols; Johan Lars,9998,0,9999,1
1656736913702,COGS 9,A01,083615,Shannon; Kyle Michael,6,0,75,69
1656736919725,COGS 11,A01,083617,Boyle; Mary E. T.,17,0,48,31
1656736925747,COGS 13,A01,083071,Bastos; Amalia Pinkusfeld,6,0,71,65
1656736931776,COGS 14A,A01,092681,Semenuks; Arturs,0,1,100,101
1656736937799,COGS 14B,A01,083073,Cheng; Tzu-Han,5,0,63,58
1656736943825,COGS 17,A01,092677,Semenuks; Arturs,4,0,81,77
1656736949856,COGS 100,A01,083619,Allen; Michael Gordon,14,0,70,56
1656736955879,COGS 101A,A01,083621,Davis; Joshua Daniel,9,0,68,59
1656736961904,COGS 101B,A01,091572,Allen; Michael Gordon,8,0,65,57
1656736967930,COGS 101C,A01,083625,Delgado; Tania,17,0,35,18
1656736973953,COGS 107A,A01,083627,Boyle; Mary E. T.,13,0,60,47
1656736979976,COGS 118A,A01,083075,Gupta; Anjum,13,0,76,63
1656736986004,CSE 3,A50,083646,Miranda; Gregory Joseph,22,0,50,28
1656736992036,CSE 8A,A50,083650,Miranda; Gregory Joseph,17,1,56,39
1656736998061,CSE 11,A01,083080,Cao; Yingjun,3,16,40,37
1656737004082,CSE 12,A01,083652,Krause-Levy; Sophia Louisa,19,1,120,101
1656737010109,CSE 15L,A01,083654,Morris; Justin Loren,8,0,50,42
1656737010109,CSE 15L,A02,083655,Morris; Justin Loren,8,0,50,42
1656737016132,CSE 20,A01,083657,Tran; Khoa Dang,37,0,80,43
1656737022158,CSE 21,A01,095574,Bach; Quang Tran,21,0,48,27
1656737028180,CSE 30,A01,083084,Eldon; John,4,0,80,76
1656737028180,CSE 30,B01,095061,Bhaskar; Nishant,5,0,50,45
1656737034205,CSE 100,A01,083659,Cao; Yingjun,1,5,70,69
1656737040228,CSE 134B,A01,083661,Powell; Thomas Allan,18,0,100,82
1656737046255,CSE 140,A01,083663,Gungor; Onat,14,0,85,71
1656737052284,CSE 140L,A01,083088,Eldon; John,16,0,100,84
1656737058308,CSE 175,A01,083665,Kumar; Rakesh,3,0,25,22
1656737064332,CSE 190,A00,092507,Dubnov; Shlomo,6,0,20,14
1656737070430,ECE 45,A01,083139,Congero; Spencer William,5,0,75,70
1656737076453,ECE 65,A50,083695,Saad; Andrew S,12,0,30,18
1656737076453,ECE 65,A51,095125,Saad; Andrew S,25,0,26,1
1656737082476,ECE 109,A01,091882,Touri; Behrouz,14,0,70,56
1656737088499,ECE 180,A00,083140,Abi Samra; Nicholas Camill,1,0,30,29
1656737088499,ECE 180,B00,083141,Abi Samra; Nicholas Camill,0,0,30,30
1656737094527,MATH 10A,A01,083735,Patchell; Gregory David,1,0,30,29
1656737094527,MATH 10A,A02,083736,Patchell; Gregory David,20,0,30,10
1656737094527,MATH 10A,A03,083737,Patchell; Gregory David,15,0,30,15
1656737100550,MATH 10B,A01,083207,Lim; Seonhee,7,0,34,27
1656737100550,MATH 10B,A02,083208,Lim; Seonhee,9,0,35,26
1656737100550,MATH 10B,A03,093472,Lim; Seonhee,4,0,34,30
1656737100550,MATH 10B,B01,083739,Sinha; Shubham,9,0,30,21
1656737106572,MATH 18,A01,083743,Cinel; Cameron Alexander,6,0,30,24
1656737106572,MATH 18,A02,083744,Cinel; Cameron Alexander,15,0,30,15
1656737106572,MATH 18,A03,083745,Cinel; Cameron Alexander,8,0,30,22
1656737106572,MATH 18,B01,083748,Rideout; David Porter,3,0,37,34
1656737106572,MATH 18,B02,083749,Rideout; David Porter,3,0,36,33
1656737106572,MATH 18,B03,083750,Rideout; David Porter,1,0,37,36
1656737106572,MATH 18,B04,083751,Rideout; David Porter,4,0,36,32
1656737106572,MATH 18,B05,093473,Rideout; David Porter,4,0,36,32
1656737106572,MATH 18,B06,093474,Rideout; David Porter,4,0,36,32
1656737112595,MATH 20A,A01,083754,Zheng; Zequn,12,0,40,28
1656737118623,MATH 20B,A01,083756,Briones; Jor-el Thomas Caparas,1,0,36,35
1656737118623,MATH 20B,A02,083757,Briones; Jor-el Thomas Caparas,1,0,36,35
1656737118623,MATH 20B,A03,093475,Briones; Jor-el Thomas Caparas,0,0,36,36
1656737124647,MATH 20C,A01,083760,Briones; Jor-el Thomas Caparas,1,0,35,34
1656737124647,MATH 20C,A02,083761,Briones; Jor-el Thomas Caparas,8,0,35,27
1656737124647,MATH 20C,A03,093476,Briones; Jor-el Thomas Caparas,0,1,36,36
1656737124647,MATH 20C,B01,083762,Bach; Quang Tran,0,0,30,30
1656737130670,MATH 20D,A01,083765,Tran; Brian Kha,4,0,30,26
1656737130670,MATH 20D,A02,083766,Tran; Brian Kha,4,0,30,26
1656737130670,MATH 20D,A03,083767,Tran; Brian Kha,1,0,30,29
1656737136696,MATH 20E,A01,083771,Ganguly; Soumya,4,0,32,28
1656737136696,MATH 20E,A02,083772,Ganguly; Soumya,5,0,32,27
1656737136696,MATH 20E,B01,083773,Ciotti; Benjamin,18,0,35,17
1656737136696,MATH 20E,B02,083774,Ciotti; Benjamin,17,0,35,18
1656737142721,MATH 103A,A01,083777,Greenfeld; Be'Eri,2,0,36,34
1656737142721,MATH 103A,A02,083778,Greenfeld; Be'Eri,5,0,36,31
1656737142721,MATH 103A,A03,093561,Greenfeld; Be'Eri,4,0,36,32
1656737142721,MATH 103A,B01,083779,Greenfeld; Be'Eri,6,0,36,30
1656737142721,MATH 103A,B02,083780,Greenfeld; Be'Eri,2,0,36,34
1656737142721,MATH 103A,B03,093562,Greenfeld; Be'Eri,2,0,36,34
1656737148746,MATH 105,A01,085443,Carter; Anne Toulson,13,0,35,22
1656737148746,MATH 105,A02,093477,Carter; Anne Toulson,20,0,35,15
1656737154770,MATH 109,A01,083213,Ganzberger; Geoffrey Michael,2,0,34,32
1656737154770,MATH 109,A02,083214,Ganzberger; Geoffrey Michael,2,0,34,32
1656737154770,MATH 109,A03,093478,Ganzberger; Geoffrey Michael,1,0,34,33
1656737154770,MATH 109,B01,083215,Ganzberger; Geoffrey Michael,1,0,32,31
1656737154770,MATH 109,B02,083216,Ganzberger; Geoffrey Michael,1,0,32,31
1656737154770,MATH 109,B03,093479,Ganzberger; Geoffrey Michael,7,0,32,25
1656737160800,MATH 142A,A01,083219,Chow; Bennett,5,0,32,27
1656737160800,MATH 142A,A02,083220,Chow; Bennett,9,0,32,23
1656737160800,MATH 142A,A03,093480,Chow; Bennett,7,0,32,25
1656737160800,MATH 142A,B03,093481,Chow; Bennett,7,0,32,25
1656737160800,MATH 142A,B04,093558,Chow; Bennett,10,0,32,22
1656737160800,MATH 142A,B05,093559,Chow; Bennett,5,0,32,27
1656737166825,MATH 193A,A01,083224,Rotar; Vladimir,6,0,34,28
1656737166825,MATH 193A,A02,083225,Rotar; Vladimir,3,0,34,31
1656737166825,MATH 193A,A03,083781,Rotar; Vladimir,1,0,34,33
1656737166825,MATH 193A,A04,083782,Rotar; Vladimir,5,0,34,29
1656737166825,MATH 193A,A05,093482,Rotar; Vladimir,6,0,34,28
1656737172852,MATH 197,001,091859,McAuley; Julian John,9999,0,9999,0
1656737172852,MATH 197,002,095566,Kedlaya; Kiran S.,9997,0,9999,2
1656737172852,MATH 197,003,095567,Xiao; Ming,9999,0,9999,0
1656737172852,MATH 197,004,095571,Perols; Johan Lars,9998,0,9999,1
1656737179906,COGS 9,A01,083615,Shannon; Kyle Michael,6,0,75,69
1656737185930,COGS 11,A01,083617,Boyle; Mary E. T.,17,0,48,31
1656737191952,COGS 13,A01,083071,Bastos; Amalia Pinkusfeld,6,0,71,65
1656737197980,COGS 14A,A01,092681,Semenuks; Arturs,0,1,100,101
1656737204002,COGS 14B,A01,083073,Cheng; Tzu-Han,5,0,63,58
1656737210026,COGS 17,A01,092677,Semenuks; Arturs,4,0,81,77
1656737216049,COGS 100,A01,083619,Allen; Michael Gordon,14,0,70,56
1656737222072,COGS 101A,A01,083621,Davis; Joshua Daniel,9,0,68,59
1656737228095,COGS 101B,A01,091572,Allen; Michael Gordon,8,0,65,57
1656737234120,COGS 101C,A01,083625,Delgado; Tania,17,0,35,18
1656737240146,COGS 107A,A01,083627,Boyle; Mary E. T.,13,0,60,47
1656737246171,COGS 118A,A01,083075,Gupta; Anjum,13,0,76,63
1656737252199,CSE 3,A50,083646,Miranda; Gregory Joseph,22,0,50,28
1656737258223,CSE 8A,A50,083650,Miranda; Gregory Joseph,17,1,56,39
1656737264247,CSE 11,A01,083080,Cao; Yingjun,3,16,40,37
1656737270273,CSE 12,A01,083652,Krause-Levy; Sophia Louisa,20,1,120,100
1656737276298,CSE 15L,A01,083654,Morris; Justin Loren,8,0,50,42
1656737276298,CSE 15L,A02,083655,Morris; Justin Loren,8,0,50,42
1656737282322,CSE 20,A01,083657,Tran; Khoa Dang,37,0,80,43
1656737288348,CSE 21,A01,095574,Bach; Quang Tran,21,0,48,27
1656737294372,CSE 30,A01,083084,Eldon; John,4,0,80,76
1656737294372,CSE 30,B01,095061,Bhaskar; Nishant,5,0,50,45
1656737300399,CSE 100,A01,083659,Cao; Yingjun,1,5,70,69
1656737306421,CSE 134B,A01,083661,Powell; Thomas Allan,18,0,100,82
1656737312451,CSE 140,A01,083663,Gungor; Onat,14,0,85,71
1656737318473,CSE 140L,A01,083088,Eldon; John,16,0,100,84
1656737324500,CSE 175,A01,083665,Kumar; Rakesh,3,0,25,22
1656737330524,CSE 190,A00,092507,Dubnov; Shlomo,6,0,20,14
1656737336547,ECE 45,A01,083139,Congero; Spencer William,5,0,75,70
1656737342569,ECE 65,A50,083695,Saad; Andrew S,12,0,30,18
1656737342569,ECE 65,A51,095125,Saad; Andrew S,25,0,26,1
1656737348594,ECE 109,A01,091882,Touri; Behrouz,14,0,70,56
1656737354621,ECE 180,A00,083140,Abi Samra; Nicholas Camill,1,0,30,29
1656737354621,ECE 180,B00,083141,Abi Samra; Nicholas Camill,0,0,30,30
1656737360644,MATH 10A,A01,083735,Patchell; Gregory David,1,0,30,29
1656737360644,MATH 10A,A02,083736,Patchell; Gregory David,20,0,30,10
1656737360644,MATH 10A,A03,083737,Patchell; Gregory David,15,0,30,15
1656737366675,MATH 10B,A01,083207,Lim; Seonhee,7,0,34,27
1656737366675,MATH 10B,A02,083208,Lim; Seonhee,9,0,35,26
1656737366675,MATH 10B,A03,093472,Lim; Seonhee,4,0,34,30
1656737366675,MATH 10B,B01,083739,Sinha; Shubham,9,0,30,21
1656737372707,MATH 18,A01,083743,Cinel; Cameron Alexander,6,0,30,24
1656737372707,MATH 18,A02,083744,Cinel; Cameron Alexander,15,0,30,15
1656737372707,MATH 18,A03,083745,Cinel; Cameron Alexander,8,0,30,22
1656737372707,MATH 18,B01,083748,Rideout; David Porter,3,0,37,34
1656737372707,MATH 18,B02,083749,Rideout; David Porter,3,0,36,33
1656737372707,MATH 18,B03,083750,Rideout; David Porter,1,0,37,36
1656737372707,MATH 18,B04,083751,Rideout; David Porter,4,0,36,32
1656737372707,MATH 18,B05,093473,Rideout; David Porter,4,0,36,32
1656737372707,MATH 18,B06,093474,Rideout; David Porter,4,0,36,32
1656737378729,MATH 20A,A01,083754,Zheng; Zequn,12,0,40,28
1656737384754,MATH 20B,A01,083756,Briones; Jor-el Thomas Caparas,1,0,36,35
1656737384754,MATH 20B,A02,083757,Briones; Jor-el Thomas Caparas,1,0,36,35
1656737384754,MATH 20B,A03,093475,Briones; Jor-el Thomas Caparas,0,0,36,36
1656737390777,MATH 20C,A01,083760,Briones; Jor-el Thomas Caparas,1,0,35,34
1656737390777,MATH 20C,A02,083761,Briones; Jor-el Thomas Caparas,8,0,35,27
1656737390777,MATH 20C,A03,093476,Briones; Jor-el Thomas Caparas,0,1,36,36
1656737390777,MATH 20C,B01,083762,Bach; Quang Tran,0,0,30,30
1656737396815,MATH 20D,A01,083765,Tran; Brian Kha,4,0,30,26
1656737396815,MATH 20D,A02,083766,Tran; Brian Kha,4,0,30,26
1656737396815,MATH 20D,A03,083767,Tran; Brian Kha,1,0,30,29
1656737402839,MATH 20E,A01,083771,Ganguly; Soumya,4,0,32,28
1656737402839,MATH 20E,A02,083772,Ganguly; Soumya,5,0,32,27
1656737402839,MATH 20E,B01,083773,Ciotti; Benjamin,18,0,35,17
1656737402839,MATH 20E,B02,083774,Ciotti; Benjamin,17,0,35,18
1656737408868,MATH 103A,A01,083777,Greenfeld; Be'Eri,2,0,36,34
1656737408868,MATH 103A,A02,083778,Greenfeld; Be'Eri,5,0,36,31
1656737408868,MATH 103A,A03,093561,Greenfeld; Be'Eri,4,0,36,32
1656737408868,MATH 103A,B01,083779,Greenfeld; Be'Eri,6,0,36,30
1656737408868,MATH 103A,B02,083780,Greenfeld; Be'Eri,2,0,36,34
1656737408868,MATH 103A,B03,093562,Greenfeld; Be'Eri,2,0,36,34
1656737414895,MATH 105,A01,085443,Carter; Anne Toulson,13,0,35,22
1656737414895,MATH 105,A02,093477,Carter; Anne Toulson,20,0,35,15
1656737420920,MATH 109,A01,083213,Ganzberger; Geoffrey Michael,2,0,34,32
1656737420920,MATH 109,A02,083214,Ganzberger; Geoffrey Michael,2,0,34,32
1656737420920,MATH 109,A03,093478,Ganzberger; Geoffrey Michael,1,0,34,33
1656737420920,MATH 109,B01,083215,Ganzberger; Geoffrey Michael,1,0,32,31
1656737420920,MATH 109,B02,083216,Ganzberger; Geoffrey Michael,1,0,32,31
1656737420920,MATH 109,B03,093479,Ganzberger; Geoffrey Michael,7,0,32,25
1656737426942,MATH 142A,A01,083219,Chow; Bennett,5,0,32,27
1656737426942,MATH 142A,A02,083220,Chow; Bennett,9,0,32,23
1656737426942,MATH 142A,A03,093480,Chow; Bennett,7,0,32,25
1656737426942,MATH 142A,B03,093481,Chow; Bennett,7,0,32,25
1656737426942,MATH 142A,B04,093558,Chow; Bennett,10,0,32,22
1656737426942,MATH 142A,B05,093559,Chow; Bennett,5,0,32,27
1656737432965,MATH 193A,A01,083224,Rotar; Vladimir,6,0,34,28
1656737432965,MATH 193A,A02,083225,Rotar; Vladimir,3,0,34,31
1656737432965,MATH 193A,A03,083781,Rotar; Vladimir,1,0,34,33
1656737432965,MATH 193A,A04,083782,Rotar; Vladimir,5,0,34,29
1656737432965,MATH 193A,A05,093482,Rotar; Vladimir,6,0,34,28
1656737438991,MATH 197,001,091859,McAuley; Julian John,9999,0,9999,0
1656737438991,MATH 197,002,095566,Kedlaya; Kiran S.,9997,0,9999,2
1656737438991,MATH 197,003,095567,Xiao; Ming,9999,0,9999,0
1656737438991,MATH 197,004,095571,Perols; Johan Lars,9998,0,9999,1
1656737446061,COGS 9,A01,083615,Shannon; Kyle Michael,6,0,75,69
1656737452085,COGS 11,A01,083617,Boyle; Mary E. T.,17,0,48,31
1656737458111,COGS 13,A01,083071,Bastos; Amalia Pinkusfeld,6,0,71,65
1656737464133,COGS 14A,A01,092681,Semenuks; Arturs,0,1,100,101
1656737470162,COGS 14B,A01,083073,Cheng; Tzu-Han,5,0,63,58
1656737476186,COGS 17,A01,092677,Semenuks; Arturs,4,0,81,77
1656737482214,COGS 100,A01,083619,Allen; Michael Gordon,14,0,70,56
1656737488238,COGS 101A,A01,083621,Davis; Joshua Daniel,9,0,68,59
1656737494273,COGS 101B,A01,091572,Allen; Michael Gordon,8,0,65,57
1656737500301,COGS 101C,A01,083625,Delgado; Tania,17,0,35,18
1656737506324,COGS 107A,A01,083627,Boyle; Mary E. T.,13,0,60,47
1656737512351,COGS 118A,A01,083075,Gupta; Anjum,13,0,76,63
1656737518377,CSE 3,A50,083646,Miranda; Gregory Joseph,22,0,50,28
1656737524400,CSE 8A,A50,083650,Miranda; Gregory Joseph,17,1,56,39
1656737530423,CSE 11,A01,083080,Cao; Yingjun,3,16,40,37
1656737536450,CSE 12,A01,083652,Krause-Levy; Sophia Louisa,20,1,120,100
1656737542475,CSE 15L,A01,083654,Morris; Justin Loren,8,0,50,42
1656737542475,CSE 15L,A02,083655,Morris; Justin Loren,8,0,50,42
1656737548503,CSE 20,A01,083657,Tran; Khoa Dang,37,0,80,43
1656737554526,CSE 21,A01,095574,Bach; Quang Tran,21,0,48,27
1656737560549,CSE 30,A01,083084,Eldon; John,4,0,80,76
1656737560549,CSE 30,B01,095061,Bhaskar; Nishant,5,0,50,45
1656737566573,CSE 100,A01,083659,Cao; Yingjun,1,5,70,69
1656737572595,CSE 134B,A01,083661,Powell; Thomas Allan,18,0,100,82
1656737578621,CSE 140,A01,083663,Gungor; Onat,14,0,85,71
1656737584644,CSE 140L,A01,083088,Eldon; John,16,0,100,84
1656737590665,CSE 175,A01,083665,Kumar; Rakesh,3,0,25,22
1656737596687,CSE 190,A00,092507,Dubnov; Shlomo,6,0,20,14
1656737602713,ECE 45,A01,083139,Congero; Spencer William,5,0,75,70
1656737608736,ECE 65,A50,083695,Saad; Andrew S,12,0,30,18
1656737608736,ECE 65,A51,095125,Saad; Andrew S,25,0,26,1
1656737614759,ECE 109,A01,091882,Touri; Behrouz,14,0,70,56
1656737620784,ECE 180,A00,083140,Abi Samra; Nicholas Camill,1,0,30,29
1656737620784,ECE 180,B00,083141,Abi Samra; Nicholas Camill,0,0,30,30
1656737626809,MATH 10A,A01,083735,Patchell; Gregory David,1,0,30,29
1656737626809,MATH 10A,A02,083736,Patchell; Gregory David,20,0,30,10
1656737626809,MATH 10A,A03,083737,Patchell; Gregory David,15,0,30,15
1656737632855,MATH 10B,A01,083207,Lim; Seonhee,7,0,34,27
1656737632855,MATH 10B,A02,083208,Lim; Seonhee,9,0,35,26
1656737632855,MATH 10B,A03,093472,Lim; Seonhee,4,0,34,30
1656737632855,MATH 10B,B01,083739,Sinha; Shubham,9,0,30,21
1656737638878,MATH 18,A01,083743,Cinel; Cameron Alexander,6,0,30,24
1656737638878,MATH 18,A02,083744,Cinel; Cameron Alexander,15,0,30,15
1656737638878,MATH 18,A03,083745,Cinel; Cameron Alexander,8,0,30,22
1656737638878,MATH 18,B01,083748,Rideout; David Porter,3,0,37,34
1656737638878,MATH 18,B02,083749,Rideout; David Porter,3,0,36,33
1656737638878,MATH 18,B03,083750,Rideout; David Porter,1,0,37,36
1656737638878,MATH 18,B04,083751,Rideout; David Porter,4,0,36,32
1656737638878,MATH 18,B05,093473,Rideout; David Porter,4,0,36,32
1656737638878,MATH 18,B06,093474,Rideout; David Porter,4,0,36,32
1656737644901,MATH 20A,A01,083754,Zheng; Zequn,12,0,40,28
1656737650927,MATH 20B,A01,083756,Briones; Jor-el Thomas Caparas,1,0,36,35
1656737650927,MATH 20B,A02,083757,Briones; Jor-el Thomas Caparas,1,0,36,35
1656737650927,MATH 20B,A03,093475,Briones; Jor-el Thomas Caparas,0,0,36,36
1656737656956,MATH 20C,A01,083760,Briones; Jor-el Thomas Caparas,1,0,35,34
1656737656956,MATH 20C,A02,083761,Briones; Jor-el Thomas Caparas,8,0,35,27
1656737656956,MATH 20C,A03,093476,Briones; Jor-el Thomas Caparas,0,1,36,36
1656737656956,MATH 20C,B01,083762,Bach; Quang Tran,0,0,30,30
1656737662981,MATH 20D,A01,083765,Tran; Brian Kha,4,0,30,26
1656737662981,MATH 20D,A02,083766,Tran; Brian Kha,4,0,30,26
1656737662981,MATH 20D,A03,083767,Tran; Brian Kha,1,0,30,29
1656737669080,MATH 20E,A01,083771,Ganguly; Soumya,4,0,32,28
1656737669080,MATH 20E,A02,083772,Ganguly; Soumya,5,0,32,27
1656737669080,MATH 20E,B01,083773,Ciotti; Benjamin,18,0,35,17
1656737669080,MATH 20E,B02,083774,Ciotti; Benjamin,17,0,35,18
1656737675108,MATH 103A,A01,083777,Greenfeld; Be'Eri,2,0,36,34
1656737675108,MATH 103A,A02,083778,Greenfeld; Be'Eri,5,0,36,31
1656737675108,MATH 103A,A03,093561,Greenfeld; Be'Eri,4,0,36,32
1656737675108,MATH 103A,B01,083779,Greenfeld; Be'Eri,6,0,36,30
1656737675108,MATH 103A,B02,083780,Greenfeld; Be'Eri,2,0,36,34
1656737675108,MATH 103A,B03,093562,Greenfeld; Be'Eri,2,0,36,34
1656737681134,MATH 105,A01,085443,Carter; Anne Toulson,13,0,35,22
1656737681134,MATH 105,A02,093477,Carter; Anne Toulson,20,0,35,15
1656737687162,MATH 109,A01,083213,Ganzberger; Geoffrey Michael,2,0,34,32
1656737687162,MATH 109,A02,083214,Ganzberger; Geoffrey Michael,2,0,34,32
1656737687162,MATH 109,A03,093478,Ganzberger; Geoffrey Michael,1,0,34,33
1656737687162,MATH 109,B01,083215,Ganzberger; Geoffrey Michael,1,0,32,31
1656737687162,MATH 109,B02,083216,Ganzberger; Geoffrey Michael,1,0,32,31
1656737687162,MATH 109,B03,093479,Ganzberger; Geoffrey Michael,7,0,32,25
1656737693185,MATH 142A,A01,083219,Chow; Bennett,5,0,32,27
1656737693185,MATH 142A,A02,083220,Chow; Bennett,9,0,32,23
1656737693185,MATH 142A,A03,093480,Chow; Bennett,7,0,32,25
1656737693185,MATH 142A,B03,093481,Chow; Bennett,7,0,32,25
1656737693185,MATH 142A,B04,093558,Chow; Bennett,10,0,32,22
1656737693185,MATH 142A,B05,093559,Chow; Bennett,5,0,32,27
1656737699210,MATH 193A,A01,083224,Rotar; Vladimir,6,0,34,28
1656737699210,MATH 193A,A02,083225,Rotar; Vladimir,3,0,34,31
1656737699210,MATH 193A,A03,083781,Rotar; Vladimir,1,0,34,33
1656737699210,MATH 193A,A04,083782,Rotar; Vladimir,5,0,34,29
1656737699210,MATH 193A,A05,093482,Rotar; Vladimir,6,0,34,28
1656737705239,MATH 197,001,091859,McAuley; Julian John,9999,0,9999,0
1656737705239,MATH 197,002,095566,Kedlaya; Kiran S.,9997,0,9999,2
1656737705239,MATH 197,003,095567,Xiao; Ming,9999,0,9999,0
1656737705239,MATH 197,004,095571,Perols; Johan Lars,9998,0,9999,1
1656737712294,COGS 9,A01,083615,Shannon; Kyle Michael,6,0,75,69
1656737718318,COGS 11,A01,083617,Boyle; Mary E. T.,17,0,48,31
1656737724344,COGS 13,A01,083071,Bastos; Amalia Pinkusfeld,6,0,71,65
1656737730370,COGS 14A,A01,092681,Semenuks; Arturs,0,1,100,101
1656737736395,COGS 14B,A01,083073,Cheng; Tzu-Han,5,0,63,58
1656737742421,COGS 17,A01,092677,Semenuks; Arturs,4,0,81,77
1656737748445,COGS 100,A01,083619,Allen; Michael Gordon,14,0,70,56
1656737754469,COGS 101A,A01,083621,Davis; Joshua Daniel,9,0,68,59
1656737760502,COGS 101B,A01,091572,Allen; Michael Gordon,8,0,65,57
1656737766534,COGS 101C,A01,083625,Delgado; Tania,17,0,35,18
1656737772557,COGS 107A,A01,083627,Boyle; Mary E. T.,13,0,60,47
1656737778584,COGS 118A,A01,083075,Gupta; Anjum,13,0,76,63
1656737784611,CSE 3,A50,083646,Miranda; Gregory Joseph,22,0,50,28
1656737790638,CSE 8A,A50,083650,Miranda; Gregory Joseph,17,1,56,39
1656737796661,CSE 11,A01,083080,Cao; Yingjun,4,15,40,36
1656737802684,CSE 12,A01,083652,Krause-Levy; Sophia Louisa,20,1,120,100
1656737808708,CSE 15L,A01,083654,Morris; Justin Loren,8,0,50,42
1656737808708,CSE 15L,A02,083655,Morris; Justin Loren,8,0,50,42
1656737814739,CSE 20,A01,083657,Tran; Khoa Dang,37,0,80,43
1656737820765,CSE 21,A01,095574,Bach; Quang Tran,21,0,48,27
1656737826787,CSE 30,A01,083084,Eldon; John,4,0,80,76
1656737826787,CSE 30,B01,095061,Bhaskar; Nishant,5,0,50,45
1656737832811,CSE 100,A01,083659,Cao; Yingjun,1,5,70,69
1656737838833,CSE 134B,A01,083661,Powell; Thomas Allan,18,0,100,82
1656737844856,CSE 140,A01,083663,Gungor; Onat,14,0,85,71
1656737850883,CSE 140L,A01,083088,Eldon; John,16,0,100,84
1656737856913,CSE 175,A01,083665,Kumar; Rakesh,3,0,25,22
1656737862939,CSE 190,A00,092507,Dubnov; Shlomo,6,0,20,14
1656737868966,ECE 45,A01,083139,Congero; Spencer William,5,0,75,70
1656737874989,ECE 65,A50,083695,Saad; Andrew S,12,0,30,18
1656737874989,ECE 65,A51,095125,Saad; Andrew S,25,0,26,1
1656737881012,ECE 109,A01,091882,Touri; Behrouz,14,0,70,56
1656737887040,ECE 180,A00,083140,Abi Samra; Nicholas Camill,1,0,30,29
1656737887040,ECE 180,B00,083141,Abi Samra; Nicholas Camill,0,0,30,30
1656737893065,MATH 10A,A01,083735,Patchell; Gregory David,1,0,30,29
1656737893065,MATH 10A,A02,083736,Patchell; Gregory David,20,0,30,10
1656737893065,MATH 10A,A03,083737,Patchell; Gregory David,15,0,30,15
1656737899090,MATH 10B,A01,083207,Lim; Seonhee,7,0,34,27
1656737899090,MATH 10B,A02,083208,Lim; Seonhee,9,0,35,26
1656737899090,MATH 10B,A03,093472,Lim; Seonhee,4,0,34,30
1656737899090,MATH 10B,B01,083739,Sinha; Shubham,9,0,30,21
1656737905124,MATH 18,A01,083743,Cinel; Cameron Alexander,6,0,30,24
1656737905124,MATH 18,A02,083744,Cinel; Cameron Alexander,15,0,30,15
1656737905124,MATH 18,A03,083745,Cinel; Cameron Alexander,8,0,30,22
1656737905124,MATH 18,B01,083748,Rideout; David Porter,3,0,37,34
1656737905124,MATH 18,B02,083749,Rideout; David Porter,3,0,36,33
1656737905124,MATH 18,B03,083750,Rideout; David Porter,1,0,37,36
1656737905124,MATH 18,B04,083751,Rideout; David Porter,4,0,36,32
1656737905124,MATH 18,B05,093473,Rideout; David Porter,4,0,36,32
1656737905124,MATH 18,B06,093474,Rideout; David Porter,4,0,36,32
1656737911152,MATH 20A,A01,083754,Zheng; Zequn,12,0,40,28
1656737917176,MATH 20B,A01,083756,Briones; Jor-el Thomas Caparas,1,0,36,35
1656737917176,MATH 20B,A02,083757,Briones; Jor-el Thomas Caparas,1,0,36,35
1656737917176,MATH 20B,A03,093475,Briones; Jor-el Thomas Caparas,0,0,36,36
1656737923201,MATH 20C,A01,083760,Briones; Jor-el Thomas Caparas,1,0,35,34
1656737923201,MATH 20C,A02,083761,Briones; Jor-el Thomas Caparas,8,0,35,27
1656737923201,MATH 20C,A03,093476,Briones; Jor-el Thomas Caparas,0,1,36,36
1656737923201,MATH 20C,B01,083762,Bach; Quang Tran,0,0,30,30
1656737929227,MATH 20D,A01,083765,Tran; Brian Kha,4,0,30,26
1656737929227,MATH 20D,A02,083766,Tran; Brian Kha,4,0,30,26
1656737929227,MATH 20D,A03,083767,Tran; Brian Kha,1,0,30,29
1656737935267,MATH 20E,A01,083771,Ganguly; Soumya,4,0,32,28
1656737935267,MATH 20E,A02,083772,Ganguly; Soumya,5,0,32,27
1656737935267,MATH 20E,B01,083773,Ciotti; Benjamin,18,0,35,17
1656737935267,MATH 20E,B02,083774,Ciotti; Benjamin,17,0,35,18
1656737941295,MATH 103A,A01,083777,Greenfeld; Be'Eri,2,0,36,34
1656737941295,MATH 103A,A02,083778,Greenfeld; Be'Eri,5,0,36,31
1656737941295,MATH 103A,A03,093561,Greenfeld; Be'Eri,4,0,36,32
1656737941295,MATH 103A,B01,083779,Greenfeld; Be'Eri,6,0,36,30
1656737941295,MATH 103A,B02,083780,Greenfeld; Be'Eri,2,0,36,34
1656737941295,MATH 103A,B03,093562,Greenfeld; Be'Eri,2,0,36,34
1656737947322,MATH 105,A01,085443,Carter; Anne Toulson,13,0,35,22
1656737947322,MATH 105,A02,093477,Carter; Anne Toulson,20,0,35,15
1656737953350,MATH 109,A01,083213,Ganzberger; Geoffrey Michael,2,0,34,32
1656737953350,MATH 109,A02,083214,Ganzberger; Geoffrey Michael,2,0,34,32
1656737953350,MATH 109,A03,093478,Ganzberger; Geoffrey Michael,1,0,34,33
1656737953350,MATH 109,B01,083215,Ganzberger; Geoffrey Michael,1,0,32,31
1656737953350,MATH 109,B02,083216,Ganzberger; Geoffrey Michael,1,0,32,31
1656737953350,MATH 109,B03,093479,Ganzberger; Geoffrey Michael,7,0,32,25
1656737959379,MATH 142A,A01,083219,Chow; Bennett,5,0,32,27
1656737959379,MATH 142A,A02,083220,Chow; Bennett,9,0,32,23
1656737959379,MATH 142A,A03,093480,Chow; Bennett,7,0,32,25
1656737959379,MATH 142A,B03,093481,Chow; Bennett,7,0,32,25
1656737959379,MATH 142A,B04,093558,Chow; Bennett,10,0,32,22
1656737959379,MATH 142A,B05,093559,Chow; Bennett,5,0,32,27
1656737965403,MATH 193A,A01,083224,Rotar; Vladimir,6,0,34,28
1656737965403,MATH 193A,A02,083225,Rotar; Vladimir,3,0,34,31
1656737965403,MATH 193A,A03,083781,Rotar; Vladimir,1,0,34,33
1656737965403,MATH 193A,A04,083782,Rotar; Vladimir,5,0,34,29
1656737965403,MATH 193A,A05,093482,Rotar; Vladimir,6,0,34,28
1656737971426,MATH 197,001,091859,McAuley; Julian John,9999,0,9999,0
1656737971426,MATH 197,002,095566,Kedlaya; Kiran S.,9997,0,9999,2
1656737971426,MATH 197,003,095567,Xiao; Ming,9999,0,9999,0
1656737971426,MATH 197,004,095571,Perols; Johan Lars,9998,0,9999,1
1656737978487,COGS 9,A01,083615,Shannon; Kyle Michael,6,0,75,69
1656737984513,COGS 11,A01,083617,Boyle; Mary E. T.,17,0,48,31
1656737990538,COGS 13,A01,083071,Bastos; Amalia Pinkusfeld,6,0,71,65
1656737996564,COGS 14A,A01,092681,Semenuks; Arturs,0,1,100,101
1656738002587,COGS 14B,A01,083073,Cheng; Tzu-Han,5,0,63,58
1656738008610,COGS 17,A01,092677,Semenuks; Arturs,4,0,81,77
1656738014633,COGS 100,A01,083619,Allen; Michael Gordon,14,0,70,56
1656738020663,COGS 101A,A01,083621,Davis; Joshua Daniel,9,0,68,59
1656738026686,COGS 101B,A01,091572,Allen; Michael Gordon,8,0,65,57
1656738032709,COGS 101C,A01,083625,Delgado; Tania,17,0,35,18
1656738038745,COGS 107A,A01,083627,Boyle; Mary E. T.,13,0,60,47
1656738044767,COGS 118A,A01,083075,Gupta; Anjum,14,0,76,62
1656738050798,CSE 3,A50,083646,Miranda; Gregory Joseph,22,0,50,28
1656738056822,CSE 8A,A50,083650,Miranda; Gregory Joseph,17,1,56,39
1656738062844,CSE 11,A01,083080,Cao; Yingjun,4,15,40,36
1656738068867,CSE 12,A01,083652,Krause-Levy; Sophia Louisa,20,1,120,100
1656738074894,CSE 15L,A01,083654,Morris; Justin Loren,8,0,50,42
1656738074894,CSE 15L,A02,083655,Morris; Justin Loren,8,0,50,42
1656738080918,CSE 20,A01,083657,Tran; Khoa Dang,37,0,80,43
1656738086943,CSE 21,A01,095574,Bach; Quang Tran,21,0,48,27
1656738092973,CSE 30,A01,083084,Eldon; John,4,0,80,76
1656738092973,CSE 30,B01,095061,Bhaskar; Nishant,5,0,50,45
1656738098999,CSE 100,A01,083659,Cao; Yingjun,1,5,70,69
1656738105027,CSE 134B,A01,083661,Powell; Thomas Allan,18,0,100,82
1656738111051,CSE 140,A01,083663,Gungor; Onat,14,0,85,71
1656738117075,CSE 140L,A01,083088,Eldon; John,16,0,100,84
1656738123098,CSE 175,A01,083665,Kumar; Rakesh,3,0,25,22
1656738129120,CSE 190,A00,092507,Dubnov; Shlomo,6,0,20,14
1656738135150,ECE 45,A01,083139,Congero; Spencer William,5,0,75,70
1656738141173,ECE 65,A50,083695,Saad; Andrew S,12,0,30,18
1656738141173,ECE 65,A51,095125,Saad; Andrew S,25,0,26,1
1656738147199,ECE 109,A01,091882,Touri; Behrouz,14,0,70,56
1656738153220,ECE 180,A00,083140,Abi Samra; Nicholas Camill,1,0,30,29
1656738153220,ECE 180,B00,083141,Abi Samra; Nicholas Camill,0,0,30,30
1656738159249,MATH 10A,A01,083735,Patchell; Gregory David,1,0,30,29
1656738159249,MATH 10A,A02,083736,Patchell; Gregory David,20,0,30,10
1656738159249,MATH 10A,A03,083737,Patchell; Gregory David,15,0,30,15
1656738165273,MATH 10B,A01,083207,Lim; Seonhee,7,0,34,27
1656738165273,MATH 10B,A02,083208,Lim; Seonhee,9,0,35,26
1656738165273,MATH 10B,A03,093472,Lim; Seonhee,4,0,34,30
1656738165273,MATH 10B,B01,083739,Sinha; Shubham,9,0,30,21
1656738171299,MATH 18,A01,083743,Cinel; Cameron Alexander,6,0,30,24
1656738171299,MATH 18,A02,083744,Cinel; Cameron Alexander,15,0,30,15
1656738171299,MATH 18,A03,083745,Cinel; Cameron Alexander,8,0,30,22
1656738171299,MATH 18,B01,083748,Rideout; David Porter,3,0,37,34
1656738171299,MATH 18,B02,083749,Rideout; David Porter,3,0,36,33
1656738171299,MATH 18,B03,083750,Rideout; David Porter,1,0,37,36
1656738171299,MATH 18,B04,083751,Rideout; David Porter,4,0,36,32
1656738171299,MATH 18,B05,093473,Rideout; David Porter,4,0,36,32
1656738171299,MATH 18,B06,093474,Rideout; David Porter,4,0,36,32
1656738177321,MATH 20A,A01,083754,Zheng; Zequn,12,0,40,28
1656738183345,MATH 20B,A01,083756,Briones; Jor-el Thomas Caparas,1,0,36,35
1656738183345,MATH 20B,A02,083757,Briones; Jor-el Thomas Caparas,1,0,36,35
1656738183345,MATH 20B,A03,093475,Briones; Jor-el Thomas Caparas,0,0,36,36
1656738189368,MATH 20C,A01,083760,Briones; Jor-el Thomas Caparas,1,0,35,34
1656738189368,MATH 20C,A02,083761,Briones; Jor-el Thomas Caparas,8,0,35,27
1656738189368,MATH 20C,A03,093476,Briones; Jor-el Thomas Caparas,0,1,36,36
1656738189368,MATH 20C,B01,083762,Bach; Quang Tran,0,0,30,30
1656738195392,MATH 20D,A01,083765,Tran; Brian Kha,4,0,30,26
1656738195392,MATH 20D,A02,083766,Tran; Brian Kha,4,0,30,26
1656738195392,MATH 20D,A03,083767,Tran; Brian Kha,1,0,30,29
1656738201418,MATH 20E,A01,083771,Ganguly; Soumya,4,0,32,28
1656738201418,MATH 20E,A02,083772,Ganguly; Soumya,5,0,32,27
1656738201418,MATH 20E,B01,083773,Ciotti; Benjamin,18,0,35,17
1656738201418,MATH 20E,B02,083774,Ciotti; Benjamin,17,0,35,18
1656738207441,MATH 103A,A01,083777,Greenfeld; Be'Eri,2,0,36,34
1656738207441,MATH 103A,A02,083778,Greenfeld; Be'Eri,5,0,36,31
1656738207441,MATH 103A,A03,093561,Greenfeld; Be'Eri,4,0,36,32
1656738207441,MATH 103A,B01,083779,Greenfeld; Be'Eri,6,0,36,30
1656738207441,MATH 103A,B02,083780,Greenfeld; Be'Eri,2,0,36,34
1656738207441,MATH 103A,B03,093562,Greenfeld; Be'Eri,2,0,36,34
1656738213471,MATH 105,A01,085443,Carter; Anne Toulson,13,0,35,22
1656738213471,MATH 105,A02,093477,Carter; Anne Toulson,20,0,35,15
1656738219499,MATH 109,A01,083213,Ganzberger; Geoffrey Michael,2,0,34,32
1656738219499,MATH 109,A02,083214,Ganzberger; Geoffrey Michael,2,0,34,32
1656738219499,MATH 109,A03,093478,Ganzberger; Geoffrey Michael,1,0,34,33
1656738219499,MATH 109,B01,083215,Ganzberger; Geoffrey Michael,1,0,32,31
1656738219499,MATH 109,B02,083216,Ganzberger; Geoffrey Michael,1,0,32,31
1656738219499,MATH 109,B03,093479,Ganzberger; Geoffrey Michael,7,0,32,25
1656738225528,MATH 142A,A01,083219,Chow; Bennett,5,0,32,27
1656738225528,MATH 142A,A02,083220,Chow; Bennett,9,0,32,23
1656738225528,MATH 142A,A03,093480,Chow; Bennett,7,0,32,25
1656738225528,MATH 142A,B03,093481,Chow; Bennett,7,0,32,25
1656738225528,MATH 142A,B04,093558,Chow; Bennett,10,0,32,22
1656738225528,MATH 142A,B05,093559,Chow; Bennett,5,0,32,27
1656738231554,MATH 193A,A01,083224,Rotar; Vladimir,6,0,34,28
1656738231554,MATH 193A,A02,083225,Rotar; Vladimir,3,0,34,31
1656738231554,MATH 193A,A03,083781,Rotar; Vladimir,1,0,34,33
1656738231554,MATH 193A,A04,083782,Rotar; Vladimir,5,0,34,29
1656738231554,MATH 193A,A05,093482,Rotar; Vladimir,6,0,34,28
1656738237576,MATH 197,001,091859,McAuley; Julian John,9999,0,9999,0
1656738237576,MATH 197,002,095566,Kedlaya; Kiran S.,9997,0,9999,2
1656738237576,MATH 197,003,095567,Xiao; Ming,9999,0,9999,0
1656738237576,MATH 197,004,095571,Perols; Johan Lars,9998,0,9999,1
1656738244631,COGS 9,A01,083615,Shannon; Kyle Michael,6,0,75,69
1656738250658,COGS 11,A01,083617,Boyle; Mary E. T.,17,0,48,31
1656738256689,COGS 13,A01,083071,Bastos; Amalia Pinkusfeld,7,0,71,64
1656738262793,COGS 14A,A01,092681,Semenuks; Arturs,0,1,100,101
1656738268815,COGS 14B,A01,083073,Cheng; Tzu-Han,5,0,63,58
1656738274837,COGS 17,A01,092677,Semenuks; Arturs,4,0,81,77
1656738280864,COGS 100,A01,083619,Allen; Michael Gordon,14,0,70,56
1656738286888,COGS 101A,A01,083621,Davis; Joshua Daniel,9,0,68,59
1656738292911,COGS 101B,A01,091572,Allen; Michael Gordon,8,0,65,57
1656738298939,COGS 101C,A01,083625,Delgado; Tania,17,0,35,18
1656738304966,COGS 107A,A01,083627,Boyle; Mary E. T.,13,0,60,47
1656738310997,COGS 118A,A01,083075,Gupta; Anjum,14,0,76,62
1656738317028,CSE 3,A50,083646,Miranda; Gregory Joseph,22,0,50,28
1656738323052,CSE 8A,A50,083650,Miranda; Gregory Joseph,17,1,56,39
1656738329079,CSE 11,A01,083080,Cao; Yingjun,4,15,40,36
1656738335104,CSE 12,A01,083652,Krause-Levy; Sophia Louisa,20,1,120,100
1656738341128,CSE 15L,A01,083654,Morris; Justin Loren,8,0,50,42
1656738341128,CSE 15L,A02,083655,Morris; Justin Loren,8,0,50,42
1656738347156,CSE 20,A01,083657,Tran; Khoa Dang,37,0,80,43
1656738353178,CSE 21,A01,095574,Bach; Quang Tran,21,0,48,27
1656738359202,CSE 30,A01,083084,Eldon; John,4,0,80,76
1656738359202,CSE 30,B01,095061,Bhaskar; Nishant,5,0,50,45
1656738365224,CSE 100,A01,083659,Cao; Yingjun,1,5,70,69
1656738371251,CSE 134B,A01,083661,Powell; Thomas Allan,18,0,100,82
1656738377272,CSE 140,A01,083663,Gungor; Onat,14,0,85,71
1656738383298,CSE 140L,A01,083088,Eldon; John,16,0,100,84
1656738389327,CSE 175,A01,083665,Kumar; Rakesh,3,0,25,22
1656738395357,CSE 190,A00,092507,Dubnov; Shlomo,6,0,20,14
1656738401384,ECE 45,A01,083139,Congero; Spencer William,5,0,75,70
1656738407411,ECE 65,A50,083695,Saad; Andrew S,12,0,30,18
1656738407411,ECE 65,A51,095125,Saad; Andrew S,25,0,26,1
1656738413437,ECE 109,A01,091882,Touri; Behrouz,14,0,70,56
1656738419460,ECE 180,A00,083140,Abi Samra; Nicholas Camill,1,0,30,29
1656738419460,ECE 180,B00,083141,Abi Samra; Nicholas Camill,0,0,30,30
1656738425487,MATH 10A,A01,083735,Patchell; Gregory David,1,0,30,29
1656738425487,MATH 10A,A02,083736,Patchell; Gregory David,20,0,30,10
1656738425487,MATH 10A,A03,083737,Patchell; Gregory David,15,0,30,15
1656738431515,MATH 10B,A01,083207,Lim; Seonhee,7,0,34,27
1656738431515,MATH 10B,A02,083208,Lim; Seonhee,9,0,35,26
1656738431515,MATH 10B,A03,093472,Lim; Seonhee,4,0,34,30
1656738431515,MATH 10B,B01,083739,Sinha; Shubham,9,0,30,21
1656738437541,MATH 18,A01,083743,Cinel; Cameron Alexander,6,0,30,24
1656738437541,MATH 18,A02,083744,Cinel; Cameron Alexander,15,0,30,15
1656738437541,MATH 18,A03,083745,Cinel; Cameron Alexander,8,0,30,22
1656738437541,MATH 18,B01,083748,Rideout; David Porter,3,0,37,34
1656738437541,MATH 18,B02,083749,Rideout; David Porter,3,0,36,33
1656738437541,MATH 18,B03,083750,Rideout; David Porter,1,0,37,36
1656738437541,MATH 18,B04,083751,Rideout; David Porter,4,0,36,32
1656738437541,MATH 18,B05,093473,Rideout; David Porter,4,0,36,32
1656738437541,MATH 18,B06,093474,Rideout; David Porter,4,0,36,32
1656738443568,MATH 20A,A01,083754,Zheng; Zequn,12,0,40,28
1656738449596,MATH 20B,A01,083756,Briones; Jor-el Thomas Caparas,1,0,36,35
1656738449596,MATH 20B,A02,083757,Briones; Jor-el Thomas Caparas,1,0,36,35
1656738449596,MATH 20B,A03,093475,Briones; Jor-el Thomas Caparas,0,0,36,36
1656738455624,MATH 20C,A01,083760,Briones; Jor-el Thomas Caparas,1,0,35,34
1656738455624,MATH 20C,A02,083761,Briones; Jor-el Thomas Caparas,8,0,35,27
1656738455624,MATH 20C,A03,093476,Briones; Jor-el Thomas Caparas,0,1,36,36
1656738455624,MATH 20C,B01,083762,Bach; Quang Tran,0,0,30,30
1656738461653,MATH 20D,A01,083765,Tran; Brian Kha,4,0,30,26
1656738461653,MATH 20D,A02,083766,Tran; Brian Kha,4,0,30,26
1656738461653,MATH 20D,A03,083767,Tran; Brian Kha,1,0,30,29
1656738467682,MATH 20E,A01,083771,Ganguly; Soumya,4,0,32,28
1656738467682,MATH 20E,A02,083772,Ganguly; Soumya,5,0,32,27
1656738467682,MATH 20E,B01,083773,Ciotti; Benjamin,18,0,35,17
1656738467682,MATH 20E,B02,083774,Ciotti; Benjamin,17,0,35,18
1656738473706,MATH 103A,A01,083777,Greenfeld; Be'Eri,2,0,36,34
1656738473706,MATH 103A,A02,083778,Greenfeld; Be'Eri,5,0,36,31
1656738473706,MATH 103A,A03,093561,Greenfeld; Be'Eri,4,0,36,32
1656738473706,MATH 103A,B01,083779,Greenfeld; Be'Eri,6,0,36,30
1656738473706,MATH 103A,B02,083780,Greenfeld; Be'Eri,2,0,36,34
1656738473706,MATH 103A,B03,093562,Greenfeld; Be'Eri,2,0,36,34
1656738479732,MATH 105,A01,085443,Carter; Anne Toulson,13,0,35,22
1656738479732,MATH 105,A02,093477,Carter; Anne Toulson,20,0,35,15
1656738485760,MATH 109,A01,083213,Ganzberger; Geoffrey Michael,2,0,34,32
1656738485760,MATH 109,A02,083214,Ganzberger; Geoffrey Michael,2,0,34,32
1656738485760,MATH 109,A03,093478,Ganzberger; Geoffrey Michael,1,0,34,33
1656738485760,MATH 109,B01,083215,Ganzberger; Geoffrey Michael,1,0,32,31
1656738485760,MATH 109,B02,083216,Ganzberger; Geoffrey Michael,1,0,32,31
1656738485760,MATH 109,B03,093479,Ganzberger; Geoffrey Michael,7,0,32,25
1656738491787,MATH 142A,A01,083219,Chow; Bennett,5,0,32,27
1656738491787,MATH 142A,A02,083220,Chow; Bennett,9,0,32,23
1656738491787,MATH 142A,A03,093480,Chow; Bennett,7,0,32,25
1656738491787,MATH 142A,B03,093481,Chow; Bennett,7,0,32,25
1656738491787,MATH 142A,B04,093558,Chow; Bennett,10,0,32,22
1656738491787,MATH 142A,B05,093559,Chow; Bennett,5,0,32,27
1656738497814,MATH 193A,A01,083224,Rotar; Vladimir,6,0,34,28
1656738497814,MATH 193A,A02,083225,Rotar; Vladimir,3,0,34,31
1656738497814,MATH 193A,A03,083781,Rotar; Vladimir,1,0,34,33
1656738497814,MATH 193A,A04,083782,Rotar; Vladimir,6,0,34,28
1656738497814,MATH 193A,A05,093482,Rotar; Vladimir,6,0,34,28
1656738503836,MATH 197,001,091859,McAuley; Julian John,9999,0,9999,0
1656738503836,MATH 197,002,095566,Kedlaya; Kiran S.,9997,0,9999,2
1656738503836,MATH 197,003,095567,Xiao; Ming,9999,0,9999,0
1656738503836,MATH 197,004,095571,Perols; Johan Lars,9998,0,9999,1
1656738510891,COGS 9,A01,083615,Shannon; Kyle Michael,6,0,75,69
1656738516917,COGS 11,A01,083617,Boyle; Mary E. T.,17,0,48,31
1656738522940,COGS 13,A01,083071,Bastos; Amalia Pinkusfeld,8,0,71,63
1656738528961,COGS 14A,A01,092681,Semenuks; Arturs,0,1,100,101
1656738534988,COGS 14B,A01,083073,Cheng; Tzu-Han,5,0,63,58
1656738541011,COGS 17,A01,092677,Semenuks; Arturs,4,0,81,77
1656738547038,COGS 100,A01,083619,Allen; Michael Gordon,14,0,70,56
1656738553061,COGS 101A,A01,083621,Davis; Joshua Daniel,9,0,68,59
1656738559084,COGS 101B,A01,091572,Allen; Michael Gordon,8,0,65,57
1656738565122,COGS 101C,A01,083625,Delgado; Tania,17,0,35,18
1656738571149,COGS 107A,A01,083627,Boyle; Mary E. T.,13,0,60,47
1656738577172,COGS 118A,A01,083075,Gupta; Anjum,14,0,76,62
1656738583200,CSE 3,A50,083646,Miranda; Gregory Joseph,22,0,50,28
1656738589224,CSE 8A,A50,083650,Miranda; Gregory Joseph,17,1,56,39
1656738595251,CSE 11,A01,083080,Cao; Yingjun,4,15,40,36
1656738601274,CSE 12,A01,083652,Krause-Levy; Sophia Louisa,20,1,120,100
1656738607296,CSE 15L,A01,083654,Morris; Justin Loren,8,0,50,42
1656738607296,CSE 15L,A02,083655,Morris; Justin Loren,8,0,50,42
1656738613322,CSE 20,A01,083657,Tran; Khoa Dang,37,0,80,43
1656738619345,CSE 21,A01,095574,Bach; Quang Tran,21,0,48,27
1656738625367,CSE 30,A01,083084,Eldon; John,4,0,80,76
1656738625367,CSE 30,B01,095061,Bhaskar; Nishant,5,0,50,45
1656738631390,CSE 100,A01,083659,Cao; Yingjun,1,5,70,69
1656738637413,CSE 134B,A01,083661,Powell; Thomas Allan,18,0,100,82
1656738643437,CSE 140,A01,083663,Gungor; Onat,14,0,85,71
1656738649462,CSE 140L,A01,083088,Eldon; John,16,0,100,84
1656738655485,CSE 175,A01,083665,Kumar; Rakesh,3,0,25,22
1656738661509,CSE 190,A00,092507,Dubnov; Shlomo,6,0,20,14
1656738667532,ECE 45,A01,083139,Congero; Spencer William,5,0,75,70
1656738673556,ECE 65,A50,083695,Saad; Andrew S,12,0,30,18
1656738673556,ECE 65,A51,095125,Saad; Andrew S,25,0,26,1
1656738679580,ECE 109,A01,091882,Touri; Behrouz,14,0,70,56
1656738685609,ECE 180,A00,083140,Abi Samra; Nicholas Camill,1,0,30,29
1656738685609,ECE 180,B00,083141,Abi Samra; Nicholas Camill,0,0,30,30
1656738691633,MATH 10A,A01,083735,Patchell; Gregory David,1,0,30,29
1656738691633,MATH 10A,A02,083736,Patchell; Gregory David,20,0,30,10
1656738691633,MATH 10A,A03,083737,Patchell; Gregory David,15,0,30,15
1656738697660,MATH 10B,A01,083207,Lim; Seonhee,7,0,34,27
1656738697660,MATH 10B,A02,083208,Lim; Seonhee,9,0,35,26
1656738697660,MATH 10B,A03,093472,Lim; Seonhee,4,0,34,30
1656738697660,MATH 10B,B01,083739,Sinha; Shubham,9,0,30,21
1656738703690,MATH 18,A01,083743,Cinel; Cameron Alexander,6,0,30,24
1656738703690,MATH 18,A02,083744,Cinel; Cameron Alexander,15,0,30,15
1656738703690,MATH 18,A03,083745,Cinel; Cameron Alexander,8,0,30,22
1656738703690,MATH 18,B01,083748,Rideout; David Porter,3,0,37,34
1656738703690,MATH 18,B02,083749,Rideout; David Porter,3,0,36,33
1656738703690,MATH 18,B03,083750,Rideout; David Porter,1,0,37,36
1656738703690,MATH 18,B04,083751,Rideout; David Porter,4,0,36,32
1656738703690,MATH 18,B05,093473,Rideout; David Porter,4,0,36,32
1656738703690,MATH 18,B06,093474,Rideout; David Porter,4,0,36,32
1656738709713,MATH 20A,A01,083754,Zheng; Zequn,12,0,40,28
1656738715738,MATH 20B,A01,083756,Briones; Jor-el Thomas Caparas,1,0,36,35
1656738715738,MATH 20B,A02,083757,Briones; Jor-el Thomas Caparas,1,0,36,35
1656738715738,MATH 20B,A03,093475,Briones; Jor-el Thomas Caparas,0,0,36,36
1656738721764,MATH 20C,A01,083760,Briones; Jor-el Thomas Caparas,1,0,35,34
1656738721764,MATH 20C,A02,083761,Briones; Jor-el Thomas Caparas,8,0,35,27
1656738721764,MATH 20C,A03,093476,Briones; Jor-el Thomas Caparas,0,1,36,36
1656738721764,MATH 20C,B01,083762,Bach; Quang Tran,0,0,30,30
1656738727789,MATH 20D,A01,083765,Tran; Brian Kha,4,0,30,26
1656738727789,MATH 20D,A02,083766,Tran; Brian Kha,4,0,30,26
1656738727789,MATH 20D,A03,083767,Tran; Brian Kha,1,0,30,29
1656738733822,MATH 20E,A01,083771,Ganguly; Soumya,4,0,32,28
1656738733822,MATH 20E,A02,083772,Ganguly; Soumya,5,0,32,27
1656738733822,MATH 20E,B01,083773,Ciotti; Benjamin,18,0,35,17
1656738733822,MATH 20E,B02,083774,Ciotti; Benjamin,17,0,35,18
1656738739851,MATH 103A,A01,083777,Greenfeld; Be'Eri,2,0,36,34
1656738739851,MATH 103A,A02,083778,Greenfeld; Be'Eri,5,0,36,31
1656738739851,MATH 103A,A03,093561,Greenfeld; Be'Eri,4,0,36,32
1656738739851,MATH 103A,B01,083779,Greenfeld; Be'Eri,6,0,36,30
1656738739851,MATH 103A,B02,083780,Greenfeld; Be'Eri,2,0,36,34
1656738739851,MATH 103A,B03,093562,Greenfeld; Be'Eri,2,0,36,34
1656738745880,MATH 105,A01,085443,Carter; Anne Toulson,13,0,35,22
1656738745880,MATH 105,A02,093477,Carter; Anne Toulson,20,0,35,15
1656738751903,MATH 109,A01,083213,Ganzberger; Geoffrey Michael,2,0,34,32
1656738751903,MATH 109,A02,083214,Ganzberger; Geoffrey Michael,2,0,34,32
1656738751903,MATH 109,A03,093478,Ganzberger; Geoffrey Michael,1,0,34,33
1656738751903,MATH 109,B01,083215,Ganzberger; Geoffrey Michael,1,0,32,31
1656738751903,MATH 109,B02,083216,Ganzberger; Geoffrey Michael,1,0,32,31
1656738751903,MATH 109,B03,093479,Ganzberger; Geoffrey Michael,7,0,32,25
1656738757938,MATH 142A,A01,083219,Chow; Bennett,5,0,32,27
1656738757938,MATH 142A,A02,083220,Chow; Bennett,9,0,32,23
1656738757938,MATH 142A,A03,093480,Chow; Bennett,7,0,32,25
1656738757938,MATH 142A,B03,093481,Chow; Bennett,7,0,32,25
1656738757938,MATH 142A,B04,093558,Chow; Bennett,10,0,32,22
1656738757938,MATH 142A,B05,093559,Chow; Bennett,5,0,32,27
1656738763968,MATH 193A,A01,083224,Rotar; Vladimir,6,0,34,28
1656738763968,MATH 193A,A02,083225,Rotar; Vladimir,3,0,34,31
1656738763968,MATH 193A,A03,083781,Rotar; Vladimir,1,0,34,33
1656738763968,MATH 193A,A04,083782,Rotar; Vladimir,6,0,34,28
1656738763968,MATH 193A,A05,093482,Rotar; Vladimir,6,0,34,28
1656738769991,MATH 197,001,091859,McAuley; Julian John,9999,0,9999,0
1656738769991,MATH 197,002,095566,Kedlaya; Kiran S.,9997,0,9999,2
1656738769991,MATH 197,003,095567,Xiao; Ming,9999,0,9999,0
1656738769991,MATH 197,004,095571,Perols; Johan Lars,9998,0,9999,1
1656738777046,COGS 9,A01,083615,Shannon; Kyle Michael,6,0,75,69
1656738783071,COGS 11,A01,083617,Boyle; Mary E. T.,17,0,48,31
1656738789096,COGS 13,A01,083071,Bastos; Amalia Pinkusfeld,8,0,71,63
1656738795119,COGS 14A,A01,092681,Semenuks; Arturs,0,1,100,101
1656738801143,COGS 14B,A01,083073,Cheng; Tzu-Han,5,0,63,58
1656738807165,COGS 17,A01,092677,Semenuks; Arturs,4,0,81,77
1656738813189,COGS 100,A01,083619,Allen; Michael Gordon,14,0,70,56
1656738819213,COGS 101A,A01,083621,Davis; Joshua Daniel,9,0,68,59
1656738825235,COGS 101B,A01,091572,Allen; Michael Gordon,8,0,65,57
1656738831257,COGS 101C,A01,083625,Delgado; Tania,17,0,35,18
1656738837280,COGS 107A,A01,083627,Boyle; Mary E. T.,13,0,60,47
1656738843303,COGS 118A,A01,083075,Gupta; Anjum,14,0,76,62
1656738849326,CSE 3,A50,083646,Miranda; Gregory Joseph,22,0,50,28
1656738855351,CSE 8A,A50,083650,Miranda; Gregory Joseph,17,1,56,39
1656738861462,CSE 11,A01,083080,Cao; Yingjun,4,15,40,36
1656738867484,CSE 12,A01,083652,Krause-Levy; Sophia Louisa,20,1,120,100
1656738873510,CSE 15L,A01,083654,Morris; Justin Loren,8,0,50,42
1656738873510,CSE 15L,A02,083655,Morris; Justin Loren,8,0,50,42
1656738879546,CSE 20,A01,083657,Tran; Khoa Dang,37,0,80,43
1656738885574,CSE 21,A01,095574,Bach; Quang Tran,21,0,48,27
1656738891600,CSE 30,A01,083084,Eldon; John,4,0,80,76
1656738891600,CSE 30,B01,095061,Bhaskar; Nishant,5,0,50,45
1656738897625,CSE 100,A01,083659,Cao; Yingjun,1,5,70,69
1656738903648,CSE 134B,A01,083661,Powell; Thomas Allan,18,0,100,82
1656738909674,CSE 140,A01,083663,Gungor; Onat,14,0,85,71
1656738915703,CSE 140L,A01,083088,Eldon; John,16,0,100,84
1656738921727,CSE 175,A01,083665,Kumar; Rakesh,3,0,25,22
1656738927753,CSE 190,A00,092507,Dubnov; Shlomo,6,0,20,14
1656738933777,ECE 45,A01,083139,Congero; Spencer William,5,0,75,70
1656738939805,ECE 65,A50,083695,Saad; Andrew S,12,0,30,18
1656738939805,ECE 65,A51,095125,Saad; Andrew S,25,0,26,1
1656738945829,ECE 109,A01,091882,Touri; Behrouz,14,0,70,56
1656738951852,ECE 180,A00,083140,Abi Samra; Nicholas Camill,1,0,30,29
1656738951852,ECE 180,B00,083141,Abi Samra; Nicholas Camill,0,0,30,30
1656738957880,MATH 10A,A01,083735,Patchell; Gregory David,1,0,30,29
1656738957880,MATH 10A,A02,083736,Patchell; Gregory David,20,0,30,10
1656738957880,MATH 10A,A03,083737,Patchell; Gregory David,15,0,30,15
1656738963901,MATH 10B,A01,083207,Lim; Seonhee,7,0,34,27
1656738963901,MATH 10B,A02,083208,Lim; Seonhee,9,0,35,26
1656738963901,MATH 10B,A03,093472,Lim; Seonhee,4,0,34,30
1656738963901,MATH 10B,B01,083739,Sinha; Shubham,9,0,30,21
1656738969925,MATH 18,A01,083743,Cinel; Cameron Alexander,6,0,30,24
1656738969925,MATH 18,A02,083744,Cinel; Cameron Alexander,15,0,30,15
1656738969925,MATH 18,A03,083745,Cinel; Cameron Alexander,8,0,30,22
1656738969925,MATH 18,B01,083748,Rideout; David Porter,3,0,37,34
1656738969925,MATH 18,B02,083749,Rideout; David Porter,3,0,36,33
1656738969925,MATH 18,B03,083750,Rideout; David Porter,1,0,37,36
1656738969925,MATH 18,B04,083751,Rideout; David Porter,4,0,36,32
1656738969925,MATH 18,B05,093473,Rideout; David Porter,4,0,36,32
1656738969925,MATH 18,B06,093474,Rideout; David Porter,4,0,36,32
1656738975953,MATH 20A,A01,083754,Zheng; Zequn,12,0,40,28
1656738981978,MATH 20B,A01,083756,Briones; Jor-el Thomas Caparas,1,0,36,35
1656738981978,MATH 20B,A02,083757,Briones; Jor-el Thomas Caparas,1,0,36,35
1656738981978,MATH 20B,A03,093475,Briones; Jor-el Thomas Caparas,0,0,36,36
1656738988006,MATH 20C,A01,083760,Briones; Jor-el Thomas Caparas,1,0,35,34
1656738988006,MATH 20C,A02,083761,Briones; Jor-el Thomas Caparas,8,0,35,27
1656738988006,MATH 20C,A03,093476,Briones; Jor-el Thomas Caparas,0,1,36,36
1656738988006,MATH 20C,B01,083762,Bach; Quang Tran,0,0,30,30
1656738994033,MATH 20D,A01,083765,Tran; Brian Kha,4,0,30,26
1656738994033,MATH 20D,A02,083766,Tran; Brian Kha,4,0,30,26
1656738994033,MATH 20D,A03,083767,Tran; Brian Kha,1,0,30,29
1656739000062,MATH 20E,A01,083771,Ganguly; Soumya,4,0,32,28
1656739000062,MATH 20E,A02,083772,Ganguly; Soumya,5,0,32,27
1656739000062,MATH 20E,B01,083773,Ciotti; Benjamin,18,0,35,17
1656739000062,MATH 20E,B02,083774,Ciotti; Benjamin,17,0,35,18
1656739006087,MATH 103A,A01,083777,Greenfeld; Be'Eri,2,0,36,34
1656739006087,MATH 103A,A02,083778,Greenfeld; Be'Eri,5,0,36,31
1656739006087,MATH 103A,A03,093561,Greenfeld; Be'Eri,4,0,36,32
1656739006087,MATH 103A,B01,083779,Greenfeld; Be'Eri,6,0,36,30
1656739006087,MATH 103A,B02,083780,Greenfeld; Be'Eri,2,0,36,34
1656739006087,MATH 103A,B03,093562,Greenfeld; Be'Eri,2,0,36,34
1656739012110,MATH 105,A01,085443,Carter; Anne Toulson,13,0,35,22
1656739012110,MATH 105,A02,093477,Carter; Anne Toulson,20,0,35,15
1656739018135,MATH 109,A01,083213,Ganzberger; Geoffrey Michael,2,0,34,32
1656739018135,MATH 109,A02,083214,Ganzberger; Geoffrey Michael,2,0,34,32
1656739018135,MATH 109,A03,093478,Ganzberger; Geoffrey Michael,1,0,34,33
1656739018135,MATH 109,B01,083215,Ganzberger; Geoffrey Michael,1,0,32,31
1656739018135,MATH 109,B02,083216,Ganzberger; Geoffrey Michael,1,0,32,31
1656739018135,MATH 109,B03,093479,Ganzberger; Geoffrey Michael,7,0,32,25
1656739024159,MATH 142A,A01,083219,Chow; Bennett,5,0,32,27
1656739024159,MATH 142A,A02,083220,Chow; Bennett,9,0,32,23
1656739024159,MATH 142A,A03,093480,Chow; Bennett,7,0,32,25
1656739024159,MATH 142A,B03,093481,Chow; Bennett,7,0,32,25
1656739024159,MATH 142A,B04,093558,Chow; Bennett,10,0,32,22
1656739024159,MATH 142A,B05,093559,Chow; Bennett,5,0,32,27
1656739030190,MATH 193A,A01,083224,Rotar; Vladimir,6,0,34,28
1656739030190,MATH 193A,A02,083225,Rotar; Vladimir,3,0,34,31
1656739030190,MATH 193A,A03,083781,Rotar; Vladimir,1,0,34,33
1656739030190,MATH 193A,A04,083782,Rotar; Vladimir,6,0,34,28
1656739030190,MATH 193A,A05,093482,Rotar; Vladimir,6,0,34,28
1656739036213,MATH 197,001,091859,McAuley; Julian John,9999,0,9999,0
1656739036213,MATH 197,002,095566,Kedlaya; Kiran S.,9997,0,9999,2
1656739036213,MATH 197,003,095567,Xiao; Ming,9999,0,9999,0
1656739036213,MATH 197,004,095571,Perols; Johan Lars,9998,0,9999,1
1656739043266,COGS 9,A01,083615,Shannon; Kyle Michael,6,0,75,69
1656739049294,COGS 11,A01,083617,Boyle; Mary E. T.,17,0,48,31
1656739055316,COGS 13,A01,083071,Bastos; Amalia Pinkusfeld,8,0,71,63
1656739061343,COGS 14A,A01,092681,Semenuks; Arturs,0,1,100,101
1656739067366,COGS 14B,A01,083073,Cheng; Tzu-Han,5,0,63,58
1656739073390,COGS 17,A01,092677,Semenuks; Arturs,4,0,81,77
1656739079417,COGS 100,A01,083619,Allen; Michael Gordon,14,0,70,56
1656739085441,COGS 101A,A01,083621,Davis; Joshua Daniel,9,0,68,59
1656739091464,COGS 101B,A01,091572,Allen; Michael Gordon,8,0,65,57
1656739097487,COGS 101C,A01,083625,Delgado; Tania,17,0,35,18
1656739103513,COGS 107A,A01,083627,Boyle; Mary E. T.,13,0,60,47
1656739109537,COGS 118A,A01,083075,Gupta; Anjum,14,0,76,62
1656739115560,CSE 3,A50,083646,Miranda; Gregory Joseph,22,0,50,28
1656739121582,CSE 8A,A50,083650,Miranda; Gregory Joseph,17,1,56,39
1656739127607,CSE 11,A01,083080,Cao; Yingjun,4,15,40,36
1656739133634,CSE 12,A01,083652,Krause-Levy; Sophia Louisa,20,1,120,100
1656739139660,CSE 15L,A01,083654,Morris; Justin Loren,8,0,50,42
1656739139660,CSE 15L,A02,083655,Morris; Justin Loren,8,0,50,42
1656739145687,CSE 20,A01,083657,Tran; Khoa Dang,37,0,80,43
1656739151714,CSE 21,A01,095574,Bach; Quang Tran,21,0,48,27
1656739157739,CSE 30,A01,083084,Eldon; John,4,0,80,76
1656739157739,CSE 30,B01,095061,Bhaskar; Nishant,5,0,50,45
1656739163761,CSE 100,A01,083659,Cao; Yingjun,1,5,70,69
1656739169786,CSE 134B,A01,083661,Powell; Thomas Allan,18,0,100,82
1656739175809,CSE 140,A01,083663,Gungor; Onat,14,0,85,71
1656739181836,CSE 140L,A01,083088,Eldon; John,16,0,100,84
1656739187859,CSE 175,A01,083665,Kumar; Rakesh,3,0,25,22
1656739193883,CSE 190,A00,092507,Dubnov; Shlomo,6,0,20,14
1656739199909,ECE 45,A01,083139,Congero; Spencer William,5,0,75,70
1656739205936,ECE 65,A50,083695,Saad; Andrew S,12,0,30,18
1656739205936,ECE 65,A51,095125,Saad; Andrew S,25,0,26,1
1656739211963,ECE 109,A01,091882,Touri; Behrouz,14,0,70,56
1656739217988,ECE 180,A00,083140,Abi Samra; Nicholas Camill,1,0,30,29
1656739217988,ECE 180,B00,083141,Abi Samra; Nicholas Camill,0,0,30,30
1656739224012,MATH 10A,A01,083735,Patchell; Gregory David,1,0,30,29
1656739224012,MATH 10A,A02,083736,Patchell; Gregory David,20,0,30,10
1656739224012,MATH 10A,A03,083737,Patchell; Gregory David,15,0,30,15
1656739230040,MATH 10B,A01,083207,Lim; Seonhee,7,0,34,27
1656739230040,MATH 10B,A02,083208,Lim; Seonhee,9,0,35,26
1656739230040,MATH 10B,A03,093472,Lim; Seonhee,4,0,34,30
1656739230040,MATH 10B,B01,083739,Sinha; Shubham,9,0,30,21
1656739236063,MATH 18,A01,083743,Cinel; Cameron Alexander,6,0,30,24
1656739236063,MATH 18,A02,083744,Cinel; Cameron Alexander,15,0,30,15
1656739236063,MATH 18,A03,083745,Cinel; Cameron Alexander,8,0,30,22
1656739236063,MATH 18,B01,083748,Rideout; David Porter,3,0,37,34
1656739236063,MATH 18,B02,083749,Rideout; David Porter,3,0,36,33
1656739236063,MATH 18,B03,083750,Rideout; David Porter,1,0,37,36
1656739236063,MATH 18,B04,083751,Rideout; David Porter,4,0,36,32
1656739236063,MATH 18,B05,093473,Rideout; David Porter,4,0,36,32
1656739236063,MATH 18,B06,093474,Rideout; David Porter,4,0,36,32
1656739242090,MATH 20A,A01,083754,Zheng; Zequn,12,0,40,28
1656739248113,MATH 20B,A01,083756,Briones; Jor-el Thomas Caparas,1,0,36,35
1656739248113,MATH 20B,A02,083757,Briones; Jor-el Thomas Caparas,1,0,36,35
1656739248113,MATH 20B,A03,093475,Briones; Jor-el Thomas Caparas,0,0,36,36
1656739254136,MATH 20C,A01,083760,Briones; Jor-el Thomas Caparas,1,0,35,34
1656739254136,MATH 20C,A02,083761,Briones; Jor-el Thomas Caparas,8,0,35,27
1656739254136,MATH 20C,A03,093476,Briones; Jor-el Thomas Caparas,0,1,36,36
1656739254136,MATH 20C,B01,083762,Bach; Quang Tran,0,0,30,30
1656739260160,MATH 20D,A01,083765,Tran; Brian Kha,4,0,30,26
1656739260160,MATH 20D,A02,083766,Tran; Brian Kha,4,0,30,26
1656739260160,MATH 20D,A03,083767,Tran; Brian Kha,1,0,30,29
1656739266184,MATH 20E,A01,083771,Ganguly; Soumya,4,0,32,28
1656739266184,MATH 20E,A02,083772,Ganguly; Soumya,5,0,32,27
1656739266184,MATH 20E,B01,083773,Ciotti; Benjamin,18,0,35,17
1656739266184,MATH 20E,B02,083774,Ciotti; Benjamin,17,0,35,18
1656739272207,MATH 103A,A01,083777,Greenfeld; Be'Eri,2,0,36,34
1656739272207,MATH 103A,A02,083778,Greenfeld; Be'Eri,5,0,36,31
1656739272207,MATH 103A,A03,093561,Greenfeld; Be'Eri,4,0,36,32
1656739272207,MATH 103A,B01,083779,Greenfeld; Be'Eri,6,0,36,30
1656739272207,MATH 103A,B02,083780,Greenfeld; Be'Eri,2,0,36,34
1656739272207,MATH 103A,B03,093562,Greenfeld; Be'Eri,2,0,36,34
1656739278231,MATH 105,A01,085443,Carter; Anne Toulson,13,0,35,22
1656739278231,MATH 105,A02,093477,Carter; Anne Toulson,20,0,35,15
1656739284254,MATH 109,A01,083213,Ganzberger; Geoffrey Michael,2,0,34,32
1656739284254,MATH 109,A02,083214,Ganzberger; Geoffrey Michael,2,0,34,32
1656739284254,MATH 109,A03,093478,Ganzberger; Geoffrey Michael,1,0,34,33
1656739284254,MATH 109,B01,083215,Ganzberger; Geoffrey Michael,1,0,32,31
1656739284254,MATH 109,B02,083216,Ganzberger; Geoffrey Michael,1,0,32,31
1656739284254,MATH 109,B03,093479,Ganzberger; Geoffrey Michael,7,0,32,25
1656739290278,MATH 142A,A01,083219,Chow; Bennett,5,0,32,27
1656739290278,MATH 142A,A02,083220,Chow; Bennett,9,0,32,23
1656739290278,MATH 142A,A03,093480,Chow; Bennett,7,0,32,25
1656739290278,MATH 142A,B03,093481,Chow; Bennett,7,0,32,25
1656739290278,MATH 142A,B04,093558,Chow; Bennett,10,0,32,22
1656739290278,MATH 142A,B05,093559,Chow; Bennett,5,0,32,27
1656739296302,MATH 193A,A01,083224,Rotar; Vladimir,6,0,34,28
1656739296302,MATH 193A,A02,083225,Rotar; Vladimir,3,0,34,31
1656739296302,MATH 193A,A03,083781,Rotar; Vladimir,1,0,34,33
1656739296302,MATH 193A,A04,083782,Rotar; Vladimir,6,0,34,28
1656739296302,MATH 193A,A05,093482,Rotar; Vladimir,6,0,34,28
1656739302325,MATH 197,001,091859,McAuley; Julian John,9999,0,9999,0
1656739302325,MATH 197,002,095566,Kedlaya; Kiran S.,9997,0,9999,2
1656739302325,MATH 197,003,095567,Xiao; Ming,9999,0,9999,0
1656739302325,MATH 197,004,095571,Perols; Johan Lars,9998,0,9999,1
1656739309384,COGS 9,A01,083615,Shannon; Kyle Michael,6,0,75,69
1656739315412,COGS 11,A01,083617,Boyle; Mary E. T.,17,0,48,31
1656739321436,COGS 13,A01,083071,Bastos; Amalia Pinkusfeld,8,0,71,63
1656739327459,COGS 14A,A01,092681,Semenuks; Arturs,0,1,100,101
1656739333482,COGS 14B,A01,083073,Cheng; Tzu-Han,5,0,63,58
1656739339504,COGS 17,A01,092677,Semenuks; Arturs,4,0,81,77
1656739345532,COGS 100,A01,083619,Allen; Michael Gordon,14,0,70,56
1656739351555,COGS 101A,A01,083621,Davis; Joshua Daniel,9,0,68,59
1656739357578,COGS 101B,A01,091572,Allen; Michael Gordon,8,0,65,57
1656739363606,COGS 101C,A01,083625,Delgado; Tania,17,0,35,18
1656739369627,COGS 107A,A01,083627,Boyle; Mary E. T.,13,0,60,47
1656739375655,COGS 118A,A01,083075,Gupta; Anjum,14,0,76,62
1656739381682,CSE 3,A50,083646,Miranda; Gregory Joseph,22,0,50,28
1656739387709,CSE 8A,A50,083650,Miranda; Gregory Joseph,17,1,56,39
1656739393734,CSE 11,A01,083080,Cao; Yingjun,4,15,40,36
1656739399760,CSE 12,A01,083652,Krause-Levy; Sophia Louisa,20,1,120,100
1656739405789,CSE 15L,A01,083654,Morris; Justin Loren,8,0,50,42
1656739405789,CSE 15L,A02,083655,Morris; Justin Loren,8,0,50,42
1656739411815,CSE 20,A01,083657,Tran; Khoa Dang,37,0,80,43
1656739417837,CSE 21,A01,095574,Bach; Quang Tran,21,0,48,27
1656739423859,CSE 30,A01,083084,Eldon; John,4,0,80,76
1656739423859,CSE 30,B01,095061,Bhaskar; Nishant,5,0,50,45
1656739429882,CSE 100,A01,083659,Cao; Yingjun,1,5,70,69
1656739435904,CSE 134B,A01,083661,Powell; Thomas Allan,18,0,100,82
1656739441931,CSE 140,A01,083663,Gungor; Onat,14,0,85,71
1656739447953,CSE 140L,A01,083088,Eldon; John,16,0,100,84
1656739453976,CSE 175,A01,083665,Kumar; Rakesh,3,0,25,22
1656739460099,CSE 190,A00,092507,Dubnov; Shlomo,6,0,20,14
1656739466124,ECE 45,A01,083139,Congero; Spencer William,5,0,75,70
1656739472147,ECE 65,A50,083695,Saad; Andrew S,12,0,30,18
1656739472147,ECE 65,A51,095125,Saad; Andrew S,25,0,26,1
1656739478175,ECE 109,A01,091882,Touri; Behrouz,14,0,70,56
1656739484197,ECE 180,A00,083140,Abi Samra; Nicholas Camill,1,0,30,29
1656739484197,ECE 180,B00,083141,Abi Samra; Nicholas Camill,0,0,30,30
1656739490220,MATH 10A,A01,083735,Patchell; Gregory David,1,0,30,29
1656739490220,MATH 10A,A02,083736,Patchell; Gregory David,20,0,30,10
1656739490220,MATH 10A,A03,083737,Patchell; Gregory David,15,0,30,15
1656739496249,MATH 10B,A01,083207,Lim; Seonhee,7,0,34,27
1656739496249,MATH 10B,A02,083208,Lim; Seonhee,9,0,35,26
1656739496249,MATH 10B,A03,093472,Lim; Seonhee,4,0,34,30
1656739496249,MATH 10B,B01,083739,Sinha; Shubham,9,0,30,21
1656739502275,MATH 18,A01,083743,Cinel; Cameron Alexander,6,0,30,24
1656739502275,MATH 18,A02,083744,Cinel; Cameron Alexander,15,0,30,15
1656739502275,MATH 18,A03,083745,Cinel; Cameron Alexander,8,0,30,22
1656739502275,MATH 18,B01,083748,Rideout; David Porter,3,0,37,34
1656739502275,MATH 18,B02,083749,Rideout; David Porter,3,0,36,33
1656739502275,MATH 18,B03,083750,Rideout; David Porter,1,0,37,36
1656739502275,MATH 18,B04,083751,Rideout; David Porter,4,0,36,32
1656739502275,MATH 18,B05,093473,Rideout; David Porter,4,0,36,32
1656739502275,MATH 18,B06,093474,Rideout; David Porter,4,0,36,32
1656739508296,MATH 20A,A01,083754,Zheng; Zequn,12,0,40,28
1656739514319,MATH 20B,A01,083756,Briones; Jor-el Thomas Caparas,1,0,36,35
1656739514319,MATH 20B,A02,083757,Briones; Jor-el Thomas Caparas,1,0,36,35
1656739514319,MATH 20B,A03,093475,Briones; Jor-el Thomas Caparas,0,0,36,36
1656739520348,MATH 20C,A01,083760,Briones; Jor-el Thomas Caparas,1,0,35,34
1656739520348,MATH 20C,A02,083761,Briones; Jor-el Thomas Caparas,8,0,35,27
1656739520348,MATH 20C,A03,093476,Briones; Jor-el Thomas Caparas,0,1,36,36
1656739520348,MATH 20C,B01,083762,Bach; Quang Tran,0,0,30,30
1656739526375,MATH 20D,A01,083765,Tran; Brian Kha,4,0,30,26
1656739526375,MATH 20D,A02,083766,Tran; Brian Kha,4,0,30,26
1656739526375,MATH 20D,A03,083767,Tran; Brian Kha,1,0,30,29
1656739532402,MATH 20E,A01,083771,Ganguly; Soumya,4,0,32,28
1656739532402,MATH 20E,A02,083772,Ganguly; Soumya,5,0,32,27
1656739532402,MATH 20E,B01,083773,Ciotti; Benjamin,18,0,35,17
1656739532402,MATH 20E,B02,083774,Ciotti; Benjamin,17,0,35,18
1656739538431,MATH 103A,A01,083777,Greenfeld; Be'Eri,2,0,36,34
1656739538431,MATH 103A,A02,083778,Greenfeld; Be'Eri,5,0,36,31
1656739538431,MATH 103A,A03,093561,Greenfeld; Be'Eri,4,0,36,32
1656739538431,MATH 103A,B01,083779,Greenfeld; Be'Eri,6,0,36,30
1656739538431,MATH 103A,B02,083780,Greenfeld; Be'Eri,2,0,36,34
1656739538431,MATH 103A,B03,093562,Greenfeld; Be'Eri,2,0,36,34
1656739544456,MATH 105,A01,085443,Carter; Anne Toulson,13,0,35,22
1656739544456,MATH 105,A02,093477,Carter; Anne Toulson,20,0,35,15
1656739550485,MATH 109,A01,083213,Ganzberger; Geoffrey Michael,2,0,34,32
1656739550485,MATH 109,A02,083214,Ganzberger; Geoffrey Michael,2,0,34,32
1656739550485,MATH 109,A03,093478,Ganzberger; Geoffrey Michael,1,0,34,33
1656739550485,MATH 109,B01,083215,Ganzberger; Geoffrey Michael,1,0,32,31
1656739550485,MATH 109,B02,083216,Ganzberger; Geoffrey Michael,1,0,32,31
1656739550485,MATH 109,B03,093479,Ganzberger; Geoffrey Michael,7,0,32,25
1656739556511,MATH 142A,A01,083219,Chow; Bennett,6,0,32,26
1656739556511,MATH 142A,A02,083220,Chow; Bennett,9,0,32,23
1656739556511,MATH 142A,A03,093480,Chow; Bennett,7,0,32,25
1656739556511,MATH 142A,B03,093481,Chow; Bennett,7,0,32,25
1656739556511,MATH 142A,B04,093558,Chow; Bennett,10,0,32,22
1656739556511,MATH 142A,B05,093559,Chow; Bennett,5,0,32,27
1656739562535,MATH 193A,A01,083224,Rotar; Vladimir,6,0,34,28
1656739562535,MATH 193A,A02,083225,Rotar; Vladimir,3,0,34,31
1656739562535,MATH 193A,A03,083781,Rotar; Vladimir,1,0,34,33
1656739562535,MATH 193A,A04,083782,Rotar; Vladimir,6,0,34,28
1656739562535,MATH 193A,A05,093482,Rotar; Vladimir,6,0,34,28
1656739568559,MATH 197,001,091859,McAuley; Julian John,9999,0,9999,0
1656739568559,MATH 197,002,095566,Kedlaya; Kiran S.,9997,0,9999,2
1656739568559,MATH 197,003,095567,Xiao; Ming,9999,0,9999,0
1656739568559,MATH 197,004,095571,Perols; Johan Lars,9998,0,9999,1
1656739575625,COGS 9,A01,083615,Shannon; Kyle Michael,6,0,75,69
1656739581647,COGS 11,A01,083617,Boyle; Mary E. T.,17,0,48,31
1656739587678,COGS 13,A01,083071,Bastos; Amalia Pinkusfeld,8,0,71,63
1656739593705,COGS 14A,A01,092681,Semenuks; Arturs,0,1,100,101
1656739599733,COGS 14B,A01,083073,Cheng; Tzu-Han,5,0,63,58
1656739605758,COGS 17,A01,092677,Semenuks; Arturs,4,0,81,77
1656739611786,COGS 100,A01,083619,Allen; Michael Gordon,14,0,70,56
1656739617809,COGS 101A,A01,083621,Davis; Joshua Daniel,9,0,68,59
1656739623836,COGS 101B,A01,091572,Allen; Michael Gordon,8,0,65,57
1656739629860,COGS 101C,A01,083625,Delgado; Tania,17,0,35,18
1656739635886,COGS 107A,A01,083627,Boyle; Mary E. T.,13,0,60,47
1656739641912,COGS 118A,A01,083075,Gupta; Anjum,14,0,76,62
1656739647940,CSE 3,A50,083646,Miranda; Gregory Joseph,22,0,50,28
1656739653963,CSE 8A,A50,083650,Miranda; Gregory Joseph,17,1,56,39
1656739659987,CSE 11,A01,083080,Cao; Yingjun,4,15,40,36
1656739666013,CSE 12,A01,083652,Krause-Levy; Sophia Louisa,20,1,120,100
1656739672043,CSE 15L,A01,083654,Morris; Justin Loren,8,0,50,42
1656739672043,CSE 15L,A02,083655,Morris; Justin Loren,8,0,50,42
1656739678066,CSE 20,A01,083657,Tran; Khoa Dang,37,0,80,43
1656739684091,CSE 21,A01,095574,Bach; Quang Tran,21,0,48,27
1656739690120,CSE 30,A01,083084,Eldon; John,4,0,80,76
1656739690120,CSE 30,B01,095061,Bhaskar; Nishant,5,0,50,45
1656739696146,CSE 100,A01,083659,Cao; Yingjun,1,5,70,69
1656739702169,CSE 134B,A01,083661,Powell; Thomas Allan,18,0,100,82
1656739708192,CSE 140,A01,083663,Gungor; Onat,14,0,85,71
1656739714215,CSE 140L,A01,083088,Eldon; John,16,0,100,84
1656739720240,CSE 175,A01,083665,Kumar; Rakesh,3,0,25,22
1656739726264,CSE 190,A00,092507,Dubnov; Shlomo,6,0,20,14
1656739732287,ECE 45,A01,083139,Congero; Spencer William,5,0,75,70
1656739738310,ECE 65,A50,083695,Saad; Andrew S,12,0,30,18
1656739738310,ECE 65,A51,095125,Saad; Andrew S,25,0,26,1
1656739744336,ECE 109,A01,091882,Touri; Behrouz,14,0,70,56
1656739750359,ECE 180,A00,083140,Abi Samra; Nicholas Camill,1,0,30,29
1656739750359,ECE 180,B00,083141,Abi Samra; Nicholas Camill,0,0,30,30
1656739756386,MATH 10A,A01,083735,Patchell; Gregory David,1,0,30,29
1656739756386,MATH 10A,A02,083736,Patchell; Gregory David,20,0,30,10
1656739756386,MATH 10A,A03,083737,Patchell; Gregory David,15,0,30,15
1656739762411,MATH 10B,A01,083207,Lim; Seonhee,7,0,34,27
1656739762411,MATH 10B,A02,083208,Lim; Seonhee,9,0,35,26
1656739762411,MATH 10B,A03,093472,Lim; Seonhee,4,0,34,30
1656739762411,MATH 10B,B01,083739,Sinha; Shubham,9,0,30,21
1656739768434,MATH 18,A01,083743,Cinel; Cameron Alexander,6,0,30,24
1656739768434,MATH 18,A02,083744,Cinel; Cameron Alexander,15,0,30,15
1656739768434,MATH 18,A03,083745,Cinel; Cameron Alexander,8,0,30,22
1656739768434,MATH 18,B01,083748,Rideout; David Porter,3,0,37,34
1656739768434,MATH 18,B02,083749,Rideout; David Porter,3,0,36,33
1656739768434,MATH 18,B03,083750,Rideout; David Porter,1,0,37,36
1656739768434,MATH 18,B04,083751,Rideout; David Porter,5,0,36,31
1656739768434,MATH 18,B05,093473,Rideout; David Porter,4,0,36,32
1656739768434,MATH 18,B06,093474,Rideout; David Porter,4,0,36,32
1656739774460,MATH 20A,A01,083754,Zheng; Zequn,12,0,40,28
1656739780487,MATH 20B,A01,083756,Briones; Jor-el Thomas Caparas,1,0,36,35
1656739780487,MATH 20B,A02,083757,Briones; Jor-el Thomas Caparas,1,0,36,35
1656739780487,MATH 20B,A03,093475,Briones; Jor-el Thomas Caparas,0,0,36,36
1656739786514,MATH 20C,A01,083760,Briones; Jor-el Thomas Caparas,1,0,35,34
1656739786514,MATH 20C,A02,083761,Briones; Jor-el Thomas Caparas,8,0,35,27
1656739786514,MATH 20C,A03,093476,Briones; Jor-el Thomas Caparas,0,1,36,36
1656739786514,MATH 20C,B01,083762,Bach; Quang Tran,0,0,30,30
1656739792541,MATH 20D,A01,083765,Tran; Brian Kha,4,0,30,26
1656739792541,MATH 20D,A02,083766,Tran; Brian Kha,4,0,30,26
1656739792541,MATH 20D,A03,083767,Tran; Brian Kha,1,0,30,29
1656739798563,MATH 20E,A01,083771,Ganguly; Soumya,4,0,32,28
1656739798563,MATH 20E,A02,083772,Ganguly; Soumya,5,0,32,27
1656739798563,MATH 20E,B01,083773,Ciotti; Benjamin,18,0,35,17
1656739798563,MATH 20E,B02,083774,Ciotti; Benjamin,17,0,35,18
1656739804588,MATH 103A,A01,083777,Greenfeld; Be'Eri,2,0,36,34
1656739804588,MATH 103A,A02,083778,Greenfeld; Be'Eri,5,0,36,31
1656739804588,MATH 103A,A03,093561,Greenfeld; Be'Eri,4,0,36,32
1656739804588,MATH 103A,B01,083779,Greenfeld; Be'Eri,6,0,36,30
1656739804588,MATH 103A,B02,083780,Greenfeld; Be'Eri,2,0,36,34
1656739804588,MATH 103A,B03,093562,Greenfeld; Be'Eri,2,0,36,34
1656739810611,MATH 105,A01,085443,Carter; Anne Toulson,13,0,35,22
1656739810611,MATH 105,A02,093477,Carter; Anne Toulson,20,0,35,15
1656739816634,MATH 109,A01,083213,Ganzberger; Geoffrey Michael,2,0,34,32
1656739816634,MATH 109,A02,083214,Ganzberger; Geoffrey Michael,2,0,34,32
1656739816634,MATH 109,A03,093478,Ganzberger; Geoffrey Michael,1,0,34,33
1656739816634,MATH 109,B01,083215,Ganzberger; Geoffrey Michael,1,0,32,31
1656739816634,MATH 109,B02,083216,Ganzberger; Geoffrey Michael,1,0,32,31
1656739816634,MATH 109,B03,093479,Ganzberger; Geoffrey Michael,7,0,32,25
1656739822665,MATH 142A,A01,083219,Chow; Bennett,6,0,32,26
1656739822665,MATH 142A,A02,083220,Chow; Bennett,9,0,32,23
1656739822665,MATH 142A,A03,093480,Chow; Bennett,7,0,32,25
1656739822665,MATH 142A,B03,093481,Chow; Bennett,7,0,32,25
1656739822665,MATH 142A,B04,093558,Chow; Bennett,10,0,32,22
1656739822665,MATH 142A,B05,093559,Chow; Bennett,5,0,32,27
1656739828694,MATH 193A,A01,083224,Rotar; Vladimir,6,0,34,28
1656739828694,MATH 193A,A02,083225,Rotar; Vladimir,3,0,34,31
1656739828694,MATH 193A,A03,083781,Rotar; Vladimir,1,0,34,33
1656739828694,MATH 193A,A04,083782,Rotar; Vladimir,6,0,34,28
1656739828694,MATH 193A,A05,093482,Rotar; Vladimir,6,0,34,28
1656739834717,MATH 197,001,091859,McAuley; Julian John,9999,0,9999,0
1656739834717,MATH 197,002,095566,Kedlaya; Kiran S.,9997,0,9999,2
1656739834717,MATH 197,003,095567,Xiao; Ming,9999,0,9999,0
1656739834717,MATH 197,004,095571,Perols; Johan Lars,9998,0,9999,1
1656739841782,COGS 9,A01,083615,Shannon; Kyle Michael,6,0,75,69
1656739847806,COGS 11,A01,083617,Boyle; Mary E. T.,17,0,48,31
1656739853830,COGS 13,A01,083071,Bastos; Amalia Pinkusfeld,8,0,71,63
1656739859857,COGS 14A,A01,092681,Semenuks; Arturs,0,1,100,101
1656739865890,COGS 14B,A01,083073,Cheng; Tzu-Han,5,0,63,58
1656739871914,COGS 17,A01,092677,Semenuks; Arturs,4,0,81,77
1656739877937,COGS 100,A01,083619,Allen; Michael Gordon,14,0,70,56
1656739883960,COGS 101A,A01,083621,Davis; Joshua Daniel,9,0,68,59
1656739889987,COGS 101B,A01,091572,Allen; Michael Gordon,8,0,65,57
1656739896012,COGS 101C,A01,083625,Delgado; Tania,17,0,35,18
1656739902036,COGS 107A,A01,083627,Boyle; Mary E. T.,13,0,60,47
1656739908058,COGS 118A,A01,083075,Gupta; Anjum,14,0,76,62
1656739914082,CSE 3,A50,083646,Miranda; Gregory Joseph,22,0,50,28
1656739920117,CSE 8A,A50,083650,Miranda; Gregory Joseph,17,1,56,39
1656739926143,CSE 11,A01,083080,Cao; Yingjun,4,15,40,36
1656739932166,CSE 12,A01,083652,Krause-Levy; Sophia Louisa,20,1,120,100
1656739938194,CSE 15L,A01,083654,Morris; Justin Loren,8,0,50,42
1656739938194,CSE 15L,A02,083655,Morris; Justin Loren,8,0,50,42
1656739944218,CSE 20,A01,083657,Tran; Khoa Dang,37,0,80,43
1656739950249,CSE 21,A01,095574,Bach; Quang Tran,21,0,48,27
1656739956273,CSE 30,A01,083084,Eldon; John,4,0,80,76
1656739956273,CSE 30,B01,095061,Bhaskar; Nishant,5,0,50,45
1656739962299,CSE 100,A01,083659,Cao; Yingjun,1,5,70,69
1656739968323,CSE 134B,A01,083661,Powell; Thomas Allan,18,0,100,82
1656739974346,CSE 140,A01,083663,Gungor; Onat,14,0,85,71
1656739980373,CSE 140L,A01,083088,Eldon; John,16,0,100,84
1656739986395,CSE 175,A01,083665,Kumar; Rakesh,3,0,25,22
1656739992428,CSE 190,A00,092507,Dubnov; Shlomo,6,0,20,14
1656739998453,ECE 45,A01,083139,Congero; Spencer William,5,0,75,70
1656740004480,ECE 65,A50,083695,Saad; Andrew S,12,0,30,18
1656740004480,ECE 65,A51,095125,Saad; Andrew S,25,0,26,1
1656740010507,ECE 109,A01,091882,Touri; Behrouz,14,0,70,56
1656740016529,ECE 180,A00,083140,Abi Samra; Nicholas Camill,1,0,30,29
1656740016529,ECE 180,B00,083141,Abi Samra; Nicholas Camill,0,0,30,30
1656740022552,MATH 10A,A01,083735,Patchell; Gregory David,1,0,30,29
1656740022552,MATH 10A,A02,083736,Patchell; Gregory David,20,0,30,10
1656740022552,MATH 10A,A03,083737,Patchell; Gregory David,15,0,30,15
1656740028581,MATH 10B,A01,083207,Lim; Seonhee,7,0,34,27
1656740028581,MATH 10B,A02,083208,Lim; Seonhee,9,0,35,26
1656740028581,MATH 10B,A03,093472,Lim; Seonhee,4,0,34,30
1656740028581,MATH 10B,B01,083739,Sinha; Shubham,9,0,30,21
1656740034613,MATH 18,A01,083743,Cinel; Cameron Alexander,6,0,30,24
1656740034613,MATH 18,A02,083744,Cinel; Cameron Alexander,15,0,30,15
1656740034613,MATH 18,A03,083745,Cinel; Cameron Alexander,8,0,30,22
1656740034613,MATH 18,B01,083748,Rideout; David Porter,3,0,37,34
1656740034613,MATH 18,B02,083749,Rideout; David Porter,3,0,36,33
1656740034613,MATH 18,B03,083750,Rideout; David Porter,1,0,37,36
1656740034613,MATH 18,B04,083751,Rideout; David Porter,5,0,36,31
1656740034613,MATH 18,B05,093473,Rideout; David Porter,4,0,36,32
1656740034613,MATH 18,B06,093474,Rideout; David Porter,4,0,36,32
1656740040637,MATH 20A,A01,083754,Zheng; Zequn,12,0,40,28
1656740046670,MATH 20B,A01,083756,Briones; Jor-el Thomas Caparas,1,0,36,35
1656740046670,MATH 20B,A02,083757,Briones; Jor-el Thomas Caparas,1,0,36,35
1656740046670,MATH 20B,A03,093475,Briones; Jor-el Thomas Caparas,0,0,36,36
1656740052693,MATH 20C,A01,083760,Briones; Jor-el Thomas Caparas,1,0,35,34
1656740052693,MATH 20C,A02,083761,Briones; Jor-el Thomas Caparas,8,0,35,27
1656740052693,MATH 20C,A03,093476,Briones; Jor-el Thomas Caparas,0,1,36,36
1656740052693,MATH 20C,B01,083762,Bach; Quang Tran,0,0,30,30
1656740058809,MATH 20D,A01,083765,Tran; Brian Kha,4,0,30,26
1656740058809,MATH 20D,A02,083766,Tran; Brian Kha,4,0,30,26
1656740058809,MATH 20D,A03,083767,Tran; Brian Kha,1,0,30,29
1656740064851,MATH 20E,A01,083771,Ganguly; Soumya,4,0,32,28
1656740064851,MATH 20E,A02,083772,Ganguly; Soumya,5,0,32,27
1656740064851,MATH 20E,B01,083773,Ciotti; Benjamin,18,0,35,17
1656740064851,MATH 20E,B02,083774,Ciotti; Benjamin,17,0,35,18
1656740070883,MATH 103A,A01,083777,Greenfeld; Be'Eri,2,0,36,34
1656740070883,MATH 103A,A02,083778,Greenfeld; Be'Eri,5,0,36,31
1656740070883,MATH 103A,A03,093561,Greenfeld; Be'Eri,4,0,36,32
1656740070883,MATH 103A,B01,083779,Greenfeld; Be'Eri,6,0,36,30
1656740070883,MATH 103A,B02,083780,Greenfeld; Be'Eri,2,0,36,34
1656740070883,MATH 103A,B03,093562,Greenfeld; Be'Eri,2,0,36,34
1656740076905,MATH 105,A01,085443,Carter; Anne Toulson,13,0,35,22
1656740076905,MATH 105,A02,093477,Carter; Anne Toulson,20,0,35,15
1656740082928,MATH 109,A01,083213,Ganzberger; Geoffrey Michael,2,0,34,32
1656740082928,MATH 109,A02,083214,Ganzberger; Geoffrey Michael,2,0,34,32
1656740082928,MATH 109,A03,093478,Ganzberger; Geoffrey Michael,1,0,34,33
1656740082928,MATH 109,B01,083215,Ganzberger; Geoffrey Michael,1,0,32,31
1656740082928,MATH 109,B02,083216,Ganzberger; Geoffrey Michael,1,0,32,31
1656740082928,MATH 109,B03,093479,Ganzberger; Geoffrey Michael,7,0,32,25
1656740088962,MATH 142A,A01,083219,Chow; Bennett,6,0,32,26
1656740088962,MATH 142A,A02,083220,Chow; Bennett,9,0,32,23
1656740088962,MATH 142A,A03,093480,Chow; Bennett,7,0,32,25
1656740088962,MATH 142A,B03,093481,Chow; Bennett,7,0,32,25
1656740088962,MATH 142A,B04,093558,Chow; Bennett,10,0,32,22
1656740088962,MATH 142A,B05,093559,Chow; Bennett,5,0,32,27
1656740094988,MATH 193A,A01,083224,Rotar; Vladimir,6,0,34,28
1656740094988,MATH 193A,A02,083225,Rotar; Vladimir,3,0,34,31
1656740094988,MATH 193A,A03,083781,Rotar; Vladimir,1,0,34,33
1656740094988,MATH 193A,A04,083782,Rotar; Vladimir,6,0,34,28
1656740094988,MATH 193A,A05,093482,Rotar; Vladimir,6,0,34,28
1656740101014,MATH 197,001,091859,McAuley; Julian John,9999,0,9999,0
1656740101014,MATH 197,002,095566,Kedlaya; Kiran S.,9997,0,9999,2
1656740101014,MATH 197,003,095567,Xiao; Ming,9999,0,9999,0
1656740101014,MATH 197,004,095571,Perols; Johan Lars,9998,0,9999,1
1656740108067,COGS 9,A01,083615,Shannon; Kyle Michael,6,0,75,69
1656740114095,COGS 11,A01,083617,Boyle; Mary E. T.,17,0,48,31
1656740120121,COGS 13,A01,083071,Bastos; Amalia Pinkusfeld,8,0,71,63
1656740126143,COGS 14A,A01,092681,Semenuks; Arturs,0,1,100,101
1656740132167,COGS 14B,A01,083073,Cheng; Tzu-Han,5,0,63,58
1656740138190,COGS 17,A01,092677,Semenuks; Arturs,4,0,81,77
1656740144218,COGS 100,A01,083619,Allen; Michael Gordon,14,0,70,56
1656740150245,COGS 101A,A01,083621,Davis; Joshua Daniel,9,0,68,59
1656740156273,COGS 101B,A01,091572,Allen; Michael Gordon,8,0,65,57
1656740162296,COGS 101C,A01,083625,Delgado; Tania,17,0,35,18
1656740168329,COGS 107A,A01,083627,Boyle; Mary E. T.,13,0,60,47
1656740174355,COGS 118A,A01,083075,Gupta; Anjum,14,0,76,62
1656740180387,CSE 3,A50,083646,Miranda; Gregory Joseph,22,0,50,28
1656740186413,CSE 8A,A50,083650,Miranda; Gregory Joseph,17,1,56,39
1656740192441,CSE 11,A01,083080,Cao; Yingjun,4,15,40,36
1656740198491,CSE 12,A01,083652,Krause-Levy; Sophia Louisa,20,1,120,100
1656740204515,CSE 15L,A01,083654,Morris; Justin Loren,8,0,50,42
1656740204515,CSE 15L,A02,083655,Morris; Justin Loren,8,0,50,42
1656740210539,CSE 20,A01,083657,Tran; Khoa Dang,37,0,80,43
1656740216563,CSE 21,A01,095574,Bach; Quang Tran,21,0,48,27
1656740222593,CSE 30,A01,083084,Eldon; John,4,0,80,76
1656740222593,CSE 30,B01,095061,Bhaskar; Nishant,5,0,50,45
1656740228622,CSE 100,A01,083659,Cao; Yingjun,1,5,70,69
1656740234646,CSE 134B,A01,083661,Powell; Thomas Allan,18,0,100,82
1656740240670,CSE 140,A01,083663,Gungor; Onat,14,0,85,71
1656740246692,CSE 140L,A01,083088,Eldon; John,16,0,100,84
1656740252726,CSE 175,A01,083665,Kumar; Rakesh,3,0,25,22
1656740258749,CSE 190,A00,092507,Dubnov; Shlomo,6,0,20,14
1656740264771,ECE 45,A01,083139,Congero; Spencer William,5,0,75,70
1656740270799,ECE 65,A50,083695,Saad; Andrew S,12,0,30,18
1656740270799,ECE 65,A51,095125,Saad; Andrew S,25,0,26,1
1656740276827,ECE 109,A01,091882,Touri; Behrouz,14,0,70,56
1656740282851,ECE 180,A00,083140,Abi Samra; Nicholas Camill,1,0,30,29
1656740282851,ECE 180,B00,083141,Abi Samra; Nicholas Camill,0,0,30,30
1656740288877,MATH 10A,A01,083735,Patchell; Gregory David,1,0,30,29
1656740288877,MATH 10A,A02,083736,Patchell; Gregory David,20,0,30,10
1656740288877,MATH 10A,A03,083737,Patchell; Gregory David,15,0,30,15
1656740294901,MATH 10B,A01,083207,Lim; Seonhee,7,0,34,27
1656740294901,MATH 10B,A02,083208,Lim; Seonhee,9,0,35,26
1656740294901,MATH 10B,A03,093472,Lim; Seonhee,4,0,34,30
1656740294901,MATH 10B,B01,083739,Sinha; Shubham,9,0,30,21
1656740300931,MATH 18,A01,083743,Cinel; Cameron Alexander,6,0,30,24
1656740300931,MATH 18,A02,083744,Cinel; Cameron Alexander,15,0,30,15
1656740300931,MATH 18,A03,083745,Cinel; Cameron Alexander,8,0,30,22
1656740300931,MATH 18,B01,083748,Rideout; David Porter,3,0,37,34
1656740300931,MATH 18,B02,083749,Rideout; David Porter,3,0,36,33
1656740300931,MATH 18,B03,083750,Rideout; David Porter,1,0,37,36
1656740300931,MATH 18,B04,083751,Rideout; David Porter,5,0,36,31
1656740300931,MATH 18,B05,093473,Rideout; David Porter,4,0,36,32
1656740300931,MATH 18,B06,093474,Rideout; David Porter,4,0,36,32
1656740306957,MATH 20A,A01,083754,Zheng; Zequn,12,0,40,28
1656740312983,MATH 20B,A01,083756,Briones; Jor-el Thomas Caparas,1,0,36,35
1656740312983,MATH 20B,A02,083757,Briones; Jor-el Thomas Caparas,1,0,36,35
1656740312983,MATH 20B,A03,093475,Briones; Jor-el Thomas Caparas,0,0,36,36
1656740319011,MATH 20C,A01,083760,Briones; Jor-el Thomas Caparas,1,0,35,34
1656740319011,MATH 20C,A02,083761,Briones; Jor-el Thomas Caparas,8,0,35,27
1656740319011,MATH 20C,A03,093476,Briones; Jor-el Thomas Caparas,0,1,36,36
1656740319011,MATH 20C,B01,083762,Bach; Quang Tran,0,0,30,30
1656740325035,MATH 20D,A01,083765,Tran; Brian Kha,4,0,30,26
1656740325035,MATH 20D,A02,083766,Tran; Brian Kha,4,0,30,26
1656740325035,MATH 20D,A03,083767,Tran; Brian Kha,1,0,30,29
1656740331058,MATH 20E,A01,083771,Ganguly; Soumya,4,0,32,28
1656740331058,MATH 20E,A02,083772,Ganguly; Soumya,5,0,32,27
1656740331058,MATH 20E,B01,083773,Ciotti; Benjamin,18,0,35,17
1656740331058,MATH 20E,B02,083774,Ciotti; Benjamin,17,0,35,18
1656740337085,MATH 103A,A01,083777,Greenfeld; Be'Eri,2,0,36,34
1656740337085,MATH 103A,A02,083778,Greenfeld; Be'Eri,5,0,36,31
1656740337085,MATH 103A,A03,093561,Greenfeld; Be'Eri,4,0,36,32
1656740337085,MATH 103A,B01,083779,Greenfeld; Be'Eri,6,0,36,30
1656740337085,MATH 103A,B02,083780,Greenfeld; Be'Eri,2,0,36,34
1656740337085,MATH 103A,B03,093562,Greenfeld; Be'Eri,2,0,36,34
1656740343109,MATH 105,A01,085443,Carter; Anne Toulson,13,0,35,22
1656740343109,MATH 105,A02,093477,Carter; Anne Toulson,20,0,35,15
1656740349133,MATH 109,A01,083213,Ganzberger; Geoffrey Michael,2,0,34,32
1656740349133,MATH 109,A02,083214,Ganzberger; Geoffrey Michael,2,0,34,32
1656740349133,MATH 109,A03,093478,Ganzberger; Geoffrey Michael,1,0,34,33
1656740349133,MATH 109,B01,083215,Ganzberger; Geoffrey Michael,1,0,32,31
1656740349133,MATH 109,B02,083216,Ganzberger; Geoffrey Michael,1,0,32,31
1656740349133,MATH 109,B03,093479,Ganzberger; Geoffrey Michael,7,0,32,25
1656740355158,MATH 142A,A01,083219,Chow; Bennett,6,0,32,26
1656740355158,MATH 142A,A02,083220,Chow; Bennett,9,0,32,23
1656740355158,MATH 142A,A03,093480,Chow; Bennett,7,0,32,25
1656740355158,MATH 142A,B03,093481,Chow; Bennett,7,0,32,25
1656740355158,MATH 142A,B04,093558,Chow; Bennett,10,0,32,22
1656740355158,MATH 142A,B05,093559,Chow; Bennett,5,0,32,27
1656740361187,MATH 193A,A01,083224,Rotar; Vladimir,6,0,34,28
1656740361187,MATH 193A,A02,083225,Rotar; Vladimir,3,0,34,31
1656740361187,MATH 193A,A03,083781,Rotar; Vladimir,1,0,34,33
1656740361187,MATH 193A,A04,083782,Rotar; Vladimir,6,0,34,28
1656740361187,MATH 193A,A05,093482,Rotar; Vladimir,6,0,34,28
1656740367211,MATH 197,001,091859,McAuley; Julian John,9999,0,9999,0
1656740367211,MATH 197,002,095566,Kedlaya; Kiran S.,9997,0,9999,2
1656740367211,MATH 197,003,095567,Xiao; Ming,9999,0,9999,0
1656740367211,MATH 197,004,095571,Perols; Johan Lars,9998,0,9999,1
1656740374267,COGS 9,A01,083615,Shannon; Kyle Michael,6,0,75,69
1656740380290,COGS 11,A01,083617,Boyle; Mary E. T.,17,0,48,31
1656740386318,COGS 13,A01,083071,Bastos; Amalia Pinkusfeld,8,0,71,63
1656740392348,COGS 14A,A01,092681,Semenuks; Arturs,0,1,100,101
1656740398373,COGS 14B,A01,083073,Cheng; Tzu-Han,5,0,63,58
1656740404399,COGS 17,A01,092677,Semenuks; Arturs,4,0,81,77
1656740410421,COGS 100,A01,083619,Allen; Michael Gordon,14,0,70,56
1656740416458,COGS 101A,A01,083621,Davis; Joshua Daniel,9,0,68,59
1656740422484,COGS 101B,A01,091572,Allen; Michael Gordon,8,0,65,57
1656740428512,COGS 101C,A01,083625,Delgado; Tania,17,0,35,18
1656740434540,COGS 107A,A01,083627,Boyle; Mary E. T.,13,0,60,47
1656740440566,COGS 118A,A01,083075,Gupta; Anjum,14,0,76,62
1656740446594,CSE 3,A50,083646,Miranda; Gregory Joseph,22,0,50,28
1656740452616,CSE 8A,A50,083650,Miranda; Gregory Joseph,17,1,56,39
1656740458638,CSE 11,A01,083080,Cao; Yingjun,4,15,40,36
1656740464660,CSE 12,A01,083652,Krause-Levy; Sophia Louisa,20,1,120,100
1656740470683,CSE 15L,A01,083654,Morris; Justin Loren,8,0,50,42
1656740470683,CSE 15L,A02,083655,Morris; Justin Loren,8,0,50,42
1656740476708,CSE 20,A01,083657,Tran; Khoa Dang,37,0,80,43
1656740482733,CSE 21,A01,095574,Bach; Quang Tran,21,0,48,27
1656740488757,CSE 30,A01,083084,Eldon; John,4,0,80,76
1656740488757,CSE 30,B01,095061,Bhaskar; Nishant,5,0,50,45
1656740494785,CSE 100,A01,083659,Cao; Yingjun,1,5,70,69
1656740500810,CSE 134B,A01,083661,Powell; Thomas Allan,18,0,100,82
1656740506832,CSE 140,A01,083663,Gungor; Onat,14,0,85,71
1656740512856,CSE 140L,A01,083088,Eldon; John,16,0,100,84
1656740518882,CSE 175,A01,083665,Kumar; Rakesh,3,0,25,22
1656740524905,CSE 190,A00,092507,Dubnov; Shlomo,6,0,20,14
1656740530932,ECE 45,A01,083139,Congero; Spencer William,5,0,75,70
1656740536969,ECE 65,A50,083695,Saad; Andrew S,12,0,30,18
1656740536969,ECE 65,A51,095125,Saad; Andrew S,25,0,26,1
1656740542992,ECE 109,A01,091882,Touri; Behrouz,14,0,70,56
1656740549023,ECE 180,A00,083140,Abi Samra; Nicholas Camill,1,0,30,29
1656740549023,ECE 180,B00,083141,Abi Samra; Nicholas Camill,0,0,30,30
1656740555045,MATH 10A,A01,083735,Patchell; Gregory David,1,0,30,29
1656740555045,MATH 10A,A02,083736,Patchell; Gregory David,20,0,30,10
1656740555045,MATH 10A,A03,083737,Patchell; Gregory David,15,0,30,15
1656740561075,MATH 10B,A01,083207,Lim; Seonhee,7,0,34,27
1656740561075,MATH 10B,A02,083208,Lim; Seonhee,9,0,35,26
1656740561075,MATH 10B,A03,093472,Lim; Seonhee,4,0,34,30
1656740561075,MATH 10B,B01,083739,Sinha; Shubham,9,0,30,21
1656740567098,MATH 18,A01,083743,Cinel; Cameron Alexander,6,0,30,24
1656740567098,MATH 18,A02,083744,Cinel; Cameron Alexander,15,0,30,15
1656740567098,MATH 18,A03,083745,Cinel; Cameron Alexander,8,0,30,22
1656740567098,MATH 18,B01,083748,Rideout; David Porter,3,0,37,34
1656740567098,MATH 18,B02,083749,Rideout; David Porter,3,0,36,33
1656740567098,MATH 18,B03,083750,Rideout; David Porter,1,0,37,36
1656740567098,MATH 18,B04,083751,Rideout; David Porter,5,0,36,31
1656740567098,MATH 18,B05,093473,Rideout; David Porter,4,0,36,32
1656740567098,MATH 18,B06,093474,Rideout; David Porter,4,0,36,32
1656740573121,MATH 20A,A01,083754,Zheng; Zequn,12,0,40,28
1656740579144,MATH 20B,A01,083756,Briones; Jor-el Thomas Caparas,1,0,36,35
1656740579144,MATH 20B,A02,083757,Briones; Jor-el Thomas Caparas,1,0,36,35
1656740579144,MATH 20B,A03,093475,Briones; Jor-el Thomas Caparas,0,0,36,36
1656740585173,MATH 20C,A01,083760,Briones; Jor-el Thomas Caparas,1,0,35,34
1656740585173,MATH 20C,A02,083761,Briones; Jor-el Thomas Caparas,8,0,35,27
1656740585173,MATH 20C,A03,093476,Briones; Jor-el Thomas Caparas,0,1,36,36
1656740585173,MATH 20C,B01,083762,Bach; Quang Tran,0,0,30,30
1656740591201,MATH 20D,A01,083765,Tran; Brian Kha,4,0,30,26
1656740591201,MATH 20D,A02,083766,Tran; Brian Kha,4,0,30,26
1656740591201,MATH 20D,A03,083767,Tran; Brian Kha,1,0,30,29
1656740597230,MATH 20E,A01,083771,Ganguly; Soumya,4,0,32,28
1656740597230,MATH 20E,A02,083772,Ganguly; Soumya,5,0,32,27
1656740597230,MATH 20E,B01,083773,Ciotti; Benjamin,18,0,35,17
1656740597230,MATH 20E,B02,083774,Ciotti; Benjamin,17,0,35,18
1656740603258,MATH 103A,A01,083777,Greenfeld; Be'Eri,2,0,36,34
1656740603258,MATH 103A,A02,083778,Greenfeld; Be'Eri,5,0,36,31
1656740603258,MATH 103A,A03,093561,Greenfeld; Be'Eri,4,0,36,32
1656740603258,MATH 103A,B01,083779,Greenfeld; Be'Eri,6,0,36,30
1656740603258,MATH 103A,B02,083780,Greenfeld; Be'Eri,2,0,36,34
1656740603258,MATH 103A,B03,093562,Greenfeld; Be'Eri,2,0,36,34
1656740609286,MATH 105,A01,085443,Carter; Anne Toulson,13,0,35,22
1656740609286,MATH 105,A02,093477,Carter; Anne Toulson,20,0,35,15
1656740615310,MATH 109,A01,083213,Ganzberger; Geoffrey Michael,2,0,34,32
1656740615310,MATH 109,A02,083214,Ganzberger; Geoffrey Michael,2,0,34,32
1656740615310,MATH 109,A03,093478,Ganzberger; Geoffrey Michael,1,0,34,33
1656740615310,MATH 109,B01,083215,Ganzberger; Geoffrey Michael,1,0,32,31
1656740615310,MATH 109,B02,083216,Ganzberger; Geoffrey Michael,1,0,32,31
1656740615310,MATH 109,B03,093479,Ganzberger; Geoffrey Michael,7,0,32,25
1656740621335,MATH 142A,A01,083219,Chow; Bennett,6,0,32,26
1656740621335,MATH 142A,A02,083220,Chow; Bennett,9,0,32,23
1656740621335,MATH 142A,A03,093480,Chow; Bennett,7,0,32,25
1656740621335,MATH 142A,B03,093481,Chow; Bennett,7,0,32,25
1656740621335,MATH 142A,B04,093558,Chow; Bennett,10,0,32,22
1656740621335,MATH 142A,B05,093559,Chow; Bennett,5,0,32,27
1656740627362,MATH 193A,A01,083224,Rotar; Vladimir,6,0,34,28
1656740627362,MATH 193A,A02,083225,Rotar; Vladimir,3,0,34,31
1656740627362,MATH 193A,A03,083781,Rotar; Vladimir,1,0,34,33
1656740627362,MATH 193A,A04,083782,Rotar; Vladimir,6,0,34,28
1656740627362,MATH 193A,A05,093482,Rotar; Vladimir,6,0,34,28
1656740633387,MATH 197,001,091859,McAuley; Julian John,9999,0,9999,0
1656740633387,MATH 197,002,095566,Kedlaya; Kiran S.,9997,0,9999,2
1656740633387,MATH 197,003,095567,Xiao; Ming,9999,0,9999,0
1656740633387,MATH 197,004,095571,Perols; Johan Lars,9998,0,9999,1
1656740640441,COGS 9,A01,083615,Shannon; Kyle Michael,6,0,75,69
1656740646464,COGS 11,A01,083617,Boyle; Mary E. T.,17,0,48,31
1656740652561,COGS 13,A01,083071,Bastos; Amalia Pinkusfeld,8,0,71,63
1656740658585,COGS 14A,A01,092681,Semenuks; Arturs,0,1,100,101
1656740664607,COGS 14B,A01,083073,Cheng; Tzu-Han,5,0,63,58
1656740670633,COGS 17,A01,092677,Semenuks; Arturs,4,0,81,77
1656740676657,COGS 100,A01,083619,Allen; Michael Gordon,14,0,70,56
1656740682680,COGS 101A,A01,083621,Davis; Joshua Daniel,9,0,68,59
1656740688705,COGS 101B,A01,091572,Allen; Michael Gordon,8,0,65,57
1656740694735,COGS 101C,A01,083625,Delgado; Tania,17,0,35,18
1656740700760,COGS 107A,A01,083627,Boyle; Mary E. T.,13,0,60,47
1656740706799,COGS 118A,A01,083075,Gupta; Anjum,14,0,76,62
1656740712823,CSE 3,A50,083646,Miranda; Gregory Joseph,22,0,50,28
1656740718850,CSE 8A,A50,083650,Miranda; Gregory Joseph,17,1,56,39
1656740724872,CSE 11,A01,083080,Cao; Yingjun,4,15,40,36
1656740730899,CSE 12,A01,083652,Krause-Levy; Sophia Louisa,20,1,120,100
1656740736921,CSE 15L,A01,083654,Morris; Justin Loren,8,0,50,42
1656740736921,CSE 15L,A02,083655,Morris; Justin Loren,8,0,50,42
1656740742944,CSE 20,A01,083657,Tran; Khoa Dang,37,0,80,43
1656740748972,CSE 21,A01,095574,Bach; Quang Tran,21,0,48,27
1656740754999,CSE 30,A01,083084,Eldon; John,4,0,80,76
1656740754999,CSE 30,B01,095061,Bhaskar; Nishant,5,0,50,45
1656740761029,CSE 100,A01,083659,Cao; Yingjun,1,5,70,69
1656740767051,CSE 134B,A01,083661,Powell; Thomas Allan,18,0,100,82
1656740773092,CSE 140,A01,083663,Gungor; Onat,14,0,85,71
1656740779123,CSE 140L,A01,083088,Eldon; John,16,0,100,84
1656740785147,CSE 175,A01,083665,Kumar; Rakesh,3,0,25,22
1656740791172,CSE 190,A00,092507,Dubnov; Shlomo,6,0,20,14
1656740797196,ECE 45,A01,083139,Congero; Spencer William,5,0,75,70
1656740803218,ECE 65,A50,083695,Saad; Andrew S,12,0,30,18
1656740803218,ECE 65,A51,095125,Saad; Andrew S,25,0,26,1
1656740809244,ECE 109,A01,091882,Touri; Behrouz,14,0,70,56
1656740815272,ECE 180,A00,083140,Abi Samra; Nicholas Camill,0,0,30,30
1656740815272,ECE 180,B00,083141,Abi Samra; Nicholas Camill,0,0,30,30
1656740821295,MATH 10A,A01,083735,Patchell; Gregory David,1,0,30,29
1656740821295,MATH 10A,A02,083736,Patchell; Gregory David,20,0,30,10
1656740821295,MATH 10A,A03,083737,Patchell; Gregory David,15,0,30,15
1656740827323,MATH 10B,A01,083207,Lim; Seonhee,7,0,34,27
1656740827323,MATH 10B,A02,083208,Lim; Seonhee,9,0,35,26
1656740827323,MATH 10B,A03,093472,Lim; Seonhee,4,0,34,30
1656740827323,MATH 10B,B01,083739,Sinha; Shubham,9,0,30,21
1656740833348,MATH 18,A01,083743,Cinel; Cameron Alexander,6,0,30,24
1656740833348,MATH 18,A02,083744,Cinel; Cameron Alexander,15,0,30,15
1656740833348,MATH 18,A03,083745,Cinel; Cameron Alexander,8,0,30,22
1656740833348,MATH 18,B01,083748,Rideout; David Porter,3,0,37,34
1656740833348,MATH 18,B02,083749,Rideout; David Porter,3,0,36,33
1656740833348,MATH 18,B03,083750,Rideout; David Porter,1,0,37,36
1656740833348,MATH 18,B04,083751,Rideout; David Porter,5,0,36,31
1656740833348,MATH 18,B05,093473,Rideout; David Porter,4,0,36,32
1656740833348,MATH 18,B06,093474,Rideout; David Porter,4,0,36,32
1656740839371,MATH 20A,A01,083754,Zheng; Zequn,12,0,40,28
1656740845403,MATH 20B,A01,083756,Briones; Jor-el Thomas Caparas,1,0,36,35
1656740845403,MATH 20B,A02,083757,Briones; Jor-el Thomas Caparas,1,0,36,35
1656740845403,MATH 20B,A03,093475,Briones; Jor-el Thomas Caparas,0,0,36,36
1656740851431,MATH 20C,A01,083760,Briones; Jor-el Thomas Caparas,1,0,35,34
1656740851431,MATH 20C,A02,083761,Briones; Jor-el Thomas Caparas,8,0,35,27
1656740851431,MATH 20C,A03,093476,Briones; Jor-el Thomas Caparas,0,1,36,36
1656740851431,MATH 20C,B01,083762,Bach; Quang Tran,0,0,30,30
1656740857454,MATH 20D,A01,083765,Tran; Brian Kha,4,0,30,26
1656740857454,MATH 20D,A02,083766,Tran; Brian Kha,4,0,30,26
1656740857454,MATH 20D,A03,083767,Tran; Brian Kha,1,0,30,29
1656740863479,MATH 20E,A01,083771,Ganguly; Soumya,4,0,32,28
1656740863479,MATH 20E,A02,083772,Ganguly; Soumya,5,0,32,27
1656740863479,MATH 20E,B01,083773,Ciotti; Benjamin,18,0,35,17
1656740863479,MATH 20E,B02,083774,Ciotti; Benjamin,17,0,35,18
1656740869505,MATH 103A,A01,083777,Greenfeld; Be'Eri,2,0,36,34
1656740869505,MATH 103A,A02,083778,Greenfeld; Be'Eri,5,0,36,31
1656740869505,MATH 103A,A03,093561,Greenfeld; Be'Eri,4,0,36,32
1656740869505,MATH 103A,B01,083779,Greenfeld; Be'Eri,6,0,36,30
1656740869505,MATH 103A,B02,083780,Greenfeld; Be'Eri,2,0,36,34
1656740869505,MATH 103A,B03,093562,Greenfeld; Be'Eri,2,0,36,34
1656740875529,MATH 105,A01,085443,Carter; Anne Toulson,13,0,35,22
1656740875529,MATH 105,A02,093477,Carter; Anne Toulson,20,0,35,15
1656740881551,MATH 109,A01,083213,Ganzberger; Geoffrey Michael,2,0,34,32
1656740881551,MATH 109,A02,083214,Ganzberger; Geoffrey Michael,2,0,34,32
1656740881551,MATH 109,A03,093478,Ganzberger; Geoffrey Michael,1,0,34,33
1656740881551,MATH 109,B01,083215,Ganzberger; Geoffrey Michael,1,0,32,31
1656740881551,MATH 109,B02,083216,Ganzberger; Geoffrey Michael,1,0,32,31
1656740881551,MATH 109,B03,093479,Ganzberger; Geoffrey Michael,7,0,32,25
1656740887576,MATH 142A,A01,083219,Chow; Bennett,6,0,32,26
1656740887576,MATH 142A,A02,083220,Chow; Bennett,9,0,32,23
1656740887576,MATH 142A,A03,093480,Chow; Bennett,7,0,32,25
1656740887576,MATH 142A,B03,093481,Chow; Bennett,7,0,32,25
1656740887576,MATH 142A,B04,093558,Chow; Bennett,10,0,32,22
1656740887576,MATH 142A,B05,093559,Chow; Bennett,5,0,32,27
1656740893604,MATH 193A,A01,083224,Rotar; Vladimir,6,0,34,28
1656740893604,MATH 193A,A02,083225,Rotar; Vladimir,3,0,34,31
1656740893604,MATH 193A,A03,083781,Rotar; Vladimir,1,0,34,33
1656740893604,MATH 193A,A04,083782,Rotar; Vladimir,6,0,34,28
1656740893604,MATH 193A,A05,093482,Rotar; Vladimir,6,0,34,28
1656740899633,MATH 197,001,091859,McAuley; Julian John,9999,0,9999,0
1656740899633,MATH 197,002,095566,Kedlaya; Kiran S.,9997,0,9999,2
1656740899633,MATH 197,003,095567,Xiao; Ming,9999,0,9999,0
1656740899633,MATH 197,004,095571,Perols; Johan Lars,9998,0,9999,1
1656740906695,COGS 9,A01,083615,Shannon; Kyle Michael,6,0,75,69
1656740912719,COGS 11,A01,083617,Boyle; Mary E. T.,17,0,48,31
1656740918746,COGS 13,A01,083071,Bastos; Amalia Pinkusfeld,8,0,71,63
1656740924770,COGS 14A,A01,092681,Semenuks; Arturs,0,1,100,101
1656740930793,COGS 14B,A01,083073,Cheng; Tzu-Han,5,0,63,58
1656740936821,COGS 17,A01,092677,Semenuks; Arturs,4,0,81,77
1656740942844,COGS 100,A01,083619,Allen; Michael Gordon,14,0,70,56
1656740948868,COGS 101A,A01,083621,Davis; Joshua Daniel,9,0,68,59
1656740954892,COGS 101B,A01,091572,Allen; Michael Gordon,8,0,65,57
1656740960921,COGS 101C,A01,083625,Delgado; Tania,17,0,35,18
1656740966944,COGS 107A,A01,083627,Boyle; Mary E. T.,13,0,60,47
1656740972965,COGS 118A,A01,083075,Gupta; Anjum,14,0,76,62
1656740978998,CSE 3,A50,083646,Miranda; Gregory Joseph,22,0,50,28
1656740985021,CSE 8A,A50,083650,Miranda; Gregory Joseph,17,1,56,39
1656740991045,CSE 11,A01,083080,Cao; Yingjun,4,15,40,36
1656740997066,CSE 12,A01,083652,Krause-Levy; Sophia Louisa,20,1,120,100
1656741003089,CSE 15L,A01,083654,Morris; Justin Loren,8,0,50,42
1656741003089,CSE 15L,A02,083655,Morris; Justin Loren,8,0,50,42
1656741009111,CSE 20,A01,083657,Tran; Khoa Dang,37,0,80,43
1656741015136,CSE 21,A01,095574,Bach; Quang Tran,21,0,48,27
1656741021158,CSE 30,A01,083084,Eldon; John,4,0,80,76
1656741021158,CSE 30,B01,095061,Bhaskar; Nishant,5,0,50,45
1656741027180,CSE 100,A01,083659,Cao; Yingjun,1,5,70,69
1656741033208,CSE 134B,A01,083661,Powell; Thomas Allan,18,0,100,82
1656741039230,CSE 140,A01,083663,Gungor; Onat,14,0,85,71
1656741045254,CSE 140L,A01,083088,Eldon; John,16,0,100,84
1656741051276,CSE 175,A01,083665,Kumar; Rakesh,3,0,25,22
1656741057301,CSE 190,A00,092507,Dubnov; Shlomo,7,0,20,13
1656741063328,ECE 45,A01,083139,Congero; Spencer William,5,0,75,70
1656741069351,ECE 65,A50,083695,Saad; Andrew S,12,0,30,18
1656741069351,ECE 65,A51,095125,Saad; Andrew S,25,0,26,1
1656741075377,ECE 109,A01,091882,Touri; Behrouz,14,0,70,56
1656741081399,ECE 180,A00,083140,Abi Samra; Nicholas Camill,0,0,30,30
1656741081399,ECE 180,B00,083141,Abi Samra; Nicholas Camill,0,0,30,30
1656741087425,MATH 10A,A01,083735,Patchell; Gregory David,1,0,30,29
1656741087425,MATH 10A,A02,083736,Patchell; Gregory David,20,0,30,10
1656741087425,MATH 10A,A03,083737,Patchell; Gregory David,15,0,30,15
1656741093454,MATH 10B,A01,083207,Lim; Seonhee,7,0,34,27
1656741093454,MATH 10B,A02,083208,Lim; Seonhee,9,0,35,26
1656741093454,MATH 10B,A03,093472,Lim; Seonhee,4,0,34,30
1656741093454,MATH 10B,B01,083739,Sinha; Shubham,9,0,30,21
1656741099484,MATH 18,A01,083743,Cinel; Cameron Alexander,6,0,30,24
1656741099484,MATH 18,A02,083744,Cinel; Cameron Alexander,15,0,30,15
1656741099484,MATH 18,A03,083745,Cinel; Cameron Alexander,8,0,30,22
1656741099484,MATH 18,B01,083748,Rideout; David Porter,3,0,37,34
1656741099484,MATH 18,B02,083749,Rideout; David Porter,3,0,36,33
1656741099484,MATH 18,B03,083750,Rideout; David Porter,1,0,37,36
1656741099484,MATH 18,B04,083751,Rideout; David Porter,5,0,36,31
1656741099484,MATH 18,B05,093473,Rideout; David Porter,4,0,36,32
1656741099484,MATH 18,B06,093474,Rideout; David Porter,4,0,36,32
1656741105507,MATH 20A,A01,083754,Zheng; Zequn,12,0,40,28
1656741111535,MATH 20B,A01,083756,Briones; Jor-el Thomas Caparas,1,0,36,35
1656741111535,MATH 20B,A02,083757,Briones; Jor-el Thomas Caparas,1,0,36,35
1656741111535,MATH 20B,A03,093475,Briones; Jor-el Thomas Caparas,0,0,36,36
1656741117557,MATH 20C,A01,083760,Briones; Jor-el Thomas Caparas,1,0,35,34
1656741117557,MATH 20C,A02,083761,Briones; Jor-el Thomas Caparas,8,0,35,27
1656741117557,MATH 20C,A03,093476,Briones; Jor-el Thomas Caparas,0,1,36,36
1656741117557,MATH 20C,B01,083762,Bach; Quang Tran,0,0,30,30
1656741123581,MATH 20D,A01,083765,Tran; Brian Kha,4,0,30,26
1656741123581,MATH 20D,A02,083766,Tran; Brian Kha,4,0,30,26
1656741123581,MATH 20D,A03,083767,Tran; Brian Kha,1,0,30,29
1656741129605,MATH 20E,A01,083771,Ganguly; Soumya,4,0,32,28
1656741129605,MATH 20E,A02,083772,Ganguly; Soumya,5,0,32,27
1656741129605,MATH 20E,B01,083773,Ciotti; Benjamin,18,0,35,17
1656741129605,MATH 20E,B02,083774,Ciotti; Benjamin,17,0,35,18
1656741135630,MATH 103A,A01,083777,Greenfeld; Be'Eri,2,0,36,34
1656741135630,MATH 103A,A02,083778,Greenfeld; Be'Eri,5,0,36,31
1656741135630,MATH 103A,A03,093561,Greenfeld; Be'Eri,4,0,36,32
1656741135630,MATH 103A,B01,083779,Greenfeld; Be'Eri,6,0,36,30
1656741135630,MATH 103A,B02,083780,Greenfeld; Be'Eri,2,0,36,34
1656741135630,MATH 103A,B03,093562,Greenfeld; Be'Eri,2,0,36,34
1656741141654,MATH 105,A01,085443,Carter; Anne Toulson,13,0,35,22
1656741141654,MATH 105,A02,093477,Carter; Anne Toulson,20,0,35,15
1656741147678,MATH 109,A01,083213,Ganzberger; Geoffrey Michael,2,0,34,32
1656741147678,MATH 109,A02,083214,Ganzberger; Geoffrey Michael,2,0,34,32
1656741147678,MATH 109,A03,093478,Ganzberger; Geoffrey Michael,1,0,34,33
1656741147678,MATH 109,B01,083215,Ganzberger; Geoffrey Michael,1,0,32,31
1656741147678,MATH 109,B02,083216,Ganzberger; Geoffrey Michael,1,0,32,31
1656741147678,MATH 109,B03,093479,Ganzberger; Geoffrey Michael,7,0,32,25
1656741153703,MATH 142A,A01,083219,Chow; Bennett,6,0,32,26
1656741153703,MATH 142A,A02,083220,Chow; Bennett,9,0,32,23
1656741153703,MATH 142A,A03,093480,Chow; Bennett,7,0,32,25
1656741153703,MATH 142A,B03,093481,Chow; Bennett,7,0,32,25
1656741153703,MATH 142A,B04,093558,Chow; Bennett,10,0,32,22
1656741153703,MATH 142A,B05,093559,Chow; Bennett,5,0,32,27
1656741159726,MATH 193A,A01,083224,Rotar; Vladimir,6,0,34,28
1656741159726,MATH 193A,A02,083225,Rotar; Vladimir,3,0,34,31
1656741159726,MATH 193A,A03,083781,Rotar; Vladimir,1,0,34,33
1656741159726,MATH 193A,A04,083782,Rotar; Vladimir,6,0,34,28
1656741159726,MATH 193A,A05,093482,Rotar; Vladimir,6,0,34,28
1656741165750,MATH 197,001,091859,McAuley; Julian John,9999,0,9999,0
1656741165750,MATH 197,002,095566,Kedlaya; Kiran S.,9997,0,9999,2
1656741165750,MATH 197,003,095567,Xiao; Ming,9999,0,9999,0
1656741165750,MATH 197,004,095571,Perols; Johan Lars,9998,0,9999,1
1656741172813,COGS 9,A01,083615,Shannon; Kyle Michael,6,0,75,69
1656741178836,COGS 11,A01,083617,Boyle; Mary E. T.,17,0,48,31
1656741184857,COGS 13,A01,083071,Bastos; Amalia Pinkusfeld,8,0,71,63
1656741190883,COGS 14A,A01,092681,Semenuks; Arturs,0,1,100,101
1656741196910,COGS 14B,A01,083073,Cheng; Tzu-Han,5,0,63,58
1656741202934,COGS 17,A01,092677,Semenuks; Arturs,4,0,81,77
1656741208959,COGS 100,A01,083619,Allen; Michael Gordon,14,0,70,56
1656741214982,COGS 101A,A01,083621,Davis; Joshua Daniel,9,0,68,59
1656741221008,COGS 101B,A01,091572,Allen; Michael Gordon,8,0,65,57
1656741227036,COGS 101C,A01,083625,Delgado; Tania,17,0,35,18
1656741233058,COGS 107A,A01,083627,Boyle; Mary E. T.,13,0,60,47
1656741239082,COGS 118A,A01,083075,Gupta; Anjum,14,0,76,62
1656741245108,CSE 3,A50,083646,Miranda; Gregory Joseph,22,0,50,28
1656741251217,CSE 8A,A50,083650,Miranda; Gregory Joseph,17,1,56,39
1656741257238,CSE 11,A01,083080,Cao; Yingjun,4,15,40,36
1656741263261,CSE 12,A01,083652,Krause-Levy; Sophia Louisa,20,1,120,100
1656741269284,CSE 15L,A01,083654,Morris; Justin Loren,8,0,50,42
1656741269284,CSE 15L,A02,083655,Morris; Justin Loren,8,0,50,42
1656741275310,CSE 20,A01,083657,Tran; Khoa Dang,37,0,80,43
1656741281557,CSE 21,A01,095574,Bach; Quang Tran,21,0,48,27
1656741287580,CSE 30,A01,083084,Eldon; John,4,0,80,76
1656741287580,CSE 30,B01,095061,Bhaskar; Nishant,5,0,50,45
1656741293608,CSE 100,A01,083659,Cao; Yingjun,1,5,70,69
1656741299632,CSE 134B,A01,083661,Powell; Thomas Allan,18,0,100,82
1656741305658,CSE 140,A01,083663,Gungor; Onat,14,0,85,71
1656741311685,CSE 140L,A01,083088,Eldon; John,16,0,100,84
1656741317710,CSE 175,A01,083665,Kumar; Rakesh,3,0,25,22
1656741323734,CSE 190,A00,092507,Dubnov; Shlomo,7,0,20,13
1656741329762,ECE 45,A01,083139,Congero; Spencer William,5,0,75,70
1656741335786,ECE 65,A50,083695,Saad; Andrew S,12,0,30,18
1656741335786,ECE 65,A51,095125,Saad; Andrew S,25,0,26,1
1656741341808,ECE 109,A01,091882,Touri; Behrouz,14,0,70,56
1656741347831,ECE 180,A00,083140,Abi Samra; Nicholas Camill,0,0,30,30
1656741347831,ECE 180,B00,083141,Abi Samra; Nicholas Camill,0,0,30,30
1656741353857,MATH 10A,A01,083735,Patchell; Gregory David,1,0,30,29
1656741353857,MATH 10A,A02,083736,Patchell; Gregory David,20,0,30,10
1656741353857,MATH 10A,A03,083737,Patchell; Gregory David,15,0,30,15
1656741359880,MATH 10B,A01,083207,Lim; Seonhee,7,0,34,27
1656741359880,MATH 10B,A02,083208,Lim; Seonhee,9,0,35,26
1656741359880,MATH 10B,A03,093472,Lim; Seonhee,4,0,34,30
1656741359880,MATH 10B,B01,083739,Sinha; Shubham,9,0,30,21
1656741365910,MATH 18,A01,083743,Cinel; Cameron Alexander,6,0,30,24
1656741365910,MATH 18,A02,083744,Cinel; Cameron Alexander,15,0,30,15
1656741365910,MATH 18,A03,083745,Cinel; Cameron Alexander,8,0,30,22
1656741365910,MATH 18,B01,083748,Rideout; David Porter,3,0,37,34
1656741365910,MATH 18,B02,083749,Rideout; David Porter,3,0,36,33
1656741365910,MATH 18,B03,083750,Rideout; David Porter,1,0,37,36
1656741365910,MATH 18,B04,083751,Rideout; David Porter,5,0,36,31
1656741365910,MATH 18,B05,093473,Rideout; David Porter,4,0,36,32
1656741365910,MATH 18,B06,093474,Rideout; David Porter,4,0,36,32
1656741371937,MATH 20A,A01,083754,Zheng; Zequn,12,0,40,28
1656741377959,MATH 20B,A01,083756,Briones; Jor-el Thomas Caparas,1,0,36,35
1656741377959,MATH 20B,A02,083757,Briones; Jor-el Thomas Caparas,1,0,36,35
1656741377959,MATH 20B,A03,093475,Briones; Jor-el Thomas Caparas,0,0,36,36
1656741383981,MATH 20C,A01,083760,Briones; Jor-el Thomas Caparas,1,0,35,34
1656741383981,MATH 20C,A02,083761,Briones; Jor-el Thomas Caparas,8,0,35,27
1656741383981,MATH 20C,A03,093476,Briones; Jor-el Thomas Caparas,0,1,36,36
1656741383981,MATH 20C,B01,083762,Bach; Quang Tran,0,0,30,30
1656741390024,MATH 20D,A01,083765,Tran; Brian Kha,4,0,30,26
1656741390024,MATH 20D,A02,083766,Tran; Brian Kha,4,0,30,26
1656741390024,MATH 20D,A03,083767,Tran; Brian Kha,1,0,30,29
1656741396047,MATH 20E,A01,083771,Ganguly; Soumya,4,0,32,28
1656741396047,MATH 20E,A02,083772,Ganguly; Soumya,5,0,32,27
1656741396047,MATH 20E,B01,083773,Ciotti; Benjamin,18,0,35,17
1656741396047,MATH 20E,B02,083774,Ciotti; Benjamin,17,0,35,18
1656741402074,MATH 103A,A01,083777,Greenfeld; Be'Eri,2,0,36,34
1656741402074,MATH 103A,A02,083778,Greenfeld; Be'Eri,5,0,36,31
1656741402074,MATH 103A,A03,093561,Greenfeld; Be'Eri,4,0,36,32
1656741402074,MATH 103A,B01,083779,Greenfeld; Be'Eri,6,0,36,30
1656741402074,MATH 103A,B02,083780,Greenfeld; Be'Eri,2,0,36,34
1656741402074,MATH 103A,B03,093562,Greenfeld; Be'Eri,2,0,36,34
1656741408098,MATH 105,A01,085443,Carter; Anne Toulson,13,0,35,22
1656741408098,MATH 105,A02,093477,Carter; Anne Toulson,20,0,35,15
1656741414127,MATH 109,A01,083213,Ganzberger; Geoffrey Michael,2,0,34,32
1656741414127,MATH 109,A02,083214,Ganzberger; Geoffrey Michael,2,0,34,32
1656741414127,MATH 109,A03,093478,Ganzberger; Geoffrey Michael,1,0,34,33
1656741414127,MATH 109,B01,083215,Ganzberger; Geoffrey Michael,1,0,32,31
1656741414127,MATH 109,B02,083216,Ganzberger; Geoffrey Michael,1,0,32,31
1656741414127,MATH 109,B03,093479,Ganzberger; Geoffrey Michael,7,0,32,25
1656741420159,MATH 142A,A01,083219,Chow; Bennett,6,0,32,26
1656741420159,MATH 142A,A02,083220,Chow; Bennett,9,0,32,23
1656741420159,MATH 142A,A03,093480,Chow; Bennett,7,0,32,25
1656741420159,MATH 142A,B03,093481,Chow; Bennett,7,0,32,25
1656741420159,MATH 142A,B04,093558,Chow; Bennett,10,0,32,22
1656741420159,MATH 142A,B05,093559,Chow; Bennett,5,0,32,27
1656741426195,MATH 193A,A01,083224,Rotar; Vladimir,6,0,34,28
1656741426195,MATH 193A,A02,083225,Rotar; Vladimir,3,0,34,31
1656741426195,MATH 193A,A03,083781,Rotar; Vladimir,1,0,34,33
1656741426195,MATH 193A,A04,083782,Rotar; Vladimir,6,0,34,28
1656741426195,MATH 193A,A05,093482,Rotar; Vladimir,6,0,34,28
1656741432218,MATH 197,001,091859,McAuley; Julian John,9999,0,9999,0
1656741432218,MATH 197,002,095566,Kedlaya; Kiran S.,9997,0,9999,2
1656741432218,MATH 197,003,095567,Xiao; Ming,9999,0,9999,0
1656741432218,MATH 197,004,095571,Perols; Johan Lars,9998,0,9999,1
1656741439267,COGS 9,A01,083615,Shannon; Kyle Michael,6,0,75,69
1656741445289,COGS 11,A01,083617,Boyle; Mary E. T.,17,0,48,31
1656741451312,COGS 13,A01,083071,Bastos; Amalia Pinkusfeld,8,0,71,63
1656741457335,COGS 14A,A01,092681,Semenuks; Arturs,0,1,100,101
1656741463359,COGS 14B,A01,083073,Cheng; Tzu-Han,5,0,63,58
1656741469382,COGS 17,A01,092677,Semenuks; Arturs,4,0,81,77
1656741475409,COGS 100,A01,083619,Allen; Michael Gordon,14,0,70,56
1656741481434,COGS 101A,A01,083621,Davis; Joshua Daniel,9,0,68,59
1656741487456,COGS 101B,A01,091572,Allen; Michael Gordon,8,0,65,57
1656741493480,COGS 101C,A01,083625,Delgado; Tania,17,0,35,18
1656741499508,COGS 107A,A01,083627,Boyle; Mary E. T.,13,0,60,47
1656741505531,COGS 118A,A01,083075,Gupta; Anjum,14,0,76,62
1656741511554,CSE 3,A50,083646,Miranda; Gregory Joseph,22,0,50,28
1656741517578,CSE 8A,A50,083650,Miranda; Gregory Joseph,17,1,56,39
1656741523606,CSE 11,A01,083080,Cao; Yingjun,4,15,40,36
1656741529632,CSE 12,A01,083652,Krause-Levy; Sophia Louisa,20,1,120,100
1656741535656,CSE 15L,A01,083654,Morris; Justin Loren,8,0,50,42
1656741535656,CSE 15L,A02,083655,Morris; Justin Loren,8,0,50,42
1656741541684,CSE 20,A01,083657,Tran; Khoa Dang,37,0,80,43
1656741547710,CSE 21,A01,095574,Bach; Quang Tran,21,0,48,27
1656741553736,CSE 30,A01,083084,Eldon; John,4,0,80,76
1656741553736,CSE 30,B01,095061,Bhaskar; Nishant,5,0,50,45
1656741559763,CSE 100,A01,083659,Cao; Yingjun,1,5,70,69
1656741565785,CSE 134B,A01,083661,Powell; Thomas Allan,18,0,100,82
1656741571809,CSE 140,A01,083663,Gungor; Onat,14,0,85,71
1656741577834,CSE 140L,A01,083088,Eldon; John,16,0,100,84
1656741583858,CSE 175,A01,083665,Kumar; Rakesh,3,0,25,22
1656741589883,CSE 190,A00,092507,Dubnov; Shlomo,7,0,20,13
1656741595910,ECE 45,A01,083139,Congero; Spencer William,5,0,75,70
1656741601947,ECE 65,A50,083695,Saad; Andrew S,12,0,30,18
1656741601947,ECE 65,A51,095125,Saad; Andrew S,25,0,26,1
1656741607969,ECE 109,A01,091882,Touri; Behrouz,14,0,70,56
1656741613995,ECE 180,A00,083140,Abi Samra; Nicholas Camill,0,0,30,30
1656741613995,ECE 180,B00,083141,Abi Samra; Nicholas Camill,0,0,30,30
1656741620024,MATH 10A,A01,083735,Patchell; Gregory David,1,0,30,29
1656741620024,MATH 10A,A02,083736,Patchell; Gregory David,20,0,30,10
1656741620024,MATH 10A,A03,083737,Patchell; Gregory David,15,0,30,15
1656741626046,MATH 10B,A01,083207,Lim; Seonhee,7,0,34,27
1656741626046,MATH 10B,A02,083208,Lim; Seonhee,9,0,35,26
1656741626046,MATH 10B,A03,093472,Lim; Seonhee,4,0,34,30
1656741626046,MATH 10B,B01,083739,Sinha; Shubham,9,0,30,21
1656741632070,MATH 18,A01,083743,Cinel; Cameron Alexander,6,0,30,24
1656741632070,MATH 18,A02,083744,Cinel; Cameron Alexander,15,0,30,15
1656741632070,MATH 18,A03,083745,Cinel; Cameron Alexander,8,0,30,22
1656741632070,MATH 18,B01,083748,Rideout; David Porter,3,0,37,34
1656741632070,MATH 18,B02,083749,Rideout; David Porter,3,0,36,33
1656741632070,MATH 18,B03,083750,Rideout; David Porter,1,0,37,36
1656741632070,MATH 18,B04,083751,Rideout; David Porter,5,0,36,31
1656741632070,MATH 18,B05,093473,Rideout; David Porter,4,0,36,32
1656741632070,MATH 18,B06,093474,Rideout; David Porter,4,0,36,32
1656741638097,MATH 20A,A01,083754,Zheng; Zequn,12,0,40,28
1656741644118,MATH 20B,A01,083756,Briones; Jor-el Thomas Caparas,1,0,36,35
1656741644118,MATH 20B,A02,083757,Briones; Jor-el Thomas Caparas,1,0,36,35
1656741644118,MATH 20B,A03,093475,Briones; Jor-el Thomas Caparas,0,0,36,36
1656741650141,MATH 20C,A01,083760,Briones; Jor-el Thomas Caparas,1,0,35,34
1656741650141,MATH 20C,A02,083761,Briones; Jor-el Thomas Caparas,8,0,35,27
1656741650141,MATH 20C,A03,093476,Briones; Jor-el Thomas Caparas,0,1,36,36
1656741650141,MATH 20C,B01,083762,Bach; Quang Tran,0,0,30,30
1656741656164,MATH 20D,A01,083765,Tran; Brian Kha,4,0,30,26
1656741656164,MATH 20D,A02,083766,Tran; Brian Kha,4,0,30,26
1656741656164,MATH 20D,A03,083767,Tran; Brian Kha,1,0,30,29
1656741662193,MATH 20E,A01,083771,Ganguly; Soumya,4,0,32,28
1656741662193,MATH 20E,A02,083772,Ganguly; Soumya,5,0,32,27
1656741662193,MATH 20E,B01,083773,Ciotti; Benjamin,18,0,35,17
1656741662193,MATH 20E,B02,083774,Ciotti; Benjamin,17,0,35,18
1656741668219,MATH 103A,A01,083777,Greenfeld; Be'Eri,2,0,36,34
1656741668219,MATH 103A,A02,083778,Greenfeld; Be'Eri,5,0,36,31
1656741668219,MATH 103A,A03,093561,Greenfeld; Be'Eri,4,0,36,32
1656741668219,MATH 103A,B01,083779,Greenfeld; Be'Eri,6,0,36,30
1656741668219,MATH 103A,B02,083780,Greenfeld; Be'Eri,2,0,36,34
1656741668219,MATH 103A,B03,093562,Greenfeld; Be'Eri,2,0,36,34
1656741674258,MATH 105,A01,085443,Carter; Anne Toulson,13,0,35,22
1656741674258,MATH 105,A02,093477,Carter; Anne Toulson,20,0,35,15
1656741680283,MATH 109,A01,083213,Ganzberger; Geoffrey Michael,2,0,34,32
1656741680283,MATH 109,A02,083214,Ganzberger; Geoffrey Michael,2,0,34,32
1656741680283,MATH 109,A03,093478,Ganzberger; Geoffrey Michael,1,0,34,33
1656741680283,MATH 109,B01,083215,Ganzberger; Geoffrey Michael,1,0,32,31
1656741680283,MATH 109,B02,083216,Ganzberger; Geoffrey Michael,1,0,32,31
1656741680283,MATH 109,B03,093479,Ganzberger; Geoffrey Michael,7,0,32,25
1656741686311,MATH 142A,A01,083219,Chow; Bennett,6,0,32,26
1656741686311,MATH 142A,A02,083220,Chow; Bennett,9,0,32,23
1656741686311,MATH 142A,A03,093480,Chow; Bennett,7,0,32,25
1656741686311,MATH 142A,B03,093481,Chow; Bennett,7,0,32,25
1656741686311,MATH 142A,B04,093558,Chow; Bennett,10,0,32,22
1656741686311,MATH 142A,B05,093559,Chow; Bennett,5,0,32,27
1656741692341,MATH 193A,A01,083224,Rotar; Vladimir,6,0,34,28
1656741692341,MATH 193A,A02,083225,Rotar; Vladimir,3,0,34,31
1656741692341,MATH 193A,A03,083781,Rotar; Vladimir,1,0,34,33
1656741692341,MATH 193A,A04,083782,Rotar; Vladimir,6,0,34,28
1656741692341,MATH 193A,A05,093482,Rotar; Vladimir,6,0,34,28
1656741698367,MATH 197,001,091859,McAuley; Julian John,9999,0,9999,0
1656741698367,MATH 197,002,095566,Kedlaya; Kiran S.,9997,0,9999,2
1656741698367,MATH 197,003,095567,Xiao; Ming,9999,0,9999,0
1656741698367,MATH 197,004,095571,Perols; Johan Lars,9998,0,9999,1
1656741705427,COGS 9,A01,083615,Shannon; Kyle Michael,6,0,75,69
1656741711451,COGS 11,A01,083617,Boyle; Mary E. T.,17,0,48,31
1656741717484,COGS 13,A01,083071,Bastos; Amalia Pinkusfeld,8,0,71,63
1656741723508,COGS 14A,A01,092681,Semenuks; Arturs,0,1,100,101
1656741729531,COGS 14B,A01,083073,Cheng; Tzu-Han,5,0,63,58
1656741735554,COGS 17,A01,092677,Semenuks; Arturs,4,0,81,77
1656741741582,COGS 100,A01,083619,Allen; Michael Gordon,14,0,70,56
1656741747619,COGS 101A,A01,083621,Davis; Joshua Daniel,9,0,68,59
1656741753686,COGS 101B,A01,091572,Allen; Michael Gordon,8,0,65,57
1656741759715,COGS 101C,A01,083625,Delgado; Tania,17,0,35,18
1656741765743,COGS 107A,A01,083627,Boyle; Mary E. T.,13,0,60,47
1656741771767,COGS 118A,A01,083075,Gupta; Anjum,14,0,76,62
1656741777794,CSE 3,A50,083646,Miranda; Gregory Joseph,22,0,50,28
1656741783821,CSE 8A,A50,083650,Miranda; Gregory Joseph,17,1,56,39
1656741789849,CSE 11,A01,083080,Cao; Yingjun,4,15,40,36
1656741795882,CSE 12,A01,083652,Krause-Levy; Sophia Louisa,20,1,120,100
1656741801911,CSE 15L,A01,083654,Morris; Justin Loren,8,0,50,42
1656741801911,CSE 15L,A02,083655,Morris; Justin Loren,8,0,50,42
1656741807941,CSE 20,A01,083657,Tran; Khoa Dang,37,0,80,43
1656741813984,CSE 21,A01,095574,Bach; Quang Tran,21,0,48,27
1656741820013,CSE 30,A01,083084,Eldon; John,4,0,80,76
1656741820013,CSE 30,B01,095061,Bhaskar; Nishant,5,0,50,45
1656741826038,CSE 100,A01,083659,Cao; Yingjun,1,5,70,69
1656741832073,CSE 134B,A01,083661,Powell; Thomas Allan,18,0,100,82
1656741838101,CSE 140,A01,083663,Gungor; Onat,14,0,85,71
1656741844128,CSE 140L,A01,083088,Eldon; John,16,0,100,84
1656741850241,CSE 175,A01,083665,Kumar; Rakesh,3,0,25,22
1656741856265,CSE 190,A00,092507,Dubnov; Shlomo,7,0,20,13
1656741862295,ECE 45,A01,083139,Congero; Spencer William,5,0,75,70
1656741868320,ECE 65,A50,083695,Saad; Andrew S,12,0,30,18
1656741868320,ECE 65,A51,095125,Saad; Andrew S,25,0,26,1
1656741874345,ECE 109,A01,091882,Touri; Behrouz,14,0,70,56
1656741880369,ECE 180,A00,083140,Abi Samra; Nicholas Camill,0,0,30,30
1656741880369,ECE 180,B00,083141,Abi Samra; Nicholas Camill,0,0,30,30
1656741886407,MATH 10A,A01,083735,Patchell; Gregory David,1,0,30,29
1656741886407,MATH 10A,A02,083736,Patchell; Gregory David,20,0,30,10
1656741886407,MATH 10A,A03,083737,Patchell; Gregory David,15,0,30,15
1656741892433,MATH 10B,A01,083207,Lim; Seonhee,7,0,34,27
1656741892433,MATH 10B,A02,083208,Lim; Seonhee,9,0,35,26
1656741892433,MATH 10B,A03,093472,Lim; Seonhee,4,0,34,30
1656741892433,MATH 10B,B01,083739,Sinha; Shubham,9,0,30,21
1656741898468,MATH 18,A01,083743,Cinel; Cameron Alexander,6,0,30,24
1656741898468,MATH 18,A02,083744,Cinel; Cameron Alexander,15,0,30,15
1656741898468,MATH 18,A03,083745,Cinel; Cameron Alexander,8,0,30,22
1656741898468,MATH 18,B01,083748,Rideout; David Porter,3,0,37,34
1656741898468,MATH 18,B02,083749,Rideout; David Porter,3,0,36,33
1656741898468,MATH 18,B03,083750,Rideout; David Porter,1,0,37,36
1656741898468,MATH 18,B04,083751,Rideout; David Porter,5,0,36,31
1656741898468,MATH 18,B05,093473,Rideout; David Porter,4,0,36,32
1656741898468,MATH 18,B06,093474,Rideout; David Porter,5,0,36,31
1656741904495,MATH 20A,A01,083754,Zheng; Zequn,12,0,40,28
1656741910520,MATH 20B,A01,083756,Briones; Jor-el Thomas Caparas,1,0,36,35
1656741910520,MATH 20B,A02,083757,Briones; Jor-el Thomas Caparas,1,0,36,35
1656741910520,MATH 20B,A03,093475,Briones; Jor-el Thomas Caparas,0,0,36,36
1656741916550,MATH 20C,A01,083760,Briones; Jor-el Thomas Caparas,1,0,35,34
1656741916550,MATH 20C,A02,083761,Briones; Jor-el Thomas Caparas,8,0,35,27
1656741916550,MATH 20C,A03,093476,Briones; Jor-el Thomas Caparas,0,1,36,36
1656741916550,MATH 20C,B01,083762,Bach; Quang Tran,0,0,30,30
1656741922574,MATH 20D,A01,083765,Tran; Brian Kha,4,0,30,26
1656741922574,MATH 20D,A02,083766,Tran; Brian Kha,4,0,30,26
1656741922574,MATH 20D,A03,083767,Tran; Brian Kha,1,0,30,29
1656741928599,MATH 20E,A01,083771,Ganguly; Soumya,5,0,32,27
1656741928599,MATH 20E,A02,083772,Ganguly; Soumya,5,0,32,27
1656741928599,MATH 20E,B01,083773,Ciotti; Benjamin,18,0,35,17
1656741928599,MATH 20E,B02,083774,Ciotti; Benjamin,17,0,35,18
1656741934629,MATH 103A,A01,083777,Greenfeld; Be'Eri,2,0,36,34
1656741934629,MATH 103A,A02,083778,Greenfeld; Be'Eri,5,0,36,31
1656741934629,MATH 103A,A03,093561,Greenfeld; Be'Eri,4,0,36,32
1656741934629,MATH 103A,B01,083779,Greenfeld; Be'Eri,6,0,36,30
1656741934629,MATH 103A,B02,083780,Greenfeld; Be'Eri,2,0,36,34
1656741934629,MATH 103A,B03,093562,Greenfeld; Be'Eri,2,0,36,34
1656741940658,MATH 105,A01,085443,Carter; Anne Toulson,13,0,35,22
1656741940658,MATH 105,A02,093477,Carter; Anne Toulson,20,0,35,15
1656741946686,MATH 109,A01,083213,Ganzberger; Geoffrey Michael,2,0,34,32
1656741946686,MATH 109,A02,083214,Ganzberger; Geoffrey Michael,2,0,34,32
1656741946686,MATH 109,A03,093478,Ganzberger; Geoffrey Michael,1,0,34,33
1656741946686,MATH 109,B01,083215,Ganzberger; Geoffrey Michael,1,0,32,31
1656741946686,MATH 109,B02,083216,Ganzberger; Geoffrey Michael,1,0,32,31
1656741946686,MATH 109,B03,093479,Ganzberger; Geoffrey Michael,7,0,32,25
1656741952710,MATH 142A,A01,083219,Chow; Bennett,6,0,32,26
1656741952710,MATH 142A,A02,083220,Chow; Bennett,9,0,32,23
1656741952710,MATH 142A,A03,093480,Chow; Bennett,7,0,32,25
1656741952710,MATH 142A,B03,093481,Chow; Bennett,7,0,32,25
1656741952710,MATH 142A,B04,093558,Chow; Bennett,10,0,32,22
1656741952710,MATH 142A,B05,093559,Chow; Bennett,5,0,32,27
1656741958735,MATH 193A,A01,083224,Rotar; Vladimir,6,0,34,28
1656741958735,MATH 193A,A02,083225,Rotar; Vladimir,3,0,34,31
1656741958735,MATH 193A,A03,083781,Rotar; Vladimir,1,0,34,33
1656741958735,MATH 193A,A04,083782,Rotar; Vladimir,6,0,34,28
1656741958735,MATH 193A,A05,093482,Rotar; Vladimir,6,0,34,28
1656741964760,MATH 197,001,091859,McAuley; Julian John,9999,0,9999,0
1656741964760,MATH 197,002,095566,Kedlaya; Kiran S.,9997,0,9999,2
1656741964760,MATH 197,003,095567,Xiao; Ming,9999,0,9999,0
1656741964760,MATH 197,004,095571,Perols; Johan Lars,9998,0,9999,1
1656741971824,COGS 9,A01,083615,Shannon; Kyle Michael,6,0,75,69
1656741977850,COGS 11,A01,083617,Boyle; Mary E. T.,17,0,48,31
1656741983874,COGS 13,A01,083071,Bastos; Amalia Pinkusfeld,8,0,71,63
1656741989899,COGS 14A,A01,092681,Semenuks; Arturs,0,1,100,101
1656741995933,COGS 14B,A01,083073,Cheng; Tzu-Han,5,0,63,58
1656742001956,COGS 17,A01,092677,Semenuks; Arturs,4,0,81,77
1656742007979,COGS 100,A01,083619,Allen; Michael Gordon,14,0,70,56
1656742014003,COGS 101A,A01,083621,Davis; Joshua Daniel,9,0,68,59
1656742020030,COGS 101B,A01,091572,Allen; Michael Gordon,8,0,65,57
1656742026057,COGS 101C,A01,083625,Delgado; Tania,17,0,35,18
1656742032089,COGS 107A,A01,083627,Boyle; Mary E. T.,13,0,60,47
1656742038113,COGS 118A,A01,083075,Gupta; Anjum,14,0,76,62
1656742044150,CSE 3,A50,083646,Miranda; Gregory Joseph,22,0,50,28
1656742050177,CSE 8A,A50,083650,Miranda; Gregory Joseph,17,1,56,39
1656742056205,CSE 11,A01,083080,Cao; Yingjun,4,15,40,36
1656742062228,CSE 12,A01,083652,Krause-Levy; Sophia Louisa,20,1,120,100
1656742068253,CSE 15L,A01,083654,Morris; Justin Loren,8,0,50,42
1656742068253,CSE 15L,A02,083655,Morris; Justin Loren,8,0,50,42
1656742074290,CSE 20,A01,083657,Tran; Khoa Dang,37,0,80,43
1656742080316,CSE 21,A01,095574,Bach; Quang Tran,21,0,48,27
1656742086343,CSE 30,A01,083084,Eldon; John,4,0,80,76
1656742086343,CSE 30,B01,095061,Bhaskar; Nishant,5,0,50,45
1656742092370,CSE 100,A01,083659,Cao; Yingjun,1,5,70,69
1656742098393,CSE 134B,A01,083661,Powell; Thomas Allan,18,0,100,82
1656742104425,CSE 140,A01,083663,Gungor; Onat,14,0,85,71
1656742110448,CSE 140L,A01,083088,Eldon; John,16,0,100,84
1656742116485,CSE 175,A01,083665,Kumar; Rakesh,3,0,25,22
1656742122551,CSE 190,A00,092507,Dubnov; Shlomo,7,0,20,13
1656742128579,ECE 45,A01,083139,Congero; Spencer William,5,0,75,70
1656742134606,ECE 65,A50,083695,Saad; Andrew S,12,0,30,18
1656742134606,ECE 65,A51,095125,Saad; Andrew S,25,0,26,1
1656742140631,ECE 109,A01,091882,Touri; Behrouz,14,0,70,56
1656742146657,ECE 180,A00,083140,Abi Samra; Nicholas Camill,0,0,30,30
1656742146657,ECE 180,B00,083141,Abi Samra; Nicholas Camill,0,0,30,30
1656742152680,MATH 10A,A01,083735,Patchell; Gregory David,1,0,30,29
1656742152680,MATH 10A,A02,083736,Patchell; Gregory David,20,0,30,10
1656742152680,MATH 10A,A03,083737,Patchell; Gregory David,15,0,30,15
1656742158707,MATH 10B,A01,083207,Lim; Seonhee,7,0,34,27
1656742158707,MATH 10B,A02,083208,Lim; Seonhee,9,0,35,26
1656742158707,MATH 10B,A03,093472,Lim; Seonhee,4,0,34,30
1656742158707,MATH 10B,B01,083739,Sinha; Shubham,9,0,30,21
1656742164739,MATH 18,A01,083743,Cinel; Cameron Alexander,6,0,30,24
1656742164739,MATH 18,A02,083744,Cinel; Cameron Alexander,15,0,30,15
1656742164739,MATH 18,A03,083745,Cinel; Cameron Alexander,8,0,30,22
1656742164739,MATH 18,B01,083748,Rideout; David Porter,3,0,37,34
1656742164739,MATH 18,B02,083749,Rideout; David Porter,3,0,36,33
1656742164739,MATH 18,B03,083750,Rideout; David Porter,1,0,37,36
1656742164739,MATH 18,B04,083751,Rideout; David Porter,5,0,36,31
1656742164739,MATH 18,B05,093473,Rideout; David Porter,4,0,36,32
1656742164739,MATH 18,B06,093474,Rideout; David Porter,5,0,36,31
1656742170763,MATH 20A,A01,083754,Zheng; Zequn,12,0,40,28
1656742176791,MATH 20B,A01,083756,Briones; Jor-el Thomas Caparas,1,0,36,35
1656742176791,MATH 20B,A02,083757,Briones; Jor-el Thomas Caparas,1,0,36,35
1656742176791,MATH 20B,A03,093475,Briones; Jor-el Thomas Caparas,0,0,36,36
1656742182829,MATH 20C,A01,083760,Briones; Jor-el Thomas Caparas,1,0,35,34
1656742182829,MATH 20C,A02,083761,Briones; Jor-el Thomas Caparas,8,0,35,27
1656742182829,MATH 20C,A03,093476,Briones; Jor-el Thomas Caparas,0,1,36,36
1656742182829,MATH 20C,B01,083762,Bach; Quang Tran,0,0,30,30
1656742188861,MATH 20D,A01,083765,Tran; Brian Kha,4,0,30,26
1656742188861,MATH 20D,A02,083766,Tran; Brian Kha,4,0,30,26
1656742188861,MATH 20D,A03,083767,Tran; Brian Kha,1,0,30,29
1656742194885,MATH 20E,A01,083771,Ganguly; Soumya,5,0,32,27
1656742194885,MATH 20E,A02,083772,Ganguly; Soumya,5,0,32,27
1656742194885,MATH 20E,B01,083773,Ciotti; Benjamin,18,0,35,17
1656742194885,MATH 20E,B02,083774,Ciotti; Benjamin,17,0,35,18
1656742200915,MATH 103A,A01,083777,Greenfeld; Be'Eri,2,0,36,34
1656742200915,MATH 103A,A02,083778,Greenfeld; Be'Eri,5,0,36,31
1656742200915,MATH 103A,A03,093561,Greenfeld; Be'Eri,4,0,36,32
1656742200915,MATH 103A,B01,083779,Greenfeld; Be'Eri,6,0,36,30
1656742200915,MATH 103A,B02,083780,Greenfeld; Be'Eri,2,0,36,34
1656742200915,MATH 103A,B03,093562,Greenfeld; Be'Eri,2,0,36,34
1656742206938,MATH 105,A01,085443,Carter; Anne Toulson,13,0,35,22
1656742206938,MATH 105,A02,093477,Carter; Anne Toulson,20,0,35,15
1656742212980,MATH 109,A01,083213,Ganzberger; Geoffrey Michael,2,0,34,32
1656742212980,MATH 109,A02,083214,Ganzberger; Geoffrey Michael,2,0,34,32
1656742212980,MATH 109,A03,093478,Ganzberger; Geoffrey Michael,1,0,34,33
1656742212980,MATH 109,B01,083215,Ganzberger; Geoffrey Michael,1,0,32,31
1656742212980,MATH 109,B02,083216,Ganzberger; Geoffrey Michael,1,0,32,31
1656742212980,MATH 109,B03,093479,Ganzberger; Geoffrey Michael,7,0,32,25
1656742219005,MATH 142A,A01,083219,Chow; Bennett,6,0,32,26
1656742219005,MATH 142A,A02,083220,Chow; Bennett,9,0,32,23
1656742219005,MATH 142A,A03,093480,Chow; Bennett,7,0,32,25
1656742219005,MATH 142A,B03,093481,Chow; Bennett,7,0,32,25
1656742219005,MATH 142A,B04,093558,Chow; Bennett,10,0,32,22
1656742219005,MATH 142A,B05,093559,Chow; Bennett,5,0,32,27
1656742225032,MATH 193A,A01,083224,Rotar; Vladimir,6,0,34,28
1656742225032,MATH 193A,A02,083225,Rotar; Vladimir,3,0,34,31
1656742225032,MATH 193A,A03,083781,Rotar; Vladimir,1,0,34,33
1656742225032,MATH 193A,A04,083782,Rotar; Vladimir,6,0,34,28
1656742225032,MATH 193A,A05,093482,Rotar; Vladimir,6,0,34,28
1656742231062,MATH 197,001,091859,McAuley; Julian John,9999,0,9999,0
1656742231062,MATH 197,002,095566,Kedlaya; Kiran S.,9997,0,9999,2
1656742231062,MATH 197,003,095567,Xiao; Ming,9999,0,9999,0
1656742231062,MATH 197,004,095571,Perols; Johan Lars,9998,0,9999,1
1656742238128,COGS 9,A01,083615,Shannon; Kyle Michael,6,0,75,69
1656742244151,COGS 11,A01,083617,Boyle; Mary E. T.,17,0,48,31
1656742250177,COGS 13,A01,083071,Bastos; Amalia Pinkusfeld,8,0,71,63
1656742256206,COGS 14A,A01,092681,Semenuks; Arturs,0,1,100,101
1656742262235,COGS 14B,A01,083073,Cheng; Tzu-Han,5,0,63,58
1656742268258,COGS 17,A01,092677,Semenuks; Arturs,4,0,81,77
1656742274288,COGS 100,A01,083619,Allen; Michael Gordon,14,0,70,56
1656742280315,COGS 101A,A01,083621,Davis; Joshua Daniel,9,0,68,59
1656742286342,COGS 101B,A01,091572,Allen; Michael Gordon,8,0,65,57
1656742292365,COGS 101C,A01,083625,Delgado; Tania,17,0,35,18
1656742298390,COGS 107A,A01,083627,Boyle; Mary E. T.,13,0,60,47
1656742304412,COGS 118A,A01,083075,Gupta; Anjum,15,0,76,61
1656742310435,CSE 3,A50,083646,Miranda; Gregory Joseph,22,0,50,28
1656742316458,CSE 8A,A50,083650,Miranda; Gregory Joseph,17,1,56,39
1656742322484,CSE 11,A01,083080,Cao; Yingjun,4,15,40,36
1656742328507,CSE 12,A01,083652,Krause-Levy; Sophia Louisa,20,1,120,100
1656742334534,CSE 15L,A01,083654,Morris; Justin Loren,8,0,50,42
1656742334534,CSE 15L,A02,083655,Morris; Justin Loren,8,0,50,42
1656742340558,CSE 20,A01,083657,Tran; Khoa Dang,37,0,80,43
1656742346582,CSE 21,A01,095574,Bach; Quang Tran,21,0,48,27
1656742352610,CSE 30,A01,083084,Eldon; John,4,0,80,76
1656742352610,CSE 30,B01,095061,Bhaskar; Nishant,5,0,50,45
1656742358636,CSE 100,A01,083659,Cao; Yingjun,1,5,70,69
1656742374113,CSE 134B,A01,083661,Powell; Thomas Allan,18,0,100,82
1656742380142,CSE 140,A01,083663,Gungor; Onat,14,0,85,71
1656742386165,CSE 140L,A01,083088,Eldon; John,16,0,100,84
1656742392192,CSE 175,A01,083665,Kumar; Rakesh,3,0,25,22
1656742398218,CSE 190,A00,092507,Dubnov; Shlomo,7,0,20,13
1656742404243,ECE 45,A01,083139,Congero; Spencer William,5,0,75,70
1656742410265,ECE 65,A50,083695,Saad; Andrew S,12,0,30,18
1656742410265,ECE 65,A51,095125,Saad; Andrew S,25,0,26,1
1656742416289,ECE 109,A01,091882,Touri; Behrouz,14,0,70,56
1656742422322,ECE 180,A00,083140,Abi Samra; Nicholas Camill,0,0,30,30
1656742422322,ECE 180,B00,083141,Abi Samra; Nicholas Camill,0,0,30,30
1656742428346,MATH 10A,A01,083735,Patchell; Gregory David,1,0,30,29
1656742428346,MATH 10A,A02,083736,Patchell; Gregory David,20,0,30,10
1656742428346,MATH 10A,A03,083737,Patchell; Gregory David,15,0,30,15
1656742434370,MATH 10B,A01,083207,Lim; Seonhee,7,0,34,27
1656742434370,MATH 10B,A02,083208,Lim; Seonhee,9,0,35,26
1656742434370,MATH 10B,A03,093472,Lim; Seonhee,4,0,34,30
1656742434370,MATH 10B,B01,083739,Sinha; Shubham,9,0,30,21
1656742440402,MATH 18,A01,083743,Cinel; Cameron Alexander,6,0,30,24
1656742440402,MATH 18,A02,083744,Cinel; Cameron Alexander,15,0,30,15
1656742440402,MATH 18,A03,083745,Cinel; Cameron Alexander,8,0,30,22
1656742440402,MATH 18,B01,083748,Rideout; David Porter,3,0,37,34
1656742440402,MATH 18,B02,083749,Rideout; David Porter,3,0,36,33
1656742440402,MATH 18,B03,083750,Rideout; David Porter,1,0,37,36
1656742440402,MATH 18,B04,083751,Rideout; David Porter,5,0,36,31
1656742440402,MATH 18,B05,093473,Rideout; David Porter,4,0,36,32
1656742440402,MATH 18,B06,093474,Rideout; David Porter,5,0,36,31
1656742446426,MATH 20A,A01,083754,Zheng; Zequn,12,0,40,28
1656742452455,MATH 20B,A01,083756,Briones; Jor-el Thomas Caparas,1,0,36,35
1656742452455,MATH 20B,A02,083757,Briones; Jor-el Thomas Caparas,1,0,36,35
1656742452455,MATH 20B,A03,093475,Briones; Jor-el Thomas Caparas,0,0,36,36
1656742458594,MATH 20C,A01,083760,Briones; Jor-el Thomas Caparas,1,0,35,34
1656742458594,MATH 20C,A02,083761,Briones; Jor-el Thomas Caparas,8,0,35,27
1656742458594,MATH 20C,A03,093476,Briones; Jor-el Thomas Caparas,0,1,36,36
1656742458594,MATH 20C,B01,083762,Bach; Quang Tran,0,0,30,30
1656742464618,MATH 20D,A01,083765,Tran; Brian Kha,4,0,30,26
1656742464618,MATH 20D,A02,083766,Tran; Brian Kha,4,0,30,26
1656742464618,MATH 20D,A03,083767,Tran; Brian Kha,1,0,30,29
1656742470643,MATH 20E,A01,083771,Ganguly; Soumya,5,0,32,27
1656742470643,MATH 20E,A02,083772,Ganguly; Soumya,5,0,32,27
1656742470643,MATH 20E,B01,083773,Ciotti; Benjamin,18,0,35,17
1656742470643,MATH 20E,B02,083774,Ciotti; Benjamin,17,0,35,18
1656742476675,MATH 103A,A01,083777,Greenfeld; Be'Eri,2,0,36,34
1656742476675,MATH 103A,A02,083778,Greenfeld; Be'Eri,5,0,36,31
1656742476675,MATH 103A,A03,093561,Greenfeld; Be'Eri,4,0,36,32
1656742476675,MATH 103A,B01,083779,Greenfeld; Be'Eri,6,0,36,30
1656742476675,MATH 103A,B02,083780,Greenfeld; Be'Eri,2,0,36,34
1656742476675,MATH 103A,B03,093562,Greenfeld; Be'Eri,2,0,36,34
1656742482741,MATH 105,A01,085443,Carter; Anne Toulson,13,0,35,22
1656742482741,MATH 105,A02,093477,Carter; Anne Toulson,20,0,35,15
1656742488764,MATH 109,A01,083213,Ganzberger; Geoffrey Michael,2,0,34,32
1656742488764,MATH 109,A02,083214,Ganzberger; Geoffrey Michael,2,0,34,32
1656742488764,MATH 109,A03,093478,Ganzberger; Geoffrey Michael,1,0,34,33
1656742488764,MATH 109,B01,083215,Ganzberger; Geoffrey Michael,1,0,32,31
1656742488764,MATH 109,B02,083216,Ganzberger; Geoffrey Michael,1,0,32,31
1656742488764,MATH 109,B03,093479,Ganzberger; Geoffrey Michael,6,0,32,26
1656742494790,MATH 142A,A01,083219,Chow; Bennett,6,0,32,26
1656742494790,MATH 142A,A02,083220,Chow; Bennett,9,0,32,23
1656742494790,MATH 142A,A03,093480,Chow; Bennett,7,0,32,25
1656742494790,MATH 142A,B03,093481,Chow; Bennett,7,0,32,25
1656742494790,MATH 142A,B04,093558,Chow; Bennett,10,0,32,22
1656742494790,MATH 142A,B05,093559,Chow; Bennett,5,0,32,27
1656742500819,MATH 193A,A01,083224,Rotar; Vladimir,6,0,34,28
1656742500819,MATH 193A,A02,083225,Rotar; Vladimir,3,0,34,31
1656742500819,MATH 193A,A03,083781,Rotar; Vladimir,1,0,34,33
1656742500819,MATH 193A,A04,083782,Rotar; Vladimir,6,0,34,28
1656742500819,MATH 193A,A05,093482,Rotar; Vladimir,6,0,34,28
1656742506846,MATH 197,001,091859,McAuley; Julian John,9999,0,9999,0
1656742506846,MATH 197,002,095566,Kedlaya; Kiran S.,9997,0,9999,2
1656742506846,MATH 197,003,095567,Xiao; Ming,9999,0,9999,0
1656742506846,MATH 197,004,095571,Perols; Johan Lars,9998,0,9999,1
1656742513912,COGS 9,A01,083615,Shannon; Kyle Michael,6,0,75,69
1656742519939,COGS 11,A01,083617,Boyle; Mary E. T.,17,0,48,31
1656742525964,COGS 13,A01,083071,Bastos; Amalia Pinkusfeld,8,0,71,63
1656742531987,COGS 14A,A01,092681,Semenuks; Arturs,0,1,100,101
1656742538015,COGS 14B,A01,083073,Cheng; Tzu-Han,5,0,63,58
1656742544038,COGS 17,A01,092677,Semenuks; Arturs,4,0,81,77
1656742550071,COGS 100,A01,083619,Allen; Michael Gordon,14,0,70,56
1656742556095,COGS 101A,A01,083621,Davis; Joshua Daniel,9,0,68,59
1656742562119,COGS 101B,A01,091572,Allen; Michael Gordon,8,0,65,57
1656742568148,COGS 101C,A01,083625,Delgado; Tania,17,0,35,18
1656742574174,COGS 107A,A01,083627,Boyle; Mary E. T.,13,0,60,47
1656742580202,COGS 118A,A01,083075,Gupta; Anjum,15,0,76,61
1656742586227,CSE 3,A50,083646,Miranda; Gregory Joseph,22,0,50,28
1656742592251,CSE 8A,A50,083650,Miranda; Gregory Joseph,17,1,56,39
1656742598272,CSE 11,A01,083080,Cao; Yingjun,4,15,40,36
1656742604298,CSE 12,A01,083652,Krause-Levy; Sophia Louisa,20,1,120,100
1656742610324,CSE 15L,A01,083654,Morris; Justin Loren,8,0,50,42
1656742610324,CSE 15L,A02,083655,Morris; Justin Loren,8,0,50,42
1656742616347,CSE 20,A01,083657,Tran; Khoa Dang,37,0,80,43
1656742622375,CSE 21,A01,095574,Bach; Quang Tran,21,0,48,27
1656742628415,CSE 30,A01,083084,Eldon; John,4,0,80,76
1656742628415,CSE 30,B01,095061,Bhaskar; Nishant,5,0,50,45
1656742634438,CSE 100,A01,083659,Cao; Yingjun,1,5,70,69
1656742640460,CSE 134B,A01,083661,Powell; Thomas Allan,18,0,100,82
1656742646484,CSE 140,A01,083663,Gungor; Onat,14,0,85,71
1656742652508,CSE 140L,A01,083088,Eldon; John,16,0,100,84
1656742658530,CSE 175,A01,083665,Kumar; Rakesh,3,0,25,22
1656742664553,CSE 190,A00,092507,Dubnov; Shlomo,7,0,20,13
1656742670586,ECE 45,A01,083139,Congero; Spencer William,5,0,75,70
1656742676609,ECE 65,A50,083695,Saad; Andrew S,12,0,30,18
1656742676609,ECE 65,A51,095125,Saad; Andrew S,25,0,26,1
1656742682633,ECE 109,A01,091882,Touri; Behrouz,14,0,70,56
1656742688663,ECE 180,A00,083140,Abi Samra; Nicholas Camill,0,0,30,30
1656742688663,ECE 180,B00,083141,Abi Samra; Nicholas Camill,0,0,30,30
1656742694694,MATH 10A,A01,083735,Patchell; Gregory David,1,0,30,29
1656742694694,MATH 10A,A02,083736,Patchell; Gregory David,20,0,30,10
1656742694694,MATH 10A,A03,083737,Patchell; Gregory David,15,0,30,15
1656742700719,MATH 10B,A01,083207,Lim; Seonhee,7,0,34,27
1656742700719,MATH 10B,A02,083208,Lim; Seonhee,9,0,35,26
1656742700719,MATH 10B,A03,093472,Lim; Seonhee,4,0,34,30
1656742700719,MATH 10B,B01,083739,Sinha; Shubham,9,0,30,21
1656742706762,MATH 18,A01,083743,Cinel; Cameron Alexander,6,0,30,24
1656742706762,MATH 18,A02,083744,Cinel; Cameron Alexander,15,0,30,15
1656742706762,MATH 18,A03,083745,Cinel; Cameron Alexander,8,0,30,22
1656742706762,MATH 18,B01,083748,Rideout; David Porter,3,0,37,34
1656742706762,MATH 18,B02,083749,Rideout; David Porter,3,0,36,33
1656742706762,MATH 18,B03,083750,Rideout; David Porter,1,0,37,36
1656742706762,MATH 18,B04,083751,Rideout; David Porter,5,0,36,31
1656742706762,MATH 18,B05,093473,Rideout; David Porter,4,0,36,32
1656742706762,MATH 18,B06,093474,Rideout; David Porter,5,0,36,31
1656742712789,MATH 20A,A01,083754,Zheng; Zequn,12,0,40,28
1656742718817,MATH 20B,A01,083756,Briones; Jor-el Thomas Caparas,1,0,36,35
1656742718817,MATH 20B,A02,083757,Briones; Jor-el Thomas Caparas,1,0,36,35
1656742718817,MATH 20B,A03,093475,Briones; Jor-el Thomas Caparas,0,0,36,36
1656742724841,MATH 20C,A01,083760,Briones; Jor-el Thomas Caparas,1,0,35,34
1656742724841,MATH 20C,A02,083761,Briones; Jor-el Thomas Caparas,8,0,35,27
1656742724841,MATH 20C,A03,093476,Briones; Jor-el Thomas Caparas,0,1,36,36
1656742724841,MATH 20C,B01,083762,Bach; Quang Tran,0,0,30,30
1656742730871,MATH 20D,A01,083765,Tran; Brian Kha,4,0,30,26
1656742730871,MATH 20D,A02,083766,Tran; Brian Kha,4,0,30,26
1656742730871,MATH 20D,A03,083767,Tran; Brian Kha,1,0,30,29
1656742736896,MATH 20E,A01,083771,Ganguly; Soumya,5,0,32,27
1656742736896,MATH 20E,A02,083772,Ganguly; Soumya,5,0,32,27
1656742736896,MATH 20E,B01,083773,Ciotti; Benjamin,18,0,35,17
1656742736896,MATH 20E,B02,083774,Ciotti; Benjamin,17,0,35,18
1656742742922,MATH 103A,A01,083777,Greenfeld; Be'Eri,2,0,36,34
1656742742922,MATH 103A,A02,083778,Greenfeld; Be'Eri,5,0,36,31
1656742742922,MATH 103A,A03,093561,Greenfeld; Be'Eri,4,0,36,32
1656742742922,MATH 103A,B01,083779,Greenfeld; Be'Eri,6,0,36,30
1656742742922,MATH 103A,B02,083780,Greenfeld; Be'Eri,2,0,36,34
1656742742922,MATH 103A,B03,093562,Greenfeld; Be'Eri,2,0,36,34
1656742748952,MATH 105,A01,085443,Carter; Anne Toulson,13,0,35,22
1656742748952,MATH 105,A02,093477,Carter; Anne Toulson,20,0,35,15
1656742754981,MATH 109,A01,083213,Ganzberger; Geoffrey Michael,2,0,34,32
1656742754981,MATH 109,A02,083214,Ganzberger; Geoffrey Michael,2,0,34,32
1656742754981,MATH 109,A03,093478,Ganzberger; Geoffrey Michael,1,0,34,33
1656742754981,MATH 109,B01,083215,Ganzberger; Geoffrey Michael,1,0,32,31
1656742754981,MATH 109,B02,083216,Ganzberger; Geoffrey Michael,1,0,32,31
1656742754981,MATH 109,B03,093479,Ganzberger; Geoffrey Michael,6,0,32,26
1656742761013,MATH 142A,A01,083219,Chow; Bennett,6,0,32,26
1656742761013,MATH 142A,A02,083220,Chow; Bennett,9,0,32,23
1656742761013,MATH 142A,A03,093480,Chow; Bennett,7,0,32,25
1656742761013,MATH 142A,B03,093481,Chow; Bennett,7,0,32,25
1656742761013,MATH 142A,B04,093558,Chow; Bennett,10,0,32,22
1656742761013,MATH 142A,B05,093559,Chow; Bennett,5,0,32,27
1656742767037,MATH 193A,A01,083224,Rotar; Vladimir,6,0,34,28
1656742767037,MATH 193A,A02,083225,Rotar; Vladimir,3,0,34,31
1656742767037,MATH 193A,A03,083781,Rotar; Vladimir,1,0,34,33
1656742767037,MATH 193A,A04,083782,Rotar; Vladimir,6,0,34,28
1656742767037,MATH 193A,A05,093482,Rotar; Vladimir,6,0,34,28
1656742773062,MATH 197,001,091859,McAuley; Julian John,9999,0,9999,0
1656742773062,MATH 197,002,095566,Kedlaya; Kiran S.,9997,0,9999,2
1656742773062,MATH 197,003,095567,Xiao; Ming,9999,0,9999,0
1656742773062,MATH 197,004,095571,Perols; Johan Lars,9998,0,9999,1
1656742780134,COGS 9,A01,083615,Shannon; Kyle Michael,6,0,75,69
1656742786161,COGS 11,A01,083617,Boyle; Mary E. T.,17,0,48,31
1656742792185,COGS 13,A01,083071,Bastos; Amalia Pinkusfeld,8,0,71,63
1656742798212,COGS 14A,A01,092681,Semenuks; Arturs,0,1,100,101
1656742804239,COGS 14B,A01,083073,Cheng; Tzu-Han,5,0,63,58
1656742810263,COGS 17,A01,092677,Semenuks; Arturs,4,0,81,77
1656742816285,COGS 100,A01,083619,Allen; Michael Gordon,14,0,70,56
1656742822309,COGS 101A,A01,083621,Davis; Joshua Daniel,9,0,68,59
1656742828335,COGS 101B,A01,091572,Allen; Michael Gordon,8,0,65,57
1656742834359,COGS 101C,A01,083625,Delgado; Tania,17,0,35,18
1656742840382,COGS 107A,A01,083627,Boyle; Mary E. T.,13,0,60,47
1656742846405,COGS 118A,A01,083075,Gupta; Anjum,15,0,76,61
1656742852428,CSE 3,A50,083646,Miranda; Gregory Joseph,22,0,50,28
1656742858451,CSE 8A,A50,083650,Miranda; Gregory Joseph,17,1,56,39
1656742864478,CSE 11,A01,083080,Cao; Yingjun,4,15,40,36
1656742870513,CSE 12,A01,083652,Krause-Levy; Sophia Louisa,20,1,120,100
1656742876548,CSE 15L,A01,083654,Morris; Justin Loren,8,0,50,42
1656742876548,CSE 15L,A02,083655,Morris; Justin Loren,8,0,50,42
1656742882570,CSE 20,A01,083657,Tran; Khoa Dang,37,0,80,43
1656742888596,CSE 21,A01,095574,Bach; Quang Tran,21,0,48,27
1656742894624,CSE 30,A01,083084,Eldon; John,4,0,80,76
1656742894624,CSE 30,B01,095061,Bhaskar; Nishant,5,0,50,45
1656742900647,CSE 100,A01,083659,Cao; Yingjun,1,5,70,69
1656742906675,CSE 134B,A01,083661,Powell; Thomas Allan,18,0,100,82
1656742912702,CSE 140,A01,083663,Gungor; Onat,14,0,85,71
1656742918736,CSE 140L,A01,083088,Eldon; John,16,0,100,84
1656742924761,CSE 175,A01,083665,Kumar; Rakesh,3,0,25,22
1656742930787,CSE 190,A00,092507,Dubnov; Shlomo,7,0,20,13
1656742936809,ECE 45,A01,083139,Congero; Spencer William,5,0,75,70
1656742942833,ECE 65,A50,083695,Saad; Andrew S,12,0,30,18
1656742942833,ECE 65,A51,095125,Saad; Andrew S,25,0,26,1
1656742948855,ECE 109,A01,091882,Touri; Behrouz,14,0,70,56
1656742954893,ECE 180,A00,083140,Abi Samra; Nicholas Camill,0,0,30,30
1656742954893,ECE 180,B00,083141,Abi Samra; Nicholas Camill,0,0,30,30
1656742960921,MATH 10A,A01,083735,Patchell; Gregory David,1,0,30,29
1656742960921,MATH 10A,A02,083736,Patchell; Gregory David,20,0,30,10
1656742960921,MATH 10A,A03,083737,Patchell; Gregory David,15,0,30,15
1656742966946,MATH 10B,A01,083207,Lim; Seonhee,7,0,34,27
1656742966946,MATH 10B,A02,083208,Lim; Seonhee,9,0,35,26
1656742966946,MATH 10B,A03,093472,Lim; Seonhee,4,0,34,30
1656742966946,MATH 10B,B01,083739,Sinha; Shubham,9,0,30,21
1656742972977,MATH 18,A01,083743,Cinel; Cameron Alexander,6,0,30,24
1656742972977,MATH 18,A02,083744,Cinel; Cameron Alexander,15,0,30,15
1656742972977,MATH 18,A03,083745,Cinel; Cameron Alexander,8,0,30,22
1656742972977,MATH 18,B01,083748,Rideout; David Porter,3,0,37,34
1656742972977,MATH 18,B02,083749,Rideout; David Porter,3,0,36,33
1656742972977,MATH 18,B03,083750,Rideout; David Porter,1,0,37,36
1656742972977,MATH 18,B04,083751,Rideout; David Porter,5,0,36,31
1656742972977,MATH 18,B05,093473,Rideout; David Porter,4,0,36,32
1656742972977,MATH 18,B06,093474,Rideout; David Porter,5,0,36,31
1656742979006,MATH 20A,A01,083754,Zheng; Zequn,12,0,40,28
1656742985030,MATH 20B,A01,083756,Briones; Jor-el Thomas Caparas,1,0,36,35
1656742985030,MATH 20B,A02,083757,Briones; Jor-el Thomas Caparas,1,0,36,35
1656742985030,MATH 20B,A03,093475,Briones; Jor-el Thomas Caparas,0,0,36,36
1656742991057,MATH 20C,A01,083760,Briones; Jor-el Thomas Caparas,1,0,35,34
1656742991057,MATH 20C,A02,083761,Briones; Jor-el Thomas Caparas,8,0,35,27
1656742991057,MATH 20C,A03,093476,Briones; Jor-el Thomas Caparas,0,1,36,36
1656742991057,MATH 20C,B01,083762,Bach; Quang Tran,0,0,30,30
1656742997080,MATH 20D,A01,083765,Tran; Brian Kha,4,0,30,26
1656742997080,MATH 20D,A02,083766,Tran; Brian Kha,4,0,30,26
1656742997080,MATH 20D,A03,083767,Tran; Brian Kha,2,0,30,28
1656743003104,MATH 20E,A01,083771,Ganguly; Soumya,5,0,32,27
1656743003104,MATH 20E,A02,083772,Ganguly; Soumya,5,0,32,27
1656743003104,MATH 20E,B01,083773,Ciotti; Benjamin,18,0,35,17
1656743003104,MATH 20E,B02,083774,Ciotti; Benjamin,17,0,35,18
1656743009127,MATH 103A,A01,083777,Greenfeld; Be'Eri,2,0,36,34
1656743009127,MATH 103A,A02,083778,Greenfeld; Be'Eri,5,0,36,31
1656743009127,MATH 103A,A03,093561,Greenfeld; Be'Eri,4,0,36,32
1656743009127,MATH 103A,B01,083779,Greenfeld; Be'Eri,6,0,36,30
1656743009127,MATH 103A,B02,083780,Greenfeld; Be'Eri,2,0,36,34
1656743009127,MATH 103A,B03,093562,Greenfeld; Be'Eri,2,0,36,34
1656743015155,MATH 105,A01,085443,Carter; Anne Toulson,13,0,35,22
1656743015155,MATH 105,A02,093477,Carter; Anne Toulson,20,0,35,15
1656743021185,MATH 109,A01,083213,Ganzberger; Geoffrey Michael,2,0,34,32
1656743021185,MATH 109,A02,083214,Ganzberger; Geoffrey Michael,2,0,34,32
1656743021185,MATH 109,A03,093478,Ganzberger; Geoffrey Michael,1,0,34,33
1656743021185,MATH 109,B01,083215,Ganzberger; Geoffrey Michael,1,0,32,31
1656743021185,MATH 109,B02,083216,Ganzberger; Geoffrey Michael,1,0,32,31
1656743021185,MATH 109,B03,093479,Ganzberger; Geoffrey Michael,6,0,32,26
1656743027208,MATH 142A,A01,083219,Chow; Bennett,6,0,32,26
1656743027208,MATH 142A,A02,083220,Chow; Bennett,9,0,32,23
1656743027208,MATH 142A,A03,093480,Chow; Bennett,7,0,32,25
1656743027208,MATH 142A,B03,093481,Chow; Bennett,7,0,32,25
1656743027208,MATH 142A,B04,093558,Chow; Bennett,10,0,32,22
1656743027208,MATH 142A,B05,093559,Chow; Bennett,5,0,32,27
1656743033235,MATH 193A,A01,083224,Rotar; Vladimir,6,0,34,28
1656743033235,MATH 193A,A02,083225,Rotar; Vladimir,3,0,34,31
1656743033235,MATH 193A,A03,083781,Rotar; Vladimir,1,0,34,33
1656743033235,MATH 193A,A04,083782,Rotar; Vladimir,6,0,34,28
1656743033235,MATH 193A,A05,093482,Rotar; Vladimir,6,0,34,28
1656743039256,MATH 197,001,091859,McAuley; Julian John,9999,0,9999,0
1656743039256,MATH 197,002,095566,Kedlaya; Kiran S.,9997,0,9999,2
1656743039256,MATH 197,003,095567,Xiao; Ming,9999,0,9999,0
1656743039256,MATH 197,004,095571,Perols; Johan Lars,9998,0,9999,1
1656743046319,COGS 9,A01,083615,Shannon; Kyle Michael,6,0,75,69
1656743052416,COGS 11,A01,083617,Boyle; Mary E. T.,17,0,48,31
1656743058438,COGS 13,A01,083071,Bastos; Amalia Pinkusfeld,8,0,71,63
1656743064465,COGS 14A,A01,092681,Semenuks; Arturs,0,1,100,101
1656743070489,COGS 14B,A01,083073,Cheng; Tzu-Han,5,0,63,58
1656743076517,COGS 17,A01,092677,Semenuks; Arturs,4,0,81,77
1656743082540,COGS 100,A01,083619,Allen; Michael Gordon,14,0,70,56
1656743088564,COGS 101A,A01,083621,Davis; Joshua Daniel,9,0,68,59
1656743094589,COGS 101B,A01,091572,Allen; Michael Gordon,8,0,65,57
1656743100613,COGS 101C,A01,083625,Delgado; Tania,17,0,35,18
1656743106635,COGS 107A,A01,083627,Boyle; Mary E. T.,13,0,60,47
1656743112656,COGS 118A,A01,083075,Gupta; Anjum,15,0,76,61
1656743118686,CSE 3,A50,083646,Miranda; Gregory Joseph,22,0,50,28
1656743124717,CSE 8A,A50,083650,Miranda; Gregory Joseph,17,1,56,39
1656743130744,CSE 11,A01,083080,Cao; Yingjun,4,15,40,36
1656743136768,CSE 12,A01,083652,Krause-Levy; Sophia Louisa,20,1,120,100
1656743142794,CSE 15L,A01,083654,Morris; Justin Loren,8,0,50,42
1656743142794,CSE 15L,A02,083655,Morris; Justin Loren,8,0,50,42
1656743148816,CSE 20,A01,083657,Tran; Khoa Dang,37,0,80,43
1656743154841,CSE 21,A01,095574,Bach; Quang Tran,21,0,48,27
1656743160865,CSE 30,A01,083084,Eldon; John,4,0,80,76
1656743160865,CSE 30,B01,095061,Bhaskar; Nishant,5,0,50,45
1656743166893,CSE 100,A01,083659,Cao; Yingjun,1,5,70,69
1656743172920,CSE 134B,A01,083661,Powell; Thomas Allan,18,0,100,82
1656743178943,CSE 140,A01,083663,Gungor; Onat,14,0,85,71
1656743184967,CSE 140L,A01,083088,Eldon; John,16,0,100,84
1656743190989,CSE 175,A01,083665,Kumar; Rakesh,3,0,25,22
1656743197012,CSE 190,A00,092507,Dubnov; Shlomo,7,0,20,13
1656743203036,ECE 45,A01,083139,Congero; Spencer William,5,0,75,70
1656743209059,ECE 65,A50,083695,Saad; Andrew S,12,0,30,18
1656743209059,ECE 65,A51,095125,Saad; Andrew S,25,0,26,1
1656743215086,ECE 109,A01,091882,Touri; Behrouz,14,0,70,56
1656743221109,ECE 180,A00,083140,Abi Samra; Nicholas Camill,0,0,30,30
1656743221109,ECE 180,B00,083141,Abi Samra; Nicholas Camill,0,0,30,30
1656743227135,MATH 10A,A01,083735,Patchell; Gregory David,1,0,30,29
1656743227135,MATH 10A,A02,083736,Patchell; Gregory David,20,0,30,10
1656743227135,MATH 10A,A03,083737,Patchell; Gregory David,15,0,30,15
1656743233176,MATH 10B,A01,083207,Lim; Seonhee,7,0,34,27
1656743233176,MATH 10B,A02,083208,Lim; Seonhee,9,0,35,26
1656743233176,MATH 10B,A03,093472,Lim; Seonhee,4,0,34,30
1656743233176,MATH 10B,B01,083739,Sinha; Shubham,9,0,30,21
1656743239202,MATH 18,A01,083743,Cinel; Cameron Alexander,6,0,30,24
1656743239202,MATH 18,A02,083744,Cinel; Cameron Alexander,15,0,30,15
1656743239202,MATH 18,A03,083745,Cinel; Cameron Alexander,8,0,30,22
1656743239202,MATH 18,B01,083748,Rideout; David Porter,3,0,37,34
1656743239202,MATH 18,B02,083749,Rideout; David Porter,3,0,36,33
1656743239202,MATH 18,B03,083750,Rideout; David Porter,1,0,37,36
1656743239202,MATH 18,B04,083751,Rideout; David Porter,5,0,36,31
1656743239202,MATH 18,B05,093473,Rideout; David Porter,4,0,36,32
1656743239202,MATH 18,B06,093474,Rideout; David Porter,5,0,36,31
1656743245236,MATH 20A,A01,083754,Zheng; Zequn,12,0,40,28
1656743251270,MATH 20B,A01,083756,Briones; Jor-el Thomas Caparas,1,0,36,35
1656743251270,MATH 20B,A02,083757,Briones; Jor-el Thomas Caparas,1,0,36,35
1656743251270,MATH 20B,A03,093475,Briones; Jor-el Thomas Caparas,0,0,36,36
1656743257293,MATH 20C,A01,083760,Briones; Jor-el Thomas Caparas,1,0,35,34
1656743257293,MATH 20C,A02,083761,Briones; Jor-el Thomas Caparas,8,0,35,27
1656743257293,MATH 20C,A03,093476,Briones; Jor-el Thomas Caparas,0,1,36,36
1656743257293,MATH 20C,B01,083762,Bach; Quang Tran,0,0,30,30
1656743263319,MATH 20D,A01,083765,Tran; Brian Kha,4,0,30,26
1656743263319,MATH 20D,A02,083766,Tran; Brian Kha,4,0,30,26
1656743263319,MATH 20D,A03,083767,Tran; Brian Kha,2,0,30,28
1656743269343,MATH 20E,A01,083771,Ganguly; Soumya,5,0,32,27
1656743269343,MATH 20E,A02,083772,Ganguly; Soumya,5,0,32,27
1656743269343,MATH 20E,B01,083773,Ciotti; Benjamin,18,0,35,17
1656743269343,MATH 20E,B02,083774,Ciotti; Benjamin,17,0,35,18
1656743275367,MATH 103A,A01,083777,Greenfeld; Be'Eri,2,0,36,34
1656743275367,MATH 103A,A02,083778,Greenfeld; Be'Eri,5,0,36,31
1656743275367,MATH 103A,A03,093561,Greenfeld; Be'Eri,4,0,36,32
1656743275367,MATH 103A,B01,083779,Greenfeld; Be'Eri,6,0,36,30
1656743275367,MATH 103A,B02,083780,Greenfeld; Be'Eri,2,0,36,34
1656743275367,MATH 103A,B03,093562,Greenfeld; Be'Eri,2,0,36,34
1656743281391,MATH 105,A01,085443,Carter; Anne Toulson,13,0,35,22
1656743281391,MATH 105,A02,093477,Carter; Anne Toulson,20,0,35,15
1656743287414,MATH 109,A01,083213,Ganzberger; Geoffrey Michael,2,0,34,32
1656743287414,MATH 109,A02,083214,Ganzberger; Geoffrey Michael,2,0,34,32
1656743287414,MATH 109,A03,093478,Ganzberger; Geoffrey Michael,1,0,34,33
1656743287414,MATH 109,B01,083215,Ganzberger; Geoffrey Michael,1,0,32,31
1656743287414,MATH 109,B02,083216,Ganzberger; Geoffrey Michael,1,0,32,31
1656743287414,MATH 109,B03,093479,Ganzberger; Geoffrey Michael,6,0,32,26
1656743293447,MATH 142A,A01,083219,Chow; Bennett,6,0,32,26
1656743293447,MATH 142A,A02,083220,Chow; Bennett,9,0,32,23
1656743293447,MATH 142A,A03,093480,Chow; Bennett,7,0,32,25
1656743293447,MATH 142A,B03,093481,Chow; Bennett,7,0,32,25
1656743293447,MATH 142A,B04,093558,Chow; Bennett,10,0,32,22
1656743293447,MATH 142A,B05,093559,Chow; Bennett,5,0,32,27
1656743299471,MATH 193A,A01,083224,Rotar; Vladimir,6,0,34,28
1656743299471,MATH 193A,A02,083225,Rotar; Vladimir,3,0,34,31
1656743299471,MATH 193A,A03,083781,Rotar; Vladimir,1,0,34,33
1656743299471,MATH 193A,A04,083782,Rotar; Vladimir,6,0,34,28
1656743299471,MATH 193A,A05,093482,Rotar; Vladimir,6,0,34,28
1656743305494,MATH 197,001,091859,McAuley; Julian John,9999,0,9999,0
1656743305494,MATH 197,002,095566,Kedlaya; Kiran S.,9997,0,9999,2
1656743305494,MATH 197,003,095567,Xiao; Ming,9999,0,9999,0
1656743305494,MATH 197,004,095571,Perols; Johan Lars,9998,0,9999,1
1656743312555,COGS 9,A01,083615,Shannon; Kyle Michael,6,0,75,69
1656743318578,COGS 11,A01,083617,Boyle; Mary E. T.,17,0,48,31
1656743324605,COGS 13,A01,083071,Bastos; Amalia Pinkusfeld,8,0,71,63
1656743330629,COGS 14A,A01,092681,Semenuks; Arturs,0,1,100,101
1656743336653,COGS 14B,A01,083073,Cheng; Tzu-Han,5,0,63,58
1656743342680,COGS 17,A01,092677,Semenuks; Arturs,4,0,81,77
1656743348704,COGS 100,A01,083619,Allen; Michael Gordon,14,0,70,56
1656743354729,COGS 101A,A01,083621,Davis; Joshua Daniel,9,0,68,59
1656743360757,COGS 101B,A01,091572,Allen; Michael Gordon,8,0,65,57
1656743366781,COGS 101C,A01,083625,Delgado; Tania,17,0,35,18
1656743372804,COGS 107A,A01,083627,Boyle; Mary E. T.,13,0,60,47
1656743378827,COGS 118A,A01,083075,Gupta; Anjum,15,0,76,61
1656743384851,CSE 3,A50,083646,Miranda; Gregory Joseph,22,0,50,28
1656743390876,CSE 8A,A50,083650,Miranda; Gregory Joseph,17,1,56,39
1656743396900,CSE 11,A01,083080,Cao; Yingjun,4,15,40,36
1656743402923,CSE 12,A01,083652,Krause-Levy; Sophia Louisa,20,1,120,100
1656743408951,CSE 15L,A01,083654,Morris; Justin Loren,8,0,50,42
1656743408951,CSE 15L,A02,083655,Morris; Justin Loren,8,0,50,42
1656743414973,CSE 20,A01,083657,Tran; Khoa Dang,37,0,80,43
1656743420996,CSE 21,A01,095574,Bach; Quang Tran,21,0,48,27
1656743427020,CSE 30,A01,083084,Eldon; John,4,0,80,76
1656743427020,CSE 30,B01,095061,Bhaskar; Nishant,5,0,50,45
1656743433044,CSE 100,A01,083659,Cao; Yingjun,1,5,70,69
1656743439078,CSE 134B,A01,083661,Powell; Thomas Allan,18,0,100,82
1656743445106,CSE 140,A01,083663,Gungor; Onat,14,0,85,71
1656743451131,CSE 140L,A01,083088,Eldon; John,16,0,100,84
1656743457159,CSE 175,A01,083665,Kumar; Rakesh,3,0,25,22
1656743463182,CSE 190,A00,092507,Dubnov; Shlomo,7,0,20,13
1656743469206,ECE 45,A01,083139,Congero; Spencer William,5,0,75,70
1656743475233,ECE 65,A50,083695,Saad; Andrew S,12,0,30,18
1656743475233,ECE 65,A51,095125,Saad; Andrew S,25,0,26,1
1656743481263,ECE 109,A01,091882,Touri; Behrouz,14,0,70,56
1656743487288,ECE 180,A00,083140,Abi Samra; Nicholas Camill,0,0,30,30
1656743487288,ECE 180,B00,083141,Abi Samra; Nicholas Camill,0,0,30,30
1656743493318,MATH 10A,A01,083735,Patchell; Gregory David,1,0,30,29
1656743493318,MATH 10A,A02,083736,Patchell; Gregory David,20,0,30,10
1656743493318,MATH 10A,A03,083737,Patchell; Gregory David,15,0,30,15
1656743499341,MATH 10B,A01,083207,Lim; Seonhee,7,0,34,27
1656743499341,MATH 10B,A02,083208,Lim; Seonhee,9,0,35,26
1656743499341,MATH 10B,A03,093472,Lim; Seonhee,4,0,34,30
1656743499341,MATH 10B,B01,083739,Sinha; Shubham,9,0,30,21
1656743505380,MATH 18,A01,083743,Cinel; Cameron Alexander,6,0,30,24
1656743505380,MATH 18,A02,083744,Cinel; Cameron Alexander,15,0,30,15
1656743505380,MATH 18,A03,083745,Cinel; Cameron Alexander,8,0,30,22
1656743505380,MATH 18,B01,083748,Rideout; David Porter,3,0,37,34
1656743505380,MATH 18,B02,083749,Rideout; David Porter,3,0,36,33
1656743505380,MATH 18,B03,083750,Rideout; David Porter,1,0,37,36
1656743505380,MATH 18,B04,083751,Rideout; David Porter,5,0,36,31
1656743505380,MATH 18,B05,093473,Rideout; David Porter,4,0,36,32
1656743505380,MATH 18,B06,093474,Rideout; David Porter,5,0,36,31
1656743511404,MATH 20A,A01,083754,Zheng; Zequn,12,0,40,28
1656743517439,MATH 20B,A01,083756,Briones; Jor-el Thomas Caparas,1,0,36,35
1656743517439,MATH 20B,A02,083757,Briones; Jor-el Thomas Caparas,1,0,36,35
1656743517439,MATH 20B,A03,093475,Briones; Jor-el Thomas Caparas,0,0,36,36
1656743523468,MATH 20C,A01,083760,Briones; Jor-el Thomas Caparas,1,0,35,34
1656743523468,MATH 20C,A02,083761,Briones; Jor-el Thomas Caparas,8,0,35,27
1656743523468,MATH 20C,A03,093476,Briones; Jor-el Thomas Caparas,0,1,36,36
1656743523468,MATH 20C,B01,083762,Bach; Quang Tran,0,0,30,30
1656743529498,MATH 20D,A01,083765,Tran; Brian Kha,4,0,30,26
1656743529498,MATH 20D,A02,083766,Tran; Brian Kha,4,0,30,26
1656743529498,MATH 20D,A03,083767,Tran; Brian Kha,2,0,30,28
1656743535523,MATH 20E,A01,083771,Ganguly; Soumya,5,0,32,27
1656743535523,MATH 20E,A02,083772,Ganguly; Soumya,5,0,32,27
1656743535523,MATH 20E,B01,083773,Ciotti; Benjamin,18,0,35,17
1656743535523,MATH 20E,B02,083774,Ciotti; Benjamin,17,0,35,18
1656743541547,MATH 103A,A01,083777,Greenfeld; Be'Eri,2,0,36,34
1656743541547,MATH 103A,A02,083778,Greenfeld; Be'Eri,5,0,36,31
1656743541547,MATH 103A,A03,093561,Greenfeld; Be'Eri,4,0,36,32
1656743541547,MATH 103A,B01,083779,Greenfeld; Be'Eri,6,0,36,30
1656743541547,MATH 103A,B02,083780,Greenfeld; Be'Eri,2,0,36,34
1656743541547,MATH 103A,B03,093562,Greenfeld; Be'Eri,2,0,36,34
1656743547576,MATH 105,A01,085443,Carter; Anne Toulson,13,0,35,22
1656743547576,MATH 105,A02,093477,Carter; Anne Toulson,20,0,35,15
1656743553601,MATH 109,A01,083213,Ganzberger; Geoffrey Michael,2,0,34,32
1656743553601,MATH 109,A02,083214,Ganzberger; Geoffrey Michael,2,0,34,32
1656743553601,MATH 109,A03,093478,Ganzberger; Geoffrey Michael,1,0,34,33
1656743553601,MATH 109,B01,083215,Ganzberger; Geoffrey Michael,1,0,32,31
1656743553601,MATH 109,B02,083216,Ganzberger; Geoffrey Michael,1,0,32,31
1656743553601,MATH 109,B03,093479,Ganzberger; Geoffrey Michael,6,0,32,26
1656743559626,MATH 142A,A01,083219,Chow; Bennett,6,0,32,26
1656743559626,MATH 142A,A02,083220,Chow; Bennett,9,0,32,23
1656743559626,MATH 142A,A03,093480,Chow; Bennett,7,0,32,25
1656743559626,MATH 142A,B03,093481,Chow; Bennett,7,0,32,25
1656743559626,MATH 142A,B04,093558,Chow; Bennett,10,0,32,22
1656743559626,MATH 142A,B05,093559,Chow; Bennett,5,0,32,27
1656743565656,MATH 193A,A01,083224,Rotar; Vladimir,6,0,34,28
1656743565656,MATH 193A,A02,083225,Rotar; Vladimir,3,0,34,31
1656743565656,MATH 193A,A03,083781,Rotar; Vladimir,1,0,34,33
1656743565656,MATH 193A,A04,083782,Rotar; Vladimir,6,0,34,28
1656743565656,MATH 193A,A05,093482,Rotar; Vladimir,6,0,34,28
1656743571682,MATH 197,001,091859,McAuley; Julian John,9999,0,9999,0
1656743571682,MATH 197,002,095566,Kedlaya; Kiran S.,9997,0,9999,2
1656743571682,MATH 197,003,095567,Xiao; Ming,9999,0,9999,0
1656743571682,MATH 197,004,095571,Perols; Johan Lars,9998,0,9999,1
1656743578755,COGS 9,A01,083615,Shannon; Kyle Michael,6,0,75,69
1656743584781,COGS 11,A01,083617,Boyle; Mary E. T.,17,0,48,31
1656743590808,COGS 13,A01,083071,Bastos; Amalia Pinkusfeld,8,0,71,63
1656743596835,COGS 14A,A01,092681,Semenuks; Arturs,0,1,100,101
1656743602858,COGS 14B,A01,083073,Cheng; Tzu-Han,5,0,63,58
1656743608881,COGS 17,A01,092677,Semenuks; Arturs,4,0,81,77
1656743614906,COGS 100,A01,083619,Allen; Michael Gordon,14,0,70,56
1656743620931,COGS 101A,A01,083621,Davis; Joshua Daniel,9,0,68,59
1656743626958,COGS 101B,A01,091572,Allen; Michael Gordon,8,0,65,57
1656743632983,COGS 101C,A01,083625,Delgado; Tania,17,0,35,18
1656743639007,COGS 107A,A01,083627,Boyle; Mary E. T.,13,0,60,47
1656743645030,COGS 118A,A01,083075,Gupta; Anjum,15,0,76,61
1656743651128,CSE 3,A50,083646,Miranda; Gregory Joseph,22,0,50,28
1656743657152,CSE 8A,A50,083650,Miranda; Gregory Joseph,17,1,56,39
1656743663176,CSE 11,A01,083080,Cao; Yingjun,4,15,40,36
1656743669203,CSE 12,A01,083652,Krause-Levy; Sophia Louisa,20,1,120,100
1656743675227,CSE 15L,A01,083654,Morris; Justin Loren,8,0,50,42
1656743675227,CSE 15L,A02,083655,Morris; Justin Loren,8,0,50,42
1656743681252,CSE 20,A01,083657,Tran; Khoa Dang,37,0,80,43
1656743687276,CSE 21,A01,095574,Bach; Quang Tran,21,0,48,27
1656743693302,CSE 30,A01,083084,Eldon; John,4,0,80,76
1656743693302,CSE 30,B01,095061,Bhaskar; Nishant,5,0,50,45
1656743699330,CSE 100,A01,083659,Cao; Yingjun,1,5,70,69
1656743705353,CSE 134B,A01,083661,Powell; Thomas Allan,18,0,100,82
1656743711375,CSE 140,A01,083663,Gungor; Onat,14,0,85,71
1656743717400,CSE 140L,A01,083088,Eldon; John,16,0,100,84
1656743723423,CSE 175,A01,083665,Kumar; Rakesh,3,0,25,22
1656743729463,CSE 190,A00,092507,Dubnov; Shlomo,7,0,20,13
1656743735490,ECE 45,A01,083139,Congero; Spencer William,5,0,75,70
1656743741514,ECE 65,A50,083695,Saad; Andrew S,12,0,30,18
1656743741514,ECE 65,A51,095125,Saad; Andrew S,25,0,26,1
1656743747538,ECE 109,A01,091882,Touri; Behrouz,15,0,70,55
1656743753560,ECE 180,A00,083140,Abi Samra; Nicholas Camill,0,0,30,30
1656743753560,ECE 180,B00,083141,Abi Samra; Nicholas Camill,0,0,30,30
1656743759587,MATH 10A,A01,083735,Patchell; Gregory David,1,0,30,29
1656743759587,MATH 10A,A02,083736,Patchell; Gregory David,20,0,30,10
1656743759587,MATH 10A,A03,083737,Patchell; Gregory David,15,0,30,15
1656743765618,MATH 10B,A01,083207,Lim; Seonhee,7,0,34,27
1656743765618,MATH 10B,A02,083208,Lim; Seonhee,9,0,35,26
1656743765618,MATH 10B,A03,093472,Lim; Seonhee,4,0,34,30
1656743765618,MATH 10B,B01,083739,Sinha; Shubham,9,0,30,21
1656743771642,MATH 18,A01,083743,Cinel; Cameron Alexander,6,0,30,24
1656743771642,MATH 18,A02,083744,Cinel; Cameron Alexander,15,0,30,15
1656743771642,MATH 18,A03,083745,Cinel; Cameron Alexander,8,0,30,22
1656743771642,MATH 18,B01,083748,Rideout; David Porter,3,0,37,34
1656743771642,MATH 18,B02,083749,Rideout; David Porter,3,0,36,33
1656743771642,MATH 18,B03,083750,Rideout; David Porter,1,0,37,36
1656743771642,MATH 18,B04,083751,Rideout; David Porter,5,0,36,31
1656743771642,MATH 18,B05,093473,Rideout; David Porter,4,0,36,32
1656743771642,MATH 18,B06,093474,Rideout; David Porter,5,0,36,31
1656743777675,MATH 20A,A01,083754,Zheng; Zequn,12,0,40,28
1656743783707,MATH 20B,A01,083756,Briones; Jor-el Thomas Caparas,1,0,36,35
1656743783707,MATH 20B,A02,083757,Briones; Jor-el Thomas Caparas,1,0,36,35
1656743783707,MATH 20B,A03,093475,Briones; Jor-el Thomas Caparas,0,0,36,36
1656743789735,MATH 20C,A01,083760,Briones; Jor-el Thomas Caparas,1,0,35,34
1656743789735,MATH 20C,A02,083761,Briones; Jor-el Thomas Caparas,8,0,35,27
1656743789735,MATH 20C,A03,093476,Briones; Jor-el Thomas Caparas,0,1,36,36
1656743789735,MATH 20C,B01,083762,Bach; Quang Tran,0,0,30,30
1656743795766,MATH 20D,A01,083765,Tran; Brian Kha,4,0,30,26
1656743795766,MATH 20D,A02,083766,Tran; Brian Kha,4,0,30,26
1656743795766,MATH 20D,A03,083767,Tran; Brian Kha,2,0,30,28
1656743801792,MATH 20E,A01,083771,Ganguly; Soumya,5,0,32,27
1656743801792,MATH 20E,A02,083772,Ganguly; Soumya,5,0,32,27
1656743801792,MATH 20E,B01,083773,Ciotti; Benjamin,18,0,35,17
1656743801792,MATH 20E,B02,083774,Ciotti; Benjamin,17,0,35,18
1656743807821,MATH 103A,A01,083777,Greenfeld; Be'Eri,2,0,36,34
1656743807821,MATH 103A,A02,083778,Greenfeld; Be'Eri,5,0,36,31
1656743807821,MATH 103A,A03,093561,Greenfeld; Be'Eri,4,0,36,32
1656743807821,MATH 103A,B01,083779,Greenfeld; Be'Eri,6,0,36,30
1656743807821,MATH 103A,B02,083780,Greenfeld; Be'Eri,2,0,36,34
1656743807821,MATH 103A,B03,093562,Greenfeld; Be'Eri,2,0,36,34
1656743813845,MATH 105,A01,085443,Carter; Anne Toulson,13,0,35,22
1656743813845,MATH 105,A02,093477,Carter; Anne Toulson,20,0,35,15
1656743819868,MATH 109,A01,083213,Ganzberger; Geoffrey Michael,2,0,34,32
1656743819868,MATH 109,A02,083214,Ganzberger; Geoffrey Michael,2,0,34,32
1656743819868,MATH 109,A03,093478,Ganzberger; Geoffrey Michael,1,0,34,33
1656743819868,MATH 109,B01,083215,Ganzberger; Geoffrey Michael,1,0,32,31
1656743819868,MATH 109,B02,083216,Ganzberger; Geoffrey Michael,1,0,32,31
1656743819868,MATH 109,B03,093479,Ganzberger; Geoffrey Michael,6,0,32,26
1656743825893,MATH 142A,A01,083219,Chow; Bennett,6,0,32,26
1656743825893,MATH 142A,A02,083220,Chow; Bennett,9,0,32,23
1656743825893,MATH 142A,A03,093480,Chow; Bennett,7,0,32,25
1656743825893,MATH 142A,B03,093481,Chow; Bennett,7,0,32,25
1656743825893,MATH 142A,B04,093558,Chow; Bennett,10,0,32,22
1656743825893,MATH 142A,B05,093559,Chow; Bennett,5,0,32,27
1656743831918,MATH 193A,A01,083224,Rotar; Vladimir,6,0,34,28
1656743831918,MATH 193A,A02,083225,Rotar; Vladimir,3,0,34,31
1656743831918,MATH 193A,A03,083781,Rotar; Vladimir,1,0,34,33
1656743831918,MATH 193A,A04,083782,Rotar; Vladimir,6,0,34,28
1656743831918,MATH 193A,A05,093482,Rotar; Vladimir,6,0,34,28
1656743837944,MATH 197,001,091859,McAuley; Julian John,9999,0,9999,0
1656743837944,MATH 197,002,095566,Kedlaya; Kiran S.,9997,0,9999,2
1656743837944,MATH 197,003,095567,Xiao; Ming,9999,0,9999,0
1656743837944,MATH 197,004,095571,Perols; Johan Lars,9998,0,9999,1
1656743845000,COGS 9,A01,083615,Shannon; Kyle Michael,6,0,75,69
1656743851025,COGS 11,A01,083617,Boyle; Mary E. T.,17,0,48,31
1656743857046,COGS 13,A01,083071,Bastos; Amalia Pinkusfeld,8,0,71,63
1656743863073,COGS 14A,A01,092681,Semenuks; Arturs,0,1,100,101
1656743869094,COGS 14B,A01,083073,Cheng; Tzu-Han,5,0,63,58
1656743875118,COGS 17,A01,092677,Semenuks; Arturs,4,0,81,77
1656743881144,COGS 100,A01,083619,Allen; Michael Gordon,14,0,70,56
1656743887169,COGS 101A,A01,083621,Davis; Joshua Daniel,9,0,68,59
1656743893200,COGS 101B,A01,091572,Allen; Michael Gordon,8,0,65,57
1656743899224,COGS 101C,A01,083625,Delgado; Tania,17,0,35,18
1656743905251,COGS 107A,A01,083627,Boyle; Mary E. T.,13,0,60,47
1656743911273,COGS 118A,A01,083075,Gupta; Anjum,15,0,76,61
1656743917298,CSE 3,A50,083646,Miranda; Gregory Joseph,22,0,50,28
1656743923326,CSE 8A,A50,083650,Miranda; Gregory Joseph,17,1,56,39
1656743929350,CSE 11,A01,083080,Cao; Yingjun,4,15,40,36
1656743935377,CSE 12,A01,083652,Krause-Levy; Sophia Louisa,20,1,120,100
1656743941403,CSE 15L,A01,083654,Morris; Justin Loren,8,0,50,42
1656743941403,CSE 15L,A02,083655,Morris; Justin Loren,8,0,50,42
1656743947427,CSE 20,A01,083657,Tran; Khoa Dang,37,0,80,43
1656743953451,CSE 21,A01,095574,Bach; Quang Tran,21,0,48,27
1656743959476,CSE 30,A01,083084,Eldon; John,4,0,80,76
1656743959476,CSE 30,B01,095061,Bhaskar; Nishant,5,0,50,45
1656743965506,CSE 100,A01,083659,Cao; Yingjun,1,5,70,69
1656743971534,CSE 134B,A01,083661,Powell; Thomas Allan,18,0,100,82
1656743977557,CSE 140,A01,083663,Gungor; Onat,14,0,85,71
1656743983580,CSE 140L,A01,083088,Eldon; John,16,0,100,84
1656743989619,CSE 175,A01,083665,Kumar; Rakesh,3,0,25,22
1656743995644,CSE 190,A00,092507,Dubnov; Shlomo,7,0,20,13
1656744001668,ECE 45,A01,083139,Congero; Spencer William,5,0,75,70
1656744007697,ECE 65,A50,083695,Saad; Andrew S,12,0,30,18
1656744007697,ECE 65,A51,095125,Saad; Andrew S,25,0,26,1
1656744013720,ECE 109,A01,091882,Touri; Behrouz,15,0,70,55
1656744019743,ECE 180,A00,083140,Abi Samra; Nicholas Camill,0,0,30,30
1656744019743,ECE 180,B00,083141,Abi Samra; Nicholas Camill,0,0,30,30
1656744025765,MATH 10A,A01,083735,Patchell; Gregory David,1,0,30,29
1656744025765,MATH 10A,A02,083736,Patchell; Gregory David,20,0,30,10
1656744025765,MATH 10A,A03,083737,Patchell; Gregory David,15,0,30,15
1656744031792,MATH 10B,A01,083207,Lim; Seonhee,7,0,34,27
1656744031792,MATH 10B,A02,083208,Lim; Seonhee,9,0,35,26
1656744031792,MATH 10B,A03,093472,Lim; Seonhee,4,0,34,30
1656744031792,MATH 10B,B01,083739,Sinha; Shubham,9,0,30,21
1656744037816,MATH 18,A01,083743,Cinel; Cameron Alexander,6,0,30,24
1656744037816,MATH 18,A02,083744,Cinel; Cameron Alexander,15,0,30,15
1656744037816,MATH 18,A03,083745,Cinel; Cameron Alexander,8,0,30,22
1656744037816,MATH 18,B01,083748,Rideout; David Porter,3,0,37,34
1656744037816,MATH 18,B02,083749,Rideout; David Porter,3,0,36,33
1656744037816,MATH 18,B03,083750,Rideout; David Porter,1,0,37,36
1656744037816,MATH 18,B04,083751,Rideout; David Porter,5,0,36,31
1656744037816,MATH 18,B05,093473,Rideout; David Porter,4,0,36,32
1656744037816,MATH 18,B06,093474,Rideout; David Porter,5,0,36,31
1656744043843,MATH 20A,A01,083754,Zheng; Zequn,12,0,40,28
1656744049871,MATH 20B,A01,083756,Briones; Jor-el Thomas Caparas,1,0,36,35
1656744049871,MATH 20B,A02,083757,Briones; Jor-el Thomas Caparas,1,0,36,35
1656744049871,MATH 20B,A03,093475,Briones; Jor-el Thomas Caparas,0,0,36,36
1656744055894,MATH 20C,A01,083760,Briones; Jor-el Thomas Caparas,1,0,35,34
1656744055894,MATH 20C,A02,083761,Briones; Jor-el Thomas Caparas,8,0,35,27
1656744055894,MATH 20C,A03,093476,Briones; Jor-el Thomas Caparas,0,1,36,36
1656744055894,MATH 20C,B01,083762,Bach; Quang Tran,0,0,30,30
1656744061917,MATH 20D,A01,083765,Tran; Brian Kha,4,0,30,26
1656744061917,MATH 20D,A02,083766,Tran; Brian Kha,4,0,30,26
1656744061917,MATH 20D,A03,083767,Tran; Brian Kha,2,0,30,28
1656744067940,MATH 20E,A01,083771,Ganguly; Soumya,5,0,32,27
1656744067940,MATH 20E,A02,083772,Ganguly; Soumya,5,0,32,27
1656744067940,MATH 20E,B01,083773,Ciotti; Benjamin,18,0,35,17
1656744067940,MATH 20E,B02,083774,Ciotti; Benjamin,17,0,35,18
1656744073973,MATH 103A,A01,083777,Greenfeld; Be'Eri,2,0,36,34
1656744073973,MATH 103A,A02,083778,Greenfeld; Be'Eri,5,0,36,31
1656744073973,MATH 103A,A03,093561,Greenfeld; Be'Eri,4,0,36,32
1656744073973,MATH 103A,B01,083779,Greenfeld; Be'Eri,6,0,36,30
1656744073973,MATH 103A,B02,083780,Greenfeld; Be'Eri,2,0,36,34
1656744073973,MATH 103A,B03,093562,Greenfeld; Be'Eri,2,0,36,34
1656744079996,MATH 105,A01,085443,Carter; Anne Toulson,13,0,35,22
1656744079996,MATH 105,A02,093477,Carter; Anne Toulson,20,0,35,15
1656744086021,MATH 109,A01,083213,Ganzberger; Geoffrey Michael,2,0,34,32
1656744086021,MATH 109,A02,083214,Ganzberger; Geoffrey Michael,2,0,34,32
1656744086021,MATH 109,A03,093478,Ganzberger; Geoffrey Michael,1,0,34,33
1656744086021,MATH 109,B01,083215,Ganzberger; Geoffrey Michael,1,0,32,31
1656744086021,MATH 109,B02,083216,Ganzberger; Geoffrey Michael,1,0,32,31
1656744086021,MATH 109,B03,093479,Ganzberger; Geoffrey Michael,6,0,32,26
1656744092055,MATH 142A,A01,083219,Chow; Bennett,6,0,32,26
1656744092055,MATH 142A,A02,083220,Chow; Bennett,9,0,32,23
1656744092055,MATH 142A,A03,093480,Chow; Bennett,7,0,32,25
1656744092055,MATH 142A,B03,093481,Chow; Bennett,7,0,32,25
1656744092055,MATH 142A,B04,093558,Chow; Bennett,10,0,32,22
1656744092055,MATH 142A,B05,093559,Chow; Bennett,5,0,32,27
1656744098084,MATH 193A,A01,083224,Rotar; Vladimir,6,0,34,28
1656744098084,MATH 193A,A02,083225,Rotar; Vladimir,3,0,34,31
1656744098084,MATH 193A,A03,083781,Rotar; Vladimir,1,0,34,33
1656744098084,MATH 193A,A04,083782,Rotar; Vladimir,6,0,34,28
1656744098084,MATH 193A,A05,093482,Rotar; Vladimir,6,0,34,28
1656744104105,MATH 197,001,091859,McAuley; Julian John,9999,0,9999,0
1656744104105,MATH 197,002,095566,Kedlaya; Kiran S.,9997,0,9999,2
1656744104105,MATH 197,003,095567,Xiao; Ming,9999,0,9999,0
1656744104105,MATH 197,004,095571,Perols; Johan Lars,9998,0,9999,1
1656744111164,COGS 9,A01,083615,Shannon; Kyle Michael,6,0,75,69
1656744117189,COGS 11,A01,083617,Boyle; Mary E. T.,18,0,48,30
1656744123217,COGS 13,A01,083071,Bastos; Amalia Pinkusfeld,8,0,71,63
1656744129243,COGS 14A,A01,092681,Semenuks; Arturs,0,1,100,101
1656744135272,COGS 14B,A01,083073,Cheng; Tzu-Han,5,0,63,58
1656744141295,COGS 17,A01,092677,Semenuks; Arturs,4,0,81,77
1656744147334,COGS 100,A01,083619,Allen; Michael Gordon,15,0,70,55
1656744153358,COGS 101A,A01,083621,Davis; Joshua Daniel,9,0,68,59
1656744159385,COGS 101B,A01,091572,Allen; Michael Gordon,8,0,65,57
1656744165413,COGS 101C,A01,083625,Delgado; Tania,17,0,35,18
1656744171443,COGS 107A,A01,083627,Boyle; Mary E. T.,13,0,60,47
1656744177467,COGS 118A,A01,083075,Gupta; Anjum,15,0,76,61
1656744183495,CSE 3,A50,083646,Miranda; Gregory Joseph,22,0,50,28
1656744189520,CSE 8A,A50,083650,Miranda; Gregory Joseph,17,1,56,39
1656744195545,CSE 11,A01,083080,Cao; Yingjun,4,15,40,36
1656744201572,CSE 12,A01,083652,Krause-Levy; Sophia Louisa,20,1,120,100
1656744207595,CSE 15L,A01,083654,Morris; Justin Loren,8,0,50,42
1656744207595,CSE 15L,A02,083655,Morris; Justin Loren,8,0,50,42
1656744213625,CSE 20,A01,083657,Tran; Khoa Dang,37,0,80,43
1656744219652,CSE 21,A01,095574,Bach; Quang Tran,21,0,48,27
1656744225675,CSE 30,A01,083084,Eldon; John,4,0,80,76
1656744225675,CSE 30,B01,095061,Bhaskar; Nishant,5,0,50,45
1656744231702,CSE 100,A01,083659,Cao; Yingjun,1,5,70,69
1656744237738,CSE 134B,A01,083661,Powell; Thomas Allan,18,0,100,82
1656744243764,CSE 140,A01,083663,Gungor; Onat,14,0,85,71
1656744249860,CSE 140L,A01,083088,Eldon; John,16,0,100,84
1656744255884,CSE 175,A01,083665,Kumar; Rakesh,3,0,25,22
1656744261908,CSE 190,A00,092507,Dubnov; Shlomo,7,0,20,13
1656744267936,ECE 45,A01,083139,Congero; Spencer William,5,0,75,70
1656744273960,ECE 65,A50,083695,Saad; Andrew S,12,0,30,18
1656744273960,ECE 65,A51,095125,Saad; Andrew S,25,0,26,1
1656744279982,ECE 109,A01,091882,Touri; Behrouz,15,0,70,55
1656744286006,ECE 180,A00,083140,Abi Samra; Nicholas Camill,0,0,30,30
1656744286006,ECE 180,B00,083141,Abi Samra; Nicholas Camill,0,0,30,30
1656744292038,MATH 10A,A01,083735,Patchell; Gregory David,1,0,30,29
1656744292038,MATH 10A,A02,083736,Patchell; Gregory David,20,0,30,10
1656744292038,MATH 10A,A03,083737,Patchell; Gregory David,15,0,30,15
1656744298061,MATH 10B,A01,083207,Lim; Seonhee,7,0,34,27
1656744298061,MATH 10B,A02,083208,Lim; Seonhee,9,0,35,26
1656744298061,MATH 10B,A03,093472,Lim; Seonhee,4,0,34,30
1656744298061,MATH 10B,B01,083739,Sinha; Shubham,9,0,30,21
1656744304091,MATH 18,A01,083743,Cinel; Cameron Alexander,6,0,30,24
1656744304091,MATH 18,A02,083744,Cinel; Cameron Alexander,15,0,30,15
1656744304091,MATH 18,A03,083745,Cinel; Cameron Alexander,8,0,30,22
1656744304091,MATH 18,B01,083748,Rideout; David Porter,3,0,37,34
1656744304091,MATH 18,B02,083749,Rideout; David Porter,3,0,36,33
1656744304091,MATH 18,B03,083750,Rideout; David Porter,1,0,37,36
1656744304091,MATH 18,B04,083751,Rideout; David Porter,5,0,36,31
1656744304091,MATH 18,B05,093473,Rideout; David Porter,4,0,36,32
1656744304091,MATH 18,B06,093474,Rideout; David Porter,5,0,36,31
1656744310114,MATH 20A,A01,083754,Zheng; Zequn,12,0,40,28
1656744316139,MATH 20B,A01,083756,Briones; Jor-el Thomas Caparas,1,0,36,35
1656744316139,MATH 20B,A02,083757,Briones; Jor-el Thomas Caparas,1,0,36,35
1656744316139,MATH 20B,A03,093475,Briones; Jor-el Thomas Caparas,0,0,36,36
1656744322170,MATH 20C,A01,083760,Briones; Jor-el Thomas Caparas,1,0,35,34
1656744322170,MATH 20C,A02,083761,Briones; Jor-el Thomas Caparas,8,0,35,27
1656744322170,MATH 20C,A03,093476,Briones; Jor-el Thomas Caparas,0,1,36,36
1656744322170,MATH 20C,B01,083762,Bach; Quang Tran,0,0,30,30
1656744328202,MATH 20D,A01,083765,Tran; Brian Kha,4,0,30,26
1656744328202,MATH 20D,A02,083766,Tran; Brian Kha,4,0,30,26
1656744328202,MATH 20D,A03,083767,Tran; Brian Kha,2,0,30,28
1656744334227,MATH 20E,A01,083771,Ganguly; Soumya,5,0,32,27
1656744334227,MATH 20E,A02,083772,Ganguly; Soumya,5,0,32,27
1656744334227,MATH 20E,B01,083773,Ciotti; Benjamin,18,0,35,17
1656744334227,MATH 20E,B02,083774,Ciotti; Benjamin,17,0,35,18
1656744340252,MATH 103A,A01,083777,Greenfeld; Be'Eri,2,0,36,34
1656744340252,MATH 103A,A02,083778,Greenfeld; Be'Eri,5,0,36,31
1656744340252,MATH 103A,A03,093561,Greenfeld; Be'Eri,4,0,36,32
1656744340252,MATH 103A,B01,083779,Greenfeld; Be'Eri,6,0,36,30
1656744340252,MATH 103A,B02,083780,Greenfeld; Be'Eri,2,0,36,34
1656744340252,MATH 103A,B03,093562,Greenfeld; Be'Eri,2,0,36,34
1656744346276,MATH 105,A01,085443,Carter; Anne Toulson,13,0,35,22
1656744346276,MATH 105,A02,093477,Carter; Anne Toulson,20,0,35,15
1656744352304,MATH 109,A01,083213,Ganzberger; Geoffrey Michael,2,0,34,32
1656744352304,MATH 109,A02,083214,Ganzberger; Geoffrey Michael,2,0,34,32
1656744352304,MATH 109,A03,093478,Ganzberger; Geoffrey Michael,1,0,34,33
1656744352304,MATH 109,B01,083215,Ganzberger; Geoffrey Michael,1,0,32,31
1656744352304,MATH 109,B02,083216,Ganzberger; Geoffrey Michael,1,0,32,31
1656744352304,MATH 109,B03,093479,Ganzberger; Geoffrey Michael,6,0,32,26
1656744358327,MATH 142A,A01,083219,Chow; Bennett,6,0,32,26
1656744358327,MATH 142A,A02,083220,Chow; Bennett,9,0,32,23
1656744358327,MATH 142A,A03,093480,Chow; Bennett,7,0,32,25
1656744358327,MATH 142A,B03,093481,Chow; Bennett,7,0,32,25
1656744358327,MATH 142A,B04,093558,Chow; Bennett,10,0,32,22
1656744358327,MATH 142A,B05,093559,Chow; Bennett,6,0,32,26
1656744364353,MATH 193A,A01,083224,Rotar; Vladimir,6,0,34,28
1656744364353,MATH 193A,A02,083225,Rotar; Vladimir,3,0,34,31
1656744364353,MATH 193A,A03,083781,Rotar; Vladimir,1,0,34,33
1656744364353,MATH 193A,A04,083782,Rotar; Vladimir,6,0,34,28
1656744364353,MATH 193A,A05,093482,Rotar; Vladimir,6,0,34,28
1656744370377,MATH 197,001,091859,McAuley; Julian John,9999,0,9999,0
1656744370377,MATH 197,002,095566,Kedlaya; Kiran S.,9997,0,9999,2
1656744370377,MATH 197,003,095567,Xiao; Ming,9999,0,9999,0
1656744370377,MATH 197,004,095571,Perols; Johan Lars,9998,0,9999,1
1656744377432,COGS 9,A01,083615,Shannon; Kyle Michael,6,0,75,69
1656744383455,COGS 11,A01,083617,Boyle; Mary E. T.,18,0,48,30
1656744389483,COGS 13,A01,083071,Bastos; Amalia Pinkusfeld,8,0,71,63
1656744395509,COGS 14A,A01,092681,Semenuks; Arturs,0,1,100,101
1656744401536,COGS 14B,A01,083073,Cheng; Tzu-Han,5,0,63,58
1656744407560,COGS 17,A01,092677,Semenuks; Arturs,4,0,81,77
1656744413583,COGS 100,A01,083619,Allen; Michael Gordon,15,0,70,55
1656744419610,COGS 101A,A01,083621,Davis; Joshua Daniel,9,0,68,59
1656744425634,COGS 101B,A01,091572,Allen; Michael Gordon,8,0,65,57
1656744431661,COGS 101C,A01,083625,Delgado; Tania,17,0,35,18
1656744437687,COGS 107A,A01,083627,Boyle; Mary E. T.,13,0,60,47
1656744443713,COGS 118A,A01,083075,Gupta; Anjum,15,0,76,61
1656744449740,CSE 3,A50,083646,Miranda; Gregory Joseph,22,0,50,28
1656744455764,CSE 8A,A50,083650,Miranda; Gregory Joseph,17,1,56,39
1656744461788,CSE 11,A01,083080,Cao; Yingjun,4,15,40,36
1656744467811,CSE 12,A01,083652,Krause-Levy; Sophia Louisa,20,1,120,100
1656744473839,CSE 15L,A01,083654,Morris; Justin Loren,8,0,50,42
1656744473839,CSE 15L,A02,083655,Morris; Justin Loren,8,0,50,42
1656744479865,CSE 20,A01,083657,Tran; Khoa Dang,37,0,80,43
1656744485886,CSE 21,A01,095574,Bach; Quang Tran,21,0,48,27
1656744491910,CSE 30,A01,083084,Eldon; John,4,0,80,76
1656744491910,CSE 30,B01,095061,Bhaskar; Nishant,5,0,50,45
1656744497933,CSE 100,A01,083659,Cao; Yingjun,1,5,70,69
1656744503960,CSE 134B,A01,083661,Powell; Thomas Allan,18,0,100,82
1656744509988,CSE 140,A01,083663,Gungor; Onat,14,0,85,71
1656744516013,CSE 140L,A01,083088,Eldon; John,16,0,100,84
1656744522036,CSE 175,A01,083665,Kumar; Rakesh,3,0,25,22
1656744528063,CSE 190,A00,092507,Dubnov; Shlomo,7,0,20,13
1656744534089,ECE 45,A01,083139,Congero; Spencer William,5,0,75,70
1656744540112,ECE 65,A50,083695,Saad; Andrew S,12,0,30,18
1656744540112,ECE 65,A51,095125,Saad; Andrew S,25,0,26,1
1656744546139,ECE 109,A01,091882,Touri; Behrouz,15,0,70,55
1656744552165,ECE 180,A00,083140,Abi Samra; Nicholas Camill,0,0,30,30
1656744552165,ECE 180,B00,083141,Abi Samra; Nicholas Camill,0,0,30,30
1656744558190,MATH 10A,A01,083735,Patchell; Gregory David,1,0,30,29
1656744558190,MATH 10A,A02,083736,Patchell; Gregory David,20,0,30,10
1656744558190,MATH 10A,A03,083737,Patchell; Gregory David,15,0,30,15
1656744564220,MATH 10B,A01,083207,Lim; Seonhee,7,0,34,27
1656744564220,MATH 10B,A02,083208,Lim; Seonhee,9,0,35,26
1656744564220,MATH 10B,A03,093472,Lim; Seonhee,4,0,34,30
1656744564220,MATH 10B,B01,083739,Sinha; Shubham,9,0,30,21
1656744570251,MATH 18,A01,083743,Cinel; Cameron Alexander,6,0,30,24
1656744570251,MATH 18,A02,083744,Cinel; Cameron Alexander,15,0,30,15
1656744570251,MATH 18,A03,083745,Cinel; Cameron Alexander,8,0,30,22
1656744570251,MATH 18,B01,083748,Rideout; David Porter,3,0,37,34
1656744570251,MATH 18,B02,083749,Rideout; David Porter,3,0,36,33
1656744570251,MATH 18,B03,083750,Rideout; David Porter,1,0,37,36
1656744570251,MATH 18,B04,083751,Rideout; David Porter,5,0,36,31
1656744570251,MATH 18,B05,093473,Rideout; David Porter,4,0,36,32
1656744570251,MATH 18,B06,093474,Rideout; David Porter,5,0,36,31
1656744576275,MATH 20A,A01,083754,Zheng; Zequn,12,0,40,28
1656744582300,MATH 20B,A01,083756,Briones; Jor-el Thomas Caparas,1,0,36,35
1656744582300,MATH 20B,A02,083757,Briones; Jor-el Thomas Caparas,1,0,36,35
1656744582300,MATH 20B,A03,093475,Briones; Jor-el Thomas Caparas,0,0,36,36
1656744588324,MATH 20C,A01,083760,Briones; Jor-el Thomas Caparas,1,0,35,34
1656744588324,MATH 20C,A02,083761,Briones; Jor-el Thomas Caparas,8,0,35,27
1656744588324,MATH 20C,A03,093476,Briones; Jor-el Thomas Caparas,0,1,36,36
1656744588324,MATH 20C,B01,083762,Bach; Quang Tran,0,0,30,30
1656744594347,MATH 20D,A01,083765,Tran; Brian Kha,4,0,30,26
1656744594347,MATH 20D,A02,083766,Tran; Brian Kha,4,0,30,26
1656744594347,MATH 20D,A03,083767,Tran; Brian Kha,2,0,30,28
1656744600378,MATH 20E,A01,083771,Ganguly; Soumya,5,0,32,27
1656744600378,MATH 20E,A02,083772,Ganguly; Soumya,5,0,32,27
1656744600378,MATH 20E,B01,083773,Ciotti; Benjamin,18,0,35,17
1656744600378,MATH 20E,B02,083774,Ciotti; Benjamin,17,0,35,18
1656744606400,MATH 103A,A01,083777,Greenfeld; Be'Eri,2,0,36,34
1656744606400,MATH 103A,A02,083778,Greenfeld; Be'Eri,5,0,36,31
1656744606400,MATH 103A,A03,093561,Greenfeld; Be'Eri,4,0,36,32
1656744606400,MATH 103A,B01,083779,Greenfeld; Be'Eri,6,0,36,30
1656744606400,MATH 103A,B02,083780,Greenfeld; Be'Eri,2,0,36,34
1656744606400,MATH 103A,B03,093562,Greenfeld; Be'Eri,2,0,36,34
1656744612426,MATH 105,A01,085443,Carter; Anne Toulson,13,0,35,22
1656744612426,MATH 105,A02,093477,Carter; Anne Toulson,20,0,35,15
1656744618450,MATH 109,A01,083213,Ganzberger; Geoffrey Michael,2,0,34,32
1656744618450,MATH 109,A02,083214,Ganzberger; Geoffrey Michael,2,0,34,32
1656744618450,MATH 109,A03,093478,Ganzberger; Geoffrey Michael,1,0,34,33
1656744618450,MATH 109,B01,083215,Ganzberger; Geoffrey Michael,1,0,32,31
1656744618450,MATH 109,B02,083216,Ganzberger; Geoffrey Michael,1,0,32,31
1656744618450,MATH 109,B03,093479,Ganzberger; Geoffrey Michael,6,0,32,26
1656744624479,MATH 142A,A01,083219,Chow; Bennett,6,0,32,26
1656744624479,MATH 142A,A02,083220,Chow; Bennett,9,0,32,23
1656744624479,MATH 142A,A03,093480,Chow; Bennett,7,0,32,25
1656744624479,MATH 142A,B03,093481,Chow; Bennett,7,0,32,25
1656744624479,MATH 142A,B04,093558,Chow; Bennett,10,0,32,22
1656744624479,MATH 142A,B05,093559,Chow; Bennett,6,0,32,26
1656744630503,MATH 193A,A01,083224,Rotar; Vladimir,6,0,34,28
1656744630503,MATH 193A,A02,083225,Rotar; Vladimir,3,0,34,31
1656744630503,MATH 193A,A03,083781,Rotar; Vladimir,1,0,34,33
1656744630503,MATH 193A,A04,083782,Rotar; Vladimir,6,0,34,28
1656744630503,MATH 193A,A05,093482,Rotar; Vladimir,6,0,34,28
1656744636528,MATH 197,001,091859,McAuley; Julian John,9999,0,9999,0
1656744636528,MATH 197,002,095566,Kedlaya; Kiran S.,9997,0,9999,2
1656744636528,MATH 197,003,095567,Xiao; Ming,9999,0,9999,0
1656744636528,MATH 197,004,095571,Perols; Johan Lars,9998,0,9999,1
1656744643587,COGS 9,A01,083615,Shannon; Kyle Michael,6,0,75,69
1656744649614,COGS 11,A01,083617,Boyle; Mary E. T.,18,0,48,30
1656744655642,COGS 13,A01,083071,Bastos; Amalia Pinkusfeld,8,0,71,63
1656744661669,COGS 14A,A01,092681,Semenuks; Arturs,0,1,100,101
1656744667895,COGS 14B,A01,083073,Cheng; Tzu-Han,5,0,63,58
1656744673922,COGS 17,A01,092677,Semenuks; Arturs,4,0,81,77
1656744679948,COGS 100,A01,083619,Allen; Michael Gordon,15,0,70,55
1656744685985,COGS 101A,A01,083621,Davis; Joshua Daniel,9,0,68,59
1656744692009,COGS 101B,A01,091572,Allen; Michael Gordon,8,0,65,57
1656744698032,COGS 101C,A01,083625,Delgado; Tania,17,0,35,18
1656744704055,COGS 107A,A01,083627,Boyle; Mary E. T.,13,0,60,47
1656744710078,COGS 118A,A01,083075,Gupta; Anjum,15,0,76,61
1656744716105,CSE 3,A50,083646,Miranda; Gregory Joseph,22,0,50,28
1656744722131,CSE 8A,A50,083650,Miranda; Gregory Joseph,17,1,56,39
1656744728153,CSE 11,A01,083080,Cao; Yingjun,4,15,40,36
1656744734179,CSE 12,A01,083652,Krause-Levy; Sophia Louisa,20,1,120,100
1656744740206,CSE 15L,A01,083654,Morris; Justin Loren,8,0,50,42
1656744740206,CSE 15L,A02,083655,Morris; Justin Loren,8,0,50,42
1656744746233,CSE 20,A01,083657,Tran; Khoa Dang,37,0,80,43
1656744752257,CSE 21,A01,095574,Bach; Quang Tran,21,0,48,27
1656744758285,CSE 30,A01,083084,Eldon; John,4,0,80,76
1656744758285,CSE 30,B01,095061,Bhaskar; Nishant,5,0,50,45
1656744764308,CSE 100,A01,083659,Cao; Yingjun,1,5,70,69
1656744770331,CSE 134B,A01,083661,Powell; Thomas Allan,18,0,100,82
1656744776357,CSE 140,A01,083663,Gungor; Onat,14,0,85,71
1656744782384,CSE 140L,A01,083088,Eldon; John,16,0,100,84
1656744788406,CSE 175,A01,083665,Kumar; Rakesh,3,0,25,22
1656744794429,CSE 190,A00,092507,Dubnov; Shlomo,7,0,20,13
1656744800464,ECE 45,A01,083139,Congero; Spencer William,5,0,75,70
1656744806490,ECE 65,A50,083695,Saad; Andrew S,12,0,30,18
1656744806490,ECE 65,A51,095125,Saad; Andrew S,25,0,26,1
1656744812520,ECE 109,A01,091882,Touri; Behrouz,15,0,70,55
1656744818545,ECE 180,A00,083140,Abi Samra; Nicholas Camill,0,0,30,30
1656744818545,ECE 180,B00,083141,Abi Samra; Nicholas Camill,0,0,30,30
1656744824580,MATH 10A,A01,083735,Patchell; Gregory David,1,0,30,29
1656744824580,MATH 10A,A02,083736,Patchell; Gregory David,20,0,30,10
1656744824580,MATH 10A,A03,083737,Patchell; Gregory David,15,0,30,15
1656744830604,MATH 10B,A01,083207,Lim; Seonhee,7,0,34,27
1656744830604,MATH 10B,A02,083208,Lim; Seonhee,9,0,35,26
1656744830604,MATH 10B,A03,093472,Lim; Seonhee,4,0,34,30
1656744830604,MATH 10B,B01,083739,Sinha; Shubham,9,0,30,21
1656744836636,MATH 18,A01,083743,Cinel; Cameron Alexander,6,0,30,24
1656744836636,MATH 18,A02,083744,Cinel; Cameron Alexander,15,0,30,15
1656744836636,MATH 18,A03,083745,Cinel; Cameron Alexander,8,0,30,22
1656744836636,MATH 18,B01,083748,Rideout; David Porter,3,0,37,34
1656744836636,MATH 18,B02,083749,Rideout; David Porter,3,0,36,33
1656744836636,MATH 18,B03,083750,Rideout; David Porter,1,0,37,36
1656744836636,MATH 18,B04,083751,Rideout; David Porter,5,0,36,31
1656744836636,MATH 18,B05,093473,Rideout; David Porter,4,0,36,32
1656744836636,MATH 18,B06,093474,Rideout; David Porter,5,0,36,31
1656744842659,MATH 20A,A01,083754,Zheng; Zequn,12,0,40,28
1656744848774,MATH 20B,A01,083756,Briones; Jor-el Thomas Caparas,1,0,36,35
1656744848774,MATH 20B,A02,083757,Briones; Jor-el Thomas Caparas,1,0,36,35
1656744848774,MATH 20B,A03,093475,Briones; Jor-el Thomas Caparas,0,0,36,36
1656744854796,MATH 20C,A01,083760,Briones; Jor-el Thomas Caparas,1,0,35,34
1656744854796,MATH 20C,A02,083761,Briones; Jor-el Thomas Caparas,8,0,35,27
1656744854796,MATH 20C,A03,093476,Briones; Jor-el Thomas Caparas,0,1,36,36
1656744854796,MATH 20C,B01,083762,Bach; Quang Tran,0,0,30,30
1656744860817,MATH 20D,A01,083765,Tran; Brian Kha,4,0,30,26
1656744860817,MATH 20D,A02,083766,Tran; Brian Kha,4,0,30,26
1656744860817,MATH 20D,A03,083767,Tran; Brian Kha,2,0,30,28
1656744866841,MATH 20E,A01,083771,Ganguly; Soumya,5,0,32,27
1656744866841,MATH 20E,A02,083772,Ganguly; Soumya,5,0,32,27
1656744866841,MATH 20E,B01,083773,Ciotti; Benjamin,18,0,35,17
1656744866841,MATH 20E,B02,083774,Ciotti; Benjamin,17,0,35,18
1656744872865,MATH 103A,A01,083777,Greenfeld; Be'Eri,2,0,36,34
1656744872865,MATH 103A,A02,083778,Greenfeld; Be'Eri,5,0,36,31
1656744872865,MATH 103A,A03,093561,Greenfeld; Be'Eri,4,0,36,32
1656744872865,MATH 103A,B01,083779,Greenfeld; Be'Eri,6,0,36,30
1656744872865,MATH 103A,B02,083780,Greenfeld; Be'Eri,2,0,36,34
1656744872865,MATH 103A,B03,093562,Greenfeld; Be'Eri,2,0,36,34
1656744878891,MATH 105,A01,085443,Carter; Anne Toulson,13,0,35,22
1656744878891,MATH 105,A02,093477,Carter; Anne Toulson,20,0,35,15
1656744884938,MATH 109,A01,083213,Ganzberger; Geoffrey Michael,2,0,34,32
1656744884938,MATH 109,A02,083214,Ganzberger; Geoffrey Michael,2,0,34,32
1656744884938,MATH 109,A03,093478,Ganzberger; Geoffrey Michael,1,0,34,33
1656744884938,MATH 109,B01,083215,Ganzberger; Geoffrey Michael,1,0,32,31
1656744884938,MATH 109,B02,083216,Ganzberger; Geoffrey Michael,1,0,32,31
1656744884938,MATH 109,B03,093479,Ganzberger; Geoffrey Michael,6,0,32,26
1656744890962,MATH 142A,A01,083219,Chow; Bennett,6,0,32,26
1656744890962,MATH 142A,A02,083220,Chow; Bennett,9,0,32,23
1656744890962,MATH 142A,A03,093480,Chow; Bennett,7,0,32,25
1656744890962,MATH 142A,B03,093481,Chow; Bennett,7,0,32,25
1656744890962,MATH 142A,B04,093558,Chow; Bennett,10,0,32,22
1656744890962,MATH 142A,B05,093559,Chow; Bennett,6,0,32,26
1656744896986,MATH 193A,A01,083224,Rotar; Vladimir,6,0,34,28
1656744896986,MATH 193A,A02,083225,Rotar; Vladimir,3,0,34,31
1656744896986,MATH 193A,A03,083781,Rotar; Vladimir,1,0,34,33
1656744896986,MATH 193A,A04,083782,Rotar; Vladimir,6,0,34,28
1656744896986,MATH 193A,A05,093482,Rotar; Vladimir,6,0,34,28
1656744903010,MATH 197,001,091859,McAuley; Julian John,9999,0,9999,0
1656744903010,MATH 197,002,095566,Kedlaya; Kiran S.,9997,0,9999,2
1656744903010,MATH 197,003,095567,Xiao; Ming,9999,0,9999,0
1656744903010,MATH 197,004,095571,Perols; Johan Lars,9998,0,9999,1
1656744910064,COGS 9,A01,083615,Shannon; Kyle Michael,6,0,75,69
1656744916096,COGS 11,A01,083617,Boyle; Mary E. T.,18,0,48,30
1656744922120,COGS 13,A01,083071,Bastos; Amalia Pinkusfeld,8,0,71,63
1656744928146,COGS 14A,A01,092681,Semenuks; Arturs,0,1,100,101
1656744934169,COGS 14B,A01,083073,Cheng; Tzu-Han,5,0,63,58
1656744940193,COGS 17,A01,092677,Semenuks; Arturs,4,0,81,77
1656744946221,COGS 100,A01,083619,Allen; Michael Gordon,15,0,70,55
1656744952243,COGS 101A,A01,083621,Davis; Joshua Daniel,9,0,68,59
1656744958269,COGS 101B,A01,091572,Allen; Michael Gordon,8,0,65,57
1656744964296,COGS 101C,A01,083625,Delgado; Tania,17,0,35,18
1656744970321,COGS 107A,A01,083627,Boyle; Mary E. T.,13,0,60,47
1656744976347,COGS 118A,A01,083075,Gupta; Anjum,15,0,76,61
1656744982376,CSE 3,A50,083646,Miranda; Gregory Joseph,22,0,50,28
1656744988403,CSE 8A,A50,083650,Miranda; Gregory Joseph,17,1,56,39
1656744994438,CSE 11,A01,083080,Cao; Yingjun,4,15,40,36
1656745000459,CSE 12,A01,083652,Krause-Levy; Sophia Louisa,20,1,120,100
1656745006485,CSE 15L,A01,083654,Morris; Justin Loren,8,0,50,42
1656745006485,CSE 15L,A02,083655,Morris; Justin Loren,8,0,50,42
1656745012509,CSE 20,A01,083657,Tran; Khoa Dang,37,0,80,43
1656745018543,CSE 21,A01,095574,Bach; Quang Tran,21,0,48,27
1656745024565,CSE 30,A01,083084,Eldon; John,4,0,80,76
1656745024565,CSE 30,B01,095061,Bhaskar; Nishant,5,0,50,45
1656745030591,CSE 100,A01,083659,Cao; Yingjun,1,4,70,69
1656745036614,CSE 134B,A01,083661,Powell; Thomas Allan,18,0,100,82
1656745042637,CSE 140,A01,083663,Gungor; Onat,14,0,85,71
1656745048663,CSE 140L,A01,083088,Eldon; John,16,0,100,84
1656745054686,CSE 175,A01,083665,Kumar; Rakesh,3,0,25,22
1656745060709,CSE 190,A00,092507,Dubnov; Shlomo,7,0,20,13
1656745066730,ECE 45,A01,083139,Congero; Spencer William,5,0,75,70
1656745072758,ECE 65,A50,083695,Saad; Andrew S,12,0,30,18
1656745072758,ECE 65,A51,095125,Saad; Andrew S,25,0,26,1
1656745078782,ECE 109,A01,091882,Touri; Behrouz,15,0,70,55
1656745084810,ECE 180,A00,083140,Abi Samra; Nicholas Camill,0,0,30,30
1656745084810,ECE 180,B00,083141,Abi Samra; Nicholas Camill,0,0,30,30
1656745090838,MATH 10A,A01,083735,Patchell; Gregory David,1,0,30,29
1656745090838,MATH 10A,A02,083736,Patchell; Gregory David,20,0,30,10
1656745090838,MATH 10A,A03,083737,Patchell; Gregory David,15,0,30,15
1656745096995,MATH 10B,A01,083207,Lim; Seonhee,7,0,34,27
1656745096995,MATH 10B,A02,083208,Lim; Seonhee,9,0,35,26
1656745096995,MATH 10B,A03,093472,Lim; Seonhee,4,0,34,30
1656745096995,MATH 10B,B01,083739,Sinha; Shubham,9,0,30,21
1656745103019,MATH 18,A01,083743,Cinel; Cameron Alexander,6,0,30,24
1656745103019,MATH 18,A02,083744,Cinel; Cameron Alexander,15,0,30,15
1656745103019,MATH 18,A03,083745,Cinel; Cameron Alexander,8,0,30,22
1656745103019,MATH 18,B01,083748,Rideout; David Porter,3,0,37,34
1656745103019,MATH 18,B02,083749,Rideout; David Porter,3,0,36,33
1656745103019,MATH 18,B03,083750,Rideout; David Porter,1,0,37,36
1656745103019,MATH 18,B04,083751,Rideout; David Porter,5,0,36,31
1656745103019,MATH 18,B05,093473,Rideout; David Porter,4,0,36,32
1656745103019,MATH 18,B06,093474,Rideout; David Porter,5,0,36,31
1656745109046,MATH 20A,A01,083754,Zheng; Zequn,12,0,40,28
1656745115073,MATH 20B,A01,083756,Briones; Jor-el Thomas Caparas,1,0,36,35
1656745115073,MATH 20B,A02,083757,Briones; Jor-el Thomas Caparas,1,0,36,35
1656745115073,MATH 20B,A03,093475,Briones; Jor-el Thomas Caparas,0,0,36,36
1656745121097,MATH 20C,A01,083760,Briones; Jor-el Thomas Caparas,1,0,35,34
1656745121097,MATH 20C,A02,083761,Briones; Jor-el Thomas Caparas,8,0,35,27
1656745121097,MATH 20C,A03,093476,Briones; Jor-el Thomas Caparas,0,1,36,36
1656745121097,MATH 20C,B01,083762,Bach; Quang Tran,0,0,30,30
1656745127130,MATH 20D,A01,083765,Tran; Brian Kha,4,0,30,26
1656745127130,MATH 20D,A02,083766,Tran; Brian Kha,4,0,30,26
1656745127130,MATH 20D,A03,083767,Tran; Brian Kha,2,0,30,28
1656745133158,MATH 20E,A01,083771,Ganguly; Soumya,5,0,32,27
1656745133158,MATH 20E,A02,083772,Ganguly; Soumya,5,0,32,27
1656745133158,MATH 20E,B01,083773,Ciotti; Benjamin,18,0,35,17
1656745133158,MATH 20E,B02,083774,Ciotti; Benjamin,17,0,35,18
1656745139183,MATH 103A,A01,083777,Greenfeld; Be'Eri,2,0,36,34
1656745139183,MATH 103A,A02,083778,Greenfeld; Be'Eri,5,0,36,31
1656745139183,MATH 103A,A03,093561,Greenfeld; Be'Eri,4,0,36,32
1656745139183,MATH 103A,B01,083779,Greenfeld; Be'Eri,6,0,36,30
1656745139183,MATH 103A,B02,083780,Greenfeld; Be'Eri,2,0,36,34
1656745139183,MATH 103A,B03,093562,Greenfeld; Be'Eri,2,0,36,34
1656745145207,MATH 105,A01,085443,Carter; Anne Toulson,13,0,35,22
1656745145207,MATH 105,A02,093477,Carter; Anne Toulson,20,0,35,15
1656745151231,MATH 109,A01,083213,Ganzberger; Geoffrey Michael,2,0,34,32
1656745151231,MATH 109,A02,083214,Ganzberger; Geoffrey Michael,2,0,34,32
1656745151231,MATH 109,A03,093478,Ganzberger; Geoffrey Michael,1,0,34,33
1656745151231,MATH 109,B01,083215,Ganzberger; Geoffrey Michael,1,0,32,31
1656745151231,MATH 109,B02,083216,Ganzberger; Geoffrey Michael,1,0,32,31
1656745151231,MATH 109,B03,093479,Ganzberger; Geoffrey Michael,6,0,32,26
1656745157255,MATH 142A,A01,083219,Chow; Bennett,6,0,32,26
1656745157255,MATH 142A,A02,083220,Chow; Bennett,9,0,32,23
1656745157255,MATH 142A,A03,093480,Chow; Bennett,7,0,32,25
1656745157255,MATH 142A,B03,093481,Chow; Bennett,7,0,32,25
1656745157255,MATH 142A,B04,093558,Chow; Bennett,10,0,32,22
1656745157255,MATH 142A,B05,093559,Chow; Bennett,6,0,32,26
1656745163284,MATH 193A,A01,083224,Rotar; Vladimir,6,0,34,28
1656745163284,MATH 193A,A02,083225,Rotar; Vladimir,3,0,34,31
1656745163284,MATH 193A,A03,083781,Rotar; Vladimir,1,0,34,33
1656745163284,MATH 193A,A04,083782,Rotar; Vladimir,6,0,34,28
1656745163284,MATH 193A,A05,093482,Rotar; Vladimir,6,0,34,28
1656745169307,MATH 197,001,091859,McAuley; Julian John,9999,0,9999,0
1656745169307,MATH 197,002,095566,Kedlaya; Kiran S.,9997,0,9999,2
1656745169307,MATH 197,003,095567,Xiao; Ming,9999,0,9999,0
1656745169307,MATH 197,004,095571,Perols; Johan Lars,9998,0,9999,1
1656745176357,COGS 9,A01,083615,Shannon; Kyle Michael,6,0,75,69
1656745182385,COGS 11,A01,083617,Boyle; Mary E. T.,18,0,48,30
1656745188409,COGS 13,A01,083071,Bastos; Amalia Pinkusfeld,8,0,71,63
1656745194435,COGS 14A,A01,092681,Semenuks; Arturs,0,1,100,100
1656745200458,COGS 14B,A01,083073,Cheng; Tzu-Han,5,0,63,58
1656745206482,COGS 17,A01,092677,Semenuks; Arturs,4,0,81,77
1656745212504,COGS 100,A01,083619,Allen; Michael Gordon,15,0,70,55
1656745218531,COGS 101A,A01,083621,Davis; Joshua Daniel,9,0,68,59
1656745224580,COGS 101B,A01,091572,Allen; Michael Gordon,8,0,65,57
1656745230616,COGS 101C,A01,083625,Delgado; Tania,17,0,35,18
1656745236643,COGS 107A,A01,083627,Boyle; Mary E. T.,13,0,60,47
1656745242667,COGS 118A,A01,083075,Gupta; Anjum,15,0,76,61
1656745248695,CSE 3,A50,083646,Miranda; Gregory Joseph,22,0,50,28
1656745254717,CSE 8A,A50,083650,Miranda; Gregory Joseph,17,1,56,39
1656745260743,CSE 11,A01,083080,Cao; Yingjun,4,15,40,36
1656745266778,CSE 12,A01,083652,Krause-Levy; Sophia Louisa,20,1,120,100
1656745272801,CSE 15L,A01,083654,Morris; Justin Loren,8,0,50,42
1656745272801,CSE 15L,A02,083655,Morris; Justin Loren,8,0,50,42
1656745278826,CSE 20,A01,083657,Tran; Khoa Dang,37,0,80,43
1656745284848,CSE 21,A01,095574,Bach; Quang Tran,21,0,48,27
1656745290872,CSE 30,A01,083084,Eldon; John,4,0,80,76
1656745290872,CSE 30,B01,095061,Bhaskar; Nishant,5,0,50,45
1656745296906,CSE 100,A01,083659,Cao; Yingjun,1,4,70,69
1656745302931,CSE 134B,A01,083661,Powell; Thomas Allan,18,0,100,82
1656745308956,CSE 140,A01,083663,Gungor; Onat,14,0,85,71
1656745314985,CSE 140L,A01,083088,Eldon; John,16,0,100,84
1656745321010,CSE 175,A01,083665,Kumar; Rakesh,3,0,25,22
1656745327032,CSE 190,A00,092507,Dubnov; Shlomo,7,0,20,13
1656745333060,ECE 45,A01,083139,Congero; Spencer William,5,0,75,70
1656745339083,ECE 65,A50,083695,Saad; Andrew S,12,0,30,18
1656745339083,ECE 65,A51,095125,Saad; Andrew S,25,0,26,1
1656745345107,ECE 109,A01,091882,Touri; Behrouz,15,0,70,55
1656745351130,ECE 180,A00,083140,Abi Samra; Nicholas Camill,0,0,30,30
1656745351130,ECE 180,B00,083141,Abi Samra; Nicholas Camill,0,0,30,30
1656745357154,MATH 10A,A01,083735,Patchell; Gregory David,1,0,30,29
1656745357154,MATH 10A,A02,083736,Patchell; Gregory David,20,0,30,10
1656745357154,MATH 10A,A03,083737,Patchell; Gregory David,15,0,30,15
1656745363181,MATH 10B,A01,083207,Lim; Seonhee,7,0,34,27
1656745363181,MATH 10B,A02,083208,Lim; Seonhee,9,0,35,26
1656745363181,MATH 10B,A03,093472,Lim; Seonhee,4,0,34,30
1656745363181,MATH 10B,B01,083739,Sinha; Shubham,9,0,30,21
1656745369205,MATH 18,A01,083743,Cinel; Cameron Alexander,6,0,30,24
1656745369205,MATH 18,A02,083744,Cinel; Cameron Alexander,15,0,30,15
1656745369205,MATH 18,A03,083745,Cinel; Cameron Alexander,8,0,30,22
1656745369205,MATH 18,B01,083748,Rideout; David Porter,3,0,37,34
1656745369205,MATH 18,B02,083749,Rideout; David Porter,3,0,36,33
1656745369205,MATH 18,B03,083750,Rideout; David Porter,1,0,37,36
1656745369205,MATH 18,B04,083751,Rideout; David Porter,5,0,36,31
1656745369205,MATH 18,B05,093473,Rideout; David Porter,4,0,36,32
1656745369205,MATH 18,B06,093474,Rideout; David Porter,5,0,36,31
1656745375234,MATH 20A,A01,083754,Zheng; Zequn,12,0,40,28
1656745381258,MATH 20B,A01,083756,Briones; Jor-el Thomas Caparas,1,0,36,35
1656745381258,MATH 20B,A02,083757,Briones; Jor-el Thomas Caparas,1,0,36,35
1656745381258,MATH 20B,A03,093475,Briones; Jor-el Thomas Caparas,0,0,36,36
1656745387288,MATH 20C,A01,083760,Briones; Jor-el Thomas Caparas,1,0,35,34
1656745387288,MATH 20C,A02,083761,Briones; Jor-el Thomas Caparas,8,0,35,27
1656745387288,MATH 20C,A03,093476,Briones; Jor-el Thomas Caparas,0,1,36,36
1656745387288,MATH 20C,B01,083762,Bach; Quang Tran,0,0,30,30
1656745393321,MATH 20D,A01,083765,Tran; Brian Kha,4,0,30,26
1656745393321,MATH 20D,A02,083766,Tran; Brian Kha,4,0,30,26
1656745393321,MATH 20D,A03,083767,Tran; Brian Kha,2,0,30,28
1656745399346,MATH 20E,A01,083771,Ganguly; Soumya,5,0,32,27
1656745399346,MATH 20E,A02,083772,Ganguly; Soumya,5,0,32,27
1656745399346,MATH 20E,B01,083773,Ciotti; Benjamin,18,0,35,17
1656745399346,MATH 20E,B02,083774,Ciotti; Benjamin,17,0,35,18
1656745405377,MATH 103A,A01,083777,Greenfeld; Be'Eri,2,0,36,34
1656745405377,MATH 103A,A02,083778,Greenfeld; Be'Eri,5,0,36,31
1656745405377,MATH 103A,A03,093561,Greenfeld; Be'Eri,4,0,36,32
1656745405377,MATH 103A,B01,083779,Greenfeld; Be'Eri,6,0,36,30
1656745405377,MATH 103A,B02,083780,Greenfeld; Be'Eri,2,0,36,34
1656745405377,MATH 103A,B03,093562,Greenfeld; Be'Eri,2,0,36,34
1656745411401,MATH 105,A01,085443,Carter; Anne Toulson,13,0,35,22
1656745411401,MATH 105,A02,093477,Carter; Anne Toulson,20,0,35,15
1656745417424,MATH 109,A01,083213,Ganzberger; Geoffrey Michael,2,0,34,32
1656745417424,MATH 109,A02,083214,Ganzberger; Geoffrey Michael,2,0,34,32
1656745417424,MATH 109,A03,093478,Ganzberger; Geoffrey Michael,1,0,34,33
1656745417424,MATH 109,B01,083215,Ganzberger; Geoffrey Michael,1,0,32,31
1656745417424,MATH 109,B02,083216,Ganzberger; Geoffrey Michael,1,0,32,31
1656745417424,MATH 109,B03,093479,Ganzberger; Geoffrey Michael,6,0,32,26
1656745423449,MATH 142A,A01,083219,Chow; Bennett,6,0,32,26
1656745423449,MATH 142A,A02,083220,Chow; Bennett,9,0,32,23
1656745423449,MATH 142A,A03,093480,Chow; Bennett,7,0,32,25
1656745423449,MATH 142A,B03,093481,Chow; Bennett,7,0,32,25
1656745423449,MATH 142A,B04,093558,Chow; Bennett,10,0,32,22
1656745423449,MATH 142A,B05,093559,Chow; Bennett,6,0,32,26
1656745429484,MATH 193A,A01,083224,Rotar; Vladimir,6,0,34,28
1656745429484,MATH 193A,A02,083225,Rotar; Vladimir,3,0,34,31
1656745429484,MATH 193A,A03,083781,Rotar; Vladimir,1,0,34,33
1656745429484,MATH 193A,A04,083782,Rotar; Vladimir,6,0,34,28
1656745429484,MATH 193A,A05,093482,Rotar; Vladimir,6,0,34,28
1656745435509,MATH 197,001,091859,McAuley; Julian John,9999,0,9999,0
1656745435509,MATH 197,002,095566,Kedlaya; Kiran S.,9997,0,9999,2
1656745435509,MATH 197,003,095567,Xiao; Ming,9999,0,9999,0
1656745435509,MATH 197,004,095571,Perols; Johan Lars,9998,0,9999,1
1656745442688,COGS 9,A01,083615,Shannon; Kyle Michael,6,0,75,69
1656745448722,COGS 11,A01,083617,Boyle; Mary E. T.,18,0,48,30
1656745454745,COGS 13,A01,083071,Bastos; Amalia Pinkusfeld,8,0,71,63
1656745460770,COGS 14A,A01,092681,Semenuks; Arturs,0,1,100,100
1656745466799,COGS 14B,A01,083073,Cheng; Tzu-Han,5,0,63,58
1656745472831,COGS 17,A01,092677,Semenuks; Arturs,4,0,81,77
1656745478858,COGS 100,A01,083619,Allen; Michael Gordon,15,0,70,55
1656745484881,COGS 101A,A01,083621,Davis; Joshua Daniel,9,0,68,59
1656745490906,COGS 101B,A01,091572,Allen; Michael Gordon,8,0,65,57
1656745496933,COGS 101C,A01,083625,Delgado; Tania,17,0,35,18
1656745502960,COGS 107A,A01,083627,Boyle; Mary E. T.,13,0,60,47
1656745508983,COGS 118A,A01,083075,Gupta; Anjum,15,0,76,61
1656745515007,CSE 3,A50,083646,Miranda; Gregory Joseph,22,0,50,28
1656745521030,CSE 8A,A50,083650,Miranda; Gregory Joseph,17,1,56,39
1656745527052,CSE 11,A01,083080,Cao; Yingjun,4,15,40,36
1656745533076,CSE 12,A01,083652,Krause-Levy; Sophia Louisa,20,1,120,100
1656745539100,CSE 15L,A01,083654,Morris; Justin Loren,8,0,50,42
1656745539100,CSE 15L,A02,083655,Morris; Justin Loren,8,0,50,42
1656745545124,CSE 20,A01,083657,Tran; Khoa Dang,37,0,80,43
1656745551147,CSE 21,A01,095574,Bach; Quang Tran,21,0,48,27
1656745557177,CSE 30,A01,083084,Eldon; John,4,0,80,76
1656745557177,CSE 30,B01,095061,Bhaskar; Nishant,5,0,50,45
1656745563206,CSE 100,A01,083659,Cao; Yingjun,1,4,70,69
1656745569229,CSE 134B,A01,083661,Powell; Thomas Allan,18,0,100,82
1656745575256,CSE 140,A01,083663,Gungor; Onat,14,0,85,71
1656745581284,CSE 140L,A01,083088,Eldon; John,16,0,100,84
1656745587309,CSE 175,A01,083665,Kumar; Rakesh,3,0,25,22
1656745593331,CSE 190,A00,092507,Dubnov; Shlomo,7,0,20,13
1656745599354,ECE 45,A01,083139,Congero; Spencer William,5,0,75,70
1656745605382,ECE 65,A50,083695,Saad; Andrew S,12,0,30,18
1656745605382,ECE 65,A51,095125,Saad; Andrew S,25,0,26,1
1656745611406,ECE 109,A01,091882,Touri; Behrouz,15,0,70,55
1656745617433,ECE 180,A00,083140,Abi Samra; Nicholas Camill,0,0,30,30
1656745617433,ECE 180,B00,083141,Abi Samra; Nicholas Camill,0,0,30,30
1656745623458,MATH 10A,A01,083735,Patchell; Gregory David,1,0,30,29
1656745623458,MATH 10A,A02,083736,Patchell; Gregory David,20,0,30,10
1656745623458,MATH 10A,A03,083737,Patchell; Gregory David,15,0,30,15
1656745629488,MATH 10B,A01,083207,Lim; Seonhee,7,0,34,27
1656745629488,MATH 10B,A02,083208,Lim; Seonhee,9,0,35,26
1656745629488,MATH 10B,A03,093472,Lim; Seonhee,4,0,34,30
1656745629488,MATH 10B,B01,083739,Sinha; Shubham,9,0,30,21
1656745635519,MATH 18,A01,083743,Cinel; Cameron Alexander,6,0,30,24
1656745635519,MATH 18,A02,083744,Cinel; Cameron Alexander,15,0,30,15
1656745635519,MATH 18,A03,083745,Cinel; Cameron Alexander,8,0,30,22
1656745635519,MATH 18,B01,083748,Rideout; David Porter,3,0,37,34
1656745635519,MATH 18,B02,083749,Rideout; David Porter,3,0,36,33
1656745635519,MATH 18,B03,083750,Rideout; David Porter,1,0,37,36
1656745635519,MATH 18,B04,083751,Rideout; David Porter,5,0,36,31
1656745635519,MATH 18,B05,093473,Rideout; David Porter,4,0,36,32
1656745635519,MATH 18,B06,093474,Rideout; David Porter,5,0,36,31
1656745641545,MATH 20A,A01,083754,Zheng; Zequn,12,0,40,28
1656745647569,MATH 20B,A01,083756,Briones; Jor-el Thomas Caparas,1,0,36,35
1656745647569,MATH 20B,A02,083757,Briones; Jor-el Thomas Caparas,1,0,36,35
1656745647569,MATH 20B,A03,093475,Briones; Jor-el Thomas Caparas,0,0,36,36
1656745653593,MATH 20C,A01,083760,Briones; Jor-el Thomas Caparas,1,0,35,34
1656745653593,MATH 20C,A02,083761,Briones; Jor-el Thomas Caparas,8,0,35,27
1656745653593,MATH 20C,A03,093476,Briones; Jor-el Thomas Caparas,0,1,36,36
1656745653593,MATH 20C,B01,083762,Bach; Quang Tran,0,0,30,30
1656745659616,MATH 20D,A01,083765,Tran; Brian Kha,4,0,30,26
1656745659616,MATH 20D,A02,083766,Tran; Brian Kha,4,0,30,26
1656745659616,MATH 20D,A03,083767,Tran; Brian Kha,2,0,30,28
1656745665649,MATH 20E,A01,083771,Ganguly; Soumya,5,0,32,27
1656745665649,MATH 20E,A02,083772,Ganguly; Soumya,5,0,32,27
1656745665649,MATH 20E,B01,083773,Ciotti; Benjamin,18,0,35,17
1656745665649,MATH 20E,B02,083774,Ciotti; Benjamin,17,0,35,18
1656745671672,MATH 103A,A01,083777,Greenfeld; Be'Eri,2,0,36,34
1656745671672,MATH 103A,A02,083778,Greenfeld; Be'Eri,5,0,36,31
1656745671672,MATH 103A,A03,093561,Greenfeld; Be'Eri,4,0,36,32
1656745671672,MATH 103A,B01,083779,Greenfeld; Be'Eri,6,0,36,30
1656745671672,MATH 103A,B02,083780,Greenfeld; Be'Eri,2,0,36,34
1656745671672,MATH 103A,B03,093562,Greenfeld; Be'Eri,2,0,36,34
1656745677702,MATH 105,A01,085443,Carter; Anne Toulson,13,0,35,22
1656745677702,MATH 105,A02,093477,Carter; Anne Toulson,20,0,35,15
1656745683727,MATH 109,A01,083213,Ganzberger; Geoffrey Michael,2,0,34,32
1656745683727,MATH 109,A02,083214,Ganzberger; Geoffrey Michael,2,0,34,32
1656745683727,MATH 109,A03,093478,Ganzberger; Geoffrey Michael,1,0,34,33
1656745683727,MATH 109,B01,083215,Ganzberger; Geoffrey Michael,1,0,32,31
1656745683727,MATH 109,B02,083216,Ganzberger; Geoffrey Michael,1,0,32,31
1656745683727,MATH 109,B03,093479,Ganzberger; Geoffrey Michael,6,0,32,26
1656745689751,MATH 142A,A01,083219,Chow; Bennett,6,0,32,26
1656745689751,MATH 142A,A02,083220,Chow; Bennett,9,0,32,23
1656745689751,MATH 142A,A03,093480,Chow; Bennett,7,0,32,25
1656745689751,MATH 142A,B03,093481,Chow; Bennett,7,0,32,25
1656745689751,MATH 142A,B04,093558,Chow; Bennett,10,0,32,22
1656745689751,MATH 142A,B05,093559,Chow; Bennett,6,0,32,26
1656745695774,MATH 193A,A01,083224,Rotar; Vladimir,6,0,34,28
1656745695774,MATH 193A,A02,083225,Rotar; Vladimir,3,0,34,31
1656745695774,MATH 193A,A03,083781,Rotar; Vladimir,1,0,34,33
1656745695774,MATH 193A,A04,083782,Rotar; Vladimir,6,0,34,28
1656745695774,MATH 193A,A05,093482,Rotar; Vladimir,6,0,34,28
1656745701800,MATH 197,001,091859,McAuley; Julian John,9999,0,9999,0
1656745701800,MATH 197,002,095566,Kedlaya; Kiran S.,9997,0,9999,2
1656745701800,MATH 197,003,095567,Xiao; Ming,9999,0,9999,0
1656745701800,MATH 197,004,095571,Perols; Johan Lars,9998,0,9999,1
1656745708858,COGS 9,A01,083615,Shannon; Kyle Michael,6,0,75,69
1656745714882,COGS 11,A01,083617,Boyle; Mary E. T.,18,0,48,30
1656745720907,COGS 13,A01,083071,Bastos; Amalia Pinkusfeld,8,0,71,63
1656745726932,COGS 14A,A01,092681,Semenuks; Arturs,0,1,100,100
1656745732957,COGS 14B,A01,083073,Cheng; Tzu-Han,5,0,63,58
1656745738985,COGS 17,A01,092677,Semenuks; Arturs,4,0,81,77
1656745745013,COGS 100,A01,083619,Allen; Michael Gordon,15,0,70,55
1656745751041,COGS 101A,A01,083621,Davis; Joshua Daniel,9,0,68,59
1656745757068,COGS 101B,A01,091572,Allen; Michael Gordon,8,0,65,57
1656745763097,COGS 101C,A01,083625,Delgado; Tania,17,0,35,18
1656745769121,COGS 107A,A01,083627,Boyle; Mary E. T.,13,0,60,47
1656745775145,COGS 118A,A01,083075,Gupta; Anjum,15,0,76,61
1656745781169,CSE 3,A50,083646,Miranda; Gregory Joseph,22,0,50,28
1656745787202,CSE 8A,A50,083650,Miranda; Gregory Joseph,17,1,56,39
1656745793226,CSE 11,A01,083080,Cao; Yingjun,4,15,40,36
1656745799252,CSE 12,A01,083652,Krause-Levy; Sophia Louisa,20,1,120,100
1656745805280,CSE 15L,A01,083654,Morris; Justin Loren,8,0,50,42
1656745805280,CSE 15L,A02,083655,Morris; Justin Loren,8,0,50,42
1656745811308,CSE 20,A01,083657,Tran; Khoa Dang,37,0,80,43
1656745817337,CSE 21,A01,095574,Bach; Quang Tran,21,0,48,27
1656745823360,CSE 30,A01,083084,Eldon; John,4,0,80,76
1656745823360,CSE 30,B01,095061,Bhaskar; Nishant,5,0,50,45
1656745829386,CSE 100,A01,083659,Cao; Yingjun,1,4,70,69
1656745835416,CSE 134B,A01,083661,Powell; Thomas Allan,18,0,100,82
1656745841439,CSE 140,A01,083663,Gungor; Onat,14,0,85,71
1656745847462,CSE 140L,A01,083088,Eldon; John,16,0,100,84
1656745853488,CSE 175,A01,083665,Kumar; Rakesh,3,0,25,22
1656745859518,CSE 190,A00,092507,Dubnov; Shlomo,7,0,20,13
1656745865544,ECE 45,A01,083139,Congero; Spencer William,5,0,75,70
1656745871567,ECE 65,A50,083695,Saad; Andrew S,12,0,30,18
1656745871567,ECE 65,A51,095125,Saad; Andrew S,25,0,26,1
1656745877593,ECE 109,A01,091882,Touri; Behrouz,15,0,70,55
1656745883619,ECE 180,A00,083140,Abi Samra; Nicholas Camill,0,0,30,30
1656745883619,ECE 180,B00,083141,Abi Samra; Nicholas Camill,0,0,30,30
1656745889645,MATH 10A,A01,083735,Patchell; Gregory David,1,0,30,29
1656745889645,MATH 10A,A02,083736,Patchell; Gregory David,20,0,30,10
1656745889645,MATH 10A,A03,083737,Patchell; Gregory David,15,0,30,15
1656745895707,MATH 10B,A01,083207,Lim; Seonhee,7,0,34,27
1656745895707,MATH 10B,A02,083208,Lim; Seonhee,9,0,35,26
1656745895707,MATH 10B,A03,093472,Lim; Seonhee,4,0,34,30
1656745895707,MATH 10B,B01,083739,Sinha; Shubham,9,0,30,21
1656745901749,MATH 18,A01,083743,Cinel; Cameron Alexander,6,0,30,24
1656745901749,MATH 18,A02,083744,Cinel; Cameron Alexander,15,0,30,15
1656745901749,MATH 18,A03,083745,Cinel; Cameron Alexander,8,0,30,22
1656745901749,MATH 18,B01,083748,Rideout; David Porter,3,0,37,34
1656745901749,MATH 18,B02,083749,Rideout; David Porter,3,0,36,33
1656745901749,MATH 18,B03,083750,Rideout; David Porter,1,0,37,36
1656745901749,MATH 18,B04,083751,Rideout; David Porter,5,0,36,31
1656745901749,MATH 18,B05,093473,Rideout; David Porter,4,0,36,32
1656745901749,MATH 18,B06,093474,Rideout; David Porter,5,0,36,31
1656745907776,MATH 20A,A01,083754,Zheng; Zequn,12,0,40,28
1656745913804,MATH 20B,A01,083756,Briones; Jor-el Thomas Caparas,1,0,36,35
1656745913804,MATH 20B,A02,083757,Briones; Jor-el Thomas Caparas,1,0,36,35
1656745913804,MATH 20B,A03,093475,Briones; Jor-el Thomas Caparas,0,0,36,36
1656745919836,MATH 20C,A01,083760,Briones; Jor-el Thomas Caparas,1,0,35,34
1656745919836,MATH 20C,A02,083761,Briones; Jor-el Thomas Caparas,8,0,35,27
1656745919836,MATH 20C,A03,093476,Briones; Jor-el Thomas Caparas,0,1,36,36
1656745919836,MATH 20C,B01,083762,Bach; Quang Tran,0,0,30,30
1656745925863,MATH 20D,A01,083765,Tran; Brian Kha,4,0,30,26
1656745925863,MATH 20D,A02,083766,Tran; Brian Kha,4,0,30,26
1656745925863,MATH 20D,A03,083767,Tran; Brian Kha,2,0,30,28
1656745931893,MATH 20E,A01,083771,Ganguly; Soumya,5,0,32,27
1656745931893,MATH 20E,A02,083772,Ganguly; Soumya,5,0,32,27
1656745931893,MATH 20E,B01,083773,Ciotti; Benjamin,18,0,35,17
1656745931893,MATH 20E,B02,083774,Ciotti; Benjamin,17,0,35,18
1656745937933,MATH 103A,A01,083777,Greenfeld; Be'Eri,2,0,36,34
1656745937933,MATH 103A,A02,083778,Greenfeld; Be'Eri,5,0,36,31
1656745937933,MATH 103A,A03,093561,Greenfeld; Be'Eri,4,0,36,32
1656745937933,MATH 103A,B01,083779,Greenfeld; Be'Eri,6,0,36,30
1656745937933,MATH 103A,B02,083780,Greenfeld; Be'Eri,2,0,36,34
1656745937933,MATH 103A,B03,093562,Greenfeld; Be'Eri,2,0,36,34
1656745943968,MATH 105,A01,085443,Carter; Anne Toulson,13,0,35,22
1656745943968,MATH 105,A02,093477,Carter; Anne Toulson,20,0,35,15
1656745949998,MATH 109,A01,083213,Ganzberger; Geoffrey Michael,2,0,34,32
1656745949998,MATH 109,A02,083214,Ganzberger; Geoffrey Michael,2,0,34,32
1656745949998,MATH 109,A03,093478,Ganzberger; Geoffrey Michael,1,0,34,33
1656745949998,MATH 109,B01,083215,Ganzberger; Geoffrey Michael,1,0,32,31
1656745949998,MATH 109,B02,083216,Ganzberger; Geoffrey Michael,1,0,32,31
1656745949998,MATH 109,B03,093479,Ganzberger; Geoffrey Michael,6,0,32,26
1656745956025,MATH 142A,A01,083219,Chow; Bennett,6,0,32,26
1656745956025,MATH 142A,A02,083220,Chow; Bennett,9,0,32,23
1656745956025,MATH 142A,A03,093480,Chow; Bennett,7,0,32,25
1656745956025,MATH 142A,B03,093481,Chow; Bennett,7,0,32,25
1656745956025,MATH 142A,B04,093558,Chow; Bennett,10,0,32,22
1656745956025,MATH 142A,B05,093559,Chow; Bennett,6,0,32,26
1656745962051,MATH 193A,A01,083224,Rotar; Vladimir,6,0,34,28
1656745962051,MATH 193A,A02,083225,Rotar; Vladimir,3,0,34,31
1656745962051,MATH 193A,A03,083781,Rotar; Vladimir,1,0,34,33
1656745962051,MATH 193A,A04,083782,Rotar; Vladimir,6,0,34,28
1656745962051,MATH 193A,A05,093482,Rotar; Vladimir,6,0,34,28
1656745968091,MATH 197,001,091859,McAuley; Julian John,9999,0,9999,0
1656745968091,MATH 197,002,095566,Kedlaya; Kiran S.,9997,0,9999,2
1656745968091,MATH 197,003,095567,Xiao; Ming,9999,0,9999,0
1656745968091,MATH 197,004,095571,Perols; Johan Lars,9998,0,9999,1
1656745975150,COGS 9,A01,083615,Shannon; Kyle Michael,6,0,75,69
1656745981182,COGS 11,A01,083617,Boyle; Mary E. T.,18,0,48,30
1656745987208,COGS 13,A01,083071,Bastos; Amalia Pinkusfeld,8,0,71,63
1656745993238,COGS 14A,A01,092681,Semenuks; Arturs,0,1,100,100
1656745999268,COGS 14B,A01,083073,Cheng; Tzu-Han,5,0,63,58
1656746005292,COGS 17,A01,092677,Semenuks; Arturs,4,0,81,77
1656746011321,COGS 100,A01,083619,Allen; Michael Gordon,15,0,70,55
1656746017345,COGS 101A,A01,083621,Davis; Joshua Daniel,9,0,68,59
1656746023369,COGS 101B,A01,091572,Allen; Michael Gordon,8,0,65,57
1656746029393,COGS 101C,A01,083625,Delgado; Tania,17,0,35,18
1656746035423,COGS 107A,A01,083627,Boyle; Mary E. T.,13,0,60,47
1656746041534,COGS 118A,A01,083075,Gupta; Anjum,15,0,76,61
1656746047560,CSE 3,A50,083646,Miranda; Gregory Joseph,22,0,50,28
1656746053589,CSE 8A,A50,083650,Miranda; Gregory Joseph,17,1,56,39
1656746059613,CSE 11,A01,083080,Cao; Yingjun,4,15,40,36
1656746065647,CSE 12,A01,083652,Krause-Levy; Sophia Louisa,20,1,120,100
1656746071673,CSE 15L,A01,083654,Morris; Justin Loren,8,0,50,42
1656746071673,CSE 15L,A02,083655,Morris; Justin Loren,8,0,50,42
1656746077696,CSE 20,A01,083657,Tran; Khoa Dang,37,0,80,43
1656746083720,CSE 21,A01,095574,Bach; Quang Tran,21,0,48,27
1656746089745,CSE 30,A01,083084,Eldon; John,4,0,80,76
1656746089745,CSE 30,B01,095061,Bhaskar; Nishant,5,0,50,45
1656746095769,CSE 100,A01,083659,Cao; Yingjun,1,4,70,69
1656746101797,CSE 134B,A01,083661,Powell; Thomas Allan,18,0,100,82
1656746107819,CSE 140,A01,083663,Gungor; Onat,14,0,85,71
1656746113855,CSE 140L,A01,083088,Eldon; John,16,0,100,84
1656746119879,CSE 175,A01,083665,Kumar; Rakesh,3,0,25,22
1656746125903,CSE 190,A00,092507,Dubnov; Shlomo,7,0,20,13
1656746131940,ECE 45,A01,083139,Congero; Spencer William,5,0,75,70
1656746137964,ECE 65,A50,083695,Saad; Andrew S,12,0,30,18
1656746137964,ECE 65,A51,095125,Saad; Andrew S,25,0,26,1
1656746143989,ECE 109,A01,091882,Touri; Behrouz,15,0,70,55
1656746150020,ECE 180,A00,083140,Abi Samra; Nicholas Camill,0,0,30,30
1656746150020,ECE 180,B00,083141,Abi Samra; Nicholas Camill,0,0,30,30
1656746156044,MATH 10A,A01,083735,Patchell; Gregory David,1,0,30,29
1656746156044,MATH 10A,A02,083736,Patchell; Gregory David,20,0,30,10
1656746156044,MATH 10A,A03,083737,Patchell; Gregory David,15,0,30,15
1656746162091,MATH 10B,A01,083207,Lim; Seonhee,7,0,34,27
1656746162091,MATH 10B,A02,083208,Lim; Seonhee,9,0,35,26
1656746162091,MATH 10B,A03,093472,Lim; Seonhee,4,0,34,30
1656746162091,MATH 10B,B01,083739,Sinha; Shubham,9,0,30,21
1656746168139,MATH 18,A01,083743,Cinel; Cameron Alexander,6,0,30,24
1656746168139,MATH 18,A02,083744,Cinel; Cameron Alexander,15,0,30,15
1656746168139,MATH 18,A03,083745,Cinel; Cameron Alexander,8,0,30,22
1656746168139,MATH 18,B01,083748,Rideout; David Porter,3,0,37,34
1656746168139,MATH 18,B02,083749,Rideout; David Porter,3,0,36,33
1656746168139,MATH 18,B03,083750,Rideout; David Porter,1,0,37,36
1656746168139,MATH 18,B04,083751,Rideout; David Porter,5,0,36,31
1656746168139,MATH 18,B05,093473,Rideout; David Porter,4,0,36,32
1656746168139,MATH 18,B06,093474,Rideout; David Porter,5,0,36,31
1656746174176,MATH 20A,A01,083754,Zheng; Zequn,12,0,40,28
1656746180200,MATH 20B,A01,083756,Briones; Jor-el Thomas Caparas,1,0,36,35
1656746180200,MATH 20B,A02,083757,Briones; Jor-el Thomas Caparas,1,0,36,35
1656746180200,MATH 20B,A03,093475,Briones; Jor-el Thomas Caparas,0,0,36,36
1656746186225,MATH 20C,A01,083760,Briones; Jor-el Thomas Caparas,1,0,35,34
1656746186225,MATH 20C,A02,083761,Briones; Jor-el Thomas Caparas,8,0,35,27
1656746186225,MATH 20C,A03,093476,Briones; Jor-el Thomas Caparas,0,1,36,36
1656746186225,MATH 20C,B01,083762,Bach; Quang Tran,0,0,30,30
1656746192257,MATH 20D,A01,083765,Tran; Brian Kha,4,0,30,26
1656746192257,MATH 20D,A02,083766,Tran; Brian Kha,4,0,30,26
1656746192257,MATH 20D,A03,083767,Tran; Brian Kha,2,0,30,28
1656746198300,MATH 20E,A01,083771,Ganguly; Soumya,5,0,32,27
1656746198300,MATH 20E,A02,083772,Ganguly; Soumya,5,0,32,27
1656746198300,MATH 20E,B01,083773,Ciotti; Benjamin,18,0,35,17
1656746198300,MATH 20E,B02,083774,Ciotti; Benjamin,17,0,35,18
1656746204324,MATH 103A,A01,083777,Greenfeld; Be'Eri,2,0,36,34
1656746204324,MATH 103A,A02,083778,Greenfeld; Be'Eri,5,0,36,31
1656746204324,MATH 103A,A03,093561,Greenfeld; Be'Eri,4,0,36,32
1656746204324,MATH 103A,B01,083779,Greenfeld; Be'Eri,6,0,36,30
1656746204324,MATH 103A,B02,083780,Greenfeld; Be'Eri,2,0,36,34
1656746204324,MATH 103A,B03,093562,Greenfeld; Be'Eri,2,0,36,34
1656746210351,MATH 105,A01,085443,Carter; Anne Toulson,13,0,35,22
1656746210351,MATH 105,A02,093477,Carter; Anne Toulson,20,0,35,15
1656746216379,MATH 109,A01,083213,Ganzberger; Geoffrey Michael,2,0,34,32
1656746216379,MATH 109,A02,083214,Ganzberger; Geoffrey Michael,2,0,34,32
1656746216379,MATH 109,A03,093478,Ganzberger; Geoffrey Michael,1,0,34,33
1656746216379,MATH 109,B01,083215,Ganzberger; Geoffrey Michael,1,0,32,31
1656746216379,MATH 109,B02,083216,Ganzberger; Geoffrey Michael,1,0,32,31
1656746216379,MATH 109,B03,093479,Ganzberger; Geoffrey Michael,6,0,32,26
1656746222408,MATH 142A,A01,083219,Chow; Bennett,6,0,32,26
1656746222408,MATH 142A,A02,083220,Chow; Bennett,9,0,32,23
1656746222408,MATH 142A,A03,093480,Chow; Bennett,7,0,32,25
1656746222408,MATH 142A,B03,093481,Chow; Bennett,7,0,32,25
1656746222408,MATH 142A,B04,093558,Chow; Bennett,10,0,32,22
1656746222408,MATH 142A,B05,093559,Chow; Bennett,6,0,32,26
1656746228435,MATH 193A,A01,083224,Rotar; Vladimir,6,0,34,28
1656746228435,MATH 193A,A02,083225,Rotar; Vladimir,3,0,34,31
1656746228435,MATH 193A,A03,083781,Rotar; Vladimir,1,0,34,33
1656746228435,MATH 193A,A04,083782,Rotar; Vladimir,6,0,34,28
1656746228435,MATH 193A,A05,093482,Rotar; Vladimir,6,0,34,28
1656746234461,MATH 197,001,091859,McAuley; Julian John,9999,0,9999,0
1656746234461,MATH 197,002,095566,Kedlaya; Kiran S.,9997,0,9999,2
1656746234461,MATH 197,003,095567,Xiao; Ming,9999,0,9999,0
1656746234461,MATH 197,004,095571,Perols; Johan Lars,9998,0,9999,1
1656746241528,COGS 9,A01,083615,Shannon; Kyle Michael,6,0,75,69
1656746247555,COGS 11,A01,083617,Boyle; Mary E. T.,18,0,48,30
1656746253582,COGS 13,A01,083071,Bastos; Amalia Pinkusfeld,8,0,71,63
1656746259614,COGS 14A,A01,092681,Semenuks; Arturs,0,1,100,100
1656746265639,COGS 14B,A01,083073,Cheng; Tzu-Han,5,0,63,58
1656746271669,COGS 17,A01,092677,Semenuks; Arturs,4,0,81,77
1656746277694,COGS 100,A01,083619,Allen; Michael Gordon,15,0,70,55
1656746283723,COGS 101A,A01,083621,Davis; Joshua Daniel,9,0,68,59
1656746289747,COGS 101B,A01,091572,Allen; Michael Gordon,8,0,65,57
1656746295780,COGS 101C,A01,083625,Delgado; Tania,17,0,35,18
1656746301804,COGS 107A,A01,083627,Boyle; Mary E. T.,13,0,60,47
1656746307850,COGS 118A,A01,083075,Gupta; Anjum,15,0,76,61
1656746313886,CSE 3,A50,083646,Miranda; Gregory Joseph,22,0,50,28
1656746319910,CSE 8A,A50,083650,Miranda; Gregory Joseph,17,1,56,39
1656746325935,CSE 11,A01,083080,Cao; Yingjun,4,15,40,36
1656746331960,CSE 12,A01,083652,Krause-Levy; Sophia Louisa,20,1,120,100
1656746337987,CSE 15L,A01,083654,Morris; Justin Loren,8,0,50,42
1656746337987,CSE 15L,A02,083655,Morris; Justin Loren,8,0,50,42
1656746344011,CSE 20,A01,083657,Tran; Khoa Dang,37,0,80,43
1656746350039,CSE 21,A01,095574,Bach; Quang Tran,21,0,48,27
1656746356075,CSE 30,A01,083084,Eldon; John,4,0,80,76
1656746356075,CSE 30,B01,095061,Bhaskar; Nishant,5,0,50,45
1656746362101,CSE 100,A01,083659,Cao; Yingjun,1,4,70,69
1656746368128,CSE 134B,A01,083661,Powell; Thomas Allan,18,0,100,82
1656746374153,CSE 140,A01,083663,Gungor; Onat,14,0,85,71
1656746380177,CSE 140L,A01,083088,Eldon; John,16,0,100,84
1656746386208,CSE 175,A01,083665,Kumar; Rakesh,3,0,25,22
1656746392242,CSE 190,A00,092507,Dubnov; Shlomo,7,0,20,13
1656746398275,ECE 45,A01,083139,Congero; Spencer William,5,0,75,70
1656746404300,ECE 65,A50,083695,Saad; Andrew S,12,0,30,18
1656746404300,ECE 65,A51,095125,Saad; Andrew S,25,0,26,1
1656746410330,ECE 109,A01,091882,Touri; Behrouz,15,0,70,55
1656746416355,ECE 180,A00,083140,Abi Samra; Nicholas Camill,0,0,30,30
1656746416355,ECE 180,B00,083141,Abi Samra; Nicholas Camill,0,0,30,30
1656746422386,MATH 10A,A01,083735,Patchell; Gregory David,1,0,30,29
1656746422386,MATH 10A,A02,083736,Patchell; Gregory David,20,0,30,10
1656746422386,MATH 10A,A03,083737,Patchell; Gregory David,15,0,30,15
1656746428413,MATH 10B,A01,083207,Lim; Seonhee,7,0,34,27
1656746428413,MATH 10B,A02,083208,Lim; Seonhee,9,0,35,26
1656746428413,MATH 10B,A03,093472,Lim; Seonhee,4,0,34,30
1656746428413,MATH 10B,B01,083739,Sinha; Shubham,9,0,30,21
1656746434442,MATH 18,A01,083743,Cinel; Cameron Alexander,6,0,30,24
1656746434442,MATH 18,A02,083744,Cinel; Cameron Alexander,15,0,30,15
1656746434442,MATH 18,A03,083745,Cinel; Cameron Alexander,8,0,30,22
1656746434442,MATH 18,B01,083748,Rideout; David Porter,3,0,37,34
1656746434442,MATH 18,B02,083749,Rideout; David Porter,3,0,36,33
1656746434442,MATH 18,B03,083750,Rideout; David Porter,1,0,37,36
1656746434442,MATH 18,B04,083751,Rideout; David Porter,5,0,36,31
1656746434442,MATH 18,B05,093473,Rideout; David Porter,4,0,36,32
1656746434442,MATH 18,B06,093474,Rideout; David Porter,5,0,36,31
1656746440476,MATH 20A,A01,083754,Zheng; Zequn,12,0,40,28
1656746446503,MATH 20B,A01,083756,Briones; Jor-el Thomas Caparas,1,0,36,35
1656746446503,MATH 20B,A02,083757,Briones; Jor-el Thomas Caparas,1,0,36,35
1656746446503,MATH 20B,A03,093475,Briones; Jor-el Thomas Caparas,0,0,36,36
1656746452529,MATH 20C,A01,083760,Briones; Jor-el Thomas Caparas,1,0,35,34
1656746452529,MATH 20C,A02,083761,Briones; Jor-el Thomas Caparas,8,0,35,27
1656746452529,MATH 20C,A03,093476,Briones; Jor-el Thomas Caparas,0,1,36,36
1656746452529,MATH 20C,B01,083762,Bach; Quang Tran,0,0,30,30
1656746458557,MATH 20D,A01,083765,Tran; Brian Kha,4,0,30,26
1656746458557,MATH 20D,A02,083766,Tran; Brian Kha,4,0,30,26
1656746458557,MATH 20D,A03,083767,Tran; Brian Kha,2,0,30,28
1656746464582,MATH 20E,A01,083771,Ganguly; Soumya,5,0,32,27
1656746464582,MATH 20E,A02,083772,Ganguly; Soumya,5,0,32,27
1656746464582,MATH 20E,B01,083773,Ciotti; Benjamin,18,0,35,17
1656746464582,MATH 20E,B02,083774,Ciotti; Benjamin,17,0,35,18
1656746470611,MATH 103A,A01,083777,Greenfeld; Be'Eri,2,0,36,34
1656746470611,MATH 103A,A02,083778,Greenfeld; Be'Eri,5,0,36,31
1656746470611,MATH 103A,A03,093561,Greenfeld; Be'Eri,4,0,36,32
1656746470611,MATH 103A,B01,083779,Greenfeld; Be'Eri,6,0,36,30
1656746470611,MATH 103A,B02,083780,Greenfeld; Be'Eri,2,0,36,34
1656746470611,MATH 103A,B03,093562,Greenfeld; Be'Eri,2,0,36,34
1656746476636,MATH 105,A01,085443,Carter; Anne Toulson,13,0,35,22
1656746476636,MATH 105,A02,093477,Carter; Anne Toulson,20,0,35,15
1656746482666,MATH 109,A01,083213,Ganzberger; Geoffrey Michael,2,0,34,32
1656746482666,MATH 109,A02,083214,Ganzberger; Geoffrey Michael,2,0,34,32
1656746482666,MATH 109,A03,093478,Ganzberger; Geoffrey Michael,1,0,34,33
1656746482666,MATH 109,B01,083215,Ganzberger; Geoffrey Michael,1,0,32,31
1656746482666,MATH 109,B02,083216,Ganzberger; Geoffrey Michael,1,0,32,31
1656746482666,MATH 109,B03,093479,Ganzberger; Geoffrey Michael,6,0,32,26
1656746488701,MATH 142A,A01,083219,Chow; Bennett,6,0,32,26
1656746488701,MATH 142A,A02,083220,Chow; Bennett,9,0,32,23
1656746488701,MATH 142A,A03,093480,Chow; Bennett,7,0,32,25
1656746488701,MATH 142A,B03,093481,Chow; Bennett,7,0,32,25
1656746488701,MATH 142A,B04,093558,Chow; Bennett,10,0,32,22
1656746488701,MATH 142A,B05,093559,Chow; Bennett,6,0,32,26
1656746494725,MATH 193A,A01,083224,Rotar; Vladimir,6,0,34,28
1656746494725,MATH 193A,A02,083225,Rotar; Vladimir,3,0,34,31
1656746494725,MATH 193A,A03,083781,Rotar; Vladimir,1,0,34,33
1656746494725,MATH 193A,A04,083782,Rotar; Vladimir,6,0,34,28
1656746494725,MATH 193A,A05,093482,Rotar; Vladimir,6,0,34,28
1656746500752,MATH 197,001,091859,McAuley; Julian John,9999,0,9999,0
1656746500752,MATH 197,002,095566,Kedlaya; Kiran S.,9997,0,9999,2
1656746500752,MATH 197,003,095567,Xiao; Ming,9999,0,9999,0
1656746500752,MATH 197,004,095571,Perols; Johan Lars,9998,0,9999,1
1656746507810,COGS 9,A01,083615,Shannon; Kyle Michael,6,0,75,69
1656746513835,COGS 11,A01,083617,Boyle; Mary E. T.,18,0,48,30
1656746519859,COGS 13,A01,083071,Bastos; Amalia Pinkusfeld,8,0,71,63
1656746525883,COGS 14A,A01,092681,Semenuks; Arturs,0,1,100,100
1656746531915,COGS 14B,A01,083073,Cheng; Tzu-Han,5,0,63,58
1656746537945,COGS 17,A01,092677,Semenuks; Arturs,4,0,81,77
1656746543968,COGS 100,A01,083619,Allen; Michael Gordon,15,0,70,55
1656746549995,COGS 101A,A01,083621,Davis; Joshua Daniel,9,0,68,59
1656746556024,COGS 101B,A01,091572,Allen; Michael Gordon,8,0,65,57
1656746562051,COGS 101C,A01,083625,Delgado; Tania,17,0,35,18
1656746568076,COGS 107A,A01,083627,Boyle; Mary E. T.,13,0,60,47
1656746574104,COGS 118A,A01,083075,Gupta; Anjum,15,0,76,61
1656746580130,CSE 3,A50,083646,Miranda; Gregory Joseph,22,0,50,28
1656746586168,CSE 8A,A50,083650,Miranda; Gregory Joseph,17,1,56,39
1656746592193,CSE 11,A01,083080,Cao; Yingjun,4,15,40,36
1656746598219,CSE 12,A01,083652,Krause-Levy; Sophia Louisa,20,1,120,100
1656746604243,CSE 15L,A01,083654,Morris; Justin Loren,8,0,50,42
1656746604243,CSE 15L,A02,083655,Morris; Justin Loren,8,0,50,42
1656746610273,CSE 20,A01,083657,Tran; Khoa Dang,37,0,80,43
1656746616297,CSE 21,A01,095574,Bach; Quang Tran,21,0,48,27
1656746622320,CSE 30,A01,083084,Eldon; John,4,0,80,76
1656746622320,CSE 30,B01,095061,Bhaskar; Nishant,5,0,50,45
1656746628344,CSE 100,A01,083659,Cao; Yingjun,1,4,70,69
1656746634370,CSE 134B,A01,083661,Powell; Thomas Allan,18,0,100,82
1656746640491,CSE 140,A01,083663,Gungor; Onat,14,0,85,71
1656746646514,CSE 140L,A01,083088,Eldon; John,16,0,100,84
1656746652540,CSE 175,A01,083665,Kumar; Rakesh,3,0,25,22
1656746658563,CSE 190,A00,092507,Dubnov; Shlomo,7,0,20,13
1656746664588,ECE 45,A01,083139,Congero; Spencer William,5,0,75,70
1656746670621,ECE 65,A50,083695,Saad; Andrew S,12,0,30,18
1656746670621,ECE 65,A51,095125,Saad; Andrew S,25,0,26,1
1656746676645,ECE 109,A01,091882,Touri; Behrouz,15,0,70,55
1656746682670,ECE 180,A00,083140,Abi Samra; Nicholas Camill,0,0,30,30
1656746682670,ECE 180,B00,083141,Abi Samra; Nicholas Camill,0,0,30,30
1656746688695,MATH 10A,A01,083735,Patchell; Gregory David,1,0,30,29
1656746688695,MATH 10A,A02,083736,Patchell; Gregory David,20,0,30,10
1656746688695,MATH 10A,A03,083737,Patchell; Gregory David,15,0,30,15
1656746694720,MATH 10B,A01,083207,Lim; Seonhee,7,0,34,27
1656746694720,MATH 10B,A02,083208,Lim; Seonhee,9,0,35,26
1656746694720,MATH 10B,A03,093472,Lim; Seonhee,4,0,34,30
1656746694720,MATH 10B,B01,083739,Sinha; Shubham,9,0,30,21
1656746700749,MATH 18,A01,083743,Cinel; Cameron Alexander,6,0,30,24
1656746700749,MATH 18,A02,083744,Cinel; Cameron Alexander,15,0,30,15
1656746700749,MATH 18,A03,083745,Cinel; Cameron Alexander,8,0,30,22
1656746700749,MATH 18,B01,083748,Rideout; David Porter,3,0,37,34
1656746700749,MATH 18,B02,083749,Rideout; David Porter,3,0,36,33
1656746700749,MATH 18,B03,083750,Rideout; David Porter,1,0,37,36
1656746700749,MATH 18,B04,083751,Rideout; David Porter,5,0,36,31
1656746700749,MATH 18,B05,093473,Rideout; David Porter,4,0,36,32
1656746700749,MATH 18,B06,093474,Rideout; David Porter,5,0,36,31
1656746706775,MATH 20A,A01,083754,Zheng; Zequn,12,0,40,28
1656746712807,MATH 20B,A01,083756,Briones; Jor-el Thomas Caparas,1,0,36,35
1656746712807,MATH 20B,A02,083757,Briones; Jor-el Thomas Caparas,1,0,36,35
1656746712807,MATH 20B,A03,093475,Briones; Jor-el Thomas Caparas,0,0,36,36
1656746718844,MATH 20C,A01,083760,Briones; Jor-el Thomas Caparas,1,0,35,34
1656746718844,MATH 20C,A02,083761,Briones; Jor-el Thomas Caparas,8,0,35,27
1656746718844,MATH 20C,A03,093476,Briones; Jor-el Thomas Caparas,0,1,36,36
1656746718844,MATH 20C,B01,083762,Bach; Quang Tran,0,0,30,30
1656746724874,MATH 20D,A01,083765,Tran; Brian Kha,4,0,30,26
1656746724874,MATH 20D,A02,083766,Tran; Brian Kha,4,0,30,26
1656746724874,MATH 20D,A03,083767,Tran; Brian Kha,2,0,30,28
1656746730902,MATH 20E,A01,083771,Ganguly; Soumya,5,0,32,27
1656746730902,MATH 20E,A02,083772,Ganguly; Soumya,5,0,32,27
1656746730902,MATH 20E,B01,083773,Ciotti; Benjamin,18,0,35,17
1656746730902,MATH 20E,B02,083774,Ciotti; Benjamin,17,0,35,18
1656746736927,MATH 103A,A01,083777,Greenfeld; Be'Eri,2,0,36,34
1656746736927,MATH 103A,A02,083778,Greenfeld; Be'Eri,5,0,36,31
1656746736927,MATH 103A,A03,093561,Greenfeld; Be'Eri,4,0,36,32
1656746736927,MATH 103A,B01,083779,Greenfeld; Be'Eri,6,0,36,30
1656746736927,MATH 103A,B02,083780,Greenfeld; Be'Eri,2,0,36,34
1656746736927,MATH 103A,B03,093562,Greenfeld; Be'Eri,2,0,36,34
1656746742951,MATH 105,A01,085443,Carter; Anne Toulson,13,0,35,22
1656746742951,MATH 105,A02,093477,Carter; Anne Toulson,20,0,35,15
1656746748977,MATH 109,A01,083213,Ganzberger; Geoffrey Michael,2,0,34,32
1656746748977,MATH 109,A02,083214,Ganzberger; Geoffrey Michael,2,0,34,32
1656746748977,MATH 109,A03,093478,Ganzberger; Geoffrey Michael,1,0,34,33
1656746748977,MATH 109,B01,083215,Ganzberger; Geoffrey Michael,1,0,32,31
1656746748977,MATH 109,B02,083216,Ganzberger; Geoffrey Michael,1,0,32,31
1656746748977,MATH 109,B03,093479,Ganzberger; Geoffrey Michael,6,0,32,26
1656746755012,MATH 142A,A01,083219,Chow; Bennett,6,0,32,26
1656746755012,MATH 142A,A02,083220,Chow; Bennett,9,0,32,23
1656746755012,MATH 142A,A03,093480,Chow; Bennett,7,0,32,25
1656746755012,MATH 142A,B03,093481,Chow; Bennett,7,0,32,25
1656746755012,MATH 142A,B04,093558,Chow; Bennett,10,0,32,22
1656746755012,MATH 142A,B05,093559,Chow; Bennett,6,0,32,26
1656746761035,MATH 193A,A01,083224,Rotar; Vladimir,6,0,34,28
1656746761035,MATH 193A,A02,083225,Rotar; Vladimir,3,0,34,31
1656746761035,MATH 193A,A03,083781,Rotar; Vladimir,1,0,34,33
1656746761035,MATH 193A,A04,083782,Rotar; Vladimir,6,0,34,28
1656746761035,MATH 193A,A05,093482,Rotar; Vladimir,6,0,34,28
1656746767060,MATH 197,001,091859,McAuley; Julian John,9999,0,9999,0
1656746767060,MATH 197,002,095566,Kedlaya; Kiran S.,9997,0,9999,2
1656746767060,MATH 197,003,095567,Xiao; Ming,9999,0,9999,0
1656746767060,MATH 197,004,095571,Perols; Johan Lars,9998,0,9999,1
1656746774126,COGS 9,A01,083615,Shannon; Kyle Michael,6,0,75,69
1656746780154,COGS 11,A01,083617,Boyle; Mary E. T.,18,0,48,30
1656746786182,COGS 13,A01,083071,Bastos; Amalia Pinkusfeld,8,0,71,63
1656746792211,COGS 14A,A01,092681,Semenuks; Arturs,0,1,100,100
1656746798236,COGS 14B,A01,083073,Cheng; Tzu-Han,5,0,63,58
1656746804265,COGS 17,A01,092677,Semenuks; Arturs,4,0,81,77
1656746810291,COGS 100,A01,083619,Allen; Michael Gordon,15,0,70,55
1656746816321,COGS 101A,A01,083621,Davis; Joshua Daniel,9,0,68,59
1656746822353,COGS 101B,A01,091572,Allen; Michael Gordon,8,0,65,57
1656746828377,COGS 101C,A01,083625,Delgado; Tania,17,0,35,18
1656746834405,COGS 107A,A01,083627,Boyle; Mary E. T.,13,0,60,47
1656746840431,COGS 118A,A01,083075,Gupta; Anjum,15,0,76,61
1656746846456,CSE 3,A50,083646,Miranda; Gregory Joseph,22,0,50,28
1656746852481,CSE 8A,A50,083650,Miranda; Gregory Joseph,17,1,56,39
1656746858503,CSE 11,A01,083080,Cao; Yingjun,4,15,40,36
1656746864535,CSE 12,A01,083652,Krause-Levy; Sophia Louisa,20,1,120,100
1656746870563,CSE 15L,A01,083654,Morris; Justin Loren,8,0,50,42
1656746870563,CSE 15L,A02,083655,Morris; Justin Loren,8,0,50,42
1656746876588,CSE 20,A01,083657,Tran; Khoa Dang,37,0,80,43
1656746882612,CSE 21,A01,095574,Bach; Quang Tran,21,0,48,27
1656746888636,CSE 30,A01,083084,Eldon; John,4,0,80,76
1656746888636,CSE 30,B01,095061,Bhaskar; Nishant,5,0,50,45
1656746894659,CSE 100,A01,083659,Cao; Yingjun,1,4,70,69
1656746900683,CSE 134B,A01,083661,Powell; Thomas Allan,18,0,100,82
1656746906705,CSE 140,A01,083663,Gungor; Onat,14,0,85,71
1656746912729,CSE 140L,A01,083088,Eldon; John,16,0,100,84
1656746918758,CSE 175,A01,083665,Kumar; Rakesh,3,0,25,22
1656746924782,CSE 190,A00,092507,Dubnov; Shlomo,7,0,20,13
1656746930806,ECE 45,A01,083139,Congero; Spencer William,5,0,75,70
1656746936831,ECE 65,A50,083695,Saad; Andrew S,12,0,30,18
1656746936831,ECE 65,A51,095125,Saad; Andrew S,25,0,26,1
1656746942859,ECE 109,A01,091882,Touri; Behrouz,15,0,70,55
1656746948885,ECE 180,A00,083140,Abi Samra; Nicholas Camill,0,0,30,30
1656746948885,ECE 180,B00,083141,Abi Samra; Nicholas Camill,0,0,30,30
1656746954908,MATH 10A,A01,083735,Patchell; Gregory David,1,0,30,29
1656746954908,MATH 10A,A02,083736,Patchell; Gregory David,20,0,30,10
1656746954908,MATH 10A,A03,083737,Patchell; Gregory David,15,0,30,15
1656746960932,MATH 10B,A01,083207,Lim; Seonhee,7,0,34,27
1656746960932,MATH 10B,A02,083208,Lim; Seonhee,9,0,35,26
1656746960932,MATH 10B,A03,093472,Lim; Seonhee,4,0,34,30
1656746960932,MATH 10B,B01,083739,Sinha; Shubham,9,0,30,21
1656746966955,MATH 18,A01,083743,Cinel; Cameron Alexander,6,0,30,24
1656746966955,MATH 18,A02,083744,Cinel; Cameron Alexander,15,0,30,15
1656746966955,MATH 18,A03,083745,Cinel; Cameron Alexander,8,0,30,22
1656746966955,MATH 18,B01,083748,Rideout; David Porter,3,0,37,34
1656746966955,MATH 18,B02,083749,Rideout; David Porter,3,0,36,33
1656746966955,MATH 18,B03,083750,Rideout; David Porter,1,0,37,36
1656746966955,MATH 18,B04,083751,Rideout; David Porter,5,0,36,31
1656746966955,MATH 18,B05,093473,Rideout; David Porter,4,0,36,32
1656746966955,MATH 18,B06,093474,Rideout; David Porter,5,0,36,31
1656746972977,MATH 20A,A01,083754,Zheng; Zequn,12,0,40,28
1656746979006,MATH 20B,A01,083756,Briones; Jor-el Thomas Caparas,1,0,36,35
1656746979006,MATH 20B,A02,083757,Briones; Jor-el Thomas Caparas,1,0,36,35
1656746979006,MATH 20B,A03,093475,Briones; Jor-el Thomas Caparas,0,0,36,36
1656746985028,MATH 20C,A01,083760,Briones; Jor-el Thomas Caparas,1,0,35,34
1656746985028,MATH 20C,A02,083761,Briones; Jor-el Thomas Caparas,8,0,35,27
1656746985028,MATH 20C,A03,093476,Briones; Jor-el Thomas Caparas,0,1,36,36
1656746985028,MATH 20C,B01,083762,Bach; Quang Tran,0,0,30,30
1656746991056,MATH 20D,A01,083765,Tran; Brian Kha,4,0,30,26
1656746991056,MATH 20D,A02,083766,Tran; Brian Kha,4,0,30,26
1656746991056,MATH 20D,A03,083767,Tran; Brian Kha,2,0,30,28
1656746997082,MATH 20E,A01,083771,Ganguly; Soumya,5,0,32,27
1656746997082,MATH 20E,A02,083772,Ganguly; Soumya,5,0,32,27
1656746997082,MATH 20E,B01,083773,Ciotti; Benjamin,18,0,35,17
1656746997082,MATH 20E,B02,083774,Ciotti; Benjamin,17,0,35,18
1656747003111,MATH 103A,A01,083777,Greenfeld; Be'Eri,2,0,36,34
1656747003111,MATH 103A,A02,083778,Greenfeld; Be'Eri,5,0,36,31
1656747003111,MATH 103A,A03,093561,Greenfeld; Be'Eri,4,0,36,32
1656747003111,MATH 103A,B01,083779,Greenfeld; Be'Eri,6,0,36,30
1656747003111,MATH 103A,B02,083780,Greenfeld; Be'Eri,2,0,36,34
1656747003111,MATH 103A,B03,093562,Greenfeld; Be'Eri,2,0,36,34
1656747009138,MATH 105,A01,085443,Carter; Anne Toulson,13,0,35,22
1656747009138,MATH 105,A02,093477,Carter; Anne Toulson,20,0,35,15
1656747015160,MATH 109,A01,083213,Ganzberger; Geoffrey Michael,2,0,34,32
1656747015160,MATH 109,A02,083214,Ganzberger; Geoffrey Michael,2,0,34,32
1656747015160,MATH 109,A03,093478,Ganzberger; Geoffrey Michael,1,0,34,33
1656747015160,MATH 109,B01,083215,Ganzberger; Geoffrey Michael,1,0,32,31
1656747015160,MATH 109,B02,083216,Ganzberger; Geoffrey Michael,1,0,32,31
1656747015160,MATH 109,B03,093479,Ganzberger; Geoffrey Michael,6,0,32,26
1656747021183,MATH 142A,A01,083219,Chow; Bennett,6,0,32,26
1656747021183,MATH 142A,A02,083220,Chow; Bennett,9,0,32,23
1656747021183,MATH 142A,A03,093480,Chow; Bennett,7,0,32,25
1656747021183,MATH 142A,B03,093481,Chow; Bennett,7,0,32,25
1656747021183,MATH 142A,B04,093558,Chow; Bennett,10,0,32,22
1656747021183,MATH 142A,B05,093559,Chow; Bennett,6,0,32,26
1656747027209,MATH 193A,A01,083224,Rotar; Vladimir,6,0,34,28
1656747027209,MATH 193A,A02,083225,Rotar; Vladimir,3,0,34,31
1656747027209,MATH 193A,A03,083781,Rotar; Vladimir,1,0,34,33
1656747027209,MATH 193A,A04,083782,Rotar; Vladimir,6,0,34,28
1656747027209,MATH 193A,A05,093482,Rotar; Vladimir,6,0,34,28
1656747033232,MATH 197,001,091859,McAuley; Julian John,9999,0,9999,0
1656747033232,MATH 197,002,095566,Kedlaya; Kiran S.,9997,0,9999,2
1656747033232,MATH 197,003,095567,Xiao; Ming,9999,0,9999,0
1656747033232,MATH 197,004,095571,Perols; Johan Lars,9998,0,9999,1
1656747040299,COGS 9,A01,083615,Shannon; Kyle Michael,6,0,75,69
1656747046327,COGS 11,A01,083617,Boyle; Mary E. T.,18,0,48,30
1656747052355,COGS 13,A01,083071,Bastos; Amalia Pinkusfeld,8,0,71,63
1656747058380,COGS 14A,A01,092681,Semenuks; Arturs,0,1,100,100
1656747064407,COGS 14B,A01,083073,Cheng; Tzu-Han,5,0,63,58
1656747070433,COGS 17,A01,092677,Semenuks; Arturs,4,0,81,77
1656747076457,COGS 100,A01,083619,Allen; Michael Gordon,15,0,70,55
1656747082481,COGS 101A,A01,083621,Davis; Joshua Daniel,9,0,68,59
1656747088504,COGS 101B,A01,091572,Allen; Michael Gordon,8,0,65,57
1656747094527,COGS 101C,A01,083625,Delgado; Tania,17,0,35,18
1656747100548,COGS 107A,A01,083627,Boyle; Mary E. T.,13,0,60,47
1656747106571,COGS 118A,A01,083075,Gupta; Anjum,15,0,76,61
1656747112594,CSE 3,A50,083646,Miranda; Gregory Joseph,22,0,50,28
1656747118619,CSE 8A,A50,083650,Miranda; Gregory Joseph,17,1,56,39
1656747124645,CSE 11,A01,083080,Cao; Yingjun,4,15,40,36
1656747130677,CSE 12,A01,083652,Krause-Levy; Sophia Louisa,20,1,120,100
1656747136702,CSE 15L,A01,083654,Morris; Justin Loren,8,0,50,42
1656747136702,CSE 15L,A02,083655,Morris; Justin Loren,8,0,50,42
1656747142734,CSE 20,A01,083657,Tran; Khoa Dang,37,0,80,43
1656747148757,CSE 21,A01,095574,Bach; Quang Tran,21,0,48,27
1656747154785,CSE 30,A01,083084,Eldon; John,4,0,80,76
1656747154785,CSE 30,B01,095061,Bhaskar; Nishant,5,0,50,45
1656747160812,CSE 100,A01,083659,Cao; Yingjun,1,4,70,69
1656747166837,CSE 134B,A01,083661,Powell; Thomas Allan,18,0,100,82
1656747172861,CSE 140,A01,083663,Gungor; Onat,14,0,85,71
1656747178888,CSE 140L,A01,083088,Eldon; John,16,0,100,84
1656747184913,CSE 175,A01,083665,Kumar; Rakesh,3,0,25,22
1656747190938,CSE 190,A00,092507,Dubnov; Shlomo,7,0,20,13
1656747196964,ECE 45,A01,083139,Congero; Spencer William,5,0,75,70
1656747203003,ECE 65,A50,083695,Saad; Andrew S,12,0,30,18
1656747203003,ECE 65,A51,095125,Saad; Andrew S,25,0,26,1
1656747209026,ECE 109,A01,091882,Touri; Behrouz,15,0,70,55
1656747215054,ECE 180,A00,083140,Abi Samra; Nicholas Camill,0,0,30,30
1656747215054,ECE 180,B00,083141,Abi Samra; Nicholas Camill,0,0,30,30
1656747221087,MATH 10A,A01,083735,Patchell; Gregory David,1,0,30,29
1656747221087,MATH 10A,A02,083736,Patchell; Gregory David,20,0,30,10
1656747221087,MATH 10A,A03,083737,Patchell; Gregory David,15,0,30,15
1656747227127,MATH 10B,A01,083207,Lim; Seonhee,7,0,34,27
1656747227127,MATH 10B,A02,083208,Lim; Seonhee,9,0,35,26
1656747227127,MATH 10B,A03,093472,Lim; Seonhee,4,0,34,30
1656747227127,MATH 10B,B01,083739,Sinha; Shubham,9,0,30,21
1656747233175,MATH 18,A01,083743,Cinel; Cameron Alexander,6,0,30,24
1656747233175,MATH 18,A02,083744,Cinel; Cameron Alexander,15,0,30,15
1656747233175,MATH 18,A03,083745,Cinel; Cameron Alexander,8,0,30,22
1656747233175,MATH 18,B01,083748,Rideout; David Porter,3,0,37,34
1656747233175,MATH 18,B02,083749,Rideout; David Porter,3,0,36,33
1656747233175,MATH 18,B03,083750,Rideout; David Porter,1,0,37,36
1656747233175,MATH 18,B04,083751,Rideout; David Porter,5,0,36,31
1656747233175,MATH 18,B05,093473,Rideout; David Porter,4,0,36,32
1656747233175,MATH 18,B06,093474,Rideout; David Porter,5,0,36,31
1656747239297,MATH 20A,A01,083754,Zheng; Zequn,12,0,40,28
1656747245330,MATH 20B,A01,083756,Briones; Jor-el Thomas Caparas,1,0,36,35
1656747245330,MATH 20B,A02,083757,Briones; Jor-el Thomas Caparas,1,0,36,35
1656747245330,MATH 20B,A03,093475,Briones; Jor-el Thomas Caparas,0,0,36,36
1656747251359,MATH 20C,A01,083760,Briones; Jor-el Thomas Caparas,1,0,35,34
1656747251359,MATH 20C,A02,083761,Briones; Jor-el Thomas Caparas,8,0,35,27
1656747251359,MATH 20C,A03,093476,Briones; Jor-el Thomas Caparas,0,1,36,36
1656747251359,MATH 20C,B01,083762,Bach; Quang Tran,0,0,30,30
1656747257391,MATH 20D,A01,083765,Tran; Brian Kha,4,0,30,26
1656747257391,MATH 20D,A02,083766,Tran; Brian Kha,4,0,30,26
1656747257391,MATH 20D,A03,083767,Tran; Brian Kha,2,0,30,28
1656747263419,MATH 20E,A01,083771,Ganguly; Soumya,5,0,32,27
1656747263419,MATH 20E,A02,083772,Ganguly; Soumya,5,0,32,27
1656747263419,MATH 20E,B01,083773,Ciotti; Benjamin,18,0,35,17
1656747263419,MATH 20E,B02,083774,Ciotti; Benjamin,17,0,35,18
1656747269450,MATH 103A,A01,083777,Greenfeld; Be'Eri,2,0,36,34
1656747269450,MATH 103A,A02,083778,Greenfeld; Be'Eri,5,0,36,31
1656747269450,MATH 103A,A03,093561,Greenfeld; Be'Eri,4,0,36,32
1656747269450,MATH 103A,B01,083779,Greenfeld; Be'Eri,6,0,36,30
1656747269450,MATH 103A,B02,083780,Greenfeld; Be'Eri,2,0,36,34
1656747269450,MATH 103A,B03,093562,Greenfeld; Be'Eri,2,0,36,34
1656747275483,MATH 105,A01,085443,Carter; Anne Toulson,13,0,35,22
1656747275483,MATH 105,A02,093477,Carter; Anne Toulson,20,0,35,15
1656747281514,MATH 109,A01,083213,Ganzberger; Geoffrey Michael,2,0,34,32
1656747281514,MATH 109,A02,083214,Ganzberger; Geoffrey Michael,2,0,34,32
1656747281514,MATH 109,A03,093478,Ganzberger; Geoffrey Michael,1,0,34,33
1656747281514,MATH 109,B01,083215,Ganzberger; Geoffrey Michael,1,0,32,31
1656747281514,MATH 109,B02,083216,Ganzberger; Geoffrey Michael,1,0,32,31
1656747281514,MATH 109,B03,093479,Ganzberger; Geoffrey Michael,6,0,32,26
1656747287548,MATH 142A,A01,083219,Chow; Bennett,6,0,32,26
1656747287548,MATH 142A,A02,083220,Chow; Bennett,9,0,32,23
1656747287548,MATH 142A,A03,093480,Chow; Bennett,7,0,32,25
1656747287548,MATH 142A,B03,093481,Chow; Bennett,7,0,32,25
1656747287548,MATH 142A,B04,093558,Chow; Bennett,10,0,32,22
1656747287548,MATH 142A,B05,093559,Chow; Bennett,6,0,32,26
1656747293573,MATH 193A,A01,083224,Rotar; Vladimir,6,0,34,28
1656747293573,MATH 193A,A02,083225,Rotar; Vladimir,3,0,34,31
1656747293573,MATH 193A,A03,083781,Rotar; Vladimir,1,0,34,33
1656747293573,MATH 193A,A04,083782,Rotar; Vladimir,6,0,34,28
1656747293573,MATH 193A,A05,093482,Rotar; Vladimir,6,0,34,28
1656747299602,MATH 197,001,091859,McAuley; Julian John,9999,0,9999,0
1656747299602,MATH 197,002,095566,Kedlaya; Kiran S.,9997,0,9999,2
1656747299602,MATH 197,003,095567,Xiao; Ming,9999,0,9999,0
1656747299602,MATH 197,004,095571,Perols; Johan Lars,9998,0,9999,1
1656747306706,COGS 9,A01,083615,Shannon; Kyle Michael,6,0,75,69
1656747312731,COGS 11,A01,083617,Boyle; Mary E. T.,18,0,48,30
1656747318761,COGS 13,A01,083071,Bastos; Amalia Pinkusfeld,8,0,71,63
1656747324785,COGS 14A,A01,092681,Semenuks; Arturs,0,1,100,100
1656747330808,COGS 14B,A01,083073,Cheng; Tzu-Han,5,0,63,58
1656747336831,COGS 17,A01,092677,Semenuks; Arturs,4,0,81,77
1656747342858,COGS 100,A01,083619,Allen; Michael Gordon,15,0,70,55
1656747348883,COGS 101A,A01,083621,Davis; Joshua Daniel,9,0,68,59
1656747354909,COGS 101B,A01,091572,Allen; Michael Gordon,8,0,65,57
1656747360941,COGS 101C,A01,083625,Delgado; Tania,17,0,35,18
1656747366965,COGS 107A,A01,083627,Boyle; Mary E. T.,13,0,60,47
1656747372998,COGS 118A,A01,083075,Gupta; Anjum,15,0,76,61
1656747379025,CSE 3,A50,083646,Miranda; Gregory Joseph,22,0,50,28
1656747385053,CSE 8A,A50,083650,Miranda; Gregory Joseph,17,1,56,39
1656747391083,CSE 11,A01,083080,Cao; Yingjun,4,15,40,36
1656747397121,CSE 12,A01,083652,Krause-Levy; Sophia Louisa,20,1,120,100
1656747403154,CSE 15L,A01,083654,Morris; Justin Loren,8,0,50,42
1656747403154,CSE 15L,A02,083655,Morris; Justin Loren,8,0,50,42
1656747409179,CSE 20,A01,083657,Tran; Khoa Dang,37,0,80,43
1656747415204,CSE 21,A01,095574,Bach; Quang Tran,21,0,48,27
1656747421238,CSE 30,A01,083084,Eldon; John,4,0,80,76
1656747421238,CSE 30,B01,095061,Bhaskar; Nishant,5,0,50,45
1656747427267,CSE 100,A01,083659,Cao; Yingjun,1,4,70,69
1656747433292,CSE 134B,A01,083661,Powell; Thomas Allan,18,0,100,82
1656747439326,CSE 140,A01,083663,Gungor; Onat,14,0,85,71
1656747445350,CSE 140L,A01,083088,Eldon; John,16,0,100,84
1656747451377,CSE 175,A01,083665,Kumar; Rakesh,3,0,25,22
1656747457402,CSE 190,A00,092507,Dubnov; Shlomo,7,0,20,13
1656747463437,ECE 45,A01,083139,Congero; Spencer William,5,0,75,70
1656747469467,ECE 65,A50,083695,Saad; Andrew S,12,0,30,18
1656747469467,ECE 65,A51,095125,Saad; Andrew S,25,0,26,1
1656747475492,ECE 109,A01,091882,Touri; Behrouz,15,0,70,55
1656747481523,ECE 180,A00,083140,Abi Samra; Nicholas Camill,0,0,30,30
1656747481523,ECE 180,B00,083141,Abi Samra; Nicholas Camill,0,0,30,30
1656747487557,MATH 10A,A01,083735,Patchell; Gregory David,1,0,30,29
1656747487557,MATH 10A,A02,083736,Patchell; Gregory David,20,0,30,10
1656747487557,MATH 10A,A03,083737,Patchell; Gregory David,15,0,30,15
1656747493586,MATH 10B,A01,083207,Lim; Seonhee,7,0,34,27
1656747493586,MATH 10B,A02,083208,Lim; Seonhee,9,0,35,26
1656747493586,MATH 10B,A03,093472,Lim; Seonhee,4,0,34,30
1656747493586,MATH 10B,B01,083739,Sinha; Shubham,9,0,30,21
1656747499626,MATH 18,A01,083743,Cinel; Cameron Alexander,6,0,30,24
1656747499626,MATH 18,A02,083744,Cinel; Cameron Alexander,15,0,30,15
1656747499626,MATH 18,A03,083745,Cinel; Cameron Alexander,8,0,30,22
1656747499626,MATH 18,B01,083748,Rideout; David Porter,3,0,37,34
1656747499626,MATH 18,B02,083749,Rideout; David Porter,3,0,36,33
1656747499626,MATH 18,B03,083750,Rideout; David Porter,1,0,37,36
1656747499626,MATH 18,B04,083751,Rideout; David Porter,5,0,36,31
1656747499626,MATH 18,B05,093473,Rideout; David Porter,4,0,36,32
1656747499626,MATH 18,B06,093474,Rideout; David Porter,5,0,36,31
1656747505656,MATH 20A,A01,083754,Zheng; Zequn,12,0,40,28
1656747511685,MATH 20B,A01,083756,Briones; Jor-el Thomas Caparas,1,0,36,35
1656747511685,MATH 20B,A02,083757,Briones; Jor-el Thomas Caparas,1,0,36,35
1656747511685,MATH 20B,A03,093475,Briones; Jor-el Thomas Caparas,0,0,36,36
1656747517715,MATH 20C,A01,083760,Briones; Jor-el Thomas Caparas,1,0,35,34
1656747517715,MATH 20C,A02,083761,Briones; Jor-el Thomas Caparas,8,0,35,27
1656747517715,MATH 20C,A03,093476,Briones; Jor-el Thomas Caparas,0,1,36,36
1656747517715,MATH 20C,B01,083762,Bach; Quang Tran,0,0,30,30
1656747523738,MATH 20D,A01,083765,Tran; Brian Kha,4,0,30,26
1656747523738,MATH 20D,A02,083766,Tran; Brian Kha,4,0,30,26
1656747523738,MATH 20D,A03,083767,Tran; Brian Kha,2,0,30,28
1656747529765,MATH 20E,A01,083771,Ganguly; Soumya,5,0,32,27
1656747529765,MATH 20E,A02,083772,Ganguly; Soumya,5,0,32,27
1656747529765,MATH 20E,B01,083773,Ciotti; Benjamin,18,0,35,17
1656747529765,MATH 20E,B02,083774,Ciotti; Benjamin,17,0,35,18
1656747535802,MATH 103A,A01,083777,Greenfeld; Be'Eri,2,0,36,34
1656747535802,MATH 103A,A02,083778,Greenfeld; Be'Eri,5,0,36,31
1656747535802,MATH 103A,A03,093561,Greenfeld; Be'Eri,4,0,36,32
1656747535802,MATH 103A,B01,083779,Greenfeld; Be'Eri,6,0,36,30
1656747535802,MATH 103A,B02,083780,Greenfeld; Be'Eri,2,0,36,34
1656747535802,MATH 103A,B03,093562,Greenfeld; Be'Eri,2,0,36,34
1656747541834,MATH 105,A01,085443,Carter; Anne Toulson,13,0,35,22
1656747541834,MATH 105,A02,093477,Carter; Anne Toulson,20,0,35,15
1656747547869,MATH 109,A01,083213,Ganzberger; Geoffrey Michael,2,0,34,32
1656747547869,MATH 109,A02,083214,Ganzberger; Geoffrey Michael,2,0,34,32
1656747547869,MATH 109,A03,093478,Ganzberger; Geoffrey Michael,1,0,34,33
1656747547869,MATH 109,B01,083215,Ganzberger; Geoffrey Michael,1,0,32,31
1656747547869,MATH 109,B02,083216,Ganzberger; Geoffrey Michael,1,0,32,31
1656747547869,MATH 109,B03,093479,Ganzberger; Geoffrey Michael,6,0,32,26
1656747553896,MATH 142A,A01,083219,Chow; Bennett,6,0,32,26
1656747553896,MATH 142A,A02,083220,Chow; Bennett,9,0,32,23
1656747553896,MATH 142A,A03,093480,Chow; Bennett,7,0,32,25
1656747553896,MATH 142A,B03,093481,Chow; Bennett,7,0,32,25
1656747553896,MATH 142A,B04,093558,Chow; Bennett,10,0,32,22
1656747553896,MATH 142A,B05,093559,Chow; Bennett,6,0,32,26
1656747559923,MATH 193A,A01,083224,Rotar; Vladimir,6,0,34,28
1656747559923,MATH 193A,A02,083225,Rotar; Vladimir,3,0,34,31
1656747559923,MATH 193A,A03,083781,Rotar; Vladimir,1,0,34,33
1656747559923,MATH 193A,A04,083782,Rotar; Vladimir,6,0,34,28
1656747559923,MATH 193A,A05,093482,Rotar; Vladimir,6,0,34,28
1656747565949,MATH 197,001,091859,McAuley; Julian John,9999,0,9999,0
1656747565949,MATH 197,002,095566,Kedlaya; Kiran S.,9997,0,9999,2
1656747565949,MATH 197,003,095567,Xiao; Ming,9999,0,9999,0
1656747565949,MATH 197,004,095571,Perols; Johan Lars,9998,0,9999,1
1656747573037,COGS 9,A01,083615,Shannon; Kyle Michael,6,0,75,69
1656747579064,COGS 11,A01,083617,Boyle; Mary E. T.,18,0,48,30
1656747585102,COGS 13,A01,083071,Bastos; Amalia Pinkusfeld,8,0,71,63
1656747591127,COGS 14A,A01,092681,Semenuks; Arturs,0,1,100,100
1656747597157,COGS 14B,A01,083073,Cheng; Tzu-Han,5,0,63,58
1656747603189,COGS 17,A01,092677,Semenuks; Arturs,4,0,81,77
1656747609219,COGS 100,A01,083619,Allen; Michael Gordon,15,0,70,55
1656747615246,COGS 101A,A01,083621,Davis; Joshua Daniel,9,0,68,59
1656747621275,COGS 101B,A01,091572,Allen; Michael Gordon,8,0,65,57
1656747627305,COGS 101C,A01,083625,Delgado; Tania,17,0,35,18
1656747633330,COGS 107A,A01,083627,Boyle; Mary E. T.,13,0,60,47
1656747639361,COGS 118A,A01,083075,Gupta; Anjum,15,0,76,61
1656747645388,CSE 3,A50,083646,Miranda; Gregory Joseph,22,0,50,28
1656747651414,CSE 8A,A50,083650,Miranda; Gregory Joseph,17,1,56,39
1656747657439,CSE 11,A01,083080,Cao; Yingjun,4,15,40,36
1656747663475,CSE 12,A01,083652,Krause-Levy; Sophia Louisa,20,1,120,100
1656747669500,CSE 15L,A01,083654,Morris; Justin Loren,8,0,50,42
1656747669500,CSE 15L,A02,083655,Morris; Justin Loren,8,0,50,42
1656747675523,CSE 20,A01,083657,Tran; Khoa Dang,37,0,80,43
1656747681549,CSE 21,A01,095574,Bach; Quang Tran,21,0,48,27
1656747687587,CSE 30,A01,083084,Eldon; John,4,0,80,76
1656747687587,CSE 30,B01,095061,Bhaskar; Nishant,5,0,50,45
1656747693618,CSE 100,A01,083659,Cao; Yingjun,1,4,70,69
1656747699643,CSE 134B,A01,083661,Powell; Thomas Allan,18,0,100,82
1656747705683,CSE 140,A01,083663,Gungor; Onat,14,0,85,71
1656747711711,CSE 140L,A01,083088,Eldon; John,16,0,100,84
1656747717741,CSE 175,A01,083665,Kumar; Rakesh,3,0,25,22
1656747723771,CSE 190,A00,092507,Dubnov; Shlomo,7,0,20,13
1656747729798,ECE 45,A01,083139,Congero; Spencer William,5,0,75,70
1656747735826,ECE 65,A50,083695,Saad; Andrew S,12,0,30,18
1656747735826,ECE 65,A51,095125,Saad; Andrew S,25,0,26,1
1656747741852,ECE 109,A01,091882,Touri; Behrouz,15,0,70,55
1656747747881,ECE 180,A00,083140,Abi Samra; Nicholas Camill,0,0,30,30
1656747747881,ECE 180,B00,083141,Abi Samra; Nicholas Camill,0,0,30,30
1656747753909,MATH 10A,A01,083735,Patchell; Gregory David,1,0,30,29
1656747753909,MATH 10A,A02,083736,Patchell; Gregory David,20,0,30,10
1656747753909,MATH 10A,A03,083737,Patchell; Gregory David,15,0,30,15
1656747759945,MATH 10B,A01,083207,Lim; Seonhee,7,0,34,27
1656747759945,MATH 10B,A02,083208,Lim; Seonhee,9,0,35,26
1656747759945,MATH 10B,A03,093472,Lim; Seonhee,4,0,34,30
1656747759945,MATH 10B,B01,083739,Sinha; Shubham,9,0,30,21
1656747765986,MATH 18,A01,083743,Cinel; Cameron Alexander,6,0,30,24
1656747765986,MATH 18,A02,083744,Cinel; Cameron Alexander,15,0,30,15
1656747765986,MATH 18,A03,083745,Cinel; Cameron Alexander,8,0,30,22
1656747765986,MATH 18,B01,083748,Rideout; David Porter,3,0,37,34
1656747765986,MATH 18,B02,083749,Rideout; David Porter,3,0,36,33
1656747765986,MATH 18,B03,083750,Rideout; David Porter,1,0,37,36
1656747765986,MATH 18,B04,083751,Rideout; David Porter,5,0,36,31
1656747765986,MATH 18,B05,093473,Rideout; David Porter,4,0,36,32
1656747765986,MATH 18,B06,093474,Rideout; David Porter,5,0,36,31
1656747772011,MATH 20A,A01,083754,Zheng; Zequn,12,0,40,28
1656747778046,MATH 20B,A01,083756,Briones; Jor-el Thomas Caparas,1,0,36,35
1656747778046,MATH 20B,A02,083757,Briones; Jor-el Thomas Caparas,1,0,36,35
1656747778046,MATH 20B,A03,093475,Briones; Jor-el Thomas Caparas,0,0,36,36
1656747784103,MATH 20C,A01,083760,Briones; Jor-el Thomas Caparas,1,0,35,34
1656747784103,MATH 20C,A02,083761,Briones; Jor-el Thomas Caparas,8,0,35,27
1656747784103,MATH 20C,A03,093476,Briones; Jor-el Thomas Caparas,0,1,36,36
1656747784103,MATH 20C,B01,083762,Bach; Quang Tran,0,0,30,30
1656747790132,MATH 20D,A01,083765,Tran; Brian Kha,4,0,30,26
1656747790132,MATH 20D,A02,083766,Tran; Brian Kha,4,0,30,26
1656747790132,MATH 20D,A03,083767,Tran; Brian Kha,2,0,30,28
1656747796165,MATH 20E,A01,083771,Ganguly; Soumya,5,0,32,27
1656747796165,MATH 20E,A02,083772,Ganguly; Soumya,5,0,32,27
1656747796165,MATH 20E,B01,083773,Ciotti; Benjamin,18,0,35,17
1656747796165,MATH 20E,B02,083774,Ciotti; Benjamin,17,0,35,18
1656747802202,MATH 103A,A01,083777,Greenfeld; Be'Eri,2,0,36,34
1656747802202,MATH 103A,A02,083778,Greenfeld; Be'Eri,5,0,36,31
1656747802202,MATH 103A,A03,093561,Greenfeld; Be'Eri,4,0,36,32
1656747802202,MATH 103A,B01,083779,Greenfeld; Be'Eri,6,0,36,30
1656747802202,MATH 103A,B02,083780,Greenfeld; Be'Eri,2,0,36,34
1656747802202,MATH 103A,B03,093562,Greenfeld; Be'Eri,2,0,36,34
1656747808228,MATH 105,A01,085443,Carter; Anne Toulson,13,0,35,22
1656747808228,MATH 105,A02,093477,Carter; Anne Toulson,20,0,35,15
1656747814262,MATH 109,A01,083213,Ganzberger; Geoffrey Michael,2,0,34,32
1656747814262,MATH 109,A02,083214,Ganzberger; Geoffrey Michael,2,0,34,32
1656747814262,MATH 109,A03,093478,Ganzberger; Geoffrey Michael,1,0,34,33
1656747814262,MATH 109,B01,083215,Ganzberger; Geoffrey Michael,1,0,32,31
1656747814262,MATH 109,B02,083216,Ganzberger; Geoffrey Michael,1,0,32,31
1656747814262,MATH 109,B03,093479,Ganzberger; Geoffrey Michael,6,0,32,26
1656747820302,MATH 142A,A01,083219,Chow; Bennett,6,0,32,26
1656747820302,MATH 142A,A02,083220,Chow; Bennett,9,0,32,23
1656747820302,MATH 142A,A03,093480,Chow; Bennett,7,0,32,25
1656747820302,MATH 142A,B03,093481,Chow; Bennett,7,0,32,25
1656747820302,MATH 142A,B04,093558,Chow; Bennett,10,0,32,22
1656747820302,MATH 142A,B05,093559,Chow; Bennett,6,0,32,26
1656747826334,MATH 193A,A01,083224,Rotar; Vladimir,6,0,34,28
1656747826334,MATH 193A,A02,083225,Rotar; Vladimir,3,0,34,31
1656747826334,MATH 193A,A03,083781,Rotar; Vladimir,1,0,34,33
1656747826334,MATH 193A,A04,083782,Rotar; Vladimir,6,0,34,28
1656747826334,MATH 193A,A05,093482,Rotar; Vladimir,6,0,34,28
1656747832359,MATH 197,001,091859,McAuley; Julian John,9999,0,9999,0
1656747832359,MATH 197,002,095566,Kedlaya; Kiran S.,9997,0,9999,2
1656747832359,MATH 197,003,095567,Xiao; Ming,9999,0,9999,0
1656747832359,MATH 197,004,095571,Perols; Johan Lars,9998,0,9999,1
1656747839527,COGS 9,A01,083615,Shannon; Kyle Michael,6,0,75,69
1656747845551,COGS 11,A01,083617,Boyle; Mary E. T.,18,0,48,30
1656747851593,COGS 13,A01,083071,Bastos; Amalia Pinkusfeld,8,0,71,63
1656747857627,COGS 14A,A01,092681,Semenuks; Arturs,0,1,100,100
1656747863655,COGS 14B,A01,083073,Cheng; Tzu-Han,5,0,63,58
1656747869679,COGS 17,A01,092677,Semenuks; Arturs,4,0,81,77
1656747875710,COGS 100,A01,083619,Allen; Michael Gordon,15,0,70,55
1656747881736,COGS 101A,A01,083621,Davis; Joshua Daniel,9,0,68,59
1656747887780,COGS 101B,A01,091572,Allen; Michael Gordon,8,0,65,57
1656747893814,COGS 101C,A01,083625,Delgado; Tania,17,0,35,18
1656747899840,COGS 107A,A01,083627,Boyle; Mary E. T.,13,0,60,47
1656747905868,COGS 118A,A01,083075,Gupta; Anjum,15,0,76,61
1656747911894,CSE 3,A50,083646,Miranda; Gregory Joseph,22,0,50,28
1656747917927,CSE 8A,A50,083650,Miranda; Gregory Joseph,17,1,56,39
1656747923953,CSE 11,A01,083080,Cao; Yingjun,4,15,40,36
1656747929983,CSE 12,A01,083652,Krause-Levy; Sophia Louisa,20,1,120,100
1656747936008,CSE 15L,A01,083654,Morris; Justin Loren,8,0,50,42
1656747936008,CSE 15L,A02,083655,Morris; Justin Loren,8,0,50,42
1656747942033,CSE 20,A01,083657,Tran; Khoa Dang,37,0,80,43
1656747948059,CSE 21,A01,095574,Bach; Quang Tran,21,0,48,27
1656747954096,CSE 30,A01,083084,Eldon; John,4,0,80,76
1656747954096,CSE 30,B01,095061,Bhaskar; Nishant,5,0,50,45
1656747960122,CSE 100,A01,083659,Cao; Yingjun,1,4,70,69
1656747966154,CSE 134B,A01,083661,Powell; Thomas Allan,18,0,100,82
1656747972182,CSE 140,A01,083663,Gungor; Onat,14,0,85,71
1656747978210,CSE 140L,A01,083088,Eldon; John,16,0,100,84
1656747984253,CSE 175,A01,083665,Kumar; Rakesh,3,0,25,22
1656747990285,CSE 190,A00,092507,Dubnov; Shlomo,7,0,20,13
1656747996320,ECE 45,A01,083139,Congero; Spencer William,5,0,75,70
1656748002352,ECE 65,A50,083695,Saad; Andrew S,12,0,30,18
1656748002352,ECE 65,A51,095125,Saad; Andrew S,25,0,26,1
1656748008377,ECE 109,A01,091882,Touri; Behrouz,15,0,70,55
1656748014402,ECE 180,A00,083140,Abi Samra; Nicholas Camill,0,0,30,30
1656748014402,ECE 180,B00,083141,Abi Samra; Nicholas Camill,0,0,30,30
1656748020428,MATH 10A,A01,083735,Patchell; Gregory David,1,0,30,29
1656748020428,MATH 10A,A02,083736,Patchell; Gregory David,20,0,30,10
1656748020428,MATH 10A,A03,083737,Patchell; Gregory David,15,0,30,15
1656748026460,MATH 10B,A01,083207,Lim; Seonhee,7,0,34,27
1656748026460,MATH 10B,A02,083208,Lim; Seonhee,9,0,35,26
1656748026460,MATH 10B,A03,093472,Lim; Seonhee,4,0,34,30
1656748026460,MATH 10B,B01,083739,Sinha; Shubham,9,0,30,21
1656748032500,MATH 18,A01,083743,Cinel; Cameron Alexander,6,0,30,24
1656748032500,MATH 18,A02,083744,Cinel; Cameron Alexander,15,0,30,15
1656748032500,MATH 18,A03,083745,Cinel; Cameron Alexander,8,0,30,22
1656748032500,MATH 18,B01,083748,Rideout; David Porter,3,0,37,34
1656748032500,MATH 18,B02,083749,Rideout; David Porter,3,0,36,33
1656748032500,MATH 18,B03,083750,Rideout; David Porter,1,0,37,36
1656748032500,MATH 18,B04,083751,Rideout; David Porter,5,0,36,31
1656748032500,MATH 18,B05,093473,Rideout; David Porter,4,0,36,32
1656748032500,MATH 18,B06,093474,Rideout; David Porter,5,0,36,31
1656748038531,MATH 20A,A01,083754,Zheng; Zequn,12,0,40,28
1656748044572,MATH 20B,A01,083756,Briones; Jor-el Thomas Caparas,1,0,36,35
1656748044572,MATH 20B,A02,083757,Briones; Jor-el Thomas Caparas,1,0,36,35
1656748044572,MATH 20B,A03,093475,Briones; Jor-el Thomas Caparas,0,0,36,36
1656748050599,MATH 20C,A01,083760,Briones; Jor-el Thomas Caparas,1,0,35,34
1656748050599,MATH 20C,A02,083761,Briones; Jor-el Thomas Caparas,8,0,35,27
1656748050599,MATH 20C,A03,093476,Briones; Jor-el Thomas Caparas,0,1,36,36
1656748050599,MATH 20C,B01,083762,Bach; Quang Tran,0,0,30,30
1656748056631,MATH 20D,A01,083765,Tran; Brian Kha,4,0,30,26
1656748056631,MATH 20D,A02,083766,Tran; Brian Kha,4,0,30,26
1656748056631,MATH 20D,A03,083767,Tran; Brian Kha,2,0,30,28
1656748062671,MATH 20E,A01,083771,Ganguly; Soumya,5,0,32,27
1656748062671,MATH 20E,A02,083772,Ganguly; Soumya,5,0,32,27
1656748062671,MATH 20E,B01,083773,Ciotti; Benjamin,18,0,35,17
1656748062671,MATH 20E,B02,083774,Ciotti; Benjamin,17,0,35,18
1656748068705,MATH 103A,A01,083777,Greenfeld; Be'Eri,2,0,36,34
1656748068705,MATH 103A,A02,083778,Greenfeld; Be'Eri,5,0,36,31
1656748068705,MATH 103A,A03,093561,Greenfeld; Be'Eri,4,0,36,32
1656748068705,MATH 103A,B01,083779,Greenfeld; Be'Eri,6,0,36,30
1656748068705,MATH 103A,B02,083780,Greenfeld; Be'Eri,2,0,36,34
1656748068705,MATH 103A,B03,093562,Greenfeld; Be'Eri,2,0,36,34
1656748074742,MATH 105,A01,085443,Carter; Anne Toulson,13,0,35,22
1656748074742,MATH 105,A02,093477,Carter; Anne Toulson,20,0,35,15
1656748080773,MATH 109,A01,083213,Ganzberger; Geoffrey Michael,2,0,34,32
1656748080773,MATH 109,A02,083214,Ganzberger; Geoffrey Michael,2,0,34,32
1656748080773,MATH 109,A03,093478,Ganzberger; Geoffrey Michael,1,0,34,33
1656748080773,MATH 109,B01,083215,Ganzberger; Geoffrey Michael,1,0,32,31
1656748080773,MATH 109,B02,083216,Ganzberger; Geoffrey Michael,1,0,32,31
1656748080773,MATH 109,B03,093479,Ganzberger; Geoffrey Michael,6,0,32,26
1656748086810,MATH 142A,A01,083219,Chow; Bennett,6,0,32,26
1656748086810,MATH 142A,A02,083220,Chow; Bennett,9,0,32,23
1656748086810,MATH 142A,A03,093480,Chow; Bennett,7,0,32,25
1656748086810,MATH 142A,B03,093481,Chow; Bennett,7,0,32,25
1656748086810,MATH 142A,B04,093558,Chow; Bennett,10,0,32,22
1656748086810,MATH 142A,B05,093559,Chow; Bennett,6,0,32,26
1656748092866,MATH 193A,A01,083224,Rotar; Vladimir,6,0,34,28
1656748092866,MATH 193A,A02,083225,Rotar; Vladimir,3,0,34,31
1656748092866,MATH 193A,A03,083781,Rotar; Vladimir,1,0,34,33
1656748092866,MATH 193A,A04,083782,Rotar; Vladimir,6,0,34,28
1656748092866,MATH 193A,A05,093482,Rotar; Vladimir,6,0,34,28
1656748098892,MATH 197,001,091859,McAuley; Julian John,9999,0,9999,0
1656748098892,MATH 197,002,095566,Kedlaya; Kiran S.,9997,0,9999,2
1656748098892,MATH 197,003,095567,Xiao; Ming,9999,0,9999,0
1656748098892,MATH 197,004,095571,Perols; Johan Lars,9998,0,9999,1
1656748105964,COGS 9,A01,083615,Shannon; Kyle Michael,6,0,75,69
1656748111987,COGS 11,A01,083617,Boyle; Mary E. T.,18,0,48,30
1656748118015,COGS 13,A01,083071,Bastos; Amalia Pinkusfeld,8,0,71,63
1656748124047,COGS 14A,A01,092681,Semenuks; Arturs,0,1,100,100
1656748130072,COGS 14B,A01,083073,Cheng; Tzu-Han,5,0,63,58
1656748136100,COGS 17,A01,092677,Semenuks; Arturs,4,0,81,77
1656748142129,COGS 100,A01,083619,Allen; Michael Gordon,15,0,70,55
1656748148154,COGS 101A,A01,083621,Davis; Joshua Daniel,9,0,68,59
1656748154180,COGS 101B,A01,091572,Allen; Michael Gordon,8,0,65,57
1656748160212,COGS 101C,A01,083625,Delgado; Tania,17,0,35,18
1656748166241,COGS 107A,A01,083627,Boyle; Mary E. T.,13,0,60,47
1656748172272,COGS 118A,A01,083075,Gupta; Anjum,15,0,76,61
1656748178309,CSE 3,A50,083646,Miranda; Gregory Joseph,22,0,50,28
1656748184336,CSE 8A,A50,083650,Miranda; Gregory Joseph,17,1,56,39
1656748190362,CSE 11,A01,083080,Cao; Yingjun,4,15,40,36
1656748196387,CSE 12,A01,083652,Krause-Levy; Sophia Louisa,20,1,120,100
1656748202417,CSE 15L,A01,083654,Morris; Justin Loren,8,0,50,42
1656748202417,CSE 15L,A02,083655,Morris; Justin Loren,8,0,50,42
1656748208447,CSE 20,A01,083657,Tran; Khoa Dang,37,0,80,43
1656748214478,CSE 21,A01,095574,Bach; Quang Tran,21,0,48,27
1656748220511,CSE 30,A01,083084,Eldon; John,4,0,80,76
1656748220511,CSE 30,B01,095061,Bhaskar; Nishant,5,0,50,45
1656748226547,CSE 100,A01,083659,Cao; Yingjun,1,4,70,69
1656748232572,CSE 134B,A01,083661,Powell; Thomas Allan,18,0,100,82
1656748238602,CSE 140,A01,083663,Gungor; Onat,14,0,85,71
1656748244628,CSE 140L,A01,083088,Eldon; John,16,0,100,84
1656748250660,CSE 175,A01,083665,Kumar; Rakesh,3,0,25,22
1656748256686,CSE 190,A00,092507,Dubnov; Shlomo,7,0,20,13
1656748262713,ECE 45,A01,083139,Congero; Spencer William,5,0,75,70
1656748268749,ECE 65,A50,083695,Saad; Andrew S,12,0,30,18
1656748268749,ECE 65,A51,095125,Saad; Andrew S,25,0,26,1
1656748274775,ECE 109,A01,091882,Touri; Behrouz,15,0,70,55
1656748280808,ECE 180,A00,083140,Abi Samra; Nicholas Camill,0,0,30,30
1656748280808,ECE 180,B00,083141,Abi Samra; Nicholas Camill,0,0,30,30
1656748286837,MATH 10A,A01,083735,Patchell; Gregory David,1,0,30,29
1656748286837,MATH 10A,A02,083736,Patchell; Gregory David,20,0,30,10
1656748286837,MATH 10A,A03,083737,Patchell; Gregory David,15,0,30,15
1656748292879,MATH 10B,A01,083207,Lim; Seonhee,7,0,34,27
1656748292879,MATH 10B,A02,083208,Lim; Seonhee,9,0,35,26
1656748292879,MATH 10B,A03,093472,Lim; Seonhee,4,0,34,30
1656748292879,MATH 10B,B01,083739,Sinha; Shubham,9,0,30,21
1656748298912,MATH 18,A01,083743,Cinel; Cameron Alexander,6,0,30,24
1656748298912,MATH 18,A02,083744,Cinel; Cameron Alexander,15,0,30,15
1656748298912,MATH 18,A03,083745,Cinel; Cameron Alexander,8,0,30,22
1656748298912,MATH 18,B01,083748,Rideout; David Porter,3,0,37,34
1656748298912,MATH 18,B02,083749,Rideout; David Porter,3,0,36,33
1656748298912,MATH 18,B03,083750,Rideout; David Porter,1,0,37,36
1656748298912,MATH 18,B04,083751,Rideout; David Porter,5,0,36,31
1656748298912,MATH 18,B05,093473,Rideout; David Porter,4,0,36,32
1656748298912,MATH 18,B06,093474,Rideout; David Porter,5,0,36,31
1656748304936,MATH 20A,A01,083754,Zheng; Zequn,12,0,40,28
1656748310962,MATH 20B,A01,083756,Briones; Jor-el Thomas Caparas,1,0,36,35
1656748310962,MATH 20B,A02,083757,Briones; Jor-el Thomas Caparas,1,0,36,35
1656748310962,MATH 20B,A03,093475,Briones; Jor-el Thomas Caparas,0,0,36,36
1656748317002,MATH 20C,A01,083760,Briones; Jor-el Thomas Caparas,1,0,35,34
1656748317002,MATH 20C,A02,083761,Briones; Jor-el Thomas Caparas,8,0,35,27
1656748317002,MATH 20C,A03,093476,Briones; Jor-el Thomas Caparas,0,1,36,36
1656748317002,MATH 20C,B01,083762,Bach; Quang Tran,0,0,30,30
1656748323027,MATH 20D,A01,083765,Tran; Brian Kha,4,0,30,26
1656748323027,MATH 20D,A02,083766,Tran; Brian Kha,4,0,30,26
1656748323027,MATH 20D,A03,083767,Tran; Brian Kha,2,0,30,28
1656748329055,MATH 20E,A01,083771,Ganguly; Soumya,5,0,32,27
1656748329055,MATH 20E,A02,083772,Ganguly; Soumya,5,0,32,27
1656748329055,MATH 20E,B01,083773,Ciotti; Benjamin,18,0,35,17
1656748329055,MATH 20E,B02,083774,Ciotti; Benjamin,17,0,35,18
1656748335092,MATH 103A,A01,083777,Greenfeld; Be'Eri,2,0,36,34
1656748335092,MATH 103A,A02,083778,Greenfeld; Be'Eri,5,0,36,31
1656748335092,MATH 103A,A03,093561,Greenfeld; Be'Eri,4,0,36,32
1656748335092,MATH 103A,B01,083779,Greenfeld; Be'Eri,6,0,36,30
1656748335092,MATH 103A,B02,083780,Greenfeld; Be'Eri,2,0,36,34
1656748335092,MATH 103A,B03,093562,Greenfeld; Be'Eri,2,0,36,34
1656748341123,MATH 105,A01,085443,Carter; Anne Toulson,13,0,35,22
1656748341123,MATH 105,A02,093477,Carter; Anne Toulson,20,0,35,15
1656748347170,MATH 109,A01,083213,Ganzberger; Geoffrey Michael,2,0,34,32
1656748347170,MATH 109,A02,083214,Ganzberger; Geoffrey Michael,2,0,34,32
1656748347170,MATH 109,A03,093478,Ganzberger; Geoffrey Michael,1,0,34,33
1656748347170,MATH 109,B01,083215,Ganzberger; Geoffrey Michael,1,0,32,31
1656748347170,MATH 109,B02,083216,Ganzberger; Geoffrey Michael,1,0,32,31
1656748347170,MATH 109,B03,093479,Ganzberger; Geoffrey Michael,6,0,32,26
1656748353209,MATH 142A,A01,083219,Chow; Bennett,6,0,32,26
1656748353209,MATH 142A,A02,083220,Chow; Bennett,9,0,32,23
1656748353209,MATH 142A,A03,093480,Chow; Bennett,7,0,32,25
1656748353209,MATH 142A,B03,093481,Chow; Bennett,7,0,32,25
1656748353209,MATH 142A,B04,093558,Chow; Bennett,10,0,32,22
1656748353209,MATH 142A,B05,093559,Chow; Bennett,6,0,32,26
1656748359242,MATH 193A,A01,083224,Rotar; Vladimir,6,0,34,28
1656748359242,MATH 193A,A02,083225,Rotar; Vladimir,3,0,34,31
1656748359242,MATH 193A,A03,083781,Rotar; Vladimir,1,0,34,33
1656748359242,MATH 193A,A04,083782,Rotar; Vladimir,6,0,34,28
1656748359242,MATH 193A,A05,093482,Rotar; Vladimir,6,0,34,28
1656748365281,MATH 197,001,091859,McAuley; Julian John,9999,0,9999,0
1656748365281,MATH 197,002,095566,Kedlaya; Kiran S.,9997,0,9999,2
1656748365281,MATH 197,003,095567,Xiao; Ming,9999,0,9999,0
1656748365281,MATH 197,004,095571,Perols; Johan Lars,9998,0,9999,1
1656748372365,COGS 9,A01,083615,Shannon; Kyle Michael,6,0,75,69
1656748378389,COGS 11,A01,083617,Boyle; Mary E. T.,18,0,48,30
1656748384415,COGS 13,A01,083071,Bastos; Amalia Pinkusfeld,8,0,71,63
1656748390441,COGS 14A,A01,092681,Semenuks; Arturs,0,1,100,100
1656748396465,COGS 14B,A01,083073,Cheng; Tzu-Han,5,0,63,58
1656748402490,COGS 17,A01,092677,Semenuks; Arturs,4,0,81,77
1656748408521,COGS 100,A01,083619,Allen; Michael Gordon,15,0,70,55
1656748414565,COGS 101A,A01,083621,Davis; Joshua Daniel,9,0,68,59
1656748420589,COGS 101B,A01,091572,Allen; Michael Gordon,8,0,65,57
1656748426614,COGS 101C,A01,083625,Delgado; Tania,17,0,35,18
1656748432715,COGS 107A,A01,083627,Boyle; Mary E. T.,13,0,60,47
1656748438738,COGS 118A,A01,083075,Gupta; Anjum,15,0,76,61
1656748444775,CSE 3,A50,083646,Miranda; Gregory Joseph,22,0,50,28
1656748450797,CSE 8A,A50,083650,Miranda; Gregory Joseph,17,1,56,39
1656748456821,CSE 11,A01,083080,Cao; Yingjun,4,15,40,36
1656748462851,CSE 12,A01,083652,Krause-Levy; Sophia Louisa,20,1,120,100
1656748468875,CSE 15L,A01,083654,Morris; Justin Loren,8,0,50,42
1656748468875,CSE 15L,A02,083655,Morris; Justin Loren,8,0,50,42
1656748474901,CSE 20,A01,083657,Tran; Khoa Dang,37,0,80,43
1656748480929,CSE 21,A01,095574,Bach; Quang Tran,21,0,48,27
1656748486957,CSE 30,A01,083084,Eldon; John,4,0,80,76
1656748486957,CSE 30,B01,095061,Bhaskar; Nishant,5,0,50,45
1656748492981,CSE 100,A01,083659,Cao; Yingjun,1,4,70,69
1656748499008,CSE 134B,A01,083661,Powell; Thomas Allan,18,0,100,82
1656748505033,CSE 140,A01,083663,Gungor; Onat,14,0,85,71
1656748511075,CSE 140L,A01,083088,Eldon; John,16,0,100,84
1656748517110,CSE 175,A01,083665,Kumar; Rakesh,3,0,25,22
1656748523135,CSE 190,A00,092507,Dubnov; Shlomo,7,0,20,13
1656748529172,ECE 45,A01,083139,Congero; Spencer William,5,0,75,70
1656748535199,ECE 65,A50,083695,Saad; Andrew S,12,0,30,18
1656748535199,ECE 65,A51,095125,Saad; Andrew S,25,0,26,1
1656748541224,ECE 109,A01,091882,Touri; Behrouz,15,0,70,55
1656748547251,ECE 180,A00,083140,Abi Samra; Nicholas Camill,0,0,30,30
1656748547251,ECE 180,B00,083141,Abi Samra; Nicholas Camill,0,0,30,30
1656748553277,MATH 10A,A01,083735,Patchell; Gregory David,1,0,30,29
1656748553277,MATH 10A,A02,083736,Patchell; Gregory David,20,0,30,10
1656748553277,MATH 10A,A03,083737,Patchell; Gregory David,15,0,30,15
1656748559310,MATH 10B,A01,083207,Lim; Seonhee,7,0,34,27
1656748559310,MATH 10B,A02,083208,Lim; Seonhee,9,0,35,26
1656748559310,MATH 10B,A03,093472,Lim; Seonhee,4,0,34,30
1656748559310,MATH 10B,B01,083739,Sinha; Shubham,9,0,30,21
1656748565335,MATH 18,A01,083743,Cinel; Cameron Alexander,6,0,30,24
1656748565335,MATH 18,A02,083744,Cinel; Cameron Alexander,15,0,30,15
1656748565335,MATH 18,A03,083745,Cinel; Cameron Alexander,8,0,30,22
1656748565335,MATH 18,B01,083748,Rideout; David Porter,3,0,37,34
1656748565335,MATH 18,B02,083749,Rideout; David Porter,3,0,36,33
1656748565335,MATH 18,B03,083750,Rideout; David Porter,1,0,37,36
1656748565335,MATH 18,B04,083751,Rideout; David Porter,5,0,36,31
1656748565335,MATH 18,B05,093473,Rideout; David Porter,4,0,36,32
1656748565335,MATH 18,B06,093474,Rideout; David Porter,5,0,36,31
1656748571366,MATH 20A,A01,083754,Zheng; Zequn,12,0,40,28
1656748577392,MATH 20B,A01,083756,Briones; Jor-el Thomas Caparas,1,0,36,35
1656748577392,MATH 20B,A02,083757,Briones; Jor-el Thomas Caparas,1,0,36,35
1656748577392,MATH 20B,A03,093475,Briones; Jor-el Thomas Caparas,0,0,36,36
1656748583417,MATH 20C,A01,083760,Briones; Jor-el Thomas Caparas,1,0,35,34
1656748583417,MATH 20C,A02,083761,Briones; Jor-el Thomas Caparas,8,0,35,27
1656748583417,MATH 20C,A03,093476,Briones; Jor-el Thomas Caparas,0,1,36,36
1656748583417,MATH 20C,B01,083762,Bach; Quang Tran,0,0,30,30
1656748589448,MATH 20D,A01,083765,Tran; Brian Kha,4,0,30,26
1656748589448,MATH 20D,A02,083766,Tran; Brian Kha,4,0,30,26
1656748589448,MATH 20D,A03,083767,Tran; Brian Kha,2,0,30,28
1656748595474,MATH 20E,A01,083771,Ganguly; Soumya,5,0,32,27
1656748595474,MATH 20E,A02,083772,Ganguly; Soumya,5,0,32,27
1656748595474,MATH 20E,B01,083773,Ciotti; Benjamin,18,0,35,17
1656748595474,MATH 20E,B02,083774,Ciotti; Benjamin,17,0,35,18
1656748601506,MATH 103A,A01,083777,Greenfeld; Be'Eri,2,0,36,34
1656748601506,MATH 103A,A02,083778,Greenfeld; Be'Eri,5,0,36,31
1656748601506,MATH 103A,A03,093561,Greenfeld; Be'Eri,4,0,36,32
1656748601506,MATH 103A,B01,083779,Greenfeld; Be'Eri,6,0,36,30
1656748601506,MATH 103A,B02,083780,Greenfeld; Be'Eri,2,0,36,34
1656748601506,MATH 103A,B03,093562,Greenfeld; Be'Eri,2,0,36,34
1656748607541,MATH 105,A01,085443,Carter; Anne Toulson,13,0,35,22
1656748607541,MATH 105,A02,093477,Carter; Anne Toulson,20,0,35,15
1656748613567,MATH 109,A01,083213,Ganzberger; Geoffrey Michael,2,0,34,32
1656748613567,MATH 109,A02,083214,Ganzberger; Geoffrey Michael,2,0,34,32
1656748613567,MATH 109,A03,093478,Ganzberger; Geoffrey Michael,1,0,34,33
1656748613567,MATH 109,B01,083215,Ganzberger; Geoffrey Michael,1,0,32,31
1656748613567,MATH 109,B02,083216,Ganzberger; Geoffrey Michael,1,0,32,31
1656748613567,MATH 109,B03,093479,Ganzberger; Geoffrey Michael,6,0,32,26
1656748619593,MATH 142A,A01,083219,Chow; Bennett,6,0,32,26
1656748619593,MATH 142A,A02,083220,Chow; Bennett,9,0,32,23
1656748619593,MATH 142A,A03,093480,Chow; Bennett,7,0,32,25
1656748619593,MATH 142A,B03,093481,Chow; Bennett,7,0,32,25
1656748619593,MATH 142A,B04,093558,Chow; Bennett,10,0,32,22
1656748619593,MATH 142A,B05,093559,Chow; Bennett,6,0,32,26
1656748625616,MATH 193A,A01,083224,Rotar; Vladimir,6,0,34,28
1656748625616,MATH 193A,A02,083225,Rotar; Vladimir,3,0,34,31
1656748625616,MATH 193A,A03,083781,Rotar; Vladimir,1,0,34,33
1656748625616,MATH 193A,A04,083782,Rotar; Vladimir,6,0,34,28
1656748625616,MATH 193A,A05,093482,Rotar; Vladimir,6,0,34,28
1656748631641,MATH 197,001,091859,McAuley; Julian John,9999,0,9999,0
1656748631641,MATH 197,002,095566,Kedlaya; Kiran S.,9997,0,9999,2
1656748631641,MATH 197,003,095567,Xiao; Ming,9999,0,9999,0
1656748631641,MATH 197,004,095571,Perols; Johan Lars,9998,0,9999,1
1656748638710,COGS 9,A01,083615,Shannon; Kyle Michael,6,0,75,69
1656748644733,COGS 11,A01,083617,Boyle; Mary E. T.,18,0,48,30
1656748650757,COGS 13,A01,083071,Bastos; Amalia Pinkusfeld,8,0,71,63
1656748656785,COGS 14A,A01,092681,Semenuks; Arturs,0,1,100,100
1656748662815,COGS 14B,A01,083073,Cheng; Tzu-Han,5,0,63,58
1656748668842,COGS 17,A01,092677,Semenuks; Arturs,4,0,81,77
1656748674865,COGS 100,A01,083619,Allen; Michael Gordon,15,0,70,55
1656748680890,COGS 101A,A01,083621,Davis; Joshua Daniel,9,0,68,59
1656748686915,COGS 101B,A01,091572,Allen; Michael Gordon,8,0,65,57
1656748692948,COGS 101C,A01,083625,Delgado; Tania,17,0,35,18
1656748698971,COGS 107A,A01,083627,Boyle; Mary E. T.,13,0,60,47
1656748704994,COGS 118A,A01,083075,Gupta; Anjum,15,0,76,61
1656748711022,CSE 3,A50,083646,Miranda; Gregory Joseph,22,0,50,28
1656748717045,CSE 8A,A50,083650,Miranda; Gregory Joseph,17,1,56,39
1656748723080,CSE 11,A01,083080,Cao; Yingjun,4,15,40,36
1656748729107,CSE 12,A01,083652,Krause-Levy; Sophia Louisa,20,1,120,100
1656748735132,CSE 15L,A01,083654,Morris; Justin Loren,8,0,50,42
1656748735132,CSE 15L,A02,083655,Morris; Justin Loren,8,0,50,42
1656748741157,CSE 20,A01,083657,Tran; Khoa Dang,37,0,80,43
1656748747199,CSE 21,A01,095574,Bach; Quang Tran,21,0,48,27
1656748753236,CSE 30,A01,083084,Eldon; John,4,0,80,76
1656748753236,CSE 30,B01,095061,Bhaskar; Nishant,5,0,50,45
1656748759268,CSE 100,A01,083659,Cao; Yingjun,1,4,70,69
1656748765293,CSE 134B,A01,083661,Powell; Thomas Allan,18,0,100,82
1656748771317,CSE 140,A01,083663,Gungor; Onat,14,0,85,71
1656748777345,CSE 140L,A01,083088,Eldon; John,16,0,100,84
1656748783368,CSE 175,A01,083665,Kumar; Rakesh,3,0,25,22
1656748789396,CSE 190,A00,092507,Dubnov; Shlomo,7,0,20,13
1656748795424,ECE 45,A01,083139,Congero; Spencer William,5,0,75,70
1656748801453,ECE 65,A50,083695,Saad; Andrew S,12,0,30,18
1656748801453,ECE 65,A51,095125,Saad; Andrew S,25,0,26,1
1656748807481,ECE 109,A01,091882,Touri; Behrouz,15,0,70,55
1656748813508,ECE 180,A00,083140,Abi Samra; Nicholas Camill,0,0,30,30
1656748813508,ECE 180,B00,083141,Abi Samra; Nicholas Camill,0,0,30,30
1656748819538,MATH 10A,A01,083735,Patchell; Gregory David,1,0,30,29
1656748819538,MATH 10A,A02,083736,Patchell; Gregory David,20,0,30,10
1656748819538,MATH 10A,A03,083737,Patchell; Gregory David,15,0,30,15
1656748825571,MATH 10B,A01,083207,Lim; Seonhee,7,0,34,27
1656748825571,MATH 10B,A02,083208,Lim; Seonhee,9,0,35,26
1656748825571,MATH 10B,A03,093472,Lim; Seonhee,4,0,34,30
1656748825571,MATH 10B,B01,083739,Sinha; Shubham,9,0,30,21
1656748831595,MATH 18,A01,083743,Cinel; Cameron Alexander,6,0,30,24
1656748831595,MATH 18,A02,083744,Cinel; Cameron Alexander,15,0,30,15
1656748831595,MATH 18,A03,083745,Cinel; Cameron Alexander,8,0,30,22
1656748831595,MATH 18,B01,083748,Rideout; David Porter,3,0,37,34
1656748831595,MATH 18,B02,083749,Rideout; David Porter,3,0,36,33
1656748831595,MATH 18,B03,083750,Rideout; David Porter,1,0,37,36
1656748831595,MATH 18,B04,083751,Rideout; David Porter,5,0,36,31
1656748831595,MATH 18,B05,093473,Rideout; David Porter,4,0,36,32
1656748831595,MATH 18,B06,093474,Rideout; David Porter,5,0,36,31
1656748837620,MATH 20A,A01,083754,Zheng; Zequn,12,0,40,28
1656748843645,MATH 20B,A01,083756,Briones; Jor-el Thomas Caparas,1,0,36,35
1656748843645,MATH 20B,A02,083757,Briones; Jor-el Thomas Caparas,1,0,36,35
1656748843645,MATH 20B,A03,093475,Briones; Jor-el Thomas Caparas,0,0,36,36
1656748849674,MATH 20C,A01,083760,Briones; Jor-el Thomas Caparas,1,0,35,34
1656748849674,MATH 20C,A02,083761,Briones; Jor-el Thomas Caparas,8,0,35,27
1656748849674,MATH 20C,A03,093476,Briones; Jor-el Thomas Caparas,0,1,36,36
1656748849674,MATH 20C,B01,083762,Bach; Quang Tran,0,0,30,30
1656748855704,MATH 20D,A01,083765,Tran; Brian Kha,4,0,30,26
1656748855704,MATH 20D,A02,083766,Tran; Brian Kha,4,0,30,26
1656748855704,MATH 20D,A03,083767,Tran; Brian Kha,2,0,30,28
1656748861742,MATH 20E,A01,083771,Ganguly; Soumya,5,0,32,27
1656748861742,MATH 20E,A02,083772,Ganguly; Soumya,5,0,32,27
1656748861742,MATH 20E,B01,083773,Ciotti; Benjamin,18,0,35,17
1656748861742,MATH 20E,B02,083774,Ciotti; Benjamin,17,0,35,18
1656748867771,MATH 103A,A01,083777,Greenfeld; Be'Eri,2,0,36,34
1656748867771,MATH 103A,A02,083778,Greenfeld; Be'Eri,5,0,36,31
1656748867771,MATH 103A,A03,093561,Greenfeld; Be'Eri,4,0,36,32
1656748867771,MATH 103A,B01,083779,Greenfeld; Be'Eri,6,0,36,30
1656748867771,MATH 103A,B02,083780,Greenfeld; Be'Eri,2,0,36,34
1656748867771,MATH 103A,B03,093562,Greenfeld; Be'Eri,2,0,36,34
1656748873811,MATH 105,A01,085443,Carter; Anne Toulson,13,0,35,22
1656748873811,MATH 105,A02,093477,Carter; Anne Toulson,20,0,35,15
1656748879846,MATH 109,A01,083213,Ganzberger; Geoffrey Michael,2,0,34,32
1656748879846,MATH 109,A02,083214,Ganzberger; Geoffrey Michael,2,0,34,32
1656748879846,MATH 109,A03,093478,Ganzberger; Geoffrey Michael,1,0,34,33
1656748879846,MATH 109,B01,083215,Ganzberger; Geoffrey Michael,1,0,32,31
1656748879846,MATH 109,B02,083216,Ganzberger; Geoffrey Michael,1,0,32,31
1656748879846,MATH 109,B03,093479,Ganzberger; Geoffrey Michael,6,0,32,26
1656748885895,MATH 142A,A01,083219,Chow; Bennett,6,0,32,26
1656748885895,MATH 142A,A02,083220,Chow; Bennett,9,0,32,23
1656748885895,MATH 142A,A03,093480,Chow; Bennett,7,0,32,25
1656748885895,MATH 142A,B03,093481,Chow; Bennett,7,0,32,25
1656748885895,MATH 142A,B04,093558,Chow; Bennett,10,0,32,22
1656748885895,MATH 142A,B05,093559,Chow; Bennett,6,0,32,26
1656748891923,MATH 193A,A01,083224,Rotar; Vladimir,6,0,34,28
1656748891923,MATH 193A,A02,083225,Rotar; Vladimir,3,0,34,31
1656748891923,MATH 193A,A03,083781,Rotar; Vladimir,1,0,34,33
1656748891923,MATH 193A,A04,083782,Rotar; Vladimir,6,0,34,28
1656748891923,MATH 193A,A05,093482,Rotar; Vladimir,6,0,34,28
1656748897957,MATH 197,001,091859,McAuley; Julian John,9999,0,9999,0
1656748897957,MATH 197,002,095566,Kedlaya; Kiran S.,9997,0,9999,2
1656748897957,MATH 197,003,095567,Xiao; Ming,9999,0,9999,0
1656748897957,MATH 197,004,095571,Perols; Johan Lars,9998,0,9999,1
1656748905058,COGS 9,A01,083615,Shannon; Kyle Michael,6,0,75,69
1656748911086,COGS 11,A01,083617,Boyle; Mary E. T.,18,0,48,30
1656748917111,COGS 13,A01,083071,Bastos; Amalia Pinkusfeld,8,0,71,63
1656748923135,COGS 14A,A01,092681,Semenuks; Arturs,0,1,100,100
1656748929164,COGS 14B,A01,083073,Cheng; Tzu-Han,5,0,63,58
1656748935190,COGS 17,A01,092677,Semenuks; Arturs,4,0,81,77
1656748941213,COGS 100,A01,083619,Allen; Michael Gordon,15,0,70,55
1656748947240,COGS 101A,A01,083621,Davis; Joshua Daniel,9,0,68,59
1656748953268,COGS 101B,A01,091572,Allen; Michael Gordon,8,0,65,57
1656748959295,COGS 101C,A01,083625,Delgado; Tania,17,0,35,18
1656748965321,COGS 107A,A01,083627,Boyle; Mary E. T.,13,0,60,47
1656748971358,COGS 118A,A01,083075,Gupta; Anjum,15,0,76,61
1656748977409,CSE 3,A50,083646,Miranda; Gregory Joseph,22,0,50,28
1656748983432,CSE 8A,A50,083650,Miranda; Gregory Joseph,17,1,56,39
1656748989459,CSE 11,A01,083080,Cao; Yingjun,4,15,40,36
1656748995483,CSE 12,A01,083652,Krause-Levy; Sophia Louisa,20,1,120,100
1656749001513,CSE 15L,A01,083654,Morris; Justin Loren,8,0,50,42
1656749001513,CSE 15L,A02,083655,Morris; Justin Loren,8,0,50,42
1656749007541,CSE 20,A01,083657,Tran; Khoa Dang,37,0,80,43
1656749013566,CSE 21,A01,095574,Bach; Quang Tran,21,0,48,27
1656749019597,CSE 30,A01,083084,Eldon; John,4,0,80,76
1656749019597,CSE 30,B01,095061,Bhaskar; Nishant,5,0,50,45
1656749025627,CSE 100,A01,083659,Cao; Yingjun,1,4,70,69
1656749031742,CSE 134B,A01,083661,Powell; Thomas Allan,18,0,100,82
1656749037770,CSE 140,A01,083663,Gungor; Onat,14,0,85,71
1656749043797,CSE 140L,A01,083088,Eldon; John,16,0,100,84
1656749049821,CSE 175,A01,083665,Kumar; Rakesh,3,0,25,22
1656749055845,CSE 190,A00,092507,Dubnov; Shlomo,7,0,20,13
1656749061878,ECE 45,A01,083139,Congero; Spencer William,5,0,75,70
1656749067906,ECE 65,A50,083695,Saad; Andrew S,12,0,30,18
1656749067906,ECE 65,A51,095125,Saad; Andrew S,25,0,26,1
1656749073931,ECE 109,A01,091882,Touri; Behrouz,15,0,70,55
1656749079956,ECE 180,A00,083140,Abi Samra; Nicholas Camill,0,0,30,30
1656749079956,ECE 180,B00,083141,Abi Samra; Nicholas Camill,0,0,30,30
1656749085982,MATH 10A,A01,083735,Patchell; Gregory David,1,0,30,29
1656749085982,MATH 10A,A02,083736,Patchell; Gregory David,20,0,30,10
1656749085982,MATH 10A,A03,083737,Patchell; Gregory David,15,0,30,15
1656749092010,MATH 10B,A01,083207,Lim; Seonhee,7,0,34,27
1656749092010,MATH 10B,A02,083208,Lim; Seonhee,9,0,35,26
1656749092010,MATH 10B,A03,093472,Lim; Seonhee,4,0,34,30
1656749092010,MATH 10B,B01,083739,Sinha; Shubham,9,0,30,21
1656749098039,MATH 18,A01,083743,Cinel; Cameron Alexander,6,0,30,24
1656749098039,MATH 18,A02,083744,Cinel; Cameron Alexander,15,0,30,15
1656749098039,MATH 18,A03,083745,Cinel; Cameron Alexander,8,0,30,22
1656749098039,MATH 18,B01,083748,Rideout; David Porter,3,0,37,34
1656749098039,MATH 18,B02,083749,Rideout; David Porter,3,0,36,33
1656749098039,MATH 18,B03,083750,Rideout; David Porter,1,0,37,36
1656749098039,MATH 18,B04,083751,Rideout; David Porter,5,0,36,31
1656749098039,MATH 18,B05,093473,Rideout; David Porter,4,0,36,32
1656749098039,MATH 18,B06,093474,Rideout; David Porter,5,0,36,31
1656749104061,MATH 20A,A01,083754,Zheng; Zequn,12,0,40,28
1656749110094,MATH 20B,A01,083756,Briones; Jor-el Thomas Caparas,1,0,36,35
1656749110094,MATH 20B,A02,083757,Briones; Jor-el Thomas Caparas,1,0,36,35
1656749110094,MATH 20B,A03,093475,Briones; Jor-el Thomas Caparas,0,0,36,36
1656749116119,MATH 20C,A01,083760,Briones; Jor-el Thomas Caparas,1,0,35,34
1656749116119,MATH 20C,A02,083761,Briones; Jor-el Thomas Caparas,8,0,35,27
1656749116119,MATH 20C,A03,093476,Briones; Jor-el Thomas Caparas,0,1,36,36
1656749116119,MATH 20C,B01,083762,Bach; Quang Tran,0,0,30,30
1656749122144,MATH 20D,A01,083765,Tran; Brian Kha,4,0,30,26
1656749122144,MATH 20D,A02,083766,Tran; Brian Kha,4,0,30,26
1656749122144,MATH 20D,A03,083767,Tran; Brian Kha,2,0,30,28
1656749128171,MATH 20E,A01,083771,Ganguly; Soumya,5,0,32,27
1656749128171,MATH 20E,A02,083772,Ganguly; Soumya,5,0,32,27
1656749128171,MATH 20E,B01,083773,Ciotti; Benjamin,18,0,35,17
1656749128171,MATH 20E,B02,083774,Ciotti; Benjamin,17,0,35,18
1656749134206,MATH 103A,A01,083777,Greenfeld; Be'Eri,2,0,36,34
1656749134206,MATH 103A,A02,083778,Greenfeld; Be'Eri,5,0,36,31
1656749134206,MATH 103A,A03,093561,Greenfeld; Be'Eri,4,0,36,32
1656749134206,MATH 103A,B01,083779,Greenfeld; Be'Eri,6,0,36,30
1656749134206,MATH 103A,B02,083780,Greenfeld; Be'Eri,2,0,36,34
1656749134206,MATH 103A,B03,093562,Greenfeld; Be'Eri,2,0,36,34
1656749140239,MATH 105,A01,085443,Carter; Anne Toulson,13,0,35,22
1656749140239,MATH 105,A02,093477,Carter; Anne Toulson,20,0,35,15
1656749146273,MATH 109,A01,083213,Ganzberger; Geoffrey Michael,2,0,34,32
1656749146273,MATH 109,A02,083214,Ganzberger; Geoffrey Michael,2,0,34,32
1656749146273,MATH 109,A03,093478,Ganzberger; Geoffrey Michael,1,0,34,33
1656749146273,MATH 109,B01,083215,Ganzberger; Geoffrey Michael,1,0,32,31
1656749146273,MATH 109,B02,083216,Ganzberger; Geoffrey Michael,1,0,32,31
1656749146273,MATH 109,B03,093479,Ganzberger; Geoffrey Michael,6,0,32,26
1656749152300,MATH 142A,A01,083219,Chow; Bennett,6,0,32,26
1656749152300,MATH 142A,A02,083220,Chow; Bennett,9,0,32,23
1656749152300,MATH 142A,A03,093480,Chow; Bennett,7,0,32,25
1656749152300,MATH 142A,B03,093481,Chow; Bennett,7,0,32,25
1656749152300,MATH 142A,B04,093558,Chow; Bennett,10,0,32,22
1656749152300,MATH 142A,B05,093559,Chow; Bennett,6,0,32,26
1656749158326,MATH 193A,A01,083224,Rotar; Vladimir,6,0,34,28
1656749158326,MATH 193A,A02,083225,Rotar; Vladimir,3,0,34,31
1656749158326,MATH 193A,A03,083781,Rotar; Vladimir,1,0,34,33
1656749158326,MATH 193A,A04,083782,Rotar; Vladimir,6,0,34,28
1656749158326,MATH 193A,A05,093482,Rotar; Vladimir,6,0,34,28
1656749164354,MATH 197,001,091859,McAuley; Julian John,9999,0,9999,0
1656749164354,MATH 197,002,095566,Kedlaya; Kiran S.,9997,0,9999,2
1656749164354,MATH 197,003,095567,Xiao; Ming,9999,0,9999,0
1656749164354,MATH 197,004,095571,Perols; Johan Lars,9998,0,9999,1
1656749171426,COGS 9,A01,083615,Shannon; Kyle Michael,6,0,75,69
1656749177451,COGS 11,A01,083617,Boyle; Mary E. T.,18,0,48,30
1656749183478,COGS 13,A01,083071,Bastos; Amalia Pinkusfeld,8,0,71,63
1656749189505,COGS 14A,A01,092681,Semenuks; Arturs,0,1,100,100
1656749195531,COGS 14B,A01,083073,Cheng; Tzu-Han,5,0,63,58
1656749201556,COGS 17,A01,092677,Semenuks; Arturs,4,0,81,77
1656749207586,COGS 100,A01,083619,Allen; Michael Gordon,15,0,70,55
1656749213612,COGS 101A,A01,083621,Davis; Joshua Daniel,9,0,68,59
1656749219645,COGS 101B,A01,091572,Allen; Michael Gordon,8,0,65,57
1656749225670,COGS 101C,A01,083625,Delgado; Tania,17,0,35,18
1656749231697,COGS 107A,A01,083627,Boyle; Mary E. T.,13,0,60,47
1656749237724,COGS 118A,A01,083075,Gupta; Anjum,15,0,76,61
1656749243750,CSE 3,A50,083646,Miranda; Gregory Joseph,22,0,50,28
1656749249774,CSE 8A,A50,083650,Miranda; Gregory Joseph,17,1,56,39
1656749255799,CSE 11,A01,083080,Cao; Yingjun,4,15,40,36
1656749261834,CSE 12,A01,083652,Krause-Levy; Sophia Louisa,20,1,120,100
1656749267856,CSE 15L,A01,083654,Morris; Justin Loren,8,0,50,42
1656749267856,CSE 15L,A02,083655,Morris; Justin Loren,8,0,50,42
1656749273880,CSE 20,A01,083657,Tran; Khoa Dang,37,0,80,43
1656749279906,CSE 21,A01,095574,Bach; Quang Tran,21,0,48,27
1656749285937,CSE 30,A01,083084,Eldon; John,4,0,80,76
1656749285937,CSE 30,B01,095061,Bhaskar; Nishant,5,0,50,45
1656749291964,CSE 100,A01,083659,Cao; Yingjun,1,4,70,69
1656749298045,CSE 134B,A01,083661,Powell; Thomas Allan,18,0,100,82
1656749304072,CSE 140,A01,083663,Gungor; Onat,14,0,85,71
1656749310100,CSE 140L,A01,083088,Eldon; John,16,0,100,84
1656749316145,CSE 175,A01,083665,Kumar; Rakesh,3,0,25,22
1656749322182,CSE 190,A00,092507,Dubnov; Shlomo,7,0,20,13
1656749328211,ECE 45,A01,083139,Congero; Spencer William,5,0,75,70
1656749334253,ECE 65,A50,083695,Saad; Andrew S,12,0,30,18
1656749334253,ECE 65,A51,095125,Saad; Andrew S,25,0,26,1
1656749340281,ECE 109,A01,091882,Touri; Behrouz,15,0,70,55
1656749346313,ECE 180,A00,083140,Abi Samra; Nicholas Camill,0,0,30,30
1656749346313,ECE 180,B00,083141,Abi Samra; Nicholas Camill,0,0,30,30
1656749352339,MATH 10A,A01,083735,Patchell; Gregory David,1,0,30,29
1656749352339,MATH 10A,A02,083736,Patchell; Gregory David,20,0,30,10
1656749352339,MATH 10A,A03,083737,Patchell; Gregory David,15,0,30,15
1656749358376,MATH 10B,A01,083207,Lim; Seonhee,7,0,34,27
1656749358376,MATH 10B,A02,083208,Lim; Seonhee,9,0,35,26
1656749358376,MATH 10B,A03,093472,Lim; Seonhee,4,0,34,30
1656749358376,MATH 10B,B01,083739,Sinha; Shubham,9,0,30,21
1656749364403,MATH 18,A01,083743,Cinel; Cameron Alexander,6,0,30,24
1656749364403,MATH 18,A02,083744,Cinel; Cameron Alexander,15,0,30,15
1656749364403,MATH 18,A03,083745,Cinel; Cameron Alexander,8,0,30,22
1656749364403,MATH 18,B01,083748,Rideout; David Porter,3,0,37,34
1656749364403,MATH 18,B02,083749,Rideout; David Porter,3,0,36,33
1656749364403,MATH 18,B03,083750,Rideout; David Porter,1,0,37,36
1656749364403,MATH 18,B04,083751,Rideout; David Porter,5,0,36,31
1656749364403,MATH 18,B05,093473,Rideout; David Porter,4,0,36,32
1656749364403,MATH 18,B06,093474,Rideout; David Porter,5,0,36,31
1656749370431,MATH 20A,A01,083754,Zheng; Zequn,12,0,40,28
1656749376470,MATH 20B,A01,083756,Briones; Jor-el Thomas Caparas,1,0,36,35
1656749376470,MATH 20B,A02,083757,Briones; Jor-el Thomas Caparas,1,0,36,35
1656749376470,MATH 20B,A03,093475,Briones; Jor-el Thomas Caparas,0,0,36,36
1656749382496,MATH 20C,A01,083760,Briones; Jor-el Thomas Caparas,1,0,35,34
1656749382496,MATH 20C,A02,083761,Briones; Jor-el Thomas Caparas,8,0,35,27
1656749382496,MATH 20C,A03,093476,Briones; Jor-el Thomas Caparas,0,1,36,36
1656749382496,MATH 20C,B01,083762,Bach; Quang Tran,0,0,30,30
1656749388528,MATH 20D,A01,083765,Tran; Brian Kha,4,0,30,26
1656749388528,MATH 20D,A02,083766,Tran; Brian Kha,4,0,30,26
1656749388528,MATH 20D,A03,083767,Tran; Brian Kha,2,0,30,28
1656749394562,MATH 20E,A01,083771,Ganguly; Soumya,5,0,32,27
1656749394562,MATH 20E,A02,083772,Ganguly; Soumya,5,0,32,27
1656749394562,MATH 20E,B01,083773,Ciotti; Benjamin,18,0,35,17
1656749394562,MATH 20E,B02,083774,Ciotti; Benjamin,17,0,35,18
1656749400597,MATH 103A,A01,083777,Greenfeld; Be'Eri,2,0,36,34
1656749400597,MATH 103A,A02,083778,Greenfeld; Be'Eri,5,0,36,31
1656749400597,MATH 103A,A03,093561,Greenfeld; Be'Eri,4,0,36,32
1656749400597,MATH 103A,B01,083779,Greenfeld; Be'Eri,6,0,36,30
1656749400597,MATH 103A,B02,083780,Greenfeld; Be'Eri,2,0,36,34
1656749400597,MATH 103A,B03,093562,Greenfeld; Be'Eri,2,0,36,34
1656749406622,MATH 105,A01,085443,Carter; Anne Toulson,13,0,35,22
1656749406622,MATH 105,A02,093477,Carter; Anne Toulson,20,0,35,15
1656749412682,MATH 109,A01,083213,Ganzberger; Geoffrey Michael,2,0,34,32
1656749412682,MATH 109,A02,083214,Ganzberger; Geoffrey Michael,2,0,34,32
1656749412682,MATH 109,A03,093478,Ganzberger; Geoffrey Michael,1,0,34,33
1656749412682,MATH 109,B01,083215,Ganzberger; Geoffrey Michael,1,0,32,31
1656749412682,MATH 109,B02,083216,Ganzberger; Geoffrey Michael,1,0,32,31
1656749412682,MATH 109,B03,093479,Ganzberger; Geoffrey Michael,6,0,32,26
1656749418716,MATH 142A,A01,083219,Chow; Bennett,6,0,32,26
1656749418716,MATH 142A,A02,083220,Chow; Bennett,9,0,32,23
1656749418716,MATH 142A,A03,093480,Chow; Bennett,7,0,32,25
1656749418716,MATH 142A,B03,093481,Chow; Bennett,7,0,32,25
1656749418716,MATH 142A,B04,093558,Chow; Bennett,10,0,32,22
1656749418716,MATH 142A,B05,093559,Chow; Bennett,6,0,32,26
1656749424741,MATH 193A,A01,083224,Rotar; Vladimir,6,0,34,28
1656749424741,MATH 193A,A02,083225,Rotar; Vladimir,3,0,34,31
1656749424741,MATH 193A,A03,083781,Rotar; Vladimir,1,0,34,33
1656749424741,MATH 193A,A04,083782,Rotar; Vladimir,6,0,34,28
1656749424741,MATH 193A,A05,093482,Rotar; Vladimir,6,0,34,28
1656749430769,MATH 197,001,091859,McAuley; Julian John,9999,0,9999,0
1656749430769,MATH 197,002,095566,Kedlaya; Kiran S.,9997,0,9999,2
1656749430769,MATH 197,003,095567,Xiao; Ming,9999,0,9999,0
1656749430769,MATH 197,004,095571,Perols; Johan Lars,9998,0,9999,1
1656749437856,COGS 9,A01,083615,Shannon; Kyle Michael,6,0,75,69
1656749443880,COGS 11,A01,083617,Boyle; Mary E. T.,18,0,48,30
1656749449907,COGS 13,A01,083071,Bastos; Amalia Pinkusfeld,8,0,71,63
1656749455931,COGS 14A,A01,092681,Semenuks; Arturs,0,1,100,100
1656749461954,COGS 14B,A01,083073,Cheng; Tzu-Han,5,0,63,58
1656749467979,COGS 17,A01,092677,Semenuks; Arturs,4,0,81,77
1656749474004,COGS 100,A01,083619,Allen; Michael Gordon,15,0,70,55
1656749480034,COGS 101A,A01,083621,Davis; Joshua Daniel,9,0,68,59
1656749486062,COGS 101B,A01,091572,Allen; Michael Gordon,8,0,65,57
1656749492088,COGS 101C,A01,083625,Delgado; Tania,17,0,35,18
1656749498111,COGS 107A,A01,083627,Boyle; Mary E. T.,13,0,60,47
1656749504136,COGS 118A,A01,083075,Gupta; Anjum,15,0,76,61
1656749510162,CSE 3,A50,083646,Miranda; Gregory Joseph,22,0,50,28
1656749516189,CSE 8A,A50,083650,Miranda; Gregory Joseph,17,1,56,39
1656749522218,CSE 11,A01,083080,Cao; Yingjun,4,15,40,36
1656749528325,CSE 12,A01,083652,Krause-Levy; Sophia Louisa,20,1,120,100
1656749534357,CSE 15L,A01,083654,Morris; Justin Loren,8,0,50,42
1656749534357,CSE 15L,A02,083655,Morris; Justin Loren,8,0,50,42
1656749540385,CSE 20,A01,083657,Tran; Khoa Dang,37,0,80,43
1656749546418,CSE 21,A01,095574,Bach; Quang Tran,21,0,48,27
1656749552461,CSE 30,A01,083084,Eldon; John,4,0,80,76
1656749552461,CSE 30,B01,095061,Bhaskar; Nishant,5,0,50,45
1656749558492,CSE 100,A01,083659,Cao; Yingjun,1,4,70,69
1656749564520,CSE 134B,A01,083661,Powell; Thomas Allan,18,0,100,82
1656749570571,CSE 140,A01,083663,Gungor; Onat,14,0,85,71
1656749576600,CSE 140L,A01,083088,Eldon; John,16,0,100,84
1656749582624,CSE 175,A01,083665,Kumar; Rakesh,3,0,25,22
1656749588648,CSE 190,A00,092507,Dubnov; Shlomo,7,0,20,13
1656749594674,ECE 45,A01,083139,Congero; Spencer William,5,0,75,70
1656749600702,ECE 65,A50,083695,Saad; Andrew S,12,0,30,18
1656749600702,ECE 65,A51,095125,Saad; Andrew S,25,0,26,1
1656749606733,ECE 109,A01,091882,Touri; Behrouz,15,0,70,55
1656749612763,ECE 180,A00,083140,Abi Samra; Nicholas Camill,0,0,30,30
1656749612763,ECE 180,B00,083141,Abi Samra; Nicholas Camill,0,0,30,30
1656749618829,MATH 10A,A01,083735,Patchell; Gregory David,1,0,30,29
1656749618829,MATH 10A,A02,083736,Patchell; Gregory David,20,0,30,10
1656749618829,MATH 10A,A03,083737,Patchell; Gregory David,15,0,30,15
1656749624867,MATH 10B,A01,083207,Lim; Seonhee,7,0,34,27
1656749624867,MATH 10B,A02,083208,Lim; Seonhee,9,0,35,26
1656749624867,MATH 10B,A03,093472,Lim; Seonhee,4,0,34,30
1656749624867,MATH 10B,B01,083739,Sinha; Shubham,9,0,30,21
1656749631011,MATH 18,A01,083743,Cinel; Cameron Alexander,6,0,30,24
1656749631011,MATH 18,A02,083744,Cinel; Cameron Alexander,15,0,30,15
1656749631011,MATH 18,A03,083745,Cinel; Cameron Alexander,8,0,30,22
1656749631011,MATH 18,B01,083748,Rideout; David Porter,3,0,37,34
1656749631011,MATH 18,B02,083749,Rideout; David Porter,3,0,36,33
1656749631011,MATH 18,B03,083750,Rideout; David Porter,1,0,37,36
1656749631011,MATH 18,B04,083751,Rideout; David Porter,5,0,36,31
1656749631011,MATH 18,B05,093473,Rideout; David Porter,4,0,36,32
1656749631011,MATH 18,B06,093474,Rideout; David Porter,5,0,36,31
1656749637035,MATH 20A,A01,083754,Zheng; Zequn,12,0,40,28
1656749643062,MATH 20B,A01,083756,Briones; Jor-el Thomas Caparas,1,0,36,35
1656749643062,MATH 20B,A02,083757,Briones; Jor-el Thomas Caparas,1,0,36,35
1656749643062,MATH 20B,A03,093475,Briones; Jor-el Thomas Caparas,0,0,36,36
1656749649095,MATH 20C,A01,083760,Briones; Jor-el Thomas Caparas,1,0,35,34
1656749649095,MATH 20C,A02,083761,Briones; Jor-el Thomas Caparas,8,0,35,27
1656749649095,MATH 20C,A03,093476,Briones; Jor-el Thomas Caparas,0,1,36,36
1656749649095,MATH 20C,B01,083762,Bach; Quang Tran,0,0,30,30
1656749655126,MATH 20D,A01,083765,Tran; Brian Kha,4,0,30,26
1656749655126,MATH 20D,A02,083766,Tran; Brian Kha,4,0,30,26
1656749655126,MATH 20D,A03,083767,Tran; Brian Kha,2,0,30,28
1656749661152,MATH 20E,A01,083771,Ganguly; Soumya,5,0,32,27
1656749661152,MATH 20E,A02,083772,Ganguly; Soumya,5,0,32,27
1656749661152,MATH 20E,B01,083773,Ciotti; Benjamin,18,0,35,17
1656749661152,MATH 20E,B02,083774,Ciotti; Benjamin,17,0,35,18
1656749667190,MATH 103A,A01,083777,Greenfeld; Be'Eri,2,0,36,34
1656749667190,MATH 103A,A02,083778,Greenfeld; Be'Eri,5,0,36,31
1656749667190,MATH 103A,A03,093561,Greenfeld; Be'Eri,4,0,36,32
1656749667190,MATH 103A,B01,083779,Greenfeld; Be'Eri,6,0,36,30
1656749667190,MATH 103A,B02,083780,Greenfeld; Be'Eri,2,0,36,34
1656749667190,MATH 103A,B03,093562,Greenfeld; Be'Eri,2,0,36,34
1656749673215,MATH 105,A01,085443,Carter; Anne Toulson,13,0,35,22
1656749673215,MATH 105,A02,093477,Carter; Anne Toulson,20,0,35,15
1656749679248,MATH 109,A01,083213,Ganzberger; Geoffrey Michael,2,0,34,32
1656749679248,MATH 109,A02,083214,Ganzberger; Geoffrey Michael,2,0,34,32
1656749679248,MATH 109,A03,093478,Ganzberger; Geoffrey Michael,1,0,34,33
1656749679248,MATH 109,B01,083215,Ganzberger; Geoffrey Michael,1,0,32,31
1656749679248,MATH 109,B02,083216,Ganzberger; Geoffrey Michael,1,0,32,31
1656749679248,MATH 109,B03,093479,Ganzberger; Geoffrey Michael,6,0,32,26
1656749685332,MATH 142A,A01,083219,Chow; Bennett,6,0,32,26
1656749685332,MATH 142A,A02,083220,Chow; Bennett,9,0,32,23
1656749685332,MATH 142A,A03,093480,Chow; Bennett,7,0,32,25
1656749685332,MATH 142A,B03,093481,Chow; Bennett,7,0,32,25
1656749685332,MATH 142A,B04,093558,Chow; Bennett,10,0,32,22
1656749685332,MATH 142A,B05,093559,Chow; Bennett,6,0,32,26
1656749691358,MATH 193A,A01,083224,Rotar; Vladimir,6,0,34,28
1656749691358,MATH 193A,A02,083225,Rotar; Vladimir,3,0,34,31
1656749691358,MATH 193A,A03,083781,Rotar; Vladimir,1,0,34,33
1656749691358,MATH 193A,A04,083782,Rotar; Vladimir,6,0,34,28
1656749691358,MATH 193A,A05,093482,Rotar; Vladimir,6,0,34,28
1656749697389,MATH 197,001,091859,McAuley; Julian John,9999,0,9999,0
1656749697389,MATH 197,002,095566,Kedlaya; Kiran S.,9997,0,9999,2
1656749697389,MATH 197,003,095567,Xiao; Ming,9999,0,9999,0
1656749697389,MATH 197,004,095571,Perols; Johan Lars,9998,0,9999,1
1656749704475,COGS 9,A01,083615,Shannon; Kyle Michael,6,0,75,69
1656749710510,COGS 11,A01,083617,Boyle; Mary E. T.,18,0,48,30
1656749716536,COGS 13,A01,083071,Bastos; Amalia Pinkusfeld,8,0,71,63
1656749722571,COGS 14A,A01,092681,Semenuks; Arturs,0,1,100,100
1656749728633,COGS 14B,A01,083073,Cheng; Tzu-Han,5,0,63,58
1656749734660,COGS 17,A01,092677,Semenuks; Arturs,4,0,81,77
1656749740692,COGS 100,A01,083619,Allen; Michael Gordon,15,0,70,55
1656749746723,COGS 101A,A01,083621,Davis; Joshua Daniel,9,0,68,59
1656749752752,COGS 101B,A01,091572,Allen; Michael Gordon,8,0,65,57
1656749758777,COGS 101C,A01,083625,Delgado; Tania,17,0,35,18
1656749764801,COGS 107A,A01,083627,Boyle; Mary E. T.,13,0,60,47
1656749770831,COGS 118A,A01,083075,Gupta; Anjum,15,0,76,61
1656749776868,CSE 3,A50,083646,Miranda; Gregory Joseph,22,0,50,28
1656749782902,CSE 8A,A50,083650,Miranda; Gregory Joseph,17,1,56,39
1656749788931,CSE 11,A01,083080,Cao; Yingjun,4,15,40,36
1656749794962,CSE 12,A01,083652,Krause-Levy; Sophia Louisa,20,1,120,100
1656749800986,CSE 15L,A01,083654,Morris; Justin Loren,8,0,50,42
1656749800986,CSE 15L,A02,083655,Morris; Justin Loren,8,0,50,42
1656749807011,CSE 20,A01,083657,Tran; Khoa Dang,37,0,80,43
1656749813036,CSE 21,A01,095574,Bach; Quang Tran,21,0,48,27
1656749819068,CSE 30,A01,083084,Eldon; John,4,0,80,76
1656749819068,CSE 30,B01,095061,Bhaskar; Nishant,5,0,50,45
1656749825090,CSE 100,A01,083659,Cao; Yingjun,1,4,70,69
1656749831113,CSE 134B,A01,083661,Powell; Thomas Allan,18,0,100,82
1656749837142,CSE 140,A01,083663,Gungor; Onat,14,0,85,71
1656749843169,CSE 140L,A01,083088,Eldon; John,16,0,100,84
1656749849198,CSE 175,A01,083665,Kumar; Rakesh,3,0,25,22
1656749855227,CSE 190,A00,092507,Dubnov; Shlomo,7,0,20,13
1656749861252,ECE 45,A01,083139,Congero; Spencer William,5,0,75,70
1656749867281,ECE 65,A50,083695,Saad; Andrew S,12,0,30,18
1656749867281,ECE 65,A51,095125,Saad; Andrew S,25,0,26,1
1656749873307,ECE 109,A01,091882,Touri; Behrouz,15,0,70,55
1656749879336,ECE 180,A00,083140,Abi Samra; Nicholas Camill,0,0,30,30
1656749879336,ECE 180,B00,083141,Abi Samra; Nicholas Camill,0,0,30,30
1656749885362,MATH 10A,A01,083735,Patchell; Gregory David,1,0,30,29
1656749885362,MATH 10A,A02,083736,Patchell; Gregory David,20,0,30,10
1656749885362,MATH 10A,A03,083737,Patchell; Gregory David,15,0,30,15
1656749891398,MATH 10B,A01,083207,Lim; Seonhee,7,0,34,27
1656749891398,MATH 10B,A02,083208,Lim; Seonhee,9,0,35,26
1656749891398,MATH 10B,A03,093472,Lim; Seonhee,4,0,34,30
1656749891398,MATH 10B,B01,083739,Sinha; Shubham,9,0,30,21
1656749897433,MATH 18,A01,083743,Cinel; Cameron Alexander,6,0,30,24
1656749897433,MATH 18,A02,083744,Cinel; Cameron Alexander,15,0,30,15
1656749897433,MATH 18,A03,083745,Cinel; Cameron Alexander,8,0,30,22
1656749897433,MATH 18,B01,083748,Rideout; David Porter,3,0,37,34
1656749897433,MATH 18,B02,083749,Rideout; David Porter,3,0,36,33
1656749897433,MATH 18,B03,083750,Rideout; David Porter,1,0,37,36
1656749897433,MATH 18,B04,083751,Rideout; David Porter,5,0,36,31
1656749897433,MATH 18,B05,093473,Rideout; David Porter,4,0,36,32
1656749897433,MATH 18,B06,093474,Rideout; David Porter,5,0,36,31
1656749903459,MATH 20A,A01,083754,Zheng; Zequn,12,0,40,28
1656749909483,MATH 20B,A01,083756,Briones; Jor-el Thomas Caparas,1,0,36,35
1656749909483,MATH 20B,A02,083757,Briones; Jor-el Thomas Caparas,1,0,36,35
1656749909483,MATH 20B,A03,093475,Briones; Jor-el Thomas Caparas,0,0,36,36
1656749915507,MATH 20C,A01,083760,Briones; Jor-el Thomas Caparas,1,0,35,34
1656749915507,MATH 20C,A02,083761,Briones; Jor-el Thomas Caparas,8,0,35,27
1656749915507,MATH 20C,A03,093476,Briones; Jor-el Thomas Caparas,0,1,36,36
1656749915507,MATH 20C,B01,083762,Bach; Quang Tran,0,0,30,30
1656749921532,MATH 20D,A01,083765,Tran; Brian Kha,4,0,30,26
1656749921532,MATH 20D,A02,083766,Tran; Brian Kha,4,0,30,26
1656749921532,MATH 20D,A03,083767,Tran; Brian Kha,2,0,30,28
1656749927563,MATH 20E,A01,083771,Ganguly; Soumya,5,0,32,27
1656749927563,MATH 20E,A02,083772,Ganguly; Soumya,5,0,32,27
1656749927563,MATH 20E,B01,083773,Ciotti; Benjamin,18,0,35,17
1656749927563,MATH 20E,B02,083774,Ciotti; Benjamin,17,0,35,18
1656749933589,MATH 103A,A01,083777,Greenfeld; Be'Eri,2,0,36,34
1656749933589,MATH 103A,A02,083778,Greenfeld; Be'Eri,5,0,36,31
1656749933589,MATH 103A,A03,093561,Greenfeld; Be'Eri,4,0,36,32
1656749933589,MATH 103A,B01,083779,Greenfeld; Be'Eri,6,0,36,30
1656749933589,MATH 103A,B02,083780,Greenfeld; Be'Eri,2,0,36,34
1656749933589,MATH 103A,B03,093562,Greenfeld; Be'Eri,2,0,36,34
1656749939613,MATH 105,A01,085443,Carter; Anne Toulson,13,0,35,22
1656749939613,MATH 105,A02,093477,Carter; Anne Toulson,20,0,35,15
1656749945642,MATH 109,A01,083213,Ganzberger; Geoffrey Michael,2,0,34,32
1656749945642,MATH 109,A02,083214,Ganzberger; Geoffrey Michael,2,0,34,32
1656749945642,MATH 109,A03,093478,Ganzberger; Geoffrey Michael,1,0,34,33
1656749945642,MATH 109,B01,083215,Ganzberger; Geoffrey Michael,1,0,32,31
1656749945642,MATH 109,B02,083216,Ganzberger; Geoffrey Michael,1,0,32,31
1656749945642,MATH 109,B03,093479,Ganzberger; Geoffrey Michael,6,0,32,26
1656749951671,MATH 142A,A01,083219,Chow; Bennett,6,0,32,26
1656749951671,MATH 142A,A02,083220,Chow; Bennett,9,0,32,23
1656749951671,MATH 142A,A03,093480,Chow; Bennett,7,0,32,25
1656749951671,MATH 142A,B03,093481,Chow; Bennett,7,0,32,25
1656749951671,MATH 142A,B04,093558,Chow; Bennett,10,0,32,22
1656749951671,MATH 142A,B05,093559,Chow; Bennett,6,0,32,26
1656749957699,MATH 193A,A01,083224,Rotar; Vladimir,6,0,34,28
1656749957699,MATH 193A,A02,083225,Rotar; Vladimir,3,0,34,31
1656749957699,MATH 193A,A03,083781,Rotar; Vladimir,1,0,34,33
1656749957699,MATH 193A,A04,083782,Rotar; Vladimir,6,0,34,28
1656749957699,MATH 193A,A05,093482,Rotar; Vladimir,6,0,34,28
1656749963725,MATH 197,001,091859,McAuley; Julian John,9999,0,9999,0
1656749963725,MATH 197,002,095566,Kedlaya; Kiran S.,9997,0,9999,2
1656749963725,MATH 197,003,095567,Xiao; Ming,9999,0,9999,0
1656749963725,MATH 197,004,095571,Perols; Johan Lars,9998,0,9999,1
1656749970786,COGS 9,A01,083615,Shannon; Kyle Michael,6,0,75,69
1656749976810,COGS 11,A01,083617,Boyle; Mary E. T.,18,0,48,30
1656749982833,COGS 13,A01,083071,Bastos; Amalia Pinkusfeld,8,0,71,63
1656749988861,COGS 14A,A01,092681,Semenuks; Arturs,0,1,100,100
1656749994884,COGS 14B,A01,083073,Cheng; Tzu-Han,5,0,63,58
1656750000907,COGS 17,A01,092677,Semenuks; Arturs,4,0,81,77
1656750006936,COGS 100,A01,083619,Allen; Michael Gordon,15,0,70,55
1656750012966,COGS 101A,A01,083621,Davis; Joshua Daniel,9,0,68,59
1656750018991,COGS 101B,A01,091572,Allen; Michael Gordon,8,0,65,57
1656750025021,COGS 101C,A01,083625,Delgado; Tania,17,0,35,18
1656750031047,COGS 107A,A01,083627,Boyle; Mary E. T.,13,0,60,47
1656750037070,COGS 118A,A01,083075,Gupta; Anjum,15,0,76,61
1656750043103,CSE 3,A50,083646,Miranda; Gregory Joseph,22,0,50,28
1656750049129,CSE 8A,A50,083650,Miranda; Gregory Joseph,17,1,56,39
1656750055157,CSE 11,A01,083080,Cao; Yingjun,4,15,40,36
1656750061185,CSE 12,A01,083652,Krause-Levy; Sophia Louisa,20,1,120,100
1656750067209,CSE 15L,A01,083654,Morris; Justin Loren,8,0,50,42
1656750067209,CSE 15L,A02,083655,Morris; Justin Loren,8,0,50,42
1656750073243,CSE 20,A01,083657,Tran; Khoa Dang,37,0,80,43
1656750079268,CSE 21,A01,095574,Bach; Quang Tran,21,0,48,27
1656750085297,CSE 30,A01,083084,Eldon; John,4,0,80,76
1656750085297,CSE 30,B01,095061,Bhaskar; Nishant,5,0,50,45
1656750091324,CSE 100,A01,083659,Cao; Yingjun,1,4,70,69
1656750097350,CSE 134B,A01,083661,Powell; Thomas Allan,18,0,100,82
1656750103375,CSE 140,A01,083663,Gungor; Onat,14,0,85,71
1656750109403,CSE 140L,A01,083088,Eldon; John,16,0,100,84
1656750115426,CSE 175,A01,083665,Kumar; Rakesh,3,0,25,22
1656750121450,CSE 190,A00,092507,Dubnov; Shlomo,7,0,20,13
1656750127475,ECE 45,A01,083139,Congero; Spencer William,5,0,75,70
1656750133510,ECE 65,A50,083695,Saad; Andrew S,12,0,30,18
1656750133510,ECE 65,A51,095125,Saad; Andrew S,25,0,26,1
1656750139537,ECE 109,A01,091882,Touri; Behrouz,15,0,70,55
1656750145565,ECE 180,A00,083140,Abi Samra; Nicholas Camill,0,0,30,30
1656750145565,ECE 180,B00,083141,Abi Samra; Nicholas Camill,0,0,30,30
1656750151598,MATH 10A,A01,083735,Patchell; Gregory David,1,0,30,29
1656750151598,MATH 10A,A02,083736,Patchell; Gregory David,20,0,30,10
1656750151598,MATH 10A,A03,083737,Patchell; Gregory David,15,0,30,15
1656750157624,MATH 10B,A01,083207,Lim; Seonhee,7,0,34,27
1656750157624,MATH 10B,A02,083208,Lim; Seonhee,9,0,35,26
1656750157624,MATH 10B,A03,093472,Lim; Seonhee,4,0,34,30
1656750157624,MATH 10B,B01,083739,Sinha; Shubham,9,0,30,21
1656750163652,MATH 18,A01,083743,Cinel; Cameron Alexander,6,0,30,24
1656750163652,MATH 18,A02,083744,Cinel; Cameron Alexander,15,0,30,15
1656750163652,MATH 18,A03,083745,Cinel; Cameron Alexander,8,0,30,22
1656750163652,MATH 18,B01,083748,Rideout; David Porter,3,0,37,34
1656750163652,MATH 18,B02,083749,Rideout; David Porter,3,0,36,33
1656750163652,MATH 18,B03,083750,Rideout; David Porter,1,0,37,36
1656750163652,MATH 18,B04,083751,Rideout; David Porter,5,0,36,31
1656750163652,MATH 18,B05,093473,Rideout; David Porter,4,0,36,32
1656750163652,MATH 18,B06,093474,Rideout; David Porter,5,0,36,31
1656750169678,MATH 20A,A01,083754,Zheng; Zequn,12,0,40,28
1656750175707,MATH 20B,A01,083756,Briones; Jor-el Thomas Caparas,1,0,36,35
1656750175707,MATH 20B,A02,083757,Briones; Jor-el Thomas Caparas,1,0,36,35
1656750175707,MATH 20B,A03,093475,Briones; Jor-el Thomas Caparas,0,0,36,36
1656750181739,MATH 20C,A01,083760,Briones; Jor-el Thomas Caparas,1,0,35,34
1656750181739,MATH 20C,A02,083761,Briones; Jor-el Thomas Caparas,8,0,35,27
1656750181739,MATH 20C,A03,093476,Briones; Jor-el Thomas Caparas,0,1,36,36
1656750181739,MATH 20C,B01,083762,Bach; Quang Tran,0,0,30,30
1656750187763,MATH 20D,A01,083765,Tran; Brian Kha,4,0,30,26
1656750187763,MATH 20D,A02,083766,Tran; Brian Kha,4,0,30,26
1656750187763,MATH 20D,A03,083767,Tran; Brian Kha,2,0,30,28
1656750193787,MATH 20E,A01,083771,Ganguly; Soumya,5,0,32,27
1656750193787,MATH 20E,A02,083772,Ganguly; Soumya,5,0,32,27
1656750193787,MATH 20E,B01,083773,Ciotti; Benjamin,18,0,35,17
1656750193787,MATH 20E,B02,083774,Ciotti; Benjamin,17,0,35,18
1656750199815,MATH 103A,A01,083777,Greenfeld; Be'Eri,2,0,36,34
1656750199815,MATH 103A,A02,083778,Greenfeld; Be'Eri,5,0,36,31
1656750199815,MATH 103A,A03,093561,Greenfeld; Be'Eri,4,0,36,32
1656750199815,MATH 103A,B01,083779,Greenfeld; Be'Eri,6,0,36,30
1656750199815,MATH 103A,B02,083780,Greenfeld; Be'Eri,2,0,36,34
1656750199815,MATH 103A,B03,093562,Greenfeld; Be'Eri,2,0,36,34
1656750205846,MATH 105,A01,085443,Carter; Anne Toulson,13,0,35,22
1656750205846,MATH 105,A02,093477,Carter; Anne Toulson,20,0,35,15
1656750211878,MATH 109,A01,083213,Ganzberger; Geoffrey Michael,2,0,34,32
1656750211878,MATH 109,A02,083214,Ganzberger; Geoffrey Michael,2,0,34,32
1656750211878,MATH 109,A03,093478,Ganzberger; Geoffrey Michael,1,0,34,33
1656750211878,MATH 109,B01,083215,Ganzberger; Geoffrey Michael,1,0,32,31
1656750211878,MATH 109,B02,083216,Ganzberger; Geoffrey Michael,1,0,32,31
1656750211878,MATH 109,B03,093479,Ganzberger; Geoffrey Michael,6,0,32,26
1656750217902,MATH 142A,A01,083219,Chow; Bennett,6,0,32,26
1656750217902,MATH 142A,A02,083220,Chow; Bennett,9,0,32,23
1656750217902,MATH 142A,A03,093480,Chow; Bennett,7,0,32,25
1656750217902,MATH 142A,B03,093481,Chow; Bennett,7,0,32,25
1656750217902,MATH 142A,B04,093558,Chow; Bennett,10,0,32,22
1656750217902,MATH 142A,B05,093559,Chow; Bennett,6,0,32,26
1656750223928,MATH 193A,A01,083224,Rotar; Vladimir,6,0,34,28
1656750223928,MATH 193A,A02,083225,Rotar; Vladimir,3,0,34,31
1656750223928,MATH 193A,A03,083781,Rotar; Vladimir,1,0,34,33
1656750223928,MATH 193A,A04,083782,Rotar; Vladimir,6,0,34,28
1656750223928,MATH 193A,A05,093482,Rotar; Vladimir,6,0,34,28
1656750230029,MATH 197,001,091859,McAuley; Julian John,9999,0,9999,0
1656750230029,MATH 197,002,095566,Kedlaya; Kiran S.,9997,0,9999,2
1656750230029,MATH 197,003,095567,Xiao; Ming,9999,0,9999,0
1656750230029,MATH 197,004,095571,Perols; Johan Lars,9998,0,9999,1
1656750237108,COGS 9,A01,083615,Shannon; Kyle Michael,6,0,75,69
1656750243137,COGS 11,A01,083617,Boyle; Mary E. T.,18,0,48,30
1656750249161,COGS 13,A01,083071,Bastos; Amalia Pinkusfeld,8,0,71,63
1656750255187,COGS 14A,A01,092681,Semenuks; Arturs,0,1,100,100
1656750261214,COGS 14B,A01,083073,Cheng; Tzu-Han,5,0,63,58
1656750267239,COGS 17,A01,092677,Semenuks; Arturs,4,0,81,77
1656750273269,COGS 100,A01,083619,Allen; Michael Gordon,15,0,70,55
1656750279295,COGS 101A,A01,083621,Davis; Joshua Daniel,9,0,68,59
1656750285318,COGS 101B,A01,091572,Allen; Michael Gordon,8,0,65,57
1656750291349,COGS 101C,A01,083625,Delgado; Tania,17,0,35,18
1656750297378,COGS 107A,A01,083627,Boyle; Mary E. T.,13,0,60,47
1656750303413,COGS 118A,A01,083075,Gupta; Anjum,15,0,76,61
1656750309440,CSE 3,A50,083646,Miranda; Gregory Joseph,22,0,50,28
1656750315465,CSE 8A,A50,083650,Miranda; Gregory Joseph,17,1,56,39
1656750321496,CSE 11,A01,083080,Cao; Yingjun,4,15,40,36
1656750327524,CSE 12,A01,083652,Krause-Levy; Sophia Louisa,20,1,120,100
1656750333548,CSE 15L,A01,083654,Morris; Justin Loren,8,0,50,42
1656750333548,CSE 15L,A02,083655,Morris; Justin Loren,8,0,50,42
1656750339580,CSE 20,A01,083657,Tran; Khoa Dang,37,0,80,43
1656750345607,CSE 21,A01,095574,Bach; Quang Tran,21,0,48,27
1656750351635,CSE 30,A01,083084,Eldon; John,4,0,80,76
1656750351635,CSE 30,B01,095061,Bhaskar; Nishant,5,0,50,45
1656750357667,CSE 100,A01,083659,Cao; Yingjun,1,4,70,69
1656750363693,CSE 134B,A01,083661,Powell; Thomas Allan,18,0,100,82
1656750369717,CSE 140,A01,083663,Gungor; Onat,14,0,85,71
1656750375745,CSE 140L,A01,083088,Eldon; John,16,0,100,84
1656750381771,CSE 175,A01,083665,Kumar; Rakesh,3,0,25,22
1656750387805,CSE 190,A00,092507,Dubnov; Shlomo,7,0,20,13
1656750393830,ECE 45,A01,083139,Congero; Spencer William,5,0,75,70
1656750399862,ECE 65,A50,083695,Saad; Andrew S,12,0,30,18
1656750399862,ECE 65,A51,095125,Saad; Andrew S,25,0,26,1
1656750405891,ECE 109,A01,091882,Touri; Behrouz,15,0,70,55
1656750411917,ECE 180,A00,083140,Abi Samra; Nicholas Camill,0,0,30,30
1656750411917,ECE 180,B00,083141,Abi Samra; Nicholas Camill,0,0,30,30
1656750417943,MATH 10A,A01,083735,Patchell; Gregory David,1,0,30,29
1656750417943,MATH 10A,A02,083736,Patchell; Gregory David,20,0,30,10
1656750417943,MATH 10A,A03,083737,Patchell; Gregory David,15,0,30,15
1656750423983,MATH 10B,A01,083207,Lim; Seonhee,7,0,34,27
1656750423983,MATH 10B,A02,083208,Lim; Seonhee,9,0,35,26
1656750423983,MATH 10B,A03,093472,Lim; Seonhee,4,0,34,30
1656750423983,MATH 10B,B01,083739,Sinha; Shubham,9,0,30,21
1656750430012,MATH 18,A01,083743,Cinel; Cameron Alexander,6,0,30,24
1656750430012,MATH 18,A02,083744,Cinel; Cameron Alexander,15,0,30,15
1656750430012,MATH 18,A03,083745,Cinel; Cameron Alexander,8,0,30,22
1656750430012,MATH 18,B01,083748,Rideout; David Porter,3,0,37,34
1656750430012,MATH 18,B02,083749,Rideout; David Porter,3,0,36,33
1656750430012,MATH 18,B03,083750,Rideout; David Porter,1,0,37,36
1656750430012,MATH 18,B04,083751,Rideout; David Porter,5,0,36,31
1656750430012,MATH 18,B05,093473,Rideout; David Porter,4,0,36,32
1656750430012,MATH 18,B06,093474,Rideout; David Porter,5,0,36,31
1656750436037,MATH 20A,A01,083754,Zheng; Zequn,12,0,40,28
1656750442063,MATH 20B,A01,083756,Briones; Jor-el Thomas Caparas,1,0,36,35
1656750442063,MATH 20B,A02,083757,Briones; Jor-el Thomas Caparas,1,0,36,35
1656750442063,MATH 20B,A03,093475,Briones; Jor-el Thomas Caparas,0,0,36,36
1656750448097,MATH 20C,A01,083760,Briones; Jor-el Thomas Caparas,1,0,35,34
1656750448097,MATH 20C,A02,083761,Briones; Jor-el Thomas Caparas,8,0,35,27
1656750448097,MATH 20C,A03,093476,Briones; Jor-el Thomas Caparas,0,1,36,36
1656750448097,MATH 20C,B01,083762,Bach; Quang Tran,0,0,30,30
1656750454122,MATH 20D,A01,083765,Tran; Brian Kha,4,0,30,26
1656750454122,MATH 20D,A02,083766,Tran; Brian Kha,4,0,30,26
1656750454122,MATH 20D,A03,083767,Tran; Brian Kha,2,0,30,28
1656750460164,MATH 20E,A01,083771,Ganguly; Soumya,5,0,32,27
1656750460164,MATH 20E,A02,083772,Ganguly; Soumya,5,0,32,27
1656750460164,MATH 20E,B01,083773,Ciotti; Benjamin,18,0,35,17
1656750460164,MATH 20E,B02,083774,Ciotti; Benjamin,17,0,35,18
1656750466202,MATH 103A,A01,083777,Greenfeld; Be'Eri,2,0,36,34
1656750466202,MATH 103A,A02,083778,Greenfeld; Be'Eri,5,0,36,31
1656750466202,MATH 103A,A03,093561,Greenfeld; Be'Eri,4,0,36,32
1656750466202,MATH 103A,B01,083779,Greenfeld; Be'Eri,6,0,36,30
1656750466202,MATH 103A,B02,083780,Greenfeld; Be'Eri,2,0,36,34
1656750466202,MATH 103A,B03,093562,Greenfeld; Be'Eri,2,0,36,34
1656750472226,MATH 105,A01,085443,Carter; Anne Toulson,13,0,35,22
1656750472226,MATH 105,A02,093477,Carter; Anne Toulson,20,0,35,15
1656750478252,MATH 109,A01,083213,Ganzberger; Geoffrey Michael,2,0,34,32
1656750478252,MATH 109,A02,083214,Ganzberger; Geoffrey Michael,2,0,34,32
1656750478252,MATH 109,A03,093478,Ganzberger; Geoffrey Michael,1,0,34,33
1656750478252,MATH 109,B01,083215,Ganzberger; Geoffrey Michael,1,0,32,31
1656750478252,MATH 109,B02,083216,Ganzberger; Geoffrey Michael,1,0,32,31
1656750478252,MATH 109,B03,093479,Ganzberger; Geoffrey Michael,6,0,32,26
1656750484280,MATH 142A,A01,083219,Chow; Bennett,6,0,32,26
1656750484280,MATH 142A,A02,083220,Chow; Bennett,9,0,32,23
1656750484280,MATH 142A,A03,093480,Chow; Bennett,7,0,32,25
1656750484280,MATH 142A,B03,093481,Chow; Bennett,7,0,32,25
1656750484280,MATH 142A,B04,093558,Chow; Bennett,10,0,32,22
1656750484280,MATH 142A,B05,093559,Chow; Bennett,6,0,32,26
1656750490306,MATH 193A,A01,083224,Rotar; Vladimir,6,0,34,28
1656750490306,MATH 193A,A02,083225,Rotar; Vladimir,3,0,34,31
1656750490306,MATH 193A,A03,083781,Rotar; Vladimir,1,0,34,33
1656750490306,MATH 193A,A04,083782,Rotar; Vladimir,6,0,34,28
1656750490306,MATH 193A,A05,093482,Rotar; Vladimir,6,0,34,28
1656750496338,MATH 197,001,091859,McAuley; Julian John,9999,0,9999,0
1656750496338,MATH 197,002,095566,Kedlaya; Kiran S.,9997,0,9999,2
1656750496338,MATH 197,003,095567,Xiao; Ming,9999,0,9999,0
1656750496338,MATH 197,004,095571,Perols; Johan Lars,9998,0,9999,1
1656750503407,COGS 9,A01,083615,Shannon; Kyle Michael,6,0,75,69
1656750509436,COGS 11,A01,083617,Boyle; Mary E. T.,18,0,48,30
1656750515460,COGS 13,A01,083071,Bastos; Amalia Pinkusfeld,8,0,71,63
1656750521489,COGS 14A,A01,092681,Semenuks; Arturs,0,1,100,100
1656750527517,COGS 14B,A01,083073,Cheng; Tzu-Han,5,0,63,58
1656750533543,COGS 17,A01,092677,Semenuks; Arturs,4,0,81,77
1656750539568,COGS 100,A01,083619,Allen; Michael Gordon,15,0,70,55
1656750545592,COGS 101A,A01,083621,Davis; Joshua Daniel,9,0,68,59
1656750551622,COGS 101B,A01,091572,Allen; Michael Gordon,8,0,65,57
1656750557650,COGS 101C,A01,083625,Delgado; Tania,17,0,35,18
1656750563681,COGS 107A,A01,083627,Boyle; Mary E. T.,13,0,60,47
1656750569711,COGS 118A,A01,083075,Gupta; Anjum,15,0,76,61
1656750575744,CSE 3,A50,083646,Miranda; Gregory Joseph,22,0,50,28
1656750581768,CSE 8A,A50,083650,Miranda; Gregory Joseph,17,1,56,39
1656750587793,CSE 11,A01,083080,Cao; Yingjun,4,15,40,36
1656750593818,CSE 12,A01,083652,Krause-Levy; Sophia Louisa,20,1,120,100
1656750599844,CSE 15L,A01,083654,Morris; Justin Loren,8,0,50,42
1656750599844,CSE 15L,A02,083655,Morris; Justin Loren,8,0,50,42
1656750605867,CSE 20,A01,083657,Tran; Khoa Dang,37,0,80,43
1656750611898,CSE 21,A01,095574,Bach; Quang Tran,21,0,48,27
1656750617927,CSE 30,A01,083084,Eldon; John,4,0,80,76
1656750617927,CSE 30,B01,095061,Bhaskar; Nishant,5,0,50,45
1656750623953,CSE 100,A01,083659,Cao; Yingjun,1,4,70,69
1656750629976,CSE 134B,A01,083661,Powell; Thomas Allan,18,0,100,82
1656750636002,CSE 140,A01,083663,Gungor; Onat,14,0,85,71
1656750642026,CSE 140L,A01,083088,Eldon; John,16,0,100,84
1656750648051,CSE 175,A01,083665,Kumar; Rakesh,3,0,25,22
1656750654086,CSE 190,A00,092507,Dubnov; Shlomo,7,0,20,13
1656750660119,ECE 45,A01,083139,Congero; Spencer William,5,0,75,70
1656750666154,ECE 65,A50,083695,Saad; Andrew S,12,0,30,18
1656750666154,ECE 65,A51,095125,Saad; Andrew S,25,0,26,1
1656750672178,ECE 109,A01,091882,Touri; Behrouz,15,0,70,55
1656750678204,ECE 180,A00,083140,Abi Samra; Nicholas Camill,0,0,30,30
1656750678204,ECE 180,B00,083141,Abi Samra; Nicholas Camill,0,0,30,30
1656750684240,MATH 10A,A01,083735,Patchell; Gregory David,1,0,30,29
1656750684240,MATH 10A,A02,083736,Patchell; Gregory David,20,0,30,10
1656750684240,MATH 10A,A03,083737,Patchell; Gregory David,15,0,30,15
1656750690277,MATH 10B,A01,083207,Lim; Seonhee,7,0,34,27
1656750690277,MATH 10B,A02,083208,Lim; Seonhee,9,0,35,26
1656750690277,MATH 10B,A03,093472,Lim; Seonhee,4,0,34,30
1656750690277,MATH 10B,B01,083739,Sinha; Shubham,9,0,30,21
1656750696307,MATH 18,A01,083743,Cinel; Cameron Alexander,6,0,30,24
1656750696307,MATH 18,A02,083744,Cinel; Cameron Alexander,15,0,30,15
1656750696307,MATH 18,A03,083745,Cinel; Cameron Alexander,8,0,30,22
1656750696307,MATH 18,B01,083748,Rideout; David Porter,3,0,37,34
1656750696307,MATH 18,B02,083749,Rideout; David Porter,3,0,36,33
1656750696307,MATH 18,B03,083750,Rideout; David Porter,1,0,37,36
1656750696307,MATH 18,B04,083751,Rideout; David Porter,5,0,36,31
1656750696307,MATH 18,B05,093473,Rideout; David Porter,4,0,36,32
1656750696307,MATH 18,B06,093474,Rideout; David Porter,5,0,36,31
1656750702331,MATH 20A,A01,083754,Zheng; Zequn,12,0,40,28
1656750708358,MATH 20B,A01,083756,Briones; Jor-el Thomas Caparas,1,0,36,35
1656750708358,MATH 20B,A02,083757,Briones; Jor-el Thomas Caparas,1,0,36,35
1656750708358,MATH 20B,A03,093475,Briones; Jor-el Thomas Caparas,0,0,36,36
1656750714393,MATH 20C,A01,083760,Briones; Jor-el Thomas Caparas,1,0,35,34
1656750714393,MATH 20C,A02,083761,Briones; Jor-el Thomas Caparas,8,0,35,27
1656750714393,MATH 20C,A03,093476,Briones; Jor-el Thomas Caparas,0,1,36,36
1656750714393,MATH 20C,B01,083762,Bach; Quang Tran,0,0,30,30
1656750720420,MATH 20D,A01,083765,Tran; Brian Kha,4,0,30,26
1656750720420,MATH 20D,A02,083766,Tran; Brian Kha,4,0,30,26
1656750720420,MATH 20D,A03,083767,Tran; Brian Kha,2,0,30,28
1656750726456,MATH 20E,A01,083771,Ganguly; Soumya,5,0,32,27
1656750726456,MATH 20E,A02,083772,Ganguly; Soumya,5,0,32,27
1656750726456,MATH 20E,B01,083773,Ciotti; Benjamin,18,0,35,17
1656750726456,MATH 20E,B02,083774,Ciotti; Benjamin,17,0,35,18
1656750732487,MATH 103A,A01,083777,Greenfeld; Be'Eri,2,0,36,34
1656750732487,MATH 103A,A02,083778,Greenfeld; Be'Eri,5,0,36,31
1656750732487,MATH 103A,A03,093561,Greenfeld; Be'Eri,4,0,36,32
1656750732487,MATH 103A,B01,083779,Greenfeld; Be'Eri,6,0,36,30
1656750732487,MATH 103A,B02,083780,Greenfeld; Be'Eri,2,0,36,34
1656750732487,MATH 103A,B03,093562,Greenfeld; Be'Eri,2,0,36,34
1656750738518,MATH 105,A01,085443,Carter; Anne Toulson,13,0,35,22
1656750738518,MATH 105,A02,093477,Carter; Anne Toulson,20,0,35,15
1656750744544,MATH 109,A01,083213,Ganzberger; Geoffrey Michael,2,0,34,32
1656750744544,MATH 109,A02,083214,Ganzberger; Geoffrey Michael,2,0,34,32
1656750744544,MATH 109,A03,093478,Ganzberger; Geoffrey Michael,1,0,34,33
1656750744544,MATH 109,B01,083215,Ganzberger; Geoffrey Michael,1,0,32,31
1656750744544,MATH 109,B02,083216,Ganzberger; Geoffrey Michael,1,0,32,31
1656750744544,MATH 109,B03,093479,Ganzberger; Geoffrey Michael,6,0,32,26
1656750750577,MATH 142A,A01,083219,Chow; Bennett,6,0,32,26
1656750750577,MATH 142A,A02,083220,Chow; Bennett,9,0,32,23
1656750750577,MATH 142A,A03,093480,Chow; Bennett,7,0,32,25
1656750750577,MATH 142A,B03,093481,Chow; Bennett,7,0,32,25
1656750750577,MATH 142A,B04,093558,Chow; Bennett,10,0,32,22
1656750750577,MATH 142A,B05,093559,Chow; Bennett,6,0,32,26
1656750756613,MATH 193A,A01,083224,Rotar; Vladimir,6,0,34,28
1656750756613,MATH 193A,A02,083225,Rotar; Vladimir,3,0,34,31
1656750756613,MATH 193A,A03,083781,Rotar; Vladimir,1,0,34,33
1656750756613,MATH 193A,A04,083782,Rotar; Vladimir,6,0,34,28
1656750756613,MATH 193A,A05,093482,Rotar; Vladimir,6,0,34,28
1656750762646,MATH 197,001,091859,McAuley; Julian John,9999,0,9999,0
1656750762646,MATH 197,002,095566,Kedlaya; Kiran S.,9997,0,9999,2
1656750762646,MATH 197,003,095567,Xiao; Ming,9999,0,9999,0
1656750762646,MATH 197,004,095571,Perols; Johan Lars,9998,0,9999,1
1656750769726,COGS 9,A01,083615,Shannon; Kyle Michael,6,0,75,69
1656750775756,COGS 11,A01,083617,Boyle; Mary E. T.,18,0,48,30
1656750781781,COGS 13,A01,083071,Bastos; Amalia Pinkusfeld,8,0,71,63
1656750787804,COGS 14A,A01,092681,Semenuks; Arturs,0,1,100,100
1656750793831,COGS 14B,A01,083073,Cheng; Tzu-Han,5,0,63,58
1656750799854,COGS 17,A01,092677,Semenuks; Arturs,4,0,81,77
1656750805878,COGS 100,A01,083619,Allen; Michael Gordon,15,0,70,55
1656750811902,COGS 101A,A01,083621,Davis; Joshua Daniel,9,0,68,59
1656750817928,COGS 101B,A01,091572,Allen; Michael Gordon,8,0,65,57
1656750824042,COGS 101C,A01,083625,Delgado; Tania,17,0,35,18
1656750830068,COGS 107A,A01,083627,Boyle; Mary E. T.,13,0,60,47
1656750836091,COGS 118A,A01,083075,Gupta; Anjum,15,0,76,61
1656750842116,CSE 3,A50,083646,Miranda; Gregory Joseph,22,0,50,28
1656750848139,CSE 8A,A50,083650,Miranda; Gregory Joseph,17,1,56,39
1656750854167,CSE 11,A01,083080,Cao; Yingjun,4,15,40,36
1656750860191,CSE 12,A01,083652,Krause-Levy; Sophia Louisa,20,1,120,100
1656750866216,CSE 15L,A01,083654,Morris; Justin Loren,8,0,50,42
1656750866216,CSE 15L,A02,083655,Morris; Justin Loren,8,0,50,42
1656750872243,CSE 20,A01,083657,Tran; Khoa Dang,37,0,80,43
1656750878267,CSE 21,A01,095574,Bach; Quang Tran,21,0,48,27
1656750884297,CSE 30,A01,083084,Eldon; John,4,0,80,76
1656750884297,CSE 30,B01,095061,Bhaskar; Nishant,5,0,50,45
1656750890321,CSE 100,A01,083659,Cao; Yingjun,1,4,70,69
1656750896345,CSE 134B,A01,083661,Powell; Thomas Allan,18,0,100,82
1656750902368,CSE 140,A01,083663,Gungor; Onat,14,0,85,71
1656750908396,CSE 140L,A01,083088,Eldon; John,16,0,100,84
1656750914424,CSE 175,A01,083665,Kumar; Rakesh,3,0,25,22
1656750920447,CSE 190,A00,092507,Dubnov; Shlomo,7,0,20,13
1656750926471,ECE 45,A01,083139,Congero; Spencer William,5,0,75,70
1656750932505,ECE 65,A50,083695,Saad; Andrew S,12,0,30,18
1656750932505,ECE 65,A51,095125,Saad; Andrew S,25,0,26,1
1656750938533,ECE 109,A01,091882,Touri; Behrouz,15,0,70,55
1656750944565,ECE 180,A00,083140,Abi Samra; Nicholas Camill,0,0,30,30
1656750944565,ECE 180,B00,083141,Abi Samra; Nicholas Camill,0,0,30,30
1656750950591,MATH 10A,A01,083735,Patchell; Gregory David,1,0,30,29
1656750950591,MATH 10A,A02,083736,Patchell; Gregory David,20,0,30,10
1656750950591,MATH 10A,A03,083737,Patchell; Gregory David,15,0,30,15
1656750956617,MATH 10B,A01,083207,Lim; Seonhee,7,0,34,27
1656750956617,MATH 10B,A02,083208,Lim; Seonhee,9,0,35,26
1656750956617,MATH 10B,A03,093472,Lim; Seonhee,4,0,34,30
1656750956617,MATH 10B,B01,083739,Sinha; Shubham,9,0,30,21
1656750962645,MATH 18,A01,083743,Cinel; Cameron Alexander,6,0,30,24
1656750962645,MATH 18,A02,083744,Cinel; Cameron Alexander,15,0,30,15
1656750962645,MATH 18,A03,083745,Cinel; Cameron Alexander,8,0,30,22
1656750962645,MATH 18,B01,083748,Rideout; David Porter,3,0,37,34
1656750962645,MATH 18,B02,083749,Rideout; David Porter,3,0,36,33
1656750962645,MATH 18,B03,083750,Rideout; David Porter,1,0,37,36
1656750962645,MATH 18,B04,083751,Rideout; David Porter,5,0,36,31
1656750962645,MATH 18,B05,093473,Rideout; David Porter,4,0,36,32
1656750962645,MATH 18,B06,093474,Rideout; David Porter,5,0,36,31
1656750968676,MATH 20A,A01,083754,Zheng; Zequn,12,0,40,28
1656750974701,MATH 20B,A01,083756,Briones; Jor-el Thomas Caparas,1,0,36,35
1656750974701,MATH 20B,A02,083757,Briones; Jor-el Thomas Caparas,1,0,36,35
1656750974701,MATH 20B,A03,093475,Briones; Jor-el Thomas Caparas,0,0,36,36
1656750980731,MATH 20C,A01,083760,Briones; Jor-el Thomas Caparas,1,0,35,34
1656750980731,MATH 20C,A02,083761,Briones; Jor-el Thomas Caparas,8,0,35,27
1656750980731,MATH 20C,A03,093476,Briones; Jor-el Thomas Caparas,0,1,36,36
1656750980731,MATH 20C,B01,083762,Bach; Quang Tran,0,0,30,30
1656750986755,MATH 20D,A01,083765,Tran; Brian Kha,4,0,30,26
1656750986755,MATH 20D,A02,083766,Tran; Brian Kha,4,0,30,26
1656750986755,MATH 20D,A03,083767,Tran; Brian Kha,2,0,30,28
1656750992783,MATH 20E,A01,083771,Ganguly; Soumya,5,0,32,27
1656750992783,MATH 20E,A02,083772,Ganguly; Soumya,5,0,32,27
1656750992783,MATH 20E,B01,083773,Ciotti; Benjamin,18,0,35,17
1656750992783,MATH 20E,B02,083774,Ciotti; Benjamin,17,0,35,18
1656750998815,MATH 103A,A01,083777,Greenfeld; Be'Eri,2,0,36,34
1656750998815,MATH 103A,A02,083778,Greenfeld; Be'Eri,5,0,36,31
1656750998815,MATH 103A,A03,093561,Greenfeld; Be'Eri,4,0,36,32
1656750998815,MATH 103A,B01,083779,Greenfeld; Be'Eri,6,0,36,30
1656750998815,MATH 103A,B02,083780,Greenfeld; Be'Eri,2,0,36,34
1656750998815,MATH 103A,B03,093562,Greenfeld; Be'Eri,2,0,36,34
1656751004845,MATH 105,A01,085443,Carter; Anne Toulson,13,0,35,22
1656751004845,MATH 105,A02,093477,Carter; Anne Toulson,20,0,35,15
1656751010871,MATH 109,A01,083213,Ganzberger; Geoffrey Michael,2,0,34,32
1656751010871,MATH 109,A02,083214,Ganzberger; Geoffrey Michael,2,0,34,32
1656751010871,MATH 109,A03,093478,Ganzberger; Geoffrey Michael,1,0,34,33
1656751010871,MATH 109,B01,083215,Ganzberger; Geoffrey Michael,1,0,32,31
1656751010871,MATH 109,B02,083216,Ganzberger; Geoffrey Michael,1,0,32,31
1656751010871,MATH 109,B03,093479,Ganzberger; Geoffrey Michael,6,0,32,26
1656751016894,MATH 142A,A01,083219,Chow; Bennett,6,0,32,26
1656751016894,MATH 142A,A02,083220,Chow; Bennett,9,0,32,23
1656751016894,MATH 142A,A03,093480,Chow; Bennett,7,0,32,25
1656751016894,MATH 142A,B03,093481,Chow; Bennett,7,0,32,25
1656751016894,MATH 142A,B04,093558,Chow; Bennett,10,0,32,22
1656751016894,MATH 142A,B05,093559,Chow; Bennett,6,0,32,26
1656751022923,MATH 193A,A01,083224,Rotar; Vladimir,6,0,34,28
1656751022923,MATH 193A,A02,083225,Rotar; Vladimir,3,0,34,31
1656751022923,MATH 193A,A03,083781,Rotar; Vladimir,1,0,34,33
1656751022923,MATH 193A,A04,083782,Rotar; Vladimir,6,0,34,28
1656751022923,MATH 193A,A05,093482,Rotar; Vladimir,6,0,34,28
1656751029112,MATH 197,001,091859,McAuley; Julian John,9999,0,9999,0
1656751029112,MATH 197,002,095566,Kedlaya; Kiran S.,9997,0,9999,2
1656751029112,MATH 197,003,095567,Xiao; Ming,9999,0,9999,0
1656751029112,MATH 197,004,095571,Perols; Johan Lars,9998,0,9999,1
1656751036630,COGS 9,A01,083615,Shannon; Kyle Michael,6,0,75,69
1656751042936,COGS 11,A01,083617,Boyle; Mary E. T.,18,0,48,30
1656751049261,COGS 13,A01,083071,Bastos; Amalia Pinkusfeld,8,0,71,63
1656751055794,COGS 14A,A01,092681,Semenuks; Arturs,0,1,100,100
1656751062085,COGS 14B,A01,083073,Cheng; Tzu-Han,5,0,63,58
1656751068722,COGS 17,A01,092677,Semenuks; Arturs,4,0,81,77
1656751075656,COGS 100,A01,083619,Allen; Michael Gordon,15,0,70,55
1656751081900,COGS 101A,A01,083621,Davis; Joshua Daniel,9,0,68,59
1656751088288,COGS 101B,A01,091572,Allen; Michael Gordon,8,0,65,57
1656751094535,COGS 101C,A01,083625,Delgado; Tania,17,0,35,18
1656751100901,COGS 107A,A01,083627,Boyle; Mary E. T.,13,0,60,47
1656751107052,COGS 118A,A01,083075,Gupta; Anjum,15,0,76,61
1656751113509,CSE 3,A50,083646,Miranda; Gregory Joseph,22,0,50,28
1656751119695,CSE 8A,A50,083650,Miranda; Gregory Joseph,17,1,56,39
1656751126174,CSE 11,A01,083080,Cao; Yingjun,4,15,40,36
1656751132438,CSE 12,A01,083652,Krause-Levy; Sophia Louisa,20,1,120,100
1656751138644,CSE 15L,A01,083654,Morris; Justin Loren,8,0,50,42
1656751138644,CSE 15L,A02,083655,Morris; Justin Loren,8,0,50,42
1656751144988,CSE 20,A01,083657,Tran; Khoa Dang,37,0,80,43
1656751151230,CSE 21,A01,095574,Bach; Quang Tran,21,0,48,27
1656751157917,CSE 30,A01,083084,Eldon; John,4,0,80,76
1656751157917,CSE 30,B01,095061,Bhaskar; Nishant,5,0,50,45
1656751164339,CSE 100,A01,083659,Cao; Yingjun,1,4,70,69
1656751170978,CSE 134B,A01,083661,Powell; Thomas Allan,18,0,100,82
1656751177509,CSE 140,A01,083663,Gungor; Onat,14,0,85,71
1656751184186,CSE 140L,A01,083088,Eldon; John,16,0,100,84
1656751190345,CSE 175,A01,083665,Kumar; Rakesh,3,0,25,22
1656751196664,CSE 190,A00,092507,Dubnov; Shlomo,7,0,20,13
1656751202999,ECE 45,A01,083139,Congero; Spencer William,5,0,75,70
1656751209735,ECE 65,A50,083695,Saad; Andrew S,12,0,30,18
1656751209735,ECE 65,A51,095125,Saad; Andrew S,25,0,26,1
1656751216270,ECE 109,A01,091882,Touri; Behrouz,15,0,70,55
1656751222640,ECE 180,A00,083140,Abi Samra; Nicholas Camill,0,0,30,30
1656751222640,ECE 180,B00,083141,Abi Samra; Nicholas Camill,0,0,30,30
1656751229192,MATH 10A,A01,083735,Patchell; Gregory David,1,0,30,29
1656751229192,MATH 10A,A02,083736,Patchell; Gregory David,20,0,30,10
1656751229192,MATH 10A,A03,083737,Patchell; Gregory David,15,0,30,15
1656751235584,MATH 10B,A01,083207,Lim; Seonhee,7,0,34,27
1656751235584,MATH 10B,A02,083208,Lim; Seonhee,9,0,35,26
1656751235584,MATH 10B,A03,093472,Lim; Seonhee,4,0,34,30
1656751235584,MATH 10B,B01,083739,Sinha; Shubham,9,0,30,21
1656751242081,MATH 18,A01,083743,Cinel; Cameron Alexander,6,0,30,24
1656751242081,MATH 18,A02,083744,Cinel; Cameron Alexander,15,0,30,15
1656751242081,MATH 18,A03,083745,Cinel; Cameron Alexander,8,0,30,22
1656751242081,MATH 18,B01,083748,Rideout; David Porter,3,0,37,34
1656751242081,MATH 18,B02,083749,Rideout; David Porter,3,0,36,33
1656751242081,MATH 18,B03,083750,Rideout; David Porter,1,0,37,36
1656751242081,MATH 18,B04,083751,Rideout; David Porter,5,0,36,31
1656751242081,MATH 18,B05,093473,Rideout; David Porter,4,0,36,32
1656751242081,MATH 18,B06,093474,Rideout; David Porter,5,0,36,31
1656751248636,MATH 20A,A01,083754,Zheng; Zequn,12,0,40,28
1656751255337,MATH 20B,A01,083756,Briones; Jor-el Thomas Caparas,1,0,36,35
1656751255337,MATH 20B,A02,083757,Briones; Jor-el Thomas Caparas,1,0,36,35
1656751255337,MATH 20B,A03,093475,Briones; Jor-el Thomas Caparas,0,0,36,36
1656751262097,MATH 20C,A01,083760,Briones; Jor-el Thomas Caparas,1,0,35,34
1656751262097,MATH 20C,A02,083761,Briones; Jor-el Thomas Caparas,8,0,35,27
1656751262097,MATH 20C,A03,093476,Briones; Jor-el Thomas Caparas,0,1,36,36
1656751262097,MATH 20C,B01,083762,Bach; Quang Tran,0,0,30,30
1656751268403,MATH 20D,A01,083765,Tran; Brian Kha,4,0,30,26
1656751268403,MATH 20D,A02,083766,Tran; Brian Kha,4,0,30,26
1656751268403,MATH 20D,A03,083767,Tran; Brian Kha,2,0,30,28
1656751274728,MATH 20E,A01,083771,Ganguly; Soumya,5,0,32,27
1656751274728,MATH 20E,A02,083772,Ganguly; Soumya,5,0,32,27
1656751274728,MATH 20E,B01,083773,Ciotti; Benjamin,18,0,35,17
1656751274728,MATH 20E,B02,083774,Ciotti; Benjamin,17,0,35,18
1656751281262,MATH 103A,A01,083777,Greenfeld; Be'Eri,2,0,36,34
1656751281262,MATH 103A,A02,083778,Greenfeld; Be'Eri,5,0,36,31
1656751281262,MATH 103A,A03,093561,Greenfeld; Be'Eri,4,0,36,32
1656751281262,MATH 103A,B01,083779,Greenfeld; Be'Eri,6,0,36,30
1656751281262,MATH 103A,B02,083780,Greenfeld; Be'Eri,2,0,36,34
1656751281262,MATH 103A,B03,093562,Greenfeld; Be'Eri,2,0,36,34
1656751287833,MATH 105,A01,085443,Carter; Anne Toulson,13,0,35,22
1656751287833,MATH 105,A02,093477,Carter; Anne Toulson,20,0,35,15
1656751294453,MATH 109,A01,083213,Ganzberger; Geoffrey Michael,2,0,34,32
1656751294453,MATH 109,A02,083214,Ganzberger; Geoffrey Michael,2,0,34,32
1656751294453,MATH 109,A03,093478,Ganzberger; Geoffrey Michael,1,0,34,33
1656751294453,MATH 109,B01,083215,Ganzberger; Geoffrey Michael,1,0,32,31
1656751294453,MATH 109,B02,083216,Ganzberger; Geoffrey Michael,1,0,32,31
1656751294453,MATH 109,B03,093479,Ganzberger; Geoffrey Michael,6,0,32,26
1656751300711,MATH 142A,A01,083219,Chow; Bennett,6,0,32,26
1656751300711,MATH 142A,A02,083220,Chow; Bennett,9,0,32,23
1656751300711,MATH 142A,A03,093480,Chow; Bennett,7,0,32,25
1656751300711,MATH 142A,B03,093481,Chow; Bennett,7,0,32,25
1656751300711,MATH 142A,B04,093558,Chow; Bennett,10,0,32,22
1656751300711,MATH 142A,B05,093559,Chow; Bennett,6,0,32,26
1656751307308,MATH 193A,A01,083224,Rotar; Vladimir,6,0,34,28
1656751307308,MATH 193A,A02,083225,Rotar; Vladimir,3,0,34,31
1656751307308,MATH 193A,A03,083781,Rotar; Vladimir,1,0,34,33
1656751307308,MATH 193A,A04,083782,Rotar; Vladimir,6,0,34,28
1656751307308,MATH 193A,A05,093482,Rotar; Vladimir,6,0,34,28
1656751313952,MATH 197,001,091859,McAuley; Julian John,9999,0,9999,0
1656751313952,MATH 197,002,095566,Kedlaya; Kiran S.,9997,0,9999,2
1656751313952,MATH 197,003,095567,Xiao; Ming,9999,0,9999,0
1656751313952,MATH 197,004,095571,Perols; Johan Lars,9998,0,9999,1
1656751321656,COGS 9,A01,083615,Shannon; Kyle Michael,6,0,75,69
1656751328229,COGS 11,A01,083617,Boyle; Mary E. T.,18,0,48,30
1656751334611,COGS 13,A01,083071,Bastos; Amalia Pinkusfeld,8,0,71,63
1656751341031,COGS 14A,A01,092681,Semenuks; Arturs,0,1,100,100
1656751347701,COGS 14B,A01,083073,Cheng; Tzu-Han,5,0,63,58
1656751354893,COGS 17,A01,092677,Semenuks; Arturs,4,0,81,77
1656751361734,COGS 100,A01,083619,Allen; Michael Gordon,15,0,70,55
1656751368404,COGS 101A,A01,083621,Davis; Joshua Daniel,9,0,68,59
1656751375121,COGS 101B,A01,091572,Allen; Michael Gordon,8,0,65,57
1656751381290,COGS 101C,A01,083625,Delgado; Tania,17,0,35,18
1656751387476,COGS 107A,A01,083627,Boyle; Mary E. T.,13,0,60,47
1656751393939,COGS 118A,A01,083075,Gupta; Anjum,15,0,76,61
1656751400395,CSE 3,A50,083646,Miranda; Gregory Joseph,22,0,50,28
1656751406996,CSE 8A,A50,083650,Miranda; Gregory Joseph,17,1,56,39
1656751413708,CSE 11,A01,083080,Cao; Yingjun,4,15,40,36
1656751420341,CSE 12,A01,083652,Krause-Levy; Sophia Louisa,20,1,120,100
1656751427010,CSE 15L,A01,083654,Morris; Justin Loren,8,0,50,42
1656751427010,CSE 15L,A02,083655,Morris; Justin Loren,8,0,50,42
1656751433816,CSE 20,A01,083657,Tran; Khoa Dang,37,0,80,43
1656751440466,CSE 21,A01,095574,Bach; Quang Tran,21,0,48,27
1656751446947,CSE 30,A01,083084,Eldon; John,4,0,80,76
1656751446947,CSE 30,B01,095061,Bhaskar; Nishant,5,0,50,45
1656751454241,CSE 100,A01,083659,Cao; Yingjun,1,4,70,69
1656751460702,CSE 134B,A01,083661,Powell; Thomas Allan,18,0,100,82
1656751466924,CSE 140,A01,083663,Gungor; Onat,14,0,85,71
1656751473275,CSE 140L,A01,083088,Eldon; John,16,0,100,84
1656751479868,CSE 175,A01,083665,Kumar; Rakesh,3,0,25,22
1656751486439,CSE 190,A00,092507,Dubnov; Shlomo,7,0,20,13
1656751492918,ECE 45,A01,083139,Congero; Spencer William,5,0,75,70
1656751499559,ECE 65,A50,083695,Saad; Andrew S,12,0,30,18
1656751499559,ECE 65,A51,095125,Saad; Andrew S,25,0,26,1
1656751506105,ECE 109,A01,091882,Touri; Behrouz,15,0,70,55
1656751512754,ECE 180,A00,083140,Abi Samra; Nicholas Camill,0,0,30,30
1656751512754,ECE 180,B00,083141,Abi Samra; Nicholas Camill,0,0,30,30
1656751518977,MATH 10A,A01,083735,Patchell; Gregory David,1,0,30,29
1656751518977,MATH 10A,A02,083736,Patchell; Gregory David,20,0,30,10
1656751518977,MATH 10A,A03,083737,Patchell; Gregory David,15,0,30,15
1656751525370,MATH 10B,A01,083207,Lim; Seonhee,7,0,34,27
1656751525370,MATH 10B,A02,083208,Lim; Seonhee,9,0,35,26
1656751525370,MATH 10B,A03,093472,Lim; Seonhee,4,0,34,30
1656751525370,MATH 10B,B01,083739,Sinha; Shubham,9,0,30,21
1656751531724,MATH 18,A01,083743,Cinel; Cameron Alexander,6,0,30,24
1656751531724,MATH 18,A02,083744,Cinel; Cameron Alexander,15,0,30,15
1656751531724,MATH 18,A03,083745,Cinel; Cameron Alexander,8,0,30,22
1656751531724,MATH 18,B01,083748,Rideout; David Porter,3,0,37,34
1656751531724,MATH 18,B02,083749,Rideout; David Porter,3,0,36,33
1656751531724,MATH 18,B03,083750,Rideout; David Porter,1,0,37,36
1656751531724,MATH 18,B04,083751,Rideout; David Porter,5,0,36,31
1656751531724,MATH 18,B05,093473,Rideout; David Porter,4,0,36,32
1656751531724,MATH 18,B06,093474,Rideout; David Porter,5,0,36,31
1656751537879,MATH 20A,A01,083754,Zheng; Zequn,12,0,40,28
1656751544725,MATH 20B,A01,083756,Briones; Jor-el Thomas Caparas,1,0,36,35
1656751544725,MATH 20B,A02,083757,Briones; Jor-el Thomas Caparas,1,0,36,35
1656751544725,MATH 20B,A03,093475,Briones; Jor-el Thomas Caparas,0,0,36,36
1656751552051,MATH 20C,A01,083760,Briones; Jor-el Thomas Caparas,1,0,35,34
1656751552051,MATH 20C,A02,083761,Briones; Jor-el Thomas Caparas,8,0,35,27
1656751552051,MATH 20C,A03,093476,Briones; Jor-el Thomas Caparas,0,1,36,36
1656751552051,MATH 20C,B01,083762,Bach; Quang Tran,0,0,30,30
1656751558725,MATH 20D,A01,083765,Tran; Brian Kha,4,0,30,26
1656751558725,MATH 20D,A02,083766,Tran; Brian Kha,4,0,30,26
1656751558725,MATH 20D,A03,083767,Tran; Brian Kha,2,0,30,28
1656751565329,MATH 20E,A01,083771,Ganguly; Soumya,5,0,32,27
1656751565329,MATH 20E,A02,083772,Ganguly; Soumya,5,0,32,27
1656751565329,MATH 20E,B01,083773,Ciotti; Benjamin,18,0,35,17
1656751565329,MATH 20E,B02,083774,Ciotti; Benjamin,17,0,35,18
1656751571846,MATH 103A,A01,083777,Greenfeld; Be'Eri,2,0,36,34
1656751571846,MATH 103A,A02,083778,Greenfeld; Be'Eri,5,0,36,31
1656751571846,MATH 103A,A03,093561,Greenfeld; Be'Eri,4,0,36,32
1656751571846,MATH 103A,B01,083779,Greenfeld; Be'Eri,6,0,36,30
1656751571846,MATH 103A,B02,083780,Greenfeld; Be'Eri,2,0,36,34
1656751571846,MATH 103A,B03,093562,Greenfeld; Be'Eri,2,0,36,34
1656751578229,MATH 105,A01,085443,Carter; Anne Toulson,13,0,35,22
1656751578229,MATH 105,A02,093477,Carter; Anne Toulson,20,0,35,15
1656751584695,MATH 109,A01,083213,Ganzberger; Geoffrey Michael,2,0,34,32
1656751584695,MATH 109,A02,083214,Ganzberger; Geoffrey Michael,2,0,34,32
1656751584695,MATH 109,A03,093478,Ganzberger; Geoffrey Michael,1,0,34,33
1656751584695,MATH 109,B01,083215,Ganzberger; Geoffrey Michael,1,0,32,31
1656751584695,MATH 109,B02,083216,Ganzberger; Geoffrey Michael,1,0,32,31
1656751584695,MATH 109,B03,093479,Ganzberger; Geoffrey Michael,6,0,32,26
1656751591516,MATH 142A,A01,083219,Chow; Bennett,6,0,32,26
1656751591516,MATH 142A,A02,083220,Chow; Bennett,9,0,32,23
1656751591516,MATH 142A,A03,093480,Chow; Bennett,7,0,32,25
1656751591516,MATH 142A,B03,093481,Chow; Bennett,7,0,32,25
1656751591516,MATH 142A,B04,093558,Chow; Bennett,10,0,32,22
1656751591516,MATH 142A,B05,093559,Chow; Bennett,6,0,32,26
1656751597916,MATH 193A,A01,083224,Rotar; Vladimir,6,0,34,28
1656751597916,MATH 193A,A02,083225,Rotar; Vladimir,3,0,34,31
1656751597916,MATH 193A,A03,083781,Rotar; Vladimir,1,0,34,33
1656751597916,MATH 193A,A04,083782,Rotar; Vladimir,6,0,34,28
1656751597916,MATH 193A,A05,093482,Rotar; Vladimir,6,0,34,28
1656751604598,MATH 197,001,091859,McAuley; Julian John,9999,0,9999,0
1656751604598,MATH 197,002,095566,Kedlaya; Kiran S.,9997,0,9999,2
1656751604598,MATH 197,003,095567,Xiao; Ming,9999,0,9999,0
1656751604598,MATH 197,004,095571,Perols; Johan Lars,9998,0,9999,1
1656751613672,COGS 9,A01,083615,Shannon; Kyle Michael,6,0,75,69
1656751620126,COGS 11,A01,083617,Boyle; Mary E. T.,18,0,48,30
1656751627456,COGS 13,A01,083071,Bastos; Amalia Pinkusfeld,8,0,71,63
1656751633899,COGS 14A,A01,092681,Semenuks; Arturs,0,1,100,100
1656751640296,COGS 14B,A01,083073,Cheng; Tzu-Han,5,0,63,58
1656751646742,COGS 17,A01,092677,Semenuks; Arturs,4,0,81,77
1656751653203,COGS 100,A01,083619,Allen; Michael Gordon,15,0,70,55
1656751660120,COGS 101A,A01,083621,Davis; Joshua Daniel,9,0,68,59
1656751666831,COGS 101B,A01,091572,Allen; Michael Gordon,8,0,65,57
1656751673827,COGS 101C,A01,083625,Delgado; Tania,17,0,35,18
1656751680184,COGS 107A,A01,083627,Boyle; Mary E. T.,13,0,60,47
1656751686873,COGS 118A,A01,083075,Gupta; Anjum,15,0,76,61
1656751693384,CSE 3,A50,083646,Miranda; Gregory Joseph,22,0,50,28
1656751700094,CSE 8A,A50,083650,Miranda; Gregory Joseph,17,1,56,39
1656751706715,CSE 11,A01,083080,Cao; Yingjun,4,15,40,36
1656751713027,CSE 12,A01,083652,Krause-Levy; Sophia Louisa,20,1,120,100
1656751719288,CSE 15L,A01,083654,Morris; Justin Loren,8,0,50,42
1656751719288,CSE 15L,A02,083655,Morris; Justin Loren,8,0,50,42
1656751726370,CSE 20,A01,083657,Tran; Khoa Dang,37,0,80,43
1656751733247,CSE 21,A01,095574,Bach; Quang Tran,21,0,48,27
1656751740070,CSE 30,A01,083084,Eldon; John,4,0,80,76
1656751740070,CSE 30,B01,095061,Bhaskar; Nishant,5,0,50,45
1656751746713,CSE 100,A01,083659,Cao; Yingjun,1,4,70,69
1656751753693,CSE 134B,A01,083661,Powell; Thomas Allan,18,0,100,82
1656751759994,CSE 140,A01,083663,Gungor; Onat,14,0,85,71
1656751766388,CSE 140L,A01,083088,Eldon; John,16,0,100,84
1656751772978,CSE 175,A01,083665,Kumar; Rakesh,3,0,25,22
1656751779726,CSE 190,A00,092507,Dubnov; Shlomo,7,0,20,13
1656751786469,ECE 45,A01,083139,Congero; Spencer William,5,0,75,70
1656751792807,ECE 65,A50,083695,Saad; Andrew S,12,0,30,18
1656751792807,ECE 65,A51,095125,Saad; Andrew S,25,0,26,1
1656751799281,ECE 109,A01,091882,Touri; Behrouz,15,0,70,55
1656751805839,ECE 180,A00,083140,Abi Samra; Nicholas Camill,0,0,30,30
1656751805839,ECE 180,B00,083141,Abi Samra; Nicholas Camill,0,0,30,30
1656751812696,MATH 10A,A01,083735,Patchell; Gregory David,1,0,30,29
1656751812696,MATH 10A,A02,083736,Patchell; Gregory David,20,0,30,10
1656751812696,MATH 10A,A03,083737,Patchell; Gregory David,15,0,30,15
1656751819306,MATH 10B,A01,083207,Lim; Seonhee,7,0,34,27
1656751819306,MATH 10B,A02,083208,Lim; Seonhee,9,0,35,26
1656751819306,MATH 10B,A03,093472,Lim; Seonhee,4,0,34,30
1656751819306,MATH 10B,B01,083739,Sinha; Shubham,9,0,30,21
1656751825973,MATH 18,A01,083743,Cinel; Cameron Alexander,6,0,30,24
1656751825973,MATH 18,A02,083744,Cinel; Cameron Alexander,15,0,30,15
1656751825973,MATH 18,A03,083745,Cinel; Cameron Alexander,8,0,30,22
1656751825973,MATH 18,B01,083748,Rideout; David Porter,3,0,37,34
1656751825973,MATH 18,B02,083749,Rideout; David Porter,3,0,36,33
1656751825973,MATH 18,B03,083750,Rideout; David Porter,1,0,37,36
1656751825973,MATH 18,B04,083751,Rideout; David Porter,5,0,36,31
1656751825973,MATH 18,B05,093473,Rideout; David Porter,4,0,36,32
1656751825973,MATH 18,B06,093474,Rideout; David Porter,5,0,36,31
1656751832245,MATH 20A,A01,083754,Zheng; Zequn,12,0,40,28
1656751838691,MATH 20B,A01,083756,Briones; Jor-el Thomas Caparas,1,0,36,35
1656751838691,MATH 20B,A02,083757,Briones; Jor-el Thomas Caparas,1,0,36,35
1656751838691,MATH 20B,A03,093475,Briones; Jor-el Thomas Caparas,0,0,36,36
1656751845501,MATH 20C,A01,083760,Briones; Jor-el Thomas Caparas,1,0,35,34
1656751845501,MATH 20C,A02,083761,Briones; Jor-el Thomas Caparas,8,0,35,27
1656751845501,MATH 20C,A03,093476,Briones; Jor-el Thomas Caparas,0,1,36,36
1656751845501,MATH 20C,B01,083762,Bach; Quang Tran,0,0,30,30
1656751851878,MATH 20D,A01,083765,Tran; Brian Kha,4,0,30,26
1656751851878,MATH 20D,A02,083766,Tran; Brian Kha,4,0,30,26
1656751851878,MATH 20D,A03,083767,Tran; Brian Kha,2,0,30,28
1656751858337,MATH 20E,A01,083771,Ganguly; Soumya,5,0,32,27
1656751858337,MATH 20E,A02,083772,Ganguly; Soumya,5,0,32,27
1656751858337,MATH 20E,B01,083773,Ciotti; Benjamin,18,0,35,17
1656751858337,MATH 20E,B02,083774,Ciotti; Benjamin,17,0,35,18
1656751865059,MATH 103A,A01,083777,Greenfeld; Be'Eri,2,0,36,34
1656751865059,MATH 103A,A02,083778,Greenfeld; Be'Eri,5,0,36,31
1656751865059,MATH 103A,A03,093561,Greenfeld; Be'Eri,4,0,36,32
1656751865059,MATH 103A,B01,083779,Greenfeld; Be'Eri,6,0,36,30
1656751865059,MATH 103A,B02,083780,Greenfeld; Be'Eri,2,0,36,34
1656751865059,MATH 103A,B03,093562,Greenfeld; Be'Eri,2,0,36,34
1656751871820,MATH 105,A01,085443,Carter; Anne Toulson,13,0,35,22
1656751871820,MATH 105,A02,093477,Carter; Anne Toulson,20,0,35,15
1656751878273,MATH 109,A01,083213,Ganzberger; Geoffrey Michael,2,0,34,32
1656751878273,MATH 109,A02,083214,Ganzberger; Geoffrey Michael,2,0,34,32
1656751878273,MATH 109,A03,093478,Ganzberger; Geoffrey Michael,1,0,34,33
1656751878273,MATH 109,B01,083215,Ganzberger; Geoffrey Michael,1,0,32,31
1656751878273,MATH 109,B02,083216,Ganzberger; Geoffrey Michael,1,0,32,31
1656751878273,MATH 109,B03,093479,Ganzberger; Geoffrey Michael,6,0,32,26
1656751884863,MATH 142A,A01,083219,Chow; Bennett,6,0,32,26
1656751884863,MATH 142A,A02,083220,Chow; Bennett,9,0,32,23
1656751884863,MATH 142A,A03,093480,Chow; Bennett,7,0,32,25
1656751884863,MATH 142A,B03,093481,Chow; Bennett,7,0,32,25
1656751884863,MATH 142A,B04,093558,Chow; Bennett,10,0,32,22
1656751884863,MATH 142A,B05,093559,Chow; Bennett,6,0,32,26
1656751891451,MATH 193A,A01,083224,Rotar; Vladimir,6,0,34,28
1656751891451,MATH 193A,A02,083225,Rotar; Vladimir,3,0,34,31
1656751891451,MATH 193A,A03,083781,Rotar; Vladimir,1,0,34,33
1656751891451,MATH 193A,A04,083782,Rotar; Vladimir,6,0,34,28
1656751891451,MATH 193A,A05,093482,Rotar; Vladimir,6,0,34,28
1656751898321,MATH 197,001,091859,McAuley; Julian John,9999,0,9999,0
1656751898321,MATH 197,002,095566,Kedlaya; Kiran S.,9997,0,9999,2
1656751898321,MATH 197,003,095567,Xiao; Ming,9999,0,9999,0
1656751898321,MATH 197,004,095571,Perols; Johan Lars,9998,0,9999,1
1656751906513,COGS 9,A01,083615,Shannon; Kyle Michael,6,0,75,69
1656751912680,COGS 11,A01,083617,Boyle; Mary E. T.,18,0,48,30
1656751919274,COGS 13,A01,083071,Bastos; Amalia Pinkusfeld,8,0,71,63
1656751925931,COGS 14A,A01,092681,Semenuks; Arturs,0,1,100,100
1656751932695,COGS 14B,A01,083073,Cheng; Tzu-Han,5,0,63,58
1656751939430,COGS 17,A01,092677,Semenuks; Arturs,4,0,81,77
1656751946214,COGS 100,A01,083619,Allen; Michael Gordon,15,0,70,55
1656751952700,COGS 101A,A01,083621,Davis; Joshua Daniel,9,0,68,59
1656751960113,COGS 101B,A01,091572,Allen; Michael Gordon,8,0,65,57
1656751966713,COGS 101C,A01,083625,Delgado; Tania,17,0,35,18
1656751973113,COGS 107A,A01,083627,Boyle; Mary E. T.,13,0,60,47
1656751980229,COGS 118A,A01,083075,Gupta; Anjum,15,0,76,61
1656751986956,CSE 3,A50,083646,Miranda; Gregory Joseph,22,0,50,28
1656751993548,CSE 8A,A50,083650,Miranda; Gregory Joseph,17,1,56,39
1656752000211,CSE 11,A01,083080,Cao; Yingjun,4,15,40,36
1656752006997,CSE 12,A01,083652,Krause-Levy; Sophia Louisa,20,1,120,100
1656752013446,CSE 15L,A01,083654,Morris; Justin Loren,8,0,50,42
1656752013446,CSE 15L,A02,083655,Morris; Justin Loren,8,0,50,42
1656752020556,CSE 20,A01,083657,Tran; Khoa Dang,37,0,80,43
1656752027021,CSE 21,A01,095574,Bach; Quang Tran,21,0,48,27
1656752033799,CSE 30,A01,083084,Eldon; John,4,0,80,76
1656752033799,CSE 30,B01,095061,Bhaskar; Nishant,5,0,50,45
1656752040711,CSE 100,A01,083659,Cao; Yingjun,1,4,70,69
1656752047304,CSE 134B,A01,083661,Powell; Thomas Allan,18,0,100,82
1656752054065,CSE 140,A01,083663,Gungor; Onat,14,0,85,71
1656752060730,CSE 140L,A01,083088,Eldon; John,16,0,100,84
1656752067064,CSE 175,A01,083665,Kumar; Rakesh,3,0,25,22
1656752073592,CSE 190,A00,092507,Dubnov; Shlomo,7,0,20,13
1656752080008,ECE 45,A01,083139,Congero; Spencer William,5,0,75,70
1656752086516,ECE 65,A50,083695,Saad; Andrew S,12,0,30,18
1656752086516,ECE 65,A51,095125,Saad; Andrew S,25,0,26,1
1656752093765,ECE 109,A01,091882,Touri; Behrouz,15,0,70,55
1656752100093,ECE 180,A00,083140,Abi Samra; Nicholas Camill,0,0,30,30
1656752100093,ECE 180,B00,083141,Abi Samra; Nicholas Camill,0,0,30,30
1656752107195,MATH 10A,A01,083735,Patchell; Gregory David,1,0,30,29
1656752107195,MATH 10A,A02,083736,Patchell; Gregory David,20,0,30,10
1656752107195,MATH 10A,A03,083737,Patchell; Gregory David,15,0,30,15
1656752118612,MATH 10B,A01,083207,Lim; Seonhee,7,0,34,27
1656752118612,MATH 10B,A02,083208,Lim; Seonhee,9,0,35,26
1656752118612,MATH 10B,A03,093472,Lim; Seonhee,4,0,34,30
1656752118612,MATH 10B,B01,083739,Sinha; Shubham,9,0,30,21
1656752125406,MATH 18,A01,083743,Cinel; Cameron Alexander,6,0,30,24
1656752125406,MATH 18,A02,083744,Cinel; Cameron Alexander,15,0,30,15
1656752125406,MATH 18,A03,083745,Cinel; Cameron Alexander,8,0,30,22
1656752125406,MATH 18,B01,083748,Rideout; David Porter,3,0,37,34
1656752125406,MATH 18,B02,083749,Rideout; David Porter,3,0,36,33
1656752125406,MATH 18,B03,083750,Rideout; David Porter,1,0,37,36
1656752125406,MATH 18,B04,083751,Rideout; David Porter,5,0,36,31
1656752125406,MATH 18,B05,093473,Rideout; David Porter,4,0,36,32
1656752125406,MATH 18,B06,093474,Rideout; David Porter,5,0,36,31
1656752131926,MATH 20A,A01,083754,Zheng; Zequn,12,0,40,28
1656752138482,MATH 20B,A01,083756,Briones; Jor-el Thomas Caparas,1,0,36,35
1656752138482,MATH 20B,A02,083757,Briones; Jor-el Thomas Caparas,1,0,36,35
1656752138482,MATH 20B,A03,093475,Briones; Jor-el Thomas Caparas,0,0,36,36
1656752145442,MATH 20C,A01,083760,Briones; Jor-el Thomas Caparas,1,0,35,34
1656752145442,MATH 20C,A02,083761,Briones; Jor-el Thomas Caparas,8,0,35,27
1656752145442,MATH 20C,A03,093476,Briones; Jor-el Thomas Caparas,0,1,36,36
1656752145442,MATH 20C,B01,083762,Bach; Quang Tran,0,0,30,30
1656752152166,MATH 20D,A01,083765,Tran; Brian Kha,4,0,30,26
1656752152166,MATH 20D,A02,083766,Tran; Brian Kha,4,0,30,26
1656752152166,MATH 20D,A03,083767,Tran; Brian Kha,2,0,30,28
1656752159679,MATH 20E,A01,083771,Ganguly; Soumya,5,0,32,27
1656752159679,MATH 20E,A02,083772,Ganguly; Soumya,5,0,32,27
1656752159679,MATH 20E,B01,083773,Ciotti; Benjamin,18,0,35,17
1656752159679,MATH 20E,B02,083774,Ciotti; Benjamin,17,0,35,18
1656752166325,MATH 103A,A01,083777,Greenfeld; Be'Eri,2,0,36,34
1656752166325,MATH 103A,A02,083778,Greenfeld; Be'Eri,5,0,36,31
1656752166325,MATH 103A,A03,093561,Greenfeld; Be'Eri,4,0,36,32
1656752166325,MATH 103A,B01,083779,Greenfeld; Be'Eri,6,0,36,30
1656752166325,MATH 103A,B02,083780,Greenfeld; Be'Eri,2,0,36,34
1656752166325,MATH 103A,B03,093562,Greenfeld; Be'Eri,2,0,36,34
1656752173282,MATH 105,A01,085443,Carter; Anne Toulson,13,0,35,22
1656752173282,MATH 105,A02,093477,Carter; Anne Toulson,20,0,35,15
1656752180183,MATH 109,A01,083213,Ganzberger; Geoffrey Michael,2,0,34,32
1656752180183,MATH 109,A02,083214,Ganzberger; Geoffrey Michael,2,0,34,32
1656752180183,MATH 109,A03,093478,Ganzberger; Geoffrey Michael,1,0,34,33
1656752180183,MATH 109,B01,083215,Ganzberger; Geoffrey Michael,1,0,32,31
1656752180183,MATH 109,B02,083216,Ganzberger; Geoffrey Michael,1,0,32,31
1656752180183,MATH 109,B03,093479,Ganzberger; Geoffrey Michael,6,0,32,26
1656752187143,MATH 142A,A01,083219,Chow; Bennett,6,0,32,26
1656752187143,MATH 142A,A02,083220,Chow; Bennett,9,0,32,23
1656752187143,MATH 142A,A03,093480,Chow; Bennett,7,0,32,25
1656752187143,MATH 142A,B03,093481,Chow; Bennett,7,0,32,25
1656752187143,MATH 142A,B04,093558,Chow; Bennett,10,0,32,22
1656752187143,MATH 142A,B05,093559,Chow; Bennett,6,0,32,26
1656752193538,MATH 193A,A01,083224,Rotar; Vladimir,6,0,34,28
1656752193538,MATH 193A,A02,083225,Rotar; Vladimir,3,0,34,31
1656752193538,MATH 193A,A03,083781,Rotar; Vladimir,1,0,34,33
1656752193538,MATH 193A,A04,083782,Rotar; Vladimir,6,0,34,28
1656752193538,MATH 193A,A05,093482,Rotar; Vladimir,6,0,34,28
1656752200272,MATH 197,001,091859,McAuley; Julian John,9999,0,9999,0
1656752200272,MATH 197,002,095566,Kedlaya; Kiran S.,9997,0,9999,2
1656752200272,MATH 197,003,095567,Xiao; Ming,9999,0,9999,0
1656752200272,MATH 197,004,095571,Perols; Johan Lars,9998,0,9999,1
1656752209413,COGS 9,A01,083615,Shannon; Kyle Michael,6,0,75,69
1656752215956,COGS 11,A01,083617,Boyle; Mary E. T.,18,0,48,30
1656752222519,COGS 13,A01,083071,Bastos; Amalia Pinkusfeld,8,0,71,63
1656752229473,COGS 14A,A01,092681,Semenuks; Arturs,0,1,100,100
1656752236025,COGS 14B,A01,083073,Cheng; Tzu-Han,5,0,63,58
1656752242711,COGS 17,A01,092677,Semenuks; Arturs,4,0,81,77
1656752249304,COGS 100,A01,083619,Allen; Michael Gordon,15,0,70,55
1656752255964,COGS 101A,A01,083621,Davis; Joshua Daniel,9,0,68,59
1656752262577,COGS 101B,A01,091572,Allen; Michael Gordon,8,0,65,57
1656752269410,COGS 101C,A01,083625,Delgado; Tania,17,0,35,18
1656752275693,COGS 107A,A01,083627,Boyle; Mary E. T.,13,0,60,47
1656752281868,COGS 118A,A01,083075,Gupta; Anjum,15,0,76,61
1656752288811,CSE 3,A50,083646,Miranda; Gregory Joseph,22,0,50,28
1656752295704,CSE 8A,A50,083650,Miranda; Gregory Joseph,17,1,56,39
1656752302376,CSE 11,A01,083080,Cao; Yingjun,4,15,40,36
1656752309447,CSE 12,A01,083652,Krause-Levy; Sophia Louisa,20,1,120,100
1656752315934,CSE 15L,A01,083654,Morris; Justin Loren,8,0,50,42
1656752315934,CSE 15L,A02,083655,Morris; Justin Loren,8,0,50,42
1656752322677,CSE 20,A01,083657,Tran; Khoa Dang,37,0,80,43
1656752329358,CSE 21,A01,095574,Bach; Quang Tran,21,0,48,27
1656752336185,CSE 30,A01,083084,Eldon; John,4,0,80,76
1656752336185,CSE 30,B01,095061,Bhaskar; Nishant,5,0,50,45
1656752342706,CSE 100,A01,083659,Cao; Yingjun,1,4,70,69
1656752349214,CSE 134B,A01,083661,Powell; Thomas Allan,18,0,100,82
1656752355379,CSE 140,A01,083663,Gungor; Onat,14,0,85,71
1656752361959,CSE 140L,A01,083088,Eldon; John,16,0,100,84
1656752368720,CSE 175,A01,083665,Kumar; Rakesh,3,0,25,22
1656752375498,CSE 190,A00,092507,Dubnov; Shlomo,7,0,20,13
1656752382179,ECE 45,A01,083139,Congero; Spencer William,5,0,75,70
1656752389290,ECE 65,A50,083695,Saad; Andrew S,12,0,30,18
1656752389290,ECE 65,A51,095125,Saad; Andrew S,25,0,26,1
1656752396469,ECE 109,A01,091882,Touri; Behrouz,15,0,70,55
1656752403428,ECE 180,A00,083140,Abi Samra; Nicholas Camill,0,0,30,30
1656752403428,ECE 180,B00,083141,Abi Samra; Nicholas Camill,0,0,30,30
1656752409720,MATH 10A,A01,083735,Patchell; Gregory David,1,0,30,29
1656752409720,MATH 10A,A02,083736,Patchell; Gregory David,20,0,30,10
1656752409720,MATH 10A,A03,083737,Patchell; Gregory David,15,0,30,15
1656752416112,MATH 10B,A01,083207,Lim; Seonhee,7,0,34,27
1656752416112,MATH 10B,A02,083208,Lim; Seonhee,9,0,35,26
1656752416112,MATH 10B,A03,093472,Lim; Seonhee,4,0,34,30
1656752416112,MATH 10B,B01,083739,Sinha; Shubham,9,0,30,21
1656752422994,MATH 18,A01,083743,Cinel; Cameron Alexander,6,0,30,24
1656752422994,MATH 18,A02,083744,Cinel; Cameron Alexander,15,0,30,15
1656752422994,MATH 18,A03,083745,Cinel; Cameron Alexander,8,0,30,22
1656752422994,MATH 18,B01,083748,Rideout; David Porter,3,0,37,34
1656752422994,MATH 18,B02,083749,Rideout; David Porter,3,0,36,33
1656752422994,MATH 18,B03,083750,Rideout; David Porter,1,0,37,36
1656752422994,MATH 18,B04,083751,Rideout; David Porter,5,0,36,31
1656752422994,MATH 18,B05,093473,Rideout; David Porter,4,0,36,32
1656752422994,MATH 18,B06,093474,Rideout; David Porter,5,0,36,31
1656752429616,MATH 20A,A01,083754,Zheng; Zequn,12,0,40,28
1656752435940,MATH 20B,A01,083756,Briones; Jor-el Thomas Caparas,1,0,36,35
1656752435940,MATH 20B,A02,083757,Briones; Jor-el Thomas Caparas,1,0,36,35
1656752435940,MATH 20B,A03,093475,Briones; Jor-el Thomas Caparas,0,0,36,36
1656752442619,MATH 20C,A01,083760,Briones; Jor-el Thomas Caparas,1,0,35,34
1656752442619,MATH 20C,A02,083761,Briones; Jor-el Thomas Caparas,8,0,35,27
1656752442619,MATH 20C,A03,093476,Briones; Jor-el Thomas Caparas,0,1,36,36
1656752442619,MATH 20C,B01,083762,Bach; Quang Tran,0,0,30,30
1656752449242,MATH 20D,A01,083765,Tran; Brian Kha,4,0,30,26
1656752449242,MATH 20D,A02,083766,Tran; Brian Kha,4,0,30,26
1656752449242,MATH 20D,A03,083767,Tran; Brian Kha,2,0,30,28
1656752456091,MATH 20E,A01,083771,Ganguly; Soumya,5,0,32,27
1656752456091,MATH 20E,A02,083772,Ganguly; Soumya,5,0,32,27
1656752456091,MATH 20E,B01,083773,Ciotti; Benjamin,18,0,35,17
1656752456091,MATH 20E,B02,083774,Ciotti; Benjamin,17,0,35,18
1656752462596,MATH 103A,A01,083777,Greenfeld; Be'Eri,2,0,36,34
1656752462596,MATH 103A,A02,083778,Greenfeld; Be'Eri,5,0,36,31
1656752462596,MATH 103A,A03,093561,Greenfeld; Be'Eri,4,0,36,32
1656752462596,MATH 103A,B01,083779,Greenfeld; Be'Eri,6,0,36,30
1656752462596,MATH 103A,B02,083780,Greenfeld; Be'Eri,2,0,36,34
1656752462596,MATH 103A,B03,093562,Greenfeld; Be'Eri,2,0,36,34
1656752468681,MATH 105,A01,085443,Carter; Anne Toulson,13,0,35,22
1656752468681,MATH 105,A02,093477,Carter; Anne Toulson,20,0,35,15
1656752475181,MATH 109,A01,083213,Ganzberger; Geoffrey Michael,2,0,34,32
1656752475181,MATH 109,A02,083214,Ganzberger; Geoffrey Michael,2,0,34,32
1656752475181,MATH 109,A03,093478,Ganzberger; Geoffrey Michael,1,0,34,33
1656752475181,MATH 109,B01,083215,Ganzberger; Geoffrey Michael,1,0,32,31
1656752475181,MATH 109,B02,083216,Ganzberger; Geoffrey Michael,1,0,32,31
1656752475181,MATH 109,B03,093479,Ganzberger; Geoffrey Michael,6,0,32,26
1656752481528,MATH 142A,A01,083219,Chow; Bennett,6,0,32,26
1656752481528,MATH 142A,A02,083220,Chow; Bennett,9,0,32,23
1656752481528,MATH 142A,A03,093480,Chow; Bennett,7,0,32,25
1656752481528,MATH 142A,B03,093481,Chow; Bennett,7,0,32,25
1656752481528,MATH 142A,B04,093558,Chow; Bennett,10,0,32,22
1656752481528,MATH 142A,B05,093559,Chow; Bennett,6,0,32,26
1656752488224,MATH 193A,A01,083224,Rotar; Vladimir,6,0,34,28
1656752488224,MATH 193A,A02,083225,Rotar; Vladimir,3,0,34,31
1656752488224,MATH 193A,A03,083781,Rotar; Vladimir,1,0,34,33
1656752488224,MATH 193A,A04,083782,Rotar; Vladimir,6,0,34,28
1656752488224,MATH 193A,A05,093482,Rotar; Vladimir,6,0,34,28
1656752494776,MATH 197,001,091859,McAuley; Julian John,9999,0,9999,0
1656752494776,MATH 197,002,095566,Kedlaya; Kiran S.,9997,0,9999,2
1656752494776,MATH 197,003,095567,Xiao; Ming,9999,0,9999,0
1656752494776,MATH 197,004,095571,Perols; Johan Lars,9998,0,9999,1
1656752502424,COGS 9,A01,083615,Shannon; Kyle Michael,6,0,75,69
1656752508952,COGS 11,A01,083617,Boyle; Mary E. T.,18,0,48,30
1656752516034,COGS 13,A01,083071,Bastos; Amalia Pinkusfeld,8,0,71,63
1656752522267,COGS 14A,A01,092681,Semenuks; Arturs,0,1,100,100
1656752528642,COGS 14B,A01,083073,Cheng; Tzu-Han,5,0,63,58
1656752534963,COGS 17,A01,092677,Semenuks; Arturs,4,0,81,77
1656752541321,COGS 100,A01,083619,Allen; Michael Gordon,15,0,70,55
1656752547684,COGS 101A,A01,083621,Davis; Joshua Daniel,9,0,68,59
1656752554107,COGS 101B,A01,091572,Allen; Michael Gordon,8,0,65,57
1656752560745,COGS 101C,A01,083625,Delgado; Tania,17,0,35,18
1656752567396,COGS 107A,A01,083627,Boyle; Mary E. T.,13,0,60,47
1656752573688,COGS 118A,A01,083075,Gupta; Anjum,15,0,76,61
1656752580240,CSE 3,A50,083646,Miranda; Gregory Joseph,22,0,50,28
1656752586916,CSE 8A,A50,083650,Miranda; Gregory Joseph,17,1,56,39
1656752593632,CSE 11,A01,083080,Cao; Yingjun,4,15,40,36
1656752600046,CSE 12,A01,083652,Krause-Levy; Sophia Louisa,20,1,120,100
1656752607012,CSE 15L,A01,083654,Morris; Justin Loren,8,0,50,42
1656752607012,CSE 15L,A02,083655,Morris; Justin Loren,8,0,50,42
1656752613369,CSE 20,A01,083657,Tran; Khoa Dang,37,0,80,43
1656752619987,CSE 21,A01,095574,Bach; Quang Tran,21,0,48,27
1656752626418,CSE 30,A01,083084,Eldon; John,4,0,80,76
1656752626418,CSE 30,B01,095061,Bhaskar; Nishant,5,0,50,45
1656752632728,CSE 100,A01,083659,Cao; Yingjun,1,4,70,69
1656752639187,CSE 134B,A01,083661,Powell; Thomas Allan,18,0,100,82
1656752645634,CSE 140,A01,083663,Gungor; Onat,14,0,85,71
1656752651937,CSE 140L,A01,083088,Eldon; John,16,0,100,84
1656752658434,CSE 175,A01,083665,Kumar; Rakesh,3,0,25,22
1656752665235,CSE 190,A00,092507,Dubnov; Shlomo,7,0,20,13
1656752671689,ECE 45,A01,083139,Congero; Spencer William,5,0,75,70
1656752678199,ECE 65,A50,083695,Saad; Andrew S,12,0,30,18
1656752678199,ECE 65,A51,095125,Saad; Andrew S,25,0,26,1
1656752685123,ECE 109,A01,091882,Touri; Behrouz,15,0,70,55
1656752692635,ECE 180,A00,083140,Abi Samra; Nicholas Camill,0,0,30,30
1656752692635,ECE 180,B00,083141,Abi Samra; Nicholas Camill,0,0,30,30
1656752699678,MATH 10A,A01,083735,Patchell; Gregory David,1,0,30,29
1656752699678,MATH 10A,A02,083736,Patchell; Gregory David,20,0,30,10
1656752699678,MATH 10A,A03,083737,Patchell; Gregory David,15,0,30,15
1656752706475,MATH 10B,A01,083207,Lim; Seonhee,7,0,34,27
1656752706475,MATH 10B,A02,083208,Lim; Seonhee,9,0,35,26
1656752706475,MATH 10B,A03,093472,Lim; Seonhee,4,0,34,30
1656752706475,MATH 10B,B01,083739,Sinha; Shubham,9,0,30,21
1656752712850,MATH 18,A01,083743,Cinel; Cameron Alexander,6,0,30,24
1656752712850,MATH 18,A02,083744,Cinel; Cameron Alexander,15,0,30,15
1656752712850,MATH 18,A03,083745,Cinel; Cameron Alexander,8,0,30,22
1656752712850,MATH 18,B01,083748,Rideout; David Porter,3,0,37,34
1656752712850,MATH 18,B02,083749,Rideout; David Porter,3,0,36,33
1656752712850,MATH 18,B03,083750,Rideout; David Porter,1,0,37,36
1656752712850,MATH 18,B04,083751,Rideout; David Porter,5,0,36,31
1656752712850,MATH 18,B05,093473,Rideout; David Porter,4,0,36,32
1656752712850,MATH 18,B06,093474,Rideout; David Porter,5,0,36,31
1656752719638,MATH 20A,A01,083754,Zheng; Zequn,12,0,40,28
1656752726840,MATH 20B,A01,083756,Briones; Jor-el Thomas Caparas,1,0,36,35
1656752726840,MATH 20B,A02,083757,Briones; Jor-el Thomas Caparas,1,0,36,35
1656752726840,MATH 20B,A03,093475,Briones; Jor-el Thomas Caparas,0,0,36,36
1656752733434,MATH 20C,A01,083760,Briones; Jor-el Thomas Caparas,1,0,35,34
1656752733434,MATH 20C,A02,083761,Briones; Jor-el Thomas Caparas,8,0,35,27
1656752733434,MATH 20C,A03,093476,Briones; Jor-el Thomas Caparas,0,1,36,36
1656752733434,MATH 20C,B01,083762,Bach; Quang Tran,0,0,30,30
1656752740055,MATH 20D,A01,083765,Tran; Brian Kha,4,0,30,26
1656752740055,MATH 20D,A02,083766,Tran; Brian Kha,4,0,30,26
1656752740055,MATH 20D,A03,083767,Tran; Brian Kha,2,0,30,28
1656752746460,MATH 20E,A01,083771,Ganguly; Soumya,5,0,32,27
1656752746460,MATH 20E,A02,083772,Ganguly; Soumya,5,0,32,27
1656752746460,MATH 20E,B01,083773,Ciotti; Benjamin,18,0,35,17
1656752746460,MATH 20E,B02,083774,Ciotti; Benjamin,17,0,35,18
1656752752951,MATH 103A,A01,083777,Greenfeld; Be'Eri,2,0,36,34
1656752752951,MATH 103A,A02,083778,Greenfeld; Be'Eri,5,0,36,31
1656752752951,MATH 103A,A03,093561,Greenfeld; Be'Eri,4,0,36,32
1656752752951,MATH 103A,B01,083779,Greenfeld; Be'Eri,6,0,36,30
1656752752951,MATH 103A,B02,083780,Greenfeld; Be'Eri,2,0,36,34
1656752752951,MATH 103A,B03,093562,Greenfeld; Be'Eri,2,0,36,34
1656752759372,MATH 105,A01,085443,Carter; Anne Toulson,13,0,35,22
1656752759372,MATH 105,A02,093477,Carter; Anne Toulson,20,0,35,15
1656752765765,MATH 109,A01,083213,Ganzberger; Geoffrey Michael,2,0,34,32
1656752765765,MATH 109,A02,083214,Ganzberger; Geoffrey Michael,2,0,34,32
1656752765765,MATH 109,A03,093478,Ganzberger; Geoffrey Michael,1,0,34,33
1656752765765,MATH 109,B01,083215,Ganzberger; Geoffrey Michael,1,0,32,31
1656752765765,MATH 109,B02,083216,Ganzberger; Geoffrey Michael,1,0,32,31
1656752765765,MATH 109,B03,093479,Ganzberger; Geoffrey Michael,6,0,32,26
1656752772352,MATH 142A,A01,083219,Chow; Bennett,6,0,32,26
1656752772352,MATH 142A,A02,083220,Chow; Bennett,9,0,32,23
1656752772352,MATH 142A,A03,093480,Chow; Bennett,7,0,32,25
1656752772352,MATH 142A,B03,093481,Chow; Bennett,7,0,32,25
1656752772352,MATH 142A,B04,093558,Chow; Bennett,10,0,32,22
1656752772352,MATH 142A,B05,093559,Chow; Bennett,6,0,32,26
1656752780225,MATH 193A,A01,083224,Rotar; Vladimir,6,0,34,28
1656752780225,MATH 193A,A02,083225,Rotar; Vladimir,3,0,34,31
1656752780225,MATH 193A,A03,083781,Rotar; Vladimir,1,0,34,33
1656752780225,MATH 193A,A04,083782,Rotar; Vladimir,6,0,34,28
1656752780225,MATH 193A,A05,093482,Rotar; Vladimir,6,0,34,28
1656752786911,MATH 197,001,091859,McAuley; Julian John,9999,0,9999,0
1656752786911,MATH 197,002,095566,Kedlaya; Kiran S.,9997,0,9999,2
1656752786911,MATH 197,003,095567,Xiao; Ming,9999,0,9999,0
1656752786911,MATH 197,004,095571,Perols; Johan Lars,9998,0,9999,1
1656752795046,COGS 9,A01,083615,Shannon; Kyle Michael,6,0,75,69
1656752801497,COGS 11,A01,083617,Boyle; Mary E. T.,18,0,48,30
1656752808165,COGS 13,A01,083071,Bastos; Amalia Pinkusfeld,8,0,71,63
1656752815425,COGS 14A,A01,092681,Semenuks; Arturs,0,1,100,100
1656752822812,COGS 14B,A01,083073,Cheng; Tzu-Han,5,0,63,58
1656752829184,COGS 17,A01,092677,Semenuks; Arturs,4,0,81,77
1656752835469,COGS 100,A01,083619,Allen; Michael Gordon,15,0,70,55
1656752841772,COGS 101A,A01,083621,Davis; Joshua Daniel,9,0,68,59
1656752848188,COGS 101B,A01,091572,Allen; Michael Gordon,8,0,65,57
1656752855639,COGS 101C,A01,083625,Delgado; Tania,17,0,35,18
1656752862673,COGS 107A,A01,083627,Boyle; Mary E. T.,13,0,60,47
1656752868955,COGS 118A,A01,083075,Gupta; Anjum,15,0,76,61
1656752875765,CSE 3,A50,083646,Miranda; Gregory Joseph,22,0,50,28
1656752882376,CSE 8A,A50,083650,Miranda; Gregory Joseph,17,1,56,39
1656752888663,CSE 11,A01,083080,Cao; Yingjun,4,15,40,36
1656752895271,CSE 12,A01,083652,Krause-Levy; Sophia Louisa,20,1,120,100
1656752901831,CSE 15L,A01,083654,Morris; Justin Loren,8,0,50,42
1656752901831,CSE 15L,A02,083655,Morris; Justin Loren,8,0,50,42
1656752908281,CSE 20,A01,083657,Tran; Khoa Dang,37,0,80,43
1656752914661,CSE 21,A01,095574,Bach; Quang Tran,21,0,48,27
1656752921106,CSE 30,A01,083084,Eldon; John,4,0,80,76
1656752921106,CSE 30,B01,095061,Bhaskar; Nishant,5,0,50,45
1656752927634,CSE 100,A01,083659,Cao; Yingjun,1,4,70,69
1656752934176,CSE 134B,A01,083661,Powell; Thomas Allan,18,0,100,82
1656752940602,CSE 140,A01,083663,Gungor; Onat,14,0,85,71
1656752947186,CSE 140L,A01,083088,Eldon; John,16,0,100,84
1656752953583,CSE 175,A01,083665,Kumar; Rakesh,3,0,25,22
1656752960106,CSE 190,A00,092507,Dubnov; Shlomo,7,0,20,13
1656752966972,ECE 45,A01,083139,Congero; Spencer William,5,0,75,70
1656752973498,ECE 65,A50,083695,Saad; Andrew S,12,0,30,18
1656752973498,ECE 65,A51,095125,Saad; Andrew S,25,0,26,1
1656752980098,ECE 109,A01,091882,Touri; Behrouz,15,0,70,55
1656752986611,ECE 180,A00,083140,Abi Samra; Nicholas Camill,0,0,30,30
1656752986611,ECE 180,B00,083141,Abi Samra; Nicholas Camill,0,0,30,30
1656752993256,MATH 10A,A01,083735,Patchell; Gregory David,1,0,30,29
1656752993256,MATH 10A,A02,083736,Patchell; Gregory David,20,0,30,10
1656752993256,MATH 10A,A03,083737,Patchell; Gregory David,15,0,30,15
1656753000043,MATH 10B,A01,083207,Lim; Seonhee,7,0,34,27
1656753000043,MATH 10B,A02,083208,Lim; Seonhee,9,0,35,26
1656753000043,MATH 10B,A03,093472,Lim; Seonhee,4,0,34,30
1656753000043,MATH 10B,B01,083739,Sinha; Shubham,9,0,30,21
1656753006559,MATH 18,A01,083743,Cinel; Cameron Alexander,6,0,30,24
1656753006559,MATH 18,A02,083744,Cinel; Cameron Alexander,15,0,30,15
1656753006559,MATH 18,A03,083745,Cinel; Cameron Alexander,8,0,30,22
1656753006559,MATH 18,B01,083748,Rideout; David Porter,3,0,37,34
1656753006559,MATH 18,B02,083749,Rideout; David Porter,3,0,36,33
1656753006559,MATH 18,B03,083750,Rideout; David Porter,1,0,37,36
1656753006559,MATH 18,B04,083751,Rideout; David Porter,5,0,36,31
1656753006559,MATH 18,B05,093473,Rideout; David Porter,4,0,36,32
1656753006559,MATH 18,B06,093474,Rideout; David Porter,5,0,36,31
1656753012900,MATH 20A,A01,083754,Zheng; Zequn,12,0,40,28
1656753019419,MATH 20B,A01,083756,Briones; Jor-el Thomas Caparas,1,0,36,35
1656753019419,MATH 20B,A02,083757,Briones; Jor-el Thomas Caparas,1,0,36,35
1656753019419,MATH 20B,A03,093475,Briones; Jor-el Thomas Caparas,0,0,36,36
1656753026087,MATH 20C,A01,083760,Briones; Jor-el Thomas Caparas,1,0,35,34
1656753026087,MATH 20C,A02,083761,Briones; Jor-el Thomas Caparas,8,0,35,27
1656753026087,MATH 20C,A03,093476,Briones; Jor-el Thomas Caparas,0,1,36,36
1656753026087,MATH 20C,B01,083762,Bach; Quang Tran,0,0,30,30
1656753032671,MATH 20D,A01,083765,Tran; Brian Kha,4,0,30,26
1656753032671,MATH 20D,A02,083766,Tran; Brian Kha,4,0,30,26
1656753032671,MATH 20D,A03,083767,Tran; Brian Kha,2,0,30,28
1656753039422,MATH 20E,A01,083771,Ganguly; Soumya,5,0,32,27
1656753039422,MATH 20E,A02,083772,Ganguly; Soumya,5,0,32,27
1656753039422,MATH 20E,B01,083773,Ciotti; Benjamin,18,0,35,17
1656753039422,MATH 20E,B02,083774,Ciotti; Benjamin,17,0,35,18
1656753046234,MATH 103A,A01,083777,Greenfeld; Be'Eri,2,0,36,34
1656753046234,MATH 103A,A02,083778,Greenfeld; Be'Eri,5,0,36,31
1656753046234,MATH 103A,A03,093561,Greenfeld; Be'Eri,4,0,36,32
1656753046234,MATH 103A,B01,083779,Greenfeld; Be'Eri,6,0,36,30
1656753046234,MATH 103A,B02,083780,Greenfeld; Be'Eri,2,0,36,34
1656753046234,MATH 103A,B03,093562,Greenfeld; Be'Eri,2,0,36,34
1656753052441,MATH 105,A01,085443,Carter; Anne Toulson,13,0,35,22
1656753052441,MATH 105,A02,093477,Carter; Anne Toulson,20,0,35,15
1656753058878,MATH 109,A01,083213,Ganzberger; Geoffrey Michael,2,0,34,32
1656753058878,MATH 109,A02,083214,Ganzberger; Geoffrey Michael,2,0,34,32
1656753058878,MATH 109,A03,093478,Ganzberger; Geoffrey Michael,1,0,34,33
1656753058878,MATH 109,B01,083215,Ganzberger; Geoffrey Michael,1,0,32,31
1656753058878,MATH 109,B02,083216,Ganzberger; Geoffrey Michael,1,0,32,31
1656753058878,MATH 109,B03,093479,Ganzberger; Geoffrey Michael,6,0,32,26
1656753066242,MATH 142A,A01,083219,Chow; Bennett,6,0,32,26
1656753066242,MATH 142A,A02,083220,Chow; Bennett,9,0,32,23
1656753066242,MATH 142A,A03,093480,Chow; Bennett,7,0,32,25
1656753066242,MATH 142A,B03,093481,Chow; Bennett,7,0,32,25
1656753066242,MATH 142A,B04,093558,Chow; Bennett,10,0,32,22
1656753066242,MATH 142A,B05,093559,Chow; Bennett,6,0,32,26
1656753073195,MATH 193A,A01,083224,Rotar; Vladimir,6,0,34,28
1656753073195,MATH 193A,A02,083225,Rotar; Vladimir,3,0,34,31
1656753073195,MATH 193A,A03,083781,Rotar; Vladimir,1,0,34,33
1656753073195,MATH 193A,A04,083782,Rotar; Vladimir,6,0,34,28
1656753073195,MATH 193A,A05,093482,Rotar; Vladimir,6,0,34,28
1656753079877,MATH 197,001,091859,McAuley; Julian John,9999,0,9999,0
1656753079877,MATH 197,002,095566,Kedlaya; Kiran S.,9997,0,9999,2
1656753079877,MATH 197,003,095567,Xiao; Ming,9999,0,9999,0
1656753079877,MATH 197,004,095571,Perols; Johan Lars,9998,0,9999,1
1656753088071,COGS 9,A01,083615,Shannon; Kyle Michael,6,0,75,69
1656753094703,COGS 11,A01,083617,Boyle; Mary E. T.,18,0,48,30
1656753101216,COGS 13,A01,083071,Bastos; Amalia Pinkusfeld,8,0,71,63
1656753107663,COGS 14A,A01,092681,Semenuks; Arturs,0,1,100,100
1656753114028,COGS 14B,A01,083073,Cheng; Tzu-Han,5,0,63,58
1656753120301,COGS 17,A01,092677,Semenuks; Arturs,4,0,81,77
1656753126622,COGS 100,A01,083619,Allen; Michael Gordon,15,0,70,55
1656753133087,COGS 101A,A01,083621,Davis; Joshua Daniel,9,0,68,59
1656753139462,COGS 101B,A01,091572,Allen; Michael Gordon,8,0,65,57
1656753146008,COGS 101C,A01,083625,Delgado; Tania,17,0,35,18
1656753152843,COGS 107A,A01,083627,Boyle; Mary E. T.,13,0,60,47
1656753159518,COGS 118A,A01,083075,Gupta; Anjum,15,0,76,61
1656753166496,CSE 3,A50,083646,Miranda; Gregory Joseph,22,0,50,28
1656753173163,CSE 8A,A50,083650,Miranda; Gregory Joseph,17,1,56,39
1656753179608,CSE 11,A01,083080,Cao; Yingjun,4,15,40,36
1656753186182,CSE 12,A01,083652,Krause-Levy; Sophia Louisa,20,1,120,100
1656753192495,CSE 15L,A01,083654,Morris; Justin Loren,8,0,50,42
1656753192495,CSE 15L,A02,083655,Morris; Justin Loren,8,0,50,42
1656753199922,CSE 20,A01,083657,Tran; Khoa Dang,37,0,80,43
1656753206343,CSE 21,A01,095574,Bach; Quang Tran,21,0,48,27
1656753213243,CSE 30,A01,083084,Eldon; John,4,0,80,76
1656753213243,CSE 30,B01,095061,Bhaskar; Nishant,5,0,50,45
1656753219611,CSE 100,A01,083659,Cao; Yingjun,1,4,70,69
1656753226349,CSE 134B,A01,083661,Powell; Thomas Allan,18,0,100,82
1656753232702,CSE 140,A01,083663,Gungor; Onat,14,0,85,71
1656753239234,CSE 140L,A01,083088,Eldon; John,16,0,100,84
1656753245998,CSE 175,A01,083665,Kumar; Rakesh,3,0,25,22
1656753252283,CSE 190,A00,092507,Dubnov; Shlomo,7,0,20,13
1656753258706,ECE 45,A01,083139,Congero; Spencer William,5,0,75,70
1656753265117,ECE 65,A50,083695,Saad; Andrew S,12,0,30,18
1656753265117,ECE 65,A51,095125,Saad; Andrew S,25,0,26,1
1656753271403,ECE 109,A01,091882,Touri; Behrouz,15,0,70,55
1656753278193,ECE 180,A00,083140,Abi Samra; Nicholas Camill,0,0,30,30
1656753278193,ECE 180,B00,083141,Abi Samra; Nicholas Camill,0,0,30,30
1656753285006,MATH 10A,A01,083735,Patchell; Gregory David,1,0,30,29
1656753285006,MATH 10A,A02,083736,Patchell; Gregory David,20,0,30,10
1656753285006,MATH 10A,A03,083737,Patchell; Gregory David,15,0,30,15
1656753291999,MATH 10B,A01,083207,Lim; Seonhee,7,0,34,27
1656753291999,MATH 10B,A02,083208,Lim; Seonhee,9,0,35,26
1656753291999,MATH 10B,A03,093472,Lim; Seonhee,4,0,34,30
1656753291999,MATH 10B,B01,083739,Sinha; Shubham,9,0,30,21
1656753299207,MATH 18,A01,083743,Cinel; Cameron Alexander,6,0,30,24
1656753299207,MATH 18,A02,083744,Cinel; Cameron Alexander,15,0,30,15
1656753299207,MATH 18,A03,083745,Cinel; Cameron Alexander,8,0,30,22
1656753299207,MATH 18,B01,083748,Rideout; David Porter,3,0,37,34
1656753299207,MATH 18,B02,083749,Rideout; David Porter,3,0,36,33
1656753299207,MATH 18,B03,083750,Rideout; David Porter,1,0,37,36
1656753299207,MATH 18,B04,083751,Rideout; David Porter,5,0,36,31
1656753299207,MATH 18,B05,093473,Rideout; David Porter,4,0,36,32
1656753299207,MATH 18,B06,093474,Rideout; David Porter,5,0,36,31
1656753305585,MATH 20A,A01,083754,Zheng; Zequn,12,0,40,28
1656753311795,MATH 20B,A01,083756,Briones; Jor-el Thomas Caparas,1,0,36,35
1656753311795,MATH 20B,A02,083757,Briones; Jor-el Thomas Caparas,1,0,36,35
1656753311795,MATH 20B,A03,093475,Briones; Jor-el Thomas Caparas,0,0,36,36
1656753319028,MATH 20C,A01,083760,Briones; Jor-el Thomas Caparas,1,0,35,34
1656753319028,MATH 20C,A02,083761,Briones; Jor-el Thomas Caparas,8,0,35,27
1656753319028,MATH 20C,A03,093476,Briones; Jor-el Thomas Caparas,0,1,36,36
1656753319028,MATH 20C,B01,083762,Bach; Quang Tran,0,0,30,30
1656753325989,MATH 20D,A01,083765,Tran; Brian Kha,4,0,30,26
1656753325989,MATH 20D,A02,083766,Tran; Brian Kha,4,0,30,26
1656753325989,MATH 20D,A03,083767,Tran; Brian Kha,2,0,30,28
1656753332824,MATH 20E,A01,083771,Ganguly; Soumya,5,0,32,27
1656753332824,MATH 20E,A02,083772,Ganguly; Soumya,5,0,32,27
1656753332824,MATH 20E,B01,083773,Ciotti; Benjamin,18,0,35,17
1656753332824,MATH 20E,B02,083774,Ciotti; Benjamin,17,0,35,18
1656753339233,MATH 103A,A01,083777,Greenfeld; Be'Eri,2,0,36,34
1656753339233,MATH 103A,A02,083778,Greenfeld; Be'Eri,5,0,36,31
1656753339233,MATH 103A,A03,093561,Greenfeld; Be'Eri,4,0,36,32
1656753339233,MATH 103A,B01,083779,Greenfeld; Be'Eri,6,0,36,30
1656753339233,MATH 103A,B02,083780,Greenfeld; Be'Eri,2,0,36,34
1656753339233,MATH 103A,B03,093562,Greenfeld; Be'Eri,2,0,36,34
1656753346077,MATH 105,A01,085443,Carter; Anne Toulson,13,0,35,22
1656753346077,MATH 105,A02,093477,Carter; Anne Toulson,20,0,35,15
1656753352571,MATH 109,A01,083213,Ganzberger; Geoffrey Michael,2,0,34,32
1656753352571,MATH 109,A02,083214,Ganzberger; Geoffrey Michael,2,0,34,32
1656753352571,MATH 109,A03,093478,Ganzberger; Geoffrey Michael,1,0,34,33
1656753352571,MATH 109,B01,083215,Ganzberger; Geoffrey Michael,1,0,32,31
1656753352571,MATH 109,B02,083216,Ganzberger; Geoffrey Michael,1,0,32,31
1656753352571,MATH 109,B03,093479,Ganzberger; Geoffrey Michael,6,0,32,26
1656753358864,MATH 142A,A01,083219,Chow; Bennett,6,0,32,26
1656753358864,MATH 142A,A02,083220,Chow; Bennett,9,0,32,23
1656753358864,MATH 142A,A03,093480,Chow; Bennett,7,0,32,25
1656753358864,MATH 142A,B03,093481,Chow; Bennett,7,0,32,25
1656753358864,MATH 142A,B04,093558,Chow; Bennett,10,0,32,22
1656753358864,MATH 142A,B05,093559,Chow; Bennett,6,0,32,26
1656753365307,MATH 193A,A01,083224,Rotar; Vladimir,6,0,34,28
1656753365307,MATH 193A,A02,083225,Rotar; Vladimir,3,0,34,31
1656753365307,MATH 193A,A03,083781,Rotar; Vladimir,1,0,34,33
1656753365307,MATH 193A,A04,083782,Rotar; Vladimir,6,0,34,28
1656753365307,MATH 193A,A05,093482,Rotar; Vladimir,6,0,34,28
1656753371989,MATH 197,001,091859,McAuley; Julian John,9999,0,9999,0
1656753371989,MATH 197,002,095566,Kedlaya; Kiran S.,9997,0,9999,2
1656753371989,MATH 197,003,095567,Xiao; Ming,9999,0,9999,0
1656753371989,MATH 197,004,095571,Perols; Johan Lars,9998,0,9999,1
1656753379761,COGS 9,A01,083615,Shannon; Kyle Michael,6,0,75,69
1656753386083,COGS 11,A01,083617,Boyle; Mary E. T.,18,0,48,30
1656753392350,COGS 13,A01,083071,Bastos; Amalia Pinkusfeld,8,0,71,63
1656753399159,COGS 14A,A01,092681,Semenuks; Arturs,0,1,100,100
1656753405921,COGS 14B,A01,083073,Cheng; Tzu-Han,5,0,63,58
1656753412783,COGS 17,A01,092677,Semenuks; Arturs,4,0,81,77
1656753419033,COGS 100,A01,083619,Allen; Michael Gordon,15,0,70,55
1656753425415,COGS 101A,A01,083621,Davis; Joshua Daniel,9,0,68,59
1656753432381,COGS 101B,A01,091572,Allen; Michael Gordon,8,0,65,57
1656753438972,COGS 101C,A01,083625,Delgado; Tania,17,0,35,18
1656753445363,COGS 107A,A01,083627,Boyle; Mary E. T.,13,0,60,47
1656753452018,COGS 118A,A01,083075,Gupta; Anjum,15,0,76,61
1656753458732,CSE 3,A50,083646,Miranda; Gregory Joseph,22,0,50,28
1656753465707,CSE 8A,A50,083650,Miranda; Gregory Joseph,17,1,56,39
1656753471977,CSE 11,A01,083080,Cao; Yingjun,4,15,40,36
1656753478191,CSE 12,A01,083652,Krause-Levy; Sophia Louisa,20,1,120,100
1656753484222,CSE 15L,A01,083654,Morris; Justin Loren,8,0,50,42
1656753484222,CSE 15L,A02,083655,Morris; Justin Loren,8,0,50,42
1656753490272,CSE 20,A01,083657,Tran; Khoa Dang,37,0,80,43
1656753496297,CSE 21,A01,095574,Bach; Quang Tran,21,0,48,27
1656753502328,CSE 30,A01,083084,Eldon; John,4,0,80,76
1656753502328,CSE 30,B01,095061,Bhaskar; Nishant,5,0,50,45
1656753508352,CSE 100,A01,083659,Cao; Yingjun,1,4,70,69
1656753514376,CSE 134B,A01,083661,Powell; Thomas Allan,18,0,100,82
1656753520398,CSE 140,A01,083663,Gungor; Onat,14,0,85,71
1656753526425,CSE 140L,A01,083088,Eldon; John,16,0,100,84
1656753532449,CSE 175,A01,083665,Kumar; Rakesh,3,0,25,22
1656753538473,CSE 190,A00,092507,Dubnov; Shlomo,7,0,20,13
1656753544502,ECE 45,A01,083139,Congero; Spencer William,5,0,75,70
1656753550529,ECE 65,A50,083695,Saad; Andrew S,12,0,30,18
1656753550529,ECE 65,A51,095125,Saad; Andrew S,25,0,26,1
1656753556556,ECE 109,A01,091882,Touri; Behrouz,15,0,70,55
1656753562578,ECE 180,A00,083140,Abi Samra; Nicholas Camill,0,0,30,30
1656753562578,ECE 180,B00,083141,Abi Samra; Nicholas Camill,0,0,30,30
1656753568601,MATH 10A,A01,083735,Patchell; Gregory David,1,0,30,29
1656753568601,MATH 10A,A02,083736,Patchell; Gregory David,20,0,30,10
1656753568601,MATH 10A,A03,083737,Patchell; Gregory David,15,0,30,15
1656753574634,MATH 10B,A01,083207,Lim; Seonhee,7,0,34,27
1656753574634,MATH 10B,A02,083208,Lim; Seonhee,9,0,35,26
1656753574634,MATH 10B,A03,093472,Lim; Seonhee,4,0,34,30
1656753574634,MATH 10B,B01,083739,Sinha; Shubham,9,0,30,21
1656753580660,MATH 18,A01,083743,Cinel; Cameron Alexander,6,0,30,24
1656753580660,MATH 18,A02,083744,Cinel; Cameron Alexander,15,0,30,15
1656753580660,MATH 18,A03,083745,Cinel; Cameron Alexander,8,0,30,22
1656753580660,MATH 18,B01,083748,Rideout; David Porter,3,0,37,34
1656753580660,MATH 18,B02,083749,Rideout; David Porter,3,0,36,33
1656753580660,MATH 18,B03,083750,Rideout; David Porter,1,0,37,36
1656753580660,MATH 18,B04,083751,Rideout; David Porter,5,0,36,31
1656753580660,MATH 18,B05,093473,Rideout; David Porter,4,0,36,32
1656753580660,MATH 18,B06,093474,Rideout; David Porter,5,0,36,31
1656753586689,MATH 20A,A01,083754,Zheng; Zequn,12,0,40,28
1656753592717,MATH 20B,A01,083756,Briones; Jor-el Thomas Caparas,1,0,36,35
1656753592717,MATH 20B,A02,083757,Briones; Jor-el Thomas Caparas,1,0,36,35
1656753592717,MATH 20B,A03,093475,Briones; Jor-el Thomas Caparas,0,0,36,36
1656753598747,MATH 20C,A01,083760,Briones; Jor-el Thomas Caparas,1,0,35,34
1656753598747,MATH 20C,A02,083761,Briones; Jor-el Thomas Caparas,8,0,35,27
1656753598747,MATH 20C,A03,093476,Briones; Jor-el Thomas Caparas,0,1,36,36
1656753598747,MATH 20C,B01,083762,Bach; Quang Tran,0,0,30,30
1656753604776,MATH 20D,A01,083765,Tran; Brian Kha,4,0,30,26
1656753604776,MATH 20D,A02,083766,Tran; Brian Kha,4,0,30,26
1656753604776,MATH 20D,A03,083767,Tran; Brian Kha,2,0,30,28
1656753610799,MATH 20E,A01,083771,Ganguly; Soumya,5,0,32,27
1656753610799,MATH 20E,A02,083772,Ganguly; Soumya,5,0,32,27
1656753610799,MATH 20E,B01,083773,Ciotti; Benjamin,18,0,35,17
1656753610799,MATH 20E,B02,083774,Ciotti; Benjamin,17,0,35,18
1656753616829,MATH 103A,A01,083777,Greenfeld; Be'Eri,2,0,36,34
1656753616829,MATH 103A,A02,083778,Greenfeld; Be'Eri,5,0,36,31
1656753616829,MATH 103A,A03,093561,Greenfeld; Be'Eri,4,0,36,32
1656753616829,MATH 103A,B01,083779,Greenfeld; Be'Eri,6,0,36,30
1656753616829,MATH 103A,B02,083780,Greenfeld; Be'Eri,2,0,36,34
1656753616829,MATH 103A,B03,093562,Greenfeld; Be'Eri,2,0,36,34
1656753622860,MATH 105,A01,085443,Carter; Anne Toulson,13,0,35,22
1656753622860,MATH 105,A02,093477,Carter; Anne Toulson,20,0,35,15
1656753628884,MATH 109,A01,083213,Ganzberger; Geoffrey Michael,2,0,34,32
1656753628884,MATH 109,A02,083214,Ganzberger; Geoffrey Michael,2,0,34,32
1656753628884,MATH 109,A03,093478,Ganzberger; Geoffrey Michael,1,0,34,33
1656753628884,MATH 109,B01,083215,Ganzberger; Geoffrey Michael,1,0,32,31
1656753628884,MATH 109,B02,083216,Ganzberger; Geoffrey Michael,1,0,32,31
1656753628884,MATH 109,B03,093479,Ganzberger; Geoffrey Michael,6,0,32,26
1656753634921,MATH 142A,A01,083219,Chow; Bennett,6,0,32,26
1656753634921,MATH 142A,A02,083220,Chow; Bennett,9,0,32,23
1656753634921,MATH 142A,A03,093480,Chow; Bennett,7,0,32,25
1656753634921,MATH 142A,B03,093481,Chow; Bennett,7,0,32,25
1656753634921,MATH 142A,B04,093558,Chow; Bennett,10,0,32,22
1656753634921,MATH 142A,B05,093559,Chow; Bennett,6,0,32,26
1656753640946,MATH 193A,A01,083224,Rotar; Vladimir,6,0,34,28
1656753640946,MATH 193A,A02,083225,Rotar; Vladimir,3,0,34,31
1656753640946,MATH 193A,A03,083781,Rotar; Vladimir,1,0,34,33
1656753640946,MATH 193A,A04,083782,Rotar; Vladimir,6,0,34,28
1656753640946,MATH 193A,A05,093482,Rotar; Vladimir,6,0,34,28
1656753646976,MATH 197,001,091859,McAuley; Julian John,9999,0,9999,0
1656753646976,MATH 197,002,095566,Kedlaya; Kiran S.,9997,0,9999,2
1656753646976,MATH 197,003,095567,Xiao; Ming,9999,0,9999,0
1656753646976,MATH 197,004,095571,Perols; Johan Lars,9998,0,9999,1
1656753654063,COGS 9,A01,083615,Shannon; Kyle Michael,6,0,75,69
1656753660086,COGS 11,A01,083617,Boyle; Mary E. T.,18,0,48,30
1656753666110,COGS 13,A01,083071,Bastos; Amalia Pinkusfeld,8,0,71,63
1656753672136,COGS 14A,A01,092681,Semenuks; Arturs,0,1,100,100
1656753678158,COGS 14B,A01,083073,Cheng; Tzu-Han,5,0,63,58
1656753684185,COGS 17,A01,092677,Semenuks; Arturs,4,0,81,77
1656753690208,COGS 100,A01,083619,Allen; Michael Gordon,15,0,70,55
1656753696234,COGS 101A,A01,083621,Davis; Joshua Daniel,9,0,68,59
1656753702259,COGS 101B,A01,091572,Allen; Michael Gordon,8,0,65,57
1656753708294,COGS 101C,A01,083625,Delgado; Tania,17,0,35,18
1656753714317,COGS 107A,A01,083627,Boyle; Mary E. T.,13,0,60,47
1656753720340,COGS 118A,A01,083075,Gupta; Anjum,15,0,76,61
1656753726364,CSE 3,A50,083646,Miranda; Gregory Joseph,22,0,50,28
1656753732388,CSE 8A,A50,083650,Miranda; Gregory Joseph,17,1,56,39
1656753738415,CSE 11,A01,083080,Cao; Yingjun,4,15,40,36
1656753744444,CSE 12,A01,083652,Krause-Levy; Sophia Louisa,20,1,120,100
1656753750467,CSE 15L,A01,083654,Morris; Justin Loren,8,0,50,42
1656753750467,CSE 15L,A02,083655,Morris; Justin Loren,8,0,50,42
1656753756491,CSE 20,A01,083657,Tran; Khoa Dang,37,0,80,43
1656753762516,CSE 21,A01,095574,Bach; Quang Tran,21,0,48,27
1656753768546,CSE 30,A01,083084,Eldon; John,4,0,80,76
1656753768546,CSE 30,B01,095061,Bhaskar; Nishant,5,0,50,45
1656753774569,CSE 100,A01,083659,Cao; Yingjun,1,4,70,69
1656753780598,CSE 134B,A01,083661,Powell; Thomas Allan,18,0,100,82
1656753786630,CSE 140,A01,083663,Gungor; Onat,14,0,85,71
1656753792653,CSE 140L,A01,083088,Eldon; John,16,0,100,84
1656753798678,CSE 175,A01,083665,Kumar; Rakesh,3,0,25,22
1656753804701,CSE 190,A00,092507,Dubnov; Shlomo,7,0,20,13
1656753810725,ECE 45,A01,083139,Congero; Spencer William,5,0,75,70
1656753816756,ECE 65,A50,083695,Saad; Andrew S,12,0,30,18
1656753816756,ECE 65,A51,095125,Saad; Andrew S,25,0,26,1
1656753822781,ECE 109,A01,091882,Touri; Behrouz,15,0,70,55
1656753828819,ECE 180,A00,083140,Abi Samra; Nicholas Camill,0,0,30,30
1656753828819,ECE 180,B00,083141,Abi Samra; Nicholas Camill,0,0,30,30
1656753834847,MATH 10A,A01,083735,Patchell; Gregory David,1,0,30,29
1656753834847,MATH 10A,A02,083736,Patchell; Gregory David,20,0,30,10
1656753834847,MATH 10A,A03,083737,Patchell; Gregory David,15,0,30,15
1656753840874,MATH 10B,A01,083207,Lim; Seonhee,7,0,34,27
1656753840874,MATH 10B,A02,083208,Lim; Seonhee,9,0,35,26
1656753840874,MATH 10B,A03,093472,Lim; Seonhee,4,0,34,30
1656753840874,MATH 10B,B01,083739,Sinha; Shubham,9,0,30,21
1656753846899,MATH 18,A01,083743,Cinel; Cameron Alexander,6,0,30,24
1656753846899,MATH 18,A02,083744,Cinel; Cameron Alexander,15,0,30,15
1656753846899,MATH 18,A03,083745,Cinel; Cameron Alexander,8,0,30,22
1656753846899,MATH 18,B01,083748,Rideout; David Porter,3,0,37,34
1656753846899,MATH 18,B02,083749,Rideout; David Porter,3,0,36,33
1656753846899,MATH 18,B03,083750,Rideout; David Porter,1,0,37,36
1656753846899,MATH 18,B04,083751,Rideout; David Porter,5,0,36,31
1656753846899,MATH 18,B05,093473,Rideout; David Porter,4,0,36,32
1656753846899,MATH 18,B06,093474,Rideout; David Porter,5,0,36,31
1656753852933,MATH 20A,A01,083754,Zheng; Zequn,12,0,40,28
1656753858961,MATH 20B,A01,083756,Briones; Jor-el Thomas Caparas,1,0,36,35
1656753858961,MATH 20B,A02,083757,Briones; Jor-el Thomas Caparas,1,0,36,35
1656753858961,MATH 20B,A03,093475,Briones; Jor-el Thomas Caparas,0,0,36,36
1656753864985,MATH 20C,A01,083760,Briones; Jor-el Thomas Caparas,1,0,35,34
1656753864985,MATH 20C,A02,083761,Briones; Jor-el Thomas Caparas,8,0,35,27
1656753864985,MATH 20C,A03,093476,Briones; Jor-el Thomas Caparas,0,1,36,36
1656753864985,MATH 20C,B01,083762,Bach; Quang Tran,0,0,30,30
1656753871016,MATH 20D,A01,083765,Tran; Brian Kha,4,0,30,26
1656753871016,MATH 20D,A02,083766,Tran; Brian Kha,4,0,30,26
1656753871016,MATH 20D,A03,083767,Tran; Brian Kha,2,0,30,28
1656753877045,MATH 20E,A01,083771,Ganguly; Soumya,5,0,32,27
1656753877045,MATH 20E,A02,083772,Ganguly; Soumya,5,0,32,27
1656753877045,MATH 20E,B01,083773,Ciotti; Benjamin,18,0,35,17
1656753877045,MATH 20E,B02,083774,Ciotti; Benjamin,17,0,35,18
1656753883073,MATH 103A,A01,083777,Greenfeld; Be'Eri,2,0,36,34
1656753883073,MATH 103A,A02,083778,Greenfeld; Be'Eri,5,0,36,31
1656753883073,MATH 103A,A03,093561,Greenfeld; Be'Eri,4,0,36,32
1656753883073,MATH 103A,B01,083779,Greenfeld; Be'Eri,6,0,36,30
1656753883073,MATH 103A,B02,083780,Greenfeld; Be'Eri,2,0,36,34
1656753883073,MATH 103A,B03,093562,Greenfeld; Be'Eri,2,0,36,34
1656753889099,MATH 105,A01,085443,Carter; Anne Toulson,13,0,35,22
1656753889099,MATH 105,A02,093477,Carter; Anne Toulson,20,0,35,15
1656753895129,MATH 109,A01,083213,Ganzberger; Geoffrey Michael,2,0,34,32
1656753895129,MATH 109,A02,083214,Ganzberger; Geoffrey Michael,2,0,34,32
1656753895129,MATH 109,A03,093478,Ganzberger; Geoffrey Michael,1,0,34,33
1656753895129,MATH 109,B01,083215,Ganzberger; Geoffrey Michael,1,0,32,31
1656753895129,MATH 109,B02,083216,Ganzberger; Geoffrey Michael,1,0,32,31
1656753895129,MATH 109,B03,093479,Ganzberger; Geoffrey Michael,6,0,32,26
1656753901153,MATH 142A,A01,083219,Chow; Bennett,6,0,32,26
1656753901153,MATH 142A,A02,083220,Chow; Bennett,9,0,32,23
1656753901153,MATH 142A,A03,093480,Chow; Bennett,7,0,32,25
1656753901153,MATH 142A,B03,093481,Chow; Bennett,7,0,32,25
1656753901153,MATH 142A,B04,093558,Chow; Bennett,10,0,32,22
1656753901153,MATH 142A,B05,093559,Chow; Bennett,6,0,32,26
1656753907184,MATH 193A,A01,083224,Rotar; Vladimir,6,0,34,28
1656753907184,MATH 193A,A02,083225,Rotar; Vladimir,3,0,34,31
1656753907184,MATH 193A,A03,083781,Rotar; Vladimir,1,0,34,33
1656753907184,MATH 193A,A04,083782,Rotar; Vladimir,6,0,34,28
1656753907184,MATH 193A,A05,093482,Rotar; Vladimir,6,0,34,28
1656753913210,MATH 197,001,091859,McAuley; Julian John,9999,0,9999,0
1656753913210,MATH 197,002,095566,Kedlaya; Kiran S.,9997,0,9999,2
1656753913210,MATH 197,003,095567,Xiao; Ming,9999,0,9999,0
1656753913210,MATH 197,004,095571,Perols; Johan Lars,9998,0,9999,1
1656753920284,COGS 9,A01,083615,Shannon; Kyle Michael,6,0,75,69
1656753926307,COGS 11,A01,083617,Boyle; Mary E. T.,18,0,48,30
1656753932331,COGS 13,A01,083071,Bastos; Amalia Pinkusfeld,8,0,71,63
1656753938361,COGS 14A,A01,092681,Semenuks; Arturs,0,1,100,100
1656753944390,COGS 14B,A01,083073,Cheng; Tzu-Han,5,0,63,58
1656753950416,COGS 17,A01,092677,Semenuks; Arturs,4,0,81,77
1656753956454,COGS 100,A01,083619,Allen; Michael Gordon,15,0,70,55
1656753962479,COGS 101A,A01,083621,Davis; Joshua Daniel,9,0,68,59
1656753968508,COGS 101B,A01,091572,Allen; Michael Gordon,8,0,65,57
1656753974534,COGS 101C,A01,083625,Delgado; Tania,17,0,35,18
1656753980557,COGS 107A,A01,083627,Boyle; Mary E. T.,13,0,60,47
1656753986581,COGS 118A,A01,083075,Gupta; Anjum,15,0,76,61
1656753992607,CSE 3,A50,083646,Miranda; Gregory Joseph,22,0,50,28
1656753998632,CSE 8A,A50,083650,Miranda; Gregory Joseph,17,1,56,39
1656754004658,CSE 11,A01,083080,Cao; Yingjun,4,15,40,36
1656754010687,CSE 12,A01,083652,Krause-Levy; Sophia Louisa,20,1,120,100
1656754016710,CSE 15L,A01,083654,Morris; Justin Loren,8,0,50,42
1656754016710,CSE 15L,A02,083655,Morris; Justin Loren,8,0,50,42
1656754022733,CSE 20,A01,083657,Tran; Khoa Dang,37,0,80,43
1656754028757,CSE 21,A01,095574,Bach; Quang Tran,21,0,48,27
1656754034858,CSE 30,A01,083084,Eldon; John,4,0,80,76
1656754034858,CSE 30,B01,095061,Bhaskar; Nishant,5,0,50,45
1656754040888,CSE 100,A01,083659,Cao; Yingjun,1,4,70,69
1656754046912,CSE 134B,A01,083661,Powell; Thomas Allan,18,0,100,82
1656754052935,CSE 140,A01,083663,Gungor; Onat,14,0,85,71
1656754058963,CSE 140L,A01,083088,Eldon; John,16,0,100,84
1656754064988,CSE 175,A01,083665,Kumar; Rakesh,3,0,25,22
1656754071017,CSE 190,A00,092507,Dubnov; Shlomo,7,0,20,13
1656754077043,ECE 45,A01,083139,Congero; Spencer William,5,0,75,70
1656754083073,ECE 65,A50,083695,Saad; Andrew S,12,0,30,18
1656754083073,ECE 65,A51,095125,Saad; Andrew S,25,0,26,1
1656754089098,ECE 109,A01,091882,Touri; Behrouz,15,0,70,55
1656754095125,ECE 180,A00,083140,Abi Samra; Nicholas Camill,0,0,30,30
1656754095125,ECE 180,B00,083141,Abi Samra; Nicholas Camill,0,0,30,30
1656754101157,MATH 10A,A01,083735,Patchell; Gregory David,1,0,30,29
1656754101157,MATH 10A,A02,083736,Patchell; Gregory David,20,0,30,10
1656754101157,MATH 10A,A03,083737,Patchell; Gregory David,15,0,30,15
1656754107184,MATH 10B,A01,083207,Lim; Seonhee,7,0,34,27
1656754107184,MATH 10B,A02,083208,Lim; Seonhee,9,0,35,26
1656754107184,MATH 10B,A03,093472,Lim; Seonhee,4,0,34,30
1656754107184,MATH 10B,B01,083739,Sinha; Shubham,9,0,30,21
1656754113211,MATH 18,A01,083743,Cinel; Cameron Alexander,6,0,30,24
1656754113211,MATH 18,A02,083744,Cinel; Cameron Alexander,15,0,30,15
1656754113211,MATH 18,A03,083745,Cinel; Cameron Alexander,8,0,30,22
1656754113211,MATH 18,B01,083748,Rideout; David Porter,3,0,37,34
1656754113211,MATH 18,B02,083749,Rideout; David Porter,3,0,36,33
1656754113211,MATH 18,B03,083750,Rideout; David Porter,1,0,37,36
1656754113211,MATH 18,B04,083751,Rideout; David Porter,5,0,36,31
1656754113211,MATH 18,B05,093473,Rideout; David Porter,4,0,36,32
1656754113211,MATH 18,B06,093474,Rideout; David Porter,5,0,36,31
1656754119240,MATH 20A,A01,083754,Zheng; Zequn,12,0,40,28
1656754125263,MATH 20B,A01,083756,Briones; Jor-el Thomas Caparas,1,0,36,35
1656754125263,MATH 20B,A02,083757,Briones; Jor-el Thomas Caparas,1,0,36,35
1656754125263,MATH 20B,A03,093475,Briones; Jor-el Thomas Caparas,0,0,36,36
1656754131294,MATH 20C,A01,083760,Briones; Jor-el Thomas Caparas,1,0,35,34
1656754131294,MATH 20C,A02,083761,Briones; Jor-el Thomas Caparas,8,0,35,27
1656754131294,MATH 20C,A03,093476,Briones; Jor-el Thomas Caparas,0,1,36,36
1656754131294,MATH 20C,B01,083762,Bach; Quang Tran,0,0,30,30
1656754137330,MATH 20D,A01,083765,Tran; Brian Kha,4,0,30,26
1656754137330,MATH 20D,A02,083766,Tran; Brian Kha,4,0,30,26
1656754137330,MATH 20D,A03,083767,Tran; Brian Kha,2,0,30,28
1656754143355,MATH 20E,A01,083771,Ganguly; Soumya,5,0,32,27
1656754143355,MATH 20E,A02,083772,Ganguly; Soumya,5,0,32,27
1656754143355,MATH 20E,B01,083773,Ciotti; Benjamin,18,0,35,17
1656754143355,MATH 20E,B02,083774,Ciotti; Benjamin,17,0,35,18
1656754149383,MATH 103A,A01,083777,Greenfeld; Be'Eri,2,0,36,34
1656754149383,MATH 103A,A02,083778,Greenfeld; Be'Eri,5,0,36,31
1656754149383,MATH 103A,A03,093561,Greenfeld; Be'Eri,4,0,36,32
1656754149383,MATH 103A,B01,083779,Greenfeld; Be'Eri,6,0,36,30
1656754149383,MATH 103A,B02,083780,Greenfeld; Be'Eri,2,0,36,34
1656754149383,MATH 103A,B03,093562,Greenfeld; Be'Eri,2,0,36,34
1656754155412,MATH 105,A01,085443,Carter; Anne Toulson,13,0,35,22
1656754155412,MATH 105,A02,093477,Carter; Anne Toulson,20,0,35,15
1656754161439,MATH 109,A01,083213,Ganzberger; Geoffrey Michael,2,0,34,32
1656754161439,MATH 109,A02,083214,Ganzberger; Geoffrey Michael,2,0,34,32
1656754161439,MATH 109,A03,093478,Ganzberger; Geoffrey Michael,1,0,34,33
1656754161439,MATH 109,B01,083215,Ganzberger; Geoffrey Michael,1,0,32,31
1656754161439,MATH 109,B02,083216,Ganzberger; Geoffrey Michael,1,0,32,31
1656754161439,MATH 109,B03,093479,Ganzberger; Geoffrey Michael,6,0,32,26
1656754167464,MATH 142A,A01,083219,Chow; Bennett,6,0,32,26
1656754167464,MATH 142A,A02,083220,Chow; Bennett,9,0,32,23
1656754167464,MATH 142A,A03,093480,Chow; Bennett,7,0,32,25
1656754167464,MATH 142A,B03,093481,Chow; Bennett,7,0,32,25
1656754167464,MATH 142A,B04,093558,Chow; Bennett,10,0,32,22
1656754167464,MATH 142A,B05,093559,Chow; Bennett,6,0,32,26
1656754173503,MATH 193A,A01,083224,Rotar; Vladimir,6,0,34,28
1656754173503,MATH 193A,A02,083225,Rotar; Vladimir,3,0,34,31
1656754173503,MATH 193A,A03,083781,Rotar; Vladimir,1,0,34,33
1656754173503,MATH 193A,A04,083782,Rotar; Vladimir,6,0,34,28
1656754173503,MATH 193A,A05,093482,Rotar; Vladimir,6,0,34,28
1656754179530,MATH 197,001,091859,McAuley; Julian John,9999,0,9999,0
1656754179530,MATH 197,002,095566,Kedlaya; Kiran S.,9997,0,9999,2
1656754179530,MATH 197,003,095567,Xiao; Ming,9999,0,9999,0
1656754179530,MATH 197,004,095571,Perols; Johan Lars,9998,0,9999,1
1656754186602,COGS 9,A01,083615,Shannon; Kyle Michael,6,0,75,69
1656754192632,COGS 11,A01,083617,Boyle; Mary E. T.,18,0,48,30
1656754198659,COGS 13,A01,083071,Bastos; Amalia Pinkusfeld,8,0,71,63
1656754204686,COGS 14A,A01,092681,Semenuks; Arturs,0,1,100,100
1656754210711,COGS 14B,A01,083073,Cheng; Tzu-Han,5,0,63,58
1656754216733,COGS 17,A01,092677,Semenuks; Arturs,4,0,81,77
1656754222756,COGS 100,A01,083619,Allen; Michael Gordon,15,0,70,55
1656754228781,COGS 101A,A01,083621,Davis; Joshua Daniel,9,0,68,59
1656754234804,COGS 101B,A01,091572,Allen; Michael Gordon,8,0,65,57
1656754240833,COGS 101C,A01,083625,Delgado; Tania,17,0,35,18
1656754246858,COGS 107A,A01,083627,Boyle; Mary E. T.,13,0,60,47
1656754252883,COGS 118A,A01,083075,Gupta; Anjum,15,0,76,61
1656754258917,CSE 3,A50,083646,Miranda; Gregory Joseph,22,0,50,28
1656754264940,CSE 8A,A50,083650,Miranda; Gregory Joseph,17,1,56,39
1656754270964,CSE 11,A01,083080,Cao; Yingjun,4,15,40,36
1656754276990,CSE 12,A01,083652,Krause-Levy; Sophia Louisa,20,1,120,100
1656754283015,CSE 15L,A01,083654,Morris; Justin Loren,8,0,50,42
1656754283015,CSE 15L,A02,083655,Morris; Justin Loren,8,0,50,42
1656754289057,CSE 20,A01,083657,Tran; Khoa Dang,37,0,80,43
1656754295084,CSE 21,A01,095574,Bach; Quang Tran,21,0,48,27
1656754301110,CSE 30,A01,083084,Eldon; John,4,0,80,76
1656754301110,CSE 30,B01,095061,Bhaskar; Nishant,5,0,50,45
1656754307139,CSE 100,A01,083659,Cao; Yingjun,1,4,70,69
1656754313164,CSE 134B,A01,083661,Powell; Thomas Allan,18,0,100,82
1656754319187,CSE 140,A01,083663,Gungor; Onat,14,0,85,71
1656754325210,CSE 140L,A01,083088,Eldon; John,16,0,100,84
1656754331239,CSE 175,A01,083665,Kumar; Rakesh,3,0,25,22
1656754337265,CSE 190,A00,092507,Dubnov; Shlomo,7,0,20,13
1656754343294,ECE 45,A01,083139,Congero; Spencer William,5,0,75,70
1656754349319,ECE 65,A50,083695,Saad; Andrew S,12,0,30,18
1656754349319,ECE 65,A51,095125,Saad; Andrew S,25,0,26,1
1656754355343,ECE 109,A01,091882,Touri; Behrouz,15,0,70,55
1656754361371,ECE 180,A00,083140,Abi Samra; Nicholas Camill,0,0,30,30
1656754361371,ECE 180,B00,083141,Abi Samra; Nicholas Camill,0,0,30,30
1656754367404,MATH 10A,A01,083735,Patchell; Gregory David,1,0,30,29
1656754367404,MATH 10A,A02,083736,Patchell; Gregory David,20,0,30,10
1656754367404,MATH 10A,A03,083737,Patchell; Gregory David,15,0,30,15
1656754373431,MATH 10B,A01,083207,Lim; Seonhee,7,0,34,27
1656754373431,MATH 10B,A02,083208,Lim; Seonhee,9,0,35,26
1656754373431,MATH 10B,A03,093472,Lim; Seonhee,4,0,34,30
1656754373431,MATH 10B,B01,083739,Sinha; Shubham,9,0,30,21
1656754379461,MATH 18,A01,083743,Cinel; Cameron Alexander,6,0,30,24
1656754379461,MATH 18,A02,083744,Cinel; Cameron Alexander,15,0,30,15
1656754379461,MATH 18,A03,083745,Cinel; Cameron Alexander,8,0,30,22
1656754379461,MATH 18,B01,083748,Rideout; David Porter,3,0,37,34
1656754379461,MATH 18,B02,083749,Rideout; David Porter,3,0,36,33
1656754379461,MATH 18,B03,083750,Rideout; David Porter,1,0,37,36
1656754379461,MATH 18,B04,083751,Rideout; David Porter,5,0,36,31
1656754379461,MATH 18,B05,093473,Rideout; David Porter,4,0,36,32
1656754379461,MATH 18,B06,093474,Rideout; David Porter,5,0,36,31
1656754385484,MATH 20A,A01,083754,Zheng; Zequn,12,0,40,28
1656754391510,MATH 20B,A01,083756,Briones; Jor-el Thomas Caparas,1,0,36,35
1656754391510,MATH 20B,A02,083757,Briones; Jor-el Thomas Caparas,1,0,36,35
1656754391510,MATH 20B,A03,093475,Briones; Jor-el Thomas Caparas,0,0,36,36
1656754397541,MATH 20C,A01,083760,Briones; Jor-el Thomas Caparas,1,0,35,34
1656754397541,MATH 20C,A02,083761,Briones; Jor-el Thomas Caparas,8,0,35,27
1656754397541,MATH 20C,A03,093476,Briones; Jor-el Thomas Caparas,0,1,36,36
1656754397541,MATH 20C,B01,083762,Bach; Quang Tran,0,0,30,30
1656754403565,MATH 20D,A01,083765,Tran; Brian Kha,4,0,30,26
1656754403565,MATH 20D,A02,083766,Tran; Brian Kha,4,0,30,26
1656754403565,MATH 20D,A03,083767,Tran; Brian Kha,2,0,30,28
1656754409591,MATH 20E,A01,083771,Ganguly; Soumya,5,0,32,27
1656754409591,MATH 20E,A02,083772,Ganguly; Soumya,5,0,32,27
1656754409591,MATH 20E,B01,083773,Ciotti; Benjamin,18,0,35,17
1656754409591,MATH 20E,B02,083774,Ciotti; Benjamin,17,0,35,18
1656754415623,MATH 103A,A01,083777,Greenfeld; Be'Eri,2,0,36,34
1656754415623,MATH 103A,A02,083778,Greenfeld; Be'Eri,5,0,36,31
1656754415623,MATH 103A,A03,093561,Greenfeld; Be'Eri,4,0,36,32
1656754415623,MATH 103A,B01,083779,Greenfeld; Be'Eri,6,0,36,30
1656754415623,MATH 103A,B02,083780,Greenfeld; Be'Eri,2,0,36,34
1656754415623,MATH 103A,B03,093562,Greenfeld; Be'Eri,2,0,36,34
1656754421656,MATH 105,A01,085443,Carter; Anne Toulson,13,0,35,22
1656754421656,MATH 105,A02,093477,Carter; Anne Toulson,20,0,35,15
1656754427681,MATH 109,A01,083213,Ganzberger; Geoffrey Michael,2,0,34,32
1656754427681,MATH 109,A02,083214,Ganzberger; Geoffrey Michael,2,0,34,32
1656754427681,MATH 109,A03,093478,Ganzberger; Geoffrey Michael,1,0,34,33
1656754427681,MATH 109,B01,083215,Ganzberger; Geoffrey Michael,1,0,32,31
1656754427681,MATH 109,B02,083216,Ganzberger; Geoffrey Michael,1,0,32,31
1656754427681,MATH 109,B03,093479,Ganzberger; Geoffrey Michael,6,0,32,26
1656754433707,MATH 142A,A01,083219,Chow; Bennett,6,0,32,26
1656754433707,MATH 142A,A02,083220,Chow; Bennett,9,0,32,23
1656754433707,MATH 142A,A03,093480,Chow; Bennett,7,0,32,25
1656754433707,MATH 142A,B03,093481,Chow; Bennett,7,0,32,25
1656754433707,MATH 142A,B04,093558,Chow; Bennett,10,0,32,22
1656754433707,MATH 142A,B05,093559,Chow; Bennett,6,0,32,26
1656754439736,MATH 193A,A01,083224,Rotar; Vladimir,6,0,34,28
1656754439736,MATH 193A,A02,083225,Rotar; Vladimir,3,0,34,31
1656754439736,MATH 193A,A03,083781,Rotar; Vladimir,1,0,34,33
1656754439736,MATH 193A,A04,083782,Rotar; Vladimir,6,0,34,28
1656754439736,MATH 193A,A05,093482,Rotar; Vladimir,6,0,34,28
1656754445759,MATH 197,001,091859,McAuley; Julian John,9999,0,9999,0
1656754445759,MATH 197,002,095566,Kedlaya; Kiran S.,9997,0,9999,2
1656754445759,MATH 197,003,095567,Xiao; Ming,9999,0,9999,0
1656754445759,MATH 197,004,095571,Perols; Johan Lars,9998,0,9999,1
1656754452822,COGS 9,A01,083615,Shannon; Kyle Michael,6,0,75,69
1656754458851,COGS 11,A01,083617,Boyle; Mary E. T.,18,0,48,30
1656754464874,COGS 13,A01,083071,Bastos; Amalia Pinkusfeld,8,0,71,63
1656754470906,COGS 14A,A01,092681,Semenuks; Arturs,0,1,100,100
1656754476932,COGS 14B,A01,083073,Cheng; Tzu-Han,5,0,63,58
1656754482956,COGS 17,A01,092677,Semenuks; Arturs,4,0,81,77
1656754488979,COGS 100,A01,083619,Allen; Michael Gordon,15,0,70,55
1656754495004,COGS 101A,A01,083621,Davis; Joshua Daniel,9,0,68,59
1656754501028,COGS 101B,A01,091572,Allen; Michael Gordon,8,0,65,57
1656754507057,COGS 101C,A01,083625,Delgado; Tania,17,0,35,18
1656754513080,COGS 107A,A01,083627,Boyle; Mary E. T.,13,0,60,47
1656754519104,COGS 118A,A01,083075,Gupta; Anjum,15,0,76,61
1656754525127,CSE 3,A50,083646,Miranda; Gregory Joseph,22,0,50,28
1656754531155,CSE 8A,A50,083650,Miranda; Gregory Joseph,17,1,56,39
1656754537177,CSE 11,A01,083080,Cao; Yingjun,4,15,40,36
1656754543208,CSE 12,A01,083652,Krause-Levy; Sophia Louisa,20,1,120,100
1656754549254,CSE 15L,A01,083654,Morris; Justin Loren,8,0,50,42
1656754549254,CSE 15L,A02,083655,Morris; Justin Loren,8,0,50,42
1656754555277,CSE 20,A01,083657,Tran; Khoa Dang,37,0,80,43
1656754561305,CSE 21,A01,095574,Bach; Quang Tran,21,0,48,27
1656754567334,CSE 30,A01,083084,Eldon; John,4,0,80,76
1656754567334,CSE 30,B01,095061,Bhaskar; Nishant,5,0,50,45
1656754573358,CSE 100,A01,083659,Cao; Yingjun,1,4,70,69
1656754579385,CSE 134B,A01,083661,Powell; Thomas Allan,18,0,100,82
1656754585408,CSE 140,A01,083663,Gungor; Onat,14,0,85,71
1656754591431,CSE 140L,A01,083088,Eldon; John,16,0,100,84
1656754597461,CSE 175,A01,083665,Kumar; Rakesh,3,0,25,22
1656754603492,CSE 190,A00,092507,Dubnov; Shlomo,7,0,20,13
1656754609518,ECE 45,A01,083139,Congero; Spencer William,5,0,75,70
1656754615547,ECE 65,A50,083695,Saad; Andrew S,12,0,30,18
1656754615547,ECE 65,A51,095125,Saad; Andrew S,25,0,26,1
1656754621579,ECE 109,A01,091882,Touri; Behrouz,15,0,70,55
1656754627601,ECE 180,A00,083140,Abi Samra; Nicholas Camill,0,0,30,30
1656754627601,ECE 180,B00,083141,Abi Samra; Nicholas Camill,0,0,30,30
1656754633707,MATH 10A,A01,083735,Patchell; Gregory David,1,0,30,29
1656754633707,MATH 10A,A02,083736,Patchell; Gregory David,20,0,30,10
1656754633707,MATH 10A,A03,083737,Patchell; Gregory David,15,0,30,15
1656754639731,MATH 10B,A01,083207,Lim; Seonhee,7,0,34,27
1656754639731,MATH 10B,A02,083208,Lim; Seonhee,9,0,35,26
1656754639731,MATH 10B,A03,093472,Lim; Seonhee,4,0,34,30
1656754639731,MATH 10B,B01,083739,Sinha; Shubham,9,0,30,21
1656754645763,MATH 18,A01,083743,Cinel; Cameron Alexander,6,0,30,24
1656754645763,MATH 18,A02,083744,Cinel; Cameron Alexander,15,0,30,15
1656754645763,MATH 18,A03,083745,Cinel; Cameron Alexander,8,0,30,22
1656754645763,MATH 18,B01,083748,Rideout; David Porter,3,0,37,34
1656754645763,MATH 18,B02,083749,Rideout; David Porter,3,0,36,33
1656754645763,MATH 18,B03,083750,Rideout; David Porter,1,0,37,36
1656754645763,MATH 18,B04,083751,Rideout; David Porter,5,0,36,31
1656754645763,MATH 18,B05,093473,Rideout; David Porter,4,0,36,32
1656754645763,MATH 18,B06,093474,Rideout; David Porter,5,0,36,31
1656754651785,MATH 20A,A01,083754,Zheng; Zequn,12,0,40,28
1656754657812,MATH 20B,A01,083756,Briones; Jor-el Thomas Caparas,1,0,36,35
1656754657812,MATH 20B,A02,083757,Briones; Jor-el Thomas Caparas,1,0,36,35
1656754657812,MATH 20B,A03,093475,Briones; Jor-el Thomas Caparas,0,0,36,36
1656754663849,MATH 20C,A01,083760,Briones; Jor-el Thomas Caparas,1,0,35,34
1656754663849,MATH 20C,A02,083761,Briones; Jor-el Thomas Caparas,8,0,35,27
1656754663849,MATH 20C,A03,093476,Briones; Jor-el Thomas Caparas,0,1,36,36
1656754663849,MATH 20C,B01,083762,Bach; Quang Tran,0,0,30,30
1656754669874,MATH 20D,A01,083765,Tran; Brian Kha,4,0,30,26
1656754669874,MATH 20D,A02,083766,Tran; Brian Kha,4,0,30,26
1656754669874,MATH 20D,A03,083767,Tran; Brian Kha,2,0,30,28
1656754675900,MATH 20E,A01,083771,Ganguly; Soumya,5,0,32,27
1656754675900,MATH 20E,A02,083772,Ganguly; Soumya,5,0,32,27
1656754675900,MATH 20E,B01,083773,Ciotti; Benjamin,18,0,35,17
1656754675900,MATH 20E,B02,083774,Ciotti; Benjamin,17,0,35,18
1656754681924,MATH 103A,A01,083777,Greenfeld; Be'Eri,2,0,36,34
1656754681924,MATH 103A,A02,083778,Greenfeld; Be'Eri,5,0,36,31
1656754681924,MATH 103A,A03,093561,Greenfeld; Be'Eri,4,0,36,32
1656754681924,MATH 103A,B01,083779,Greenfeld; Be'Eri,6,0,36,30
1656754681924,MATH 103A,B02,083780,Greenfeld; Be'Eri,2,0,36,34
1656754681924,MATH 103A,B03,093562,Greenfeld; Be'Eri,2,0,36,34
1656754687952,MATH 105,A01,085443,Carter; Anne Toulson,13,0,35,22
1656754687952,MATH 105,A02,093477,Carter; Anne Toulson,20,0,35,15
1656754693977,MATH 109,A01,083213,Ganzberger; Geoffrey Michael,2,0,34,32
1656754693977,MATH 109,A02,083214,Ganzberger; Geoffrey Michael,2,0,34,32
1656754693977,MATH 109,A03,093478,Ganzberger; Geoffrey Michael,1,0,34,33
1656754693977,MATH 109,B01,083215,Ganzberger; Geoffrey Michael,1,0,32,31
1656754693977,MATH 109,B02,083216,Ganzberger; Geoffrey Michael,1,0,32,31
1656754693977,MATH 109,B03,093479,Ganzberger; Geoffrey Michael,6,0,32,26
1656754700001,MATH 142A,A01,083219,Chow; Bennett,6,0,32,26
1656754700001,MATH 142A,A02,083220,Chow; Bennett,9,0,32,23
1656754700001,MATH 142A,A03,093480,Chow; Bennett,7,0,32,25
1656754700001,MATH 142A,B03,093481,Chow; Bennett,7,0,32,25
1656754700001,MATH 142A,B04,093558,Chow; Bennett,10,0,32,22
1656754700001,MATH 142A,B05,093559,Chow; Bennett,6,0,32,26
1656754706031,MATH 193A,A01,083224,Rotar; Vladimir,6,0,34,28
1656754706031,MATH 193A,A02,083225,Rotar; Vladimir,3,0,34,31
1656754706031,MATH 193A,A03,083781,Rotar; Vladimir,1,0,34,33
1656754706031,MATH 193A,A04,083782,Rotar; Vladimir,6,0,34,28
1656754706031,MATH 193A,A05,093482,Rotar; Vladimir,6,0,34,28
1656754712056,MATH 197,001,091859,McAuley; Julian John,9999,0,9999,0
1656754712056,MATH 197,002,095566,Kedlaya; Kiran S.,9997,0,9999,2
1656754712056,MATH 197,003,095567,Xiao; Ming,9999,0,9999,0
1656754712056,MATH 197,004,095571,Perols; Johan Lars,9998,0,9999,1
1656754719122,COGS 9,A01,083615,Shannon; Kyle Michael,6,0,75,69
1656754725152,COGS 11,A01,083617,Boyle; Mary E. T.,18,0,48,30
1656754731179,COGS 13,A01,083071,Bastos; Amalia Pinkusfeld,8,0,71,63
1656754737208,COGS 14A,A01,092681,Semenuks; Arturs,0,1,100,100
1656754743230,COGS 14B,A01,083073,Cheng; Tzu-Han,5,0,63,58
1656754749256,COGS 17,A01,092677,Semenuks; Arturs,4,0,81,77
1656754755280,COGS 100,A01,083619,Allen; Michael Gordon,15,0,70,55
1656754761302,COGS 101A,A01,083621,Davis; Joshua Daniel,9,0,68,59
1656754767325,COGS 101B,A01,091572,Allen; Michael Gordon,8,0,65,57
1656754773357,COGS 101C,A01,083625,Delgado; Tania,17,0,35,18
1656754779381,COGS 107A,A01,083627,Boyle; Mary E. T.,13,0,60,47
1656754785411,COGS 118A,A01,083075,Gupta; Anjum,15,0,76,61
1656754791444,CSE 3,A50,083646,Miranda; Gregory Joseph,22,0,50,28
1656754797468,CSE 8A,A50,083650,Miranda; Gregory Joseph,17,1,56,39
1656754803492,CSE 11,A01,083080,Cao; Yingjun,4,15,40,36
1656754809520,CSE 12,A01,083652,Krause-Levy; Sophia Louisa,20,1,120,100
1656754815543,CSE 15L,A01,083654,Morris; Justin Loren,8,0,50,42
1656754815543,CSE 15L,A02,083655,Morris; Justin Loren,8,0,50,42
1656754821572,CSE 20,A01,083657,Tran; Khoa Dang,37,0,80,43
1656754827596,CSE 21,A01,095574,Bach; Quang Tran,21,0,48,27
1656754833627,CSE 30,A01,083084,Eldon; John,4,0,80,76
1656754833627,CSE 30,B01,095061,Bhaskar; Nishant,5,0,50,45
1656754839654,CSE 100,A01,083659,Cao; Yingjun,1,4,70,69
1656754845681,CSE 134B,A01,083661,Powell; Thomas Allan,18,0,100,82
1656754851707,CSE 140,A01,083663,Gungor; Onat,14,0,85,71
1656754857733,CSE 140L,A01,083088,Eldon; John,16,0,100,84
1656754863756,CSE 175,A01,083665,Kumar; Rakesh,3,0,25,22
1656754869784,CSE 190,A00,092507,Dubnov; Shlomo,7,0,20,13
1656754875808,ECE 45,A01,083139,Congero; Spencer William,5,0,75,70
1656754881831,ECE 65,A50,083695,Saad; Andrew S,12,0,30,18
1656754881831,ECE 65,A51,095125,Saad; Andrew S,25,0,26,1
1656754887856,ECE 109,A01,091882,Touri; Behrouz,15,0,70,55
1656754893881,ECE 180,A00,083140,Abi Samra; Nicholas Camill,0,0,30,30
1656754893881,ECE 180,B00,083141,Abi Samra; Nicholas Camill,0,0,30,30
1656754899904,MATH 10A,A01,083735,Patchell; Gregory David,1,0,30,29
1656754899904,MATH 10A,A02,083736,Patchell; Gregory David,20,0,30,10
1656754899904,MATH 10A,A03,083737,Patchell; Gregory David,15,0,30,15
1656754905940,MATH 10B,A01,083207,Lim; Seonhee,7,0,34,27
1656754905940,MATH 10B,A02,083208,Lim; Seonhee,9,0,35,26
1656754905940,MATH 10B,A03,093472,Lim; Seonhee,4,0,34,30
1656754905940,MATH 10B,B01,083739,Sinha; Shubham,9,0,30,21
1656754911974,MATH 18,A01,083743,Cinel; Cameron Alexander,6,0,30,24
1656754911974,MATH 18,A02,083744,Cinel; Cameron Alexander,15,0,30,15
1656754911974,MATH 18,A03,083745,Cinel; Cameron Alexander,8,0,30,22
1656754911974,MATH 18,B01,083748,Rideout; David Porter,3,0,37,34
1656754911974,MATH 18,B02,083749,Rideout; David Porter,3,0,36,33
1656754911974,MATH 18,B03,083750,Rideout; David Porter,1,0,37,36
1656754911974,MATH 18,B04,083751,Rideout; David Porter,5,0,36,31
1656754911974,MATH 18,B05,093473,Rideout; David Porter,4,0,36,32
1656754911974,MATH 18,B06,093474,Rideout; David Porter,5,0,36,31
1656754917999,MATH 20A,A01,083754,Zheng; Zequn,12,0,40,28
1656754924024,MATH 20B,A01,083756,Briones; Jor-el Thomas Caparas,1,0,36,35
1656754924024,MATH 20B,A02,083757,Briones; Jor-el Thomas Caparas,1,0,36,35
1656754924024,MATH 20B,A03,093475,Briones; Jor-el Thomas Caparas,0,0,36,36
1656754930054,MATH 20C,A01,083760,Briones; Jor-el Thomas Caparas,1,0,35,34
1656754930054,MATH 20C,A02,083761,Briones; Jor-el Thomas Caparas,8,0,35,27
1656754930054,MATH 20C,A03,093476,Briones; Jor-el Thomas Caparas,0,1,36,36
1656754930054,MATH 20C,B01,083762,Bach; Quang Tran,0,0,30,30
1656754936077,MATH 20D,A01,083765,Tran; Brian Kha,4,0,30,26
1656754936077,MATH 20D,A02,083766,Tran; Brian Kha,4,0,30,26
1656754936077,MATH 20D,A03,083767,Tran; Brian Kha,2,0,30,28
1656754942110,MATH 20E,A01,083771,Ganguly; Soumya,5,0,32,27
1656754942110,MATH 20E,A02,083772,Ganguly; Soumya,5,0,32,27
1656754942110,MATH 20E,B01,083773,Ciotti; Benjamin,18,0,35,17
1656754942110,MATH 20E,B02,083774,Ciotti; Benjamin,17,0,35,18
1656754948137,MATH 103A,A01,083777,Greenfeld; Be'Eri,2,0,36,34
1656754948137,MATH 103A,A02,083778,Greenfeld; Be'Eri,5,0,36,31
1656754948137,MATH 103A,A03,093561,Greenfeld; Be'Eri,4,0,36,32
1656754948137,MATH 103A,B01,083779,Greenfeld; Be'Eri,6,0,36,30
1656754948137,MATH 103A,B02,083780,Greenfeld; Be'Eri,2,0,36,34
1656754948137,MATH 103A,B03,093562,Greenfeld; Be'Eri,2,0,36,34
1656754954166,MATH 105,A01,085443,Carter; Anne Toulson,13,0,35,22
1656754954166,MATH 105,A02,093477,Carter; Anne Toulson,20,0,35,15
1656754960190,MATH 109,A01,083213,Ganzberger; Geoffrey Michael,2,0,34,32
1656754960190,MATH 109,A02,083214,Ganzberger; Geoffrey Michael,2,0,34,32
1656754960190,MATH 109,A03,093478,Ganzberger; Geoffrey Michael,1,0,34,33
1656754960190,MATH 109,B01,083215,Ganzberger; Geoffrey Michael,1,0,32,31
1656754960190,MATH 109,B02,083216,Ganzberger; Geoffrey Michael,1,0,32,31
1656754960190,MATH 109,B03,093479,Ganzberger; Geoffrey Michael,6,0,32,26
1656754966215,MATH 142A,A01,083219,Chow; Bennett,6,0,32,26
1656754966215,MATH 142A,A02,083220,Chow; Bennett,9,0,32,23
1656754966215,MATH 142A,A03,093480,Chow; Bennett,7,0,32,25
1656754966215,MATH 142A,B03,093481,Chow; Bennett,7,0,32,25
1656754966215,MATH 142A,B04,093558,Chow; Bennett,10,0,32,22
1656754966215,MATH 142A,B05,093559,Chow; Bennett,6,0,32,26
1656754972240,MATH 193A,A01,083224,Rotar; Vladimir,6,0,34,28
1656754972240,MATH 193A,A02,083225,Rotar; Vladimir,3,0,34,31
1656754972240,MATH 193A,A03,083781,Rotar; Vladimir,1,0,34,33
1656754972240,MATH 193A,A04,083782,Rotar; Vladimir,6,0,34,28
1656754972240,MATH 193A,A05,093482,Rotar; Vladimir,6,0,34,28
1656754978264,MATH 197,001,091859,McAuley; Julian John,9999,0,9999,0
1656754978264,MATH 197,002,095566,Kedlaya; Kiran S.,9997,0,9999,2
1656754978264,MATH 197,003,095567,Xiao; Ming,9999,0,9999,0
1656754978264,MATH 197,004,095571,Perols; Johan Lars,9998,0,9999,1
1656754985338,COGS 9,A01,083615,Shannon; Kyle Michael,6,0,75,69
1656754991361,COGS 11,A01,083617,Boyle; Mary E. T.,18,0,48,30
1656754997385,COGS 13,A01,083071,Bastos; Amalia Pinkusfeld,8,0,71,63
1656755003408,COGS 14A,A01,092681,Semenuks; Arturs,0,1,100,100
1656755009431,COGS 14B,A01,083073,Cheng; Tzu-Han,5,0,63,58
1656755015454,COGS 17,A01,092677,Semenuks; Arturs,4,0,81,77
1656755021476,COGS 100,A01,083619,Allen; Michael Gordon,15,0,70,55
1656755027500,COGS 101A,A01,083621,Davis; Joshua Daniel,9,0,68,59
1656755033523,COGS 101B,A01,091572,Allen; Michael Gordon,8,0,65,57
1656755039545,COGS 101C,A01,083625,Delgado; Tania,17,0,35,18
1656755045573,COGS 107A,A01,083627,Boyle; Mary E. T.,13,0,60,47
1656755051596,COGS 118A,A01,083075,Gupta; Anjum,15,0,76,61
1656755057634,CSE 3,A50,083646,Miranda; Gregory Joseph,22,0,50,28
1656755063662,CSE 8A,A50,083650,Miranda; Gregory Joseph,17,1,56,39
1656755069689,CSE 11,A01,083080,Cao; Yingjun,4,15,40,36
1656755075713,CSE 12,A01,083652,Krause-Levy; Sophia Louisa,20,1,120,100
1656755081737,CSE 15L,A01,083654,Morris; Justin Loren,8,0,50,42
1656755081737,CSE 15L,A02,083655,Morris; Justin Loren,8,0,50,42
1656755087762,CSE 20,A01,083657,Tran; Khoa Dang,37,0,80,43
1656755093789,CSE 21,A01,095574,Bach; Quang Tran,21,0,48,27
1656755099813,CSE 30,A01,083084,Eldon; John,4,0,80,76
1656755099813,CSE 30,B01,095061,Bhaskar; Nishant,5,0,50,45
1656755105835,CSE 100,A01,083659,Cao; Yingjun,1,4,70,69
1656755111864,CSE 134B,A01,083661,Powell; Thomas Allan,18,0,100,82
1656755117895,CSE 140,A01,083663,Gungor; Onat,14,0,85,71
1656755123919,CSE 140L,A01,083088,Eldon; John,16,0,100,84
1656755129949,CSE 175,A01,083665,Kumar; Rakesh,3,0,25,22
1656755135975,CSE 190,A00,092507,Dubnov; Shlomo,7,0,20,13
1656755142001,ECE 45,A01,083139,Congero; Spencer William,5,0,75,70
1656755148033,ECE 65,A50,083695,Saad; Andrew S,12,0,30,18
1656755148033,ECE 65,A51,095125,Saad; Andrew S,25,0,26,1
1656755154056,ECE 109,A01,091882,Touri; Behrouz,15,0,70,55
1656755160082,ECE 180,A00,083140,Abi Samra; Nicholas Camill,0,0,30,30
1656755160082,ECE 180,B00,083141,Abi Samra; Nicholas Camill,0,0,30,30
1656755166115,MATH 10A,A01,083735,Patchell; Gregory David,1,0,30,29
1656755166115,MATH 10A,A02,083736,Patchell; Gregory David,20,0,30,10
1656755166115,MATH 10A,A03,083737,Patchell; Gregory David,15,0,30,15
1656755172147,MATH 10B,A01,083207,Lim; Seonhee,7,0,34,27
1656755172147,MATH 10B,A02,083208,Lim; Seonhee,9,0,35,26
1656755172147,MATH 10B,A03,093472,Lim; Seonhee,4,0,34,30
1656755172147,MATH 10B,B01,083739,Sinha; Shubham,9,0,30,21
1656755178173,MATH 18,A01,083743,Cinel; Cameron Alexander,6,0,30,24
1656755178173,MATH 18,A02,083744,Cinel; Cameron Alexander,15,0,30,15
1656755178173,MATH 18,A03,083745,Cinel; Cameron Alexander,8,0,30,22
1656755178173,MATH 18,B01,083748,Rideout; David Porter,3,0,37,34
1656755178173,MATH 18,B02,083749,Rideout; David Porter,3,0,36,33
1656755178173,MATH 18,B03,083750,Rideout; David Porter,1,0,37,36
1656755178173,MATH 18,B04,083751,Rideout; David Porter,5,0,36,31
1656755178173,MATH 18,B05,093473,Rideout; David Porter,4,0,36,32
1656755178173,MATH 18,B06,093474,Rideout; David Porter,5,0,36,31
1656755184197,MATH 20A,A01,083754,Zheng; Zequn,12,0,40,28
1656755190226,MATH 20B,A01,083756,Briones; Jor-el Thomas Caparas,1,0,36,35
1656755190226,MATH 20B,A02,083757,Briones; Jor-el Thomas Caparas,1,0,36,35
1656755190226,MATH 20B,A03,093475,Briones; Jor-el Thomas Caparas,0,0,36,36
1656755196260,MATH 20C,A01,083760,Briones; Jor-el Thomas Caparas,1,0,35,34
1656755196260,MATH 20C,A02,083761,Briones; Jor-el Thomas Caparas,8,0,35,27
1656755196260,MATH 20C,A03,093476,Briones; Jor-el Thomas Caparas,0,1,36,36
1656755196260,MATH 20C,B01,083762,Bach; Quang Tran,0,0,30,30
1656755202287,MATH 20D,A01,083765,Tran; Brian Kha,4,0,30,26
1656755202287,MATH 20D,A02,083766,Tran; Brian Kha,4,0,30,26
1656755202287,MATH 20D,A03,083767,Tran; Brian Kha,2,0,30,28
1656755208312,MATH 20E,A01,083771,Ganguly; Soumya,5,0,32,27
1656755208312,MATH 20E,A02,083772,Ganguly; Soumya,5,0,32,27
1656755208312,MATH 20E,B01,083773,Ciotti; Benjamin,18,0,35,17
1656755208312,MATH 20E,B02,083774,Ciotti; Benjamin,17,0,35,18
1656755214338,MATH 103A,A01,083777,Greenfeld; Be'Eri,2,0,36,34
1656755214338,MATH 103A,A02,083778,Greenfeld; Be'Eri,5,0,36,31
1656755214338,MATH 103A,A03,093561,Greenfeld; Be'Eri,4,0,36,32
1656755214338,MATH 103A,B01,083779,Greenfeld; Be'Eri,6,0,36,30
1656755214338,MATH 103A,B02,083780,Greenfeld; Be'Eri,2,0,36,34
1656755214338,MATH 103A,B03,093562,Greenfeld; Be'Eri,2,0,36,34
1656755220362,MATH 105,A01,085443,Carter; Anne Toulson,13,0,35,22
1656755220362,MATH 105,A02,093477,Carter; Anne Toulson,20,0,35,15
1656755226392,MATH 109,A01,083213,Ganzberger; Geoffrey Michael,2,0,34,32
1656755226392,MATH 109,A02,083214,Ganzberger; Geoffrey Michael,2,0,34,32
1656755226392,MATH 109,A03,093478,Ganzberger; Geoffrey Michael,1,0,34,33
1656755226392,MATH 109,B01,083215,Ganzberger; Geoffrey Michael,1,0,32,31
1656755226392,MATH 109,B02,083216,Ganzberger; Geoffrey Michael,1,0,32,31
1656755226392,MATH 109,B03,093479,Ganzberger; Geoffrey Michael,6,0,32,26
1656755232510,MATH 142A,A01,083219,Chow; Bennett,6,0,32,26
1656755232510,MATH 142A,A02,083220,Chow; Bennett,9,0,32,23
1656755232510,MATH 142A,A03,093480,Chow; Bennett,7,0,32,25
1656755232510,MATH 142A,B03,093481,Chow; Bennett,7,0,32,25
1656755232510,MATH 142A,B04,093558,Chow; Bennett,10,0,32,22
1656755232510,MATH 142A,B05,093559,Chow; Bennett,6,0,32,26
1656755238533,MATH 193A,A01,083224,Rotar; Vladimir,6,0,34,28
1656755238533,MATH 193A,A02,083225,Rotar; Vladimir,3,0,34,31
1656755238533,MATH 193A,A03,083781,Rotar; Vladimir,1,0,34,33
1656755238533,MATH 193A,A04,083782,Rotar; Vladimir,6,0,34,28
1656755238533,MATH 193A,A05,093482,Rotar; Vladimir,6,0,34,28
1656755244559,MATH 197,001,091859,McAuley; Julian John,9999,0,9999,0
1656755244559,MATH 197,002,095566,Kedlaya; Kiran S.,9997,0,9999,2
1656755244559,MATH 197,003,095567,Xiao; Ming,9999,0,9999,0
1656755244559,MATH 197,004,095571,Perols; Johan Lars,9998,0,9999,1
1656755251623,COGS 9,A01,083615,Shannon; Kyle Michael,6,0,75,69
1656755257649,COGS 11,A01,083617,Boyle; Mary E. T.,18,0,48,30
1656755263674,COGS 13,A01,083071,Bastos; Amalia Pinkusfeld,8,0,71,63
1656755269701,COGS 14A,A01,092681,Semenuks; Arturs,0,1,100,100
1656755275730,COGS 14B,A01,083073,Cheng; Tzu-Han,5,0,63,58
1656755281757,COGS 17,A01,092677,Semenuks; Arturs,4,0,81,77
1656755287780,COGS 100,A01,083619,Allen; Michael Gordon,15,0,70,55
1656755293803,COGS 101A,A01,083621,Davis; Joshua Daniel,9,0,68,59
1656755299830,COGS 101B,A01,091572,Allen; Michael Gordon,8,0,65,57
1656755305858,COGS 101C,A01,083625,Delgado; Tania,17,0,35,18
1656755311885,COGS 107A,A01,083627,Boyle; Mary E. T.,13,0,60,47
1656755317920,COGS 118A,A01,083075,Gupta; Anjum,15,0,76,61
1656755323944,CSE 3,A50,083646,Miranda; Gregory Joseph,22,0,50,28
1656755329973,CSE 8A,A50,083650,Miranda; Gregory Joseph,17,1,56,39
1656755335997,CSE 11,A01,083080,Cao; Yingjun,4,15,40,36
1656755342022,CSE 12,A01,083652,Krause-Levy; Sophia Louisa,20,1,120,100
1656755348049,CSE 15L,A01,083654,Morris; Justin Loren,8,0,50,42
1656755348049,CSE 15L,A02,083655,Morris; Justin Loren,8,0,50,42
1656755354077,CSE 20,A01,083657,Tran; Khoa Dang,37,0,80,43
1656755360104,CSE 21,A01,095574,Bach; Quang Tran,21,0,48,27
1656755366134,CSE 30,A01,083084,Eldon; John,4,0,80,76
1656755366134,CSE 30,B01,095061,Bhaskar; Nishant,5,0,50,45
1656755372157,CSE 100,A01,083659,Cao; Yingjun,1,4,70,69
1656755378186,CSE 134B,A01,083661,Powell; Thomas Allan,18,0,100,82
1656755384209,CSE 140,A01,083663,Gungor; Onat,14,0,85,71
1656755390236,CSE 140L,A01,083088,Eldon; John,16,0,100,84
1656755396259,CSE 175,A01,083665,Kumar; Rakesh,3,0,25,22
1656755402289,CSE 190,A00,092507,Dubnov; Shlomo,7,0,20,13
1656755408325,ECE 45,A01,083139,Congero; Spencer William,5,0,75,70
1656755414354,ECE 65,A50,083695,Saad; Andrew S,12,0,30,18
1656755414354,ECE 65,A51,095125,Saad; Andrew S,25,0,26,1
1656755420380,ECE 109,A01,091882,Touri; Behrouz,15,0,70,55
1656755426408,ECE 180,A00,083140,Abi Samra; Nicholas Camill,0,0,30,30
1656755426408,ECE 180,B00,083141,Abi Samra; Nicholas Camill,0,0,30,30
1656755432440,MATH 10A,A01,083735,Patchell; Gregory David,1,0,30,29
1656755432440,MATH 10A,A02,083736,Patchell; Gregory David,20,0,30,10
1656755432440,MATH 10A,A03,083737,Patchell; Gregory David,15,0,30,15
1656755438475,MATH 10B,A01,083207,Lim; Seonhee,7,0,34,27
1656755438475,MATH 10B,A02,083208,Lim; Seonhee,9,0,35,26
1656755438475,MATH 10B,A03,093472,Lim; Seonhee,4,0,34,30
1656755438475,MATH 10B,B01,083739,Sinha; Shubham,9,0,30,21
1656755444501,MATH 18,A01,083743,Cinel; Cameron Alexander,6,0,30,24
1656755444501,MATH 18,A02,083744,Cinel; Cameron Alexander,15,0,30,15
1656755444501,MATH 18,A03,083745,Cinel; Cameron Alexander,8,0,30,22
1656755444501,MATH 18,B01,083748,Rideout; David Porter,3,0,37,34
1656755444501,MATH 18,B02,083749,Rideout; David Porter,3,0,36,33
1656755444501,MATH 18,B03,083750,Rideout; David Porter,1,0,37,36
1656755444501,MATH 18,B04,083751,Rideout; David Porter,5,0,36,31
1656755444501,MATH 18,B05,093473,Rideout; David Porter,4,0,36,32
1656755444501,MATH 18,B06,093474,Rideout; David Porter,5,0,36,31
1656755450528,MATH 20A,A01,083754,Zheng; Zequn,12,0,40,28
1656755456558,MATH 20B,A01,083756,Briones; Jor-el Thomas Caparas,1,0,36,35
1656755456558,MATH 20B,A02,083757,Briones; Jor-el Thomas Caparas,1,0,36,35
1656755456558,MATH 20B,A03,093475,Briones; Jor-el Thomas Caparas,0,0,36,36
1656755462589,MATH 20C,A01,083760,Briones; Jor-el Thomas Caparas,1,0,35,34
1656755462589,MATH 20C,A02,083761,Briones; Jor-el Thomas Caparas,8,0,35,27
1656755462589,MATH 20C,A03,093476,Briones; Jor-el Thomas Caparas,0,1,36,36
1656755462589,MATH 20C,B01,083762,Bach; Quang Tran,0,0,30,30
1656755468614,MATH 20D,A01,083765,Tran; Brian Kha,4,0,30,26
1656755468614,MATH 20D,A02,083766,Tran; Brian Kha,4,0,30,26
1656755468614,MATH 20D,A03,083767,Tran; Brian Kha,2,0,30,28
1656755474639,MATH 20E,A01,083771,Ganguly; Soumya,5,0,32,27
1656755474639,MATH 20E,A02,083772,Ganguly; Soumya,5,0,32,27
1656755474639,MATH 20E,B01,083773,Ciotti; Benjamin,18,0,35,17
1656755474639,MATH 20E,B02,083774,Ciotti; Benjamin,17,0,35,18
1656755480664,MATH 103A,A01,083777,Greenfeld; Be'Eri,2,0,36,34
1656755480664,MATH 103A,A02,083778,Greenfeld; Be'Eri,5,0,36,31
1656755480664,MATH 103A,A03,093561,Greenfeld; Be'Eri,4,0,36,32
1656755480664,MATH 103A,B01,083779,Greenfeld; Be'Eri,6,0,36,30
1656755480664,MATH 103A,B02,083780,Greenfeld; Be'Eri,2,0,36,34
1656755480664,MATH 103A,B03,093562,Greenfeld; Be'Eri,2,0,36,34
1656755486688,MATH 105,A01,085443,Carter; Anne Toulson,13,0,35,22
1656755486688,MATH 105,A02,093477,Carter; Anne Toulson,20,0,35,15
1656755492714,MATH 109,A01,083213,Ganzberger; Geoffrey Michael,2,0,34,32
1656755492714,MATH 109,A02,083214,Ganzberger; Geoffrey Michael,2,0,34,32
1656755492714,MATH 109,A03,093478,Ganzberger; Geoffrey Michael,1,0,34,33
1656755492714,MATH 109,B01,083215,Ganzberger; Geoffrey Michael,1,0,32,31
1656755492714,MATH 109,B02,083216,Ganzberger; Geoffrey Michael,1,0,32,31
1656755492714,MATH 109,B03,093479,Ganzberger; Geoffrey Michael,6,0,32,26
1656755498739,MATH 142A,A01,083219,Chow; Bennett,6,0,32,26
1656755498739,MATH 142A,A02,083220,Chow; Bennett,9,0,32,23
1656755498739,MATH 142A,A03,093480,Chow; Bennett,7,0,32,25
1656755498739,MATH 142A,B03,093481,Chow; Bennett,7,0,32,25
1656755498739,MATH 142A,B04,093558,Chow; Bennett,10,0,32,22
1656755498739,MATH 142A,B05,093559,Chow; Bennett,6,0,32,26
1656755504764,MATH 193A,A01,083224,Rotar; Vladimir,6,0,34,28
1656755504764,MATH 193A,A02,083225,Rotar; Vladimir,3,0,34,31
1656755504764,MATH 193A,A03,083781,Rotar; Vladimir,1,0,34,33
1656755504764,MATH 193A,A04,083782,Rotar; Vladimir,6,0,34,28
1656755504764,MATH 193A,A05,093482,Rotar; Vladimir,6,0,34,28
1656755510793,MATH 197,001,091859,McAuley; Julian John,9999,0,9999,0
1656755510793,MATH 197,002,095566,Kedlaya; Kiran S.,9997,0,9999,2
1656755510793,MATH 197,003,095567,Xiao; Ming,9999,0,9999,0
1656755510793,MATH 197,004,095571,Perols; Johan Lars,9998,0,9999,1
1656755517866,COGS 9,A01,083615,Shannon; Kyle Michael,6,0,75,69
1656755523893,COGS 11,A01,083617,Boyle; Mary E. T.,18,0,48,30
1656755529920,COGS 13,A01,083071,Bastos; Amalia Pinkusfeld,8,0,71,63
1656755535949,COGS 14A,A01,092681,Semenuks; Arturs,0,1,100,100
1656755541974,COGS 14B,A01,083073,Cheng; Tzu-Han,5,0,63,58
1656755547997,COGS 17,A01,092677,Semenuks; Arturs,4,0,81,77
1656755554024,COGS 100,A01,083619,Allen; Michael Gordon,15,0,70,55
1656755560051,COGS 101A,A01,083621,Davis; Joshua Daniel,9,0,68,59
1656755566074,COGS 101B,A01,091572,Allen; Michael Gordon,8,0,65,57
1656755572099,COGS 101C,A01,083625,Delgado; Tania,17,0,35,18
1656755578122,COGS 107A,A01,083627,Boyle; Mary E. T.,13,0,60,47
1656755584149,COGS 118A,A01,083075,Gupta; Anjum,15,0,76,61
1656755590175,CSE 3,A50,083646,Miranda; Gregory Joseph,22,0,50,28
1656755596203,CSE 8A,A50,083650,Miranda; Gregory Joseph,17,1,56,39
1656755602226,CSE 11,A01,083080,Cao; Yingjun,4,15,40,36
1656755608250,CSE 12,A01,083652,Krause-Levy; Sophia Louisa,20,1,120,100
1656755614278,CSE 15L,A01,083654,Morris; Justin Loren,8,0,50,42
1656755614278,CSE 15L,A02,083655,Morris; Justin Loren,8,0,50,42
1656755620306,CSE 20,A01,083657,Tran; Khoa Dang,37,0,80,43
1656755626329,CSE 21,A01,095574,Bach; Quang Tran,21,0,48,27
1656755632354,CSE 30,A01,083084,Eldon; John,4,0,80,76
1656755632354,CSE 30,B01,095061,Bhaskar; Nishant,5,0,50,45
1656755638376,CSE 100,A01,083659,Cao; Yingjun,1,4,70,69
1656755644406,CSE 134B,A01,083661,Powell; Thomas Allan,18,0,100,82
1656755650432,CSE 140,A01,083663,Gungor; Onat,14,0,85,71
1656755656458,CSE 140L,A01,083088,Eldon; John,16,0,100,84
1656755662487,CSE 175,A01,083665,Kumar; Rakesh,3,0,25,22
1656755668512,CSE 190,A00,092507,Dubnov; Shlomo,7,0,20,13
1656755674545,ECE 45,A01,083139,Congero; Spencer William,5,0,75,70
1656755680576,ECE 65,A50,083695,Saad; Andrew S,12,0,30,18
1656755680576,ECE 65,A51,095125,Saad; Andrew S,25,0,26,1
1656755686602,ECE 109,A01,091882,Touri; Behrouz,15,0,70,55
1656755692633,ECE 180,A00,083140,Abi Samra; Nicholas Camill,0,0,30,30
1656755692633,ECE 180,B00,083141,Abi Samra; Nicholas Camill,0,0,30,30
1656755698662,MATH 10A,A01,083735,Patchell; Gregory David,1,0,30,29
1656755698662,MATH 10A,A02,083736,Patchell; Gregory David,20,0,30,10
1656755698662,MATH 10A,A03,083737,Patchell; Gregory David,15,0,30,15
1656755704694,MATH 10B,A01,083207,Lim; Seonhee,7,0,34,27
1656755704694,MATH 10B,A02,083208,Lim; Seonhee,9,0,35,26
1656755704694,MATH 10B,A03,093472,Lim; Seonhee,4,0,34,30
1656755704694,MATH 10B,B01,083739,Sinha; Shubham,9,0,30,21
1656755710728,MATH 18,A01,083743,Cinel; Cameron Alexander,6,0,30,24
1656755710728,MATH 18,A02,083744,Cinel; Cameron Alexander,15,0,30,15
1656755710728,MATH 18,A03,083745,Cinel; Cameron Alexander,8,0,30,22
1656755710728,MATH 18,B01,083748,Rideout; David Porter,3,0,37,34
1656755710728,MATH 18,B02,083749,Rideout; David Porter,3,0,36,33
1656755710728,MATH 18,B03,083750,Rideout; David Porter,1,0,37,36
1656755710728,MATH 18,B04,083751,Rideout; David Porter,5,0,36,31
1656755710728,MATH 18,B05,093473,Rideout; David Porter,4,0,36,32
1656755710728,MATH 18,B06,093474,Rideout; David Porter,5,0,36,31
1656755716755,MATH 20A,A01,083754,Zheng; Zequn,12,0,40,28
1656755722787,MATH 20B,A01,083756,Briones; Jor-el Thomas Caparas,1,0,36,35
1656755722787,MATH 20B,A02,083757,Briones; Jor-el Thomas Caparas,1,0,36,35
1656755722787,MATH 20B,A03,093475,Briones; Jor-el Thomas Caparas,0,0,36,36
1656755728818,MATH 20C,A01,083760,Briones; Jor-el Thomas Caparas,1,0,35,34
1656755728818,MATH 20C,A02,083761,Briones; Jor-el Thomas Caparas,8,0,35,27
1656755728818,MATH 20C,A03,093476,Briones; Jor-el Thomas Caparas,0,1,36,36
1656755728818,MATH 20C,B01,083762,Bach; Quang Tran,0,0,30,30
1656755734843,MATH 20D,A01,083765,Tran; Brian Kha,4,0,30,26
1656755734843,MATH 20D,A02,083766,Tran; Brian Kha,4,0,30,26
1656755734843,MATH 20D,A03,083767,Tran; Brian Kha,2,0,30,28
1656755740868,MATH 20E,A01,083771,Ganguly; Soumya,5,0,32,27
1656755740868,MATH 20E,A02,083772,Ganguly; Soumya,5,0,32,27
1656755740868,MATH 20E,B01,083773,Ciotti; Benjamin,18,0,35,17
1656755740868,MATH 20E,B02,083774,Ciotti; Benjamin,17,0,35,18
1656755746894,MATH 103A,A01,083777,Greenfeld; Be'Eri,2,0,36,34
1656755746894,MATH 103A,A02,083778,Greenfeld; Be'Eri,5,0,36,31
1656755746894,MATH 103A,A03,093561,Greenfeld; Be'Eri,4,0,36,32
1656755746894,MATH 103A,B01,083779,Greenfeld; Be'Eri,6,0,36,30
1656755746894,MATH 103A,B02,083780,Greenfeld; Be'Eri,2,0,36,34
1656755746894,MATH 103A,B03,093562,Greenfeld; Be'Eri,2,0,36,34
1656755752919,MATH 105,A01,085443,Carter; Anne Toulson,13,0,35,22
1656755752919,MATH 105,A02,093477,Carter; Anne Toulson,20,0,35,15
1656755758947,MATH 109,A01,083213,Ganzberger; Geoffrey Michael,2,0,34,32
1656755758947,MATH 109,A02,083214,Ganzberger; Geoffrey Michael,2,0,34,32
1656755758947,MATH 109,A03,093478,Ganzberger; Geoffrey Michael,1,0,34,33
1656755758947,MATH 109,B01,083215,Ganzberger; Geoffrey Michael,1,0,32,31
1656755758947,MATH 109,B02,083216,Ganzberger; Geoffrey Michael,1,0,32,31
1656755758947,MATH 109,B03,093479,Ganzberger; Geoffrey Michael,6,0,32,26
1656755764977,MATH 142A,A01,083219,Chow; Bennett,6,0,32,26
1656755764977,MATH 142A,A02,083220,Chow; Bennett,9,0,32,23
1656755764977,MATH 142A,A03,093480,Chow; Bennett,7,0,32,25
1656755764977,MATH 142A,B03,093481,Chow; Bennett,7,0,32,25
1656755764977,MATH 142A,B04,093558,Chow; Bennett,10,0,32,22
1656755764977,MATH 142A,B05,093559,Chow; Bennett,6,0,32,26
1656755771010,MATH 193A,A01,083224,Rotar; Vladimir,6,0,34,28
1656755771010,MATH 193A,A02,083225,Rotar; Vladimir,3,0,34,31
1656755771010,MATH 193A,A03,083781,Rotar; Vladimir,1,0,34,33
1656755771010,MATH 193A,A04,083782,Rotar; Vladimir,6,0,34,28
1656755771010,MATH 193A,A05,093482,Rotar; Vladimir,6,0,34,28
1656755777037,MATH 197,001,091859,McAuley; Julian John,9999,0,9999,0
1656755777037,MATH 197,002,095566,Kedlaya; Kiran S.,9997,0,9999,2
1656755777037,MATH 197,003,095567,Xiao; Ming,9999,0,9999,0
1656755777037,MATH 197,004,095571,Perols; Johan Lars,9998,0,9999,1
1656755784097,COGS 9,A01,083615,Shannon; Kyle Michael,6,0,75,69
1656755790122,COGS 11,A01,083617,Boyle; Mary E. T.,18,0,48,30
1656755796149,COGS 13,A01,083071,Bastos; Amalia Pinkusfeld,8,0,71,63
1656755802173,COGS 14A,A01,092681,Semenuks; Arturs,0,1,100,100
1656755808196,COGS 14B,A01,083073,Cheng; Tzu-Han,5,0,63,58
1656755814219,COGS 17,A01,092677,Semenuks; Arturs,4,0,81,77
1656755820245,COGS 100,A01,083619,Allen; Michael Gordon,15,0,70,55
1656755826365,COGS 101A,A01,083621,Davis; Joshua Daniel,9,0,68,59
1656755832389,COGS 101B,A01,091572,Allen; Michael Gordon,8,0,65,57
1656755838418,COGS 101C,A01,083625,Delgado; Tania,17,0,35,18
1656755844442,COGS 107A,A01,083627,Boyle; Mary E. T.,13,0,60,47
1656755850467,COGS 118A,A01,083075,Gupta; Anjum,15,0,76,61
1656755856500,CSE 3,A50,083646,Miranda; Gregory Joseph,22,0,50,28
1656755862524,CSE 8A,A50,083650,Miranda; Gregory Joseph,17,1,56,39
1656755868552,CSE 11,A01,083080,Cao; Yingjun,4,15,40,36
1656755874586,CSE 12,A01,083652,Krause-Levy; Sophia Louisa,20,1,120,100
1656755880614,CSE 15L,A01,083654,Morris; Justin Loren,8,0,50,42
1656755880614,CSE 15L,A02,083655,Morris; Justin Loren,8,0,50,42
1656755886643,CSE 20,A01,083657,Tran; Khoa Dang,37,0,80,43
1656755892669,CSE 21,A01,095574,Bach; Quang Tran,21,0,48,27
1656755898693,CSE 30,A01,083084,Eldon; John,4,0,80,76
1656755898693,CSE 30,B01,095061,Bhaskar; Nishant,5,0,50,45
1656755904717,CSE 100,A01,083659,Cao; Yingjun,1,4,70,69
1656755910741,CSE 134B,A01,083661,Powell; Thomas Allan,18,0,100,82
1656755916769,CSE 140,A01,083663,Gungor; Onat,14,0,85,71
1656755922792,CSE 140L,A01,083088,Eldon; John,16,0,100,84
1656755928815,CSE 175,A01,083665,Kumar; Rakesh,3,0,25,22
1656755934842,CSE 190,A00,092507,Dubnov; Shlomo,7,0,20,13
1656755940866,ECE 45,A01,083139,Congero; Spencer William,5,0,75,70
1656755946894,ECE 65,A50,083695,Saad; Andrew S,12,0,30,18
1656755946894,ECE 65,A51,095125,Saad; Andrew S,25,0,26,1
1656755952922,ECE 109,A01,091882,Touri; Behrouz,15,0,70,55
1656755958945,ECE 180,A00,083140,Abi Samra; Nicholas Camill,0,0,30,30
1656755958945,ECE 180,B00,083141,Abi Samra; Nicholas Camill,0,0,30,30
1656755964971,MATH 10A,A01,083735,Patchell; Gregory David,1,0,30,29
1656755964971,MATH 10A,A02,083736,Patchell; Gregory David,20,0,30,10
1656755964971,MATH 10A,A03,083737,Patchell; Gregory David,15,0,30,15
1656755970995,MATH 10B,A01,083207,Lim; Seonhee,7,0,34,27
1656755970995,MATH 10B,A02,083208,Lim; Seonhee,9,0,35,26
1656755970995,MATH 10B,A03,093472,Lim; Seonhee,4,0,34,30
1656755970995,MATH 10B,B01,083739,Sinha; Shubham,9,0,30,21
1656755977027,MATH 18,A01,083743,Cinel; Cameron Alexander,6,0,30,24
1656755977027,MATH 18,A02,083744,Cinel; Cameron Alexander,15,0,30,15
1656755977027,MATH 18,A03,083745,Cinel; Cameron Alexander,8,0,30,22
1656755977027,MATH 18,B01,083748,Rideout; David Porter,3,0,37,34
1656755977027,MATH 18,B02,083749,Rideout; David Porter,3,0,36,33
1656755977027,MATH 18,B03,083750,Rideout; David Porter,1,0,37,36
1656755977027,MATH 18,B04,083751,Rideout; David Porter,5,0,36,31
1656755977027,MATH 18,B05,093473,Rideout; David Porter,4,0,36,32
1656755977027,MATH 18,B06,093474,Rideout; David Porter,5,0,36,31
1656755983050,MATH 20A,A01,083754,Zheng; Zequn,12,0,40,28
1656755989074,MATH 20B,A01,083756,Briones; Jor-el Thomas Caparas,1,0,36,35
1656755989074,MATH 20B,A02,083757,Briones; Jor-el Thomas Caparas,1,0,36,35
1656755989074,MATH 20B,A03,093475,Briones; Jor-el Thomas Caparas,0,0,36,36
1656755995099,MATH 20C,A01,083760,Briones; Jor-el Thomas Caparas,1,0,35,34
1656755995099,MATH 20C,A02,083761,Briones; Jor-el Thomas Caparas,8,0,35,27
1656755995099,MATH 20C,A03,093476,Briones; Jor-el Thomas Caparas,0,1,36,36
1656755995099,MATH 20C,B01,083762,Bach; Quang Tran,0,0,30,30
1656756001128,MATH 20D,A01,083765,Tran; Brian Kha,4,0,30,26
1656756001128,MATH 20D,A02,083766,Tran; Brian Kha,4,0,30,26
1656756001128,MATH 20D,A03,083767,Tran; Brian Kha,2,0,30,28
1656756007153,MATH 20E,A01,083771,Ganguly; Soumya,5,0,32,27
1656756007153,MATH 20E,A02,083772,Ganguly; Soumya,5,0,32,27
1656756007153,MATH 20E,B01,083773,Ciotti; Benjamin,18,0,35,17
1656756007153,MATH 20E,B02,083774,Ciotti; Benjamin,17,0,35,18
1656756013186,MATH 103A,A01,083777,Greenfeld; Be'Eri,2,0,36,34
1656756013186,MATH 103A,A02,083778,Greenfeld; Be'Eri,5,0,36,31
1656756013186,MATH 103A,A03,093561,Greenfeld; Be'Eri,4,0,36,32
1656756013186,MATH 103A,B01,083779,Greenfeld; Be'Eri,6,0,36,30
1656756013186,MATH 103A,B02,083780,Greenfeld; Be'Eri,2,0,36,34
1656756013186,MATH 103A,B03,093562,Greenfeld; Be'Eri,2,0,36,34
1656756019213,MATH 105,A01,085443,Carter; Anne Toulson,13,0,35,22
1656756019213,MATH 105,A02,093477,Carter; Anne Toulson,20,0,35,15
1656756025243,MATH 109,A01,083213,Ganzberger; Geoffrey Michael,2,0,34,32
1656756025243,MATH 109,A02,083214,Ganzberger; Geoffrey Michael,2,0,34,32
1656756025243,MATH 109,A03,093478,Ganzberger; Geoffrey Michael,1,0,34,33
1656756025243,MATH 109,B01,083215,Ganzberger; Geoffrey Michael,1,0,32,31
1656756025243,MATH 109,B02,083216,Ganzberger; Geoffrey Michael,1,0,32,31
1656756025243,MATH 109,B03,093479,Ganzberger; Geoffrey Michael,6,0,32,26
1656756031269,MATH 142A,A01,083219,Chow; Bennett,6,0,32,26
1656756031269,MATH 142A,A02,083220,Chow; Bennett,9,0,32,23
1656756031269,MATH 142A,A03,093480,Chow; Bennett,7,0,32,25
1656756031269,MATH 142A,B03,093481,Chow; Bennett,7,0,32,25
1656756031269,MATH 142A,B04,093558,Chow; Bennett,10,0,32,22
1656756031269,MATH 142A,B05,093559,Chow; Bennett,6,0,32,26
1656756037294,MATH 193A,A01,083224,Rotar; Vladimir,6,0,34,28
1656756037294,MATH 193A,A02,083225,Rotar; Vladimir,3,0,34,31
1656756037294,MATH 193A,A03,083781,Rotar; Vladimir,1,0,34,33
1656756037294,MATH 193A,A04,083782,Rotar; Vladimir,6,0,34,28
1656756037294,MATH 193A,A05,093482,Rotar; Vladimir,6,0,34,28
1656756043317,MATH 197,001,091859,McAuley; Julian John,9999,0,9999,0
1656756043317,MATH 197,002,095566,Kedlaya; Kiran S.,9997,0,9999,2
1656756043317,MATH 197,003,095567,Xiao; Ming,9999,0,9999,0
1656756043317,MATH 197,004,095571,Perols; Johan Lars,9998,0,9999,1
1656756050389,COGS 9,A01,083615,Shannon; Kyle Michael,6,0,75,69
1656756056413,COGS 11,A01,083617,Boyle; Mary E. T.,18,0,48,30
1656756062444,COGS 13,A01,083071,Bastos; Amalia Pinkusfeld,8,0,71,63
1656756068473,COGS 14A,A01,092681,Semenuks; Arturs,0,1,100,100
1656756074497,COGS 14B,A01,083073,Cheng; Tzu-Han,5,0,63,58
1656756080525,COGS 17,A01,092677,Semenuks; Arturs,4,0,81,77
1656756086552,COGS 100,A01,083619,Allen; Michael Gordon,15,0,70,55
1656756092579,COGS 101A,A01,083621,Davis; Joshua Daniel,9,0,68,59
1656756098612,COGS 101B,A01,091572,Allen; Michael Gordon,8,0,65,57
1656756104641,COGS 101C,A01,083625,Delgado; Tania,17,0,35,18
1656756110663,COGS 107A,A01,083627,Boyle; Mary E. T.,13,0,60,47
1656756116688,COGS 118A,A01,083075,Gupta; Anjum,15,0,76,61
1656756122714,CSE 3,A50,083646,Miranda; Gregory Joseph,22,0,50,28
1656756128740,CSE 8A,A50,083650,Miranda; Gregory Joseph,17,1,56,39
1656756134768,CSE 11,A01,083080,Cao; Yingjun,4,15,40,36
1656756140791,CSE 12,A01,083652,Krause-Levy; Sophia Louisa,20,1,120,100
1656756146816,CSE 15L,A01,083654,Morris; Justin Loren,8,0,50,42
1656756146816,CSE 15L,A02,083655,Morris; Justin Loren,8,0,50,42
1656756152840,CSE 20,A01,083657,Tran; Khoa Dang,37,0,80,43
1656756158866,CSE 21,A01,095574,Bach; Quang Tran,21,0,48,27
1656756164896,CSE 30,A01,083084,Eldon; John,4,0,80,76
1656756164896,CSE 30,B01,095061,Bhaskar; Nishant,5,0,50,45
1656756170918,CSE 100,A01,083659,Cao; Yingjun,1,4,70,69
1656756176945,CSE 134B,A01,083661,Powell; Thomas Allan,18,0,100,82
1656756182971,CSE 140,A01,083663,Gungor; Onat,14,0,85,71
1656756188994,CSE 140L,A01,083088,Eldon; John,16,0,100,84
1656756195017,CSE 175,A01,083665,Kumar; Rakesh,3,0,25,22
1656756201046,CSE 190,A00,092507,Dubnov; Shlomo,7,0,20,13
1656756207073,ECE 45,A01,083139,Congero; Spencer William,5,0,75,70
1656756213097,ECE 65,A50,083695,Saad; Andrew S,12,0,30,18
1656756213097,ECE 65,A51,095125,Saad; Andrew S,25,0,26,1
1656756219121,ECE 109,A01,091882,Touri; Behrouz,15,0,70,55
1656756225145,ECE 180,A00,083140,Abi Samra; Nicholas Camill,0,0,30,30
1656756225145,ECE 180,B00,083141,Abi Samra; Nicholas Camill,0,0,30,30
1656756231174,MATH 10A,A01,083735,Patchell; Gregory David,1,0,30,29
1656756231174,MATH 10A,A02,083736,Patchell; Gregory David,20,0,30,10
1656756231174,MATH 10A,A03,083737,Patchell; Gregory David,15,0,30,15
1656756237198,MATH 10B,A01,083207,Lim; Seonhee,7,0,34,27
1656756237198,MATH 10B,A02,083208,Lim; Seonhee,9,0,35,26
1656756237198,MATH 10B,A03,093472,Lim; Seonhee,4,0,34,30
1656756237198,MATH 10B,B01,083739,Sinha; Shubham,9,0,30,21
1656756243224,MATH 18,A01,083743,Cinel; Cameron Alexander,6,0,30,24
1656756243224,MATH 18,A02,083744,Cinel; Cameron Alexander,15,0,30,15
1656756243224,MATH 18,A03,083745,Cinel; Cameron Alexander,8,0,30,22
1656756243224,MATH 18,B01,083748,Rideout; David Porter,3,0,37,34
1656756243224,MATH 18,B02,083749,Rideout; David Porter,3,0,36,33
1656756243224,MATH 18,B03,083750,Rideout; David Porter,1,0,37,36
1656756243224,MATH 18,B04,083751,Rideout; David Porter,5,0,36,31
1656756243224,MATH 18,B05,093473,Rideout; David Porter,4,0,36,32
1656756243224,MATH 18,B06,093474,Rideout; David Porter,5,0,36,31
1656756249252,MATH 20A,A01,083754,Zheng; Zequn,12,0,40,28
1656756255284,MATH 20B,A01,083756,Briones; Jor-el Thomas Caparas,1,0,36,35
1656756255284,MATH 20B,A02,083757,Briones; Jor-el Thomas Caparas,1,0,36,35
1656756255284,MATH 20B,A03,093475,Briones; Jor-el Thomas Caparas,0,0,36,36
1656756261308,MATH 20C,A01,083760,Briones; Jor-el Thomas Caparas,1,0,35,34
1656756261308,MATH 20C,A02,083761,Briones; Jor-el Thomas Caparas,8,0,35,27
1656756261308,MATH 20C,A03,093476,Briones; Jor-el Thomas Caparas,0,1,36,36
1656756261308,MATH 20C,B01,083762,Bach; Quang Tran,0,0,30,30
1656756267339,MATH 20D,A01,083765,Tran; Brian Kha,4,0,30,26
1656756267339,MATH 20D,A02,083766,Tran; Brian Kha,4,0,30,26
1656756267339,MATH 20D,A03,083767,Tran; Brian Kha,2,0,30,28
1656756273374,MATH 20E,A01,083771,Ganguly; Soumya,5,0,32,27
1656756273374,MATH 20E,A02,083772,Ganguly; Soumya,5,0,32,27
1656756273374,MATH 20E,B01,083773,Ciotti; Benjamin,18,0,35,17
1656756273374,MATH 20E,B02,083774,Ciotti; Benjamin,17,0,35,18
1656756279401,MATH 103A,A01,083777,Greenfeld; Be'Eri,2,0,36,34
1656756279401,MATH 103A,A02,083778,Greenfeld; Be'Eri,5,0,36,31
1656756279401,MATH 103A,A03,093561,Greenfeld; Be'Eri,4,0,36,32
1656756279401,MATH 103A,B01,083779,Greenfeld; Be'Eri,6,0,36,30
1656756279401,MATH 103A,B02,083780,Greenfeld; Be'Eri,2,0,36,34
1656756279401,MATH 103A,B03,093562,Greenfeld; Be'Eri,2,0,36,34
1656756285429,MATH 105,A01,085443,Carter; Anne Toulson,13,0,35,22
1656756285429,MATH 105,A02,093477,Carter; Anne Toulson,20,0,35,15
1656756291459,MATH 109,A01,083213,Ganzberger; Geoffrey Michael,2,0,34,32
1656756291459,MATH 109,A02,083214,Ganzberger; Geoffrey Michael,2,0,34,32
1656756291459,MATH 109,A03,093478,Ganzberger; Geoffrey Michael,1,0,34,33
1656756291459,MATH 109,B01,083215,Ganzberger; Geoffrey Michael,1,0,32,31
1656756291459,MATH 109,B02,083216,Ganzberger; Geoffrey Michael,1,0,32,31
1656756291459,MATH 109,B03,093479,Ganzberger; Geoffrey Michael,6,0,32,26
1656756297489,MATH 142A,A01,083219,Chow; Bennett,6,0,32,26
1656756297489,MATH 142A,A02,083220,Chow; Bennett,9,0,32,23
1656756297489,MATH 142A,A03,093480,Chow; Bennett,7,0,32,25
1656756297489,MATH 142A,B03,093481,Chow; Bennett,7,0,32,25
1656756297489,MATH 142A,B04,093558,Chow; Bennett,10,0,32,22
1656756297489,MATH 142A,B05,093559,Chow; Bennett,6,0,32,26
1656756303514,MATH 193A,A01,083224,Rotar; Vladimir,6,0,34,28
1656756303514,MATH 193A,A02,083225,Rotar; Vladimir,3,0,34,31
1656756303514,MATH 193A,A03,083781,Rotar; Vladimir,1,0,34,33
1656756303514,MATH 193A,A04,083782,Rotar; Vladimir,6,0,34,28
1656756303514,MATH 193A,A05,093482,Rotar; Vladimir,6,0,34,28
1656756309537,MATH 197,001,091859,McAuley; Julian John,9999,0,9999,0
1656756309537,MATH 197,002,095566,Kedlaya; Kiran S.,9997,0,9999,2
1656756309537,MATH 197,003,095567,Xiao; Ming,9999,0,9999,0
1656756309537,MATH 197,004,095571,Perols; Johan Lars,9998,0,9999,1
1656756316589,COGS 9,A01,083615,Shannon; Kyle Michael,6,0,75,69
1656756322617,COGS 11,A01,083617,Boyle; Mary E. T.,18,0,48,30
1656756328640,COGS 13,A01,083071,Bastos; Amalia Pinkusfeld,8,0,71,63
1656756334668,COGS 14A,A01,092681,Semenuks; Arturs,0,1,100,100
1656756340722,COGS 14B,A01,083073,Cheng; Tzu-Han,5,0,63,58
1656756346747,COGS 17,A01,092677,Semenuks; Arturs,4,0,81,77
1656756352772,COGS 100,A01,083619,Allen; Michael Gordon,15,0,70,55
1656756358802,COGS 101A,A01,083621,Davis; Joshua Daniel,9,0,68,59
1656756364828,COGS 101B,A01,091572,Allen; Michael Gordon,8,0,65,57
1656756370852,COGS 101C,A01,083625,Delgado; Tania,17,0,35,18
1656756376875,COGS 107A,A01,083627,Boyle; Mary E. T.,13,0,60,47
1656756382902,COGS 118A,A01,083075,Gupta; Anjum,15,0,76,61
1656756388938,CSE 3,A50,083646,Miranda; Gregory Joseph,22,0,50,28
1656756394965,CSE 8A,A50,083650,Miranda; Gregory Joseph,17,1,56,39
1656756400990,CSE 11,A01,083080,Cao; Yingjun,4,15,40,36
1656756407015,CSE 12,A01,083652,Krause-Levy; Sophia Louisa,20,1,120,100
1656756413043,CSE 15L,A01,083654,Morris; Justin Loren,8,0,50,42
1656756413043,CSE 15L,A02,083655,Morris; Justin Loren,8,0,50,42
1656756419064,CSE 20,A01,083657,Tran; Khoa Dang,37,0,80,43
1656756425172,CSE 21,A01,095574,Bach; Quang Tran,21,0,48,27
1656756431195,CSE 30,A01,083084,Eldon; John,4,0,80,76
1656756431195,CSE 30,B01,095061,Bhaskar; Nishant,5,0,50,45
1656756437222,CSE 100,A01,083659,Cao; Yingjun,1,4,70,69
1656756443250,CSE 134B,A01,083661,Powell; Thomas Allan,18,0,100,82
1656756449277,CSE 140,A01,083663,Gungor; Onat,14,0,85,71
1656756455300,CSE 140L,A01,083088,Eldon; John,16,0,100,84
1656756461323,CSE 175,A01,083665,Kumar; Rakesh,3,0,25,22
1656756467345,CSE 190,A00,092507,Dubnov; Shlomo,7,0,20,13
1656756473368,ECE 45,A01,083139,Congero; Spencer William,5,0,75,70
1656756479391,ECE 65,A50,083695,Saad; Andrew S,12,0,30,18
1656756479391,ECE 65,A51,095125,Saad; Andrew S,25,0,26,1
1656756485415,ECE 109,A01,091882,Touri; Behrouz,15,0,70,55
1656756491438,ECE 180,A00,083140,Abi Samra; Nicholas Camill,0,0,30,30
1656756491438,ECE 180,B00,083141,Abi Samra; Nicholas Camill,0,0,30,30
1656756497461,MATH 10A,A01,083735,Patchell; Gregory David,1,0,30,29
1656756497461,MATH 10A,A02,083736,Patchell; Gregory David,20,0,30,10
1656756497461,MATH 10A,A03,083737,Patchell; Gregory David,15,0,30,15
1656756503491,MATH 10B,A01,083207,Lim; Seonhee,7,0,34,27
1656756503491,MATH 10B,A02,083208,Lim; Seonhee,9,0,35,26
1656756503491,MATH 10B,A03,093472,Lim; Seonhee,4,0,34,30
1656756503491,MATH 10B,B01,083739,Sinha; Shubham,9,0,30,21
1656756509517,MATH 18,A01,083743,Cinel; Cameron Alexander,6,0,30,24
1656756509517,MATH 18,A02,083744,Cinel; Cameron Alexander,15,0,30,15
1656756509517,MATH 18,A03,083745,Cinel; Cameron Alexander,8,0,30,22
1656756509517,MATH 18,B01,083748,Rideout; David Porter,3,0,37,34
1656756509517,MATH 18,B02,083749,Rideout; David Porter,3,0,36,33
1656756509517,MATH 18,B03,083750,Rideout; David Porter,1,0,37,36
1656756509517,MATH 18,B04,083751,Rideout; David Porter,5,0,36,31
1656756509517,MATH 18,B05,093473,Rideout; David Porter,4,0,36,32
1656756509517,MATH 18,B06,093474,Rideout; David Porter,5,0,36,31
1656756515543,MATH 20A,A01,083754,Zheng; Zequn,12,0,40,28
1656756521568,MATH 20B,A01,083756,Briones; Jor-el Thomas Caparas,1,0,36,35
1656756521568,MATH 20B,A02,083757,Briones; Jor-el Thomas Caparas,1,0,36,35
1656756521568,MATH 20B,A03,093475,Briones; Jor-el Thomas Caparas,0,0,36,36
1656756527596,MATH 20C,A01,083760,Briones; Jor-el Thomas Caparas,1,0,35,34
1656756527596,MATH 20C,A02,083761,Briones; Jor-el Thomas Caparas,8,0,35,27
1656756527596,MATH 20C,A03,093476,Briones; Jor-el Thomas Caparas,0,1,36,36
1656756527596,MATH 20C,B01,083762,Bach; Quang Tran,0,0,30,30
1656756533619,MATH 20D,A01,083765,Tran; Brian Kha,4,0,30,26
1656756533619,MATH 20D,A02,083766,Tran; Brian Kha,4,0,30,26
1656756533619,MATH 20D,A03,083767,Tran; Brian Kha,2,0,30,28
1656756539648,MATH 20E,A01,083771,Ganguly; Soumya,5,0,32,27
1656756539648,MATH 20E,A02,083772,Ganguly; Soumya,5,0,32,27
1656756539648,MATH 20E,B01,083773,Ciotti; Benjamin,18,0,35,17
1656756539648,MATH 20E,B02,083774,Ciotti; Benjamin,17,0,35,18
1656756545676,MATH 103A,A01,083777,Greenfeld; Be'Eri,2,0,36,34
1656756545676,MATH 103A,A02,083778,Greenfeld; Be'Eri,5,0,36,31
1656756545676,MATH 103A,A03,093561,Greenfeld; Be'Eri,4,0,36,32
1656756545676,MATH 103A,B01,083779,Greenfeld; Be'Eri,6,0,36,30
1656756545676,MATH 103A,B02,083780,Greenfeld; Be'Eri,2,0,36,34
1656756545676,MATH 103A,B03,093562,Greenfeld; Be'Eri,2,0,36,34
1656756551702,MATH 105,A01,085443,Carter; Anne Toulson,13,0,35,22
1656756551702,MATH 105,A02,093477,Carter; Anne Toulson,20,0,35,15
1656756557729,MATH 109,A01,083213,Ganzberger; Geoffrey Michael,2,0,34,32
1656756557729,MATH 109,A02,083214,Ganzberger; Geoffrey Michael,2,0,34,32
1656756557729,MATH 109,A03,093478,Ganzberger; Geoffrey Michael,1,0,34,33
1656756557729,MATH 109,B01,083215,Ganzberger; Geoffrey Michael,1,0,32,31
1656756557729,MATH 109,B02,083216,Ganzberger; Geoffrey Michael,1,0,32,31
1656756557729,MATH 109,B03,093479,Ganzberger; Geoffrey Michael,6,0,32,26
1656756563754,MATH 142A,A01,083219,Chow; Bennett,6,0,32,26
1656756563754,MATH 142A,A02,083220,Chow; Bennett,9,0,32,23
1656756563754,MATH 142A,A03,093480,Chow; Bennett,7,0,32,25
1656756563754,MATH 142A,B03,093481,Chow; Bennett,7,0,32,25
1656756563754,MATH 142A,B04,093558,Chow; Bennett,10,0,32,22
1656756563754,MATH 142A,B05,093559,Chow; Bennett,6,0,32,26
1656756569780,MATH 193A,A01,083224,Rotar; Vladimir,6,0,34,28
1656756569780,MATH 193A,A02,083225,Rotar; Vladimir,3,0,34,31
1656756569780,MATH 193A,A03,083781,Rotar; Vladimir,1,0,34,33
1656756569780,MATH 193A,A04,083782,Rotar; Vladimir,6,0,34,28
1656756569780,MATH 193A,A05,093482,Rotar; Vladimir,6,0,34,28
1656756575806,MATH 197,001,091859,McAuley; Julian John,9999,0,9999,0
1656756575806,MATH 197,002,095566,Kedlaya; Kiran S.,9997,0,9999,2
1656756575806,MATH 197,003,095567,Xiao; Ming,9999,0,9999,0
1656756575806,MATH 197,004,095571,Perols; Johan Lars,9998,0,9999,1
1656756582872,COGS 9,A01,083615,Shannon; Kyle Michael,6,0,75,69
1656756588896,COGS 11,A01,083617,Boyle; Mary E. T.,18,0,48,30
1656756594924,COGS 13,A01,083071,Bastos; Amalia Pinkusfeld,8,0,71,63
1656756600950,COGS 14A,A01,092681,Semenuks; Arturs,0,1,100,100
1656756606974,COGS 14B,A01,083073,Cheng; Tzu-Han,5,0,63,58
1656756613001,COGS 17,A01,092677,Semenuks; Arturs,4,0,81,77
1656756619029,COGS 100,A01,083619,Allen; Michael Gordon,15,0,70,55
1656756625054,COGS 101A,A01,083621,Davis; Joshua Daniel,9,0,68,59
1656756631076,COGS 101B,A01,091572,Allen; Michael Gordon,8,0,65,57
1656756637110,COGS 101C,A01,083625,Delgado; Tania,17,0,35,18
1656756643134,COGS 107A,A01,083627,Boyle; Mary E. T.,13,0,60,47
1656756649160,COGS 118A,A01,083075,Gupta; Anjum,15,0,76,61
1656756655188,CSE 3,A50,083646,Miranda; Gregory Joseph,22,0,50,28
1656756661212,CSE 8A,A50,083650,Miranda; Gregory Joseph,17,1,56,39
1656756667234,CSE 11,A01,083080,Cao; Yingjun,4,15,40,36
1656756673261,CSE 12,A01,083652,Krause-Levy; Sophia Louisa,20,1,120,100
1656756679285,CSE 15L,A01,083654,Morris; Justin Loren,8,0,50,42
1656756679285,CSE 15L,A02,083655,Morris; Justin Loren,8,0,50,42
1656756685309,CSE 20,A01,083657,Tran; Khoa Dang,37,0,80,43
1656756691335,CSE 21,A01,095574,Bach; Quang Tran,21,0,48,27
1656756697360,CSE 30,A01,083084,Eldon; John,4,0,80,76
1656756697360,CSE 30,B01,095061,Bhaskar; Nishant,5,0,50,45
1656756703388,CSE 100,A01,083659,Cao; Yingjun,1,4,70,69
1656756709415,CSE 134B,A01,083661,Powell; Thomas Allan,18,0,100,82
1656756715438,CSE 140,A01,083663,Gungor; Onat,14,0,85,71
1656756721464,CSE 140L,A01,083088,Eldon; John,16,0,100,84
1656756727499,CSE 175,A01,083665,Kumar; Rakesh,3,0,25,22
1656756733523,CSE 190,A00,092507,Dubnov; Shlomo,7,0,20,13
1656756739544,ECE 45,A01,083139,Congero; Spencer William,5,0,75,70
1656756745566,ECE 65,A50,083695,Saad; Andrew S,12,0,30,18
1656756745566,ECE 65,A51,095125,Saad; Andrew S,25,0,26,1
1656756751589,ECE 109,A01,091882,Touri; Behrouz,15,0,70,55
1656756757611,ECE 180,A00,083140,Abi Samra; Nicholas Camill,0,0,30,30
1656756757611,ECE 180,B00,083141,Abi Samra; Nicholas Camill,0,0,30,30
1656756763636,MATH 10A,A01,083735,Patchell; Gregory David,1,0,30,29
1656756763636,MATH 10A,A02,083736,Patchell; Gregory David,20,0,30,10
1656756763636,MATH 10A,A03,083737,Patchell; Gregory David,15,0,30,15
1656756769659,MATH 10B,A01,083207,Lim; Seonhee,7,0,34,27
1656756769659,MATH 10B,A02,083208,Lim; Seonhee,9,0,35,26
1656756769659,MATH 10B,A03,093472,Lim; Seonhee,4,0,34,30
1656756769659,MATH 10B,B01,083739,Sinha; Shubham,9,0,30,21
1656756775682,MATH 18,A01,083743,Cinel; Cameron Alexander,6,0,30,24
1656756775682,MATH 18,A02,083744,Cinel; Cameron Alexander,15,0,30,15
1656756775682,MATH 18,A03,083745,Cinel; Cameron Alexander,8,0,30,22
1656756775682,MATH 18,B01,083748,Rideout; David Porter,3,0,37,34
1656756775682,MATH 18,B02,083749,Rideout; David Porter,3,0,36,33
1656756775682,MATH 18,B03,083750,Rideout; David Porter,1,0,37,36
1656756775682,MATH 18,B04,083751,Rideout; David Porter,5,0,36,31
1656756775682,MATH 18,B05,093473,Rideout; David Porter,4,0,36,32
1656756775682,MATH 18,B06,093474,Rideout; David Porter,5,0,36,31
1656756781704,MATH 20A,A01,083754,Zheng; Zequn,12,0,40,28
1656756787730,MATH 20B,A01,083756,Briones; Jor-el Thomas Caparas,1,0,36,35
1656756787730,MATH 20B,A02,083757,Briones; Jor-el Thomas Caparas,1,0,36,35
1656756787730,MATH 20B,A03,093475,Briones; Jor-el Thomas Caparas,0,0,36,36
1656756793753,MATH 20C,A01,083760,Briones; Jor-el Thomas Caparas,1,0,35,34
1656756793753,MATH 20C,A02,083761,Briones; Jor-el Thomas Caparas,8,0,35,27
1656756793753,MATH 20C,A03,093476,Briones; Jor-el Thomas Caparas,0,1,36,36
1656756793753,MATH 20C,B01,083762,Bach; Quang Tran,0,0,30,30
1656756799789,MATH 20D,A01,083765,Tran; Brian Kha,4,0,30,26
1656756799789,MATH 20D,A02,083766,Tran; Brian Kha,4,0,30,26
1656756799789,MATH 20D,A03,083767,Tran; Brian Kha,2,0,30,28
1656756805816,MATH 20E,A01,083771,Ganguly; Soumya,5,0,32,27
1656756805816,MATH 20E,A02,083772,Ganguly; Soumya,5,0,32,27
1656756805816,MATH 20E,B01,083773,Ciotti; Benjamin,18,0,35,17
1656756805816,MATH 20E,B02,083774,Ciotti; Benjamin,17,0,35,18
1656756811845,MATH 103A,A01,083777,Greenfeld; Be'Eri,2,0,36,34
1656756811845,MATH 103A,A02,083778,Greenfeld; Be'Eri,5,0,36,31
1656756811845,MATH 103A,A03,093561,Greenfeld; Be'Eri,4,0,36,32
1656756811845,MATH 103A,B01,083779,Greenfeld; Be'Eri,6,0,36,30
1656756811845,MATH 103A,B02,083780,Greenfeld; Be'Eri,2,0,36,34
1656756811845,MATH 103A,B03,093562,Greenfeld; Be'Eri,2,0,36,34
1656756817873,MATH 105,A01,085443,Carter; Anne Toulson,13,0,35,22
1656756817873,MATH 105,A02,093477,Carter; Anne Toulson,20,0,35,15
1656756823901,MATH 109,A01,083213,Ganzberger; Geoffrey Michael,2,0,34,32
1656756823901,MATH 109,A02,083214,Ganzberger; Geoffrey Michael,2,0,34,32
1656756823901,MATH 109,A03,093478,Ganzberger; Geoffrey Michael,1,0,34,33
1656756823901,MATH 109,B01,083215,Ganzberger; Geoffrey Michael,1,0,32,31
1656756823901,MATH 109,B02,083216,Ganzberger; Geoffrey Michael,1,0,32,31
1656756823901,MATH 109,B03,093479,Ganzberger; Geoffrey Michael,6,0,32,26
1656756829930,MATH 142A,A01,083219,Chow; Bennett,6,0,32,26
1656756829930,MATH 142A,A02,083220,Chow; Bennett,9,0,32,23
1656756829930,MATH 142A,A03,093480,Chow; Bennett,7,0,32,25
1656756829930,MATH 142A,B03,093481,Chow; Bennett,7,0,32,25
1656756829930,MATH 142A,B04,093558,Chow; Bennett,10,0,32,22
1656756829930,MATH 142A,B05,093559,Chow; Bennett,6,0,32,26
1656756835954,MATH 193A,A01,083224,Rotar; Vladimir,6,0,34,28
1656756835954,MATH 193A,A02,083225,Rotar; Vladimir,3,0,34,31
1656756835954,MATH 193A,A03,083781,Rotar; Vladimir,1,0,34,33
1656756835954,MATH 193A,A04,083782,Rotar; Vladimir,6,0,34,28
1656756835954,MATH 193A,A05,093482,Rotar; Vladimir,6,0,34,28
1656756841980,MATH 197,001,091859,McAuley; Julian John,9999,0,9999,0
1656756841980,MATH 197,002,095566,Kedlaya; Kiran S.,9997,0,9999,2
1656756841980,MATH 197,003,095567,Xiao; Ming,9999,0,9999,0
1656756841980,MATH 197,004,095571,Perols; Johan Lars,9998,0,9999,1
1656756849048,COGS 9,A01,083615,Shannon; Kyle Michael,6,0,75,69
1656756855070,COGS 11,A01,083617,Boyle; Mary E. T.,18,0,48,30
1656756861095,COGS 13,A01,083071,Bastos; Amalia Pinkusfeld,8,0,71,63
1656756867120,COGS 14A,A01,092681,Semenuks; Arturs,0,1,100,100
1656756873144,COGS 14B,A01,083073,Cheng; Tzu-Han,5,0,63,58
1656756879170,COGS 17,A01,092677,Semenuks; Arturs,4,0,81,77
1656756885192,COGS 100,A01,083619,Allen; Michael Gordon,15,0,70,55
1656756891217,COGS 101A,A01,083621,Davis; Joshua Daniel,9,0,68,59
1656756897242,COGS 101B,A01,091572,Allen; Michael Gordon,8,0,65,57
1656756903270,COGS 101C,A01,083625,Delgado; Tania,17,0,35,18
1656756909295,COGS 107A,A01,083627,Boyle; Mary E. T.,13,0,60,47
1656756915322,COGS 118A,A01,083075,Gupta; Anjum,15,0,76,61
1656756921345,CSE 3,A50,083646,Miranda; Gregory Joseph,22,0,50,28
1656756927368,CSE 8A,A50,083650,Miranda; Gregory Joseph,17,1,56,39
1656756933390,CSE 11,A01,083080,Cao; Yingjun,4,15,40,36
1656756939414,CSE 12,A01,083652,Krause-Levy; Sophia Louisa,20,1,120,100
1656756945437,CSE 15L,A01,083654,Morris; Justin Loren,8,0,50,42
1656756945437,CSE 15L,A02,083655,Morris; Justin Loren,8,0,50,42
1656756951464,CSE 20,A01,083657,Tran; Khoa Dang,37,0,80,43
1656756957491,CSE 21,A01,095574,Bach; Quang Tran,21,0,48,27
1656756963514,CSE 30,A01,083084,Eldon; John,4,0,80,76
1656756963514,CSE 30,B01,095061,Bhaskar; Nishant,5,0,50,45
1656756969543,CSE 100,A01,083659,Cao; Yingjun,1,4,70,69
1656756975570,CSE 134B,A01,083661,Powell; Thomas Allan,18,0,100,82
1656756981594,CSE 140,A01,083663,Gungor; Onat,14,0,85,71
1656756987621,CSE 140L,A01,083088,Eldon; John,16,0,100,84
1656756993648,CSE 175,A01,083665,Kumar; Rakesh,3,0,25,22
1656756999674,CSE 190,A00,092507,Dubnov; Shlomo,7,0,20,13
1656757005701,ECE 45,A01,083139,Congero; Spencer William,5,0,75,70
1656757011724,ECE 65,A50,083695,Saad; Andrew S,12,0,30,18
1656757011724,ECE 65,A51,095125,Saad; Andrew S,25,0,26,1
1656757017751,ECE 109,A01,091882,Touri; Behrouz,15,0,70,55
1656757023847,ECE 180,A00,083140,Abi Samra; Nicholas Camill,0,0,30,30
1656757023847,ECE 180,B00,083141,Abi Samra; Nicholas Camill,0,0,30,30
1656757029871,MATH 10A,A01,083735,Patchell; Gregory David,1,0,30,29
1656757029871,MATH 10A,A02,083736,Patchell; Gregory David,20,0,30,10
1656757029871,MATH 10A,A03,083737,Patchell; Gregory David,15,0,30,15
1656757035894,MATH 10B,A01,083207,Lim; Seonhee,7,0,34,27
1656757035894,MATH 10B,A02,083208,Lim; Seonhee,9,0,35,26
1656757035894,MATH 10B,A03,093472,Lim; Seonhee,4,0,34,30
1656757035894,MATH 10B,B01,083739,Sinha; Shubham,9,0,30,21
1656757041919,MATH 18,A01,083743,Cinel; Cameron Alexander,6,0,30,24
1656757041919,MATH 18,A02,083744,Cinel; Cameron Alexander,15,0,30,15
1656757041919,MATH 18,A03,083745,Cinel; Cameron Alexander,8,0,30,22
1656757041919,MATH 18,B01,083748,Rideout; David Porter,3,0,37,34
1656757041919,MATH 18,B02,083749,Rideout; David Porter,3,0,36,33
1656757041919,MATH 18,B03,083750,Rideout; David Porter,1,0,37,36
1656757041919,MATH 18,B04,083751,Rideout; David Porter,5,0,36,31
1656757041919,MATH 18,B05,093473,Rideout; David Porter,4,0,36,32
1656757041919,MATH 18,B06,093474,Rideout; David Porter,5,0,36,31
1656757047941,MATH 20A,A01,083754,Zheng; Zequn,12,0,40,28
1656757053964,MATH 20B,A01,083756,Briones; Jor-el Thomas Caparas,1,0,36,35
1656757053964,MATH 20B,A02,083757,Briones; Jor-el Thomas Caparas,1,0,36,35
1656757053964,MATH 20B,A03,093475,Briones; Jor-el Thomas Caparas,0,0,36,36
1656757059986,MATH 20C,A01,083760,Briones; Jor-el Thomas Caparas,1,0,35,34
1656757059986,MATH 20C,A02,083761,Briones; Jor-el Thomas Caparas,8,0,35,27
1656757059986,MATH 20C,A03,093476,Briones; Jor-el Thomas Caparas,0,1,36,36
1656757059986,MATH 20C,B01,083762,Bach; Quang Tran,0,0,30,30
1656757066012,MATH 20D,A01,083765,Tran; Brian Kha,4,0,30,26
1656757066012,MATH 20D,A02,083766,Tran; Brian Kha,4,0,30,26
1656757066012,MATH 20D,A03,083767,Tran; Brian Kha,2,0,30,28
1656757072035,MATH 20E,A01,083771,Ganguly; Soumya,5,0,32,27
1656757072035,MATH 20E,A02,083772,Ganguly; Soumya,5,0,32,27
1656757072035,MATH 20E,B01,083773,Ciotti; Benjamin,18,0,35,17
1656757072035,MATH 20E,B02,083774,Ciotti; Benjamin,17,0,35,18
1656757078058,MATH 103A,A01,083777,Greenfeld; Be'Eri,2,0,36,34
1656757078058,MATH 103A,A02,083778,Greenfeld; Be'Eri,5,0,36,31
1656757078058,MATH 103A,A03,093561,Greenfeld; Be'Eri,4,0,36,32
1656757078058,MATH 103A,B01,083779,Greenfeld; Be'Eri,6,0,36,30
1656757078058,MATH 103A,B02,083780,Greenfeld; Be'Eri,2,0,36,34
1656757078058,MATH 103A,B03,093562,Greenfeld; Be'Eri,2,0,36,34
1656757084082,MATH 105,A01,085443,Carter; Anne Toulson,13,0,35,22
1656757084082,MATH 105,A02,093477,Carter; Anne Toulson,20,0,35,15
1656757090106,MATH 109,A01,083213,Ganzberger; Geoffrey Michael,2,0,34,32
1656757090106,MATH 109,A02,083214,Ganzberger; Geoffrey Michael,2,0,34,32
1656757090106,MATH 109,A03,093478,Ganzberger; Geoffrey Michael,1,0,34,33
1656757090106,MATH 109,B01,083215,Ganzberger; Geoffrey Michael,1,0,32,31
1656757090106,MATH 109,B02,083216,Ganzberger; Geoffrey Michael,1,0,32,31
1656757090106,MATH 109,B03,093479,Ganzberger; Geoffrey Michael,6,0,32,26
1656757096130,MATH 142A,A01,083219,Chow; Bennett,6,0,32,26
1656757096130,MATH 142A,A02,083220,Chow; Bennett,9,0,32,23
1656757096130,MATH 142A,A03,093480,Chow; Bennett,7,0,32,25
1656757096130,MATH 142A,B03,093481,Chow; Bennett,7,0,32,25
1656757096130,MATH 142A,B04,093558,Chow; Bennett,10,0,32,22
1656757096130,MATH 142A,B05,093559,Chow; Bennett,6,0,32,26
1656757102167,MATH 193A,A01,083224,Rotar; Vladimir,6,0,34,28
1656757102167,MATH 193A,A02,083225,Rotar; Vladimir,3,0,34,31
1656757102167,MATH 193A,A03,083781,Rotar; Vladimir,1,0,34,33
1656757102167,MATH 193A,A04,083782,Rotar; Vladimir,6,0,34,28
1656757102167,MATH 193A,A05,093482,Rotar; Vladimir,6,0,34,28
1656757108193,MATH 197,001,091859,McAuley; Julian John,9999,0,9999,0
1656757108193,MATH 197,002,095566,Kedlaya; Kiran S.,9997,0,9999,2
1656757108193,MATH 197,003,095567,Xiao; Ming,9999,0,9999,0
1656757108193,MATH 197,004,095571,Perols; Johan Lars,9998,0,9999,1
1656757115249,COGS 9,A01,083615,Shannon; Kyle Michael,6,0,75,69
1656757121272,COGS 11,A01,083617,Boyle; Mary E. T.,18,0,48,30
1656757127295,COGS 13,A01,083071,Bastos; Amalia Pinkusfeld,8,0,71,63
1656757133319,COGS 14A,A01,092681,Semenuks; Arturs,0,1,100,100
1656757139346,COGS 14B,A01,083073,Cheng; Tzu-Han,5,0,63,58
1656757145373,COGS 17,A01,092677,Semenuks; Arturs,4,0,81,77
1656757151401,COGS 100,A01,083619,Allen; Michael Gordon,15,0,70,55
1656757157422,COGS 101A,A01,083621,Davis; Joshua Daniel,9,0,68,59
1656757163449,COGS 101B,A01,091572,Allen; Michael Gordon,8,0,65,57
1656757169473,COGS 101C,A01,083625,Delgado; Tania,17,0,35,18
1656757175499,COGS 107A,A01,083627,Boyle; Mary E. T.,13,0,60,47
1656757181524,COGS 118A,A01,083075,Gupta; Anjum,15,0,76,61
1656757187548,CSE 3,A50,083646,Miranda; Gregory Joseph,22,0,50,28
1656757193575,CSE 8A,A50,083650,Miranda; Gregory Joseph,17,1,56,39
1656757199599,CSE 11,A01,083080,Cao; Yingjun,4,15,40,36
1656757205632,CSE 12,A01,083652,Krause-Levy; Sophia Louisa,20,1,120,100
1656757211655,CSE 15L,A01,083654,Morris; Justin Loren,8,0,50,42
1656757211655,CSE 15L,A02,083655,Morris; Justin Loren,8,0,50,42
1656757217677,CSE 20,A01,083657,Tran; Khoa Dang,37,0,80,43
1656757223701,CSE 21,A01,095574,Bach; Quang Tran,21,0,48,27
1656757229728,CSE 30,A01,083084,Eldon; John,4,0,80,76
1656757229728,CSE 30,B01,095061,Bhaskar; Nishant,5,0,50,45
1656757235752,CSE 100,A01,083659,Cao; Yingjun,1,4,70,69
1656757241775,CSE 134B,A01,083661,Powell; Thomas Allan,18,0,100,82
1656757247802,CSE 140,A01,083663,Gungor; Onat,14,0,85,71
1656757253823,CSE 140L,A01,083088,Eldon; John,16,0,100,84
1656757259847,CSE 175,A01,083665,Kumar; Rakesh,3,0,25,22
1656757265871,CSE 190,A00,092507,Dubnov; Shlomo,7,0,20,13
1656757271894,ECE 45,A01,083139,Congero; Spencer William,5,0,75,70
1656757277916,ECE 65,A50,083695,Saad; Andrew S,12,0,30,18
1656757277916,ECE 65,A51,095125,Saad; Andrew S,25,0,26,1
1656757283943,ECE 109,A01,091882,Touri; Behrouz,15,0,70,55
1656757289967,ECE 180,A00,083140,Abi Samra; Nicholas Camill,0,0,30,30
1656757289967,ECE 180,B00,083141,Abi Samra; Nicholas Camill,0,0,30,30
1656757295992,MATH 10A,A01,083735,Patchell; Gregory David,1,0,30,29
1656757295992,MATH 10A,A02,083736,Patchell; Gregory David,20,0,30,10
1656757295992,MATH 10A,A03,083737,Patchell; Gregory David,15,0,30,15
1656757302022,MATH 10B,A01,083207,Lim; Seonhee,7,0,34,27
1656757302022,MATH 10B,A02,083208,Lim; Seonhee,9,0,35,26
1656757302022,MATH 10B,A03,093472,Lim; Seonhee,4,0,34,30
1656757302022,MATH 10B,B01,083739,Sinha; Shubham,9,0,30,21
1656757308045,MATH 18,A01,083743,Cinel; Cameron Alexander,6,0,30,24
1656757308045,MATH 18,A02,083744,Cinel; Cameron Alexander,15,0,30,15
1656757308045,MATH 18,A03,083745,Cinel; Cameron Alexander,8,0,30,22
1656757308045,MATH 18,B01,083748,Rideout; David Porter,3,0,37,34
1656757308045,MATH 18,B02,083749,Rideout; David Porter,3,0,36,33
1656757308045,MATH 18,B03,083750,Rideout; David Porter,1,0,37,36
1656757308045,MATH 18,B04,083751,Rideout; David Porter,5,0,36,31
1656757308045,MATH 18,B05,093473,Rideout; David Porter,4,0,36,32
1656757308045,MATH 18,B06,093474,Rideout; David Porter,5,0,36,31
1656757314069,MATH 20A,A01,083754,Zheng; Zequn,12,0,40,28
1656757320097,MATH 20B,A01,083756,Briones; Jor-el Thomas Caparas,1,0,36,35
1656757320097,MATH 20B,A02,083757,Briones; Jor-el Thomas Caparas,1,0,36,35
1656757320097,MATH 20B,A03,093475,Briones; Jor-el Thomas Caparas,0,0,36,36
1656757326147,MATH 20C,A01,083760,Briones; Jor-el Thomas Caparas,1,0,35,34
1656757326147,MATH 20C,A02,083761,Briones; Jor-el Thomas Caparas,8,0,35,27
1656757326147,MATH 20C,A03,093476,Briones; Jor-el Thomas Caparas,0,1,36,36
1656757326147,MATH 20C,B01,083762,Bach; Quang Tran,0,0,30,30
1656757332170,MATH 20D,A01,083765,Tran; Brian Kha,4,0,30,26
1656757332170,MATH 20D,A02,083766,Tran; Brian Kha,4,0,30,26
1656757332170,MATH 20D,A03,083767,Tran; Brian Kha,2,0,30,28
1656757338198,MATH 20E,A01,083771,Ganguly; Soumya,5,0,32,27
1656757338198,MATH 20E,A02,083772,Ganguly; Soumya,5,0,32,27
1656757338198,MATH 20E,B01,083773,Ciotti; Benjamin,18,0,35,17
1656757338198,MATH 20E,B02,083774,Ciotti; Benjamin,17,0,35,18
1656757344221,MATH 103A,A01,083777,Greenfeld; Be'Eri,2,0,36,34
1656757344221,MATH 103A,A02,083778,Greenfeld; Be'Eri,5,0,36,31
1656757344221,MATH 103A,A03,093561,Greenfeld; Be'Eri,4,0,36,32
1656757344221,MATH 103A,B01,083779,Greenfeld; Be'Eri,6,0,36,30
1656757344221,MATH 103A,B02,083780,Greenfeld; Be'Eri,2,0,36,34
1656757344221,MATH 103A,B03,093562,Greenfeld; Be'Eri,2,0,36,34
1656757350244,MATH 105,A01,085443,Carter; Anne Toulson,13,0,35,22
1656757350244,MATH 105,A02,093477,Carter; Anne Toulson,20,0,35,15
1656757356273,MATH 109,A01,083213,Ganzberger; Geoffrey Michael,2,0,34,32
1656757356273,MATH 109,A02,083214,Ganzberger; Geoffrey Michael,2,0,34,32
1656757356273,MATH 109,A03,093478,Ganzberger; Geoffrey Michael,1,0,34,33
1656757356273,MATH 109,B01,083215,Ganzberger; Geoffrey Michael,1,0,32,31
1656757356273,MATH 109,B02,083216,Ganzberger; Geoffrey Michael,1,0,32,31
1656757356273,MATH 109,B03,093479,Ganzberger; Geoffrey Michael,6,0,32,26
1656757362297,MATH 142A,A01,083219,Chow; Bennett,6,0,32,26
1656757362297,MATH 142A,A02,083220,Chow; Bennett,9,0,32,23
1656757362297,MATH 142A,A03,093480,Chow; Bennett,7,0,32,25
1656757362297,MATH 142A,B03,093481,Chow; Bennett,7,0,32,25
1656757362297,MATH 142A,B04,093558,Chow; Bennett,10,0,32,22
1656757362297,MATH 142A,B05,093559,Chow; Bennett,6,0,32,26
1656757368330,MATH 193A,A01,083224,Rotar; Vladimir,6,0,34,28
1656757368330,MATH 193A,A02,083225,Rotar; Vladimir,3,0,34,31
1656757368330,MATH 193A,A03,083781,Rotar; Vladimir,1,0,34,33
1656757368330,MATH 193A,A04,083782,Rotar; Vladimir,6,0,34,28
1656757368330,MATH 193A,A05,093482,Rotar; Vladimir,6,0,34,28
1656757374357,MATH 197,001,091859,McAuley; Julian John,9999,0,9999,0
1656757374357,MATH 197,002,095566,Kedlaya; Kiran S.,9997,0,9999,2
1656757374357,MATH 197,003,095567,Xiao; Ming,9999,0,9999,0
1656757374357,MATH 197,004,095571,Perols; Johan Lars,9998,0,9999,1
1656757381443,COGS 9,A01,083615,Shannon; Kyle Michael,6,0,75,69
1656757387467,COGS 11,A01,083617,Boyle; Mary E. T.,18,0,48,30
1656757393492,COGS 13,A01,083071,Bastos; Amalia Pinkusfeld,8,0,71,63
1656757399519,COGS 14A,A01,092681,Semenuks; Arturs,0,1,100,100
1656757405542,COGS 14B,A01,083073,Cheng; Tzu-Han,5,0,63,58
1656757411566,COGS 17,A01,092677,Semenuks; Arturs,4,0,81,77
1656757417601,COGS 100,A01,083619,Allen; Michael Gordon,15,0,70,55
1656757423632,COGS 101A,A01,083621,Davis; Joshua Daniel,9,0,68,59
1656757429654,COGS 101B,A01,091572,Allen; Michael Gordon,8,0,65,57
1656757435676,COGS 101C,A01,083625,Delgado; Tania,17,0,35,18
1656757441700,COGS 107A,A01,083627,Boyle; Mary E. T.,13,0,60,47
1656757447725,COGS 118A,A01,083075,Gupta; Anjum,15,0,76,61
1656757453755,CSE 3,A50,083646,Miranda; Gregory Joseph,22,0,50,28
1656757459783,CSE 8A,A50,083650,Miranda; Gregory Joseph,17,1,56,39
1656757465814,CSE 11,A01,083080,Cao; Yingjun,4,15,40,36
1656757471852,CSE 12,A01,083652,Krause-Levy; Sophia Louisa,20,1,120,100
1656757477877,CSE 15L,A01,083654,Morris; Justin Loren,8,0,50,42
1656757477877,CSE 15L,A02,083655,Morris; Justin Loren,8,0,50,42
1656757483901,CSE 20,A01,083657,Tran; Khoa Dang,37,0,80,43
1656757489925,CSE 21,A01,095574,Bach; Quang Tran,21,0,48,27
1656757495953,CSE 30,A01,083084,Eldon; John,4,0,80,76
1656757495953,CSE 30,B01,095061,Bhaskar; Nishant,5,0,50,45
1656757501975,CSE 100,A01,083659,Cao; Yingjun,1,4,70,69
1656757508002,CSE 134B,A01,083661,Powell; Thomas Allan,18,0,100,82
1656757514028,CSE 140,A01,083663,Gungor; Onat,14,0,85,71
1656757520051,CSE 140L,A01,083088,Eldon; John,16,0,100,84
1656757526077,CSE 175,A01,083665,Kumar; Rakesh,3,0,25,22
1656757532100,CSE 190,A00,092507,Dubnov; Shlomo,7,0,20,13
1656757538127,ECE 45,A01,083139,Congero; Spencer William,5,0,75,70
1656757544150,ECE 65,A50,083695,Saad; Andrew S,12,0,30,18
1656757544150,ECE 65,A51,095125,Saad; Andrew S,25,0,26,1
1656757550171,ECE 109,A01,091882,Touri; Behrouz,15,0,70,55
1656757556195,ECE 180,A00,083140,Abi Samra; Nicholas Camill,0,0,30,30
1656757556195,ECE 180,B00,083141,Abi Samra; Nicholas Camill,0,0,30,30
1656757562224,MATH 10A,A01,083735,Patchell; Gregory David,1,0,30,29
1656757562224,MATH 10A,A02,083736,Patchell; Gregory David,20,0,30,10
1656757562224,MATH 10A,A03,083737,Patchell; Gregory David,15,0,30,15
1656757568250,MATH 10B,A01,083207,Lim; Seonhee,7,0,34,27
1656757568250,MATH 10B,A02,083208,Lim; Seonhee,9,0,35,26
1656757568250,MATH 10B,A03,093472,Lim; Seonhee,4,0,34,30
1656757568250,MATH 10B,B01,083739,Sinha; Shubham,9,0,30,21
1656757574275,MATH 18,A01,083743,Cinel; Cameron Alexander,6,0,30,24
1656757574275,MATH 18,A02,083744,Cinel; Cameron Alexander,15,0,30,15
1656757574275,MATH 18,A03,083745,Cinel; Cameron Alexander,8,0,30,22
1656757574275,MATH 18,B01,083748,Rideout; David Porter,3,0,37,34
1656757574275,MATH 18,B02,083749,Rideout; David Porter,3,0,36,33
1656757574275,MATH 18,B03,083750,Rideout; David Porter,1,0,37,36
1656757574275,MATH 18,B04,083751,Rideout; David Porter,5,0,36,31
1656757574275,MATH 18,B05,093473,Rideout; David Porter,4,0,36,32
1656757574275,MATH 18,B06,093474,Rideout; David Porter,5,0,36,31
1656757580300,MATH 20A,A01,083754,Zheng; Zequn,12,0,40,28
1656757586323,MATH 20B,A01,083756,Briones; Jor-el Thomas Caparas,1,0,36,35
1656757586323,MATH 20B,A02,083757,Briones; Jor-el Thomas Caparas,1,0,36,35
1656757586323,MATH 20B,A03,093475,Briones; Jor-el Thomas Caparas,0,0,36,36
1656757592346,MATH 20C,A01,083760,Briones; Jor-el Thomas Caparas,1,0,35,34
1656757592346,MATH 20C,A02,083761,Briones; Jor-el Thomas Caparas,8,0,35,27
1656757592346,MATH 20C,A03,093476,Briones; Jor-el Thomas Caparas,0,1,36,36
1656757592346,MATH 20C,B01,083762,Bach; Quang Tran,0,0,30,30
1656757598370,MATH 20D,A01,083765,Tran; Brian Kha,4,0,30,26
1656757598370,MATH 20D,A02,083766,Tran; Brian Kha,4,0,30,26
1656757598370,MATH 20D,A03,083767,Tran; Brian Kha,2,0,30,28
1656757604395,MATH 20E,A01,083771,Ganguly; Soumya,5,0,32,27
1656757604395,MATH 20E,A02,083772,Ganguly; Soumya,5,0,32,27
1656757604395,MATH 20E,B01,083773,Ciotti; Benjamin,18,0,35,17
1656757604395,MATH 20E,B02,083774,Ciotti; Benjamin,17,0,35,18
1656757610420,MATH 103A,A01,083777,Greenfeld; Be'Eri,2,0,36,34
1656757610420,MATH 103A,A02,083778,Greenfeld; Be'Eri,5,0,36,31
1656757610420,MATH 103A,A03,093561,Greenfeld; Be'Eri,4,0,36,32
1656757610420,MATH 103A,B01,083779,Greenfeld; Be'Eri,6,0,36,30
1656757610420,MATH 103A,B02,083780,Greenfeld; Be'Eri,2,0,36,34
1656757610420,MATH 103A,B03,093562,Greenfeld; Be'Eri,2,0,36,34
1656757616443,MATH 105,A01,085443,Carter; Anne Toulson,13,0,35,22
1656757616443,MATH 105,A02,093477,Carter; Anne Toulson,20,0,35,15
1656757622546,MATH 109,A01,083213,Ganzberger; Geoffrey Michael,2,0,34,32
1656757622546,MATH 109,A02,083214,Ganzberger; Geoffrey Michael,2,0,34,32
1656757622546,MATH 109,A03,093478,Ganzberger; Geoffrey Michael,1,0,34,33
1656757622546,MATH 109,B01,083215,Ganzberger; Geoffrey Michael,1,0,32,31
1656757622546,MATH 109,B02,083216,Ganzberger; Geoffrey Michael,1,0,32,31
1656757622546,MATH 109,B03,093479,Ganzberger; Geoffrey Michael,6,0,32,26
1656757628571,MATH 142A,A01,083219,Chow; Bennett,6,0,32,26
1656757628571,MATH 142A,A02,083220,Chow; Bennett,9,0,32,23
1656757628571,MATH 142A,A03,093480,Chow; Bennett,7,0,32,25
1656757628571,MATH 142A,B03,093481,Chow; Bennett,7,0,32,25
1656757628571,MATH 142A,B04,093558,Chow; Bennett,10,0,32,22
1656757628571,MATH 142A,B05,093559,Chow; Bennett,6,0,32,26
1656757634597,MATH 193A,A01,083224,Rotar; Vladimir,6,0,34,28
1656757634597,MATH 193A,A02,083225,Rotar; Vladimir,3,0,34,31
1656757634597,MATH 193A,A03,083781,Rotar; Vladimir,1,0,34,33
1656757634597,MATH 193A,A04,083782,Rotar; Vladimir,6,0,34,28
1656757634597,MATH 193A,A05,093482,Rotar; Vladimir,6,0,34,28
1656757640622,MATH 197,001,091859,McAuley; Julian John,9999,0,9999,0
1656757640622,MATH 197,002,095566,Kedlaya; Kiran S.,9997,0,9999,2
1656757640622,MATH 197,003,095567,Xiao; Ming,9999,0,9999,0
1656757640622,MATH 197,004,095571,Perols; Johan Lars,9998,0,9999,1
1656757647682,COGS 9,A01,083615,Shannon; Kyle Michael,6,0,75,69
1656757653706,COGS 11,A01,083617,Boyle; Mary E. T.,18,0,48,30
1656757659736,COGS 13,A01,083071,Bastos; Amalia Pinkusfeld,8,0,71,63
1656757665763,COGS 14A,A01,092681,Semenuks; Arturs,0,1,100,100
1656757671790,COGS 14B,A01,083073,Cheng; Tzu-Han,5,0,63,58
1656757677813,COGS 17,A01,092677,Semenuks; Arturs,4,0,81,77
1656757683836,COGS 100,A01,083619,Allen; Michael Gordon,15,0,70,55
1656757689862,COGS 101A,A01,083621,Davis; Joshua Daniel,9,0,68,59
1656757695887,COGS 101B,A01,091572,Allen; Michael Gordon,8,0,65,57
1656757701909,COGS 101C,A01,083625,Delgado; Tania,17,0,35,18
1656757707931,COGS 107A,A01,083627,Boyle; Mary E. T.,13,0,60,47
1656757713958,COGS 118A,A01,083075,Gupta; Anjum,15,0,76,61
1656757719981,CSE 3,A50,083646,Miranda; Gregory Joseph,22,0,50,28
1656757726004,CSE 8A,A50,083650,Miranda; Gregory Joseph,17,1,56,39
1656757732026,CSE 11,A01,083080,Cao; Yingjun,4,15,40,36
1656757738050,CSE 12,A01,083652,Krause-Levy; Sophia Louisa,20,1,120,100
1656757744073,CSE 15L,A01,083654,Morris; Justin Loren,8,0,50,42
1656757744073,CSE 15L,A02,083655,Morris; Justin Loren,8,0,50,42
1656757750097,CSE 20,A01,083657,Tran; Khoa Dang,37,0,80,43
1656757756120,CSE 21,A01,095574,Bach; Quang Tran,21,0,48,27
1656757762147,CSE 30,A01,083084,Eldon; John,4,0,80,76
1656757762147,CSE 30,B01,095061,Bhaskar; Nishant,5,0,50,45
1656757768171,CSE 100,A01,083659,Cao; Yingjun,1,4,70,69
1656757774196,CSE 134B,A01,083661,Powell; Thomas Allan,18,0,100,82
1656757780218,CSE 140,A01,083663,Gungor; Onat,14,0,85,71
1656757786245,CSE 140L,A01,083088,Eldon; John,16,0,100,84
1656757792267,CSE 175,A01,083665,Kumar; Rakesh,3,0,25,22
1656757798294,CSE 190,A00,092507,Dubnov; Shlomo,7,0,20,13
1656757804326,ECE 45,A01,083139,Congero; Spencer William,5,0,75,70
1656757810352,ECE 65,A50,083695,Saad; Andrew S,12,0,30,18
1656757810352,ECE 65,A51,095125,Saad; Andrew S,25,0,26,1
1656757816374,ECE 109,A01,091882,Touri; Behrouz,15,0,70,55
1656757822401,ECE 180,A00,083140,Abi Samra; Nicholas Camill,0,0,30,30
1656757822401,ECE 180,B00,083141,Abi Samra; Nicholas Camill,0,0,30,30
1656757828429,MATH 10A,A01,083735,Patchell; Gregory David,1,0,30,29
1656757828429,MATH 10A,A02,083736,Patchell; Gregory David,20,0,30,10
1656757828429,MATH 10A,A03,083737,Patchell; Gregory David,15,0,30,15
1656757834459,MATH 10B,A01,083207,Lim; Seonhee,7,0,34,27
1656757834459,MATH 10B,A02,083208,Lim; Seonhee,9,0,35,26
1656757834459,MATH 10B,A03,093472,Lim; Seonhee,4,0,34,30
1656757834459,MATH 10B,B01,083739,Sinha; Shubham,9,0,30,21
1656757840484,MATH 18,A01,083743,Cinel; Cameron Alexander,6,0,30,24
1656757840484,MATH 18,A02,083744,Cinel; Cameron Alexander,15,0,30,15
1656757840484,MATH 18,A03,083745,Cinel; Cameron Alexander,8,0,30,22
1656757840484,MATH 18,B01,083748,Rideout; David Porter,3,0,37,34
1656757840484,MATH 18,B02,083749,Rideout; David Porter,3,0,36,33
1656757840484,MATH 18,B03,083750,Rideout; David Porter,1,0,37,36
1656757840484,MATH 18,B04,083751,Rideout; David Porter,5,0,36,31
1656757840484,MATH 18,B05,093473,Rideout; David Porter,4,0,36,32
1656757840484,MATH 18,B06,093474,Rideout; David Porter,5,0,36,31
1656757846510,MATH 20A,A01,083754,Zheng; Zequn,12,0,40,28
1656757852537,MATH 20B,A01,083756,Briones; Jor-el Thomas Caparas,1,0,36,35
1656757852537,MATH 20B,A02,083757,Briones; Jor-el Thomas Caparas,1,0,36,35
1656757852537,MATH 20B,A03,093475,Briones; Jor-el Thomas Caparas,0,0,36,36
1656757858559,MATH 20C,A01,083760,Briones; Jor-el Thomas Caparas,1,0,35,34
1656757858559,MATH 20C,A02,083761,Briones; Jor-el Thomas Caparas,8,0,35,27
1656757858559,MATH 20C,A03,093476,Briones; Jor-el Thomas Caparas,0,1,36,36
1656757858559,MATH 20C,B01,083762,Bach; Quang Tran,0,0,30,30
1656757864588,MATH 20D,A01,083765,Tran; Brian Kha,4,0,30,26
1656757864588,MATH 20D,A02,083766,Tran; Brian Kha,4,0,30,26
1656757864588,MATH 20D,A03,083767,Tran; Brian Kha,2,0,30,28
1656757870611,MATH 20E,A01,083771,Ganguly; Soumya,5,0,32,27
1656757870611,MATH 20E,A02,083772,Ganguly; Soumya,5,0,32,27
1656757870611,MATH 20E,B01,083773,Ciotti; Benjamin,18,0,35,17
1656757870611,MATH 20E,B02,083774,Ciotti; Benjamin,17,0,35,18
1656757876634,MATH 103A,A01,083777,Greenfeld; Be'Eri,2,0,36,34
1656757876634,MATH 103A,A02,083778,Greenfeld; Be'Eri,5,0,36,31
1656757876634,MATH 103A,A03,093561,Greenfeld; Be'Eri,4,0,36,32
1656757876634,MATH 103A,B01,083779,Greenfeld; Be'Eri,6,0,36,30
1656757876634,MATH 103A,B02,083780,Greenfeld; Be'Eri,2,0,36,34
1656757876634,MATH 103A,B03,093562,Greenfeld; Be'Eri,2,0,36,34
1656757882661,MATH 105,A01,085443,Carter; Anne Toulson,13,0,35,22
1656757882661,MATH 105,A02,093477,Carter; Anne Toulson,20,0,35,15
1656757888685,MATH 109,A01,083213,Ganzberger; Geoffrey Michael,2,0,34,32
1656757888685,MATH 109,A02,083214,Ganzberger; Geoffrey Michael,2,0,34,32
1656757888685,MATH 109,A03,093478,Ganzberger; Geoffrey Michael,1,0,34,33
1656757888685,MATH 109,B01,083215,Ganzberger; Geoffrey Michael,1,0,32,31
1656757888685,MATH 109,B02,083216,Ganzberger; Geoffrey Michael,1,0,32,31
1656757888685,MATH 109,B03,093479,Ganzberger; Geoffrey Michael,6,0,32,26
1656757894718,MATH 142A,A01,083219,Chow; Bennett,6,0,32,26
1656757894718,MATH 142A,A02,083220,Chow; Bennett,9,0,32,23
1656757894718,MATH 142A,A03,093480,Chow; Bennett,7,0,32,25
1656757894718,MATH 142A,B03,093481,Chow; Bennett,7,0,32,25
1656757894718,MATH 142A,B04,093558,Chow; Bennett,10,0,32,22
1656757894718,MATH 142A,B05,093559,Chow; Bennett,6,0,32,26
1656757900752,MATH 193A,A01,083224,Rotar; Vladimir,6,0,34,28
1656757900752,MATH 193A,A02,083225,Rotar; Vladimir,3,0,34,31
1656757900752,MATH 193A,A03,083781,Rotar; Vladimir,1,0,34,33
1656757900752,MATH 193A,A04,083782,Rotar; Vladimir,6,0,34,28
1656757900752,MATH 193A,A05,093482,Rotar; Vladimir,6,0,34,28
1656757906779,MATH 197,001,091859,McAuley; Julian John,9999,0,9999,0
1656757906779,MATH 197,002,095566,Kedlaya; Kiran S.,9997,0,9999,2
1656757906779,MATH 197,003,095567,Xiao; Ming,9999,0,9999,0
1656757906779,MATH 197,004,095571,Perols; Johan Lars,9998,0,9999,1
1656757913856,COGS 9,A01,083615,Shannon; Kyle Michael,6,0,75,69
1656757919882,COGS 11,A01,083617,Boyle; Mary E. T.,18,0,48,30
1656757925907,COGS 13,A01,083071,Bastos; Amalia Pinkusfeld,8,0,71,63
1656757931929,COGS 14A,A01,092681,Semenuks; Arturs,0,1,100,100
1656757937954,COGS 14B,A01,083073,Cheng; Tzu-Han,5,0,63,58
1656757943977,COGS 17,A01,092677,Semenuks; Arturs,4,0,81,77
1656757950000,COGS 100,A01,083619,Allen; Michael Gordon,15,0,70,55
1656757956024,COGS 101A,A01,083621,Davis; Joshua Daniel,9,0,68,59
1656757962050,COGS 101B,A01,091572,Allen; Michael Gordon,8,0,65,57
1656757968076,COGS 101C,A01,083625,Delgado; Tania,17,0,35,18
1656757974111,COGS 107A,A01,083627,Boyle; Mary E. T.,13,0,60,47
1656757980138,COGS 118A,A01,083075,Gupta; Anjum,15,0,76,61
1656757986166,CSE 3,A50,083646,Miranda; Gregory Joseph,22,0,50,28
1656757992195,CSE 8A,A50,083650,Miranda; Gregory Joseph,17,1,56,39
1656757998223,CSE 11,A01,083080,Cao; Yingjun,4,15,40,36
1656758004250,CSE 12,A01,083652,Krause-Levy; Sophia Louisa,20,1,120,100
1656758010280,CSE 15L,A01,083654,Morris; Justin Loren,8,0,50,42
1656758010280,CSE 15L,A02,083655,Morris; Justin Loren,8,0,50,42
1656758016303,CSE 20,A01,083657,Tran; Khoa Dang,37,0,80,43
1656758022328,CSE 21,A01,095574,Bach; Quang Tran,21,0,48,27
1656758028354,CSE 30,A01,083084,Eldon; John,4,0,80,76
1656758028354,CSE 30,B01,095061,Bhaskar; Nishant,5,0,50,45
1656758034383,CSE 100,A01,083659,Cao; Yingjun,1,4,70,69
1656758040405,CSE 134B,A01,083661,Powell; Thomas Allan,18,0,100,82
1656758046430,CSE 140,A01,083663,Gungor; Onat,14,0,85,71
1656758052456,CSE 140L,A01,083088,Eldon; John,16,0,100,84
1656758058480,CSE 175,A01,083665,Kumar; Rakesh,3,0,25,22
1656758064503,CSE 190,A00,092507,Dubnov; Shlomo,7,0,20,13
1656758070527,ECE 45,A01,083139,Congero; Spencer William,5,0,75,70
1656758076550,ECE 65,A50,083695,Saad; Andrew S,12,0,30,18
1656758076550,ECE 65,A51,095125,Saad; Andrew S,25,0,26,1
1656758082578,ECE 109,A01,091882,Touri; Behrouz,15,0,70,55
1656758088604,ECE 180,A00,083140,Abi Samra; Nicholas Camill,0,0,30,30
1656758088604,ECE 180,B00,083141,Abi Samra; Nicholas Camill,0,0,30,30
1656758094630,MATH 10A,A01,083735,Patchell; Gregory David,1,0,30,29
1656758094630,MATH 10A,A02,083736,Patchell; Gregory David,20,0,30,10
1656758094630,MATH 10A,A03,083737,Patchell; Gregory David,15,0,30,15
1656758100657,MATH 10B,A01,083207,Lim; Seonhee,7,0,34,27
1656758100657,MATH 10B,A02,083208,Lim; Seonhee,9,0,35,26
1656758100657,MATH 10B,A03,093472,Lim; Seonhee,4,0,34,30
1656758100657,MATH 10B,B01,083739,Sinha; Shubham,9,0,30,21
1656758106681,MATH 18,A01,083743,Cinel; Cameron Alexander,6,0,30,24
1656758106681,MATH 18,A02,083744,Cinel; Cameron Alexander,15,0,30,15
1656758106681,MATH 18,A03,083745,Cinel; Cameron Alexander,8,0,30,22
1656758106681,MATH 18,B01,083748,Rideout; David Porter,3,0,37,34
1656758106681,MATH 18,B02,083749,Rideout; David Porter,3,0,36,33
1656758106681,MATH 18,B03,083750,Rideout; David Porter,1,0,37,36
1656758106681,MATH 18,B04,083751,Rideout; David Porter,5,0,36,31
1656758106681,MATH 18,B05,093473,Rideout; David Porter,4,0,36,32
1656758106681,MATH 18,B06,093474,Rideout; David Porter,5,0,36,31
1656758112706,MATH 20A,A01,083754,Zheng; Zequn,12,0,40,28
1656758118734,MATH 20B,A01,083756,Briones; Jor-el Thomas Caparas,1,0,36,35
1656758118734,MATH 20B,A02,083757,Briones; Jor-el Thomas Caparas,1,0,36,35
1656758118734,MATH 20B,A03,093475,Briones; Jor-el Thomas Caparas,0,0,36,36
1656758124765,MATH 20C,A01,083760,Briones; Jor-el Thomas Caparas,1,0,35,34
1656758124765,MATH 20C,A02,083761,Briones; Jor-el Thomas Caparas,8,0,35,27
1656758124765,MATH 20C,A03,093476,Briones; Jor-el Thomas Caparas,0,1,36,36
1656758124765,MATH 20C,B01,083762,Bach; Quang Tran,0,0,30,30
1656758130790,MATH 20D,A01,083765,Tran; Brian Kha,4,0,30,26
1656758130790,MATH 20D,A02,083766,Tran; Brian Kha,4,0,30,26
1656758130790,MATH 20D,A03,083767,Tran; Brian Kha,2,0,30,28
1656758136821,MATH 20E,A01,083771,Ganguly; Soumya,5,0,32,27
1656758136821,MATH 20E,A02,083772,Ganguly; Soumya,5,0,32,27
1656758136821,MATH 20E,B01,083773,Ciotti; Benjamin,18,0,35,17
1656758136821,MATH 20E,B02,083774,Ciotti; Benjamin,17,0,35,18
1656758142851,MATH 103A,A01,083777,Greenfeld; Be'Eri,2,0,36,34
1656758142851,MATH 103A,A02,083778,Greenfeld; Be'Eri,5,0,36,31
1656758142851,MATH 103A,A03,093561,Greenfeld; Be'Eri,4,0,36,32
1656758142851,MATH 103A,B01,083779,Greenfeld; Be'Eri,6,0,36,30
1656758142851,MATH 103A,B02,083780,Greenfeld; Be'Eri,2,0,36,34
1656758142851,MATH 103A,B03,093562,Greenfeld; Be'Eri,2,0,36,34
1656758148879,MATH 105,A01,085443,Carter; Anne Toulson,13,0,35,22
1656758148879,MATH 105,A02,093477,Carter; Anne Toulson,20,0,35,15
1656758154904,MATH 109,A01,083213,Ganzberger; Geoffrey Michael,2,0,34,32
1656758154904,MATH 109,A02,083214,Ganzberger; Geoffrey Michael,2,0,34,32
1656758154904,MATH 109,A03,093478,Ganzberger; Geoffrey Michael,1,0,34,33
1656758154904,MATH 109,B01,083215,Ganzberger; Geoffrey Michael,1,0,32,31
1656758154904,MATH 109,B02,083216,Ganzberger; Geoffrey Michael,1,0,32,31
1656758154904,MATH 109,B03,093479,Ganzberger; Geoffrey Michael,6,0,32,26
1656758160934,MATH 142A,A01,083219,Chow; Bennett,6,0,32,26
1656758160934,MATH 142A,A02,083220,Chow; Bennett,9,0,32,23
1656758160934,MATH 142A,A03,093480,Chow; Bennett,7,0,32,25
1656758160934,MATH 142A,B03,093481,Chow; Bennett,7,0,32,25
1656758160934,MATH 142A,B04,093558,Chow; Bennett,10,0,32,22
1656758160934,MATH 142A,B05,093559,Chow; Bennett,6,0,32,26
1656758166967,MATH 193A,A01,083224,Rotar; Vladimir,6,0,34,28
1656758166967,MATH 193A,A02,083225,Rotar; Vladimir,3,0,34,31
1656758166967,MATH 193A,A03,083781,Rotar; Vladimir,1,0,34,33
1656758166967,MATH 193A,A04,083782,Rotar; Vladimir,6,0,34,28
1656758166967,MATH 193A,A05,093482,Rotar; Vladimir,6,0,34,28
1656758172993,MATH 197,001,091859,McAuley; Julian John,9999,0,9999,0
1656758172993,MATH 197,002,095566,Kedlaya; Kiran S.,9997,0,9999,2
1656758172993,MATH 197,003,095567,Xiao; Ming,9999,0,9999,0
1656758172993,MATH 197,004,095571,Perols; Johan Lars,9998,0,9999,1
1656758180067,COGS 9,A01,083615,Shannon; Kyle Michael,6,0,75,69
1656758186095,COGS 11,A01,083617,Boyle; Mary E. T.,18,0,48,30
1656758192123,COGS 13,A01,083071,Bastos; Amalia Pinkusfeld,8,0,71,63
1656758198152,COGS 14A,A01,092681,Semenuks; Arturs,0,1,100,100
1656758204181,COGS 14B,A01,083073,Cheng; Tzu-Han,5,0,63,58
1656758210205,COGS 17,A01,092677,Semenuks; Arturs,4,0,81,77
1656758216328,COGS 100,A01,083619,Allen; Michael Gordon,15,0,70,55
1656758222356,COGS 101A,A01,083621,Davis; Joshua Daniel,9,0,68,59
1656758228379,COGS 101B,A01,091572,Allen; Michael Gordon,8,0,65,57
1656758234402,COGS 101C,A01,083625,Delgado; Tania,17,0,35,18
1656758240427,COGS 107A,A01,083627,Boyle; Mary E. T.,13,0,60,47
1656758246456,COGS 118A,A01,083075,Gupta; Anjum,15,0,76,61
1656758252486,CSE 3,A50,083646,Miranda; Gregory Joseph,22,0,50,28
1656758258509,CSE 8A,A50,083650,Miranda; Gregory Joseph,17,1,56,39
1656758264534,CSE 11,A01,083080,Cao; Yingjun,4,15,40,36
1656758270561,CSE 12,A01,083652,Krause-Levy; Sophia Louisa,20,1,120,100
1656758276584,CSE 15L,A01,083654,Morris; Justin Loren,8,0,50,42
1656758276584,CSE 15L,A02,083655,Morris; Justin Loren,8,0,50,42
1656758282613,CSE 20,A01,083657,Tran; Khoa Dang,37,0,80,43
1656758288641,CSE 21,A01,095574,Bach; Quang Tran,21,0,48,27
1656758294671,CSE 30,A01,083084,Eldon; John,4,0,80,76
1656758294671,CSE 30,B01,095061,Bhaskar; Nishant,5,0,50,45
1656758300697,CSE 100,A01,083659,Cao; Yingjun,1,4,70,69
1656758306725,CSE 134B,A01,083661,Powell; Thomas Allan,18,0,100,82
1656758312752,CSE 140,A01,083663,Gungor; Onat,14,0,85,71
1656758318775,CSE 140L,A01,083088,Eldon; John,16,0,100,84
1656758324804,CSE 175,A01,083665,Kumar; Rakesh,3,0,25,22
1656758330829,CSE 190,A00,092507,Dubnov; Shlomo,7,0,20,13
1656758336857,ECE 45,A01,083139,Congero; Spencer William,5,0,75,70
1656758342892,ECE 65,A50,083695,Saad; Andrew S,12,0,30,18
1656758342892,ECE 65,A51,095125,Saad; Andrew S,25,0,26,1
1656758348915,ECE 109,A01,091882,Touri; Behrouz,15,0,70,55
1656758354940,ECE 180,A00,083140,Abi Samra; Nicholas Camill,0,0,30,30
1656758354940,ECE 180,B00,083141,Abi Samra; Nicholas Camill,0,0,30,30
1656758360966,MATH 10A,A01,083735,Patchell; Gregory David,1,0,30,29
1656758360966,MATH 10A,A02,083736,Patchell; Gregory David,20,0,30,10
1656758360966,MATH 10A,A03,083737,Patchell; Gregory David,15,0,30,15
1656758367001,MATH 10B,A01,083207,Lim; Seonhee,7,0,34,27
1656758367001,MATH 10B,A02,083208,Lim; Seonhee,9,0,35,26
1656758367001,MATH 10B,A03,093472,Lim; Seonhee,4,0,34,30
1656758367001,MATH 10B,B01,083739,Sinha; Shubham,9,0,30,21
1656758373027,MATH 18,A01,083743,Cinel; Cameron Alexander,6,0,30,24
1656758373027,MATH 18,A02,083744,Cinel; Cameron Alexander,15,0,30,15
1656758373027,MATH 18,A03,083745,Cinel; Cameron Alexander,8,0,30,22
1656758373027,MATH 18,B01,083748,Rideout; David Porter,3,0,37,34
1656758373027,MATH 18,B02,083749,Rideout; David Porter,3,0,36,33
1656758373027,MATH 18,B03,083750,Rideout; David Porter,1,0,37,36
1656758373027,MATH 18,B04,083751,Rideout; David Porter,5,0,36,31
1656758373027,MATH 18,B05,093473,Rideout; David Porter,4,0,36,32
1656758373027,MATH 18,B06,093474,Rideout; David Porter,5,0,36,31
1656758379058,MATH 20A,A01,083754,Zheng; Zequn,12,0,40,28
1656758385088,MATH 20B,A01,083756,Briones; Jor-el Thomas Caparas,1,0,36,35
1656758385088,MATH 20B,A02,083757,Briones; Jor-el Thomas Caparas,1,0,36,35
1656758385088,MATH 20B,A03,093475,Briones; Jor-el Thomas Caparas,0,0,36,36
1656758391112,MATH 20C,A01,083760,Briones; Jor-el Thomas Caparas,1,0,35,34
1656758391112,MATH 20C,A02,083761,Briones; Jor-el Thomas Caparas,8,0,35,27
1656758391112,MATH 20C,A03,093476,Briones; Jor-el Thomas Caparas,0,1,36,36
1656758391112,MATH 20C,B01,083762,Bach; Quang Tran,0,0,30,30
1656758397138,MATH 20D,A01,083765,Tran; Brian Kha,4,0,30,26
1656758397138,MATH 20D,A02,083766,Tran; Brian Kha,4,0,30,26
1656758397138,MATH 20D,A03,083767,Tran; Brian Kha,2,0,30,28
1656758403166,MATH 20E,A01,083771,Ganguly; Soumya,5,0,32,27
1656758403166,MATH 20E,A02,083772,Ganguly; Soumya,5,0,32,27
1656758403166,MATH 20E,B01,083773,Ciotti; Benjamin,18,0,35,17
1656758403166,MATH 20E,B02,083774,Ciotti; Benjamin,17,0,35,18
1656758409196,MATH 103A,A01,083777,Greenfeld; Be'Eri,2,0,36,34
1656758409196,MATH 103A,A02,083778,Greenfeld; Be'Eri,5,0,36,31
1656758409196,MATH 103A,A03,093561,Greenfeld; Be'Eri,4,0,36,32
1656758409196,MATH 103A,B01,083779,Greenfeld; Be'Eri,6,0,36,30
1656758409196,MATH 103A,B02,083780,Greenfeld; Be'Eri,2,0,36,34
1656758409196,MATH 103A,B03,093562,Greenfeld; Be'Eri,2,0,36,34
1656758415220,MATH 105,A01,085443,Carter; Anne Toulson,13,0,35,22
1656758415220,MATH 105,A02,093477,Carter; Anne Toulson,20,0,35,15
1656758421249,MATH 109,A01,083213,Ganzberger; Geoffrey Michael,2,0,34,32
1656758421249,MATH 109,A02,083214,Ganzberger; Geoffrey Michael,2,0,34,32
1656758421249,MATH 109,A03,093478,Ganzberger; Geoffrey Michael,1,0,34,33
1656758421249,MATH 109,B01,083215,Ganzberger; Geoffrey Michael,1,0,32,31
1656758421249,MATH 109,B02,083216,Ganzberger; Geoffrey Michael,1,0,32,31
1656758421249,MATH 109,B03,093479,Ganzberger; Geoffrey Michael,6,0,32,26
1656758427272,MATH 142A,A01,083219,Chow; Bennett,6,0,32,26
1656758427272,MATH 142A,A02,083220,Chow; Bennett,9,0,32,23
1656758427272,MATH 142A,A03,093480,Chow; Bennett,7,0,32,25
1656758427272,MATH 142A,B03,093481,Chow; Bennett,7,0,32,25
1656758427272,MATH 142A,B04,093558,Chow; Bennett,10,0,32,22
1656758427272,MATH 142A,B05,093559,Chow; Bennett,6,0,32,26
1656758433303,MATH 193A,A01,083224,Rotar; Vladimir,6,0,34,28
1656758433303,MATH 193A,A02,083225,Rotar; Vladimir,3,0,34,31
1656758433303,MATH 193A,A03,083781,Rotar; Vladimir,1,0,34,33
1656758433303,MATH 193A,A04,083782,Rotar; Vladimir,6,0,34,28
1656758433303,MATH 193A,A05,093482,Rotar; Vladimir,6,0,34,28
1656758439327,MATH 197,001,091859,McAuley; Julian John,9999,0,9999,0
1656758439327,MATH 197,002,095566,Kedlaya; Kiran S.,9997,0,9999,2
1656758439327,MATH 197,003,095567,Xiao; Ming,9999,0,9999,0
1656758439327,MATH 197,004,095571,Perols; Johan Lars,9998,0,9999,1
1656758446385,COGS 9,A01,083615,Shannon; Kyle Michael,6,0,75,69
1656758452426,COGS 11,A01,083617,Boyle; Mary E. T.,18,0,48,30
1656758458451,COGS 13,A01,083071,Bastos; Amalia Pinkusfeld,8,0,71,63
1656758464479,COGS 14A,A01,092681,Semenuks; Arturs,0,1,100,100
1656758470502,COGS 14B,A01,083073,Cheng; Tzu-Han,5,0,63,58
1656758476526,COGS 17,A01,092677,Semenuks; Arturs,4,0,81,77
1656758482549,COGS 100,A01,083619,Allen; Michael Gordon,15,0,70,55
1656758488579,COGS 101A,A01,083621,Davis; Joshua Daniel,9,0,68,59
1656758494602,COGS 101B,A01,091572,Allen; Michael Gordon,8,0,65,57
1656758500628,COGS 101C,A01,083625,Delgado; Tania,17,0,35,18
1656758506654,COGS 107A,A01,083627,Boyle; Mary E. T.,13,0,60,47
1656758512679,COGS 118A,A01,083075,Gupta; Anjum,15,0,76,61
1656758518706,CSE 3,A50,083646,Miranda; Gregory Joseph,22,0,50,28
1656758524735,CSE 8A,A50,083650,Miranda; Gregory Joseph,17,1,56,39
1656758530761,CSE 11,A01,083080,Cao; Yingjun,4,15,40,36
1656758536783,CSE 12,A01,083652,Krause-Levy; Sophia Louisa,20,1,120,100
1656758542813,CSE 15L,A01,083654,Morris; Justin Loren,8,0,50,42
1656758542813,CSE 15L,A02,083655,Morris; Justin Loren,8,0,50,42
1656758548838,CSE 20,A01,083657,Tran; Khoa Dang,37,0,80,43
1656758554867,CSE 21,A01,095574,Bach; Quang Tran,21,0,48,27
1656758560893,CSE 30,A01,083084,Eldon; John,4,0,80,76
1656758560893,CSE 30,B01,095061,Bhaskar; Nishant,5,0,50,45
1656758566918,CSE 100,A01,083659,Cao; Yingjun,1,4,70,69
1656758572946,CSE 134B,A01,083661,Powell; Thomas Allan,18,0,100,82
1656758578977,CSE 140,A01,083663,Gungor; Onat,14,0,85,71
1656758585003,CSE 140L,A01,083088,Eldon; John,16,0,100,84
1656758591026,CSE 175,A01,083665,Kumar; Rakesh,3,0,25,22
1656758597053,CSE 190,A00,092507,Dubnov; Shlomo,7,0,20,13
1656758603078,ECE 45,A01,083139,Congero; Spencer William,5,0,75,70
1656758609110,ECE 65,A50,083695,Saad; Andrew S,12,0,30,18
1656758609110,ECE 65,A51,095125,Saad; Andrew S,25,0,26,1
1656758615135,ECE 109,A01,091882,Touri; Behrouz,15,0,70,55
1656758621157,ECE 180,A00,083140,Abi Samra; Nicholas Camill,0,0,30,30
1656758621157,ECE 180,B00,083141,Abi Samra; Nicholas Camill,0,0,30,30
1656758627182,MATH 10A,A01,083735,Patchell; Gregory David,1,0,30,29
1656758627182,MATH 10A,A02,083736,Patchell; Gregory David,20,0,30,10
1656758627182,MATH 10A,A03,083737,Patchell; Gregory David,15,0,30,15
1656758633219,MATH 10B,A01,083207,Lim; Seonhee,7,0,34,27
1656758633219,MATH 10B,A02,083208,Lim; Seonhee,9,0,35,26
1656758633219,MATH 10B,A03,093472,Lim; Seonhee,4,0,34,30
1656758633219,MATH 10B,B01,083739,Sinha; Shubham,9,0,30,21
1656758639245,MATH 18,A01,083743,Cinel; Cameron Alexander,6,0,30,24
1656758639245,MATH 18,A02,083744,Cinel; Cameron Alexander,15,0,30,15
1656758639245,MATH 18,A03,083745,Cinel; Cameron Alexander,8,0,30,22
1656758639245,MATH 18,B01,083748,Rideout; David Porter,3,0,37,34
1656758639245,MATH 18,B02,083749,Rideout; David Porter,3,0,36,33
1656758639245,MATH 18,B03,083750,Rideout; David Porter,1,0,37,36
1656758639245,MATH 18,B04,083751,Rideout; David Porter,5,0,36,31
1656758639245,MATH 18,B05,093473,Rideout; David Porter,4,0,36,32
1656758639245,MATH 18,B06,093474,Rideout; David Porter,5,0,36,31
1656758645277,MATH 20A,A01,083754,Zheng; Zequn,12,0,40,28
1656758651310,MATH 20B,A01,083756,Briones; Jor-el Thomas Caparas,1,0,36,35
1656758651310,MATH 20B,A02,083757,Briones; Jor-el Thomas Caparas,1,0,36,35
1656758651310,MATH 20B,A03,093475,Briones; Jor-el Thomas Caparas,0,0,36,36
1656758657335,MATH 20C,A01,083760,Briones; Jor-el Thomas Caparas,1,0,35,34
1656758657335,MATH 20C,A02,083761,Briones; Jor-el Thomas Caparas,8,0,35,27
1656758657335,MATH 20C,A03,093476,Briones; Jor-el Thomas Caparas,0,1,36,36
1656758657335,MATH 20C,B01,083762,Bach; Quang Tran,0,0,30,30
1656758663365,MATH 20D,A01,083765,Tran; Brian Kha,4,0,30,26
1656758663365,MATH 20D,A02,083766,Tran; Brian Kha,4,0,30,26
1656758663365,MATH 20D,A03,083767,Tran; Brian Kha,2,0,30,28
1656758669397,MATH 20E,A01,083771,Ganguly; Soumya,5,0,32,27
1656758669397,MATH 20E,A02,083772,Ganguly; Soumya,5,0,32,27
1656758669397,MATH 20E,B01,083773,Ciotti; Benjamin,18,0,35,17
1656758669397,MATH 20E,B02,083774,Ciotti; Benjamin,17,0,35,18
1656758675423,MATH 103A,A01,083777,Greenfeld; Be'Eri,2,0,36,34
1656758675423,MATH 103A,A02,083778,Greenfeld; Be'Eri,5,0,36,31
1656758675423,MATH 103A,A03,093561,Greenfeld; Be'Eri,4,0,36,32
1656758675423,MATH 103A,B01,083779,Greenfeld; Be'Eri,6,0,36,30
1656758675423,MATH 103A,B02,083780,Greenfeld; Be'Eri,2,0,36,34
1656758675423,MATH 103A,B03,093562,Greenfeld; Be'Eri,2,0,36,34
1656758681447,MATH 105,A01,085443,Carter; Anne Toulson,13,0,35,22
1656758681447,MATH 105,A02,093477,Carter; Anne Toulson,20,0,35,15
1656758687474,MATH 109,A01,083213,Ganzberger; Geoffrey Michael,2,0,34,32
1656758687474,MATH 109,A02,083214,Ganzberger; Geoffrey Michael,2,0,34,32
1656758687474,MATH 109,A03,093478,Ganzberger; Geoffrey Michael,1,0,34,33
1656758687474,MATH 109,B01,083215,Ganzberger; Geoffrey Michael,1,0,32,31
1656758687474,MATH 109,B02,083216,Ganzberger; Geoffrey Michael,1,0,32,31
1656758687474,MATH 109,B03,093479,Ganzberger; Geoffrey Michael,6,0,32,26
1656758693511,MATH 142A,A01,083219,Chow; Bennett,6,0,32,26
1656758693511,MATH 142A,A02,083220,Chow; Bennett,9,0,32,23
1656758693511,MATH 142A,A03,093480,Chow; Bennett,7,0,32,25
1656758693511,MATH 142A,B03,093481,Chow; Bennett,7,0,32,25
1656758693511,MATH 142A,B04,093558,Chow; Bennett,10,0,32,22
1656758693511,MATH 142A,B05,093559,Chow; Bennett,6,0,32,26
1656758699539,MATH 193A,A01,083224,Rotar; Vladimir,6,0,34,28
1656758699539,MATH 193A,A02,083225,Rotar; Vladimir,3,0,34,31
1656758699539,MATH 193A,A03,083781,Rotar; Vladimir,1,0,34,33
1656758699539,MATH 193A,A04,083782,Rotar; Vladimir,6,0,34,28
1656758699539,MATH 193A,A05,093482,Rotar; Vladimir,6,0,34,28
1656758705572,MATH 197,001,091859,McAuley; Julian John,9999,0,9999,0
1656758705572,MATH 197,002,095566,Kedlaya; Kiran S.,9997,0,9999,2
1656758705572,MATH 197,003,095567,Xiao; Ming,9999,0,9999,0
1656758705572,MATH 197,004,095571,Perols; Johan Lars,9998,0,9999,1
1656758712632,COGS 9,A01,083615,Shannon; Kyle Michael,6,0,75,69
1656758718659,COGS 11,A01,083617,Boyle; Mary E. T.,18,0,48,30
1656758724689,COGS 13,A01,083071,Bastos; Amalia Pinkusfeld,8,0,71,63
1656758730715,COGS 14A,A01,092681,Semenuks; Arturs,0,1,100,100
1656758736741,COGS 14B,A01,083073,Cheng; Tzu-Han,5,0,63,58
1656758742766,COGS 17,A01,092677,Semenuks; Arturs,4,0,81,77
1656758748804,COGS 100,A01,083619,Allen; Michael Gordon,15,0,70,55
1656758754834,COGS 101A,A01,083621,Davis; Joshua Daniel,9,0,68,59
1656758760863,COGS 101B,A01,091572,Allen; Michael Gordon,8,0,65,57
1656758766892,COGS 101C,A01,083625,Delgado; Tania,17,0,35,18
1656758772916,COGS 107A,A01,083627,Boyle; Mary E. T.,13,0,60,47
1656758778944,COGS 118A,A01,083075,Gupta; Anjum,15,0,76,61
1656758784982,CSE 3,A50,083646,Miranda; Gregory Joseph,22,0,50,28
1656758791011,CSE 8A,A50,083650,Miranda; Gregory Joseph,17,1,56,39
1656758797048,CSE 11,A01,083080,Cao; Yingjun,4,15,40,36
1656758803078,CSE 12,A01,083652,Krause-Levy; Sophia Louisa,20,1,120,100
1656758809102,CSE 15L,A01,083654,Morris; Justin Loren,8,0,50,42
1656758809102,CSE 15L,A02,083655,Morris; Justin Loren,8,0,50,42
1656758815202,CSE 20,A01,083657,Tran; Khoa Dang,37,0,80,43
1656758821226,CSE 21,A01,095574,Bach; Quang Tran,21,0,48,27
1656758827258,CSE 30,A01,083084,Eldon; John,4,0,80,76
1656758827258,CSE 30,B01,095061,Bhaskar; Nishant,5,0,50,45
1656758833285,CSE 100,A01,083659,Cao; Yingjun,1,4,70,69
1656758839309,CSE 134B,A01,083661,Powell; Thomas Allan,18,0,100,82
1656758845335,CSE 140,A01,083663,Gungor; Onat,14,0,85,71
1656758851359,CSE 140L,A01,083088,Eldon; John,16,0,100,84
1656758857384,CSE 175,A01,083665,Kumar; Rakesh,3,0,25,22
1656758863410,CSE 190,A00,092507,Dubnov; Shlomo,7,0,20,13
1656758869433,ECE 45,A01,083139,Congero; Spencer William,5,0,75,70
1656758875463,ECE 65,A50,083695,Saad; Andrew S,12,0,30,18
1656758875463,ECE 65,A51,095125,Saad; Andrew S,25,0,26,1
1656758881490,ECE 109,A01,091882,Touri; Behrouz,15,0,70,55
1656758887516,ECE 180,A00,083140,Abi Samra; Nicholas Camill,0,0,30,30
1656758887516,ECE 180,B00,083141,Abi Samra; Nicholas Camill,0,0,30,30
1656758893544,MATH 10A,A01,083735,Patchell; Gregory David,1,0,30,29
1656758893544,MATH 10A,A02,083736,Patchell; Gregory David,20,0,30,10
1656758893544,MATH 10A,A03,083737,Patchell; Gregory David,15,0,30,15
1656758899575,MATH 10B,A01,083207,Lim; Seonhee,7,0,34,27
1656758899575,MATH 10B,A02,083208,Lim; Seonhee,9,0,35,26
1656758899575,MATH 10B,A03,093472,Lim; Seonhee,4,0,34,30
1656758899575,MATH 10B,B01,083739,Sinha; Shubham,9,0,30,21
1656758905601,MATH 18,A01,083743,Cinel; Cameron Alexander,6,0,30,24
1656758905601,MATH 18,A02,083744,Cinel; Cameron Alexander,15,0,30,15
1656758905601,MATH 18,A03,083745,Cinel; Cameron Alexander,8,0,30,22
1656758905601,MATH 18,B01,083748,Rideout; David Porter,3,0,37,34
1656758905601,MATH 18,B02,083749,Rideout; David Porter,3,0,36,33
1656758905601,MATH 18,B03,083750,Rideout; David Porter,1,0,37,36
1656758905601,MATH 18,B04,083751,Rideout; David Porter,5,0,36,31
1656758905601,MATH 18,B05,093473,Rideout; David Porter,4,0,36,32
1656758905601,MATH 18,B06,093474,Rideout; David Porter,5,0,36,31
1656758911630,MATH 20A,A01,083754,Zheng; Zequn,12,0,40,28
1656758917654,MATH 20B,A01,083756,Briones; Jor-el Thomas Caparas,1,0,36,35
1656758917654,MATH 20B,A02,083757,Briones; Jor-el Thomas Caparas,1,0,36,35
1656758917654,MATH 20B,A03,093475,Briones; Jor-el Thomas Caparas,0,0,36,36
1656758923679,MATH 20C,A01,083760,Briones; Jor-el Thomas Caparas,1,0,35,34
1656758923679,MATH 20C,A02,083761,Briones; Jor-el Thomas Caparas,8,0,35,27
1656758923679,MATH 20C,A03,093476,Briones; Jor-el Thomas Caparas,0,1,36,36
1656758923679,MATH 20C,B01,083762,Bach; Quang Tran,0,0,30,30
1656758929702,MATH 20D,A01,083765,Tran; Brian Kha,4,0,30,26
1656758929702,MATH 20D,A02,083766,Tran; Brian Kha,4,0,30,26
1656758929702,MATH 20D,A03,083767,Tran; Brian Kha,2,0,30,28
1656758935729,MATH 20E,A01,083771,Ganguly; Soumya,5,0,32,27
1656758935729,MATH 20E,A02,083772,Ganguly; Soumya,5,0,32,27
1656758935729,MATH 20E,B01,083773,Ciotti; Benjamin,18,0,35,17
1656758935729,MATH 20E,B02,083774,Ciotti; Benjamin,17,0,35,18
1656758941761,MATH 103A,A01,083777,Greenfeld; Be'Eri,2,0,36,34
1656758941761,MATH 103A,A02,083778,Greenfeld; Be'Eri,5,0,36,31
1656758941761,MATH 103A,A03,093561,Greenfeld; Be'Eri,4,0,36,32
1656758941761,MATH 103A,B01,083779,Greenfeld; Be'Eri,6,0,36,30
1656758941761,MATH 103A,B02,083780,Greenfeld; Be'Eri,2,0,36,34
1656758941761,MATH 103A,B03,093562,Greenfeld; Be'Eri,2,0,36,34
1656758947783,MATH 105,A01,085443,Carter; Anne Toulson,13,0,35,22
1656758947783,MATH 105,A02,093477,Carter; Anne Toulson,20,0,35,15
1656758953815,MATH 109,A01,083213,Ganzberger; Geoffrey Michael,2,0,34,32
1656758953815,MATH 109,A02,083214,Ganzberger; Geoffrey Michael,2,0,34,32
1656758953815,MATH 109,A03,093478,Ganzberger; Geoffrey Michael,1,0,34,33
1656758953815,MATH 109,B01,083215,Ganzberger; Geoffrey Michael,1,0,32,31
1656758953815,MATH 109,B02,083216,Ganzberger; Geoffrey Michael,1,0,32,31
1656758953815,MATH 109,B03,093479,Ganzberger; Geoffrey Michael,6,0,32,26
1656758959840,MATH 142A,A01,083219,Chow; Bennett,6,0,32,26
1656758959840,MATH 142A,A02,083220,Chow; Bennett,9,0,32,23
1656758959840,MATH 142A,A03,093480,Chow; Bennett,7,0,32,25
1656758959840,MATH 142A,B03,093481,Chow; Bennett,7,0,32,25
1656758959840,MATH 142A,B04,093558,Chow; Bennett,10,0,32,22
1656758959840,MATH 142A,B05,093559,Chow; Bennett,6,0,32,26
1656758965862,MATH 193A,A01,083224,Rotar; Vladimir,6,0,34,28
1656758965862,MATH 193A,A02,083225,Rotar; Vladimir,3,0,34,31
1656758965862,MATH 193A,A03,083781,Rotar; Vladimir,1,0,34,33
1656758965862,MATH 193A,A04,083782,Rotar; Vladimir,6,0,34,28
1656758965862,MATH 193A,A05,093482,Rotar; Vladimir,6,0,34,28
1656758971887,MATH 197,001,091859,McAuley; Julian John,9999,0,9999,0
1656758971887,MATH 197,002,095566,Kedlaya; Kiran S.,9997,0,9999,2
1656758971887,MATH 197,003,095567,Xiao; Ming,9999,0,9999,0
1656758971887,MATH 197,004,095571,Perols; Johan Lars,9998,0,9999,1
1656758978948,COGS 9,A01,083615,Shannon; Kyle Michael,6,0,75,69
1656758984972,COGS 11,A01,083617,Boyle; Mary E. T.,18,0,48,30
1656758990998,COGS 13,A01,083071,Bastos; Amalia Pinkusfeld,8,0,71,63
1656758997023,COGS 14A,A01,092681,Semenuks; Arturs,0,1,100,100
1656759003047,COGS 14B,A01,083073,Cheng; Tzu-Han,5,0,63,58
1656759009075,COGS 17,A01,092677,Semenuks; Arturs,4,0,81,77
1656759015100,COGS 100,A01,083619,Allen; Michael Gordon,15,0,70,55
1656759021130,COGS 101A,A01,083621,Davis; Joshua Daniel,9,0,68,59
1656759027154,COGS 101B,A01,091572,Allen; Michael Gordon,8,0,65,57
1656759033178,COGS 101C,A01,083625,Delgado; Tania,17,0,35,18
1656759039205,COGS 107A,A01,083627,Boyle; Mary E. T.,13,0,60,47
1656759045235,COGS 118A,A01,083075,Gupta; Anjum,15,0,76,61
1656759051265,CSE 3,A50,083646,Miranda; Gregory Joseph,22,0,50,28
1656759057302,CSE 8A,A50,083650,Miranda; Gregory Joseph,17,1,56,39
1656759063333,CSE 11,A01,083080,Cao; Yingjun,4,15,40,36
1656759069361,CSE 12,A01,083652,Krause-Levy; Sophia Louisa,20,1,120,100
1656759075393,CSE 15L,A01,083654,Morris; Justin Loren,8,0,50,42
1656759075393,CSE 15L,A02,083655,Morris; Justin Loren,8,0,50,42
1656759081420,CSE 20,A01,083657,Tran; Khoa Dang,37,0,80,43
1656759087445,CSE 21,A01,095574,Bach; Quang Tran,21,0,48,27
1656759093470,CSE 30,A01,083084,Eldon; John,4,0,80,76
1656759093470,CSE 30,B01,095061,Bhaskar; Nishant,5,0,50,45
1656759099500,CSE 100,A01,083659,Cao; Yingjun,1,4,70,69
1656759105524,CSE 134B,A01,083661,Powell; Thomas Allan,18,0,100,82
1656759111548,CSE 140,A01,083663,Gungor; Onat,14,0,85,71
1656759117572,CSE 140L,A01,083088,Eldon; John,16,0,100,84
1656759123594,CSE 175,A01,083665,Kumar; Rakesh,3,0,25,22
1656759129618,CSE 190,A00,092507,Dubnov; Shlomo,7,0,20,13
1656759135642,ECE 45,A01,083139,Congero; Spencer William,5,0,75,70
1656759141673,ECE 65,A50,083695,Saad; Andrew S,12,0,30,18
1656759141673,ECE 65,A51,095125,Saad; Andrew S,25,0,26,1
1656759147698,ECE 109,A01,091882,Touri; Behrouz,15,0,70,55
1656759153723,ECE 180,A00,083140,Abi Samra; Nicholas Camill,0,0,30,30
1656759153723,ECE 180,B00,083141,Abi Samra; Nicholas Camill,0,0,30,30
1656759159749,MATH 10A,A01,083735,Patchell; Gregory David,1,0,30,29
1656759159749,MATH 10A,A02,083736,Patchell; Gregory David,20,0,30,10
1656759159749,MATH 10A,A03,083737,Patchell; Gregory David,15,0,30,15
1656759165783,MATH 10B,A01,083207,Lim; Seonhee,7,0,34,27
1656759165783,MATH 10B,A02,083208,Lim; Seonhee,9,0,35,26
1656759165783,MATH 10B,A03,093472,Lim; Seonhee,4,0,34,30
1656759165783,MATH 10B,B01,083739,Sinha; Shubham,9,0,30,21
1656759171821,MATH 18,A01,083743,Cinel; Cameron Alexander,6,0,30,24
1656759171821,MATH 18,A02,083744,Cinel; Cameron Alexander,15,0,30,15
1656759171821,MATH 18,A03,083745,Cinel; Cameron Alexander,8,0,30,22
1656759171821,MATH 18,B01,083748,Rideout; David Porter,3,0,37,34
1656759171821,MATH 18,B02,083749,Rideout; David Porter,3,0,36,33
1656759171821,MATH 18,B03,083750,Rideout; David Porter,1,0,37,36
1656759171821,MATH 18,B04,083751,Rideout; David Porter,5,0,36,31
1656759171821,MATH 18,B05,093473,Rideout; David Porter,4,0,36,32
1656759171821,MATH 18,B06,093474,Rideout; David Porter,5,0,36,31
1656759177853,MATH 20A,A01,083754,Zheng; Zequn,12,0,40,28
1656759183885,MATH 20B,A01,083756,Briones; Jor-el Thomas Caparas,1,0,36,35
1656759183885,MATH 20B,A02,083757,Briones; Jor-el Thomas Caparas,1,0,36,35
1656759183885,MATH 20B,A03,093475,Briones; Jor-el Thomas Caparas,0,0,36,36
1656759189908,MATH 20C,A01,083760,Briones; Jor-el Thomas Caparas,1,0,35,34
1656759189908,MATH 20C,A02,083761,Briones; Jor-el Thomas Caparas,8,0,35,27
1656759189908,MATH 20C,A03,093476,Briones; Jor-el Thomas Caparas,0,1,36,36
1656759189908,MATH 20C,B01,083762,Bach; Quang Tran,0,0,30,30
1656759195934,MATH 20D,A01,083765,Tran; Brian Kha,4,0,30,26
1656759195934,MATH 20D,A02,083766,Tran; Brian Kha,4,0,30,26
1656759195934,MATH 20D,A03,083767,Tran; Brian Kha,2,0,30,28
1656759201959,MATH 20E,A01,083771,Ganguly; Soumya,5,0,32,27
1656759201959,MATH 20E,A02,083772,Ganguly; Soumya,5,0,32,27
1656759201959,MATH 20E,B01,083773,Ciotti; Benjamin,18,0,35,17
1656759201959,MATH 20E,B02,083774,Ciotti; Benjamin,17,0,35,18
1656759207986,MATH 103A,A01,083777,Greenfeld; Be'Eri,2,0,36,34
1656759207986,MATH 103A,A02,083778,Greenfeld; Be'Eri,5,0,36,31
1656759207986,MATH 103A,A03,093561,Greenfeld; Be'Eri,4,0,36,32
1656759207986,MATH 103A,B01,083779,Greenfeld; Be'Eri,6,0,36,30
1656759207986,MATH 103A,B02,083780,Greenfeld; Be'Eri,2,0,36,34
1656759207986,MATH 103A,B03,093562,Greenfeld; Be'Eri,2,0,36,34
1656759214015,MATH 105,A01,085443,Carter; Anne Toulson,13,0,35,22
1656759214015,MATH 105,A02,093477,Carter; Anne Toulson,20,0,35,15
1656759220039,MATH 109,A01,083213,Ganzberger; Geoffrey Michael,2,0,34,32
1656759220039,MATH 109,A02,083214,Ganzberger; Geoffrey Michael,2,0,34,32
1656759220039,MATH 109,A03,093478,Ganzberger; Geoffrey Michael,1,0,34,33
1656759220039,MATH 109,B01,083215,Ganzberger; Geoffrey Michael,1,0,32,31
1656759220039,MATH 109,B02,083216,Ganzberger; Geoffrey Michael,1,0,32,31
1656759220039,MATH 109,B03,093479,Ganzberger; Geoffrey Michael,6,0,32,26
1656759226064,MATH 142A,A01,083219,Chow; Bennett,6,0,32,26
1656759226064,MATH 142A,A02,083220,Chow; Bennett,9,0,32,23
1656759226064,MATH 142A,A03,093480,Chow; Bennett,7,0,32,25
1656759226064,MATH 142A,B03,093481,Chow; Bennett,7,0,32,25
1656759226064,MATH 142A,B04,093558,Chow; Bennett,10,0,32,22
1656759226064,MATH 142A,B05,093559,Chow; Bennett,6,0,32,26
1656759232093,MATH 193A,A01,083224,Rotar; Vladimir,6,0,34,28
1656759232093,MATH 193A,A02,083225,Rotar; Vladimir,3,0,34,31
1656759232093,MATH 193A,A03,083781,Rotar; Vladimir,1,0,34,33
1656759232093,MATH 193A,A04,083782,Rotar; Vladimir,6,0,34,28
1656759232093,MATH 193A,A05,093482,Rotar; Vladimir,6,0,34,28
1656759238115,MATH 197,001,091859,McAuley; Julian John,9999,0,9999,0
1656759238115,MATH 197,002,095566,Kedlaya; Kiran S.,9997,0,9999,2
1656759238115,MATH 197,003,095567,Xiao; Ming,9999,0,9999,0
1656759238115,MATH 197,004,095571,Perols; Johan Lars,9998,0,9999,1
1656759245188,COGS 9,A01,083615,Shannon; Kyle Michael,6,0,75,69
1656759251215,COGS 11,A01,083617,Boyle; Mary E. T.,18,0,48,30
1656759257251,COGS 13,A01,083071,Bastos; Amalia Pinkusfeld,8,0,71,63
1656759263287,COGS 14A,A01,092681,Semenuks; Arturs,0,1,100,100
1656759269315,COGS 14B,A01,083073,Cheng; Tzu-Han,5,0,63,58
1656759275342,COGS 17,A01,092677,Semenuks; Arturs,4,0,81,77
1656759281378,COGS 100,A01,083619,Allen; Michael Gordon,15,0,70,55
1656759287405,COGS 101A,A01,083621,Davis; Joshua Daniel,9,0,68,59
1656759293434,COGS 101B,A01,091572,Allen; Michael Gordon,8,0,65,57
1656759299458,COGS 101C,A01,083625,Delgado; Tania,17,0,35,18
1656759305481,COGS 107A,A01,083627,Boyle; Mary E. T.,13,0,60,47
1656759311510,COGS 118A,A01,083075,Gupta; Anjum,15,0,76,61
1656759317537,CSE 3,A50,083646,Miranda; Gregory Joseph,22,0,50,28
1656759323569,CSE 8A,A50,083650,Miranda; Gregory Joseph,17,1,56,39
1656759329596,CSE 11,A01,083080,Cao; Yingjun,4,15,40,36
1656759335626,CSE 12,A01,083652,Krause-Levy; Sophia Louisa,20,1,120,100
1656759341655,CSE 15L,A01,083654,Morris; Justin Loren,8,0,50,42
1656759341655,CSE 15L,A02,083655,Morris; Justin Loren,8,0,50,42
1656759347685,CSE 20,A01,083657,Tran; Khoa Dang,37,0,80,43
1656759353709,CSE 21,A01,095574,Bach; Quang Tran,21,0,48,27
1656759359749,CSE 30,A01,083084,Eldon; John,4,0,80,76
1656759359749,CSE 30,B01,095061,Bhaskar; Nishant,5,0,50,45
1656759365776,CSE 100,A01,083659,Cao; Yingjun,1,4,70,69
1656759371800,CSE 134B,A01,083661,Powell; Thomas Allan,18,0,100,82
1656759377824,CSE 140,A01,083663,Gungor; Onat,14,0,85,71
1656759383851,CSE 140L,A01,083088,Eldon; John,16,0,100,84
1656759389875,CSE 175,A01,083665,Kumar; Rakesh,3,0,25,22
1656759395899,CSE 190,A00,092507,Dubnov; Shlomo,7,0,20,13
1656759401924,ECE 45,A01,083139,Congero; Spencer William,5,0,75,70
1656759407955,ECE 65,A50,083695,Saad; Andrew S,12,0,30,18
1656759407955,ECE 65,A51,095125,Saad; Andrew S,25,0,26,1
1656759414065,ECE 109,A01,091882,Touri; Behrouz,15,0,70,55
1656759420094,ECE 180,A00,083140,Abi Samra; Nicholas Camill,0,0,30,30
1656759420094,ECE 180,B00,083141,Abi Samra; Nicholas Camill,0,0,30,30
1656759426119,MATH 10A,A01,083735,Patchell; Gregory David,1,0,30,29
1656759426119,MATH 10A,A02,083736,Patchell; Gregory David,20,0,30,10
1656759426119,MATH 10A,A03,083737,Patchell; Gregory David,15,0,30,15
1656759432146,MATH 10B,A01,083207,Lim; Seonhee,7,0,34,27
1656759432146,MATH 10B,A02,083208,Lim; Seonhee,9,0,35,26
1656759432146,MATH 10B,A03,093472,Lim; Seonhee,4,0,34,30
1656759432146,MATH 10B,B01,083739,Sinha; Shubham,9,0,30,21
1656759438174,MATH 18,A01,083743,Cinel; Cameron Alexander,6,0,30,24
1656759438174,MATH 18,A02,083744,Cinel; Cameron Alexander,15,0,30,15
1656759438174,MATH 18,A03,083745,Cinel; Cameron Alexander,8,0,30,22
1656759438174,MATH 18,B01,083748,Rideout; David Porter,3,0,37,34
1656759438174,MATH 18,B02,083749,Rideout; David Porter,3,0,36,33
1656759438174,MATH 18,B03,083750,Rideout; David Porter,1,0,37,36
1656759438174,MATH 18,B04,083751,Rideout; David Porter,5,0,36,31
1656759438174,MATH 18,B05,093473,Rideout; David Porter,4,0,36,32
1656759438174,MATH 18,B06,093474,Rideout; David Porter,5,0,36,31
1656759444198,MATH 20A,A01,083754,Zheng; Zequn,12,0,40,28
1656759450230,MATH 20B,A01,083756,Briones; Jor-el Thomas Caparas,1,0,36,35
1656759450230,MATH 20B,A02,083757,Briones; Jor-el Thomas Caparas,1,0,36,35
1656759450230,MATH 20B,A03,093475,Briones; Jor-el Thomas Caparas,0,0,36,36
1656759456255,MATH 20C,A01,083760,Briones; Jor-el Thomas Caparas,1,0,35,34
1656759456255,MATH 20C,A02,083761,Briones; Jor-el Thomas Caparas,8,0,35,27
1656759456255,MATH 20C,A03,093476,Briones; Jor-el Thomas Caparas,0,1,36,36
1656759456255,MATH 20C,B01,083762,Bach; Quang Tran,0,0,30,30
1656759462284,MATH 20D,A01,083765,Tran; Brian Kha,4,0,30,26
1656759462284,MATH 20D,A02,083766,Tran; Brian Kha,4,0,30,26
1656759462284,MATH 20D,A03,083767,Tran; Brian Kha,2,0,30,28
1656759468318,MATH 20E,A01,083771,Ganguly; Soumya,5,0,32,27
1656759468318,MATH 20E,A02,083772,Ganguly; Soumya,5,0,32,27
1656759468318,MATH 20E,B01,083773,Ciotti; Benjamin,18,0,35,17
1656759468318,MATH 20E,B02,083774,Ciotti; Benjamin,17,0,35,18
1656759474352,MATH 103A,A01,083777,Greenfeld; Be'Eri,2,0,36,34
1656759474352,MATH 103A,A02,083778,Greenfeld; Be'Eri,5,0,36,31
1656759474352,MATH 103A,A03,093561,Greenfeld; Be'Eri,4,0,36,32
1656759474352,MATH 103A,B01,083779,Greenfeld; Be'Eri,6,0,36,30
1656759474352,MATH 103A,B02,083780,Greenfeld; Be'Eri,2,0,36,34
1656759474352,MATH 103A,B03,093562,Greenfeld; Be'Eri,2,0,36,34
1656759480381,MATH 105,A01,085443,Carter; Anne Toulson,13,0,35,22
1656759480381,MATH 105,A02,093477,Carter; Anne Toulson,20,0,35,15
1656759486405,MATH 109,A01,083213,Ganzberger; Geoffrey Michael,2,0,34,32
1656759486405,MATH 109,A02,083214,Ganzberger; Geoffrey Michael,2,0,34,32
1656759486405,MATH 109,A03,093478,Ganzberger; Geoffrey Michael,1,0,34,33
1656759486405,MATH 109,B01,083215,Ganzberger; Geoffrey Michael,1,0,32,31
1656759486405,MATH 109,B02,083216,Ganzberger; Geoffrey Michael,1,0,32,31
1656759486405,MATH 109,B03,093479,Ganzberger; Geoffrey Michael,6,0,32,26
1656759492436,MATH 142A,A01,083219,Chow; Bennett,6,0,32,26
1656759492436,MATH 142A,A02,083220,Chow; Bennett,9,0,32,23
1656759492436,MATH 142A,A03,093480,Chow; Bennett,7,0,32,25
1656759492436,MATH 142A,B03,093481,Chow; Bennett,7,0,32,25
1656759492436,MATH 142A,B04,093558,Chow; Bennett,10,0,32,22
1656759492436,MATH 142A,B05,093559,Chow; Bennett,6,0,32,26
1656759498461,MATH 193A,A01,083224,Rotar; Vladimir,6,0,34,28
1656759498461,MATH 193A,A02,083225,Rotar; Vladimir,3,0,34,31
1656759498461,MATH 193A,A03,083781,Rotar; Vladimir,1,0,34,33
1656759498461,MATH 193A,A04,083782,Rotar; Vladimir,6,0,34,28
1656759498461,MATH 193A,A05,093482,Rotar; Vladimir,6,0,34,28
1656759504484,MATH 197,001,091859,McAuley; Julian John,9999,0,9999,0
1656759504484,MATH 197,002,095566,Kedlaya; Kiran S.,9997,0,9999,2
1656759504484,MATH 197,003,095567,Xiao; Ming,9999,0,9999,0
1656759504484,MATH 197,004,095571,Perols; Johan Lars,9998,0,9999,1
1656759511549,COGS 9,A01,083615,Shannon; Kyle Michael,6,0,75,69
1656759517575,COGS 11,A01,083617,Boyle; Mary E. T.,18,0,48,30
1656759523607,COGS 13,A01,083071,Bastos; Amalia Pinkusfeld,8,0,71,63
1656759529632,COGS 14A,A01,092681,Semenuks; Arturs,0,1,100,100
1656759535653,COGS 14B,A01,083073,Cheng; Tzu-Han,5,0,63,58
1656759541677,COGS 17,A01,092677,Semenuks; Arturs,4,0,81,77
1656759547701,COGS 100,A01,083619,Allen; Michael Gordon,15,0,70,55
1656759553724,COGS 101A,A01,083621,Davis; Joshua Daniel,9,0,68,59
1656759559747,COGS 101B,A01,091572,Allen; Michael Gordon,8,0,65,57
1656759565777,COGS 101C,A01,083625,Delgado; Tania,17,0,35,18
1656759571805,COGS 107A,A01,083627,Boyle; Mary E. T.,13,0,60,47
1656759577829,COGS 118A,A01,083075,Gupta; Anjum,15,0,76,61
1656759583854,CSE 3,A50,083646,Miranda; Gregory Joseph,22,0,50,28
1656759589878,CSE 8A,A50,083650,Miranda; Gregory Joseph,17,1,56,39
1656759595909,CSE 11,A01,083080,Cao; Yingjun,4,15,40,36
1656759601936,CSE 12,A01,083652,Krause-Levy; Sophia Louisa,20,1,120,100
1656759607964,CSE 15L,A01,083654,Morris; Justin Loren,8,0,50,42
1656759607964,CSE 15L,A02,083655,Morris; Justin Loren,8,0,50,42
1656759613995,CSE 20,A01,083657,Tran; Khoa Dang,37,0,80,43
1656759620019,CSE 21,A01,095574,Bach; Quang Tran,21,0,48,27
1656759626045,CSE 30,A01,083084,Eldon; John,4,0,80,76
1656759626045,CSE 30,B01,095061,Bhaskar; Nishant,5,0,50,45
1656759632069,CSE 100,A01,083659,Cao; Yingjun,1,4,70,69
1656759638096,CSE 134B,A01,083661,Powell; Thomas Allan,18,0,100,82
1656759644120,CSE 140,A01,083663,Gungor; Onat,14,0,85,71
1656759650147,CSE 140L,A01,083088,Eldon; John,16,0,100,84
1656759656172,CSE 175,A01,083665,Kumar; Rakesh,3,0,25,22
1656759662196,CSE 190,A00,092507,Dubnov; Shlomo,7,0,20,13
1656759668220,ECE 45,A01,083139,Congero; Spencer William,5,0,75,70
1656759674249,ECE 65,A50,083695,Saad; Andrew S,12,0,30,18
1656759674249,ECE 65,A51,095125,Saad; Andrew S,25,0,26,1
1656759680272,ECE 109,A01,091882,Touri; Behrouz,15,0,70,55
1656759686302,ECE 180,A00,083140,Abi Samra; Nicholas Camill,0,0,30,30
1656759686302,ECE 180,B00,083141,Abi Samra; Nicholas Camill,0,0,30,30
1656759692333,MATH 10A,A01,083735,Patchell; Gregory David,1,0,30,29
1656759692333,MATH 10A,A02,083736,Patchell; Gregory David,20,0,30,10
1656759692333,MATH 10A,A03,083737,Patchell; Gregory David,15,0,30,15
1656759698359,MATH 10B,A01,083207,Lim; Seonhee,7,0,34,27
1656759698359,MATH 10B,A02,083208,Lim; Seonhee,9,0,35,26
1656759698359,MATH 10B,A03,093472,Lim; Seonhee,4,0,34,30
1656759698359,MATH 10B,B01,083739,Sinha; Shubham,9,0,30,21
1656759704387,MATH 18,A01,083743,Cinel; Cameron Alexander,6,0,30,24
1656759704387,MATH 18,A02,083744,Cinel; Cameron Alexander,15,0,30,15
1656759704387,MATH 18,A03,083745,Cinel; Cameron Alexander,8,0,30,22
1656759704387,MATH 18,B01,083748,Rideout; David Porter,3,0,37,34
1656759704387,MATH 18,B02,083749,Rideout; David Porter,3,0,36,33
1656759704387,MATH 18,B03,083750,Rideout; David Porter,1,0,37,36
1656759704387,MATH 18,B04,083751,Rideout; David Porter,5,0,36,31
1656759704387,MATH 18,B05,093473,Rideout; David Porter,4,0,36,32
1656759704387,MATH 18,B06,093474,Rideout; David Porter,5,0,36,31
1656759710416,MATH 20A,A01,083754,Zheng; Zequn,12,0,40,28
1656759716446,MATH 20B,A01,083756,Briones; Jor-el Thomas Caparas,1,0,36,35
1656759716446,MATH 20B,A02,083757,Briones; Jor-el Thomas Caparas,1,0,36,35
1656759716446,MATH 20B,A03,093475,Briones; Jor-el Thomas Caparas,0,0,36,36
1656759722471,MATH 20C,A01,083760,Briones; Jor-el Thomas Caparas,1,0,35,34
1656759722471,MATH 20C,A02,083761,Briones; Jor-el Thomas Caparas,8,0,35,27
1656759722471,MATH 20C,A03,093476,Briones; Jor-el Thomas Caparas,0,1,36,36
1656759722471,MATH 20C,B01,083762,Bach; Quang Tran,0,0,30,30
1656759728500,MATH 20D,A01,083765,Tran; Brian Kha,4,0,30,26
1656759728500,MATH 20D,A02,083766,Tran; Brian Kha,4,0,30,26
1656759728500,MATH 20D,A03,083767,Tran; Brian Kha,2,0,30,28
1656759734534,MATH 20E,A01,083771,Ganguly; Soumya,5,0,32,27
1656759734534,MATH 20E,A02,083772,Ganguly; Soumya,5,0,32,27
1656759734534,MATH 20E,B01,083773,Ciotti; Benjamin,18,0,35,17
1656759734534,MATH 20E,B02,083774,Ciotti; Benjamin,17,0,35,18
1656759740560,MATH 103A,A01,083777,Greenfeld; Be'Eri,2,0,36,34
1656759740560,MATH 103A,A02,083778,Greenfeld; Be'Eri,5,0,36,31
1656759740560,MATH 103A,A03,093561,Greenfeld; Be'Eri,4,0,36,32
1656759740560,MATH 103A,B01,083779,Greenfeld; Be'Eri,6,0,36,30
1656759740560,MATH 103A,B02,083780,Greenfeld; Be'Eri,2,0,36,34
1656759740560,MATH 103A,B03,093562,Greenfeld; Be'Eri,2,0,36,34
1656759746587,MATH 105,A01,085443,Carter; Anne Toulson,13,0,35,22
1656759746587,MATH 105,A02,093477,Carter; Anne Toulson,20,0,35,15
1656759752613,MATH 109,A01,083213,Ganzberger; Geoffrey Michael,2,0,34,32
1656759752613,MATH 109,A02,083214,Ganzberger; Geoffrey Michael,2,0,34,32
1656759752613,MATH 109,A03,093478,Ganzberger; Geoffrey Michael,1,0,34,33
1656759752613,MATH 109,B01,083215,Ganzberger; Geoffrey Michael,1,0,32,31
1656759752613,MATH 109,B02,083216,Ganzberger; Geoffrey Michael,1,0,32,31
1656759752613,MATH 109,B03,093479,Ganzberger; Geoffrey Michael,6,0,32,26
1656759758636,MATH 142A,A01,083219,Chow; Bennett,6,0,32,26
1656759758636,MATH 142A,A02,083220,Chow; Bennett,9,0,32,23
1656759758636,MATH 142A,A03,093480,Chow; Bennett,7,0,32,25
1656759758636,MATH 142A,B03,093481,Chow; Bennett,7,0,32,25
1656759758636,MATH 142A,B04,093558,Chow; Bennett,10,0,32,22
1656759758636,MATH 142A,B05,093559,Chow; Bennett,6,0,32,26
1656759764661,MATH 193A,A01,083224,Rotar; Vladimir,6,0,34,28
1656759764661,MATH 193A,A02,083225,Rotar; Vladimir,3,0,34,31
1656759764661,MATH 193A,A03,083781,Rotar; Vladimir,1,0,34,33
1656759764661,MATH 193A,A04,083782,Rotar; Vladimir,6,0,34,28
1656759764661,MATH 193A,A05,093482,Rotar; Vladimir,6,0,34,28
1656759770688,MATH 197,001,091859,McAuley; Julian John,9999,0,9999,0
1656759770688,MATH 197,002,095566,Kedlaya; Kiran S.,9997,0,9999,2
1656759770688,MATH 197,003,095567,Xiao; Ming,9999,0,9999,0
1656759770688,MATH 197,004,095571,Perols; Johan Lars,9998,0,9999,1
1656759777763,COGS 9,A01,083615,Shannon; Kyle Michael,6,0,75,69
1656759783802,COGS 11,A01,083617,Boyle; Mary E. T.,18,0,48,30
1656759789834,COGS 13,A01,083071,Bastos; Amalia Pinkusfeld,8,0,71,63
1656759795936,COGS 14A,A01,092681,Semenuks; Arturs,0,1,100,100
1656759801963,COGS 14B,A01,083073,Cheng; Tzu-Han,5,0,63,58
1656759807989,COGS 17,A01,092677,Semenuks; Arturs,4,0,81,77
1656759814013,COGS 100,A01,083619,Allen; Michael Gordon,15,0,70,55
1656759820042,COGS 101A,A01,083621,Davis; Joshua Daniel,9,0,68,59
1656759826069,COGS 101B,A01,091572,Allen; Michael Gordon,8,0,65,57
1656759832092,COGS 101C,A01,083625,Delgado; Tania,17,0,35,18
1656759838119,COGS 107A,A01,083627,Boyle; Mary E. T.,13,0,60,47
1656759844142,COGS 118A,A01,083075,Gupta; Anjum,15,0,76,61
1656759850169,CSE 3,A50,083646,Miranda; Gregory Joseph,22,0,50,28
1656759856193,CSE 8A,A50,083650,Miranda; Gregory Joseph,17,1,56,39
1656759862219,CSE 11,A01,083080,Cao; Yingjun,4,15,40,36
1656759868242,CSE 12,A01,083652,Krause-Levy; Sophia Louisa,20,1,120,100
1656759874267,CSE 15L,A01,083654,Morris; Justin Loren,8,0,50,42
1656759874267,CSE 15L,A02,083655,Morris; Justin Loren,8,0,50,42
1656759880297,CSE 20,A01,083657,Tran; Khoa Dang,37,0,80,43
1656759886320,CSE 21,A01,095574,Bach; Quang Tran,21,0,48,27
1656759892344,CSE 30,A01,083084,Eldon; John,4,0,80,76
1656759892344,CSE 30,B01,095061,Bhaskar; Nishant,5,0,50,45
1656759898368,CSE 100,A01,083659,Cao; Yingjun,1,4,70,69
1656759904396,CSE 134B,A01,083661,Powell; Thomas Allan,18,0,100,82
1656759910420,CSE 140,A01,083663,Gungor; Onat,14,0,85,71
1656759916450,CSE 140L,A01,083088,Eldon; John,16,0,100,84
1656759922475,CSE 175,A01,083665,Kumar; Rakesh,3,0,25,22
1656759928504,CSE 190,A00,092507,Dubnov; Shlomo,7,0,20,13
1656759934540,ECE 45,A01,083139,Congero; Spencer William,5,0,75,70
1656759940562,ECE 65,A50,083695,Saad; Andrew S,12,0,30,18
1656759940562,ECE 65,A51,095125,Saad; Andrew S,25,0,26,1
1656759946591,ECE 109,A01,091882,Touri; Behrouz,15,0,70,55
1656759952618,ECE 180,A00,083140,Abi Samra; Nicholas Camill,0,0,30,30
1656759952618,ECE 180,B00,083141,Abi Samra; Nicholas Camill,0,0,30,30
1656759958645,MATH 10A,A01,083735,Patchell; Gregory David,1,0,30,29
1656759958645,MATH 10A,A02,083736,Patchell; Gregory David,20,0,30,10
1656759958645,MATH 10A,A03,083737,Patchell; Gregory David,15,0,30,15
1656759964682,MATH 10B,A01,083207,Lim; Seonhee,7,0,34,27
1656759964682,MATH 10B,A02,083208,Lim; Seonhee,9,0,35,26
1656759964682,MATH 10B,A03,093472,Lim; Seonhee,4,0,34,30
1656759964682,MATH 10B,B01,083739,Sinha; Shubham,9,0,30,21
1656759970707,MATH 18,A01,083743,Cinel; Cameron Alexander,6,0,30,24
1656759970707,MATH 18,A02,083744,Cinel; Cameron Alexander,15,0,30,15
1656759970707,MATH 18,A03,083745,Cinel; Cameron Alexander,8,0,30,22
1656759970707,MATH 18,B01,083748,Rideout; David Porter,3,0,37,34
1656759970707,MATH 18,B02,083749,Rideout; David Porter,3,0,36,33
1656759970707,MATH 18,B03,083750,Rideout; David Porter,1,0,37,36
1656759970707,MATH 18,B04,083751,Rideout; David Porter,5,0,36,31
1656759970707,MATH 18,B05,093473,Rideout; David Porter,4,0,36,32
1656759970707,MATH 18,B06,093474,Rideout; David Porter,5,0,36,31
1656759976735,MATH 20A,A01,083754,Zheng; Zequn,12,0,40,28
1656759982760,MATH 20B,A01,083756,Briones; Jor-el Thomas Caparas,1,0,36,35
1656759982760,MATH 20B,A02,083757,Briones; Jor-el Thomas Caparas,1,0,36,35
1656759982760,MATH 20B,A03,093475,Briones; Jor-el Thomas Caparas,0,0,36,36
1656759988783,MATH 20C,A01,083760,Briones; Jor-el Thomas Caparas,1,0,35,34
1656759988783,MATH 20C,A02,083761,Briones; Jor-el Thomas Caparas,8,0,35,27
1656759988783,MATH 20C,A03,093476,Briones; Jor-el Thomas Caparas,0,1,36,36
1656759988783,MATH 20C,B01,083762,Bach; Quang Tran,0,0,30,30
1656759994807,MATH 20D,A01,083765,Tran; Brian Kha,4,0,30,26
1656759994807,MATH 20D,A02,083766,Tran; Brian Kha,4,0,30,26
1656759994807,MATH 20D,A03,083767,Tran; Brian Kha,2,0,30,28
1656760000840,MATH 20E,A01,083771,Ganguly; Soumya,5,0,32,27
1656760000840,MATH 20E,A02,083772,Ganguly; Soumya,5,0,32,27
1656760000840,MATH 20E,B01,083773,Ciotti; Benjamin,18,0,35,17
1656760000840,MATH 20E,B02,083774,Ciotti; Benjamin,17,0,35,18
1656760006864,MATH 103A,A01,083777,Greenfeld; Be'Eri,2,0,36,34
1656760006864,MATH 103A,A02,083778,Greenfeld; Be'Eri,5,0,36,31
1656760006864,MATH 103A,A03,093561,Greenfeld; Be'Eri,4,0,36,32
1656760006864,MATH 103A,B01,083779,Greenfeld; Be'Eri,6,0,36,30
1656760006864,MATH 103A,B02,083780,Greenfeld; Be'Eri,2,0,36,34
1656760006864,MATH 103A,B03,093562,Greenfeld; Be'Eri,2,0,36,34
1656760012897,MATH 105,A01,085443,Carter; Anne Toulson,13,0,35,22
1656760012897,MATH 105,A02,093477,Carter; Anne Toulson,20,0,35,15
1656760018922,MATH 109,A01,083213,Ganzberger; Geoffrey Michael,2,0,34,32
1656760018922,MATH 109,A02,083214,Ganzberger; Geoffrey Michael,2,0,34,32
1656760018922,MATH 109,A03,093478,Ganzberger; Geoffrey Michael,1,0,34,33
1656760018922,MATH 109,B01,083215,Ganzberger; Geoffrey Michael,1,0,32,31
1656760018922,MATH 109,B02,083216,Ganzberger; Geoffrey Michael,1,0,32,31
1656760018922,MATH 109,B03,093479,Ganzberger; Geoffrey Michael,6,0,32,26
1656760024964,MATH 142A,A01,083219,Chow; Bennett,6,0,32,26
1656760024964,MATH 142A,A02,083220,Chow; Bennett,9,0,32,23
1656760024964,MATH 142A,A03,093480,Chow; Bennett,7,0,32,25
1656760024964,MATH 142A,B03,093481,Chow; Bennett,7,0,32,25
1656760024964,MATH 142A,B04,093558,Chow; Bennett,10,0,32,22
1656760024964,MATH 142A,B05,093559,Chow; Bennett,6,0,32,26
1656760030990,MATH 193A,A01,083224,Rotar; Vladimir,6,0,34,28
1656760030990,MATH 193A,A02,083225,Rotar; Vladimir,3,0,34,31
1656760030990,MATH 193A,A03,083781,Rotar; Vladimir,1,0,34,33
1656760030990,MATH 193A,A04,083782,Rotar; Vladimir,6,0,34,28
1656760030990,MATH 193A,A05,093482,Rotar; Vladimir,6,0,34,28
1656760037019,MATH 197,001,091859,McAuley; Julian John,9999,0,9999,0
1656760037019,MATH 197,002,095566,Kedlaya; Kiran S.,9997,0,9999,2
1656760037019,MATH 197,003,095567,Xiao; Ming,9999,0,9999,0
1656760037019,MATH 197,004,095571,Perols; Johan Lars,9998,0,9999,1
1656760044099,COGS 9,A01,083615,Shannon; Kyle Michael,6,0,75,69
1656760050123,COGS 11,A01,083617,Boyle; Mary E. T.,18,0,48,30
1656760056158,COGS 13,A01,083071,Bastos; Amalia Pinkusfeld,8,0,71,63
1656760062187,COGS 14A,A01,092681,Semenuks; Arturs,0,1,100,100
1656760068212,COGS 14B,A01,083073,Cheng; Tzu-Han,5,0,63,58
1656760074235,COGS 17,A01,092677,Semenuks; Arturs,4,0,81,77
1656760080265,COGS 100,A01,083619,Allen; Michael Gordon,15,0,70,55
1656760086287,COGS 101A,A01,083621,Davis; Joshua Daniel,9,0,68,59
1656760092317,COGS 101B,A01,091572,Allen; Michael Gordon,8,0,65,57
1656760098348,COGS 101C,A01,083625,Delgado; Tania,17,0,35,18
1656760104371,COGS 107A,A01,083627,Boyle; Mary E. T.,13,0,60,47
1656760110403,COGS 118A,A01,083075,Gupta; Anjum,15,0,76,61
1656760116427,CSE 3,A50,083646,Miranda; Gregory Joseph,22,0,50,28
1656760122457,CSE 8A,A50,083650,Miranda; Gregory Joseph,17,1,56,39
1656760128480,CSE 11,A01,083080,Cao; Yingjun,4,15,40,36
1656760134513,CSE 12,A01,083652,Krause-Levy; Sophia Louisa,20,1,120,100
1656760140543,CSE 15L,A01,083654,Morris; Justin Loren,8,0,50,42
1656760140543,CSE 15L,A02,083655,Morris; Justin Loren,8,0,50,42
1656760146567,CSE 20,A01,083657,Tran; Khoa Dang,37,0,80,43
1656760152593,CSE 21,A01,095574,Bach; Quang Tran,21,0,48,27
1656760158621,CSE 30,A01,083084,Eldon; John,4,0,80,76
1656760158621,CSE 30,B01,095061,Bhaskar; Nishant,5,0,50,45
1656760164646,CSE 100,A01,083659,Cao; Yingjun,1,4,70,69
1656760170669,CSE 134B,A01,083661,Powell; Thomas Allan,18,0,100,82
1656760176698,CSE 140,A01,083663,Gungor; Onat,14,0,85,71
1656760182723,CSE 140L,A01,083088,Eldon; John,16,0,100,84
1656760188749,CSE 175,A01,083665,Kumar; Rakesh,3,0,25,22
1656760194775,CSE 190,A00,092507,Dubnov; Shlomo,7,0,20,13
1656760200800,ECE 45,A01,083139,Congero; Spencer William,5,0,75,70
1656760206833,ECE 65,A50,083695,Saad; Andrew S,12,0,30,18
1656760206833,ECE 65,A51,095125,Saad; Andrew S,25,0,26,1
1656760212859,ECE 109,A01,091882,Touri; Behrouz,15,0,70,55
1656760218884,ECE 180,A00,083140,Abi Samra; Nicholas Camill,0,0,30,30
1656760218884,ECE 180,B00,083141,Abi Samra; Nicholas Camill,0,0,30,30
1656760224924,MATH 10A,A01,083735,Patchell; Gregory David,1,0,30,29
1656760224924,MATH 10A,A02,083736,Patchell; Gregory David,20,0,30,10
1656760224924,MATH 10A,A03,083737,Patchell; Gregory David,15,0,30,15
1656760230961,MATH 10B,A01,083207,Lim; Seonhee,7,0,34,27
1656760230961,MATH 10B,A02,083208,Lim; Seonhee,9,0,35,26
1656760230961,MATH 10B,A03,093472,Lim; Seonhee,4,0,34,30
1656760230961,MATH 10B,B01,083739,Sinha; Shubham,9,0,30,21
1656760236994,MATH 18,A01,083743,Cinel; Cameron Alexander,6,0,30,24
1656760236994,MATH 18,A02,083744,Cinel; Cameron Alexander,15,0,30,15
1656760236994,MATH 18,A03,083745,Cinel; Cameron Alexander,8,0,30,22
1656760236994,MATH 18,B01,083748,Rideout; David Porter,3,0,37,34
1656760236994,MATH 18,B02,083749,Rideout; David Porter,3,0,36,33
1656760236994,MATH 18,B03,083750,Rideout; David Porter,1,0,37,36
1656760236994,MATH 18,B04,083751,Rideout; David Porter,5,0,36,31
1656760236994,MATH 18,B05,093473,Rideout; David Porter,4,0,36,32
1656760236994,MATH 18,B06,093474,Rideout; David Porter,5,0,36,31
1656760243026,MATH 20A,A01,083754,Zheng; Zequn,12,0,40,28
1656760249059,MATH 20B,A01,083756,Briones; Jor-el Thomas Caparas,1,0,36,35
1656760249059,MATH 20B,A02,083757,Briones; Jor-el Thomas Caparas,1,0,36,35
1656760249059,MATH 20B,A03,093475,Briones; Jor-el Thomas Caparas,0,0,36,36
1656760255085,MATH 20C,A01,083760,Briones; Jor-el Thomas Caparas,1,0,35,34
1656760255085,MATH 20C,A02,083761,Briones; Jor-el Thomas Caparas,8,0,35,27
1656760255085,MATH 20C,A03,093476,Briones; Jor-el Thomas Caparas,0,1,36,36
1656760255085,MATH 20C,B01,083762,Bach; Quang Tran,0,0,30,30
1656760261112,MATH 20D,A01,083765,Tran; Brian Kha,4,0,30,26
1656760261112,MATH 20D,A02,083766,Tran; Brian Kha,4,0,30,26
1656760261112,MATH 20D,A03,083767,Tran; Brian Kha,2,0,30,28
1656760267139,MATH 20E,A01,083771,Ganguly; Soumya,5,0,32,27
1656760267139,MATH 20E,A02,083772,Ganguly; Soumya,5,0,32,27
1656760267139,MATH 20E,B01,083773,Ciotti; Benjamin,18,0,35,17
1656760267139,MATH 20E,B02,083774,Ciotti; Benjamin,17,0,35,18
1656760273166,MATH 103A,A01,083777,Greenfeld; Be'Eri,2,0,36,34
1656760273166,MATH 103A,A02,083778,Greenfeld; Be'Eri,5,0,36,31
1656760273166,MATH 103A,A03,093561,Greenfeld; Be'Eri,4,0,36,32
1656760273166,MATH 103A,B01,083779,Greenfeld; Be'Eri,6,0,36,30
1656760273166,MATH 103A,B02,083780,Greenfeld; Be'Eri,2,0,36,34
1656760273166,MATH 103A,B03,093562,Greenfeld; Be'Eri,2,0,36,34
1656760279192,MATH 105,A01,085443,Carter; Anne Toulson,13,0,35,22
1656760279192,MATH 105,A02,093477,Carter; Anne Toulson,20,0,35,15
1656760285222,MATH 109,A01,083213,Ganzberger; Geoffrey Michael,2,0,34,32
1656760285222,MATH 109,A02,083214,Ganzberger; Geoffrey Michael,2,0,34,32
1656760285222,MATH 109,A03,093478,Ganzberger; Geoffrey Michael,1,0,34,33
1656760285222,MATH 109,B01,083215,Ganzberger; Geoffrey Michael,1,0,32,31
1656760285222,MATH 109,B02,083216,Ganzberger; Geoffrey Michael,1,0,32,31
1656760285222,MATH 109,B03,093479,Ganzberger; Geoffrey Michael,6,0,32,26
1656760291250,MATH 142A,A01,083219,Chow; Bennett,6,0,32,26
1656760291250,MATH 142A,A02,083220,Chow; Bennett,9,0,32,23
1656760291250,MATH 142A,A03,093480,Chow; Bennett,7,0,32,25
1656760291250,MATH 142A,B03,093481,Chow; Bennett,7,0,32,25
1656760291250,MATH 142A,B04,093558,Chow; Bennett,10,0,32,22
1656760291250,MATH 142A,B05,093559,Chow; Bennett,6,0,32,26
1656760297282,MATH 193A,A01,083224,Rotar; Vladimir,6,0,34,28
1656760297282,MATH 193A,A02,083225,Rotar; Vladimir,3,0,34,31
1656760297282,MATH 193A,A03,083781,Rotar; Vladimir,1,0,34,33
1656760297282,MATH 193A,A04,083782,Rotar; Vladimir,6,0,34,28
1656760297282,MATH 193A,A05,093482,Rotar; Vladimir,6,0,34,28
1656760303308,MATH 197,001,091859,McAuley; Julian John,9999,0,9999,0
1656760303308,MATH 197,002,095566,Kedlaya; Kiran S.,9997,0,9999,2
1656760303308,MATH 197,003,095567,Xiao; Ming,9999,0,9999,0
1656760303308,MATH 197,004,095571,Perols; Johan Lars,9998,0,9999,1
1656760310384,COGS 9,A01,083615,Shannon; Kyle Michael,6,0,75,69
1656760316413,COGS 11,A01,083617,Boyle; Mary E. T.,18,0,48,30
1656760322437,COGS 13,A01,083071,Bastos; Amalia Pinkusfeld,8,0,71,63
1656760328461,COGS 14A,A01,092681,Semenuks; Arturs,0,1,100,100
1656760334486,COGS 14B,A01,083073,Cheng; Tzu-Han,5,0,63,58
1656760340508,COGS 17,A01,092677,Semenuks; Arturs,4,0,81,77
1656760346540,COGS 100,A01,083619,Allen; Michael Gordon,15,0,70,55
1656760352567,COGS 101A,A01,083621,Davis; Joshua Daniel,9,0,68,59
1656760358593,COGS 101B,A01,091572,Allen; Michael Gordon,8,0,65,57
1656760364619,COGS 101C,A01,083625,Delgado; Tania,17,0,35,18
1656760370643,COGS 107A,A01,083627,Boyle; Mary E. T.,13,0,60,47
1656760376681,COGS 118A,A01,083075,Gupta; Anjum,15,0,76,61
1656760382708,CSE 3,A50,083646,Miranda; Gregory Joseph,22,0,50,28
1656760388732,CSE 8A,A50,083650,Miranda; Gregory Joseph,17,1,56,39
1656760394829,CSE 11,A01,083080,Cao; Yingjun,4,15,40,36
1656760400858,CSE 12,A01,083652,Krause-Levy; Sophia Louisa,20,1,120,100
1656760406888,CSE 15L,A01,083654,Morris; Justin Loren,8,0,50,42
1656760406888,CSE 15L,A02,083655,Morris; Justin Loren,8,0,50,42
1656760412917,CSE 20,A01,083657,Tran; Khoa Dang,37,0,80,43
1656760418943,CSE 21,A01,095574,Bach; Quang Tran,21,0,48,27
1656760424975,CSE 30,A01,083084,Eldon; John,4,0,80,76
1656760424975,CSE 30,B01,095061,Bhaskar; Nishant,5,0,50,45
1656760431009,CSE 100,A01,083659,Cao; Yingjun,1,4,70,69
1656760437033,CSE 134B,A01,083661,Powell; Thomas Allan,18,0,100,82
1656760443058,CSE 140,A01,083663,Gungor; Onat,14,0,85,71
