time,subj_course_id,sec_code,sec_id,prof,available,waitlist,total,enrolled_ct
1650885317710,COGS 9,A01,083615,Staff,0,17,60,60
1650885323740,COGS 11,A01,083617,Boyle; Mary E. T.,15,0,40,25
1650885329776,COGS 13,A01,083071,Staff,0,38,40,40
1650885335807,COGS 14A,A01,092681,Staff,0,37,100,100
1650885341838,COGS 14B,A01,083073,Cheng; Tzu-Han,0,12,50,50
1650885347866,COGS 17,A01,092677,Staff,11,0,75,64
1650885353894,COGS 100,A01,083619,Staff,0,30,60,60
1650885359925,COGS 101A,A01,083621,Davis; Joshua Daniel,0,29,60,60
1650885365958,COGS 101B,A01,091572,Staff,0,3,60,60
1650885372005,COGS 101C,A01,083625,Delgado; Tania,14,0,30,16
1650885378034,COGS 107A,A01,083627,Boyle; Mary E. T.,0,16,60,60
1650885384068,COGS 118A,A01,083075,Staff,0,8,60,60
1650885390095,CSE 3,A50,083646,Miranda; Gregory Joseph,16,0,38,22
1650885390095,CSE 3,A51,083647,Miranda; Gregory Joseph,36,0,37,1
1650885396126,CSE 8A,A50,083650,Miranda; Gregory Joseph,0,29,40,40
1650885402156,CSE 11,A01,083080,Cao; Yingjun,0,97,40,40
1650885408190,CSE 12,A01,083652,Staff,0,21,100,100
1650885414222,CSE 15L,A01,083654,Staff,0,3,50,50
1650885414222,CSE 15L,A02,083655,Staff,0,3,50,50
1650885420256,CSE 20,A01,083657,Staff,48,0,80,32
1650885426289,CSE 30,A01,083084,Eldon; John,0,76,40,40
1650885432323,CSE 100,A01,083659,Cao; Yingjun,0,70,50,50
1650885438359,CSE 134B,A01,083661,Powell; Thomas Allan,0,38,65,65
1650885444392,CSE 140,A01,083663,Staff,0,12,75,75
1650885450425,CSE 140L,A01,083088,Eldon; John,0,20,75,75
1650885456460,CSE 175,A01,083665,Kumar; Rakesh,7,0,25,18
1650885462491,CSE 190,A00,092507,Dubnov; Shlomo,9,0,20,11
1650885468523,ECE 45,A01,083139,Staff,0,4,60,60
1650885474553,ECE 65,A50,083695,Staff,0,6,30,30
1650885480583,ECE 109,A01,091882,Touri; Behrouz,32,0,70,38
1650885486611,ECE 180,A00,083140,Abi Samra; Nicholas Camill,20,0,30,10
1650885486611,ECE 180,B00,083141,Abi Samra; Nicholas Camill,0,0,30,30
1650885492650,MATH 10A,A01,083735,Patchell; Gregory David,2,0,30,28
1650885492650,MATH 10A,A02,083736,Patchell; Gregory David,27,0,30,3
1650885492650,MATH 10A,A03,083737,Patchell; Gregory David,23,0,30,7
1650885504664,MATH 10B,A01,083207,Staff,0,9,30,30
1650885504664,MATH 10B,A02,083208,Staff,0,6,30,30
1650885504664,MATH 10B,B01,083739,Staff,10,0,30,20
1650885504664,MATH 10B,B02,083740,Staff,28,0,30,2
1650885510780,MATH 18,A01,083743,Staff,0,0,30,30
1650885510780,MATH 18,A02,083744,Staff,24,0,30,6
1650885510780,MATH 18,A03,083745,Staff,21,0,30,9
1650885510780,MATH 18,A04,083746,Staff,26,0,30,4
1650885510780,MATH 18,B01,083748,Staff,0,15,30,30
1650885510780,MATH 18,B02,083749,Staff,0,13,30,30
1650885510780,MATH 18,B03,083750,Staff,0,13,30,30
1650885510780,MATH 18,B04,083751,Staff,0,13,30,30
1650885524384,MATH 20A,A01,083754,Staff,19,0,40,21
1650885530421,MATH 20B,A01,083756,Staff,0,14,30,30
1650885530421,MATH 20B,A02,083757,Staff,0,11,30,30
1650885543633,MATH 20C,A01,083760,Staff,0,17,30,30
1650885543633,MATH 20C,A02,083761,Staff,1,16,30,29
1650885543633,MATH 20C,B01,083762,Staff,9,0,30,21
1650885543633,MATH 20C,B02,083763,Staff,28,0,30,2
1650885549665,MATH 20D,A01,083765,Staff,2,1,30,28
1650885549665,MATH 20D,A02,083766,Staff,6,0,30,24
1650885549665,MATH 20D,A03,083767,Staff,23,0,30,7
1650885563135,MATH 20E,A01,083771,Staff,2,0,30,28
1650885563135,MATH 20E,A02,083772,Staff,13,0,30,17
1650885563135,MATH 20E,B01,083773,Staff,0,0,30,30
1650885563135,MATH 20E,B02,083774,Staff,4,0,30,26
1650885569175,MATH 103A,A01,083777,Staff,0,17,30,30
1650885569175,MATH 103A,A02,083778,Staff,0,15,30,30
1650885569175,MATH 103A,B01,083779,Staff,0,15,30,30
1650885569175,MATH 103A,B02,083780,Staff,0,14,30,30
1650885582952,MATH 105,A01,085443,Staff,0,23,30,30
1650885588984,MATH 109,A01,083213,Anzaldo; Leesa B,0,7,30,30
1650885588984,MATH 109,A02,083214,Anzaldo; Leesa B,0,7,30,30
1650885588984,MATH 109,B01,083215,Anzaldo; Leesa B,0,8,30,30
1650885588984,MATH 109,B02,083216,Anzaldo; Leesa B,0,7,30,30
1650885602470,MATH 142A,A01,083219,Chow; Bennett,0,14,30,30
1650885602470,MATH 142A,A02,083220,Chow; Bennett,0,15,30,30
1650885602470,MATH 142A,B01,083221,Chow; Bennett,0,16,30,30
1650885602470,MATH 142A,B02,083222,Chow; Bennett,0,14,30,30
1650885608502,MATH 193A,A01,083224,Staff,0,6,30,30
1650885608502,MATH 193A,A02,083225,Staff,0,7,30,30
1650885608502,MATH 193A,A03,083781,Staff,0,6,30,30
1650885608502,MATH 193A,A04,083782,Staff,0,7,30,30
1650885616012,MATH 197,001,091859,McAuley; Julian John,9998,0,9999,1
1650885622118,COGS 9,A01,083615,Staff,0,17,60,60
1650885628157,COGS 11,A01,083617,Boyle; Mary E. T.,15,0,40,25
1650885634192,COGS 13,A01,083071,Staff,0,38,40,40
1650885640225,COGS 14A,A01,092681,Staff,0,37,100,100
1650885646254,COGS 14B,A01,083073,Cheng; Tzu-Han,0,12,50,50
1650885652284,COGS 17,A01,092677,Staff,11,0,75,64
1650885658319,COGS 100,A01,083619,Staff,0,30,60,60
1650885664350,COGS 101A,A01,083621,Davis; Joshua Daniel,0,29,60,60
1650885670384,COGS 101B,A01,091572,Staff,0,3,60,60
1650885676415,COGS 101C,A01,083625,Delgado; Tania,14,0,30,16
1650885682444,COGS 107A,A01,083627,Boyle; Mary E. T.,0,16,60,60
1650885688471,COGS 118A,A01,083075,Staff,0,8,60,60
1650885694502,CSE 3,A50,083646,Miranda; Gregory Joseph,16,0,38,22
1650885694502,CSE 3,A51,083647,Miranda; Gregory Joseph,36,0,37,1
1650885700532,CSE 8A,A50,083650,Miranda; Gregory Joseph,0,29,40,40
1650885706567,CSE 11,A01,083080,Cao; Yingjun,0,97,40,40
1650885712597,CSE 12,A01,083652,Staff,0,21,100,100
1650885718643,CSE 15L,A01,083654,Staff,0,3,50,50
1650885718643,CSE 15L,A02,083655,Staff,0,3,50,50
1650885724673,CSE 20,A01,083657,Staff,48,0,80,32
1650885730699,CSE 30,A01,083084,Eldon; John,0,76,40,40
1650885736733,CSE 100,A01,083659,Cao; Yingjun,0,70,50,50
1650885742760,CSE 134B,A01,083661,Powell; Thomas Allan,0,38,65,65
1650885748842,CSE 140,A01,083663,Staff,0,12,75,75
1650885754874,CSE 140L,A01,083088,Eldon; John,0,20,75,75
1650885760900,CSE 175,A01,083665,Kumar; Rakesh,7,0,25,18
1650885766935,CSE 190,A00,092507,Dubnov; Shlomo,9,0,20,11
1650885772964,ECE 45,A01,083139,Staff,0,4,60,60
1650885778995,ECE 65,A50,083695,Staff,0,6,30,30
1650885785028,ECE 109,A01,091882,Touri; Behrouz,32,0,70,38
1650885791061,ECE 180,A00,083140,Abi Samra; Nicholas Camill,20,0,30,10
1650885791061,ECE 180,B00,083141,Abi Samra; Nicholas Camill,0,0,30,30
1650885797100,MATH 10A,A01,083735,Patchell; Gregory David,2,0,30,28
1650885797100,MATH 10A,A02,083736,Patchell; Gregory David,27,0,30,3
1650885797100,MATH 10A,A03,083737,Patchell; Gregory David,23,0,30,7
1650885803136,MATH 10B,A01,083207,Staff,0,9,30,30
1650885803136,MATH 10B,A02,083208,Staff,0,6,30,30
1650885803136,MATH 10B,B01,083739,Staff,10,0,30,20
1650885803136,MATH 10B,B02,083740,Staff,28,0,30,2
1650885809176,MATH 18,A01,083743,Staff,0,0,30,30
1650885809176,MATH 18,A02,083744,Staff,24,0,30,6
1650885809176,MATH 18,A03,083745,Staff,21,0,30,9
1650885809176,MATH 18,A04,083746,Staff,26,0,30,4
1650885809176,MATH 18,B01,083748,Staff,0,15,30,30
1650885809176,MATH 18,B02,083749,Staff,0,13,30,30
1650885809176,MATH 18,B03,083750,Staff,0,13,30,30
1650885809176,MATH 18,B04,083751,Staff,0,13,30,30
1650885815206,MATH 20A,A01,083754,Staff,19,0,40,21
1650885821239,MATH 20B,A01,083756,Staff,0,14,30,30
1650885821239,MATH 20B,A02,083757,Staff,0,11,30,30
1650885827272,MATH 20C,A01,083760,Staff,0,17,30,30
1650885827272,MATH 20C,A02,083761,Staff,1,16,30,29
1650885827272,MATH 20C,B01,083762,Staff,9,0,30,21
1650885827272,MATH 20C,B02,083763,Staff,28,0,30,2
1650885833301,MATH 20D,A01,083765,Staff,2,1,30,28
1650885833301,MATH 20D,A02,083766,Staff,6,0,30,24
1650885833301,MATH 20D,A03,083767,Staff,23,0,30,7
1650885839330,MATH 20E,A01,083771,Staff,2,0,30,28
1650885839330,MATH 20E,A02,083772,Staff,13,0,30,17
1650885839330,MATH 20E,B01,083773,Staff,0,0,30,30
1650885839330,MATH 20E,B02,083774,Staff,4,0,30,26
1650885845363,MATH 103A,A01,083777,Staff,0,17,30,30
1650885845363,MATH 103A,A02,083778,Staff,0,15,30,30
1650885845363,MATH 103A,B01,083779,Staff,0,15,30,30
1650885845363,MATH 103A,B02,083780,Staff,0,14,30,30
1650885851392,MATH 105,A01,085443,Staff,0,23,30,30
1650885857428,MATH 109,A01,083213,Anzaldo; Leesa B,0,7,30,30
1650885857428,MATH 109,A02,083214,Anzaldo; Leesa B,0,7,30,30
1650885857428,MATH 109,B01,083215,Anzaldo; Leesa B,0,8,30,30
1650885857428,MATH 109,B02,083216,Anzaldo; Leesa B,0,7,30,30
1650885863458,MATH 142A,A01,083219,Chow; Bennett,0,14,30,30
1650885863458,MATH 142A,A02,083220,Chow; Bennett,0,15,30,30
1650885863458,MATH 142A,B01,083221,Chow; Bennett,0,16,30,30
1650885863458,MATH 142A,B02,083222,Chow; Bennett,0,14,30,30
1650885869484,MATH 193A,A01,083224,Staff,0,6,30,30
1650885869484,MATH 193A,A02,083225,Staff,0,7,30,30
1650885869484,MATH 193A,A03,083781,Staff,0,6,30,30
1650885869484,MATH 193A,A04,083782,Staff,0,7,30,30
1650885875511,MATH 197,001,091859,McAuley; Julian John,9998,0,9999,1
1650885881572,COGS 9,A01,083615,Staff,0,17,60,60
1650885896920,COGS 11,A01,083617,Boyle; Mary E. T.,15,0,40,25
1650885902950,COGS 13,A01,083071,Staff,0,38,40,40
1650885910796,COGS 14A,A01,092681,Staff,0,37,100,100
1650885916821,COGS 14B,A01,083073,Cheng; Tzu-Han,0,12,50,50
1650885922849,COGS 17,A01,092677,Staff,11,0,75,64
1650885928881,COGS 100,A01,083619,Staff,0,30,60,60
1650885934911,COGS 101A,A01,083621,Davis; Joshua Daniel,0,29,60,60
1650885940943,COGS 101B,A01,091572,Staff,0,3,60,60
1650885947052,COGS 101C,A01,083625,Delgado; Tania,14,0,30,16
1650885953080,COGS 107A,A01,083627,Boyle; Mary E. T.,0,16,60,60
1650885959113,COGS 118A,A01,083075,Staff,0,8,60,60
1650885965145,CSE 3,A50,083646,Miranda; Gregory Joseph,16,0,38,22
1650885965145,CSE 3,A51,083647,Miranda; Gregory Joseph,36,0,37,1
1650885971172,CSE 8A,A50,083650,Miranda; Gregory Joseph,0,29,40,40
1650885977201,CSE 11,A01,083080,Cao; Yingjun,0,97,40,40
1650885983237,CSE 12,A01,083652,Staff,0,21,100,100
1650885989269,CSE 15L,A01,083654,Staff,0,3,50,50
1650885989269,CSE 15L,A02,083655,Staff,0,3,50,50
1650885995302,CSE 20,A01,083657,Staff,48,0,80,32
1650886001331,CSE 30,A01,083084,Eldon; John,0,76,40,40
1650886007357,CSE 100,A01,083659,Cao; Yingjun,0,70,50,50
1650886013390,CSE 134B,A01,083661,Powell; Thomas Allan,0,38,65,65
1650886019414,CSE 140,A01,083663,Staff,0,12,75,75
1650886025443,CSE 140L,A01,083088,Eldon; John,0,20,75,75
1650886031469,CSE 175,A01,083665,Kumar; Rakesh,7,0,25,18
1650886037495,CSE 190,A00,092507,Dubnov; Shlomo,9,0,20,11
1650886043534,ECE 45,A01,083139,Staff,0,4,60,60
1650886049565,ECE 65,A50,083695,Staff,0,6,30,30
1650886055594,ECE 109,A01,091882,Touri; Behrouz,32,0,70,38
1650886061625,ECE 180,A00,083140,Abi Samra; Nicholas Camill,20,0,30,10
1650886061625,ECE 180,B00,083141,Abi Samra; Nicholas Camill,0,0,30,30
1650886067667,MATH 10A,A01,083735,Patchell; Gregory David,2,0,30,28
1650886067667,MATH 10A,A02,083736,Patchell; Gregory David,27,0,30,3
1650886067667,MATH 10A,A03,083737,Patchell; Gregory David,23,0,30,7
1650886073694,MATH 10B,A01,083207,Staff,0,9,30,30
1650886073694,MATH 10B,A02,083208,Staff,0,6,30,30
1650886073694,MATH 10B,B01,083739,Staff,10,0,30,20
1650886073694,MATH 10B,B02,083740,Staff,28,0,30,2
1650886079727,MATH 18,A01,083743,Staff,0,0,30,30
1650886079727,MATH 18,A02,083744,Staff,24,0,30,6
1650886079727,MATH 18,A03,083745,Staff,21,0,30,9
1650886079727,MATH 18,A04,083746,Staff,26,0,30,4
1650886079727,MATH 18,B01,083748,Staff,0,15,30,30
1650886079727,MATH 18,B02,083749,Staff,0,13,30,30
1650886079727,MATH 18,B03,083750,Staff,0,13,30,30
1650886079727,MATH 18,B04,083751,Staff,0,13,30,30
1650886085760,MATH 20A,A01,083754,Staff,19,0,40,21
1650886091789,MATH 20B,A01,083756,Staff,0,14,30,30
1650886091789,MATH 20B,A02,083757,Staff,0,11,30,30
1650886097816,MATH 20C,A01,083760,Staff,0,17,30,30
1650886097816,MATH 20C,A02,083761,Staff,1,16,30,29
1650886097816,MATH 20C,B01,083762,Staff,9,0,30,21
1650886097816,MATH 20C,B02,083763,Staff,28,0,30,2
1650886103843,MATH 20D,A01,083765,Staff,2,1,30,28
1650886103843,MATH 20D,A02,083766,Staff,6,0,30,24
1650886103843,MATH 20D,A03,083767,Staff,23,0,30,7
1650886109872,MATH 20E,A01,083771,Staff,2,0,30,28
1650886109872,MATH 20E,A02,083772,Staff,13,0,30,17
1650886109872,MATH 20E,B01,083773,Staff,0,0,30,30
1650886109872,MATH 20E,B02,083774,Staff,4,0,30,26
1650886115906,MATH 103A,A01,083777,Staff,0,17,30,30
1650886115906,MATH 103A,A02,083778,Staff,0,15,30,30
1650886115906,MATH 103A,B01,083779,Staff,0,15,30,30
1650886115906,MATH 103A,B02,083780,Staff,0,14,30,30
1650886121933,MATH 105,A01,085443,Staff,0,23,30,30
1650886127965,MATH 109,A01,083213,Anzaldo; Leesa B,0,7,30,30
1650886127965,MATH 109,A02,083214,Anzaldo; Leesa B,0,7,30,30
1650886127965,MATH 109,B01,083215,Anzaldo; Leesa B,0,8,30,30
1650886127965,MATH 109,B02,083216,Anzaldo; Leesa B,0,7,30,30
1650886133995,MATH 142A,A01,083219,Chow; Bennett,0,14,30,30
1650886133995,MATH 142A,A02,083220,Chow; Bennett,0,15,30,30
1650886133995,MATH 142A,B01,083221,Chow; Bennett,0,16,30,30
1650886133995,MATH 142A,B02,083222,Chow; Bennett,0,14,30,30
1650886140042,MATH 193A,A01,083224,Staff,0,6,30,30
1650886140042,MATH 193A,A02,083225,Staff,0,7,30,30
1650886140042,MATH 193A,A03,083781,Staff,0,6,30,30
1650886140042,MATH 193A,A04,083782,Staff,0,7,30,30
1650886146069,MATH 197,001,091859,McAuley; Julian John,9998,0,9999,1
1650886152128,COGS 9,A01,083615,Staff,0,17,60,60
1650886158157,COGS 11,A01,083617,Boyle; Mary E. T.,15,0,40,25
1650886164187,COGS 13,A01,083071,Staff,0,38,40,40
1650886170214,COGS 14A,A01,092681,Staff,0,37,100,100
1650886176250,COGS 14B,A01,083073,Cheng; Tzu-Han,0,12,50,50
1650886182280,COGS 17,A01,092677,Staff,11,0,75,64
1650886188305,COGS 100,A01,083619,Staff,0,30,60,60
1650886194338,COGS 101A,A01,083621,Davis; Joshua Daniel,0,29,60,60
1650886200364,COGS 101B,A01,091572,Staff,0,3,60,60
1650886206392,COGS 101C,A01,083625,Delgado; Tania,14,0,30,16
1650886212417,COGS 107A,A01,083627,Boyle; Mary E. T.,0,16,60,60
1650886218444,COGS 118A,A01,083075,Staff,0,8,60,60
1650886224475,CSE 3,A50,083646,Miranda; Gregory Joseph,16,0,38,22
1650886224475,CSE 3,A51,083647,Miranda; Gregory Joseph,36,0,37,1
1650886230505,CSE 8A,A50,083650,Miranda; Gregory Joseph,0,29,40,40
1650886236539,CSE 11,A01,083080,Cao; Yingjun,0,97,40,40
1650886242567,CSE 12,A01,083652,Staff,0,21,100,100
1650886248604,CSE 15L,A01,083654,Staff,0,3,50,50
1650886248604,CSE 15L,A02,083655,Staff,0,3,50,50
1650886254635,CSE 20,A01,083657,Staff,48,0,80,32
1650886260669,CSE 30,A01,083084,Eldon; John,0,76,40,40
1650886266697,CSE 100,A01,083659,Cao; Yingjun,0,70,50,50
1650886272732,CSE 134B,A01,083661,Powell; Thomas Allan,0,38,65,65
1650886278761,CSE 140,A01,083663,Staff,0,12,75,75
1650886284785,CSE 140L,A01,083088,Eldon; John,0,20,75,75
1650886290818,CSE 175,A01,083665,Kumar; Rakesh,7,0,25,18
1650886296845,CSE 190,A00,092507,Dubnov; Shlomo,9,0,20,11
1650886302878,ECE 45,A01,083139,Staff,0,4,60,60
1650886308908,ECE 65,A50,083695,Staff,0,6,30,30
1650886314937,ECE 109,A01,091882,Touri; Behrouz,32,0,70,38
1650886320965,ECE 180,A00,083140,Abi Samra; Nicholas Camill,20,0,30,10
1650886320965,ECE 180,B00,083141,Abi Samra; Nicholas Camill,0,0,30,30
1650886327003,MATH 10A,A01,083735,Patchell; Gregory David,2,0,30,28
1650886327003,MATH 10A,A02,083736,Patchell; Gregory David,27,0,30,3
1650886327003,MATH 10A,A03,083737,Patchell; Gregory David,23,0,30,7
1650886333034,MATH 10B,A01,083207,Staff,0,9,30,30
1650886333034,MATH 10B,A02,083208,Staff,0,6,30,30
1650886333034,MATH 10B,B01,083739,Staff,10,0,30,20
1650886333034,MATH 10B,B02,083740,Staff,28,0,30,2
1650886339065,MATH 18,A01,083743,Staff,0,0,30,30
1650886339065,MATH 18,A02,083744,Staff,24,0,30,6
1650886339065,MATH 18,A03,083745,Staff,21,0,30,9
1650886339065,MATH 18,A04,083746,Staff,26,0,30,4
1650886339065,MATH 18,B01,083748,Staff,0,15,30,30
1650886339065,MATH 18,B02,083749,Staff,0,13,30,30
1650886339065,MATH 18,B03,083750,Staff,0,13,30,30
1650886339065,MATH 18,B04,083751,Staff,0,13,30,30
1650886345092,MATH 20A,A01,083754,Staff,19,0,40,21
1650886351120,MATH 20B,A01,083756,Staff,0,14,30,30
1650886351120,MATH 20B,A02,083757,Staff,0,11,30,30
1650886357149,MATH 20C,A01,083760,Staff,0,17,30,30
1650886357149,MATH 20C,A02,083761,Staff,1,16,30,29
1650886357149,MATH 20C,B01,083762,Staff,9,0,30,21
1650886357149,MATH 20C,B02,083763,Staff,28,0,30,2
1650886363181,MATH 20D,A01,083765,Staff,2,1,30,28
1650886363181,MATH 20D,A02,083766,Staff,6,0,30,24
1650886363181,MATH 20D,A03,083767,Staff,23,0,30,7
1650886369209,MATH 20E,A01,083771,Staff,2,0,30,28
1650886369209,MATH 20E,A02,083772,Staff,13,0,30,17
1650886369209,MATH 20E,B01,083773,Staff,0,0,30,30
1650886369209,MATH 20E,B02,083774,Staff,4,0,30,26
1650886375244,MATH 103A,A01,083777,Staff,0,17,30,30
1650886375244,MATH 103A,A02,083778,Staff,0,15,30,30
1650886375244,MATH 103A,B01,083779,Staff,0,15,30,30
1650886375244,MATH 103A,B02,083780,Staff,0,14,30,30
1650886381273,MATH 105,A01,085443,Staff,0,23,30,30
1650886387308,MATH 109,A01,083213,Anzaldo; Leesa B,0,7,30,30
1650886387308,MATH 109,A02,083214,Anzaldo; Leesa B,0,7,30,30
1650886387308,MATH 109,B01,083215,Anzaldo; Leesa B,0,8,30,30
1650886387308,MATH 109,B02,083216,Anzaldo; Leesa B,0,7,30,30
1650886393336,MATH 142A,A01,083219,Chow; Bennett,0,14,30,30
1650886393336,MATH 142A,A02,083220,Chow; Bennett,0,15,30,30
1650886393336,MATH 142A,B01,083221,Chow; Bennett,0,16,30,30
1650886393336,MATH 142A,B02,083222,Chow; Bennett,0,14,30,30
1650886399363,MATH 193A,A01,083224,Staff,0,6,30,30
1650886399363,MATH 193A,A02,083225,Staff,0,7,30,30
1650886399363,MATH 193A,A03,083781,Staff,0,6,30,30
1650886399363,MATH 193A,A04,083782,Staff,0,7,30,30
1650886405394,MATH 197,001,091859,McAuley; Julian John,9998,0,9999,1
1650886411472,COGS 9,A01,083615,Staff,0,17,60,60
1650886417500,COGS 11,A01,083617,Boyle; Mary E. T.,15,0,40,25
1650886423528,COGS 13,A01,083071,Staff,0,38,40,40
1650886429555,COGS 14A,A01,092681,Staff,0,37,100,100
1650886435588,COGS 14B,A01,083073,Cheng; Tzu-Han,0,12,50,50
1650886441615,COGS 17,A01,092677,Staff,11,0,75,64
1650886447642,COGS 100,A01,083619,Staff,0,30,60,60
1650886453670,COGS 101A,A01,083621,Davis; Joshua Daniel,0,29,60,60
1650886459697,COGS 101B,A01,091572,Staff,0,3,60,60
1650886465731,COGS 101C,A01,083625,Delgado; Tania,14,0,30,16
1650886471758,COGS 107A,A01,083627,Boyle; Mary E. T.,0,16,60,60
1650886477787,COGS 118A,A01,083075,Staff,0,8,60,60
1650886483826,CSE 3,A50,083646,Miranda; Gregory Joseph,16,0,38,22
1650886483826,CSE 3,A51,083647,Miranda; Gregory Joseph,36,0,37,1
1650886489850,CSE 8A,A50,083650,Miranda; Gregory Joseph,0,29,40,40
1650886495875,CSE 11,A01,083080,Cao; Yingjun,0,97,40,40
1650886501902,CSE 12,A01,083652,Staff,0,21,100,100
1650886507930,CSE 15L,A01,083654,Staff,0,3,50,50
1650886507930,CSE 15L,A02,083655,Staff,0,3,50,50
1650886513957,CSE 20,A01,083657,Staff,48,0,80,32
1650886519988,CSE 30,A01,083084,Eldon; John,0,76,40,40
1650886526018,CSE 100,A01,083659,Cao; Yingjun,0,70,50,50
1650886532046,CSE 134B,A01,083661,Powell; Thomas Allan,0,38,65,65
1650886538073,CSE 140,A01,083663,Staff,0,12,75,75
1650886544172,CSE 140L,A01,083088,Eldon; John,0,20,75,75
1650886550205,CSE 175,A01,083665,Kumar; Rakesh,7,0,25,18
1650886556236,CSE 190,A00,092507,Dubnov; Shlomo,9,0,20,11
1650886562265,ECE 45,A01,083139,Staff,0,4,60,60
1650886568295,ECE 65,A50,083695,Staff,0,6,30,30
1650886574323,ECE 109,A01,091882,Touri; Behrouz,32,0,70,38
1650886580350,ECE 180,A00,083140,Abi Samra; Nicholas Camill,20,0,30,10
1650886580350,ECE 180,B00,083141,Abi Samra; Nicholas Camill,0,0,30,30
1650886586381,MATH 10A,A01,083735,Patchell; Gregory David,2,0,30,28
1650886586381,MATH 10A,A02,083736,Patchell; Gregory David,27,0,30,3
1650886586381,MATH 10A,A03,083737,Patchell; Gregory David,23,0,30,7
1650886592410,MATH 10B,A01,083207,Staff,0,9,30,30
1650886592410,MATH 10B,A02,083208,Staff,0,6,30,30
1650886592410,MATH 10B,B01,083739,Staff,10,0,30,20
1650886592410,MATH 10B,B02,083740,Staff,28,0,30,2
1650886598445,MATH 18,A01,083743,Staff,0,0,30,30
1650886598445,MATH 18,A02,083744,Staff,24,0,30,6
1650886598445,MATH 18,A03,083745,Staff,21,0,30,9
1650886598445,MATH 18,A04,083746,Staff,26,0,30,4
1650886598445,MATH 18,B01,083748,Staff,0,15,30,30
1650886598445,MATH 18,B02,083749,Staff,0,13,30,30
1650886598445,MATH 18,B03,083750,Staff,0,13,30,30
1650886598445,MATH 18,B04,083751,Staff,0,13,30,30
1650886604470,MATH 20A,A01,083754,Staff,19,0,40,21
1650886610501,MATH 20B,A01,083756,Staff,0,14,30,30
1650886610501,MATH 20B,A02,083757,Staff,0,11,30,30
1650886616524,MATH 20C,A01,083760,Staff,0,17,30,30
1650886616524,MATH 20C,A02,083761,Staff,1,16,30,29
1650886616524,MATH 20C,B01,083762,Staff,9,0,30,21
1650886616524,MATH 20C,B02,083763,Staff,28,0,30,2
1650886622554,MATH 20D,A01,083765,Staff,2,1,30,28
1650886622554,MATH 20D,A02,083766,Staff,6,0,30,24
1650886622554,MATH 20D,A03,083767,Staff,23,0,30,7
1650886628582,MATH 20E,A01,083771,Staff,2,0,30,28
1650886628582,MATH 20E,A02,083772,Staff,13,0,30,17
1650886628582,MATH 20E,B01,083773,Staff,0,0,30,30
1650886628582,MATH 20E,B02,083774,Staff,4,0,30,26
1650886634614,MATH 103A,A01,083777,Staff,0,17,30,30
1650886634614,MATH 103A,A02,083778,Staff,0,15,30,30
1650886634614,MATH 103A,B01,083779,Staff,0,15,30,30
1650886634614,MATH 103A,B02,083780,Staff,0,14,30,30
1650886640642,MATH 105,A01,085443,Staff,0,23,30,30
1650886646675,MATH 109,A01,083213,Anzaldo; Leesa B,0,7,30,30
1650886646675,MATH 109,A02,083214,Anzaldo; Leesa B,0,7,30,30
1650886646675,MATH 109,B01,083215,Anzaldo; Leesa B,0,8,30,30
1650886646675,MATH 109,B02,083216,Anzaldo; Leesa B,0,7,30,30
1650886652707,MATH 142A,A01,083219,Chow; Bennett,0,14,30,30
1650886652707,MATH 142A,A02,083220,Chow; Bennett,0,15,30,30
1650886652707,MATH 142A,B01,083221,Chow; Bennett,0,16,30,30
1650886652707,MATH 142A,B02,083222,Chow; Bennett,0,14,30,30
1650886658736,MATH 193A,A01,083224,Staff,0,6,30,30
1650886658736,MATH 193A,A02,083225,Staff,0,7,30,30
1650886658736,MATH 193A,A03,083781,Staff,0,6,30,30
1650886658736,MATH 193A,A04,083782,Staff,0,7,30,30
1650886664767,MATH 197,001,091859,McAuley; Julian John,9998,0,9999,1
1650886670837,COGS 9,A01,083615,Staff,0,17,60,60
1650886676865,COGS 11,A01,083617,Boyle; Mary E. T.,15,0,40,25
1650886682905,COGS 13,A01,083071,Staff,0,38,40,40
1650886688931,COGS 14A,A01,092681,Staff,0,37,100,100
1650886694957,COGS 14B,A01,083073,Cheng; Tzu-Han,0,12,50,50
1650886700986,COGS 17,A01,092677,Staff,11,0,75,64
1650886707014,COGS 100,A01,083619,Staff,0,30,60,60
1650886713046,COGS 101A,A01,083621,Davis; Joshua Daniel,0,29,60,60
1650886719073,COGS 101B,A01,091572,Staff,0,3,60,60
1650886725100,COGS 101C,A01,083625,Delgado; Tania,14,0,30,16
1650886731131,COGS 107A,A01,083627,Boyle; Mary E. T.,0,16,60,60
1650886737161,COGS 118A,A01,083075,Staff,0,8,60,60
1650886743191,CSE 3,A50,083646,Miranda; Gregory Joseph,16,0,38,22
1650886743191,CSE 3,A51,083647,Miranda; Gregory Joseph,36,0,37,1
1650886749222,CSE 8A,A50,083650,Miranda; Gregory Joseph,0,29,40,40
1650886755257,CSE 11,A01,083080,Cao; Yingjun,0,97,40,40
1650886761283,CSE 12,A01,083652,Staff,0,21,100,100
1650886767310,CSE 15L,A01,083654,Staff,0,3,50,50
1650886767310,CSE 15L,A02,083655,Staff,0,3,50,50
1650886773338,CSE 20,A01,083657,Staff,48,0,80,32
1650886779366,CSE 30,A01,083084,Eldon; John,0,76,40,40
1650886785407,CSE 100,A01,083659,Cao; Yingjun,0,70,50,50
1650886791433,CSE 134B,A01,083661,Powell; Thomas Allan,0,38,65,65
1650886797462,CSE 140,A01,083663,Staff,0,12,75,75
1650886803490,CSE 140L,A01,083088,Eldon; John,0,20,75,75
1650886809518,CSE 175,A01,083665,Kumar; Rakesh,7,0,25,18
1650886815551,CSE 190,A00,092507,Dubnov; Shlomo,9,0,20,11
1650886821579,ECE 45,A01,083139,Staff,0,4,60,60
1650886827605,ECE 65,A50,083695,Staff,0,6,30,30
1650886833631,ECE 109,A01,091882,Touri; Behrouz,32,0,70,38
1650886839660,ECE 180,A00,083140,Abi Samra; Nicholas Camill,20,0,30,10
1650886839660,ECE 180,B00,083141,Abi Samra; Nicholas Camill,0,0,30,30
1650886845689,MATH 10A,A01,083735,Patchell; Gregory David,2,0,30,28
1650886845689,MATH 10A,A02,083736,Patchell; Gregory David,27,0,30,3
1650886845689,MATH 10A,A03,083737,Patchell; Gregory David,23,0,30,7
1650886851718,MATH 10B,A01,083207,Staff,0,9,30,30
1650886851718,MATH 10B,A02,083208,Staff,0,6,30,30
1650886851718,MATH 10B,B01,083739,Staff,10,0,30,20
1650886851718,MATH 10B,B02,083740,Staff,28,0,30,2
1650886857747,MATH 18,A01,083743,Staff,0,0,30,30
1650886857747,MATH 18,A02,083744,Staff,24,0,30,6
1650886857747,MATH 18,A03,083745,Staff,21,0,30,9
1650886857747,MATH 18,A04,083746,Staff,26,0,30,4
1650886857747,MATH 18,B01,083748,Staff,0,15,30,30
1650886857747,MATH 18,B02,083749,Staff,0,13,30,30
1650886857747,MATH 18,B03,083750,Staff,0,13,30,30
1650886857747,MATH 18,B04,083751,Staff,0,13,30,30
1650886863773,MATH 20A,A01,083754,Staff,19,0,40,21
1650886869799,MATH 20B,A01,083756,Staff,0,14,30,30
1650886869799,MATH 20B,A02,083757,Staff,0,11,30,30
1650886876852,MATH 20C,A01,083760,Staff,0,17,30,30
1650886876852,MATH 20C,A02,083761,Staff,1,16,30,29
1650886876852,MATH 20C,B01,083762,Staff,9,0,30,21
1650886876852,MATH 20C,B02,083763,Staff,28,0,30,2
1650886882883,MATH 20D,A01,083765,Staff,2,1,30,28
1650886882883,MATH 20D,A02,083766,Staff,6,0,30,24
1650886882883,MATH 20D,A03,083767,Staff,23,0,30,7
1650886888916,MATH 20E,A01,083771,Staff,2,0,30,28
1650886888916,MATH 20E,A02,083772,Staff,13,0,30,17
1650886888916,MATH 20E,B01,083773,Staff,0,0,30,30
1650886888916,MATH 20E,B02,083774,Staff,4,0,30,26
1650886894950,MATH 103A,A01,083777,Staff,0,17,30,30
1650886894950,MATH 103A,A02,083778,Staff,0,15,30,30
1650886894950,MATH 103A,B01,083779,Staff,0,15,30,30
1650886894950,MATH 103A,B02,083780,Staff,0,14,30,30
1650886900981,MATH 105,A01,085443,Staff,0,23,30,30
1650886907014,MATH 109,A01,083213,Anzaldo; Leesa B,0,7,30,30
1650886907014,MATH 109,A02,083214,Anzaldo; Leesa B,0,7,30,30
1650886907014,MATH 109,B01,083215,Anzaldo; Leesa B,0,8,30,30
1650886907014,MATH 109,B02,083216,Anzaldo; Leesa B,0,7,30,30
1650886913041,MATH 142A,A01,083219,Chow; Bennett,0,14,30,30
1650886913041,MATH 142A,A02,083220,Chow; Bennett,0,15,30,30
1650886913041,MATH 142A,B01,083221,Chow; Bennett,0,16,30,30
1650886913041,MATH 142A,B02,083222,Chow; Bennett,0,14,30,30
1650886919067,MATH 193A,A01,083224,Staff,0,6,30,30
1650886919067,MATH 193A,A02,083225,Staff,0,7,30,30
1650886919067,MATH 193A,A03,083781,Staff,0,6,30,30
1650886919067,MATH 193A,A04,083782,Staff,0,7,30,30
1650886925091,MATH 197,001,091859,McAuley; Julian John,9998,0,9999,1
1650886931170,COGS 9,A01,083615,Staff,0,17,60,60
1650886937203,COGS 11,A01,083617,Boyle; Mary E. T.,15,0,40,25
1650886943265,COGS 13,A01,083071,Staff,0,38,40,40
1650886949288,COGS 14A,A01,092681,Staff,0,37,100,100
1650886955315,COGS 14B,A01,083073,Cheng; Tzu-Han,0,12,50,50
1650886961344,COGS 17,A01,092677,Staff,11,0,75,64
1650886967372,COGS 100,A01,083619,Staff,0,30,60,60
1650886973398,COGS 101A,A01,083621,Davis; Joshua Daniel,0,29,60,60
1650886979425,COGS 101B,A01,091572,Staff,0,3,60,60
1650886985453,COGS 101C,A01,083625,Delgado; Tania,14,0,30,16
1650886991481,COGS 107A,A01,083627,Boyle; Mary E. T.,0,16,60,60
1650886997507,COGS 118A,A01,083075,Staff,0,8,60,60
1650887003535,CSE 3,A50,083646,Miranda; Gregory Joseph,16,0,38,22
1650887003535,CSE 3,A51,083647,Miranda; Gregory Joseph,36,0,37,1
1650887009563,CSE 8A,A50,083650,Miranda; Gregory Joseph,0,29,40,40
1650887015590,CSE 11,A01,083080,Cao; Yingjun,0,97,40,40
1650887021619,CSE 12,A01,083652,Staff,0,21,100,100
1650887027646,CSE 15L,A01,083654,Staff,0,3,50,50
1650887027646,CSE 15L,A02,083655,Staff,0,3,50,50
1650887033672,CSE 20,A01,083657,Staff,48,0,80,32
1650887039702,CSE 30,A01,083084,Eldon; John,0,76,40,40
1650887045729,CSE 100,A01,083659,Cao; Yingjun,0,70,50,50
1650887051752,CSE 134B,A01,083661,Powell; Thomas Allan,0,38,65,65
1650887057778,CSE 140,A01,083663,Staff,0,12,75,75
1650887063809,CSE 140L,A01,083088,Eldon; John,0,20,75,75
1650887069836,CSE 175,A01,083665,Kumar; Rakesh,7,0,25,18
1650887075864,CSE 190,A00,092507,Dubnov; Shlomo,9,0,20,11
1650887081894,ECE 45,A01,083139,Staff,0,4,60,60
1650887087927,ECE 65,A50,083695,Staff,0,6,30,30
1650887093956,ECE 109,A01,091882,Touri; Behrouz,32,0,70,38
1650887099984,ECE 180,A00,083140,Abi Samra; Nicholas Camill,20,0,30,10
1650887099984,ECE 180,B00,083141,Abi Samra; Nicholas Camill,0,0,30,30
1650887106017,MATH 10A,A01,083735,Patchell; Gregory David,2,0,30,28
1650887106017,MATH 10A,A02,083736,Patchell; Gregory David,27,0,30,3
1650887106017,MATH 10A,A03,083737,Patchell; Gregory David,23,0,30,7
1650887112044,MATH 10B,A01,083207,Staff,0,9,30,30
1650887112044,MATH 10B,A02,083208,Staff,0,6,30,30
1650887112044,MATH 10B,B01,083739,Staff,10,0,30,20
1650887112044,MATH 10B,B02,083740,Staff,28,0,30,2
1650887118074,MATH 18,A01,083743,Staff,0,0,30,30
1650887118074,MATH 18,A02,083744,Staff,24,0,30,6
1650887118074,MATH 18,A03,083745,Staff,21,0,30,9
1650887118074,MATH 18,A04,083746,Staff,26,0,30,4
1650887118074,MATH 18,B01,083748,Staff,0,15,30,30
1650887118074,MATH 18,B02,083749,Staff,0,13,30,30
1650887118074,MATH 18,B03,083750,Staff,0,13,30,30
1650887118074,MATH 18,B04,083751,Staff,0,13,30,30
1650887124101,MATH 20A,A01,083754,Staff,19,0,40,21
1650887130129,MATH 20B,A01,083756,Staff,0,14,30,30
1650887130129,MATH 20B,A02,083757,Staff,0,11,30,30
1650887136155,MATH 20C,A01,083760,Staff,0,17,30,30
1650887136155,MATH 20C,A02,083761,Staff,1,16,30,29
1650887136155,MATH 20C,B01,083762,Staff,9,0,30,21
1650887136155,MATH 20C,B02,083763,Staff,28,0,30,2
1650887142259,MATH 20D,A01,083765,Staff,2,1,30,28
1650887142259,MATH 20D,A02,083766,Staff,6,0,30,24
1650887142259,MATH 20D,A03,083767,Staff,23,0,30,7
1650887148286,MATH 20E,A01,083771,Staff,2,0,30,28
1650887148286,MATH 20E,A02,083772,Staff,13,0,30,17
1650887148286,MATH 20E,B01,083773,Staff,0,0,30,30
1650887148286,MATH 20E,B02,083774,Staff,4,0,30,26
1650887154331,MATH 103A,A01,083777,Staff,0,17,30,30
1650887154331,MATH 103A,A02,083778,Staff,0,15,30,30
1650887154331,MATH 103A,B01,083779,Staff,0,15,30,30
1650887154331,MATH 103A,B02,083780,Staff,0,14,30,30
1650887160384,MATH 105,A01,085443,Staff,0,23,30,30
1650887166411,MATH 109,A01,083213,Anzaldo; Leesa B,0,7,30,30
1650887166411,MATH 109,A02,083214,Anzaldo; Leesa B,0,7,30,30
1650887166411,MATH 109,B01,083215,Anzaldo; Leesa B,0,8,30,30
1650887166411,MATH 109,B02,083216,Anzaldo; Leesa B,0,7,30,30
1650887172440,MATH 142A,A01,083219,Chow; Bennett,0,14,30,30
1650887172440,MATH 142A,A02,083220,Chow; Bennett,0,15,30,30
1650887172440,MATH 142A,B01,083221,Chow; Bennett,0,16,30,30
1650887172440,MATH 142A,B02,083222,Chow; Bennett,0,14,30,30
1650887178472,MATH 193A,A01,083224,Staff,0,6,30,30
1650887178472,MATH 193A,A02,083225,Staff,0,7,30,30
1650887178472,MATH 193A,A03,083781,Staff,0,6,30,30
1650887178472,MATH 193A,A04,083782,Staff,0,7,30,30
1650887184500,MATH 197,001,091859,McAuley; Julian John,9998,0,9999,1
1650887190562,COGS 9,A01,083615,Staff,0,17,60,60
1650887196594,COGS 11,A01,083617,Boyle; Mary E. T.,15,0,40,25
1650887202624,COGS 13,A01,083071,Staff,0,38,40,40
1650887208656,COGS 14A,A01,092681,Staff,0,37,100,100
1650887214682,COGS 14B,A01,083073,Cheng; Tzu-Han,0,12,50,50
1650887220709,COGS 17,A01,092677,Staff,11,0,75,64
1650887226733,COGS 100,A01,083619,Staff,0,30,60,60
1650887232765,COGS 101A,A01,083621,Davis; Joshua Daniel,0,29,60,60
1650887238794,COGS 101B,A01,091572,Staff,0,3,60,60
1650887244825,COGS 101C,A01,083625,Delgado; Tania,14,0,30,16
1650887250850,COGS 107A,A01,083627,Boyle; Mary E. T.,0,16,60,60
1650887256885,COGS 118A,A01,083075,Staff,0,8,60,60
1650887262920,CSE 3,A50,083646,Miranda; Gregory Joseph,16,0,38,22
1650887262920,CSE 3,A51,083647,Miranda; Gregory Joseph,36,0,37,1
1650887268945,CSE 8A,A50,083650,Miranda; Gregory Joseph,0,29,40,40
1650887274976,CSE 11,A01,083080,Cao; Yingjun,0,97,40,40
1650887281007,CSE 12,A01,083652,Staff,0,21,100,100
1650887287031,CSE 15L,A01,083654,Staff,0,3,50,50
1650887287031,CSE 15L,A02,083655,Staff,0,3,50,50
1650887293058,CSE 20,A01,083657,Staff,48,0,80,32
1650887299085,CSE 30,A01,083084,Eldon; John,0,76,40,40
1650887305112,CSE 100,A01,083659,Cao; Yingjun,0,70,50,50
1650887311139,CSE 134B,A01,083661,Powell; Thomas Allan,0,38,65,65
1650887317168,CSE 140,A01,083663,Staff,0,12,75,75
1650887323193,CSE 140L,A01,083088,Eldon; John,0,20,75,75
1650887329220,CSE 175,A01,083665,Kumar; Rakesh,7,0,25,18
1650887335249,CSE 190,A00,092507,Dubnov; Shlomo,9,0,20,11
1650887341279,ECE 45,A01,083139,Staff,0,4,60,60
1650887347309,ECE 65,A50,083695,Staff,0,6,30,30
1650887353337,ECE 109,A01,091882,Touri; Behrouz,32,0,70,38
1650887359369,ECE 180,A00,083140,Abi Samra; Nicholas Camill,20,0,30,10
1650887359369,ECE 180,B00,083141,Abi Samra; Nicholas Camill,0,0,30,30
1650887365404,MATH 10A,A01,083735,Patchell; Gregory David,2,0,30,28
1650887365404,MATH 10A,A02,083736,Patchell; Gregory David,27,0,30,3
1650887365404,MATH 10A,A03,083737,Patchell; Gregory David,23,0,30,7
1650887371435,MATH 10B,A01,083207,Staff,0,9,30,30
1650887371435,MATH 10B,A02,083208,Staff,0,6,30,30
1650887371435,MATH 10B,B01,083739,Staff,10,0,30,20
1650887371435,MATH 10B,B02,083740,Staff,28,0,30,2
1650887377464,MATH 18,A01,083743,Staff,0,0,30,30
1650887377464,MATH 18,A02,083744,Staff,24,0,30,6
1650887377464,MATH 18,A03,083745,Staff,21,0,30,9
1650887377464,MATH 18,A04,083746,Staff,26,0,30,4
1650887377464,MATH 18,B01,083748,Staff,0,15,30,30
1650887377464,MATH 18,B02,083749,Staff,0,13,30,30
1650887377464,MATH 18,B03,083750,Staff,0,13,30,30
1650887377464,MATH 18,B04,083751,Staff,0,13,30,30
1650887383490,MATH 20A,A01,083754,Staff,19,0,40,21
1650887389523,MATH 20B,A01,083756,Staff,0,14,30,30
1650887389523,MATH 20B,A02,083757,Staff,0,11,30,30
1650887395552,MATH 20C,A01,083760,Staff,0,17,30,30
1650887395552,MATH 20C,A02,083761,Staff,1,16,30,29
1650887395552,MATH 20C,B01,083762,Staff,9,0,30,21
1650887395552,MATH 20C,B02,083763,Staff,28,0,30,2
1650887401577,MATH 20D,A01,083765,Staff,2,1,30,28
1650887401577,MATH 20D,A02,083766,Staff,6,0,30,24
1650887401577,MATH 20D,A03,083767,Staff,23,0,30,7
1650887407608,MATH 20E,A01,083771,Staff,2,0,30,28
1650887407608,MATH 20E,A02,083772,Staff,13,0,30,17
1650887407608,MATH 20E,B01,083773,Staff,0,0,30,30
1650887407608,MATH 20E,B02,083774,Staff,4,0,30,26
1650887413642,MATH 103A,A01,083777,Staff,0,17,30,30
1650887413642,MATH 103A,A02,083778,Staff,0,15,30,30
1650887413642,MATH 103A,B01,083779,Staff,0,15,30,30
1650887413642,MATH 103A,B02,083780,Staff,0,14,30,30
1650887419669,MATH 105,A01,085443,Staff,0,23,30,30
1650887425701,MATH 109,A01,083213,Anzaldo; Leesa B,0,7,30,30
1650887425701,MATH 109,A02,083214,Anzaldo; Leesa B,0,7,30,30
1650887425701,MATH 109,B01,083215,Anzaldo; Leesa B,0,8,30,30
1650887425701,MATH 109,B02,083216,Anzaldo; Leesa B,0,7,30,30
1650887431729,MATH 142A,A01,083219,Chow; Bennett,0,14,30,30
1650887431729,MATH 142A,A02,083220,Chow; Bennett,0,15,30,30
1650887431729,MATH 142A,B01,083221,Chow; Bennett,0,16,30,30
1650887431729,MATH 142A,B02,083222,Chow; Bennett,0,14,30,30
1650887437770,MATH 193A,A01,083224,Staff,0,6,30,30
1650887437770,MATH 193A,A02,083225,Staff,0,7,30,30
1650887437770,MATH 193A,A03,083781,Staff,0,6,30,30
1650887437770,MATH 193A,A04,083782,Staff,0,7,30,30
1650887443798,MATH 197,001,091859,McAuley; Julian John,9998,0,9999,1
1650887449875,COGS 9,A01,083615,Staff,0,17,60,60
1650887455899,COGS 11,A01,083617,Boyle; Mary E. T.,15,0,40,25
1650887461930,COGS 13,A01,083071,Staff,0,38,40,40
1650887467957,COGS 14A,A01,092681,Staff,0,37,100,100
1650887473985,COGS 14B,A01,083073,Cheng; Tzu-Han,0,12,50,50
1650887480014,COGS 17,A01,092677,Staff,11,0,75,64
1650887486045,COGS 100,A01,083619,Staff,0,30,60,60
1650887492107,COGS 101A,A01,083621,Davis; Joshua Daniel,0,29,60,60
1650887498135,COGS 101B,A01,091572,Staff,0,3,60,60
1650887504161,COGS 101C,A01,083625,Delgado; Tania,14,0,30,16
1650887510192,COGS 107A,A01,083627,Boyle; Mary E. T.,0,16,60,60
1650887516219,COGS 118A,A01,083075,Staff,0,8,60,60
1650887522251,CSE 3,A50,083646,Miranda; Gregory Joseph,16,0,38,22
1650887522251,CSE 3,A51,083647,Miranda; Gregory Joseph,36,0,37,1
1650887528275,CSE 8A,A50,083650,Miranda; Gregory Joseph,0,29,40,40
1650887534301,CSE 11,A01,083080,Cao; Yingjun,0,97,40,40
1650887540326,CSE 12,A01,083652,Staff,0,21,100,100
1650887546348,CSE 15L,A01,083654,Staff,0,3,50,50
1650887546348,CSE 15L,A02,083655,Staff,0,3,50,50
1650887552378,CSE 20,A01,083657,Staff,48,0,80,32
1650887558408,CSE 30,A01,083084,Eldon; John,0,76,40,40
1650887564439,CSE 100,A01,083659,Cao; Yingjun,0,70,50,50
1650887570465,CSE 134B,A01,083661,Powell; Thomas Allan,0,38,65,65
1650887576492,CSE 140,A01,083663,Staff,0,12,75,75
1650887582517,CSE 140L,A01,083088,Eldon; John,0,20,75,75
1650887588545,CSE 175,A01,083665,Kumar; Rakesh,7,0,25,18
1650887594576,CSE 190,A00,092507,Dubnov; Shlomo,9,0,20,11
1650887600612,ECE 45,A01,083139,Staff,0,4,60,60
1650887606644,ECE 65,A50,083695,Staff,0,6,30,30
1650887612675,ECE 109,A01,091882,Touri; Behrouz,32,0,70,38
1650887618707,ECE 180,A00,083140,Abi Samra; Nicholas Camill,20,0,30,10
1650887618707,ECE 180,B00,083141,Abi Samra; Nicholas Camill,0,0,30,30
1650887624741,MATH 10A,A01,083735,Patchell; Gregory David,2,0,30,28
1650887624741,MATH 10A,A02,083736,Patchell; Gregory David,27,0,30,3
1650887624741,MATH 10A,A03,083737,Patchell; Gregory David,23,0,30,7
1650887630773,MATH 10B,A01,083207,Staff,0,9,30,30
1650887630773,MATH 10B,A02,083208,Staff,0,6,30,30
1650887630773,MATH 10B,B01,083739,Staff,10,0,30,20
1650887630773,MATH 10B,B02,083740,Staff,28,0,30,2
1650887636805,MATH 18,A01,083743,Staff,0,0,30,30
1650887636805,MATH 18,A02,083744,Staff,24,0,30,6
1650887636805,MATH 18,A03,083745,Staff,21,0,30,9
1650887636805,MATH 18,A04,083746,Staff,26,0,30,4
1650887636805,MATH 18,B01,083748,Staff,0,15,30,30
1650887636805,MATH 18,B02,083749,Staff,0,13,30,30
1650887636805,MATH 18,B03,083750,Staff,0,13,30,30
1650887636805,MATH 18,B04,083751,Staff,0,13,30,30
1650887642839,MATH 20A,A01,083754,Staff,19,0,40,21
1650887648873,MATH 20B,A01,083756,Staff,0,14,30,30
1650887648873,MATH 20B,A02,083757,Staff,0,11,30,30
1650887654902,MATH 20C,A01,083760,Staff,0,17,30,30
1650887654902,MATH 20C,A02,083761,Staff,1,16,30,29
1650887654902,MATH 20C,B01,083762,Staff,9,0,30,21
1650887654902,MATH 20C,B02,083763,Staff,28,0,30,2
1650887660927,MATH 20D,A01,083765,Staff,2,1,30,28
1650887660927,MATH 20D,A02,083766,Staff,6,0,30,24
1650887660927,MATH 20D,A03,083767,Staff,23,0,30,7
1650887666965,MATH 20E,A01,083771,Staff,2,0,30,28
1650887666965,MATH 20E,A02,083772,Staff,13,0,30,17
1650887666965,MATH 20E,B01,083773,Staff,0,0,30,30
1650887666965,MATH 20E,B02,083774,Staff,4,0,30,26
1650887672993,MATH 103A,A01,083777,Staff,0,17,30,30
1650887672993,MATH 103A,A02,083778,Staff,0,15,30,30
1650887672993,MATH 103A,B01,083779,Staff,0,15,30,30
1650887672993,MATH 103A,B02,083780,Staff,0,14,30,30
1650887679020,MATH 105,A01,085443,Staff,0,23,30,30
1650887685052,MATH 109,A01,083213,Anzaldo; Leesa B,0,7,30,30
1650887685052,MATH 109,A02,083214,Anzaldo; Leesa B,0,7,30,30
1650887685052,MATH 109,B01,083215,Anzaldo; Leesa B,0,8,30,30
1650887685052,MATH 109,B02,083216,Anzaldo; Leesa B,0,7,30,30
1650887691084,MATH 142A,A01,083219,Chow; Bennett,0,14,30,30
1650887691084,MATH 142A,A02,083220,Chow; Bennett,0,15,30,30
1650887691084,MATH 142A,B01,083221,Chow; Bennett,0,16,30,30
1650887691084,MATH 142A,B02,083222,Chow; Bennett,0,14,30,30
1650887697111,MATH 193A,A01,083224,Staff,0,6,30,30
1650887697111,MATH 193A,A02,083225,Staff,0,7,30,30
1650887697111,MATH 193A,A03,083781,Staff,0,6,30,30
1650887697111,MATH 193A,A04,083782,Staff,0,7,30,30
1650887703136,MATH 197,001,091859,McAuley; Julian John,9998,0,9999,1
1650887709209,COGS 9,A01,083615,Staff,0,17,60,60
1650887715241,COGS 11,A01,083617,Boyle; Mary E. T.,15,0,40,25
1650887721268,COGS 13,A01,083071,Staff,0,38,40,40
1650887727293,COGS 14A,A01,092681,Staff,0,37,100,100
1650887733393,COGS 14B,A01,083073,Cheng; Tzu-Han,0,12,50,50
1650887739419,COGS 17,A01,092677,Staff,11,0,75,64
1650887745444,COGS 100,A01,083619,Staff,0,30,60,60
1650887751474,COGS 101A,A01,083621,Davis; Joshua Daniel,0,29,60,60
1650887757509,COGS 101B,A01,091572,Staff,0,3,60,60
1650887763535,COGS 101C,A01,083625,Delgado; Tania,14,0,30,16
1650887769559,COGS 107A,A01,083627,Boyle; Mary E. T.,0,16,60,60
1650887775585,COGS 118A,A01,083075,Staff,0,8,60,60
1650887781617,CSE 3,A50,083646,Miranda; Gregory Joseph,16,0,38,22
1650887781617,CSE 3,A51,083647,Miranda; Gregory Joseph,36,0,37,1
1650887787648,CSE 8A,A50,083650,Miranda; Gregory Joseph,0,29,40,40
1650887793680,CSE 11,A01,083080,Cao; Yingjun,0,97,40,40
1650887799709,CSE 12,A01,083652,Staff,0,21,100,100
1650887805738,CSE 15L,A01,083654,Staff,0,3,50,50
1650887805738,CSE 15L,A02,083655,Staff,0,3,50,50
1650887811765,CSE 20,A01,083657,Staff,48,0,80,32
1650887817792,CSE 30,A01,083084,Eldon; John,0,76,40,40
1650887823821,CSE 100,A01,083659,Cao; Yingjun,0,70,50,50
1650887829845,CSE 134B,A01,083661,Powell; Thomas Allan,0,38,65,65
1650887835870,CSE 140,A01,083663,Staff,0,12,75,75
1650887841896,CSE 140L,A01,083088,Eldon; John,0,20,75,75
1650887847924,CSE 175,A01,083665,Kumar; Rakesh,7,0,25,18
1650887853956,CSE 190,A00,092507,Dubnov; Shlomo,9,0,20,11
1650887859983,ECE 45,A01,083139,Staff,0,4,60,60
1650887866012,ECE 65,A50,083695,Staff,0,6,30,30
1650887872041,ECE 109,A01,091882,Touri; Behrouz,32,0,70,38
1650887878066,ECE 180,A00,083140,Abi Samra; Nicholas Camill,20,0,30,10
1650887878066,ECE 180,B00,083141,Abi Samra; Nicholas Camill,0,0,30,30
1650887884095,MATH 10A,A01,083735,Patchell; Gregory David,2,0,30,28
1650887884095,MATH 10A,A02,083736,Patchell; Gregory David,27,0,30,3
1650887884095,MATH 10A,A03,083737,Patchell; Gregory David,23,0,30,7
1650887890126,MATH 10B,A01,083207,Staff,0,9,30,30
1650887890126,MATH 10B,A02,083208,Staff,0,6,30,30
1650887890126,MATH 10B,B01,083739,Staff,10,0,30,20
1650887890126,MATH 10B,B02,083740,Staff,28,0,30,2
1650887896164,MATH 18,A01,083743,Staff,0,0,30,30
1650887896164,MATH 18,A02,083744,Staff,24,0,30,6
1650887896164,MATH 18,A03,083745,Staff,21,0,30,9
1650887896164,MATH 18,A04,083746,Staff,26,0,30,4
1650887896164,MATH 18,B01,083748,Staff,0,15,30,30
1650887896164,MATH 18,B02,083749,Staff,0,13,30,30
1650887896164,MATH 18,B03,083750,Staff,0,13,30,30
1650887896164,MATH 18,B04,083751,Staff,0,13,30,30
1650887902192,MATH 20A,A01,083754,Staff,19,0,40,21
1650887908220,MATH 20B,A01,083756,Staff,0,14,30,30
1650887908220,MATH 20B,A02,083757,Staff,0,11,30,30
1650887914245,MATH 20C,A01,083760,Staff,0,17,30,30
1650887914245,MATH 20C,A02,083761,Staff,1,16,30,29
1650887914245,MATH 20C,B01,083762,Staff,9,0,30,21
1650887914245,MATH 20C,B02,083763,Staff,28,0,30,2
1650887920273,MATH 20D,A01,083765,Staff,2,1,30,28
1650887920273,MATH 20D,A02,083766,Staff,6,0,30,24
1650887920273,MATH 20D,A03,083767,Staff,23,0,30,7
1650887926303,MATH 20E,A01,083771,Staff,2,0,30,28
1650887926303,MATH 20E,A02,083772,Staff,13,0,30,17
1650887926303,MATH 20E,B01,083773,Staff,0,0,30,30
1650887926303,MATH 20E,B02,083774,Staff,4,0,30,26
1650887932329,MATH 103A,A01,083777,Staff,0,17,30,30
1650887932329,MATH 103A,A02,083778,Staff,0,15,30,30
1650887932329,MATH 103A,B01,083779,Staff,0,15,30,30
1650887932329,MATH 103A,B02,083780,Staff,0,14,30,30
1650887938356,MATH 105,A01,085443,Staff,0,23,30,30
1650887944383,MATH 109,A01,083213,Anzaldo; Leesa B,0,7,30,30
1650887944383,MATH 109,A02,083214,Anzaldo; Leesa B,0,7,30,30
1650887944383,MATH 109,B01,083215,Anzaldo; Leesa B,0,8,30,30
1650887944383,MATH 109,B02,083216,Anzaldo; Leesa B,0,7,30,30
1650887950410,MATH 142A,A01,083219,Chow; Bennett,0,14,30,30
1650887950410,MATH 142A,A02,083220,Chow; Bennett,0,15,30,30
1650887950410,MATH 142A,B01,083221,Chow; Bennett,0,16,30,30
1650887950410,MATH 142A,B02,083222,Chow; Bennett,0,14,30,30
1650887956439,MATH 193A,A01,083224,Staff,0,6,30,30
1650887956439,MATH 193A,A02,083225,Staff,0,7,30,30
1650887956439,MATH 193A,A03,083781,Staff,0,6,30,30
1650887956439,MATH 193A,A04,083782,Staff,0,7,30,30
1650887962467,MATH 197,001,091859,McAuley; Julian John,9998,0,9999,1
1650887968534,COGS 9,A01,083615,Staff,0,17,60,60
1650887974562,COGS 11,A01,083617,Boyle; Mary E. T.,15,0,40,25
1650887980593,COGS 13,A01,083071,Staff,0,38,40,40
1650887986631,COGS 14A,A01,092681,Staff,0,37,100,100
1650887992659,COGS 14B,A01,083073,Cheng; Tzu-Han,0,12,50,50
1650887998684,COGS 17,A01,092677,Staff,11,0,75,64
1650888004708,COGS 100,A01,083619,Staff,0,30,60,60
1650888010735,COGS 101A,A01,083621,Davis; Joshua Daniel,0,29,60,60
1650888016763,COGS 101B,A01,091572,Staff,0,3,60,60
1650888022790,COGS 101C,A01,083625,Delgado; Tania,14,0,30,16
1650888028814,COGS 107A,A01,083627,Boyle; Mary E. T.,0,16,60,60
1650888034842,COGS 118A,A01,083075,Staff,0,8,60,60
1650888040875,CSE 3,A50,083646,Miranda; Gregory Joseph,16,0,38,22
1650888040875,CSE 3,A51,083647,Miranda; Gregory Joseph,36,0,37,1
1650888046901,CSE 8A,A50,083650,Miranda; Gregory Joseph,0,29,40,40
1650888052928,CSE 11,A01,083080,Cao; Yingjun,0,97,40,40
1650888058953,CSE 12,A01,083652,Staff,0,21,100,100
1650888064990,CSE 15L,A01,083654,Staff,0,3,50,50
1650888064990,CSE 15L,A02,083655,Staff,0,3,50,50
1650888071015,CSE 20,A01,083657,Staff,48,0,80,32
1650888077040,CSE 30,A01,083084,Eldon; John,0,76,40,40
1650888083065,CSE 100,A01,083659,Cao; Yingjun,0,70,50,50
1650888089094,CSE 134B,A01,083661,Powell; Thomas Allan,0,38,65,65
1650888095118,CSE 140,A01,083663,Staff,0,12,75,75
1650888101143,CSE 140L,A01,083088,Eldon; John,0,20,75,75
1650888107168,CSE 175,A01,083665,Kumar; Rakesh,7,0,25,18
1650888113195,CSE 190,A00,092507,Dubnov; Shlomo,9,0,20,11
1650888119221,ECE 45,A01,083139,Staff,0,4,60,60
1650888125250,ECE 65,A50,083695,Staff,0,6,30,30
1650888131276,ECE 109,A01,091882,Touri; Behrouz,32,0,70,38
1650888137304,ECE 180,A00,083140,Abi Samra; Nicholas Camill,20,0,30,10
1650888137304,ECE 180,B00,083141,Abi Samra; Nicholas Camill,0,0,30,30
1650888143329,MATH 10A,A01,083735,Patchell; Gregory David,2,0,30,28
1650888143329,MATH 10A,A02,083736,Patchell; Gregory David,27,0,30,3
1650888143329,MATH 10A,A03,083737,Patchell; Gregory David,23,0,30,7
1650888149354,MATH 10B,A01,083207,Staff,0,9,30,30
1650888149354,MATH 10B,A02,083208,Staff,0,6,30,30
1650888149354,MATH 10B,B01,083739,Staff,10,0,30,20
1650888149354,MATH 10B,B02,083740,Staff,28,0,30,2
1650888155378,MATH 18,A01,083743,Staff,0,0,30,30
1650888155378,MATH 18,A02,083744,Staff,24,0,30,6
1650888155378,MATH 18,A03,083745,Staff,21,0,30,9
1650888155378,MATH 18,A04,083746,Staff,26,0,30,4
1650888155378,MATH 18,B01,083748,Staff,0,15,30,30
1650888155378,MATH 18,B02,083749,Staff,0,13,30,30
1650888155378,MATH 18,B03,083750,Staff,0,13,30,30
1650888155378,MATH 18,B04,083751,Staff,0,13,30,30
1650888161411,MATH 20A,A01,083754,Staff,19,0,40,21
1650888167436,MATH 20B,A01,083756,Staff,0,14,30,30
1650888167436,MATH 20B,A02,083757,Staff,0,11,30,30
1650888173460,MATH 20C,A01,083760,Staff,0,17,30,30
1650888173460,MATH 20C,A02,083761,Staff,1,16,30,29
1650888173460,MATH 20C,B01,083762,Staff,9,0,30,21
1650888173460,MATH 20C,B02,083763,Staff,28,0,30,2
1650888179483,MATH 20D,A01,083765,Staff,2,1,30,28
1650888179483,MATH 20D,A02,083766,Staff,6,0,30,24
1650888179483,MATH 20D,A03,083767,Staff,23,0,30,7
1650888185509,MATH 20E,A01,083771,Staff,2,0,30,28
1650888185509,MATH 20E,A02,083772,Staff,13,0,30,17
1650888185509,MATH 20E,B01,083773,Staff,0,0,30,30
1650888185509,MATH 20E,B02,083774,Staff,4,0,30,26
1650888191537,MATH 103A,A01,083777,Staff,0,17,30,30
1650888191537,MATH 103A,A02,083778,Staff,0,15,30,30
1650888191537,MATH 103A,B01,083779,Staff,0,15,30,30
1650888191537,MATH 103A,B02,083780,Staff,0,14,30,30
1650888197562,MATH 105,A01,085443,Staff,0,23,30,30
1650888203588,MATH 109,A01,083213,Anzaldo; Leesa B,0,7,30,30
1650888203588,MATH 109,A02,083214,Anzaldo; Leesa B,0,7,30,30
1650888203588,MATH 109,B01,083215,Anzaldo; Leesa B,0,8,30,30
1650888203588,MATH 109,B02,083216,Anzaldo; Leesa B,0,7,30,30
1650888209618,MATH 142A,A01,083219,Chow; Bennett,0,14,30,30
1650888209618,MATH 142A,A02,083220,Chow; Bennett,0,15,30,30
1650888209618,MATH 142A,B01,083221,Chow; Bennett,0,16,30,30
1650888209618,MATH 142A,B02,083222,Chow; Bennett,0,14,30,30
1650888215645,MATH 193A,A01,083224,Staff,0,6,30,30
1650888215645,MATH 193A,A02,083225,Staff,0,7,30,30
1650888215645,MATH 193A,A03,083781,Staff,0,6,30,30
1650888215645,MATH 193A,A04,083782,Staff,0,7,30,30
1650888221669,MATH 197,001,091859,McAuley; Julian John,9998,0,9999,1
1650888227740,COGS 9,A01,083615,Staff,0,17,60,60
1650888233764,COGS 11,A01,083617,Boyle; Mary E. T.,15,0,40,25
1650888239792,COGS 13,A01,083071,Staff,0,38,40,40
1650888245819,COGS 14A,A01,092681,Staff,0,37,100,100
1650888251849,COGS 14B,A01,083073,Cheng; Tzu-Han,0,12,50,50
1650888257874,COGS 17,A01,092677,Staff,11,0,75,64
1650888263903,COGS 100,A01,083619,Staff,0,30,60,60
1650888269938,COGS 101A,A01,083621,Davis; Joshua Daniel,0,29,60,60
1650888275974,COGS 101B,A01,091572,Staff,0,3,60,60
1650888282002,COGS 101C,A01,083625,Delgado; Tania,14,0,30,16
1650888288027,COGS 107A,A01,083627,Boyle; Mary E. T.,0,16,60,60
1650888294056,COGS 118A,A01,083075,Staff,0,8,60,60
1650888300083,CSE 3,A50,083646,Miranda; Gregory Joseph,16,0,38,22
1650888300083,CSE 3,A51,083647,Miranda; Gregory Joseph,36,0,37,1
1650888306106,CSE 8A,A50,083650,Miranda; Gregory Joseph,0,29,40,40
1650888312136,CSE 11,A01,083080,Cao; Yingjun,0,97,40,40
1650888318160,CSE 12,A01,083652,Staff,0,21,100,100
1650888324200,CSE 15L,A01,083654,Staff,0,3,50,50
1650888324200,CSE 15L,A02,083655,Staff,0,3,50,50
1650888330308,CSE 20,A01,083657,Staff,48,0,80,32
1650888336337,CSE 30,A01,083084,Eldon; John,0,76,40,40
1650888342370,CSE 100,A01,083659,Cao; Yingjun,0,70,50,50
1650888348402,CSE 134B,A01,083661,Powell; Thomas Allan,0,38,65,65
1650888354428,CSE 140,A01,083663,Staff,0,12,75,75
1650888360454,CSE 140L,A01,083088,Eldon; John,0,20,75,75
1650888366481,CSE 175,A01,083665,Kumar; Rakesh,7,0,25,18
1650888372508,CSE 190,A00,092507,Dubnov; Shlomo,9,0,20,11
1650888378534,ECE 45,A01,083139,Staff,0,4,60,60
1650888384563,ECE 65,A50,083695,Staff,0,6,30,30
1650888390590,ECE 109,A01,091882,Touri; Behrouz,32,0,70,38
1650888396616,ECE 180,A00,083140,Abi Samra; Nicholas Camill,20,0,30,10
1650888396616,ECE 180,B00,083141,Abi Samra; Nicholas Camill,0,0,30,30
1650888402640,MATH 10A,A01,083735,Patchell; Gregory David,2,0,30,28
1650888402640,MATH 10A,A02,083736,Patchell; Gregory David,27,0,30,3
1650888402640,MATH 10A,A03,083737,Patchell; Gregory David,23,0,30,7
1650888408663,MATH 10B,A01,083207,Staff,0,9,30,30
1650888408663,MATH 10B,A02,083208,Staff,0,6,30,30
1650888408663,MATH 10B,B01,083739,Staff,10,0,30,20
1650888408663,MATH 10B,B02,083740,Staff,28,0,30,2
1650888414690,MATH 18,A01,083743,Staff,0,0,30,30
1650888414690,MATH 18,A02,083744,Staff,24,0,30,6
1650888414690,MATH 18,A03,083745,Staff,21,0,30,9
1650888414690,MATH 18,A04,083746,Staff,26,0,30,4
1650888414690,MATH 18,B01,083748,Staff,0,15,30,30
1650888414690,MATH 18,B02,083749,Staff,0,13,30,30
1650888414690,MATH 18,B03,083750,Staff,0,13,30,30
1650888414690,MATH 18,B04,083751,Staff,0,13,30,30
1650888420714,MATH 20A,A01,083754,Staff,19,0,40,21
1650888426742,MATH 20B,A01,083756,Staff,0,14,30,30
1650888426742,MATH 20B,A02,083757,Staff,0,11,30,30
1650888432775,MATH 20C,A01,083760,Staff,0,17,30,30
1650888432775,MATH 20C,A02,083761,Staff,1,16,30,29
1650888432775,MATH 20C,B01,083762,Staff,9,0,30,21
1650888432775,MATH 20C,B02,083763,Staff,28,0,30,2
1650888438799,MATH 20D,A01,083765,Staff,2,1,30,28
1650888438799,MATH 20D,A02,083766,Staff,6,0,30,24
1650888438799,MATH 20D,A03,083767,Staff,23,0,30,7
1650888444824,MATH 20E,A01,083771,Staff,2,0,30,28
1650888444824,MATH 20E,A02,083772,Staff,13,0,30,17
1650888444824,MATH 20E,B01,083773,Staff,0,0,30,30
1650888444824,MATH 20E,B02,083774,Staff,4,0,30,26
1650888450854,MATH 103A,A01,083777,Staff,0,17,30,30
1650888450854,MATH 103A,A02,083778,Staff,0,15,30,30
1650888450854,MATH 103A,B01,083779,Staff,0,15,30,30
1650888450854,MATH 103A,B02,083780,Staff,0,14,30,30
1650888456880,MATH 105,A01,085443,Staff,0,23,30,30
1650888462905,MATH 109,A01,083213,Anzaldo; Leesa B,0,7,30,30
1650888462905,MATH 109,A02,083214,Anzaldo; Leesa B,0,7,30,30
1650888462905,MATH 109,B01,083215,Anzaldo; Leesa B,0,8,30,30
1650888462905,MATH 109,B02,083216,Anzaldo; Leesa B,0,7,30,30
1650888468935,MATH 142A,A01,083219,Chow; Bennett,0,14,30,30
1650888468935,MATH 142A,A02,083220,Chow; Bennett,0,15,30,30
1650888468935,MATH 142A,B01,083221,Chow; Bennett,0,16,30,30
1650888468935,MATH 142A,B02,083222,Chow; Bennett,0,14,30,30
1650888474963,MATH 193A,A01,083224,Staff,0,6,30,30
1650888474963,MATH 193A,A02,083225,Staff,0,7,30,30
1650888474963,MATH 193A,A03,083781,Staff,0,6,30,30
1650888474963,MATH 193A,A04,083782,Staff,0,7,30,30
1650888480989,MATH 197,001,091859,McAuley; Julian John,9998,0,9999,1
1650888487055,COGS 9,A01,083615,Staff,0,17,60,60
1650888493080,COGS 11,A01,083617,Boyle; Mary E. T.,15,0,40,25
1650888499108,COGS 13,A01,083071,Staff,0,38,40,40
1650888505140,COGS 14A,A01,092681,Staff,0,37,100,100
1650888511177,COGS 14B,A01,083073,Cheng; Tzu-Han,0,12,50,50
1650888517202,COGS 17,A01,092677,Staff,11,0,75,64
1650888523227,COGS 100,A01,083619,Staff,0,30,60,60
1650888529251,COGS 101A,A01,083621,Davis; Joshua Daniel,0,29,60,60
1650888535276,COGS 101B,A01,091572,Staff,0,3,60,60
1650888541302,COGS 101C,A01,083625,Delgado; Tania,14,0,30,16
1650888547327,COGS 107A,A01,083627,Boyle; Mary E. T.,0,16,60,60
1650888553350,COGS 118A,A01,083075,Staff,0,8,60,60
1650888559376,CSE 3,A50,083646,Miranda; Gregory Joseph,16,0,38,22
1650888559376,CSE 3,A51,083647,Miranda; Gregory Joseph,36,0,37,1
1650888565402,CSE 8A,A50,083650,Miranda; Gregory Joseph,0,29,40,40
1650888571430,CSE 11,A01,083080,Cao; Yingjun,0,97,40,40
1650888577454,CSE 12,A01,083652,Staff,0,21,100,100
1650888583481,CSE 15L,A01,083654,Staff,0,3,50,50
1650888583481,CSE 15L,A02,083655,Staff,0,3,50,50
1650888589506,CSE 20,A01,083657,Staff,48,0,80,32
1650888595533,CSE 30,A01,083084,Eldon; John,0,76,40,40
1650888601558,CSE 100,A01,083659,Cao; Yingjun,0,70,50,50
1650888607584,CSE 134B,A01,083661,Powell; Thomas Allan,0,38,65,65
1650888613610,CSE 140,A01,083663,Staff,0,12,75,75
1650888619634,CSE 140L,A01,083088,Eldon; John,0,20,75,75
1650888625658,CSE 175,A01,083665,Kumar; Rakesh,7,0,25,18
1650888631684,CSE 190,A00,092507,Dubnov; Shlomo,9,0,20,11
1650888637708,ECE 45,A01,083139,Staff,0,4,60,60
1650888643733,ECE 65,A50,083695,Staff,0,6,30,30
1650888649762,ECE 109,A01,091882,Touri; Behrouz,32,0,70,38
1650888655793,ECE 180,A00,083140,Abi Samra; Nicholas Camill,20,0,30,10
1650888655793,ECE 180,B00,083141,Abi Samra; Nicholas Camill,0,0,30,30
1650888661828,MATH 10A,A01,083735,Patchell; Gregory David,2,0,30,28
1650888661828,MATH 10A,A02,083736,Patchell; Gregory David,27,0,30,3
1650888661828,MATH 10A,A03,083737,Patchell; Gregory David,23,0,30,7
1650888667852,MATH 10B,A01,083207,Staff,0,9,30,30
1650888667852,MATH 10B,A02,083208,Staff,0,6,30,30
1650888667852,MATH 10B,B01,083739,Staff,10,0,30,20
1650888667852,MATH 10B,B02,083740,Staff,28,0,30,2
1650888673878,MATH 18,A01,083743,Staff,0,0,30,30
1650888673878,MATH 18,A02,083744,Staff,24,0,30,6
1650888673878,MATH 18,A03,083745,Staff,21,0,30,9
1650888673878,MATH 18,A04,083746,Staff,26,0,30,4
1650888673878,MATH 18,B01,083748,Staff,0,15,30,30
1650888673878,MATH 18,B02,083749,Staff,0,13,30,30
1650888673878,MATH 18,B03,083750,Staff,0,13,30,30
1650888673878,MATH 18,B04,083751,Staff,0,13,30,30
1650888679903,MATH 20A,A01,083754,Staff,19,0,40,21
1650888685931,MATH 20B,A01,083756,Staff,0,14,30,30
1650888685931,MATH 20B,A02,083757,Staff,0,11,30,30
1650888691959,MATH 20C,A01,083760,Staff,0,17,30,30
1650888691959,MATH 20C,A02,083761,Staff,1,16,30,29
1650888691959,MATH 20C,B01,083762,Staff,9,0,30,21
1650888691959,MATH 20C,B02,083763,Staff,28,0,30,2
1650888697986,MATH 20D,A01,083765,Staff,2,1,30,28
1650888697986,MATH 20D,A02,083766,Staff,6,0,30,24
1650888697986,MATH 20D,A03,083767,Staff,23,0,30,7
1650888704010,MATH 20E,A01,083771,Staff,2,0,30,28
1650888704010,MATH 20E,A02,083772,Staff,13,0,30,17
1650888704010,MATH 20E,B01,083773,Staff,0,0,30,30
1650888704010,MATH 20E,B02,083774,Staff,4,0,30,26
1650888710038,MATH 103A,A01,083777,Staff,0,17,30,30
1650888710038,MATH 103A,A02,083778,Staff,0,15,30,30
1650888710038,MATH 103A,B01,083779,Staff,0,15,30,30
1650888710038,MATH 103A,B02,083780,Staff,0,14,30,30
1650888716063,MATH 105,A01,085443,Staff,0,23,30,30
1650888722089,MATH 109,A01,083213,Anzaldo; Leesa B,0,7,30,30
1650888722089,MATH 109,A02,083214,Anzaldo; Leesa B,0,7,30,30
1650888722089,MATH 109,B01,083215,Anzaldo; Leesa B,0,8,30,30
1650888722089,MATH 109,B02,083216,Anzaldo; Leesa B,0,7,30,30
1650888728130,MATH 142A,A01,083219,Chow; Bennett,0,14,30,30
1650888728130,MATH 142A,A02,083220,Chow; Bennett,0,15,30,30
1650888728130,MATH 142A,B01,083221,Chow; Bennett,0,16,30,30
1650888728130,MATH 142A,B02,083222,Chow; Bennett,0,14,30,30
1650888734157,MATH 193A,A01,083224,Staff,0,6,30,30
1650888734157,MATH 193A,A02,083225,Staff,0,7,30,30
1650888734157,MATH 193A,A03,083781,Staff,0,6,30,30
1650888734157,MATH 193A,A04,083782,Staff,0,7,30,30
1650888740199,MATH 197,001,091859,McAuley; Julian John,9998,0,9999,1
1650888746263,COGS 9,A01,083615,Staff,0,17,60,60
1650888752287,COGS 11,A01,083617,Boyle; Mary E. T.,15,0,40,25
1650888758319,COGS 13,A01,083071,Staff,0,38,40,40
1650888764344,COGS 14A,A01,092681,Staff,0,37,100,100
1650888770369,COGS 14B,A01,083073,Cheng; Tzu-Han,0,12,50,50
1650888776400,COGS 17,A01,092677,Staff,11,0,75,64
1650888782423,COGS 100,A01,083619,Staff,0,30,60,60
1650888788447,COGS 101A,A01,083621,Davis; Joshua Daniel,0,29,60,60
1650888794469,COGS 101B,A01,091572,Staff,0,3,60,60
1650888800492,COGS 101C,A01,083625,Delgado; Tania,14,0,30,16
1650888806518,COGS 107A,A01,083627,Boyle; Mary E. T.,0,16,60,60
1650888812543,COGS 118A,A01,083075,Staff,0,8,60,60
1650888818567,CSE 3,A50,083646,Miranda; Gregory Joseph,16,0,38,22
1650888818567,CSE 3,A51,083647,Miranda; Gregory Joseph,36,0,37,1
1650888824592,CSE 8A,A50,083650,Miranda; Gregory Joseph,0,29,40,40
1650888830620,CSE 11,A01,083080,Cao; Yingjun,0,97,40,40
1650888836652,CSE 12,A01,083652,Staff,0,21,100,100
1650888842678,CSE 15L,A01,083654,Staff,0,3,50,50
1650888842678,CSE 15L,A02,083655,Staff,0,3,50,50
1650888848707,CSE 20,A01,083657,Staff,48,0,80,32
1650888854730,CSE 30,A01,083084,Eldon; John,0,76,40,40
1650888860757,CSE 100,A01,083659,Cao; Yingjun,0,70,50,50
1650888866781,CSE 134B,A01,083661,Powell; Thomas Allan,0,38,65,65
1650888872815,CSE 140,A01,083663,Staff,0,12,75,75
1650888878850,CSE 140L,A01,083088,Eldon; John,0,20,75,75
1650888884884,CSE 175,A01,083665,Kumar; Rakesh,7,0,25,18
1650888890910,CSE 190,A00,092507,Dubnov; Shlomo,9,0,20,11
1650888896935,ECE 45,A01,083139,Staff,0,4,60,60
1650888902963,ECE 65,A50,083695,Staff,0,6,30,30
1650888908986,ECE 109,A01,091882,Touri; Behrouz,32,0,70,38
1650888915013,ECE 180,A00,083140,Abi Samra; Nicholas Camill,20,0,30,10
1650888915013,ECE 180,B00,083141,Abi Samra; Nicholas Camill,0,0,30,30
1650888921039,MATH 10A,A01,083735,Patchell; Gregory David,2,0,30,28
1650888921039,MATH 10A,A02,083736,Patchell; Gregory David,27,0,30,3
1650888921039,MATH 10A,A03,083737,Patchell; Gregory David,23,0,30,7
1650888927133,MATH 10B,A01,083207,Staff,0,9,30,30
1650888927133,MATH 10B,A02,083208,Staff,0,6,30,30
1650888927133,MATH 10B,B01,083739,Staff,10,0,30,20
1650888927133,MATH 10B,B02,083740,Staff,28,0,30,2
1650888933159,MATH 18,A01,083743,Staff,0,0,30,30
1650888933159,MATH 18,A02,083744,Staff,24,0,30,6
1650888933159,MATH 18,A03,083745,Staff,21,0,30,9
1650888933159,MATH 18,A04,083746,Staff,26,0,30,4
1650888933159,MATH 18,B01,083748,Staff,0,15,30,30
1650888933159,MATH 18,B02,083749,Staff,0,13,30,30
1650888933159,MATH 18,B03,083750,Staff,0,13,30,30
1650888933159,MATH 18,B04,083751,Staff,0,13,30,30
1650888939184,MATH 20A,A01,083754,Staff,19,0,40,21
1650888945210,MATH 20B,A01,083756,Staff,0,14,30,30
1650888945210,MATH 20B,A02,083757,Staff,0,11,30,30
1650888951236,MATH 20C,A01,083760,Staff,0,17,30,30
1650888951236,MATH 20C,A02,083761,Staff,1,16,30,29
1650888951236,MATH 20C,B01,083762,Staff,9,0,30,21
1650888951236,MATH 20C,B02,083763,Staff,28,0,30,2
1650888957261,MATH 20D,A01,083765,Staff,2,1,30,28
1650888957261,MATH 20D,A02,083766,Staff,6,0,30,24
1650888957261,MATH 20D,A03,083767,Staff,23,0,30,7
1650888963287,MATH 20E,A01,083771,Staff,2,0,30,28
1650888963287,MATH 20E,A02,083772,Staff,13,0,30,17
1650888963287,MATH 20E,B01,083773,Staff,0,0,30,30
1650888963287,MATH 20E,B02,083774,Staff,4,0,30,26
1650888969317,MATH 103A,A01,083777,Staff,0,17,30,30
1650888969317,MATH 103A,A02,083778,Staff,0,15,30,30
1650888969317,MATH 103A,B01,083779,Staff,0,15,30,30
1650888969317,MATH 103A,B02,083780,Staff,0,14,30,30
1650888975340,MATH 105,A01,085443,Staff,0,23,30,30
1650888981368,MATH 109,A01,083213,Anzaldo; Leesa B,0,7,30,30
1650888981368,MATH 109,A02,083214,Anzaldo; Leesa B,0,7,30,30
1650888981368,MATH 109,B01,083215,Anzaldo; Leesa B,0,8,30,30
1650888981368,MATH 109,B02,083216,Anzaldo; Leesa B,0,7,30,30
1650888987398,MATH 142A,A01,083219,Chow; Bennett,0,14,30,30
1650888987398,MATH 142A,A02,083220,Chow; Bennett,0,15,30,30
1650888987398,MATH 142A,B01,083221,Chow; Bennett,0,16,30,30
1650888987398,MATH 142A,B02,083222,Chow; Bennett,0,14,30,30
1650888993432,MATH 193A,A01,083224,Staff,0,6,30,30
1650888993432,MATH 193A,A02,083225,Staff,0,7,30,30
1650888993432,MATH 193A,A03,083781,Staff,0,6,30,30
1650888993432,MATH 193A,A04,083782,Staff,0,7,30,30
1650888999459,MATH 197,001,091859,McAuley; Julian John,9998,0,9999,1
1650889005513,COGS 9,A01,083615,Staff,0,17,60,60
1650889011545,COGS 11,A01,083617,Boyle; Mary E. T.,15,0,40,25
1650889017570,COGS 13,A01,083071,Staff,0,38,40,40
1650889023597,COGS 14A,A01,092681,Staff,0,37,100,100
1650889029631,COGS 14B,A01,083073,Cheng; Tzu-Han,0,12,50,50
1650889035659,COGS 17,A01,092677,Staff,11,0,75,64
1650889041682,COGS 100,A01,083619,Staff,0,30,60,60
1650889047712,COGS 101A,A01,083621,Davis; Joshua Daniel,0,29,60,60
1650889053737,COGS 101B,A01,091572,Staff,0,3,60,60
1650889059765,COGS 101C,A01,083625,Delgado; Tania,14,0,30,16
1650889065796,COGS 107A,A01,083627,Boyle; Mary E. T.,0,16,60,60
1650889071819,COGS 118A,A01,083075,Staff,0,8,60,60
1650889077845,CSE 3,A50,083646,Miranda; Gregory Joseph,16,0,38,22
1650889077845,CSE 3,A51,083647,Miranda; Gregory Joseph,36,0,37,1
1650889083871,CSE 8A,A50,083650,Miranda; Gregory Joseph,0,29,40,40
1650889089904,CSE 11,A01,083080,Cao; Yingjun,0,97,40,40
1650889095939,CSE 12,A01,083652,Staff,0,21,100,100
1650889101962,CSE 15L,A01,083654,Staff,0,3,50,50
1650889101962,CSE 15L,A02,083655,Staff,0,3,50,50
1650889107987,CSE 20,A01,083657,Staff,48,0,80,32
1650889114024,CSE 30,A01,083084,Eldon; John,0,76,40,40
1650889120052,CSE 100,A01,083659,Cao; Yingjun,0,70,50,50
1650889126080,CSE 134B,A01,083661,Powell; Thomas Allan,0,38,65,65
1650889132110,CSE 140,A01,083663,Staff,0,12,75,75
1650889138132,CSE 140L,A01,083088,Eldon; John,0,20,75,75
1650889144156,CSE 175,A01,083665,Kumar; Rakesh,7,0,25,18
1650889150182,CSE 190,A00,092507,Dubnov; Shlomo,9,0,20,11
1650889156208,ECE 45,A01,083139,Staff,0,4,60,60
1650889162233,ECE 65,A50,083695,Staff,0,6,30,30
1650889168256,ECE 109,A01,091882,Touri; Behrouz,32,0,70,38
1650889174281,ECE 180,A00,083140,Abi Samra; Nicholas Camill,20,0,30,10
1650889174281,ECE 180,B00,083141,Abi Samra; Nicholas Camill,0,0,30,30
1650889180305,MATH 10A,A01,083735,Patchell; Gregory David,2,0,30,28
1650889180305,MATH 10A,A02,083736,Patchell; Gregory David,27,0,30,3
1650889180305,MATH 10A,A03,083737,Patchell; Gregory David,23,0,30,7
1650889186349,MATH 10B,A01,083207,Staff,0,9,30,30
1650889186349,MATH 10B,A02,083208,Staff,0,6,30,30
1650889186349,MATH 10B,B01,083739,Staff,10,0,30,20
1650889186349,MATH 10B,B02,083740,Staff,28,0,30,2
1650889192373,MATH 18,A01,083743,Staff,0,0,30,30
1650889192373,MATH 18,A02,083744,Staff,24,0,30,6
1650889192373,MATH 18,A03,083745,Staff,21,0,30,9
1650889192373,MATH 18,A04,083746,Staff,26,0,30,4
1650889192373,MATH 18,B01,083748,Staff,0,15,30,30
1650889192373,MATH 18,B02,083749,Staff,0,13,30,30
1650889192373,MATH 18,B03,083750,Staff,0,13,30,30
1650889192373,MATH 18,B04,083751,Staff,0,13,30,30
1650889198401,MATH 20A,A01,083754,Staff,19,0,40,21
1650889204426,MATH 20B,A01,083756,Staff,0,14,30,30
1650889204426,MATH 20B,A02,083757,Staff,0,11,30,30
1650889210455,MATH 20C,A01,083760,Staff,0,17,30,30
1650889210455,MATH 20C,A02,083761,Staff,1,16,30,29
1650889210455,MATH 20C,B01,083762,Staff,9,0,30,21
1650889210455,MATH 20C,B02,083763,Staff,28,0,30,2
1650889216480,MATH 20D,A01,083765,Staff,2,1,30,28
1650889216480,MATH 20D,A02,083766,Staff,6,0,30,24
1650889216480,MATH 20D,A03,083767,Staff,23,0,30,7
1650889222505,MATH 20E,A01,083771,Staff,2,0,30,28
1650889222505,MATH 20E,A02,083772,Staff,13,0,30,17
1650889222505,MATH 20E,B01,083773,Staff,0,0,30,30
1650889222505,MATH 20E,B02,083774,Staff,4,0,30,26
1650889228531,MATH 103A,A01,083777,Staff,0,17,30,30
1650889228531,MATH 103A,A02,083778,Staff,0,15,30,30
1650889228531,MATH 103A,B01,083779,Staff,0,15,30,30
1650889228531,MATH 103A,B02,083780,Staff,0,14,30,30
1650889234559,MATH 105,A01,085443,Staff,0,23,30,30
1650889240581,MATH 109,A01,083213,Anzaldo; Leesa B,0,7,30,30
1650889240581,MATH 109,A02,083214,Anzaldo; Leesa B,0,7,30,30
1650889240581,MATH 109,B01,083215,Anzaldo; Leesa B,0,8,30,30
1650889240581,MATH 109,B02,083216,Anzaldo; Leesa B,0,7,30,30
1650889246613,MATH 142A,A01,083219,Chow; Bennett,0,14,30,30
1650889246613,MATH 142A,A02,083220,Chow; Bennett,0,15,30,30
1650889246613,MATH 142A,B01,083221,Chow; Bennett,0,16,30,30
1650889246613,MATH 142A,B02,083222,Chow; Bennett,0,14,30,30
1650889252636,MATH 193A,A01,083224,Staff,0,6,30,30
1650889252636,MATH 193A,A02,083225,Staff,0,7,30,30
1650889252636,MATH 193A,A03,083781,Staff,0,6,30,30
1650889252636,MATH 193A,A04,083782,Staff,0,7,30,30
1650889258666,MATH 197,001,091859,McAuley; Julian John,9998,0,9999,1
1650889264723,COGS 9,A01,083615,Staff,0,17,60,60
1650889270746,COGS 11,A01,083617,Boyle; Mary E. T.,15,0,40,25
1650889276777,COGS 13,A01,083071,Staff,0,38,40,40
1650889282805,COGS 14A,A01,092681,Staff,0,37,100,100
1650889288828,COGS 14B,A01,083073,Cheng; Tzu-Han,0,12,50,50
1650889294860,COGS 17,A01,092677,Staff,11,0,75,64
1650889300884,COGS 100,A01,083619,Staff,0,30,60,60
1650889306909,COGS 101A,A01,083621,Davis; Joshua Daniel,0,29,60,60
1650889312933,COGS 101B,A01,091572,Staff,0,3,60,60
1650889318958,COGS 101C,A01,083625,Delgado; Tania,14,0,30,16
1650889324985,COGS 107A,A01,083627,Boyle; Mary E. T.,0,16,60,60
1650889331009,COGS 118A,A01,083075,Staff,0,8,60,60
1650889337033,CSE 3,A50,083646,Miranda; Gregory Joseph,16,0,38,22
1650889337033,CSE 3,A51,083647,Miranda; Gregory Joseph,36,0,37,1
1650889343058,CSE 8A,A50,083650,Miranda; Gregory Joseph,0,29,40,40
1650889349087,CSE 11,A01,083080,Cao; Yingjun,0,97,40,40
1650889355113,CSE 12,A01,083652,Staff,0,21,100,100
1650889361142,CSE 15L,A01,083654,Staff,0,3,50,50
1650889361142,CSE 15L,A02,083655,Staff,0,3,50,50
1650889367169,CSE 20,A01,083657,Staff,48,0,80,32
1650889373198,CSE 30,A01,083084,Eldon; John,0,76,40,40
1650889379225,CSE 100,A01,083659,Cao; Yingjun,0,70,50,50
1650889385250,CSE 134B,A01,083661,Powell; Thomas Allan,0,38,65,65
1650889391277,CSE 140,A01,083663,Staff,0,12,75,75
1650889397301,CSE 140L,A01,083088,Eldon; John,0,20,75,75
1650889403325,CSE 175,A01,083665,Kumar; Rakesh,7,0,25,18
1650889409359,CSE 190,A00,092507,Dubnov; Shlomo,9,0,20,11
1650889415383,ECE 45,A01,083139,Staff,0,4,60,60
1650889421405,ECE 65,A50,083695,Staff,0,6,30,30
1650889427432,ECE 109,A01,091882,Touri; Behrouz,32,0,70,38
1650889433457,ECE 180,A00,083140,Abi Samra; Nicholas Camill,20,0,30,10
1650889433457,ECE 180,B00,083141,Abi Samra; Nicholas Camill,0,0,30,30
1650889439482,MATH 10A,A01,083735,Patchell; Gregory David,2,0,30,28
1650889439482,MATH 10A,A02,083736,Patchell; Gregory David,27,0,30,3
1650889439482,MATH 10A,A03,083737,Patchell; Gregory David,23,0,30,7
1650889445504,MATH 10B,A01,083207,Staff,0,9,30,30
1650889445504,MATH 10B,A02,083208,Staff,0,6,30,30
1650889445504,MATH 10B,B01,083739,Staff,10,0,30,20
1650889445504,MATH 10B,B02,083740,Staff,28,0,30,2
1650889451542,MATH 18,A01,083743,Staff,0,0,30,30
1650889451542,MATH 18,A02,083744,Staff,24,0,30,6
1650889451542,MATH 18,A03,083745,Staff,21,0,30,9
1650889451542,MATH 18,A04,083746,Staff,26,0,30,4
1650889451542,MATH 18,B01,083748,Staff,0,15,30,30
1650889451542,MATH 18,B02,083749,Staff,0,13,30,30
1650889451542,MATH 18,B03,083750,Staff,0,13,30,30
1650889451542,MATH 18,B04,083751,Staff,0,13,30,30
1650889457564,MATH 20A,A01,083754,Staff,19,0,40,21
1650889463598,MATH 20B,A01,083756,Staff,0,14,30,30
1650889463598,MATH 20B,A02,083757,Staff,0,11,30,30
1650889469623,MATH 20C,A01,083760,Staff,0,17,30,30
1650889469623,MATH 20C,A02,083761,Staff,1,16,30,29
1650889469623,MATH 20C,B01,083762,Staff,9,0,30,21
1650889469623,MATH 20C,B02,083763,Staff,28,0,30,2
1650889475664,MATH 20D,A01,083765,Staff,2,1,30,28
1650889475664,MATH 20D,A02,083766,Staff,6,0,30,24
1650889475664,MATH 20D,A03,083767,Staff,23,0,30,7
1650889481699,MATH 20E,A01,083771,Staff,2,0,30,28
1650889481699,MATH 20E,A02,083772,Staff,13,0,30,17
1650889481699,MATH 20E,B01,083773,Staff,0,0,30,30
1650889481699,MATH 20E,B02,083774,Staff,4,0,30,26
1650889487725,MATH 103A,A01,083777,Staff,0,17,30,30
1650889487725,MATH 103A,A02,083778,Staff,0,15,30,30
1650889487725,MATH 103A,B01,083779,Staff,0,15,30,30
1650889487725,MATH 103A,B02,083780,Staff,0,14,30,30
1650889493751,MATH 105,A01,085443,Staff,0,23,30,30
1650889499781,MATH 109,A01,083213,Anzaldo; Leesa B,0,7,30,30
1650889499781,MATH 109,A02,083214,Anzaldo; Leesa B,0,7,30,30
1650889499781,MATH 109,B01,083215,Anzaldo; Leesa B,0,8,30,30
1650889499781,MATH 109,B02,083216,Anzaldo; Leesa B,0,7,30,30
1650889505808,MATH 142A,A01,083219,Chow; Bennett,0,14,30,30
1650889505808,MATH 142A,A02,083220,Chow; Bennett,0,15,30,30
1650889505808,MATH 142A,B01,083221,Chow; Bennett,0,16,30,30
1650889505808,MATH 142A,B02,083222,Chow; Bennett,0,14,30,30
1650889511836,MATH 193A,A01,083224,Staff,0,6,30,30
1650889511836,MATH 193A,A02,083225,Staff,0,7,30,30
1650889511836,MATH 193A,A03,083781,Staff,0,6,30,30
1650889511836,MATH 193A,A04,083782,Staff,0,7,30,30
1650889517859,MATH 197,001,091859,McAuley; Julian John,9998,0,9999,1
1650889523985,COGS 9,A01,083615,Staff,0,17,60,60
1650889530018,COGS 11,A01,083617,Boyle; Mary E. T.,15,0,40,25
1650889536046,COGS 13,A01,083071,Staff,0,38,40,40
1650889542070,COGS 14A,A01,092681,Staff,0,37,100,100
1650889548093,COGS 14B,A01,083073,Cheng; Tzu-Han,0,12,50,50
1650889554128,COGS 17,A01,092677,Staff,11,0,75,64
1650889560156,COGS 100,A01,083619,Staff,0,30,60,60
1650889566184,COGS 101A,A01,083621,Davis; Joshua Daniel,0,29,60,60
1650889572208,COGS 101B,A01,091572,Staff,0,3,60,60
1650889578241,COGS 101C,A01,083625,Delgado; Tania,14,0,30,16
1650889584268,COGS 107A,A01,083627,Boyle; Mary E. T.,0,16,60,60
1650889590296,COGS 118A,A01,083075,Staff,0,8,60,60
1650889596329,CSE 3,A50,083646,Miranda; Gregory Joseph,16,0,38,22
1650889596329,CSE 3,A51,083647,Miranda; Gregory Joseph,36,0,37,1
1650889602354,CSE 8A,A50,083650,Miranda; Gregory Joseph,0,29,40,40
1650889608385,CSE 11,A01,083080,Cao; Yingjun,0,97,40,40
1650889614408,CSE 12,A01,083652,Staff,0,21,100,100
1650889620434,CSE 15L,A01,083654,Staff,0,3,50,50
1650889620434,CSE 15L,A02,083655,Staff,0,3,50,50
1650889626458,CSE 20,A01,083657,Staff,48,0,80,32
1650889632484,CSE 30,A01,083084,Eldon; John,0,76,40,40
1650889638512,CSE 100,A01,083659,Cao; Yingjun,0,70,50,50
1650889644539,CSE 134B,A01,083661,Powell; Thomas Allan,0,38,65,65
1650889650565,CSE 140,A01,083663,Staff,0,12,75,75
1650889656597,CSE 140L,A01,083088,Eldon; John,0,20,75,75
1650889662619,CSE 175,A01,083665,Kumar; Rakesh,7,0,25,18
1650889668645,CSE 190,A00,092507,Dubnov; Shlomo,9,0,20,11
1650889674671,ECE 45,A01,083139,Staff,0,4,60,60
1650889680696,ECE 65,A50,083695,Staff,0,6,30,30
1650889686725,ECE 109,A01,091882,Touri; Behrouz,32,0,70,38
1650889692752,ECE 180,A00,083140,Abi Samra; Nicholas Camill,20,0,30,10
1650889692752,ECE 180,B00,083141,Abi Samra; Nicholas Camill,0,0,30,30
1650889698776,MATH 10A,A01,083735,Patchell; Gregory David,2,0,30,28
1650889698776,MATH 10A,A02,083736,Patchell; Gregory David,27,0,30,3
1650889698776,MATH 10A,A03,083737,Patchell; Gregory David,23,0,30,7
1650889704805,MATH 10B,A01,083207,Staff,0,9,30,30
1650889704805,MATH 10B,A02,083208,Staff,0,6,30,30
1650889704805,MATH 10B,B01,083739,Staff,10,0,30,20
1650889704805,MATH 10B,B02,083740,Staff,28,0,30,2
1650889710835,MATH 18,A01,083743,Staff,0,0,30,30
1650889710835,MATH 18,A02,083744,Staff,24,0,30,6
1650889710835,MATH 18,A03,083745,Staff,21,0,30,9
1650889710835,MATH 18,A04,083746,Staff,26,0,30,4
1650889710835,MATH 18,B01,083748,Staff,0,15,30,30
1650889710835,MATH 18,B02,083749,Staff,0,13,30,30
1650889710835,MATH 18,B03,083750,Staff,0,13,30,30
1650889710835,MATH 18,B04,083751,Staff,0,13,30,30
1650889716866,MATH 20A,A01,083754,Staff,19,0,40,21
1650889722891,MATH 20B,A01,083756,Staff,0,14,30,30
1650889722891,MATH 20B,A02,083757,Staff,0,11,30,30
1650889728920,MATH 20C,A01,083760,Staff,0,17,30,30
1650889728920,MATH 20C,A02,083761,Staff,1,16,30,29
1650889728920,MATH 20C,B01,083762,Staff,9,0,30,21
1650889728920,MATH 20C,B02,083763,Staff,28,0,30,2
1650889734960,MATH 20D,A01,083765,Staff,2,1,30,28
1650889734960,MATH 20D,A02,083766,Staff,6,0,30,24
1650889734960,MATH 20D,A03,083767,Staff,23,0,30,7
1650889740988,MATH 20E,A01,083771,Staff,2,0,30,28
1650889740988,MATH 20E,A02,083772,Staff,13,0,30,17
1650889740988,MATH 20E,B01,083773,Staff,0,0,30,30
1650889740988,MATH 20E,B02,083774,Staff,4,0,30,26
1650889747016,MATH 103A,A01,083777,Staff,0,17,30,30
1650889747016,MATH 103A,A02,083778,Staff,0,15,30,30
1650889747016,MATH 103A,B01,083779,Staff,0,15,30,30
1650889747016,MATH 103A,B02,083780,Staff,0,14,30,30
1650889753045,MATH 105,A01,085443,Staff,0,23,30,30
1650889759073,MATH 109,A01,083213,Anzaldo; Leesa B,0,7,30,30
1650889759073,MATH 109,A02,083214,Anzaldo; Leesa B,0,7,30,30
1650889759073,MATH 109,B01,083215,Anzaldo; Leesa B,0,8,30,30
1650889759073,MATH 109,B02,083216,Anzaldo; Leesa B,0,7,30,30
1650889765126,MATH 142A,A01,083219,Chow; Bennett,0,14,30,30
1650889765126,MATH 142A,A02,083220,Chow; Bennett,0,15,30,30
1650889765126,MATH 142A,B01,083221,Chow; Bennett,0,16,30,30
1650889765126,MATH 142A,B02,083222,Chow; Bennett,0,14,30,30
1650889771149,MATH 193A,A01,083224,Staff,0,6,30,30
1650889771149,MATH 193A,A02,083225,Staff,0,7,30,30
1650889771149,MATH 193A,A03,083781,Staff,0,6,30,30
1650889771149,MATH 193A,A04,083782,Staff,0,7,30,30
1650889777172,MATH 197,001,091859,McAuley; Julian John,9998,0,9999,1
1650889783246,COGS 9,A01,083615,Staff,0,17,60,60
1650889789281,COGS 11,A01,083617,Boyle; Mary E. T.,15,0,40,25
1650889795307,COGS 13,A01,083071,Staff,0,38,40,40
1650889801334,COGS 14A,A01,092681,Staff,0,37,100,100
1650889807358,COGS 14B,A01,083073,Cheng; Tzu-Han,0,12,50,50
1650889813385,COGS 17,A01,092677,Staff,11,0,75,64
1650889819413,COGS 100,A01,083619,Staff,0,30,60,60
1650889825438,COGS 101A,A01,083621,Davis; Joshua Daniel,0,29,60,60
1650889831487,COGS 101B,A01,091572,Staff,0,3,60,60
1650889837518,COGS 101C,A01,083625,Delgado; Tania,14,0,30,16
1650889843545,COGS 107A,A01,083627,Boyle; Mary E. T.,0,16,60,60
1650889849574,COGS 118A,A01,083075,Staff,0,8,60,60
1650889855609,CSE 3,A50,083646,Miranda; Gregory Joseph,16,0,38,22
1650889855609,CSE 3,A51,083647,Miranda; Gregory Joseph,36,0,37,1
1650889861645,CSE 8A,A50,083650,Miranda; Gregory Joseph,0,29,40,40
1650889867669,CSE 11,A01,083080,Cao; Yingjun,0,97,40,40
1650889873695,CSE 12,A01,083652,Staff,0,21,100,100
1650889879734,CSE 15L,A01,083654,Staff,0,3,50,50
1650889879734,CSE 15L,A02,083655,Staff,0,3,50,50
1650889885759,CSE 20,A01,083657,Staff,48,0,80,32
1650889891791,CSE 30,A01,083084,Eldon; John,0,76,40,40
1650889897828,CSE 100,A01,083659,Cao; Yingjun,0,70,50,50
1650889903852,CSE 134B,A01,083661,Powell; Thomas Allan,0,38,65,65
1650889909879,CSE 140,A01,083663,Staff,0,12,75,75
1650889915910,CSE 140L,A01,083088,Eldon; John,0,20,75,75
1650889921949,CSE 175,A01,083665,Kumar; Rakesh,7,0,25,18
1650889927980,CSE 190,A00,092507,Dubnov; Shlomo,9,0,20,11
1650889934004,ECE 45,A01,083139,Staff,0,4,60,60
1650889940032,ECE 65,A50,083695,Staff,0,6,30,30
1650889946057,ECE 109,A01,091882,Touri; Behrouz,32,0,70,38
1650889952085,ECE 180,A00,083140,Abi Samra; Nicholas Camill,20,0,30,10
1650889952085,ECE 180,B00,083141,Abi Samra; Nicholas Camill,0,0,30,30
1650889958109,MATH 10A,A01,083735,Patchell; Gregory David,2,0,30,28
1650889958109,MATH 10A,A02,083736,Patchell; Gregory David,27,0,30,3
1650889958109,MATH 10A,A03,083737,Patchell; Gregory David,23,0,30,7
1650889964153,MATH 10B,A01,083207,Staff,0,9,30,30
1650889964153,MATH 10B,A02,083208,Staff,0,6,30,30
1650889964153,MATH 10B,B01,083739,Staff,10,0,30,20
1650889964153,MATH 10B,B02,083740,Staff,28,0,30,2
1650889970182,MATH 18,A01,083743,Staff,0,0,30,30
1650889970182,MATH 18,A02,083744,Staff,24,0,30,6
1650889970182,MATH 18,A03,083745,Staff,21,0,30,9
1650889970182,MATH 18,A04,083746,Staff,26,0,30,4
1650889970182,MATH 18,B01,083748,Staff,0,15,30,30
1650889970182,MATH 18,B02,083749,Staff,0,13,30,30
1650889970182,MATH 18,B03,083750,Staff,0,13,30,30
1650889970182,MATH 18,B04,083751,Staff,0,13,30,30
1650889976211,MATH 20A,A01,083754,Staff,19,0,40,21
1650889982239,MATH 20B,A01,083756,Staff,0,14,30,30
1650889982239,MATH 20B,A02,083757,Staff,0,11,30,30
1650889988273,MATH 20C,A01,083760,Staff,0,17,30,30
1650889988273,MATH 20C,A02,083761,Staff,1,16,30,29
1650889988273,MATH 20C,B01,083762,Staff,9,0,30,21
1650889988273,MATH 20C,B02,083763,Staff,28,0,30,2
1650889994299,MATH 20D,A01,083765,Staff,2,1,30,28
1650889994299,MATH 20D,A02,083766,Staff,6,0,30,24
1650889994299,MATH 20D,A03,083767,Staff,23,0,30,7
1650890000331,MATH 20E,A01,083771,Staff,2,0,30,28
1650890000331,MATH 20E,A02,083772,Staff,13,0,30,17
1650890000331,MATH 20E,B01,083773,Staff,0,0,30,30
1650890000331,MATH 20E,B02,083774,Staff,4,0,30,26
1650890006357,MATH 103A,A01,083777,Staff,0,17,30,30
1650890006357,MATH 103A,A02,083778,Staff,0,15,30,30
1650890006357,MATH 103A,B01,083779,Staff,0,15,30,30
1650890006357,MATH 103A,B02,083780,Staff,0,14,30,30
1650890012384,MATH 105,A01,085443,Staff,0,23,30,30
1650890018409,MATH 109,A01,083213,Anzaldo; Leesa B,0,7,30,30
1650890018409,MATH 109,A02,083214,Anzaldo; Leesa B,0,7,30,30
1650890018409,MATH 109,B01,083215,Anzaldo; Leesa B,0,8,30,30
1650890018409,MATH 109,B02,083216,Anzaldo; Leesa B,0,7,30,30
1650890024450,MATH 142A,A01,083219,Chow; Bennett,0,14,30,30
1650890024450,MATH 142A,A02,083220,Chow; Bennett,0,15,30,30
1650890024450,MATH 142A,B01,083221,Chow; Bennett,0,16,30,30
1650890024450,MATH 142A,B02,083222,Chow; Bennett,0,14,30,30
1650890030473,MATH 193A,A01,083224,Staff,0,6,30,30
1650890030473,MATH 193A,A02,083225,Staff,0,7,30,30
1650890030473,MATH 193A,A03,083781,Staff,0,6,30,30
1650890030473,MATH 193A,A04,083782,Staff,0,7,30,30
1650890036508,MATH 197,001,091859,McAuley; Julian John,9998,0,9999,1
1650890042561,COGS 9,A01,083615,Staff,0,17,60,60
1650890048589,COGS 11,A01,083617,Boyle; Mary E. T.,15,0,40,25
1650890054613,COGS 13,A01,083071,Staff,0,38,40,40
1650890060637,COGS 14A,A01,092681,Staff,0,37,100,100
1650890066663,COGS 14B,A01,083073,Cheng; Tzu-Han,0,12,50,50
1650890072686,COGS 17,A01,092677,Staff,11,0,75,64
1650890078708,COGS 100,A01,083619,Staff,0,30,60,60
1650890084746,COGS 101A,A01,083621,Davis; Joshua Daniel,0,29,60,60
1650890090771,COGS 101B,A01,091572,Staff,0,3,60,60
1650890096811,COGS 101C,A01,083625,Delgado; Tania,14,0,30,16
1650890102841,COGS 107A,A01,083627,Boyle; Mary E. T.,0,16,60,60
1650890108866,COGS 118A,A01,083075,Staff,0,8,60,60
1650890114981,CSE 3,A50,083646,Miranda; Gregory Joseph,16,0,38,22
1650890114981,CSE 3,A51,083647,Miranda; Gregory Joseph,36,0,37,1
1650890121008,CSE 8A,A50,083650,Miranda; Gregory Joseph,0,29,40,40
1650890127036,CSE 11,A01,083080,Cao; Yingjun,0,97,40,40
1650890133058,CSE 12,A01,083652,Staff,0,21,100,100
1650890139086,CSE 15L,A01,083654,Staff,0,3,50,50
1650890139086,CSE 15L,A02,083655,Staff,0,3,50,50
1650890145111,CSE 20,A01,083657,Staff,48,0,80,32
1650890151135,CSE 30,A01,083084,Eldon; John,0,76,40,40
1650890157164,CSE 100,A01,083659,Cao; Yingjun,0,70,50,50
1650890163204,CSE 134B,A01,083661,Powell; Thomas Allan,0,38,65,65
1650890169227,CSE 140,A01,083663,Staff,0,12,75,75
1650890175252,CSE 140L,A01,083088,Eldon; John,0,20,75,75
1650890181276,CSE 175,A01,083665,Kumar; Rakesh,7,0,25,18
1650890187301,CSE 190,A00,092507,Dubnov; Shlomo,9,0,20,11
1650890193326,ECE 45,A01,083139,Staff,0,4,60,60
1650890199353,ECE 65,A50,083695,Staff,0,6,30,30
1650890205379,ECE 109,A01,091882,Touri; Behrouz,32,0,70,38
1650890211409,ECE 180,A00,083140,Abi Samra; Nicholas Camill,20,0,30,10
1650890211409,ECE 180,B00,083141,Abi Samra; Nicholas Camill,0,0,30,30
1650890217433,MATH 10A,A01,083735,Patchell; Gregory David,2,0,30,28
1650890217433,MATH 10A,A02,083736,Patchell; Gregory David,27,0,30,3
1650890217433,MATH 10A,A03,083737,Patchell; Gregory David,23,0,30,7
1650890223468,MATH 10B,A01,083207,Staff,0,9,30,30
1650890223468,MATH 10B,A02,083208,Staff,0,6,30,30
1650890223468,MATH 10B,B01,083739,Staff,10,0,30,20
1650890223468,MATH 10B,B02,083740,Staff,28,0,30,2
1650890229493,MATH 18,A01,083743,Staff,0,0,30,30
1650890229493,MATH 18,A02,083744,Staff,24,0,30,6
1650890229493,MATH 18,A03,083745,Staff,21,0,30,9
1650890229493,MATH 18,A04,083746,Staff,26,0,30,4
1650890229493,MATH 18,B01,083748,Staff,0,15,30,30
1650890229493,MATH 18,B02,083749,Staff,0,13,30,30
1650890229493,MATH 18,B03,083750,Staff,0,13,30,30
1650890229493,MATH 18,B04,083751,Staff,0,13,30,30
1650890235530,MATH 20A,A01,083754,Staff,19,0,40,21
1650890241555,MATH 20B,A01,083756,Staff,0,14,30,30
1650890241555,MATH 20B,A02,083757,Staff,0,11,30,30
1650890247581,MATH 20C,A01,083760,Staff,0,17,30,30
1650890247581,MATH 20C,A02,083761,Staff,1,16,30,29
1650890247581,MATH 20C,B01,083762,Staff,9,0,30,21
1650890247581,MATH 20C,B02,083763,Staff,28,0,30,2
1650890253606,MATH 20D,A01,083765,Staff,2,1,30,28
1650890253606,MATH 20D,A02,083766,Staff,6,0,30,24
1650890253606,MATH 20D,A03,083767,Staff,23,0,30,7
1650890259635,MATH 20E,A01,083771,Staff,2,0,30,28
1650890259635,MATH 20E,A02,083772,Staff,13,0,30,17
1650890259635,MATH 20E,B01,083773,Staff,0,0,30,30
1650890259635,MATH 20E,B02,083774,Staff,4,0,30,26
1650890265660,MATH 103A,A01,083777,Staff,0,17,30,30
1650890265660,MATH 103A,A02,083778,Staff,0,15,30,30
1650890265660,MATH 103A,B01,083779,Staff,0,15,30,30
1650890265660,MATH 103A,B02,083780,Staff,0,14,30,30
1650890271688,MATH 105,A01,085443,Staff,0,23,30,30
1650890277714,MATH 109,A01,083213,Anzaldo; Leesa B,0,7,30,30
1650890277714,MATH 109,A02,083214,Anzaldo; Leesa B,0,7,30,30
1650890277714,MATH 109,B01,083215,Anzaldo; Leesa B,0,8,30,30
1650890277714,MATH 109,B02,083216,Anzaldo; Leesa B,0,7,30,30
1650890283755,MATH 142A,A01,083219,Chow; Bennett,0,14,30,30
1650890283755,MATH 142A,A02,083220,Chow; Bennett,0,15,30,30
1650890283755,MATH 142A,B01,083221,Chow; Bennett,0,16,30,30
1650890283755,MATH 142A,B02,083222,Chow; Bennett,0,14,30,30
1650890289778,MATH 193A,A01,083224,Staff,0,6,30,30
1650890289778,MATH 193A,A02,083225,Staff,0,7,30,30
1650890289778,MATH 193A,A03,083781,Staff,0,6,30,30
1650890289778,MATH 193A,A04,083782,Staff,0,7,30,30
1650890295802,MATH 197,001,091859,McAuley; Julian John,9998,0,9999,1
1650890301858,COGS 9,A01,083615,Staff,0,17,60,60
1650890307883,COGS 11,A01,083617,Boyle; Mary E. T.,15,0,40,25
1650890313920,COGS 13,A01,083071,Staff,0,38,40,40
1650890319945,COGS 14A,A01,092681,Staff,0,37,100,100
1650890325968,COGS 14B,A01,083073,Cheng; Tzu-Han,0,12,50,50
1650890331993,COGS 17,A01,092677,Staff,11,0,75,64
1650890338018,COGS 100,A01,083619,Staff,0,30,60,60
1650890344049,COGS 101A,A01,083621,Davis; Joshua Daniel,0,29,60,60
1650890350081,COGS 101B,A01,091572,Staff,0,3,60,60
1650890356108,COGS 101C,A01,083625,Delgado; Tania,14,0,30,16
1650890362132,COGS 107A,A01,083627,Boyle; Mary E. T.,0,16,60,60
1650890368157,COGS 118A,A01,083075,Staff,0,8,60,60
1650890374182,CSE 3,A50,083646,Miranda; Gregory Joseph,16,0,38,22
1650890374182,CSE 3,A51,083647,Miranda; Gregory Joseph,36,0,37,1
1650890380206,CSE 8A,A50,083650,Miranda; Gregory Joseph,0,29,40,40
1650890386231,CSE 11,A01,083080,Cao; Yingjun,0,97,40,40
1650890392259,CSE 12,A01,083652,Staff,0,21,100,100
1650890398283,CSE 15L,A01,083654,Staff,0,3,50,50
1650890398283,CSE 15L,A02,083655,Staff,0,3,50,50
1650890404311,CSE 20,A01,083657,Staff,48,0,80,32
1650890410339,CSE 30,A01,083084,Eldon; John,0,76,40,40
1650890416364,CSE 100,A01,083659,Cao; Yingjun,0,70,50,50
1650890422390,CSE 134B,A01,083661,Powell; Thomas Allan,0,38,65,65
1650890428425,CSE 140,A01,083663,Staff,0,12,75,75
1650890434449,CSE 140L,A01,083088,Eldon; John,0,20,75,75
1650890440476,CSE 175,A01,083665,Kumar; Rakesh,7,0,25,18
1650890446504,CSE 190,A00,092507,Dubnov; Shlomo,9,0,20,11
1650890452533,ECE 45,A01,083139,Staff,0,4,60,60
1650890458560,ECE 65,A50,083695,Staff,0,6,30,30
1650890464589,ECE 109,A01,091882,Touri; Behrouz,32,0,70,38
1650890470616,ECE 180,A00,083140,Abi Samra; Nicholas Camill,20,0,30,10
1650890470616,ECE 180,B00,083141,Abi Samra; Nicholas Camill,0,0,30,30
1650890476643,MATH 10A,A01,083735,Patchell; Gregory David,2,0,30,28
1650890476643,MATH 10A,A02,083736,Patchell; Gregory David,27,0,30,3
1650890476643,MATH 10A,A03,083737,Patchell; Gregory David,23,0,30,7
1650890482701,MATH 10B,A01,083207,Staff,0,9,30,30
1650890482701,MATH 10B,A02,083208,Staff,0,6,30,30
1650890482701,MATH 10B,B01,083739,Staff,10,0,30,20
1650890482701,MATH 10B,B02,083740,Staff,28,0,30,2
1650890488727,MATH 18,A01,083743,Staff,0,0,30,30
1650890488727,MATH 18,A02,083744,Staff,24,0,30,6
1650890488727,MATH 18,A03,083745,Staff,21,0,30,9
1650890488727,MATH 18,A04,083746,Staff,26,0,30,4
1650890488727,MATH 18,B01,083748,Staff,0,15,30,30
1650890488727,MATH 18,B02,083749,Staff,0,13,30,30
1650890488727,MATH 18,B03,083750,Staff,0,13,30,30
1650890488727,MATH 18,B04,083751,Staff,0,13,30,30
1650890494762,MATH 20A,A01,083754,Staff,19,0,40,21
1650890500789,MATH 20B,A01,083756,Staff,0,14,30,30
1650890500789,MATH 20B,A02,083757,Staff,0,11,30,30
1650890506814,MATH 20C,A01,083760,Staff,0,17,30,30
1650890506814,MATH 20C,A02,083761,Staff,1,16,30,29
1650890506814,MATH 20C,B01,083762,Staff,9,0,30,21
1650890506814,MATH 20C,B02,083763,Staff,28,0,30,2
1650890512840,MATH 20D,A01,083765,Staff,2,1,30,28
1650890512840,MATH 20D,A02,083766,Staff,6,0,30,24
1650890512840,MATH 20D,A03,083767,Staff,23,0,30,7
1650890518865,MATH 20E,A01,083771,Staff,2,0,30,28
1650890518865,MATH 20E,A02,083772,Staff,13,0,30,17
1650890518865,MATH 20E,B01,083773,Staff,0,0,30,30
1650890518865,MATH 20E,B02,083774,Staff,4,0,30,26
1650890524893,MATH 103A,A01,083777,Staff,0,17,30,30
1650890524893,MATH 103A,A02,083778,Staff,0,15,30,30
1650890524893,MATH 103A,B01,083779,Staff,0,15,30,30
1650890524893,MATH 103A,B02,083780,Staff,0,14,30,30
1650890530926,MATH 105,A01,085443,Staff,0,23,30,30
1650890536972,MATH 109,A01,083213,Anzaldo; Leesa B,0,7,30,30
1650890536972,MATH 109,A02,083214,Anzaldo; Leesa B,0,7,30,30
1650890536972,MATH 109,B01,083215,Anzaldo; Leesa B,0,8,30,30
1650890536972,MATH 109,B02,083216,Anzaldo; Leesa B,0,7,30,30
1650890542998,MATH 142A,A01,083219,Chow; Bennett,0,14,30,30
1650890542998,MATH 142A,A02,083220,Chow; Bennett,0,15,30,30
1650890542998,MATH 142A,B01,083221,Chow; Bennett,0,16,30,30
1650890542998,MATH 142A,B02,083222,Chow; Bennett,0,14,30,30
1650890549036,MATH 193A,A01,083224,Staff,0,6,30,30
1650890549036,MATH 193A,A02,083225,Staff,0,7,30,30
1650890549036,MATH 193A,A03,083781,Staff,0,6,30,30
1650890549036,MATH 193A,A04,083782,Staff,0,7,30,30
1650890555061,MATH 197,001,091859,McAuley; Julian John,9998,0,9999,1
1650890561110,COGS 9,A01,083615,Staff,0,17,60,60
1650890567135,COGS 11,A01,083617,Boyle; Mary E. T.,15,0,40,25
1650890573162,COGS 13,A01,083071,Staff,0,38,40,40
1650890579198,COGS 14A,A01,092681,Staff,0,37,100,100
1650890585229,COGS 14B,A01,083073,Cheng; Tzu-Han,0,12,50,50
1650890591254,COGS 17,A01,092677,Staff,11,0,75,64
1650890597287,COGS 100,A01,083619,Staff,0,30,60,60
1650890603324,COGS 101A,A01,083621,Davis; Joshua Daniel,0,29,60,60
1650890609351,COGS 101B,A01,091572,Staff,0,3,60,60
1650890615376,COGS 101C,A01,083625,Delgado; Tania,14,0,30,16
1650890621401,COGS 107A,A01,083627,Boyle; Mary E. T.,0,16,60,60
1650890627428,COGS 118A,A01,083075,Staff,0,8,60,60
1650890633451,CSE 3,A50,083646,Miranda; Gregory Joseph,16,0,38,22
1650890633451,CSE 3,A51,083647,Miranda; Gregory Joseph,36,0,37,1
1650890639478,CSE 8A,A50,083650,Miranda; Gregory Joseph,0,29,40,40
1650890645502,CSE 11,A01,083080,Cao; Yingjun,0,97,40,40
1650890651529,CSE 12,A01,083652,Staff,0,21,100,100
1650890657557,CSE 15L,A01,083654,Staff,0,3,50,50
1650890657557,CSE 15L,A02,083655,Staff,0,3,50,50
1650890663581,CSE 20,A01,083657,Staff,48,0,80,32
1650890669606,CSE 30,A01,083084,Eldon; John,0,76,40,40
1650890675631,CSE 100,A01,083659,Cao; Yingjun,0,70,50,50
1650890681655,CSE 134B,A01,083661,Powell; Thomas Allan,0,38,65,65
1650890687683,CSE 140,A01,083663,Staff,0,12,75,75
1650890693711,CSE 140L,A01,083088,Eldon; John,0,20,75,75
1650890699735,CSE 175,A01,083665,Kumar; Rakesh,7,0,25,18
1650890705758,CSE 190,A00,092507,Dubnov; Shlomo,9,0,20,11
1650890711859,ECE 45,A01,083139,Staff,0,4,60,60
1650890717885,ECE 65,A50,083695,Staff,0,6,30,30
1650890723910,ECE 109,A01,091882,Touri; Behrouz,32,0,70,38
1650890729938,ECE 180,A00,083140,Abi Samra; Nicholas Camill,20,0,30,10
1650890729938,ECE 180,B00,083141,Abi Samra; Nicholas Camill,0,0,30,30
1650890735966,MATH 10A,A01,083735,Patchell; Gregory David,2,0,30,28
1650890735966,MATH 10A,A02,083736,Patchell; Gregory David,27,0,30,3
1650890735966,MATH 10A,A03,083737,Patchell; Gregory David,23,0,30,7
1650890741992,MATH 10B,A01,083207,Staff,0,9,30,30
1650890741992,MATH 10B,A02,083208,Staff,0,6,30,30
1650890741992,MATH 10B,B01,083739,Staff,10,0,30,20
1650890741992,MATH 10B,B02,083740,Staff,28,0,30,2
1650890748023,MATH 18,A01,083743,Staff,0,0,30,30
1650890748023,MATH 18,A02,083744,Staff,24,0,30,6
1650890748023,MATH 18,A03,083745,Staff,21,0,30,9
1650890748023,MATH 18,A04,083746,Staff,26,0,30,4
1650890748023,MATH 18,B01,083748,Staff,0,15,30,30
1650890748023,MATH 18,B02,083749,Staff,0,13,30,30
1650890748023,MATH 18,B03,083750,Staff,0,13,30,30
1650890748023,MATH 18,B04,083751,Staff,0,13,30,30
1650890754048,MATH 20A,A01,083754,Staff,19,0,40,21
1650890760072,MATH 20B,A01,083756,Staff,0,14,30,30
1650890760072,MATH 20B,A02,083757,Staff,0,11,30,30
1650890766098,MATH 20C,A01,083760,Staff,0,17,30,30
1650890766098,MATH 20C,A02,083761,Staff,1,16,30,29
1650890766098,MATH 20C,B01,083762,Staff,9,0,30,21
1650890766098,MATH 20C,B02,083763,Staff,28,0,30,2
1650890772137,MATH 20D,A01,083765,Staff,2,1,30,28
1650890772137,MATH 20D,A02,083766,Staff,6,0,30,24
1650890772137,MATH 20D,A03,083767,Staff,23,0,30,7
1650890778172,MATH 20E,A01,083771,Staff,2,0,30,28
1650890778172,MATH 20E,A02,083772,Staff,13,0,30,17
1650890778172,MATH 20E,B01,083773,Staff,0,0,30,30
1650890778172,MATH 20E,B02,083774,Staff,4,0,30,26
1650890784198,MATH 103A,A01,083777,Staff,0,17,30,30
1650890784198,MATH 103A,A02,083778,Staff,0,15,30,30
1650890784198,MATH 103A,B01,083779,Staff,0,15,30,30
1650890784198,MATH 103A,B02,083780,Staff,0,14,30,30
1650890790225,MATH 105,A01,085443,Staff,0,23,30,30
1650890796250,MATH 109,A01,083213,Anzaldo; Leesa B,0,7,30,30
1650890796250,MATH 109,A02,083214,Anzaldo; Leesa B,0,7,30,30
1650890796250,MATH 109,B01,083215,Anzaldo; Leesa B,0,8,30,30
1650890796250,MATH 109,B02,083216,Anzaldo; Leesa B,0,7,30,30
1650890802275,MATH 142A,A01,083219,Chow; Bennett,0,14,30,30
1650890802275,MATH 142A,A02,083220,Chow; Bennett,0,15,30,30
1650890802275,MATH 142A,B01,083221,Chow; Bennett,0,16,30,30
1650890802275,MATH 142A,B02,083222,Chow; Bennett,0,14,30,30
1650890808302,MATH 193A,A01,083224,Staff,0,6,30,30
1650890808302,MATH 193A,A02,083225,Staff,0,7,30,30
1650890808302,MATH 193A,A03,083781,Staff,0,6,30,30
1650890808302,MATH 193A,A04,083782,Staff,0,7,30,30
1650890814338,MATH 197,001,091859,McAuley; Julian John,9998,0,9999,1
1650890820399,COGS 9,A01,083615,Staff,0,17,60,60
1650890826425,COGS 11,A01,083617,Boyle; Mary E. T.,15,0,40,25
1650890832452,COGS 13,A01,083071,Staff,0,38,40,40
1650890838479,COGS 14A,A01,092681,Staff,0,37,100,100
1650890844508,COGS 14B,A01,083073,Cheng; Tzu-Han,0,12,50,50
1650890850537,COGS 17,A01,092677,Staff,11,0,75,64
1650890856563,COGS 100,A01,083619,Staff,0,30,60,60
1650890862597,COGS 101A,A01,083621,Davis; Joshua Daniel,0,29,60,60
1650890868619,COGS 101B,A01,091572,Staff,0,3,60,60
1650890874645,COGS 101C,A01,083625,Delgado; Tania,14,0,30,16
1650890880667,COGS 107A,A01,083627,Boyle; Mary E. T.,0,16,60,60
1650890886696,COGS 118A,A01,083075,Staff,0,8,60,60
1650890892726,CSE 3,A50,083646,Miranda; Gregory Joseph,16,0,38,22
1650890892726,CSE 3,A51,083647,Miranda; Gregory Joseph,36,0,37,1
1650890898752,CSE 8A,A50,083650,Miranda; Gregory Joseph,0,29,40,40
1650890904778,CSE 11,A01,083080,Cao; Yingjun,0,97,40,40
1650890910803,CSE 12,A01,083652,Staff,0,21,100,100
1650890916829,CSE 15L,A01,083654,Staff,0,3,50,50
1650890916829,CSE 15L,A02,083655,Staff,0,3,50,50
1650890922851,CSE 20,A01,083657,Staff,48,0,80,32
1650890928880,CSE 30,A01,083084,Eldon; John,0,76,40,40
1650890934907,CSE 100,A01,083659,Cao; Yingjun,0,70,50,50
1650890940936,CSE 134B,A01,083661,Powell; Thomas Allan,0,38,65,65
1650890946972,CSE 140,A01,083663,Staff,0,12,75,75
1650890953001,CSE 140L,A01,083088,Eldon; John,0,20,75,75
1650890959036,CSE 175,A01,083665,Kumar; Rakesh,7,0,25,18
1650890965067,CSE 190,A00,092507,Dubnov; Shlomo,9,0,20,11
1650890971091,ECE 45,A01,083139,Staff,0,4,60,60
1650890977119,ECE 65,A50,083695,Staff,0,6,30,30
1650890983147,ECE 109,A01,091882,Touri; Behrouz,32,0,70,38
1650890989172,ECE 180,A00,083140,Abi Samra; Nicholas Camill,20,0,30,10
1650890989172,ECE 180,B00,083141,Abi Samra; Nicholas Camill,0,0,30,30
1650890995198,MATH 10A,A01,083735,Patchell; Gregory David,2,0,30,28
1650890995198,MATH 10A,A02,083736,Patchell; Gregory David,27,0,30,3
1650890995198,MATH 10A,A03,083737,Patchell; Gregory David,23,0,30,7
1650891001234,MATH 10B,A01,083207,Staff,0,9,30,30
1650891001234,MATH 10B,A02,083208,Staff,0,6,30,30
1650891001234,MATH 10B,B01,083739,Staff,10,0,30,20
1650891001234,MATH 10B,B02,083740,Staff,28,0,30,2
1650891007266,MATH 18,A01,083743,Staff,0,0,30,30
1650891007266,MATH 18,A02,083744,Staff,24,0,30,6
1650891007266,MATH 18,A03,083745,Staff,21,0,30,9
1650891007266,MATH 18,A04,083746,Staff,26,0,30,4
1650891007266,MATH 18,B01,083748,Staff,0,15,30,30
1650891007266,MATH 18,B02,083749,Staff,0,13,30,30
1650891007266,MATH 18,B03,083750,Staff,0,13,30,30
1650891007266,MATH 18,B04,083751,Staff,0,13,30,30
1650891013294,MATH 20A,A01,083754,Staff,19,0,40,21
1650891019320,MATH 20B,A01,083756,Staff,0,14,30,30
1650891019320,MATH 20B,A02,083757,Staff,0,11,30,30
1650891025361,MATH 20C,A01,083760,Staff,0,17,30,30
1650891025361,MATH 20C,A02,083761,Staff,1,16,30,29
1650891025361,MATH 20C,B01,083762,Staff,9,0,30,21
1650891025361,MATH 20C,B02,083763,Staff,28,0,30,2
1650891031389,MATH 20D,A01,083765,Staff,2,1,30,28
1650891031389,MATH 20D,A02,083766,Staff,6,0,30,24
1650891031389,MATH 20D,A03,083767,Staff,23,0,30,7
1650891037430,MATH 20E,A01,083771,Staff,2,0,30,28
1650891037430,MATH 20E,A02,083772,Staff,13,0,30,17
1650891037430,MATH 20E,B01,083773,Staff,0,0,30,30
1650891037430,MATH 20E,B02,083774,Staff,4,0,30,26
1650891043457,MATH 103A,A01,083777,Staff,0,17,30,30
1650891043457,MATH 103A,A02,083778,Staff,0,15,30,30
1650891043457,MATH 103A,B01,083779,Staff,0,15,30,30
1650891043457,MATH 103A,B02,083780,Staff,0,14,30,30
1650891049494,MATH 105,A01,085443,Staff,0,23,30,30
1650891055522,MATH 109,A01,083213,Anzaldo; Leesa B,0,7,30,30
1650891055522,MATH 109,A02,083214,Anzaldo; Leesa B,0,7,30,30
1650891055522,MATH 109,B01,083215,Anzaldo; Leesa B,0,8,30,30
1650891055522,MATH 109,B02,083216,Anzaldo; Leesa B,0,7,30,30
1650891061548,MATH 142A,A01,083219,Chow; Bennett,0,14,30,30
1650891061548,MATH 142A,A02,083220,Chow; Bennett,0,15,30,30
1650891061548,MATH 142A,B01,083221,Chow; Bennett,0,16,30,30
1650891061548,MATH 142A,B02,083222,Chow; Bennett,0,14,30,30
1650891067574,MATH 193A,A01,083224,Staff,0,6,30,30
1650891067574,MATH 193A,A02,083225,Staff,0,7,30,30
1650891067574,MATH 193A,A03,083781,Staff,0,6,30,30
1650891067574,MATH 193A,A04,083782,Staff,0,7,30,30
1650891073599,MATH 197,001,091859,McAuley; Julian John,9998,0,9999,1
1650891079660,COGS 9,A01,083615,Staff,0,17,60,60
1650891085688,COGS 11,A01,083617,Boyle; Mary E. T.,15,0,40,25
1650891091712,COGS 13,A01,083071,Staff,0,38,40,40
1650891097738,COGS 14A,A01,092681,Staff,0,37,100,100
1650891103769,COGS 14B,A01,083073,Cheng; Tzu-Han,0,12,50,50
1650891109807,COGS 17,A01,092677,Staff,11,0,75,64
1650891115832,COGS 100,A01,083619,Staff,0,30,60,60
1650891121859,COGS 101A,A01,083621,Davis; Joshua Daniel,0,29,60,60
1650891127884,COGS 101B,A01,091572,Staff,0,3,60,60
1650891133914,COGS 101C,A01,083625,Delgado; Tania,14,0,30,16
1650891139944,COGS 107A,A01,083627,Boyle; Mary E. T.,0,16,60,60
1650891145973,COGS 118A,A01,083075,Staff,0,8,60,60
1650891152002,CSE 3,A50,083646,Miranda; Gregory Joseph,16,0,38,22
1650891152002,CSE 3,A51,083647,Miranda; Gregory Joseph,36,0,37,1
1650891158030,CSE 8A,A50,083650,Miranda; Gregory Joseph,0,29,40,40
1650891164055,CSE 11,A01,083080,Cao; Yingjun,0,97,40,40
1650891170079,CSE 12,A01,083652,Staff,0,21,100,100
1650891176104,CSE 15L,A01,083654,Staff,0,3,50,50
1650891176104,CSE 15L,A02,083655,Staff,0,3,50,50
1650891182131,CSE 20,A01,083657,Staff,48,0,80,32
1650891188157,CSE 30,A01,083084,Eldon; John,0,76,40,40
1650891194187,CSE 100,A01,083659,Cao; Yingjun,0,70,50,50
1650891200218,CSE 134B,A01,083661,Powell; Thomas Allan,0,38,65,65
1650891206246,CSE 140,A01,083663,Staff,0,12,75,75
1650891212272,CSE 140L,A01,083088,Eldon; John,0,20,75,75
1650891218297,CSE 175,A01,083665,Kumar; Rakesh,7,0,25,18
1650891224324,CSE 190,A00,092507,Dubnov; Shlomo,9,0,20,11
1650891230352,ECE 45,A01,083139,Staff,0,4,60,60
1650891236377,ECE 65,A50,083695,Staff,0,6,30,30
1650891242407,ECE 109,A01,091882,Touri; Behrouz,32,0,70,38
1650891248433,ECE 180,A00,083140,Abi Samra; Nicholas Camill,20,0,30,10
1650891248433,ECE 180,B00,083141,Abi Samra; Nicholas Camill,0,0,30,30
1650891254459,MATH 10A,A01,083735,Patchell; Gregory David,2,0,30,28
1650891254459,MATH 10A,A02,083736,Patchell; Gregory David,27,0,30,3
1650891254459,MATH 10A,A03,083737,Patchell; Gregory David,23,0,30,7
1650891260489,MATH 10B,A01,083207,Staff,0,9,30,30
1650891260489,MATH 10B,A02,083208,Staff,0,6,30,30
1650891260489,MATH 10B,B01,083739,Staff,10,0,30,20
1650891260489,MATH 10B,B02,083740,Staff,28,0,30,2
1650891266524,MATH 18,A01,083743,Staff,0,0,30,30
1650891266524,MATH 18,A02,083744,Staff,24,0,30,6
1650891266524,MATH 18,A03,083745,Staff,21,0,30,9
1650891266524,MATH 18,A04,083746,Staff,26,0,30,4
1650891266524,MATH 18,B01,083748,Staff,0,15,30,30
1650891266524,MATH 18,B02,083749,Staff,0,13,30,30
1650891266524,MATH 18,B03,083750,Staff,0,13,30,30
1650891266524,MATH 18,B04,083751,Staff,0,13,30,30
1650891272551,MATH 20A,A01,083754,Staff,19,0,40,21
1650891278581,MATH 20B,A01,083756,Staff,0,14,30,30
1650891278581,MATH 20B,A02,083757,Staff,0,11,30,30
1650891284609,MATH 20C,A01,083760,Staff,0,17,30,30
1650891284609,MATH 20C,A02,083761,Staff,1,16,30,29
1650891284609,MATH 20C,B01,083762,Staff,9,0,30,21
1650891284609,MATH 20C,B02,083763,Staff,28,0,30,2
1650891290633,MATH 20D,A01,083765,Staff,2,1,30,28
1650891290633,MATH 20D,A02,083766,Staff,6,0,30,24
1650891290633,MATH 20D,A03,083767,Staff,23,0,30,7
1650891296657,MATH 20E,A01,083771,Staff,2,0,30,28
1650891296657,MATH 20E,A02,083772,Staff,13,0,30,17
1650891296657,MATH 20E,B01,083773,Staff,0,0,30,30
1650891296657,MATH 20E,B02,083774,Staff,4,0,30,26
1650891302684,MATH 103A,A01,083777,Staff,0,17,30,30
1650891302684,MATH 103A,A02,083778,Staff,0,15,30,30
1650891302684,MATH 103A,B01,083779,Staff,0,15,30,30
1650891302684,MATH 103A,B02,083780,Staff,0,14,30,30
1650891308808,MATH 105,A01,085443,Staff,0,23,30,30
1650891314833,MATH 109,A01,083213,Anzaldo; Leesa B,0,7,30,30
1650891314833,MATH 109,A02,083214,Anzaldo; Leesa B,0,7,30,30
1650891314833,MATH 109,B01,083215,Anzaldo; Leesa B,0,8,30,30
1650891314833,MATH 109,B02,083216,Anzaldo; Leesa B,0,7,30,30
1650891320860,MATH 142A,A01,083219,Chow; Bennett,0,14,30,30
1650891320860,MATH 142A,A02,083220,Chow; Bennett,0,15,30,30
1650891320860,MATH 142A,B01,083221,Chow; Bennett,0,16,30,30
1650891320860,MATH 142A,B02,083222,Chow; Bennett,0,14,30,30
1650891326887,MATH 193A,A01,083224,Staff,0,6,30,30
1650891326887,MATH 193A,A02,083225,Staff,0,7,30,30
1650891326887,MATH 193A,A03,083781,Staff,0,6,30,30
1650891326887,MATH 193A,A04,083782,Staff,0,7,30,30
1650891332913,MATH 197,001,091859,McAuley; Julian John,9998,0,9999,1
1650891338976,COGS 9,A01,083615,Staff,0,17,60,60
1650891345004,COGS 11,A01,083617,Boyle; Mary E. T.,15,0,40,25
1650891351032,COGS 13,A01,083071,Staff,0,38,40,40
1650891357058,COGS 14A,A01,092681,Staff,0,37,100,100
1650891363098,COGS 14B,A01,083073,Cheng; Tzu-Han,0,12,50,50
1650891369125,COGS 17,A01,092677,Staff,11,0,75,64
1650891375154,COGS 100,A01,083619,Staff,0,30,60,60
1650891381185,COGS 101A,A01,083621,Davis; Joshua Daniel,0,29,60,60
1650891387211,COGS 101B,A01,091572,Staff,0,3,60,60
1650891393236,COGS 101C,A01,083625,Delgado; Tania,14,0,30,16
1650891399263,COGS 107A,A01,083627,Boyle; Mary E. T.,0,16,60,60
1650891405289,COGS 118A,A01,083075,Staff,0,8,60,60
1650891411315,CSE 3,A50,083646,Miranda; Gregory Joseph,16,0,38,22
1650891411315,CSE 3,A51,083647,Miranda; Gregory Joseph,36,0,37,1
1650891417342,CSE 8A,A50,083650,Miranda; Gregory Joseph,0,29,40,40
1650891423365,CSE 11,A01,083080,Cao; Yingjun,0,97,40,40
1650891429401,CSE 12,A01,083652,Staff,0,21,100,100
1650891435423,CSE 15L,A01,083654,Staff,0,3,50,50
1650891435423,CSE 15L,A02,083655,Staff,0,3,50,50
1650891441452,CSE 20,A01,083657,Staff,48,0,80,32
1650891447478,CSE 30,A01,083084,Eldon; John,0,76,40,40
1650891453507,CSE 100,A01,083659,Cao; Yingjun,0,70,50,50
1650891459536,CSE 134B,A01,083661,Powell; Thomas Allan,0,38,65,65
1650891465563,CSE 140,A01,083663,Staff,0,12,75,75
1650891471588,CSE 140L,A01,083088,Eldon; John,0,20,75,75
1650891477621,CSE 175,A01,083665,Kumar; Rakesh,7,0,25,18
1650891483647,CSE 190,A00,092507,Dubnov; Shlomo,9,0,20,11
1650891489677,ECE 45,A01,083139,Staff,0,4,60,60
1650891495704,ECE 65,A50,083695,Staff,0,6,30,30
1650891501733,ECE 109,A01,091882,Touri; Behrouz,32,0,70,38
1650891507758,ECE 180,A00,083140,Abi Samra; Nicholas Camill,20,0,30,10
1650891507758,ECE 180,B00,083141,Abi Samra; Nicholas Camill,0,0,30,30
1650891513786,MATH 10A,A01,083735,Patchell; Gregory David,2,0,30,28
1650891513786,MATH 10A,A02,083736,Patchell; Gregory David,27,0,30,3
1650891513786,MATH 10A,A03,083737,Patchell; Gregory David,23,0,30,7
1650891519825,MATH 10B,A01,083207,Staff,0,9,30,30
1650891519825,MATH 10B,A02,083208,Staff,0,6,30,30
1650891519825,MATH 10B,B01,083739,Staff,10,0,30,20
1650891519825,MATH 10B,B02,083740,Staff,28,0,30,2
1650891525852,MATH 18,A01,083743,Staff,0,0,30,30
1650891525852,MATH 18,A02,083744,Staff,24,0,30,6
1650891525852,MATH 18,A03,083745,Staff,21,0,30,9
1650891525852,MATH 18,A04,083746,Staff,26,0,30,4
1650891525852,MATH 18,B01,083748,Staff,0,15,30,30
1650891525852,MATH 18,B02,083749,Staff,0,13,30,30
1650891525852,MATH 18,B03,083750,Staff,0,13,30,30
1650891525852,MATH 18,B04,083751,Staff,0,13,30,30
1650891531881,MATH 20A,A01,083754,Staff,19,0,40,21
1650891537907,MATH 20B,A01,083756,Staff,0,14,30,30
1650891537907,MATH 20B,A02,083757,Staff,0,11,30,30
1650891543933,MATH 20C,A01,083760,Staff,0,17,30,30
1650891543933,MATH 20C,A02,083761,Staff,1,16,30,29
1650891543933,MATH 20C,B01,083762,Staff,9,0,30,21
1650891543933,MATH 20C,B02,083763,Staff,28,0,30,2
1650891549958,MATH 20D,A01,083765,Staff,2,1,30,28
1650891549958,MATH 20D,A02,083766,Staff,6,0,30,24
1650891549958,MATH 20D,A03,083767,Staff,23,0,30,7
1650891555989,MATH 20E,A01,083771,Staff,2,0,30,28
1650891555989,MATH 20E,A02,083772,Staff,13,0,30,17
1650891555989,MATH 20E,B01,083773,Staff,0,0,30,30
1650891555989,MATH 20E,B02,083774,Staff,4,0,30,26
1650891562015,MATH 103A,A01,083777,Staff,0,17,30,30
1650891562015,MATH 103A,A02,083778,Staff,0,15,30,30
1650891562015,MATH 103A,B01,083779,Staff,0,15,30,30
1650891562015,MATH 103A,B02,083780,Staff,0,14,30,30
1650891568042,MATH 105,A01,085443,Staff,0,23,30,30
1650891574070,MATH 109,A01,083213,Anzaldo; Leesa B,0,7,30,30
1650891574070,MATH 109,A02,083214,Anzaldo; Leesa B,0,7,30,30
1650891574070,MATH 109,B01,083215,Anzaldo; Leesa B,0,8,30,30
1650891574070,MATH 109,B02,083216,Anzaldo; Leesa B,0,7,30,30
1650891580100,MATH 142A,A01,083219,Chow; Bennett,0,14,30,30
1650891580100,MATH 142A,A02,083220,Chow; Bennett,0,15,30,30
1650891580100,MATH 142A,B01,083221,Chow; Bennett,0,16,30,30
1650891580100,MATH 142A,B02,083222,Chow; Bennett,0,14,30,30
1650891586127,MATH 193A,A01,083224,Staff,0,6,30,30
1650891586127,MATH 193A,A02,083225,Staff,0,7,30,30
1650891586127,MATH 193A,A03,083781,Staff,0,6,30,30
1650891586127,MATH 193A,A04,083782,Staff,0,7,30,30
1650891592154,MATH 197,001,091859,McAuley; Julian John,9998,0,9999,1
1650891598225,COGS 9,A01,083615,Staff,0,17,60,60
1650891604251,COGS 11,A01,083617,Boyle; Mary E. T.,15,0,40,25
1650891610288,COGS 13,A01,083071,Staff,0,38,40,40
1650891616313,COGS 14A,A01,092681,Staff,0,37,100,100
1650891622351,COGS 14B,A01,083073,Cheng; Tzu-Han,0,12,50,50
1650891628379,COGS 17,A01,092677,Staff,11,0,75,64
1650891634406,COGS 100,A01,083619,Staff,0,30,60,60
1650891640434,COGS 101A,A01,083621,Davis; Joshua Daniel,0,29,60,60
1650891646461,COGS 101B,A01,091572,Staff,0,3,60,60
1650891652496,COGS 101C,A01,083625,Delgado; Tania,14,0,30,16
1650891658526,COGS 107A,A01,083627,Boyle; Mary E. T.,0,16,60,60
1650891664564,COGS 118A,A01,083075,Staff,0,8,60,60
1650891670600,CSE 3,A50,083646,Miranda; Gregory Joseph,16,0,38,22
1650891670600,CSE 3,A51,083647,Miranda; Gregory Joseph,36,0,37,1
1650891676627,CSE 8A,A50,083650,Miranda; Gregory Joseph,0,29,40,40
1650891682658,CSE 11,A01,083080,Cao; Yingjun,0,97,40,40
1650891688685,CSE 12,A01,083652,Staff,0,21,100,100
1650891694727,CSE 15L,A01,083654,Staff,0,3,50,50
1650891694727,CSE 15L,A02,083655,Staff,0,3,50,50
1650891700762,CSE 20,A01,083657,Staff,48,0,80,32
1650891706793,CSE 30,A01,083084,Eldon; John,0,76,40,40
1650891712820,CSE 100,A01,083659,Cao; Yingjun,0,70,50,50
1650891718846,CSE 134B,A01,083661,Powell; Thomas Allan,0,38,65,65
1650891724871,CSE 140,A01,083663,Staff,0,12,75,75
1650891730897,CSE 140L,A01,083088,Eldon; John,0,20,75,75
1650891736925,CSE 175,A01,083665,Kumar; Rakesh,7,0,25,18
1650891742952,CSE 190,A00,092507,Dubnov; Shlomo,9,0,20,11
1650891748983,ECE 45,A01,083139,Staff,0,4,60,60
1650891755009,ECE 65,A50,083695,Staff,0,6,30,30
1650891761037,ECE 109,A01,091882,Touri; Behrouz,32,0,70,38
1650891767066,ECE 180,A00,083140,Abi Samra; Nicholas Camill,20,0,30,10
1650891767066,ECE 180,B00,083141,Abi Samra; Nicholas Camill,0,0,30,30
1650891773094,MATH 10A,A01,083735,Patchell; Gregory David,2,0,30,28
1650891773094,MATH 10A,A02,083736,Patchell; Gregory David,27,0,30,3
1650891773094,MATH 10A,A03,083737,Patchell; Gregory David,23,0,30,7
1650891779121,MATH 10B,A01,083207,Staff,0,9,30,30
1650891779121,MATH 10B,A02,083208,Staff,0,6,30,30
1650891779121,MATH 10B,B01,083739,Staff,10,0,30,20
1650891779121,MATH 10B,B02,083740,Staff,28,0,30,2
1650891785150,MATH 18,A01,083743,Staff,0,0,30,30
1650891785150,MATH 18,A02,083744,Staff,24,0,30,6
1650891785150,MATH 18,A03,083745,Staff,21,0,30,9
1650891785150,MATH 18,A04,083746,Staff,26,0,30,4
1650891785150,MATH 18,B01,083748,Staff,0,15,30,30
1650891785150,MATH 18,B02,083749,Staff,0,13,30,30
1650891785150,MATH 18,B03,083750,Staff,0,13,30,30
1650891785150,MATH 18,B04,083751,Staff,0,13,30,30
1650891791177,MATH 20A,A01,083754,Staff,19,0,40,21
1650891797203,MATH 20B,A01,083756,Staff,0,14,30,30
1650891797203,MATH 20B,A02,083757,Staff,0,11,30,30
1650891803234,MATH 20C,A01,083760,Staff,0,17,30,30
1650891803234,MATH 20C,A02,083761,Staff,1,16,30,29
1650891803234,MATH 20C,B01,083762,Staff,9,0,30,21
1650891803234,MATH 20C,B02,083763,Staff,28,0,30,2
1650891809258,MATH 20D,A01,083765,Staff,2,1,30,28
1650891809258,MATH 20D,A02,083766,Staff,6,0,30,24
1650891809258,MATH 20D,A03,083767,Staff,23,0,30,7
1650891815286,MATH 20E,A01,083771,Staff,2,0,30,28
1650891815286,MATH 20E,A02,083772,Staff,13,0,30,17
1650891815286,MATH 20E,B01,083773,Staff,0,0,30,30
1650891815286,MATH 20E,B02,083774,Staff,4,0,30,26
1650891821312,MATH 103A,A01,083777,Staff,0,17,30,30
1650891821312,MATH 103A,A02,083778,Staff,0,15,30,30
1650891821312,MATH 103A,B01,083779,Staff,0,15,30,30
1650891821312,MATH 103A,B02,083780,Staff,0,14,30,30
1650891827337,MATH 105,A01,085443,Staff,0,23,30,30
1650891833364,MATH 109,A01,083213,Anzaldo; Leesa B,0,7,30,30
1650891833364,MATH 109,A02,083214,Anzaldo; Leesa B,0,7,30,30
1650891833364,MATH 109,B01,083215,Anzaldo; Leesa B,0,8,30,30
1650891833364,MATH 109,B02,083216,Anzaldo; Leesa B,0,7,30,30
1650891839389,MATH 142A,A01,083219,Chow; Bennett,0,14,30,30
1650891839389,MATH 142A,A02,083220,Chow; Bennett,0,15,30,30
1650891839389,MATH 142A,B01,083221,Chow; Bennett,0,16,30,30
1650891839389,MATH 142A,B02,083222,Chow; Bennett,0,14,30,30
1650891845415,MATH 193A,A01,083224,Staff,0,6,30,30
1650891845415,MATH 193A,A02,083225,Staff,0,7,30,30
1650891845415,MATH 193A,A03,083781,Staff,0,6,30,30
1650891845415,MATH 193A,A04,083782,Staff,0,7,30,30
1650891851443,MATH 197,001,091859,McAuley; Julian John,9998,0,9999,1
1650891857520,COGS 9,A01,083615,Staff,0,17,60,60
1650891863547,COGS 11,A01,083617,Boyle; Mary E. T.,15,0,40,25
1650891869573,COGS 13,A01,083071,Staff,0,38,40,40
1650891875599,COGS 14A,A01,092681,Staff,0,37,100,100
1650891881624,COGS 14B,A01,083073,Cheng; Tzu-Han,0,12,50,50
1650891887649,COGS 17,A01,092677,Staff,11,0,75,64
1650891893678,COGS 100,A01,083619,Staff,0,30,60,60
1650891899777,COGS 101A,A01,083621,Davis; Joshua Daniel,0,29,60,60
1650891905801,COGS 101B,A01,091572,Staff,0,3,60,60
1650891911841,COGS 101C,A01,083625,Delgado; Tania,14,0,30,16
1650891917866,COGS 107A,A01,083627,Boyle; Mary E. T.,0,16,60,60
1650891923889,COGS 118A,A01,083075,Staff,0,8,60,60
1650891929918,CSE 3,A50,083646,Miranda; Gregory Joseph,16,0,38,22
1650891929918,CSE 3,A51,083647,Miranda; Gregory Joseph,36,0,37,1
1650891935944,CSE 8A,A50,083650,Miranda; Gregory Joseph,0,29,40,40
1650891941990,CSE 11,A01,083080,Cao; Yingjun,0,97,40,40
1650891948015,CSE 12,A01,083652,Staff,0,21,100,100
1650891954043,CSE 15L,A01,083654,Staff,0,3,50,50
1650891954043,CSE 15L,A02,083655,Staff,0,3,50,50
1650891960072,CSE 20,A01,083657,Staff,48,0,80,32
1650891966100,CSE 30,A01,083084,Eldon; John,0,76,40,40
1650891972130,CSE 100,A01,083659,Cao; Yingjun,0,70,50,50
1650891978161,CSE 134B,A01,083661,Powell; Thomas Allan,0,38,65,65
1650891984186,CSE 140,A01,083663,Staff,0,12,75,75
1650891990212,CSE 140L,A01,083088,Eldon; John,0,20,75,75
1650891996241,CSE 175,A01,083665,Kumar; Rakesh,7,0,25,18
1650892002267,CSE 190,A00,092507,Dubnov; Shlomo,9,0,20,11
1650892008296,ECE 45,A01,083139,Staff,0,4,60,60
1650892014328,ECE 65,A50,083695,Staff,0,6,30,30
1650892020351,ECE 109,A01,091882,Touri; Behrouz,32,0,70,38
1650892026378,ECE 180,A00,083140,Abi Samra; Nicholas Camill,20,0,30,10
1650892026378,ECE 180,B00,083141,Abi Samra; Nicholas Camill,0,0,30,30
1650892032404,MATH 10A,A01,083735,Patchell; Gregory David,2,0,30,28
1650892032404,MATH 10A,A02,083736,Patchell; Gregory David,27,0,30,3
1650892032404,MATH 10A,A03,083737,Patchell; Gregory David,23,0,30,7
1650892038437,MATH 10B,A01,083207,Staff,0,9,30,30
1650892038437,MATH 10B,A02,083208,Staff,0,6,30,30
1650892038437,MATH 10B,B01,083739,Staff,10,0,30,20
1650892038437,MATH 10B,B02,083740,Staff,28,0,30,2
1650892044464,MATH 18,A01,083743,Staff,0,0,30,30
1650892044464,MATH 18,A02,083744,Staff,24,0,30,6
1650892044464,MATH 18,A03,083745,Staff,21,0,30,9
1650892044464,MATH 18,A04,083746,Staff,26,0,30,4
1650892044464,MATH 18,B01,083748,Staff,0,15,30,30
1650892044464,MATH 18,B02,083749,Staff,0,13,30,30
1650892044464,MATH 18,B03,083750,Staff,0,13,30,30
1650892044464,MATH 18,B04,083751,Staff,0,13,30,30
1650892050495,MATH 20A,A01,083754,Staff,19,0,40,21
1650892056532,MATH 20B,A01,083756,Staff,0,14,30,30
1650892056532,MATH 20B,A02,083757,Staff,0,11,30,30
1650892062559,MATH 20C,A01,083760,Staff,0,17,30,30
1650892062559,MATH 20C,A02,083761,Staff,1,16,30,29
1650892062559,MATH 20C,B01,083762,Staff,9,0,30,21
1650892062559,MATH 20C,B02,083763,Staff,28,0,30,2
1650892068589,MATH 20D,A01,083765,Staff,2,1,30,28
1650892068589,MATH 20D,A02,083766,Staff,6,0,30,24
1650892068589,MATH 20D,A03,083767,Staff,23,0,30,7
1650892074621,MATH 20E,A01,083771,Staff,2,0,30,28
1650892074621,MATH 20E,A02,083772,Staff,13,0,30,17
1650892074621,MATH 20E,B01,083773,Staff,0,0,30,30
1650892074621,MATH 20E,B02,083774,Staff,4,0,30,26
1650892080649,MATH 103A,A01,083777,Staff,0,17,30,30
1650892080649,MATH 103A,A02,083778,Staff,0,15,30,30
1650892080649,MATH 103A,B01,083779,Staff,0,15,30,30
1650892080649,MATH 103A,B02,083780,Staff,0,14,30,30
1650892086679,MATH 105,A01,085443,Staff,0,23,30,30
1650892092706,MATH 109,A01,083213,Anzaldo; Leesa B,0,7,30,30
1650892092706,MATH 109,A02,083214,Anzaldo; Leesa B,0,7,30,30
1650892092706,MATH 109,B01,083215,Anzaldo; Leesa B,0,8,30,30
1650892092706,MATH 109,B02,083216,Anzaldo; Leesa B,0,7,30,30
1650892098731,MATH 142A,A01,083219,Chow; Bennett,0,14,30,30
1650892098731,MATH 142A,A02,083220,Chow; Bennett,0,15,30,30
1650892098731,MATH 142A,B01,083221,Chow; Bennett,0,16,30,30
1650892098731,MATH 142A,B02,083222,Chow; Bennett,0,14,30,30
1650892104760,MATH 193A,A01,083224,Staff,0,6,30,30
1650892104760,MATH 193A,A02,083225,Staff,0,7,30,30
1650892104760,MATH 193A,A03,083781,Staff,0,6,30,30
1650892104760,MATH 193A,A04,083782,Staff,0,7,30,30
1650892110786,MATH 197,001,091859,McAuley; Julian John,9998,0,9999,1
1650892116855,COGS 9,A01,083615,Staff,0,17,60,60
1650892122881,COGS 11,A01,083617,Boyle; Mary E. T.,15,0,40,25
1650892128919,COGS 13,A01,083071,Staff,0,38,40,40
1650892134949,COGS 14A,A01,092681,Staff,0,37,100,100
1650892140976,COGS 14B,A01,083073,Cheng; Tzu-Han,0,12,50,50
1650892147011,COGS 17,A01,092677,Staff,11,0,75,64
1650892153037,COGS 100,A01,083619,Staff,0,30,60,60
1650892159062,COGS 101A,A01,083621,Davis; Joshua Daniel,0,29,60,60
1650892165088,COGS 101B,A01,091572,Staff,0,3,60,60
1650892171115,COGS 101C,A01,083625,Delgado; Tania,14,0,30,16
1650892177140,COGS 107A,A01,083627,Boyle; Mary E. T.,0,16,60,60
1650892183168,COGS 118A,A01,083075,Staff,0,8,60,60
1650892189196,CSE 3,A50,083646,Miranda; Gregory Joseph,16,0,38,22
1650892189196,CSE 3,A51,083647,Miranda; Gregory Joseph,36,0,37,1
1650892195221,CSE 8A,A50,083650,Miranda; Gregory Joseph,0,29,40,40
1650892201270,CSE 11,A01,083080,Cao; Yingjun,0,97,40,40
1650892207294,CSE 12,A01,083652,Staff,0,21,100,100
1650892213322,CSE 15L,A01,083654,Staff,0,3,50,50
1650892213322,CSE 15L,A02,083655,Staff,0,3,50,50
1650892219348,CSE 20,A01,083657,Staff,48,0,80,32
1650892225372,CSE 30,A01,083084,Eldon; John,0,76,40,40
1650892231403,CSE 100,A01,083659,Cao; Yingjun,0,70,50,50
1650892237433,CSE 134B,A01,083661,Powell; Thomas Allan,0,38,65,65
1650892243457,CSE 140,A01,083663,Staff,0,12,75,75
1650892249487,CSE 140L,A01,083088,Eldon; John,0,20,75,75
1650892255511,CSE 175,A01,083665,Kumar; Rakesh,7,0,25,18
1650892261536,CSE 190,A00,092507,Dubnov; Shlomo,9,0,20,11
1650892267574,ECE 45,A01,083139,Staff,0,4,60,60
1650892273602,ECE 65,A50,083695,Staff,0,6,30,30
1650892279632,ECE 109,A01,091882,Touri; Behrouz,32,0,70,38
1650892285656,ECE 180,A00,083140,Abi Samra; Nicholas Camill,20,0,30,10
1650892285656,ECE 180,B00,083141,Abi Samra; Nicholas Camill,0,0,30,30
1650892291683,MATH 10A,A01,083735,Patchell; Gregory David,2,0,30,28
1650892291683,MATH 10A,A02,083736,Patchell; Gregory David,27,0,30,3
1650892291683,MATH 10A,A03,083737,Patchell; Gregory David,23,0,30,7
1650892297714,MATH 10B,A01,083207,Staff,0,9,30,30
1650892297714,MATH 10B,A02,083208,Staff,0,6,30,30
1650892297714,MATH 10B,B01,083739,Staff,10,0,30,20
1650892297714,MATH 10B,B02,083740,Staff,28,0,30,2
1650892303746,MATH 18,A01,083743,Staff,0,0,30,30
1650892303746,MATH 18,A02,083744,Staff,24,0,30,6
1650892303746,MATH 18,A03,083745,Staff,21,0,30,9
1650892303746,MATH 18,A04,083746,Staff,26,0,30,4
1650892303746,MATH 18,B01,083748,Staff,0,15,30,30
1650892303746,MATH 18,B02,083749,Staff,0,13,30,30
1650892303746,MATH 18,B03,083750,Staff,0,13,30,30
1650892303746,MATH 18,B04,083751,Staff,0,13,30,30
1650892309772,MATH 20A,A01,083754,Staff,19,0,40,21
1650892315810,MATH 20B,A01,083756,Staff,0,14,30,30
1650892315810,MATH 20B,A02,083757,Staff,0,11,30,30
1650892321840,MATH 20C,A01,083760,Staff,0,17,30,30
1650892321840,MATH 20C,A02,083761,Staff,1,16,30,29
1650892321840,MATH 20C,B01,083762,Staff,9,0,30,21
1650892321840,MATH 20C,B02,083763,Staff,28,0,30,2
1650892327869,MATH 20D,A01,083765,Staff,2,1,30,28
1650892327869,MATH 20D,A02,083766,Staff,6,0,30,24
1650892327869,MATH 20D,A03,083767,Staff,23,0,30,7
1650892333894,MATH 20E,A01,083771,Staff,2,0,30,28
1650892333894,MATH 20E,A02,083772,Staff,13,0,30,17
1650892333894,MATH 20E,B01,083773,Staff,0,0,30,30
1650892333894,MATH 20E,B02,083774,Staff,4,0,30,26
1650892339927,MATH 103A,A01,083777,Staff,0,17,30,30
1650892339927,MATH 103A,A02,083778,Staff,0,15,30,30
1650892339927,MATH 103A,B01,083779,Staff,0,15,30,30
1650892339927,MATH 103A,B02,083780,Staff,0,14,30,30
1650892345950,MATH 105,A01,085443,Staff,0,23,30,30
1650892351978,MATH 109,A01,083213,Anzaldo; Leesa B,0,7,30,30
1650892351978,MATH 109,A02,083214,Anzaldo; Leesa B,0,7,30,30
1650892351978,MATH 109,B01,083215,Anzaldo; Leesa B,0,8,30,30
1650892351978,MATH 109,B02,083216,Anzaldo; Leesa B,0,7,30,30
1650892358008,MATH 142A,A01,083219,Chow; Bennett,0,14,30,30
1650892358008,MATH 142A,A02,083220,Chow; Bennett,0,15,30,30
1650892358008,MATH 142A,B01,083221,Chow; Bennett,0,16,30,30
1650892358008,MATH 142A,B02,083222,Chow; Bennett,0,14,30,30
1650892364034,MATH 193A,A01,083224,Staff,0,6,30,30
1650892364034,MATH 193A,A02,083225,Staff,0,7,30,30
1650892364034,MATH 193A,A03,083781,Staff,0,6,30,30
1650892364034,MATH 193A,A04,083782,Staff,0,7,30,30
1650892370062,MATH 197,001,091859,McAuley; Julian John,9998,0,9999,1
1650892376133,COGS 9,A01,083615,Staff,0,17,60,60
1650892382157,COGS 11,A01,083617,Boyle; Mary E. T.,15,0,40,25
1650892388182,COGS 13,A01,083071,Staff,0,38,40,40
1650892394207,COGS 14A,A01,092681,Staff,0,37,100,100
1650892400238,COGS 14B,A01,083073,Cheng; Tzu-Han,0,12,50,50
1650892406263,COGS 17,A01,092677,Staff,11,0,75,64
1650892412292,COGS 100,A01,083619,Staff,0,30,60,60
1650892418322,COGS 101A,A01,083621,Davis; Joshua Daniel,0,29,60,60
1650892424350,COGS 101B,A01,091572,Staff,0,3,60,60
1650892430381,COGS 101C,A01,083625,Delgado; Tania,14,0,30,16
1650892436408,COGS 107A,A01,083627,Boyle; Mary E. T.,0,16,60,60
1650892442430,COGS 118A,A01,083075,Staff,0,8,60,60
1650892448455,CSE 3,A50,083646,Miranda; Gregory Joseph,16,0,38,22
1650892448455,CSE 3,A51,083647,Miranda; Gregory Joseph,36,0,37,1
1650892454482,CSE 8A,A50,083650,Miranda; Gregory Joseph,0,29,40,40
1650892460506,CSE 11,A01,083080,Cao; Yingjun,0,97,40,40
1650892466532,CSE 12,A01,083652,Staff,0,21,100,100
1650892472561,CSE 15L,A01,083654,Staff,0,3,50,50
1650892472561,CSE 15L,A02,083655,Staff,0,3,50,50
1650892478586,CSE 20,A01,083657,Staff,48,0,80,32
1650892484611,CSE 30,A01,083084,Eldon; John,0,76,40,40
1650892490635,CSE 100,A01,083659,Cao; Yingjun,0,70,50,50
1650892496732,CSE 134B,A01,083661,Powell; Thomas Allan,0,38,65,65
1650892502757,CSE 140,A01,083663,Staff,0,12,75,75
1650892508783,CSE 140L,A01,083088,Eldon; John,0,20,75,75
1650892514809,CSE 175,A01,083665,Kumar; Rakesh,7,0,25,18
1650892520840,CSE 190,A00,092507,Dubnov; Shlomo,9,0,20,11
1650892526863,ECE 45,A01,083139,Staff,0,4,60,60
1650892532887,ECE 65,A50,083695,Staff,0,6,30,30
1650892538915,ECE 109,A01,091882,Touri; Behrouz,32,0,70,38
1650892544950,ECE 180,A00,083140,Abi Samra; Nicholas Camill,20,0,30,10
1650892544950,ECE 180,B00,083141,Abi Samra; Nicholas Camill,0,0,30,30
1650892550981,MATH 10A,A01,083735,Patchell; Gregory David,2,0,30,28
1650892550981,MATH 10A,A02,083736,Patchell; Gregory David,27,0,30,3
1650892550981,MATH 10A,A03,083737,Patchell; Gregory David,23,0,30,7
1650892557009,MATH 10B,A01,083207,Staff,0,9,30,30
1650892557009,MATH 10B,A02,083208,Staff,0,6,30,30
1650892557009,MATH 10B,B01,083739,Staff,10,0,30,20
1650892557009,MATH 10B,B02,083740,Staff,28,0,30,2
1650892563042,MATH 18,A01,083743,Staff,0,0,30,30
1650892563042,MATH 18,A02,083744,Staff,24,0,30,6
1650892563042,MATH 18,A03,083745,Staff,21,0,30,9
1650892563042,MATH 18,A04,083746,Staff,26,0,30,4
1650892563042,MATH 18,B01,083748,Staff,0,15,30,30
1650892563042,MATH 18,B02,083749,Staff,0,13,30,30
1650892563042,MATH 18,B03,083750,Staff,0,13,30,30
1650892563042,MATH 18,B04,083751,Staff,0,13,30,30
1650892569066,MATH 20A,A01,083754,Staff,19,0,40,21
1650892575095,MATH 20B,A01,083756,Staff,0,14,30,30
1650892575095,MATH 20B,A02,083757,Staff,0,11,30,30
1650892581126,MATH 20C,A01,083760,Staff,0,17,30,30
1650892581126,MATH 20C,A02,083761,Staff,1,16,30,29
1650892581126,MATH 20C,B01,083762,Staff,9,0,30,21
1650892581126,MATH 20C,B02,083763,Staff,28,0,30,2
1650892587161,MATH 20D,A01,083765,Staff,2,1,30,28
1650892587161,MATH 20D,A02,083766,Staff,6,0,30,24
1650892587161,MATH 20D,A03,083767,Staff,23,0,30,7
1650892593193,MATH 20E,A01,083771,Staff,2,0,30,28
1650892593193,MATH 20E,A02,083772,Staff,13,0,30,17
1650892593193,MATH 20E,B01,083773,Staff,0,0,30,30
1650892593193,MATH 20E,B02,083774,Staff,4,0,30,26
1650892599222,MATH 103A,A01,083777,Staff,0,17,30,30
1650892599222,MATH 103A,A02,083778,Staff,0,15,30,30
1650892599222,MATH 103A,B01,083779,Staff,0,15,30,30
1650892599222,MATH 103A,B02,083780,Staff,0,14,30,30
1650892605249,MATH 105,A01,085443,Staff,0,23,30,30
1650892611274,MATH 109,A01,083213,Anzaldo; Leesa B,0,7,30,30
1650892611274,MATH 109,A02,083214,Anzaldo; Leesa B,0,7,30,30
1650892611274,MATH 109,B01,083215,Anzaldo; Leesa B,0,8,30,30
1650892611274,MATH 109,B02,083216,Anzaldo; Leesa B,0,7,30,30
1650892617300,MATH 142A,A01,083219,Chow; Bennett,0,14,30,30
1650892617300,MATH 142A,A02,083220,Chow; Bennett,0,15,30,30
1650892617300,MATH 142A,B01,083221,Chow; Bennett,0,16,30,30
1650892617300,MATH 142A,B02,083222,Chow; Bennett,0,14,30,30
1650892623325,MATH 193A,A01,083224,Staff,0,6,30,30
1650892623325,MATH 193A,A02,083225,Staff,0,7,30,30
1650892623325,MATH 193A,A03,083781,Staff,0,6,30,30
1650892623325,MATH 193A,A04,083782,Staff,0,7,30,30
1650892629350,MATH 197,001,091859,McAuley; Julian John,9998,0,9999,1
1650892635424,COGS 9,A01,083615,Staff,0,17,60,60
1650892641452,COGS 11,A01,083617,Boyle; Mary E. T.,15,0,40,25
1650892647479,COGS 13,A01,083071,Staff,0,38,40,40
1650892653508,COGS 14A,A01,092681,Staff,0,37,100,100
1650892659540,COGS 14B,A01,083073,Cheng; Tzu-Han,0,12,50,50
1650892665566,COGS 17,A01,092677,Staff,11,0,75,64
1650892671593,COGS 100,A01,083619,Staff,0,30,60,60
1650892677618,COGS 101A,A01,083621,Davis; Joshua Daniel,0,29,60,60
1650892683643,COGS 101B,A01,091572,Staff,0,3,60,60
1650892689669,COGS 101C,A01,083625,Delgado; Tania,14,0,30,16
1650892695699,COGS 107A,A01,083627,Boyle; Mary E. T.,0,16,60,60
1650892701724,COGS 118A,A01,083075,Staff,0,8,60,60
1650892707754,CSE 3,A50,083646,Miranda; Gregory Joseph,16,0,38,22
1650892707754,CSE 3,A51,083647,Miranda; Gregory Joseph,36,0,37,1
1650892713780,CSE 8A,A50,083650,Miranda; Gregory Joseph,0,29,40,40
1650892719805,CSE 11,A01,083080,Cao; Yingjun,0,97,40,40
1650892725828,CSE 12,A01,083652,Staff,0,21,100,100
1650892731853,CSE 15L,A01,083654,Staff,0,3,50,50
1650892731853,CSE 15L,A02,083655,Staff,0,3,50,50
1650892737880,CSE 20,A01,083657,Staff,48,0,80,32
1650892743906,CSE 30,A01,083084,Eldon; John,0,76,40,40
1650892749930,CSE 100,A01,083659,Cao; Yingjun,0,70,50,50
1650892755960,CSE 134B,A01,083661,Powell; Thomas Allan,0,38,65,65
1650892761985,CSE 140,A01,083663,Staff,0,12,75,75
1650892768011,CSE 140L,A01,083088,Eldon; John,0,20,75,75
1650892774041,CSE 175,A01,083665,Kumar; Rakesh,7,0,25,18
1650892780066,CSE 190,A00,092507,Dubnov; Shlomo,9,0,20,11
1650892786096,ECE 45,A01,083139,Staff,0,4,60,60
1650892792133,ECE 65,A50,083695,Staff,0,6,30,30
1650892798159,ECE 109,A01,091882,Touri; Behrouz,32,0,70,38
1650892804193,ECE 180,A00,083140,Abi Samra; Nicholas Camill,20,0,30,10
1650892804193,ECE 180,B00,083141,Abi Samra; Nicholas Camill,0,0,30,30
1650892810218,MATH 10A,A01,083735,Patchell; Gregory David,2,0,30,28
1650892810218,MATH 10A,A02,083736,Patchell; Gregory David,27,0,30,3
1650892810218,MATH 10A,A03,083737,Patchell; Gregory David,23,0,30,7
1650892816247,MATH 10B,A01,083207,Staff,0,9,30,30
1650892816247,MATH 10B,A02,083208,Staff,0,6,30,30
1650892816247,MATH 10B,B01,083739,Staff,10,0,30,20
1650892816247,MATH 10B,B02,083740,Staff,28,0,30,2
1650892822284,MATH 18,A01,083743,Staff,0,0,30,30
1650892822284,MATH 18,A02,083744,Staff,24,0,30,6
1650892822284,MATH 18,A03,083745,Staff,21,0,30,9
1650892822284,MATH 18,A04,083746,Staff,26,0,30,4
1650892822284,MATH 18,B01,083748,Staff,0,15,30,30
1650892822284,MATH 18,B02,083749,Staff,0,13,30,30
1650892822284,MATH 18,B03,083750,Staff,0,13,30,30
1650892822284,MATH 18,B04,083751,Staff,0,13,30,30
1650892828307,MATH 20A,A01,083754,Staff,19,0,40,21
1650892834330,MATH 20B,A01,083756,Staff,0,14,30,30
1650892834330,MATH 20B,A02,083757,Staff,0,11,30,30
1650892840360,MATH 20C,A01,083760,Staff,0,17,30,30
1650892840360,MATH 20C,A02,083761,Staff,1,16,30,29
1650892840360,MATH 20C,B01,083762,Staff,9,0,30,21
1650892840360,MATH 20C,B02,083763,Staff,28,0,30,2
1650892846387,MATH 20D,A01,083765,Staff,2,1,30,28
1650892846387,MATH 20D,A02,083766,Staff,6,0,30,24
1650892846387,MATH 20D,A03,083767,Staff,23,0,30,7
1650892852417,MATH 20E,A01,083771,Staff,2,0,30,28
1650892852417,MATH 20E,A02,083772,Staff,13,0,30,17
1650892852417,MATH 20E,B01,083773,Staff,0,0,30,30
1650892852417,MATH 20E,B02,083774,Staff,4,0,30,26
1650892858442,MATH 103A,A01,083777,Staff,0,17,30,30
1650892858442,MATH 103A,A02,083778,Staff,0,15,30,30
1650892858442,MATH 103A,B01,083779,Staff,0,15,30,30
1650892858442,MATH 103A,B02,083780,Staff,0,14,30,30
1650892864466,MATH 105,A01,085443,Staff,0,23,30,30
1650892870491,MATH 109,A01,083213,Anzaldo; Leesa B,0,7,30,30
1650892870491,MATH 109,A02,083214,Anzaldo; Leesa B,0,7,30,30
1650892870491,MATH 109,B01,083215,Anzaldo; Leesa B,0,8,30,30
1650892870491,MATH 109,B02,083216,Anzaldo; Leesa B,0,7,30,30
1650892876518,MATH 142A,A01,083219,Chow; Bennett,0,14,30,30
1650892876518,MATH 142A,A02,083220,Chow; Bennett,0,15,30,30
1650892876518,MATH 142A,B01,083221,Chow; Bennett,0,16,30,30
1650892876518,MATH 142A,B02,083222,Chow; Bennett,0,14,30,30
1650892882544,MATH 193A,A01,083224,Staff,0,6,30,30
1650892882544,MATH 193A,A02,083225,Staff,0,7,30,30
1650892882544,MATH 193A,A03,083781,Staff,0,6,30,30
1650892882544,MATH 193A,A04,083782,Staff,0,7,30,30
1650892888569,MATH 197,001,091859,McAuley; Julian John,9998,0,9999,1
1650892894623,COGS 9,A01,083615,Staff,0,17,60,60
1650892900647,COGS 11,A01,083617,Boyle; Mary E. T.,15,0,40,25
1650892906670,COGS 13,A01,083071,Staff,0,38,40,40
1650892912698,COGS 14A,A01,092681,Staff,0,37,100,100
1650892918725,COGS 14B,A01,083073,Cheng; Tzu-Han,0,12,50,50
1650892924750,COGS 17,A01,092677,Staff,11,0,75,64
1650892930774,COGS 100,A01,083619,Staff,0,30,60,60
1650892936799,COGS 101A,A01,083621,Davis; Joshua Daniel,0,29,60,60
1650892942832,COGS 101B,A01,091572,Staff,0,3,60,60
1650892948859,COGS 101C,A01,083625,Delgado; Tania,14,0,30,16
1650892954886,COGS 107A,A01,083627,Boyle; Mary E. T.,0,16,60,60
1650892960913,COGS 118A,A01,083075,Staff,0,8,60,60
1650892966942,CSE 3,A50,083646,Miranda; Gregory Joseph,16,0,38,22
1650892966942,CSE 3,A51,083647,Miranda; Gregory Joseph,36,0,37,1
1650892972967,CSE 8A,A50,083650,Miranda; Gregory Joseph,0,29,40,40
1650892978992,CSE 11,A01,083080,Cao; Yingjun,0,97,40,40
1650892985020,CSE 12,A01,083652,Staff,0,21,100,100
1650892991053,CSE 15L,A01,083654,Staff,0,3,50,50
1650892991053,CSE 15L,A02,083655,Staff,0,3,50,50
1650892997076,CSE 20,A01,083657,Staff,48,0,80,32
1650893003104,CSE 30,A01,083084,Eldon; John,0,76,40,40
1650893009129,CSE 100,A01,083659,Cao; Yingjun,0,70,50,50
1650893015154,CSE 134B,A01,083661,Powell; Thomas Allan,0,38,65,65
1650893021178,CSE 140,A01,083663,Staff,0,12,75,75
1650893027204,CSE 140L,A01,083088,Eldon; John,0,20,75,75
1650893033227,CSE 175,A01,083665,Kumar; Rakesh,7,0,25,18
1650893039253,CSE 190,A00,092507,Dubnov; Shlomo,9,0,20,11
1650893045276,ECE 45,A01,083139,Staff,0,4,60,60
1650893051304,ECE 65,A50,083695,Staff,0,6,30,30
1650893057327,ECE 109,A01,091882,Touri; Behrouz,32,0,70,38
1650893063360,ECE 180,A00,083140,Abi Samra; Nicholas Camill,20,0,30,10
1650893063360,ECE 180,B00,083141,Abi Samra; Nicholas Camill,0,0,30,30
1650893069386,MATH 10A,A01,083735,Patchell; Gregory David,2,0,30,28
1650893069386,MATH 10A,A02,083736,Patchell; Gregory David,27,0,30,3
1650893069386,MATH 10A,A03,083737,Patchell; Gregory David,23,0,30,7
1650893075415,MATH 10B,A01,083207,Staff,0,9,30,30
1650893075415,MATH 10B,A02,083208,Staff,0,6,30,30
1650893075415,MATH 10B,B01,083739,Staff,10,0,30,20
1650893075415,MATH 10B,B02,083740,Staff,28,0,30,2
1650893081442,MATH 18,A01,083743,Staff,0,0,30,30
1650893081442,MATH 18,A02,083744,Staff,24,0,30,6
1650893081442,MATH 18,A03,083745,Staff,21,0,30,9
1650893081442,MATH 18,A04,083746,Staff,26,0,30,4
1650893081442,MATH 18,B01,083748,Staff,0,15,30,30
1650893081442,MATH 18,B02,083749,Staff,0,13,30,30
1650893081442,MATH 18,B03,083750,Staff,0,13,30,30
1650893081442,MATH 18,B04,083751,Staff,0,13,30,30
1650893087464,MATH 20A,A01,083754,Staff,19,0,40,21
1650893093563,MATH 20B,A01,083756,Staff,0,14,30,30
1650893093563,MATH 20B,A02,083757,Staff,0,11,30,30
1650893099588,MATH 20C,A01,083760,Staff,0,17,30,30
1650893099588,MATH 20C,A02,083761,Staff,1,16,30,29
1650893099588,MATH 20C,B01,083762,Staff,9,0,30,21
1650893099588,MATH 20C,B02,083763,Staff,28,0,30,2
1650893105613,MATH 20D,A01,083765,Staff,2,1,30,28
1650893105613,MATH 20D,A02,083766,Staff,6,0,30,24
1650893105613,MATH 20D,A03,083767,Staff,23,0,30,7
1650893111639,MATH 20E,A01,083771,Staff,2,0,30,28
1650893111639,MATH 20E,A02,083772,Staff,13,0,30,17
1650893111639,MATH 20E,B01,083773,Staff,0,0,30,30
1650893111639,MATH 20E,B02,083774,Staff,4,0,30,26
1650893117664,MATH 103A,A01,083777,Staff,0,17,30,30
1650893117664,MATH 103A,A02,083778,Staff,0,15,30,30
1650893117664,MATH 103A,B01,083779,Staff,0,15,30,30
1650893117664,MATH 103A,B02,083780,Staff,0,14,30,30
1650893123689,MATH 105,A01,085443,Staff,0,23,30,30
1650893129717,MATH 109,A01,083213,Anzaldo; Leesa B,0,7,30,30
1650893129717,MATH 109,A02,083214,Anzaldo; Leesa B,0,7,30,30
1650893129717,MATH 109,B01,083215,Anzaldo; Leesa B,0,8,30,30
1650893129717,MATH 109,B02,083216,Anzaldo; Leesa B,0,7,30,30
1650893135743,MATH 142A,A01,083219,Chow; Bennett,0,14,30,30
1650893135743,MATH 142A,A02,083220,Chow; Bennett,0,15,30,30
1650893135743,MATH 142A,B01,083221,Chow; Bennett,0,16,30,30
1650893135743,MATH 142A,B02,083222,Chow; Bennett,0,14,30,30
1650893141766,MATH 193A,A01,083224,Staff,0,6,30,30
1650893141766,MATH 193A,A02,083225,Staff,0,7,30,30
1650893141766,MATH 193A,A03,083781,Staff,0,6,30,30
1650893141766,MATH 193A,A04,083782,Staff,0,7,30,30
1650893147789,MATH 197,001,091859,McAuley; Julian John,9998,0,9999,1
1650893153842,COGS 9,A01,083615,Staff,0,17,60,60
1650893159865,COGS 11,A01,083617,Boyle; Mary E. T.,15,0,40,25
1650893165894,COGS 13,A01,083071,Staff,0,38,40,40
1650893171918,COGS 14A,A01,092681,Staff,0,37,100,100
1650893177942,COGS 14B,A01,083073,Cheng; Tzu-Han,0,12,50,50
1650893183979,COGS 17,A01,092677,Staff,11,0,75,64
1650893190012,COGS 100,A01,083619,Staff,0,30,60,60
1650893196040,COGS 101A,A01,083621,Davis; Joshua Daniel,0,29,60,60
1650893202063,COGS 101B,A01,091572,Staff,0,3,60,60
1650893208086,COGS 101C,A01,083625,Delgado; Tania,14,0,30,16
1650893214109,COGS 107A,A01,083627,Boyle; Mary E. T.,0,16,60,60
1650893220134,COGS 118A,A01,083075,Staff,0,8,60,60
1650893226164,CSE 3,A50,083646,Miranda; Gregory Joseph,16,0,38,22
1650893226164,CSE 3,A51,083647,Miranda; Gregory Joseph,36,0,37,1
1650893232189,CSE 8A,A50,083650,Miranda; Gregory Joseph,0,29,40,40
1650893238215,CSE 11,A01,083080,Cao; Yingjun,0,97,40,40
1650893244245,CSE 12,A01,083652,Staff,0,21,100,100
1650893250276,CSE 15L,A01,083654,Staff,0,3,50,50
1650893250276,CSE 15L,A02,083655,Staff,0,3,50,50
1650893256301,CSE 20,A01,083657,Staff,48,0,80,32
1650893262323,CSE 30,A01,083084,Eldon; John,0,76,40,40
1650893268352,CSE 100,A01,083659,Cao; Yingjun,0,70,50,50
1650893274380,CSE 134B,A01,083661,Powell; Thomas Allan,0,38,65,65
1650893280408,CSE 140,A01,083663,Staff,0,12,75,75
1650893286432,CSE 140L,A01,083088,Eldon; John,0,20,75,75
1650893292460,CSE 175,A01,083665,Kumar; Rakesh,7,0,25,18
1650893298493,CSE 190,A00,092507,Dubnov; Shlomo,9,0,20,11
1650893304519,ECE 45,A01,083139,Staff,0,4,60,60
1650893310542,ECE 65,A50,083695,Staff,0,6,30,30
1650893316567,ECE 109,A01,091882,Touri; Behrouz,32,0,70,38
1650893322592,ECE 180,A00,083140,Abi Samra; Nicholas Camill,20,0,30,10
1650893322592,ECE 180,B00,083141,Abi Samra; Nicholas Camill,0,0,30,30
1650893328619,MATH 10A,A01,083735,Patchell; Gregory David,2,0,30,28
1650893328619,MATH 10A,A02,083736,Patchell; Gregory David,27,0,30,3
1650893328619,MATH 10A,A03,083737,Patchell; Gregory David,23,0,30,7
1650893334644,MATH 10B,A01,083207,Staff,0,9,30,30
1650893334644,MATH 10B,A02,083208,Staff,0,6,30,30
1650893334644,MATH 10B,B01,083739,Staff,10,0,30,20
1650893334644,MATH 10B,B02,083740,Staff,28,0,30,2
1650893340674,MATH 18,A01,083743,Staff,0,0,30,30
1650893340674,MATH 18,A02,083744,Staff,24,0,30,6
1650893340674,MATH 18,A03,083745,Staff,21,0,30,9
1650893340674,MATH 18,A04,083746,Staff,26,0,30,4
1650893340674,MATH 18,B01,083748,Staff,0,15,30,30
1650893340674,MATH 18,B02,083749,Staff,0,13,30,30
1650893340674,MATH 18,B03,083750,Staff,0,13,30,30
1650893340674,MATH 18,B04,083751,Staff,0,13,30,30
1650893346699,MATH 20A,A01,083754,Staff,19,0,40,21
1650893352723,MATH 20B,A01,083756,Staff,0,14,30,30
1650893352723,MATH 20B,A02,083757,Staff,0,11,30,30
1650893358751,MATH 20C,A01,083760,Staff,0,17,30,30
1650893358751,MATH 20C,A02,083761,Staff,1,16,30,29
1650893358751,MATH 20C,B01,083762,Staff,9,0,30,21
1650893358751,MATH 20C,B02,083763,Staff,28,0,30,2
1650893364775,MATH 20D,A01,083765,Staff,2,1,30,28
1650893364775,MATH 20D,A02,083766,Staff,6,0,30,24
1650893364775,MATH 20D,A03,083767,Staff,23,0,30,7
1650893370805,MATH 20E,A01,083771,Staff,2,0,30,28
1650893370805,MATH 20E,A02,083772,Staff,13,0,30,17
1650893370805,MATH 20E,B01,083773,Staff,0,0,30,30
1650893370805,MATH 20E,B02,083774,Staff,4,0,30,26
1650893376838,MATH 103A,A01,083777,Staff,0,17,30,30
1650893376838,MATH 103A,A02,083778,Staff,0,15,30,30
1650893376838,MATH 103A,B01,083779,Staff,0,15,30,30
1650893376838,MATH 103A,B02,083780,Staff,0,14,30,30
1650893382865,MATH 105,A01,085443,Staff,0,23,30,30
1650893388894,MATH 109,A01,083213,Anzaldo; Leesa B,0,7,30,30
1650893388894,MATH 109,A02,083214,Anzaldo; Leesa B,0,7,30,30
1650893388894,MATH 109,B01,083215,Anzaldo; Leesa B,0,8,30,30
1650893388894,MATH 109,B02,083216,Anzaldo; Leesa B,0,7,30,30
1650893394920,MATH 142A,A01,083219,Chow; Bennett,0,14,30,30
1650893394920,MATH 142A,A02,083220,Chow; Bennett,0,15,30,30
1650893394920,MATH 142A,B01,083221,Chow; Bennett,0,16,30,30
1650893394920,MATH 142A,B02,083222,Chow; Bennett,0,14,30,30
1650893400948,MATH 193A,A01,083224,Staff,0,6,30,30
1650893400948,MATH 193A,A02,083225,Staff,0,7,30,30
1650893400948,MATH 193A,A03,083781,Staff,0,6,30,30
1650893400948,MATH 193A,A04,083782,Staff,0,7,30,30
1650893406974,MATH 197,001,091859,McAuley; Julian John,9998,0,9999,1
1650893413033,COGS 9,A01,083615,Staff,0,17,60,60
1650893419060,COGS 11,A01,083617,Boyle; Mary E. T.,15,0,40,25
1650893425088,COGS 13,A01,083071,Staff,0,38,40,40
1650893431118,COGS 14A,A01,092681,Staff,0,37,100,100
1650893437143,COGS 14B,A01,083073,Cheng; Tzu-Han,0,12,50,50
1650893443170,COGS 17,A01,092677,Staff,11,0,75,64
1650893449198,COGS 100,A01,083619,Staff,0,30,60,60
1650893455223,COGS 101A,A01,083621,Davis; Joshua Daniel,0,29,60,60
1650893461266,COGS 101B,A01,091572,Staff,0,3,60,60
1650893467295,COGS 101C,A01,083625,Delgado; Tania,14,0,30,16
1650893473321,COGS 107A,A01,083627,Boyle; Mary E. T.,0,16,60,60
1650893479345,COGS 118A,A01,083075,Staff,0,8,60,60
1650893485374,CSE 3,A50,083646,Miranda; Gregory Joseph,16,0,38,22
1650893485374,CSE 3,A51,083647,Miranda; Gregory Joseph,36,0,37,1
1650893491407,CSE 8A,A50,083650,Miranda; Gregory Joseph,0,29,40,40
1650893497432,CSE 11,A01,083080,Cao; Yingjun,0,97,40,40
1650893503461,CSE 12,A01,083652,Staff,0,21,100,100
1650893509490,CSE 15L,A01,083654,Staff,0,3,50,50
1650893509490,CSE 15L,A02,083655,Staff,0,3,50,50
1650893515513,CSE 20,A01,083657,Staff,48,0,80,32
1650893521545,CSE 30,A01,083084,Eldon; John,0,76,40,40
1650893527569,CSE 100,A01,083659,Cao; Yingjun,0,70,50,50
1650893533598,CSE 134B,A01,083661,Powell; Thomas Allan,0,38,65,65
1650893539622,CSE 140,A01,083663,Staff,0,12,75,75
1650893545649,CSE 140L,A01,083088,Eldon; John,0,20,75,75
1650893551677,CSE 175,A01,083665,Kumar; Rakesh,7,0,25,18
1650893557704,CSE 190,A00,092507,Dubnov; Shlomo,9,0,20,11
1650893563728,ECE 45,A01,083139,Staff,0,4,60,60
1650893569753,ECE 65,A50,083695,Staff,0,6,30,30
1650893575778,ECE 109,A01,091882,Touri; Behrouz,32,0,70,38
1650893581804,ECE 180,A00,083140,Abi Samra; Nicholas Camill,20,0,30,10
1650893581804,ECE 180,B00,083141,Abi Samra; Nicholas Camill,0,0,30,30
1650893587830,MATH 10A,A01,083735,Patchell; Gregory David,2,0,30,28
1650893587830,MATH 10A,A02,083736,Patchell; Gregory David,27,0,30,3
1650893587830,MATH 10A,A03,083737,Patchell; Gregory David,23,0,30,7
1650893593858,MATH 10B,A01,083207,Staff,0,9,30,30
1650893593858,MATH 10B,A02,083208,Staff,0,6,30,30
1650893593858,MATH 10B,B01,083739,Staff,10,0,30,20
1650893593858,MATH 10B,B02,083740,Staff,28,0,30,2
1650893599888,MATH 18,A01,083743,Staff,0,0,30,30
1650893599888,MATH 18,A02,083744,Staff,24,0,30,6
1650893599888,MATH 18,A03,083745,Staff,21,0,30,9
1650893599888,MATH 18,A04,083746,Staff,26,0,30,4
1650893599888,MATH 18,B01,083748,Staff,0,15,30,30
1650893599888,MATH 18,B02,083749,Staff,0,13,30,30
1650893599888,MATH 18,B03,083750,Staff,0,13,30,30
1650893599888,MATH 18,B04,083751,Staff,0,13,30,30
1650893605912,MATH 20A,A01,083754,Staff,19,0,40,21
1650893611940,MATH 20B,A01,083756,Staff,0,14,30,30
1650893611940,MATH 20B,A02,083757,Staff,0,11,30,30
1650893617965,MATH 20C,A01,083760,Staff,0,17,30,30
1650893617965,MATH 20C,A02,083761,Staff,1,16,30,29
1650893617965,MATH 20C,B01,083762,Staff,9,0,30,21
1650893617965,MATH 20C,B02,083763,Staff,28,0,30,2
1650893623993,MATH 20D,A01,083765,Staff,2,1,30,28
1650893623993,MATH 20D,A02,083766,Staff,6,0,30,24
1650893623993,MATH 20D,A03,083767,Staff,23,0,30,7
1650893630017,MATH 20E,A01,083771,Staff,2,0,30,28
1650893630017,MATH 20E,A02,083772,Staff,13,0,30,17
1650893630017,MATH 20E,B01,083773,Staff,0,0,30,30
1650893630017,MATH 20E,B02,083774,Staff,4,0,30,26
1650893636051,MATH 103A,A01,083777,Staff,0,17,30,30
1650893636051,MATH 103A,A02,083778,Staff,0,15,30,30
1650893636051,MATH 103A,B01,083779,Staff,0,15,30,30
1650893636051,MATH 103A,B02,083780,Staff,0,14,30,30
1650893642078,MATH 105,A01,085443,Staff,0,23,30,30
1650893648103,MATH 109,A01,083213,Anzaldo; Leesa B,0,7,30,30
1650893648103,MATH 109,A02,083214,Anzaldo; Leesa B,0,7,30,30
1650893648103,MATH 109,B01,083215,Anzaldo; Leesa B,0,8,30,30
1650893648103,MATH 109,B02,083216,Anzaldo; Leesa B,0,7,30,30
1650893654135,MATH 142A,A01,083219,Chow; Bennett,0,14,30,30
1650893654135,MATH 142A,A02,083220,Chow; Bennett,0,15,30,30
1650893654135,MATH 142A,B01,083221,Chow; Bennett,0,16,30,30
1650893654135,MATH 142A,B02,083222,Chow; Bennett,0,14,30,30
1650893660164,MATH 193A,A01,083224,Staff,0,6,30,30
1650893660164,MATH 193A,A02,083225,Staff,0,7,30,30
1650893660164,MATH 193A,A03,083781,Staff,0,6,30,30
1650893660164,MATH 193A,A04,083782,Staff,0,7,30,30
1650893666187,MATH 197,001,091859,McAuley; Julian John,9998,0,9999,1
1650893672238,COGS 9,A01,083615,Staff,0,17,60,60
1650893678269,COGS 11,A01,083617,Boyle; Mary E. T.,15,0,40,25
1650893684371,COGS 13,A01,083071,Staff,0,38,40,40
1650893690393,COGS 14A,A01,092681,Staff,0,37,100,100
1650893696419,COGS 14B,A01,083073,Cheng; Tzu-Han,0,12,50,50
1650893702453,COGS 17,A01,092677,Staff,11,0,75,64
1650893708476,COGS 100,A01,083619,Staff,0,30,60,60
1650893714502,COGS 101A,A01,083621,Davis; Joshua Daniel,0,29,60,60
1650893720525,COGS 101B,A01,091572,Staff,0,3,60,60
1650893726548,COGS 101C,A01,083625,Delgado; Tania,14,0,30,16
1650893732571,COGS 107A,A01,083627,Boyle; Mary E. T.,0,16,60,60
1650893738594,COGS 118A,A01,083075,Staff,0,8,60,60
1650893744623,CSE 3,A50,083646,Miranda; Gregory Joseph,16,0,38,22
1650893744623,CSE 3,A51,083647,Miranda; Gregory Joseph,36,0,37,1
1650893750644,CSE 8A,A50,083650,Miranda; Gregory Joseph,0,29,40,40
1650893756669,CSE 11,A01,083080,Cao; Yingjun,0,97,40,40
1650893762703,CSE 12,A01,083652,Staff,0,21,100,100
1650893768730,CSE 15L,A01,083654,Staff,0,3,50,50
1650893768730,CSE 15L,A02,083655,Staff,0,3,50,50
1650893774755,CSE 20,A01,083657,Staff,48,0,80,32
1650893780780,CSE 30,A01,083084,Eldon; John,0,76,40,40
1650893786810,CSE 100,A01,083659,Cao; Yingjun,0,70,50,50
1650893792842,CSE 134B,A01,083661,Powell; Thomas Allan,0,38,65,65
1650893798866,CSE 140,A01,083663,Staff,0,12,75,75
1650893804899,CSE 140L,A01,083088,Eldon; John,0,20,75,75
1650893810923,CSE 175,A01,083665,Kumar; Rakesh,7,0,25,18
1650893816945,CSE 190,A00,092507,Dubnov; Shlomo,9,0,20,11
1650893822972,ECE 45,A01,083139,Staff,0,4,60,60
1650893829009,ECE 65,A50,083695,Staff,0,6,30,30
1650893835040,ECE 109,A01,091882,Touri; Behrouz,32,0,70,38
1650893841064,ECE 180,A00,083140,Abi Samra; Nicholas Camill,20,0,30,10
1650893841064,ECE 180,B00,083141,Abi Samra; Nicholas Camill,0,0,30,30
1650893847090,MATH 10A,A01,083735,Patchell; Gregory David,2,0,30,28
1650893847090,MATH 10A,A02,083736,Patchell; Gregory David,27,0,30,3
1650893847090,MATH 10A,A03,083737,Patchell; Gregory David,23,0,30,7
1650893853117,MATH 10B,A01,083207,Staff,0,9,30,30
1650893853117,MATH 10B,A02,083208,Staff,0,6,30,30
1650893853117,MATH 10B,B01,083739,Staff,10,0,30,20
1650893853117,MATH 10B,B02,083740,Staff,28,0,30,2
1650893859143,MATH 18,A01,083743,Staff,0,0,30,30
1650893859143,MATH 18,A02,083744,Staff,24,0,30,6
1650893859143,MATH 18,A03,083745,Staff,21,0,30,9
1650893859143,MATH 18,A04,083746,Staff,26,0,30,4
1650893859143,MATH 18,B01,083748,Staff,0,15,30,30
1650893859143,MATH 18,B02,083749,Staff,0,13,30,30
1650893859143,MATH 18,B03,083750,Staff,0,13,30,30
1650893859143,MATH 18,B04,083751,Staff,0,13,30,30
1650893865167,MATH 20A,A01,083754,Staff,19,0,40,21
1650893871189,MATH 20B,A01,083756,Staff,0,14,30,30
1650893871189,MATH 20B,A02,083757,Staff,0,11,30,30
1650893877224,MATH 20C,A01,083760,Staff,0,17,30,30
1650893877224,MATH 20C,A02,083761,Staff,1,16,30,29
1650893877224,MATH 20C,B01,083762,Staff,9,0,30,21
1650893877224,MATH 20C,B02,083763,Staff,28,0,30,2
1650893883247,MATH 20D,A01,083765,Staff,2,1,30,28
1650893883247,MATH 20D,A02,083766,Staff,6,0,30,24
1650893883247,MATH 20D,A03,083767,Staff,23,0,30,7
1650893889280,MATH 20E,A01,083771,Staff,2,0,30,28
1650893889280,MATH 20E,A02,083772,Staff,13,0,30,17
1650893889280,MATH 20E,B01,083773,Staff,0,0,30,30
1650893889280,MATH 20E,B02,083774,Staff,4,0,30,26
1650893895306,MATH 103A,A01,083777,Staff,0,17,30,30
1650893895306,MATH 103A,A02,083778,Staff,0,15,30,30
1650893895306,MATH 103A,B01,083779,Staff,0,15,30,30
1650893895306,MATH 103A,B02,083780,Staff,0,14,30,30
1650893901334,MATH 105,A01,085443,Staff,0,23,30,30
1650893907362,MATH 109,A01,083213,Anzaldo; Leesa B,0,7,30,30
1650893907362,MATH 109,A02,083214,Anzaldo; Leesa B,0,7,30,30
1650893907362,MATH 109,B01,083215,Anzaldo; Leesa B,0,8,30,30
1650893907362,MATH 109,B02,083216,Anzaldo; Leesa B,0,7,30,30
1650893913387,MATH 142A,A01,083219,Chow; Bennett,0,14,30,30
1650893913387,MATH 142A,A02,083220,Chow; Bennett,0,15,30,30
1650893913387,MATH 142A,B01,083221,Chow; Bennett,0,16,30,30
1650893913387,MATH 142A,B02,083222,Chow; Bennett,0,14,30,30
1650893919416,MATH 193A,A01,083224,Staff,0,6,30,30
1650893919416,MATH 193A,A02,083225,Staff,0,7,30,30
1650893919416,MATH 193A,A03,083781,Staff,0,6,30,30
1650893919416,MATH 193A,A04,083782,Staff,0,7,30,30
1650893925449,MATH 197,001,091859,McAuley; Julian John,9998,0,9999,1
1650893931503,COGS 9,A01,083615,Staff,0,17,60,60
1650893937528,COGS 11,A01,083617,Boyle; Mary E. T.,15,0,40,25
1650893943552,COGS 13,A01,083071,Staff,0,38,40,40
1650893949575,COGS 14A,A01,092681,Staff,0,37,100,100
1650893955600,COGS 14B,A01,083073,Cheng; Tzu-Han,0,12,50,50
1650893961625,COGS 17,A01,092677,Staff,11,0,75,64
1650893967647,COGS 100,A01,083619,Staff,0,30,60,60
1650893973677,COGS 101A,A01,083621,Davis; Joshua Daniel,0,29,60,60
1650893979703,COGS 101B,A01,091572,Staff,0,3,60,60
1650893985728,COGS 101C,A01,083625,Delgado; Tania,14,0,30,16
1650893991753,COGS 107A,A01,083627,Boyle; Mary E. T.,0,16,60,60
1650893997780,COGS 118A,A01,083075,Staff,0,8,60,60
1650894003809,CSE 3,A50,083646,Miranda; Gregory Joseph,16,0,38,22
1650894003809,CSE 3,A51,083647,Miranda; Gregory Joseph,36,0,37,1
1650894009835,CSE 8A,A50,083650,Miranda; Gregory Joseph,0,29,40,40
1650894015862,CSE 11,A01,083080,Cao; Yingjun,0,97,40,40
1650894021896,CSE 12,A01,083652,Staff,0,21,100,100
1650894027919,CSE 15L,A01,083654,Staff,0,3,50,50
1650894027919,CSE 15L,A02,083655,Staff,0,3,50,50
1650894033948,CSE 20,A01,083657,Staff,48,0,80,32
1650894039973,CSE 30,A01,083084,Eldon; John,0,76,40,40
1650894046003,CSE 100,A01,083659,Cao; Yingjun,0,70,50,50
1650894052028,CSE 134B,A01,083661,Powell; Thomas Allan,0,38,65,65
1650894058052,CSE 140,A01,083663,Staff,0,12,75,75
1650894064074,CSE 140L,A01,083088,Eldon; John,0,20,75,75
1650894070108,CSE 175,A01,083665,Kumar; Rakesh,7,0,25,18
1650894076134,CSE 190,A00,092507,Dubnov; Shlomo,9,0,20,11
1650894082171,ECE 45,A01,083139,Staff,0,4,60,60
1650894088199,ECE 65,A50,083695,Staff,0,6,30,30
1650894094225,ECE 109,A01,091882,Touri; Behrouz,32,0,70,38
1650894100252,ECE 180,A00,083140,Abi Samra; Nicholas Camill,20,0,30,10
1650894100252,ECE 180,B00,083141,Abi Samra; Nicholas Camill,0,0,30,30
1650894106284,MATH 10A,A01,083735,Patchell; Gregory David,2,0,30,28
1650894106284,MATH 10A,A02,083736,Patchell; Gregory David,27,0,30,3
1650894106284,MATH 10A,A03,083737,Patchell; Gregory David,23,0,30,7
1650894112313,MATH 10B,A01,083207,Staff,0,9,30,30
1650894112313,MATH 10B,A02,083208,Staff,0,6,30,30
1650894112313,MATH 10B,B01,083739,Staff,10,0,30,20
1650894112313,MATH 10B,B02,083740,Staff,28,0,30,2
1650894118346,MATH 18,A01,083743,Staff,0,0,30,30
1650894118346,MATH 18,A02,083744,Staff,24,0,30,6
1650894118346,MATH 18,A03,083745,Staff,21,0,30,9
1650894118346,MATH 18,A04,083746,Staff,26,0,30,4
1650894118346,MATH 18,B01,083748,Staff,0,15,30,30
1650894118346,MATH 18,B02,083749,Staff,0,13,30,30
1650894118346,MATH 18,B03,083750,Staff,0,13,30,30
1650894118346,MATH 18,B04,083751,Staff,0,13,30,30
1650894124374,MATH 20A,A01,083754,Staff,19,0,40,21
1650894130398,MATH 20B,A01,083756,Staff,0,14,30,30
1650894130398,MATH 20B,A02,083757,Staff,0,11,30,30
1650894136427,MATH 20C,A01,083760,Staff,0,17,30,30
1650894136427,MATH 20C,A02,083761,Staff,1,16,30,29
1650894136427,MATH 20C,B01,083762,Staff,9,0,30,21
1650894136427,MATH 20C,B02,083763,Staff,28,0,30,2
1650894142453,MATH 20D,A01,083765,Staff,2,1,30,28
1650894142453,MATH 20D,A02,083766,Staff,6,0,30,24
1650894142453,MATH 20D,A03,083767,Staff,23,0,30,7
1650894148476,MATH 20E,A01,083771,Staff,2,0,30,28
1650894148476,MATH 20E,A02,083772,Staff,13,0,30,17
1650894148476,MATH 20E,B01,083773,Staff,0,0,30,30
1650894148476,MATH 20E,B02,083774,Staff,4,0,30,26
1650894154513,MATH 103A,A01,083777,Staff,0,17,30,30
1650894154513,MATH 103A,A02,083778,Staff,0,15,30,30
1650894154513,MATH 103A,B01,083779,Staff,0,15,30,30
1650894154513,MATH 103A,B02,083780,Staff,0,14,30,30
1650894160543,MATH 105,A01,085443,Staff,0,23,30,30
1650894166572,MATH 109,A01,083213,Anzaldo; Leesa B,0,7,30,30
1650894166572,MATH 109,A02,083214,Anzaldo; Leesa B,0,7,30,30
1650894166572,MATH 109,B01,083215,Anzaldo; Leesa B,0,8,30,30
1650894166572,MATH 109,B02,083216,Anzaldo; Leesa B,0,7,30,30
1650894172603,MATH 142A,A01,083219,Chow; Bennett,0,14,30,30
1650894172603,MATH 142A,A02,083220,Chow; Bennett,0,15,30,30
1650894172603,MATH 142A,B01,083221,Chow; Bennett,0,16,30,30
1650894172603,MATH 142A,B02,083222,Chow; Bennett,0,14,30,30
1650894178632,MATH 193A,A01,083224,Staff,0,6,30,30
1650894178632,MATH 193A,A02,083225,Staff,0,7,30,30
1650894178632,MATH 193A,A03,083781,Staff,0,6,30,30
1650894178632,MATH 193A,A04,083782,Staff,0,7,30,30
1650894184661,MATH 197,001,091859,McAuley; Julian John,9998,0,9999,1
1650894190732,COGS 9,A01,083615,Staff,0,17,60,60
1650894196756,COGS 11,A01,083617,Boyle; Mary E. T.,15,0,40,25
1650894202784,COGS 13,A01,083071,Staff,0,38,40,40
1650894208808,COGS 14A,A01,092681,Staff,0,37,100,100
1650894214833,COGS 14B,A01,083073,Cheng; Tzu-Han,0,12,50,50
1650894220857,COGS 17,A01,092677,Staff,11,0,75,64
1650894226882,COGS 100,A01,083619,Staff,0,30,60,60
1650894232910,COGS 101A,A01,083621,Davis; Joshua Daniel,0,29,60,60
1650894238934,COGS 101B,A01,091572,Staff,0,3,60,60
1650894244958,COGS 101C,A01,083625,Delgado; Tania,14,0,30,16
1650894250988,COGS 107A,A01,083627,Boyle; Mary E. T.,0,16,60,60
1650894257011,COGS 118A,A01,083075,Staff,0,8,60,60
1650894263039,CSE 3,A50,083646,Miranda; Gregory Joseph,16,0,38,22
1650894263039,CSE 3,A51,083647,Miranda; Gregory Joseph,36,0,37,1
1650894269065,CSE 8A,A50,083650,Miranda; Gregory Joseph,0,29,40,40
1650894275092,CSE 11,A01,083080,Cao; Yingjun,0,97,40,40
1650894281193,CSE 12,A01,083652,Staff,0,21,100,100
1650894287220,CSE 15L,A01,083654,Staff,0,3,50,50
1650894287220,CSE 15L,A02,083655,Staff,0,3,50,50
1650894293245,CSE 20,A01,083657,Staff,48,0,80,32
1650894299267,CSE 30,A01,083084,Eldon; John,0,76,40,40
1650894305304,CSE 100,A01,083659,Cao; Yingjun,0,70,50,50
1650894311331,CSE 134B,A01,083661,Powell; Thomas Allan,0,38,65,65
1650894317357,CSE 140,A01,083663,Staff,0,12,75,75
1650894323381,CSE 140L,A01,083088,Eldon; John,0,20,75,75
1650894335637,CSE 175,A01,083665,Kumar; Rakesh,7,0,25,18
1650894341663,CSE 190,A00,092507,Dubnov; Shlomo,9,0,20,11
1650894347692,ECE 45,A01,083139,Staff,0,4,60,60
1650894353716,ECE 65,A50,083695,Staff,0,6,30,30
1650894359741,ECE 109,A01,091882,Touri; Behrouz,32,0,70,38
1650894365767,ECE 180,A00,083140,Abi Samra; Nicholas Camill,20,0,30,10
1650894365767,ECE 180,B00,083141,Abi Samra; Nicholas Camill,0,0,30,30
1650894371796,MATH 10A,A01,083735,Patchell; Gregory David,2,0,30,28
1650894371796,MATH 10A,A02,083736,Patchell; Gregory David,27,0,30,3
1650894371796,MATH 10A,A03,083737,Patchell; Gregory David,23,0,30,7
1650894377826,MATH 10B,A01,083207,Staff,0,9,30,30
1650894377826,MATH 10B,A02,083208,Staff,0,6,30,30
1650894377826,MATH 10B,B01,083739,Staff,10,0,30,20
1650894377826,MATH 10B,B02,083740,Staff,28,0,30,2
1650894383860,MATH 18,A01,083743,Staff,0,0,30,30
1650894383860,MATH 18,A02,083744,Staff,24,0,30,6
1650894383860,MATH 18,A03,083745,Staff,21,0,30,9
1650894383860,MATH 18,A04,083746,Staff,26,0,30,4
1650894383860,MATH 18,B01,083748,Staff,0,15,30,30
1650894383860,MATH 18,B02,083749,Staff,0,13,30,30
1650894383860,MATH 18,B03,083750,Staff,0,13,30,30
1650894383860,MATH 18,B04,083751,Staff,0,13,30,30
1650894389889,MATH 20A,A01,083754,Staff,19,0,40,21
1650894395914,MATH 20B,A01,083756,Staff,0,14,30,30
1650894395914,MATH 20B,A02,083757,Staff,0,11,30,30
1650894401940,MATH 20C,A01,083760,Staff,0,17,30,30
1650894401940,MATH 20C,A02,083761,Staff,1,16,30,29
1650894401940,MATH 20C,B01,083762,Staff,9,0,30,21
1650894401940,MATH 20C,B02,083763,Staff,28,0,30,2
1650894407965,MATH 20D,A01,083765,Staff,2,1,30,28
1650894407965,MATH 20D,A02,083766,Staff,6,0,30,24
1650894407965,MATH 20D,A03,083767,Staff,23,0,30,7
1650894413994,MATH 20E,A01,083771,Staff,2,0,30,28
1650894413994,MATH 20E,A02,083772,Staff,13,0,30,17
1650894413994,MATH 20E,B01,083773,Staff,0,0,30,30
1650894413994,MATH 20E,B02,083774,Staff,4,0,30,26
1650894420025,MATH 103A,A01,083777,Staff,0,17,30,30
1650894420025,MATH 103A,A02,083778,Staff,0,15,30,30
1650894420025,MATH 103A,B01,083779,Staff,0,15,30,30
1650894420025,MATH 103A,B02,083780,Staff,0,14,30,30
1650894426051,MATH 105,A01,085443,Staff,0,23,30,30
1650894432081,MATH 109,A01,083213,Anzaldo; Leesa B,0,7,30,30
1650894432081,MATH 109,A02,083214,Anzaldo; Leesa B,0,7,30,30
1650894432081,MATH 109,B01,083215,Anzaldo; Leesa B,0,8,30,30
1650894432081,MATH 109,B02,083216,Anzaldo; Leesa B,0,7,30,30
1650894438113,MATH 142A,A01,083219,Chow; Bennett,0,14,30,30
1650894438113,MATH 142A,A02,083220,Chow; Bennett,0,15,30,30
1650894438113,MATH 142A,B01,083221,Chow; Bennett,0,16,30,30
1650894438113,MATH 142A,B02,083222,Chow; Bennett,0,14,30,30
1650894444140,MATH 193A,A01,083224,Staff,0,6,30,30
1650894444140,MATH 193A,A02,083225,Staff,0,7,30,30
1650894444140,MATH 193A,A03,083781,Staff,0,6,30,30
1650894444140,MATH 193A,A04,083782,Staff,0,7,30,30
1650894450165,MATH 197,001,091859,McAuley; Julian John,9998,0,9999,1
1650894456218,COGS 9,A01,083615,Staff,0,17,60,60
1650894462246,COGS 11,A01,083617,Boyle; Mary E. T.,15,0,40,25
1650894468269,COGS 13,A01,083071,Staff,0,38,40,40
1650894474295,COGS 14A,A01,092681,Staff,0,37,100,100
1650894480320,COGS 14B,A01,083073,Cheng; Tzu-Han,0,12,50,50
1650894486347,COGS 17,A01,092677,Staff,11,0,75,64
1650894492370,COGS 100,A01,083619,Staff,0,30,60,60
1650894498397,COGS 101A,A01,083621,Davis; Joshua Daniel,0,29,60,60
1650894504421,COGS 101B,A01,091572,Staff,0,3,60,60
1650894510448,COGS 101C,A01,083625,Delgado; Tania,14,0,30,16
1650894516472,COGS 107A,A01,083627,Boyle; Mary E. T.,0,16,60,60
1650894522498,COGS 118A,A01,083075,Staff,0,8,60,60
1650894528529,CSE 3,A50,083646,Miranda; Gregory Joseph,16,0,38,22
1650894528529,CSE 3,A51,083647,Miranda; Gregory Joseph,36,0,37,1
1650894534557,CSE 8A,A50,083650,Miranda; Gregory Joseph,0,29,40,40
1650894540589,CSE 11,A01,083080,Cao; Yingjun,0,97,40,40
1650894546613,CSE 12,A01,083652,Staff,0,21,100,100
1650894552637,CSE 15L,A01,083654,Staff,0,3,50,50
1650894552637,CSE 15L,A02,083655,Staff,0,3,50,50
1650894558662,CSE 20,A01,083657,Staff,48,0,80,32
1650894564690,CSE 30,A01,083084,Eldon; John,0,76,40,40
1650894570714,CSE 100,A01,083659,Cao; Yingjun,0,70,50,50
1650894576738,CSE 134B,A01,083661,Powell; Thomas Allan,0,38,65,65
1650894582763,CSE 140,A01,083663,Staff,0,12,75,75
1650894588788,CSE 140L,A01,083088,Eldon; John,0,20,75,75
1650894594820,CSE 175,A01,083665,Kumar; Rakesh,7,0,25,18
1650894600845,CSE 190,A00,092507,Dubnov; Shlomo,9,0,20,11
1650894606869,ECE 45,A01,083139,Staff,0,4,60,60
1650894612898,ECE 65,A50,083695,Staff,0,6,30,30
1650894618926,ECE 109,A01,091882,Touri; Behrouz,32,0,70,38
1650894624950,ECE 180,A00,083140,Abi Samra; Nicholas Camill,20,0,30,10
1650894624950,ECE 180,B00,083141,Abi Samra; Nicholas Camill,0,0,30,30
1650894630975,MATH 10A,A01,083735,Patchell; Gregory David,2,0,30,28
1650894630975,MATH 10A,A02,083736,Patchell; Gregory David,27,0,30,3
1650894630975,MATH 10A,A03,083737,Patchell; Gregory David,23,0,30,7
1650894637003,MATH 10B,A01,083207,Staff,0,9,30,30
1650894637003,MATH 10B,A02,083208,Staff,0,6,30,30
1650894637003,MATH 10B,B01,083739,Staff,10,0,30,20
1650894637003,MATH 10B,B02,083740,Staff,28,0,30,2
1650894643027,MATH 18,A01,083743,Staff,0,0,30,30
1650894643027,MATH 18,A02,083744,Staff,24,0,30,6
1650894643027,MATH 18,A03,083745,Staff,21,0,30,9
1650894643027,MATH 18,A04,083746,Staff,26,0,30,4
1650894643027,MATH 18,B01,083748,Staff,0,15,30,30
1650894643027,MATH 18,B02,083749,Staff,0,13,30,30
1650894643027,MATH 18,B03,083750,Staff,0,13,30,30
1650894643027,MATH 18,B04,083751,Staff,0,13,30,30
1650894649054,MATH 20A,A01,083754,Staff,19,0,40,21
1650894655080,MATH 20B,A01,083756,Staff,0,14,30,30
1650894655080,MATH 20B,A02,083757,Staff,0,11,30,30
1650894661104,MATH 20C,A01,083760,Staff,0,17,30,30
1650894661104,MATH 20C,A02,083761,Staff,1,16,30,29
1650894661104,MATH 20C,B01,083762,Staff,9,0,30,21
1650894661104,MATH 20C,B02,083763,Staff,28,0,30,2
1650894667130,MATH 20D,A01,083765,Staff,2,1,30,28
1650894667130,MATH 20D,A02,083766,Staff,6,0,30,24
1650894667130,MATH 20D,A03,083767,Staff,23,0,30,7
1650894673161,MATH 20E,A01,083771,Staff,2,0,30,28
1650894673161,MATH 20E,A02,083772,Staff,13,0,30,17
1650894673161,MATH 20E,B01,083773,Staff,0,0,30,30
1650894673161,MATH 20E,B02,083774,Staff,4,0,30,26
1650894679191,MATH 103A,A01,083777,Staff,0,17,30,30
1650894679191,MATH 103A,A02,083778,Staff,0,15,30,30
1650894679191,MATH 103A,B01,083779,Staff,0,15,30,30
1650894679191,MATH 103A,B02,083780,Staff,0,14,30,30
1650894685215,MATH 105,A01,085443,Staff,0,23,30,30
1650894691245,MATH 109,A01,083213,Anzaldo; Leesa B,0,7,30,30
1650894691245,MATH 109,A02,083214,Anzaldo; Leesa B,0,7,30,30
1650894691245,MATH 109,B01,083215,Anzaldo; Leesa B,0,8,30,30
1650894691245,MATH 109,B02,083216,Anzaldo; Leesa B,0,7,30,30
1650894697281,MATH 142A,A01,083219,Chow; Bennett,0,14,30,30
1650894697281,MATH 142A,A02,083220,Chow; Bennett,0,15,30,30
1650894697281,MATH 142A,B01,083221,Chow; Bennett,0,16,30,30
1650894697281,MATH 142A,B02,083222,Chow; Bennett,0,14,30,30
1650894703307,MATH 193A,A01,083224,Staff,0,6,30,30
1650894703307,MATH 193A,A02,083225,Staff,0,7,30,30
1650894703307,MATH 193A,A03,083781,Staff,0,6,30,30
1650894703307,MATH 193A,A04,083782,Staff,0,7,30,30
1650894709330,MATH 197,001,091859,McAuley; Julian John,9998,0,9999,1
1650894715392,COGS 9,A01,083615,Staff,0,17,60,60
1650894721419,COGS 11,A01,083617,Boyle; Mary E. T.,15,0,40,25
1650894727445,COGS 13,A01,083071,Staff,0,38,40,40
1650894733470,COGS 14A,A01,092681,Staff,0,37,100,100
1650894739495,COGS 14B,A01,083073,Cheng; Tzu-Han,0,12,50,50
1650894745520,COGS 17,A01,092677,Staff,11,0,75,64
1650894751550,COGS 100,A01,083619,Staff,0,30,60,60
1650894757579,COGS 101A,A01,083621,Davis; Joshua Daniel,0,29,60,60
1650894763609,COGS 101B,A01,091572,Staff,0,3,60,60
1650894769633,COGS 101C,A01,083625,Delgado; Tania,14,0,30,16
1650894775659,COGS 107A,A01,083627,Boyle; Mary E. T.,0,16,60,60
1650894781683,COGS 118A,A01,083075,Staff,0,8,60,60
1650894787711,CSE 3,A50,083646,Miranda; Gregory Joseph,16,0,38,22
1650894787711,CSE 3,A51,083647,Miranda; Gregory Joseph,36,0,37,1
1650894793739,CSE 8A,A50,083650,Miranda; Gregory Joseph,0,29,40,40
1650894799766,CSE 11,A01,083080,Cao; Yingjun,0,97,40,40
1650894805793,CSE 12,A01,083652,Staff,0,21,100,100
1650894811818,CSE 15L,A01,083654,Staff,0,3,50,50
1650894811818,CSE 15L,A02,083655,Staff,0,3,50,50
1650894817845,CSE 20,A01,083657,Staff,48,0,80,32
1650894823870,CSE 30,A01,083084,Eldon; John,0,76,40,40
1650894829893,CSE 100,A01,083659,Cao; Yingjun,0,70,50,50
1650894835918,CSE 134B,A01,083661,Powell; Thomas Allan,0,38,65,65
1650894841941,CSE 140,A01,083663,Staff,0,12,75,75
1650894847970,CSE 140L,A01,083088,Eldon; John,0,20,75,75
1650894853998,CSE 175,A01,083665,Kumar; Rakesh,7,0,25,18
1650894860026,CSE 190,A00,092507,Dubnov; Shlomo,9,0,20,11
1650894866063,ECE 45,A01,083139,Staff,0,4,60,60
1650894872086,ECE 65,A50,083695,Staff,0,6,30,30
1650894878114,ECE 109,A01,091882,Touri; Behrouz,32,0,70,38
1650894884235,ECE 180,A00,083140,Abi Samra; Nicholas Camill,20,0,30,10
1650894884235,ECE 180,B00,083141,Abi Samra; Nicholas Camill,0,0,30,30
1650894890264,MATH 10A,A01,083735,Patchell; Gregory David,2,0,30,28
1650894890264,MATH 10A,A02,083736,Patchell; Gregory David,27,0,30,3
1650894890264,MATH 10A,A03,083737,Patchell; Gregory David,23,0,30,7
1650894896293,MATH 10B,A01,083207,Staff,0,9,30,30
1650894896293,MATH 10B,A02,083208,Staff,0,6,30,30
1650894896293,MATH 10B,B01,083739,Staff,10,0,30,20
1650894896293,MATH 10B,B02,083740,Staff,28,0,30,2
1650894902325,MATH 18,A01,083743,Staff,0,0,30,30
1650894902325,MATH 18,A02,083744,Staff,24,0,30,6
1650894902325,MATH 18,A03,083745,Staff,21,0,30,9
1650894902325,MATH 18,A04,083746,Staff,26,0,30,4
1650894902325,MATH 18,B01,083748,Staff,0,15,30,30
1650894902325,MATH 18,B02,083749,Staff,0,13,30,30
1650894902325,MATH 18,B03,083750,Staff,0,13,30,30
1650894902325,MATH 18,B04,083751,Staff,0,13,30,30
1650894908353,MATH 20A,A01,083754,Staff,19,0,40,21
1650894914381,MATH 20B,A01,083756,Staff,0,14,30,30
1650894914381,MATH 20B,A02,083757,Staff,0,11,30,30
1650894920405,MATH 20C,A01,083760,Staff,0,17,30,30
1650894920405,MATH 20C,A02,083761,Staff,1,16,30,29
1650894920405,MATH 20C,B01,083762,Staff,9,0,30,21
1650894920405,MATH 20C,B02,083763,Staff,28,0,30,2
1650894926433,MATH 20D,A01,083765,Staff,2,1,30,28
1650894926433,MATH 20D,A02,083766,Staff,6,0,30,24
1650894926433,MATH 20D,A03,083767,Staff,23,0,30,7
1650894932461,MATH 20E,A01,083771,Staff,2,0,30,28
1650894932461,MATH 20E,A02,083772,Staff,13,0,30,17
1650894932461,MATH 20E,B01,083773,Staff,0,0,30,30
1650894932461,MATH 20E,B02,083774,Staff,4,0,30,26
1650894938491,MATH 103A,A01,083777,Staff,0,17,30,30
1650894938491,MATH 103A,A02,083778,Staff,0,15,30,30
1650894938491,MATH 103A,B01,083779,Staff,0,15,30,30
1650894938491,MATH 103A,B02,083780,Staff,0,14,30,30
1650894944514,MATH 105,A01,085443,Staff,0,23,30,30
1650894950540,MATH 109,A01,083213,Anzaldo; Leesa B,0,7,30,30
1650894950540,MATH 109,A02,083214,Anzaldo; Leesa B,0,7,30,30
1650894950540,MATH 109,B01,083215,Anzaldo; Leesa B,0,8,30,30
1650894950540,MATH 109,B02,083216,Anzaldo; Leesa B,0,7,30,30
1650894956566,MATH 142A,A01,083219,Chow; Bennett,0,14,30,30
1650894956566,MATH 142A,A02,083220,Chow; Bennett,0,15,30,30
1650894956566,MATH 142A,B01,083221,Chow; Bennett,0,16,30,30
1650894956566,MATH 142A,B02,083222,Chow; Bennett,0,14,30,30
1650894962590,MATH 193A,A01,083224,Staff,0,6,30,30
1650894962590,MATH 193A,A02,083225,Staff,0,7,30,30
1650894962590,MATH 193A,A03,083781,Staff,0,6,30,30
1650894962590,MATH 193A,A04,083782,Staff,0,7,30,30
1650894968614,MATH 197,001,091859,McAuley; Julian John,9998,0,9999,1
1650894974669,COGS 9,A01,083615,Staff,0,17,60,60
1650894980692,COGS 11,A01,083617,Boyle; Mary E. T.,15,0,40,25
1650894986726,COGS 13,A01,083071,Staff,0,38,40,40
1650894992753,COGS 14A,A01,092681,Staff,0,37,100,100
1650894998781,COGS 14B,A01,083073,Cheng; Tzu-Han,0,12,50,50
1650895004808,COGS 17,A01,092677,Staff,11,0,75,64
1650895010837,COGS 100,A01,083619,Staff,0,30,60,60
1650895016860,COGS 101A,A01,083621,Davis; Joshua Daniel,0,29,60,60
1650895022887,COGS 101B,A01,091572,Staff,0,3,60,60
1650895028916,COGS 101C,A01,083625,Delgado; Tania,14,0,30,16
1650895034944,COGS 107A,A01,083627,Boyle; Mary E. T.,0,16,60,60
1650895040972,COGS 118A,A01,083075,Staff,0,8,60,60
1650895046997,CSE 3,A50,083646,Miranda; Gregory Joseph,16,0,38,22
1650895046997,CSE 3,A51,083647,Miranda; Gregory Joseph,36,0,37,1
1650895053024,CSE 8A,A50,083650,Miranda; Gregory Joseph,0,29,40,40
1650895059059,CSE 11,A01,083080,Cao; Yingjun,0,97,40,40
1650895065087,CSE 12,A01,083652,Staff,0,21,100,100
1650895071111,CSE 15L,A01,083654,Staff,0,3,50,50
1650895071111,CSE 15L,A02,083655,Staff,0,3,50,50
1650895077141,CSE 20,A01,083657,Staff,48,0,80,32
1650895083164,CSE 30,A01,083084,Eldon; John,0,76,40,40
1650895089189,CSE 100,A01,083659,Cao; Yingjun,0,70,50,50
1650895095217,CSE 134B,A01,083661,Powell; Thomas Allan,0,38,65,65
1650895101241,CSE 140,A01,083663,Staff,0,12,75,75
1650895107264,CSE 140L,A01,083088,Eldon; John,0,20,75,75
1650895113289,CSE 175,A01,083665,Kumar; Rakesh,7,0,25,18
1650895119319,CSE 190,A00,092507,Dubnov; Shlomo,9,0,20,11
1650895125343,ECE 45,A01,083139,Staff,0,4,60,60
1650895131368,ECE 65,A50,083695,Staff,0,6,30,30
1650895137391,ECE 109,A01,091882,Touri; Behrouz,32,0,70,38
1650895143418,ECE 180,A00,083140,Abi Samra; Nicholas Camill,20,0,30,10
1650895143418,ECE 180,B00,083141,Abi Samra; Nicholas Camill,0,0,30,30
1650895149443,MATH 10A,A01,083735,Patchell; Gregory David,2,0,30,28
1650895149443,MATH 10A,A02,083736,Patchell; Gregory David,27,0,30,3
1650895149443,MATH 10A,A03,083737,Patchell; Gregory David,23,0,30,7
1650895155471,MATH 10B,A01,083207,Staff,0,9,30,30
1650895155471,MATH 10B,A02,083208,Staff,0,6,30,30
1650895155471,MATH 10B,B01,083739,Staff,10,0,30,20
1650895155471,MATH 10B,B02,083740,Staff,28,0,30,2
1650895161498,MATH 18,A01,083743,Staff,0,0,30,30
1650895161498,MATH 18,A02,083744,Staff,24,0,30,6
1650895161498,MATH 18,A03,083745,Staff,21,0,30,9
1650895161498,MATH 18,A04,083746,Staff,26,0,30,4
1650895161498,MATH 18,B01,083748,Staff,0,15,30,30
1650895161498,MATH 18,B02,083749,Staff,0,13,30,30
1650895161498,MATH 18,B03,083750,Staff,0,13,30,30
1650895161498,MATH 18,B04,083751,Staff,0,13,30,30
1650895167523,MATH 20A,A01,083754,Staff,19,0,40,21
1650895173549,MATH 20B,A01,083756,Staff,0,14,30,30
1650895173549,MATH 20B,A02,083757,Staff,0,11,30,30
1650895179577,MATH 20C,A01,083760,Staff,0,17,30,30
1650895179577,MATH 20C,A02,083761,Staff,1,16,30,29
1650895179577,MATH 20C,B01,083762,Staff,9,0,30,21
1650895179577,MATH 20C,B02,083763,Staff,28,0,30,2
1650895185602,MATH 20D,A01,083765,Staff,2,1,30,28
1650895185602,MATH 20D,A02,083766,Staff,6,0,30,24
1650895185602,MATH 20D,A03,083767,Staff,23,0,30,7
1650895191628,MATH 20E,A01,083771,Staff,2,0,30,28
1650895191628,MATH 20E,A02,083772,Staff,13,0,30,17
1650895191628,MATH 20E,B01,083773,Staff,0,0,30,30
1650895191628,MATH 20E,B02,083774,Staff,4,0,30,26
1650895197653,MATH 103A,A01,083777,Staff,0,17,30,30
1650895197653,MATH 103A,A02,083778,Staff,0,15,30,30
1650895197653,MATH 103A,B01,083779,Staff,0,15,30,30
1650895197653,MATH 103A,B02,083780,Staff,0,14,30,30
1650895203676,MATH 105,A01,085443,Staff,0,23,30,30
1650895209704,MATH 109,A01,083213,Anzaldo; Leesa B,0,7,30,30
1650895209704,MATH 109,A02,083214,Anzaldo; Leesa B,0,7,30,30
1650895209704,MATH 109,B01,083215,Anzaldo; Leesa B,0,8,30,30
1650895209704,MATH 109,B02,083216,Anzaldo; Leesa B,0,7,30,30
1650895215727,MATH 142A,A01,083219,Chow; Bennett,0,14,30,30
1650895215727,MATH 142A,A02,083220,Chow; Bennett,0,15,30,30
1650895215727,MATH 142A,B01,083221,Chow; Bennett,0,16,30,30
1650895215727,MATH 142A,B02,083222,Chow; Bennett,0,14,30,30
1650895221752,MATH 193A,A01,083224,Staff,0,6,30,30
1650895221752,MATH 193A,A02,083225,Staff,0,7,30,30
1650895221752,MATH 193A,A03,083781,Staff,0,6,30,30
1650895221752,MATH 193A,A04,083782,Staff,0,7,30,30
1650895227787,MATH 197,001,091859,McAuley; Julian John,9998,0,9999,1
1650895233845,COGS 9,A01,083615,Staff,0,17,60,60
1650895239873,COGS 11,A01,083617,Boyle; Mary E. T.,15,0,40,25
1650895245897,COGS 13,A01,083071,Staff,0,38,40,40
1650895251922,COGS 14A,A01,092681,Staff,0,37,100,100
1650895257946,COGS 14B,A01,083073,Cheng; Tzu-Han,0,12,50,50
1650895263971,COGS 17,A01,092677,Staff,11,0,75,64
1650895270002,COGS 100,A01,083619,Staff,0,30,60,60
1650895276029,COGS 101A,A01,083621,Davis; Joshua Daniel,0,29,60,60
1650895282056,COGS 101B,A01,091572,Staff,0,3,60,60
1650895288090,COGS 101C,A01,083625,Delgado; Tania,14,0,30,16
1650895294115,COGS 107A,A01,083627,Boyle; Mary E. T.,0,16,60,60
1650895300146,COGS 118A,A01,083075,Staff,0,8,60,60
1650895306196,CSE 3,A50,083646,Miranda; Gregory Joseph,16,0,38,22
1650895306196,CSE 3,A51,083647,Miranda; Gregory Joseph,36,0,37,1
1650895312238,CSE 8A,A50,083650,Miranda; Gregory Joseph,0,29,40,40
1650895318263,CSE 11,A01,083080,Cao; Yingjun,0,97,40,40
1650895324300,CSE 12,A01,083652,Staff,0,21,100,100
1650895330327,CSE 15L,A01,083654,Staff,0,3,50,50
1650895330327,CSE 15L,A02,083655,Staff,0,3,50,50
1650895336360,CSE 20,A01,083657,Staff,48,0,80,32
1650895342385,CSE 30,A01,083084,Eldon; John,0,76,40,40
1650895348415,CSE 100,A01,083659,Cao; Yingjun,0,70,50,50
1650895354442,CSE 134B,A01,083661,Powell; Thomas Allan,0,38,65,65
1650895360473,CSE 140,A01,083663,Staff,0,12,75,75
1650895366503,CSE 140L,A01,083088,Eldon; John,0,20,75,75
1650895372533,CSE 175,A01,083665,Kumar; Rakesh,7,0,25,18
1650895378561,CSE 190,A00,092507,Dubnov; Shlomo,9,0,20,11
1650895384588,ECE 45,A01,083139,Staff,0,4,60,60
1650895390612,ECE 65,A50,083695,Staff,0,6,30,30
1650895396639,ECE 109,A01,091882,Touri; Behrouz,32,0,70,38
1650895402666,ECE 180,A00,083140,Abi Samra; Nicholas Camill,20,0,30,10
1650895402666,ECE 180,B00,083141,Abi Samra; Nicholas Camill,0,0,30,30
1650895408697,MATH 10A,A01,083735,Patchell; Gregory David,2,0,30,28
1650895408697,MATH 10A,A02,083736,Patchell; Gregory David,27,0,30,3
1650895408697,MATH 10A,A03,083737,Patchell; Gregory David,23,0,30,7
1650895414727,MATH 10B,A01,083207,Staff,0,9,30,30
1650895414727,MATH 10B,A02,083208,Staff,0,6,30,30
1650895414727,MATH 10B,B01,083739,Staff,10,0,30,20
1650895414727,MATH 10B,B02,083740,Staff,28,0,30,2
1650895420758,MATH 18,A01,083743,Staff,0,0,30,30
1650895420758,MATH 18,A02,083744,Staff,24,0,30,6
1650895420758,MATH 18,A03,083745,Staff,21,0,30,9
1650895420758,MATH 18,A04,083746,Staff,26,0,30,4
1650895420758,MATH 18,B01,083748,Staff,0,15,30,30
1650895420758,MATH 18,B02,083749,Staff,0,13,30,30
1650895420758,MATH 18,B03,083750,Staff,0,13,30,30
1650895420758,MATH 18,B04,083751,Staff,0,13,30,30
1650895426784,MATH 20A,A01,083754,Staff,19,0,40,21
1650895432808,MATH 20B,A01,083756,Staff,0,14,30,30
1650895432808,MATH 20B,A02,083757,Staff,0,11,30,30
1650895438834,MATH 20C,A01,083760,Staff,0,17,30,30
1650895438834,MATH 20C,A02,083761,Staff,1,16,30,29
1650895438834,MATH 20C,B01,083762,Staff,9,0,30,21
1650895438834,MATH 20C,B02,083763,Staff,28,0,30,2
1650895444864,MATH 20D,A01,083765,Staff,2,1,30,28
1650895444864,MATH 20D,A02,083766,Staff,6,0,30,24
1650895444864,MATH 20D,A03,083767,Staff,23,0,30,7
1650895450896,MATH 20E,A01,083771,Staff,2,0,30,28
1650895450896,MATH 20E,A02,083772,Staff,13,0,30,17
1650895450896,MATH 20E,B01,083773,Staff,0,0,30,30
1650895450896,MATH 20E,B02,083774,Staff,4,0,30,26
1650895456926,MATH 103A,A01,083777,Staff,0,17,30,30
1650895456926,MATH 103A,A02,083778,Staff,0,15,30,30
1650895456926,MATH 103A,B01,083779,Staff,0,15,30,30
1650895456926,MATH 103A,B02,083780,Staff,0,14,30,30
1650895462949,MATH 105,A01,085443,Staff,0,23,30,30
1650895468984,MATH 109,A01,083213,Anzaldo; Leesa B,0,7,30,30
1650895468984,MATH 109,A02,083214,Anzaldo; Leesa B,0,7,30,30
1650895468984,MATH 109,B01,083215,Anzaldo; Leesa B,0,8,30,30
1650895468984,MATH 109,B02,083216,Anzaldo; Leesa B,0,7,30,30
1650895475019,MATH 142A,A01,083219,Chow; Bennett,0,14,30,30
1650895475019,MATH 142A,A02,083220,Chow; Bennett,0,15,30,30
1650895475019,MATH 142A,B01,083221,Chow; Bennett,0,16,30,30
1650895475019,MATH 142A,B02,083222,Chow; Bennett,0,14,30,30
1650895481135,MATH 193A,A01,083224,Staff,0,6,30,30
1650895481135,MATH 193A,A02,083225,Staff,0,7,30,30
1650895481135,MATH 193A,A03,083781,Staff,0,6,30,30
1650895481135,MATH 193A,A04,083782,Staff,0,7,30,30
1650895487158,MATH 197,001,091859,McAuley; Julian John,9998,0,9999,1
1650895493218,COGS 9,A01,083615,Staff,0,17,60,60
1650895499249,COGS 11,A01,083617,Boyle; Mary E. T.,15,0,40,25
1650895505273,COGS 13,A01,083071,Staff,0,38,40,40
1650895511297,COGS 14A,A01,092681,Staff,0,37,100,100
1650895517327,COGS 14B,A01,083073,Cheng; Tzu-Han,0,12,50,50
1650895523352,COGS 17,A01,092677,Staff,11,0,75,64
1650895529377,COGS 100,A01,083619,Staff,0,30,60,60
1650895535401,COGS 101A,A01,083621,Davis; Joshua Daniel,0,29,60,60
1650895541425,COGS 101B,A01,091572,Staff,0,3,60,60
1650895547449,COGS 101C,A01,083625,Delgado; Tania,14,0,30,16
1650895553477,COGS 107A,A01,083627,Boyle; Mary E. T.,0,16,60,60
1650895559504,COGS 118A,A01,083075,Staff,0,8,60,60
1650895565528,CSE 3,A50,083646,Miranda; Gregory Joseph,16,0,38,22
1650895565528,CSE 3,A51,083647,Miranda; Gregory Joseph,36,0,37,1
1650895571554,CSE 8A,A50,083650,Miranda; Gregory Joseph,0,29,40,40
1650895577578,CSE 11,A01,083080,Cao; Yingjun,0,97,40,40
1650895583602,CSE 12,A01,083652,Staff,0,21,100,100
1650895589630,CSE 15L,A01,083654,Staff,0,3,50,50
1650895589630,CSE 15L,A02,083655,Staff,0,3,50,50
1650895595659,CSE 20,A01,083657,Staff,48,0,80,32
1650895601685,CSE 30,A01,083084,Eldon; John,0,76,40,40
1650895607710,CSE 100,A01,083659,Cao; Yingjun,0,70,50,50
1650895613757,CSE 134B,A01,083661,Powell; Thomas Allan,0,38,65,65
1650895619782,CSE 140,A01,083663,Staff,0,12,75,75
1650895625811,CSE 140L,A01,083088,Eldon; John,0,20,75,75
1650895631840,CSE 175,A01,083665,Kumar; Rakesh,7,0,25,18
1650895637865,CSE 190,A00,092507,Dubnov; Shlomo,9,0,20,11
1650895643893,ECE 45,A01,083139,Staff,0,4,60,60
1650895649917,ECE 65,A50,083695,Staff,0,6,30,30
1650895655944,ECE 109,A01,091882,Touri; Behrouz,32,0,70,38
1650895661969,ECE 180,A00,083140,Abi Samra; Nicholas Camill,20,0,30,10
1650895661969,ECE 180,B00,083141,Abi Samra; Nicholas Camill,0,0,30,30
1650895668003,MATH 10A,A01,083735,Patchell; Gregory David,2,0,30,28
1650895668003,MATH 10A,A02,083736,Patchell; Gregory David,27,0,30,3
1650895668003,MATH 10A,A03,083737,Patchell; Gregory David,23,0,30,7
1650895674031,MATH 10B,A01,083207,Staff,0,9,30,30
1650895674031,MATH 10B,A02,083208,Staff,0,6,30,30
1650895674031,MATH 10B,B01,083739,Staff,10,0,30,20
1650895674031,MATH 10B,B02,083740,Staff,28,0,30,2
1650895680063,MATH 18,A01,083743,Staff,0,0,30,30
1650895680063,MATH 18,A02,083744,Staff,24,0,30,6
1650895680063,MATH 18,A03,083745,Staff,21,0,30,9
1650895680063,MATH 18,A04,083746,Staff,26,0,30,4
1650895680063,MATH 18,B01,083748,Staff,0,15,30,30
1650895680063,MATH 18,B02,083749,Staff,0,13,30,30
1650895680063,MATH 18,B03,083750,Staff,0,13,30,30
1650895680063,MATH 18,B04,083751,Staff,0,13,30,30
1650895686090,MATH 20A,A01,083754,Staff,19,0,40,21
1650895692119,MATH 20B,A01,083756,Staff,0,14,30,30
1650895692119,MATH 20B,A02,083757,Staff,0,11,30,30
1650895698147,MATH 20C,A01,083760,Staff,0,17,30,30
1650895698147,MATH 20C,A02,083761,Staff,1,16,30,29
1650895698147,MATH 20C,B01,083762,Staff,9,0,30,21
1650895698147,MATH 20C,B02,083763,Staff,28,0,30,2
1650895704176,MATH 20D,A01,083765,Staff,2,1,30,28
1650895704176,MATH 20D,A02,083766,Staff,6,0,30,24
1650895704176,MATH 20D,A03,083767,Staff,23,0,30,7
1650895710212,MATH 20E,A01,083771,Staff,2,0,30,28
1650895710212,MATH 20E,A02,083772,Staff,13,0,30,17
1650895710212,MATH 20E,B01,083773,Staff,0,0,30,30
1650895710212,MATH 20E,B02,083774,Staff,4,0,30,26
1650895716241,MATH 103A,A01,083777,Staff,0,17,30,30
1650895716241,MATH 103A,A02,083778,Staff,0,15,30,30
1650895716241,MATH 103A,B01,083779,Staff,0,15,30,30
1650895716241,MATH 103A,B02,083780,Staff,0,14,30,30
1650895722268,MATH 105,A01,085443,Staff,0,23,30,30
1650895728297,MATH 109,A01,083213,Anzaldo; Leesa B,0,7,30,30
1650895728297,MATH 109,A02,083214,Anzaldo; Leesa B,0,7,30,30
1650895728297,MATH 109,B01,083215,Anzaldo; Leesa B,0,8,30,30
1650895728297,MATH 109,B02,083216,Anzaldo; Leesa B,0,7,30,30
1650895734334,MATH 142A,A01,083219,Chow; Bennett,0,14,30,30
1650895734334,MATH 142A,A02,083220,Chow; Bennett,0,15,30,30
1650895734334,MATH 142A,B01,083221,Chow; Bennett,0,16,30,30
1650895734334,MATH 142A,B02,083222,Chow; Bennett,0,14,30,30
1650895740363,MATH 193A,A01,083224,Staff,0,6,30,30
1650895740363,MATH 193A,A02,083225,Staff,0,7,30,30
1650895740363,MATH 193A,A03,083781,Staff,0,6,30,30
1650895740363,MATH 193A,A04,083782,Staff,0,7,30,30
1650895746389,MATH 197,001,091859,McAuley; Julian John,9998,0,9999,1
1650895752444,COGS 9,A01,083615,Staff,0,17,60,60
1650895758472,COGS 11,A01,083617,Boyle; Mary E. T.,15,0,40,25
1650895764497,COGS 13,A01,083071,Staff,0,38,40,40
1650895770521,COGS 14A,A01,092681,Staff,0,37,100,100
1650895776555,COGS 14B,A01,083073,Cheng; Tzu-Han,0,12,50,50
1650895782581,COGS 17,A01,092677,Staff,11,0,75,64
1650895788608,COGS 100,A01,083619,Staff,0,30,60,60
1650895794634,COGS 101A,A01,083621,Davis; Joshua Daniel,0,29,60,60
1650895800656,COGS 101B,A01,091572,Staff,0,3,60,60
1650895806680,COGS 101C,A01,083625,Delgado; Tania,14,0,30,16
1650895812714,COGS 107A,A01,083627,Boyle; Mary E. T.,0,16,60,60
1650895818738,COGS 118A,A01,083075,Staff,0,8,60,60
1650895824776,CSE 3,A50,083646,Miranda; Gregory Joseph,16,0,38,22
1650895824776,CSE 3,A51,083647,Miranda; Gregory Joseph,36,0,37,1
1650895830805,CSE 8A,A50,083650,Miranda; Gregory Joseph,0,29,40,40
1650895836830,CSE 11,A01,083080,Cao; Yingjun,0,97,40,40
1650895842856,CSE 12,A01,083652,Staff,0,21,100,100
1650895848880,CSE 15L,A01,083654,Staff,0,3,50,50
1650895848880,CSE 15L,A02,083655,Staff,0,3,50,50
1650895854907,CSE 20,A01,083657,Staff,48,0,80,32
1650895860930,CSE 30,A01,083084,Eldon; John,0,76,40,40
1650895866954,CSE 100,A01,083659,Cao; Yingjun,0,70,50,50
1650895872982,CSE 134B,A01,083661,Powell; Thomas Allan,0,38,65,65
1650895879014,CSE 140,A01,083663,Staff,0,12,75,75
1650895885040,CSE 140L,A01,083088,Eldon; John,0,20,75,75
1650895891071,CSE 175,A01,083665,Kumar; Rakesh,7,0,25,18
1650895897095,CSE 190,A00,092507,Dubnov; Shlomo,9,0,20,11
1650895903123,ECE 45,A01,083139,Staff,0,4,60,60
1650895909150,ECE 65,A50,083695,Staff,0,6,30,30
1650895915178,ECE 109,A01,091882,Touri; Behrouz,32,0,70,38
1650895921203,ECE 180,A00,083140,Abi Samra; Nicholas Camill,20,0,30,10
1650895921203,ECE 180,B00,083141,Abi Samra; Nicholas Camill,0,0,30,30
1650895927232,MATH 10A,A01,083735,Patchell; Gregory David,2,0,30,28
1650895927232,MATH 10A,A02,083736,Patchell; Gregory David,27,0,30,3
1650895927232,MATH 10A,A03,083737,Patchell; Gregory David,23,0,30,7
1650895933261,MATH 10B,A01,083207,Staff,0,9,30,30
1650895933261,MATH 10B,A02,083208,Staff,0,6,30,30
1650895933261,MATH 10B,B01,083739,Staff,10,0,30,20
1650895933261,MATH 10B,B02,083740,Staff,28,0,30,2
1650895939291,MATH 18,A01,083743,Staff,0,0,30,30
1650895939291,MATH 18,A02,083744,Staff,24,0,30,6
1650895939291,MATH 18,A03,083745,Staff,21,0,30,9
1650895939291,MATH 18,A04,083746,Staff,26,0,30,4
1650895939291,MATH 18,B01,083748,Staff,0,15,30,30
1650895939291,MATH 18,B02,083749,Staff,0,13,30,30
1650895939291,MATH 18,B03,083750,Staff,0,13,30,30
1650895939291,MATH 18,B04,083751,Staff,0,13,30,30
1650895945314,MATH 20A,A01,083754,Staff,19,0,40,21
1650895951341,MATH 20B,A01,083756,Staff,0,14,30,30
1650895951341,MATH 20B,A02,083757,Staff,0,11,30,30
1650895957366,MATH 20C,A01,083760,Staff,0,17,30,30
1650895957366,MATH 20C,A02,083761,Staff,1,16,30,29
1650895957366,MATH 20C,B01,083762,Staff,9,0,30,21
1650895957366,MATH 20C,B02,083763,Staff,28,0,30,2
1650895963389,MATH 20D,A01,083765,Staff,2,1,30,28
1650895963389,MATH 20D,A02,083766,Staff,6,0,30,24
1650895963389,MATH 20D,A03,083767,Staff,23,0,30,7
1650895969420,MATH 20E,A01,083771,Staff,2,0,30,28
1650895969420,MATH 20E,A02,083772,Staff,13,0,30,17
1650895969420,MATH 20E,B01,083773,Staff,0,0,30,30
1650895969420,MATH 20E,B02,083774,Staff,4,0,30,26
1650895975449,MATH 103A,A01,083777,Staff,0,17,30,30
1650895975449,MATH 103A,A02,083778,Staff,0,15,30,30
1650895975449,MATH 103A,B01,083779,Staff,0,15,30,30
1650895975449,MATH 103A,B02,083780,Staff,0,14,30,30
1650895981478,MATH 105,A01,085443,Staff,0,23,30,30
1650895987503,MATH 109,A01,083213,Anzaldo; Leesa B,0,7,30,30
1650895987503,MATH 109,A02,083214,Anzaldo; Leesa B,0,7,30,30
1650895987503,MATH 109,B01,083215,Anzaldo; Leesa B,0,8,30,30
1650895987503,MATH 109,B02,083216,Anzaldo; Leesa B,0,7,30,30
1650895993539,MATH 142A,A01,083219,Chow; Bennett,0,14,30,30
1650895993539,MATH 142A,A02,083220,Chow; Bennett,0,15,30,30
1650895993539,MATH 142A,B01,083221,Chow; Bennett,0,16,30,30
1650895993539,MATH 142A,B02,083222,Chow; Bennett,0,14,30,30
1650895999565,MATH 193A,A01,083224,Staff,0,6,30,30
1650895999565,MATH 193A,A02,083225,Staff,0,7,30,30
1650895999565,MATH 193A,A03,083781,Staff,0,6,30,30
1650895999565,MATH 193A,A04,083782,Staff,0,7,30,30
1650896005589,MATH 197,001,091859,McAuley; Julian John,9998,0,9999,1
1650896011651,COGS 9,A01,083615,Staff,0,17,60,60
1650896017678,COGS 11,A01,083617,Boyle; Mary E. T.,15,0,40,25
1650896023704,COGS 13,A01,083071,Staff,0,38,40,40
1650896029732,COGS 14A,A01,092681,Staff,0,37,100,100
1650896035757,COGS 14B,A01,083073,Cheng; Tzu-Han,0,12,50,50
1650896041784,COGS 17,A01,092677,Staff,11,0,75,64
1650896047810,COGS 100,A01,083619,Staff,0,30,60,60
1650896053833,COGS 101A,A01,083621,Davis; Joshua Daniel,0,29,60,60
1650896059861,COGS 101B,A01,091572,Staff,0,3,60,60
1650896065884,COGS 101C,A01,083625,Delgado; Tania,14,0,30,16
1650896071983,COGS 107A,A01,083627,Boyle; Mary E. T.,0,16,60,60
1650896078010,COGS 118A,A01,083075,Staff,0,8,60,60
1650896084037,CSE 3,A50,083646,Miranda; Gregory Joseph,16,0,38,22
1650896084037,CSE 3,A51,083647,Miranda; Gregory Joseph,36,0,37,1
1650896090067,CSE 8A,A50,083650,Miranda; Gregory Joseph,0,29,40,40
1650896096090,CSE 11,A01,083080,Cao; Yingjun,0,97,40,40
1650896102118,CSE 12,A01,083652,Staff,0,21,100,100
1650896108147,CSE 15L,A01,083654,Staff,0,3,50,50
1650896108147,CSE 15L,A02,083655,Staff,0,3,50,50
1650896114173,CSE 20,A01,083657,Staff,48,0,80,32
1650896120201,CSE 30,A01,083084,Eldon; John,0,76,40,40
1650896126229,CSE 100,A01,083659,Cao; Yingjun,0,70,50,50
1650896132252,CSE 134B,A01,083661,Powell; Thomas Allan,0,38,65,65
1650896138277,CSE 140,A01,083663,Staff,0,12,75,75
1650896144304,CSE 140L,A01,083088,Eldon; John,0,20,75,75
1650896150329,CSE 175,A01,083665,Kumar; Rakesh,7,0,25,18
1650896156355,CSE 190,A00,092507,Dubnov; Shlomo,9,0,20,11
1650896162380,ECE 45,A01,083139,Staff,0,4,60,60
1650896168405,ECE 65,A50,083695,Staff,0,6,30,30
1650896174432,ECE 109,A01,091882,Touri; Behrouz,32,0,70,38
1650896180456,ECE 180,A00,083140,Abi Samra; Nicholas Camill,20,0,30,10
1650896180456,ECE 180,B00,083141,Abi Samra; Nicholas Camill,0,0,30,30
1650896186481,MATH 10A,A01,083735,Patchell; Gregory David,2,0,30,28
1650896186481,MATH 10A,A02,083736,Patchell; Gregory David,27,0,30,3
1650896186481,MATH 10A,A03,083737,Patchell; Gregory David,23,0,30,7
1650896192510,MATH 10B,A01,083207,Staff,0,9,30,30
1650896192510,MATH 10B,A02,083208,Staff,0,6,30,30
1650896192510,MATH 10B,B01,083739,Staff,10,0,30,20
1650896192510,MATH 10B,B02,083740,Staff,28,0,30,2
1650896198540,MATH 18,A01,083743,Staff,0,0,30,30
1650896198540,MATH 18,A02,083744,Staff,24,0,30,6
1650896198540,MATH 18,A03,083745,Staff,21,0,30,9
1650896198540,MATH 18,A04,083746,Staff,26,0,30,4
1650896198540,MATH 18,B01,083748,Staff,0,15,30,30
1650896198540,MATH 18,B02,083749,Staff,0,13,30,30
1650896198540,MATH 18,B03,083750,Staff,0,13,30,30
1650896198540,MATH 18,B04,083751,Staff,0,13,30,30
1650896204568,MATH 20A,A01,083754,Staff,19,0,40,21
1650896210591,MATH 20B,A01,083756,Staff,0,14,30,30
1650896210591,MATH 20B,A02,083757,Staff,0,11,30,30
1650896216616,MATH 20C,A01,083760,Staff,0,17,30,30
1650896216616,MATH 20C,A02,083761,Staff,1,16,30,29
1650896216616,MATH 20C,B01,083762,Staff,9,0,30,21
1650896216616,MATH 20C,B02,083763,Staff,28,0,30,2
1650896222646,MATH 20D,A01,083765,Staff,2,1,30,28
1650896222646,MATH 20D,A02,083766,Staff,6,0,30,24
1650896222646,MATH 20D,A03,083767,Staff,23,0,30,7
1650896228674,MATH 20E,A01,083771,Staff,2,0,30,28
1650896228674,MATH 20E,A02,083772,Staff,13,0,30,17
1650896228674,MATH 20E,B01,083773,Staff,0,0,30,30
1650896228674,MATH 20E,B02,083774,Staff,4,0,30,26
1650896234697,MATH 103A,A01,083777,Staff,0,17,30,30
1650896234697,MATH 103A,A02,083778,Staff,0,15,30,30
1650896234697,MATH 103A,B01,083779,Staff,0,15,30,30
1650896234697,MATH 103A,B02,083780,Staff,0,14,30,30
1650896240727,MATH 105,A01,085443,Staff,0,23,30,30
1650896246753,MATH 109,A01,083213,Anzaldo; Leesa B,0,7,30,30
1650896246753,MATH 109,A02,083214,Anzaldo; Leesa B,0,7,30,30
1650896246753,MATH 109,B01,083215,Anzaldo; Leesa B,0,8,30,30
1650896246753,MATH 109,B02,083216,Anzaldo; Leesa B,0,7,30,30
1650896252785,MATH 142A,A01,083219,Chow; Bennett,0,14,30,30
1650896252785,MATH 142A,A02,083220,Chow; Bennett,0,15,30,30
1650896252785,MATH 142A,B01,083221,Chow; Bennett,0,16,30,30
1650896252785,MATH 142A,B02,083222,Chow; Bennett,0,14,30,30
1650896258808,MATH 193A,A01,083224,Staff,0,6,30,30
1650896258808,MATH 193A,A02,083225,Staff,0,7,30,30
1650896258808,MATH 193A,A03,083781,Staff,0,6,30,30
1650896258808,MATH 193A,A04,083782,Staff,0,7,30,30
1650896264833,MATH 197,001,091859,McAuley; Julian John,9998,0,9999,1
1650896270891,COGS 9,A01,083615,Staff,0,17,60,60
1650896276919,COGS 11,A01,083617,Boyle; Mary E. T.,15,0,40,25
1650896282944,COGS 13,A01,083071,Staff,0,38,40,40
1650896288979,COGS 14A,A01,092681,Staff,0,37,100,100
1650896295003,COGS 14B,A01,083073,Cheng; Tzu-Han,0,12,50,50
1650896301028,COGS 17,A01,092677,Staff,11,0,75,64
1650896307061,COGS 100,A01,083619,Staff,0,30,60,60
1650896313086,COGS 101A,A01,083621,Davis; Joshua Daniel,0,29,60,60
1650896319111,COGS 101B,A01,091572,Staff,0,3,60,60
1650896325145,COGS 101C,A01,083625,Delgado; Tania,14,0,30,16
1650896331169,COGS 107A,A01,083627,Boyle; Mary E. T.,0,16,60,60
1650896337194,COGS 118A,A01,083075,Staff,0,8,60,60
1650896343219,CSE 3,A50,083646,Miranda; Gregory Joseph,16,0,38,22
1650896343219,CSE 3,A51,083647,Miranda; Gregory Joseph,36,0,37,1
1650896349247,CSE 8A,A50,083650,Miranda; Gregory Joseph,0,29,40,40
1650896355273,CSE 11,A01,083080,Cao; Yingjun,0,97,40,40
1650896361301,CSE 12,A01,083652,Staff,0,21,100,100
1650896367325,CSE 15L,A01,083654,Staff,0,3,50,50
1650896367325,CSE 15L,A02,083655,Staff,0,3,50,50
1650896373349,CSE 20,A01,083657,Staff,48,0,80,32
1650896379384,CSE 30,A01,083084,Eldon; John,0,76,40,40
1650896385410,CSE 100,A01,083659,Cao; Yingjun,0,70,50,50
1650896391434,CSE 134B,A01,083661,Powell; Thomas Allan,0,38,65,65
1650896397462,CSE 140,A01,083663,Staff,0,12,75,75
1650896403490,CSE 140L,A01,083088,Eldon; John,0,20,75,75
1650896409517,CSE 175,A01,083665,Kumar; Rakesh,7,0,25,18
1650896415542,CSE 190,A00,092507,Dubnov; Shlomo,9,0,20,11
1650896421573,ECE 45,A01,083139,Staff,0,4,60,60
1650896427596,ECE 65,A50,083695,Staff,0,6,30,30
1650896433631,ECE 109,A01,091882,Touri; Behrouz,32,0,70,38
1650896439665,ECE 180,A00,083140,Abi Samra; Nicholas Camill,20,0,30,10
1650896439665,ECE 180,B00,083141,Abi Samra; Nicholas Camill,0,0,30,30
1650896445694,MATH 10A,A01,083735,Patchell; Gregory David,2,0,30,28
1650896445694,MATH 10A,A02,083736,Patchell; Gregory David,27,0,30,3
1650896445694,MATH 10A,A03,083737,Patchell; Gregory David,23,0,30,7
1650896451719,MATH 10B,A01,083207,Staff,0,9,30,30
1650896451719,MATH 10B,A02,083208,Staff,0,6,30,30
1650896451719,MATH 10B,B01,083739,Staff,10,0,30,20
1650896451719,MATH 10B,B02,083740,Staff,28,0,30,2
1650896457745,MATH 18,A01,083743,Staff,0,0,30,30
1650896457745,MATH 18,A02,083744,Staff,24,0,30,6
1650896457745,MATH 18,A03,083745,Staff,21,0,30,9
1650896457745,MATH 18,A04,083746,Staff,26,0,30,4
1650896457745,MATH 18,B01,083748,Staff,0,15,30,30
1650896457745,MATH 18,B02,083749,Staff,0,13,30,30
1650896457745,MATH 18,B03,083750,Staff,0,13,30,30
1650896457745,MATH 18,B04,083751,Staff,0,13,30,30
1650896463773,MATH 20A,A01,083754,Staff,19,0,40,21
1650896469798,MATH 20B,A01,083756,Staff,0,14,30,30
1650896469798,MATH 20B,A02,083757,Staff,0,11,30,30
1650896475826,MATH 20C,A01,083760,Staff,0,17,30,30
1650896475826,MATH 20C,A02,083761,Staff,1,16,30,29
1650896475826,MATH 20C,B01,083762,Staff,9,0,30,21
1650896475826,MATH 20C,B02,083763,Staff,28,0,30,2
1650896481852,MATH 20D,A01,083765,Staff,2,1,30,28
1650896481852,MATH 20D,A02,083766,Staff,6,0,30,24
1650896481852,MATH 20D,A03,083767,Staff,23,0,30,7
1650896487883,MATH 20E,A01,083771,Staff,2,0,30,28
1650896487883,MATH 20E,A02,083772,Staff,13,0,30,17
1650896487883,MATH 20E,B01,083773,Staff,0,0,30,30
1650896487883,MATH 20E,B02,083774,Staff,4,0,30,26
1650896493917,MATH 103A,A01,083777,Staff,0,17,30,30
1650896493917,MATH 103A,A02,083778,Staff,0,15,30,30
1650896493917,MATH 103A,B01,083779,Staff,0,15,30,30
1650896493917,MATH 103A,B02,083780,Staff,0,14,30,30
1650896499945,MATH 105,A01,085443,Staff,0,23,30,30
1650896505973,MATH 109,A01,083213,Anzaldo; Leesa B,0,7,30,30
1650896505973,MATH 109,A02,083214,Anzaldo; Leesa B,0,7,30,30
1650896505973,MATH 109,B01,083215,Anzaldo; Leesa B,0,8,30,30
1650896505973,MATH 109,B02,083216,Anzaldo; Leesa B,0,7,30,30
1650896512000,MATH 142A,A01,083219,Chow; Bennett,0,14,30,30
1650896512000,MATH 142A,A02,083220,Chow; Bennett,0,15,30,30
1650896512000,MATH 142A,B01,083221,Chow; Bennett,0,16,30,30
1650896512000,MATH 142A,B02,083222,Chow; Bennett,0,14,30,30
1650896518027,MATH 193A,A01,083224,Staff,0,6,30,30
1650896518027,MATH 193A,A02,083225,Staff,0,7,30,30
1650896518027,MATH 193A,A03,083781,Staff,0,6,30,30
1650896518027,MATH 193A,A04,083782,Staff,0,7,30,30
1650896524053,MATH 197,001,091859,McAuley; Julian John,9998,0,9999,1
1650896530113,COGS 9,A01,083615,Staff,0,17,60,60
1650896536138,COGS 11,A01,083617,Boyle; Mary E. T.,15,0,40,25
1650896542173,COGS 13,A01,083071,Staff,0,38,40,40
1650896548201,COGS 14A,A01,092681,Staff,0,38,100,100
1650896554225,COGS 14B,A01,083073,Cheng; Tzu-Han,0,12,50,50
1650896560249,COGS 17,A01,092677,Staff,11,0,75,64
1650896566275,COGS 100,A01,083619,Staff,0,30,60,60
1650896572299,COGS 101A,A01,083621,Davis; Joshua Daniel,0,29,60,60
1650896578326,COGS 101B,A01,091572,Staff,0,3,60,60
1650896584350,COGS 101C,A01,083625,Delgado; Tania,14,0,30,16
1650896590381,COGS 107A,A01,083627,Boyle; Mary E. T.,0,16,60,60
1650896596408,COGS 118A,A01,083075,Staff,0,8,60,60
1650896602435,CSE 3,A50,083646,Miranda; Gregory Joseph,16,0,38,22
1650896602435,CSE 3,A51,083647,Miranda; Gregory Joseph,36,0,37,1
1650896608461,CSE 8A,A50,083650,Miranda; Gregory Joseph,0,29,40,40
1650896614488,CSE 11,A01,083080,Cao; Yingjun,0,97,40,40
1650896620511,CSE 12,A01,083652,Staff,0,21,100,100
1650896626545,CSE 15L,A01,083654,Staff,0,3,50,50
1650896626545,CSE 15L,A02,083655,Staff,0,3,50,50
1650896632570,CSE 20,A01,083657,Staff,48,0,80,32
1650896638600,CSE 30,A01,083084,Eldon; John,0,76,40,40
1650896644625,CSE 100,A01,083659,Cao; Yingjun,0,70,50,50
1650896650653,CSE 134B,A01,083661,Powell; Thomas Allan,0,38,65,65
1650896656693,CSE 140,A01,083663,Staff,0,12,75,75
1650896662718,CSE 140L,A01,083088,Eldon; John,0,20,75,75
1650896668847,CSE 175,A01,083665,Kumar; Rakesh,7,0,25,18
1650896674872,CSE 190,A00,092507,Dubnov; Shlomo,9,0,20,11
1650896680900,ECE 45,A01,083139,Staff,0,4,60,60
1650896686925,ECE 65,A50,083695,Staff,0,6,30,30
1650896692949,ECE 109,A01,091882,Touri; Behrouz,32,0,70,38
1650896698976,ECE 180,A00,083140,Abi Samra; Nicholas Camill,20,0,30,10
1650896698976,ECE 180,B00,083141,Abi Samra; Nicholas Camill,0,0,30,30
1650896705000,MATH 10A,A01,083735,Patchell; Gregory David,2,0,30,28
1650896705000,MATH 10A,A02,083736,Patchell; Gregory David,27,0,30,3
1650896705000,MATH 10A,A03,083737,Patchell; Gregory David,23,0,30,7
1650896711029,MATH 10B,A01,083207,Staff,0,9,30,30
1650896711029,MATH 10B,A02,083208,Staff,0,6,30,30
1650896711029,MATH 10B,B01,083739,Staff,10,0,30,20
1650896711029,MATH 10B,B02,083740,Staff,28,0,30,2
1650896717054,MATH 18,A01,083743,Staff,0,0,30,30
1650896717054,MATH 18,A02,083744,Staff,24,0,30,6
1650896717054,MATH 18,A03,083745,Staff,21,0,30,9
1650896717054,MATH 18,A04,083746,Staff,26,0,30,4
1650896717054,MATH 18,B01,083748,Staff,0,15,30,30
1650896717054,MATH 18,B02,083749,Staff,0,13,30,30
1650896717054,MATH 18,B03,083750,Staff,0,13,30,30
1650896717054,MATH 18,B04,083751,Staff,0,13,30,30
1650896723078,MATH 20A,A01,083754,Staff,19,0,40,21
1650896729105,MATH 20B,A01,083756,Staff,0,14,30,30
1650896729105,MATH 20B,A02,083757,Staff,0,11,30,30
1650896735128,MATH 20C,A01,083760,Staff,0,17,30,30
1650896735128,MATH 20C,A02,083761,Staff,1,16,30,29
1650896735128,MATH 20C,B01,083762,Staff,9,0,30,21
1650896735128,MATH 20C,B02,083763,Staff,28,0,30,2
1650896741155,MATH 20D,A01,083765,Staff,2,1,30,28
1650896741155,MATH 20D,A02,083766,Staff,6,0,30,24
1650896741155,MATH 20D,A03,083767,Staff,23,0,30,7
1650896747180,MATH 20E,A01,083771,Staff,2,0,30,28
1650896747180,MATH 20E,A02,083772,Staff,13,0,30,17
1650896747180,MATH 20E,B01,083773,Staff,0,0,30,30
1650896747180,MATH 20E,B02,083774,Staff,4,0,30,26
1650896753206,MATH 103A,A01,083777,Staff,0,17,30,30
1650896753206,MATH 103A,A02,083778,Staff,0,15,30,30
1650896753206,MATH 103A,B01,083779,Staff,0,15,30,30
1650896753206,MATH 103A,B02,083780,Staff,0,14,30,30
1650896759228,MATH 105,A01,085443,Staff,0,23,30,30
1650896765252,MATH 109,A01,083213,Anzaldo; Leesa B,0,7,30,30
1650896765252,MATH 109,A02,083214,Anzaldo; Leesa B,0,7,30,30
1650896765252,MATH 109,B01,083215,Anzaldo; Leesa B,0,8,30,30
1650896765252,MATH 109,B02,083216,Anzaldo; Leesa B,0,7,30,30
1650896771282,MATH 142A,A01,083219,Chow; Bennett,0,14,30,30
1650896771282,MATH 142A,A02,083220,Chow; Bennett,0,15,30,30
1650896771282,MATH 142A,B01,083221,Chow; Bennett,0,16,30,30
1650896771282,MATH 142A,B02,083222,Chow; Bennett,0,14,30,30
1650896777314,MATH 193A,A01,083224,Staff,0,6,30,30
1650896777314,MATH 193A,A02,083225,Staff,0,7,30,30
1650896777314,MATH 193A,A03,083781,Staff,0,6,30,30
1650896777314,MATH 193A,A04,083782,Staff,0,7,30,30
1650896783335,MATH 197,001,091859,McAuley; Julian John,9998,0,9999,1
1650896789399,COGS 9,A01,083615,Staff,0,17,60,60
1650896795424,COGS 11,A01,083617,Boyle; Mary E. T.,15,0,40,25
1650896801460,COGS 13,A01,083071,Staff,0,38,40,40
1650896807494,COGS 14A,A01,092681,Staff,0,38,100,100
1650896813519,COGS 14B,A01,083073,Cheng; Tzu-Han,0,12,50,50
1650896819540,COGS 17,A01,092677,Staff,11,0,75,64
1650896825567,COGS 100,A01,083619,Staff,0,30,60,60
1650896831589,COGS 101A,A01,083621,Davis; Joshua Daniel,0,29,60,60
1650896837612,COGS 101B,A01,091572,Staff,0,3,60,60
1650896843647,COGS 101C,A01,083625,Delgado; Tania,14,0,30,16
1650896849673,COGS 107A,A01,083627,Boyle; Mary E. T.,0,16,60,60
1650896855700,COGS 118A,A01,083075,Staff,0,8,60,60
1650896861723,CSE 3,A50,083646,Miranda; Gregory Joseph,16,0,38,22
1650896861723,CSE 3,A51,083647,Miranda; Gregory Joseph,36,0,37,1
1650896867748,CSE 8A,A50,083650,Miranda; Gregory Joseph,0,29,40,40
1650896873772,CSE 11,A01,083080,Cao; Yingjun,0,97,40,40
1650896879797,CSE 12,A01,083652,Staff,0,21,100,100
1650896885821,CSE 15L,A01,083654,Staff,0,3,50,50
1650896885821,CSE 15L,A02,083655,Staff,0,3,50,50
1650896891844,CSE 20,A01,083657,Staff,48,0,80,32
1650896897870,CSE 30,A01,083084,Eldon; John,0,76,40,40
1650896903900,CSE 100,A01,083659,Cao; Yingjun,0,70,50,50
1650896909925,CSE 134B,A01,083661,Powell; Thomas Allan,0,38,65,65
1650896915956,CSE 140,A01,083663,Staff,0,12,75,75
1650896921983,CSE 140L,A01,083088,Eldon; John,0,20,75,75
1650896928008,CSE 175,A01,083665,Kumar; Rakesh,7,0,25,18
1650896934033,CSE 190,A00,092507,Dubnov; Shlomo,9,0,20,11
1650896940058,ECE 45,A01,083139,Staff,0,4,60,60
1650896946085,ECE 65,A50,083695,Staff,0,6,30,30
1650896952112,ECE 109,A01,091882,Touri; Behrouz,32,0,70,38
1650896958136,ECE 180,A00,083140,Abi Samra; Nicholas Camill,20,0,30,10
1650896958136,ECE 180,B00,083141,Abi Samra; Nicholas Camill,0,0,30,30
1650896964163,MATH 10A,A01,083735,Patchell; Gregory David,2,0,30,28
1650896964163,MATH 10A,A02,083736,Patchell; Gregory David,27,0,30,3
1650896964163,MATH 10A,A03,083737,Patchell; Gregory David,23,0,30,7
1650896970198,MATH 10B,A01,083207,Staff,0,9,30,30
1650896970198,MATH 10B,A02,083208,Staff,0,6,30,30
1650896970198,MATH 10B,B01,083739,Staff,10,0,30,20
1650896970198,MATH 10B,B02,083740,Staff,28,0,30,2
1650896976230,MATH 18,A01,083743,Staff,0,0,30,30
1650896976230,MATH 18,A02,083744,Staff,24,0,30,6
1650896976230,MATH 18,A03,083745,Staff,21,0,30,9
1650896976230,MATH 18,A04,083746,Staff,26,0,30,4
1650896976230,MATH 18,B01,083748,Staff,0,15,30,30
1650896976230,MATH 18,B02,083749,Staff,0,13,30,30
1650896976230,MATH 18,B03,083750,Staff,0,13,30,30
1650896976230,MATH 18,B04,083751,Staff,0,13,30,30
1650896982254,MATH 20A,A01,083754,Staff,19,0,40,21
1650896988289,MATH 20B,A01,083756,Staff,0,14,30,30
1650896988289,MATH 20B,A02,083757,Staff,0,11,30,30
1650896994316,MATH 20C,A01,083760,Staff,0,17,30,30
1650896994316,MATH 20C,A02,083761,Staff,1,16,30,29
1650896994316,MATH 20C,B01,083762,Staff,9,0,30,21
1650896994316,MATH 20C,B02,083763,Staff,28,0,30,2
1650897000341,MATH 20D,A01,083765,Staff,2,1,30,28
1650897000341,MATH 20D,A02,083766,Staff,6,0,30,24
1650897000341,MATH 20D,A03,083767,Staff,23,0,30,7
1650897006365,MATH 20E,A01,083771,Staff,2,0,30,28
1650897006365,MATH 20E,A02,083772,Staff,13,0,30,17
1650897006365,MATH 20E,B01,083773,Staff,0,0,30,30
1650897006365,MATH 20E,B02,083774,Staff,4,0,30,26
1650897012390,MATH 103A,A01,083777,Staff,0,17,30,30
1650897012390,MATH 103A,A02,083778,Staff,0,15,30,30
1650897012390,MATH 103A,B01,083779,Staff,0,15,30,30
1650897012390,MATH 103A,B02,083780,Staff,0,14,30,30
1650897018415,MATH 105,A01,085443,Staff,0,23,30,30
1650897024440,MATH 109,A01,083213,Anzaldo; Leesa B,0,7,30,30
1650897024440,MATH 109,A02,083214,Anzaldo; Leesa B,0,7,30,30
1650897024440,MATH 109,B01,083215,Anzaldo; Leesa B,0,8,30,30
1650897024440,MATH 109,B02,083216,Anzaldo; Leesa B,0,7,30,30
1650897030465,MATH 142A,A01,083219,Chow; Bennett,0,14,30,30
1650897030465,MATH 142A,A02,083220,Chow; Bennett,0,15,30,30
1650897030465,MATH 142A,B01,083221,Chow; Bennett,0,16,30,30
1650897030465,MATH 142A,B02,083222,Chow; Bennett,0,14,30,30
1650897036490,MATH 193A,A01,083224,Staff,0,6,30,30
1650897036490,MATH 193A,A02,083225,Staff,0,7,30,30
1650897036490,MATH 193A,A03,083781,Staff,0,6,30,30
1650897036490,MATH 193A,A04,083782,Staff,0,7,30,30
1650897042516,MATH 197,001,091859,McAuley; Julian John,9998,0,9999,1
1650897048600,COGS 9,A01,083615,Staff,0,17,60,60
1650897054627,COGS 11,A01,083617,Boyle; Mary E. T.,15,0,40,25
1650897060655,COGS 13,A01,083071,Staff,0,38,40,40
1650897066681,COGS 14A,A01,092681,Staff,0,38,100,100
1650897072709,COGS 14B,A01,083073,Cheng; Tzu-Han,0,12,50,50
1650897078736,COGS 17,A01,092677,Staff,11,0,75,64
1650897084761,COGS 100,A01,083619,Staff,0,30,60,60
1650897090789,COGS 101A,A01,083621,Davis; Joshua Daniel,0,29,60,60
1650897096816,COGS 101B,A01,091572,Staff,0,3,60,60
1650897102840,COGS 101C,A01,083625,Delgado; Tania,14,0,30,16
1650897108867,COGS 107A,A01,083627,Boyle; Mary E. T.,0,16,60,60
1650897114892,COGS 118A,A01,083075,Staff,0,8,60,60
1650897120929,CSE 3,A50,083646,Miranda; Gregory Joseph,16,0,38,22
1650897120929,CSE 3,A51,083647,Miranda; Gregory Joseph,36,0,37,1
1650897126967,CSE 8A,A50,083650,Miranda; Gregory Joseph,0,29,40,40
1650897132991,CSE 11,A01,083080,Cao; Yingjun,0,97,40,40
1650897139019,CSE 12,A01,083652,Staff,0,21,100,100
1650897145044,CSE 15L,A01,083654,Staff,0,3,50,50
1650897145044,CSE 15L,A02,083655,Staff,0,3,50,50
1650897151083,CSE 20,A01,083657,Staff,48,0,80,32
1650897157118,CSE 30,A01,083084,Eldon; John,0,76,40,40
1650897163145,CSE 100,A01,083659,Cao; Yingjun,0,70,50,50
1650897169173,CSE 134B,A01,083661,Powell; Thomas Allan,0,38,65,65
1650897175196,CSE 140,A01,083663,Staff,0,12,75,75
1650897181220,CSE 140L,A01,083088,Eldon; John,0,20,75,75
1650897187245,CSE 175,A01,083665,Kumar; Rakesh,7,0,25,18
1650897193272,CSE 190,A00,092507,Dubnov; Shlomo,9,0,20,11
1650897199299,ECE 45,A01,083139,Staff,0,4,60,60
1650897205323,ECE 65,A50,083695,Staff,0,6,30,30
1650897211354,ECE 109,A01,091882,Touri; Behrouz,32,0,70,38
1650897217380,ECE 180,A00,083140,Abi Samra; Nicholas Camill,20,0,30,10
1650897217380,ECE 180,B00,083141,Abi Samra; Nicholas Camill,0,0,30,30
1650897223403,MATH 10A,A01,083735,Patchell; Gregory David,2,0,30,28
1650897223403,MATH 10A,A02,083736,Patchell; Gregory David,27,0,30,3
1650897223403,MATH 10A,A03,083737,Patchell; Gregory David,23,0,30,7
1650897229430,MATH 10B,A01,083207,Staff,0,9,30,30
1650897229430,MATH 10B,A02,083208,Staff,0,6,30,30
1650897229430,MATH 10B,B01,083739,Staff,10,0,30,20
1650897229430,MATH 10B,B02,083740,Staff,28,0,30,2
1650897235461,MATH 18,A01,083743,Staff,0,0,30,30
1650897235461,MATH 18,A02,083744,Staff,24,0,30,6
1650897235461,MATH 18,A03,083745,Staff,21,0,30,9
1650897235461,MATH 18,A04,083746,Staff,26,0,30,4
1650897235461,MATH 18,B01,083748,Staff,0,15,30,30
1650897235461,MATH 18,B02,083749,Staff,0,13,30,30
1650897235461,MATH 18,B03,083750,Staff,0,13,30,30
1650897235461,MATH 18,B04,083751,Staff,0,13,30,30
1650897241490,MATH 20A,A01,083754,Staff,19,0,40,21
1650897247515,MATH 20B,A01,083756,Staff,0,14,30,30
1650897247515,MATH 20B,A02,083757,Staff,0,11,30,30
1650897253543,MATH 20C,A01,083760,Staff,0,17,30,30
1650897253543,MATH 20C,A02,083761,Staff,1,16,30,29
1650897253543,MATH 20C,B01,083762,Staff,9,0,30,21
1650897253543,MATH 20C,B02,083763,Staff,28,0,30,2
1650897259571,MATH 20D,A01,083765,Staff,2,1,30,28
1650897259571,MATH 20D,A02,083766,Staff,6,0,30,24
1650897259571,MATH 20D,A03,083767,Staff,23,0,30,7
1650897265669,MATH 20E,A01,083771,Staff,2,0,30,28
1650897265669,MATH 20E,A02,083772,Staff,13,0,30,17
1650897265669,MATH 20E,B01,083773,Staff,0,0,30,30
1650897265669,MATH 20E,B02,083774,Staff,4,0,30,26
1650897271694,MATH 103A,A01,083777,Staff,0,17,30,30
1650897271694,MATH 103A,A02,083778,Staff,0,15,30,30
1650897271694,MATH 103A,B01,083779,Staff,0,15,30,30
1650897271694,MATH 103A,B02,083780,Staff,0,14,30,30
1650897277717,MATH 105,A01,085443,Staff,0,23,30,30
1650897283746,MATH 109,A01,083213,Anzaldo; Leesa B,0,7,30,30
1650897283746,MATH 109,A02,083214,Anzaldo; Leesa B,0,7,30,30
1650897283746,MATH 109,B01,083215,Anzaldo; Leesa B,0,8,30,30
1650897283746,MATH 109,B02,083216,Anzaldo; Leesa B,0,7,30,30
1650897289770,MATH 142A,A01,083219,Chow; Bennett,0,14,30,30
1650897289770,MATH 142A,A02,083220,Chow; Bennett,0,15,30,30
1650897289770,MATH 142A,B01,083221,Chow; Bennett,0,16,30,30
1650897289770,MATH 142A,B02,083222,Chow; Bennett,0,14,30,30
1650897295795,MATH 193A,A01,083224,Staff,0,6,30,30
1650897295795,MATH 193A,A02,083225,Staff,0,7,30,30
1650897295795,MATH 193A,A03,083781,Staff,0,6,30,30
1650897295795,MATH 193A,A04,083782,Staff,0,7,30,30
1650897301822,MATH 197,001,091859,McAuley; Julian John,9998,0,9999,1
1650897307878,COGS 9,A01,083615,Staff,0,17,60,60
1650897313902,COGS 11,A01,083617,Boyle; Mary E. T.,15,0,40,25
1650897319926,COGS 13,A01,083071,Staff,0,38,40,40
1650897325951,COGS 14A,A01,092681,Staff,0,38,100,100
1650897331974,COGS 14B,A01,083073,Cheng; Tzu-Han,0,12,50,50
1650897338000,COGS 17,A01,092677,Staff,11,0,75,64
1650897344030,COGS 100,A01,083619,Staff,0,30,60,60
1650897350055,COGS 101A,A01,083621,Davis; Joshua Daniel,0,29,60,60
1650897356080,COGS 101B,A01,091572,Staff,0,3,60,60
1650897362106,COGS 101C,A01,083625,Delgado; Tania,14,0,30,16
1650897368130,COGS 107A,A01,083627,Boyle; Mary E. T.,0,16,60,60
1650897374165,COGS 118A,A01,083075,Staff,0,8,60,60
1650897380196,CSE 3,A50,083646,Miranda; Gregory Joseph,16,0,38,22
1650897380196,CSE 3,A51,083647,Miranda; Gregory Joseph,36,0,37,1
1650897386225,CSE 8A,A50,083650,Miranda; Gregory Joseph,0,29,40,40
1650897392248,CSE 11,A01,083080,Cao; Yingjun,0,97,40,40
1650897398281,CSE 12,A01,083652,Staff,0,21,100,100
1650897404307,CSE 15L,A01,083654,Staff,0,3,50,50
1650897404307,CSE 15L,A02,083655,Staff,0,3,50,50
1650897410333,CSE 20,A01,083657,Staff,48,0,80,32
1650897416359,CSE 30,A01,083084,Eldon; John,0,76,40,40
1650897422382,CSE 100,A01,083659,Cao; Yingjun,0,70,50,50
1650897428411,CSE 134B,A01,083661,Powell; Thomas Allan,0,38,65,65
1650897434446,CSE 140,A01,083663,Staff,0,12,75,75
1650897440479,CSE 140L,A01,083088,Eldon; John,0,20,75,75
1650897446501,CSE 175,A01,083665,Kumar; Rakesh,7,0,25,18
1650897452526,CSE 190,A00,092507,Dubnov; Shlomo,9,0,20,11
1650897458550,ECE 45,A01,083139,Staff,0,4,60,60
1650897464580,ECE 65,A50,083695,Staff,0,6,30,30
1650897470604,ECE 109,A01,091882,Touri; Behrouz,32,0,70,38
1650897476630,ECE 180,A00,083140,Abi Samra; Nicholas Camill,20,0,30,10
1650897476630,ECE 180,B00,083141,Abi Samra; Nicholas Camill,0,0,30,30
1650897482658,MATH 10A,A01,083735,Patchell; Gregory David,2,0,30,28
1650897482658,MATH 10A,A02,083736,Patchell; Gregory David,27,0,30,3
1650897482658,MATH 10A,A03,083737,Patchell; Gregory David,23,0,30,7
1650897488688,MATH 10B,A01,083207,Staff,0,9,30,30
1650897488688,MATH 10B,A02,083208,Staff,0,6,30,30
1650897488688,MATH 10B,B01,083739,Staff,10,0,30,20
1650897488688,MATH 10B,B02,083740,Staff,28,0,30,2
1650897494713,MATH 18,A01,083743,Staff,0,0,30,30
1650897494713,MATH 18,A02,083744,Staff,24,0,30,6
1650897494713,MATH 18,A03,083745,Staff,21,0,30,9
1650897494713,MATH 18,A04,083746,Staff,26,0,30,4
1650897494713,MATH 18,B01,083748,Staff,0,15,30,30
1650897494713,MATH 18,B02,083749,Staff,0,13,30,30
1650897494713,MATH 18,B03,083750,Staff,0,13,30,30
1650897494713,MATH 18,B04,083751,Staff,0,13,30,30
1650897500737,MATH 20A,A01,083754,Staff,19,0,40,21
1650897506769,MATH 20B,A01,083756,Staff,0,14,30,30
1650897506769,MATH 20B,A02,083757,Staff,0,11,30,30
1650897512806,MATH 20C,A01,083760,Staff,0,17,30,30
1650897512806,MATH 20C,A02,083761,Staff,1,16,30,29
1650897512806,MATH 20C,B01,083762,Staff,9,0,30,21
1650897512806,MATH 20C,B02,083763,Staff,28,0,30,2
1650897518833,MATH 20D,A01,083765,Staff,2,1,30,28
1650897518833,MATH 20D,A02,083766,Staff,6,0,30,24
1650897518833,MATH 20D,A03,083767,Staff,23,0,30,7
1650897524858,MATH 20E,A01,083771,Staff,2,0,30,28
1650897524858,MATH 20E,A02,083772,Staff,13,0,30,17
1650897524858,MATH 20E,B01,083773,Staff,0,0,30,30
1650897524858,MATH 20E,B02,083774,Staff,4,0,30,26
1650897530885,MATH 103A,A01,083777,Staff,0,17,30,30
1650897530885,MATH 103A,A02,083778,Staff,0,15,30,30
1650897530885,MATH 103A,B01,083779,Staff,0,15,30,30
1650897530885,MATH 103A,B02,083780,Staff,0,14,30,30
1650897536911,MATH 105,A01,085443,Staff,0,23,30,30
1650897542935,MATH 109,A01,083213,Anzaldo; Leesa B,0,7,30,30
1650897542935,MATH 109,A02,083214,Anzaldo; Leesa B,0,7,30,30
1650897542935,MATH 109,B01,083215,Anzaldo; Leesa B,0,8,30,30
1650897542935,MATH 109,B02,083216,Anzaldo; Leesa B,0,7,30,30
1650897548959,MATH 142A,A01,083219,Chow; Bennett,0,14,30,30
1650897548959,MATH 142A,A02,083220,Chow; Bennett,0,15,30,30
1650897548959,MATH 142A,B01,083221,Chow; Bennett,0,16,30,30
1650897548959,MATH 142A,B02,083222,Chow; Bennett,0,14,30,30
1650897554986,MATH 193A,A01,083224,Staff,0,6,30,30
1650897554986,MATH 193A,A02,083225,Staff,0,7,30,30
1650897554986,MATH 193A,A03,083781,Staff,0,6,30,30
1650897554986,MATH 193A,A04,083782,Staff,0,7,30,30
1650897561009,MATH 197,001,091859,McAuley; Julian John,9998,0,9999,1
1650897567064,COGS 9,A01,083615,Staff,0,17,60,60
1650897573088,COGS 11,A01,083617,Boyle; Mary E. T.,15,0,40,25
1650897579112,COGS 13,A01,083071,Staff,0,38,40,40
1650897585139,COGS 14A,A01,092681,Staff,0,38,100,100
1650897591171,COGS 14B,A01,083073,Cheng; Tzu-Han,0,12,50,50
1650897597197,COGS 17,A01,092677,Staff,11,0,75,64
1650897603224,COGS 100,A01,083619,Staff,0,30,60,60
1650897609251,COGS 101A,A01,083621,Davis; Joshua Daniel,0,29,60,60
1650897615275,COGS 101B,A01,091572,Staff,0,3,60,60
1650897621302,COGS 101C,A01,083625,Delgado; Tania,14,0,30,16
1650897627327,COGS 107A,A01,083627,Boyle; Mary E. T.,0,16,60,60
1650897633349,COGS 118A,A01,083075,Staff,0,8,60,60
1650897639374,CSE 3,A50,083646,Miranda; Gregory Joseph,16,0,38,22
1650897639374,CSE 3,A51,083647,Miranda; Gregory Joseph,36,0,37,1
1650897645402,CSE 8A,A50,083650,Miranda; Gregory Joseph,0,29,40,40
1650897651426,CSE 11,A01,083080,Cao; Yingjun,0,97,40,40
1650897657450,CSE 12,A01,083652,Staff,0,21,100,100
1650897663477,CSE 15L,A01,083654,Staff,0,3,50,50
1650897663477,CSE 15L,A02,083655,Staff,0,3,50,50
1650897669501,CSE 20,A01,083657,Staff,48,0,80,32
1650897675527,CSE 30,A01,083084,Eldon; John,0,76,40,40
1650897681551,CSE 100,A01,083659,Cao; Yingjun,0,70,50,50
1650897687576,CSE 134B,A01,083661,Powell; Thomas Allan,0,38,65,65
1650897693601,CSE 140,A01,083663,Staff,0,12,75,75
1650897699624,CSE 140L,A01,083088,Eldon; John,0,20,75,75
1650897705647,CSE 175,A01,083665,Kumar; Rakesh,7,0,25,18
1650897711670,CSE 190,A00,092507,Dubnov; Shlomo,9,0,20,11
1650897717700,ECE 45,A01,083139,Staff,0,4,60,60
1650897723724,ECE 65,A50,083695,Staff,0,6,30,30
1650897729759,ECE 109,A01,091882,Touri; Behrouz,32,0,70,38
1650897735786,ECE 180,A00,083140,Abi Samra; Nicholas Camill,20,0,30,10
1650897735786,ECE 180,B00,083141,Abi Samra; Nicholas Camill,0,0,30,30
1650897741811,MATH 10A,A01,083735,Patchell; Gregory David,2,0,30,28
1650897741811,MATH 10A,A02,083736,Patchell; Gregory David,27,0,30,3
1650897741811,MATH 10A,A03,083737,Patchell; Gregory David,23,0,30,7
1650897747839,MATH 10B,A01,083207,Staff,0,9,30,30
1650897747839,MATH 10B,A02,083208,Staff,0,6,30,30
1650897747839,MATH 10B,B01,083739,Staff,10,0,30,20
1650897747839,MATH 10B,B02,083740,Staff,28,0,30,2
1650897753863,MATH 18,A01,083743,Staff,0,0,30,30
1650897753863,MATH 18,A02,083744,Staff,24,0,30,6
1650897753863,MATH 18,A03,083745,Staff,21,0,30,9
1650897753863,MATH 18,A04,083746,Staff,26,0,30,4
1650897753863,MATH 18,B01,083748,Staff,0,15,30,30
1650897753863,MATH 18,B02,083749,Staff,0,13,30,30
1650897753863,MATH 18,B03,083750,Staff,0,13,30,30
1650897753863,MATH 18,B04,083751,Staff,0,13,30,30
1650897759888,MATH 20A,A01,083754,Staff,19,0,40,21
1650897765916,MATH 20B,A01,083756,Staff,0,14,30,30
1650897765916,MATH 20B,A02,083757,Staff,0,11,30,30
1650897771938,MATH 20C,A01,083760,Staff,0,17,30,30
1650897771938,MATH 20C,A02,083761,Staff,1,16,30,29
1650897771938,MATH 20C,B01,083762,Staff,9,0,30,21
1650897771938,MATH 20C,B02,083763,Staff,28,0,30,2
1650897777969,MATH 20D,A01,083765,Staff,2,1,30,28
1650897777969,MATH 20D,A02,083766,Staff,6,0,30,24
1650897777969,MATH 20D,A03,083767,Staff,23,0,30,7
1650897783993,MATH 20E,A01,083771,Staff,2,0,30,28
1650897783993,MATH 20E,A02,083772,Staff,13,0,30,17
1650897783993,MATH 20E,B01,083773,Staff,0,0,30,30
1650897783993,MATH 20E,B02,083774,Staff,4,0,30,26
1650897790026,MATH 103A,A01,083777,Staff,0,17,30,30
1650897790026,MATH 103A,A02,083778,Staff,0,15,30,30
1650897790026,MATH 103A,B01,083779,Staff,0,15,30,30
1650897790026,MATH 103A,B02,083780,Staff,0,14,30,30
1650897796073,MATH 105,A01,085443,Staff,0,23,30,30
1650897802097,MATH 109,A01,083213,Anzaldo; Leesa B,0,7,30,30
1650897802097,MATH 109,A02,083214,Anzaldo; Leesa B,0,7,30,30
1650897802097,MATH 109,B01,083215,Anzaldo; Leesa B,0,8,30,30
1650897802097,MATH 109,B02,083216,Anzaldo; Leesa B,0,7,30,30
1650897808122,MATH 142A,A01,083219,Chow; Bennett,0,14,30,30
1650897808122,MATH 142A,A02,083220,Chow; Bennett,0,15,30,30
1650897808122,MATH 142A,B01,083221,Chow; Bennett,0,16,30,30
1650897808122,MATH 142A,B02,083222,Chow; Bennett,0,14,30,30
1650897814149,MATH 193A,A01,083224,Staff,0,6,30,30
1650897814149,MATH 193A,A02,083225,Staff,0,7,30,30
1650897814149,MATH 193A,A03,083781,Staff,0,6,30,30
1650897814149,MATH 193A,A04,083782,Staff,0,7,30,30
1650897820172,MATH 197,001,091859,McAuley; Julian John,9998,0,9999,1
1650897826227,COGS 9,A01,083615,Staff,0,17,60,60
1650897832251,COGS 11,A01,083617,Boyle; Mary E. T.,15,0,40,25
1650897838274,COGS 13,A01,083071,Staff,0,38,40,40
1650897844298,COGS 14A,A01,092681,Staff,0,37,100,100
1650897850321,COGS 14B,A01,083073,Cheng; Tzu-Han,0,12,50,50
1650897856424,COGS 17,A01,092677,Staff,11,0,75,64
1650897862448,COGS 100,A01,083619,Staff,0,30,60,60
1650897868472,COGS 101A,A01,083621,Davis; Joshua Daniel,0,29,60,60
1650897874498,COGS 101B,A01,091572,Staff,0,3,60,60
1650897880520,COGS 101C,A01,083625,Delgado; Tania,14,0,30,16
1650897886547,COGS 107A,A01,083627,Boyle; Mary E. T.,0,16,60,60
1650897892571,COGS 118A,A01,083075,Staff,0,8,60,60
1650897898599,CSE 3,A50,083646,Miranda; Gregory Joseph,16,0,38,22
1650897898599,CSE 3,A51,083647,Miranda; Gregory Joseph,36,0,37,1
1650897904627,CSE 8A,A50,083650,Miranda; Gregory Joseph,0,29,40,40
1650897910656,CSE 11,A01,083080,Cao; Yingjun,0,97,40,40
1650897916678,CSE 12,A01,083652,Staff,0,21,100,100
1650897922702,CSE 15L,A01,083654,Staff,0,3,50,50
1650897922702,CSE 15L,A02,083655,Staff,0,3,50,50
1650897928727,CSE 20,A01,083657,Staff,48,0,80,32
1650897934750,CSE 30,A01,083084,Eldon; John,0,76,40,40
1650897940786,CSE 100,A01,083659,Cao; Yingjun,0,70,50,50
1650897946809,CSE 134B,A01,083661,Powell; Thomas Allan,0,38,65,65
1650897952835,CSE 140,A01,083663,Staff,0,12,75,75
1650897958858,CSE 140L,A01,083088,Eldon; John,0,20,75,75
1650897964885,CSE 175,A01,083665,Kumar; Rakesh,7,0,25,18
1650897970912,CSE 190,A00,092507,Dubnov; Shlomo,9,0,20,11
1650897976934,ECE 45,A01,083139,Staff,0,4,60,60
1650897982959,ECE 65,A50,083695,Staff,0,6,30,30
1650897988986,ECE 109,A01,091882,Touri; Behrouz,32,0,70,38
1650897995011,ECE 180,A00,083140,Abi Samra; Nicholas Camill,20,0,30,10
1650897995011,ECE 180,B00,083141,Abi Samra; Nicholas Camill,0,0,30,30
1650898001038,MATH 10A,A01,083735,Patchell; Gregory David,2,0,30,28
1650898001038,MATH 10A,A02,083736,Patchell; Gregory David,27,0,30,3
1650898001038,MATH 10A,A03,083737,Patchell; Gregory David,23,0,30,7
1650898007074,MATH 10B,A01,083207,Staff,0,9,30,30
1650898007074,MATH 10B,A02,083208,Staff,0,6,30,30
1650898007074,MATH 10B,B01,083739,Staff,10,0,30,20
1650898007074,MATH 10B,B02,083740,Staff,28,0,30,2
1650898013109,MATH 18,A01,083743,Staff,0,0,30,30
1650898013109,MATH 18,A02,083744,Staff,24,0,30,6
1650898013109,MATH 18,A03,083745,Staff,21,0,30,9
1650898013109,MATH 18,A04,083746,Staff,26,0,30,4
1650898013109,MATH 18,B01,083748,Staff,0,15,30,30
1650898013109,MATH 18,B02,083749,Staff,0,13,30,30
1650898013109,MATH 18,B03,083750,Staff,0,13,30,30
1650898013109,MATH 18,B04,083751,Staff,0,13,30,30
1650898019136,MATH 20A,A01,083754,Staff,19,0,40,21
1650898025161,MATH 20B,A01,083756,Staff,0,14,30,30
1650898025161,MATH 20B,A02,083757,Staff,0,11,30,30
1650898031186,MATH 20C,A01,083760,Staff,0,17,30,30
1650898031186,MATH 20C,A02,083761,Staff,1,16,30,29
1650898031186,MATH 20C,B01,083762,Staff,9,0,30,21
1650898031186,MATH 20C,B02,083763,Staff,28,0,30,2
1650898037219,MATH 20D,A01,083765,Staff,2,1,30,28
1650898037219,MATH 20D,A02,083766,Staff,6,0,30,24
1650898037219,MATH 20D,A03,083767,Staff,23,0,30,7
1650898043247,MATH 20E,A01,083771,Staff,2,0,30,28
1650898043247,MATH 20E,A02,083772,Staff,13,0,30,17
1650898043247,MATH 20E,B01,083773,Staff,0,0,30,30
1650898043247,MATH 20E,B02,083774,Staff,4,0,30,26
1650898049278,MATH 103A,A01,083777,Staff,0,17,30,30
1650898049278,MATH 103A,A02,083778,Staff,0,15,30,30
1650898049278,MATH 103A,B01,083779,Staff,0,15,30,30
1650898049278,MATH 103A,B02,083780,Staff,0,14,30,30
1650898055302,MATH 105,A01,085443,Staff,0,23,30,30
1650898061329,MATH 109,A01,083213,Anzaldo; Leesa B,0,7,30,30
1650898061329,MATH 109,A02,083214,Anzaldo; Leesa B,0,7,30,30
1650898061329,MATH 109,B01,083215,Anzaldo; Leesa B,0,8,30,30
1650898061329,MATH 109,B02,083216,Anzaldo; Leesa B,0,7,30,30
1650898067354,MATH 142A,A01,083219,Chow; Bennett,0,14,30,30
1650898067354,MATH 142A,A02,083220,Chow; Bennett,0,15,30,30
1650898067354,MATH 142A,B01,083221,Chow; Bennett,0,16,30,30
1650898067354,MATH 142A,B02,083222,Chow; Bennett,0,14,30,30
1650898073377,MATH 193A,A01,083224,Staff,0,6,30,30
1650898073377,MATH 193A,A02,083225,Staff,0,7,30,30
1650898073377,MATH 193A,A03,083781,Staff,0,6,30,30
1650898073377,MATH 193A,A04,083782,Staff,0,7,30,30
1650898079399,MATH 197,001,091859,McAuley; Julian John,9998,0,9999,1
1650898085475,COGS 9,A01,083615,Staff,0,17,60,60
1650898091496,COGS 11,A01,083617,Boyle; Mary E. T.,15,0,40,25
1650898097523,COGS 13,A01,083071,Staff,0,38,40,40
1650898103544,COGS 14A,A01,092681,Staff,0,37,100,100
1650898109566,COGS 14B,A01,083073,Cheng; Tzu-Han,0,12,50,50
1650898115590,COGS 17,A01,092677,Staff,11,0,75,64
1650898121612,COGS 100,A01,083619,Staff,0,30,60,60
1650898127638,COGS 101A,A01,083621,Davis; Joshua Daniel,0,29,60,60
1650898133662,COGS 101B,A01,091572,Staff,0,3,60,60
1650898139689,COGS 101C,A01,083625,Delgado; Tania,14,0,30,16
1650898145715,COGS 107A,A01,083627,Boyle; Mary E. T.,0,16,60,60
1650898151740,COGS 118A,A01,083075,Staff,0,8,60,60
1650898157763,CSE 3,A50,083646,Miranda; Gregory Joseph,16,0,38,22
1650898157763,CSE 3,A51,083647,Miranda; Gregory Joseph,36,0,37,1
1650898163796,CSE 8A,A50,083650,Miranda; Gregory Joseph,0,29,40,40
1650898169823,CSE 11,A01,083080,Cao; Yingjun,0,97,40,40
1650898175849,CSE 12,A01,083652,Staff,0,21,100,100
1650898181873,CSE 15L,A01,083654,Staff,0,3,50,50
1650898181873,CSE 15L,A02,083655,Staff,0,3,50,50
1650898187898,CSE 20,A01,083657,Staff,48,0,80,32
1650898193924,CSE 30,A01,083084,Eldon; John,0,76,40,40
1650898199952,CSE 100,A01,083659,Cao; Yingjun,0,70,50,50
1650898205975,CSE 134B,A01,083661,Powell; Thomas Allan,0,38,65,65
1650898211999,CSE 140,A01,083663,Staff,0,12,75,75
1650898218027,CSE 140L,A01,083088,Eldon; John,0,20,75,75
1650898224050,CSE 175,A01,083665,Kumar; Rakesh,7,0,25,18
1650898230074,CSE 190,A00,092507,Dubnov; Shlomo,9,0,20,11
1650898236103,ECE 45,A01,083139,Staff,0,4,60,60
1650898242127,ECE 65,A50,083695,Staff,0,6,30,30
1650898248154,ECE 109,A01,091882,Touri; Behrouz,32,0,70,38
1650898254181,ECE 180,A00,083140,Abi Samra; Nicholas Camill,20,0,30,10
1650898254181,ECE 180,B00,083141,Abi Samra; Nicholas Camill,0,0,30,30
1650898260225,MATH 10A,A01,083735,Patchell; Gregory David,2,0,30,28
1650898260225,MATH 10A,A02,083736,Patchell; Gregory David,27,0,30,3
1650898260225,MATH 10A,A03,083737,Patchell; Gregory David,23,0,30,7
1650898266265,MATH 10B,A01,083207,Staff,0,9,30,30
1650898266265,MATH 10B,A02,083208,Staff,0,6,30,30
1650898266265,MATH 10B,B01,083739,Staff,10,0,30,20
1650898266265,MATH 10B,B02,083740,Staff,28,0,30,2
1650898272295,MATH 18,A01,083743,Staff,0,0,30,30
1650898272295,MATH 18,A02,083744,Staff,24,0,30,6
1650898272295,MATH 18,A03,083745,Staff,21,0,30,9
1650898272295,MATH 18,A04,083746,Staff,26,0,30,4
1650898272295,MATH 18,B01,083748,Staff,0,15,30,30
1650898272295,MATH 18,B02,083749,Staff,0,13,30,30
1650898272295,MATH 18,B03,083750,Staff,0,13,30,30
1650898272295,MATH 18,B04,083751,Staff,0,13,30,30
1650898278320,MATH 20A,A01,083754,Staff,19,0,40,21
1650898284345,MATH 20B,A01,083756,Staff,0,14,30,30
1650898284345,MATH 20B,A02,083757,Staff,0,11,30,30
1650898290370,MATH 20C,A01,083760,Staff,0,17,30,30
1650898290370,MATH 20C,A02,083761,Staff,1,16,30,29
1650898290370,MATH 20C,B01,083762,Staff,9,0,30,21
1650898290370,MATH 20C,B02,083763,Staff,28,0,30,2
1650898296395,MATH 20D,A01,083765,Staff,2,1,30,28
1650898296395,MATH 20D,A02,083766,Staff,6,0,30,24
1650898296395,MATH 20D,A03,083767,Staff,23,0,30,7
1650898302418,MATH 20E,A01,083771,Staff,2,0,30,28
1650898302418,MATH 20E,A02,083772,Staff,13,0,30,17
1650898302418,MATH 20E,B01,083773,Staff,0,0,30,30
1650898302418,MATH 20E,B02,083774,Staff,4,0,30,26
1650898308441,MATH 103A,A01,083777,Staff,0,17,30,30
1650898308441,MATH 103A,A02,083778,Staff,0,15,30,30
1650898308441,MATH 103A,B01,083779,Staff,0,15,30,30
1650898308441,MATH 103A,B02,083780,Staff,0,14,30,30
1650898314468,MATH 105,A01,085443,Staff,0,23,30,30
1650898320492,MATH 109,A01,083213,Anzaldo; Leesa B,0,7,30,30
1650898320492,MATH 109,A02,083214,Anzaldo; Leesa B,0,7,30,30
1650898320492,MATH 109,B01,083215,Anzaldo; Leesa B,0,8,30,30
1650898320492,MATH 109,B02,083216,Anzaldo; Leesa B,0,7,30,30
1650898326516,MATH 142A,A01,083219,Chow; Bennett,0,14,30,30
1650898326516,MATH 142A,A02,083220,Chow; Bennett,0,15,30,30
1650898326516,MATH 142A,B01,083221,Chow; Bennett,0,16,30,30
1650898326516,MATH 142A,B02,083222,Chow; Bennett,0,14,30,30
1650898332543,MATH 193A,A01,083224,Staff,0,6,30,30
1650898332543,MATH 193A,A02,083225,Staff,0,7,30,30
1650898332543,MATH 193A,A03,083781,Staff,0,6,30,30
1650898332543,MATH 193A,A04,083782,Staff,0,7,30,30
1650898338570,MATH 197,001,091859,McAuley; Julian John,9998,0,9999,1
1650898344651,COGS 9,A01,083615,Staff,0,17,60,60
1650898350679,COGS 11,A01,083617,Boyle; Mary E. T.,15,0,40,25
1650898356702,COGS 13,A01,083071,Staff,0,38,40,40
1650898362725,COGS 14A,A01,092681,Staff,0,37,100,100
1650898368750,COGS 14B,A01,083073,Cheng; Tzu-Han,0,12,50,50
1650898374779,COGS 17,A01,092677,Staff,11,0,75,64
1650898380802,COGS 100,A01,083619,Staff,0,30,60,60
1650898386827,COGS 101A,A01,083621,Davis; Joshua Daniel,0,29,60,60
1650898392855,COGS 101B,A01,091572,Staff,0,3,60,60
1650898398881,COGS 101C,A01,083625,Delgado; Tania,14,0,30,16
1650898404920,COGS 107A,A01,083627,Boyle; Mary E. T.,0,16,60,60
1650898410955,COGS 118A,A01,083075,Staff,0,8,60,60
1650898416982,CSE 3,A50,083646,Miranda; Gregory Joseph,16,0,38,22
1650898416982,CSE 3,A51,083647,Miranda; Gregory Joseph,36,0,37,1
1650898423009,CSE 8A,A50,083650,Miranda; Gregory Joseph,0,29,40,40
1650898429032,CSE 11,A01,083080,Cao; Yingjun,0,97,40,40
1650898435057,CSE 12,A01,083652,Staff,0,21,100,100
1650898441089,CSE 15L,A01,083654,Staff,0,3,50,50
1650898441089,CSE 15L,A02,083655,Staff,0,3,50,50
1650898447115,CSE 20,A01,083657,Staff,48,0,80,32
1650898453227,CSE 30,A01,083084,Eldon; John,0,76,40,40
1650898459260,CSE 100,A01,083659,Cao; Yingjun,0,70,50,50
1650898465290,CSE 134B,A01,083661,Powell; Thomas Allan,0,38,65,65
1650898471316,CSE 140,A01,083663,Staff,0,12,75,75
1650898477344,CSE 140L,A01,083088,Eldon; John,0,20,75,75
1650898483366,CSE 175,A01,083665,Kumar; Rakesh,7,0,25,18
1650898489389,CSE 190,A00,092507,Dubnov; Shlomo,9,0,20,11
1650898495414,ECE 45,A01,083139,Staff,0,4,60,60
1650898501441,ECE 65,A50,083695,Staff,0,6,30,30
1650898507467,ECE 109,A01,091882,Touri; Behrouz,32,0,70,38
1650898513490,ECE 180,A00,083140,Abi Samra; Nicholas Camill,20,0,30,10
1650898513490,ECE 180,B00,083141,Abi Samra; Nicholas Camill,0,0,30,30
1650898519515,MATH 10A,A01,083735,Patchell; Gregory David,2,0,30,28
1650898519515,MATH 10A,A02,083736,Patchell; Gregory David,27,0,30,3
1650898519515,MATH 10A,A03,083737,Patchell; Gregory David,23,0,30,7
1650898525540,MATH 10B,A01,083207,Staff,0,9,30,30
1650898525540,MATH 10B,A02,083208,Staff,0,6,30,30
1650898525540,MATH 10B,B01,083739,Staff,10,0,30,20
1650898525540,MATH 10B,B02,083740,Staff,28,0,30,2
1650898531564,MATH 18,A01,083743,Staff,0,0,30,30
1650898531564,MATH 18,A02,083744,Staff,24,0,30,6
1650898531564,MATH 18,A03,083745,Staff,21,0,30,9
1650898531564,MATH 18,A04,083746,Staff,26,0,30,4
1650898531564,MATH 18,B01,083748,Staff,0,15,30,30
1650898531564,MATH 18,B02,083749,Staff,0,13,30,30
1650898531564,MATH 18,B03,083750,Staff,0,13,30,30
1650898531564,MATH 18,B04,083751,Staff,0,13,30,30
1650898537595,MATH 20A,A01,083754,Staff,19,0,40,21
1650898543617,MATH 20B,A01,083756,Staff,0,14,30,30
1650898543617,MATH 20B,A02,083757,Staff,0,11,30,30
1650898549644,MATH 20C,A01,083760,Staff,0,17,30,30
1650898549644,MATH 20C,A02,083761,Staff,1,16,30,29
1650898549644,MATH 20C,B01,083762,Staff,9,0,30,21
1650898549644,MATH 20C,B02,083763,Staff,28,0,30,2
1650898555680,MATH 20D,A01,083765,Staff,2,1,30,28
1650898555680,MATH 20D,A02,083766,Staff,6,0,30,24
1650898555680,MATH 20D,A03,083767,Staff,23,0,30,7
1650898561717,MATH 20E,A01,083771,Staff,2,0,30,28
1650898561717,MATH 20E,A02,083772,Staff,13,0,30,17
1650898561717,MATH 20E,B01,083773,Staff,0,0,30,30
1650898561717,MATH 20E,B02,083774,Staff,4,0,30,26
1650898567743,MATH 103A,A01,083777,Staff,0,17,30,30
1650898567743,MATH 103A,A02,083778,Staff,0,15,30,30
1650898567743,MATH 103A,B01,083779,Staff,0,15,30,30
1650898567743,MATH 103A,B02,083780,Staff,0,14,30,30
1650898573766,MATH 105,A01,085443,Staff,0,23,30,30
1650898579794,MATH 109,A01,083213,Anzaldo; Leesa B,0,7,30,30
1650898579794,MATH 109,A02,083214,Anzaldo; Leesa B,0,7,30,30
1650898579794,MATH 109,B01,083215,Anzaldo; Leesa B,0,8,30,30
1650898579794,MATH 109,B02,083216,Anzaldo; Leesa B,0,7,30,30
1650898585820,MATH 142A,A01,083219,Chow; Bennett,0,14,30,30
1650898585820,MATH 142A,A02,083220,Chow; Bennett,0,15,30,30
1650898585820,MATH 142A,B01,083221,Chow; Bennett,0,16,30,30
1650898585820,MATH 142A,B02,083222,Chow; Bennett,0,14,30,30
1650898591846,MATH 193A,A01,083224,Staff,0,6,30,30
1650898591846,MATH 193A,A02,083225,Staff,0,7,30,30
1650898591846,MATH 193A,A03,083781,Staff,0,6,30,30
1650898591846,MATH 193A,A04,083782,Staff,0,7,30,30
1650898597870,MATH 197,001,091859,McAuley; Julian John,9998,0,9999,1
1650898603927,COGS 9,A01,083615,Staff,0,17,60,60
1650898609953,COGS 11,A01,083617,Boyle; Mary E. T.,15,0,40,25
1650898615976,COGS 13,A01,083071,Staff,0,38,40,40
1650898622001,COGS 14A,A01,092681,Staff,0,37,100,100
1650898628029,COGS 14B,A01,083073,Cheng; Tzu-Han,0,12,50,50
1650898634056,COGS 17,A01,092677,Staff,11,0,75,64
1650898640080,COGS 100,A01,083619,Staff,0,30,60,60
1650898646105,COGS 101A,A01,083621,Davis; Joshua Daniel,0,29,60,60
1650898652135,COGS 101B,A01,091572,Staff,0,3,60,60
1650898658160,COGS 101C,A01,083625,Delgado; Tania,14,0,30,16
1650898664183,COGS 107A,A01,083627,Boyle; Mary E. T.,0,16,60,60
1650898670211,COGS 118A,A01,083075,Staff,0,8,60,60
1650898676234,CSE 3,A50,083646,Miranda; Gregory Joseph,16,0,38,22
1650898676234,CSE 3,A51,083647,Miranda; Gregory Joseph,36,0,37,1
1650898682259,CSE 8A,A50,083650,Miranda; Gregory Joseph,0,29,40,40
1650898688283,CSE 11,A01,083080,Cao; Yingjun,0,97,40,40
1650898694310,CSE 12,A01,083652,Staff,0,21,100,100
1650898700336,CSE 15L,A01,083654,Staff,0,3,50,50
1650898700336,CSE 15L,A02,083655,Staff,0,3,50,50
1650898706363,CSE 20,A01,083657,Staff,48,0,80,32
1650898712394,CSE 30,A01,083084,Eldon; John,0,76,40,40
1650898718417,CSE 100,A01,083659,Cao; Yingjun,0,70,50,50
1650898724442,CSE 134B,A01,083661,Powell; Thomas Allan,0,38,65,65
1650898730464,CSE 140,A01,083663,Staff,0,12,75,75
1650898736491,CSE 140L,A01,083088,Eldon; John,0,20,75,75
1650898742515,CSE 175,A01,083665,Kumar; Rakesh,7,0,25,18
1650898748538,CSE 190,A00,092507,Dubnov; Shlomo,9,0,20,11
1650898754560,ECE 45,A01,083139,Staff,0,4,60,60
1650898760584,ECE 65,A50,083695,Staff,0,6,30,30
1650898766610,ECE 109,A01,091882,Touri; Behrouz,32,0,70,38
1650898772638,ECE 180,A00,083140,Abi Samra; Nicholas Camill,20,0,30,10
1650898772638,ECE 180,B00,083141,Abi Samra; Nicholas Camill,0,0,30,30
1650898778667,MATH 10A,A01,083735,Patchell; Gregory David,2,0,30,28
1650898778667,MATH 10A,A02,083736,Patchell; Gregory David,27,0,30,3
1650898778667,MATH 10A,A03,083737,Patchell; Gregory David,23,0,30,7
1650898784689,MATH 10B,A01,083207,Staff,0,9,30,30
1650898784689,MATH 10B,A02,083208,Staff,0,6,30,30
1650898784689,MATH 10B,B01,083739,Staff,10,0,30,20
1650898784689,MATH 10B,B02,083740,Staff,28,0,30,2
1650898790719,MATH 18,A01,083743,Staff,0,0,30,30
1650898790719,MATH 18,A02,083744,Staff,24,0,30,6
1650898790719,MATH 18,A03,083745,Staff,21,0,30,9
1650898790719,MATH 18,A04,083746,Staff,26,0,30,4
1650898790719,MATH 18,B01,083748,Staff,0,15,30,30
1650898790719,MATH 18,B02,083749,Staff,0,13,30,30
1650898790719,MATH 18,B03,083750,Staff,0,13,30,30
1650898790719,MATH 18,B04,083751,Staff,0,13,30,30
1650898796745,MATH 20A,A01,083754,Staff,19,0,40,21
1650898802775,MATH 20B,A01,083756,Staff,0,14,30,30
1650898802775,MATH 20B,A02,083757,Staff,0,11,30,30
1650898808802,MATH 20C,A01,083760,Staff,0,17,30,30
1650898808802,MATH 20C,A02,083761,Staff,1,16,30,29
1650898808802,MATH 20C,B01,083762,Staff,9,0,30,21
1650898808802,MATH 20C,B02,083763,Staff,28,0,30,2
1650898814826,MATH 20D,A01,083765,Staff,2,1,30,28
1650898814826,MATH 20D,A02,083766,Staff,6,0,30,24
1650898814826,MATH 20D,A03,083767,Staff,23,0,30,7
1650898820849,MATH 20E,A01,083771,Staff,2,0,30,28
1650898820849,MATH 20E,A02,083772,Staff,13,0,30,17
1650898820849,MATH 20E,B01,083773,Staff,0,0,30,30
1650898820849,MATH 20E,B02,083774,Staff,4,0,30,26
1650898826872,MATH 103A,A01,083777,Staff,0,17,30,30
1650898826872,MATH 103A,A02,083778,Staff,0,15,30,30
1650898826872,MATH 103A,B01,083779,Staff,0,15,30,30
1650898826872,MATH 103A,B02,083780,Staff,0,14,30,30
1650898832896,MATH 105,A01,085443,Staff,0,23,30,30
1650898838923,MATH 109,A01,083213,Anzaldo; Leesa B,0,7,30,30
1650898838923,MATH 109,A02,083214,Anzaldo; Leesa B,0,7,30,30
1650898838923,MATH 109,B01,083215,Anzaldo; Leesa B,0,8,30,30
1650898838923,MATH 109,B02,083216,Anzaldo; Leesa B,0,7,30,30
1650898844951,MATH 142A,A01,083219,Chow; Bennett,0,14,30,30
1650898844951,MATH 142A,A02,083220,Chow; Bennett,0,15,30,30
1650898844951,MATH 142A,B01,083221,Chow; Bennett,0,16,30,30
1650898844951,MATH 142A,B02,083222,Chow; Bennett,0,14,30,30
1650898850976,MATH 193A,A01,083224,Staff,0,6,30,30
1650898850976,MATH 193A,A02,083225,Staff,0,7,30,30
1650898850976,MATH 193A,A03,083781,Staff,0,6,30,30
1650898850976,MATH 193A,A04,083782,Staff,0,7,30,30
1650898857004,MATH 197,001,091859,McAuley; Julian John,9998,0,9999,1
1650898863068,COGS 9,A01,083615,Staff,0,17,60,60
1650898869092,COGS 11,A01,083617,Boyle; Mary E. T.,15,0,40,25
1650898875121,COGS 13,A01,083071,Staff,0,38,40,40
1650898881145,COGS 14A,A01,092681,Staff,0,37,100,100
1650898887168,COGS 14B,A01,083073,Cheng; Tzu-Han,0,12,50,50
1650898893192,COGS 17,A01,092677,Staff,11,0,75,64
1650898899219,COGS 100,A01,083619,Staff,0,30,60,60
1650898905247,COGS 101A,A01,083621,Davis; Joshua Daniel,0,29,60,60
1650898911271,COGS 101B,A01,091572,Staff,0,3,60,60
1650898917305,COGS 101C,A01,083625,Delgado; Tania,14,0,30,16
1650898923329,COGS 107A,A01,083627,Boyle; Mary E. T.,0,16,60,60
1650898929355,COGS 118A,A01,083075,Staff,0,8,60,60
1650898935383,CSE 3,A50,083646,Miranda; Gregory Joseph,16,0,38,22
1650898935383,CSE 3,A51,083647,Miranda; Gregory Joseph,36,0,37,1
1650898941409,CSE 8A,A50,083650,Miranda; Gregory Joseph,0,29,40,40
1650898947442,CSE 11,A01,083080,Cao; Yingjun,0,97,40,40
1650898953472,CSE 12,A01,083652,Staff,0,21,100,100
1650898959496,CSE 15L,A01,083654,Staff,0,3,50,50
1650898959496,CSE 15L,A02,083655,Staff,0,3,50,50
1650898965523,CSE 20,A01,083657,Staff,48,0,80,32
1650898971552,CSE 30,A01,083084,Eldon; John,0,76,40,40
1650898977576,CSE 100,A01,083659,Cao; Yingjun,0,70,50,50
1650898983600,CSE 134B,A01,083661,Powell; Thomas Allan,0,38,65,65
1650898989624,CSE 140,A01,083663,Staff,0,12,75,75
1650898995647,CSE 140L,A01,083088,Eldon; John,0,20,75,75
1650899001673,CSE 175,A01,083665,Kumar; Rakesh,7,0,25,18
1650899007699,CSE 190,A00,092507,Dubnov; Shlomo,9,0,20,11
1650899013725,ECE 45,A01,083139,Staff,0,4,60,60
1650899019756,ECE 65,A50,083695,Staff,0,6,30,30
1650899025783,ECE 109,A01,091882,Touri; Behrouz,32,0,70,38
1650899031807,ECE 180,A00,083140,Abi Samra; Nicholas Camill,20,0,30,10
1650899031807,ECE 180,B00,083141,Abi Samra; Nicholas Camill,0,0,30,30
1650899037840,MATH 10A,A01,083735,Patchell; Gregory David,2,0,30,28
1650899037840,MATH 10A,A02,083736,Patchell; Gregory David,27,0,30,3
1650899037840,MATH 10A,A03,083737,Patchell; Gregory David,23,0,30,7
1650899043862,MATH 10B,A01,083207,Staff,0,9,30,30
1650899043862,MATH 10B,A02,083208,Staff,0,6,30,30
1650899043862,MATH 10B,B01,083739,Staff,10,0,30,20
1650899043862,MATH 10B,B02,083740,Staff,28,0,30,2
1650899049964,MATH 18,A01,083743,Staff,0,0,30,30
1650899049964,MATH 18,A02,083744,Staff,24,0,30,6
1650899049964,MATH 18,A03,083745,Staff,21,0,30,9
1650899049964,MATH 18,A04,083746,Staff,26,0,30,4
1650899049964,MATH 18,B01,083748,Staff,0,15,30,30
1650899049964,MATH 18,B02,083749,Staff,0,13,30,30
1650899049964,MATH 18,B03,083750,Staff,0,13,30,30
1650899049964,MATH 18,B04,083751,Staff,0,13,30,30
1650899055987,MATH 20A,A01,083754,Staff,19,0,40,21
1650899062018,MATH 20B,A01,083756,Staff,0,14,30,30
1650899062018,MATH 20B,A02,083757,Staff,0,11,30,30
1650899068066,MATH 20C,A01,083760,Staff,0,17,30,30
1650899068066,MATH 20C,A02,083761,Staff,1,16,30,29
1650899068066,MATH 20C,B01,083762,Staff,9,0,30,21
1650899068066,MATH 20C,B02,083763,Staff,28,0,30,2
1650899074089,MATH 20D,A01,083765,Staff,2,1,30,28
1650899074089,MATH 20D,A02,083766,Staff,6,0,30,24
1650899074089,MATH 20D,A03,083767,Staff,23,0,30,7
1650899080117,MATH 20E,A01,083771,Staff,2,0,30,28
1650899080117,MATH 20E,A02,083772,Staff,13,0,30,17
1650899080117,MATH 20E,B01,083773,Staff,0,0,30,30
1650899080117,MATH 20E,B02,083774,Staff,4,0,30,26
1650899086144,MATH 103A,A01,083777,Staff,0,17,30,30
1650899086144,MATH 103A,A02,083778,Staff,0,15,30,30
1650899086144,MATH 103A,B01,083779,Staff,0,15,30,30
1650899086144,MATH 103A,B02,083780,Staff,0,14,30,30
1650899092171,MATH 105,A01,085443,Staff,0,23,30,30
1650899098199,MATH 109,A01,083213,Anzaldo; Leesa B,0,7,30,30
1650899098199,MATH 109,A02,083214,Anzaldo; Leesa B,0,7,30,30
1650899098199,MATH 109,B01,083215,Anzaldo; Leesa B,0,8,30,30
1650899098199,MATH 109,B02,083216,Anzaldo; Leesa B,0,7,30,30
1650899104229,MATH 142A,A01,083219,Chow; Bennett,0,14,30,30
1650899104229,MATH 142A,A02,083220,Chow; Bennett,0,15,30,30
1650899104229,MATH 142A,B01,083221,Chow; Bennett,0,16,30,30
1650899104229,MATH 142A,B02,083222,Chow; Bennett,0,14,30,30
1650899110258,MATH 193A,A01,083224,Staff,0,6,30,30
1650899110258,MATH 193A,A02,083225,Staff,0,7,30,30
1650899110258,MATH 193A,A03,083781,Staff,0,6,30,30
1650899110258,MATH 193A,A04,083782,Staff,0,7,30,30
1650899116291,MATH 197,001,091859,McAuley; Julian John,9998,0,9999,1
1650899122345,COGS 9,A01,083615,Staff,0,17,60,60
1650899128369,COGS 11,A01,083617,Boyle; Mary E. T.,15,0,40,25
1650899134398,COGS 13,A01,083071,Staff,0,38,40,40
1650899140422,COGS 14A,A01,092681,Staff,0,37,100,100
1650899146447,COGS 14B,A01,083073,Cheng; Tzu-Han,0,12,50,50
1650899152477,COGS 17,A01,092677,Staff,11,0,75,64
1650899158508,COGS 100,A01,083619,Staff,0,30,60,60
1650899164532,COGS 101A,A01,083621,Davis; Joshua Daniel,0,29,60,60
1650899170560,COGS 101B,A01,091572,Staff,0,3,60,60
1650899176586,COGS 101C,A01,083625,Delgado; Tania,14,0,30,16
1650899182608,COGS 107A,A01,083627,Boyle; Mary E. T.,0,16,60,60
1650899188636,COGS 118A,A01,083075,Staff,0,8,60,60
1650899194658,CSE 3,A50,083646,Miranda; Gregory Joseph,16,0,38,22
1650899194658,CSE 3,A51,083647,Miranda; Gregory Joseph,36,0,37,1
1650899200682,CSE 8A,A50,083650,Miranda; Gregory Joseph,0,29,40,40
1650899206704,CSE 11,A01,083080,Cao; Yingjun,0,97,40,40
1650899212738,CSE 12,A01,083652,Staff,0,21,100,100
1650899218766,CSE 15L,A01,083654,Staff,0,3,50,50
1650899218766,CSE 15L,A02,083655,Staff,0,3,50,50
1650899224793,CSE 20,A01,083657,Staff,48,0,80,32
1650899230820,CSE 30,A01,083084,Eldon; John,0,76,40,40
1650899236845,CSE 100,A01,083659,Cao; Yingjun,0,70,50,50
1650899242872,CSE 134B,A01,083661,Powell; Thomas Allan,0,38,65,65
1650899248896,CSE 140,A01,083663,Staff,0,12,75,75
1650899254920,CSE 140L,A01,083088,Eldon; John,0,20,75,75
1650899260945,CSE 175,A01,083665,Kumar; Rakesh,7,0,25,18
1650899266968,CSE 190,A00,092507,Dubnov; Shlomo,9,0,20,11
1650899272992,ECE 45,A01,083139,Staff,0,4,60,60
1650899279016,ECE 65,A50,083695,Staff,0,6,30,30
1650899285041,ECE 109,A01,091882,Touri; Behrouz,32,0,70,38
1650899291071,ECE 180,A00,083140,Abi Samra; Nicholas Camill,20,0,30,10
1650899291071,ECE 180,B00,083141,Abi Samra; Nicholas Camill,0,0,30,30
1650899297105,MATH 10A,A01,083735,Patchell; Gregory David,2,0,30,28
1650899297105,MATH 10A,A02,083736,Patchell; Gregory David,27,0,30,3
1650899297105,MATH 10A,A03,083737,Patchell; Gregory David,23,0,30,7
1650899303130,MATH 10B,A01,083207,Staff,0,9,30,30
1650899303130,MATH 10B,A02,083208,Staff,0,6,30,30
1650899303130,MATH 10B,B01,083739,Staff,10,0,30,20
1650899303130,MATH 10B,B02,083740,Staff,28,0,30,2
1650899309161,MATH 18,A01,083743,Staff,0,0,30,30
1650899309161,MATH 18,A02,083744,Staff,24,0,30,6
1650899309161,MATH 18,A03,083745,Staff,21,0,30,9
1650899309161,MATH 18,A04,083746,Staff,26,0,30,4
1650899309161,MATH 18,B01,083748,Staff,0,15,30,30
1650899309161,MATH 18,B02,083749,Staff,0,13,30,30
1650899309161,MATH 18,B03,083750,Staff,0,13,30,30
1650899309161,MATH 18,B04,083751,Staff,0,13,30,30
1650899315185,MATH 20A,A01,083754,Staff,19,0,40,21
1650899321207,MATH 20B,A01,083756,Staff,0,14,30,30
1650899321207,MATH 20B,A02,083757,Staff,0,11,30,30
1650899327230,MATH 20C,A01,083760,Staff,0,17,30,30
1650899327230,MATH 20C,A02,083761,Staff,1,16,30,29
1650899327230,MATH 20C,B01,083762,Staff,9,0,30,21
1650899327230,MATH 20C,B02,083763,Staff,28,0,30,2
1650899333255,MATH 20D,A01,083765,Staff,2,1,30,28
1650899333255,MATH 20D,A02,083766,Staff,6,0,30,24
1650899333255,MATH 20D,A03,083767,Staff,23,0,30,7
1650899339280,MATH 20E,A01,083771,Staff,2,0,30,28
1650899339280,MATH 20E,A02,083772,Staff,13,0,30,17
1650899339280,MATH 20E,B01,083773,Staff,0,0,30,30
1650899339280,MATH 20E,B02,083774,Staff,4,0,30,26
1650899345310,MATH 103A,A01,083777,Staff,0,17,30,30
1650899345310,MATH 103A,A02,083778,Staff,0,15,30,30
1650899345310,MATH 103A,B01,083779,Staff,0,15,30,30
1650899345310,MATH 103A,B02,083780,Staff,0,14,30,30
1650899351339,MATH 105,A01,085443,Staff,0,23,30,30
1650899357366,MATH 109,A01,083213,Anzaldo; Leesa B,0,7,30,30
1650899357366,MATH 109,A02,083214,Anzaldo; Leesa B,0,7,30,30
1650899357366,MATH 109,B01,083215,Anzaldo; Leesa B,0,8,30,30
1650899357366,MATH 109,B02,083216,Anzaldo; Leesa B,0,7,30,30
1650899363392,MATH 142A,A01,083219,Chow; Bennett,0,14,30,30
1650899363392,MATH 142A,A02,083220,Chow; Bennett,0,15,30,30
1650899363392,MATH 142A,B01,083221,Chow; Bennett,0,16,30,30
1650899363392,MATH 142A,B02,083222,Chow; Bennett,0,14,30,30
1650899369415,MATH 193A,A01,083224,Staff,0,6,30,30
1650899369415,MATH 193A,A02,083225,Staff,0,7,30,30
1650899369415,MATH 193A,A03,083781,Staff,0,6,30,30
1650899369415,MATH 193A,A04,083782,Staff,0,7,30,30
1650899375440,MATH 197,001,091859,McAuley; Julian John,9998,0,9999,1
1650899381487,COGS 9,A01,083615,Staff,0,17,60,60
1650899387514,COGS 11,A01,083617,Boyle; Mary E. T.,15,0,40,25
1650899393536,COGS 13,A01,083071,Staff,0,38,40,40
1650899399558,COGS 14A,A01,092681,Staff,0,37,100,100
1650899405585,COGS 14B,A01,083073,Cheng; Tzu-Han,0,12,50,50
1650899411611,COGS 17,A01,092677,Staff,11,0,75,64
1650899417634,COGS 100,A01,083619,Staff,0,30,60,60
1650899423671,COGS 101A,A01,083621,Davis; Joshua Daniel,0,29,60,60
1650899429695,COGS 101B,A01,091572,Staff,0,3,60,60
1650899435733,COGS 101C,A01,083625,Delgado; Tania,14,0,30,16
1650899441758,COGS 107A,A01,083627,Boyle; Mary E. T.,0,16,60,60
1650899447790,COGS 118A,A01,083075,Staff,0,8,60,60
1650899453824,CSE 3,A50,083646,Miranda; Gregory Joseph,16,0,38,22
1650899453824,CSE 3,A51,083647,Miranda; Gregory Joseph,36,0,37,1
1650899459850,CSE 8A,A50,083650,Miranda; Gregory Joseph,0,29,40,40
1650899465876,CSE 11,A01,083080,Cao; Yingjun,0,97,40,40
1650899471899,CSE 12,A01,083652,Staff,0,21,100,100
1650899477924,CSE 15L,A01,083654,Staff,0,3,50,50
1650899477924,CSE 15L,A02,083655,Staff,0,3,50,50
1650899483959,CSE 20,A01,083657,Staff,48,0,80,32
1650899489986,CSE 30,A01,083084,Eldon; John,0,76,40,40
1650899496013,CSE 100,A01,083659,Cao; Yingjun,0,70,50,50
1650899502046,CSE 134B,A01,083661,Powell; Thomas Allan,0,38,65,65
1650899508068,CSE 140,A01,083663,Staff,0,12,75,75
1650899514095,CSE 140L,A01,083088,Eldon; John,0,20,75,75
1650899520121,CSE 175,A01,083665,Kumar; Rakesh,7,0,25,18
1650899526144,CSE 190,A00,092507,Dubnov; Shlomo,9,0,20,11
1650899532173,ECE 45,A01,083139,Staff,0,4,60,60
1650899538196,ECE 65,A50,083695,Staff,0,6,30,30
1650899544220,ECE 109,A01,091882,Touri; Behrouz,32,0,70,38
1650899550259,ECE 180,A00,083140,Abi Samra; Nicholas Camill,20,0,30,10
1650899550259,ECE 180,B00,083141,Abi Samra; Nicholas Camill,0,0,30,30
1650899556287,MATH 10A,A01,083735,Patchell; Gregory David,2,0,30,28
1650899556287,MATH 10A,A02,083736,Patchell; Gregory David,27,0,30,3
1650899556287,MATH 10A,A03,083737,Patchell; Gregory David,23,0,30,7
1650899562316,MATH 10B,A01,083207,Staff,0,9,30,30
1650899562316,MATH 10B,A02,083208,Staff,0,6,30,30
1650899562316,MATH 10B,B01,083739,Staff,10,0,30,20
1650899562316,MATH 10B,B02,083740,Staff,28,0,30,2
1650899568353,MATH 18,A01,083743,Staff,0,0,30,30
1650899568353,MATH 18,A02,083744,Staff,24,0,30,6
1650899568353,MATH 18,A03,083745,Staff,21,0,30,9
1650899568353,MATH 18,A04,083746,Staff,26,0,30,4
1650899568353,MATH 18,B01,083748,Staff,0,15,30,30
1650899568353,MATH 18,B02,083749,Staff,0,13,30,30
1650899568353,MATH 18,B03,083750,Staff,0,13,30,30
1650899568353,MATH 18,B04,083751,Staff,0,13,30,30
1650899574382,MATH 20A,A01,083754,Staff,19,0,40,21
1650899580409,MATH 20B,A01,083756,Staff,0,14,30,30
1650899580409,MATH 20B,A02,083757,Staff,0,11,30,30
1650899586434,MATH 20C,A01,083760,Staff,0,17,30,30
1650899586434,MATH 20C,A02,083761,Staff,1,16,30,29
1650899586434,MATH 20C,B01,083762,Staff,9,0,30,21
1650899586434,MATH 20C,B02,083763,Staff,28,0,30,2
1650899592467,MATH 20D,A01,083765,Staff,2,1,30,28
1650899592467,MATH 20D,A02,083766,Staff,6,0,30,24
1650899592467,MATH 20D,A03,083767,Staff,23,0,30,7
1650899598490,MATH 20E,A01,083771,Staff,2,0,30,28
1650899598490,MATH 20E,A02,083772,Staff,13,0,30,17
1650899598490,MATH 20E,B01,083773,Staff,0,0,30,30
1650899598490,MATH 20E,B02,083774,Staff,4,0,30,26
1650899604518,MATH 103A,A01,083777,Staff,0,17,30,30
1650899604518,MATH 103A,A02,083778,Staff,0,15,30,30
1650899604518,MATH 103A,B01,083779,Staff,0,15,30,30
1650899604518,MATH 103A,B02,083780,Staff,0,14,30,30
1650899610542,MATH 105,A01,085443,Staff,0,23,30,30
1650899616566,MATH 109,A01,083213,Anzaldo; Leesa B,0,7,30,30
1650899616566,MATH 109,A02,083214,Anzaldo; Leesa B,0,7,30,30
1650899616566,MATH 109,B01,083215,Anzaldo; Leesa B,0,8,30,30
1650899616566,MATH 109,B02,083216,Anzaldo; Leesa B,0,7,30,30
1650899622600,MATH 142A,A01,083219,Chow; Bennett,0,14,30,30
1650899622600,MATH 142A,A02,083220,Chow; Bennett,0,15,30,30
1650899622600,MATH 142A,B01,083221,Chow; Bennett,0,16,30,30
1650899622600,MATH 142A,B02,083222,Chow; Bennett,0,14,30,30
1650899628630,MATH 193A,A01,083224,Staff,0,6,30,30
1650899628630,MATH 193A,A02,083225,Staff,0,7,30,30
1650899628630,MATH 193A,A03,083781,Staff,0,6,30,30
1650899628630,MATH 193A,A04,083782,Staff,0,7,30,30
1650899634661,MATH 197,001,091859,McAuley; Julian John,9998,0,9999,1
1650899640803,COGS 9,A01,083615,Staff,0,17,60,60
1650899646830,COGS 11,A01,083617,Boyle; Mary E. T.,15,0,40,25
1650899652854,COGS 13,A01,083071,Staff,0,38,40,40
1650899658881,COGS 14A,A01,092681,Staff,0,37,100,100
1650899664905,COGS 14B,A01,083073,Cheng; Tzu-Han,0,12,50,50
1650899670928,COGS 17,A01,092677,Staff,11,0,75,64
1650899676955,COGS 100,A01,083619,Staff,0,30,60,60
1650899682983,COGS 101A,A01,083621,Davis; Joshua Daniel,0,29,60,60
1650899689008,COGS 101B,A01,091572,Staff,0,3,60,60
1650899695031,COGS 101C,A01,083625,Delgado; Tania,14,0,30,16
1650899701059,COGS 107A,A01,083627,Boyle; Mary E. T.,0,16,60,60
1650899707081,COGS 118A,A01,083075,Staff,0,8,60,60
1650899713105,CSE 3,A50,083646,Miranda; Gregory Joseph,16,0,38,22
1650899713105,CSE 3,A51,083647,Miranda; Gregory Joseph,36,0,37,1
1650899719132,CSE 8A,A50,083650,Miranda; Gregory Joseph,0,29,40,40
1650899725161,CSE 11,A01,083080,Cao; Yingjun,0,97,40,40
1650899731194,CSE 12,A01,083652,Staff,0,21,100,100
1650899737221,CSE 15L,A01,083654,Staff,0,3,50,50
1650899737221,CSE 15L,A02,083655,Staff,0,3,50,50
1650899743249,CSE 20,A01,083657,Staff,48,0,80,32
1650899749273,CSE 30,A01,083084,Eldon; John,0,76,40,40
1650899755296,CSE 100,A01,083659,Cao; Yingjun,0,70,50,50
1650899761325,CSE 134B,A01,083661,Powell; Thomas Allan,0,38,65,65
1650899767349,CSE 140,A01,083663,Staff,0,12,75,75
1650899773374,CSE 140L,A01,083088,Eldon; John,0,20,75,75
1650899779398,CSE 175,A01,083665,Kumar; Rakesh,7,0,25,18
1650899785422,CSE 190,A00,092507,Dubnov; Shlomo,9,0,20,11
1650899791450,ECE 45,A01,083139,Staff,0,4,60,60
1650899797476,ECE 65,A50,083695,Staff,0,6,30,30
1650899803515,ECE 109,A01,091882,Touri; Behrouz,32,0,70,38
1650899809539,ECE 180,A00,083140,Abi Samra; Nicholas Camill,20,0,30,10
1650899809539,ECE 180,B00,083141,Abi Samra; Nicholas Camill,0,0,30,30
1650899815568,MATH 10A,A01,083735,Patchell; Gregory David,2,0,30,28
1650899815568,MATH 10A,A02,083736,Patchell; Gregory David,27,0,30,3
1650899815568,MATH 10A,A03,083737,Patchell; Gregory David,23,0,30,7
1650899821592,MATH 10B,A01,083207,Staff,0,9,30,30
1650899821592,MATH 10B,A02,083208,Staff,0,6,30,30
1650899821592,MATH 10B,B01,083739,Staff,10,0,30,20
1650899821592,MATH 10B,B02,083740,Staff,28,0,30,2
1650899827620,MATH 18,A01,083743,Staff,0,0,30,30
1650899827620,MATH 18,A02,083744,Staff,24,0,30,6
1650899827620,MATH 18,A03,083745,Staff,21,0,30,9
1650899827620,MATH 18,A04,083746,Staff,26,0,30,4
1650899827620,MATH 18,B01,083748,Staff,0,15,30,30
1650899827620,MATH 18,B02,083749,Staff,0,13,30,30
1650899827620,MATH 18,B03,083750,Staff,0,13,30,30
1650899827620,MATH 18,B04,083751,Staff,0,13,30,30
1650899833645,MATH 20A,A01,083754,Staff,19,0,40,21
1650899839669,MATH 20B,A01,083756,Staff,0,14,30,30
1650899839669,MATH 20B,A02,083757,Staff,0,11,30,30
1650899845725,MATH 20C,A01,083760,Staff,0,17,30,30
1650899845725,MATH 20C,A02,083761,Staff,1,16,30,29
1650899845725,MATH 20C,B01,083762,Staff,9,0,30,21
1650899845725,MATH 20C,B02,083763,Staff,28,0,30,2
1650899851753,MATH 20D,A01,083765,Staff,2,1,30,28
1650899851753,MATH 20D,A02,083766,Staff,6,0,30,24
1650899851753,MATH 20D,A03,083767,Staff,23,0,30,7
1650899857788,MATH 20E,A01,083771,Staff,2,0,30,28
1650899857788,MATH 20E,A02,083772,Staff,13,0,30,17
1650899857788,MATH 20E,B01,083773,Staff,0,0,30,30
1650899857788,MATH 20E,B02,083774,Staff,4,0,30,26
1650899863813,MATH 103A,A01,083777,Staff,0,17,30,30
1650899863813,MATH 103A,A02,083778,Staff,0,15,30,30
1650899863813,MATH 103A,B01,083779,Staff,0,15,30,30
1650899863813,MATH 103A,B02,083780,Staff,0,14,30,30
1650899869843,MATH 105,A01,085443,Staff,0,23,30,30
1650899875884,MATH 109,A01,083213,Anzaldo; Leesa B,0,7,30,30
1650899875884,MATH 109,A02,083214,Anzaldo; Leesa B,0,7,30,30
1650899875884,MATH 109,B01,083215,Anzaldo; Leesa B,0,8,30,30
1650899875884,MATH 109,B02,083216,Anzaldo; Leesa B,0,7,30,30
1650899881920,MATH 142A,A01,083219,Chow; Bennett,0,14,30,30
1650899881920,MATH 142A,A02,083220,Chow; Bennett,0,15,30,30
1650899881920,MATH 142A,B01,083221,Chow; Bennett,0,16,30,30
1650899881920,MATH 142A,B02,083222,Chow; Bennett,0,14,30,30
1650899887947,MATH 193A,A01,083224,Staff,0,6,30,30
1650899887947,MATH 193A,A02,083225,Staff,0,7,30,30
1650899887947,MATH 193A,A03,083781,Staff,0,6,30,30
1650899887947,MATH 193A,A04,083782,Staff,0,7,30,30
1650899893970,MATH 197,001,091859,McAuley; Julian John,9998,0,9999,1
1650899900025,COGS 9,A01,083615,Staff,0,17,60,60
1650899906050,COGS 11,A01,083617,Boyle; Mary E. T.,15,0,40,25
1650899912080,COGS 13,A01,083071,Staff,0,38,40,40
1650899918103,COGS 14A,A01,092681,Staff,0,37,100,100
1650899924137,COGS 14B,A01,083073,Cheng; Tzu-Han,0,12,50,50
1650899930169,COGS 17,A01,092677,Staff,11,0,75,64
1650899936194,COGS 100,A01,083619,Staff,0,30,60,60
1650899942217,COGS 101A,A01,083621,Davis; Joshua Daniel,0,29,60,60
1650899948241,COGS 101B,A01,091572,Staff,0,3,60,60
1650899954265,COGS 101C,A01,083625,Delgado; Tania,14,0,30,16
1650899960300,COGS 107A,A01,083627,Boyle; Mary E. T.,0,16,60,60
1650899966325,COGS 118A,A01,083075,Staff,0,8,60,60
1650899972350,CSE 3,A50,083646,Miranda; Gregory Joseph,16,0,38,22
1650899972350,CSE 3,A51,083647,Miranda; Gregory Joseph,36,0,37,1
1650899978374,CSE 8A,A50,083650,Miranda; Gregory Joseph,0,29,40,40
1650899984399,CSE 11,A01,083080,Cao; Yingjun,0,97,40,40
1650899990430,CSE 12,A01,083652,Staff,0,21,100,100
1650899996455,CSE 15L,A01,083654,Staff,0,3,50,50
1650899996455,CSE 15L,A02,083655,Staff,0,3,50,50
1650900002477,CSE 20,A01,083657,Staff,48,0,80,32
1650900008502,CSE 30,A01,083084,Eldon; John,0,76,40,40
1650900014527,CSE 100,A01,083659,Cao; Yingjun,0,70,50,50
1650900020552,CSE 134B,A01,083661,Powell; Thomas Allan,0,38,65,65
1650900026579,CSE 140,A01,083663,Staff,0,12,75,75
1650900032605,CSE 140L,A01,083088,Eldon; John,0,20,75,75
1650900038638,CSE 175,A01,083665,Kumar; Rakesh,7,0,25,18
1650900044661,CSE 190,A00,092507,Dubnov; Shlomo,9,0,20,11
1650900050684,ECE 45,A01,083139,Staff,0,4,60,60
1650900056712,ECE 65,A50,083695,Staff,0,6,30,30
1650900062737,ECE 109,A01,091882,Touri; Behrouz,32,0,70,38
1650900068761,ECE 180,A00,083140,Abi Samra; Nicholas Camill,20,0,30,10
1650900068761,ECE 180,B00,083141,Abi Samra; Nicholas Camill,0,0,30,30
1650900074789,MATH 10A,A01,083735,Patchell; Gregory David,2,0,30,28
1650900074789,MATH 10A,A02,083736,Patchell; Gregory David,27,0,30,3
1650900074789,MATH 10A,A03,083737,Patchell; Gregory David,23,0,30,7
1650900080816,MATH 10B,A01,083207,Staff,0,9,30,30
1650900080816,MATH 10B,A02,083208,Staff,0,6,30,30
1650900080816,MATH 10B,B01,083739,Staff,10,0,30,20
1650900080816,MATH 10B,B02,083740,Staff,28,0,30,2
1650900086844,MATH 18,A01,083743,Staff,0,0,30,30
1650900086844,MATH 18,A02,083744,Staff,24,0,30,6
1650900086844,MATH 18,A03,083745,Staff,21,0,30,9
1650900086844,MATH 18,A04,083746,Staff,26,0,30,4
1650900086844,MATH 18,B01,083748,Staff,0,15,30,30
1650900086844,MATH 18,B02,083749,Staff,0,13,30,30
1650900086844,MATH 18,B03,083750,Staff,0,13,30,30
1650900086844,MATH 18,B04,083751,Staff,0,13,30,30
1650900092873,MATH 20A,A01,083754,Staff,19,0,40,21
1650900098898,MATH 20B,A01,083756,Staff,0,14,30,30
1650900098898,MATH 20B,A02,083757,Staff,0,11,30,30
1650900104931,MATH 20C,A01,083760,Staff,0,17,30,30
1650900104931,MATH 20C,A02,083761,Staff,1,16,30,29
1650900104931,MATH 20C,B01,083762,Staff,9,0,30,21
1650900104931,MATH 20C,B02,083763,Staff,28,0,30,2
1650900110958,MATH 20D,A01,083765,Staff,2,1,30,28
1650900110958,MATH 20D,A02,083766,Staff,6,0,30,24
1650900110958,MATH 20D,A03,083767,Staff,23,0,30,7
1650900116985,MATH 20E,A01,083771,Staff,2,0,30,28
1650900116985,MATH 20E,A02,083772,Staff,13,0,30,17
1650900116985,MATH 20E,B01,083773,Staff,0,0,30,30
1650900116985,MATH 20E,B02,083774,Staff,4,0,30,26
1650900123012,MATH 103A,A01,083777,Staff,0,17,30,30
1650900123012,MATH 103A,A02,083778,Staff,0,15,30,30
1650900123012,MATH 103A,B01,083779,Staff,0,15,30,30
1650900123012,MATH 103A,B02,083780,Staff,0,14,30,30
1650900129037,MATH 105,A01,085443,Staff,0,23,30,30
1650900135074,MATH 109,A01,083213,Anzaldo; Leesa B,0,7,30,30
1650900135074,MATH 109,A02,083214,Anzaldo; Leesa B,0,7,30,30
1650900135074,MATH 109,B01,083215,Anzaldo; Leesa B,0,8,30,30
1650900135074,MATH 109,B02,083216,Anzaldo; Leesa B,0,7,30,30
1650900141108,MATH 142A,A01,083219,Chow; Bennett,0,14,30,30
1650900141108,MATH 142A,A02,083220,Chow; Bennett,0,15,30,30
1650900141108,MATH 142A,B01,083221,Chow; Bennett,0,16,30,30
1650900141108,MATH 142A,B02,083222,Chow; Bennett,0,14,30,30
1650900147132,MATH 193A,A01,083224,Staff,0,6,30,30
1650900147132,MATH 193A,A02,083225,Staff,0,7,30,30
1650900147132,MATH 193A,A03,083781,Staff,0,6,30,30
1650900147132,MATH 193A,A04,083782,Staff,0,7,30,30
1650900153157,MATH 197,001,091859,McAuley; Julian John,9998,0,9999,1
1650900159213,COGS 9,A01,083615,Staff,0,17,60,60
1650900165241,COGS 11,A01,083617,Boyle; Mary E. T.,15,0,40,25
1650900171269,COGS 13,A01,083071,Staff,0,38,40,40
1650900177297,COGS 14A,A01,092681,Staff,0,37,100,100
1650900183320,COGS 14B,A01,083073,Cheng; Tzu-Han,0,12,50,50
1650900189352,COGS 17,A01,092677,Staff,11,0,75,64
1650900195379,COGS 100,A01,083619,Staff,0,30,60,60
1650900201404,COGS 101A,A01,083621,Davis; Joshua Daniel,0,29,60,60
1650900207436,COGS 101B,A01,091572,Staff,0,3,60,60
1650900213464,COGS 101C,A01,083625,Delgado; Tania,14,0,30,16
1650900219489,COGS 107A,A01,083627,Boyle; Mary E. T.,0,16,60,60
1650900225513,COGS 118A,A01,083075,Staff,0,8,60,60
1650900231541,CSE 3,A50,083646,Miranda; Gregory Joseph,16,0,38,22
1650900231541,CSE 3,A51,083647,Miranda; Gregory Joseph,36,0,37,1
1650900237650,CSE 8A,A50,083650,Miranda; Gregory Joseph,0,29,40,40
1650900243678,CSE 11,A01,083080,Cao; Yingjun,0,97,40,40
1650900249707,CSE 12,A01,083652,Staff,0,21,100,100
1650900255734,CSE 15L,A01,083654,Staff,0,3,50,50
1650900255734,CSE 15L,A02,083655,Staff,0,3,50,50
1650900261759,CSE 20,A01,083657,Staff,48,0,80,32
1650900267782,CSE 30,A01,083084,Eldon; John,0,76,40,40
1650900273810,CSE 100,A01,083659,Cao; Yingjun,0,70,50,50
1650900279833,CSE 134B,A01,083661,Powell; Thomas Allan,0,38,65,65
1650900285858,CSE 140,A01,083663,Staff,0,12,75,75
1650900291886,CSE 140L,A01,083088,Eldon; John,0,20,75,75
1650900297929,CSE 175,A01,083665,Kumar; Rakesh,7,0,25,18
1650900303955,CSE 190,A00,092507,Dubnov; Shlomo,9,0,20,11
1650900309983,ECE 45,A01,083139,Staff,0,4,60,60
1650900316011,ECE 65,A50,083695,Staff,0,6,30,30
1650900322035,ECE 109,A01,091882,Touri; Behrouz,32,0,70,38
1650900328062,ECE 180,A00,083140,Abi Samra; Nicholas Camill,20,0,30,10
1650900328062,ECE 180,B00,083141,Abi Samra; Nicholas Camill,0,0,30,30
1650900334099,MATH 10A,A01,083735,Patchell; Gregory David,2,0,30,28
1650900334099,MATH 10A,A02,083736,Patchell; Gregory David,27,0,30,3
1650900334099,MATH 10A,A03,083737,Patchell; Gregory David,23,0,30,7
1650900340122,MATH 10B,A01,083207,Staff,0,9,30,30
1650900340122,MATH 10B,A02,083208,Staff,0,6,30,30
1650900340122,MATH 10B,B01,083739,Staff,10,0,30,20
1650900340122,MATH 10B,B02,083740,Staff,28,0,30,2
1650900346148,MATH 18,A01,083743,Staff,0,0,30,30
1650900346148,MATH 18,A02,083744,Staff,24,0,30,6
1650900346148,MATH 18,A03,083745,Staff,21,0,30,9
1650900346148,MATH 18,A04,083746,Staff,26,0,30,4
1650900346148,MATH 18,B01,083748,Staff,0,15,30,30
1650900346148,MATH 18,B02,083749,Staff,0,13,30,30
1650900346148,MATH 18,B03,083750,Staff,0,13,30,30
1650900346148,MATH 18,B04,083751,Staff,0,13,30,30
1650900352174,MATH 20A,A01,083754,Staff,19,0,40,21
1650900358203,MATH 20B,A01,083756,Staff,0,14,30,30
1650900358203,MATH 20B,A02,083757,Staff,0,11,30,30
1650900364226,MATH 20C,A01,083760,Staff,0,17,30,30
1650900364226,MATH 20C,A02,083761,Staff,1,16,30,29
1650900364226,MATH 20C,B01,083762,Staff,9,0,30,21
1650900364226,MATH 20C,B02,083763,Staff,28,0,30,2
1650900370250,MATH 20D,A01,083765,Staff,2,1,30,28
1650900370250,MATH 20D,A02,083766,Staff,6,0,30,24
1650900370250,MATH 20D,A03,083767,Staff,23,0,30,7
1650900376277,MATH 20E,A01,083771,Staff,2,0,30,28
1650900376277,MATH 20E,A02,083772,Staff,13,0,30,17
1650900376277,MATH 20E,B01,083773,Staff,0,0,30,30
1650900376277,MATH 20E,B02,083774,Staff,4,0,30,26
1650900382305,MATH 103A,A01,083777,Staff,0,17,30,30
1650900382305,MATH 103A,A02,083778,Staff,0,15,30,30
1650900382305,MATH 103A,B01,083779,Staff,0,15,30,30
1650900382305,MATH 103A,B02,083780,Staff,0,14,30,30
1650900388339,MATH 105,A01,085443,Staff,0,23,30,30
1650900394375,MATH 109,A01,083213,Anzaldo; Leesa B,0,7,30,30
1650900394375,MATH 109,A02,083214,Anzaldo; Leesa B,0,7,30,30
1650900394375,MATH 109,B01,083215,Anzaldo; Leesa B,0,8,30,30
1650900394375,MATH 109,B02,083216,Anzaldo; Leesa B,0,7,30,30
1650900400403,MATH 142A,A01,083219,Chow; Bennett,0,14,30,30
1650900400403,MATH 142A,A02,083220,Chow; Bennett,0,15,30,30
1650900400403,MATH 142A,B01,083221,Chow; Bennett,0,16,30,30
1650900400403,MATH 142A,B02,083222,Chow; Bennett,0,14,30,30
1650900406426,MATH 193A,A01,083224,Staff,0,6,30,30
1650900406426,MATH 193A,A02,083225,Staff,0,7,30,30
1650900406426,MATH 193A,A03,083781,Staff,0,6,30,30
1650900406426,MATH 193A,A04,083782,Staff,0,7,30,30
1650900412452,MATH 197,001,091859,McAuley; Julian John,9998,0,9999,1
1650900418510,COGS 9,A01,083615,Staff,0,17,60,60
1650900424536,COGS 11,A01,083617,Boyle; Mary E. T.,15,0,40,25
1650900430559,COGS 13,A01,083071,Staff,0,38,40,40
1650900436581,COGS 14A,A01,092681,Staff,0,37,100,100
1650900442610,COGS 14B,A01,083073,Cheng; Tzu-Han,0,12,50,50
1650900448636,COGS 17,A01,092677,Staff,11,0,75,64
1650900454662,COGS 100,A01,083619,Staff,0,30,60,60
1650900460693,COGS 101A,A01,083621,Davis; Joshua Daniel,0,29,60,60
1650900466715,COGS 101B,A01,091572,Staff,0,3,60,60
1650900472737,COGS 101C,A01,083625,Delgado; Tania,14,0,30,16
1650900478768,COGS 107A,A01,083627,Boyle; Mary E. T.,0,16,60,60
1650900484791,COGS 118A,A01,083075,Staff,0,8,60,60
1650900490816,CSE 3,A50,083646,Miranda; Gregory Joseph,16,0,38,22
1650900490816,CSE 3,A51,083647,Miranda; Gregory Joseph,36,0,37,1
1650900496842,CSE 8A,A50,083650,Miranda; Gregory Joseph,0,29,40,40
1650900502876,CSE 11,A01,083080,Cao; Yingjun,0,97,40,40
1650900508918,CSE 12,A01,083652,Staff,0,21,100,100
1650900514950,CSE 15L,A01,083654,Staff,0,3,50,50
1650900514950,CSE 15L,A02,083655,Staff,0,3,50,50
1650900520974,CSE 20,A01,083657,Staff,48,0,80,32
1650900526999,CSE 30,A01,083084,Eldon; John,0,76,40,40
1650900533032,CSE 100,A01,083659,Cao; Yingjun,0,70,50,50
1650900539060,CSE 134B,A01,083661,Powell; Thomas Allan,0,38,65,65
1650900545087,CSE 140,A01,083663,Staff,0,12,75,75
1650900551115,CSE 140L,A01,083088,Eldon; John,0,20,75,75
1650900557146,CSE 175,A01,083665,Kumar; Rakesh,7,0,25,18
1650900563168,CSE 190,A00,092507,Dubnov; Shlomo,9,0,20,11
1650900569211,ECE 45,A01,083139,Staff,0,4,60,60
1650900575236,ECE 65,A50,083695,Staff,0,6,30,30
1650900581263,ECE 109,A01,091882,Touri; Behrouz,32,0,70,38
1650900587287,ECE 180,A00,083140,Abi Samra; Nicholas Camill,20,0,30,10
1650900587287,ECE 180,B00,083141,Abi Samra; Nicholas Camill,0,0,30,30
1650900593309,MATH 10A,A01,083735,Patchell; Gregory David,2,0,30,28
1650900593309,MATH 10A,A02,083736,Patchell; Gregory David,27,0,30,3
1650900593309,MATH 10A,A03,083737,Patchell; Gregory David,23,0,30,7
1650900599335,MATH 10B,A01,083207,Staff,0,9,30,30
1650900599335,MATH 10B,A02,083208,Staff,0,6,30,30
1650900599335,MATH 10B,B01,083739,Staff,10,0,30,20
1650900599335,MATH 10B,B02,083740,Staff,28,0,30,2
1650900605370,MATH 18,A01,083743,Staff,0,0,30,30
1650900605370,MATH 18,A02,083744,Staff,24,0,30,6
1650900605370,MATH 18,A03,083745,Staff,21,0,30,9
1650900605370,MATH 18,A04,083746,Staff,26,0,30,4
1650900605370,MATH 18,B01,083748,Staff,0,15,30,30
1650900605370,MATH 18,B02,083749,Staff,0,13,30,30
1650900605370,MATH 18,B03,083750,Staff,0,13,30,30
1650900605370,MATH 18,B04,083751,Staff,0,13,30,30
1650900611398,MATH 20A,A01,083754,Staff,19,0,40,21
1650900617431,MATH 20B,A01,083756,Staff,0,14,30,30
1650900617431,MATH 20B,A02,083757,Staff,0,11,30,30
1650900623456,MATH 20C,A01,083760,Staff,0,17,30,30
1650900623456,MATH 20C,A02,083761,Staff,1,16,30,29
1650900623456,MATH 20C,B01,083762,Staff,9,0,30,21
1650900623456,MATH 20C,B02,083763,Staff,28,0,30,2
1650900629482,MATH 20D,A01,083765,Staff,2,1,30,28
1650900629482,MATH 20D,A02,083766,Staff,6,0,30,24
1650900629482,MATH 20D,A03,083767,Staff,23,0,30,7
1650900635509,MATH 20E,A01,083771,Staff,2,0,30,28
1650900635509,MATH 20E,A02,083772,Staff,13,0,30,17
1650900635509,MATH 20E,B01,083773,Staff,0,0,30,30
1650900635509,MATH 20E,B02,083774,Staff,4,0,30,26
1650900641530,MATH 103A,A01,083777,Staff,0,17,30,30
1650900641530,MATH 103A,A02,083778,Staff,0,15,30,30
1650900641530,MATH 103A,B01,083779,Staff,0,15,30,30
1650900641530,MATH 103A,B02,083780,Staff,0,14,30,30
1650900647557,MATH 105,A01,085443,Staff,0,23,30,30
1650900653580,MATH 109,A01,083213,Anzaldo; Leesa B,0,7,30,30
1650900653580,MATH 109,A02,083214,Anzaldo; Leesa B,0,7,30,30
1650900653580,MATH 109,B01,083215,Anzaldo; Leesa B,0,8,30,30
1650900653580,MATH 109,B02,083216,Anzaldo; Leesa B,0,7,30,30
1650900659613,MATH 142A,A01,083219,Chow; Bennett,0,14,30,30
1650900659613,MATH 142A,A02,083220,Chow; Bennett,0,15,30,30
1650900659613,MATH 142A,B01,083221,Chow; Bennett,0,16,30,30
1650900659613,MATH 142A,B02,083222,Chow; Bennett,0,14,30,30
1650900665636,MATH 193A,A01,083224,Staff,0,6,30,30
1650900665636,MATH 193A,A02,083225,Staff,0,7,30,30
1650900665636,MATH 193A,A03,083781,Staff,0,6,30,30
1650900665636,MATH 193A,A04,083782,Staff,0,7,30,30
1650900671658,MATH 197,001,091859,McAuley; Julian John,9998,0,9999,1
1650900677709,COGS 9,A01,083615,Staff,0,17,60,60
1650900683733,COGS 11,A01,083617,Boyle; Mary E. T.,15,0,40,25
1650900689757,COGS 13,A01,083071,Staff,0,38,40,40
1650900695781,COGS 14A,A01,092681,Staff,0,37,100,100
1650900701815,COGS 14B,A01,083073,Cheng; Tzu-Han,0,12,50,50
1650900707842,COGS 17,A01,092677,Staff,11,0,75,64
1650900713880,COGS 100,A01,083619,Staff,0,30,60,60
1650900719916,COGS 101A,A01,083621,Davis; Joshua Daniel,0,29,60,60
1650900725957,COGS 101B,A01,091572,Staff,0,3,60,60
1650900731986,COGS 101C,A01,083625,Delgado; Tania,14,0,30,16
1650900738015,COGS 107A,A01,083627,Boyle; Mary E. T.,0,16,60,60
1650900744052,COGS 118A,A01,083075,Staff,0,8,60,60
1650900750090,CSE 3,A50,083646,Miranda; Gregory Joseph,16,0,38,22
1650900750090,CSE 3,A51,083647,Miranda; Gregory Joseph,36,0,37,1
1650900756116,CSE 8A,A50,083650,Miranda; Gregory Joseph,0,29,40,40
1650900762141,CSE 11,A01,083080,Cao; Yingjun,0,97,40,40
1650900768169,CSE 12,A01,083652,Staff,0,21,100,100
1650900774194,CSE 15L,A01,083654,Staff,0,3,50,50
1650900774194,CSE 15L,A02,083655,Staff,0,3,50,50
1650900780221,CSE 20,A01,083657,Staff,48,0,80,32
1650900786246,CSE 30,A01,083084,Eldon; John,0,76,40,40
1650900792273,CSE 100,A01,083659,Cao; Yingjun,0,70,50,50
1650900798298,CSE 134B,A01,083661,Powell; Thomas Allan,0,38,65,65
1650900804321,CSE 140,A01,083663,Staff,0,12,75,75
1650900810345,CSE 140L,A01,083088,Eldon; John,0,20,75,75
1650900816370,CSE 175,A01,083665,Kumar; Rakesh,7,0,25,18
1650900822392,CSE 190,A00,092507,Dubnov; Shlomo,9,0,20,11
1650900828418,ECE 45,A01,083139,Staff,0,4,60,60
1650900834516,ECE 65,A50,083695,Staff,0,6,30,30
1650900840541,ECE 109,A01,091882,Touri; Behrouz,32,0,70,38
1650900846565,ECE 180,A00,083140,Abi Samra; Nicholas Camill,20,0,30,10
1650900846565,ECE 180,B00,083141,Abi Samra; Nicholas Camill,0,0,30,30
1650900852593,MATH 10A,A01,083735,Patchell; Gregory David,2,0,30,28
1650900852593,MATH 10A,A02,083736,Patchell; Gregory David,27,0,30,3
1650900852593,MATH 10A,A03,083737,Patchell; Gregory David,23,0,30,7
1650900858623,MATH 10B,A01,083207,Staff,0,9,30,30
1650900858623,MATH 10B,A02,083208,Staff,0,6,30,30
1650900858623,MATH 10B,B01,083739,Staff,10,0,30,20
1650900858623,MATH 10B,B02,083740,Staff,28,0,30,2
1650900864653,MATH 18,A01,083743,Staff,0,0,30,30
1650900864653,MATH 18,A02,083744,Staff,24,0,30,6
1650900864653,MATH 18,A03,083745,Staff,21,0,30,9
1650900864653,MATH 18,A04,083746,Staff,26,0,30,4
1650900864653,MATH 18,B01,083748,Staff,0,15,30,30
1650900864653,MATH 18,B02,083749,Staff,0,13,30,30
1650900864653,MATH 18,B03,083750,Staff,0,13,30,30
1650900864653,MATH 18,B04,083751,Staff,0,13,30,30
1650900870678,MATH 20A,A01,083754,Staff,19,0,40,21
1650900876705,MATH 20B,A01,083756,Staff,0,14,30,30
1650900876705,MATH 20B,A02,083757,Staff,0,11,30,30
1650900882743,MATH 20C,A01,083760,Staff,0,17,30,30
1650900882743,MATH 20C,A02,083761,Staff,1,16,30,29
1650900882743,MATH 20C,B01,083762,Staff,9,0,30,21
1650900882743,MATH 20C,B02,083763,Staff,28,0,30,2
1650900888770,MATH 20D,A01,083765,Staff,2,1,30,28
1650900888770,MATH 20D,A02,083766,Staff,6,0,30,24
1650900888770,MATH 20D,A03,083767,Staff,23,0,30,7
1650900894794,MATH 20E,A01,083771,Staff,2,0,30,28
1650900894794,MATH 20E,A02,083772,Staff,13,0,30,17
1650900894794,MATH 20E,B01,083773,Staff,0,0,30,30
1650900894794,MATH 20E,B02,083774,Staff,4,0,30,26
1650900900830,MATH 103A,A01,083777,Staff,0,17,30,30
1650900900830,MATH 103A,A02,083778,Staff,0,15,30,30
1650900900830,MATH 103A,B01,083779,Staff,0,15,30,30
1650900900830,MATH 103A,B02,083780,Staff,0,14,30,30
1650900906853,MATH 105,A01,085443,Staff,0,23,30,30
1650900912881,MATH 109,A01,083213,Anzaldo; Leesa B,0,7,30,30
1650900912881,MATH 109,A02,083214,Anzaldo; Leesa B,0,7,30,30
1650900912881,MATH 109,B01,083215,Anzaldo; Leesa B,0,8,30,30
1650900912881,MATH 109,B02,083216,Anzaldo; Leesa B,0,7,30,30
1650900918908,MATH 142A,A01,083219,Chow; Bennett,0,14,30,30
1650900918908,MATH 142A,A02,083220,Chow; Bennett,0,15,30,30
1650900918908,MATH 142A,B01,083221,Chow; Bennett,0,16,30,30
1650900918908,MATH 142A,B02,083222,Chow; Bennett,0,14,30,30
1650900924933,MATH 193A,A01,083224,Staff,0,6,30,30
1650900924933,MATH 193A,A02,083225,Staff,0,7,30,30
1650900924933,MATH 193A,A03,083781,Staff,0,6,30,30
1650900924933,MATH 193A,A04,083782,Staff,0,7,30,30
1650900930972,MATH 197,001,091859,McAuley; Julian John,9998,0,9999,1
1650900937025,COGS 9,A01,083615,Staff,0,17,60,60
1650900943052,COGS 11,A01,083617,Boyle; Mary E. T.,15,0,40,25
1650900949075,COGS 13,A01,083071,Staff,0,38,40,40
1650900955102,COGS 14A,A01,092681,Staff,0,37,100,100
1650900961138,COGS 14B,A01,083073,Cheng; Tzu-Han,0,12,50,50
1650900967162,COGS 17,A01,092677,Staff,11,0,75,64
1650900973197,COGS 100,A01,083619,Staff,0,30,60,60
1650900979231,COGS 101A,A01,083621,Davis; Joshua Daniel,0,29,60,60
1650900985254,COGS 101B,A01,091572,Staff,0,3,60,60
1650900991278,COGS 101C,A01,083625,Delgado; Tania,14,0,30,16
1650900997303,COGS 107A,A01,083627,Boyle; Mary E. T.,0,16,60,60
1650901003328,COGS 118A,A01,083075,Staff,0,8,60,60
1650901009355,CSE 3,A50,083646,Miranda; Gregory Joseph,16,0,38,22
1650901009355,CSE 3,A51,083647,Miranda; Gregory Joseph,36,0,37,1
1650901015398,CSE 8A,A50,083650,Miranda; Gregory Joseph,0,29,40,40
1650901021428,CSE 11,A01,083080,Cao; Yingjun,0,97,40,40
1650901027454,CSE 12,A01,083652,Staff,0,21,100,100
1650901033479,CSE 15L,A01,083654,Staff,0,3,50,50
1650901033479,CSE 15L,A02,083655,Staff,0,3,50,50
1650901039502,CSE 20,A01,083657,Staff,48,0,80,32
1650901045531,CSE 30,A01,083084,Eldon; John,0,76,40,40
1650901051557,CSE 100,A01,083659,Cao; Yingjun,0,70,50,50
1650901057588,CSE 134B,A01,083661,Powell; Thomas Allan,0,38,65,65
1650901063615,CSE 140,A01,083663,Staff,0,12,75,75
1650901069638,CSE 140L,A01,083088,Eldon; John,0,20,75,75
1650901075662,CSE 175,A01,083665,Kumar; Rakesh,7,0,25,18
1650901081685,CSE 190,A00,092507,Dubnov; Shlomo,9,0,20,11
1650901087715,ECE 45,A01,083139,Staff,0,4,60,60
1650901093744,ECE 65,A50,083695,Staff,0,6,30,30
1650901099771,ECE 109,A01,091882,Touri; Behrouz,32,0,70,38
1650901105801,ECE 180,A00,083140,Abi Samra; Nicholas Camill,20,0,30,10
1650901105801,ECE 180,B00,083141,Abi Samra; Nicholas Camill,0,0,30,30
1650901111825,MATH 10A,A01,083735,Patchell; Gregory David,2,0,30,28
1650901111825,MATH 10A,A02,083736,Patchell; Gregory David,27,0,30,3
1650901111825,MATH 10A,A03,083737,Patchell; Gregory David,23,0,30,7
1650901117848,MATH 10B,A01,083207,Staff,0,9,30,30
1650901117848,MATH 10B,A02,083208,Staff,0,6,30,30
1650901117848,MATH 10B,B01,083739,Staff,10,0,30,20
1650901117848,MATH 10B,B02,083740,Staff,28,0,30,2
1650901123877,MATH 18,A01,083743,Staff,0,0,30,30
1650901123877,MATH 18,A02,083744,Staff,24,0,30,6
1650901123877,MATH 18,A03,083745,Staff,21,0,30,9
1650901123877,MATH 18,A04,083746,Staff,26,0,30,4
1650901123877,MATH 18,B01,083748,Staff,0,15,30,30
1650901123877,MATH 18,B02,083749,Staff,0,13,30,30
1650901123877,MATH 18,B03,083750,Staff,0,13,30,30
1650901123877,MATH 18,B04,083751,Staff,0,13,30,30
1650901129901,MATH 20A,A01,083754,Staff,19,0,40,21
1650901135923,MATH 20B,A01,083756,Staff,0,14,30,30
1650901135923,MATH 20B,A02,083757,Staff,0,11,30,30
1650901141950,MATH 20C,A01,083760,Staff,0,17,30,30
1650901141950,MATH 20C,A02,083761,Staff,1,16,30,29
1650901141950,MATH 20C,B01,083762,Staff,9,0,30,21
1650901141950,MATH 20C,B02,083763,Staff,28,0,30,2
1650901147975,MATH 20D,A01,083765,Staff,2,1,30,28
1650901147975,MATH 20D,A02,083766,Staff,6,0,30,24
1650901147975,MATH 20D,A03,083767,Staff,23,0,30,7
1650901154004,MATH 20E,A01,083771,Staff,2,0,30,28
1650901154004,MATH 20E,A02,083772,Staff,13,0,30,17
1650901154004,MATH 20E,B01,083773,Staff,0,0,30,30
1650901154004,MATH 20E,B02,083774,Staff,4,0,30,26
1650901160028,MATH 103A,A01,083777,Staff,0,17,30,30
1650901160028,MATH 103A,A02,083778,Staff,0,15,30,30
1650901160028,MATH 103A,B01,083779,Staff,0,15,30,30
1650901160028,MATH 103A,B02,083780,Staff,0,14,30,30
1650901166052,MATH 105,A01,085443,Staff,0,23,30,30
1650901172077,MATH 109,A01,083213,Anzaldo; Leesa B,0,7,30,30
1650901172077,MATH 109,A02,083214,Anzaldo; Leesa B,0,7,30,30
1650901172077,MATH 109,B01,083215,Anzaldo; Leesa B,0,8,30,30
1650901172077,MATH 109,B02,083216,Anzaldo; Leesa B,0,7,30,30
1650901178101,MATH 142A,A01,083219,Chow; Bennett,0,14,30,30
1650901178101,MATH 142A,A02,083220,Chow; Bennett,0,15,30,30
1650901178101,MATH 142A,B01,083221,Chow; Bennett,0,16,30,30
1650901178101,MATH 142A,B02,083222,Chow; Bennett,0,14,30,30
1650901184127,MATH 193A,A01,083224,Staff,0,6,30,30
1650901184127,MATH 193A,A02,083225,Staff,0,7,30,30
1650901184127,MATH 193A,A03,083781,Staff,0,6,30,30
1650901184127,MATH 193A,A04,083782,Staff,0,7,30,30
1650901190150,MATH 197,001,091859,McAuley; Julian John,9998,0,9999,1
1650901196217,COGS 9,A01,083615,Staff,0,17,60,60
1650901202240,COGS 11,A01,083617,Boyle; Mary E. T.,15,0,40,25
1650901208264,COGS 13,A01,083071,Staff,0,38,40,40
1650901214300,COGS 14A,A01,092681,Staff,0,37,100,100
1650901220327,COGS 14B,A01,083073,Cheng; Tzu-Han,0,12,50,50
1650901226356,COGS 17,A01,092677,Staff,11,0,75,64
1650901232379,COGS 100,A01,083619,Staff,0,30,60,60
1650901238405,COGS 101A,A01,083621,Davis; Joshua Daniel,0,29,60,60
1650901244427,COGS 101B,A01,091572,Staff,0,3,60,60
1650901250454,COGS 101C,A01,083625,Delgado; Tania,14,0,30,16
1650901256490,COGS 107A,A01,083627,Boyle; Mary E. T.,0,16,60,60
1650901262512,COGS 118A,A01,083075,Staff,0,8,60,60
1650901268539,CSE 3,A50,083646,Miranda; Gregory Joseph,16,0,38,22
1650901268539,CSE 3,A51,083647,Miranda; Gregory Joseph,36,0,37,1
1650901274565,CSE 8A,A50,083650,Miranda; Gregory Joseph,0,29,40,40
1650901280589,CSE 11,A01,083080,Cao; Yingjun,0,97,40,40
1650901286615,CSE 12,A01,083652,Staff,0,21,100,100
1650901292639,CSE 15L,A01,083654,Staff,0,3,50,50
1650901292639,CSE 15L,A02,083655,Staff,0,3,50,50
1650901298662,CSE 20,A01,083657,Staff,48,0,80,32
1650901304695,CSE 30,A01,083084,Eldon; John,0,76,40,40
1650901310720,CSE 100,A01,083659,Cao; Yingjun,0,70,50,50
1650901316748,CSE 134B,A01,083661,Powell; Thomas Allan,0,38,65,65
1650901322778,CSE 140,A01,083663,Staff,0,12,75,75
1650901328805,CSE 140L,A01,083088,Eldon; John,0,20,75,75
1650901334829,CSE 175,A01,083665,Kumar; Rakesh,7,0,25,18
1650901340852,CSE 190,A00,092507,Dubnov; Shlomo,9,0,20,11
1650901346876,ECE 45,A01,083139,Staff,0,4,60,60
1650901352906,ECE 65,A50,083695,Staff,0,6,30,30
1650901358933,ECE 109,A01,091882,Touri; Behrouz,32,0,70,38
1650901364957,ECE 180,A00,083140,Abi Samra; Nicholas Camill,20,0,30,10
1650901364957,ECE 180,B00,083141,Abi Samra; Nicholas Camill,0,0,30,30
1650901370981,MATH 10A,A01,083735,Patchell; Gregory David,2,0,30,28
1650901370981,MATH 10A,A02,083736,Patchell; Gregory David,27,0,30,3
1650901370981,MATH 10A,A03,083737,Patchell; Gregory David,23,0,30,7
1650901377008,MATH 10B,A01,083207,Staff,0,9,30,30
1650901377008,MATH 10B,A02,083208,Staff,0,6,30,30
1650901377008,MATH 10B,B01,083739,Staff,10,0,30,20
1650901377008,MATH 10B,B02,083740,Staff,28,0,30,2
1650901383034,MATH 18,A01,083743,Staff,0,0,30,30
1650901383034,MATH 18,A02,083744,Staff,24,0,30,6
1650901383034,MATH 18,A03,083745,Staff,21,0,30,9
1650901383034,MATH 18,A04,083746,Staff,26,0,30,4
1650901383034,MATH 18,B01,083748,Staff,0,15,30,30
1650901383034,MATH 18,B02,083749,Staff,0,13,30,30
1650901383034,MATH 18,B03,083750,Staff,0,13,30,30
1650901383034,MATH 18,B04,083751,Staff,0,13,30,30
1650901389059,MATH 20A,A01,083754,Staff,19,0,40,21
1650901395092,MATH 20B,A01,083756,Staff,0,14,30,30
1650901395092,MATH 20B,A02,083757,Staff,0,11,30,30
1650901401117,MATH 20C,A01,083760,Staff,0,17,30,30
1650901401117,MATH 20C,A02,083761,Staff,1,16,30,29
1650901401117,MATH 20C,B01,083762,Staff,9,0,30,21
1650901401117,MATH 20C,B02,083763,Staff,28,0,30,2
1650901407155,MATH 20D,A01,083765,Staff,2,1,30,28
1650901407155,MATH 20D,A02,083766,Staff,6,0,30,24
1650901407155,MATH 20D,A03,083767,Staff,23,0,30,7
1650901413179,MATH 20E,A01,083771,Staff,2,0,30,28
1650901413179,MATH 20E,A02,083772,Staff,13,0,30,17
1650901413179,MATH 20E,B01,083773,Staff,0,0,30,30
1650901413179,MATH 20E,B02,083774,Staff,4,0,30,26
1650901419204,MATH 103A,A01,083777,Staff,0,17,30,30
1650901419204,MATH 103A,A02,083778,Staff,0,15,30,30
1650901419204,MATH 103A,B01,083779,Staff,0,15,30,30
1650901419204,MATH 103A,B02,083780,Staff,0,14,30,30
1650901425227,MATH 105,A01,085443,Staff,0,23,30,30
1650901431342,MATH 109,A01,083213,Anzaldo; Leesa B,0,7,30,30
1650901431342,MATH 109,A02,083214,Anzaldo; Leesa B,0,7,30,30
1650901431342,MATH 109,B01,083215,Anzaldo; Leesa B,0,8,30,30
1650901431342,MATH 109,B02,083216,Anzaldo; Leesa B,0,7,30,30
1650901437378,MATH 142A,A01,083219,Chow; Bennett,0,14,30,30
1650901437378,MATH 142A,A02,083220,Chow; Bennett,0,15,30,30
1650901437378,MATH 142A,B01,083221,Chow; Bennett,0,16,30,30
1650901437378,MATH 142A,B02,083222,Chow; Bennett,0,14,30,30
1650901443403,MATH 193A,A01,083224,Staff,0,6,30,30
1650901443403,MATH 193A,A02,083225,Staff,0,7,30,30
1650901443403,MATH 193A,A03,083781,Staff,0,6,30,30
1650901443403,MATH 193A,A04,083782,Staff,0,7,30,30
1650901449426,MATH 197,001,091859,McAuley; Julian John,9998,0,9999,1
1650901455499,COGS 9,A01,083615,Staff,0,17,60,60
1650901461522,COGS 11,A01,083617,Boyle; Mary E. T.,15,0,40,25
1650901467565,COGS 13,A01,083071,Staff,0,38,40,40
1650901473600,COGS 14A,A01,092681,Staff,0,37,100,100
1650901479626,COGS 14B,A01,083073,Cheng; Tzu-Han,0,12,50,50
1650901485652,COGS 17,A01,092677,Staff,11,0,75,64
1650901491675,COGS 100,A01,083619,Staff,0,30,60,60
1650901497715,COGS 101A,A01,083621,Davis; Joshua Daniel,0,29,60,60
1650901503737,COGS 101B,A01,091572,Staff,0,3,60,60
1650901509761,COGS 101C,A01,083625,Delgado; Tania,14,0,30,16
1650901515787,COGS 107A,A01,083627,Boyle; Mary E. T.,0,16,60,60
1650901521814,COGS 118A,A01,083075,Staff,0,8,60,60
1650901527841,CSE 3,A50,083646,Miranda; Gregory Joseph,16,0,38,22
1650901527841,CSE 3,A51,083647,Miranda; Gregory Joseph,36,0,37,1
1650901533868,CSE 8A,A50,083650,Miranda; Gregory Joseph,0,29,40,40
1650901539893,CSE 11,A01,083080,Cao; Yingjun,0,97,40,40
1650901545917,CSE 12,A01,083652,Staff,0,21,100,100
1650901551954,CSE 15L,A01,083654,Staff,0,3,50,50
1650901551954,CSE 15L,A02,083655,Staff,0,3,50,50
1650901557982,CSE 20,A01,083657,Staff,48,0,80,32
1650901564009,CSE 30,A01,083084,Eldon; John,0,76,40,40
1650901570057,CSE 100,A01,083659,Cao; Yingjun,0,70,50,50
1650901576089,CSE 134B,A01,083661,Powell; Thomas Allan,0,38,65,65
1650901582115,CSE 140,A01,083663,Staff,0,12,75,75
1650901588137,CSE 140L,A01,083088,Eldon; John,0,20,75,75
1650901594161,CSE 175,A01,083665,Kumar; Rakesh,7,0,25,18
1650901600191,CSE 190,A00,092507,Dubnov; Shlomo,9,0,20,11
1650901606212,ECE 45,A01,083139,Staff,0,4,60,60
1650901612235,ECE 65,A50,083695,Staff,0,6,30,30
1650901618262,ECE 109,A01,091882,Touri; Behrouz,32,0,70,38
1650901624290,ECE 180,A00,083140,Abi Samra; Nicholas Camill,20,0,30,10
1650901624290,ECE 180,B00,083141,Abi Samra; Nicholas Camill,0,0,30,30
1650901630327,MATH 10A,A01,083735,Patchell; Gregory David,2,0,30,28
1650901630327,MATH 10A,A02,083736,Patchell; Gregory David,27,0,30,3
1650901630327,MATH 10A,A03,083737,Patchell; Gregory David,23,0,30,7
1650901636365,MATH 10B,A01,083207,Staff,0,9,30,30
1650901636365,MATH 10B,A02,083208,Staff,0,6,30,30
1650901636365,MATH 10B,B01,083739,Staff,10,0,30,20
1650901636365,MATH 10B,B02,083740,Staff,28,0,30,2
1650901642394,MATH 18,A01,083743,Staff,0,0,30,30
1650901642394,MATH 18,A02,083744,Staff,24,0,30,6
1650901642394,MATH 18,A03,083745,Staff,21,0,30,9
1650901642394,MATH 18,A04,083746,Staff,26,0,30,4
1650901642394,MATH 18,B01,083748,Staff,0,15,30,30
1650901642394,MATH 18,B02,083749,Staff,0,13,30,30
1650901642394,MATH 18,B03,083750,Staff,0,13,30,30
1650901642394,MATH 18,B04,083751,Staff,0,13,30,30
1650901648421,MATH 20A,A01,083754,Staff,19,0,40,21
1650901654445,MATH 20B,A01,083756,Staff,0,14,30,30
1650901654445,MATH 20B,A02,083757,Staff,0,11,30,30
1650901660469,MATH 20C,A01,083760,Staff,0,17,30,30
1650901660469,MATH 20C,A02,083761,Staff,1,16,30,29
1650901660469,MATH 20C,B01,083762,Staff,9,0,30,21
1650901660469,MATH 20C,B02,083763,Staff,28,0,30,2
1650901666501,MATH 20D,A01,083765,Staff,2,1,30,28
1650901666501,MATH 20D,A02,083766,Staff,6,0,30,24
1650901666501,MATH 20D,A03,083767,Staff,23,0,30,7
1650901672524,MATH 20E,A01,083771,Staff,2,0,30,28
1650901672524,MATH 20E,A02,083772,Staff,13,0,30,17
1650901672524,MATH 20E,B01,083773,Staff,0,0,30,30
1650901672524,MATH 20E,B02,083774,Staff,4,0,30,26
1650901678547,MATH 103A,A01,083777,Staff,0,17,30,30
1650901678547,MATH 103A,A02,083778,Staff,0,15,30,30
1650901678547,MATH 103A,B01,083779,Staff,0,15,30,30
1650901678547,MATH 103A,B02,083780,Staff,0,14,30,30
1650901684572,MATH 105,A01,085443,Staff,0,23,30,30
1650901690601,MATH 109,A01,083213,Anzaldo; Leesa B,0,7,30,30
1650901690601,MATH 109,A02,083214,Anzaldo; Leesa B,0,7,30,30
1650901690601,MATH 109,B01,083215,Anzaldo; Leesa B,0,8,30,30
1650901690601,MATH 109,B02,083216,Anzaldo; Leesa B,0,7,30,30
1650901696624,MATH 142A,A01,083219,Chow; Bennett,0,14,30,30
1650901696624,MATH 142A,A02,083220,Chow; Bennett,0,15,30,30
1650901696624,MATH 142A,B01,083221,Chow; Bennett,0,16,30,30
1650901696624,MATH 142A,B02,083222,Chow; Bennett,0,14,30,30
1650901702652,MATH 193A,A01,083224,Staff,0,6,30,30
1650901702652,MATH 193A,A02,083225,Staff,0,7,30,30
1650901702652,MATH 193A,A03,083781,Staff,0,6,30,30
1650901702652,MATH 193A,A04,083782,Staff,0,7,30,30
1650901708683,MATH 197,001,091859,McAuley; Julian John,9998,0,9999,1
1650901714751,COGS 9,A01,083615,Staff,0,17,60,60
1650901720778,COGS 11,A01,083617,Boyle; Mary E. T.,15,0,40,25
1650901726804,COGS 13,A01,083071,Staff,0,38,40,40
1650901732827,COGS 14A,A01,092681,Staff,0,37,100,100
1650901738854,COGS 14B,A01,083073,Cheng; Tzu-Han,0,12,50,50
1650901744880,COGS 17,A01,092677,Staff,11,0,75,64
1650901750906,COGS 100,A01,083619,Staff,0,30,60,60
1650901756932,COGS 101A,A01,083621,Davis; Joshua Daniel,0,29,60,60
1650901762954,COGS 101B,A01,091572,Staff,0,3,60,60
1650901768977,COGS 101C,A01,083625,Delgado; Tania,14,0,30,16
1650901775005,COGS 107A,A01,083627,Boyle; Mary E. T.,0,16,60,60
1650901781029,COGS 118A,A01,083075,Staff,0,8,60,60
1650901787057,CSE 3,A50,083646,Miranda; Gregory Joseph,16,0,38,22
1650901787057,CSE 3,A51,083647,Miranda; Gregory Joseph,36,0,37,1
1650901793085,CSE 8A,A50,083650,Miranda; Gregory Joseph,0,29,40,40
1650901799108,CSE 11,A01,083080,Cao; Yingjun,0,97,40,40
1650901805131,CSE 12,A01,083652,Staff,0,21,100,100
1650901811157,CSE 15L,A01,083654,Staff,0,3,50,50
1650901811157,CSE 15L,A02,083655,Staff,0,3,50,50
1650901817198,CSE 20,A01,083657,Staff,48,0,80,32
1650901823235,CSE 30,A01,083084,Eldon; John,0,76,40,40
1650901829266,CSE 100,A01,083659,Cao; Yingjun,0,70,50,50
1650901835292,CSE 134B,A01,083661,Powell; Thomas Allan,0,38,65,65
1650901841318,CSE 140,A01,083663,Staff,0,12,75,75
1650901847355,CSE 140L,A01,083088,Eldon; John,0,20,75,75
1650901853381,CSE 175,A01,083665,Kumar; Rakesh,7,0,25,18
1650901859405,CSE 190,A00,092507,Dubnov; Shlomo,9,0,20,11
1650901865431,ECE 45,A01,083139,Staff,0,4,60,60
1650901871453,ECE 65,A50,083695,Staff,0,6,30,30
1650901877487,ECE 109,A01,091882,Touri; Behrouz,32,0,70,38
1650901883509,ECE 180,A00,083140,Abi Samra; Nicholas Camill,20,0,30,10
1650901883509,ECE 180,B00,083141,Abi Samra; Nicholas Camill,0,0,30,30
1650901889531,MATH 10A,A01,083735,Patchell; Gregory David,2,0,30,28
1650901889531,MATH 10A,A02,083736,Patchell; Gregory David,27,0,30,3
1650901889531,MATH 10A,A03,083737,Patchell; Gregory David,23,0,30,7
1650901895554,MATH 10B,A01,083207,Staff,0,9,30,30
1650901895554,MATH 10B,A02,083208,Staff,0,6,30,30
1650901895554,MATH 10B,B01,083739,Staff,10,0,30,20
1650901895554,MATH 10B,B02,083740,Staff,28,0,30,2
1650901901585,MATH 18,A01,083743,Staff,0,0,30,30
1650901901585,MATH 18,A02,083744,Staff,24,0,30,6
1650901901585,MATH 18,A03,083745,Staff,21,0,30,9
1650901901585,MATH 18,A04,083746,Staff,26,0,30,4
1650901901585,MATH 18,B01,083748,Staff,0,15,30,30
1650901901585,MATH 18,B02,083749,Staff,0,13,30,30
1650901901585,MATH 18,B03,083750,Staff,0,13,30,30
1650901901585,MATH 18,B04,083751,Staff,0,13,30,30
1650901907620,MATH 20A,A01,083754,Staff,19,0,40,21
1650901913644,MATH 20B,A01,083756,Staff,0,14,30,30
1650901913644,MATH 20B,A02,083757,Staff,0,11,30,30
1650901919668,MATH 20C,A01,083760,Staff,0,17,30,30
1650901919668,MATH 20C,A02,083761,Staff,1,16,30,29
1650901919668,MATH 20C,B01,083762,Staff,9,0,30,21
1650901919668,MATH 20C,B02,083763,Staff,28,0,30,2
1650901925691,MATH 20D,A01,083765,Staff,2,1,30,28
1650901925691,MATH 20D,A02,083766,Staff,6,0,30,24
1650901925691,MATH 20D,A03,083767,Staff,23,0,30,7
1650901931715,MATH 20E,A01,083771,Staff,2,0,30,28
1650901931715,MATH 20E,A02,083772,Staff,13,0,30,17
1650901931715,MATH 20E,B01,083773,Staff,0,0,30,30
1650901931715,MATH 20E,B02,083774,Staff,4,0,30,26
1650901937748,MATH 103A,A01,083777,Staff,0,17,30,30
1650901937748,MATH 103A,A02,083778,Staff,0,15,30,30
1650901937748,MATH 103A,B01,083779,Staff,0,15,30,30
1650901937748,MATH 103A,B02,083780,Staff,0,14,30,30
1650901943776,MATH 105,A01,085443,Staff,0,24,30,30
1650901949803,MATH 109,A01,083213,Anzaldo; Leesa B,0,7,30,30
1650901949803,MATH 109,A02,083214,Anzaldo; Leesa B,0,7,30,30
1650901949803,MATH 109,B01,083215,Anzaldo; Leesa B,0,8,30,30
1650901949803,MATH 109,B02,083216,Anzaldo; Leesa B,0,7,30,30
1650901955831,MATH 142A,A01,083219,Chow; Bennett,0,15,30,30
1650901955831,MATH 142A,A02,083220,Chow; Bennett,0,15,30,30
1650901955831,MATH 142A,B01,083221,Chow; Bennett,0,16,30,30
1650901955831,MATH 142A,B02,083222,Chow; Bennett,0,14,30,30
1650901961855,MATH 193A,A01,083224,Staff,0,6,30,30
1650901961855,MATH 193A,A02,083225,Staff,0,7,30,30
1650901961855,MATH 193A,A03,083781,Staff,0,6,30,30
1650901961855,MATH 193A,A04,083782,Staff,0,7,30,30
1650901967890,MATH 197,001,091859,McAuley; Julian John,9998,0,9999,1
1650901973972,COGS 9,A01,083615,Staff,0,17,60,60
1650901979996,COGS 11,A01,083617,Boyle; Mary E. T.,15,0,40,25
1650901986020,COGS 13,A01,083071,Staff,0,38,40,40
1650901992047,COGS 14A,A01,092681,Staff,0,37,100,100
1650901998084,COGS 14B,A01,083073,Cheng; Tzu-Han,0,12,50,50
1650902004112,COGS 17,A01,092677,Staff,11,0,75,64
1650902010134,COGS 100,A01,083619,Staff,0,30,60,60
1650902016157,COGS 101A,A01,083621,Davis; Joshua Daniel,0,29,60,60
1650902022269,COGS 101B,A01,091572,Staff,0,3,60,60
1650902028299,COGS 101C,A01,083625,Delgado; Tania,14,0,30,16
1650902034326,COGS 107A,A01,083627,Boyle; Mary E. T.,0,16,60,60
1650902040350,COGS 118A,A01,083075,Staff,0,8,60,60
1650902046385,CSE 3,A50,083646,Miranda; Gregory Joseph,16,0,38,22
1650902046385,CSE 3,A51,083647,Miranda; Gregory Joseph,36,0,37,1
1650902052417,CSE 8A,A50,083650,Miranda; Gregory Joseph,0,29,40,40
1650902058451,CSE 11,A01,083080,Cao; Yingjun,0,97,40,40
1650902064478,CSE 12,A01,083652,Staff,0,21,100,100
1650902070516,CSE 15L,A01,083654,Staff,0,3,50,50
1650902070516,CSE 15L,A02,083655,Staff,0,3,50,50
1650902076540,CSE 20,A01,083657,Staff,48,0,80,32
1650902082566,CSE 30,A01,083084,Eldon; John,0,76,40,40
1650902088591,CSE 100,A01,083659,Cao; Yingjun,0,70,50,50
1650902094615,CSE 134B,A01,083661,Powell; Thomas Allan,0,38,65,65
1650902100642,CSE 140,A01,083663,Staff,0,12,75,75
1650902106667,CSE 140L,A01,083088,Eldon; John,0,20,75,75
1650902112696,CSE 175,A01,083665,Kumar; Rakesh,7,0,25,18
1650902118722,CSE 190,A00,092507,Dubnov; Shlomo,9,0,20,11
1650902124746,ECE 45,A01,083139,Staff,0,4,60,60
1650902130768,ECE 65,A50,083695,Staff,0,6,30,30
1650902136792,ECE 109,A01,091882,Touri; Behrouz,32,0,70,38
1650902142815,ECE 180,A00,083140,Abi Samra; Nicholas Camill,20,0,30,10
1650902142815,ECE 180,B00,083141,Abi Samra; Nicholas Camill,0,0,30,30
1650902148840,MATH 10A,A01,083735,Patchell; Gregory David,2,0,30,28
1650902148840,MATH 10A,A02,083736,Patchell; Gregory David,27,0,30,3
1650902148840,MATH 10A,A03,083737,Patchell; Gregory David,23,0,30,7
1650902154869,MATH 10B,A01,083207,Staff,0,9,30,30
1650902154869,MATH 10B,A02,083208,Staff,0,6,30,30
1650902154869,MATH 10B,B01,083739,Staff,10,0,30,20
1650902154869,MATH 10B,B02,083740,Staff,28,0,30,2
1650902160898,MATH 18,A01,083743,Staff,0,0,30,30
1650902160898,MATH 18,A02,083744,Staff,24,0,30,6
1650902160898,MATH 18,A03,083745,Staff,21,0,30,9
1650902160898,MATH 18,A04,083746,Staff,26,0,30,4
1650902160898,MATH 18,B01,083748,Staff,0,15,30,30
1650902160898,MATH 18,B02,083749,Staff,0,13,30,30
1650902160898,MATH 18,B03,083750,Staff,0,13,30,30
1650902160898,MATH 18,B04,083751,Staff,0,13,30,30
1650902166922,MATH 20A,A01,083754,Staff,19,0,40,21
1650902172956,MATH 20B,A01,083756,Staff,0,14,30,30
1650902172956,MATH 20B,A02,083757,Staff,0,11,30,30
1650902178988,MATH 20C,A01,083760,Staff,0,17,30,30
1650902178988,MATH 20C,A02,083761,Staff,1,16,30,29
1650902178988,MATH 20C,B01,083762,Staff,9,0,30,21
1650902178988,MATH 20C,B02,083763,Staff,28,0,30,2
1650902185014,MATH 20D,A01,083765,Staff,2,1,30,28
1650902185014,MATH 20D,A02,083766,Staff,6,0,30,24
1650902185014,MATH 20D,A03,083767,Staff,23,0,30,7
1650902191039,MATH 20E,A01,083771,Staff,2,0,30,28
1650902191039,MATH 20E,A02,083772,Staff,13,0,30,17
1650902191039,MATH 20E,B01,083773,Staff,0,0,30,30
1650902191039,MATH 20E,B02,083774,Staff,4,0,30,26
1650902197067,MATH 103A,A01,083777,Staff,0,17,30,30
1650902197067,MATH 103A,A02,083778,Staff,0,15,30,30
1650902197067,MATH 103A,B01,083779,Staff,0,15,30,30
1650902197067,MATH 103A,B02,083780,Staff,0,14,30,30
1650902203093,MATH 105,A01,085443,Staff,0,24,30,30
1650902209118,MATH 109,A01,083213,Anzaldo; Leesa B,0,7,30,30
1650902209118,MATH 109,A02,083214,Anzaldo; Leesa B,0,7,30,30
1650902209118,MATH 109,B01,083215,Anzaldo; Leesa B,0,8,30,30
1650902209118,MATH 109,B02,083216,Anzaldo; Leesa B,0,7,30,30
1650902215143,MATH 142A,A01,083219,Chow; Bennett,0,15,30,30
1650902215143,MATH 142A,A02,083220,Chow; Bennett,0,15,30,30
1650902215143,MATH 142A,B01,083221,Chow; Bennett,0,16,30,30
1650902215143,MATH 142A,B02,083222,Chow; Bennett,0,14,30,30
1650902221169,MATH 193A,A01,083224,Staff,0,6,30,30
1650902221169,MATH 193A,A02,083225,Staff,0,7,30,30
1650902221169,MATH 193A,A03,083781,Staff,0,6,30,30
1650902221169,MATH 193A,A04,083782,Staff,0,7,30,30
1650902227199,MATH 197,001,091859,McAuley; Julian John,9998,0,9999,1
1650902233258,COGS 9,A01,083615,Staff,0,17,60,60
1650902239281,COGS 11,A01,083617,Boyle; Mary E. T.,15,0,40,25
1650902245308,COGS 13,A01,083071,Staff,0,38,40,40
1650902251331,COGS 14A,A01,092681,Staff,0,37,100,100
1650902257359,COGS 14B,A01,083073,Cheng; Tzu-Han,0,12,50,50
1650902263381,COGS 17,A01,092677,Staff,11,0,75,64
1650902269417,COGS 100,A01,083619,Staff,0,30,60,60
1650902275442,COGS 101A,A01,083621,Davis; Joshua Daniel,0,29,60,60
1650902281465,COGS 101B,A01,091572,Staff,0,3,60,60
1650902287492,COGS 101C,A01,083625,Delgado; Tania,14,0,30,16
1650902293515,COGS 107A,A01,083627,Boyle; Mary E. T.,0,16,60,60
1650902299555,COGS 118A,A01,083075,Staff,0,8,60,60
1650902305580,CSE 3,A50,083646,Miranda; Gregory Joseph,16,0,38,22
1650902305580,CSE 3,A51,083647,Miranda; Gregory Joseph,36,0,37,1
1650902311612,CSE 8A,A50,083650,Miranda; Gregory Joseph,0,29,40,40
1650902317648,CSE 11,A01,083080,Cao; Yingjun,0,97,40,40
1650902323677,CSE 12,A01,083652,Staff,0,21,100,100
1650902329714,CSE 15L,A01,083654,Staff,0,3,50,50
1650902329714,CSE 15L,A02,083655,Staff,0,3,50,50
1650902335741,CSE 20,A01,083657,Staff,48,0,80,32
1650902341775,CSE 30,A01,083084,Eldon; John,0,76,40,40
1650902347798,CSE 100,A01,083659,Cao; Yingjun,0,70,50,50
1650902353825,CSE 134B,A01,083661,Powell; Thomas Allan,0,38,65,65
1650902359851,CSE 140,A01,083663,Staff,0,12,75,75
1650902365875,CSE 140L,A01,083088,Eldon; John,0,20,75,75
1650902371899,CSE 175,A01,083665,Kumar; Rakesh,7,0,25,18
1650902377923,CSE 190,A00,092507,Dubnov; Shlomo,9,0,20,11
1650902383951,ECE 45,A01,083139,Staff,0,4,60,60
1650902389984,ECE 65,A50,083695,Staff,0,6,30,30
1650902396014,ECE 109,A01,091882,Touri; Behrouz,32,0,70,38
1650902402038,ECE 180,A00,083140,Abi Samra; Nicholas Camill,20,0,30,10
1650902402038,ECE 180,B00,083141,Abi Samra; Nicholas Camill,0,0,30,30
1650902408061,MATH 10A,A01,083735,Patchell; Gregory David,2,0,30,28
1650902408061,MATH 10A,A02,083736,Patchell; Gregory David,27,0,30,3
1650902408061,MATH 10A,A03,083737,Patchell; Gregory David,23,0,30,7
1650902414085,MATH 10B,A01,083207,Staff,0,9,30,30
1650902414085,MATH 10B,A02,083208,Staff,0,6,30,30
1650902414085,MATH 10B,B01,083739,Staff,10,0,30,20
1650902414085,MATH 10B,B02,083740,Staff,28,0,30,2
1650902420108,MATH 18,A01,083743,Staff,0,0,30,30
1650902420108,MATH 18,A02,083744,Staff,24,0,30,6
1650902420108,MATH 18,A03,083745,Staff,21,0,30,9
1650902420108,MATH 18,A04,083746,Staff,26,0,30,4
1650902420108,MATH 18,B01,083748,Staff,0,15,30,30
1650902420108,MATH 18,B02,083749,Staff,0,13,30,30
1650902420108,MATH 18,B03,083750,Staff,0,13,30,30
1650902420108,MATH 18,B04,083751,Staff,0,13,30,30
1650902426139,MATH 20A,A01,083754,Staff,19,0,40,21
1650902432164,MATH 20B,A01,083756,Staff,0,14,30,30
1650902432164,MATH 20B,A02,083757,Staff,0,11,30,30
1650902438197,MATH 20C,A01,083760,Staff,0,17,30,30
1650902438197,MATH 20C,A02,083761,Staff,1,16,30,29
1650902438197,MATH 20C,B01,083762,Staff,9,0,30,21
1650902438197,MATH 20C,B02,083763,Staff,28,0,30,2
1650902444222,MATH 20D,A01,083765,Staff,2,1,30,28
1650902444222,MATH 20D,A02,083766,Staff,6,0,30,24
1650902444222,MATH 20D,A03,083767,Staff,23,0,30,7
1650902450250,MATH 20E,A01,083771,Staff,2,0,30,28
1650902450250,MATH 20E,A02,083772,Staff,13,0,30,17
1650902450250,MATH 20E,B01,083773,Staff,0,0,30,30
1650902450250,MATH 20E,B02,083774,Staff,4,0,30,26
1650902456274,MATH 103A,A01,083777,Staff,0,17,30,30
1650902456274,MATH 103A,A02,083778,Staff,0,15,30,30
1650902456274,MATH 103A,B01,083779,Staff,0,15,30,30
1650902456274,MATH 103A,B02,083780,Staff,0,14,30,30
1650902462299,MATH 105,A01,085443,Staff,0,24,30,30
1650902468335,MATH 109,A01,083213,Anzaldo; Leesa B,0,7,30,30
1650902468335,MATH 109,A02,083214,Anzaldo; Leesa B,0,7,30,30
1650902468335,MATH 109,B01,083215,Anzaldo; Leesa B,0,8,30,30
1650902468335,MATH 109,B02,083216,Anzaldo; Leesa B,0,7,30,30
1650902474360,MATH 142A,A01,083219,Chow; Bennett,0,15,30,30
1650902474360,MATH 142A,A02,083220,Chow; Bennett,0,15,30,30
1650902474360,MATH 142A,B01,083221,Chow; Bennett,0,16,30,30
1650902474360,MATH 142A,B02,083222,Chow; Bennett,0,14,30,30
1650902480386,MATH 193A,A01,083224,Staff,0,6,30,30
1650902480386,MATH 193A,A02,083225,Staff,0,7,30,30
1650902480386,MATH 193A,A03,083781,Staff,0,6,30,30
1650902480386,MATH 193A,A04,083782,Staff,0,7,30,30
1650902486420,MATH 197,001,091859,McAuley; Julian John,9998,0,9999,1
1650902492481,COGS 9,A01,083615,Staff,0,17,60,60
1650902498515,COGS 11,A01,083617,Boyle; Mary E. T.,15,0,40,25
1650902504538,COGS 13,A01,083071,Staff,0,38,40,40
1650902510568,COGS 14A,A01,092681,Staff,0,37,100,100
1650902516589,COGS 14B,A01,083073,Cheng; Tzu-Han,0,12,50,50
1650902522613,COGS 17,A01,092677,Staff,11,0,75,64
1650902528637,COGS 100,A01,083619,Staff,0,30,60,60
1650902534661,COGS 101A,A01,083621,Davis; Joshua Daniel,0,29,60,60
1650902540691,COGS 101B,A01,091572,Staff,0,3,60,60
1650902546713,COGS 101C,A01,083625,Delgado; Tania,14,0,30,16
1650902552740,COGS 107A,A01,083627,Boyle; Mary E. T.,0,16,60,60
1650902558765,COGS 118A,A01,083075,Staff,0,8,60,60
1650902564795,CSE 3,A50,083646,Miranda; Gregory Joseph,16,0,38,22
1650902564795,CSE 3,A51,083647,Miranda; Gregory Joseph,36,0,37,1
1650902570833,CSE 8A,A50,083650,Miranda; Gregory Joseph,0,29,40,40
1650902576856,CSE 11,A01,083080,Cao; Yingjun,0,97,40,40
1650902582880,CSE 12,A01,083652,Staff,0,21,100,100
1650902588904,CSE 15L,A01,083654,Staff,0,3,50,50
1650902588904,CSE 15L,A02,083655,Staff,0,3,50,50
1650902594927,CSE 20,A01,083657,Staff,48,0,80,32
1650902600951,CSE 30,A01,083084,Eldon; John,0,76,40,40
1650902606991,CSE 100,A01,083659,Cao; Yingjun,0,70,50,50
1650902613026,CSE 134B,A01,083661,Powell; Thomas Allan,0,38,65,65
1650902619127,CSE 140,A01,083663,Staff,0,12,75,75
1650902625153,CSE 140L,A01,083088,Eldon; John,0,20,75,75
1650902631183,CSE 175,A01,083665,Kumar; Rakesh,7,0,25,18
1650902637208,CSE 190,A00,092507,Dubnov; Shlomo,9,0,20,11
1650902643232,ECE 45,A01,083139,Staff,0,4,60,60
1650902649259,ECE 65,A50,083695,Staff,0,6,30,30
1650902655292,ECE 109,A01,091882,Touri; Behrouz,32,0,70,38
1650902661314,ECE 180,A00,083140,Abi Samra; Nicholas Camill,20,0,30,10
1650902661314,ECE 180,B00,083141,Abi Samra; Nicholas Camill,0,0,30,30
1650902667355,MATH 10A,A01,083735,Patchell; Gregory David,2,0,30,28
1650902667355,MATH 10A,A02,083736,Patchell; Gregory David,27,0,30,3
1650902667355,MATH 10A,A03,083737,Patchell; Gregory David,23,0,30,7
1650902673387,MATH 10B,A01,083207,Staff,0,9,30,30
1650902673387,MATH 10B,A02,083208,Staff,0,6,30,30
1650902673387,MATH 10B,B01,083739,Staff,10,0,30,20
1650902673387,MATH 10B,B02,083740,Staff,28,0,30,2
1650902679433,MATH 18,A01,083743,Staff,0,0,30,30
1650902679433,MATH 18,A02,083744,Staff,24,0,30,6
1650902679433,MATH 18,A03,083745,Staff,21,0,30,9
1650902679433,MATH 18,A04,083746,Staff,26,0,30,4
1650902679433,MATH 18,B01,083748,Staff,0,15,30,30
1650902679433,MATH 18,B02,083749,Staff,0,13,30,30
1650902679433,MATH 18,B03,083750,Staff,0,13,30,30
1650902679433,MATH 18,B04,083751,Staff,0,13,30,30
1650902685460,MATH 20A,A01,083754,Staff,19,0,40,21
1650902691505,MATH 20B,A01,083756,Staff,0,14,30,30
1650902691505,MATH 20B,A02,083757,Staff,0,11,30,30
1650902697533,MATH 20C,A01,083760,Staff,0,17,30,30
1650902697533,MATH 20C,A02,083761,Staff,1,16,30,29
1650902697533,MATH 20C,B01,083762,Staff,9,0,30,21
1650902697533,MATH 20C,B02,083763,Staff,28,0,30,2
1650902703555,MATH 20D,A01,083765,Staff,2,1,30,28
1650902703555,MATH 20D,A02,083766,Staff,6,0,30,24
1650902703555,MATH 20D,A03,083767,Staff,23,0,30,7
1650902709585,MATH 20E,A01,083771,Staff,2,0,30,28
1650902709585,MATH 20E,A02,083772,Staff,13,0,30,17
1650902709585,MATH 20E,B01,083773,Staff,0,0,30,30
1650902709585,MATH 20E,B02,083774,Staff,4,0,30,26
1650902715615,MATH 103A,A01,083777,Staff,0,17,30,30
1650902715615,MATH 103A,A02,083778,Staff,0,15,30,30
1650902715615,MATH 103A,B01,083779,Staff,0,15,30,30
1650902715615,MATH 103A,B02,083780,Staff,0,14,30,30
1650902721639,MATH 105,A01,085443,Staff,0,24,30,30
1650902727663,MATH 109,A01,083213,Anzaldo; Leesa B,0,7,30,30
1650902727663,MATH 109,A02,083214,Anzaldo; Leesa B,0,7,30,30
1650902727663,MATH 109,B01,083215,Anzaldo; Leesa B,0,8,30,30
1650902727663,MATH 109,B02,083216,Anzaldo; Leesa B,0,7,30,30
1650902733691,MATH 142A,A01,083219,Chow; Bennett,0,15,30,30
1650902733691,MATH 142A,A02,083220,Chow; Bennett,0,15,30,30
1650902733691,MATH 142A,B01,083221,Chow; Bennett,0,16,30,30
1650902733691,MATH 142A,B02,083222,Chow; Bennett,0,14,30,30
1650902739721,MATH 193A,A01,083224,Staff,0,6,30,30
1650902739721,MATH 193A,A02,083225,Staff,0,7,30,30
1650902739721,MATH 193A,A03,083781,Staff,0,6,30,30
1650902739721,MATH 193A,A04,083782,Staff,0,7,30,30
1650902745751,MATH 197,001,091859,McAuley; Julian John,9998,0,9999,1
1650902751803,COGS 9,A01,083615,Staff,0,17,60,60
1650902757829,COGS 11,A01,083617,Boyle; Mary E. T.,15,0,40,25
1650902763862,COGS 13,A01,083071,Staff,0,38,40,40
1650902769884,COGS 14A,A01,092681,Staff,0,37,100,100
1650902775913,COGS 14B,A01,083073,Cheng; Tzu-Han,0,12,50,50
1650902781938,COGS 17,A01,092677,Staff,11,0,75,64
1650902787961,COGS 100,A01,083619,Staff,0,30,60,60
1650902793986,COGS 101A,A01,083621,Davis; Joshua Daniel,0,29,60,60
1650902800014,COGS 101B,A01,091572,Staff,0,3,60,60
1650902806041,COGS 101C,A01,083625,Delgado; Tania,14,0,30,16
1650902812067,COGS 107A,A01,083627,Boyle; Mary E. T.,0,16,60,60
1650902818097,COGS 118A,A01,083075,Staff,0,8,60,60
1650902824138,CSE 3,A50,083646,Miranda; Gregory Joseph,16,0,38,22
1650902824138,CSE 3,A51,083647,Miranda; Gregory Joseph,36,0,37,1
1650902830164,CSE 8A,A50,083650,Miranda; Gregory Joseph,0,29,40,40
1650902836197,CSE 11,A01,083080,Cao; Yingjun,0,97,40,40
1650902842226,CSE 12,A01,083652,Staff,0,21,100,100
1650902848252,CSE 15L,A01,083654,Staff,0,3,50,50
1650902848252,CSE 15L,A02,083655,Staff,0,3,50,50
1650902854281,CSE 20,A01,083657,Staff,48,0,80,32
1650902860312,CSE 30,A01,083084,Eldon; John,0,76,40,40
1650902866341,CSE 100,A01,083659,Cao; Yingjun,0,70,50,50
1650902872368,CSE 134B,A01,083661,Powell; Thomas Allan,0,38,65,65
1650902878389,CSE 140,A01,083663,Staff,0,12,75,75
1650902884412,CSE 140L,A01,083088,Eldon; John,0,20,75,75
1650902890437,CSE 175,A01,083665,Kumar; Rakesh,7,0,25,18
1650902896462,CSE 190,A00,092507,Dubnov; Shlomo,9,0,20,11
1650902902500,ECE 45,A01,083139,Staff,0,4,60,60
1650902908525,ECE 65,A50,083695,Staff,0,6,30,30
1650902914553,ECE 109,A01,091882,Touri; Behrouz,32,0,70,38
1650902920584,ECE 180,A00,083140,Abi Samra; Nicholas Camill,20,0,30,10
1650902920584,ECE 180,B00,083141,Abi Samra; Nicholas Camill,0,0,30,30
1650902926608,MATH 10A,A01,083735,Patchell; Gregory David,2,0,30,28
1650902926608,MATH 10A,A02,083736,Patchell; Gregory David,27,0,30,3
1650902926608,MATH 10A,A03,083737,Patchell; Gregory David,23,0,30,7
1650902932639,MATH 10B,A01,083207,Staff,0,9,30,30
1650902932639,MATH 10B,A02,083208,Staff,0,6,30,30
1650902932639,MATH 10B,B01,083739,Staff,10,0,30,20
1650902932639,MATH 10B,B02,083740,Staff,28,0,30,2
1650902938662,MATH 18,A01,083743,Staff,0,0,30,30
1650902938662,MATH 18,A02,083744,Staff,24,0,30,6
1650902938662,MATH 18,A03,083745,Staff,21,0,30,9
1650902938662,MATH 18,A04,083746,Staff,26,0,30,4
1650902938662,MATH 18,B01,083748,Staff,0,15,30,30
1650902938662,MATH 18,B02,083749,Staff,0,13,30,30
1650902938662,MATH 18,B03,083750,Staff,0,13,30,30
1650902938662,MATH 18,B04,083751,Staff,0,13,30,30
1650902944688,MATH 20A,A01,083754,Staff,19,0,40,21
1650902950711,MATH 20B,A01,083756,Staff,0,14,30,30
1650902950711,MATH 20B,A02,083757,Staff,0,11,30,30
1650902956756,MATH 20C,A01,083760,Staff,0,17,30,30
1650902956756,MATH 20C,A02,083761,Staff,1,16,30,29
1650902956756,MATH 20C,B01,083762,Staff,9,0,30,21
1650902956756,MATH 20C,B02,083763,Staff,28,0,30,2
1650902962784,MATH 20D,A01,083765,Staff,2,1,30,28
1650902962784,MATH 20D,A02,083766,Staff,6,0,30,24
1650902962784,MATH 20D,A03,083767,Staff,23,0,30,7
1650902968810,MATH 20E,A01,083771,Staff,2,0,30,28
1650902968810,MATH 20E,A02,083772,Staff,13,0,30,17
1650902968810,MATH 20E,B01,083773,Staff,0,0,30,30
1650902968810,MATH 20E,B02,083774,Staff,4,0,30,26
1650902974837,MATH 103A,A01,083777,Staff,0,17,30,30
1650902974837,MATH 103A,A02,083778,Staff,0,15,30,30
1650902974837,MATH 103A,B01,083779,Staff,0,15,30,30
1650902974837,MATH 103A,B02,083780,Staff,0,14,30,30
1650902980867,MATH 105,A01,085443,Staff,0,24,30,30
1650902986893,MATH 109,A01,083213,Anzaldo; Leesa B,0,7,30,30
1650902986893,MATH 109,A02,083214,Anzaldo; Leesa B,0,7,30,30
1650902986893,MATH 109,B01,083215,Anzaldo; Leesa B,0,8,30,30
1650902986893,MATH 109,B02,083216,Anzaldo; Leesa B,0,7,30,30
1650902992928,MATH 142A,A01,083219,Chow; Bennett,0,15,30,30
1650902992928,MATH 142A,A02,083220,Chow; Bennett,0,15,30,30
1650902992928,MATH 142A,B01,083221,Chow; Bennett,0,16,30,30
1650902992928,MATH 142A,B02,083222,Chow; Bennett,0,14,30,30
1650902998955,MATH 193A,A01,083224,Staff,0,6,30,30
1650902998955,MATH 193A,A02,083225,Staff,0,7,30,30
1650902998955,MATH 193A,A03,083781,Staff,0,6,30,30
1650902998955,MATH 193A,A04,083782,Staff,0,7,30,30
1650903004978,MATH 197,001,091859,McAuley; Julian John,9998,0,9999,1
1650903011042,COGS 9,A01,083615,Staff,0,17,60,60
1650903017071,COGS 11,A01,083617,Boyle; Mary E. T.,15,0,40,25
1650903023100,COGS 13,A01,083071,Staff,0,38,40,40
1650903029128,COGS 14A,A01,092681,Staff,0,37,100,100
1650903035156,COGS 14B,A01,083073,Cheng; Tzu-Han,0,12,50,50
1650903041178,COGS 17,A01,092677,Staff,11,0,75,64
1650903047202,COGS 100,A01,083619,Staff,0,30,60,60
1650903053229,COGS 101A,A01,083621,Davis; Joshua Daniel,0,29,60,60
1650903059254,COGS 101B,A01,091572,Staff,0,3,60,60
1650903065280,COGS 101C,A01,083625,Delgado; Tania,14,0,30,16
1650903071324,COGS 107A,A01,083627,Boyle; Mary E. T.,0,16,60,60
1650903077354,COGS 118A,A01,083075,Staff,0,8,60,60
1650903083389,CSE 3,A50,083646,Miranda; Gregory Joseph,16,0,38,22
1650903083389,CSE 3,A51,083647,Miranda; Gregory Joseph,36,0,37,1
1650903089421,CSE 8A,A50,083650,Miranda; Gregory Joseph,0,29,40,40
1650903095460,CSE 11,A01,083080,Cao; Yingjun,0,97,40,40
1650903101484,CSE 12,A01,083652,Staff,0,21,100,100
1650903107507,CSE 15L,A01,083654,Staff,0,3,50,50
1650903107507,CSE 15L,A02,083655,Staff,0,3,50,50
1650903113536,CSE 20,A01,083657,Staff,48,0,80,32
1650903119568,CSE 30,A01,083084,Eldon; John,0,76,40,40
1650903125597,CSE 100,A01,083659,Cao; Yingjun,0,70,50,50
1650903131627,CSE 134B,A01,083661,Powell; Thomas Allan,0,38,65,65
1650903137653,CSE 140,A01,083663,Staff,0,12,75,75
1650903143689,CSE 140L,A01,083088,Eldon; John,0,20,75,75
1650903149711,CSE 175,A01,083665,Kumar; Rakesh,7,0,25,18
1650903155734,CSE 190,A00,092507,Dubnov; Shlomo,9,0,20,11
1650903161763,ECE 45,A01,083139,Staff,0,4,60,60
1650903167791,ECE 65,A50,083695,Staff,0,6,30,30
1650903173814,ECE 109,A01,091882,Touri; Behrouz,32,0,70,38
1650903179838,ECE 180,A00,083140,Abi Samra; Nicholas Camill,20,0,30,10
1650903179838,ECE 180,B00,083141,Abi Samra; Nicholas Camill,0,0,30,30
1650903185867,MATH 10A,A01,083735,Patchell; Gregory David,2,0,30,28
1650903185867,MATH 10A,A02,083736,Patchell; Gregory David,27,0,30,3
1650903185867,MATH 10A,A03,083737,Patchell; Gregory David,23,0,30,7
1650903191896,MATH 10B,A01,083207,Staff,0,9,30,30
1650903191896,MATH 10B,A02,083208,Staff,0,6,30,30
1650903191896,MATH 10B,B01,083739,Staff,10,0,30,20
1650903191896,MATH 10B,B02,083740,Staff,28,0,30,2
1650903197929,MATH 18,A01,083743,Staff,0,0,30,30
1650903197929,MATH 18,A02,083744,Staff,24,0,30,6
1650903197929,MATH 18,A03,083745,Staff,21,0,30,9
1650903197929,MATH 18,A04,083746,Staff,26,0,30,4
1650903197929,MATH 18,B01,083748,Staff,0,15,30,30
1650903197929,MATH 18,B02,083749,Staff,0,13,30,30
1650903197929,MATH 18,B03,083750,Staff,0,13,30,30
1650903197929,MATH 18,B04,083751,Staff,0,13,30,30
1650903203953,MATH 20A,A01,083754,Staff,19,0,40,21
1650903209987,MATH 20B,A01,083756,Staff,0,14,30,30
1650903209987,MATH 20B,A02,083757,Staff,0,11,30,30
1650903216112,MATH 20C,A01,083760,Staff,0,17,30,30
1650903216112,MATH 20C,A02,083761,Staff,1,16,30,29
1650903216112,MATH 20C,B01,083762,Staff,9,0,30,21
1650903216112,MATH 20C,B02,083763,Staff,28,0,30,2
1650903222137,MATH 20D,A01,083765,Staff,2,1,30,28
1650903222137,MATH 20D,A02,083766,Staff,6,0,30,24
1650903222137,MATH 20D,A03,083767,Staff,23,0,30,7
1650903228161,MATH 20E,A01,083771,Staff,2,0,30,28
1650903228161,MATH 20E,A02,083772,Staff,13,0,30,17
1650903228161,MATH 20E,B01,083773,Staff,0,0,30,30
1650903228161,MATH 20E,B02,083774,Staff,4,0,30,26
1650903234189,MATH 103A,A01,083777,Staff,0,17,30,30
1650903234189,MATH 103A,A02,083778,Staff,0,15,30,30
1650903234189,MATH 103A,B01,083779,Staff,0,15,30,30
1650903234189,MATH 103A,B02,083780,Staff,0,14,30,30
1650903240230,MATH 105,A01,085443,Staff,0,24,30,30
1650903246257,MATH 109,A01,083213,Anzaldo; Leesa B,0,7,30,30
1650903246257,MATH 109,A02,083214,Anzaldo; Leesa B,0,7,30,30
1650903246257,MATH 109,B01,083215,Anzaldo; Leesa B,0,8,30,30
1650903246257,MATH 109,B02,083216,Anzaldo; Leesa B,0,7,30,30
1650903252285,MATH 142A,A01,083219,Chow; Bennett,0,15,30,30
1650903252285,MATH 142A,A02,083220,Chow; Bennett,0,15,30,30
1650903252285,MATH 142A,B01,083221,Chow; Bennett,0,16,30,30
1650903252285,MATH 142A,B02,083222,Chow; Bennett,0,14,30,30
1650903258326,MATH 193A,A01,083224,Staff,0,6,30,30
1650903258326,MATH 193A,A02,083225,Staff,0,7,30,30
1650903258326,MATH 193A,A03,083781,Staff,0,6,30,30
1650903258326,MATH 193A,A04,083782,Staff,0,7,30,30
1650903264349,MATH 197,001,091859,McAuley; Julian John,9998,0,9999,1
1650903270409,COGS 9,A01,083615,Staff,0,17,60,60
1650903276435,COGS 11,A01,083617,Boyle; Mary E. T.,15,0,40,25
1650903282458,COGS 13,A01,083071,Staff,0,38,40,40
1650903288485,COGS 14A,A01,092681,Staff,0,37,100,100
1650903294510,COGS 14B,A01,083073,Cheng; Tzu-Han,0,12,50,50
1650903300541,COGS 17,A01,092677,Staff,11,0,75,64
1650903306571,COGS 100,A01,083619,Staff,0,30,60,60
1650903312599,COGS 101A,A01,083621,Davis; Joshua Daniel,0,29,60,60
1650903318620,COGS 101B,A01,091572,Staff,0,3,60,60
1650903324652,COGS 101C,A01,083625,Delgado; Tania,14,0,30,16
1650903330675,COGS 107A,A01,083627,Boyle; Mary E. T.,0,16,60,60
1650903336700,COGS 118A,A01,083075,Staff,0,8,60,60
1650903342738,CSE 3,A50,083646,Miranda; Gregory Joseph,16,0,38,22
1650903342738,CSE 3,A51,083647,Miranda; Gregory Joseph,36,0,37,1
1650903348761,CSE 8A,A50,083650,Miranda; Gregory Joseph,0,29,40,40
1650903354796,CSE 11,A01,083080,Cao; Yingjun,0,97,40,40
1650903360818,CSE 12,A01,083652,Staff,0,21,100,100
1650903366842,CSE 15L,A01,083654,Staff,0,3,50,50
1650903366842,CSE 15L,A02,083655,Staff,0,3,50,50
1650903372864,CSE 20,A01,083657,Staff,48,0,80,32
1650903378890,CSE 30,A01,083084,Eldon; John,0,76,40,40
1650903384921,CSE 100,A01,083659,Cao; Yingjun,0,70,50,50
1650903390945,CSE 134B,A01,083661,Powell; Thomas Allan,0,38,65,65
1650903396971,CSE 140,A01,083663,Staff,0,12,75,75
1650903402996,CSE 140L,A01,083088,Eldon; John,0,20,75,75
1650903409031,CSE 175,A01,083665,Kumar; Rakesh,7,0,25,18
1650903415075,CSE 190,A00,092507,Dubnov; Shlomo,9,0,20,11
1650903421120,ECE 45,A01,083139,Staff,0,4,60,60
1650903427143,ECE 65,A50,083695,Staff,0,6,30,30
1650903433174,ECE 109,A01,091882,Touri; Behrouz,32,0,70,38
1650903439198,ECE 180,A00,083140,Abi Samra; Nicholas Camill,20,0,30,10
1650903439198,ECE 180,B00,083141,Abi Samra; Nicholas Camill,0,0,30,30
1650903445226,MATH 10A,A01,083735,Patchell; Gregory David,2,0,30,28
1650903445226,MATH 10A,A02,083736,Patchell; Gregory David,27,0,30,3
1650903445226,MATH 10A,A03,083737,Patchell; Gregory David,23,0,30,7
1650903451250,MATH 10B,A01,083207,Staff,0,9,30,30
1650903451250,MATH 10B,A02,083208,Staff,0,6,30,30
1650903451250,MATH 10B,B01,083739,Staff,10,0,30,20
1650903451250,MATH 10B,B02,083740,Staff,28,0,30,2
1650903457279,MATH 18,A01,083743,Staff,0,0,30,30
1650903457279,MATH 18,A02,083744,Staff,24,0,30,6
1650903457279,MATH 18,A03,083745,Staff,21,0,30,9
1650903457279,MATH 18,A04,083746,Staff,26,0,30,4
1650903457279,MATH 18,B01,083748,Staff,0,15,30,30
1650903457279,MATH 18,B02,083749,Staff,0,13,30,30
1650903457279,MATH 18,B03,083750,Staff,0,13,30,30
1650903457279,MATH 18,B04,083751,Staff,0,13,30,30
1650903463305,MATH 20A,A01,083754,Staff,19,0,40,21
1650903469331,MATH 20B,A01,083756,Staff,0,14,30,30
1650903469331,MATH 20B,A02,083757,Staff,0,11,30,30
1650903475362,MATH 20C,A01,083760,Staff,0,17,30,30
1650903475362,MATH 20C,A02,083761,Staff,1,16,30,29
1650903475362,MATH 20C,B01,083762,Staff,9,0,30,21
1650903475362,MATH 20C,B02,083763,Staff,28,0,30,2
1650903481387,MATH 20D,A01,083765,Staff,2,1,30,28
1650903481387,MATH 20D,A02,083766,Staff,6,0,30,24
1650903481387,MATH 20D,A03,083767,Staff,23,0,30,7
1650903487421,MATH 20E,A01,083771,Staff,2,0,30,28
1650903487421,MATH 20E,A02,083772,Staff,13,0,30,17
1650903487421,MATH 20E,B01,083773,Staff,0,0,30,30
1650903487421,MATH 20E,B02,083774,Staff,4,0,30,26
1650903493465,MATH 103A,A01,083777,Staff,0,17,30,30
1650903493465,MATH 103A,A02,083778,Staff,0,15,30,30
1650903493465,MATH 103A,B01,083779,Staff,0,15,30,30
1650903493465,MATH 103A,B02,083780,Staff,0,14,30,30
1650903499488,MATH 105,A01,085443,Staff,0,23,30,30
1650903505522,MATH 109,A01,083213,Anzaldo; Leesa B,0,7,30,30
1650903505522,MATH 109,A02,083214,Anzaldo; Leesa B,0,7,30,30
1650903505522,MATH 109,B01,083215,Anzaldo; Leesa B,0,8,30,30
1650903505522,MATH 109,B02,083216,Anzaldo; Leesa B,0,7,30,30
1650903511546,MATH 142A,A01,083219,Chow; Bennett,0,15,30,30
1650903511546,MATH 142A,A02,083220,Chow; Bennett,0,15,30,30
1650903511546,MATH 142A,B01,083221,Chow; Bennett,0,16,30,30
1650903511546,MATH 142A,B02,083222,Chow; Bennett,0,14,30,30
1650903517575,MATH 193A,A01,083224,Staff,0,6,30,30
1650903517575,MATH 193A,A02,083225,Staff,0,7,30,30
1650903517575,MATH 193A,A03,083781,Staff,0,6,30,30
1650903517575,MATH 193A,A04,083782,Staff,0,7,30,30
1650903523599,MATH 197,001,091859,McAuley; Julian John,9998,0,9999,1
1650903529650,COGS 9,A01,083615,Staff,0,17,60,60
1650903535681,COGS 11,A01,083617,Boyle; Mary E. T.,15,0,40,25
1650903541716,COGS 13,A01,083071,Staff,0,38,40,40
1650903547749,COGS 14A,A01,092681,Staff,0,37,100,100
1650903553776,COGS 14B,A01,083073,Cheng; Tzu-Han,0,12,50,50
1650903559799,COGS 17,A01,092677,Staff,11,0,75,64
1650903565823,COGS 100,A01,083619,Staff,0,30,60,60
1650903571887,COGS 101A,A01,083621,Davis; Joshua Daniel,0,29,60,60
1650903577916,COGS 101B,A01,091572,Staff,0,3,60,60
1650903583943,COGS 101C,A01,083625,Delgado; Tania,14,0,30,16
1650903589979,COGS 107A,A01,083627,Boyle; Mary E. T.,0,16,60,60
1650903596007,COGS 118A,A01,083075,Staff,0,9,60,60
1650903602042,CSE 3,A50,083646,Miranda; Gregory Joseph,16,0,38,22
1650903602042,CSE 3,A51,083647,Miranda; Gregory Joseph,36,0,37,1
1650903608071,CSE 8A,A50,083650,Miranda; Gregory Joseph,0,29,40,40
1650903614098,CSE 11,A01,083080,Cao; Yingjun,0,97,40,40
1650903620131,CSE 12,A01,083652,Staff,0,21,100,100
1650903626157,CSE 15L,A01,083654,Staff,0,3,50,50
1650903626157,CSE 15L,A02,083655,Staff,0,3,50,50
1650903632193,CSE 20,A01,083657,Staff,48,0,80,32
1650903638225,CSE 30,A01,083084,Eldon; John,0,76,40,40
1650903644262,CSE 100,A01,083659,Cao; Yingjun,0,70,50,50
1650903650285,CSE 134B,A01,083661,Powell; Thomas Allan,0,38,65,65
1650903656311,CSE 140,A01,083663,Staff,0,12,75,75
1650903662344,CSE 140L,A01,083088,Eldon; John,0,20,75,75
1650903668377,CSE 175,A01,083665,Kumar; Rakesh,7,0,25,18
1650903674414,CSE 190,A00,092507,Dubnov; Shlomo,9,0,20,11
1650903680436,ECE 45,A01,083139,Staff,0,4,60,60
1650903686461,ECE 65,A50,083695,Staff,0,6,30,30
1650903692484,ECE 109,A01,091882,Touri; Behrouz,32,0,70,38
1650903698507,ECE 180,A00,083140,Abi Samra; Nicholas Camill,20,0,30,10
1650903698507,ECE 180,B00,083141,Abi Samra; Nicholas Camill,0,0,30,30
1650903704531,MATH 10A,A01,083735,Patchell; Gregory David,2,0,30,28
1650903704531,MATH 10A,A02,083736,Patchell; Gregory David,27,0,30,3
1650903704531,MATH 10A,A03,083737,Patchell; Gregory David,23,0,30,7
1650903710563,MATH 10B,A01,083207,Staff,0,9,30,30
1650903710563,MATH 10B,A02,083208,Staff,0,6,30,30
1650903710563,MATH 10B,B01,083739,Staff,10,0,30,20
1650903710563,MATH 10B,B02,083740,Staff,28,0,30,2
1650903716587,MATH 18,A01,083743,Staff,0,0,30,30
1650903716587,MATH 18,A02,083744,Staff,24,0,30,6
1650903716587,MATH 18,A03,083745,Staff,21,0,30,9
1650903716587,MATH 18,A04,083746,Staff,26,0,30,4
1650903716587,MATH 18,B01,083748,Staff,0,15,30,30
1650903716587,MATH 18,B02,083749,Staff,0,13,30,30
1650903716587,MATH 18,B03,083750,Staff,0,13,30,30
1650903716587,MATH 18,B04,083751,Staff,0,13,30,30
1650903722610,MATH 20A,A01,083754,Staff,19,0,40,21
1650903728635,MATH 20B,A01,083756,Staff,0,14,30,30
1650903728635,MATH 20B,A02,083757,Staff,0,11,30,30
1650903734658,MATH 20C,A01,083760,Staff,0,17,30,30
1650903734658,MATH 20C,A02,083761,Staff,1,16,30,29
1650903734658,MATH 20C,B01,083762,Staff,9,0,30,21
1650903734658,MATH 20C,B02,083763,Staff,28,0,30,2
1650903740682,MATH 20D,A01,083765,Staff,2,1,30,28
1650903740682,MATH 20D,A02,083766,Staff,6,0,30,24
1650903740682,MATH 20D,A03,083767,Staff,23,0,30,7
1650903746713,MATH 20E,A01,083771,Staff,2,0,30,28
1650903746713,MATH 20E,A02,083772,Staff,13,0,30,17
1650903746713,MATH 20E,B01,083773,Staff,0,0,30,30
1650903746713,MATH 20E,B02,083774,Staff,4,0,30,26
1650903752753,MATH 103A,A01,083777,Staff,0,17,30,30
1650903752753,MATH 103A,A02,083778,Staff,0,15,30,30
1650903752753,MATH 103A,B01,083779,Staff,0,15,30,30
1650903752753,MATH 103A,B02,083780,Staff,0,14,30,30
1650903758776,MATH 105,A01,085443,Staff,0,23,30,30
1650903764815,MATH 109,A01,083213,Anzaldo; Leesa B,0,7,30,30
1650903764815,MATH 109,A02,083214,Anzaldo; Leesa B,0,7,30,30
1650903764815,MATH 109,B01,083215,Anzaldo; Leesa B,0,8,30,30
1650903764815,MATH 109,B02,083216,Anzaldo; Leesa B,0,7,30,30
1650903770840,MATH 142A,A01,083219,Chow; Bennett,0,15,30,30
1650903770840,MATH 142A,A02,083220,Chow; Bennett,0,15,30,30
1650903770840,MATH 142A,B01,083221,Chow; Bennett,0,16,30,30
1650903770840,MATH 142A,B02,083222,Chow; Bennett,0,14,30,30
1650903776893,MATH 193A,A01,083224,Staff,0,6,30,30
1650903776893,MATH 193A,A02,083225,Staff,0,7,30,30
1650903776893,MATH 193A,A03,083781,Staff,0,6,30,30
1650903776893,MATH 193A,A04,083782,Staff,0,7,30,30
1650903782926,MATH 197,001,091859,McAuley; Julian John,9998,0,9999,1
1650903788995,COGS 9,A01,083615,Staff,0,17,60,60
1650903795020,COGS 11,A01,083617,Boyle; Mary E. T.,15,0,40,25
1650903801046,COGS 13,A01,083071,Staff,0,38,40,40
1650903807168,COGS 14A,A01,092681,Staff,0,37,100,100
1650903813195,COGS 14B,A01,083073,Cheng; Tzu-Han,0,12,50,50
1650903819219,COGS 17,A01,092677,Staff,11,0,75,64
1650903825244,COGS 100,A01,083619,Staff,0,30,60,60
1650903831267,COGS 101A,A01,083621,Davis; Joshua Daniel,0,29,60,60
1650903837307,COGS 101B,A01,091572,Staff,0,3,60,60
1650903843350,COGS 101C,A01,083625,Delgado; Tania,14,0,30,16
1650903849382,COGS 107A,A01,083627,Boyle; Mary E. T.,0,16,60,60
1650903855412,COGS 118A,A01,083075,Staff,0,9,60,60
1650903861447,CSE 3,A50,083646,Miranda; Gregory Joseph,16,0,38,22
1650903861447,CSE 3,A51,083647,Miranda; Gregory Joseph,36,0,37,1
1650903867470,CSE 8A,A50,083650,Miranda; Gregory Joseph,0,30,40,40
1650903873497,CSE 11,A01,083080,Cao; Yingjun,0,97,40,40
1650903879534,CSE 12,A01,083652,Staff,0,21,100,100
1650903885559,CSE 15L,A01,083654,Staff,0,3,50,50
1650903885559,CSE 15L,A02,083655,Staff,0,3,50,50
1650903891584,CSE 20,A01,083657,Staff,48,0,80,32
1650903897618,CSE 30,A01,083084,Eldon; John,0,76,40,40
1650903903641,CSE 100,A01,083659,Cao; Yingjun,0,70,50,50
1650903909668,CSE 134B,A01,083661,Powell; Thomas Allan,0,38,65,65
1650903915692,CSE 140,A01,083663,Staff,0,12,75,75
1650903921730,CSE 140L,A01,083088,Eldon; John,0,20,75,75
1650903927754,CSE 175,A01,083665,Kumar; Rakesh,7,0,25,18
1650903933791,CSE 190,A00,092507,Dubnov; Shlomo,9,0,20,11
1650903939817,ECE 45,A01,083139,Staff,0,4,60,60
1650903945839,ECE 65,A50,083695,Staff,0,6,30,30
1650903951869,ECE 109,A01,091882,Touri; Behrouz,32,0,70,38
1650903957893,ECE 180,A00,083140,Abi Samra; Nicholas Camill,20,0,30,10
1650903957893,ECE 180,B00,083141,Abi Samra; Nicholas Camill,0,0,30,30
1650903963932,MATH 10A,A01,083735,Patchell; Gregory David,2,0,30,28
1650903963932,MATH 10A,A02,083736,Patchell; Gregory David,27,0,30,3
1650903963932,MATH 10A,A03,083737,Patchell; Gregory David,23,0,30,7
1650903969966,MATH 10B,A01,083207,Staff,0,9,30,30
1650903969966,MATH 10B,A02,083208,Staff,0,6,30,30
1650903969966,MATH 10B,B01,083739,Staff,10,0,30,20
1650903969966,MATH 10B,B02,083740,Staff,28,0,30,2
1650903976003,MATH 18,A01,083743,Staff,0,0,30,30
1650903976003,MATH 18,A02,083744,Staff,24,0,30,6
1650903976003,MATH 18,A03,083745,Staff,21,0,30,9
1650903976003,MATH 18,A04,083746,Staff,26,0,30,4
1650903976003,MATH 18,B01,083748,Staff,0,15,30,30
1650903976003,MATH 18,B02,083749,Staff,0,13,30,30
1650903976003,MATH 18,B03,083750,Staff,0,13,30,30
1650903976003,MATH 18,B04,083751,Staff,0,13,30,30
1650903982041,MATH 20A,A01,083754,Staff,19,0,40,21
1650903988071,MATH 20B,A01,083756,Staff,0,14,30,30
1650903988071,MATH 20B,A02,083757,Staff,0,11,30,30
1650903994094,MATH 20C,A01,083760,Staff,0,17,30,30
1650903994094,MATH 20C,A02,083761,Staff,1,16,30,29
1650903994094,MATH 20C,B01,083762,Staff,9,0,30,21
1650903994094,MATH 20C,B02,083763,Staff,28,0,30,2
1650904000117,MATH 20D,A01,083765,Staff,2,1,30,28
1650904000117,MATH 20D,A02,083766,Staff,6,0,30,24
1650904000117,MATH 20D,A03,083767,Staff,23,0,30,7
1650904006145,MATH 20E,A01,083771,Staff,2,0,30,28
1650904006145,MATH 20E,A02,083772,Staff,13,0,30,17
1650904006145,MATH 20E,B01,083773,Staff,0,0,30,30
1650904006145,MATH 20E,B02,083774,Staff,3,0,30,27
1650904012172,MATH 103A,A01,083777,Staff,0,17,30,30
1650904012172,MATH 103A,A02,083778,Staff,0,15,30,30
1650904012172,MATH 103A,B01,083779,Staff,0,15,30,30
1650904012172,MATH 103A,B02,083780,Staff,0,14,30,30
1650904018195,MATH 105,A01,085443,Staff,0,23,30,30
1650904024220,MATH 109,A01,083213,Anzaldo; Leesa B,0,7,30,30
1650904024220,MATH 109,A02,083214,Anzaldo; Leesa B,0,7,30,30
1650904024220,MATH 109,B01,083215,Anzaldo; Leesa B,0,8,30,30
1650904024220,MATH 109,B02,083216,Anzaldo; Leesa B,0,7,30,30
1650904030251,MATH 142A,A01,083219,Chow; Bennett,0,15,30,30
1650904030251,MATH 142A,A02,083220,Chow; Bennett,0,15,30,30
1650904030251,MATH 142A,B01,083221,Chow; Bennett,0,16,30,30
1650904030251,MATH 142A,B02,083222,Chow; Bennett,0,14,30,30
1650904036274,MATH 193A,A01,083224,Staff,0,6,30,30
1650904036274,MATH 193A,A02,083225,Staff,0,7,30,30
1650904036274,MATH 193A,A03,083781,Staff,0,6,30,30
1650904036274,MATH 193A,A04,083782,Staff,0,7,30,30
1650904042296,MATH 197,001,091859,McAuley; Julian John,9998,0,9999,1
1650904048354,COGS 9,A01,083615,Staff,0,17,60,60
1650904054383,COGS 11,A01,083617,Boyle; Mary E. T.,15,0,40,25
1650904060406,COGS 13,A01,083071,Staff,0,38,40,40
1650904066428,COGS 14A,A01,092681,Staff,0,37,100,100
1650904072451,COGS 14B,A01,083073,Cheng; Tzu-Han,0,12,50,50
1650904078478,COGS 17,A01,092677,Staff,11,0,75,64
1650904084502,COGS 100,A01,083619,Staff,0,30,60,60
1650904090535,COGS 101A,A01,083621,Davis; Joshua Daniel,0,29,60,60
1650904096562,COGS 101B,A01,091572,Staff,0,3,60,60
1650904102589,COGS 101C,A01,083625,Delgado; Tania,14,0,30,16
1650904108612,COGS 107A,A01,083627,Boyle; Mary E. T.,0,16,60,60
1650904114638,COGS 118A,A01,083075,Staff,0,9,60,60
1650904120670,CSE 3,A50,083646,Miranda; Gregory Joseph,16,0,38,22
1650904120670,CSE 3,A51,083647,Miranda; Gregory Joseph,36,0,37,1
1650904126694,CSE 8A,A50,083650,Miranda; Gregory Joseph,0,30,40,40
1650904132731,CSE 11,A01,083080,Cao; Yingjun,0,97,40,40
1650904138756,CSE 12,A01,083652,Staff,0,21,100,100
1650904144781,CSE 15L,A01,083654,Staff,0,3,50,50
1650904144781,CSE 15L,A02,083655,Staff,0,3,50,50
1650904150803,CSE 20,A01,083657,Staff,48,0,80,32
1650904156827,CSE 30,A01,083084,Eldon; John,0,76,40,40
1650904162852,CSE 100,A01,083659,Cao; Yingjun,0,70,50,50
1650904168883,CSE 134B,A01,083661,Powell; Thomas Allan,0,38,65,65
1650904174911,CSE 140,A01,083663,Staff,0,12,75,75
1650904180938,CSE 140L,A01,083088,Eldon; John,0,20,75,75
1650904186965,CSE 175,A01,083665,Kumar; Rakesh,7,0,25,18
1650904192992,CSE 190,A00,092507,Dubnov; Shlomo,9,0,20,11
1650904199013,ECE 45,A01,083139,Staff,0,4,60,60
1650904205041,ECE 65,A50,083695,Staff,0,6,30,30
1650904211071,ECE 109,A01,091882,Touri; Behrouz,32,0,70,38
1650904217104,ECE 180,A00,083140,Abi Samra; Nicholas Camill,20,0,30,10
1650904217104,ECE 180,B00,083141,Abi Samra; Nicholas Camill,0,0,30,30
1650904223128,MATH 10A,A01,083735,Patchell; Gregory David,2,0,30,28
1650904223128,MATH 10A,A02,083736,Patchell; Gregory David,27,0,30,3
1650904223128,MATH 10A,A03,083737,Patchell; Gregory David,23,0,30,7
1650904229164,MATH 10B,A01,083207,Staff,0,9,30,30
1650904229164,MATH 10B,A02,083208,Staff,0,6,30,30
1650904229164,MATH 10B,B01,083739,Staff,10,0,30,20
1650904229164,MATH 10B,B02,083740,Staff,28,0,30,2
1650904235192,MATH 18,A01,083743,Staff,0,0,30,30
1650904235192,MATH 18,A02,083744,Staff,24,0,30,6
1650904235192,MATH 18,A03,083745,Staff,21,0,30,9
1650904235192,MATH 18,A04,083746,Staff,26,0,30,4
1650904235192,MATH 18,B01,083748,Staff,0,15,30,30
1650904235192,MATH 18,B02,083749,Staff,0,13,30,30
1650904235192,MATH 18,B03,083750,Staff,0,13,30,30
1650904235192,MATH 18,B04,083751,Staff,0,13,30,30
1650904241215,MATH 20A,A01,083754,Staff,19,0,40,21
1650904247245,MATH 20B,A01,083756,Staff,0,14,30,30
1650904247245,MATH 20B,A02,083757,Staff,0,11,30,30
1650904253271,MATH 20C,A01,083760,Staff,0,17,30,30
1650904253271,MATH 20C,A02,083761,Staff,1,16,30,29
1650904253271,MATH 20C,B01,083762,Staff,9,0,30,21
1650904253271,MATH 20C,B02,083763,Staff,28,0,30,2
1650904259303,MATH 20D,A01,083765,Staff,2,1,30,28
1650904259303,MATH 20D,A02,083766,Staff,6,0,30,24
1650904259303,MATH 20D,A03,083767,Staff,23,0,30,7
1650904265335,MATH 20E,A01,083771,Staff,2,0,30,28
1650904265335,MATH 20E,A02,083772,Staff,13,0,30,17
1650904265335,MATH 20E,B01,083773,Staff,0,0,30,30
1650904265335,MATH 20E,B02,083774,Staff,3,0,30,27
1650904271360,MATH 103A,A01,083777,Staff,0,17,30,30
1650904271360,MATH 103A,A02,083778,Staff,0,15,30,30
1650904271360,MATH 103A,B01,083779,Staff,0,15,30,30
1650904271360,MATH 103A,B02,083780,Staff,0,14,30,30
1650904277402,MATH 105,A01,085443,Staff,0,23,30,30
1650904283428,MATH 109,A01,083213,Anzaldo; Leesa B,0,7,30,30
1650904283428,MATH 109,A02,083214,Anzaldo; Leesa B,0,7,30,30
1650904283428,MATH 109,B01,083215,Anzaldo; Leesa B,0,8,30,30
1650904283428,MATH 109,B02,083216,Anzaldo; Leesa B,0,7,30,30
1650904289455,MATH 142A,A01,083219,Chow; Bennett,0,15,30,30
1650904289455,MATH 142A,A02,083220,Chow; Bennett,0,15,30,30
1650904289455,MATH 142A,B01,083221,Chow; Bennett,0,16,30,30
1650904289455,MATH 142A,B02,083222,Chow; Bennett,0,14,30,30
1650904295476,MATH 193A,A01,083224,Staff,0,6,30,30
1650904295476,MATH 193A,A02,083225,Staff,0,7,30,30
1650904295476,MATH 193A,A03,083781,Staff,0,6,30,30
1650904295476,MATH 193A,A04,083782,Staff,0,7,30,30
1650904301498,MATH 197,001,091859,McAuley; Julian John,9998,0,9999,1
1650904307556,COGS 9,A01,083615,Staff,0,17,60,60
1650904313582,COGS 11,A01,083617,Boyle; Mary E. T.,15,0,40,25
1650904319606,COGS 13,A01,083071,Staff,0,38,40,40
1650904325630,COGS 14A,A01,092681,Staff,0,37,100,100
1650904331655,COGS 14B,A01,083073,Cheng; Tzu-Han,0,12,50,50
1650904337680,COGS 17,A01,092677,Staff,11,0,75,64
1650904343710,COGS 100,A01,083619,Staff,0,30,60,60
1650904349738,COGS 101A,A01,083621,Davis; Joshua Daniel,0,29,60,60
1650904355761,COGS 101B,A01,091572,Staff,0,3,60,60
1650904361786,COGS 101C,A01,083625,Delgado; Tania,14,0,30,16
1650904367820,COGS 107A,A01,083627,Boyle; Mary E. T.,0,16,60,60
1650904373843,COGS 118A,A01,083075,Staff,0,9,60,60
1650904379867,CSE 3,A50,083646,Miranda; Gregory Joseph,16,0,38,22
1650904379867,CSE 3,A51,083647,Miranda; Gregory Joseph,36,0,37,1
1650904385904,CSE 8A,A50,083650,Miranda; Gregory Joseph,0,30,40,40
1650904391927,CSE 11,A01,083080,Cao; Yingjun,0,97,40,40
1650904397951,CSE 12,A01,083652,Staff,0,21,100,100
1650904404056,CSE 15L,A01,083654,Staff,0,3,50,50
1650904404056,CSE 15L,A02,083655,Staff,0,3,50,50
1650904410091,CSE 20,A01,083657,Staff,48,0,80,32
1650904416112,CSE 30,A01,083084,Eldon; John,0,76,40,40
1650904422135,CSE 100,A01,083659,Cao; Yingjun,0,70,50,50
1650904428158,CSE 134B,A01,083661,Powell; Thomas Allan,0,38,65,65
1650904434187,CSE 140,A01,083663,Staff,0,12,75,75
1650904440209,CSE 140L,A01,083088,Eldon; John,0,20,75,75
1650904446233,CSE 175,A01,083665,Kumar; Rakesh,7,0,25,18
1650904452258,CSE 190,A00,092507,Dubnov; Shlomo,9,0,20,11
1650904458288,ECE 45,A01,083139,Staff,0,4,60,60
1650904464322,ECE 65,A50,083695,Staff,0,6,30,30
1650904470347,ECE 109,A01,091882,Touri; Behrouz,32,0,70,38
1650904476370,ECE 180,A00,083140,Abi Samra; Nicholas Camill,20,0,30,10
1650904476370,ECE 180,B00,083141,Abi Samra; Nicholas Camill,0,0,30,30
1650904482392,MATH 10A,A01,083735,Patchell; Gregory David,2,0,30,28
1650904482392,MATH 10A,A02,083736,Patchell; Gregory David,27,0,30,3
1650904482392,MATH 10A,A03,083737,Patchell; Gregory David,23,0,30,7
1650904488427,MATH 10B,A01,083207,Staff,0,9,30,30
1650904488427,MATH 10B,A02,083208,Staff,0,6,30,30
1650904488427,MATH 10B,B01,083739,Staff,10,0,30,20
1650904488427,MATH 10B,B02,083740,Staff,28,0,30,2
1650904494457,MATH 18,A01,083743,Staff,0,0,30,30
1650904494457,MATH 18,A02,083744,Staff,24,0,30,6
1650904494457,MATH 18,A03,083745,Staff,21,0,30,9
1650904494457,MATH 18,A04,083746,Staff,26,0,30,4
1650904494457,MATH 18,B01,083748,Staff,0,15,30,30
1650904494457,MATH 18,B02,083749,Staff,0,13,30,30
1650904494457,MATH 18,B03,083750,Staff,0,13,30,30
1650904494457,MATH 18,B04,083751,Staff,0,13,30,30
1650904500484,MATH 20A,A01,083754,Staff,19,0,40,21
1650904506506,MATH 20B,A01,083756,Staff,0,14,30,30
1650904506506,MATH 20B,A02,083757,Staff,0,11,30,30
1650904512528,MATH 20C,A01,083760,Staff,0,17,30,30
1650904512528,MATH 20C,A02,083761,Staff,1,16,30,29
1650904512528,MATH 20C,B01,083762,Staff,9,0,30,21
1650904512528,MATH 20C,B02,083763,Staff,28,0,30,2
1650904518551,MATH 20D,A01,083765,Staff,2,1,30,28
1650904518551,MATH 20D,A02,083766,Staff,6,0,30,24
1650904518551,MATH 20D,A03,083767,Staff,23,0,30,7
1650904524579,MATH 20E,A01,083771,Staff,2,0,30,28
1650904524579,MATH 20E,A02,083772,Staff,13,0,30,17
1650904524579,MATH 20E,B01,083773,Staff,0,0,30,30
1650904524579,MATH 20E,B02,083774,Staff,3,0,30,27
1650904530602,MATH 103A,A01,083777,Staff,0,17,30,30
1650904530602,MATH 103A,A02,083778,Staff,0,15,30,30
1650904530602,MATH 103A,B01,083779,Staff,0,15,30,30
1650904530602,MATH 103A,B02,083780,Staff,0,14,30,30
1650904536635,MATH 105,A01,085443,Staff,0,23,30,30
1650904542659,MATH 109,A01,083213,Anzaldo; Leesa B,0,7,30,30
1650904542659,MATH 109,A02,083214,Anzaldo; Leesa B,0,7,30,30
1650904542659,MATH 109,B01,083215,Anzaldo; Leesa B,0,8,30,30
1650904542659,MATH 109,B02,083216,Anzaldo; Leesa B,0,7,30,30
1650904548685,MATH 142A,A01,083219,Chow; Bennett,0,15,30,30
1650904548685,MATH 142A,A02,083220,Chow; Bennett,0,15,30,30
1650904548685,MATH 142A,B01,083221,Chow; Bennett,0,16,30,30
1650904548685,MATH 142A,B02,083222,Chow; Bennett,0,14,30,30
1650904554720,MATH 193A,A01,083224,Staff,0,6,30,30
1650904554720,MATH 193A,A02,083225,Staff,0,7,30,30
1650904554720,MATH 193A,A03,083781,Staff,0,6,30,30
1650904554720,MATH 193A,A04,083782,Staff,0,7,30,30
1650904560741,MATH 197,001,091859,McAuley; Julian John,9998,0,9999,1
1650904566810,COGS 9,A01,083615,Staff,0,17,60,60
1650904572832,COGS 11,A01,083617,Boyle; Mary E. T.,15,0,40,25
1650904578857,COGS 13,A01,083071,Staff,0,38,40,40
1650904584888,COGS 14A,A01,092681,Staff,0,37,100,100
1650904590920,COGS 14B,A01,083073,Cheng; Tzu-Han,0,12,50,50
1650904596942,COGS 17,A01,092677,Staff,11,0,75,64
1650904602972,COGS 100,A01,083619,Staff,0,30,60,60
1650904608999,COGS 101A,A01,083621,Davis; Joshua Daniel,0,29,60,60
1650904615025,COGS 101B,A01,091572,Staff,0,3,60,60
1650904621049,COGS 101C,A01,083625,Delgado; Tania,14,0,30,16
1650904627084,COGS 107A,A01,083627,Boyle; Mary E. T.,0,16,60,60
1650904633111,COGS 118A,A01,083075,Staff,0,9,60,60
1650904639138,CSE 3,A50,083646,Miranda; Gregory Joseph,16,0,38,22
1650904639138,CSE 3,A51,083647,Miranda; Gregory Joseph,36,0,37,1
1650904645170,CSE 8A,A50,083650,Miranda; Gregory Joseph,0,31,40,40
1650904651191,CSE 11,A01,083080,Cao; Yingjun,0,97,40,40
1650904657229,CSE 12,A01,083652,Staff,0,21,100,100
1650904663252,CSE 15L,A01,083654,Staff,0,3,50,50
1650904663252,CSE 15L,A02,083655,Staff,0,3,50,50
1650904669279,CSE 20,A01,083657,Staff,48,0,80,32
1650904675313,CSE 30,A01,083084,Eldon; John,0,76,40,40
1650904681338,CSE 100,A01,083659,Cao; Yingjun,0,70,50,50
1650904687362,CSE 134B,A01,083661,Powell; Thomas Allan,0,38,65,65
1650904693388,CSE 140,A01,083663,Staff,0,12,75,75
1650904699412,CSE 140L,A01,083088,Eldon; John,0,20,75,75
1650904705435,CSE 175,A01,083665,Kumar; Rakesh,7,0,25,18
1650904711459,CSE 190,A00,092507,Dubnov; Shlomo,9,0,20,11
1650904717488,ECE 45,A01,083139,Staff,0,4,60,60
1650904723512,ECE 65,A50,083695,Staff,0,6,30,30
1650904729537,ECE 109,A01,091882,Touri; Behrouz,32,0,70,38
1650904735573,ECE 180,A00,083140,Abi Samra; Nicholas Camill,20,0,30,10
1650904735573,ECE 180,B00,083141,Abi Samra; Nicholas Camill,0,0,30,30
1650904741610,MATH 10A,A01,083735,Patchell; Gregory David,2,0,30,28
1650904741610,MATH 10A,A02,083736,Patchell; Gregory David,27,0,30,3
1650904741610,MATH 10A,A03,083737,Patchell; Gregory David,23,0,30,7
1650904747638,MATH 10B,A01,083207,Staff,0,9,30,30
1650904747638,MATH 10B,A02,083208,Staff,0,6,30,30
1650904747638,MATH 10B,B01,083739,Staff,10,0,30,20
1650904747638,MATH 10B,B02,083740,Staff,28,0,30,2
1650904753669,MATH 18,A01,083743,Staff,0,0,30,30
1650904753669,MATH 18,A02,083744,Staff,24,0,30,6
1650904753669,MATH 18,A03,083745,Staff,20,0,30,10
1650904753669,MATH 18,A04,083746,Staff,26,0,30,4
1650904753669,MATH 18,B01,083748,Staff,0,15,30,30
1650904753669,MATH 18,B02,083749,Staff,0,13,30,30
1650904753669,MATH 18,B03,083750,Staff,0,13,30,30
1650904753669,MATH 18,B04,083751,Staff,0,13,30,30
1650904759707,MATH 20A,A01,083754,Staff,19,0,40,21
1650904765731,MATH 20B,A01,083756,Staff,0,14,30,30
1650904765731,MATH 20B,A02,083757,Staff,0,11,30,30
1650904771753,MATH 20C,A01,083760,Staff,0,17,30,30
1650904771753,MATH 20C,A02,083761,Staff,1,16,30,29
1650904771753,MATH 20C,B01,083762,Staff,9,0,30,21
1650904771753,MATH 20C,B02,083763,Staff,28,0,30,2
1650904777780,MATH 20D,A01,083765,Staff,2,1,30,28
1650904777780,MATH 20D,A02,083766,Staff,6,0,30,24
1650904777780,MATH 20D,A03,083767,Staff,23,0,30,7
1650904783803,MATH 20E,A01,083771,Staff,2,0,30,28
1650904783803,MATH 20E,A02,083772,Staff,13,0,30,17
1650904783803,MATH 20E,B01,083773,Staff,0,0,30,30
1650904783803,MATH 20E,B02,083774,Staff,3,0,30,27
1650904789826,MATH 103A,A01,083777,Staff,0,17,30,30
1650904789826,MATH 103A,A02,083778,Staff,0,15,30,30
1650904789826,MATH 103A,B01,083779,Staff,0,15,30,30
1650904789826,MATH 103A,B02,083780,Staff,0,14,30,30
1650904795851,MATH 105,A01,085443,Staff,0,23,30,30
1650904801878,MATH 109,A01,083213,Anzaldo; Leesa B,0,7,30,30
1650904801878,MATH 109,A02,083214,Anzaldo; Leesa B,0,7,30,30
1650904801878,MATH 109,B01,083215,Anzaldo; Leesa B,0,8,30,30
1650904801878,MATH 109,B02,083216,Anzaldo; Leesa B,0,7,30,30
1650904807906,MATH 142A,A01,083219,Chow; Bennett,0,15,30,30
1650904807906,MATH 142A,A02,083220,Chow; Bennett,0,15,30,30
1650904807906,MATH 142A,B01,083221,Chow; Bennett,0,16,30,30
1650904807906,MATH 142A,B02,083222,Chow; Bennett,0,14,30,30
1650904813934,MATH 193A,A01,083224,Staff,0,6,30,30
1650904813934,MATH 193A,A02,083225,Staff,0,7,30,30
1650904813934,MATH 193A,A03,083781,Staff,0,6,30,30
1650904813934,MATH 193A,A04,083782,Staff,0,7,30,30
1650904819967,MATH 197,001,091859,McAuley; Julian John,9998,0,9999,1
1650904826028,COGS 9,A01,083615,Staff,0,17,60,60
1650904832063,COGS 11,A01,083617,Boyle; Mary E. T.,15,0,40,25
1650904845803,COGS 13,A01,083071,Staff,0,38,40,40
1650904851826,COGS 14A,A01,092681,Staff,0,37,100,100
1650904857853,COGS 14B,A01,083073,Cheng; Tzu-Han,0,12,50,50
1650904863882,COGS 17,A01,092677,Staff,11,0,75,64
1650904869925,COGS 100,A01,083619,Staff,0,30,60,60
1650904875955,COGS 101A,A01,083621,Davis; Joshua Daniel,0,29,60,60
1650904881978,COGS 101B,A01,091572,Staff,0,3,60,60
1650904888014,COGS 101C,A01,083625,Delgado; Tania,14,0,30,16
1650904894041,COGS 107A,A01,083627,Boyle; Mary E. T.,0,16,60,60
1650904900065,COGS 118A,A01,083075,Staff,0,9,60,60
1650904906086,CSE 3,A50,083646,Miranda; Gregory Joseph,16,0,38,22
1650904906086,CSE 3,A51,083647,Miranda; Gregory Joseph,36,0,37,1
1650904912111,CSE 8A,A50,083650,Miranda; Gregory Joseph,0,31,40,40
1650904918133,CSE 11,A01,083080,Cao; Yingjun,0,98,40,40
1650904924155,CSE 12,A01,083652,Staff,0,21,100,100
1650904930179,CSE 15L,A01,083654,Staff,0,3,50,50
1650904930179,CSE 15L,A02,083655,Staff,0,3,50,50
1650904936202,CSE 20,A01,083657,Staff,48,0,80,32
1650904942228,CSE 30,A01,083084,Eldon; John,0,76,40,40
1650904948258,CSE 100,A01,083659,Cao; Yingjun,0,70,50,50
1650904954280,CSE 134B,A01,083661,Powell; Thomas Allan,0,38,65,65
1650904960307,CSE 140,A01,083663,Staff,0,12,75,75
1650904966330,CSE 140L,A01,083088,Eldon; John,0,20,75,75
1650904972364,CSE 175,A01,083665,Kumar; Rakesh,7,0,25,18
1650904978395,CSE 190,A00,092507,Dubnov; Shlomo,9,0,20,11
1650904984439,ECE 45,A01,083139,Staff,0,4,60,60
1650904990467,ECE 65,A50,083695,Staff,0,6,30,30
1650904996488,ECE 109,A01,091882,Touri; Behrouz,32,0,70,38
1650905002516,ECE 180,A00,083140,Abi Samra; Nicholas Camill,20,0,30,10
1650905002516,ECE 180,B00,083141,Abi Samra; Nicholas Camill,0,0,30,30
1650905008614,MATH 10A,A01,083735,Patchell; Gregory David,2,0,30,28
1650905008614,MATH 10A,A02,083736,Patchell; Gregory David,27,0,30,3
1650905008614,MATH 10A,A03,083737,Patchell; Gregory David,23,0,30,7
1650905014644,MATH 10B,A01,083207,Staff,0,9,30,30
1650905014644,MATH 10B,A02,083208,Staff,0,6,30,30
1650905014644,MATH 10B,B01,083739,Staff,10,0,30,20
1650905014644,MATH 10B,B02,083740,Staff,28,0,30,2
1650905020669,MATH 18,A01,083743,Staff,0,0,30,30
1650905020669,MATH 18,A02,083744,Staff,24,0,30,6
1650905020669,MATH 18,A03,083745,Staff,20,0,30,10
1650905020669,MATH 18,A04,083746,Staff,26,0,30,4
1650905020669,MATH 18,B01,083748,Staff,0,15,30,30
1650905020669,MATH 18,B02,083749,Staff,0,13,30,30
1650905020669,MATH 18,B03,083750,Staff,0,13,30,30
1650905020669,MATH 18,B04,083751,Staff,0,13,30,30
1650905026703,MATH 20A,A01,083754,Staff,19,0,40,21
1650905032728,MATH 20B,A01,083756,Staff,0,14,30,30
1650905032728,MATH 20B,A02,083757,Staff,0,11,30,30
1650905038751,MATH 20C,A01,083760,Staff,0,17,30,30
1650905038751,MATH 20C,A02,083761,Staff,1,16,30,29
1650905038751,MATH 20C,B01,083762,Staff,9,0,30,21
1650905038751,MATH 20C,B02,083763,Staff,28,0,30,2
1650905044780,MATH 20D,A01,083765,Staff,2,1,30,28
1650905044780,MATH 20D,A02,083766,Staff,6,0,30,24
1650905044780,MATH 20D,A03,083767,Staff,23,0,30,7
1650905050806,MATH 20E,A01,083771,Staff,2,0,30,28
1650905050806,MATH 20E,A02,083772,Staff,13,0,30,17
1650905050806,MATH 20E,B01,083773,Staff,0,0,30,30
1650905050806,MATH 20E,B02,083774,Staff,3,0,30,27
1650905056829,MATH 103A,A01,083777,Staff,0,17,30,30
1650905056829,MATH 103A,A02,083778,Staff,0,15,30,30
1650905056829,MATH 103A,B01,083779,Staff,0,15,30,30
1650905056829,MATH 103A,B02,083780,Staff,0,14,30,30
1650905062851,MATH 105,A01,085443,Staff,0,23,30,30
1650905068885,MATH 109,A01,083213,Anzaldo; Leesa B,0,7,30,30
1650905068885,MATH 109,A02,083214,Anzaldo; Leesa B,0,7,30,30
1650905068885,MATH 109,B01,083215,Anzaldo; Leesa B,0,8,30,30
1650905068885,MATH 109,B02,083216,Anzaldo; Leesa B,0,7,30,30
1650905074926,MATH 142A,A01,083219,Chow; Bennett,0,15,30,30
1650905074926,MATH 142A,A02,083220,Chow; Bennett,0,15,30,30
1650905074926,MATH 142A,B01,083221,Chow; Bennett,0,16,30,30
1650905074926,MATH 142A,B02,083222,Chow; Bennett,0,14,30,30
1650905080952,MATH 193A,A01,083224,Staff,0,6,30,30
1650905080952,MATH 193A,A02,083225,Staff,0,7,30,30
1650905080952,MATH 193A,A03,083781,Staff,0,6,30,30
1650905080952,MATH 193A,A04,083782,Staff,0,7,30,30
1650905086977,MATH 197,001,091859,McAuley; Julian John,9998,0,9999,1
1650905093036,COGS 9,A01,083615,Staff,0,17,60,60
1650905099065,COGS 11,A01,083617,Boyle; Mary E. T.,15,0,40,25
1650905105091,COGS 13,A01,083071,Staff,0,38,40,40
1650905111114,COGS 14A,A01,092681,Staff,0,37,100,100
1650905117137,COGS 14B,A01,083073,Cheng; Tzu-Han,0,12,50,50
1650905123162,COGS 17,A01,092677,Staff,11,0,75,64
1650905129185,COGS 100,A01,083619,Staff,0,30,60,60
1650905135212,COGS 101A,A01,083621,Davis; Joshua Daniel,0,29,60,60
1650905141236,COGS 101B,A01,091572,Staff,0,3,60,60
1650905147261,COGS 101C,A01,083625,Delgado; Tania,14,0,30,16
1650905153288,COGS 107A,A01,083627,Boyle; Mary E. T.,0,16,60,60
1650905159313,COGS 118A,A01,083075,Staff,0,9,60,60
1650905165335,CSE 3,A50,083646,Miranda; Gregory Joseph,16,0,38,22
1650905165335,CSE 3,A51,083647,Miranda; Gregory Joseph,36,0,37,1
1650905171361,CSE 8A,A50,083650,Miranda; Gregory Joseph,0,31,40,40
1650905177384,CSE 11,A01,083080,Cao; Yingjun,0,98,40,40
1650905183411,CSE 12,A01,083652,Staff,0,21,100,100
1650905189440,CSE 15L,A01,083654,Staff,0,3,50,50
1650905189440,CSE 15L,A02,083655,Staff,0,3,50,50
1650905195464,CSE 20,A01,083657,Staff,48,0,80,32
1650905201501,CSE 30,A01,083084,Eldon; John,0,76,40,40
1650905207523,CSE 100,A01,083659,Cao; Yingjun,0,70,50,50
1650905213545,CSE 134B,A01,083661,Powell; Thomas Allan,0,38,65,65
1650905219568,CSE 140,A01,083663,Staff,0,12,75,75
1650905225592,CSE 140L,A01,083088,Eldon; John,0,20,75,75
1650905231621,CSE 175,A01,083665,Kumar; Rakesh,7,0,25,18
1650905237645,CSE 190,A00,092507,Dubnov; Shlomo,9,0,20,11
1650905243670,ECE 45,A01,083139,Staff,0,4,60,60
1650905249692,ECE 65,A50,083695,Staff,0,6,30,30
1650905255719,ECE 109,A01,091882,Touri; Behrouz,32,0,70,38
1650905261746,ECE 180,A00,083140,Abi Samra; Nicholas Camill,20,0,30,10
1650905261746,ECE 180,B00,083141,Abi Samra; Nicholas Camill,0,0,30,30
1650905267775,MATH 10A,A01,083735,Patchell; Gregory David,2,0,30,28
1650905267775,MATH 10A,A02,083736,Patchell; Gregory David,27,0,30,3
1650905267775,MATH 10A,A03,083737,Patchell; Gregory David,23,0,30,7
1650905273803,MATH 10B,A01,083207,Staff,0,9,30,30
1650905273803,MATH 10B,A02,083208,Staff,0,6,30,30
1650905273803,MATH 10B,B01,083739,Staff,10,0,30,20
1650905273803,MATH 10B,B02,083740,Staff,28,0,30,2
1650905279841,MATH 18,A01,083743,Staff,0,0,30,30
1650905279841,MATH 18,A02,083744,Staff,24,0,30,6
1650905279841,MATH 18,A03,083745,Staff,20,0,30,10
1650905279841,MATH 18,A04,083746,Staff,26,0,30,4
1650905279841,MATH 18,B01,083748,Staff,0,15,30,30
1650905279841,MATH 18,B02,083749,Staff,0,13,30,30
1650905279841,MATH 18,B03,083750,Staff,0,13,30,30
1650905279841,MATH 18,B04,083751,Staff,0,13,30,30
1650905285871,MATH 20A,A01,083754,Staff,19,0,40,21
1650905291898,MATH 20B,A01,083756,Staff,0,14,30,30
1650905291898,MATH 20B,A02,083757,Staff,0,11,30,30
1650905297921,MATH 20C,A01,083760,Staff,0,17,30,30
1650905297921,MATH 20C,A02,083761,Staff,1,16,30,29
1650905297921,MATH 20C,B01,083762,Staff,9,0,30,21
1650905297921,MATH 20C,B02,083763,Staff,28,0,30,2
1650905303945,MATH 20D,A01,083765,Staff,2,1,30,28
1650905303945,MATH 20D,A02,083766,Staff,6,0,30,24
1650905303945,MATH 20D,A03,083767,Staff,23,0,30,7
1650905309977,MATH 20E,A01,083771,Staff,2,0,30,28
1650905309977,MATH 20E,A02,083772,Staff,13,0,30,17
1650905309977,MATH 20E,B01,083773,Staff,0,0,30,30
1650905309977,MATH 20E,B02,083774,Staff,3,0,30,27
1650905316005,MATH 103A,A01,083777,Staff,0,17,30,30
1650905316005,MATH 103A,A02,083778,Staff,0,15,30,30
1650905316005,MATH 103A,B01,083779,Staff,0,15,30,30
1650905316005,MATH 103A,B02,083780,Staff,0,14,30,30
1650905322031,MATH 105,A01,085443,Staff,0,23,30,30
1650905328056,MATH 109,A01,083213,Anzaldo; Leesa B,0,7,30,30
1650905328056,MATH 109,A02,083214,Anzaldo; Leesa B,0,7,30,30
1650905328056,MATH 109,B01,083215,Anzaldo; Leesa B,0,8,30,30
1650905328056,MATH 109,B02,083216,Anzaldo; Leesa B,0,7,30,30
1650905334099,MATH 142A,A01,083219,Chow; Bennett,0,15,30,30
1650905334099,MATH 142A,A02,083220,Chow; Bennett,0,15,30,30
1650905334099,MATH 142A,B01,083221,Chow; Bennett,0,16,30,30
1650905334099,MATH 142A,B02,083222,Chow; Bennett,0,14,30,30
1650905340126,MATH 193A,A01,083224,Staff,0,6,30,30
1650905340126,MATH 193A,A02,083225,Staff,0,7,30,30
1650905340126,MATH 193A,A03,083781,Staff,0,6,30,30
1650905340126,MATH 193A,A04,083782,Staff,0,7,30,30
1650905346151,MATH 197,001,091859,McAuley; Julian John,9998,0,9999,1
1650905352206,COGS 9,A01,083615,Staff,0,17,60,60
1650905358229,COGS 11,A01,083617,Boyle; Mary E. T.,15,0,40,25
1650905364252,COGS 13,A01,083071,Staff,0,38,40,40
1650905370296,COGS 14A,A01,092681,Staff,0,37,100,100
1650905376327,COGS 14B,A01,083073,Cheng; Tzu-Han,0,12,50,50
1650905382351,COGS 17,A01,092677,Staff,11,0,75,64
1650905388377,COGS 100,A01,083619,Staff,0,30,60,60
1650905394410,COGS 101A,A01,083621,Davis; Joshua Daniel,0,29,60,60
1650905400434,COGS 101B,A01,091572,Staff,0,3,60,60
1650905406460,COGS 101C,A01,083625,Delgado; Tania,14,0,30,16
1650905412482,COGS 107A,A01,083627,Boyle; Mary E. T.,0,16,60,60
1650905418509,COGS 118A,A01,083075,Staff,0,9,60,60
1650905424537,CSE 3,A50,083646,Miranda; Gregory Joseph,16,0,38,22
1650905424537,CSE 3,A51,083647,Miranda; Gregory Joseph,36,0,37,1
1650905430573,CSE 8A,A50,083650,Miranda; Gregory Joseph,0,31,40,40
1650905436600,CSE 11,A01,083080,Cao; Yingjun,0,98,40,40
1650905442622,CSE 12,A01,083652,Staff,0,21,100,100
1650905448654,CSE 15L,A01,083654,Staff,0,3,50,50
1650905448654,CSE 15L,A02,083655,Staff,0,3,50,50
1650905454688,CSE 20,A01,083657,Staff,48,0,80,32
1650905460719,CSE 30,A01,083084,Eldon; John,0,76,40,40
1650905466749,CSE 100,A01,083659,Cao; Yingjun,0,70,50,50
1650905472780,CSE 134B,A01,083661,Powell; Thomas Allan,0,38,65,65
1650905478804,CSE 140,A01,083663,Staff,0,12,75,75
1650905484828,CSE 140L,A01,083088,Eldon; John,0,20,75,75
1650905490855,CSE 175,A01,083665,Kumar; Rakesh,7,0,25,18
1650905496881,CSE 190,A00,092507,Dubnov; Shlomo,9,0,20,11
1650905502903,ECE 45,A01,083139,Staff,0,4,60,60
1650905508927,ECE 65,A50,083695,Staff,0,6,30,30
1650905514972,ECE 109,A01,091882,Touri; Behrouz,32,0,70,38
1650905521006,ECE 180,A00,083140,Abi Samra; Nicholas Camill,20,0,30,10
1650905521006,ECE 180,B00,083141,Abi Samra; Nicholas Camill,0,0,30,30
1650905527029,MATH 10A,A01,083735,Patchell; Gregory David,2,0,30,28
1650905527029,MATH 10A,A02,083736,Patchell; Gregory David,27,0,30,3
1650905527029,MATH 10A,A03,083737,Patchell; Gregory David,23,0,30,7
1650905533054,MATH 10B,A01,083207,Staff,0,9,30,30
1650905533054,MATH 10B,A02,083208,Staff,0,6,30,30
1650905533054,MATH 10B,B01,083739,Staff,10,0,30,20
1650905533054,MATH 10B,B02,083740,Staff,28,0,30,2
1650905539080,MATH 18,A01,083743,Staff,0,0,30,30
1650905539080,MATH 18,A02,083744,Staff,24,0,30,6
1650905539080,MATH 18,A03,083745,Staff,20,0,30,10
1650905539080,MATH 18,A04,083746,Staff,26,0,30,4
1650905539080,MATH 18,B01,083748,Staff,0,15,30,30
1650905539080,MATH 18,B02,083749,Staff,0,13,30,30
1650905539080,MATH 18,B03,083750,Staff,0,13,30,30
1650905539080,MATH 18,B04,083751,Staff,0,13,30,30
1650905545109,MATH 20A,A01,083754,Staff,19,0,40,21
1650905551132,MATH 20B,A01,083756,Staff,0,14,30,30
1650905551132,MATH 20B,A02,083757,Staff,0,11,30,30
1650905557162,MATH 20C,A01,083760,Staff,0,17,30,30
1650905557162,MATH 20C,A02,083761,Staff,1,16,30,29
1650905557162,MATH 20C,B01,083762,Staff,9,0,30,21
1650905557162,MATH 20C,B02,083763,Staff,28,0,30,2
1650905563186,MATH 20D,A01,083765,Staff,2,1,30,28
1650905563186,MATH 20D,A02,083766,Staff,6,0,30,24
1650905563186,MATH 20D,A03,083767,Staff,23,0,30,7
1650905569224,MATH 20E,A01,083771,Staff,2,0,30,28
1650905569224,MATH 20E,A02,083772,Staff,13,0,30,17
1650905569224,MATH 20E,B01,083773,Staff,0,0,30,30
1650905569224,MATH 20E,B02,083774,Staff,3,0,30,27
1650905575263,MATH 103A,A01,083777,Staff,0,17,30,30
1650905575263,MATH 103A,A02,083778,Staff,0,15,30,30
1650905575263,MATH 103A,B01,083779,Staff,0,15,30,30
1650905575263,MATH 103A,B02,083780,Staff,0,14,30,30
1650905581292,MATH 105,A01,085443,Staff,0,23,30,30
1650905587328,MATH 109,A01,083213,Anzaldo; Leesa B,0,7,30,30
1650905587328,MATH 109,A02,083214,Anzaldo; Leesa B,0,7,30,30
1650905587328,MATH 109,B01,083215,Anzaldo; Leesa B,0,8,30,30
1650905587328,MATH 109,B02,083216,Anzaldo; Leesa B,0,7,30,30
1650905593356,MATH 142A,A01,083219,Chow; Bennett,0,15,30,30
1650905593356,MATH 142A,A02,083220,Chow; Bennett,0,15,30,30
1650905593356,MATH 142A,B01,083221,Chow; Bennett,0,16,30,30
1650905593356,MATH 142A,B02,083222,Chow; Bennett,0,14,30,30
1650905599387,MATH 193A,A01,083224,Staff,0,6,30,30
1650905599387,MATH 193A,A02,083225,Staff,0,7,30,30
1650905599387,MATH 193A,A03,083781,Staff,0,6,30,30
1650905599387,MATH 193A,A04,083782,Staff,0,7,30,30
1650905605518,MATH 197,001,091859,McAuley; Julian John,9998,0,9999,1
1650905611569,COGS 9,A01,083615,Staff,0,17,60,60
1650905617596,COGS 11,A01,083617,Boyle; Mary E. T.,15,0,40,25
1650905623619,COGS 13,A01,083071,Staff,0,38,40,40
1650905629653,COGS 14A,A01,092681,Staff,0,37,100,100
1650905635676,COGS 14B,A01,083073,Cheng; Tzu-Han,0,12,50,50
1650905641701,COGS 17,A01,092677,Staff,11,0,75,64
1650905647727,COGS 100,A01,083619,Staff,0,30,60,60
1650905653752,COGS 101A,A01,083621,Davis; Joshua Daniel,0,29,60,60
1650905659778,COGS 101B,A01,091572,Staff,0,3,60,60
1650905665816,COGS 101C,A01,083625,Delgado; Tania,14,0,30,16
1650905671843,COGS 107A,A01,083627,Boyle; Mary E. T.,0,16,60,60
1650905677879,COGS 118A,A01,083075,Staff,0,9,60,60
1650905683920,CSE 3,A50,083646,Miranda; Gregory Joseph,16,0,38,22
1650905683920,CSE 3,A51,083647,Miranda; Gregory Joseph,36,0,37,1
1650905689944,CSE 8A,A50,083650,Miranda; Gregory Joseph,0,31,40,40
1650905695976,CSE 11,A01,083080,Cao; Yingjun,0,98,40,40
1650905702010,CSE 12,A01,083652,Staff,0,21,100,100
1650905708036,CSE 15L,A01,083654,Staff,0,3,50,50
1650905708036,CSE 15L,A02,083655,Staff,0,3,50,50
1650905714064,CSE 20,A01,083657,Staff,48,0,80,32
1650905720089,CSE 30,A01,083084,Eldon; John,0,76,40,40
1650905726115,CSE 100,A01,083659,Cao; Yingjun,0,70,50,50
1650905732145,CSE 134B,A01,083661,Powell; Thomas Allan,0,38,65,65
1650905738179,CSE 140,A01,083663,Staff,0,12,75,75
1650905744202,CSE 140L,A01,083088,Eldon; John,0,20,75,75
1650905750223,CSE 175,A01,083665,Kumar; Rakesh,7,0,25,18
1650905756253,CSE 190,A00,092507,Dubnov; Shlomo,9,0,20,11
1650905762277,ECE 45,A01,083139,Staff,0,4,60,60
1650905768298,ECE 65,A50,083695,Staff,0,6,30,30
1650905774331,ECE 109,A01,091882,Touri; Behrouz,32,0,70,38
1650905780355,ECE 180,A00,083140,Abi Samra; Nicholas Camill,20,0,30,10
1650905780355,ECE 180,B00,083141,Abi Samra; Nicholas Camill,0,0,30,30
1650905786382,MATH 10A,A01,083735,Patchell; Gregory David,2,0,30,28
1650905786382,MATH 10A,A02,083736,Patchell; Gregory David,27,0,30,3
1650905786382,MATH 10A,A03,083737,Patchell; Gregory David,23,0,30,7
1650905792408,MATH 10B,A01,083207,Staff,0,9,30,30
1650905792408,MATH 10B,A02,083208,Staff,0,6,30,30
1650905792408,MATH 10B,B01,083739,Staff,10,0,30,20
1650905792408,MATH 10B,B02,083740,Staff,28,0,30,2
1650905798446,MATH 18,A01,083743,Staff,0,0,30,30
1650905798446,MATH 18,A02,083744,Staff,24,0,30,6
1650905798446,MATH 18,A03,083745,Staff,20,0,30,10
1650905798446,MATH 18,A04,083746,Staff,26,0,30,4
1650905798446,MATH 18,B01,083748,Staff,0,15,30,30
1650905798446,MATH 18,B02,083749,Staff,0,13,30,30
1650905798446,MATH 18,B03,083750,Staff,0,13,30,30
1650905798446,MATH 18,B04,083751,Staff,0,13,30,30
1650905804477,MATH 20A,A01,083754,Staff,19,0,40,21
1650905810503,MATH 20B,A01,083756,Staff,0,14,30,30
1650905810503,MATH 20B,A02,083757,Staff,0,11,30,30
1650905816526,MATH 20C,A01,083760,Staff,0,17,30,30
1650905816526,MATH 20C,A02,083761,Staff,1,16,30,29
1650905816526,MATH 20C,B01,083762,Staff,9,0,30,21
1650905816526,MATH 20C,B02,083763,Staff,28,0,30,2
1650905822554,MATH 20D,A01,083765,Staff,2,1,30,28
1650905822554,MATH 20D,A02,083766,Staff,6,0,30,24
1650905822554,MATH 20D,A03,083767,Staff,23,0,30,7
1650905828595,MATH 20E,A01,083771,Staff,2,0,30,28
1650905828595,MATH 20E,A02,083772,Staff,13,0,30,17
1650905828595,MATH 20E,B01,083773,Staff,0,0,30,30
1650905828595,MATH 20E,B02,083774,Staff,3,0,30,27
1650905834619,MATH 103A,A01,083777,Staff,0,17,30,30
1650905834619,MATH 103A,A02,083778,Staff,0,15,30,30
1650905834619,MATH 103A,B01,083779,Staff,0,15,30,30
1650905834619,MATH 103A,B02,083780,Staff,0,14,30,30
1650905840654,MATH 105,A01,085443,Staff,0,23,30,30
1650905846680,MATH 109,A01,083213,Anzaldo; Leesa B,0,7,30,30
1650905846680,MATH 109,A02,083214,Anzaldo; Leesa B,0,7,30,30
1650905846680,MATH 109,B01,083215,Anzaldo; Leesa B,0,8,30,30
1650905846680,MATH 109,B02,083216,Anzaldo; Leesa B,0,7,30,30
1650905852703,MATH 142A,A01,083219,Chow; Bennett,0,15,30,30
1650905852703,MATH 142A,A02,083220,Chow; Bennett,0,15,30,30
1650905852703,MATH 142A,B01,083221,Chow; Bennett,0,16,30,30
1650905852703,MATH 142A,B02,083222,Chow; Bennett,0,14,30,30
1650905858730,MATH 193A,A01,083224,Staff,0,6,30,30
1650905858730,MATH 193A,A02,083225,Staff,0,7,30,30
1650905858730,MATH 193A,A03,083781,Staff,0,6,30,30
1650905858730,MATH 193A,A04,083782,Staff,0,7,30,30
1650905864769,MATH 197,001,091859,McAuley; Julian John,9998,0,9999,1
1650905870827,COGS 9,A01,083615,Staff,0,17,60,60
1650905876851,COGS 11,A01,083617,Boyle; Mary E. T.,15,0,40,25
1650905882874,COGS 13,A01,083071,Staff,0,38,40,40
1650905888902,COGS 14A,A01,092681,Staff,0,37,100,100
1650905894928,COGS 14B,A01,083073,Cheng; Tzu-Han,0,12,50,50
1650905900953,COGS 17,A01,092677,Staff,11,0,75,64
1650905906975,COGS 100,A01,083619,Staff,0,30,60,60
1650905913002,COGS 101A,A01,083621,Davis; Joshua Daniel,0,29,60,60
1650905919026,COGS 101B,A01,091572,Staff,0,3,60,60
1650905925050,COGS 101C,A01,083625,Delgado; Tania,14,0,30,16
1650905931080,COGS 107A,A01,083627,Boyle; Mary E. T.,0,16,60,60
1650905937102,COGS 118A,A01,083075,Staff,0,9,60,60
1650905943130,CSE 3,A50,083646,Miranda; Gregory Joseph,16,0,38,22
1650905943130,CSE 3,A51,083647,Miranda; Gregory Joseph,36,0,37,1
1650905949154,CSE 8A,A50,083650,Miranda; Gregory Joseph,0,31,40,40
1650905955178,CSE 11,A01,083080,Cao; Yingjun,0,98,40,40
1650905961205,CSE 12,A01,083652,Staff,0,21,100,100
1650905967234,CSE 15L,A01,083654,Staff,0,3,50,50
1650905967234,CSE 15L,A02,083655,Staff,0,3,50,50
1650905973266,CSE 20,A01,083657,Staff,48,0,80,32
1650905979301,CSE 30,A01,083084,Eldon; John,0,76,40,40
1650905985324,CSE 100,A01,083659,Cao; Yingjun,0,70,50,50
1650905991348,CSE 134B,A01,083661,Powell; Thomas Allan,0,38,65,65
1650905997375,CSE 140,A01,083663,Staff,0,12,75,75
1650906003398,CSE 140L,A01,083088,Eldon; John,0,20,75,75
1650906009425,CSE 175,A01,083665,Kumar; Rakesh,7,0,25,18
1650906015451,CSE 190,A00,092507,Dubnov; Shlomo,9,0,20,11
1650906021491,ECE 45,A01,083139,Staff,0,4,60,60
1650906027514,ECE 65,A50,083695,Staff,0,6,30,30
1650906033547,ECE 109,A01,091882,Touri; Behrouz,32,0,70,38
1650906039580,ECE 180,A00,083140,Abi Samra; Nicholas Camill,20,0,30,10
1650906039580,ECE 180,B00,083141,Abi Samra; Nicholas Camill,0,0,30,30
1650906045603,MATH 10A,A01,083735,Patchell; Gregory David,2,0,30,28
1650906045603,MATH 10A,A02,083736,Patchell; Gregory David,27,0,30,3
1650906045603,MATH 10A,A03,083737,Patchell; Gregory David,23,0,30,7
1650906051629,MATH 10B,A01,083207,Staff,0,9,30,30
1650906051629,MATH 10B,A02,083208,Staff,0,6,30,30
1650906051629,MATH 10B,B01,083739,Staff,10,0,30,20
1650906051629,MATH 10B,B02,083740,Staff,28,0,30,2
1650906057655,MATH 18,A01,083743,Staff,0,0,30,30
1650906057655,MATH 18,A02,083744,Staff,24,0,30,6
1650906057655,MATH 18,A03,083745,Staff,20,0,30,10
1650906057655,MATH 18,A04,083746,Staff,26,0,30,4
1650906057655,MATH 18,B01,083748,Staff,0,15,30,30
1650906057655,MATH 18,B02,083749,Staff,0,13,30,30
1650906057655,MATH 18,B03,083750,Staff,0,13,30,30
1650906057655,MATH 18,B04,083751,Staff,0,13,30,30
1650906063683,MATH 20A,A01,083754,Staff,19,0,40,21
1650906069713,MATH 20B,A01,083756,Staff,0,14,30,30
1650906069713,MATH 20B,A02,083757,Staff,0,11,30,30
1650906075752,MATH 20C,A01,083760,Staff,0,17,30,30
1650906075752,MATH 20C,A02,083761,Staff,1,16,30,29
1650906075752,MATH 20C,B01,083762,Staff,9,0,30,21
1650906075752,MATH 20C,B02,083763,Staff,28,0,30,2
1650906081790,MATH 20D,A01,083765,Staff,2,1,30,28
1650906081790,MATH 20D,A02,083766,Staff,6,0,30,24
1650906081790,MATH 20D,A03,083767,Staff,23,0,30,7
1650906087818,MATH 20E,A01,083771,Staff,2,0,30,28
1650906087818,MATH 20E,A02,083772,Staff,13,0,30,17
1650906087818,MATH 20E,B01,083773,Staff,0,0,30,30
1650906087818,MATH 20E,B02,083774,Staff,3,0,30,27
1650906093847,MATH 103A,A01,083777,Staff,0,17,30,30
1650906093847,MATH 103A,A02,083778,Staff,0,15,30,30
1650906093847,MATH 103A,B01,083779,Staff,0,15,30,30
1650906093847,MATH 103A,B02,083780,Staff,0,14,30,30
1650906099876,MATH 105,A01,085443,Staff,0,23,30,30
1650906105908,MATH 109,A01,083213,Anzaldo; Leesa B,0,7,30,30
1650906105908,MATH 109,A02,083214,Anzaldo; Leesa B,0,7,30,30
1650906105908,MATH 109,B01,083215,Anzaldo; Leesa B,0,8,30,30
1650906105908,MATH 109,B02,083216,Anzaldo; Leesa B,0,7,30,30
1650906111935,MATH 142A,A01,083219,Chow; Bennett,0,15,30,30
1650906111935,MATH 142A,A02,083220,Chow; Bennett,0,15,30,30
1650906111935,MATH 142A,B01,083221,Chow; Bennett,0,16,30,30
1650906111935,MATH 142A,B02,083222,Chow; Bennett,0,14,30,30
1650906117964,MATH 193A,A01,083224,Staff,0,6,30,30
1650906117964,MATH 193A,A02,083225,Staff,0,7,30,30
1650906117964,MATH 193A,A03,083781,Staff,0,6,30,30
1650906117964,MATH 193A,A04,083782,Staff,0,7,30,30
1650906123990,MATH 197,001,091859,McAuley; Julian John,9998,0,9999,1
1650906130069,COGS 9,A01,083615,Staff,0,17,60,60
1650906136097,COGS 11,A01,083617,Boyle; Mary E. T.,15,0,40,25
1650906142120,COGS 13,A01,083071,Staff,0,38,40,40
1650906148143,COGS 14A,A01,092681,Staff,0,37,100,100
1650906154179,COGS 14B,A01,083073,Cheng; Tzu-Han,0,12,50,50
1650906160205,COGS 17,A01,092677,Staff,11,0,75,64
1650906166231,COGS 100,A01,083619,Staff,0,30,60,60
1650906172255,COGS 101A,A01,083621,Davis; Joshua Daniel,0,29,60,60
1650906178289,COGS 101B,A01,091572,Staff,0,3,60,60
1650906184320,COGS 101C,A01,083625,Delgado; Tania,14,0,30,16
1650906190346,COGS 107A,A01,083627,Boyle; Mary E. T.,0,16,60,60
1650906196452,COGS 118A,A01,083075,Staff,0,9,60,60
1650906202475,CSE 3,A50,083646,Miranda; Gregory Joseph,16,0,38,22
1650906202475,CSE 3,A51,083647,Miranda; Gregory Joseph,36,0,37,1
1650906208499,CSE 8A,A50,083650,Miranda; Gregory Joseph,0,31,40,40
1650906214523,CSE 11,A01,083080,Cao; Yingjun,0,98,40,40
1650906220547,CSE 12,A01,083652,Staff,0,21,100,100
1650906226569,CSE 15L,A01,083654,Staff,0,3,50,50
1650906226569,CSE 15L,A02,083655,Staff,0,3,50,50
1650906232593,CSE 20,A01,083657,Staff,48,0,80,32
1650906238617,CSE 30,A01,083084,Eldon; John,0,76,40,40
1650906244651,CSE 100,A01,083659,Cao; Yingjun,0,70,50,50
1650906250688,CSE 134B,A01,083661,Powell; Thomas Allan,0,38,65,65
1650906256719,CSE 140,A01,083663,Staff,0,12,75,75
1650906262745,CSE 140L,A01,083088,Eldon; John,0,20,75,75
1650906268768,CSE 175,A01,083665,Kumar; Rakesh,7,0,25,18
1650906274800,CSE 190,A00,092507,Dubnov; Shlomo,9,0,20,11
1650906280826,ECE 45,A01,083139,Staff,0,4,60,60
1650906286852,ECE 65,A50,083695,Staff,0,6,30,30
1650906292874,ECE 109,A01,091882,Touri; Behrouz,32,0,70,38
1650906298907,ECE 180,A00,083140,Abi Samra; Nicholas Camill,20,0,30,10
1650906298907,ECE 180,B00,083141,Abi Samra; Nicholas Camill,0,0,30,30
1650906304932,MATH 10A,A01,083735,Patchell; Gregory David,2,0,30,28
1650906304932,MATH 10A,A02,083736,Patchell; Gregory David,27,0,30,3
1650906304932,MATH 10A,A03,083737,Patchell; Gregory David,23,0,30,7
1650906310967,MATH 10B,A01,083207,Staff,0,9,30,30
1650906310967,MATH 10B,A02,083208,Staff,0,6,30,30
1650906310967,MATH 10B,B01,083739,Staff,10,0,30,20
1650906310967,MATH 10B,B02,083740,Staff,28,0,30,2
1650906316999,MATH 18,A01,083743,Staff,0,0,30,30
1650906316999,MATH 18,A02,083744,Staff,24,0,30,6
1650906316999,MATH 18,A03,083745,Staff,19,0,30,11
1650906316999,MATH 18,A04,083746,Staff,26,0,30,4
1650906316999,MATH 18,B01,083748,Staff,0,15,30,30
1650906316999,MATH 18,B02,083749,Staff,0,13,30,30
1650906316999,MATH 18,B03,083750,Staff,0,13,30,30
1650906316999,MATH 18,B04,083751,Staff,0,13,30,30
1650906323031,MATH 20A,A01,083754,Staff,19,0,40,21
1650906329069,MATH 20B,A01,083756,Staff,0,14,30,30
1650906329069,MATH 20B,A02,083757,Staff,0,11,30,30
1650906335095,MATH 20C,A01,083760,Staff,0,17,30,30
1650906335095,MATH 20C,A02,083761,Staff,1,16,30,29
1650906335095,MATH 20C,B01,083762,Staff,9,0,30,21
1650906335095,MATH 20C,B02,083763,Staff,28,0,30,2
1650906341118,MATH 20D,A01,083765,Staff,2,1,30,28
1650906341118,MATH 20D,A02,083766,Staff,6,0,30,24
1650906341118,MATH 20D,A03,083767,Staff,23,0,30,7
1650906347151,MATH 20E,A01,083771,Staff,2,0,30,28
1650906347151,MATH 20E,A02,083772,Staff,13,0,30,17
1650906347151,MATH 20E,B01,083773,Staff,0,0,30,30
1650906347151,MATH 20E,B02,083774,Staff,3,0,30,27
1650906353180,MATH 103A,A01,083777,Staff,0,17,30,30
1650906353180,MATH 103A,A02,083778,Staff,0,15,30,30
1650906353180,MATH 103A,B01,083779,Staff,0,15,30,30
1650906353180,MATH 103A,B02,083780,Staff,0,14,30,30
1650906359205,MATH 105,A01,085443,Staff,0,23,30,30
1650906365243,MATH 109,A01,083213,Anzaldo; Leesa B,0,7,30,30
1650906365243,MATH 109,A02,083214,Anzaldo; Leesa B,0,7,30,30
1650906365243,MATH 109,B01,083215,Anzaldo; Leesa B,0,8,30,30
1650906365243,MATH 109,B02,083216,Anzaldo; Leesa B,0,7,30,30
1650906371271,MATH 142A,A01,083219,Chow; Bennett,0,15,30,30
1650906371271,MATH 142A,A02,083220,Chow; Bennett,0,15,30,30
1650906371271,MATH 142A,B01,083221,Chow; Bennett,0,16,30,30
1650906371271,MATH 142A,B02,083222,Chow; Bennett,0,14,30,30
1650906377296,MATH 193A,A01,083224,Staff,0,6,30,30
1650906377296,MATH 193A,A02,083225,Staff,0,7,30,30
1650906377296,MATH 193A,A03,083781,Staff,0,6,30,30
1650906377296,MATH 193A,A04,083782,Staff,0,7,30,30
1650906383327,MATH 197,001,091859,McAuley; Julian John,9998,0,9999,1
1650906389381,COGS 9,A01,083615,Staff,0,17,60,60
1650906395412,COGS 11,A01,083617,Boyle; Mary E. T.,15,0,40,25
1650906401440,COGS 13,A01,083071,Staff,0,38,40,40
1650906407465,COGS 14A,A01,092681,Staff,0,37,100,100
1650906413487,COGS 14B,A01,083073,Cheng; Tzu-Han,0,12,50,50
1650906419511,COGS 17,A01,092677,Staff,11,0,75,64
1650906425539,COGS 100,A01,083619,Staff,0,30,60,60
1650906431564,COGS 101A,A01,083621,Davis; Joshua Daniel,0,29,60,60
1650906437606,COGS 101B,A01,091572,Staff,0,3,60,60
1650906443633,COGS 101C,A01,083625,Delgado; Tania,14,0,30,16
1650906449663,COGS 107A,A01,083627,Boyle; Mary E. T.,0,16,60,60
1650906455686,COGS 118A,A01,083075,Staff,0,9,60,60
1650906461727,CSE 3,A50,083646,Miranda; Gregory Joseph,16,0,38,22
1650906461727,CSE 3,A51,083647,Miranda; Gregory Joseph,36,0,37,1
1650906467752,CSE 8A,A50,083650,Miranda; Gregory Joseph,0,31,40,40
1650906473779,CSE 11,A01,083080,Cao; Yingjun,0,98,40,40
1650906479803,CSE 12,A01,083652,Staff,0,21,100,100
1650906485827,CSE 15L,A01,083654,Staff,0,3,50,50
1650906485827,CSE 15L,A02,083655,Staff,0,3,50,50
1650906491849,CSE 20,A01,083657,Staff,48,0,80,32
1650906497875,CSE 30,A01,083084,Eldon; John,0,76,40,40
1650906503899,CSE 100,A01,083659,Cao; Yingjun,0,70,50,50
1650906509921,CSE 134B,A01,083661,Powell; Thomas Allan,0,38,65,65
1650906515947,CSE 140,A01,083663,Staff,0,12,75,75
1650906521983,CSE 140L,A01,083088,Eldon; John,0,20,75,75
1650906528009,CSE 175,A01,083665,Kumar; Rakesh,7,0,25,18
1650906534033,CSE 190,A00,092507,Dubnov; Shlomo,9,0,20,11
1650906540066,ECE 45,A01,083139,Staff,0,4,60,60
1650906546093,ECE 65,A50,083695,Staff,0,6,30,30
1650906552124,ECE 109,A01,091882,Touri; Behrouz,32,0,70,38
1650906558148,ECE 180,A00,083140,Abi Samra; Nicholas Camill,20,0,30,10
1650906558148,ECE 180,B00,083141,Abi Samra; Nicholas Camill,0,0,30,30
1650906564178,MATH 10A,A01,083735,Patchell; Gregory David,2,0,30,28
1650906564178,MATH 10A,A02,083736,Patchell; Gregory David,27,0,30,3
1650906564178,MATH 10A,A03,083737,Patchell; Gregory David,23,0,30,7
1650906570205,MATH 10B,A01,083207,Staff,0,9,30,30
1650906570205,MATH 10B,A02,083208,Staff,0,6,30,30
1650906570205,MATH 10B,B01,083739,Staff,10,0,30,20
1650906570205,MATH 10B,B02,083740,Staff,28,0,30,2
1650906576236,MATH 18,A01,083743,Staff,0,0,30,30
1650906576236,MATH 18,A02,083744,Staff,24,0,30,6
1650906576236,MATH 18,A03,083745,Staff,19,0,30,11
1650906576236,MATH 18,A04,083746,Staff,26,0,30,4
1650906576236,MATH 18,B01,083748,Staff,0,15,30,30
1650906576236,MATH 18,B02,083749,Staff,0,13,30,30
1650906576236,MATH 18,B03,083750,Staff,0,13,30,30
1650906576236,MATH 18,B04,083751,Staff,0,13,30,30
1650906582262,MATH 20A,A01,083754,Staff,19,0,40,21
1650906588286,MATH 20B,A01,083756,Staff,0,14,30,30
1650906588286,MATH 20B,A02,083757,Staff,0,11,30,30
1650906594312,MATH 20C,A01,083760,Staff,0,17,30,30
1650906594312,MATH 20C,A02,083761,Staff,1,16,30,29
1650906594312,MATH 20C,B01,083762,Staff,9,0,30,21
1650906594312,MATH 20C,B02,083763,Staff,28,0,30,2
1650906600358,MATH 20D,A01,083765,Staff,2,1,30,28
1650906600358,MATH 20D,A02,083766,Staff,6,0,30,24
1650906600358,MATH 20D,A03,083767,Staff,23,0,30,7
1650906606382,MATH 20E,A01,083771,Staff,2,0,30,28
1650906606382,MATH 20E,A02,083772,Staff,13,0,30,17
1650906606382,MATH 20E,B01,083773,Staff,0,0,30,30
1650906606382,MATH 20E,B02,083774,Staff,3,0,30,27
1650906612418,MATH 103A,A01,083777,Staff,0,17,30,30
1650906612418,MATH 103A,A02,083778,Staff,0,15,30,30
1650906612418,MATH 103A,B01,083779,Staff,0,15,30,30
1650906612418,MATH 103A,B02,083780,Staff,0,14,30,30
1650906618442,MATH 105,A01,085443,Staff,0,23,30,30
1650906624467,MATH 109,A01,083213,Anzaldo; Leesa B,0,7,30,30
1650906624467,MATH 109,A02,083214,Anzaldo; Leesa B,0,7,30,30
1650906624467,MATH 109,B01,083215,Anzaldo; Leesa B,0,8,30,30
1650906624467,MATH 109,B02,083216,Anzaldo; Leesa B,0,7,30,30
1650906630493,MATH 142A,A01,083219,Chow; Bennett,0,15,30,30
1650906630493,MATH 142A,A02,083220,Chow; Bennett,0,15,30,30
1650906630493,MATH 142A,B01,083221,Chow; Bennett,0,16,30,30
1650906630493,MATH 142A,B02,083222,Chow; Bennett,0,14,30,30
1650906636517,MATH 193A,A01,083224,Staff,0,6,30,30
1650906636517,MATH 193A,A02,083225,Staff,0,7,30,30
1650906636517,MATH 193A,A03,083781,Staff,0,6,30,30
1650906636517,MATH 193A,A04,083782,Staff,0,7,30,30
1650906642548,MATH 197,001,091859,McAuley; Julian John,9998,0,9999,1
1650906648610,COGS 9,A01,083615,Staff,0,17,60,60
1650906654637,COGS 11,A01,083617,Boyle; Mary E. T.,15,0,40,25
1650906660672,COGS 13,A01,083071,Staff,0,38,40,40
1650906666693,COGS 14A,A01,092681,Staff,0,37,100,100
1650906672719,COGS 14B,A01,083073,Cheng; Tzu-Han,0,12,50,50
1650906678743,COGS 17,A01,092677,Staff,11,0,75,64
1650906684770,COGS 100,A01,083619,Staff,0,30,60,60
1650906690793,COGS 101A,A01,083621,Davis; Joshua Daniel,0,29,60,60
1650906696816,COGS 101B,A01,091572,Staff,0,3,60,60
1650906702845,COGS 101C,A01,083625,Delgado; Tania,14,0,30,16
1650906708871,COGS 107A,A01,083627,Boyle; Mary E. T.,0,16,60,60
1650906714895,COGS 118A,A01,083075,Staff,0,9,60,60
1650906720919,CSE 3,A50,083646,Miranda; Gregory Joseph,16,0,38,22
1650906720919,CSE 3,A51,083647,Miranda; Gregory Joseph,36,0,37,1
1650906726944,CSE 8A,A50,083650,Miranda; Gregory Joseph,0,31,40,40
1650906732985,CSE 11,A01,083080,Cao; Yingjun,0,98,40,40
1650906739010,CSE 12,A01,083652,Staff,0,21,100,100
1650906745033,CSE 15L,A01,083654,Staff,0,3,50,50
1650906745033,CSE 15L,A02,083655,Staff,0,3,50,50
1650906751056,CSE 20,A01,083657,Staff,48,0,80,32
1650906757085,CSE 30,A01,083084,Eldon; John,0,76,40,40
1650906763110,CSE 100,A01,083659,Cao; Yingjun,0,70,50,50
1650906769134,CSE 134B,A01,083661,Powell; Thomas Allan,0,38,65,65
1650906775163,CSE 140,A01,083663,Staff,0,12,75,75
1650906781190,CSE 140L,A01,083088,Eldon; John,0,20,75,75
1650906787224,CSE 175,A01,083665,Kumar; Rakesh,7,0,25,18
1650906793344,CSE 190,A00,092507,Dubnov; Shlomo,9,0,20,11
1650906799377,ECE 45,A01,083139,Staff,0,4,60,60
1650906805410,ECE 65,A50,083695,Staff,0,6,30,30
1650906811442,ECE 109,A01,091882,Touri; Behrouz,32,0,70,38
1650906817468,ECE 180,A00,083140,Abi Samra; Nicholas Camill,20,0,30,10
1650906817468,ECE 180,B00,083141,Abi Samra; Nicholas Camill,0,0,30,30
1650906823496,MATH 10A,A01,083735,Patchell; Gregory David,2,0,30,28
1650906823496,MATH 10A,A02,083736,Patchell; Gregory David,27,0,30,3
1650906823496,MATH 10A,A03,083737,Patchell; Gregory David,23,0,30,7
1650906829523,MATH 10B,A01,083207,Staff,0,9,30,30
1650906829523,MATH 10B,A02,083208,Staff,0,6,30,30
1650906829523,MATH 10B,B01,083739,Staff,10,0,30,20
1650906829523,MATH 10B,B02,083740,Staff,28,0,30,2
1650906835553,MATH 18,A01,083743,Staff,0,0,30,30
1650906835553,MATH 18,A02,083744,Staff,24,0,30,6
1650906835553,MATH 18,A03,083745,Staff,19,0,30,11
1650906835553,MATH 18,A04,083746,Staff,26,0,30,4
1650906835553,MATH 18,B01,083748,Staff,0,15,30,30
1650906835553,MATH 18,B02,083749,Staff,0,13,30,30
1650906835553,MATH 18,B03,083750,Staff,0,13,30,30
1650906835553,MATH 18,B04,083751,Staff,0,13,30,30
1650906841575,MATH 20A,A01,083754,Staff,19,0,40,21
1650906847607,MATH 20B,A01,083756,Staff,0,14,30,30
1650906847607,MATH 20B,A02,083757,Staff,0,11,30,30
1650906853642,MATH 20C,A01,083760,Staff,0,17,30,30
1650906853642,MATH 20C,A02,083761,Staff,1,16,30,29
1650906853642,MATH 20C,B01,083762,Staff,9,0,30,21
1650906853642,MATH 20C,B02,083763,Staff,28,0,30,2
1650906859670,MATH 20D,A01,083765,Staff,2,1,30,28
1650906859670,MATH 20D,A02,083766,Staff,6,0,30,24
1650906859670,MATH 20D,A03,083767,Staff,23,0,30,7
1650906865700,MATH 20E,A01,083771,Staff,2,0,30,28
1650906865700,MATH 20E,A02,083772,Staff,13,0,30,17
1650906865700,MATH 20E,B01,083773,Staff,0,0,30,30
1650906865700,MATH 20E,B02,083774,Staff,3,0,30,27
1650906871747,MATH 103A,A01,083777,Staff,0,17,30,30
1650906871747,MATH 103A,A02,083778,Staff,0,15,30,30
1650906871747,MATH 103A,B01,083779,Staff,0,15,30,30
1650906871747,MATH 103A,B02,083780,Staff,0,14,30,30
1650906877771,MATH 105,A01,085443,Staff,0,23,30,30
1650906883795,MATH 109,A01,083213,Anzaldo; Leesa B,0,7,30,30
1650906883795,MATH 109,A02,083214,Anzaldo; Leesa B,0,7,30,30
1650906883795,MATH 109,B01,083215,Anzaldo; Leesa B,0,8,30,30
1650906883795,MATH 109,B02,083216,Anzaldo; Leesa B,0,7,30,30
1650906889832,MATH 142A,A01,083219,Chow; Bennett,0,15,30,30
1650906889832,MATH 142A,A02,083220,Chow; Bennett,0,15,30,30
1650906889832,MATH 142A,B01,083221,Chow; Bennett,0,16,30,30
1650906889832,MATH 142A,B02,083222,Chow; Bennett,0,14,30,30
1650906895856,MATH 193A,A01,083224,Staff,0,6,30,30
1650906895856,MATH 193A,A02,083225,Staff,0,7,30,30
1650906895856,MATH 193A,A03,083781,Staff,0,6,30,30
1650906895856,MATH 193A,A04,083782,Staff,0,7,30,30
1650906901896,MATH 197,001,091859,McAuley; Julian John,9998,0,9999,1
1650906907945,COGS 9,A01,083615,Staff,0,17,60,60
1650906913986,COGS 11,A01,083617,Boyle; Mary E. T.,15,0,40,25
1650906920013,COGS 13,A01,083071,Staff,0,38,40,40
1650906926053,COGS 14A,A01,092681,Staff,0,37,100,100
1650906932076,COGS 14B,A01,083073,Cheng; Tzu-Han,0,12,50,50
1650906938098,COGS 17,A01,092677,Staff,11,0,75,64
1650906944123,COGS 100,A01,083619,Staff,0,30,60,60
1650906950154,COGS 101A,A01,083621,Davis; Joshua Daniel,0,29,60,60
1650906956178,COGS 101B,A01,091572,Staff,0,3,60,60
1650906962214,COGS 101C,A01,083625,Delgado; Tania,14,0,30,16
1650906968237,COGS 107A,A01,083627,Boyle; Mary E. T.,0,16,60,60
1650906974271,COGS 118A,A01,083075,Staff,0,9,60,60
1650906980299,CSE 3,A50,083646,Miranda; Gregory Joseph,15,0,38,23
1650906980299,CSE 3,A51,083647,Miranda; Gregory Joseph,36,0,37,1
1650906986325,CSE 8A,A50,083650,Miranda; Gregory Joseph,0,31,40,40
1650906992359,CSE 11,A01,083080,Cao; Yingjun,0,98,40,40
1650906998383,CSE 12,A01,083652,Staff,0,21,100,100
1650907004409,CSE 15L,A01,083654,Staff,0,3,50,50
1650907004409,CSE 15L,A02,083655,Staff,0,3,50,50
1650907010435,CSE 20,A01,083657,Staff,48,0,80,32
1650907016460,CSE 30,A01,083084,Eldon; John,0,76,40,40
1650907022506,CSE 100,A01,083659,Cao; Yingjun,0,70,50,50
1650907028534,CSE 134B,A01,083661,Powell; Thomas Allan,0,38,65,65
1650907034564,CSE 140,A01,083663,Staff,0,12,75,75
1650907040588,CSE 140L,A01,083088,Eldon; John,0,20,75,75
1650907046610,CSE 175,A01,083665,Kumar; Rakesh,7,0,25,18
1650907052647,CSE 190,A00,092507,Dubnov; Shlomo,9,0,20,11
1650907058672,ECE 45,A01,083139,Staff,0,4,60,60
1650907064700,ECE 65,A50,083695,Staff,0,6,30,30
1650907070728,ECE 109,A01,091882,Touri; Behrouz,32,0,70,38
1650907076753,ECE 180,A00,083140,Abi Samra; Nicholas Camill,20,0,30,10
1650907076753,ECE 180,B00,083141,Abi Samra; Nicholas Camill,0,0,30,30
1650907082797,MATH 10A,A01,083735,Patchell; Gregory David,2,0,30,28
1650907082797,MATH 10A,A02,083736,Patchell; Gregory David,27,0,30,3
1650907082797,MATH 10A,A03,083737,Patchell; Gregory David,23,0,30,7
1650907088827,MATH 10B,A01,083207,Staff,0,9,30,30
1650907088827,MATH 10B,A02,083208,Staff,0,6,30,30
1650907088827,MATH 10B,B01,083739,Staff,10,0,30,20
1650907088827,MATH 10B,B02,083740,Staff,28,0,30,2
1650907094851,MATH 18,A01,083743,Staff,0,0,30,30
1650907094851,MATH 18,A02,083744,Staff,24,0,30,6
1650907094851,MATH 18,A03,083745,Staff,19,0,30,11
1650907094851,MATH 18,A04,083746,Staff,26,0,30,4
1650907094851,MATH 18,B01,083748,Staff,0,15,30,30
1650907094851,MATH 18,B02,083749,Staff,0,13,30,30
1650907094851,MATH 18,B03,083750,Staff,0,13,30,30
1650907094851,MATH 18,B04,083751,Staff,0,13,30,30
1650907100873,MATH 20A,A01,083754,Staff,19,0,40,21
1650907106900,MATH 20B,A01,083756,Staff,0,14,30,30
1650907106900,MATH 20B,A02,083757,Staff,0,11,30,30
1650907112936,MATH 20C,A01,083760,Staff,0,17,30,30
1650907112936,MATH 20C,A02,083761,Staff,1,16,30,29
1650907112936,MATH 20C,B01,083762,Staff,9,0,30,21
1650907112936,MATH 20C,B02,083763,Staff,28,0,30,2
1650907118959,MATH 20D,A01,083765,Staff,2,1,30,28
1650907118959,MATH 20D,A02,083766,Staff,6,0,30,24
1650907118959,MATH 20D,A03,083767,Staff,23,0,30,7
1650907124982,MATH 20E,A01,083771,Staff,2,0,30,28
1650907124982,MATH 20E,A02,083772,Staff,13,0,30,17
1650907124982,MATH 20E,B01,083773,Staff,0,0,30,30
1650907124982,MATH 20E,B02,083774,Staff,3,0,30,27
1650907131007,MATH 103A,A01,083777,Staff,0,17,30,30
1650907131007,MATH 103A,A02,083778,Staff,0,15,30,30
1650907131007,MATH 103A,B01,083779,Staff,0,15,30,30
1650907131007,MATH 103A,B02,083780,Staff,0,14,30,30
1650907137043,MATH 105,A01,085443,Staff,0,23,30,30
1650907143079,MATH 109,A01,083213,Anzaldo; Leesa B,0,7,30,30
1650907143079,MATH 109,A02,083214,Anzaldo; Leesa B,0,7,30,30
1650907143079,MATH 109,B01,083215,Anzaldo; Leesa B,0,8,30,30
1650907143079,MATH 109,B02,083216,Anzaldo; Leesa B,0,7,30,30
1650907149103,MATH 142A,A01,083219,Chow; Bennett,0,15,30,30
1650907149103,MATH 142A,A02,083220,Chow; Bennett,0,15,30,30
1650907149103,MATH 142A,B01,083221,Chow; Bennett,0,16,30,30
1650907149103,MATH 142A,B02,083222,Chow; Bennett,0,14,30,30
1650907155141,MATH 193A,A01,083224,Staff,0,6,30,30
1650907155141,MATH 193A,A02,083225,Staff,0,7,30,30
1650907155141,MATH 193A,A03,083781,Staff,0,6,30,30
1650907155141,MATH 193A,A04,083782,Staff,0,7,30,30
1650907161164,MATH 197,001,091859,McAuley; Julian John,9998,0,9999,1
1650907167232,COGS 9,A01,083615,Staff,0,17,60,60
1650907173268,COGS 11,A01,083617,Boyle; Mary E. T.,15,0,40,25
1650907179290,COGS 13,A01,083071,Staff,0,38,40,40
1650907185329,COGS 14A,A01,092681,Staff,0,37,100,100
1650907191353,COGS 14B,A01,083073,Cheng; Tzu-Han,0,12,50,50
1650907197376,COGS 17,A01,092677,Staff,11,0,75,64
1650907203401,COGS 100,A01,083619,Staff,0,30,60,60
1650907209433,COGS 101A,A01,083621,Davis; Joshua Daniel,0,29,60,60
1650907215474,COGS 101B,A01,091572,Staff,0,3,60,60
1650907221500,COGS 101C,A01,083625,Delgado; Tania,14,0,30,16
1650907227524,COGS 107A,A01,083627,Boyle; Mary E. T.,0,16,60,60
1650907233566,COGS 118A,A01,083075,Staff,0,9,60,60
1650907239591,CSE 3,A50,083646,Miranda; Gregory Joseph,15,0,38,23
1650907239591,CSE 3,A51,083647,Miranda; Gregory Joseph,36,0,37,1
1650907245613,CSE 8A,A50,083650,Miranda; Gregory Joseph,0,31,40,40
1650907251637,CSE 11,A01,083080,Cao; Yingjun,0,98,40,40
1650907257659,CSE 12,A01,083652,Staff,0,21,100,100
1650907263681,CSE 15L,A01,083654,Staff,0,3,50,50
1650907263681,CSE 15L,A02,083655,Staff,0,3,50,50
1650907269704,CSE 20,A01,083657,Staff,48,0,80,32
1650907275735,CSE 30,A01,083084,Eldon; John,0,76,40,40
1650907281759,CSE 100,A01,083659,Cao; Yingjun,0,70,50,50
1650907287782,CSE 134B,A01,083661,Powell; Thomas Allan,0,38,65,65
1650907293805,CSE 140,A01,083663,Staff,0,12,75,75
1650907299836,CSE 140L,A01,083088,Eldon; John,0,20,75,75
1650907305863,CSE 175,A01,083665,Kumar; Rakesh,7,0,25,18
1650907311886,CSE 190,A00,092507,Dubnov; Shlomo,9,0,20,11
1650907317928,ECE 45,A01,083139,Staff,0,4,60,60
1650907323959,ECE 65,A50,083695,Staff,0,6,30,30
1650907329986,ECE 109,A01,091882,Touri; Behrouz,32,0,70,38
1650907336012,ECE 180,A00,083140,Abi Samra; Nicholas Camill,20,0,30,10
1650907336012,ECE 180,B00,083141,Abi Samra; Nicholas Camill,0,0,30,30
1650907342038,MATH 10A,A01,083735,Patchell; Gregory David,2,0,30,28
1650907342038,MATH 10A,A02,083736,Patchell; Gregory David,27,0,30,3
1650907342038,MATH 10A,A03,083737,Patchell; Gregory David,23,0,30,7
1650907348060,MATH 10B,A01,083207,Staff,0,9,30,30
1650907348060,MATH 10B,A02,083208,Staff,0,6,30,30
1650907348060,MATH 10B,B01,083739,Staff,10,0,30,20
1650907348060,MATH 10B,B02,083740,Staff,28,0,30,2
1650907354087,MATH 18,A01,083743,Staff,0,0,30,30
1650907354087,MATH 18,A02,083744,Staff,24,0,30,6
1650907354087,MATH 18,A03,083745,Staff,19,0,30,11
1650907354087,MATH 18,A04,083746,Staff,26,0,30,4
1650907354087,MATH 18,B01,083748,Staff,0,15,30,30
1650907354087,MATH 18,B02,083749,Staff,0,13,30,30
1650907354087,MATH 18,B03,083750,Staff,0,13,30,30
1650907354087,MATH 18,B04,083751,Staff,0,13,30,30
1650907360114,MATH 20A,A01,083754,Staff,19,0,40,21
1650907366149,MATH 20B,A01,083756,Staff,0,14,30,30
1650907366149,MATH 20B,A02,083757,Staff,0,11,30,30
1650907372174,MATH 20C,A01,083760,Staff,0,17,30,30
1650907372174,MATH 20C,A02,083761,Staff,1,16,30,29
1650907372174,MATH 20C,B01,083762,Staff,9,0,30,21
1650907372174,MATH 20C,B02,083763,Staff,28,0,30,2
1650907378195,MATH 20D,A01,083765,Staff,2,1,30,28
1650907378195,MATH 20D,A02,083766,Staff,6,0,30,24
1650907378195,MATH 20D,A03,083767,Staff,23,0,30,7
1650907384231,MATH 20E,A01,083771,Staff,2,0,30,28
1650907384231,MATH 20E,A02,083772,Staff,13,0,30,17
1650907384231,MATH 20E,B01,083773,Staff,0,0,30,30
1650907384231,MATH 20E,B02,083774,Staff,3,0,30,27
1650907390338,MATH 103A,A01,083777,Staff,0,17,30,30
1650907390338,MATH 103A,A02,083778,Staff,0,15,30,30
1650907390338,MATH 103A,B01,083779,Staff,0,15,30,30
1650907390338,MATH 103A,B02,083780,Staff,0,14,30,30
1650907396362,MATH 105,A01,085443,Staff,0,23,30,30
1650907402386,MATH 109,A01,083213,Anzaldo; Leesa B,0,7,30,30
1650907402386,MATH 109,A02,083214,Anzaldo; Leesa B,0,7,30,30
1650907402386,MATH 109,B01,083215,Anzaldo; Leesa B,0,8,30,30
1650907402386,MATH 109,B02,083216,Anzaldo; Leesa B,0,7,30,30
1650907408410,MATH 142A,A01,083219,Chow; Bennett,0,15,30,30
1650907408410,MATH 142A,A02,083220,Chow; Bennett,0,15,30,30
1650907408410,MATH 142A,B01,083221,Chow; Bennett,0,16,30,30
1650907408410,MATH 142A,B02,083222,Chow; Bennett,0,14,30,30
1650907414432,MATH 193A,A01,083224,Staff,0,6,30,30
1650907414432,MATH 193A,A02,083225,Staff,0,7,30,30
1650907414432,MATH 193A,A03,083781,Staff,0,6,30,30
1650907414432,MATH 193A,A04,083782,Staff,0,7,30,30
1650907420459,MATH 197,001,091859,McAuley; Julian John,9998,0,9999,1
1650907426509,COGS 9,A01,083615,Staff,0,17,60,60
1650907432533,COGS 11,A01,083617,Boyle; Mary E. T.,15,0,40,25
1650907438565,COGS 13,A01,083071,Staff,0,38,40,40
1650907444588,COGS 14A,A01,092681,Staff,0,37,100,100
1650907450611,COGS 14B,A01,083073,Cheng; Tzu-Han,0,12,50,50
1650907456641,COGS 17,A01,092677,Staff,11,0,75,64
1650907462666,COGS 100,A01,083619,Staff,0,30,60,60
1650907468689,COGS 101A,A01,083621,Davis; Joshua Daniel,0,29,60,60
1650907474713,COGS 101B,A01,091572,Staff,0,3,60,60
1650907480747,COGS 101C,A01,083625,Delgado; Tania,14,0,30,16
1650907486777,COGS 107A,A01,083627,Boyle; Mary E. T.,0,16,60,60
1650907492800,COGS 118A,A01,083075,Staff,0,9,60,60
1650907498826,CSE 3,A50,083646,Miranda; Gregory Joseph,15,0,38,23
1650907498826,CSE 3,A51,083647,Miranda; Gregory Joseph,36,0,37,1
1650907504855,CSE 8A,A50,083650,Miranda; Gregory Joseph,0,31,40,40
1650907510887,CSE 11,A01,083080,Cao; Yingjun,0,98,40,40
1650907516917,CSE 12,A01,083652,Staff,0,21,100,100
1650907522945,CSE 15L,A01,083654,Staff,0,3,50,50
1650907522945,CSE 15L,A02,083655,Staff,0,3,50,50
1650907528969,CSE 20,A01,083657,Staff,48,0,80,32
1650907534995,CSE 30,A01,083084,Eldon; John,0,76,40,40
1650907541025,CSE 100,A01,083659,Cao; Yingjun,0,70,50,50
1650907547051,CSE 134B,A01,083661,Powell; Thomas Allan,0,38,65,65
1650907553075,CSE 140,A01,083663,Staff,0,12,75,75
1650907559097,CSE 140L,A01,083088,Eldon; John,0,20,75,75
1650907565123,CSE 175,A01,083665,Kumar; Rakesh,7,0,25,18
1650907571150,CSE 190,A00,092507,Dubnov; Shlomo,9,0,20,11
1650907577180,ECE 45,A01,083139,Staff,0,4,60,60
1650907583214,ECE 65,A50,083695,Staff,0,6,30,30
1650907589249,ECE 109,A01,091882,Touri; Behrouz,32,0,70,38
1650907595273,ECE 180,A00,083140,Abi Samra; Nicholas Camill,20,0,30,10
1650907595273,ECE 180,B00,083141,Abi Samra; Nicholas Camill,0,0,30,30
1650907601303,MATH 10A,A01,083735,Patchell; Gregory David,2,0,30,28
1650907601303,MATH 10A,A02,083736,Patchell; Gregory David,27,0,30,3
1650907601303,MATH 10A,A03,083737,Patchell; Gregory David,23,0,30,7
1650907607333,MATH 10B,A01,083207,Staff,0,9,30,30
1650907607333,MATH 10B,A02,083208,Staff,0,6,30,30
1650907607333,MATH 10B,B01,083739,Staff,10,0,30,20
1650907607333,MATH 10B,B02,083740,Staff,28,0,30,2
1650907613364,MATH 18,A01,083743,Staff,0,0,30,30
1650907613364,MATH 18,A02,083744,Staff,24,0,30,6
1650907613364,MATH 18,A03,083745,Staff,19,0,30,11
1650907613364,MATH 18,A04,083746,Staff,26,0,30,4
1650907613364,MATH 18,B01,083748,Staff,0,15,30,30
1650907613364,MATH 18,B02,083749,Staff,0,13,30,30
1650907613364,MATH 18,B03,083750,Staff,0,13,30,30
1650907613364,MATH 18,B04,083751,Staff,0,13,30,30
1650907619389,MATH 20A,A01,083754,Staff,19,0,40,21
1650907625423,MATH 20B,A01,083756,Staff,0,14,30,30
1650907625423,MATH 20B,A02,083757,Staff,0,11,30,30
1650907631450,MATH 20C,A01,083760,Staff,0,17,30,30
1650907631450,MATH 20C,A02,083761,Staff,1,16,30,29
1650907631450,MATH 20C,B01,083762,Staff,9,0,30,21
1650907631450,MATH 20C,B02,083763,Staff,28,0,30,2
1650907637480,MATH 20D,A01,083765,Staff,2,1,30,28
1650907637480,MATH 20D,A02,083766,Staff,6,0,30,24
1650907637480,MATH 20D,A03,083767,Staff,23,0,30,7
1650907643509,MATH 20E,A01,083771,Staff,2,0,30,28
1650907643509,MATH 20E,A02,083772,Staff,13,0,30,17
1650907643509,MATH 20E,B01,083773,Staff,0,0,30,30
1650907643509,MATH 20E,B02,083774,Staff,3,0,30,27
1650907649543,MATH 103A,A01,083777,Staff,0,17,30,30
1650907649543,MATH 103A,A02,083778,Staff,0,15,30,30
1650907649543,MATH 103A,B01,083779,Staff,0,15,30,30
1650907649543,MATH 103A,B02,083780,Staff,0,14,30,30
1650907655572,MATH 105,A01,085443,Staff,0,23,30,30
1650907661597,MATH 109,A01,083213,Anzaldo; Leesa B,0,7,30,30
1650907661597,MATH 109,A02,083214,Anzaldo; Leesa B,0,7,30,30
1650907661597,MATH 109,B01,083215,Anzaldo; Leesa B,0,8,30,30
1650907661597,MATH 109,B02,083216,Anzaldo; Leesa B,0,7,30,30
1650907667629,MATH 142A,A01,083219,Chow; Bennett,0,15,30,30
1650907667629,MATH 142A,A02,083220,Chow; Bennett,0,15,30,30
1650907667629,MATH 142A,B01,083221,Chow; Bennett,0,16,30,30
1650907667629,MATH 142A,B02,083222,Chow; Bennett,0,14,30,30
1650907673652,MATH 193A,A01,083224,Staff,0,6,30,30
1650907673652,MATH 193A,A02,083225,Staff,0,7,30,30
1650907673652,MATH 193A,A03,083781,Staff,0,6,30,30
1650907673652,MATH 193A,A04,083782,Staff,0,7,30,30
1650907679680,MATH 197,001,091859,McAuley; Julian John,9998,0,9999,1
1650907685755,COGS 9,A01,083615,Staff,0,17,60,60
1650907691782,COGS 11,A01,083617,Boyle; Mary E. T.,15,0,40,25
1650907697805,COGS 13,A01,083071,Staff,0,38,40,40
1650907703830,COGS 14A,A01,092681,Staff,0,37,100,100
1650907709857,COGS 14B,A01,083073,Cheng; Tzu-Han,0,12,50,50
1650907715879,COGS 17,A01,092677,Staff,11,0,75,64
1650907721906,COGS 100,A01,083619,Staff,0,30,60,60
1650907727929,COGS 101A,A01,083621,Davis; Joshua Daniel,0,29,60,60
1650907733957,COGS 101B,A01,091572,Staff,0,3,60,60
1650907739987,COGS 101C,A01,083625,Delgado; Tania,14,0,30,16
1650907746012,COGS 107A,A01,083627,Boyle; Mary E. T.,0,16,60,60
1650907752040,COGS 118A,A01,083075,Staff,0,9,60,60
1650907758077,CSE 3,A50,083646,Miranda; Gregory Joseph,15,0,38,23
1650907758077,CSE 3,A51,083647,Miranda; Gregory Joseph,36,0,37,1
1650907764100,CSE 8A,A50,083650,Miranda; Gregory Joseph,0,31,40,40
1650907770136,CSE 11,A01,083080,Cao; Yingjun,0,98,40,40
1650907776174,CSE 12,A01,083652,Staff,0,21,100,100
1650907782196,CSE 15L,A01,083654,Staff,0,3,50,50
1650907782196,CSE 15L,A02,083655,Staff,0,3,50,50
1650907788221,CSE 20,A01,083657,Staff,48,0,80,32
1650907794245,CSE 30,A01,083084,Eldon; John,0,76,40,40
1650907800267,CSE 100,A01,083659,Cao; Yingjun,0,70,50,50
1650907806308,CSE 134B,A01,083661,Powell; Thomas Allan,0,38,65,65
1650907812330,CSE 140,A01,083663,Staff,0,12,75,75
1650907818356,CSE 140L,A01,083088,Eldon; John,0,20,75,75
1650907824382,CSE 175,A01,083665,Kumar; Rakesh,7,0,25,18
1650907830405,CSE 190,A00,092507,Dubnov; Shlomo,9,0,20,11
1650907836430,ECE 45,A01,083139,Staff,0,4,60,60
1650907842456,ECE 65,A50,083695,Staff,0,6,30,30
1650907848486,ECE 109,A01,091882,Touri; Behrouz,32,0,70,38
1650907854517,ECE 180,A00,083140,Abi Samra; Nicholas Camill,20,0,30,10
1650907854517,ECE 180,B00,083141,Abi Samra; Nicholas Camill,0,0,30,30
1650907860541,MATH 10A,A01,083735,Patchell; Gregory David,2,0,30,28
1650907860541,MATH 10A,A02,083736,Patchell; Gregory David,27,0,30,3
1650907860541,MATH 10A,A03,083737,Patchell; Gregory David,23,0,30,7
1650907866572,MATH 10B,A01,083207,Staff,0,9,30,30
1650907866572,MATH 10B,A02,083208,Staff,0,6,30,30
1650907866572,MATH 10B,B01,083739,Staff,10,0,30,20
1650907866572,MATH 10B,B02,083740,Staff,28,0,30,2
1650907872606,MATH 18,A01,083743,Staff,0,0,30,30
1650907872606,MATH 18,A02,083744,Staff,24,0,30,6
1650907872606,MATH 18,A03,083745,Staff,19,0,30,11
1650907872606,MATH 18,A04,083746,Staff,26,0,30,4
1650907872606,MATH 18,B01,083748,Staff,0,15,30,30
1650907872606,MATH 18,B02,083749,Staff,0,13,30,30
1650907872606,MATH 18,B03,083750,Staff,0,13,30,30
1650907872606,MATH 18,B04,083751,Staff,0,13,30,30
1650907878629,MATH 20A,A01,083754,Staff,19,0,40,21
1650907884656,MATH 20B,A01,083756,Staff,0,14,30,30
1650907884656,MATH 20B,A02,083757,Staff,0,11,30,30
1650907890679,MATH 20C,A01,083760,Staff,0,17,30,30
1650907890679,MATH 20C,A02,083761,Staff,1,16,30,29
1650907890679,MATH 20C,B01,083762,Staff,9,0,30,21
1650907890679,MATH 20C,B02,083763,Staff,28,0,30,2
1650907896705,MATH 20D,A01,083765,Staff,2,1,30,28
1650907896705,MATH 20D,A02,083766,Staff,6,0,30,24
1650907896705,MATH 20D,A03,083767,Staff,23,0,30,7
1650907902731,MATH 20E,A01,083771,Staff,2,0,30,28
1650907902731,MATH 20E,A02,083772,Staff,13,0,30,17
1650907902731,MATH 20E,B01,083773,Staff,0,0,30,30
1650907902731,MATH 20E,B02,083774,Staff,3,0,30,27
1650907908761,MATH 103A,A01,083777,Staff,0,17,30,30
1650907908761,MATH 103A,A02,083778,Staff,0,15,30,30
1650907908761,MATH 103A,B01,083779,Staff,0,15,30,30
1650907908761,MATH 103A,B02,083780,Staff,0,14,30,30
1650907914784,MATH 105,A01,085443,Staff,0,23,30,30
1650907920809,MATH 109,A01,083213,Anzaldo; Leesa B,0,7,30,30
1650907920809,MATH 109,A02,083214,Anzaldo; Leesa B,0,7,30,30
1650907920809,MATH 109,B01,083215,Anzaldo; Leesa B,0,8,30,30
1650907920809,MATH 109,B02,083216,Anzaldo; Leesa B,0,7,30,30
1650907926848,MATH 142A,A01,083219,Chow; Bennett,0,15,30,30
1650907926848,MATH 142A,A02,083220,Chow; Bennett,0,15,30,30
1650907926848,MATH 142A,B01,083221,Chow; Bennett,0,16,30,30
1650907926848,MATH 142A,B02,083222,Chow; Bennett,0,14,30,30
1650907932882,MATH 193A,A01,083224,Staff,0,6,30,30
1650907932882,MATH 193A,A02,083225,Staff,0,7,30,30
1650907932882,MATH 193A,A03,083781,Staff,0,6,30,30
1650907932882,MATH 193A,A04,083782,Staff,0,7,30,30
1650907938905,MATH 197,001,091859,McAuley; Julian John,9998,0,9999,1
1650907944963,COGS 9,A01,083615,Staff,0,17,60,60
1650907950989,COGS 11,A01,083617,Boyle; Mary E. T.,15,0,40,25
1650907957017,COGS 13,A01,083071,Staff,0,38,40,40
1650907963048,COGS 14A,A01,092681,Staff,0,37,100,100
1650907969089,COGS 14B,A01,083073,Cheng; Tzu-Han,0,12,50,50
1650907975119,COGS 17,A01,092677,Staff,11,0,75,64
1650907981216,COGS 100,A01,083619,Staff,0,30,60,60
1650907987247,COGS 101A,A01,083621,Davis; Joshua Daniel,0,29,60,60
1650907993272,COGS 101B,A01,091572,Staff,0,3,60,60
1650907999297,COGS 101C,A01,083625,Delgado; Tania,14,0,30,16
1650908005324,COGS 107A,A01,083627,Boyle; Mary E. T.,0,16,60,60
1650908011361,COGS 118A,A01,083075,Staff,0,9,60,60
1650908017390,CSE 3,A50,083646,Miranda; Gregory Joseph,15,0,38,23
1650908017390,CSE 3,A51,083647,Miranda; Gregory Joseph,36,0,37,1
1650908023413,CSE 8A,A50,083650,Miranda; Gregory Joseph,0,31,40,40
1650908029439,CSE 11,A01,083080,Cao; Yingjun,0,98,40,40
1650908035466,CSE 12,A01,083652,Staff,0,21,100,100
1650908041492,CSE 15L,A01,083654,Staff,0,3,50,50
1650908041492,CSE 15L,A02,083655,Staff,0,3,50,50
1650908047514,CSE 20,A01,083657,Staff,48,0,80,32
1650908053546,CSE 30,A01,083084,Eldon; John,0,76,40,40
1650908059576,CSE 100,A01,083659,Cao; Yingjun,0,70,50,50
1650908065606,CSE 134B,A01,083661,Powell; Thomas Allan,0,38,65,65
1650908071629,CSE 140,A01,083663,Staff,0,12,75,75
1650908077658,CSE 140L,A01,083088,Eldon; John,0,20,75,75
1650908083683,CSE 175,A01,083665,Kumar; Rakesh,7,0,25,18
1650908089706,CSE 190,A00,092507,Dubnov; Shlomo,9,0,20,11
1650908095737,ECE 45,A01,083139,Staff,0,4,60,60
1650908101765,ECE 65,A50,083695,Staff,0,6,30,30
1650908107789,ECE 109,A01,091882,Touri; Behrouz,32,0,70,38
1650908113826,ECE 180,A00,083140,Abi Samra; Nicholas Camill,20,0,30,10
1650908113826,ECE 180,B00,083141,Abi Samra; Nicholas Camill,0,0,30,30
1650908119852,MATH 10A,A01,083735,Patchell; Gregory David,2,0,30,28
1650908119852,MATH 10A,A02,083736,Patchell; Gregory David,27,0,30,3
1650908119852,MATH 10A,A03,083737,Patchell; Gregory David,23,0,30,7
1650908125877,MATH 10B,A01,083207,Staff,0,9,30,30
1650908125877,MATH 10B,A02,083208,Staff,0,6,30,30
1650908125877,MATH 10B,B01,083739,Staff,10,0,30,20
1650908125877,MATH 10B,B02,083740,Staff,28,0,30,2
1650908131916,MATH 18,A01,083743,Staff,0,0,30,30
1650908131916,MATH 18,A02,083744,Staff,24,0,30,6
1650908131916,MATH 18,A03,083745,Staff,19,0,30,11
1650908131916,MATH 18,A04,083746,Staff,26,0,30,4
1650908131916,MATH 18,B01,083748,Staff,0,15,30,30
1650908131916,MATH 18,B02,083749,Staff,0,13,30,30
1650908131916,MATH 18,B03,083750,Staff,0,13,30,30
1650908131916,MATH 18,B04,083751,Staff,0,13,30,30
1650908137944,MATH 20A,A01,083754,Staff,19,0,40,21
1650908143969,MATH 20B,A01,083756,Staff,0,14,30,30
1650908143969,MATH 20B,A02,083757,Staff,0,11,30,30
1650908149992,MATH 20C,A01,083760,Staff,0,17,30,30
1650908149992,MATH 20C,A02,083761,Staff,1,16,30,29
1650908149992,MATH 20C,B01,083762,Staff,9,0,30,21
1650908149992,MATH 20C,B02,083763,Staff,28,0,30,2
1650908156015,MATH 20D,A01,083765,Staff,2,1,30,28
1650908156015,MATH 20D,A02,083766,Staff,6,0,30,24
1650908156015,MATH 20D,A03,083767,Staff,23,0,30,7
1650908162042,MATH 20E,A01,083771,Staff,2,0,30,28
1650908162042,MATH 20E,A02,083772,Staff,13,0,30,17
1650908162042,MATH 20E,B01,083773,Staff,0,0,30,30
1650908162042,MATH 20E,B02,083774,Staff,3,0,30,27
1650908168064,MATH 103A,A01,083777,Staff,0,17,30,30
1650908168064,MATH 103A,A02,083778,Staff,0,15,30,30
1650908168064,MATH 103A,B01,083779,Staff,0,15,30,30
1650908168064,MATH 103A,B02,083780,Staff,0,14,30,30
1650908174092,MATH 105,A01,085443,Staff,0,23,30,30
1650908180116,MATH 109,A01,083213,Anzaldo; Leesa B,0,7,30,30
1650908180116,MATH 109,A02,083214,Anzaldo; Leesa B,0,7,30,30
1650908180116,MATH 109,B01,083215,Anzaldo; Leesa B,0,8,30,30
1650908180116,MATH 109,B02,083216,Anzaldo; Leesa B,0,7,30,30
1650908186148,MATH 142A,A01,083219,Chow; Bennett,0,15,30,30
1650908186148,MATH 142A,A02,083220,Chow; Bennett,0,15,30,30
1650908186148,MATH 142A,B01,083221,Chow; Bennett,0,16,30,30
1650908186148,MATH 142A,B02,083222,Chow; Bennett,0,14,30,30
1650908192179,MATH 193A,A01,083224,Staff,0,6,30,30
1650908192179,MATH 193A,A02,083225,Staff,0,7,30,30
1650908192179,MATH 193A,A03,083781,Staff,0,6,30,30
1650908192179,MATH 193A,A04,083782,Staff,0,7,30,30
1650908198211,MATH 197,001,091859,McAuley; Julian John,9998,0,9999,1
1650908204270,COGS 9,A01,083615,Staff,0,17,60,60
1650908210294,COGS 11,A01,083617,Boyle; Mary E. T.,15,0,40,25
1650908216318,COGS 13,A01,083071,Staff,0,38,40,40
1650908222342,COGS 14A,A01,092681,Staff,0,37,100,100
1650908228368,COGS 14B,A01,083073,Cheng; Tzu-Han,0,12,50,50
1650908234393,COGS 17,A01,092677,Staff,11,0,75,64
1650908240428,COGS 100,A01,083619,Staff,0,30,60,60
1650908246456,COGS 101A,A01,083621,Davis; Joshua Daniel,0,29,60,60
1650908252478,COGS 101B,A01,091572,Staff,0,3,60,60
1650908258501,COGS 101C,A01,083625,Delgado; Tania,14,0,30,16
1650908264535,COGS 107A,A01,083627,Boyle; Mary E. T.,0,16,60,60
1650908270560,COGS 118A,A01,083075,Staff,0,9,60,60
1650908276587,CSE 3,A50,083646,Miranda; Gregory Joseph,15,0,38,23
1650908276587,CSE 3,A51,083647,Miranda; Gregory Joseph,36,0,37,1
1650908282611,CSE 8A,A50,083650,Miranda; Gregory Joseph,0,31,40,40
1650908288636,CSE 11,A01,083080,Cao; Yingjun,0,98,40,40
1650908294666,CSE 12,A01,083652,Staff,0,21,100,100
1650908300694,CSE 15L,A01,083654,Staff,0,3,50,50
1650908300694,CSE 15L,A02,083655,Staff,0,3,50,50
1650908306718,CSE 20,A01,083657,Staff,48,0,80,32
1650908312753,CSE 30,A01,083084,Eldon; John,0,76,40,40
1650908318775,CSE 100,A01,083659,Cao; Yingjun,0,70,50,50
1650908324809,CSE 134B,A01,083661,Powell; Thomas Allan,0,38,65,65
1650908330842,CSE 140,A01,083663,Staff,0,12,75,75
1650908336868,CSE 140L,A01,083088,Eldon; John,0,20,75,75
1650908342895,CSE 175,A01,083665,Kumar; Rakesh,7,0,25,18
1650908348920,CSE 190,A00,092507,Dubnov; Shlomo,9,0,20,11
1650908354944,ECE 45,A01,083139,Staff,0,4,60,60
1650908360984,ECE 65,A50,083695,Staff,0,6,30,30
1650908367010,ECE 109,A01,091882,Touri; Behrouz,32,0,70,38
1650908373038,ECE 180,A00,083140,Abi Samra; Nicholas Camill,20,0,30,10
1650908373038,ECE 180,B00,083141,Abi Samra; Nicholas Camill,0,0,30,30
1650908379062,MATH 10A,A01,083735,Patchell; Gregory David,2,0,30,28
1650908379062,MATH 10A,A02,083736,Patchell; Gregory David,27,0,30,3
1650908379062,MATH 10A,A03,083737,Patchell; Gregory David,23,0,30,7
1650908385090,MATH 10B,A01,083207,Staff,0,9,30,30
1650908385090,MATH 10B,A02,083208,Staff,0,6,30,30
1650908385090,MATH 10B,B01,083739,Staff,10,0,30,20
1650908385090,MATH 10B,B02,083740,Staff,28,0,30,2
1650908391114,MATH 18,A01,083743,Staff,0,0,30,30
1650908391114,MATH 18,A02,083744,Staff,24,0,30,6
1650908391114,MATH 18,A03,083745,Staff,19,0,30,11
1650908391114,MATH 18,A04,083746,Staff,26,0,30,4
1650908391114,MATH 18,B01,083748,Staff,0,15,30,30
1650908391114,MATH 18,B02,083749,Staff,0,13,30,30
1650908391114,MATH 18,B03,083750,Staff,0,13,30,30
1650908391114,MATH 18,B04,083751,Staff,0,13,30,30
1650908397155,MATH 20A,A01,083754,Staff,19,0,40,21
1650908403185,MATH 20B,A01,083756,Staff,0,14,30,30
1650908403185,MATH 20B,A02,083757,Staff,0,11,30,30
1650908409222,MATH 20C,A01,083760,Staff,0,17,30,30
1650908409222,MATH 20C,A02,083761,Staff,1,16,30,29
1650908409222,MATH 20C,B01,083762,Staff,9,0,30,21
1650908409222,MATH 20C,B02,083763,Staff,28,0,30,2
1650908415249,MATH 20D,A01,083765,Staff,2,1,30,28
1650908415249,MATH 20D,A02,083766,Staff,6,0,30,24
1650908415249,MATH 20D,A03,083767,Staff,23,0,30,7
1650908421274,MATH 20E,A01,083771,Staff,2,0,30,28
1650908421274,MATH 20E,A02,083772,Staff,13,0,30,17
1650908421274,MATH 20E,B01,083773,Staff,0,0,30,30
1650908421274,MATH 20E,B02,083774,Staff,3,0,30,27
1650908427311,MATH 103A,A01,083777,Staff,0,17,30,30
1650908427311,MATH 103A,A02,083778,Staff,0,15,30,30
1650908427311,MATH 103A,B01,083779,Staff,0,15,30,30
1650908427311,MATH 103A,B02,083780,Staff,0,14,30,30
1650908433335,MATH 105,A01,085443,Staff,0,23,30,30
1650908439358,MATH 109,A01,083213,Anzaldo; Leesa B,0,7,30,30
1650908439358,MATH 109,A02,083214,Anzaldo; Leesa B,0,7,30,30
1650908439358,MATH 109,B01,083215,Anzaldo; Leesa B,0,8,30,30
1650908439358,MATH 109,B02,083216,Anzaldo; Leesa B,0,7,30,30
1650908445386,MATH 142A,A01,083219,Chow; Bennett,0,15,30,30
1650908445386,MATH 142A,A02,083220,Chow; Bennett,0,15,30,30
1650908445386,MATH 142A,B01,083221,Chow; Bennett,0,16,30,30
1650908445386,MATH 142A,B02,083222,Chow; Bennett,0,14,30,30
1650908451412,MATH 193A,A01,083224,Staff,0,6,30,30
1650908451412,MATH 193A,A02,083225,Staff,0,7,30,30
1650908451412,MATH 193A,A03,083781,Staff,0,6,30,30
1650908451412,MATH 193A,A04,083782,Staff,0,7,30,30
1650908457442,MATH 197,001,091859,McAuley; Julian John,9998,0,9999,1
1650908463519,COGS 9,A01,083615,Staff,0,17,60,60
1650908469543,COGS 11,A01,083617,Boyle; Mary E. T.,15,0,40,25
1650908475566,COGS 13,A01,083071,Staff,0,38,40,40
1650908481596,COGS 14A,A01,092681,Staff,0,37,100,100
1650908487622,COGS 14B,A01,083073,Cheng; Tzu-Han,0,12,50,50
1650908493649,COGS 17,A01,092677,Staff,11,0,75,64
1650908499672,COGS 100,A01,083619,Staff,0,30,60,60
1650908505696,COGS 101A,A01,083621,Davis; Joshua Daniel,0,29,60,60
1650908511718,COGS 101B,A01,091572,Staff,0,3,60,60
1650908517741,COGS 101C,A01,083625,Delgado; Tania,14,0,30,16
1650908523765,COGS 107A,A01,083627,Boyle; Mary E. T.,0,16,60,60
1650908529791,COGS 118A,A01,083075,Staff,0,9,60,60
1650908535824,CSE 3,A50,083646,Miranda; Gregory Joseph,15,0,38,23
1650908535824,CSE 3,A51,083647,Miranda; Gregory Joseph,36,0,37,1
1650908541847,CSE 8A,A50,083650,Miranda; Gregory Joseph,0,31,40,40
1650908547871,CSE 11,A01,083080,Cao; Yingjun,0,98,40,40
1650908553894,CSE 12,A01,083652,Staff,0,21,100,100
1650908559921,CSE 15L,A01,083654,Staff,0,3,50,50
1650908559921,CSE 15L,A02,083655,Staff,0,3,50,50
1650908565953,CSE 20,A01,083657,Staff,48,0,80,32
1650908571976,CSE 30,A01,083084,Eldon; John,0,76,40,40
1650908578075,CSE 100,A01,083659,Cao; Yingjun,0,70,50,50
1650908584102,CSE 134B,A01,083661,Powell; Thomas Allan,0,38,65,65
1650908590136,CSE 140,A01,083663,Staff,0,13,75,75
1650908596166,CSE 140L,A01,083088,Eldon; John,0,21,75,75
1650908602202,CSE 175,A01,083665,Kumar; Rakesh,7,0,25,18
1650908608234,CSE 190,A00,092507,Dubnov; Shlomo,9,0,20,11
1650908614259,ECE 45,A01,083139,Staff,0,4,60,60
1650908620289,ECE 65,A50,083695,Staff,0,6,30,30
1650908626311,ECE 109,A01,091882,Touri; Behrouz,32,0,70,38
1650908632336,ECE 180,A00,083140,Abi Samra; Nicholas Camill,20,0,30,10
1650908632336,ECE 180,B00,083141,Abi Samra; Nicholas Camill,0,0,30,30
1650908638362,MATH 10A,A01,083735,Patchell; Gregory David,2,0,30,28
1650908638362,MATH 10A,A02,083736,Patchell; Gregory David,27,0,30,3
1650908638362,MATH 10A,A03,083737,Patchell; Gregory David,23,0,30,7
1650908644386,MATH 10B,A01,083207,Staff,0,9,30,30
1650908644386,MATH 10B,A02,083208,Staff,0,6,30,30
1650908644386,MATH 10B,B01,083739,Staff,10,0,30,20
1650908644386,MATH 10B,B02,083740,Staff,28,0,30,2
1650908650415,MATH 18,A01,083743,Staff,0,0,30,30
1650908650415,MATH 18,A02,083744,Staff,24,0,30,6
1650908650415,MATH 18,A03,083745,Staff,19,0,30,11
1650908650415,MATH 18,A04,083746,Staff,26,0,30,4
1650908650415,MATH 18,B01,083748,Staff,0,15,30,30
1650908650415,MATH 18,B02,083749,Staff,0,13,30,30
1650908650415,MATH 18,B03,083750,Staff,0,13,30,30
1650908650415,MATH 18,B04,083751,Staff,0,13,30,30
1650908656439,MATH 20A,A01,083754,Staff,19,0,40,21
1650908662466,MATH 20B,A01,083756,Staff,0,14,30,30
1650908662466,MATH 20B,A02,083757,Staff,0,11,30,30
1650908668493,MATH 20C,A01,083760,Staff,0,17,30,30
1650908668493,MATH 20C,A02,083761,Staff,1,16,30,29
1650908668493,MATH 20C,B01,083762,Staff,9,0,30,21
1650908668493,MATH 20C,B02,083763,Staff,28,0,30,2
1650908674516,MATH 20D,A01,083765,Staff,2,1,30,28
1650908674516,MATH 20D,A02,083766,Staff,6,0,30,24
1650908674516,MATH 20D,A03,083767,Staff,23,0,30,7
1650908680551,MATH 20E,A01,083771,Staff,2,0,30,28
1650908680551,MATH 20E,A02,083772,Staff,13,0,30,17
1650908680551,MATH 20E,B01,083773,Staff,0,0,30,30
1650908680551,MATH 20E,B02,083774,Staff,3,0,30,27
1650908686580,MATH 103A,A01,083777,Staff,0,17,30,30
1650908686580,MATH 103A,A02,083778,Staff,0,15,30,30
1650908686580,MATH 103A,B01,083779,Staff,0,15,30,30
1650908686580,MATH 103A,B02,083780,Staff,0,14,30,30
1650908692605,MATH 105,A01,085443,Staff,0,23,30,30
1650908698641,MATH 109,A01,083213,Anzaldo; Leesa B,0,7,30,30
1650908698641,MATH 109,A02,083214,Anzaldo; Leesa B,0,7,30,30
1650908698641,MATH 109,B01,083215,Anzaldo; Leesa B,0,8,30,30
1650908698641,MATH 109,B02,083216,Anzaldo; Leesa B,0,7,30,30
1650908704672,MATH 142A,A01,083219,Chow; Bennett,0,15,30,30
1650908704672,MATH 142A,A02,083220,Chow; Bennett,0,15,30,30
1650908704672,MATH 142A,B01,083221,Chow; Bennett,0,16,30,30
1650908704672,MATH 142A,B02,083222,Chow; Bennett,0,14,30,30
1650908710698,MATH 193A,A01,083224,Staff,0,6,30,30
1650908710698,MATH 193A,A02,083225,Staff,0,7,30,30
1650908710698,MATH 193A,A03,083781,Staff,0,6,30,30
1650908710698,MATH 193A,A04,083782,Staff,0,7,30,30
1650908716722,MATH 197,001,091859,McAuley; Julian John,9998,0,9999,1
1650908722783,COGS 9,A01,083615,Staff,0,17,60,60
1650908728814,COGS 11,A01,083617,Boyle; Mary E. T.,15,0,40,25
1650908734837,COGS 13,A01,083071,Staff,0,38,40,40
1650908740863,COGS 14A,A01,092681,Staff,0,37,100,100
1650908746887,COGS 14B,A01,083073,Cheng; Tzu-Han,0,12,50,50
1650908752912,COGS 17,A01,092677,Staff,11,0,75,64
1650908758941,COGS 100,A01,083619,Staff,0,30,60,60
1650908764965,COGS 101A,A01,083621,Davis; Joshua Daniel,0,29,60,60
1650908770990,COGS 101B,A01,091572,Staff,0,3,60,60
1650908777022,COGS 101C,A01,083625,Delgado; Tania,14,0,30,16
1650908783048,COGS 107A,A01,083627,Boyle; Mary E. T.,0,16,60,60
1650908789071,COGS 118A,A01,083075,Staff,0,9,60,60
1650908795100,CSE 3,A50,083646,Miranda; Gregory Joseph,15,0,38,23
1650908795100,CSE 3,A51,083647,Miranda; Gregory Joseph,36,0,37,1
1650908801124,CSE 8A,A50,083650,Miranda; Gregory Joseph,0,31,40,40
1650908807146,CSE 11,A01,083080,Cao; Yingjun,0,98,40,40
1650908813169,CSE 12,A01,083652,Staff,0,21,100,100
1650908819205,CSE 15L,A01,083654,Staff,0,3,50,50
1650908819205,CSE 15L,A02,083655,Staff,0,3,50,50
1650908825236,CSE 20,A01,083657,Staff,48,0,80,32
1650908831275,CSE 30,A01,083084,Eldon; John,0,76,40,40
1650908837299,CSE 100,A01,083659,Cao; Yingjun,0,70,50,50
1650908843335,CSE 134B,A01,083661,Powell; Thomas Allan,0,38,65,65
1650908849357,CSE 140,A01,083663,Staff,0,13,75,75
1650908855389,CSE 140L,A01,083088,Eldon; John,0,21,75,75
1650908861418,CSE 175,A01,083665,Kumar; Rakesh,7,0,25,18
1650908867442,CSE 190,A00,092507,Dubnov; Shlomo,9,0,20,11
1650908873463,ECE 45,A01,083139,Staff,0,4,60,60
1650908879498,ECE 65,A50,083695,Staff,0,6,30,30
1650908885525,ECE 109,A01,091882,Touri; Behrouz,32,0,70,38
1650908891547,ECE 180,A00,083140,Abi Samra; Nicholas Camill,20,0,30,10
1650908891547,ECE 180,B00,083141,Abi Samra; Nicholas Camill,0,0,30,30
1650908897574,MATH 10A,A01,083735,Patchell; Gregory David,2,0,30,28
1650908897574,MATH 10A,A02,083736,Patchell; Gregory David,27,0,30,3
1650908897574,MATH 10A,A03,083737,Patchell; Gregory David,23,0,30,7
1650908903601,MATH 10B,A01,083207,Staff,0,9,30,30
1650908903601,MATH 10B,A02,083208,Staff,0,6,30,30
1650908903601,MATH 10B,B01,083739,Staff,10,0,30,20
1650908903601,MATH 10B,B02,083740,Staff,28,0,30,2
1650908909625,MATH 18,A01,083743,Staff,0,0,30,30
1650908909625,MATH 18,A02,083744,Staff,24,0,30,6
1650908909625,MATH 18,A03,083745,Staff,19,0,30,11
1650908909625,MATH 18,A04,083746,Staff,26,0,30,4
1650908909625,MATH 18,B01,083748,Staff,0,15,30,30
1650908909625,MATH 18,B02,083749,Staff,0,13,30,30
1650908909625,MATH 18,B03,083750,Staff,0,13,30,30
1650908909625,MATH 18,B04,083751,Staff,0,13,30,30
1650908915657,MATH 20A,A01,083754,Staff,19,0,40,21
1650908921684,MATH 20B,A01,083756,Staff,0,14,30,30
1650908921684,MATH 20B,A02,083757,Staff,0,11,30,30
1650908927715,MATH 20C,A01,083760,Staff,0,17,30,30
1650908927715,MATH 20C,A02,083761,Staff,1,16,30,29
1650908927715,MATH 20C,B01,083762,Staff,9,0,30,21
1650908927715,MATH 20C,B02,083763,Staff,28,0,30,2
1650908933739,MATH 20D,A01,083765,Staff,2,1,30,28
1650908933739,MATH 20D,A02,083766,Staff,6,0,30,24
1650908933739,MATH 20D,A03,083767,Staff,23,0,30,7
1650908939763,MATH 20E,A01,083771,Staff,2,0,30,28
1650908939763,MATH 20E,A02,083772,Staff,13,0,30,17
1650908939763,MATH 20E,B01,083773,Staff,0,0,30,30
1650908939763,MATH 20E,B02,083774,Staff,3,0,30,27
1650908945786,MATH 103A,A01,083777,Staff,0,17,30,30
1650908945786,MATH 103A,A02,083778,Staff,0,15,30,30
1650908945786,MATH 103A,B01,083779,Staff,0,15,30,30
1650908945786,MATH 103A,B02,083780,Staff,0,14,30,30
1650908951809,MATH 105,A01,085443,Staff,0,23,30,30
1650908957845,MATH 109,A01,083213,Anzaldo; Leesa B,0,7,30,30
1650908957845,MATH 109,A02,083214,Anzaldo; Leesa B,0,7,30,30
1650908957845,MATH 109,B01,083215,Anzaldo; Leesa B,0,8,30,30
1650908957845,MATH 109,B02,083216,Anzaldo; Leesa B,0,7,30,30
1650908963870,MATH 142A,A01,083219,Chow; Bennett,0,15,30,30
1650908963870,MATH 142A,A02,083220,Chow; Bennett,0,15,30,30
1650908963870,MATH 142A,B01,083221,Chow; Bennett,0,16,30,30
1650908963870,MATH 142A,B02,083222,Chow; Bennett,0,14,30,30
1650908969904,MATH 193A,A01,083224,Staff,0,6,30,30
1650908969904,MATH 193A,A02,083225,Staff,0,7,30,30
1650908969904,MATH 193A,A03,083781,Staff,0,6,30,30
1650908969904,MATH 193A,A04,083782,Staff,0,7,30,30
1650908975927,MATH 197,001,091859,McAuley; Julian John,9998,0,9999,1
1650908981976,COGS 9,A01,083615,Staff,0,17,60,60
1650908987999,COGS 11,A01,083617,Boyle; Mary E. T.,15,0,40,25
1650908994021,COGS 13,A01,083071,Staff,0,38,40,40
1650909000048,COGS 14A,A01,092681,Staff,0,37,100,100
1650909006071,COGS 14B,A01,083073,Cheng; Tzu-Han,0,12,50,50
1650909012095,COGS 17,A01,092677,Staff,11,0,75,64
1650909018119,COGS 100,A01,083619,Staff,0,30,60,60
1650909024145,COGS 101A,A01,083621,Davis; Joshua Daniel,0,29,60,60
1650909030169,COGS 101B,A01,091572,Staff,0,3,60,60
1650909036193,COGS 101C,A01,083625,Delgado; Tania,14,0,30,16
1650909042217,COGS 107A,A01,083627,Boyle; Mary E. T.,0,16,60,60
1650909048240,COGS 118A,A01,083075,Staff,0,9,60,60
1650909054263,CSE 3,A50,083646,Miranda; Gregory Joseph,15,0,38,23
1650909054263,CSE 3,A51,083647,Miranda; Gregory Joseph,36,0,37,1
1650909060290,CSE 8A,A50,083650,Miranda; Gregory Joseph,0,31,40,40
1650909066316,CSE 11,A01,083080,Cao; Yingjun,0,98,40,40
1650909072339,CSE 12,A01,083652,Staff,0,21,100,100
1650909078371,CSE 15L,A01,083654,Staff,0,3,50,50
1650909078371,CSE 15L,A02,083655,Staff,0,3,50,50
1650909084419,CSE 20,A01,083657,Staff,48,0,80,32
1650909090445,CSE 30,A01,083084,Eldon; John,0,76,40,40
1650909096474,CSE 100,A01,083659,Cao; Yingjun,0,70,50,50
1650909102507,CSE 134B,A01,083661,Powell; Thomas Allan,0,38,65,65
1650909108531,CSE 140,A01,083663,Staff,0,13,75,75
1650909114554,CSE 140L,A01,083088,Eldon; John,0,21,75,75
1650909120578,CSE 175,A01,083665,Kumar; Rakesh,7,0,25,18
1650909126601,CSE 190,A00,092507,Dubnov; Shlomo,9,0,20,11
1650909132627,ECE 45,A01,083139,Staff,0,4,60,60
1650909138651,ECE 65,A50,083695,Staff,0,6,30,30
1650909144686,ECE 109,A01,091882,Touri; Behrouz,32,0,70,38
1650909150712,ECE 180,A00,083140,Abi Samra; Nicholas Camill,20,0,30,10
1650909150712,ECE 180,B00,083141,Abi Samra; Nicholas Camill,0,0,30,30
1650909156735,MATH 10A,A01,083735,Patchell; Gregory David,2,0,30,28
1650909156735,MATH 10A,A02,083736,Patchell; Gregory David,27,0,30,3
1650909156735,MATH 10A,A03,083737,Patchell; Gregory David,23,0,30,7
1650909162762,MATH 10B,A01,083207,Staff,0,9,30,30
1650909162762,MATH 10B,A02,083208,Staff,0,6,30,30
1650909162762,MATH 10B,B01,083739,Staff,10,0,30,20
1650909162762,MATH 10B,B02,083740,Staff,28,0,30,2
1650909168791,MATH 18,A01,083743,Staff,0,0,30,30
1650909168791,MATH 18,A02,083744,Staff,24,0,30,6
1650909168791,MATH 18,A03,083745,Staff,19,0,30,11
1650909168791,MATH 18,A04,083746,Staff,26,0,30,4
1650909168791,MATH 18,B01,083748,Staff,0,15,30,30
1650909168791,MATH 18,B02,083749,Staff,0,13,30,30
1650909168791,MATH 18,B03,083750,Staff,0,13,30,30
1650909168791,MATH 18,B04,083751,Staff,0,13,30,30
1650909174902,MATH 20A,A01,083754,Staff,19,0,40,21
1650909180928,MATH 20B,A01,083756,Staff,0,14,30,30
1650909180928,MATH 20B,A02,083757,Staff,0,11,30,30
1650909186954,MATH 20C,A01,083760,Staff,0,17,30,30
1650909186954,MATH 20C,A02,083761,Staff,1,16,30,29
1650909186954,MATH 20C,B01,083762,Staff,9,0,30,21
1650909186954,MATH 20C,B02,083763,Staff,28,0,30,2
1650909192977,MATH 20D,A01,083765,Staff,2,1,30,28
1650909192977,MATH 20D,A02,083766,Staff,6,0,30,24
1650909192977,MATH 20D,A03,083767,Staff,23,0,30,7
1650909199001,MATH 20E,A01,083771,Staff,2,0,30,28
1650909199001,MATH 20E,A02,083772,Staff,13,0,30,17
1650909199001,MATH 20E,B01,083773,Staff,0,0,30,30
1650909199001,MATH 20E,B02,083774,Staff,3,0,30,27
1650909205024,MATH 103A,A01,083777,Staff,0,17,30,30
1650909205024,MATH 103A,A02,083778,Staff,0,15,30,30
1650909205024,MATH 103A,B01,083779,Staff,0,15,30,30
1650909205024,MATH 103A,B02,083780,Staff,0,14,30,30
1650909211047,MATH 105,A01,085443,Staff,0,23,30,30
1650909217070,MATH 109,A01,083213,Anzaldo; Leesa B,0,7,30,30
1650909217070,MATH 109,A02,083214,Anzaldo; Leesa B,0,7,30,30
1650909217070,MATH 109,B01,083215,Anzaldo; Leesa B,0,8,30,30
1650909217070,MATH 109,B02,083216,Anzaldo; Leesa B,0,7,30,30
1650909223101,MATH 142A,A01,083219,Chow; Bennett,0,15,30,30
1650909223101,MATH 142A,A02,083220,Chow; Bennett,0,15,30,30
1650909223101,MATH 142A,B01,083221,Chow; Bennett,0,16,30,30
1650909223101,MATH 142A,B02,083222,Chow; Bennett,0,14,30,30
1650909229127,MATH 193A,A01,083224,Staff,0,6,30,30
1650909229127,MATH 193A,A02,083225,Staff,0,7,30,30
1650909229127,MATH 193A,A03,083781,Staff,0,6,30,30
1650909229127,MATH 193A,A04,083782,Staff,0,7,30,30
1650909235153,MATH 197,001,091859,McAuley; Julian John,9998,0,9999,1
1650909241237,COGS 9,A01,083615,Staff,0,17,60,60
1650909247260,COGS 11,A01,083617,Boyle; Mary E. T.,15,0,40,25
1650909253286,COGS 13,A01,083071,Staff,0,38,40,40
1650909259309,COGS 14A,A01,092681,Staff,0,37,100,100
1650909265340,COGS 14B,A01,083073,Cheng; Tzu-Han,0,12,50,50
1650909271365,COGS 17,A01,092677,Staff,11,0,75,64
1650909277403,COGS 100,A01,083619,Staff,0,30,60,60
1650909283430,COGS 101A,A01,083621,Davis; Joshua Daniel,0,29,60,60
1650909289457,COGS 101B,A01,091572,Staff,0,3,60,60
1650909295490,COGS 101C,A01,083625,Delgado; Tania,14,0,30,16
1650909301518,COGS 107A,A01,083627,Boyle; Mary E. T.,0,16,60,60
1650909307551,COGS 118A,A01,083075,Staff,0,9,60,60
1650909313575,CSE 3,A50,083646,Miranda; Gregory Joseph,15,0,38,23
1650909313575,CSE 3,A51,083647,Miranda; Gregory Joseph,36,0,37,1
1650909319607,CSE 8A,A50,083650,Miranda; Gregory Joseph,0,31,40,40
1650909325633,CSE 11,A01,083080,Cao; Yingjun,0,98,40,40
1650909331662,CSE 12,A01,083652,Staff,0,21,100,100
1650909337688,CSE 15L,A01,083654,Staff,0,3,50,50
1650909337688,CSE 15L,A02,083655,Staff,0,3,50,50
1650909343711,CSE 20,A01,083657,Staff,48,0,80,32
1650909349738,CSE 30,A01,083084,Eldon; John,0,76,40,40
1650909355769,CSE 100,A01,083659,Cao; Yingjun,0,70,50,50
1650909361808,CSE 134B,A01,083661,Powell; Thomas Allan,0,38,65,65
1650909367836,CSE 140,A01,083663,Staff,0,13,75,75
1650909373861,CSE 140L,A01,083088,Eldon; John,0,21,75,75
1650909379883,CSE 175,A01,083665,Kumar; Rakesh,7,0,25,18
1650909385906,CSE 190,A00,092507,Dubnov; Shlomo,9,0,20,11
1650909391933,ECE 45,A01,083139,Staff,0,4,60,60
1650909397957,ECE 65,A50,083695,Staff,0,6,30,30
1650909403983,ECE 109,A01,091882,Touri; Behrouz,32,0,70,38
1650909410007,ECE 180,A00,083140,Abi Samra; Nicholas Camill,19,0,30,11
1650909410007,ECE 180,B00,083141,Abi Samra; Nicholas Camill,0,0,30,30
1650909416034,MATH 10A,A01,083735,Patchell; Gregory David,2,0,30,28
1650909416034,MATH 10A,A02,083736,Patchell; Gregory David,27,0,30,3
1650909416034,MATH 10A,A03,083737,Patchell; Gregory David,23,0,30,7
1650909422060,MATH 10B,A01,083207,Staff,0,9,30,30
1650909422060,MATH 10B,A02,083208,Staff,0,6,30,30
1650909422060,MATH 10B,B01,083739,Staff,10,0,30,20
1650909422060,MATH 10B,B02,083740,Staff,28,0,30,2
1650909428089,MATH 18,A01,083743,Staff,0,0,30,30
1650909428089,MATH 18,A02,083744,Staff,24,0,30,6
1650909428089,MATH 18,A03,083745,Staff,19,0,30,11
1650909428089,MATH 18,A04,083746,Staff,26,0,30,4
1650909428089,MATH 18,B01,083748,Staff,0,15,30,30
1650909428089,MATH 18,B02,083749,Staff,0,13,30,30
1650909428089,MATH 18,B03,083750,Staff,0,13,30,30
1650909428089,MATH 18,B04,083751,Staff,0,13,30,30
1650909434115,MATH 20A,A01,083754,Staff,19,0,40,21
1650909440136,MATH 20B,A01,083756,Staff,0,14,30,30
1650909440136,MATH 20B,A02,083757,Staff,0,11,30,30
1650909446167,MATH 20C,A01,083760,Staff,0,17,30,30
1650909446167,MATH 20C,A02,083761,Staff,1,16,30,29
1650909446167,MATH 20C,B01,083762,Staff,9,0,30,21
1650909446167,MATH 20C,B02,083763,Staff,28,0,30,2
1650909452195,MATH 20D,A01,083765,Staff,2,1,30,28
1650909452195,MATH 20D,A02,083766,Staff,6,0,30,24
1650909452195,MATH 20D,A03,083767,Staff,23,0,30,7
1650909458223,MATH 20E,A01,083771,Staff,2,0,30,28
1650909458223,MATH 20E,A02,083772,Staff,13,0,30,17
1650909458223,MATH 20E,B01,083773,Staff,0,0,30,30
1650909458223,MATH 20E,B02,083774,Staff,3,0,30,27
1650909464252,MATH 103A,A01,083777,Staff,0,17,30,30
1650909464252,MATH 103A,A02,083778,Staff,0,15,30,30
1650909464252,MATH 103A,B01,083779,Staff,0,15,30,30
1650909464252,MATH 103A,B02,083780,Staff,0,14,30,30
1650909470275,MATH 105,A01,085443,Staff,0,23,30,30
1650909476314,MATH 109,A01,083213,Anzaldo; Leesa B,0,7,30,30
1650909476314,MATH 109,A02,083214,Anzaldo; Leesa B,0,7,30,30
1650909476314,MATH 109,B01,083215,Anzaldo; Leesa B,0,8,30,30
1650909476314,MATH 109,B02,083216,Anzaldo; Leesa B,0,7,30,30
1650909482343,MATH 142A,A01,083219,Chow; Bennett,0,15,30,30
1650909482343,MATH 142A,A02,083220,Chow; Bennett,0,15,30,30
1650909482343,MATH 142A,B01,083221,Chow; Bennett,0,16,30,30
1650909482343,MATH 142A,B02,083222,Chow; Bennett,0,14,30,30
1650909488366,MATH 193A,A01,083224,Staff,0,6,30,30
1650909488366,MATH 193A,A02,083225,Staff,0,7,30,30
1650909488366,MATH 193A,A03,083781,Staff,0,6,30,30
1650909488366,MATH 193A,A04,083782,Staff,0,7,30,30
1650909494392,MATH 197,001,091859,McAuley; Julian John,9998,0,9999,1
1650909500445,COGS 9,A01,083615,Staff,0,17,60,60
1650909506468,COGS 11,A01,083617,Boyle; Mary E. T.,15,0,40,25
1650909512493,COGS 13,A01,083071,Staff,0,38,40,40
1650909518528,COGS 14A,A01,092681,Staff,0,37,100,100
1650909524550,COGS 14B,A01,083073,Cheng; Tzu-Han,0,12,50,50
1650909530576,COGS 17,A01,092677,Staff,11,0,75,64
1650909536599,COGS 100,A01,083619,Staff,0,30,60,60
1650909542623,COGS 101A,A01,083621,Davis; Joshua Daniel,0,29,60,60
1650909548649,COGS 101B,A01,091572,Staff,0,3,60,60
1650909554675,COGS 101C,A01,083625,Delgado; Tania,14,0,30,16
1650909560701,COGS 107A,A01,083627,Boyle; Mary E. T.,0,16,60,60
1650909566724,COGS 118A,A01,083075,Staff,0,9,60,60
1650909572752,CSE 3,A50,083646,Miranda; Gregory Joseph,15,0,38,23
1650909572752,CSE 3,A51,083647,Miranda; Gregory Joseph,36,0,37,1
1650909578775,CSE 8A,A50,083650,Miranda; Gregory Joseph,0,31,40,40
1650909584802,CSE 11,A01,083080,Cao; Yingjun,0,98,40,40
1650909590837,CSE 12,A01,083652,Staff,0,21,100,100
1650909596860,CSE 15L,A01,083654,Staff,0,3,50,50
1650909596860,CSE 15L,A02,083655,Staff,0,3,50,50
1650909602881,CSE 20,A01,083657,Staff,48,0,80,32
1650909608907,CSE 30,A01,083084,Eldon; John,0,76,40,40
1650909614948,CSE 100,A01,083659,Cao; Yingjun,0,70,50,50
1650909620971,CSE 134B,A01,083661,Powell; Thomas Allan,0,38,65,65
1650909626995,CSE 140,A01,083663,Staff,0,13,75,75
1650909633026,CSE 140L,A01,083088,Eldon; John,0,21,75,75
1650909639051,CSE 175,A01,083665,Kumar; Rakesh,7,0,25,18
1650909645076,CSE 190,A00,092507,Dubnov; Shlomo,9,0,20,11
1650909651104,ECE 45,A01,083139,Staff,0,4,60,60
1650909657135,ECE 65,A50,083695,Staff,0,6,30,30
1650909663170,ECE 109,A01,091882,Touri; Behrouz,32,0,70,38
1650909669210,ECE 180,A00,083140,Abi Samra; Nicholas Camill,19,0,30,11
1650909669210,ECE 180,B00,083141,Abi Samra; Nicholas Camill,0,0,30,30
1650909675240,MATH 10A,A01,083735,Patchell; Gregory David,2,0,30,28
1650909675240,MATH 10A,A02,083736,Patchell; Gregory David,27,0,30,3
1650909675240,MATH 10A,A03,083737,Patchell; Gregory David,23,0,30,7
1650909681275,MATH 10B,A01,083207,Staff,0,9,30,30
1650909681275,MATH 10B,A02,083208,Staff,0,6,30,30
1650909681275,MATH 10B,B01,083739,Staff,10,0,30,20
1650909681275,MATH 10B,B02,083740,Staff,28,0,30,2
1650909687305,MATH 18,A01,083743,Staff,0,0,30,30
1650909687305,MATH 18,A02,083744,Staff,24,0,30,6
1650909687305,MATH 18,A03,083745,Staff,19,0,30,11
1650909687305,MATH 18,A04,083746,Staff,26,0,30,4
1650909687305,MATH 18,B01,083748,Staff,0,15,30,30
1650909687305,MATH 18,B02,083749,Staff,0,13,30,30
1650909687305,MATH 18,B03,083750,Staff,0,13,30,30
1650909687305,MATH 18,B04,083751,Staff,0,13,30,30
1650909693328,MATH 20A,A01,083754,Staff,19,0,40,21
1650909699355,MATH 20B,A01,083756,Staff,0,14,30,30
1650909699355,MATH 20B,A02,083757,Staff,0,11,30,30
1650909705389,MATH 20C,A01,083760,Staff,0,17,30,30
1650909705389,MATH 20C,A02,083761,Staff,1,17,30,29
1650909705389,MATH 20C,B01,083762,Staff,9,0,30,21
1650909705389,MATH 20C,B02,083763,Staff,28,0,30,2
1650909711416,MATH 20D,A01,083765,Staff,2,1,30,28
1650909711416,MATH 20D,A02,083766,Staff,6,0,30,24
1650909711416,MATH 20D,A03,083767,Staff,23,0,30,7
1650909717448,MATH 20E,A01,083771,Staff,2,0,30,28
1650909717448,MATH 20E,A02,083772,Staff,13,0,30,17
1650909717448,MATH 20E,B01,083773,Staff,0,0,30,30
1650909717448,MATH 20E,B02,083774,Staff,3,0,30,27
1650909723471,MATH 103A,A01,083777,Staff,0,17,30,30
1650909723471,MATH 103A,A02,083778,Staff,0,15,30,30
1650909723471,MATH 103A,B01,083779,Staff,0,15,30,30
1650909723471,MATH 103A,B02,083780,Staff,0,14,30,30
1650909729505,MATH 105,A01,085443,Staff,0,23,30,30
1650909735530,MATH 109,A01,083213,Anzaldo; Leesa B,0,7,30,30
1650909735530,MATH 109,A02,083214,Anzaldo; Leesa B,0,7,30,30
1650909735530,MATH 109,B01,083215,Anzaldo; Leesa B,0,8,30,30
1650909735530,MATH 109,B02,083216,Anzaldo; Leesa B,0,7,30,30
1650909741554,MATH 142A,A01,083219,Chow; Bennett,0,15,30,30
1650909741554,MATH 142A,A02,083220,Chow; Bennett,0,15,30,30
1650909741554,MATH 142A,B01,083221,Chow; Bennett,0,16,30,30
1650909741554,MATH 142A,B02,083222,Chow; Bennett,0,14,30,30
1650909747582,MATH 193A,A01,083224,Staff,0,6,30,30
1650909747582,MATH 193A,A02,083225,Staff,0,7,30,30
1650909747582,MATH 193A,A03,083781,Staff,0,6,30,30
1650909747582,MATH 193A,A04,083782,Staff,0,7,30,30
1650909753605,MATH 197,001,091859,McAuley; Julian John,9998,0,9999,1
1650909759659,COGS 9,A01,083615,Staff,0,17,60,60
1650909765754,COGS 11,A01,083617,Boyle; Mary E. T.,15,0,40,25
1650909771777,COGS 13,A01,083071,Staff,0,38,40,40
1650909777803,COGS 14A,A01,092681,Staff,0,37,100,100
1650909783835,COGS 14B,A01,083073,Cheng; Tzu-Han,0,12,50,50
1650909789859,COGS 17,A01,092677,Staff,11,0,75,64
1650909795887,COGS 100,A01,083619,Staff,0,30,60,60
1650909801910,COGS 101A,A01,083621,Davis; Joshua Daniel,0,29,60,60
1650909807948,COGS 101B,A01,091572,Staff,0,3,60,60
1650909813974,COGS 101C,A01,083625,Delgado; Tania,14,0,30,16
1650909819996,COGS 107A,A01,083627,Boyle; Mary E. T.,0,16,60,60
1650909826021,COGS 118A,A01,083075,Staff,0,9,60,60
1650909832049,CSE 3,A50,083646,Miranda; Gregory Joseph,15,0,38,23
1650909832049,CSE 3,A51,083647,Miranda; Gregory Joseph,36,0,37,1
1650909838077,CSE 8A,A50,083650,Miranda; Gregory Joseph,0,31,40,40
1650909844107,CSE 11,A01,083080,Cao; Yingjun,0,98,40,40
1650909850141,CSE 12,A01,083652,Staff,0,22,100,100
1650909856175,CSE 15L,A01,083654,Staff,0,3,50,50
1650909856175,CSE 15L,A02,083655,Staff,0,3,50,50
1650909862207,CSE 20,A01,083657,Staff,48,0,80,32
1650909868233,CSE 30,A01,083084,Eldon; John,0,76,40,40
1650909874258,CSE 100,A01,083659,Cao; Yingjun,0,70,50,50
1650909880283,CSE 134B,A01,083661,Powell; Thomas Allan,0,38,65,65
1650909886318,CSE 140,A01,083663,Staff,0,13,75,75
1650909892342,CSE 140L,A01,083088,Eldon; John,0,21,75,75
1650909898366,CSE 175,A01,083665,Kumar; Rakesh,7,0,25,18
1650909904392,CSE 190,A00,092507,Dubnov; Shlomo,9,0,20,11
1650909910427,ECE 45,A01,083139,Staff,0,4,60,60
1650909916465,ECE 65,A50,083695,Staff,0,6,30,30
1650909922503,ECE 109,A01,091882,Touri; Behrouz,32,0,70,38
1650909928531,ECE 180,A00,083140,Abi Samra; Nicholas Camill,19,0,30,11
1650909928531,ECE 180,B00,083141,Abi Samra; Nicholas Camill,0,0,30,30
1650909934563,MATH 10A,A01,083735,Patchell; Gregory David,2,0,30,28
1650909934563,MATH 10A,A02,083736,Patchell; Gregory David,27,0,30,3
1650909934563,MATH 10A,A03,083737,Patchell; Gregory David,23,0,30,7
1650909940595,MATH 10B,A01,083207,Staff,0,9,30,30
1650909940595,MATH 10B,A02,083208,Staff,0,6,30,30
1650909940595,MATH 10B,B01,083739,Staff,10,0,30,20
1650909940595,MATH 10B,B02,083740,Staff,28,0,30,2
1650909946624,MATH 18,A01,083743,Staff,0,0,30,30
1650909946624,MATH 18,A02,083744,Staff,24,0,30,6
1650909946624,MATH 18,A03,083745,Staff,19,0,30,11
1650909946624,MATH 18,A04,083746,Staff,26,0,30,4
1650909946624,MATH 18,B01,083748,Staff,0,15,30,30
1650909946624,MATH 18,B02,083749,Staff,0,13,30,30
1650909946624,MATH 18,B03,083750,Staff,0,13,30,30
1650909946624,MATH 18,B04,083751,Staff,0,13,30,30
1650909952651,MATH 20A,A01,083754,Staff,19,0,40,21
1650909958678,MATH 20B,A01,083756,Staff,0,14,30,30
1650909958678,MATH 20B,A02,083757,Staff,0,11,30,30
1650909964710,MATH 20C,A01,083760,Staff,0,17,30,30
1650909964710,MATH 20C,A02,083761,Staff,1,16,30,29
1650909964710,MATH 20C,B01,083762,Staff,9,0,30,21
1650909964710,MATH 20C,B02,083763,Staff,28,0,30,2
1650909970736,MATH 20D,A01,083765,Staff,2,1,30,28
1650909970736,MATH 20D,A02,083766,Staff,6,0,30,24
1650909970736,MATH 20D,A03,083767,Staff,23,0,30,7
1650909976763,MATH 20E,A01,083771,Staff,2,0,30,28
1650909976763,MATH 20E,A02,083772,Staff,13,0,30,17
1650909976763,MATH 20E,B01,083773,Staff,0,0,30,30
1650909976763,MATH 20E,B02,083774,Staff,3,0,30,27
1650909982786,MATH 103A,A01,083777,Staff,0,17,30,30
1650909982786,MATH 103A,A02,083778,Staff,0,15,30,30
1650909982786,MATH 103A,B01,083779,Staff,0,15,30,30
1650909982786,MATH 103A,B02,083780,Staff,0,14,30,30
1650909988812,MATH 105,A01,085443,Staff,0,23,30,30
1650909994839,MATH 109,A01,083213,Anzaldo; Leesa B,0,7,30,30
1650909994839,MATH 109,A02,083214,Anzaldo; Leesa B,0,7,30,30
1650909994839,MATH 109,B01,083215,Anzaldo; Leesa B,0,8,30,30
1650909994839,MATH 109,B02,083216,Anzaldo; Leesa B,0,7,30,30
1650910000867,MATH 142A,A01,083219,Chow; Bennett,0,15,30,30
1650910000867,MATH 142A,A02,083220,Chow; Bennett,0,15,30,30
1650910000867,MATH 142A,B01,083221,Chow; Bennett,0,16,30,30
1650910000867,MATH 142A,B02,083222,Chow; Bennett,0,14,30,30
1650910006891,MATH 193A,A01,083224,Staff,0,6,30,30
1650910006891,MATH 193A,A02,083225,Staff,0,7,30,30
1650910006891,MATH 193A,A03,083781,Staff,0,6,30,30
1650910006891,MATH 193A,A04,083782,Staff,0,7,30,30
1650910012917,MATH 197,001,091859,McAuley; Julian John,9998,0,9999,1
1650910018985,COGS 9,A01,083615,Staff,0,17,60,60
1650910025009,COGS 11,A01,083617,Boyle; Mary E. T.,15,0,40,25
1650910031032,COGS 13,A01,083071,Staff,0,38,40,40
1650910037064,COGS 14A,A01,092681,Staff,0,37,100,100
1650910043095,COGS 14B,A01,083073,Cheng; Tzu-Han,0,12,50,50
1650910049119,COGS 17,A01,092677,Staff,11,0,75,64
1650910055142,COGS 100,A01,083619,Staff,0,30,60,60
1650910061169,COGS 101A,A01,083621,Davis; Joshua Daniel,0,29,60,60
1650910067199,COGS 101B,A01,091572,Staff,0,3,60,60
1650910073226,COGS 101C,A01,083625,Delgado; Tania,14,0,30,16
1650910079249,COGS 107A,A01,083627,Boyle; Mary E. T.,0,16,60,60
1650910085276,COGS 118A,A01,083075,Staff,0,9,60,60
1650910091316,CSE 3,A50,083646,Miranda; Gregory Joseph,15,0,38,23
1650910091316,CSE 3,A51,083647,Miranda; Gregory Joseph,36,0,37,1
1650910097344,CSE 8A,A50,083650,Miranda; Gregory Joseph,0,31,40,40
1650910103380,CSE 11,A01,083080,Cao; Yingjun,0,98,40,40
1650910109405,CSE 12,A01,083652,Staff,0,22,100,100
1650910115445,CSE 15L,A01,083654,Staff,0,3,50,50
1650910115445,CSE 15L,A02,083655,Staff,0,3,50,50
1650910121468,CSE 20,A01,083657,Staff,48,0,80,32
1650910127490,CSE 30,A01,083084,Eldon; John,0,76,40,40
1650910133519,CSE 100,A01,083659,Cao; Yingjun,0,70,50,50
1650910139557,CSE 134B,A01,083661,Powell; Thomas Allan,0,38,65,65
1650910145581,CSE 140,A01,083663,Staff,0,13,75,75
1650910151626,CSE 140L,A01,083088,Eldon; John,0,21,75,75
1650910157653,CSE 175,A01,083665,Kumar; Rakesh,7,0,25,18
1650910163685,CSE 190,A00,092507,Dubnov; Shlomo,9,0,20,11
1650910169708,ECE 45,A01,083139,Staff,0,4,60,60
1650910175735,ECE 65,A50,083695,Staff,0,6,30,30
1650910181765,ECE 109,A01,091882,Touri; Behrouz,32,0,70,38
1650910187797,ECE 180,A00,083140,Abi Samra; Nicholas Camill,19,0,30,11
1650910187797,ECE 180,B00,083141,Abi Samra; Nicholas Camill,0,0,30,30
1650910193819,MATH 10A,A01,083735,Patchell; Gregory David,2,0,30,28
1650910193819,MATH 10A,A02,083736,Patchell; Gregory David,27,0,30,3
1650910193819,MATH 10A,A03,083737,Patchell; Gregory David,23,0,30,7
1650910199847,MATH 10B,A01,083207,Staff,0,9,30,30
1650910199847,MATH 10B,A02,083208,Staff,0,6,30,30
1650910199847,MATH 10B,B01,083739,Staff,10,0,30,20
1650910199847,MATH 10B,B02,083740,Staff,28,0,30,2
1650910205880,MATH 18,A01,083743,Staff,0,0,30,30
1650910205880,MATH 18,A02,083744,Staff,24,0,30,6
1650910205880,MATH 18,A03,083745,Staff,19,0,30,11
1650910205880,MATH 18,A04,083746,Staff,26,0,30,4
1650910205880,MATH 18,B01,083748,Staff,0,15,30,30
1650910205880,MATH 18,B02,083749,Staff,0,13,30,30
1650910205880,MATH 18,B03,083750,Staff,0,13,30,30
1650910205880,MATH 18,B04,083751,Staff,0,13,30,30
1650910211911,MATH 20A,A01,083754,Staff,19,0,40,21
1650910217935,MATH 20B,A01,083756,Staff,0,14,30,30
1650910217935,MATH 20B,A02,083757,Staff,0,11,30,30
1650910223958,MATH 20C,A01,083760,Staff,0,17,30,30
1650910223958,MATH 20C,A02,083761,Staff,1,16,30,29
1650910223958,MATH 20C,B01,083762,Staff,9,0,30,21
1650910223958,MATH 20C,B02,083763,Staff,28,0,30,2
1650910229984,MATH 20D,A01,083765,Staff,2,1,30,28
1650910229984,MATH 20D,A02,083766,Staff,6,0,30,24
1650910229984,MATH 20D,A03,083767,Staff,23,0,30,7
1650910236008,MATH 20E,A01,083771,Staff,2,0,30,28
1650910236008,MATH 20E,A02,083772,Staff,13,0,30,17
1650910236008,MATH 20E,B01,083773,Staff,0,0,30,30
1650910236008,MATH 20E,B02,083774,Staff,3,0,30,27
1650910242035,MATH 103A,A01,083777,Staff,0,17,30,30
1650910242035,MATH 103A,A02,083778,Staff,0,15,30,30
1650910242035,MATH 103A,B01,083779,Staff,0,15,30,30
1650910242035,MATH 103A,B02,083780,Staff,0,14,30,30
1650910248062,MATH 105,A01,085443,Staff,0,23,30,30
1650910254087,MATH 109,A01,083213,Anzaldo; Leesa B,0,7,30,30
1650910254087,MATH 109,A02,083214,Anzaldo; Leesa B,0,7,30,30
1650910254087,MATH 109,B01,083215,Anzaldo; Leesa B,0,8,30,30
1650910254087,MATH 109,B02,083216,Anzaldo; Leesa B,0,7,30,30
1650910260114,MATH 142A,A01,083219,Chow; Bennett,0,15,30,30
1650910260114,MATH 142A,A02,083220,Chow; Bennett,0,15,30,30
1650910260114,MATH 142A,B01,083221,Chow; Bennett,0,16,30,30
1650910260114,MATH 142A,B02,083222,Chow; Bennett,0,14,30,30
1650910266149,MATH 193A,A01,083224,Staff,0,6,30,30
1650910266149,MATH 193A,A02,083225,Staff,0,7,30,30
1650910266149,MATH 193A,A03,083781,Staff,0,6,30,30
1650910266149,MATH 193A,A04,083782,Staff,0,7,30,30
1650910272172,MATH 197,001,091859,McAuley; Julian John,9998,0,9999,1
1650910278225,COGS 9,A01,083615,Staff,0,17,60,60
1650910284254,COGS 11,A01,083617,Boyle; Mary E. T.,15,0,40,25
1650910290277,COGS 13,A01,083071,Staff,0,38,40,40
1650910296304,COGS 14A,A01,092681,Staff,0,37,100,100
1650910302339,COGS 14B,A01,083073,Cheng; Tzu-Han,0,12,50,50
1650910308360,COGS 17,A01,092677,Staff,11,0,75,64
1650910314419,COGS 100,A01,083619,Staff,0,30,60,60
1650910320452,COGS 101A,A01,083621,Davis; Joshua Daniel,0,29,60,60
1650910326474,COGS 101B,A01,091572,Staff,0,3,60,60
1650910332498,COGS 101C,A01,083625,Delgado; Tania,14,0,30,16
1650910338523,COGS 107A,A01,083627,Boyle; Mary E. T.,0,16,60,60
1650910344561,COGS 118A,A01,083075,Staff,0,9,60,60
1650910350601,CSE 3,A50,083646,Miranda; Gregory Joseph,15,0,38,23
1650910350601,CSE 3,A51,083647,Miranda; Gregory Joseph,36,0,37,1
1650910356636,CSE 8A,A50,083650,Miranda; Gregory Joseph,0,31,40,40
1650910362768,CSE 11,A01,083080,Cao; Yingjun,0,98,40,40
1650910368797,CSE 12,A01,083652,Staff,0,22,100,100
1650910374821,CSE 15L,A01,083654,Staff,0,3,50,50
1650910374821,CSE 15L,A02,083655,Staff,0,3,50,50
1650910380850,CSE 20,A01,083657,Staff,48,0,80,32
1650910386882,CSE 30,A01,083084,Eldon; John,0,76,40,40
1650910392908,CSE 100,A01,083659,Cao; Yingjun,0,70,50,50
1650910398942,CSE 134B,A01,083661,Powell; Thomas Allan,0,38,65,65
1650910404973,CSE 140,A01,083663,Staff,0,13,75,75
1650910410999,CSE 140L,A01,083088,Eldon; John,0,21,75,75
1650910417023,CSE 175,A01,083665,Kumar; Rakesh,7,0,25,18
1650910423047,CSE 190,A00,092507,Dubnov; Shlomo,9,0,20,11
1650910429082,ECE 45,A01,083139,Staff,0,4,60,60
1650910435115,ECE 65,A50,083695,Staff,0,6,30,30
1650910441142,ECE 109,A01,091882,Touri; Behrouz,32,0,70,38
1650910447179,ECE 180,A00,083140,Abi Samra; Nicholas Camill,19,0,30,11
1650910447179,ECE 180,B00,083141,Abi Samra; Nicholas Camill,0,0,30,30
1650910453210,MATH 10A,A01,083735,Patchell; Gregory David,2,0,30,28
1650910453210,MATH 10A,A02,083736,Patchell; Gregory David,27,0,30,3
1650910453210,MATH 10A,A03,083737,Patchell; Gregory David,23,0,30,7
1650910459248,MATH 10B,A01,083207,Staff,0,9,30,30
1650910459248,MATH 10B,A02,083208,Staff,0,6,30,30
1650910459248,MATH 10B,B01,083739,Staff,10,0,30,20
1650910459248,MATH 10B,B02,083740,Staff,28,0,30,2
1650910465282,MATH 18,A01,083743,Staff,0,0,30,30
1650910465282,MATH 18,A02,083744,Staff,24,0,30,6
1650910465282,MATH 18,A03,083745,Staff,19,0,30,11
1650910465282,MATH 18,A04,083746,Staff,26,0,30,4
1650910465282,MATH 18,B01,083748,Staff,0,15,30,30
1650910465282,MATH 18,B02,083749,Staff,0,13,30,30
1650910465282,MATH 18,B03,083750,Staff,0,13,30,30
1650910465282,MATH 18,B04,083751,Staff,0,13,30,30
1650910471322,MATH 20A,A01,083754,Staff,19,0,40,21
1650910477354,MATH 20B,A01,083756,Staff,0,14,30,30
1650910477354,MATH 20B,A02,083757,Staff,0,11,30,30
1650910483379,MATH 20C,A01,083760,Staff,0,17,30,30
1650910483379,MATH 20C,A02,083761,Staff,1,16,30,29
1650910483379,MATH 20C,B01,083762,Staff,9,0,30,21
1650910483379,MATH 20C,B02,083763,Staff,28,0,30,2
1650910489404,MATH 20D,A01,083765,Staff,2,1,30,28
1650910489404,MATH 20D,A02,083766,Staff,6,0,30,24
1650910489404,MATH 20D,A03,083767,Staff,23,0,30,7
1650910495429,MATH 20E,A01,083771,Staff,2,0,30,28
1650910495429,MATH 20E,A02,083772,Staff,13,0,30,17
1650910495429,MATH 20E,B01,083773,Staff,0,0,30,30
1650910495429,MATH 20E,B02,083774,Staff,3,0,30,27
1650910501459,MATH 103A,A01,083777,Staff,0,17,30,30
1650910501459,MATH 103A,A02,083778,Staff,0,15,30,30
1650910501459,MATH 103A,B01,083779,Staff,0,15,30,30
1650910501459,MATH 103A,B02,083780,Staff,0,14,30,30
1650910507488,MATH 105,A01,085443,Staff,0,23,30,30
1650910513518,MATH 109,A01,083213,Anzaldo; Leesa B,0,7,30,30
1650910513518,MATH 109,A02,083214,Anzaldo; Leesa B,0,7,30,30
1650910513518,MATH 109,B01,083215,Anzaldo; Leesa B,0,8,30,30
1650910513518,MATH 109,B02,083216,Anzaldo; Leesa B,0,7,30,30
1650910519547,MATH 142A,A01,083219,Chow; Bennett,0,15,30,30
1650910519547,MATH 142A,A02,083220,Chow; Bennett,0,15,30,30
1650910519547,MATH 142A,B01,083221,Chow; Bennett,0,16,30,30
1650910519547,MATH 142A,B02,083222,Chow; Bennett,0,14,30,30
1650910525570,MATH 193A,A01,083224,Staff,0,6,30,30
1650910525570,MATH 193A,A02,083225,Staff,0,7,30,30
1650910525570,MATH 193A,A03,083781,Staff,0,6,30,30
1650910525570,MATH 193A,A04,083782,Staff,0,7,30,30
1650910531593,MATH 197,001,091859,McAuley; Julian John,9998,0,9999,1
1650910537670,COGS 9,A01,083615,Staff,0,17,60,60
1650910543699,COGS 11,A01,083617,Boyle; Mary E. T.,15,0,40,25
1650910549734,COGS 13,A01,083071,Staff,0,38,40,40
1650910555758,COGS 14A,A01,092681,Staff,0,37,100,100
1650910561784,COGS 14B,A01,083073,Cheng; Tzu-Han,0,12,50,50
1650910567808,COGS 17,A01,092677,Staff,11,0,75,64
1650910573834,COGS 100,A01,083619,Staff,0,30,60,60
1650910579861,COGS 101A,A01,083621,Davis; Joshua Daniel,0,29,60,60
1650910585884,COGS 101B,A01,091572,Staff,0,3,60,60
1650910591923,COGS 101C,A01,083625,Delgado; Tania,14,0,30,16
1650910597967,COGS 107A,A01,083627,Boyle; Mary E. T.,0,16,60,60
1650910603991,COGS 118A,A01,083075,Staff,0,9,60,60
1650910610019,CSE 3,A50,083646,Miranda; Gregory Joseph,15,0,38,23
1650910610019,CSE 3,A51,083647,Miranda; Gregory Joseph,36,0,37,1
1650910616045,CSE 8A,A50,083650,Miranda; Gregory Joseph,0,31,40,40
1650910622087,CSE 11,A01,083080,Cao; Yingjun,0,98,40,40
1650910628117,CSE 12,A01,083652,Staff,0,22,100,100
1650910634150,CSE 15L,A01,083654,Staff,0,3,50,50
1650910634150,CSE 15L,A02,083655,Staff,0,3,50,50
1650910640173,CSE 20,A01,083657,Staff,48,0,80,32
1650910646199,CSE 30,A01,083084,Eldon; John,0,76,40,40
1650910652221,CSE 100,A01,083659,Cao; Yingjun,0,70,50,50
1650910658257,CSE 134B,A01,083661,Powell; Thomas Allan,0,38,65,65
1650910664282,CSE 140,A01,083663,Staff,0,13,75,75
1650910670309,CSE 140L,A01,083088,Eldon; John,0,21,75,75
1650910676332,CSE 175,A01,083665,Kumar; Rakesh,7,0,25,18
1650910682355,CSE 190,A00,092507,Dubnov; Shlomo,9,0,20,11
1650910688378,ECE 45,A01,083139,Staff,0,4,60,60
1650910694403,ECE 65,A50,083695,Staff,0,6,30,30
1650910700431,ECE 109,A01,091882,Touri; Behrouz,32,0,70,38
1650910706455,ECE 180,A00,083140,Abi Samra; Nicholas Camill,19,0,30,11
1650910706455,ECE 180,B00,083141,Abi Samra; Nicholas Camill,0,0,30,30
1650910712481,MATH 10A,A01,083735,Patchell; Gregory David,2,0,30,28
1650910712481,MATH 10A,A02,083736,Patchell; Gregory David,27,0,30,3
1650910712481,MATH 10A,A03,083737,Patchell; Gregory David,23,0,30,7
1650910718507,MATH 10B,A01,083207,Staff,0,9,30,30
1650910718507,MATH 10B,A02,083208,Staff,0,6,30,30
1650910718507,MATH 10B,B01,083739,Staff,10,0,30,20
1650910718507,MATH 10B,B02,083740,Staff,28,0,30,2
1650910724546,MATH 18,A01,083743,Staff,0,0,30,30
1650910724546,MATH 18,A02,083744,Staff,24,0,30,6
1650910724546,MATH 18,A03,083745,Staff,19,0,30,11
1650910724546,MATH 18,A04,083746,Staff,26,0,30,4
1650910724546,MATH 18,B01,083748,Staff,0,15,30,30
1650910724546,MATH 18,B02,083749,Staff,0,13,30,30
1650910724546,MATH 18,B03,083750,Staff,0,13,30,30
1650910724546,MATH 18,B04,083751,Staff,0,13,30,30
1650910730577,MATH 20A,A01,083754,Staff,19,0,40,21
1650910736603,MATH 20B,A01,083756,Staff,0,14,30,30
1650910736603,MATH 20B,A02,083757,Staff,0,11,30,30
1650910742629,MATH 20C,A01,083760,Staff,0,17,30,30
1650910742629,MATH 20C,A02,083761,Staff,1,16,30,29
1650910742629,MATH 20C,B01,083762,Staff,9,0,30,21
1650910742629,MATH 20C,B02,083763,Staff,28,0,30,2
1650910748655,MATH 20D,A01,083765,Staff,2,1,30,28
1650910748655,MATH 20D,A02,083766,Staff,6,0,30,24
1650910748655,MATH 20D,A03,083767,Staff,23,0,30,7
1650910754679,MATH 20E,A01,083771,Staff,2,0,30,28
1650910754679,MATH 20E,A02,083772,Staff,13,0,30,17
1650910754679,MATH 20E,B01,083773,Staff,0,0,30,30
1650910754679,MATH 20E,B02,083774,Staff,3,0,30,27
1650910760701,MATH 103A,A01,083777,Staff,0,17,30,30
1650910760701,MATH 103A,A02,083778,Staff,0,15,30,30
1650910760701,MATH 103A,B01,083779,Staff,0,15,30,30
1650910760701,MATH 103A,B02,083780,Staff,0,14,30,30
1650910766735,MATH 105,A01,085443,Staff,0,23,30,30
1650910772760,MATH 109,A01,083213,Anzaldo; Leesa B,0,7,30,30
1650910772760,MATH 109,A02,083214,Anzaldo; Leesa B,0,7,30,30
1650910772760,MATH 109,B01,083215,Anzaldo; Leesa B,0,8,30,30
1650910772760,MATH 109,B02,083216,Anzaldo; Leesa B,0,7,30,30
1650910778788,MATH 142A,A01,083219,Chow; Bennett,0,15,30,30
1650910778788,MATH 142A,A02,083220,Chow; Bennett,0,15,30,30
1650910778788,MATH 142A,B01,083221,Chow; Bennett,0,16,30,30
1650910778788,MATH 142A,B02,083222,Chow; Bennett,0,14,30,30
1650910784821,MATH 193A,A01,083224,Staff,0,6,30,30
1650910784821,MATH 193A,A02,083225,Staff,0,7,30,30
1650910784821,MATH 193A,A03,083781,Staff,0,6,30,30
1650910784821,MATH 193A,A04,083782,Staff,0,7,30,30
1650910790844,MATH 197,001,091859,McAuley; Julian John,9998,0,9999,1
1650910796904,COGS 9,A01,083615,Staff,0,17,60,60
1650910802927,COGS 11,A01,083617,Boyle; Mary E. T.,15,0,40,25
1650910808952,COGS 13,A01,083071,Staff,0,38,40,40
1650910814975,COGS 14A,A01,092681,Staff,0,37,100,100
1650910820997,COGS 14B,A01,083073,Cheng; Tzu-Han,0,12,50,50
1650910827033,COGS 17,A01,092677,Staff,11,0,75,64
1650910833063,COGS 100,A01,083619,Staff,0,30,60,60
1650910839092,COGS 101A,A01,083621,Davis; Joshua Daniel,0,29,60,60
1650910845117,COGS 101B,A01,091572,Staff,0,3,60,60
1650910851141,COGS 101C,A01,083625,Delgado; Tania,14,0,30,16
1650910857167,COGS 107A,A01,083627,Boyle; Mary E. T.,0,16,60,60
1650910863200,COGS 118A,A01,083075,Staff,0,9,60,60
1650910869231,CSE 3,A50,083646,Miranda; Gregory Joseph,15,0,38,23
1650910869231,CSE 3,A51,083647,Miranda; Gregory Joseph,36,0,37,1
1650910875259,CSE 8A,A50,083650,Miranda; Gregory Joseph,0,31,40,40
1650910881285,CSE 11,A01,083080,Cao; Yingjun,0,98,40,40
1650910887311,CSE 12,A01,083652,Staff,0,22,100,100
1650910893343,CSE 15L,A01,083654,Staff,0,3,50,50
1650910893343,CSE 15L,A02,083655,Staff,0,3,50,50
1650910899367,CSE 20,A01,083657,Staff,48,0,80,32
1650910905407,CSE 30,A01,083084,Eldon; John,0,76,40,40
1650910911431,CSE 100,A01,083659,Cao; Yingjun,0,70,50,50
1650910917466,CSE 134B,A01,083661,Powell; Thomas Allan,0,38,65,65
1650910923495,CSE 140,A01,083663,Staff,0,13,75,75
1650910929533,CSE 140L,A01,083088,Eldon; John,0,21,75,75
1650910935567,CSE 175,A01,083665,Kumar; Rakesh,7,0,25,18
1650910941598,CSE 190,A00,092507,Dubnov; Shlomo,9,0,20,11
1650910947622,ECE 45,A01,083139,Staff,0,4,60,60
1650910953644,ECE 65,A50,083695,Staff,0,6,30,30
1650910959762,ECE 109,A01,091882,Touri; Behrouz,32,0,70,38
1650910965789,ECE 180,A00,083140,Abi Samra; Nicholas Camill,19,0,30,11
1650910965789,ECE 180,B00,083141,Abi Samra; Nicholas Camill,0,0,30,30
1650910971818,MATH 10A,A01,083735,Patchell; Gregory David,2,0,30,28
1650910971818,MATH 10A,A02,083736,Patchell; Gregory David,27,0,30,3
1650910971818,MATH 10A,A03,083737,Patchell; Gregory David,23,0,30,7
1650910977849,MATH 10B,A01,083207,Staff,0,9,30,30
1650910977849,MATH 10B,A02,083208,Staff,0,6,30,30
1650910977849,MATH 10B,B01,083739,Staff,10,0,30,20
1650910977849,MATH 10B,B02,083740,Staff,28,0,30,2
1650910983881,MATH 18,A01,083743,Staff,0,0,30,30
1650910983881,MATH 18,A02,083744,Staff,24,0,30,6
1650910983881,MATH 18,A03,083745,Staff,19,0,30,11
1650910983881,MATH 18,A04,083746,Staff,26,0,30,4
1650910983881,MATH 18,B01,083748,Staff,0,15,30,30
1650910983881,MATH 18,B02,083749,Staff,0,13,30,30
1650910983881,MATH 18,B03,083750,Staff,0,13,30,30
1650910983881,MATH 18,B04,083751,Staff,0,13,30,30
1650910989905,MATH 20A,A01,083754,Staff,19,0,40,21
1650910995942,MATH 20B,A01,083756,Staff,0,14,30,30
1650910995942,MATH 20B,A02,083757,Staff,0,11,30,30
1650911001974,MATH 20C,A01,083760,Staff,0,17,30,30
1650911001974,MATH 20C,A02,083761,Staff,1,16,30,29
1650911001974,MATH 20C,B01,083762,Staff,9,0,30,21
1650911001974,MATH 20C,B02,083763,Staff,28,0,30,2
1650911008004,MATH 20D,A01,083765,Staff,2,1,30,28
1650911008004,MATH 20D,A02,083766,Staff,6,0,30,24
1650911008004,MATH 20D,A03,083767,Staff,23,0,30,7
1650911014040,MATH 20E,A01,083771,Staff,2,0,30,28
1650911014040,MATH 20E,A02,083772,Staff,13,0,30,17
1650911014040,MATH 20E,B01,083773,Staff,0,0,30,30
1650911014040,MATH 20E,B02,083774,Staff,3,0,30,27
1650911020069,MATH 103A,A01,083777,Staff,0,17,30,30
1650911020069,MATH 103A,A02,083778,Staff,0,15,30,30
1650911020069,MATH 103A,B01,083779,Staff,0,15,30,30
1650911020069,MATH 103A,B02,083780,Staff,0,14,30,30
1650911026102,MATH 105,A01,085443,Staff,0,23,30,30
1650911038265,MATH 109,A01,083213,Anzaldo; Leesa B,0,7,30,30
1650911038265,MATH 109,A02,083214,Anzaldo; Leesa B,0,7,30,30
1650911038265,MATH 109,B01,083215,Anzaldo; Leesa B,0,8,30,30
1650911038265,MATH 109,B02,083216,Anzaldo; Leesa B,0,7,30,30
1650911044299,MATH 142A,A01,083219,Chow; Bennett,0,15,30,30
1650911044299,MATH 142A,A02,083220,Chow; Bennett,0,15,30,30
1650911044299,MATH 142A,B01,083221,Chow; Bennett,0,16,30,30
1650911044299,MATH 142A,B02,083222,Chow; Bennett,0,14,30,30
1650911050323,MATH 193A,A01,083224,Staff,0,6,30,30
1650911050323,MATH 193A,A02,083225,Staff,0,7,30,30
1650911050323,MATH 193A,A03,083781,Staff,0,6,30,30
1650911050323,MATH 193A,A04,083782,Staff,0,7,30,30
1650911056357,MATH 197,001,091859,McAuley; Julian John,9998,0,9999,1
1650911062414,COGS 9,A01,083615,Staff,0,17,60,60
1650911068439,COGS 11,A01,083617,Boyle; Mary E. T.,15,0,40,25
1650911074467,COGS 13,A01,083071,Staff,0,38,40,40
1650911080495,COGS 14A,A01,092681,Staff,0,37,100,100
1650911086521,COGS 14B,A01,083073,Cheng; Tzu-Han,0,12,50,50
1650911092548,COGS 17,A01,092677,Staff,11,0,75,64
1650911098581,COGS 100,A01,083619,Staff,0,30,60,60
1650911104611,COGS 101A,A01,083621,Davis; Joshua Daniel,0,29,60,60
1650911110635,COGS 101B,A01,091572,Staff,0,3,60,60
1650911116662,COGS 101C,A01,083625,Delgado; Tania,14,0,30,16
1650911122690,COGS 107A,A01,083627,Boyle; Mary E. T.,0,16,60,60
1650911128715,COGS 118A,A01,083075,Staff,0,9,60,60
1650911134742,CSE 3,A50,083646,Miranda; Gregory Joseph,15,0,38,23
1650911134742,CSE 3,A51,083647,Miranda; Gregory Joseph,36,0,37,1
1650911140766,CSE 8A,A50,083650,Miranda; Gregory Joseph,0,31,40,40
1650911146800,CSE 11,A01,083080,Cao; Yingjun,0,98,40,40
1650911152824,CSE 12,A01,083652,Staff,0,22,100,100
1650911158850,CSE 15L,A01,083654,Staff,0,3,50,50
1650911158850,CSE 15L,A02,083655,Staff,0,3,50,50
1650911164874,CSE 20,A01,083657,Staff,48,0,80,32
1650911170898,CSE 30,A01,083084,Eldon; John,0,76,40,40
1650911176944,CSE 100,A01,083659,Cao; Yingjun,0,70,50,50
1650911182972,CSE 134B,A01,083661,Powell; Thomas Allan,0,38,65,65
1650911188997,CSE 140,A01,083663,Staff,0,13,75,75
1650911195022,CSE 140L,A01,083088,Eldon; John,0,21,75,75
1650911201061,CSE 175,A01,083665,Kumar; Rakesh,7,0,25,18
1650911207085,CSE 190,A00,092507,Dubnov; Shlomo,9,0,20,11
1650911213117,ECE 45,A01,083139,Staff,0,4,60,60
1650911219139,ECE 65,A50,083695,Staff,0,6,30,30
1650911225165,ECE 109,A01,091882,Touri; Behrouz,32,0,70,38
1650911231200,ECE 180,A00,083140,Abi Samra; Nicholas Camill,19,0,30,11
1650911231200,ECE 180,B00,083141,Abi Samra; Nicholas Camill,0,0,30,30
1650911237231,MATH 10A,A01,083735,Patchell; Gregory David,2,0,30,28
1650911237231,MATH 10A,A02,083736,Patchell; Gregory David,27,0,30,3
1650911237231,MATH 10A,A03,083737,Patchell; Gregory David,23,0,30,7
1650911243255,MATH 10B,A01,083207,Staff,0,9,30,30
1650911243255,MATH 10B,A02,083208,Staff,0,6,30,30
1650911243255,MATH 10B,B01,083739,Staff,10,0,30,20
1650911243255,MATH 10B,B02,083740,Staff,28,0,30,2
1650911249281,MATH 18,A01,083743,Staff,0,0,30,30
1650911249281,MATH 18,A02,083744,Staff,24,0,30,6
1650911249281,MATH 18,A03,083745,Staff,19,0,30,11
1650911249281,MATH 18,A04,083746,Staff,26,0,30,4
1650911249281,MATH 18,B01,083748,Staff,0,15,30,30
1650911249281,MATH 18,B02,083749,Staff,0,13,30,30
1650911249281,MATH 18,B03,083750,Staff,0,13,30,30
1650911249281,MATH 18,B04,083751,Staff,0,13,30,30
1650911255304,MATH 20A,A01,083754,Staff,19,0,40,21
1650911261326,MATH 20B,A01,083756,Staff,0,14,30,30
1650911261326,MATH 20B,A02,083757,Staff,0,11,30,30
1650911267347,MATH 20C,A01,083760,Staff,0,17,30,30
1650911267347,MATH 20C,A02,083761,Staff,1,16,30,29
1650911267347,MATH 20C,B01,083762,Staff,9,0,30,21
1650911267347,MATH 20C,B02,083763,Staff,28,0,30,2
1650911273374,MATH 20D,A01,083765,Staff,2,1,30,28
1650911273374,MATH 20D,A02,083766,Staff,6,0,30,24
1650911273374,MATH 20D,A03,083767,Staff,23,0,30,7
1650911279397,MATH 20E,A01,083771,Staff,2,0,30,28
1650911279397,MATH 20E,A02,083772,Staff,13,0,30,17
1650911279397,MATH 20E,B01,083773,Staff,0,0,30,30
1650911279397,MATH 20E,B02,083774,Staff,3,0,30,27
1650911285435,MATH 103A,A01,083777,Staff,0,17,30,30
1650911285435,MATH 103A,A02,083778,Staff,0,15,30,30
1650911285435,MATH 103A,B01,083779,Staff,0,15,30,30
1650911285435,MATH 103A,B02,083780,Staff,0,14,30,30
1650911291457,MATH 105,A01,085443,Staff,0,23,30,30
1650911297493,MATH 109,A01,083213,Anzaldo; Leesa B,0,7,30,30
1650911297493,MATH 109,A02,083214,Anzaldo; Leesa B,0,7,30,30
1650911297493,MATH 109,B01,083215,Anzaldo; Leesa B,0,8,30,30
1650911297493,MATH 109,B02,083216,Anzaldo; Leesa B,0,7,30,30
1650911303518,MATH 142A,A01,083219,Chow; Bennett,0,15,30,30
1650911303518,MATH 142A,A02,083220,Chow; Bennett,0,15,30,30
1650911303518,MATH 142A,B01,083221,Chow; Bennett,0,16,30,30
1650911303518,MATH 142A,B02,083222,Chow; Bennett,0,14,30,30
1650911309542,MATH 193A,A01,083224,Staff,0,6,30,30
1650911309542,MATH 193A,A02,083225,Staff,0,7,30,30
1650911309542,MATH 193A,A03,083781,Staff,0,6,30,30
1650911309542,MATH 193A,A04,083782,Staff,0,7,30,30
1650911315565,MATH 197,001,091859,McAuley; Julian John,9998,0,9999,1
1650911321626,COGS 9,A01,083615,Staff,0,17,60,60
1650911327660,COGS 11,A01,083617,Boyle; Mary E. T.,15,0,40,25
1650911333684,COGS 13,A01,083071,Staff,0,38,40,40
1650911339707,COGS 14A,A01,092681,Staff,0,37,100,100
1650911345732,COGS 14B,A01,083073,Cheng; Tzu-Han,0,12,50,50
1650911351753,COGS 17,A01,092677,Staff,11,0,75,64
1650911357779,COGS 100,A01,083619,Staff,0,30,60,60
1650911363801,COGS 101A,A01,083621,Davis; Joshua Daniel,0,29,60,60
1650911369827,COGS 101B,A01,091572,Staff,0,3,60,60
1650911375854,COGS 101C,A01,083625,Delgado; Tania,14,0,30,16
1650911381881,COGS 107A,A01,083627,Boyle; Mary E. T.,0,16,60,60
1650911387902,COGS 118A,A01,083075,Staff,0,9,60,60
1650911393925,CSE 3,A50,083646,Miranda; Gregory Joseph,15,0,38,23
1650911393925,CSE 3,A51,083647,Miranda; Gregory Joseph,36,0,37,1
1650911399953,CSE 8A,A50,083650,Miranda; Gregory Joseph,0,31,40,40
1650911405989,CSE 11,A01,083080,Cao; Yingjun,0,98,40,40
1650911412013,CSE 12,A01,083652,Staff,0,22,100,100
1650911418042,CSE 15L,A01,083654,Staff,0,3,50,50
1650911418042,CSE 15L,A02,083655,Staff,0,3,50,50
1650911424068,CSE 20,A01,083657,Staff,48,0,80,32
1650911430091,CSE 30,A01,083084,Eldon; John,0,76,40,40
1650911436114,CSE 100,A01,083659,Cao; Yingjun,0,70,50,50
1650911442142,CSE 134B,A01,083661,Powell; Thomas Allan,0,38,65,65
1650911448170,CSE 140,A01,083663,Staff,0,13,75,75
1650911454195,CSE 140L,A01,083088,Eldon; John,0,21,75,75
1650911460227,CSE 175,A01,083665,Kumar; Rakesh,7,0,25,18
1650911466254,CSE 190,A00,092507,Dubnov; Shlomo,9,0,20,11
1650911472281,ECE 45,A01,083139,Staff,0,4,60,60
1650911478307,ECE 65,A50,083695,Staff,0,6,30,30
1650911484330,ECE 109,A01,091882,Touri; Behrouz,32,0,70,38
1650911490357,ECE 180,A00,083140,Abi Samra; Nicholas Camill,19,0,30,11
1650911490357,ECE 180,B00,083141,Abi Samra; Nicholas Camill,0,0,30,30
1650911496393,MATH 10A,A01,083735,Patchell; Gregory David,2,0,30,28
1650911496393,MATH 10A,A02,083736,Patchell; Gregory David,27,0,30,3
1650911496393,MATH 10A,A03,083737,Patchell; Gregory David,23,0,30,7
1650911502416,MATH 10B,A01,083207,Staff,0,9,30,30
1650911502416,MATH 10B,A02,083208,Staff,0,6,30,30
1650911502416,MATH 10B,B01,083739,Staff,10,0,30,20
1650911502416,MATH 10B,B02,083740,Staff,28,0,30,2
1650911508441,MATH 18,A01,083743,Staff,0,0,30,30
1650911508441,MATH 18,A02,083744,Staff,24,0,30,6
1650911508441,MATH 18,A03,083745,Staff,19,0,30,11
1650911508441,MATH 18,A04,083746,Staff,26,0,30,4
1650911508441,MATH 18,B01,083748,Staff,0,15,30,30
1650911508441,MATH 18,B02,083749,Staff,0,13,30,30
1650911508441,MATH 18,B03,083750,Staff,0,13,30,30
1650911508441,MATH 18,B04,083751,Staff,0,13,30,30
1650911514473,MATH 20A,A01,083754,Staff,19,0,40,21
1650911520499,MATH 20B,A01,083756,Staff,0,14,30,30
1650911520499,MATH 20B,A02,083757,Staff,0,11,30,30
1650911526523,MATH 20C,A01,083760,Staff,0,17,30,30
1650911526523,MATH 20C,A02,083761,Staff,1,16,30,29
1650911526523,MATH 20C,B01,083762,Staff,9,0,30,21
1650911526523,MATH 20C,B02,083763,Staff,28,0,30,2
1650911532547,MATH 20D,A01,083765,Staff,2,1,30,28
1650911532547,MATH 20D,A02,083766,Staff,6,0,30,24
1650911532547,MATH 20D,A03,083767,Staff,23,0,30,7
1650911538585,MATH 20E,A01,083771,Staff,2,0,30,28
1650911538585,MATH 20E,A02,083772,Staff,13,0,30,17
1650911538585,MATH 20E,B01,083773,Staff,0,0,30,30
1650911538585,MATH 20E,B02,083774,Staff,3,0,30,27
1650911544609,MATH 103A,A01,083777,Staff,0,17,30,30
1650911544609,MATH 103A,A02,083778,Staff,0,15,30,30
1650911544609,MATH 103A,B01,083779,Staff,0,15,30,30
1650911544609,MATH 103A,B02,083780,Staff,0,14,30,30
1650911550631,MATH 105,A01,085443,Staff,0,23,30,30
1650911556665,MATH 109,A01,083213,Anzaldo; Leesa B,0,7,30,30
1650911556665,MATH 109,A02,083214,Anzaldo; Leesa B,0,7,30,30
1650911556665,MATH 109,B01,083215,Anzaldo; Leesa B,0,8,30,30
1650911556665,MATH 109,B02,083216,Anzaldo; Leesa B,0,7,30,30
1650911562783,MATH 142A,A01,083219,Chow; Bennett,0,15,30,30
1650911562783,MATH 142A,A02,083220,Chow; Bennett,0,15,30,30
1650911562783,MATH 142A,B01,083221,Chow; Bennett,0,16,30,30
1650911562783,MATH 142A,B02,083222,Chow; Bennett,0,14,30,30
1650911568811,MATH 193A,A01,083224,Staff,0,6,30,30
1650911568811,MATH 193A,A02,083225,Staff,0,7,30,30
1650911568811,MATH 193A,A03,083781,Staff,0,6,30,30
1650911568811,MATH 193A,A04,083782,Staff,0,7,30,30
1650911574841,MATH 197,001,091859,McAuley; Julian John,9998,0,9999,1
1650911580894,COGS 9,A01,083615,Staff,0,17,60,60
1650911586926,COGS 11,A01,083617,Boyle; Mary E. T.,15,0,40,25
1650911592952,COGS 13,A01,083071,Staff,0,38,40,40
1650911598975,COGS 14A,A01,092681,Staff,0,37,100,100
1650911605021,COGS 14B,A01,083073,Cheng; Tzu-Han,0,12,50,50
1650911611050,COGS 17,A01,092677,Staff,11,0,75,64
1650911617074,COGS 100,A01,083619,Staff,0,30,60,60
1650911623099,COGS 101A,A01,083621,Davis; Joshua Daniel,0,29,60,60
1650911629124,COGS 101B,A01,091572,Staff,0,3,60,60
1650911635151,COGS 101C,A01,083625,Delgado; Tania,14,0,30,16
1650911641174,COGS 107A,A01,083627,Boyle; Mary E. T.,0,16,60,60
1650911647197,COGS 118A,A01,083075,Staff,0,9,60,60
1650911653220,CSE 3,A50,083646,Miranda; Gregory Joseph,15,0,38,23
1650911653220,CSE 3,A51,083647,Miranda; Gregory Joseph,36,0,37,1
1650911659244,CSE 8A,A50,083650,Miranda; Gregory Joseph,0,31,40,40
1650911665275,CSE 11,A01,083080,Cao; Yingjun,0,98,40,40
1650911671297,CSE 12,A01,083652,Staff,0,22,100,100
1650911677323,CSE 15L,A01,083654,Staff,0,3,50,50
1650911677323,CSE 15L,A02,083655,Staff,0,3,50,50
1650911683353,CSE 20,A01,083657,Staff,48,0,80,32
1650911689375,CSE 30,A01,083084,Eldon; John,0,76,40,40
1650911695400,CSE 100,A01,083659,Cao; Yingjun,0,70,50,50
1650911701426,CSE 134B,A01,083661,Powell; Thomas Allan,0,38,65,65
1650911707449,CSE 140,A01,083663,Staff,0,13,75,75
1650911713485,CSE 140L,A01,083088,Eldon; John,0,21,75,75
1650911719517,CSE 175,A01,083665,Kumar; Rakesh,7,0,25,18
1650911725552,CSE 190,A00,092507,Dubnov; Shlomo,9,0,20,11
1650911731576,ECE 45,A01,083139,Staff,0,4,60,60
1650911737600,ECE 65,A50,083695,Staff,0,6,30,30
1650911743623,ECE 109,A01,091882,Touri; Behrouz,32,0,70,38
1650911749648,ECE 180,A00,083140,Abi Samra; Nicholas Camill,19,0,30,11
1650911749648,ECE 180,B00,083141,Abi Samra; Nicholas Camill,0,0,30,30
1650911755677,MATH 10A,A01,083735,Patchell; Gregory David,2,0,30,28
1650911755677,MATH 10A,A02,083736,Patchell; Gregory David,27,0,30,3
1650911755677,MATH 10A,A03,083737,Patchell; Gregory David,23,0,30,7
1650911761704,MATH 10B,A01,083207,Staff,0,9,30,30
1650911761704,MATH 10B,A02,083208,Staff,0,6,30,30
1650911761704,MATH 10B,B01,083739,Staff,10,0,30,20
1650911761704,MATH 10B,B02,083740,Staff,28,0,30,2
1650911767742,MATH 18,A01,083743,Staff,0,0,30,30
1650911767742,MATH 18,A02,083744,Staff,24,0,30,6
1650911767742,MATH 18,A03,083745,Staff,19,0,30,11
1650911767742,MATH 18,A04,083746,Staff,26,0,30,4
1650911767742,MATH 18,B01,083748,Staff,0,15,30,30
1650911767742,MATH 18,B02,083749,Staff,0,13,30,30
1650911767742,MATH 18,B03,083750,Staff,0,13,30,30
1650911767742,MATH 18,B04,083751,Staff,0,13,30,30
1650911773790,MATH 20A,A01,083754,Staff,19,0,40,21
1650911779812,MATH 20B,A01,083756,Staff,0,14,30,30
1650911779812,MATH 20B,A02,083757,Staff,0,11,30,30
1650911785841,MATH 20C,A01,083760,Staff,0,17,30,30
1650911785841,MATH 20C,A02,083761,Staff,1,16,30,29
1650911785841,MATH 20C,B01,083762,Staff,9,0,30,21
1650911785841,MATH 20C,B02,083763,Staff,28,0,30,2
1650911791865,MATH 20D,A01,083765,Staff,2,1,30,28
1650911791865,MATH 20D,A02,083766,Staff,6,0,30,24
1650911791865,MATH 20D,A03,083767,Staff,23,0,30,7
1650911797889,MATH 20E,A01,083771,Staff,2,0,30,28
1650911797889,MATH 20E,A02,083772,Staff,13,0,30,17
1650911797889,MATH 20E,B01,083773,Staff,0,0,30,30
1650911797889,MATH 20E,B02,083774,Staff,3,0,30,27
1650911803917,MATH 103A,A01,083777,Staff,0,17,30,30
1650911803917,MATH 103A,A02,083778,Staff,0,15,30,30
1650911803917,MATH 103A,B01,083779,Staff,0,15,30,30
1650911803917,MATH 103A,B02,083780,Staff,0,14,30,30
1650911809942,MATH 105,A01,085443,Staff,0,23,30,30
1650911815972,MATH 109,A01,083213,Anzaldo; Leesa B,0,7,30,30
1650911815972,MATH 109,A02,083214,Anzaldo; Leesa B,0,7,30,30
1650911815972,MATH 109,B01,083215,Anzaldo; Leesa B,0,8,30,30
1650911815972,MATH 109,B02,083216,Anzaldo; Leesa B,0,7,30,30
1650911821998,MATH 142A,A01,083219,Chow; Bennett,0,15,30,30
1650911821998,MATH 142A,A02,083220,Chow; Bennett,0,15,30,30
1650911821998,MATH 142A,B01,083221,Chow; Bennett,0,16,30,30
1650911821998,MATH 142A,B02,083222,Chow; Bennett,0,14,30,30
1650911828023,MATH 193A,A01,083224,Staff,0,6,30,30
1650911828023,MATH 193A,A02,083225,Staff,0,7,30,30
1650911828023,MATH 193A,A03,083781,Staff,0,6,30,30
1650911828023,MATH 193A,A04,083782,Staff,0,7,30,30
1650911834046,MATH 197,001,091859,McAuley; Julian John,9998,0,9999,1
1650911840108,COGS 9,A01,083615,Staff,0,17,60,60
1650911846135,COGS 11,A01,083617,Boyle; Mary E. T.,15,0,40,25
1650911852166,COGS 13,A01,083071,Staff,0,38,40,40
1650911858200,COGS 14A,A01,092681,Staff,0,37,100,100
1650911864224,COGS 14B,A01,083073,Cheng; Tzu-Han,0,12,50,50
1650911870249,COGS 17,A01,092677,Staff,11,0,75,64
1650911876281,COGS 100,A01,083619,Staff,0,30,60,60
1650911882310,COGS 101A,A01,083621,Davis; Joshua Daniel,0,29,60,60
1650911888335,COGS 101B,A01,091572,Staff,0,3,60,60
1650911894358,COGS 101C,A01,083625,Delgado; Tania,14,0,30,16
1650911900388,COGS 107A,A01,083627,Boyle; Mary E. T.,0,16,60,60
1650911906411,COGS 118A,A01,083075,Staff,0,9,60,60
1650911912442,CSE 3,A50,083646,Miranda; Gregory Joseph,15,0,38,23
1650911912442,CSE 3,A51,083647,Miranda; Gregory Joseph,36,0,37,1
1650911918470,CSE 8A,A50,083650,Miranda; Gregory Joseph,0,31,40,40
1650911924498,CSE 11,A01,083080,Cao; Yingjun,0,98,40,40
1650911930520,CSE 12,A01,083652,Staff,0,22,100,100
1650911936543,CSE 15L,A01,083654,Staff,0,3,50,50
1650911936543,CSE 15L,A02,083655,Staff,0,3,50,50
1650911942581,CSE 20,A01,083657,Staff,48,0,80,32
1650911948610,CSE 30,A01,083084,Eldon; John,0,76,40,40
1650911954645,CSE 100,A01,083659,Cao; Yingjun,0,70,50,50
1650911960668,CSE 134B,A01,083661,Powell; Thomas Allan,0,38,65,65
1650911966694,CSE 140,A01,083663,Staff,0,13,75,75
1650911972719,CSE 140L,A01,083088,Eldon; John,0,21,75,75
1650911978742,CSE 175,A01,083665,Kumar; Rakesh,7,0,25,18
1650911984769,CSE 190,A00,092507,Dubnov; Shlomo,9,0,20,11
1650911990792,ECE 45,A01,083139,Staff,0,4,60,60
1650911996816,ECE 65,A50,083695,Staff,0,6,30,30
1650912002840,ECE 109,A01,091882,Touri; Behrouz,32,0,70,38
1650912008866,ECE 180,A00,083140,Abi Samra; Nicholas Camill,19,0,30,11
1650912008866,ECE 180,B00,083141,Abi Samra; Nicholas Camill,0,0,30,30
1650912014896,MATH 10A,A01,083735,Patchell; Gregory David,2,0,30,28
1650912014896,MATH 10A,A02,083736,Patchell; Gregory David,27,0,30,3
1650912014896,MATH 10A,A03,083737,Patchell; Gregory David,23,0,30,7
1650912020920,MATH 10B,A01,083207,Staff,0,9,30,30
1650912020920,MATH 10B,A02,083208,Staff,0,6,30,30
1650912020920,MATH 10B,B01,083739,Staff,10,0,30,20
1650912020920,MATH 10B,B02,083740,Staff,28,0,30,2
1650912026950,MATH 18,A01,083743,Staff,0,0,30,30
1650912026950,MATH 18,A02,083744,Staff,24,0,30,6
1650912026950,MATH 18,A03,083745,Staff,19,0,30,11
1650912026950,MATH 18,A04,083746,Staff,26,0,30,4
1650912026950,MATH 18,B01,083748,Staff,0,15,30,30
1650912026950,MATH 18,B02,083749,Staff,0,13,30,30
1650912026950,MATH 18,B03,083750,Staff,0,13,30,30
1650912026950,MATH 18,B04,083751,Staff,0,13,30,30
1650912032977,MATH 20A,A01,083754,Staff,19,0,40,21
1650912039022,MATH 20B,A01,083756,Staff,0,14,30,30
1650912039022,MATH 20B,A02,083757,Staff,0,11,30,30
1650912045044,MATH 20C,A01,083760,Staff,0,17,30,30
1650912045044,MATH 20C,A02,083761,Staff,1,16,30,29
1650912045044,MATH 20C,B01,083762,Staff,9,0,30,21
1650912045044,MATH 20C,B02,083763,Staff,28,0,30,2
1650912051068,MATH 20D,A01,083765,Staff,2,1,30,28
1650912051068,MATH 20D,A02,083766,Staff,6,0,30,24
1650912051068,MATH 20D,A03,083767,Staff,23,0,30,7
1650912057095,MATH 20E,A01,083771,Staff,2,0,30,28
1650912057095,MATH 20E,A02,083772,Staff,13,0,30,17
1650912057095,MATH 20E,B01,083773,Staff,0,0,30,30
1650912057095,MATH 20E,B02,083774,Staff,3,0,30,27
1650912063124,MATH 103A,A01,083777,Staff,0,17,30,30
1650912063124,MATH 103A,A02,083778,Staff,0,15,30,30
1650912063124,MATH 103A,B01,083779,Staff,0,15,30,30
1650912063124,MATH 103A,B02,083780,Staff,0,14,30,30
1650912069150,MATH 105,A01,085443,Staff,0,23,30,30
1650912075174,MATH 109,A01,083213,Anzaldo; Leesa B,0,7,30,30
1650912075174,MATH 109,A02,083214,Anzaldo; Leesa B,0,7,30,30
1650912075174,MATH 109,B01,083215,Anzaldo; Leesa B,0,8,30,30
1650912075174,MATH 109,B02,083216,Anzaldo; Leesa B,0,7,30,30
1650912081201,MATH 142A,A01,083219,Chow; Bennett,0,15,30,30
1650912081201,MATH 142A,A02,083220,Chow; Bennett,0,15,30,30
1650912081201,MATH 142A,B01,083221,Chow; Bennett,0,16,30,30
1650912081201,MATH 142A,B02,083222,Chow; Bennett,0,14,30,30
1650912087227,MATH 193A,A01,083224,Staff,0,6,30,30
1650912087227,MATH 193A,A02,083225,Staff,0,7,30,30
1650912087227,MATH 193A,A03,083781,Staff,0,6,30,30
1650912087227,MATH 193A,A04,083782,Staff,0,7,30,30
1650912093262,MATH 197,001,091859,McAuley; Julian John,9998,0,9999,1
1650912099328,COGS 9,A01,083615,Staff,0,17,60,60
1650912105354,COGS 11,A01,083617,Boyle; Mary E. T.,15,0,40,25
1650912111385,COGS 13,A01,083071,Staff,0,38,40,40
1650912117410,COGS 14A,A01,092681,Staff,0,37,100,100
1650912123436,COGS 14B,A01,083073,Cheng; Tzu-Han,0,12,50,50
1650912129465,COGS 17,A01,092677,Staff,11,0,75,64
1650912135494,COGS 100,A01,083619,Staff,0,30,60,60
1650912141522,COGS 101A,A01,083621,Davis; Joshua Daniel,0,29,60,60
1650912147545,COGS 101B,A01,091572,Staff,0,3,60,60
1650912153640,COGS 101C,A01,083625,Delgado; Tania,14,0,30,16
1650912159662,COGS 107A,A01,083627,Boyle; Mary E. T.,0,16,60,60
1650912165684,COGS 118A,A01,083075,Staff,0,9,60,60
1650912171711,CSE 3,A50,083646,Miranda; Gregory Joseph,15,0,38,23
1650912171711,CSE 3,A51,083647,Miranda; Gregory Joseph,36,0,37,1
1650912177735,CSE 8A,A50,083650,Miranda; Gregory Joseph,0,31,40,40
1650912183767,CSE 11,A01,083080,Cao; Yingjun,0,98,40,40
1650912189791,CSE 12,A01,083652,Staff,0,22,100,100
1650912195817,CSE 15L,A01,083654,Staff,0,3,50,50
1650912195817,CSE 15L,A02,083655,Staff,0,3,50,50
1650912201843,CSE 20,A01,083657,Staff,48,0,80,32
1650912207864,CSE 30,A01,083084,Eldon; John,0,76,40,40
1650912213889,CSE 100,A01,083659,Cao; Yingjun,0,70,50,50
1650912219915,CSE 134B,A01,083661,Powell; Thomas Allan,0,38,65,65
1650912225938,CSE 140,A01,083663,Staff,0,13,75,75
1650912231963,CSE 140L,A01,083088,Eldon; John,0,21,75,75
1650912237999,CSE 175,A01,083665,Kumar; Rakesh,7,0,25,18
1650912244050,CSE 190,A00,092507,Dubnov; Shlomo,9,0,20,11
1650912250087,ECE 45,A01,083139,Staff,0,4,60,60
1650912256122,ECE 65,A50,083695,Staff,0,6,30,30
1650912262151,ECE 109,A01,091882,Touri; Behrouz,32,0,70,38
1650912268174,ECE 180,A00,083140,Abi Samra; Nicholas Camill,19,0,30,11
1650912268174,ECE 180,B00,083141,Abi Samra; Nicholas Camill,0,0,30,30
1650912274198,MATH 10A,A01,083735,Patchell; Gregory David,2,0,30,28
1650912274198,MATH 10A,A02,083736,Patchell; Gregory David,27,0,30,3
1650912274198,MATH 10A,A03,083737,Patchell; Gregory David,23,0,30,7
1650912280223,MATH 10B,A01,083207,Staff,0,9,30,30
1650912280223,MATH 10B,A02,083208,Staff,0,6,30,30
1650912280223,MATH 10B,B01,083739,Staff,10,0,30,20
1650912280223,MATH 10B,B02,083740,Staff,28,0,30,2
1650912286260,MATH 18,A01,083743,Staff,0,0,30,30
1650912286260,MATH 18,A02,083744,Staff,24,0,30,6
1650912286260,MATH 18,A03,083745,Staff,19,0,30,11
1650912286260,MATH 18,A04,083746,Staff,26,0,30,4
1650912286260,MATH 18,B01,083748,Staff,0,15,30,30
1650912286260,MATH 18,B02,083749,Staff,0,13,30,30
1650912286260,MATH 18,B03,083750,Staff,0,13,30,30
1650912286260,MATH 18,B04,083751,Staff,0,13,30,30
1650912292286,MATH 20A,A01,083754,Staff,19,0,40,21
1650912298314,MATH 20B,A01,083756,Staff,0,14,30,30
1650912298314,MATH 20B,A02,083757,Staff,0,11,30,30
1650912304338,MATH 20C,A01,083760,Staff,0,17,30,30
1650912304338,MATH 20C,A02,083761,Staff,1,16,30,29
1650912304338,MATH 20C,B01,083762,Staff,9,0,30,21
1650912304338,MATH 20C,B02,083763,Staff,28,0,30,2
1650912310362,MATH 20D,A01,083765,Staff,2,1,30,28
1650912310362,MATH 20D,A02,083766,Staff,6,0,30,24
1650912310362,MATH 20D,A03,083767,Staff,23,0,30,7
1650912316385,MATH 20E,A01,083771,Staff,2,0,30,28
1650912316385,MATH 20E,A02,083772,Staff,13,0,30,17
1650912316385,MATH 20E,B01,083773,Staff,0,0,30,30
1650912316385,MATH 20E,B02,083774,Staff,3,0,30,27
1650912322413,MATH 103A,A01,083777,Staff,0,17,30,30
1650912322413,MATH 103A,A02,083778,Staff,0,15,30,30
1650912322413,MATH 103A,B01,083779,Staff,0,15,30,30
1650912322413,MATH 103A,B02,083780,Staff,0,14,30,30
1650912328438,MATH 105,A01,085443,Staff,0,23,30,30
1650912334462,MATH 109,A01,083213,Anzaldo; Leesa B,0,7,30,30
1650912334462,MATH 109,A02,083214,Anzaldo; Leesa B,0,7,30,30
1650912334462,MATH 109,B01,083215,Anzaldo; Leesa B,0,8,30,30
1650912334462,MATH 109,B02,083216,Anzaldo; Leesa B,0,7,30,30
1650912340491,MATH 142A,A01,083219,Chow; Bennett,0,15,30,30
1650912340491,MATH 142A,A02,083220,Chow; Bennett,0,15,30,30
1650912340491,MATH 142A,B01,083221,Chow; Bennett,0,16,30,30
1650912340491,MATH 142A,B02,083222,Chow; Bennett,0,14,30,30
1650912346522,MATH 193A,A01,083224,Staff,0,6,30,30
1650912346522,MATH 193A,A02,083225,Staff,0,7,30,30
1650912346522,MATH 193A,A03,083781,Staff,0,6,30,30
1650912346522,MATH 193A,A04,083782,Staff,0,7,30,30
1650912352548,MATH 197,001,091859,McAuley; Julian John,9998,0,9999,1
1650912358604,COGS 9,A01,083615,Staff,0,17,60,60
1650912364630,COGS 11,A01,083617,Boyle; Mary E. T.,15,0,40,25
1650912370653,COGS 13,A01,083071,Staff,0,38,40,40
1650912376695,COGS 14A,A01,092681,Staff,0,37,100,100
1650912382718,COGS 14B,A01,083073,Cheng; Tzu-Han,0,12,50,50
1650912388744,COGS 17,A01,092677,Staff,11,0,75,64
1650912394773,COGS 100,A01,083619,Staff,0,30,60,60
1650912400799,COGS 101A,A01,083621,Davis; Joshua Daniel,0,29,60,60
1650912406830,COGS 101B,A01,091572,Staff,0,3,60,60
1650912412852,COGS 101C,A01,083625,Delgado; Tania,14,0,30,16
1650912418875,COGS 107A,A01,083627,Boyle; Mary E. T.,0,16,60,60
1650912424897,COGS 118A,A01,083075,Staff,0,9,60,60
1650912430920,CSE 3,A50,083646,Miranda; Gregory Joseph,15,0,38,23
1650912430920,CSE 3,A51,083647,Miranda; Gregory Joseph,36,0,37,1
1650912436943,CSE 8A,A50,083650,Miranda; Gregory Joseph,0,31,40,40
1650912442968,CSE 11,A01,083080,Cao; Yingjun,0,98,40,40
1650912448995,CSE 12,A01,083652,Staff,0,22,100,100
1650912455034,CSE 15L,A01,083654,Staff,0,3,50,50
1650912455034,CSE 15L,A02,083655,Staff,0,3,50,50
1650912461058,CSE 20,A01,083657,Staff,48,0,80,32
1650912467094,CSE 30,A01,083084,Eldon; John,0,76,40,40
1650912473120,CSE 100,A01,083659,Cao; Yingjun,0,70,50,50
1650912479149,CSE 134B,A01,083661,Powell; Thomas Allan,0,38,65,65
1650912485172,CSE 140,A01,083663,Staff,0,13,75,75
1650912491207,CSE 140L,A01,083088,Eldon; John,0,21,75,75
1650912497232,CSE 175,A01,083665,Kumar; Rakesh,7,0,25,18
1650912503266,CSE 190,A00,092507,Dubnov; Shlomo,9,0,20,11
1650912509295,ECE 45,A01,083139,Staff,0,4,60,60
1650912515328,ECE 65,A50,083695,Staff,0,6,30,30
1650912521351,ECE 109,A01,091882,Touri; Behrouz,32,0,70,38
1650912527378,ECE 180,A00,083140,Abi Samra; Nicholas Camill,19,0,30,11
1650912527378,ECE 180,B00,083141,Abi Samra; Nicholas Camill,0,0,30,30
1650912533403,MATH 10A,A01,083735,Patchell; Gregory David,2,0,30,28
1650912533403,MATH 10A,A02,083736,Patchell; Gregory David,27,0,30,3
1650912533403,MATH 10A,A03,083737,Patchell; Gregory David,23,0,30,7
1650912539430,MATH 10B,A01,083207,Staff,0,9,30,30
1650912539430,MATH 10B,A02,083208,Staff,0,6,30,30
1650912539430,MATH 10B,B01,083739,Staff,10,0,30,20
1650912539430,MATH 10B,B02,083740,Staff,28,0,30,2
1650912545466,MATH 18,A01,083743,Staff,0,0,30,30
1650912545466,MATH 18,A02,083744,Staff,24,0,30,6
1650912545466,MATH 18,A03,083745,Staff,19,0,30,11
1650912545466,MATH 18,A04,083746,Staff,26,0,30,4
1650912545466,MATH 18,B01,083748,Staff,0,15,30,30
1650912545466,MATH 18,B02,083749,Staff,0,13,30,30
1650912545466,MATH 18,B03,083750,Staff,0,13,30,30
1650912545466,MATH 18,B04,083751,Staff,0,13,30,30
1650912551497,MATH 20A,A01,083754,Staff,19,0,40,21
1650912557523,MATH 20B,A01,083756,Staff,0,14,30,30
1650912557523,MATH 20B,A02,083757,Staff,0,11,30,30
1650912563549,MATH 20C,A01,083760,Staff,0,17,30,30
1650912563549,MATH 20C,A02,083761,Staff,1,16,30,29
1650912563549,MATH 20C,B01,083762,Staff,9,0,30,21
1650912563549,MATH 20C,B02,083763,Staff,28,0,30,2
1650912569578,MATH 20D,A01,083765,Staff,2,1,30,28
1650912569578,MATH 20D,A02,083766,Staff,6,0,30,24
1650912569578,MATH 20D,A03,083767,Staff,23,0,30,7
1650912575605,MATH 20E,A01,083771,Staff,2,0,30,28
1650912575605,MATH 20E,A02,083772,Staff,13,0,30,17
1650912575605,MATH 20E,B01,083773,Staff,0,0,30,30
1650912575605,MATH 20E,B02,083774,Staff,3,0,30,27
1650912581633,MATH 103A,A01,083777,Staff,0,17,30,30
1650912581633,MATH 103A,A02,083778,Staff,0,15,30,30
1650912581633,MATH 103A,B01,083779,Staff,0,15,30,30
1650912581633,MATH 103A,B02,083780,Staff,0,14,30,30
1650912587655,MATH 105,A01,085443,Staff,0,23,30,30
1650912593687,MATH 109,A01,083213,Anzaldo; Leesa B,0,7,30,30
1650912593687,MATH 109,A02,083214,Anzaldo; Leesa B,0,7,30,30
1650912593687,MATH 109,B01,083215,Anzaldo; Leesa B,0,8,30,30
1650912593687,MATH 109,B02,083216,Anzaldo; Leesa B,0,7,30,30
1650912599711,MATH 142A,A01,083219,Chow; Bennett,0,15,30,30
1650912599711,MATH 142A,A02,083220,Chow; Bennett,0,15,30,30
1650912599711,MATH 142A,B01,083221,Chow; Bennett,0,16,30,30
1650912599711,MATH 142A,B02,083222,Chow; Bennett,0,14,30,30
1650912605760,MATH 193A,A01,083224,Staff,0,6,30,30
1650912605760,MATH 193A,A02,083225,Staff,0,7,30,30
1650912605760,MATH 193A,A03,083781,Staff,0,6,30,30
1650912605760,MATH 193A,A04,083782,Staff,0,7,30,30
1650912611786,MATH 197,001,091859,McAuley; Julian John,9998,0,9999,1
1650912617850,COGS 9,A01,083615,Staff,0,17,60,60
1650912623877,COGS 11,A01,083617,Boyle; Mary E. T.,15,0,40,25
1650912629905,COGS 13,A01,083071,Staff,0,38,40,40
1650912635946,COGS 14A,A01,092681,Staff,0,37,100,100
1650912641970,COGS 14B,A01,083073,Cheng; Tzu-Han,0,12,50,50
1650912648006,COGS 17,A01,092677,Staff,11,0,75,64
1650912654037,COGS 100,A01,083619,Staff,0,30,60,60
1650912660064,COGS 101A,A01,083621,Davis; Joshua Daniel,0,29,60,60
1650912666090,COGS 101B,A01,091572,Staff,0,3,60,60
1650912672112,COGS 101C,A01,083625,Delgado; Tania,14,0,30,16
1650912678136,COGS 107A,A01,083627,Boyle; Mary E. T.,0,16,60,60
1650912684160,COGS 118A,A01,083075,Staff,0,9,60,60
1650912690187,CSE 3,A50,083646,Miranda; Gregory Joseph,15,0,38,23
1650912690187,CSE 3,A51,083647,Miranda; Gregory Joseph,36,0,37,1
1650912696215,CSE 8A,A50,083650,Miranda; Gregory Joseph,0,31,40,40
1650912702237,CSE 11,A01,083080,Cao; Yingjun,0,98,40,40
1650912708260,CSE 12,A01,083652,Staff,0,22,100,100
1650912714292,CSE 15L,A01,083654,Staff,0,3,50,50
1650912714292,CSE 15L,A02,083655,Staff,0,3,50,50
1650912720317,CSE 20,A01,083657,Staff,48,0,80,32
1650912726356,CSE 30,A01,083084,Eldon; John,0,76,40,40
1650912732378,CSE 100,A01,083659,Cao; Yingjun,0,70,50,50
1650912738402,CSE 134B,A01,083661,Powell; Thomas Allan,0,38,65,65
1650912744424,CSE 140,A01,083663,Staff,0,13,75,75
1650912750520,CSE 140L,A01,083088,Eldon; John,0,21,75,75
1650912756543,CSE 175,A01,083665,Kumar; Rakesh,6,0,25,19
1650912762571,CSE 190,A00,092507,Dubnov; Shlomo,9,0,20,11
1650912768595,ECE 45,A01,083139,Staff,0,4,60,60
1650912774621,ECE 65,A50,083695,Staff,0,6,30,30
1650912780645,ECE 109,A01,091882,Touri; Behrouz,32,0,70,38
1650912786676,ECE 180,A00,083140,Abi Samra; Nicholas Camill,19,0,30,11
1650912786676,ECE 180,B00,083141,Abi Samra; Nicholas Camill,0,0,30,30
1650912792717,MATH 10A,A01,083735,Patchell; Gregory David,2,0,30,28
1650912792717,MATH 10A,A02,083736,Patchell; Gregory David,27,0,30,3
1650912792717,MATH 10A,A03,083737,Patchell; Gregory David,23,0,30,7
1650912798744,MATH 10B,A01,083207,Staff,0,9,30,30
1650912798744,MATH 10B,A02,083208,Staff,0,6,30,30
1650912798744,MATH 10B,B01,083739,Staff,10,0,30,20
1650912798744,MATH 10B,B02,083740,Staff,28,0,30,2
1650912804770,MATH 18,A01,083743,Staff,0,0,30,30
1650912804770,MATH 18,A02,083744,Staff,24,0,30,6
1650912804770,MATH 18,A03,083745,Staff,19,0,30,11
1650912804770,MATH 18,A04,083746,Staff,26,0,30,4
1650912804770,MATH 18,B01,083748,Staff,0,15,30,30
1650912804770,MATH 18,B02,083749,Staff,0,13,30,30
1650912804770,MATH 18,B03,083750,Staff,0,13,30,30
1650912804770,MATH 18,B04,083751,Staff,0,13,30,30
1650912810791,MATH 20A,A01,083754,Staff,19,0,40,21
1650912816826,MATH 20B,A01,083756,Staff,0,14,30,30
1650912816826,MATH 20B,A02,083757,Staff,0,11,30,30
1650912822858,MATH 20C,A01,083760,Staff,0,17,30,30
1650912822858,MATH 20C,A02,083761,Staff,1,16,30,29
1650912822858,MATH 20C,B01,083762,Staff,9,0,30,21
1650912822858,MATH 20C,B02,083763,Staff,28,0,30,2
1650912828884,MATH 20D,A01,083765,Staff,2,1,30,28
1650912828884,MATH 20D,A02,083766,Staff,6,0,30,24
1650912828884,MATH 20D,A03,083767,Staff,23,0,30,7
1650912834907,MATH 20E,A01,083771,Staff,2,0,30,28
1650912834907,MATH 20E,A02,083772,Staff,13,0,30,17
1650912834907,MATH 20E,B01,083773,Staff,0,0,30,30
1650912834907,MATH 20E,B02,083774,Staff,3,0,30,27
1650912840935,MATH 103A,A01,083777,Staff,0,17,30,30
1650912840935,MATH 103A,A02,083778,Staff,0,15,30,30
1650912840935,MATH 103A,B01,083779,Staff,0,15,30,30
1650912840935,MATH 103A,B02,083780,Staff,0,14,30,30
1650912846960,MATH 105,A01,085443,Staff,0,23,30,30
1650912852984,MATH 109,A01,083213,Anzaldo; Leesa B,0,7,30,30
1650912852984,MATH 109,A02,083214,Anzaldo; Leesa B,0,7,30,30
1650912852984,MATH 109,B01,083215,Anzaldo; Leesa B,0,8,30,30
1650912852984,MATH 109,B02,083216,Anzaldo; Leesa B,0,7,30,30
1650912859012,MATH 142A,A01,083219,Chow; Bennett,0,15,30,30
1650912859012,MATH 142A,A02,083220,Chow; Bennett,0,15,30,30
1650912859012,MATH 142A,B01,083221,Chow; Bennett,0,16,30,30
1650912859012,MATH 142A,B02,083222,Chow; Bennett,0,14,30,30
1650912865035,MATH 193A,A01,083224,Staff,0,6,30,30
1650912865035,MATH 193A,A02,083225,Staff,0,7,30,30
1650912865035,MATH 193A,A03,083781,Staff,0,6,30,30
1650912865035,MATH 193A,A04,083782,Staff,0,7,30,30
1650912871057,MATH 197,001,091859,McAuley; Julian John,9998,0,9999,1
1650912877121,COGS 9,A01,083615,Staff,0,17,60,60
1650912883153,COGS 11,A01,083617,Boyle; Mary E. T.,15,0,40,25
1650912889184,COGS 13,A01,083071,Staff,0,38,40,40
1650912895214,COGS 14A,A01,092681,Staff,0,38,100,100
1650912901241,COGS 14B,A01,083073,Cheng; Tzu-Han,0,12,50,50
1650912907265,COGS 17,A01,092677,Staff,11,0,75,64
1650912913302,COGS 100,A01,083619,Staff,0,30,60,60
1650912919331,COGS 101A,A01,083621,Davis; Joshua Daniel,0,29,60,60
1650912925354,COGS 101B,A01,091572,Staff,0,3,60,60
1650912931381,COGS 101C,A01,083625,Delgado; Tania,14,0,30,16
1650912937405,COGS 107A,A01,083627,Boyle; Mary E. T.,0,16,60,60
1650912943430,COGS 118A,A01,083075,Staff,0,9,60,60
1650912949460,CSE 3,A50,083646,Miranda; Gregory Joseph,15,0,38,23
1650912949460,CSE 3,A51,083647,Miranda; Gregory Joseph,36,0,37,1
1650912955483,CSE 8A,A50,083650,Miranda; Gregory Joseph,0,31,40,40
1650912961509,CSE 11,A01,083080,Cao; Yingjun,0,98,40,40
1650912967531,CSE 12,A01,083652,Staff,0,22,100,100
1650912973568,CSE 15L,A01,083654,Staff,0,3,50,50
1650912973568,CSE 15L,A02,083655,Staff,0,3,50,50
1650912979590,CSE 20,A01,083657,Staff,48,0,80,32
1650912985616,CSE 30,A01,083084,Eldon; John,0,76,40,40
1650912991642,CSE 100,A01,083659,Cao; Yingjun,0,70,50,50
1650912997674,CSE 134B,A01,083661,Powell; Thomas Allan,0,38,65,65
1650913003709,CSE 140,A01,083663,Staff,0,13,75,75
1650913009743,CSE 140L,A01,083088,Eldon; John,0,21,75,75
1650913015765,CSE 175,A01,083665,Kumar; Rakesh,6,0,25,19
1650913021789,CSE 190,A00,092507,Dubnov; Shlomo,9,0,20,11
1650913027812,ECE 45,A01,083139,Staff,0,4,60,60
1650913033835,ECE 65,A50,083695,Staff,0,6,30,30
1650913039861,ECE 109,A01,091882,Touri; Behrouz,32,0,70,38
1650913045884,ECE 180,A00,083140,Abi Samra; Nicholas Camill,19,0,30,11
1650913045884,ECE 180,B00,083141,Abi Samra; Nicholas Camill,0,0,30,30
1650913051907,MATH 10A,A01,083735,Patchell; Gregory David,2,0,30,28
1650913051907,MATH 10A,A02,083736,Patchell; Gregory David,27,0,30,3
1650913051907,MATH 10A,A03,083737,Patchell; Gregory David,23,0,30,7
1650913057933,MATH 10B,A01,083207,Staff,0,9,30,30
1650913057933,MATH 10B,A02,083208,Staff,0,6,30,30
1650913057933,MATH 10B,B01,083739,Staff,10,0,30,20
1650913057933,MATH 10B,B02,083740,Staff,28,0,30,2
1650913063959,MATH 18,A01,083743,Staff,0,0,30,30
1650913063959,MATH 18,A02,083744,Staff,24,0,30,6
1650913063959,MATH 18,A03,083745,Staff,19,0,30,11
1650913063959,MATH 18,A04,083746,Staff,26,0,30,4
1650913063959,MATH 18,B01,083748,Staff,0,15,30,30
1650913063959,MATH 18,B02,083749,Staff,0,13,30,30
1650913063959,MATH 18,B03,083750,Staff,0,13,30,30
1650913063959,MATH 18,B04,083751,Staff,0,13,30,30
1650913069985,MATH 20A,A01,083754,Staff,19,0,40,21
1650913076016,MATH 20B,A01,083756,Staff,0,14,30,30
1650913076016,MATH 20B,A02,083757,Staff,0,11,30,30
1650913082044,MATH 20C,A01,083760,Staff,0,17,30,30
1650913082044,MATH 20C,A02,083761,Staff,1,16,30,29
1650913082044,MATH 20C,B01,083762,Staff,9,0,30,21
1650913082044,MATH 20C,B02,083763,Staff,28,0,30,2
1650913088071,MATH 20D,A01,083765,Staff,2,1,30,28
1650913088071,MATH 20D,A02,083766,Staff,6,0,30,24
1650913088071,MATH 20D,A03,083767,Staff,23,0,30,7
1650913094093,MATH 20E,A01,083771,Staff,2,0,30,28
1650913094093,MATH 20E,A02,083772,Staff,13,0,30,17
1650913094093,MATH 20E,B01,083773,Staff,0,0,30,30
1650913094093,MATH 20E,B02,083774,Staff,3,0,30,27
1650913100118,MATH 103A,A01,083777,Staff,0,17,30,30
1650913100118,MATH 103A,A02,083778,Staff,0,15,30,30
1650913100118,MATH 103A,B01,083779,Staff,0,15,30,30
1650913100118,MATH 103A,B02,083780,Staff,0,14,30,30
1650913106141,MATH 105,A01,085443,Staff,0,23,30,30
1650913112169,MATH 109,A01,083213,Anzaldo; Leesa B,0,7,30,30
1650913112169,MATH 109,A02,083214,Anzaldo; Leesa B,0,7,30,30
1650913112169,MATH 109,B01,083215,Anzaldo; Leesa B,0,8,30,30
1650913112169,MATH 109,B02,083216,Anzaldo; Leesa B,0,7,30,30
1650913118193,MATH 142A,A01,083219,Chow; Bennett,0,15,30,30
1650913118193,MATH 142A,A02,083220,Chow; Bennett,0,15,30,30
1650913118193,MATH 142A,B01,083221,Chow; Bennett,0,16,30,30
1650913118193,MATH 142A,B02,083222,Chow; Bennett,0,14,30,30
1650913124218,MATH 193A,A01,083224,Staff,0,6,30,30
1650913124218,MATH 193A,A02,083225,Staff,0,7,30,30
1650913124218,MATH 193A,A03,083781,Staff,0,6,30,30
1650913124218,MATH 193A,A04,083782,Staff,0,7,30,30
1650913130247,MATH 197,001,091859,McAuley; Julian John,9998,0,9999,1
1650913136319,COGS 9,A01,083615,Staff,0,17,60,60
1650913142346,COGS 11,A01,083617,Boyle; Mary E. T.,15,0,40,25
1650913148383,COGS 13,A01,083071,Staff,0,38,40,40
1650913154411,COGS 14A,A01,092681,Staff,0,38,100,100
1650913160442,COGS 14B,A01,083073,Cheng; Tzu-Han,0,12,50,50
1650913166469,COGS 17,A01,092677,Staff,11,0,75,64
1650913172494,COGS 100,A01,083619,Staff,0,30,60,60
1650913178518,COGS 101A,A01,083621,Davis; Joshua Daniel,0,29,60,60
1650913184541,COGS 101B,A01,091572,Staff,0,3,60,60
1650913190567,COGS 101C,A01,083625,Delgado; Tania,14,0,30,16
1650913196591,COGS 107A,A01,083627,Boyle; Mary E. T.,0,16,60,60
1650913202618,COGS 118A,A01,083075,Staff,0,9,60,60
1650913208650,CSE 3,A50,083646,Miranda; Gregory Joseph,15,0,38,23
1650913208650,CSE 3,A51,083647,Miranda; Gregory Joseph,36,0,37,1
1650913214677,CSE 8A,A50,083650,Miranda; Gregory Joseph,0,31,40,40
1650913220700,CSE 11,A01,083080,Cao; Yingjun,0,98,40,40
1650913226728,CSE 12,A01,083652,Staff,0,22,100,100
1650913232758,CSE 15L,A01,083654,Staff,0,3,50,50
1650913232758,CSE 15L,A02,083655,Staff,0,3,50,50
1650913238797,CSE 20,A01,083657,Staff,48,0,80,32
1650913244820,CSE 30,A01,083084,Eldon; John,0,76,40,40
1650913250851,CSE 100,A01,083659,Cao; Yingjun,0,70,50,50
1650913256878,CSE 134B,A01,083661,Powell; Thomas Allan,0,38,65,65
1650913262905,CSE 140,A01,083663,Staff,0,13,75,75
1650913268930,CSE 140L,A01,083088,Eldon; John,0,21,75,75
1650913274959,CSE 175,A01,083665,Kumar; Rakesh,6,0,25,19
1650913280987,CSE 190,A00,092507,Dubnov; Shlomo,9,0,20,11
1650913287013,ECE 45,A01,083139,Staff,0,4,60,60
1650913293036,ECE 65,A50,083695,Staff,0,6,30,30
1650913299070,ECE 109,A01,091882,Touri; Behrouz,32,0,70,38
1650913305107,ECE 180,A00,083140,Abi Samra; Nicholas Camill,19,0,30,11
1650913305107,ECE 180,B00,083141,Abi Samra; Nicholas Camill,0,0,30,30
1650913311135,MATH 10A,A01,083735,Patchell; Gregory David,2,0,30,28
1650913311135,MATH 10A,A02,083736,Patchell; Gregory David,27,0,30,3
1650913311135,MATH 10A,A03,083737,Patchell; Gregory David,23,0,30,7
1650913317167,MATH 10B,A01,083207,Staff,0,9,30,30
1650913317167,MATH 10B,A02,083208,Staff,0,6,30,30
1650913317167,MATH 10B,B01,083739,Staff,10,0,30,20
1650913317167,MATH 10B,B02,083740,Staff,28,0,30,2
1650913323196,MATH 18,A01,083743,Staff,0,0,30,30
1650913323196,MATH 18,A02,083744,Staff,24,0,30,6
1650913323196,MATH 18,A03,083745,Staff,19,0,30,11
1650913323196,MATH 18,A04,083746,Staff,26,0,30,4
1650913323196,MATH 18,B01,083748,Staff,0,15,30,30
1650913323196,MATH 18,B02,083749,Staff,0,13,30,30
1650913323196,MATH 18,B03,083750,Staff,0,13,30,30
1650913323196,MATH 18,B04,083751,Staff,0,13,30,30
1650913329219,MATH 20A,A01,083754,Staff,19,0,40,21
1650913335242,MATH 20B,A01,083756,Staff,0,14,30,30
1650913335242,MATH 20B,A02,083757,Staff,0,11,30,30
1650913341270,MATH 20C,A01,083760,Staff,0,17,30,30
1650913341270,MATH 20C,A02,083761,Staff,1,16,30,29
1650913341270,MATH 20C,B01,083762,Staff,9,0,30,21
1650913341270,MATH 20C,B02,083763,Staff,28,0,30,2
1650913347366,MATH 20D,A01,083765,Staff,2,1,30,28
1650913347366,MATH 20D,A02,083766,Staff,6,0,30,24
1650913347366,MATH 20D,A03,083767,Staff,23,0,30,7
1650913353402,MATH 20E,A01,083771,Staff,2,0,30,28
1650913353402,MATH 20E,A02,083772,Staff,13,0,30,17
1650913353402,MATH 20E,B01,083773,Staff,0,0,30,30
1650913353402,MATH 20E,B02,083774,Staff,3,0,30,27
1650913359437,MATH 103A,A01,083777,Staff,0,17,30,30
1650913359437,MATH 103A,A02,083778,Staff,0,15,30,30
1650913359437,MATH 103A,B01,083779,Staff,0,15,30,30
1650913359437,MATH 103A,B02,083780,Staff,0,14,30,30
1650913365469,MATH 105,A01,085443,Staff,0,23,30,30
1650913371502,MATH 109,A01,083213,Anzaldo; Leesa B,0,7,30,30
1650913371502,MATH 109,A02,083214,Anzaldo; Leesa B,0,7,30,30
1650913371502,MATH 109,B01,083215,Anzaldo; Leesa B,0,8,30,30
1650913371502,MATH 109,B02,083216,Anzaldo; Leesa B,0,7,30,30
1650913377536,MATH 142A,A01,083219,Chow; Bennett,0,15,30,30
1650913377536,MATH 142A,A02,083220,Chow; Bennett,0,15,30,30
1650913377536,MATH 142A,B01,083221,Chow; Bennett,0,16,30,30
1650913377536,MATH 142A,B02,083222,Chow; Bennett,0,14,30,30
1650913383558,MATH 193A,A01,083224,Staff,0,6,30,30
1650913383558,MATH 193A,A02,083225,Staff,0,7,30,30
1650913383558,MATH 193A,A03,083781,Staff,0,6,30,30
1650913383558,MATH 193A,A04,083782,Staff,0,7,30,30
1650913389582,MATH 197,001,091859,McAuley; Julian John,9998,0,9999,1
1650913395643,COGS 9,A01,083615,Staff,0,17,60,60
1650913401670,COGS 11,A01,083617,Boyle; Mary E. T.,15,0,40,25
1650913407693,COGS 13,A01,083071,Staff,0,38,40,40
1650913413718,COGS 14A,A01,092681,Staff,0,38,100,100
1650913419742,COGS 14B,A01,083073,Cheng; Tzu-Han,0,12,50,50
1650913425764,COGS 17,A01,092677,Staff,11,0,75,64
1650913431787,COGS 100,A01,083619,Staff,0,30,60,60
1650913437813,COGS 101A,A01,083621,Davis; Joshua Daniel,0,29,60,60
1650913443838,COGS 101B,A01,091572,Staff,0,4,60,60
1650913449868,COGS 101C,A01,083625,Delgado; Tania,14,0,30,16
1650913455891,COGS 107A,A01,083627,Boyle; Mary E. T.,0,16,60,60
1650913461913,COGS 118A,A01,083075,Staff,0,9,60,60
1650913467936,CSE 3,A50,083646,Miranda; Gregory Joseph,15,0,38,23
1650913467936,CSE 3,A51,083647,Miranda; Gregory Joseph,36,0,37,1
1650913473971,CSE 8A,A50,083650,Miranda; Gregory Joseph,0,31,40,40
1650913480009,CSE 11,A01,083080,Cao; Yingjun,0,98,40,40
1650913486035,CSE 12,A01,083652,Staff,0,22,100,100
1650913492063,CSE 15L,A01,083654,Staff,0,3,50,50
1650913492063,CSE 15L,A02,083655,Staff,0,3,50,50
1650913498089,CSE 20,A01,083657,Staff,48,0,80,32
1650913504119,CSE 30,A01,083084,Eldon; John,0,76,40,40
1650913510145,CSE 100,A01,083659,Cao; Yingjun,0,70,50,50
1650913516189,CSE 134B,A01,083661,Powell; Thomas Allan,0,38,65,65
1650913522211,CSE 140,A01,083663,Staff,1,13,75,74
1650913528252,CSE 140L,A01,083088,Eldon; John,0,21,75,75
1650913534275,CSE 175,A01,083665,Kumar; Rakesh,6,0,25,19
1650913540298,CSE 190,A00,092507,Dubnov; Shlomo,9,0,20,11
1650913546322,ECE 45,A01,083139,Staff,0,4,60,60
1650913552359,ECE 65,A50,083695,Staff,0,6,30,30
1650913558385,ECE 109,A01,091882,Touri; Behrouz,32,0,70,38
1650913564415,ECE 180,A00,083140,Abi Samra; Nicholas Camill,19,0,30,11
1650913564415,ECE 180,B00,083141,Abi Samra; Nicholas Camill,0,0,30,30
1650913570438,MATH 10A,A01,083735,Patchell; Gregory David,2,0,30,28
1650913570438,MATH 10A,A02,083736,Patchell; Gregory David,27,0,30,3
1650913570438,MATH 10A,A03,083737,Patchell; Gregory David,23,0,30,7
1650913576465,MATH 10B,A01,083207,Staff,0,9,30,30
1650913576465,MATH 10B,A02,083208,Staff,0,6,30,30
1650913576465,MATH 10B,B01,083739,Staff,10,0,30,20
1650913576465,MATH 10B,B02,083740,Staff,28,0,30,2
1650913582490,MATH 18,A01,083743,Staff,0,0,30,30
1650913582490,MATH 18,A02,083744,Staff,24,0,30,6
1650913582490,MATH 18,A03,083745,Staff,19,0,30,11
1650913582490,MATH 18,A04,083746,Staff,26,0,30,4
1650913582490,MATH 18,B01,083748,Staff,0,15,30,30
1650913582490,MATH 18,B02,083749,Staff,0,13,30,30
1650913582490,MATH 18,B03,083750,Staff,0,13,30,30
1650913582490,MATH 18,B04,083751,Staff,0,13,30,30
1650913588519,MATH 20A,A01,083754,Staff,19,0,40,21
1650913594545,MATH 20B,A01,083756,Staff,0,14,30,30
1650913594545,MATH 20B,A02,083757,Staff,0,11,30,30
1650913600571,MATH 20C,A01,083760,Staff,0,17,30,30
1650913600571,MATH 20C,A02,083761,Staff,1,16,30,29
1650913600571,MATH 20C,B01,083762,Staff,9,0,30,21
1650913600571,MATH 20C,B02,083763,Staff,28,0,30,2
1650913606596,MATH 20D,A01,083765,Staff,2,1,30,28
1650913606596,MATH 20D,A02,083766,Staff,6,0,30,24
1650913606596,MATH 20D,A03,083767,Staff,23,0,30,7
1650913612639,MATH 20E,A01,083771,Staff,2,0,30,28
1650913612639,MATH 20E,A02,083772,Staff,13,0,30,17
1650913612639,MATH 20E,B01,083773,Staff,0,0,30,30
1650913612639,MATH 20E,B02,083774,Staff,3,0,30,27
1650913618667,MATH 103A,A01,083777,Staff,0,17,30,30
1650913618667,MATH 103A,A02,083778,Staff,0,15,30,30
1650913618667,MATH 103A,B01,083779,Staff,0,15,30,30
1650913618667,MATH 103A,B02,083780,Staff,0,14,30,30
1650913624690,MATH 105,A01,085443,Staff,0,23,30,30
1650913630712,MATH 109,A01,083213,Anzaldo; Leesa B,0,7,30,30
1650913630712,MATH 109,A02,083214,Anzaldo; Leesa B,0,7,30,30
1650913630712,MATH 109,B01,083215,Anzaldo; Leesa B,0,8,30,30
1650913630712,MATH 109,B02,083216,Anzaldo; Leesa B,0,7,30,30
1650913636735,MATH 142A,A01,083219,Chow; Bennett,0,15,30,30
1650913636735,MATH 142A,A02,083220,Chow; Bennett,0,15,30,30
1650913636735,MATH 142A,B01,083221,Chow; Bennett,0,16,30,30
1650913636735,MATH 142A,B02,083222,Chow; Bennett,0,14,30,30
1650913642761,MATH 193A,A01,083224,Staff,0,6,30,30
1650913642761,MATH 193A,A02,083225,Staff,0,7,30,30
1650913642761,MATH 193A,A03,083781,Staff,0,6,30,30
1650913642761,MATH 193A,A04,083782,Staff,0,7,30,30
1650913648784,MATH 197,001,091859,McAuley; Julian John,9998,0,9999,1
1650913654839,COGS 9,A01,083615,Staff,0,17,60,60
1650913660869,COGS 11,A01,083617,Boyle; Mary E. T.,15,0,40,25
1650913666892,COGS 13,A01,083071,Staff,0,38,40,40
1650913672916,COGS 14A,A01,092681,Staff,0,38,100,100
1650913678939,COGS 14B,A01,083073,Cheng; Tzu-Han,0,12,50,50
1650913684961,COGS 17,A01,092677,Staff,11,0,75,64
1650913690984,COGS 100,A01,083619,Staff,0,30,60,60
1650913697011,COGS 101A,A01,083621,Davis; Joshua Daniel,0,29,60,60
1650913703038,COGS 101B,A01,091572,Staff,0,4,60,60
1650913709073,COGS 101C,A01,083625,Delgado; Tania,14,0,30,16
1650913715100,COGS 107A,A01,083627,Boyle; Mary E. T.,0,16,60,60
1650913721125,COGS 118A,A01,083075,Staff,0,10,60,60
1650913727151,CSE 3,A50,083646,Miranda; Gregory Joseph,15,0,38,23
1650913727151,CSE 3,A51,083647,Miranda; Gregory Joseph,36,0,37,1
1650913733177,CSE 8A,A50,083650,Miranda; Gregory Joseph,0,31,40,40
1650913739201,CSE 11,A01,083080,Cao; Yingjun,0,98,40,40
1650913745224,CSE 12,A01,083652,Staff,0,22,100,100
1650913751249,CSE 15L,A01,083654,Staff,0,3,50,50
1650913751249,CSE 15L,A02,083655,Staff,0,3,50,50
1650913757273,CSE 20,A01,083657,Staff,48,0,80,32
1650913763296,CSE 30,A01,083084,Eldon; John,0,76,40,40
1650913769323,CSE 100,A01,083659,Cao; Yingjun,0,70,50,50
1650913775355,CSE 134B,A01,083661,Powell; Thomas Allan,0,38,65,65
1650913781377,CSE 140,A01,083663,Staff,1,13,75,74
1650913787402,CSE 140L,A01,083088,Eldon; John,0,21,75,75
1650913793425,CSE 175,A01,083665,Kumar; Rakesh,6,0,25,19
1650913799451,CSE 190,A00,092507,Dubnov; Shlomo,9,0,20,11
1650913805473,ECE 45,A01,083139,Staff,0,4,60,60
1650913811502,ECE 65,A50,083695,Staff,0,6,30,30
1650913817527,ECE 109,A01,091882,Touri; Behrouz,32,0,70,38
1650913823549,ECE 180,A00,083140,Abi Samra; Nicholas Camill,19,0,30,11
1650913823549,ECE 180,B00,083141,Abi Samra; Nicholas Camill,0,0,30,30
1650913829588,MATH 10A,A01,083735,Patchell; Gregory David,2,0,30,28
1650913829588,MATH 10A,A02,083736,Patchell; Gregory David,27,0,30,3
1650913829588,MATH 10A,A03,083737,Patchell; Gregory David,23,0,30,7
1650913835615,MATH 10B,A01,083207,Staff,0,9,30,30
1650913835615,MATH 10B,A02,083208,Staff,0,6,30,30
1650913835615,MATH 10B,B01,083739,Staff,10,0,30,20
1650913835615,MATH 10B,B02,083740,Staff,28,0,30,2
1650913841641,MATH 18,A01,083743,Staff,0,0,30,30
1650913841641,MATH 18,A02,083744,Staff,24,0,30,6
1650913841641,MATH 18,A03,083745,Staff,19,0,30,11
1650913841641,MATH 18,A04,083746,Staff,26,0,30,4
1650913841641,MATH 18,B01,083748,Staff,0,15,30,30
1650913841641,MATH 18,B02,083749,Staff,0,13,30,30
1650913841641,MATH 18,B03,083750,Staff,0,13,30,30
1650913841641,MATH 18,B04,083751,Staff,0,13,30,30
1650913847679,MATH 20A,A01,083754,Staff,19,0,40,21
1650913853710,MATH 20B,A01,083756,Staff,0,14,30,30
1650913853710,MATH 20B,A02,083757,Staff,0,11,30,30
1650913859733,MATH 20C,A01,083760,Staff,0,17,30,30
1650913859733,MATH 20C,A02,083761,Staff,1,16,30,29
1650913859733,MATH 20C,B01,083762,Staff,9,0,30,21
1650913859733,MATH 20C,B02,083763,Staff,28,0,30,2
1650913865757,MATH 20D,A01,083765,Staff,2,1,30,28
1650913865757,MATH 20D,A02,083766,Staff,6,0,30,24
1650913865757,MATH 20D,A03,083767,Staff,23,0,30,7
1650913871784,MATH 20E,A01,083771,Staff,2,0,30,28
1650913871784,MATH 20E,A02,083772,Staff,13,0,30,17
1650913871784,MATH 20E,B01,083773,Staff,0,0,30,30
1650913871784,MATH 20E,B02,083774,Staff,3,0,30,27
1650913877811,MATH 103A,A01,083777,Staff,0,17,30,30
1650913877811,MATH 103A,A02,083778,Staff,0,15,30,30
1650913877811,MATH 103A,B01,083779,Staff,0,15,30,30
1650913877811,MATH 103A,B02,083780,Staff,0,14,30,30
1650913883838,MATH 105,A01,085443,Staff,0,23,30,30
1650913889866,MATH 109,A01,083213,Anzaldo; Leesa B,0,7,30,30
1650913889866,MATH 109,A02,083214,Anzaldo; Leesa B,0,7,30,30
1650913889866,MATH 109,B01,083215,Anzaldo; Leesa B,0,8,30,30
1650913889866,MATH 109,B02,083216,Anzaldo; Leesa B,0,7,30,30
1650913895891,MATH 142A,A01,083219,Chow; Bennett,0,15,30,30
1650913895891,MATH 142A,A02,083220,Chow; Bennett,0,15,30,30
1650913895891,MATH 142A,B01,083221,Chow; Bennett,0,16,30,30
1650913895891,MATH 142A,B02,083222,Chow; Bennett,0,14,30,30
1650913901915,MATH 193A,A01,083224,Staff,0,6,30,30
1650913901915,MATH 193A,A02,083225,Staff,0,7,30,30
1650913901915,MATH 193A,A03,083781,Staff,0,6,30,30
1650913901915,MATH 193A,A04,083782,Staff,0,7,30,30
1650913907942,MATH 197,001,091859,McAuley; Julian John,9998,0,9999,1
1650913914003,COGS 9,A01,083615,Staff,0,17,60,60
1650913920027,COGS 11,A01,083617,Boyle; Mary E. T.,15,0,40,25
1650913926059,COGS 13,A01,083071,Staff,0,38,40,40
1650913932082,COGS 14A,A01,092681,Staff,0,38,100,100
1650913938180,COGS 14B,A01,083073,Cheng; Tzu-Han,0,12,50,50
1650913944212,COGS 17,A01,092677,Staff,11,0,75,64
1650913950236,COGS 100,A01,083619,Staff,0,30,60,60
1650913956261,COGS 101A,A01,083621,Davis; Joshua Daniel,0,29,60,60
1650913962290,COGS 101B,A01,091572,Staff,0,4,60,60
1650913968322,COGS 101C,A01,083625,Delgado; Tania,14,0,30,16
1650913974345,COGS 107A,A01,083627,Boyle; Mary E. T.,0,16,60,60
1650913980369,COGS 118A,A01,083075,Staff,0,10,60,60
1650913986406,CSE 3,A50,083646,Miranda; Gregory Joseph,15,0,38,23
1650913986406,CSE 3,A51,083647,Miranda; Gregory Joseph,36,0,37,1
1650913992442,CSE 8A,A50,083650,Miranda; Gregory Joseph,0,31,40,40
1650913998465,CSE 11,A01,083080,Cao; Yingjun,0,98,40,40
1650914004487,CSE 12,A01,083652,Staff,0,22,100,100
1650914010511,CSE 15L,A01,083654,Staff,0,3,50,50
1650914010511,CSE 15L,A02,083655,Staff,0,3,50,50
1650914016537,CSE 20,A01,083657,Staff,48,0,80,32
1650914022565,CSE 30,A01,083084,Eldon; John,0,76,40,40
1650914028593,CSE 100,A01,083659,Cao; Yingjun,0,70,50,50
1650914034618,CSE 134B,A01,083661,Powell; Thomas Allan,0,38,65,65
1650914040648,CSE 140,A01,083663,Staff,1,13,75,74
1650914046670,CSE 140L,A01,083088,Eldon; John,0,21,75,75
1650914052700,CSE 175,A01,083665,Kumar; Rakesh,6,0,25,19
1650914058722,CSE 190,A00,092507,Dubnov; Shlomo,9,0,20,11
1650914064748,ECE 45,A01,083139,Staff,0,4,60,60
1650914070775,ECE 65,A50,083695,Staff,0,6,30,30
1650914076809,ECE 109,A01,091882,Touri; Behrouz,32,0,70,38
1650914082844,ECE 180,A00,083140,Abi Samra; Nicholas Camill,19,0,30,11
1650914082844,ECE 180,B00,083141,Abi Samra; Nicholas Camill,0,0,30,30
1650914088867,MATH 10A,A01,083735,Patchell; Gregory David,2,0,30,28
1650914088867,MATH 10A,A02,083736,Patchell; Gregory David,27,0,30,3
1650914088867,MATH 10A,A03,083737,Patchell; Gregory David,23,0,30,7
1650914094890,MATH 10B,A01,083207,Staff,0,9,30,30
1650914094890,MATH 10B,A02,083208,Staff,0,6,30,30
1650914094890,MATH 10B,B01,083739,Staff,10,0,30,20
1650914094890,MATH 10B,B02,083740,Staff,28,0,30,2
1650914100917,MATH 18,A01,083743,Staff,0,0,30,30
1650914100917,MATH 18,A02,083744,Staff,24,0,30,6
1650914100917,MATH 18,A03,083745,Staff,19,0,30,11
1650914100917,MATH 18,A04,083746,Staff,26,0,30,4
1650914100917,MATH 18,B01,083748,Staff,0,15,30,30
1650914100917,MATH 18,B02,083749,Staff,0,13,30,30
1650914100917,MATH 18,B03,083750,Staff,0,13,30,30
1650914100917,MATH 18,B04,083751,Staff,0,13,30,30
1650914106940,MATH 20A,A01,083754,Staff,19,0,40,21
1650914112963,MATH 20B,A01,083756,Staff,0,14,30,30
1650914112963,MATH 20B,A02,083757,Staff,0,11,30,30
1650914118984,MATH 20C,A01,083760,Staff,0,17,30,30
1650914118984,MATH 20C,A02,083761,Staff,1,16,30,29
1650914118984,MATH 20C,B01,083762,Staff,9,0,30,21
1650914118984,MATH 20C,B02,083763,Staff,28,0,30,2
1650914125010,MATH 20D,A01,083765,Staff,2,1,30,28
1650914125010,MATH 20D,A02,083766,Staff,6,0,30,24
1650914125010,MATH 20D,A03,083767,Staff,23,0,30,7
1650914131038,MATH 20E,A01,083771,Staff,2,0,30,28
1650914131038,MATH 20E,A02,083772,Staff,13,0,30,17
1650914131038,MATH 20E,B01,083773,Staff,0,0,30,30
1650914131038,MATH 20E,B02,083774,Staff,3,0,30,27
1650914137064,MATH 103A,A01,083777,Staff,0,17,30,30
1650914137064,MATH 103A,A02,083778,Staff,0,15,30,30
1650914137064,MATH 103A,B01,083779,Staff,0,15,30,30
1650914137064,MATH 103A,B02,083780,Staff,0,14,30,30
1650914143104,MATH 105,A01,085443,Staff,0,23,30,30
1650914149130,MATH 109,A01,083213,Anzaldo; Leesa B,0,7,30,30
1650914149130,MATH 109,A02,083214,Anzaldo; Leesa B,0,7,30,30
1650914149130,MATH 109,B01,083215,Anzaldo; Leesa B,0,8,30,30
1650914149130,MATH 109,B02,083216,Anzaldo; Leesa B,0,7,30,30
1650914155163,MATH 142A,A01,083219,Chow; Bennett,0,15,30,30
1650914155163,MATH 142A,A02,083220,Chow; Bennett,0,15,30,30
1650914155163,MATH 142A,B01,083221,Chow; Bennett,0,16,30,30
1650914155163,MATH 142A,B02,083222,Chow; Bennett,0,14,30,30
1650914161192,MATH 193A,A01,083224,Staff,0,6,30,30
1650914161192,MATH 193A,A02,083225,Staff,0,7,30,30
1650914161192,MATH 193A,A03,083781,Staff,0,6,30,30
1650914161192,MATH 193A,A04,083782,Staff,0,7,30,30
1650914167221,MATH 197,001,091859,McAuley; Julian John,9998,0,9999,1
1650914173279,COGS 9,A01,083615,Staff,0,17,60,60
1650914179302,COGS 11,A01,083617,Boyle; Mary E. T.,15,0,40,25
1650914185326,COGS 13,A01,083071,Staff,0,38,40,40
1650914191348,COGS 14A,A01,092681,Staff,0,38,100,100
1650914197370,COGS 14B,A01,083073,Cheng; Tzu-Han,0,12,50,50
1650914203394,COGS 17,A01,092677,Staff,11,0,75,64
1650914209419,COGS 100,A01,083619,Staff,0,30,60,60
1650914215443,COGS 101A,A01,083621,Davis; Joshua Daniel,0,29,60,60
1650914221468,COGS 101B,A01,091572,Staff,0,4,60,60
1650914227495,COGS 101C,A01,083625,Delgado; Tania,14,0,30,16
1650914233526,COGS 107A,A01,083627,Boyle; Mary E. T.,0,16,60,60
1650914239552,COGS 118A,A01,083075,Staff,0,10,60,60
1650914245579,CSE 3,A50,083646,Miranda; Gregory Joseph,15,0,38,23
1650914245579,CSE 3,A51,083647,Miranda; Gregory Joseph,36,0,37,1
1650914251602,CSE 8A,A50,083650,Miranda; Gregory Joseph,0,31,40,40
1650914257631,CSE 11,A01,083080,Cao; Yingjun,0,98,40,40
1650914263656,CSE 12,A01,083652,Staff,0,22,100,100
1650914269683,CSE 15L,A01,083654,Staff,0,3,50,50
1650914269683,CSE 15L,A02,083655,Staff,0,3,50,50
1650914275706,CSE 20,A01,083657,Staff,48,0,80,32
1650914281732,CSE 30,A01,083084,Eldon; John,0,76,40,40
1650914287766,CSE 100,A01,083659,Cao; Yingjun,0,70,50,50
1650914293796,CSE 134B,A01,083661,Powell; Thomas Allan,0,38,65,65
1650914299824,CSE 140,A01,083663,Staff,1,13,75,74
1650914305847,CSE 140L,A01,083088,Eldon; John,0,21,75,75
1650914311870,CSE 175,A01,083665,Kumar; Rakesh,6,0,25,19
1650914317898,CSE 190,A00,092507,Dubnov; Shlomo,9,0,20,11
1650914323930,ECE 45,A01,083139,Staff,0,4,60,60
1650914329953,ECE 65,A50,083695,Staff,0,6,30,30
1650914335979,ECE 109,A01,091882,Touri; Behrouz,32,0,70,38
1650914342005,ECE 180,A00,083140,Abi Samra; Nicholas Camill,19,0,30,11
1650914342005,ECE 180,B00,083141,Abi Samra; Nicholas Camill,0,0,30,30
1650914348038,MATH 10A,A01,083735,Patchell; Gregory David,2,0,30,28
1650914348038,MATH 10A,A02,083736,Patchell; Gregory David,27,0,30,3
1650914348038,MATH 10A,A03,083737,Patchell; Gregory David,23,0,30,7
1650914354061,MATH 10B,A01,083207,Staff,0,9,30,30
1650914354061,MATH 10B,A02,083208,Staff,0,6,30,30
1650914354061,MATH 10B,B01,083739,Staff,10,0,30,20
1650914354061,MATH 10B,B02,083740,Staff,28,0,30,2
1650914360091,MATH 18,A01,083743,Staff,0,0,30,30
1650914360091,MATH 18,A02,083744,Staff,24,0,30,6
1650914360091,MATH 18,A03,083745,Staff,19,0,30,11
1650914360091,MATH 18,A04,083746,Staff,26,0,30,4
1650914360091,MATH 18,B01,083748,Staff,0,15,30,30
1650914360091,MATH 18,B02,083749,Staff,0,13,30,30
1650914360091,MATH 18,B03,083750,Staff,0,13,30,30
1650914360091,MATH 18,B04,083751,Staff,0,13,30,30
1650914366113,MATH 20A,A01,083754,Staff,19,0,40,21
1650914372154,MATH 20B,A01,083756,Staff,0,14,30,30
1650914372154,MATH 20B,A02,083757,Staff,0,11,30,30
1650914378182,MATH 20C,A01,083760,Staff,0,17,30,30
1650914378182,MATH 20C,A02,083761,Staff,1,16,30,29
1650914378182,MATH 20C,B01,083762,Staff,9,0,30,21
1650914378182,MATH 20C,B02,083763,Staff,28,0,30,2
1650914384215,MATH 20D,A01,083765,Staff,2,1,30,28
1650914384215,MATH 20D,A02,083766,Staff,6,0,30,24
1650914384215,MATH 20D,A03,083767,Staff,23,0,30,7
1650914390238,MATH 20E,A01,083771,Staff,2,0,30,28
1650914390238,MATH 20E,A02,083772,Staff,13,0,30,17
1650914390238,MATH 20E,B01,083773,Staff,0,0,30,30
1650914390238,MATH 20E,B02,083774,Staff,3,0,30,27
1650914396272,MATH 103A,A01,083777,Staff,0,17,30,30
1650914396272,MATH 103A,A02,083778,Staff,0,15,30,30
1650914396272,MATH 103A,B01,083779,Staff,0,15,30,30
1650914396272,MATH 103A,B02,083780,Staff,0,14,30,30
1650914402307,MATH 105,A01,085443,Staff,0,23,30,30
1650914408330,MATH 109,A01,083213,Anzaldo; Leesa B,0,7,30,30
1650914408330,MATH 109,A02,083214,Anzaldo; Leesa B,0,7,30,30
1650914408330,MATH 109,B01,083215,Anzaldo; Leesa B,0,8,30,30
1650914408330,MATH 109,B02,083216,Anzaldo; Leesa B,0,7,30,30
1650914414354,MATH 142A,A01,083219,Chow; Bennett,0,15,30,30
1650914414354,MATH 142A,A02,083220,Chow; Bennett,0,15,30,30
1650914414354,MATH 142A,B01,083221,Chow; Bennett,0,16,30,30
1650914414354,MATH 142A,B02,083222,Chow; Bennett,0,14,30,30
1650914420381,MATH 193A,A01,083224,Staff,0,6,30,30
1650914420381,MATH 193A,A02,083225,Staff,0,7,30,30
1650914420381,MATH 193A,A03,083781,Staff,0,6,30,30
1650914420381,MATH 193A,A04,083782,Staff,0,7,30,30
1650914426416,MATH 197,001,091859,McAuley; Julian John,9998,0,9999,1
1650914432480,COGS 9,A01,083615,Staff,0,17,60,60
1650914438502,COGS 11,A01,083617,Boyle; Mary E. T.,15,0,40,25
1650914444529,COGS 13,A01,083071,Staff,0,38,40,40
1650914450553,COGS 14A,A01,092681,Staff,0,39,100,100
1650914456578,COGS 14B,A01,083073,Cheng; Tzu-Han,0,12,50,50
1650914462610,COGS 17,A01,092677,Staff,11,0,75,64
1650914468644,COGS 100,A01,083619,Staff,0,30,60,60
1650914474667,COGS 101A,A01,083621,Davis; Joshua Daniel,0,29,60,60
1650914480702,COGS 101B,A01,091572,Staff,0,4,60,60
1650914486730,COGS 101C,A01,083625,Delgado; Tania,14,0,30,16
1650914492757,COGS 107A,A01,083627,Boyle; Mary E. T.,0,16,60,60
1650914498786,COGS 118A,A01,083075,Staff,0,10,60,60
1650914504815,CSE 3,A50,083646,Miranda; Gregory Joseph,15,0,38,23
1650914504815,CSE 3,A51,083647,Miranda; Gregory Joseph,36,0,37,1
1650914510843,CSE 8A,A50,083650,Miranda; Gregory Joseph,0,31,40,40
1650914516865,CSE 11,A01,083080,Cao; Yingjun,0,98,40,40
1650914522889,CSE 12,A01,083652,Staff,0,22,100,100
1650914528920,CSE 15L,A01,083654,Staff,0,3,50,50
1650914528920,CSE 15L,A02,083655,Staff,0,3,50,50
1650914535020,CSE 20,A01,083657,Staff,48,0,80,32
1650914541043,CSE 30,A01,083084,Eldon; John,0,76,40,40
1650914547066,CSE 100,A01,083659,Cao; Yingjun,0,70,50,50
1650914553088,CSE 134B,A01,083661,Powell; Thomas Allan,0,38,65,65
1650914559114,CSE 140,A01,083663,Staff,1,13,75,74
1650914565137,CSE 140L,A01,083088,Eldon; John,0,21,75,75
1650914571181,CSE 175,A01,083665,Kumar; Rakesh,4,0,25,21
1650914577206,CSE 190,A00,092507,Dubnov; Shlomo,9,0,20,11
1650914583229,ECE 45,A01,083139,Staff,0,4,60,60
1650914589252,ECE 65,A50,083695,Staff,0,6,30,30
1650914595274,ECE 109,A01,091882,Touri; Behrouz,32,0,70,38
1650914601299,ECE 180,A00,083140,Abi Samra; Nicholas Camill,19,0,30,11
1650914601299,ECE 180,B00,083141,Abi Samra; Nicholas Camill,0,0,30,30
1650914607323,MATH 10A,A01,083735,Patchell; Gregory David,2,0,30,28
1650914607323,MATH 10A,A02,083736,Patchell; Gregory David,27,0,30,3
1650914607323,MATH 10A,A03,083737,Patchell; Gregory David,23,0,30,7
1650914613354,MATH 10B,A01,083207,Staff,0,9,30,30
1650914613354,MATH 10B,A02,083208,Staff,0,6,30,30
1650914613354,MATH 10B,B01,083739,Staff,10,0,30,20
1650914613354,MATH 10B,B02,083740,Staff,28,0,30,2
1650914619387,MATH 18,A01,083743,Staff,0,0,30,30
1650914619387,MATH 18,A02,083744,Staff,24,0,30,6
1650914619387,MATH 18,A03,083745,Staff,19,0,30,11
1650914619387,MATH 18,A04,083746,Staff,26,0,30,4
1650914619387,MATH 18,B01,083748,Staff,0,15,30,30
1650914619387,MATH 18,B02,083749,Staff,0,13,30,30
1650914619387,MATH 18,B03,083750,Staff,0,13,30,30
1650914619387,MATH 18,B04,083751,Staff,0,13,30,30
1650914625411,MATH 20A,A01,083754,Staff,19,0,40,21
1650914631439,MATH 20B,A01,083756,Staff,0,14,30,30
1650914631439,MATH 20B,A02,083757,Staff,0,11,30,30
1650914637462,MATH 20C,A01,083760,Staff,0,17,30,30
1650914637462,MATH 20C,A02,083761,Staff,1,16,30,29
1650914637462,MATH 20C,B01,083762,Staff,9,0,30,21
1650914637462,MATH 20C,B02,083763,Staff,28,0,30,2
1650914643484,MATH 20D,A01,083765,Staff,2,1,30,28
1650914643484,MATH 20D,A02,083766,Staff,6,0,30,24
1650914643484,MATH 20D,A03,083767,Staff,23,0,30,7
1650914649510,MATH 20E,A01,083771,Staff,2,0,30,28
1650914649510,MATH 20E,A02,083772,Staff,13,0,30,17
1650914649510,MATH 20E,B01,083773,Staff,0,0,30,30
1650914649510,MATH 20E,B02,083774,Staff,3,0,30,27
1650914655537,MATH 103A,A01,083777,Staff,0,17,30,30
1650914655537,MATH 103A,A02,083778,Staff,0,15,30,30
1650914655537,MATH 103A,B01,083779,Staff,0,15,30,30
1650914655537,MATH 103A,B02,083780,Staff,0,14,30,30
1650914661562,MATH 105,A01,085443,Staff,0,23,30,30
1650914667589,MATH 109,A01,083213,Anzaldo; Leesa B,0,7,30,30
1650914667589,MATH 109,A02,083214,Anzaldo; Leesa B,0,7,30,30
1650914667589,MATH 109,B01,083215,Anzaldo; Leesa B,0,8,30,30
1650914667589,MATH 109,B02,083216,Anzaldo; Leesa B,0,7,30,30
1650914673620,MATH 142A,A01,083219,Chow; Bennett,0,15,30,30
1650914673620,MATH 142A,A02,083220,Chow; Bennett,0,15,30,30
1650914673620,MATH 142A,B01,083221,Chow; Bennett,0,16,30,30
1650914673620,MATH 142A,B02,083222,Chow; Bennett,0,14,30,30
1650914679645,MATH 193A,A01,083224,Staff,0,6,30,30
1650914679645,MATH 193A,A02,083225,Staff,0,7,30,30
1650914679645,MATH 193A,A03,083781,Staff,0,6,30,30
1650914679645,MATH 193A,A04,083782,Staff,0,7,30,30
1650914685673,MATH 197,001,091859,McAuley; Julian John,9998,0,9999,1
1650914691724,COGS 9,A01,083615,Staff,0,17,60,60
1650914697747,COGS 11,A01,083617,Boyle; Mary E. T.,15,0,40,25
1650914703769,COGS 13,A01,083071,Staff,0,38,40,40
1650914709806,COGS 14A,A01,092681,Staff,0,39,100,100
1650914715830,COGS 14B,A01,083073,Cheng; Tzu-Han,0,12,50,50
1650914721855,COGS 17,A01,092677,Staff,11,0,75,64
1650914727877,COGS 100,A01,083619,Staff,0,30,60,60
1650914733908,COGS 101A,A01,083621,Davis; Joshua Daniel,0,29,60,60
1650914739935,COGS 101B,A01,091572,Staff,0,4,60,60
1650914745961,COGS 101C,A01,083625,Delgado; Tania,14,0,30,16
1650914751984,COGS 107A,A01,083627,Boyle; Mary E. T.,0,16,60,60
1650914758005,COGS 118A,A01,083075,Staff,0,10,60,60
1650914764036,CSE 3,A50,083646,Miranda; Gregory Joseph,15,0,38,23
1650914764036,CSE 3,A51,083647,Miranda; Gregory Joseph,36,0,37,1
1650914770061,CSE 8A,A50,083650,Miranda; Gregory Joseph,0,31,40,40
1650914776084,CSE 11,A01,083080,Cao; Yingjun,0,98,40,40
1650914782113,CSE 12,A01,083652,Staff,0,22,100,100
1650914788137,CSE 15L,A01,083654,Staff,0,3,50,50
1650914788137,CSE 15L,A02,083655,Staff,0,3,50,50
1650914794161,CSE 20,A01,083657,Staff,48,0,80,32
1650914800186,CSE 30,A01,083084,Eldon; John,0,76,40,40
1650914806213,CSE 100,A01,083659,Cao; Yingjun,0,70,50,50
1650914812246,CSE 134B,A01,083661,Powell; Thomas Allan,0,38,65,65
1650914818277,CSE 140,A01,083663,Staff,1,13,75,74
1650914824315,CSE 140L,A01,083088,Eldon; John,0,21,75,75
1650914830338,CSE 175,A01,083665,Kumar; Rakesh,4,0,25,21
1650914836360,CSE 190,A00,092507,Dubnov; Shlomo,9,0,20,11
1650914842384,ECE 45,A01,083139,Staff,0,4,60,60
1650914848419,ECE 65,A50,083695,Staff,0,6,30,30
1650914854444,ECE 109,A01,091882,Touri; Behrouz,32,0,70,38
1650914860477,ECE 180,A00,083140,Abi Samra; Nicholas Camill,19,0,30,11
1650914860477,ECE 180,B00,083141,Abi Samra; Nicholas Camill,0,0,30,30
1650914866501,MATH 10A,A01,083735,Patchell; Gregory David,2,0,30,28
1650914866501,MATH 10A,A02,083736,Patchell; Gregory David,27,0,30,3
1650914866501,MATH 10A,A03,083737,Patchell; Gregory David,23,0,30,7
1650914872525,MATH 10B,A01,083207,Staff,0,9,30,30
1650914872525,MATH 10B,A02,083208,Staff,0,6,30,30
1650914872525,MATH 10B,B01,083739,Staff,10,0,30,20
1650914872525,MATH 10B,B02,083740,Staff,28,0,30,2
1650914878549,MATH 18,A01,083743,Staff,0,0,30,30
1650914878549,MATH 18,A02,083744,Staff,24,0,30,6
1650914878549,MATH 18,A03,083745,Staff,19,0,30,11
1650914878549,MATH 18,A04,083746,Staff,26,0,30,4
1650914878549,MATH 18,B01,083748,Staff,0,15,30,30
1650914878549,MATH 18,B02,083749,Staff,0,13,30,30
1650914878549,MATH 18,B03,083750,Staff,0,13,30,30
1650914878549,MATH 18,B04,083751,Staff,0,13,30,30
1650914884574,MATH 20A,A01,083754,Staff,19,0,40,21
1650914890597,MATH 20B,A01,083756,Staff,0,14,30,30
1650914890597,MATH 20B,A02,083757,Staff,0,11,30,30
1650914896624,MATH 20C,A01,083760,Staff,0,17,30,30
1650914896624,MATH 20C,A02,083761,Staff,1,16,30,29
1650914896624,MATH 20C,B01,083762,Staff,9,0,30,21
1650914896624,MATH 20C,B02,083763,Staff,28,0,30,2
1650914902648,MATH 20D,A01,083765,Staff,2,1,30,28
1650914902648,MATH 20D,A02,083766,Staff,6,0,30,24
1650914902648,MATH 20D,A03,083767,Staff,23,0,30,7
1650914908673,MATH 20E,A01,083771,Staff,2,0,30,28
1650914908673,MATH 20E,A02,083772,Staff,13,0,30,17
1650914908673,MATH 20E,B01,083773,Staff,0,0,30,30
1650914908673,MATH 20E,B02,083774,Staff,3,0,30,27
1650914914703,MATH 103A,A01,083777,Staff,0,17,30,30
1650914914703,MATH 103A,A02,083778,Staff,0,15,30,30
1650914914703,MATH 103A,B01,083779,Staff,0,15,30,30
1650914914703,MATH 103A,B02,083780,Staff,0,14,30,30
1650914920729,MATH 105,A01,085443,Staff,0,23,30,30
1650914926757,MATH 109,A01,083213,Anzaldo; Leesa B,0,7,30,30
1650914926757,MATH 109,A02,083214,Anzaldo; Leesa B,0,7,30,30
1650914926757,MATH 109,B01,083215,Anzaldo; Leesa B,0,8,30,30
1650914926757,MATH 109,B02,083216,Anzaldo; Leesa B,0,7,30,30
1650914932789,MATH 142A,A01,083219,Chow; Bennett,0,15,30,30
1650914932789,MATH 142A,A02,083220,Chow; Bennett,0,15,30,30
1650914932789,MATH 142A,B01,083221,Chow; Bennett,0,16,30,30
1650914932789,MATH 142A,B02,083222,Chow; Bennett,0,14,30,30
1650914938817,MATH 193A,A01,083224,Staff,0,6,30,30
1650914938817,MATH 193A,A02,083225,Staff,0,7,30,30
1650914938817,MATH 193A,A03,083781,Staff,0,6,30,30
1650914938817,MATH 193A,A04,083782,Staff,0,7,30,30
1650914944841,MATH 197,001,091859,McAuley; Julian John,9998,0,9999,1
1650914950914,COGS 9,A01,083615,Staff,0,17,60,60
1650914956949,COGS 11,A01,083617,Boyle; Mary E. T.,15,0,40,25
1650914962974,COGS 13,A01,083071,Staff,0,38,40,40
1650914969002,COGS 14A,A01,092681,Staff,0,39,100,100
1650914975031,COGS 14B,A01,083073,Cheng; Tzu-Han,0,12,50,50
1650914981060,COGS 17,A01,092677,Staff,10,0,75,65
1650914987085,COGS 100,A01,083619,Staff,0,30,60,60
1650914993109,COGS 101A,A01,083621,Davis; Joshua Daniel,0,29,60,60
1650914999137,COGS 101B,A01,091572,Staff,0,4,60,60
1650915005159,COGS 101C,A01,083625,Delgado; Tania,14,0,30,16
1650915011188,COGS 107A,A01,083627,Boyle; Mary E. T.,0,16,60,60
1650915017216,COGS 118A,A01,083075,Staff,0,10,60,60
1650915023240,CSE 3,A50,083646,Miranda; Gregory Joseph,15,0,38,23
1650915023240,CSE 3,A51,083647,Miranda; Gregory Joseph,36,0,37,1
1650915029275,CSE 8A,A50,083650,Miranda; Gregory Joseph,0,31,40,40
1650915035298,CSE 11,A01,083080,Cao; Yingjun,0,98,40,40
1650915041322,CSE 12,A01,083652,Staff,0,22,100,100
1650915047344,CSE 15L,A01,083654,Staff,0,3,50,50
1650915047344,CSE 15L,A02,083655,Staff,0,3,50,50
1650915053373,CSE 20,A01,083657,Staff,48,0,80,32
1650915059401,CSE 30,A01,083084,Eldon; John,0,76,40,40
1650915065422,CSE 100,A01,083659,Cao; Yingjun,0,70,50,50
1650915071444,CSE 134B,A01,083661,Powell; Thomas Allan,0,38,65,65
1650915077467,CSE 140,A01,083663,Staff,1,13,75,74
1650915083490,CSE 140L,A01,083088,Eldon; John,0,21,75,75
1650915089515,CSE 175,A01,083665,Kumar; Rakesh,4,0,25,21
1650915095549,CSE 190,A00,092507,Dubnov; Shlomo,9,0,20,11
1650915101579,ECE 45,A01,083139,Staff,0,4,60,60
1650915107609,ECE 65,A50,083695,Staff,0,6,30,30
1650915113635,ECE 109,A01,091882,Touri; Behrouz,32,0,70,38
1650915119674,ECE 180,A00,083140,Abi Samra; Nicholas Camill,19,0,30,11
1650915119674,ECE 180,B00,083141,Abi Samra; Nicholas Camill,0,0,30,30
1650915125703,MATH 10A,A01,083735,Patchell; Gregory David,2,0,30,28
1650915125703,MATH 10A,A02,083736,Patchell; Gregory David,27,0,30,3
1650915125703,MATH 10A,A03,083737,Patchell; Gregory David,23,0,30,7
1650915131809,MATH 10B,A01,083207,Staff,0,9,30,30
1650915131809,MATH 10B,A02,083208,Staff,0,6,30,30
1650915131809,MATH 10B,B01,083739,Staff,10,0,30,20
1650915131809,MATH 10B,B02,083740,Staff,28,0,30,2
1650915137849,MATH 18,A01,083743,Staff,0,0,30,30
1650915137849,MATH 18,A02,083744,Staff,24,0,30,6
1650915137849,MATH 18,A03,083745,Staff,19,0,30,11
1650915137849,MATH 18,A04,083746,Staff,26,0,30,4
1650915137849,MATH 18,B01,083748,Staff,0,15,30,30
1650915137849,MATH 18,B02,083749,Staff,0,13,30,30
1650915137849,MATH 18,B03,083750,Staff,0,13,30,30
1650915137849,MATH 18,B04,083751,Staff,0,13,30,30
1650915143878,MATH 20A,A01,083754,Staff,19,0,40,21
1650915149910,MATH 20B,A01,083756,Staff,0,14,30,30
1650915149910,MATH 20B,A02,083757,Staff,0,11,30,30
1650915155933,MATH 20C,A01,083760,Staff,0,17,30,30
1650915155933,MATH 20C,A02,083761,Staff,1,16,30,29
1650915155933,MATH 20C,B01,083762,Staff,9,0,30,21
1650915155933,MATH 20C,B02,083763,Staff,28,0,30,2
1650915161963,MATH 20D,A01,083765,Staff,2,1,30,28
1650915161963,MATH 20D,A02,083766,Staff,6,0,30,24
1650915161963,MATH 20D,A03,083767,Staff,23,0,30,7
1650915167991,MATH 20E,A01,083771,Staff,2,0,30,28
1650915167991,MATH 20E,A02,083772,Staff,13,0,30,17
1650915167991,MATH 20E,B01,083773,Staff,0,0,30,30
1650915167991,MATH 20E,B02,083774,Staff,3,0,30,27
1650915174029,MATH 103A,A01,083777,Staff,0,17,30,30
1650915174029,MATH 103A,A02,083778,Staff,0,15,30,30
1650915174029,MATH 103A,B01,083779,Staff,0,15,30,30
1650915174029,MATH 103A,B02,083780,Staff,0,14,30,30
1650915180066,MATH 105,A01,085443,Staff,0,23,30,30
1650915186089,MATH 109,A01,083213,Anzaldo; Leesa B,0,7,30,30
1650915186089,MATH 109,A02,083214,Anzaldo; Leesa B,0,7,30,30
1650915186089,MATH 109,B01,083215,Anzaldo; Leesa B,0,8,30,30
1650915186089,MATH 109,B02,083216,Anzaldo; Leesa B,0,7,30,30
1650915192112,MATH 142A,A01,083219,Chow; Bennett,0,15,30,30
1650915192112,MATH 142A,A02,083220,Chow; Bennett,0,15,30,30
1650915192112,MATH 142A,B01,083221,Chow; Bennett,0,16,30,30
1650915192112,MATH 142A,B02,083222,Chow; Bennett,0,14,30,30
1650915198138,MATH 193A,A01,083224,Staff,0,6,30,30
1650915198138,MATH 193A,A02,083225,Staff,0,7,30,30
1650915198138,MATH 193A,A03,083781,Staff,0,6,30,30
1650915198138,MATH 193A,A04,083782,Staff,0,7,30,30
1650915204167,MATH 197,001,091859,McAuley; Julian John,9998,0,9999,1
1650915210222,COGS 9,A01,083615,Staff,0,17,60,60
1650915216259,COGS 11,A01,083617,Boyle; Mary E. T.,15,0,40,25
1650915222283,COGS 13,A01,083071,Staff,0,38,40,40
1650915228309,COGS 14A,A01,092681,Staff,0,39,100,100
1650915234332,COGS 14B,A01,083073,Cheng; Tzu-Han,0,12,50,50
1650915240370,COGS 17,A01,092677,Staff,10,0,75,65
1650915246401,COGS 100,A01,083619,Staff,0,30,60,60
1650915252435,COGS 101A,A01,083621,Davis; Joshua Daniel,0,29,60,60
1650915258478,COGS 101B,A01,091572,Staff,0,4,60,60
1650915264501,COGS 101C,A01,083625,Delgado; Tania,14,0,30,16
1650915270531,COGS 107A,A01,083627,Boyle; Mary E. T.,0,16,60,60
1650915276555,COGS 118A,A01,083075,Staff,0,10,60,60
1650915282584,CSE 3,A50,083646,Miranda; Gregory Joseph,15,0,38,23
1650915282584,CSE 3,A51,083647,Miranda; Gregory Joseph,36,0,37,1
1650915288615,CSE 8A,A50,083650,Miranda; Gregory Joseph,0,31,40,40
1650915294641,CSE 11,A01,083080,Cao; Yingjun,0,98,40,40
1650915300668,CSE 12,A01,083652,Staff,0,22,100,100
1650915306701,CSE 15L,A01,083654,Staff,0,3,50,50
1650915306701,CSE 15L,A02,083655,Staff,0,3,50,50
1650915312724,CSE 20,A01,083657,Staff,48,0,80,32
1650915318747,CSE 30,A01,083084,Eldon; John,0,76,40,40
1650915324781,CSE 100,A01,083659,Cao; Yingjun,0,70,50,50
1650915330807,CSE 134B,A01,083661,Powell; Thomas Allan,0,38,65,65
1650915336837,CSE 140,A01,083663,Staff,1,13,75,74
1650915342860,CSE 140L,A01,083088,Eldon; John,0,21,75,75
1650915348885,CSE 175,A01,083665,Kumar; Rakesh,4,0,25,21
1650915354908,CSE 190,A00,092507,Dubnov; Shlomo,9,0,20,11
1650915360931,ECE 45,A01,083139,Staff,0,4,60,60
1650915366958,ECE 65,A50,083695,Staff,0,6,30,30
1650915372981,ECE 109,A01,091882,Touri; Behrouz,32,0,70,38
1650915379011,ECE 180,A00,083140,Abi Samra; Nicholas Camill,19,0,30,11
1650915379011,ECE 180,B00,083141,Abi Samra; Nicholas Camill,0,0,30,30
1650915385036,MATH 10A,A01,083735,Patchell; Gregory David,2,0,30,28
1650915385036,MATH 10A,A02,083736,Patchell; Gregory David,27,0,30,3
1650915385036,MATH 10A,A03,083737,Patchell; Gregory David,23,0,30,7
1650915391062,MATH 10B,A01,083207,Staff,0,9,30,30
1650915391062,MATH 10B,A02,083208,Staff,0,6,30,30
1650915391062,MATH 10B,B01,083739,Staff,10,0,30,20
1650915391062,MATH 10B,B02,083740,Staff,28,0,30,2
1650915397105,MATH 18,A01,083743,Staff,0,0,30,30
1650915397105,MATH 18,A02,083744,Staff,24,0,30,6
1650915397105,MATH 18,A03,083745,Staff,19,0,30,11
1650915397105,MATH 18,A04,083746,Staff,26,0,30,4
1650915397105,MATH 18,B01,083748,Staff,0,15,30,30
1650915397105,MATH 18,B02,083749,Staff,0,13,30,30
1650915397105,MATH 18,B03,083750,Staff,0,13,30,30
1650915397105,MATH 18,B04,083751,Staff,0,13,30,30
1650915403142,MATH 20A,A01,083754,Staff,19,0,40,21
1650915409166,MATH 20B,A01,083756,Staff,0,14,30,30
1650915409166,MATH 20B,A02,083757,Staff,0,11,30,30
1650915415211,MATH 20C,A01,083760,Staff,0,17,30,30
1650915415211,MATH 20C,A02,083761,Staff,1,16,30,29
1650915415211,MATH 20C,B01,083762,Staff,9,0,30,21
1650915415211,MATH 20C,B02,083763,Staff,28,0,30,2
1650915421244,MATH 20D,A01,083765,Staff,2,1,30,28
1650915421244,MATH 20D,A02,083766,Staff,6,0,30,24
1650915421244,MATH 20D,A03,083767,Staff,23,0,30,7
1650915427270,MATH 20E,A01,083771,Staff,2,0,30,28
1650915427270,MATH 20E,A02,083772,Staff,13,0,30,17
1650915427270,MATH 20E,B01,083773,Staff,0,0,30,30
1650915427270,MATH 20E,B02,083774,Staff,3,0,30,27
1650915433297,MATH 103A,A01,083777,Staff,0,17,30,30
1650915433297,MATH 103A,A02,083778,Staff,0,15,30,30
1650915433297,MATH 103A,B01,083779,Staff,0,15,30,30
1650915433297,MATH 103A,B02,083780,Staff,0,14,30,30
1650915439321,MATH 105,A01,085443,Staff,0,23,30,30
1650915445344,MATH 109,A01,083213,Anzaldo; Leesa B,0,7,30,30
1650915445344,MATH 109,A02,083214,Anzaldo; Leesa B,0,7,30,30
1650915445344,MATH 109,B01,083215,Anzaldo; Leesa B,0,8,30,30
1650915445344,MATH 109,B02,083216,Anzaldo; Leesa B,0,7,30,30
1650915451375,MATH 142A,A01,083219,Chow; Bennett,0,15,30,30
1650915451375,MATH 142A,A02,083220,Chow; Bennett,0,15,30,30
1650915451375,MATH 142A,B01,083221,Chow; Bennett,0,16,30,30
1650915451375,MATH 142A,B02,083222,Chow; Bennett,0,14,30,30
1650915457407,MATH 193A,A01,083224,Staff,0,6,30,30
1650915457407,MATH 193A,A02,083225,Staff,0,7,30,30
1650915457407,MATH 193A,A03,083781,Staff,0,6,30,30
1650915457407,MATH 193A,A04,083782,Staff,0,7,30,30
1650915463429,MATH 197,001,091859,McAuley; Julian John,9998,0,9999,1
1650915469480,COGS 9,A01,083615,Staff,0,17,60,60
1650915475503,COGS 11,A01,083617,Boyle; Mary E. T.,15,0,40,25
1650915481525,COGS 13,A01,083071,Staff,0,38,40,40
1650915487550,COGS 14A,A01,092681,Staff,0,39,100,100
1650915493573,COGS 14B,A01,083073,Cheng; Tzu-Han,0,12,50,50
1650915499598,COGS 17,A01,092677,Staff,10,0,75,65
1650915505630,COGS 100,A01,083619,Staff,0,30,60,60
1650915511657,COGS 101A,A01,083621,Davis; Joshua Daniel,0,29,60,60
1650915517689,COGS 101B,A01,091572,Staff,0,4,60,60
1650915523713,COGS 101C,A01,083625,Delgado; Tania,14,0,30,16
1650915529736,COGS 107A,A01,083627,Boyle; Mary E. T.,0,16,60,60
1650915535776,COGS 118A,A01,083075,Staff,0,10,60,60
1650915541800,CSE 3,A50,083646,Miranda; Gregory Joseph,15,0,38,23
1650915541800,CSE 3,A51,083647,Miranda; Gregory Joseph,36,0,37,1
1650915547822,CSE 8A,A50,083650,Miranda; Gregory Joseph,0,31,40,40
1650915553845,CSE 11,A01,083080,Cao; Yingjun,0,98,40,40
1650915559867,CSE 12,A01,083652,Staff,0,22,100,100
1650915565891,CSE 15L,A01,083654,Staff,0,3,50,50
1650915565891,CSE 15L,A02,083655,Staff,0,3,50,50
1650915571917,CSE 20,A01,083657,Staff,48,0,80,32
1650915577949,CSE 30,A01,083084,Eldon; John,0,76,40,40
1650915583977,CSE 100,A01,083659,Cao; Yingjun,0,70,50,50
1650915590003,CSE 134B,A01,083661,Powell; Thomas Allan,0,38,65,65
1650915596027,CSE 140,A01,083663,Staff,1,13,75,74
1650915602048,CSE 140L,A01,083088,Eldon; John,0,21,75,75
1650915608072,CSE 175,A01,083665,Kumar; Rakesh,4,0,25,21
1650915614097,CSE 190,A00,092507,Dubnov; Shlomo,9,0,20,11
1650915620122,ECE 45,A01,083139,Staff,0,4,60,60
1650915626148,ECE 65,A50,083695,Staff,0,6,30,30
1650915632172,ECE 109,A01,091882,Touri; Behrouz,32,0,70,38
1650915638208,ECE 180,A00,083140,Abi Samra; Nicholas Camill,19,0,30,11
1650915638208,ECE 180,B00,083141,Abi Samra; Nicholas Camill,0,0,30,30
1650915644234,MATH 10A,A01,083735,Patchell; Gregory David,2,0,30,28
1650915644234,MATH 10A,A02,083736,Patchell; Gregory David,27,0,30,3
1650915644234,MATH 10A,A03,083737,Patchell; Gregory David,23,0,30,7
1650915650272,MATH 10B,A01,083207,Staff,0,9,30,30
1650915650272,MATH 10B,A02,083208,Staff,0,6,30,30
1650915650272,MATH 10B,B01,083739,Staff,10,0,30,20
1650915650272,MATH 10B,B02,083740,Staff,28,0,30,2
1650915656296,MATH 18,A01,083743,Staff,0,0,30,30
1650915656296,MATH 18,A02,083744,Staff,24,0,30,6
1650915656296,MATH 18,A03,083745,Staff,19,0,30,11
1650915656296,MATH 18,A04,083746,Staff,26,0,30,4
1650915656296,MATH 18,B01,083748,Staff,0,15,30,30
1650915656296,MATH 18,B02,083749,Staff,0,13,30,30
1650915656296,MATH 18,B03,083750,Staff,0,13,30,30
1650915656296,MATH 18,B04,083751,Staff,0,13,30,30
1650915662328,MATH 20A,A01,083754,Staff,19,0,40,21
1650915668350,MATH 20B,A01,083756,Staff,0,14,30,30
1650915668350,MATH 20B,A02,083757,Staff,0,11,30,30
1650915674381,MATH 20C,A01,083760,Staff,0,17,30,30
1650915674381,MATH 20C,A02,083761,Staff,1,16,30,29
1650915674381,MATH 20C,B01,083762,Staff,9,0,30,21
1650915674381,MATH 20C,B02,083763,Staff,28,0,30,2
1650915680405,MATH 20D,A01,083765,Staff,2,1,30,28
1650915680405,MATH 20D,A02,083766,Staff,6,0,30,24
1650915680405,MATH 20D,A03,083767,Staff,23,0,30,7
1650915686428,MATH 20E,A01,083771,Staff,2,0,30,28
1650915686428,MATH 20E,A02,083772,Staff,13,0,30,17
1650915686428,MATH 20E,B01,083773,Staff,0,0,30,30
1650915686428,MATH 20E,B02,083774,Staff,3,0,30,27
1650915692453,MATH 103A,A01,083777,Staff,0,17,30,30
1650915692453,MATH 103A,A02,083778,Staff,0,15,30,30
1650915692453,MATH 103A,B01,083779,Staff,0,15,30,30
1650915692453,MATH 103A,B02,083780,Staff,0,14,30,30
1650915698479,MATH 105,A01,085443,Staff,0,23,30,30
1650915704502,MATH 109,A01,083213,Anzaldo; Leesa B,0,7,30,30
1650915704502,MATH 109,A02,083214,Anzaldo; Leesa B,0,7,30,30
1650915704502,MATH 109,B01,083215,Anzaldo; Leesa B,0,8,30,30
1650915704502,MATH 109,B02,083216,Anzaldo; Leesa B,0,7,30,30
1650915710529,MATH 142A,A01,083219,Chow; Bennett,0,15,30,30
1650915710529,MATH 142A,A02,083220,Chow; Bennett,0,15,30,30
1650915710529,MATH 142A,B01,083221,Chow; Bennett,0,16,30,30
1650915710529,MATH 142A,B02,083222,Chow; Bennett,0,14,30,30
1650915716555,MATH 193A,A01,083224,Staff,0,6,30,30
1650915716555,MATH 193A,A02,083225,Staff,0,7,30,30
1650915716555,MATH 193A,A03,083781,Staff,0,6,30,30
1650915716555,MATH 193A,A04,083782,Staff,0,7,30,30
1650915722591,MATH 197,001,091859,McAuley; Julian John,9998,0,9999,1
1650915728740,COGS 9,A01,083615,Staff,0,17,60,60
1650915734763,COGS 11,A01,083617,Boyle; Mary E. T.,15,0,40,25
1650915740787,COGS 13,A01,083071,Staff,0,38,40,40
1650915746809,COGS 14A,A01,092681,Staff,0,39,100,100
1650915752840,COGS 14B,A01,083073,Cheng; Tzu-Han,0,12,50,50
1650915758875,COGS 17,A01,092677,Staff,10,0,75,65
1650915764900,COGS 100,A01,083619,Staff,0,30,60,60
1650915770929,COGS 101A,A01,083621,Davis; Joshua Daniel,0,29,60,60
1650915776954,COGS 101B,A01,091572,Staff,0,4,60,60
1650915782982,COGS 101C,A01,083625,Delgado; Tania,14,0,30,16
1650915789017,COGS 107A,A01,083627,Boyle; Mary E. T.,0,16,60,60
1650915795040,COGS 118A,A01,083075,Staff,0,10,60,60
1650915801065,CSE 3,A50,083646,Miranda; Gregory Joseph,15,0,38,23
1650915801065,CSE 3,A51,083647,Miranda; Gregory Joseph,36,0,37,1
1650915807089,CSE 8A,A50,083650,Miranda; Gregory Joseph,0,31,40,40
1650915813112,CSE 11,A01,083080,Cao; Yingjun,0,98,40,40
1650915819135,CSE 12,A01,083652,Staff,0,22,100,100
1650915825160,CSE 15L,A01,083654,Staff,0,3,50,50
1650915825160,CSE 15L,A02,083655,Staff,0,3,50,50
1650915831191,CSE 20,A01,083657,Staff,48,0,80,32
1650915837214,CSE 30,A01,083084,Eldon; John,0,76,40,40
1650915843241,CSE 100,A01,083659,Cao; Yingjun,0,70,50,50
1650915849264,CSE 134B,A01,083661,Powell; Thomas Allan,0,38,65,65
1650915855288,CSE 140,A01,083663,Staff,1,13,75,74
1650915861315,CSE 140L,A01,083088,Eldon; John,0,21,75,75
1650915867341,CSE 175,A01,083665,Kumar; Rakesh,4,0,25,21
1650915873364,CSE 190,A00,092507,Dubnov; Shlomo,9,0,20,11
1650915879392,ECE 45,A01,083139,Staff,0,4,60,60
1650915885427,ECE 65,A50,083695,Staff,0,6,30,30
1650915891459,ECE 109,A01,091882,Touri; Behrouz,32,0,70,38
1650915897493,ECE 180,A00,083140,Abi Samra; Nicholas Camill,19,0,30,11
1650915897493,ECE 180,B00,083141,Abi Samra; Nicholas Camill,0,0,30,30
1650915903514,MATH 10A,A01,083735,Patchell; Gregory David,2,0,30,28
1650915903514,MATH 10A,A02,083736,Patchell; Gregory David,27,0,30,3
1650915903514,MATH 10A,A03,083737,Patchell; Gregory David,23,0,30,7
1650915909537,MATH 10B,A01,083207,Staff,0,9,30,30
1650915909537,MATH 10B,A02,083208,Staff,0,6,30,30
1650915909537,MATH 10B,B01,083739,Staff,10,0,30,20
1650915909537,MATH 10B,B02,083740,Staff,28,0,30,2
1650915915562,MATH 18,A01,083743,Staff,0,0,30,30
1650915915562,MATH 18,A02,083744,Staff,24,0,30,6
1650915915562,MATH 18,A03,083745,Staff,19,0,30,11
1650915915562,MATH 18,A04,083746,Staff,26,0,30,4
1650915915562,MATH 18,B01,083748,Staff,0,15,30,30
1650915915562,MATH 18,B02,083749,Staff,0,13,30,30
1650915915562,MATH 18,B03,083750,Staff,0,13,30,30
1650915915562,MATH 18,B04,083751,Staff,0,13,30,30
1650915921586,MATH 20A,A01,083754,Staff,19,0,40,21
1650915927609,MATH 20B,A01,083756,Staff,0,14,30,30
1650915927609,MATH 20B,A02,083757,Staff,0,11,30,30
1650915933640,MATH 20C,A01,083760,Staff,0,17,30,30
1650915933640,MATH 20C,A02,083761,Staff,1,16,30,29
1650915933640,MATH 20C,B01,083762,Staff,9,0,30,21
1650915933640,MATH 20C,B02,083763,Staff,28,0,30,2
1650915939666,MATH 20D,A01,083765,Staff,2,1,30,28
1650915939666,MATH 20D,A02,083766,Staff,6,0,30,24
1650915939666,MATH 20D,A03,083767,Staff,23,0,30,7
1650915945690,MATH 20E,A01,083771,Staff,2,0,30,28
1650915945690,MATH 20E,A02,083772,Staff,13,0,30,17
1650915945690,MATH 20E,B01,083773,Staff,0,0,30,30
1650915945690,MATH 20E,B02,083774,Staff,3,0,30,27
1650915951716,MATH 103A,A01,083777,Staff,0,17,30,30
1650915951716,MATH 103A,A02,083778,Staff,0,15,30,30
1650915951716,MATH 103A,B01,083779,Staff,0,15,30,30
1650915951716,MATH 103A,B02,083780,Staff,0,14,30,30
1650915957743,MATH 105,A01,085443,Staff,0,23,30,30
1650915963775,MATH 109,A01,083213,Anzaldo; Leesa B,0,7,30,30
1650915963775,MATH 109,A02,083214,Anzaldo; Leesa B,0,7,30,30
1650915963775,MATH 109,B01,083215,Anzaldo; Leesa B,0,8,30,30
1650915963775,MATH 109,B02,083216,Anzaldo; Leesa B,0,7,30,30
1650915969802,MATH 142A,A01,083219,Chow; Bennett,0,15,30,30
1650915969802,MATH 142A,A02,083220,Chow; Bennett,0,15,30,30
1650915969802,MATH 142A,B01,083221,Chow; Bennett,0,16,30,30
1650915969802,MATH 142A,B02,083222,Chow; Bennett,0,14,30,30
1650915975829,MATH 193A,A01,083224,Staff,0,6,30,30
1650915975829,MATH 193A,A02,083225,Staff,0,7,30,30
1650915975829,MATH 193A,A03,083781,Staff,0,6,30,30
1650915975829,MATH 193A,A04,083782,Staff,0,7,30,30
1650915981852,MATH 197,001,091859,McAuley; Julian John,9998,0,9999,1
1650915987901,COGS 9,A01,083615,Staff,0,17,60,60
1650915993924,COGS 11,A01,083617,Boyle; Mary E. T.,15,0,40,25
1650915999950,COGS 13,A01,083071,Staff,0,38,40,40
1650916005972,COGS 14A,A01,092681,Staff,0,39,100,100
1650916012000,COGS 14B,A01,083073,Cheng; Tzu-Han,0,12,50,50
1650916018026,COGS 17,A01,092677,Staff,10,0,75,65
1650916024055,COGS 100,A01,083619,Staff,0,30,60,60
1650916030085,COGS 101A,A01,083621,Davis; Joshua Daniel,0,29,60,60
1650916036118,COGS 101B,A01,091572,Staff,0,4,60,60
1650916042142,COGS 101C,A01,083625,Delgado; Tania,14,0,30,16
1650916048166,COGS 107A,A01,083627,Boyle; Mary E. T.,0,16,60,60
1650916054191,COGS 118A,A01,083075,Staff,0,10,60,60
1650916060218,CSE 3,A50,083646,Miranda; Gregory Joseph,15,0,38,23
1650916060218,CSE 3,A51,083647,Miranda; Gregory Joseph,36,0,37,1
1650916066243,CSE 8A,A50,083650,Miranda; Gregory Joseph,0,31,40,40
1650916072271,CSE 11,A01,083080,Cao; Yingjun,0,98,40,40
1650916078300,CSE 12,A01,083652,Staff,0,22,100,100
1650916084323,CSE 15L,A01,083654,Staff,0,3,50,50
1650916084323,CSE 15L,A02,083655,Staff,0,3,50,50
1650916090346,CSE 20,A01,083657,Staff,48,0,80,32
1650916096369,CSE 30,A01,083084,Eldon; John,0,76,40,40
1650916102395,CSE 100,A01,083659,Cao; Yingjun,0,70,50,50
1650916108426,CSE 134B,A01,083661,Powell; Thomas Allan,0,38,65,65
1650916114452,CSE 140,A01,083663,Staff,1,13,75,74
1650916120479,CSE 140L,A01,083088,Eldon; John,0,21,75,75
1650916126505,CSE 175,A01,083665,Kumar; Rakesh,3,0,25,22
1650916132529,CSE 190,A00,092507,Dubnov; Shlomo,9,0,20,11
1650916138552,ECE 45,A01,083139,Staff,0,4,60,60
1650916144579,ECE 65,A50,083695,Staff,0,6,30,30
1650916150603,ECE 109,A01,091882,Touri; Behrouz,32,0,70,38
1650916156665,ECE 180,A00,083140,Abi Samra; Nicholas Camill,19,0,30,11
1650916156665,ECE 180,B00,083141,Abi Samra; Nicholas Camill,0,0,30,30
1650916162691,MATH 10A,A01,083735,Patchell; Gregory David,2,0,30,28
1650916162691,MATH 10A,A02,083736,Patchell; Gregory David,27,0,30,3
1650916162691,MATH 10A,A03,083737,Patchell; Gregory David,23,0,30,7
1650916168720,MATH 10B,A01,083207,Staff,0,9,30,30
1650916168720,MATH 10B,A02,083208,Staff,0,6,30,30
1650916168720,MATH 10B,B01,083739,Staff,10,0,30,20
1650916168720,MATH 10B,B02,083740,Staff,28,0,30,2
1650916174746,MATH 18,A01,083743,Staff,0,0,30,30
1650916174746,MATH 18,A02,083744,Staff,24,0,30,6
1650916174746,MATH 18,A03,083745,Staff,19,0,30,11
1650916174746,MATH 18,A04,083746,Staff,26,0,30,4
1650916174746,MATH 18,B01,083748,Staff,0,15,30,30
1650916174746,MATH 18,B02,083749,Staff,0,13,30,30
1650916174746,MATH 18,B03,083750,Staff,0,13,30,30
1650916174746,MATH 18,B04,083751,Staff,0,13,30,30
1650916180774,MATH 20A,A01,083754,Staff,19,0,40,21
1650916186799,MATH 20B,A01,083756,Staff,0,14,30,30
1650916186799,MATH 20B,A02,083757,Staff,0,11,30,30
1650916192822,MATH 20C,A01,083760,Staff,0,17,30,30
1650916192822,MATH 20C,A02,083761,Staff,1,16,30,29
1650916192822,MATH 20C,B01,083762,Staff,9,0,30,21
1650916192822,MATH 20C,B02,083763,Staff,28,0,30,2
1650916198850,MATH 20D,A01,083765,Staff,2,1,30,28
1650916198850,MATH 20D,A02,083766,Staff,5,0,30,25
1650916198850,MATH 20D,A03,083767,Staff,23,0,30,7
1650916204876,MATH 20E,A01,083771,Staff,2,0,30,28
1650916204876,MATH 20E,A02,083772,Staff,13,0,30,17
1650916204876,MATH 20E,B01,083773,Staff,0,0,30,30
1650916204876,MATH 20E,B02,083774,Staff,3,0,30,27
1650916210913,MATH 103A,A01,083777,Staff,0,17,30,30
1650916210913,MATH 103A,A02,083778,Staff,0,15,30,30
1650916210913,MATH 103A,B01,083779,Staff,0,15,30,30
1650916210913,MATH 103A,B02,083780,Staff,0,14,30,30
1650916216939,MATH 105,A01,085443,Staff,0,23,30,30
1650916222963,MATH 109,A01,083213,Anzaldo; Leesa B,0,7,30,30
1650916222963,MATH 109,A02,083214,Anzaldo; Leesa B,0,7,30,30
1650916222963,MATH 109,B01,083215,Anzaldo; Leesa B,0,8,30,30
1650916222963,MATH 109,B02,083216,Anzaldo; Leesa B,0,7,30,30
1650916228993,MATH 142A,A01,083219,Chow; Bennett,0,15,30,30
1650916228993,MATH 142A,A02,083220,Chow; Bennett,0,15,30,30
1650916228993,MATH 142A,B01,083221,Chow; Bennett,0,16,30,30
1650916228993,MATH 142A,B02,083222,Chow; Bennett,0,14,30,30
1650916235020,MATH 193A,A01,083224,Staff,0,6,30,30
1650916235020,MATH 193A,A02,083225,Staff,0,7,30,30
1650916235020,MATH 193A,A03,083781,Staff,0,6,30,30
1650916235020,MATH 193A,A04,083782,Staff,0,7,30,30
1650916241042,MATH 197,001,091859,McAuley; Julian John,9998,0,9999,1
1650916247092,COGS 9,A01,083615,Staff,0,17,60,60
1650916253116,COGS 11,A01,083617,Boyle; Mary E. T.,15,0,40,25
1650916259138,COGS 13,A01,083071,Staff,0,38,40,40
1650916265162,COGS 14A,A01,092681,Staff,0,39,100,100
1650916271206,COGS 14B,A01,083073,Cheng; Tzu-Han,0,12,50,50
1650916277231,COGS 17,A01,092677,Staff,10,0,75,65
1650916283254,COGS 100,A01,083619,Staff,0,30,60,60
1650916289281,COGS 101A,A01,083621,Davis; Joshua Daniel,0,29,60,60
1650916295305,COGS 101B,A01,091572,Staff,0,4,60,60
1650916301327,COGS 101C,A01,083625,Delgado; Tania,14,0,30,16
1650916307350,COGS 107A,A01,083627,Boyle; Mary E. T.,0,16,60,60
1650916313380,COGS 118A,A01,083075,Staff,0,10,60,60
1650916319499,CSE 3,A50,083646,Miranda; Gregory Joseph,15,0,38,23
1650916319499,CSE 3,A51,083647,Miranda; Gregory Joseph,36,0,37,1
1650916325522,CSE 8A,A50,083650,Miranda; Gregory Joseph,0,31,40,40
1650916331545,CSE 11,A01,083080,Cao; Yingjun,0,98,40,40
1650916337572,CSE 12,A01,083652,Staff,0,22,100,100
1650916343595,CSE 15L,A01,083654,Staff,0,3,50,50
1650916343595,CSE 15L,A02,083655,Staff,0,3,50,50
1650916349621,CSE 20,A01,083657,Staff,48,0,80,32
1650916355650,CSE 30,A01,083084,Eldon; John,0,76,40,40
1650916361675,CSE 100,A01,083659,Cao; Yingjun,0,70,50,50
1650916367716,CSE 134B,A01,083661,Powell; Thomas Allan,0,38,65,65
1650916373740,CSE 140,A01,083663,Staff,1,13,75,74
1650916379767,CSE 140L,A01,083088,Eldon; John,0,21,75,75
1650916385794,CSE 175,A01,083665,Kumar; Rakesh,3,0,25,22
1650916391822,CSE 190,A00,092507,Dubnov; Shlomo,9,0,20,11
1650916397851,ECE 45,A01,083139,Staff,0,4,60,60
1650916403875,ECE 65,A50,083695,Staff,0,6,30,30
1650916409897,ECE 109,A01,091882,Touri; Behrouz,32,0,70,38
1650916415931,ECE 180,A00,083140,Abi Samra; Nicholas Camill,19,0,30,11
1650916415931,ECE 180,B00,083141,Abi Samra; Nicholas Camill,0,0,30,30
1650916421958,MATH 10A,A01,083735,Patchell; Gregory David,2,0,30,28
1650916421958,MATH 10A,A02,083736,Patchell; Gregory David,27,0,30,3
1650916421958,MATH 10A,A03,083737,Patchell; Gregory David,23,0,30,7
1650916427989,MATH 10B,A01,083207,Staff,0,9,30,30
1650916427989,MATH 10B,A02,083208,Staff,0,6,30,30
1650916427989,MATH 10B,B01,083739,Staff,10,0,30,20
1650916427989,MATH 10B,B02,083740,Staff,28,0,30,2
1650916434020,MATH 18,A01,083743,Staff,0,0,30,30
1650916434020,MATH 18,A02,083744,Staff,24,0,30,6
1650916434020,MATH 18,A03,083745,Staff,19,0,30,11
1650916434020,MATH 18,A04,083746,Staff,26,0,30,4
1650916434020,MATH 18,B01,083748,Staff,0,15,30,30
1650916434020,MATH 18,B02,083749,Staff,0,13,30,30
1650916434020,MATH 18,B03,083750,Staff,0,13,30,30
1650916434020,MATH 18,B04,083751,Staff,0,13,30,30
1650916440048,MATH 20A,A01,083754,Staff,19,0,40,21
1650916446072,MATH 20B,A01,083756,Staff,0,14,30,30
1650916446072,MATH 20B,A02,083757,Staff,0,11,30,30
1650916452099,MATH 20C,A01,083760,Staff,0,17,30,30
1650916452099,MATH 20C,A02,083761,Staff,1,16,30,29
1650916452099,MATH 20C,B01,083762,Staff,9,0,30,21
1650916452099,MATH 20C,B02,083763,Staff,28,0,30,2
1650916458126,MATH 20D,A01,083765,Staff,2,1,30,28
1650916458126,MATH 20D,A02,083766,Staff,5,0,30,25
1650916458126,MATH 20D,A03,083767,Staff,23,0,30,7
1650916464152,MATH 20E,A01,083771,Staff,2,0,30,28
1650916464152,MATH 20E,A02,083772,Staff,13,0,30,17
1650916464152,MATH 20E,B01,083773,Staff,0,0,30,30
1650916464152,MATH 20E,B02,083774,Staff,3,0,30,27
1650916470183,MATH 103A,A01,083777,Staff,0,17,30,30
1650916470183,MATH 103A,A02,083778,Staff,0,15,30,30
1650916470183,MATH 103A,B01,083779,Staff,0,15,30,30
1650916470183,MATH 103A,B02,083780,Staff,0,14,30,30
1650916476206,MATH 105,A01,085443,Staff,0,23,30,30
1650916482231,MATH 109,A01,083213,Anzaldo; Leesa B,0,7,30,30
1650916482231,MATH 109,A02,083214,Anzaldo; Leesa B,0,7,30,30
1650916482231,MATH 109,B01,083215,Anzaldo; Leesa B,0,8,30,30
1650916482231,MATH 109,B02,083216,Anzaldo; Leesa B,0,7,30,30
1650916488255,MATH 142A,A01,083219,Chow; Bennett,0,15,30,30
1650916488255,MATH 142A,A02,083220,Chow; Bennett,0,15,30,30
1650916488255,MATH 142A,B01,083221,Chow; Bennett,0,16,30,30
1650916488255,MATH 142A,B02,083222,Chow; Bennett,0,14,30,30
1650916494299,MATH 193A,A01,083224,Staff,0,6,30,30
1650916494299,MATH 193A,A02,083225,Staff,0,7,30,30
1650916494299,MATH 193A,A03,083781,Staff,0,6,30,30
1650916494299,MATH 193A,A04,083782,Staff,0,7,30,30
1650916500330,MATH 197,001,091859,McAuley; Julian John,9998,0,9999,1
1650916506398,COGS 9,A01,083615,Staff,0,17,60,60
1650916512422,COGS 11,A01,083617,Boyle; Mary E. T.,15,0,40,25
1650916518448,COGS 13,A01,083071,Staff,0,38,40,40
1650916524471,COGS 14A,A01,092681,Staff,0,39,100,100
1650916530495,COGS 14B,A01,083073,Cheng; Tzu-Han,0,12,50,50
1650916536521,COGS 17,A01,092677,Staff,10,0,75,65
1650916542555,COGS 100,A01,083619,Staff,0,30,60,60
1650916548583,COGS 101A,A01,083621,Davis; Joshua Daniel,0,29,60,60
1650916554610,COGS 101B,A01,091572,Staff,0,4,60,60
1650916570328,COGS 101C,A01,083625,Delgado; Tania,14,0,30,16
1650916576364,COGS 107A,A01,083627,Boyle; Mary E. T.,0,16,60,60
1650916582387,COGS 118A,A01,083075,Staff,0,10,60,60
1650916588415,CSE 3,A50,083646,Miranda; Gregory Joseph,15,0,38,23
1650916588415,CSE 3,A51,083647,Miranda; Gregory Joseph,36,0,37,1
1650916594450,CSE 8A,A50,083650,Miranda; Gregory Joseph,0,31,40,40
1650916600472,CSE 11,A01,083080,Cao; Yingjun,0,98,40,40
1650916606506,CSE 12,A01,083652,Staff,0,22,100,100
1650916612529,CSE 15L,A01,083654,Staff,0,3,50,50
1650916612529,CSE 15L,A02,083655,Staff,0,3,50,50
1650916618554,CSE 20,A01,083657,Staff,48,0,80,32
1650916624588,CSE 30,A01,083084,Eldon; John,0,76,40,40
1650916630619,CSE 100,A01,083659,Cao; Yingjun,0,70,50,50
1650916636643,CSE 134B,A01,083661,Powell; Thomas Allan,0,38,65,65
1650916642666,CSE 140,A01,083663,Staff,1,13,75,74
1650916648709,CSE 140L,A01,083088,Eldon; John,0,21,75,75
1650916654745,CSE 175,A01,083665,Kumar; Rakesh,3,0,25,22
1650916660771,CSE 190,A00,092507,Dubnov; Shlomo,9,0,20,11
1650916666796,ECE 45,A01,083139,Staff,0,4,60,60
1650916672818,ECE 65,A50,083695,Staff,0,6,30,30
1650916678852,ECE 109,A01,091882,Touri; Behrouz,32,0,70,38
1650916684875,ECE 180,A00,083140,Abi Samra; Nicholas Camill,19,0,30,11
1650916684875,ECE 180,B00,083141,Abi Samra; Nicholas Camill,0,0,30,30
1650916690899,MATH 10A,A01,083735,Patchell; Gregory David,2,0,30,28
1650916690899,MATH 10A,A02,083736,Patchell; Gregory David,27,0,30,3
1650916690899,MATH 10A,A03,083737,Patchell; Gregory David,23,0,30,7
1650916696930,MATH 10B,A01,083207,Staff,0,9,30,30
1650916696930,MATH 10B,A02,083208,Staff,0,6,30,30
1650916696930,MATH 10B,B01,083739,Staff,10,0,30,20
1650916696930,MATH 10B,B02,083740,Staff,28,0,30,2
1650916702956,MATH 18,A01,083743,Staff,0,0,30,30
1650916702956,MATH 18,A02,083744,Staff,24,0,30,6
1650916702956,MATH 18,A03,083745,Staff,19,0,30,11
1650916702956,MATH 18,A04,083746,Staff,26,0,30,4
1650916702956,MATH 18,B01,083748,Staff,0,15,30,30
1650916702956,MATH 18,B02,083749,Staff,0,13,30,30
1650916702956,MATH 18,B03,083750,Staff,0,13,30,30
1650916702956,MATH 18,B04,083751,Staff,0,13,30,30
1650916708988,MATH 20A,A01,083754,Staff,19,0,40,21
1650916715013,MATH 20B,A01,083756,Staff,0,14,30,30
1650916715013,MATH 20B,A02,083757,Staff,0,11,30,30
1650916721048,MATH 20C,A01,083760,Staff,0,17,30,30
1650916721048,MATH 20C,A02,083761,Staff,1,16,30,29
1650916721048,MATH 20C,B01,083762,Staff,9,0,30,21
1650916721048,MATH 20C,B02,083763,Staff,28,0,30,2
1650916727080,MATH 20D,A01,083765,Staff,2,1,30,28
1650916727080,MATH 20D,A02,083766,Staff,5,0,30,25
1650916727080,MATH 20D,A03,083767,Staff,23,0,30,7
1650916733101,MATH 20E,A01,083771,Staff,2,0,30,28
1650916733101,MATH 20E,A02,083772,Staff,13,0,30,17
1650916733101,MATH 20E,B01,083773,Staff,0,0,30,30
1650916733101,MATH 20E,B02,083774,Staff,3,0,30,27
1650916739123,MATH 103A,A01,083777,Staff,0,17,30,30
1650916739123,MATH 103A,A02,083778,Staff,0,15,30,30
1650916739123,MATH 103A,B01,083779,Staff,0,15,30,30
1650916739123,MATH 103A,B02,083780,Staff,0,14,30,30
1650916745146,MATH 105,A01,085443,Staff,0,23,30,30
1650916751172,MATH 109,A01,083213,Anzaldo; Leesa B,0,7,30,30
1650916751172,MATH 109,A02,083214,Anzaldo; Leesa B,0,7,30,30
1650916751172,MATH 109,B01,083215,Anzaldo; Leesa B,0,8,30,30
1650916751172,MATH 109,B02,083216,Anzaldo; Leesa B,0,7,30,30
1650916757196,MATH 142A,A01,083219,Chow; Bennett,0,15,30,30
1650916757196,MATH 142A,A02,083220,Chow; Bennett,0,15,30,30
1650916757196,MATH 142A,B01,083221,Chow; Bennett,0,16,30,30
1650916757196,MATH 142A,B02,083222,Chow; Bennett,0,14,30,30
1650916763223,MATH 193A,A01,083224,Staff,0,6,30,30
1650916763223,MATH 193A,A02,083225,Staff,0,7,30,30
1650916763223,MATH 193A,A03,083781,Staff,0,6,30,30
1650916763223,MATH 193A,A04,083782,Staff,0,7,30,30
1650916769245,MATH 197,001,091859,McAuley; Julian John,9998,0,9999,1
1650916775302,COGS 9,A01,083615,Staff,0,17,60,60
1650916781324,COGS 11,A01,083617,Boyle; Mary E. T.,15,0,40,25
1650916787359,COGS 13,A01,083071,Staff,0,38,40,40
1650916793385,COGS 14A,A01,092681,Staff,0,39,100,100
1650916799413,COGS 14B,A01,083073,Cheng; Tzu-Han,0,12,50,50
1650916805436,COGS 17,A01,092677,Staff,10,0,75,65
1650916811457,COGS 100,A01,083619,Staff,0,30,60,60
1650916817480,COGS 101A,A01,083621,Davis; Joshua Daniel,0,29,60,60
1650916823505,COGS 101B,A01,091572,Staff,0,4,60,60
1650916829529,COGS 101C,A01,083625,Delgado; Tania,14,0,30,16
1650916835554,COGS 107A,A01,083627,Boyle; Mary E. T.,0,16,60,60
1650916841577,COGS 118A,A01,083075,Staff,0,10,60,60
1650916847603,CSE 3,A50,083646,Miranda; Gregory Joseph,15,0,38,23
1650916847603,CSE 3,A51,083647,Miranda; Gregory Joseph,36,0,37,1
1650916853629,CSE 8A,A50,083650,Miranda; Gregory Joseph,0,31,40,40
1650916859651,CSE 11,A01,083080,Cao; Yingjun,0,98,40,40
1650916865681,CSE 12,A01,083652,Staff,0,22,100,100
1650916871704,CSE 15L,A01,083654,Staff,0,3,50,50
1650916871704,CSE 15L,A02,083655,Staff,0,3,50,50
1650916877728,CSE 20,A01,083657,Staff,48,0,80,32
1650916883752,CSE 30,A01,083084,Eldon; John,0,76,40,40
1650916889779,CSE 100,A01,083659,Cao; Yingjun,0,70,50,50
1650916895800,CSE 134B,A01,083661,Powell; Thomas Allan,0,38,65,65
1650916901829,CSE 140,A01,083663,Staff,1,13,75,74
1650916907859,CSE 140L,A01,083088,Eldon; John,0,21,75,75
1650916913892,CSE 175,A01,083665,Kumar; Rakesh,2,0,25,23
1650916919914,CSE 190,A00,092507,Dubnov; Shlomo,10,0,20,10
1650916926032,ECE 45,A01,083139,Staff,0,4,60,60
1650916932061,ECE 65,A50,083695,Staff,0,6,30,30
1650916938089,ECE 109,A01,091882,Touri; Behrouz,32,0,70,38
1650916944114,ECE 180,A00,083140,Abi Samra; Nicholas Camill,19,0,30,11
1650916944114,ECE 180,B00,083141,Abi Samra; Nicholas Camill,0,0,30,30
1650916950138,MATH 10A,A01,083735,Patchell; Gregory David,2,0,30,28
1650916950138,MATH 10A,A02,083736,Patchell; Gregory David,27,0,30,3
1650916950138,MATH 10A,A03,083737,Patchell; Gregory David,23,0,30,7
1650916956179,MATH 10B,A01,083207,Staff,0,9,30,30
1650916956179,MATH 10B,A02,083208,Staff,0,6,30,30
1650916956179,MATH 10B,B01,083739,Staff,10,0,30,20
1650916956179,MATH 10B,B02,083740,Staff,28,0,30,2
1650916962214,MATH 18,A01,083743,Staff,0,0,30,30
1650916962214,MATH 18,A02,083744,Staff,24,0,30,6
1650916962214,MATH 18,A03,083745,Staff,19,0,30,11
1650916962214,MATH 18,A04,083746,Staff,26,0,30,4
1650916962214,MATH 18,B01,083748,Staff,0,15,30,30
1650916962214,MATH 18,B02,083749,Staff,0,13,30,30
1650916962214,MATH 18,B03,083750,Staff,0,13,30,30
1650916962214,MATH 18,B04,083751,Staff,0,13,30,30
1650916968239,MATH 20A,A01,083754,Staff,19,0,40,21
1650916974262,MATH 20B,A01,083756,Staff,0,14,30,30
1650916974262,MATH 20B,A02,083757,Staff,0,11,30,30
1650916980285,MATH 20C,A01,083760,Staff,0,17,30,30
1650916980285,MATH 20C,A02,083761,Staff,1,16,30,29
1650916980285,MATH 20C,B01,083762,Staff,9,0,30,21
1650916980285,MATH 20C,B02,083763,Staff,28,0,30,2
1650916986307,MATH 20D,A01,083765,Staff,2,1,30,28
1650916986307,MATH 20D,A02,083766,Staff,5,0,30,25
1650916986307,MATH 20D,A03,083767,Staff,23,0,30,7
1650916992330,MATH 20E,A01,083771,Staff,2,0,30,28
1650916992330,MATH 20E,A02,083772,Staff,13,0,30,17
1650916992330,MATH 20E,B01,083773,Staff,0,0,30,30
1650916992330,MATH 20E,B02,083774,Staff,3,0,30,27
1650916998353,MATH 103A,A01,083777,Staff,0,17,30,30
1650916998353,MATH 103A,A02,083778,Staff,0,15,30,30
1650916998353,MATH 103A,B01,083779,Staff,0,15,30,30
1650916998353,MATH 103A,B02,083780,Staff,0,14,30,30
1650917004380,MATH 105,A01,085443,Staff,0,23,30,30
1650917010402,MATH 109,A01,083213,Anzaldo; Leesa B,0,7,30,30
1650917010402,MATH 109,A02,083214,Anzaldo; Leesa B,0,7,30,30
1650917010402,MATH 109,B01,083215,Anzaldo; Leesa B,0,8,30,30
1650917010402,MATH 109,B02,083216,Anzaldo; Leesa B,0,7,30,30
1650917016425,MATH 142A,A01,083219,Chow; Bennett,0,15,30,30
1650917016425,MATH 142A,A02,083220,Chow; Bennett,0,15,30,30
1650917016425,MATH 142A,B01,083221,Chow; Bennett,0,16,30,30
1650917016425,MATH 142A,B02,083222,Chow; Bennett,0,14,30,30
1650917022451,MATH 193A,A01,083224,Staff,0,6,30,30
1650917022451,MATH 193A,A02,083225,Staff,0,7,30,30
1650917022451,MATH 193A,A03,083781,Staff,0,6,30,30
1650917022451,MATH 193A,A04,083782,Staff,0,7,30,30
1650917028482,MATH 197,001,091859,McAuley; Julian John,9998,0,9999,1
1650917034541,COGS 9,A01,083615,Staff,0,17,60,60
1650917040576,COGS 11,A01,083617,Boyle; Mary E. T.,15,0,40,25
1650917046611,COGS 13,A01,083071,Staff,0,38,40,40
1650917052641,COGS 14A,A01,092681,Staff,0,39,100,100
1650917058667,COGS 14B,A01,083073,Cheng; Tzu-Han,0,12,50,50
1650917064700,COGS 17,A01,092677,Staff,10,0,75,65
1650917070732,COGS 100,A01,083619,Staff,0,30,60,60
1650917076755,COGS 101A,A01,083621,Davis; Joshua Daniel,0,29,60,60
1650917082796,COGS 101B,A01,091572,Staff,0,4,60,60
1650917088831,COGS 101C,A01,083625,Delgado; Tania,14,0,30,16
1650917094857,COGS 107A,A01,083627,Boyle; Mary E. T.,0,16,60,60
1650917100885,COGS 118A,A01,083075,Staff,0,10,60,60
1650917106910,CSE 3,A50,083646,Miranda; Gregory Joseph,15,0,38,23
1650917106910,CSE 3,A51,083647,Miranda; Gregory Joseph,36,0,37,1
1650917112937,CSE 8A,A50,083650,Miranda; Gregory Joseph,0,31,40,40
1650917118963,CSE 11,A01,083080,Cao; Yingjun,0,98,40,40
1650917124991,CSE 12,A01,083652,Staff,0,22,100,100
1650917131028,CSE 15L,A01,083654,Staff,0,3,50,50
1650917131028,CSE 15L,A02,083655,Staff,0,3,50,50
1650917137052,CSE 20,A01,083657,Staff,48,0,80,32
1650917143079,CSE 30,A01,083084,Eldon; John,0,76,40,40
1650917149105,CSE 100,A01,083659,Cao; Yingjun,0,70,50,50
1650917155140,CSE 134B,A01,083661,Powell; Thomas Allan,0,38,65,65
1650917161169,CSE 140,A01,083663,Staff,1,13,75,74
1650917167195,CSE 140L,A01,083088,Eldon; John,0,21,75,75
1650917173218,CSE 175,A01,083665,Kumar; Rakesh,2,0,25,23
1650917179240,CSE 190,A00,092507,Dubnov; Shlomo,10,0,20,10
1650917185266,ECE 45,A01,083139,Staff,0,4,60,60
1650917191289,ECE 65,A50,083695,Staff,0,6,30,30
1650917197318,ECE 109,A01,091882,Touri; Behrouz,32,0,70,38
1650917203351,ECE 180,A00,083140,Abi Samra; Nicholas Camill,19,0,30,11
1650917203351,ECE 180,B00,083141,Abi Samra; Nicholas Camill,0,0,30,30
1650917209378,MATH 10A,A01,083735,Patchell; Gregory David,2,0,30,28
1650917209378,MATH 10A,A02,083736,Patchell; Gregory David,27,0,30,3
1650917209378,MATH 10A,A03,083737,Patchell; Gregory David,23,0,30,7
1650917215414,MATH 10B,A01,083207,Staff,0,9,30,30
1650917215414,MATH 10B,A02,083208,Staff,0,6,30,30
1650917215414,MATH 10B,B01,083739,Staff,9,0,30,21
1650917215414,MATH 10B,B02,083740,Staff,28,0,30,2
1650917221443,MATH 18,A01,083743,Staff,0,0,30,30
1650917221443,MATH 18,A02,083744,Staff,24,0,30,6
1650917221443,MATH 18,A03,083745,Staff,19,0,30,11
1650917221443,MATH 18,A04,083746,Staff,26,0,30,4
1650917221443,MATH 18,B01,083748,Staff,0,15,30,30
1650917221443,MATH 18,B02,083749,Staff,0,13,30,30
1650917221443,MATH 18,B03,083750,Staff,0,13,30,30
1650917221443,MATH 18,B04,083751,Staff,0,13,30,30
1650917227483,MATH 20A,A01,083754,Staff,19,0,40,21
1650917233513,MATH 20B,A01,083756,Staff,0,14,30,30
1650917233513,MATH 20B,A02,083757,Staff,0,11,30,30
1650917239540,MATH 20C,A01,083760,Staff,0,17,30,30
1650917239540,MATH 20C,A02,083761,Staff,1,16,30,29
1650917239540,MATH 20C,B01,083762,Staff,9,0,30,21
1650917239540,MATH 20C,B02,083763,Staff,28,0,30,2
1650917245564,MATH 20D,A01,083765,Staff,2,1,30,28
1650917245564,MATH 20D,A02,083766,Staff,5,0,30,25
1650917245564,MATH 20D,A03,083767,Staff,23,0,30,7
1650917251601,MATH 20E,A01,083771,Staff,2,0,30,28
1650917251601,MATH 20E,A02,083772,Staff,13,0,30,17
1650917251601,MATH 20E,B01,083773,Staff,0,0,30,30
1650917251601,MATH 20E,B02,083774,Staff,3,0,30,27
1650917257633,MATH 103A,A01,083777,Staff,0,17,30,30
1650917257633,MATH 103A,A02,083778,Staff,0,15,30,30
1650917257633,MATH 103A,B01,083779,Staff,0,15,30,30
1650917257633,MATH 103A,B02,083780,Staff,0,14,30,30
1650917263666,MATH 105,A01,085443,Staff,0,23,30,30
1650917269691,MATH 109,A01,083213,Anzaldo; Leesa B,0,7,30,30
1650917269691,MATH 109,A02,083214,Anzaldo; Leesa B,0,7,30,30
1650917269691,MATH 109,B01,083215,Anzaldo; Leesa B,0,8,30,30
1650917269691,MATH 109,B02,083216,Anzaldo; Leesa B,0,7,30,30
1650917275715,MATH 142A,A01,083219,Chow; Bennett,0,15,30,30
1650917275715,MATH 142A,A02,083220,Chow; Bennett,0,15,30,30
1650917275715,MATH 142A,B01,083221,Chow; Bennett,0,16,30,30
1650917275715,MATH 142A,B02,083222,Chow; Bennett,0,14,30,30
1650917281749,MATH 193A,A01,083224,Staff,0,6,30,30
1650917281749,MATH 193A,A02,083225,Staff,0,7,30,30
1650917281749,MATH 193A,A03,083781,Staff,0,6,30,30
1650917281749,MATH 193A,A04,083782,Staff,0,7,30,30
1650917287774,MATH 197,001,091859,McAuley; Julian John,9998,0,9999,1
1650917293824,COGS 9,A01,083615,Staff,0,17,60,60
1650917299847,COGS 11,A01,083617,Boyle; Mary E. T.,15,0,40,25
1650917305879,COGS 13,A01,083071,Staff,0,38,40,40
1650917311907,COGS 14A,A01,092681,Staff,0,39,100,100
1650917317931,COGS 14B,A01,083073,Cheng; Tzu-Han,0,12,50,50
1650917323956,COGS 17,A01,092677,Staff,10,0,75,65
1650917329980,COGS 100,A01,083619,Staff,0,30,60,60
1650917336003,COGS 101A,A01,083621,Davis; Joshua Daniel,0,29,60,60
1650917342026,COGS 101B,A01,091572,Staff,0,4,60,60
1650917348051,COGS 101C,A01,083625,Delgado; Tania,14,0,30,16
1650917354076,COGS 107A,A01,083627,Boyle; Mary E. T.,0,16,60,60
1650917360099,COGS 118A,A01,083075,Staff,0,10,60,60
1650917366122,CSE 3,A50,083646,Miranda; Gregory Joseph,15,0,38,23
1650917366122,CSE 3,A51,083647,Miranda; Gregory Joseph,36,0,37,1
1650917372153,CSE 8A,A50,083650,Miranda; Gregory Joseph,0,31,40,40
1650917378176,CSE 11,A01,083080,Cao; Yingjun,0,98,40,40
1650917384207,CSE 12,A01,083652,Staff,0,22,100,100
1650917390237,CSE 15L,A01,083654,Staff,0,3,50,50
1650917390237,CSE 15L,A02,083655,Staff,0,3,50,50
1650917396260,CSE 20,A01,083657,Staff,48,0,80,32
1650917402286,CSE 30,A01,083084,Eldon; John,0,76,40,40
1650917408321,CSE 100,A01,083659,Cao; Yingjun,0,70,50,50
1650917414346,CSE 134B,A01,083661,Powell; Thomas Allan,0,38,65,65
1650917420369,CSE 140,A01,083663,Staff,1,13,75,74
1650917426395,CSE 140L,A01,083088,Eldon; John,0,21,75,75
1650917432423,CSE 175,A01,083665,Kumar; Rakesh,2,0,25,23
1650917438446,CSE 190,A00,092507,Dubnov; Shlomo,10,0,20,10
1650917444471,ECE 45,A01,083139,Staff,0,4,60,60
1650917450505,ECE 65,A50,083695,Staff,0,6,30,30
1650917456530,ECE 109,A01,091882,Touri; Behrouz,32,0,70,38
1650917462551,ECE 180,A00,083140,Abi Samra; Nicholas Camill,19,0,30,11
1650917462551,ECE 180,B00,083141,Abi Samra; Nicholas Camill,0,0,30,30
1650917468572,MATH 10A,A01,083735,Patchell; Gregory David,2,0,30,28
1650917468572,MATH 10A,A02,083736,Patchell; Gregory David,27,0,30,3
1650917468572,MATH 10A,A03,083737,Patchell; Gregory David,23,0,30,7
1650917474602,MATH 10B,A01,083207,Staff,0,9,30,30
1650917474602,MATH 10B,A02,083208,Staff,0,6,30,30
1650917474602,MATH 10B,B01,083739,Staff,9,0,30,21
1650917474602,MATH 10B,B02,083740,Staff,28,0,30,2
1650917480627,MATH 18,A01,083743,Staff,0,0,30,30
1650917480627,MATH 18,A02,083744,Staff,24,0,30,6
1650917480627,MATH 18,A03,083745,Staff,19,0,30,11
1650917480627,MATH 18,A04,083746,Staff,26,0,30,4
1650917480627,MATH 18,B01,083748,Staff,0,15,30,30
1650917480627,MATH 18,B02,083749,Staff,0,13,30,30
1650917480627,MATH 18,B03,083750,Staff,0,13,30,30
1650917480627,MATH 18,B04,083751,Staff,0,13,30,30
1650917486651,MATH 20A,A01,083754,Staff,19,0,40,21
1650917492674,MATH 20B,A01,083756,Staff,0,14,30,30
1650917492674,MATH 20B,A02,083757,Staff,0,11,30,30
1650917498696,MATH 20C,A01,083760,Staff,0,17,30,30
1650917498696,MATH 20C,A02,083761,Staff,1,16,30,29
1650917498696,MATH 20C,B01,083762,Staff,9,0,30,21
1650917498696,MATH 20C,B02,083763,Staff,28,0,30,2
1650917504719,MATH 20D,A01,083765,Staff,2,1,30,28
1650917504719,MATH 20D,A02,083766,Staff,5,0,30,25
1650917504719,MATH 20D,A03,083767,Staff,23,0,30,7
1650917510743,MATH 20E,A01,083771,Staff,2,0,30,28
1650917510743,MATH 20E,A02,083772,Staff,13,0,30,17
1650917510743,MATH 20E,B01,083773,Staff,0,0,30,30
1650917510743,MATH 20E,B02,083774,Staff,3,0,30,27
1650917516773,MATH 103A,A01,083777,Staff,0,17,30,30
1650917516773,MATH 103A,A02,083778,Staff,0,15,30,30
1650917516773,MATH 103A,B01,083779,Staff,0,15,30,30
1650917516773,MATH 103A,B02,083780,Staff,0,14,30,30
1650917522887,MATH 105,A01,085443,Staff,0,23,30,30
1650917528911,MATH 109,A01,083213,Anzaldo; Leesa B,0,7,30,30
1650917528911,MATH 109,A02,083214,Anzaldo; Leesa B,0,7,30,30
1650917528911,MATH 109,B01,083215,Anzaldo; Leesa B,0,8,30,30
1650917528911,MATH 109,B02,083216,Anzaldo; Leesa B,0,7,30,30
1650917534940,MATH 142A,A01,083219,Chow; Bennett,0,15,30,30
1650917534940,MATH 142A,A02,083220,Chow; Bennett,0,15,30,30
1650917534940,MATH 142A,B01,083221,Chow; Bennett,0,16,30,30
1650917534940,MATH 142A,B02,083222,Chow; Bennett,0,14,30,30
1650917540962,MATH 193A,A01,083224,Staff,0,6,30,30
1650917540962,MATH 193A,A02,083225,Staff,0,7,30,30
1650917540962,MATH 193A,A03,083781,Staff,0,6,30,30
1650917540962,MATH 193A,A04,083782,Staff,0,7,30,30
1650917546985,MATH 197,001,091859,McAuley; Julian John,9998,0,9999,1
1650917553047,COGS 9,A01,083615,Staff,0,17,60,60
1650917559072,COGS 11,A01,083617,Boyle; Mary E. T.,15,0,40,25
1650917565104,COGS 13,A01,083071,Staff,0,38,40,40
1650917571129,COGS 14A,A01,092681,Staff,0,39,100,100
1650917577156,COGS 14B,A01,083073,Cheng; Tzu-Han,0,12,50,50
1650917583179,COGS 17,A01,092677,Staff,10,0,75,65
1650917589202,COGS 100,A01,083619,Staff,0,30,60,60
1650917595225,COGS 101A,A01,083621,Davis; Joshua Daniel,0,29,60,60
1650917601247,COGS 101B,A01,091572,Staff,0,4,60,60
1650917607271,COGS 101C,A01,083625,Delgado; Tania,14,0,30,16
1650917613293,COGS 107A,A01,083627,Boyle; Mary E. T.,0,16,60,60
1650917619314,COGS 118A,A01,083075,Staff,0,10,60,60
1650917625342,CSE 3,A50,083646,Miranda; Gregory Joseph,15,0,38,23
1650917625342,CSE 3,A51,083647,Miranda; Gregory Joseph,36,0,37,1
1650917631365,CSE 8A,A50,083650,Miranda; Gregory Joseph,0,31,40,40
1650917637404,CSE 11,A01,083080,Cao; Yingjun,0,98,40,40
1650917643432,CSE 12,A01,083652,Staff,0,22,100,100
1650917649458,CSE 15L,A01,083654,Staff,0,3,50,50
1650917649458,CSE 15L,A02,083655,Staff,0,3,50,50
1650917655484,CSE 20,A01,083657,Staff,48,0,80,32
1650917661507,CSE 30,A01,083084,Eldon; John,0,76,40,40
1650917667529,CSE 100,A01,083659,Cao; Yingjun,0,70,50,50
1650917673559,CSE 134B,A01,083661,Powell; Thomas Allan,0,38,65,65
1650917679585,CSE 140,A01,083663,Staff,1,13,75,74
1650917685607,CSE 140L,A01,083088,Eldon; John,0,21,75,75
1650917691634,CSE 175,A01,083665,Kumar; Rakesh,2,0,25,23
1650917697658,CSE 190,A00,092507,Dubnov; Shlomo,10,0,20,10
1650917703684,ECE 45,A01,083139,Staff,0,4,60,60
1650917709711,ECE 65,A50,083695,Staff,0,6,30,30
1650917715738,ECE 109,A01,091882,Touri; Behrouz,32,0,70,38
1650917721763,ECE 180,A00,083140,Abi Samra; Nicholas Camill,19,0,30,11
1650917721763,ECE 180,B00,083141,Abi Samra; Nicholas Camill,0,0,30,30
1650917727785,MATH 10A,A01,083735,Patchell; Gregory David,2,0,30,28
1650917727785,MATH 10A,A02,083736,Patchell; Gregory David,27,0,30,3
1650917727785,MATH 10A,A03,083737,Patchell; Gregory David,23,0,30,7
1650917733809,MATH 10B,A01,083207,Staff,0,9,30,30
1650917733809,MATH 10B,A02,083208,Staff,0,6,30,30
1650917733809,MATH 10B,B01,083739,Staff,9,0,30,21
1650917733809,MATH 10B,B02,083740,Staff,28,0,30,2
1650917739838,MATH 18,A01,083743,Staff,0,0,30,30
1650917739838,MATH 18,A02,083744,Staff,24,0,30,6
1650917739838,MATH 18,A03,083745,Staff,19,0,30,11
1650917739838,MATH 18,A04,083746,Staff,26,0,30,4
1650917739838,MATH 18,B01,083748,Staff,0,15,30,30
1650917739838,MATH 18,B02,083749,Staff,0,13,30,30
1650917739838,MATH 18,B03,083750,Staff,0,13,30,30
1650917739838,MATH 18,B04,083751,Staff,0,13,30,30
1650917745860,MATH 20A,A01,083754,Staff,19,0,40,21
1650917751885,MATH 20B,A01,083756,Staff,0,14,30,30
1650917751885,MATH 20B,A02,083757,Staff,0,11,30,30
1650917757919,MATH 20C,A01,083760,Staff,0,17,30,30
1650917757919,MATH 20C,A02,083761,Staff,1,16,30,29
1650917757919,MATH 20C,B01,083762,Staff,9,0,30,21
1650917757919,MATH 20C,B02,083763,Staff,28,0,30,2
1650917763942,MATH 20D,A01,083765,Staff,2,1,30,28
1650917763942,MATH 20D,A02,083766,Staff,5,0,30,25
1650917763942,MATH 20D,A03,083767,Staff,23,0,30,7
1650917769965,MATH 20E,A01,083771,Staff,2,0,30,28
1650917769965,MATH 20E,A02,083772,Staff,13,0,30,17
1650917769965,MATH 20E,B01,083773,Staff,0,0,30,30
1650917769965,MATH 20E,B02,083774,Staff,3,0,30,27
1650917775990,MATH 103A,A01,083777,Staff,0,17,30,30
1650917775990,MATH 103A,A02,083778,Staff,0,15,30,30
1650917775990,MATH 103A,B01,083779,Staff,0,15,30,30
1650917775990,MATH 103A,B02,083780,Staff,0,14,30,30
1650917782017,MATH 105,A01,085443,Staff,0,23,30,30
1650917788040,MATH 109,A01,083213,Anzaldo; Leesa B,0,7,30,30
1650917788040,MATH 109,A02,083214,Anzaldo; Leesa B,0,7,30,30
1650917788040,MATH 109,B01,083215,Anzaldo; Leesa B,0,8,30,30
1650917788040,MATH 109,B02,083216,Anzaldo; Leesa B,0,7,30,30
1650917794066,MATH 142A,A01,083219,Chow; Bennett,0,15,30,30
1650917794066,MATH 142A,A02,083220,Chow; Bennett,0,15,30,30
1650917794066,MATH 142A,B01,083221,Chow; Bennett,0,16,30,30
1650917794066,MATH 142A,B02,083222,Chow; Bennett,0,14,30,30
1650917800090,MATH 193A,A01,083224,Staff,0,6,30,30
1650917800090,MATH 193A,A02,083225,Staff,0,7,30,30
1650917800090,MATH 193A,A03,083781,Staff,0,6,30,30
1650917800090,MATH 193A,A04,083782,Staff,0,7,30,30
1650917806112,MATH 197,001,091859,McAuley; Julian John,9998,0,9999,1
1650917812161,COGS 9,A01,083615,Staff,0,17,60,60
1650917818182,COGS 11,A01,083617,Boyle; Mary E. T.,15,0,40,25
1650917824217,COGS 13,A01,083071,Staff,0,38,40,40
1650917830243,COGS 14A,A01,092681,Staff,0,39,100,100
1650917836266,COGS 14B,A01,083073,Cheng; Tzu-Han,0,12,50,50
1650917842289,COGS 17,A01,092677,Staff,10,0,75,65
1650917848311,COGS 100,A01,083619,Staff,0,30,60,60
1650917854338,COGS 101A,A01,083621,Davis; Joshua Daniel,0,29,60,60
1650917860365,COGS 101B,A01,091572,Staff,0,4,60,60
1650917866401,COGS 101C,A01,083625,Delgado; Tania,14,0,30,16
1650917872436,COGS 107A,A01,083627,Boyle; Mary E. T.,0,16,60,60
1650917878458,COGS 118A,A01,083075,Staff,0,10,60,60
1650917884482,CSE 3,A50,083646,Miranda; Gregory Joseph,15,0,38,23
1650917884482,CSE 3,A51,083647,Miranda; Gregory Joseph,36,0,37,1
1650917890507,CSE 8A,A50,083650,Miranda; Gregory Joseph,0,31,40,40
1650917896531,CSE 11,A01,083080,Cao; Yingjun,0,98,40,40
1650917902553,CSE 12,A01,083652,Staff,0,22,100,100
1650917908582,CSE 15L,A01,083654,Staff,0,3,50,50
1650917908582,CSE 15L,A02,083655,Staff,0,3,50,50
1650917914612,CSE 20,A01,083657,Staff,48,0,80,32
1650917920637,CSE 30,A01,083084,Eldon; John,0,76,40,40
1650917926668,CSE 100,A01,083659,Cao; Yingjun,0,70,50,50
1650917932693,CSE 134B,A01,083661,Powell; Thomas Allan,0,38,65,65
1650917938719,CSE 140,A01,083663,Staff,1,13,75,74
1650917944747,CSE 140L,A01,083088,Eldon; John,0,21,75,75
1650917950771,CSE 175,A01,083665,Kumar; Rakesh,2,0,25,23
1650917956792,CSE 190,A00,092507,Dubnov; Shlomo,10,0,20,10
1650917962815,ECE 45,A01,083139,Staff,0,4,60,60
1650917968838,ECE 65,A50,083695,Staff,0,6,30,30
1650917974864,ECE 109,A01,091882,Touri; Behrouz,32,0,70,38
1650917980890,ECE 180,A00,083140,Abi Samra; Nicholas Camill,19,0,30,11
1650917980890,ECE 180,B00,083141,Abi Samra; Nicholas Camill,0,0,30,30
1650917986920,MATH 10A,A01,083735,Patchell; Gregory David,2,0,30,28
1650917986920,MATH 10A,A02,083736,Patchell; Gregory David,27,0,30,3
1650917986920,MATH 10A,A03,083737,Patchell; Gregory David,23,0,30,7
1650917992949,MATH 10B,A01,083207,Staff,0,9,30,30
1650917992949,MATH 10B,A02,083208,Staff,0,6,30,30
1650917992949,MATH 10B,B01,083739,Staff,9,0,30,21
1650917992949,MATH 10B,B02,083740,Staff,28,0,30,2
1650917998975,MATH 18,A01,083743,Staff,0,0,30,30
1650917998975,MATH 18,A02,083744,Staff,24,0,30,6
1650917998975,MATH 18,A03,083745,Staff,19,0,30,11
1650917998975,MATH 18,A04,083746,Staff,26,0,30,4
1650917998975,MATH 18,B01,083748,Staff,0,15,30,30
1650917998975,MATH 18,B02,083749,Staff,0,13,30,30
1650917998975,MATH 18,B03,083750,Staff,0,13,30,30
1650917998975,MATH 18,B04,083751,Staff,0,13,30,30
1650918005000,MATH 20A,A01,083754,Staff,19,0,40,21
1650918011026,MATH 20B,A01,083756,Staff,0,14,30,30
1650918011026,MATH 20B,A02,083757,Staff,0,11,30,30
1650918017055,MATH 20C,A01,083760,Staff,0,17,30,30
1650918017055,MATH 20C,A02,083761,Staff,1,16,30,29
1650918017055,MATH 20C,B01,083762,Staff,9,0,30,21
1650918017055,MATH 20C,B02,083763,Staff,28,0,30,2
1650918023081,MATH 20D,A01,083765,Staff,2,1,30,28
1650918023081,MATH 20D,A02,083766,Staff,5,0,30,25
1650918023081,MATH 20D,A03,083767,Staff,23,0,30,7
1650918029104,MATH 20E,A01,083771,Staff,2,0,30,28
1650918029104,MATH 20E,A02,083772,Staff,13,0,30,17
1650918029104,MATH 20E,B01,083773,Staff,0,0,30,30
1650918029104,MATH 20E,B02,083774,Staff,3,0,30,27
1650918035139,MATH 103A,A01,083777,Staff,0,17,30,30
1650918035139,MATH 103A,A02,083778,Staff,0,15,30,30
1650918035139,MATH 103A,B01,083779,Staff,0,15,30,30
1650918035139,MATH 103A,B02,083780,Staff,0,14,30,30
1650918041165,MATH 105,A01,085443,Staff,0,23,30,30
1650918047212,MATH 109,A01,083213,Anzaldo; Leesa B,0,7,30,30
1650918047212,MATH 109,A02,083214,Anzaldo; Leesa B,0,7,30,30
1650918047212,MATH 109,B01,083215,Anzaldo; Leesa B,0,8,30,30
1650918047212,MATH 109,B02,083216,Anzaldo; Leesa B,0,7,30,30
1650918053241,MATH 142A,A01,083219,Chow; Bennett,0,15,30,30
1650918053241,MATH 142A,A02,083220,Chow; Bennett,0,15,30,30
1650918053241,MATH 142A,B01,083221,Chow; Bennett,0,16,30,30
1650918053241,MATH 142A,B02,083222,Chow; Bennett,0,14,30,30
1650918059264,MATH 193A,A01,083224,Staff,0,6,30,30
1650918059264,MATH 193A,A02,083225,Staff,0,7,30,30
1650918059264,MATH 193A,A03,083781,Staff,0,6,30,30
1650918059264,MATH 193A,A04,083782,Staff,0,7,30,30
1650918065291,MATH 197,001,091859,McAuley; Julian John,9998,0,9999,1
1650918071341,COGS 9,A01,083615,Staff,0,17,60,60
1650918077369,COGS 11,A01,083617,Boyle; Mary E. T.,15,0,40,25
1650918083397,COGS 13,A01,083071,Staff,0,38,40,40
1650918089422,COGS 14A,A01,092681,Staff,0,39,100,100
1650918095444,COGS 14B,A01,083073,Cheng; Tzu-Han,0,12,50,50
1650918101479,COGS 17,A01,092677,Staff,10,0,75,65
1650918107505,COGS 100,A01,083619,Staff,0,30,60,60
1650918113624,COGS 101A,A01,083621,Davis; Joshua Daniel,0,29,60,60
1650918119647,COGS 101B,A01,091572,Staff,0,4,60,60
1650918125672,COGS 101C,A01,083625,Delgado; Tania,14,0,30,16
1650918131700,COGS 107A,A01,083627,Boyle; Mary E. T.,0,16,60,60
1650918137724,COGS 118A,A01,083075,Staff,0,10,60,60
1650918143748,CSE 3,A50,083646,Miranda; Gregory Joseph,15,0,38,23
1650918143748,CSE 3,A51,083647,Miranda; Gregory Joseph,36,0,37,1
1650918149770,CSE 8A,A50,083650,Miranda; Gregory Joseph,0,31,40,40
1650918155792,CSE 11,A01,083080,Cao; Yingjun,0,98,40,40
1650918161815,CSE 12,A01,083652,Staff,0,22,100,100
1650918167840,CSE 15L,A01,083654,Staff,0,3,50,50
1650918167840,CSE 15L,A02,083655,Staff,0,3,50,50
1650918173863,CSE 20,A01,083657,Staff,48,0,80,32
1650918179893,CSE 30,A01,083084,Eldon; John,0,76,40,40
1650918185915,CSE 100,A01,083659,Cao; Yingjun,0,70,50,50
1650918191937,CSE 134B,A01,083661,Powell; Thomas Allan,0,38,65,65
1650918197971,CSE 140,A01,083663,Staff,1,13,75,74
1650918203994,CSE 140L,A01,083088,Eldon; John,0,21,75,75
1650918210024,CSE 175,A01,083665,Kumar; Rakesh,2,0,25,23
1650918216058,CSE 190,A00,092507,Dubnov; Shlomo,10,0,20,10
1650918222088,ECE 45,A01,083139,Staff,0,4,60,60
1650918228112,ECE 65,A50,083695,Staff,0,6,30,30
1650918234134,ECE 109,A01,091882,Touri; Behrouz,32,0,70,38
1650918240158,ECE 180,A00,083140,Abi Samra; Nicholas Camill,19,0,30,11
1650918240158,ECE 180,B00,083141,Abi Samra; Nicholas Camill,0,0,30,30
1650918246183,MATH 10A,A01,083735,Patchell; Gregory David,2,0,30,28
1650918246183,MATH 10A,A02,083736,Patchell; Gregory David,27,0,30,3
1650918246183,MATH 10A,A03,083737,Patchell; Gregory David,23,0,30,7
1650918252209,MATH 10B,A01,083207,Staff,0,9,30,30
1650918252209,MATH 10B,A02,083208,Staff,0,6,30,30
1650918252209,MATH 10B,B01,083739,Staff,9,0,30,21
1650918252209,MATH 10B,B02,083740,Staff,28,0,30,2
1650918258235,MATH 18,A01,083743,Staff,0,0,30,30
1650918258235,MATH 18,A02,083744,Staff,24,0,30,6
1650918258235,MATH 18,A03,083745,Staff,19,0,30,11
1650918258235,MATH 18,A04,083746,Staff,26,0,30,4
1650918258235,MATH 18,B01,083748,Staff,0,15,30,30
1650918258235,MATH 18,B02,083749,Staff,0,13,30,30
1650918258235,MATH 18,B03,083750,Staff,0,13,30,30
1650918258235,MATH 18,B04,083751,Staff,0,13,30,30
1650918264258,MATH 20A,A01,083754,Staff,19,0,40,21
1650918270281,MATH 20B,A01,083756,Staff,0,14,30,30
1650918270281,MATH 20B,A02,083757,Staff,0,11,30,30
1650918276310,MATH 20C,A01,083760,Staff,0,17,30,30
1650918276310,MATH 20C,A02,083761,Staff,1,16,30,29
1650918276310,MATH 20C,B01,083762,Staff,9,0,30,21
1650918276310,MATH 20C,B02,083763,Staff,28,0,30,2
1650918282337,MATH 20D,A01,083765,Staff,2,1,30,28
1650918282337,MATH 20D,A02,083766,Staff,5,0,30,25
1650918282337,MATH 20D,A03,083767,Staff,23,0,30,7
1650918288363,MATH 20E,A01,083771,Staff,2,0,30,28
1650918288363,MATH 20E,A02,083772,Staff,13,0,30,17
1650918288363,MATH 20E,B01,083773,Staff,0,0,30,30
1650918288363,MATH 20E,B02,083774,Staff,3,0,30,27
1650918294400,MATH 103A,A01,083777,Staff,0,17,30,30
1650918294400,MATH 103A,A02,083778,Staff,0,15,30,30
1650918294400,MATH 103A,B01,083779,Staff,0,15,30,30
1650918294400,MATH 103A,B02,083780,Staff,0,14,30,30
1650918300426,MATH 105,A01,085443,Staff,0,23,30,30
1650918306451,MATH 109,A01,083213,Anzaldo; Leesa B,0,7,30,30
1650918306451,MATH 109,A02,083214,Anzaldo; Leesa B,0,7,30,30
1650918306451,MATH 109,B01,083215,Anzaldo; Leesa B,0,8,30,30
1650918306451,MATH 109,B02,083216,Anzaldo; Leesa B,0,7,30,30
1650918312472,MATH 142A,A01,083219,Chow; Bennett,0,15,30,30
1650918312472,MATH 142A,A02,083220,Chow; Bennett,0,15,30,30
1650918312472,MATH 142A,B01,083221,Chow; Bennett,0,16,30,30
1650918312472,MATH 142A,B02,083222,Chow; Bennett,0,14,30,30
1650918318500,MATH 193A,A01,083224,Staff,0,6,30,30
1650918318500,MATH 193A,A02,083225,Staff,0,7,30,30
1650918318500,MATH 193A,A03,083781,Staff,0,6,30,30
1650918318500,MATH 193A,A04,083782,Staff,0,7,30,30
1650918324532,MATH 197,001,091859,McAuley; Julian John,9998,0,9999,1
1650918330604,COGS 9,A01,083615,Staff,0,17,60,60
1650918336636,COGS 11,A01,083617,Boyle; Mary E. T.,15,0,40,25
1650918342660,COGS 13,A01,083071,Staff,0,38,40,40
1650918348684,COGS 14A,A01,092681,Staff,0,39,100,100
1650918354708,COGS 14B,A01,083073,Cheng; Tzu-Han,0,12,50,50
1650918360737,COGS 17,A01,092677,Staff,10,0,75,65
1650918366766,COGS 100,A01,083619,Staff,0,30,60,60
1650918372790,COGS 101A,A01,083621,Davis; Joshua Daniel,0,29,60,60
1650918378815,COGS 101B,A01,091572,Staff,0,4,60,60
1650918384849,COGS 101C,A01,083625,Delgado; Tania,14,0,30,16
1650918390877,COGS 107A,A01,083627,Boyle; Mary E. T.,0,16,60,60
1650918396904,COGS 118A,A01,083075,Staff,0,10,60,60
1650918402931,CSE 3,A50,083646,Miranda; Gregory Joseph,15,0,38,23
1650918402931,CSE 3,A51,083647,Miranda; Gregory Joseph,36,0,37,1
1650918408957,CSE 8A,A50,083650,Miranda; Gregory Joseph,0,31,40,40
1650918414990,CSE 11,A01,083080,Cao; Yingjun,0,98,40,40
1650918421016,CSE 12,A01,083652,Staff,0,22,100,100
1650918427042,CSE 15L,A01,083654,Staff,0,3,50,50
1650918427042,CSE 15L,A02,083655,Staff,0,3,50,50
1650918433066,CSE 20,A01,083657,Staff,48,0,80,32
1650918439090,CSE 30,A01,083084,Eldon; John,0,76,40,40
1650918445138,CSE 100,A01,083659,Cao; Yingjun,0,70,50,50
1650918451162,CSE 134B,A01,083661,Powell; Thomas Allan,0,38,65,65
1650918457194,CSE 140,A01,083663,Staff,1,13,75,74
1650918463218,CSE 140L,A01,083088,Eldon; John,0,21,75,75
1650918469241,CSE 175,A01,083665,Kumar; Rakesh,2,0,25,23
1650918475261,CSE 190,A00,092507,Dubnov; Shlomo,10,0,20,10
1650918481287,ECE 45,A01,083139,Staff,0,4,60,60
1650918487310,ECE 65,A50,083695,Staff,0,6,30,30
1650918493339,ECE 109,A01,091882,Touri; Behrouz,32,0,70,38
1650918499367,ECE 180,A00,083140,Abi Samra; Nicholas Camill,19,0,30,11
1650918499367,ECE 180,B00,083141,Abi Samra; Nicholas Camill,0,0,30,30
1650918505392,MATH 10A,A01,083735,Patchell; Gregory David,2,0,30,28
1650918505392,MATH 10A,A02,083736,Patchell; Gregory David,27,0,30,3
1650918505392,MATH 10A,A03,083737,Patchell; Gregory David,23,0,30,7
1650918511415,MATH 10B,A01,083207,Staff,0,9,30,30
1650918511415,MATH 10B,A02,083208,Staff,0,6,30,30
1650918511415,MATH 10B,B01,083739,Staff,9,0,30,21
1650918511415,MATH 10B,B02,083740,Staff,28,0,30,2
1650918517446,MATH 18,A01,083743,Staff,0,0,30,30
1650918517446,MATH 18,A02,083744,Staff,24,0,30,6
1650918517446,MATH 18,A03,083745,Staff,19,0,30,11
1650918517446,MATH 18,A04,083746,Staff,26,0,30,4
1650918517446,MATH 18,B01,083748,Staff,0,15,30,30
1650918517446,MATH 18,B02,083749,Staff,0,13,30,30
1650918517446,MATH 18,B03,083750,Staff,0,13,30,30
1650918517446,MATH 18,B04,083751,Staff,0,13,30,30
1650918523478,MATH 20A,A01,083754,Staff,19,0,40,21
1650918529505,MATH 20B,A01,083756,Staff,0,14,30,30
1650918529505,MATH 20B,A02,083757,Staff,0,11,30,30
1650918535532,MATH 20C,A01,083760,Staff,0,17,30,30
1650918535532,MATH 20C,A02,083761,Staff,1,16,30,29
1650918535532,MATH 20C,B01,083762,Staff,9,0,30,21
1650918535532,MATH 20C,B02,083763,Staff,28,0,30,2
1650918541556,MATH 20D,A01,083765,Staff,2,1,30,28
1650918541556,MATH 20D,A02,083766,Staff,5,0,30,25
1650918541556,MATH 20D,A03,083767,Staff,23,0,30,7
1650918547580,MATH 20E,A01,083771,Staff,2,0,30,28
1650918547580,MATH 20E,A02,083772,Staff,13,0,30,17
1650918547580,MATH 20E,B01,083773,Staff,0,0,30,30
1650918547580,MATH 20E,B02,083774,Staff,3,0,30,27
1650918553609,MATH 103A,A01,083777,Staff,0,17,30,30
1650918553609,MATH 103A,A02,083778,Staff,0,15,30,30
1650918553609,MATH 103A,B01,083779,Staff,0,15,30,30
1650918553609,MATH 103A,B02,083780,Staff,0,14,30,30
1650918559632,MATH 105,A01,085443,Staff,0,23,30,30
1650918565656,MATH 109,A01,083213,Anzaldo; Leesa B,0,7,30,30
1650918565656,MATH 109,A02,083214,Anzaldo; Leesa B,0,7,30,30
1650918565656,MATH 109,B01,083215,Anzaldo; Leesa B,0,8,30,30
1650918565656,MATH 109,B02,083216,Anzaldo; Leesa B,0,7,30,30
1650918571682,MATH 142A,A01,083219,Chow; Bennett,0,15,30,30
1650918571682,MATH 142A,A02,083220,Chow; Bennett,0,15,30,30
1650918571682,MATH 142A,B01,083221,Chow; Bennett,0,16,30,30
1650918571682,MATH 142A,B02,083222,Chow; Bennett,0,14,30,30
1650918577710,MATH 193A,A01,083224,Staff,0,6,30,30
1650918577710,MATH 193A,A02,083225,Staff,0,7,30,30
1650918577710,MATH 193A,A03,083781,Staff,0,6,30,30
1650918577710,MATH 193A,A04,083782,Staff,0,7,30,30
1650918583742,MATH 197,001,091859,McAuley; Julian John,9998,0,9999,1
1650918589809,COGS 9,A01,083615,Staff,0,17,60,60
1650918595831,COGS 11,A01,083617,Boyle; Mary E. T.,15,0,40,25
1650918601857,COGS 13,A01,083071,Staff,0,38,40,40
1650918607884,COGS 14A,A01,092681,Staff,0,39,100,100
1650918613917,COGS 14B,A01,083073,Cheng; Tzu-Han,0,12,50,50
1650918619949,COGS 17,A01,092677,Staff,10,0,75,65
1650918625971,COGS 100,A01,083619,Staff,0,30,60,60
1650918632001,COGS 101A,A01,083621,Davis; Joshua Daniel,0,29,60,60
1650918638035,COGS 101B,A01,091572,Staff,0,4,60,60
1650918644063,COGS 101C,A01,083625,Delgado; Tania,14,0,30,16
1650918650085,COGS 107A,A01,083627,Boyle; Mary E. T.,0,16,60,60
1650918656110,COGS 118A,A01,083075,Staff,0,10,60,60
1650918662133,CSE 3,A50,083646,Miranda; Gregory Joseph,15,0,38,23
1650918662133,CSE 3,A51,083647,Miranda; Gregory Joseph,36,0,37,1
1650918668154,CSE 8A,A50,083650,Miranda; Gregory Joseph,0,31,40,40
1650918674180,CSE 11,A01,083080,Cao; Yingjun,0,98,40,40
1650918680221,CSE 12,A01,083652,Staff,0,22,100,100
1650918686247,CSE 15L,A01,083654,Staff,0,3,50,50
1650918686247,CSE 15L,A02,083655,Staff,0,3,50,50
1650918692272,CSE 20,A01,083657,Staff,48,0,80,32
1650918698305,CSE 30,A01,083084,Eldon; John,0,76,40,40
1650918704331,CSE 100,A01,083659,Cao; Yingjun,0,70,50,50
1650918710440,CSE 134B,A01,083661,Powell; Thomas Allan,0,38,65,65
1650918716467,CSE 140,A01,083663,Staff,1,13,75,74
1650918722492,CSE 140L,A01,083088,Eldon; John,0,21,75,75
1650918728518,CSE 175,A01,083665,Kumar; Rakesh,2,0,25,23
1650918734550,CSE 190,A00,092507,Dubnov; Shlomo,10,0,20,10
1650918740574,ECE 45,A01,083139,Staff,0,4,60,60
1650918746603,ECE 65,A50,083695,Staff,0,6,30,30
1650918752628,ECE 109,A01,091882,Touri; Behrouz,32,0,70,38
1650918758651,ECE 180,A00,083140,Abi Samra; Nicholas Camill,19,0,30,11
1650918758651,ECE 180,B00,083141,Abi Samra; Nicholas Camill,0,0,30,30
1650918764674,MATH 10A,A01,083735,Patchell; Gregory David,2,0,30,28
1650918764674,MATH 10A,A02,083736,Patchell; Gregory David,27,0,30,3
1650918764674,MATH 10A,A03,083737,Patchell; Gregory David,23,0,30,7
1650918770713,MATH 10B,A01,083207,Staff,0,9,30,30
1650918770713,MATH 10B,A02,083208,Staff,0,6,30,30
1650918770713,MATH 10B,B01,083739,Staff,9,0,30,21
1650918770713,MATH 10B,B02,083740,Staff,28,0,30,2
1650918776740,MATH 18,A01,083743,Staff,0,0,30,30
1650918776740,MATH 18,A02,083744,Staff,24,0,30,6
1650918776740,MATH 18,A03,083745,Staff,19,0,30,11
1650918776740,MATH 18,A04,083746,Staff,26,0,30,4
1650918776740,MATH 18,B01,083748,Staff,0,15,30,30
1650918776740,MATH 18,B02,083749,Staff,0,13,30,30
1650918776740,MATH 18,B03,083750,Staff,0,13,30,30
1650918776740,MATH 18,B04,083751,Staff,0,13,30,30
1650918782768,MATH 20A,A01,083754,Staff,19,0,40,21
1650918788791,MATH 20B,A01,083756,Staff,0,14,30,30
1650918788791,MATH 20B,A02,083757,Staff,0,11,30,30
1650918794814,MATH 20C,A01,083760,Staff,0,17,30,30
1650918794814,MATH 20C,A02,083761,Staff,1,16,30,29
1650918794814,MATH 20C,B01,083762,Staff,9,0,30,21
1650918794814,MATH 20C,B02,083763,Staff,28,0,30,2
1650918800838,MATH 20D,A01,083765,Staff,2,1,30,28
1650918800838,MATH 20D,A02,083766,Staff,5,0,30,25
1650918800838,MATH 20D,A03,083767,Staff,23,0,30,7
1650918806863,MATH 20E,A01,083771,Staff,2,0,30,28
1650918806863,MATH 20E,A02,083772,Staff,13,0,30,17
1650918806863,MATH 20E,B01,083773,Staff,0,0,30,30
1650918806863,MATH 20E,B02,083774,Staff,3,0,30,27
1650918812895,MATH 103A,A01,083777,Staff,0,17,30,30
1650918812895,MATH 103A,A02,083778,Staff,0,15,30,30
1650918812895,MATH 103A,B01,083779,Staff,0,15,30,30
1650918812895,MATH 103A,B02,083780,Staff,0,14,30,30
1650918818918,MATH 105,A01,085443,Staff,0,23,30,30
1650918824949,MATH 109,A01,083213,Anzaldo; Leesa B,0,7,30,30
1650918824949,MATH 109,A02,083214,Anzaldo; Leesa B,0,7,30,30
1650918824949,MATH 109,B01,083215,Anzaldo; Leesa B,0,8,30,30
1650918824949,MATH 109,B02,083216,Anzaldo; Leesa B,0,7,30,30
1650918830978,MATH 142A,A01,083219,Chow; Bennett,0,15,30,30
1650918830978,MATH 142A,A02,083220,Chow; Bennett,0,15,30,30
1650918830978,MATH 142A,B01,083221,Chow; Bennett,0,16,30,30
1650918830978,MATH 142A,B02,083222,Chow; Bennett,0,14,30,30
1650918837003,MATH 193A,A01,083224,Staff,0,6,30,30
1650918837003,MATH 193A,A02,083225,Staff,0,7,30,30
1650918837003,MATH 193A,A03,083781,Staff,0,6,30,30
1650918837003,MATH 193A,A04,083782,Staff,0,7,30,30
1650918843028,MATH 197,001,091859,McAuley; Julian John,9998,0,9999,1
1650918849080,COGS 9,A01,083615,Staff,0,17,60,60
1650918855103,COGS 11,A01,083617,Boyle; Mary E. T.,15,0,40,25
1650918861129,COGS 13,A01,083071,Staff,0,38,40,40
1650918867154,COGS 14A,A01,092681,Staff,0,39,100,100
1650918873178,COGS 14B,A01,083073,Cheng; Tzu-Han,0,12,50,50
1650918879200,COGS 17,A01,092677,Staff,10,0,75,65
1650918885225,COGS 100,A01,083619,Staff,0,30,60,60
1650918891251,COGS 101A,A01,083621,Davis; Joshua Daniel,0,29,60,60
1650918897274,COGS 101B,A01,091572,Staff,0,4,60,60
1650918903298,COGS 101C,A01,083625,Delgado; Tania,14,0,30,16
1650918909323,COGS 107A,A01,083627,Boyle; Mary E. T.,0,16,60,60
1650918915349,COGS 118A,A01,083075,Staff,0,10,60,60
1650918921371,CSE 3,A50,083646,Miranda; Gregory Joseph,15,0,38,23
1650918921371,CSE 3,A51,083647,Miranda; Gregory Joseph,36,0,37,1
1650918927397,CSE 8A,A50,083650,Miranda; Gregory Joseph,0,31,40,40
1650918933419,CSE 11,A01,083080,Cao; Yingjun,0,98,40,40
1650918939447,CSE 12,A01,083652,Staff,0,22,100,100
1650918945473,CSE 15L,A01,083654,Staff,0,3,50,50
1650918945473,CSE 15L,A02,083655,Staff,0,3,50,50
1650918951496,CSE 20,A01,083657,Staff,48,0,80,32
1650918957522,CSE 30,A01,083084,Eldon; John,0,76,40,40
1650918963544,CSE 100,A01,083659,Cao; Yingjun,0,70,50,50
1650918969567,CSE 134B,A01,083661,Powell; Thomas Allan,0,38,65,65
1650918975595,CSE 140,A01,083663,Staff,1,13,75,74
1650918981620,CSE 140L,A01,083088,Eldon; John,0,21,75,75
1650918987646,CSE 175,A01,083665,Kumar; Rakesh,2,0,25,23
1650918993672,CSE 190,A00,092507,Dubnov; Shlomo,10,0,20,10
1650918999694,ECE 45,A01,083139,Staff,0,4,60,60
1650919005738,ECE 65,A50,083695,Staff,0,6,30,30
1650919011767,ECE 109,A01,091882,Touri; Behrouz,32,0,70,38
1650919017796,ECE 180,A00,083140,Abi Samra; Nicholas Camill,19,0,30,11
1650919017796,ECE 180,B00,083141,Abi Samra; Nicholas Camill,0,0,30,30
1650919023818,MATH 10A,A01,083735,Patchell; Gregory David,2,0,30,28
1650919023818,MATH 10A,A02,083736,Patchell; Gregory David,27,0,30,3
1650919023818,MATH 10A,A03,083737,Patchell; Gregory David,23,0,30,7
1650919029846,MATH 10B,A01,083207,Staff,0,9,30,30
1650919029846,MATH 10B,A02,083208,Staff,0,6,30,30
1650919029846,MATH 10B,B01,083739,Staff,9,0,30,21
1650919029846,MATH 10B,B02,083740,Staff,28,0,30,2
1650919035870,MATH 18,A01,083743,Staff,0,0,30,30
1650919035870,MATH 18,A02,083744,Staff,24,0,30,6
1650919035870,MATH 18,A03,083745,Staff,19,0,30,11
1650919035870,MATH 18,A04,083746,Staff,26,0,30,4
1650919035870,MATH 18,B01,083748,Staff,0,15,30,30
1650919035870,MATH 18,B02,083749,Staff,0,13,30,30
1650919035870,MATH 18,B03,083750,Staff,0,13,30,30
1650919035870,MATH 18,B04,083751,Staff,0,13,30,30
1650919041904,MATH 20A,A01,083754,Staff,19,0,40,21
1650919047928,MATH 20B,A01,083756,Staff,0,14,30,30
1650919047928,MATH 20B,A02,083757,Staff,0,11,30,30
1650919053954,MATH 20C,A01,083760,Staff,0,17,30,30
1650919053954,MATH 20C,A02,083761,Staff,1,16,30,29
1650919053954,MATH 20C,B01,083762,Staff,9,0,30,21
1650919053954,MATH 20C,B02,083763,Staff,28,0,30,2
1650919059977,MATH 20D,A01,083765,Staff,2,1,30,28
1650919059977,MATH 20D,A02,083766,Staff,5,0,30,25
1650919059977,MATH 20D,A03,083767,Staff,23,0,30,7
1650919066007,MATH 20E,A01,083771,Staff,2,0,30,28
1650919066007,MATH 20E,A02,083772,Staff,13,0,30,17
1650919066007,MATH 20E,B01,083773,Staff,0,0,30,30
1650919066007,MATH 20E,B02,083774,Staff,3,0,30,27
1650919072039,MATH 103A,A01,083777,Staff,0,17,30,30
1650919072039,MATH 103A,A02,083778,Staff,0,15,30,30
1650919072039,MATH 103A,B01,083779,Staff,0,15,30,30
1650919072039,MATH 103A,B02,083780,Staff,0,14,30,30
1650919078077,MATH 105,A01,085443,Staff,0,23,30,30
1650919084101,MATH 109,A01,083213,Anzaldo; Leesa B,0,7,30,30
1650919084101,MATH 109,A02,083214,Anzaldo; Leesa B,0,7,30,30
1650919084101,MATH 109,B01,083215,Anzaldo; Leesa B,0,8,30,30
1650919084101,MATH 109,B02,083216,Anzaldo; Leesa B,0,7,30,30
1650919090143,MATH 142A,A01,083219,Chow; Bennett,0,15,30,30
1650919090143,MATH 142A,A02,083220,Chow; Bennett,0,15,30,30
1650919090143,MATH 142A,B01,083221,Chow; Bennett,0,16,30,30
1650919090143,MATH 142A,B02,083222,Chow; Bennett,0,14,30,30
1650919096165,MATH 193A,A01,083224,Staff,0,6,30,30
1650919096165,MATH 193A,A02,083225,Staff,0,7,30,30
1650919096165,MATH 193A,A03,083781,Staff,0,6,30,30
1650919096165,MATH 193A,A04,083782,Staff,0,7,30,30
1650919102195,MATH 197,001,091859,McAuley; Julian John,9998,0,9999,1
1650919108253,COGS 9,A01,083615,Staff,0,17,60,60
1650919114277,COGS 11,A01,083617,Boyle; Mary E. T.,15,0,40,25
1650919120308,COGS 13,A01,083071,Staff,0,38,40,40
1650919126336,COGS 14A,A01,092681,Staff,0,39,100,100
1650919132361,COGS 14B,A01,083073,Cheng; Tzu-Han,0,12,50,50
1650919138386,COGS 17,A01,092677,Staff,10,0,75,65
1650919144416,COGS 100,A01,083619,Staff,0,30,60,60
1650919150439,COGS 101A,A01,083621,Davis; Joshua Daniel,0,29,60,60
1650919156465,COGS 101B,A01,091572,Staff,0,4,60,60
1650919162488,COGS 101C,A01,083625,Delgado; Tania,14,0,30,16
1650919168512,COGS 107A,A01,083627,Boyle; Mary E. T.,0,16,60,60
1650919174539,COGS 118A,A01,083075,Staff,0,10,60,60
1650919180562,CSE 3,A50,083646,Miranda; Gregory Joseph,15,0,38,23
1650919180562,CSE 3,A51,083647,Miranda; Gregory Joseph,36,0,37,1
1650919186589,CSE 8A,A50,083650,Miranda; Gregory Joseph,0,31,40,40
1650919192619,CSE 11,A01,083080,Cao; Yingjun,0,98,40,40
1650919198645,CSE 12,A01,083652,Staff,0,22,100,100
1650919204680,CSE 15L,A01,083654,Staff,0,3,50,50
1650919204680,CSE 15L,A02,083655,Staff,0,3,50,50
1650919210702,CSE 20,A01,083657,Staff,48,0,80,32
1650919216731,CSE 30,A01,083084,Eldon; John,0,76,40,40
1650919222755,CSE 100,A01,083659,Cao; Yingjun,0,70,50,50
1650919228791,CSE 134B,A01,083661,Powell; Thomas Allan,0,38,65,65
1650919234824,CSE 140,A01,083663,Staff,1,13,75,74
1650919240848,CSE 140L,A01,083088,Eldon; John,0,21,75,75
1650919246875,CSE 175,A01,083665,Kumar; Rakesh,2,0,25,23
1650919252902,CSE 190,A00,092507,Dubnov; Shlomo,10,0,20,10
1650919258926,ECE 45,A01,083139,Staff,0,4,60,60
1650919264952,ECE 65,A50,083695,Staff,0,6,30,30
1650919270978,ECE 109,A01,091882,Touri; Behrouz,32,0,70,38
1650919277000,ECE 180,A00,083140,Abi Samra; Nicholas Camill,19,0,30,11
1650919277000,ECE 180,B00,083141,Abi Samra; Nicholas Camill,0,0,30,30
1650919283027,MATH 10A,A01,083735,Patchell; Gregory David,2,0,30,28
1650919283027,MATH 10A,A02,083736,Patchell; Gregory David,27,0,30,3
1650919283027,MATH 10A,A03,083737,Patchell; Gregory David,23,0,30,7
1650919289058,MATH 10B,A01,083207,Staff,0,9,30,30
1650919289058,MATH 10B,A02,083208,Staff,0,6,30,30
1650919289058,MATH 10B,B01,083739,Staff,9,0,30,21
1650919289058,MATH 10B,B02,083740,Staff,28,0,30,2
1650919295084,MATH 18,A01,083743,Staff,0,0,30,30
1650919295084,MATH 18,A02,083744,Staff,24,0,30,6
1650919295084,MATH 18,A03,083745,Staff,19,0,30,11
1650919295084,MATH 18,A04,083746,Staff,26,0,30,4
1650919295084,MATH 18,B01,083748,Staff,0,15,30,30
1650919295084,MATH 18,B02,083749,Staff,0,13,30,30
1650919295084,MATH 18,B03,083750,Staff,0,13,30,30
1650919295084,MATH 18,B04,083751,Staff,0,13,30,30
1650919301105,MATH 20A,A01,083754,Staff,19,0,40,21
1650919307355,MATH 20B,A01,083756,Staff,0,14,30,30
1650919307355,MATH 20B,A02,083757,Staff,0,11,30,30
1650919313383,MATH 20C,A01,083760,Staff,0,17,30,30
1650919313383,MATH 20C,A02,083761,Staff,1,16,30,29
1650919313383,MATH 20C,B01,083762,Staff,9,0,30,21
1650919313383,MATH 20C,B02,083763,Staff,28,0,30,2
1650919319405,MATH 20D,A01,083765,Staff,2,1,30,28
1650919319405,MATH 20D,A02,083766,Staff,5,0,30,25
1650919319405,MATH 20D,A03,083767,Staff,23,0,30,7
1650919325427,MATH 20E,A01,083771,Staff,2,0,30,28
1650919325427,MATH 20E,A02,083772,Staff,13,0,30,17
1650919325427,MATH 20E,B01,083773,Staff,0,0,30,30
1650919325427,MATH 20E,B02,083774,Staff,3,0,30,27
1650919331450,MATH 103A,A01,083777,Staff,0,17,30,30
1650919331450,MATH 103A,A02,083778,Staff,0,15,30,30
1650919331450,MATH 103A,B01,083779,Staff,0,15,30,30
1650919331450,MATH 103A,B02,083780,Staff,0,14,30,30
1650919337478,MATH 105,A01,085443,Staff,0,23,30,30
1650919343503,MATH 109,A01,083213,Anzaldo; Leesa B,0,7,30,30
1650919343503,MATH 109,A02,083214,Anzaldo; Leesa B,0,7,30,30
1650919343503,MATH 109,B01,083215,Anzaldo; Leesa B,0,8,30,30
1650919343503,MATH 109,B02,083216,Anzaldo; Leesa B,0,7,30,30
1650919349525,MATH 142A,A01,083219,Chow; Bennett,0,15,30,30
1650919349525,MATH 142A,A02,083220,Chow; Bennett,0,15,30,30
1650919349525,MATH 142A,B01,083221,Chow; Bennett,0,16,30,30
1650919349525,MATH 142A,B02,083222,Chow; Bennett,0,14,30,30
1650919355550,MATH 193A,A01,083224,Staff,0,6,30,30
1650919355550,MATH 193A,A02,083225,Staff,0,7,30,30
1650919355550,MATH 193A,A03,083781,Staff,0,6,30,30
1650919355550,MATH 193A,A04,083782,Staff,0,7,30,30
1650919361573,MATH 197,001,091859,McAuley; Julian John,9998,0,9999,1
1650919367625,COGS 9,A01,083615,Staff,0,17,60,60
1650919373648,COGS 11,A01,083617,Boyle; Mary E. T.,15,0,40,25
1650919379672,COGS 13,A01,083071,Staff,0,38,40,40
1650919385700,COGS 14A,A01,092681,Staff,0,39,100,100
1650919391726,COGS 14B,A01,083073,Cheng; Tzu-Han,0,12,50,50
1650919397750,COGS 17,A01,092677,Staff,10,0,75,65
1650919403773,COGS 100,A01,083619,Staff,0,30,60,60
1650919409799,COGS 101A,A01,083621,Davis; Joshua Daniel,0,29,60,60
1650919415821,COGS 101B,A01,091572,Staff,0,4,60,60
1650919421843,COGS 101C,A01,083625,Delgado; Tania,14,0,30,16
1650919427868,COGS 107A,A01,083627,Boyle; Mary E. T.,0,16,60,60
1650919433897,COGS 118A,A01,083075,Staff,0,10,60,60
1650919439921,CSE 3,A50,083646,Miranda; Gregory Joseph,15,0,38,23
1650919439921,CSE 3,A51,083647,Miranda; Gregory Joseph,36,0,37,1
1650919445943,CSE 8A,A50,083650,Miranda; Gregory Joseph,0,31,40,40
1650919451972,CSE 11,A01,083080,Cao; Yingjun,0,98,40,40
1650919458000,CSE 12,A01,083652,Staff,0,22,100,100
1650919464023,CSE 15L,A01,083654,Staff,0,3,50,50
1650919464023,CSE 15L,A02,083655,Staff,0,3,50,50
1650919470045,CSE 20,A01,083657,Staff,48,0,80,32
1650919476066,CSE 30,A01,083084,Eldon; John,0,76,40,40
1650919482089,CSE 100,A01,083659,Cao; Yingjun,0,70,50,50
1650919488120,CSE 134B,A01,083661,Powell; Thomas Allan,0,38,65,65
1650919494144,CSE 140,A01,083663,Staff,1,13,75,74
1650919500173,CSE 140L,A01,083088,Eldon; John,0,21,75,75
1650919506196,CSE 175,A01,083665,Kumar; Rakesh,2,0,25,23
1650919512226,CSE 190,A00,092507,Dubnov; Shlomo,10,0,20,10
1650919518252,ECE 45,A01,083139,Staff,0,4,60,60
1650919524275,ECE 65,A50,083695,Staff,0,6,30,30
1650919530308,ECE 109,A01,091882,Touri; Behrouz,32,0,70,38
1650919536335,ECE 180,A00,083140,Abi Samra; Nicholas Camill,19,0,30,11
1650919536335,ECE 180,B00,083141,Abi Samra; Nicholas Camill,0,0,30,30
1650919542361,MATH 10A,A01,083735,Patchell; Gregory David,2,0,30,28
1650919542361,MATH 10A,A02,083736,Patchell; Gregory David,27,0,30,3
1650919542361,MATH 10A,A03,083737,Patchell; Gregory David,23,0,30,7
1650919548388,MATH 10B,A01,083207,Staff,0,9,30,30
1650919548388,MATH 10B,A02,083208,Staff,0,6,30,30
1650919548388,MATH 10B,B01,083739,Staff,9,0,30,21
1650919548388,MATH 10B,B02,083740,Staff,28,0,30,2
1650919554415,MATH 18,A01,083743,Staff,0,0,30,30
1650919554415,MATH 18,A02,083744,Staff,24,0,30,6
1650919554415,MATH 18,A03,083745,Staff,19,0,30,11
1650919554415,MATH 18,A04,083746,Staff,26,0,30,4
1650919554415,MATH 18,B01,083748,Staff,0,15,30,30
1650919554415,MATH 18,B02,083749,Staff,0,13,30,30
1650919554415,MATH 18,B03,083750,Staff,0,13,30,30
1650919554415,MATH 18,B04,083751,Staff,0,13,30,30
1650919560452,MATH 20A,A01,083754,Staff,19,0,40,21
1650919566499,MATH 20B,A01,083756,Staff,0,14,30,30
1650919566499,MATH 20B,A02,083757,Staff,0,11,30,30
1650919572528,MATH 20C,A01,083760,Staff,0,17,30,30
1650919572528,MATH 20C,A02,083761,Staff,1,16,30,29
1650919572528,MATH 20C,B01,083762,Staff,9,0,30,21
1650919572528,MATH 20C,B02,083763,Staff,28,0,30,2
1650919578562,MATH 20D,A01,083765,Staff,2,1,30,28
1650919578562,MATH 20D,A02,083766,Staff,5,0,30,25
1650919578562,MATH 20D,A03,083767,Staff,23,0,30,7
1650919584588,MATH 20E,A01,083771,Staff,2,0,30,28
1650919584588,MATH 20E,A02,083772,Staff,13,0,30,17
1650919584588,MATH 20E,B01,083773,Staff,0,0,30,30
1650919584588,MATH 20E,B02,083774,Staff,3,0,30,27
1650919590610,MATH 103A,A01,083777,Staff,0,17,30,30
1650919590610,MATH 103A,A02,083778,Staff,0,15,30,30
1650919590610,MATH 103A,B01,083779,Staff,0,15,30,30
1650919590610,MATH 103A,B02,083780,Staff,0,14,30,30
1650919596652,MATH 105,A01,085443,Staff,0,23,30,30
1650919602676,MATH 109,A01,083213,Anzaldo; Leesa B,0,7,30,30
1650919602676,MATH 109,A02,083214,Anzaldo; Leesa B,0,7,30,30
1650919602676,MATH 109,B01,083215,Anzaldo; Leesa B,0,8,30,30
1650919602676,MATH 109,B02,083216,Anzaldo; Leesa B,0,7,30,30
1650919608702,MATH 142A,A01,083219,Chow; Bennett,0,15,30,30
1650919608702,MATH 142A,A02,083220,Chow; Bennett,0,15,30,30
1650919608702,MATH 142A,B01,083221,Chow; Bennett,0,16,30,30
1650919608702,MATH 142A,B02,083222,Chow; Bennett,0,14,30,30
1650919614732,MATH 193A,A01,083224,Staff,0,6,30,30
1650919614732,MATH 193A,A02,083225,Staff,0,7,30,30
1650919614732,MATH 193A,A03,083781,Staff,0,6,30,30
1650919614732,MATH 193A,A04,083782,Staff,0,7,30,30
1650919620759,MATH 197,001,091859,McAuley; Julian John,9998,0,9999,1
1650919626814,COGS 9,A01,083615,Staff,0,18,60,60
1650919632846,COGS 11,A01,083617,Boyle; Mary E. T.,15,0,40,25
1650919638871,COGS 13,A01,083071,Staff,0,38,40,40
1650919644893,COGS 14A,A01,092681,Staff,0,39,100,100
1650919650917,COGS 14B,A01,083073,Cheng; Tzu-Han,0,12,50,50
1650919656941,COGS 17,A01,092677,Staff,10,0,75,65
1650919662972,COGS 100,A01,083619,Staff,0,30,60,60
1650919669008,COGS 101A,A01,083621,Davis; Joshua Daniel,0,29,60,60
1650919675030,COGS 101B,A01,091572,Staff,0,4,60,60
1650919681054,COGS 101C,A01,083625,Delgado; Tania,14,0,30,16
1650919687097,COGS 107A,A01,083627,Boyle; Mary E. T.,0,16,60,60
1650919693122,COGS 118A,A01,083075,Staff,0,10,60,60
1650919699155,CSE 3,A50,083646,Miranda; Gregory Joseph,15,0,38,23
1650919699155,CSE 3,A51,083647,Miranda; Gregory Joseph,36,0,37,1
1650919705178,CSE 8A,A50,083650,Miranda; Gregory Joseph,0,31,40,40
1650919711201,CSE 11,A01,083080,Cao; Yingjun,0,98,40,40
1650919717231,CSE 12,A01,083652,Staff,0,22,100,100
1650919723254,CSE 15L,A01,083654,Staff,0,3,50,50
1650919723254,CSE 15L,A02,083655,Staff,0,3,50,50
1650919729276,CSE 20,A01,083657,Staff,48,0,80,32
1650919735298,CSE 30,A01,083084,Eldon; John,0,76,40,40
1650919741321,CSE 100,A01,083659,Cao; Yingjun,0,70,50,50
1650919747345,CSE 134B,A01,083661,Powell; Thomas Allan,0,38,65,65
1650919753387,CSE 140,A01,083663,Staff,1,13,75,74
1650919759421,CSE 140L,A01,083088,Eldon; John,0,21,75,75
1650919765446,CSE 175,A01,083665,Kumar; Rakesh,2,0,25,23
1650919771473,CSE 190,A00,092507,Dubnov; Shlomo,10,0,20,10
1650919777498,ECE 45,A01,083139,Staff,0,4,60,60
1650919783522,ECE 65,A50,083695,Staff,0,6,30,30
1650919789548,ECE 109,A01,091882,Touri; Behrouz,32,0,70,38
1650919795587,ECE 180,A00,083140,Abi Samra; Nicholas Camill,19,0,30,11
1650919795587,ECE 180,B00,083141,Abi Samra; Nicholas Camill,0,0,30,30
1650919801625,MATH 10A,A01,083735,Patchell; Gregory David,2,0,30,28
1650919801625,MATH 10A,A02,083736,Patchell; Gregory David,27,0,30,3
1650919801625,MATH 10A,A03,083737,Patchell; Gregory David,23,0,30,7
1650919807651,MATH 10B,A01,083207,Staff,0,9,30,30
1650919807651,MATH 10B,A02,083208,Staff,0,6,30,30
1650919807651,MATH 10B,B01,083739,Staff,9,0,30,21
1650919807651,MATH 10B,B02,083740,Staff,28,0,30,2
1650919813678,MATH 18,A01,083743,Staff,0,0,30,30
1650919813678,MATH 18,A02,083744,Staff,24,0,30,6
1650919813678,MATH 18,A03,083745,Staff,19,0,30,11
1650919813678,MATH 18,A04,083746,Staff,26,0,30,4
1650919813678,MATH 18,B01,083748,Staff,0,15,30,30
1650919813678,MATH 18,B02,083749,Staff,0,13,30,30
1650919813678,MATH 18,B03,083750,Staff,0,13,30,30
1650919813678,MATH 18,B04,083751,Staff,0,13,30,30
1650919819701,MATH 20A,A01,083754,Staff,19,0,40,21
1650919825727,MATH 20B,A01,083756,Staff,0,14,30,30
1650919825727,MATH 20B,A02,083757,Staff,0,11,30,30
1650919831754,MATH 20C,A01,083760,Staff,0,17,30,30
1650919831754,MATH 20C,A02,083761,Staff,1,16,30,29
1650919831754,MATH 20C,B01,083762,Staff,9,0,30,21
1650919831754,MATH 20C,B02,083763,Staff,28,0,30,2
1650919837777,MATH 20D,A01,083765,Staff,2,1,30,28
1650919837777,MATH 20D,A02,083766,Staff,5,0,30,25
1650919837777,MATH 20D,A03,083767,Staff,23,0,30,7
1650919843811,MATH 20E,A01,083771,Staff,2,0,30,28
1650919843811,MATH 20E,A02,083772,Staff,13,0,30,17
1650919843811,MATH 20E,B01,083773,Staff,0,0,30,30
1650919843811,MATH 20E,B02,083774,Staff,3,0,30,27
1650919849834,MATH 103A,A01,083777,Staff,0,17,30,30
1650919849834,MATH 103A,A02,083778,Staff,0,15,30,30
1650919849834,MATH 103A,B01,083779,Staff,0,15,30,30
1650919849834,MATH 103A,B02,083780,Staff,0,14,30,30
1650919855860,MATH 105,A01,085443,Staff,0,23,30,30
1650919861902,MATH 109,A01,083213,Anzaldo; Leesa B,0,7,30,30
1650919861902,MATH 109,A02,083214,Anzaldo; Leesa B,0,7,30,30
1650919861902,MATH 109,B01,083215,Anzaldo; Leesa B,0,8,30,30
1650919861902,MATH 109,B02,083216,Anzaldo; Leesa B,0,7,30,30
1650919867926,MATH 142A,A01,083219,Chow; Bennett,0,15,30,30
1650919867926,MATH 142A,A02,083220,Chow; Bennett,0,15,30,30
1650919867926,MATH 142A,B01,083221,Chow; Bennett,0,16,30,30
1650919867926,MATH 142A,B02,083222,Chow; Bennett,0,14,30,30
1650919873950,MATH 193A,A01,083224,Staff,0,6,30,30
1650919873950,MATH 193A,A02,083225,Staff,0,7,30,30
1650919873950,MATH 193A,A03,083781,Staff,0,6,30,30
1650919873950,MATH 193A,A04,083782,Staff,0,7,30,30
1650919879972,MATH 197,001,091859,McAuley; Julian John,9998,0,9999,1
1650919886021,COGS 9,A01,083615,Staff,0,18,60,60
1650919892044,COGS 11,A01,083617,Boyle; Mary E. T.,15,0,40,25
1650919898155,COGS 13,A01,083071,Staff,0,38,40,40
1650919904177,COGS 14A,A01,092681,Staff,0,39,100,100
1650919910218,COGS 14B,A01,083073,Cheng; Tzu-Han,0,12,50,50
1650919916249,COGS 17,A01,092677,Staff,10,0,75,65
1650919922272,COGS 100,A01,083619,Staff,0,30,60,60
1650919928311,COGS 101A,A01,083621,Davis; Joshua Daniel,0,29,60,60
1650919934343,COGS 101B,A01,091572,Staff,0,4,60,60
1650919940371,COGS 101C,A01,083625,Delgado; Tania,14,0,30,16
1650919946395,COGS 107A,A01,083627,Boyle; Mary E. T.,0,16,60,60
1650919952417,COGS 118A,A01,083075,Staff,0,10,60,60
1650919958438,CSE 3,A50,083646,Miranda; Gregory Joseph,15,0,38,23
1650919958438,CSE 3,A51,083647,Miranda; Gregory Joseph,36,0,37,1
1650919964461,CSE 8A,A50,083650,Miranda; Gregory Joseph,0,31,40,40
1650919970485,CSE 11,A01,083080,Cao; Yingjun,0,98,40,40
1650919976507,CSE 12,A01,083652,Staff,0,22,100,100
1650919982532,CSE 15L,A01,083654,Staff,0,3,50,50
1650919982532,CSE 15L,A02,083655,Staff,0,3,50,50
1650919988563,CSE 20,A01,083657,Staff,48,0,80,32
1650919994590,CSE 30,A01,083084,Eldon; John,0,76,40,40
1650920000615,CSE 100,A01,083659,Cao; Yingjun,0,70,50,50
1650920006643,CSE 134B,A01,083661,Powell; Thomas Allan,0,38,65,65
1650920012672,CSE 140,A01,083663,Staff,1,13,75,74
1650920018695,CSE 140L,A01,083088,Eldon; John,0,21,75,75
1650920024721,CSE 175,A01,083665,Kumar; Rakesh,2,0,25,23
1650920030745,CSE 190,A00,092507,Dubnov; Shlomo,10,0,20,10
1650920036776,ECE 45,A01,083139,Staff,0,4,60,60
1650920042804,ECE 65,A50,083695,Staff,0,6,30,30
1650920048843,ECE 109,A01,091882,Touri; Behrouz,32,0,70,38
1650920054867,ECE 180,A00,083140,Abi Samra; Nicholas Camill,19,0,30,11
1650920054867,ECE 180,B00,083141,Abi Samra; Nicholas Camill,0,0,30,30
1650920060893,MATH 10A,A01,083735,Patchell; Gregory David,2,0,30,28
1650920060893,MATH 10A,A02,083736,Patchell; Gregory David,27,0,30,3
1650920060893,MATH 10A,A03,083737,Patchell; Gregory David,23,0,30,7
1650920066917,MATH 10B,A01,083207,Staff,0,9,30,30
1650920066917,MATH 10B,A02,083208,Staff,0,6,30,30
1650920066917,MATH 10B,B01,083739,Staff,9,0,30,21
1650920066917,MATH 10B,B02,083740,Staff,28,0,30,2
1650920072948,MATH 18,A01,083743,Staff,0,0,30,30
1650920072948,MATH 18,A02,083744,Staff,24,0,30,6
1650920072948,MATH 18,A03,083745,Staff,19,0,30,11
1650920072948,MATH 18,A04,083746,Staff,26,0,30,4
1650920072948,MATH 18,B01,083748,Staff,0,15,30,30
1650920072948,MATH 18,B02,083749,Staff,0,13,30,30
1650920072948,MATH 18,B03,083750,Staff,0,13,30,30
1650920072948,MATH 18,B04,083751,Staff,0,13,30,30
1650920078976,MATH 20A,A01,083754,Staff,19,0,40,21
1650920085001,MATH 20B,A01,083756,Staff,0,14,30,30
1650920085001,MATH 20B,A02,083757,Staff,0,11,30,30
1650920091023,MATH 20C,A01,083760,Staff,0,17,30,30
1650920091023,MATH 20C,A02,083761,Staff,1,16,30,29
1650920091023,MATH 20C,B01,083762,Staff,9,0,30,21
1650920091023,MATH 20C,B02,083763,Staff,28,0,30,2
1650920097047,MATH 20D,A01,083765,Staff,2,1,30,28
1650920097047,MATH 20D,A02,083766,Staff,4,0,30,26
1650920097047,MATH 20D,A03,083767,Staff,23,0,30,7
1650920103076,MATH 20E,A01,083771,Staff,2,0,30,28
1650920103076,MATH 20E,A02,083772,Staff,13,0,30,17
1650920103076,MATH 20E,B01,083773,Staff,0,0,30,30
1650920103076,MATH 20E,B02,083774,Staff,3,0,30,27
1650920109100,MATH 103A,A01,083777,Staff,0,17,30,30
1650920109100,MATH 103A,A02,083778,Staff,0,15,30,30
1650920109100,MATH 103A,B01,083779,Staff,0,15,30,30
1650920109100,MATH 103A,B02,083780,Staff,0,14,30,30
1650920115132,MATH 105,A01,085443,Staff,0,23,30,30
1650920121157,MATH 109,A01,083213,Anzaldo; Leesa B,0,7,30,30
1650920121157,MATH 109,A02,083214,Anzaldo; Leesa B,0,7,30,30
1650920121157,MATH 109,B01,083215,Anzaldo; Leesa B,0,8,30,30
1650920121157,MATH 109,B02,083216,Anzaldo; Leesa B,0,7,30,30
1650920127185,MATH 142A,A01,083219,Chow; Bennett,0,15,30,30
1650920127185,MATH 142A,A02,083220,Chow; Bennett,0,15,30,30
1650920127185,MATH 142A,B01,083221,Chow; Bennett,0,16,30,30
1650920127185,MATH 142A,B02,083222,Chow; Bennett,0,14,30,30
1650920133208,MATH 193A,A01,083224,Staff,0,6,30,30
1650920133208,MATH 193A,A02,083225,Staff,0,7,30,30
1650920133208,MATH 193A,A03,083781,Staff,0,6,30,30
1650920133208,MATH 193A,A04,083782,Staff,0,7,30,30
1650920139241,MATH 197,001,091859,McAuley; Julian John,9998,0,9999,1
1650920145319,COGS 9,A01,083615,Staff,0,18,60,60
1650920151341,COGS 11,A01,083617,Boyle; Mary E. T.,15,0,40,25
1650920157367,COGS 13,A01,083071,Staff,0,38,40,40
1650920163394,COGS 14A,A01,092681,Staff,0,39,100,100
1650920169425,COGS 14B,A01,083073,Cheng; Tzu-Han,0,12,50,50
1650920175450,COGS 17,A01,092677,Staff,10,0,75,65
1650920181477,COGS 100,A01,083619,Staff,0,30,60,60
1650920187499,COGS 101A,A01,083621,Davis; Joshua Daniel,0,29,60,60
1650920193526,COGS 101B,A01,091572,Staff,0,4,60,60
1650920199561,COGS 101C,A01,083625,Delgado; Tania,14,0,30,16
1650920205590,COGS 107A,A01,083627,Boyle; Mary E. T.,0,16,60,60
1650920211612,COGS 118A,A01,083075,Staff,0,10,60,60
1650920217635,CSE 3,A50,083646,Miranda; Gregory Joseph,15,0,38,23
1650920217635,CSE 3,A51,083647,Miranda; Gregory Joseph,36,0,37,1
1650920223659,CSE 8A,A50,083650,Miranda; Gregory Joseph,0,31,40,40
1650920229685,CSE 11,A01,083080,Cao; Yingjun,0,98,40,40
1650920235716,CSE 12,A01,083652,Staff,0,22,100,100
1650920241755,CSE 15L,A01,083654,Staff,0,3,50,50
1650920241755,CSE 15L,A02,083655,Staff,0,3,50,50
1650920247790,CSE 20,A01,083657,Staff,48,0,80,32
1650920253813,CSE 30,A01,083084,Eldon; John,0,76,40,40
1650920259836,CSE 100,A01,083659,Cao; Yingjun,0,70,50,50
1650920265859,CSE 134B,A01,083661,Powell; Thomas Allan,0,38,65,65
1650920271887,CSE 140,A01,083663,Staff,1,13,75,74
1650920277923,CSE 140L,A01,083088,Eldon; John,0,21,75,75
1650920283960,CSE 175,A01,083665,Kumar; Rakesh,2,0,25,23
1650920289992,CSE 190,A00,092507,Dubnov; Shlomo,10,0,20,10
1650920296023,ECE 45,A01,083139,Staff,0,4,60,60
1650920302052,ECE 65,A50,083695,Staff,0,6,30,30
1650920308075,ECE 109,A01,091882,Touri; Behrouz,32,0,70,38
1650920314098,ECE 180,A00,083140,Abi Samra; Nicholas Camill,19,0,30,11
1650920314098,ECE 180,B00,083141,Abi Samra; Nicholas Camill,0,0,30,30
1650920320124,MATH 10A,A01,083735,Patchell; Gregory David,2,0,30,28
1650920320124,MATH 10A,A02,083736,Patchell; Gregory David,27,0,30,3
1650920320124,MATH 10A,A03,083737,Patchell; Gregory David,23,0,30,7
1650920326151,MATH 10B,A01,083207,Staff,0,9,30,30
1650920326151,MATH 10B,A02,083208,Staff,0,6,30,30
1650920326151,MATH 10B,B01,083739,Staff,9,0,30,21
1650920326151,MATH 10B,B02,083740,Staff,28,0,30,2
1650920332190,MATH 18,A01,083743,Staff,0,0,30,30
1650920332190,MATH 18,A02,083744,Staff,24,0,30,6
1650920332190,MATH 18,A03,083745,Staff,19,0,30,11
1650920332190,MATH 18,A04,083746,Staff,26,0,30,4
1650920332190,MATH 18,B01,083748,Staff,0,15,30,30
1650920332190,MATH 18,B02,083749,Staff,0,13,30,30
1650920332190,MATH 18,B03,083750,Staff,0,13,30,30
1650920332190,MATH 18,B04,083751,Staff,0,13,30,30
1650920338213,MATH 20A,A01,083754,Staff,19,0,40,21
1650920344240,MATH 20B,A01,083756,Staff,0,14,30,30
1650920344240,MATH 20B,A02,083757,Staff,0,11,30,30
1650920350267,MATH 20C,A01,083760,Staff,0,17,30,30
1650920350267,MATH 20C,A02,083761,Staff,1,16,30,29
1650920350267,MATH 20C,B01,083762,Staff,9,0,30,21
1650920350267,MATH 20C,B02,083763,Staff,28,0,30,2
1650920356299,MATH 20D,A01,083765,Staff,2,1,30,28
1650920356299,MATH 20D,A02,083766,Staff,4,0,30,26
1650920356299,MATH 20D,A03,083767,Staff,23,0,30,7
1650920362333,MATH 20E,A01,083771,Staff,2,0,30,28
1650920362333,MATH 20E,A02,083772,Staff,13,0,30,17
1650920362333,MATH 20E,B01,083773,Staff,0,0,30,30
1650920362333,MATH 20E,B02,083774,Staff,3,0,30,27
1650920368362,MATH 103A,A01,083777,Staff,0,17,30,30
1650920368362,MATH 103A,A02,083778,Staff,0,15,30,30
1650920368362,MATH 103A,B01,083779,Staff,0,15,30,30
1650920368362,MATH 103A,B02,083780,Staff,0,14,30,30
1650920374387,MATH 105,A01,085443,Staff,0,23,30,30
1650920380410,MATH 109,A01,083213,Anzaldo; Leesa B,0,7,30,30
1650920380410,MATH 109,A02,083214,Anzaldo; Leesa B,0,7,30,30
1650920380410,MATH 109,B01,083215,Anzaldo; Leesa B,0,8,30,30
1650920380410,MATH 109,B02,083216,Anzaldo; Leesa B,0,7,30,30
1650920386441,MATH 142A,A01,083219,Chow; Bennett,0,15,30,30
1650920386441,MATH 142A,A02,083220,Chow; Bennett,0,15,30,30
1650920386441,MATH 142A,B01,083221,Chow; Bennett,0,16,30,30
1650920386441,MATH 142A,B02,083222,Chow; Bennett,0,14,30,30
1650920392469,MATH 193A,A01,083224,Staff,0,6,30,30
1650920392469,MATH 193A,A02,083225,Staff,0,7,30,30
1650920392469,MATH 193A,A03,083781,Staff,0,6,30,30
1650920392469,MATH 193A,A04,083782,Staff,0,7,30,30
1650920398502,MATH 197,001,091859,McAuley; Julian John,9998,0,9999,1
1650920404560,COGS 9,A01,083615,Staff,0,18,60,60
1650920410585,COGS 11,A01,083617,Boyle; Mary E. T.,15,0,40,25
1650920416608,COGS 13,A01,083071,Staff,0,38,40,40
1650920422634,COGS 14A,A01,092681,Staff,0,39,100,100
1650920428659,COGS 14B,A01,083073,Cheng; Tzu-Han,0,12,50,50
1650920434682,COGS 17,A01,092677,Staff,10,0,75,65
1650920440707,COGS 100,A01,083619,Staff,0,30,60,60
1650920446734,COGS 101A,A01,083621,Davis; Joshua Daniel,0,29,60,60
1650920452768,COGS 101B,A01,091572,Staff,0,5,60,60
1650920458791,COGS 101C,A01,083625,Delgado; Tania,14,0,30,16
1650920464819,COGS 107A,A01,083627,Boyle; Mary E. T.,0,16,60,60
1650920470847,COGS 118A,A01,083075,Staff,0,10,60,60
1650920476871,CSE 3,A50,083646,Miranda; Gregory Joseph,15,0,38,23
1650920476871,CSE 3,A51,083647,Miranda; Gregory Joseph,36,0,37,1
1650920482893,CSE 8A,A50,083650,Miranda; Gregory Joseph,0,31,40,40
1650920488919,CSE 11,A01,083080,Cao; Yingjun,0,98,40,40
1650920495051,CSE 12,A01,083652,Staff,0,22,100,100
1650920501077,CSE 15L,A01,083654,Staff,0,3,50,50
1650920501077,CSE 15L,A02,083655,Staff,0,3,50,50
1650920507106,CSE 20,A01,083657,Staff,48,0,80,32
1650920513132,CSE 30,A01,083084,Eldon; John,0,76,40,40
1650920519164,CSE 100,A01,083659,Cao; Yingjun,0,70,50,50
1650920525191,CSE 134B,A01,083661,Powell; Thomas Allan,0,38,65,65
1650920531214,CSE 140,A01,083663,Staff,1,13,75,74
1650920537237,CSE 140L,A01,083088,Eldon; John,0,21,75,75
1650920543259,CSE 175,A01,083665,Kumar; Rakesh,2,0,25,23
1650920549284,CSE 190,A00,092507,Dubnov; Shlomo,10,0,20,10
1650920555316,ECE 45,A01,083139,Staff,0,4,60,60
1650920561337,ECE 65,A50,083695,Staff,0,6,30,30
1650920567371,ECE 109,A01,091882,Touri; Behrouz,32,0,70,38
1650920573396,ECE 180,A00,083140,Abi Samra; Nicholas Camill,19,0,30,11
1650920573396,ECE 180,B00,083141,Abi Samra; Nicholas Camill,0,0,30,30
1650920579423,MATH 10A,A01,083735,Patchell; Gregory David,2,0,30,28
1650920579423,MATH 10A,A02,083736,Patchell; Gregory David,27,0,30,3
1650920579423,MATH 10A,A03,083737,Patchell; Gregory David,23,0,30,7
1650920585447,MATH 10B,A01,083207,Staff,0,9,30,30
1650920585447,MATH 10B,A02,083208,Staff,0,6,30,30
1650920585447,MATH 10B,B01,083739,Staff,9,0,30,21
1650920585447,MATH 10B,B02,083740,Staff,28,0,30,2
1650920591475,MATH 18,A01,083743,Staff,0,0,30,30
1650920591475,MATH 18,A02,083744,Staff,24,0,30,6
1650920591475,MATH 18,A03,083745,Staff,19,0,30,11
1650920591475,MATH 18,A04,083746,Staff,26,0,30,4
1650920591475,MATH 18,B01,083748,Staff,0,15,30,30
1650920591475,MATH 18,B02,083749,Staff,0,13,30,30
1650920591475,MATH 18,B03,083750,Staff,0,13,30,30
1650920591475,MATH 18,B04,083751,Staff,0,13,30,30
1650920597505,MATH 20A,A01,083754,Staff,19,0,40,21
1650920603526,MATH 20B,A01,083756,Staff,0,14,30,30
1650920603526,MATH 20B,A02,083757,Staff,0,11,30,30
1650920609547,MATH 20C,A01,083760,Staff,0,17,30,30
1650920609547,MATH 20C,A02,083761,Staff,1,16,30,29
1650920609547,MATH 20C,B01,083762,Staff,9,0,30,21
1650920609547,MATH 20C,B02,083763,Staff,28,0,30,2
1650920615572,MATH 20D,A01,083765,Staff,2,1,30,28
1650920615572,MATH 20D,A02,083766,Staff,4,0,30,26
1650920615572,MATH 20D,A03,083767,Staff,23,0,30,7
1650920621597,MATH 20E,A01,083771,Staff,2,0,30,28
1650920621597,MATH 20E,A02,083772,Staff,13,0,30,17
1650920621597,MATH 20E,B01,083773,Staff,0,0,30,30
1650920621597,MATH 20E,B02,083774,Staff,3,0,30,27
1650920627621,MATH 103A,A01,083777,Staff,0,17,30,30
1650920627621,MATH 103A,A02,083778,Staff,0,15,30,30
1650920627621,MATH 103A,B01,083779,Staff,0,15,30,30
1650920627621,MATH 103A,B02,083780,Staff,0,14,30,30
1650920633651,MATH 105,A01,085443,Staff,0,23,30,30
1650920639679,MATH 109,A01,083213,Anzaldo; Leesa B,0,7,30,30
1650920639679,MATH 109,A02,083214,Anzaldo; Leesa B,0,7,30,30
1650920639679,MATH 109,B01,083215,Anzaldo; Leesa B,0,8,30,30
1650920639679,MATH 109,B02,083216,Anzaldo; Leesa B,0,7,30,30
1650920645712,MATH 142A,A01,083219,Chow; Bennett,0,15,30,30
1650920645712,MATH 142A,A02,083220,Chow; Bennett,0,15,30,30
1650920645712,MATH 142A,B01,083221,Chow; Bennett,0,16,30,30
1650920645712,MATH 142A,B02,083222,Chow; Bennett,0,14,30,30
1650920651751,MATH 193A,A01,083224,Staff,0,6,30,30
1650920651751,MATH 193A,A02,083225,Staff,0,7,30,30
1650920651751,MATH 193A,A03,083781,Staff,0,6,30,30
1650920651751,MATH 193A,A04,083782,Staff,0,7,30,30
1650920657777,MATH 197,001,091859,McAuley; Julian John,9998,0,9999,1
1650920663829,COGS 9,A01,083615,Staff,0,18,60,60
1650920669860,COGS 11,A01,083617,Boyle; Mary E. T.,15,0,40,25
1650920675901,COGS 13,A01,083071,Staff,0,38,40,40
1650920681924,COGS 14A,A01,092681,Staff,0,39,100,100
1650920687948,COGS 14B,A01,083073,Cheng; Tzu-Han,0,12,50,50
1650920693975,COGS 17,A01,092677,Staff,10,0,75,65
1650920700000,COGS 100,A01,083619,Staff,0,30,60,60
1650920706024,COGS 101A,A01,083621,Davis; Joshua Daniel,0,29,60,60
1650920712049,COGS 101B,A01,091572,Staff,0,5,60,60
1650920718079,COGS 101C,A01,083625,Delgado; Tania,14,0,30,16
1650920724104,COGS 107A,A01,083627,Boyle; Mary E. T.,0,16,60,60
1650920730134,COGS 118A,A01,083075,Staff,0,10,60,60
1650920736166,CSE 3,A50,083646,Miranda; Gregory Joseph,15,0,38,23
1650920736166,CSE 3,A51,083647,Miranda; Gregory Joseph,36,0,37,1
1650920742195,CSE 8A,A50,083650,Miranda; Gregory Joseph,0,31,40,40
1650920748222,CSE 11,A01,083080,Cao; Yingjun,0,98,40,40
1650920754248,CSE 12,A01,083652,Staff,0,22,100,100
1650920760275,CSE 15L,A01,083654,Staff,0,3,50,50
1650920760275,CSE 15L,A02,083655,Staff,0,3,50,50
1650920766299,CSE 20,A01,083657,Staff,48,0,80,32
1650920772341,CSE 30,A01,083084,Eldon; John,0,76,40,40
1650920778364,CSE 100,A01,083659,Cao; Yingjun,0,70,50,50
1650920784391,CSE 134B,A01,083661,Powell; Thomas Allan,0,38,65,65
1650920790428,CSE 140,A01,083663,Staff,1,13,75,74
1650920796451,CSE 140L,A01,083088,Eldon; John,0,21,75,75
1650920802473,CSE 175,A01,083665,Kumar; Rakesh,2,0,25,23
1650920808498,CSE 190,A00,092507,Dubnov; Shlomo,10,0,20,10
1650920814524,ECE 45,A01,083139,Staff,0,4,60,60
1650920820552,ECE 65,A50,083695,Staff,0,6,30,30
1650920826575,ECE 109,A01,091882,Touri; Behrouz,32,0,70,38
1650920832609,ECE 180,A00,083140,Abi Samra; Nicholas Camill,19,0,30,11
1650920832609,ECE 180,B00,083141,Abi Samra; Nicholas Camill,0,0,30,30
1650920838631,MATH 10A,A01,083735,Patchell; Gregory David,2,0,30,28
1650920838631,MATH 10A,A02,083736,Patchell; Gregory David,27,0,30,3
1650920838631,MATH 10A,A03,083737,Patchell; Gregory David,23,0,30,7
1650920844663,MATH 10B,A01,083207,Staff,0,9,30,30
1650920844663,MATH 10B,A02,083208,Staff,0,6,30,30
1650920844663,MATH 10B,B01,083739,Staff,9,0,30,21
1650920844663,MATH 10B,B02,083740,Staff,28,0,30,2
1650920850695,MATH 18,A01,083743,Staff,0,0,30,30
1650920850695,MATH 18,A02,083744,Staff,24,0,30,6
1650920850695,MATH 18,A03,083745,Staff,19,0,30,11
1650920850695,MATH 18,A04,083746,Staff,26,0,30,4
1650920850695,MATH 18,B01,083748,Staff,0,15,30,30
1650920850695,MATH 18,B02,083749,Staff,0,13,30,30
1650920850695,MATH 18,B03,083750,Staff,0,13,30,30
1650920850695,MATH 18,B04,083751,Staff,0,13,30,30
1650920856718,MATH 20A,A01,083754,Staff,19,0,40,21
1650920862745,MATH 20B,A01,083756,Staff,0,14,30,30
1650920862745,MATH 20B,A02,083757,Staff,0,11,30,30
1650920868777,MATH 20C,A01,083760,Staff,0,17,30,30
1650920868777,MATH 20C,A02,083761,Staff,1,16,30,29
1650920868777,MATH 20C,B01,083762,Staff,9,0,30,21
1650920868777,MATH 20C,B02,083763,Staff,28,0,30,2
1650920874803,MATH 20D,A01,083765,Staff,2,1,30,28
1650920874803,MATH 20D,A02,083766,Staff,4,0,30,26
1650920874803,MATH 20D,A03,083767,Staff,23,0,30,7
1650920880827,MATH 20E,A01,083771,Staff,2,0,30,28
1650920880827,MATH 20E,A02,083772,Staff,13,0,30,17
1650920880827,MATH 20E,B01,083773,Staff,0,0,30,30
1650920880827,MATH 20E,B02,083774,Staff,3,0,30,27
1650920886852,MATH 103A,A01,083777,Staff,0,17,30,30
1650920886852,MATH 103A,A02,083778,Staff,0,15,30,30
1650920886852,MATH 103A,B01,083779,Staff,0,15,30,30
1650920886852,MATH 103A,B02,083780,Staff,0,14,30,30
1650920892874,MATH 105,A01,085443,Staff,0,23,30,30
1650920898907,MATH 109,A01,083213,Anzaldo; Leesa B,0,7,30,30
1650920898907,MATH 109,A02,083214,Anzaldo; Leesa B,0,7,30,30
1650920898907,MATH 109,B01,083215,Anzaldo; Leesa B,0,8,30,30
1650920898907,MATH 109,B02,083216,Anzaldo; Leesa B,0,7,30,30
1650920904931,MATH 142A,A01,083219,Chow; Bennett,0,15,30,30
1650920904931,MATH 142A,A02,083220,Chow; Bennett,0,15,30,30
1650920904931,MATH 142A,B01,083221,Chow; Bennett,0,16,30,30
1650920904931,MATH 142A,B02,083222,Chow; Bennett,0,14,30,30
1650920910968,MATH 193A,A01,083224,Staff,0,6,30,30
1650920910968,MATH 193A,A02,083225,Staff,0,7,30,30
1650920910968,MATH 193A,A03,083781,Staff,0,6,30,30
1650920910968,MATH 193A,A04,083782,Staff,0,7,30,30
1650920916992,MATH 197,001,091859,McAuley; Julian John,9998,0,9999,1
1650920923048,COGS 9,A01,083615,Staff,0,18,60,60
1650920929071,COGS 11,A01,083617,Boyle; Mary E. T.,15,0,40,25
1650920935106,COGS 13,A01,083071,Staff,0,38,40,40
1650920941137,COGS 14A,A01,092681,Staff,0,39,100,100
1650920947168,COGS 14B,A01,083073,Cheng; Tzu-Han,0,12,50,50
1650920953193,COGS 17,A01,092677,Staff,10,0,75,65
1650920959218,COGS 100,A01,083619,Staff,0,30,60,60
1650920965244,COGS 101A,A01,083621,Davis; Joshua Daniel,0,29,60,60
1650920971269,COGS 101B,A01,091572,Staff,0,5,60,60
1650920977292,COGS 101C,A01,083625,Delgado; Tania,14,0,30,16
1650920983332,COGS 107A,A01,083627,Boyle; Mary E. T.,0,16,60,60
1650920989356,COGS 118A,A01,083075,Staff,0,10,60,60
1650920995378,CSE 3,A50,083646,Miranda; Gregory Joseph,15,0,38,23
1650920995378,CSE 3,A51,083647,Miranda; Gregory Joseph,36,0,37,1
1650921001401,CSE 8A,A50,083650,Miranda; Gregory Joseph,0,31,40,40
1650921007428,CSE 11,A01,083080,Cao; Yingjun,0,98,40,40
1650921013450,CSE 12,A01,083652,Staff,0,22,100,100
1650921019475,CSE 15L,A01,083654,Staff,0,3,50,50
1650921019475,CSE 15L,A02,083655,Staff,0,3,50,50
1650921025503,CSE 20,A01,083657,Staff,48,0,80,32
1650921031532,CSE 30,A01,083084,Eldon; John,0,76,40,40
1650921037555,CSE 100,A01,083659,Cao; Yingjun,0,70,50,50
1650921043596,CSE 134B,A01,083661,Powell; Thomas Allan,0,38,65,65
1650921049622,CSE 140,A01,083663,Staff,1,13,75,74
1650921055656,CSE 140L,A01,083088,Eldon; John,0,21,75,75
1650921061696,CSE 175,A01,083665,Kumar; Rakesh,2,0,25,23
1650921067719,CSE 190,A00,092507,Dubnov; Shlomo,10,0,20,10
1650921073743,ECE 45,A01,083139,Staff,0,4,60,60
1650921079769,ECE 65,A50,083695,Staff,0,6,30,30
1650921085792,ECE 109,A01,091882,Touri; Behrouz,32,0,70,38
1650921091895,ECE 180,A00,083140,Abi Samra; Nicholas Camill,19,0,30,11
1650921091895,ECE 180,B00,083141,Abi Samra; Nicholas Camill,0,0,30,30
1650921097926,MATH 10A,A01,083735,Patchell; Gregory David,2,0,30,28
1650921097926,MATH 10A,A02,083736,Patchell; Gregory David,27,0,30,3
1650921097926,MATH 10A,A03,083737,Patchell; Gregory David,23,0,30,7
1650921103949,MATH 10B,A01,083207,Staff,0,9,30,30
1650921103949,MATH 10B,A02,083208,Staff,0,6,30,30
1650921103949,MATH 10B,B01,083739,Staff,9,0,30,21
1650921103949,MATH 10B,B02,083740,Staff,28,0,30,2
1650921109973,MATH 18,A01,083743,Staff,0,0,30,30
1650921109973,MATH 18,A02,083744,Staff,24,0,30,6
1650921109973,MATH 18,A03,083745,Staff,19,0,30,11
1650921109973,MATH 18,A04,083746,Staff,26,0,30,4
1650921109973,MATH 18,B01,083748,Staff,0,15,30,30
1650921109973,MATH 18,B02,083749,Staff,0,13,30,30
1650921109973,MATH 18,B03,083750,Staff,0,13,30,30
1650921109973,MATH 18,B04,083751,Staff,0,13,30,30
1650921116000,MATH 20A,A01,083754,Staff,19,0,40,21
1650921122025,MATH 20B,A01,083756,Staff,0,14,30,30
1650921122025,MATH 20B,A02,083757,Staff,0,11,30,30
1650921128057,MATH 20C,A01,083760,Staff,0,17,30,30
1650921128057,MATH 20C,A02,083761,Staff,1,16,30,29
1650921128057,MATH 20C,B01,083762,Staff,9,0,30,21
1650921128057,MATH 20C,B02,083763,Staff,28,0,30,2
1650921134089,MATH 20D,A01,083765,Staff,2,1,30,28
1650921134089,MATH 20D,A02,083766,Staff,4,0,30,26
1650921134089,MATH 20D,A03,083767,Staff,23,0,30,7
1650921140117,MATH 20E,A01,083771,Staff,2,0,30,28
1650921140117,MATH 20E,A02,083772,Staff,13,0,30,17
1650921140117,MATH 20E,B01,083773,Staff,0,0,30,30
1650921140117,MATH 20E,B02,083774,Staff,3,0,30,27
1650921146141,MATH 103A,A01,083777,Staff,0,17,30,30
1650921146141,MATH 103A,A02,083778,Staff,0,15,30,30
1650921146141,MATH 103A,B01,083779,Staff,0,15,30,30
1650921146141,MATH 103A,B02,083780,Staff,0,14,30,30
1650921152163,MATH 105,A01,085443,Staff,0,23,30,30
1650921158187,MATH 109,A01,083213,Anzaldo; Leesa B,0,7,30,30
1650921158187,MATH 109,A02,083214,Anzaldo; Leesa B,0,7,30,30
1650921158187,MATH 109,B01,083215,Anzaldo; Leesa B,0,8,30,30
1650921158187,MATH 109,B02,083216,Anzaldo; Leesa B,0,7,30,30
1650921164210,MATH 142A,A01,083219,Chow; Bennett,0,15,30,30
1650921164210,MATH 142A,A02,083220,Chow; Bennett,0,15,30,30
1650921164210,MATH 142A,B01,083221,Chow; Bennett,0,16,30,30
1650921164210,MATH 142A,B02,083222,Chow; Bennett,0,14,30,30
1650921170239,MATH 193A,A01,083224,Staff,0,6,30,30
1650921170239,MATH 193A,A02,083225,Staff,0,7,30,30
1650921170239,MATH 193A,A03,083781,Staff,0,6,30,30
1650921170239,MATH 193A,A04,083782,Staff,0,7,30,30
1650921176261,MATH 197,001,091859,McAuley; Julian John,9998,0,9999,1
1650921182314,COGS 9,A01,083615,Staff,0,18,60,60
1650921188338,COGS 11,A01,083617,Boyle; Mary E. T.,15,0,40,25
1650921194367,COGS 13,A01,083071,Staff,0,38,40,40
1650921200389,COGS 14A,A01,092681,Staff,0,39,100,100
1650921206418,COGS 14B,A01,083073,Cheng; Tzu-Han,0,12,50,50
1650921212442,COGS 17,A01,092677,Staff,10,0,75,65
1650921218463,COGS 100,A01,083619,Staff,0,30,60,60
1650921224486,COGS 101A,A01,083621,Davis; Joshua Daniel,0,29,60,60
1650921230516,COGS 101B,A01,091572,Staff,0,5,60,60
1650921236544,COGS 101C,A01,083625,Delgado; Tania,14,0,30,16
1650921242577,COGS 107A,A01,083627,Boyle; Mary E. T.,0,16,60,60
1650921248602,COGS 118A,A01,083075,Staff,0,10,60,60
1650921254626,CSE 3,A50,083646,Miranda; Gregory Joseph,15,0,38,23
1650921254626,CSE 3,A51,083647,Miranda; Gregory Joseph,36,0,37,1
1650921260652,CSE 8A,A50,083650,Miranda; Gregory Joseph,0,31,40,40
1650921266684,CSE 11,A01,083080,Cao; Yingjun,0,98,40,40
1650921272707,CSE 12,A01,083652,Staff,0,22,100,100
1650921278731,CSE 15L,A01,083654,Staff,0,3,50,50
1650921278731,CSE 15L,A02,083655,Staff,0,3,50,50
1650921284752,CSE 20,A01,083657,Staff,48,0,80,32
1650921290784,CSE 30,A01,083084,Eldon; John,0,76,40,40
1650921296807,CSE 100,A01,083659,Cao; Yingjun,0,70,50,50
1650921302834,CSE 134B,A01,083661,Powell; Thomas Allan,0,38,65,65
1650921308860,CSE 140,A01,083663,Staff,1,13,75,74
1650921314884,CSE 140L,A01,083088,Eldon; John,0,21,75,75
1650921320905,CSE 175,A01,083665,Kumar; Rakesh,2,0,25,23
1650921326932,CSE 190,A00,092507,Dubnov; Shlomo,10,0,20,10
1650921332963,ECE 45,A01,083139,Staff,0,4,60,60
1650921338989,ECE 65,A50,083695,Staff,0,6,30,30
1650921345012,ECE 109,A01,091882,Touri; Behrouz,32,0,70,38
1650921351043,ECE 180,A00,083140,Abi Samra; Nicholas Camill,19,0,30,11
1650921351043,ECE 180,B00,083141,Abi Samra; Nicholas Camill,0,0,30,30
1650921357073,MATH 10A,A01,083735,Patchell; Gregory David,2,0,30,28
1650921357073,MATH 10A,A02,083736,Patchell; Gregory David,27,0,30,3
1650921357073,MATH 10A,A03,083737,Patchell; Gregory David,23,0,30,7
1650921363096,MATH 10B,A01,083207,Staff,0,9,30,30
1650921363096,MATH 10B,A02,083208,Staff,0,6,30,30
1650921363096,MATH 10B,B01,083739,Staff,9,0,30,21
1650921363096,MATH 10B,B02,083740,Staff,28,0,30,2
1650921369128,MATH 18,A01,083743,Staff,0,0,30,30
1650921369128,MATH 18,A02,083744,Staff,24,0,30,6
1650921369128,MATH 18,A03,083745,Staff,19,0,30,11
1650921369128,MATH 18,A04,083746,Staff,26,0,30,4
1650921369128,MATH 18,B01,083748,Staff,0,15,30,30
1650921369128,MATH 18,B02,083749,Staff,0,13,30,30
1650921369128,MATH 18,B03,083750,Staff,0,13,30,30
1650921369128,MATH 18,B04,083751,Staff,0,13,30,30
1650921375169,MATH 20A,A01,083754,Staff,19,0,40,21
1650921381201,MATH 20B,A01,083756,Staff,0,14,30,30
1650921381201,MATH 20B,A02,083757,Staff,0,11,30,30
1650921387225,MATH 20C,A01,083760,Staff,0,17,30,30
1650921387225,MATH 20C,A02,083761,Staff,1,16,30,29
1650921387225,MATH 20C,B01,083762,Staff,9,0,30,21
1650921387225,MATH 20C,B02,083763,Staff,28,0,30,2
1650921393252,MATH 20D,A01,083765,Staff,2,1,30,28
1650921393252,MATH 20D,A02,083766,Staff,4,0,30,26
1650921393252,MATH 20D,A03,083767,Staff,23,0,30,7
1650921399276,MATH 20E,A01,083771,Staff,2,0,30,28
1650921399276,MATH 20E,A02,083772,Staff,13,0,30,17
1650921399276,MATH 20E,B01,083773,Staff,0,0,30,30
1650921399276,MATH 20E,B02,083774,Staff,3,0,30,27
1650921405299,MATH 103A,A01,083777,Staff,0,17,30,30
1650921405299,MATH 103A,A02,083778,Staff,0,15,30,30
1650921405299,MATH 103A,B01,083779,Staff,0,15,30,30
1650921405299,MATH 103A,B02,083780,Staff,0,14,30,30
1650921411338,MATH 105,A01,085443,Staff,0,23,30,30
1650921417372,MATH 109,A01,083213,Anzaldo; Leesa B,0,7,30,30
1650921417372,MATH 109,A02,083214,Anzaldo; Leesa B,0,7,30,30
1650921417372,MATH 109,B01,083215,Anzaldo; Leesa B,0,8,30,30
1650921417372,MATH 109,B02,083216,Anzaldo; Leesa B,0,7,30,30
1650921423396,MATH 142A,A01,083219,Chow; Bennett,0,15,30,30
1650921423396,MATH 142A,A02,083220,Chow; Bennett,0,15,30,30
1650921423396,MATH 142A,B01,083221,Chow; Bennett,0,16,30,30
1650921423396,MATH 142A,B02,083222,Chow; Bennett,0,14,30,30
1650921429422,MATH 193A,A01,083224,Staff,0,6,30,30
1650921429422,MATH 193A,A02,083225,Staff,0,7,30,30
1650921429422,MATH 193A,A03,083781,Staff,0,6,30,30
1650921429422,MATH 193A,A04,083782,Staff,0,7,30,30
1650921435449,MATH 197,001,091859,McAuley; Julian John,9998,0,9999,1
1650921441509,COGS 9,A01,083615,Staff,0,18,60,60
1650921447535,COGS 11,A01,083617,Boyle; Mary E. T.,15,0,40,25
1650921453570,COGS 13,A01,083071,Staff,0,38,40,40
1650921459593,COGS 14A,A01,092681,Staff,0,39,100,100
1650921465617,COGS 14B,A01,083073,Cheng; Tzu-Han,0,12,50,50
1650921471639,COGS 17,A01,092677,Staff,10,0,75,65
1650921477664,COGS 100,A01,083619,Staff,0,30,60,60
1650921483692,COGS 101A,A01,083621,Davis; Joshua Daniel,0,29,60,60
1650921489722,COGS 101B,A01,091572,Staff,0,5,60,60
1650921495746,COGS 101C,A01,083625,Delgado; Tania,14,0,30,16
1650921501779,COGS 107A,A01,083627,Boyle; Mary E. T.,0,16,60,60
1650921507814,COGS 118A,A01,083075,Staff,0,10,60,60
1650921513841,CSE 3,A50,083646,Miranda; Gregory Joseph,15,0,38,23
1650921513841,CSE 3,A51,083647,Miranda; Gregory Joseph,36,0,37,1
1650921519864,CSE 8A,A50,083650,Miranda; Gregory Joseph,0,31,40,40
1650921525887,CSE 11,A01,083080,Cao; Yingjun,0,98,40,40
1650921531910,CSE 12,A01,083652,Staff,0,22,100,100
1650921537936,CSE 15L,A01,083654,Staff,0,3,50,50
1650921537936,CSE 15L,A02,083655,Staff,0,3,50,50
1650921543959,CSE 20,A01,083657,Staff,48,0,80,32
1650921549983,CSE 30,A01,083084,Eldon; John,0,76,40,40
1650921556008,CSE 100,A01,083659,Cao; Yingjun,0,70,50,50
1650921562044,CSE 134B,A01,083661,Powell; Thomas Allan,0,38,65,65
1650921568068,CSE 140,A01,083663,Staff,1,13,75,74
1650921574099,CSE 140L,A01,083088,Eldon; John,0,21,75,75
1650921580130,CSE 175,A01,083665,Kumar; Rakesh,2,0,25,23
1650921586153,CSE 190,A00,092507,Dubnov; Shlomo,10,0,20,10
1650921592195,ECE 45,A01,083139,Staff,0,4,60,60
1650921598218,ECE 65,A50,083695,Staff,0,6,30,30
1650921604244,ECE 109,A01,091882,Touri; Behrouz,32,0,70,38
1650921610266,ECE 180,A00,083140,Abi Samra; Nicholas Camill,19,0,30,11
1650921610266,ECE 180,B00,083141,Abi Samra; Nicholas Camill,0,0,30,30
1650921616298,MATH 10A,A01,083735,Patchell; Gregory David,2,0,30,28
1650921616298,MATH 10A,A02,083736,Patchell; Gregory David,27,0,30,3
1650921616298,MATH 10A,A03,083737,Patchell; Gregory David,23,0,30,7
1650921622325,MATH 10B,A01,083207,Staff,0,9,30,30
1650921622325,MATH 10B,A02,083208,Staff,0,6,30,30
1650921622325,MATH 10B,B01,083739,Staff,9,0,30,21
1650921622325,MATH 10B,B02,083740,Staff,28,0,30,2
1650921628363,MATH 18,A01,083743,Staff,0,0,30,30
1650921628363,MATH 18,A02,083744,Staff,24,0,30,6
1650921628363,MATH 18,A03,083745,Staff,19,0,30,11
1650921628363,MATH 18,A04,083746,Staff,26,0,30,4
1650921628363,MATH 18,B01,083748,Staff,0,15,30,30
1650921628363,MATH 18,B02,083749,Staff,0,13,30,30
1650921628363,MATH 18,B03,083750,Staff,0,13,30,30
1650921628363,MATH 18,B04,083751,Staff,0,13,30,30
1650921634398,MATH 20A,A01,083754,Staff,19,0,40,21
1650921640426,MATH 20B,A01,083756,Staff,0,14,30,30
1650921640426,MATH 20B,A02,083757,Staff,0,11,30,30
1650921646449,MATH 20C,A01,083760,Staff,0,17,30,30
1650921646449,MATH 20C,A02,083761,Staff,1,16,30,29
1650921646449,MATH 20C,B01,083762,Staff,9,0,30,21
1650921646449,MATH 20C,B02,083763,Staff,28,0,30,2
1650921652495,MATH 20D,A01,083765,Staff,2,1,30,28
1650921652495,MATH 20D,A02,083766,Staff,4,0,30,26
1650921652495,MATH 20D,A03,083767,Staff,23,0,30,7
1650921658525,MATH 20E,A01,083771,Staff,2,0,30,28
1650921658525,MATH 20E,A02,083772,Staff,13,0,30,17
1650921658525,MATH 20E,B01,083773,Staff,0,0,30,30
1650921658525,MATH 20E,B02,083774,Staff,3,0,30,27
1650921664553,MATH 103A,A01,083777,Staff,0,17,30,30
1650921664553,MATH 103A,A02,083778,Staff,0,15,30,30
1650921664553,MATH 103A,B01,083779,Staff,0,15,30,30
1650921664553,MATH 103A,B02,083780,Staff,0,14,30,30
1650921670578,MATH 105,A01,085443,Staff,0,23,30,30
1650921676609,MATH 109,A01,083213,Anzaldo; Leesa B,0,7,30,30
1650921676609,MATH 109,A02,083214,Anzaldo; Leesa B,0,7,30,30
1650921676609,MATH 109,B01,083215,Anzaldo; Leesa B,0,8,30,30
1650921676609,MATH 109,B02,083216,Anzaldo; Leesa B,0,7,30,30
1650921682645,MATH 142A,A01,083219,Chow; Bennett,0,15,30,30
1650921682645,MATH 142A,A02,083220,Chow; Bennett,0,15,30,30
1650921682645,MATH 142A,B01,083221,Chow; Bennett,0,16,30,30
1650921682645,MATH 142A,B02,083222,Chow; Bennett,0,14,30,30
1650921688748,MATH 193A,A01,083224,Staff,0,6,30,30
1650921688748,MATH 193A,A02,083225,Staff,0,7,30,30
1650921688748,MATH 193A,A03,083781,Staff,0,6,30,30
1650921688748,MATH 193A,A04,083782,Staff,0,7,30,30
1650921694772,MATH 197,001,091859,McAuley; Julian John,9998,0,9999,1
1650921700861,COGS 9,A01,083615,Staff,0,18,60,60
1650921706884,COGS 11,A01,083617,Boyle; Mary E. T.,15,0,40,25
1650921712909,COGS 13,A01,083071,Staff,0,38,40,40
1650921718931,COGS 14A,A01,092681,Staff,0,39,100,100
1650921724954,COGS 14B,A01,083073,Cheng; Tzu-Han,0,12,50,50
1650921730981,COGS 17,A01,092677,Staff,10,0,75,65
1650921737010,COGS 100,A01,083619,Staff,0,30,60,60
1650921743033,COGS 101A,A01,083621,Davis; Joshua Daniel,0,29,60,60
1650921749061,COGS 101B,A01,091572,Staff,0,5,60,60
1650921755087,COGS 101C,A01,083625,Delgado; Tania,14,0,30,16
1650921761113,COGS 107A,A01,083627,Boyle; Mary E. T.,0,16,60,60
1650921767139,COGS 118A,A01,083075,Staff,0,10,60,60
1650921773162,CSE 3,A50,083646,Miranda; Gregory Joseph,15,0,38,23
1650921773162,CSE 3,A51,083647,Miranda; Gregory Joseph,36,0,37,1
1650921779205,CSE 8A,A50,083650,Miranda; Gregory Joseph,0,31,40,40
1650921785231,CSE 11,A01,083080,Cao; Yingjun,0,98,40,40
1650921791259,CSE 12,A01,083652,Staff,0,22,100,100
1650921797289,CSE 15L,A01,083654,Staff,0,3,50,50
1650921797289,CSE 15L,A02,083655,Staff,0,3,50,50
1650921803316,CSE 20,A01,083657,Staff,48,0,80,32
1650921809344,CSE 30,A01,083084,Eldon; John,0,76,40,40
1650921815378,CSE 100,A01,083659,Cao; Yingjun,0,70,50,50
1650921821400,CSE 134B,A01,083661,Powell; Thomas Allan,0,38,65,65
1650921827423,CSE 140,A01,083663,Staff,1,13,75,74
1650921833451,CSE 140L,A01,083088,Eldon; John,0,21,75,75
1650921839475,CSE 175,A01,083665,Kumar; Rakesh,2,0,25,23
1650921845502,CSE 190,A00,092507,Dubnov; Shlomo,10,0,20,10
1650921851531,ECE 45,A01,083139,Staff,0,4,60,60
1650921857555,ECE 65,A50,083695,Staff,0,6,30,30
1650921863577,ECE 109,A01,091882,Touri; Behrouz,32,0,70,38
1650921869603,ECE 180,A00,083140,Abi Samra; Nicholas Camill,19,0,30,11
1650921869603,ECE 180,B00,083141,Abi Samra; Nicholas Camill,0,0,30,30
1650921875627,MATH 10A,A01,083735,Patchell; Gregory David,2,0,30,28
1650921875627,MATH 10A,A02,083736,Patchell; Gregory David,27,0,30,3
1650921875627,MATH 10A,A03,083737,Patchell; Gregory David,23,0,30,7
1650921881649,MATH 10B,A01,083207,Staff,0,9,30,30
1650921881649,MATH 10B,A02,083208,Staff,0,6,30,30
1650921881649,MATH 10B,B01,083739,Staff,9,0,30,21
1650921881649,MATH 10B,B02,083740,Staff,28,0,30,2
1650921887678,MATH 18,A01,083743,Staff,0,0,30,30
1650921887678,MATH 18,A02,083744,Staff,24,0,30,6
1650921887678,MATH 18,A03,083745,Staff,19,0,30,11
1650921887678,MATH 18,A04,083746,Staff,26,0,30,4
1650921887678,MATH 18,B01,083748,Staff,0,15,30,30
1650921887678,MATH 18,B02,083749,Staff,0,13,30,30
1650921887678,MATH 18,B03,083750,Staff,0,13,30,30
1650921887678,MATH 18,B04,083751,Staff,0,13,30,30
1650921893702,MATH 20A,A01,083754,Staff,19,0,40,21
1650921899738,MATH 20B,A01,083756,Staff,0,14,30,30
1650921899738,MATH 20B,A02,083757,Staff,0,11,30,30
1650921905761,MATH 20C,A01,083760,Staff,0,17,30,30
1650921905761,MATH 20C,A02,083761,Staff,1,16,30,29
1650921905761,MATH 20C,B01,083762,Staff,9,0,30,21
1650921905761,MATH 20C,B02,083763,Staff,28,0,30,2
1650921911795,MATH 20D,A01,083765,Staff,2,1,30,28
1650921911795,MATH 20D,A02,083766,Staff,4,0,30,26
1650921911795,MATH 20D,A03,083767,Staff,23,0,30,7
1650921917818,MATH 20E,A01,083771,Staff,2,0,30,28
1650921917818,MATH 20E,A02,083772,Staff,13,0,30,17
1650921917818,MATH 20E,B01,083773,Staff,0,0,30,30
1650921917818,MATH 20E,B02,083774,Staff,3,0,30,27
1650921923848,MATH 103A,A01,083777,Staff,0,17,30,30
1650921923848,MATH 103A,A02,083778,Staff,0,15,30,30
1650921923848,MATH 103A,B01,083779,Staff,0,15,30,30
1650921923848,MATH 103A,B02,083780,Staff,0,14,30,30
1650921929870,MATH 105,A01,085443,Staff,0,23,30,30
1650921935894,MATH 109,A01,083213,Anzaldo; Leesa B,0,7,30,30
1650921935894,MATH 109,A02,083214,Anzaldo; Leesa B,0,7,30,30
1650921935894,MATH 109,B01,083215,Anzaldo; Leesa B,0,8,30,30
1650921935894,MATH 109,B02,083216,Anzaldo; Leesa B,0,7,30,30
1650921941917,MATH 142A,A01,083219,Chow; Bennett,0,15,30,30
1650921941917,MATH 142A,A02,083220,Chow; Bennett,0,15,30,30
1650921941917,MATH 142A,B01,083221,Chow; Bennett,0,16,30,30
1650921941917,MATH 142A,B02,083222,Chow; Bennett,0,14,30,30
1650921947953,MATH 193A,A01,083224,Staff,0,6,30,30
1650921947953,MATH 193A,A02,083225,Staff,0,7,30,30
1650921947953,MATH 193A,A03,083781,Staff,0,6,30,30
1650921947953,MATH 193A,A04,083782,Staff,0,7,30,30
1650921953977,MATH 197,001,091859,McAuley; Julian John,9998,0,9999,1
1650921960033,COGS 9,A01,083615,Staff,0,18,60,60
1650921966061,COGS 11,A01,083617,Boyle; Mary E. T.,15,0,40,25
1650921972084,COGS 13,A01,083071,Staff,0,38,40,40
1650921978108,COGS 14A,A01,092681,Staff,0,39,100,100
1650921984137,COGS 14B,A01,083073,Cheng; Tzu-Han,0,12,50,50
1650921990158,COGS 17,A01,092677,Staff,10,0,75,65
1650921996189,COGS 100,A01,083619,Staff,0,30,60,60
1650922002216,COGS 101A,A01,083621,Davis; Joshua Daniel,0,29,60,60
1650922008242,COGS 101B,A01,091572,Staff,0,5,60,60
1650922014279,COGS 101C,A01,083625,Delgado; Tania,14,0,30,16
1650922020302,COGS 107A,A01,083627,Boyle; Mary E. T.,0,16,60,60
1650922026340,COGS 118A,A01,083075,Staff,0,10,60,60
1650922032379,CSE 3,A50,083646,Miranda; Gregory Joseph,15,0,38,23
1650922032379,CSE 3,A51,083647,Miranda; Gregory Joseph,36,0,37,1
1650922038412,CSE 8A,A50,083650,Miranda; Gregory Joseph,0,31,40,40
1650922044442,CSE 11,A01,083080,Cao; Yingjun,0,98,40,40
1650922050481,CSE 12,A01,083652,Staff,0,22,100,100
1650922056504,CSE 15L,A01,083654,Staff,0,3,50,50
1650922056504,CSE 15L,A02,083655,Staff,0,3,50,50
1650922062529,CSE 20,A01,083657,Staff,48,0,80,32
1650922068557,CSE 30,A01,083084,Eldon; John,0,76,40,40
1650922074588,CSE 100,A01,083659,Cao; Yingjun,0,70,50,50
1650922080611,CSE 134B,A01,083661,Powell; Thomas Allan,0,38,65,65
1650922086640,CSE 140,A01,083663,Staff,1,13,75,74
1650922092666,CSE 140L,A01,083088,Eldon; John,0,21,75,75
1650922098691,CSE 175,A01,083665,Kumar; Rakesh,2,0,25,23
1650922104716,CSE 190,A00,092507,Dubnov; Shlomo,10,0,20,10
1650922110739,ECE 45,A01,083139,Staff,0,4,60,60
1650922116766,ECE 65,A50,083695,Staff,0,6,30,30
1650922122787,ECE 109,A01,091882,Touri; Behrouz,32,0,70,38
1650922128810,ECE 180,A00,083140,Abi Samra; Nicholas Camill,19,0,30,11
1650922128810,ECE 180,B00,083141,Abi Samra; Nicholas Camill,0,0,30,30
1650922134833,MATH 10A,A01,083735,Patchell; Gregory David,2,0,30,28
1650922134833,MATH 10A,A02,083736,Patchell; Gregory David,27,0,30,3
1650922134833,MATH 10A,A03,083737,Patchell; Gregory David,23,0,30,7
1650922140867,MATH 10B,A01,083207,Staff,0,9,30,30
1650922140867,MATH 10B,A02,083208,Staff,0,6,30,30
1650922140867,MATH 10B,B01,083739,Staff,9,0,30,21
1650922140867,MATH 10B,B02,083740,Staff,28,0,30,2
1650922146903,MATH 18,A01,083743,Staff,0,0,30,30
1650922146903,MATH 18,A02,083744,Staff,24,0,30,6
1650922146903,MATH 18,A03,083745,Staff,19,0,30,11
1650922146903,MATH 18,A04,083746,Staff,26,0,30,4
1650922146903,MATH 18,B01,083748,Staff,0,15,30,30
1650922146903,MATH 18,B02,083749,Staff,0,13,30,30
1650922146903,MATH 18,B03,083750,Staff,0,13,30,30
1650922146903,MATH 18,B04,083751,Staff,0,13,30,30
1650922152931,MATH 20A,A01,083754,Staff,19,0,40,21
1650922158963,MATH 20B,A01,083756,Staff,0,14,30,30
1650922158963,MATH 20B,A02,083757,Staff,0,11,30,30
1650922164988,MATH 20C,A01,083760,Staff,0,17,30,30
1650922164988,MATH 20C,A02,083761,Staff,1,16,30,29
1650922164988,MATH 20C,B01,083762,Staff,9,0,30,21
1650922164988,MATH 20C,B02,083763,Staff,28,0,30,2
1650922171010,MATH 20D,A01,083765,Staff,2,1,30,28
1650922171010,MATH 20D,A02,083766,Staff,4,0,30,26
1650922171010,MATH 20D,A03,083767,Staff,23,0,30,7
1650922177035,MATH 20E,A01,083771,Staff,2,0,30,28
1650922177035,MATH 20E,A02,083772,Staff,13,0,30,17
1650922177035,MATH 20E,B01,083773,Staff,0,0,30,30
1650922177035,MATH 20E,B02,083774,Staff,3,0,30,27
1650922183074,MATH 103A,A01,083777,Staff,0,17,30,30
1650922183074,MATH 103A,A02,083778,Staff,0,15,30,30
1650922183074,MATH 103A,B01,083779,Staff,0,15,30,30
1650922183074,MATH 103A,B02,083780,Staff,0,14,30,30
1650922189098,MATH 105,A01,085443,Staff,0,23,30,30
1650922195126,MATH 109,A01,083213,Anzaldo; Leesa B,0,7,30,30
1650922195126,MATH 109,A02,083214,Anzaldo; Leesa B,0,7,30,30
1650922195126,MATH 109,B01,083215,Anzaldo; Leesa B,0,8,30,30
1650922195126,MATH 109,B02,083216,Anzaldo; Leesa B,0,7,30,30
1650922201149,MATH 142A,A01,083219,Chow; Bennett,0,15,30,30
1650922201149,MATH 142A,A02,083220,Chow; Bennett,0,15,30,30
1650922201149,MATH 142A,B01,083221,Chow; Bennett,0,16,30,30
1650922201149,MATH 142A,B02,083222,Chow; Bennett,0,14,30,30
1650922207184,MATH 193A,A01,083224,Staff,0,6,30,30
1650922207184,MATH 193A,A02,083225,Staff,0,7,30,30
1650922207184,MATH 193A,A03,083781,Staff,0,6,30,30
1650922207184,MATH 193A,A04,083782,Staff,0,7,30,30
1650922213208,MATH 197,001,091859,McAuley; Julian John,9998,0,9999,1
1650922219266,COGS 9,A01,083615,Staff,0,18,60,60
1650922225298,COGS 11,A01,083617,Boyle; Mary E. T.,15,0,40,25
1650922231323,COGS 13,A01,083071,Staff,0,38,40,40
1650922237346,COGS 14A,A01,092681,Staff,0,39,100,100
1650922243373,COGS 14B,A01,083073,Cheng; Tzu-Han,0,12,50,50
1650922249399,COGS 17,A01,092677,Staff,9,0,75,66
1650922255422,COGS 100,A01,083619,Staff,0,30,60,60
1650922261446,COGS 101A,A01,083621,Davis; Joshua Daniel,0,29,60,60
1650922267480,COGS 101B,A01,091572,Staff,0,5,60,60
1650922273516,COGS 101C,A01,083625,Delgado; Tania,14,0,30,16
1650922279631,COGS 107A,A01,083627,Boyle; Mary E. T.,0,16,60,60
1650922285673,COGS 118A,A01,083075,Staff,0,10,60,60
1650922291704,CSE 3,A50,083646,Miranda; Gregory Joseph,15,0,38,23
1650922291704,CSE 3,A51,083647,Miranda; Gregory Joseph,36,0,37,1
1650922297730,CSE 8A,A50,083650,Miranda; Gregory Joseph,0,31,40,40
1650922303754,CSE 11,A01,083080,Cao; Yingjun,0,98,40,40
1650922309775,CSE 12,A01,083652,Staff,0,22,100,100
1650922315799,CSE 15L,A01,083654,Staff,0,3,50,50
1650922315799,CSE 15L,A02,083655,Staff,0,3,50,50
1650922321821,CSE 20,A01,083657,Staff,48,0,80,32
1650922327848,CSE 30,A01,083084,Eldon; John,0,76,40,40
1650922333870,CSE 100,A01,083659,Cao; Yingjun,0,70,50,50
1650922339895,CSE 134B,A01,083661,Powell; Thomas Allan,0,38,65,65
1650922345921,CSE 140,A01,083663,Staff,1,13,75,74
1650922351944,CSE 140L,A01,083088,Eldon; John,0,21,75,75
1650922357967,CSE 175,A01,083665,Kumar; Rakesh,2,0,25,23
1650922363990,CSE 190,A00,092507,Dubnov; Shlomo,10,0,20,10
1650922370021,ECE 45,A01,083139,Staff,0,4,60,60
1650922376046,ECE 65,A50,083695,Staff,0,6,30,30
1650922382075,ECE 109,A01,091882,Touri; Behrouz,32,0,70,38
1650922388097,ECE 180,A00,083140,Abi Samra; Nicholas Camill,19,0,30,11
1650922388097,ECE 180,B00,083141,Abi Samra; Nicholas Camill,0,0,30,30
1650922394120,MATH 10A,A01,083735,Patchell; Gregory David,2,0,30,28
1650922394120,MATH 10A,A02,083736,Patchell; Gregory David,27,0,30,3
1650922394120,MATH 10A,A03,083737,Patchell; Gregory David,23,0,30,7
1650922400143,MATH 10B,A01,083207,Staff,0,9,30,30
1650922400143,MATH 10B,A02,083208,Staff,1,6,30,29
1650922400143,MATH 10B,B01,083739,Staff,9,0,30,21
1650922400143,MATH 10B,B02,083740,Staff,28,0,30,2
1650922406171,MATH 18,A01,083743,Staff,0,0,30,30
1650922406171,MATH 18,A02,083744,Staff,24,0,30,6
1650922406171,MATH 18,A03,083745,Staff,19,0,30,11
1650922406171,MATH 18,A04,083746,Staff,26,0,30,4
1650922406171,MATH 18,B01,083748,Staff,0,15,30,30
1650922406171,MATH 18,B02,083749,Staff,0,13,30,30
1650922406171,MATH 18,B03,083750,Staff,0,13,30,30
1650922406171,MATH 18,B04,083751,Staff,0,13,30,30
1650922412197,MATH 20A,A01,083754,Staff,19,0,40,21
1650922418226,MATH 20B,A01,083756,Staff,0,14,30,30
1650922418226,MATH 20B,A02,083757,Staff,0,11,30,30
1650922424253,MATH 20C,A01,083760,Staff,0,17,30,30
1650922424253,MATH 20C,A02,083761,Staff,1,16,30,29
1650922424253,MATH 20C,B01,083762,Staff,9,0,30,21
1650922424253,MATH 20C,B02,083763,Staff,28,0,30,2
1650922430278,MATH 20D,A01,083765,Staff,2,1,30,28
1650922430278,MATH 20D,A02,083766,Staff,4,0,30,26
1650922430278,MATH 20D,A03,083767,Staff,23,0,30,7
1650922436312,MATH 20E,A01,083771,Staff,2,0,30,28
1650922436312,MATH 20E,A02,083772,Staff,13,0,30,17
1650922436312,MATH 20E,B01,083773,Staff,0,0,30,30
1650922436312,MATH 20E,B02,083774,Staff,3,0,30,27
1650922442345,MATH 103A,A01,083777,Staff,0,17,30,30
1650922442345,MATH 103A,A02,083778,Staff,0,15,30,30
1650922442345,MATH 103A,B01,083779,Staff,0,15,30,30
1650922442345,MATH 103A,B02,083780,Staff,0,14,30,30
1650922448366,MATH 105,A01,085443,Staff,0,23,30,30
1650922454395,MATH 109,A01,083213,Anzaldo; Leesa B,0,7,30,30
1650922454395,MATH 109,A02,083214,Anzaldo; Leesa B,0,7,30,30
1650922454395,MATH 109,B01,083215,Anzaldo; Leesa B,0,8,30,30
1650922454395,MATH 109,B02,083216,Anzaldo; Leesa B,0,7,30,30
1650922460423,MATH 142A,A01,083219,Chow; Bennett,0,15,30,30
1650922460423,MATH 142A,A02,083220,Chow; Bennett,0,15,30,30
1650922460423,MATH 142A,B01,083221,Chow; Bennett,0,16,30,30
1650922460423,MATH 142A,B02,083222,Chow; Bennett,0,14,30,30
1650922466446,MATH 193A,A01,083224,Staff,0,6,30,30
1650922466446,MATH 193A,A02,083225,Staff,0,7,30,30
1650922466446,MATH 193A,A03,083781,Staff,0,6,30,30
1650922466446,MATH 193A,A04,083782,Staff,0,7,30,30
1650922472471,MATH 197,001,091859,McAuley; Julian John,9998,0,9999,1
1650922478535,COGS 9,A01,083615,Staff,0,18,60,60
1650922484560,COGS 11,A01,083617,Boyle; Mary E. T.,15,0,40,25
1650922490583,COGS 13,A01,083071,Staff,0,38,40,40
1650922496615,COGS 14A,A01,092681,Staff,0,39,100,100
1650922502647,COGS 14B,A01,083073,Cheng; Tzu-Han,0,12,50,50
1650922508676,COGS 17,A01,092677,Staff,9,0,75,66
1650922514713,COGS 100,A01,083619,Staff,0,30,60,60
1650922520734,COGS 101A,A01,083621,Davis; Joshua Daniel,0,29,60,60
1650922526759,COGS 101B,A01,091572,Staff,0,5,60,60
1650922532788,COGS 101C,A01,083625,Delgado; Tania,14,0,30,16
1650922538814,COGS 107A,A01,083627,Boyle; Mary E. T.,0,16,60,60
1650922544841,COGS 118A,A01,083075,Staff,0,10,60,60
1650922550862,CSE 3,A50,083646,Miranda; Gregory Joseph,15,0,38,23
1650922550862,CSE 3,A51,083647,Miranda; Gregory Joseph,36,0,37,1
1650922556889,CSE 8A,A50,083650,Miranda; Gregory Joseph,0,31,40,40
1650922562915,CSE 11,A01,083080,Cao; Yingjun,0,98,40,40
1650922568942,CSE 12,A01,083652,Staff,0,22,100,100
1650922574968,CSE 15L,A01,083654,Staff,0,3,50,50
1650922574968,CSE 15L,A02,083655,Staff,0,3,50,50
1650922580991,CSE 20,A01,083657,Staff,48,0,80,32
1650922587022,CSE 30,A01,083084,Eldon; John,0,76,40,40
1650922593046,CSE 100,A01,083659,Cao; Yingjun,0,70,50,50
1650922599073,CSE 134B,A01,083661,Powell; Thomas Allan,0,38,65,65
1650922605110,CSE 140,A01,083663,Staff,1,13,75,74
1650922611132,CSE 140L,A01,083088,Eldon; John,0,21,75,75
1650922617154,CSE 175,A01,083665,Kumar; Rakesh,2,0,25,23
1650922623176,CSE 190,A00,092507,Dubnov; Shlomo,10,0,20,10
1650922629202,ECE 45,A01,083139,Staff,0,4,60,60
1650922635225,ECE 65,A50,083695,Staff,0,6,30,30
1650922641247,ECE 109,A01,091882,Touri; Behrouz,32,0,70,38
1650922647270,ECE 180,A00,083140,Abi Samra; Nicholas Camill,19,0,30,11
1650922647270,ECE 180,B00,083141,Abi Samra; Nicholas Camill,0,0,30,30
1650922653296,MATH 10A,A01,083735,Patchell; Gregory David,2,0,30,28
1650922653296,MATH 10A,A02,083736,Patchell; Gregory David,27,0,30,3
1650922653296,MATH 10A,A03,083737,Patchell; Gregory David,23,0,30,7
1650922659321,MATH 10B,A01,083207,Staff,0,9,30,30
1650922659321,MATH 10B,A02,083208,Staff,1,6,30,29
1650922659321,MATH 10B,B01,083739,Staff,9,0,30,21
1650922659321,MATH 10B,B02,083740,Staff,28,0,30,2
1650922665346,MATH 18,A01,083743,Staff,0,0,30,30
1650922665346,MATH 18,A02,083744,Staff,24,0,30,6
1650922665346,MATH 18,A03,083745,Staff,19,0,30,11
1650922665346,MATH 18,A04,083746,Staff,26,0,30,4
1650922665346,MATH 18,B01,083748,Staff,0,15,30,30
1650922665346,MATH 18,B02,083749,Staff,0,13,30,30
1650922665346,MATH 18,B03,083750,Staff,0,13,30,30
1650922665346,MATH 18,B04,083751,Staff,0,13,30,30
1650922671384,MATH 20A,A01,083754,Staff,19,0,40,21
1650922677406,MATH 20B,A01,083756,Staff,0,14,30,30
1650922677406,MATH 20B,A02,083757,Staff,0,11,30,30
1650922683449,MATH 20C,A01,083760,Staff,0,17,30,30
1650922683449,MATH 20C,A02,083761,Staff,1,16,30,29
1650922683449,MATH 20C,B01,083762,Staff,9,0,30,21
1650922683449,MATH 20C,B02,083763,Staff,28,0,30,2
1650922689476,MATH 20D,A01,083765,Staff,2,1,30,28
1650922689476,MATH 20D,A02,083766,Staff,4,0,30,26
1650922689476,MATH 20D,A03,083767,Staff,23,0,30,7
1650922695504,MATH 20E,A01,083771,Staff,2,0,30,28
1650922695504,MATH 20E,A02,083772,Staff,13,0,30,17
1650922695504,MATH 20E,B01,083773,Staff,0,0,30,30
1650922695504,MATH 20E,B02,083774,Staff,3,0,30,27
1650922701536,MATH 103A,A01,083777,Staff,0,17,30,30
1650922701536,MATH 103A,A02,083778,Staff,0,15,30,30
1650922701536,MATH 103A,B01,083779,Staff,0,15,30,30
1650922701536,MATH 103A,B02,083780,Staff,0,14,30,30
1650922707562,MATH 105,A01,085443,Staff,0,23,30,30
1650922713587,MATH 109,A01,083213,Anzaldo; Leesa B,0,7,30,30
1650922713587,MATH 109,A02,083214,Anzaldo; Leesa B,0,7,30,30
1650922713587,MATH 109,B01,083215,Anzaldo; Leesa B,0,8,30,30
1650922713587,MATH 109,B02,083216,Anzaldo; Leesa B,0,7,30,30
1650922719611,MATH 142A,A01,083219,Chow; Bennett,0,15,30,30
1650922719611,MATH 142A,A02,083220,Chow; Bennett,0,15,30,30
1650922719611,MATH 142A,B01,083221,Chow; Bennett,0,16,30,30
1650922719611,MATH 142A,B02,083222,Chow; Bennett,0,14,30,30
1650922725634,MATH 193A,A01,083224,Staff,0,6,30,30
1650922725634,MATH 193A,A02,083225,Staff,0,7,30,30
1650922725634,MATH 193A,A03,083781,Staff,0,6,30,30
1650922725634,MATH 193A,A04,083782,Staff,0,7,30,30
1650922731662,MATH 197,001,091859,McAuley; Julian John,9998,0,9999,1
1650922737723,COGS 9,A01,083615,Staff,0,18,60,60
1650922743748,COGS 11,A01,083617,Boyle; Mary E. T.,15,0,40,25
1650922749771,COGS 13,A01,083071,Staff,0,38,40,40
1650922755792,COGS 14A,A01,092681,Staff,0,39,100,100
1650922761827,COGS 14B,A01,083073,Cheng; Tzu-Han,0,12,50,50
1650922767848,COGS 17,A01,092677,Staff,9,0,75,66
1650922773872,COGS 100,A01,083619,Staff,0,30,60,60
1650922779895,COGS 101A,A01,083621,Davis; Joshua Daniel,0,29,60,60
1650922785932,COGS 101B,A01,091572,Staff,0,5,60,60
1650922791960,COGS 101C,A01,083625,Delgado; Tania,14,0,30,16
1650922797991,COGS 107A,A01,083627,Boyle; Mary E. T.,0,16,60,60
1650922804012,COGS 118A,A01,083075,Staff,0,10,60,60
1650922810043,CSE 3,A50,083646,Miranda; Gregory Joseph,15,0,38,23
1650922810043,CSE 3,A51,083647,Miranda; Gregory Joseph,36,0,37,1
1650922816073,CSE 8A,A50,083650,Miranda; Gregory Joseph,0,31,40,40
1650922822100,CSE 11,A01,083080,Cao; Yingjun,0,98,40,40
1650922828123,CSE 12,A01,083652,Staff,0,22,100,100
1650922834147,CSE 15L,A01,083654,Staff,0,3,50,50
1650922834147,CSE 15L,A02,083655,Staff,0,3,50,50
1650922840183,CSE 20,A01,083657,Staff,48,0,80,32
1650922846206,CSE 30,A01,083084,Eldon; John,0,76,40,40
1650922852231,CSE 100,A01,083659,Cao; Yingjun,0,70,50,50
1650922858256,CSE 134B,A01,083661,Powell; Thomas Allan,0,38,65,65
1650922864279,CSE 140,A01,083663,Staff,1,13,75,74
1650922870304,CSE 140L,A01,083088,Eldon; John,0,21,75,75
1650922876413,CSE 175,A01,083665,Kumar; Rakesh,2,0,25,23
1650922882437,CSE 190,A00,092507,Dubnov; Shlomo,10,0,20,10
1650922888463,ECE 45,A01,083139,Staff,0,4,60,60
1650922894485,ECE 65,A50,083695,Staff,0,6,30,30
1650922900514,ECE 109,A01,091882,Touri; Behrouz,32,0,70,38
1650922906548,ECE 180,A00,083140,Abi Samra; Nicholas Camill,19,0,30,11
1650922906548,ECE 180,B00,083141,Abi Samra; Nicholas Camill,0,0,30,30
1650922912570,MATH 10A,A01,083735,Patchell; Gregory David,2,0,30,28
1650922912570,MATH 10A,A02,083736,Patchell; Gregory David,27,0,30,3
1650922912570,MATH 10A,A03,083737,Patchell; Gregory David,23,0,30,7
1650922918601,MATH 10B,A01,083207,Staff,0,9,30,30
1650922918601,MATH 10B,A02,083208,Staff,1,6,30,29
1650922918601,MATH 10B,B01,083739,Staff,9,0,30,21
1650922918601,MATH 10B,B02,083740,Staff,28,0,30,2
1650922924633,MATH 18,A01,083743,Staff,0,0,30,30
1650922924633,MATH 18,A02,083744,Staff,24,0,30,6
1650922924633,MATH 18,A03,083745,Staff,19,0,30,11
1650922924633,MATH 18,A04,083746,Staff,26,0,30,4
1650922924633,MATH 18,B01,083748,Staff,0,15,30,30
1650922924633,MATH 18,B02,083749,Staff,0,13,30,30
1650922924633,MATH 18,B03,083750,Staff,0,13,30,30
1650922924633,MATH 18,B04,083751,Staff,0,13,30,30
1650922930671,MATH 20A,A01,083754,Staff,19,0,40,21
1650922936712,MATH 20B,A01,083756,Staff,0,14,30,30
1650922936712,MATH 20B,A02,083757,Staff,0,11,30,30
1650922942738,MATH 20C,A01,083760,Staff,0,17,30,30
1650922942738,MATH 20C,A02,083761,Staff,1,16,30,29
1650922942738,MATH 20C,B01,083762,Staff,9,0,30,21
1650922942738,MATH 20C,B02,083763,Staff,28,0,30,2
1650922948770,MATH 20D,A01,083765,Staff,2,1,30,28
1650922948770,MATH 20D,A02,083766,Staff,4,0,30,26
1650922948770,MATH 20D,A03,083767,Staff,23,0,30,7
1650922954794,MATH 20E,A01,083771,Staff,2,0,30,28
1650922954794,MATH 20E,A02,083772,Staff,13,0,30,17
1650922954794,MATH 20E,B01,083773,Staff,0,0,30,30
1650922954794,MATH 20E,B02,083774,Staff,3,0,30,27
1650922960833,MATH 103A,A01,083777,Staff,0,17,30,30
1650922960833,MATH 103A,A02,083778,Staff,0,15,30,30
1650922960833,MATH 103A,B01,083779,Staff,0,15,30,30
1650922960833,MATH 103A,B02,083780,Staff,0,14,30,30
1650922966857,MATH 105,A01,085443,Staff,0,23,30,30
1650922972879,MATH 109,A01,083213,Anzaldo; Leesa B,0,7,30,30
1650922972879,MATH 109,A02,083214,Anzaldo; Leesa B,0,7,30,30
1650922972879,MATH 109,B01,083215,Anzaldo; Leesa B,0,8,30,30
1650922972879,MATH 109,B02,083216,Anzaldo; Leesa B,0,7,30,30
1650922978903,MATH 142A,A01,083219,Chow; Bennett,0,15,30,30
1650922978903,MATH 142A,A02,083220,Chow; Bennett,0,15,30,30
1650922978903,MATH 142A,B01,083221,Chow; Bennett,0,16,30,30
1650922978903,MATH 142A,B02,083222,Chow; Bennett,0,14,30,30
1650922984928,MATH 193A,A01,083224,Staff,0,6,30,30
1650922984928,MATH 193A,A02,083225,Staff,0,7,30,30
1650922984928,MATH 193A,A03,083781,Staff,0,6,30,30
1650922984928,MATH 193A,A04,083782,Staff,0,7,30,30
1650922990953,MATH 197,001,091859,McAuley; Julian John,9998,0,9999,1
1650922997016,COGS 9,A01,083615,Staff,0,18,60,60
1650923003043,COGS 11,A01,083617,Boyle; Mary E. T.,15,0,40,25
1650923009068,COGS 13,A01,083071,Staff,0,38,40,40
1650923015093,COGS 14A,A01,092681,Staff,0,39,100,100
1650923021120,COGS 14B,A01,083073,Cheng; Tzu-Han,0,12,50,50
1650923027142,COGS 17,A01,092677,Staff,9,0,75,66
1650923033166,COGS 100,A01,083619,Staff,0,30,60,60
1650923039190,COGS 101A,A01,083621,Davis; Joshua Daniel,0,29,60,60
1650923045217,COGS 101B,A01,091572,Staff,0,5,60,60
1650923051241,COGS 101C,A01,083625,Delgado; Tania,14,0,30,16
1650923057263,COGS 107A,A01,083627,Boyle; Mary E. T.,0,16,60,60
1650923063286,COGS 118A,A01,083075,Staff,0,10,60,60
1650923069314,CSE 3,A50,083646,Miranda; Gregory Joseph,15,0,38,23
1650923069314,CSE 3,A51,083647,Miranda; Gregory Joseph,36,0,37,1
1650923075341,CSE 8A,A50,083650,Miranda; Gregory Joseph,0,31,40,40
1650923081366,CSE 11,A01,083080,Cao; Yingjun,0,98,40,40
1650923087389,CSE 12,A01,083652,Staff,0,22,100,100
1650923093415,CSE 15L,A01,083654,Staff,0,3,50,50
1650923093415,CSE 15L,A02,083655,Staff,0,3,50,50
1650923099440,CSE 20,A01,083657,Staff,48,0,80,32
1650923105464,CSE 30,A01,083084,Eldon; John,0,76,40,40
1650923111485,CSE 100,A01,083659,Cao; Yingjun,0,70,50,50
1650923117512,CSE 134B,A01,083661,Powell; Thomas Allan,0,38,65,65
1650923123538,CSE 140,A01,083663,Staff,1,13,75,74
1650923129563,CSE 140L,A01,083088,Eldon; John,0,21,75,75
1650923135595,CSE 175,A01,083665,Kumar; Rakesh,2,0,25,23
1650923141617,CSE 190,A00,092507,Dubnov; Shlomo,10,0,20,10
1650923147653,ECE 45,A01,083139,Staff,0,4,60,60
1650923153677,ECE 65,A50,083695,Staff,0,6,30,30
1650923159709,ECE 109,A01,091882,Touri; Behrouz,32,0,70,38
1650923165734,ECE 180,A00,083140,Abi Samra; Nicholas Camill,19,0,30,11
1650923165734,ECE 180,B00,083141,Abi Samra; Nicholas Camill,0,0,30,30
1650923171756,MATH 10A,A01,083735,Patchell; Gregory David,2,0,30,28
1650923171756,MATH 10A,A02,083736,Patchell; Gregory David,27,0,30,3
1650923171756,MATH 10A,A03,083737,Patchell; Gregory David,23,0,30,7
1650923177784,MATH 10B,A01,083207,Staff,0,9,30,30
1650923177784,MATH 10B,A02,083208,Staff,1,6,30,29
1650923177784,MATH 10B,B01,083739,Staff,9,0,30,21
1650923177784,MATH 10B,B02,083740,Staff,28,0,30,2
1650923183813,MATH 18,A01,083743,Staff,0,0,30,30
1650923183813,MATH 18,A02,083744,Staff,24,0,30,6
1650923183813,MATH 18,A03,083745,Staff,19,0,30,11
1650923183813,MATH 18,A04,083746,Staff,26,0,30,4
1650923183813,MATH 18,B01,083748,Staff,0,15,30,30
1650923183813,MATH 18,B02,083749,Staff,0,13,30,30
1650923183813,MATH 18,B03,083750,Staff,0,13,30,30
1650923183813,MATH 18,B04,083751,Staff,0,13,30,30
1650923189843,MATH 20A,A01,083754,Staff,19,0,40,21
1650923195867,MATH 20B,A01,083756,Staff,0,14,30,30
1650923195867,MATH 20B,A02,083757,Staff,0,11,30,30
1650923201891,MATH 20C,A01,083760,Staff,0,17,30,30
1650923201891,MATH 20C,A02,083761,Staff,1,16,30,29
1650923201891,MATH 20C,B01,083762,Staff,9,0,30,21
1650923201891,MATH 20C,B02,083763,Staff,28,0,30,2
1650923207918,MATH 20D,A01,083765,Staff,2,1,30,28
1650923207918,MATH 20D,A02,083766,Staff,4,0,30,26
1650923207918,MATH 20D,A03,083767,Staff,23,0,30,7
1650923213942,MATH 20E,A01,083771,Staff,2,0,30,28
1650923213942,MATH 20E,A02,083772,Staff,13,0,30,17
1650923213942,MATH 20E,B01,083773,Staff,0,0,30,30
1650923213942,MATH 20E,B02,083774,Staff,3,0,30,27
1650923219965,MATH 103A,A01,083777,Staff,0,17,30,30
1650923219965,MATH 103A,A02,083778,Staff,0,15,30,30
1650923219965,MATH 103A,B01,083779,Staff,0,15,30,30
1650923219965,MATH 103A,B02,083780,Staff,0,14,30,30
1650923225998,MATH 105,A01,085443,Staff,0,23,30,30
1650923232025,MATH 109,A01,083213,Anzaldo; Leesa B,0,7,30,30
1650923232025,MATH 109,A02,083214,Anzaldo; Leesa B,0,7,30,30
1650923232025,MATH 109,B01,083215,Anzaldo; Leesa B,0,8,30,30
1650923232025,MATH 109,B02,083216,Anzaldo; Leesa B,0,7,30,30
1650923238059,MATH 142A,A01,083219,Chow; Bennett,0,15,30,30
1650923238059,MATH 142A,A02,083220,Chow; Bennett,0,15,30,30
1650923238059,MATH 142A,B01,083221,Chow; Bennett,0,16,30,30
1650923238059,MATH 142A,B02,083222,Chow; Bennett,0,14,30,30
1650923244089,MATH 193A,A01,083224,Staff,0,6,30,30
1650923244089,MATH 193A,A02,083225,Staff,0,7,30,30
1650923244089,MATH 193A,A03,083781,Staff,0,6,30,30
1650923244089,MATH 193A,A04,083782,Staff,0,7,30,30
1650923250113,MATH 197,001,091859,McAuley; Julian John,9998,0,9999,1
1650923256171,COGS 9,A01,083615,Staff,0,18,60,60
1650923262203,COGS 11,A01,083617,Boyle; Mary E. T.,15,0,40,25
1650923268227,COGS 13,A01,083071,Staff,0,38,40,40
1650923274250,COGS 14A,A01,092681,Staff,0,39,100,100
1650923280274,COGS 14B,A01,083073,Cheng; Tzu-Han,0,12,50,50
1650923286298,COGS 17,A01,092677,Staff,9,0,75,66
1650923292330,COGS 100,A01,083619,Staff,0,30,60,60
1650923298356,COGS 101A,A01,083621,Davis; Joshua Daniel,0,29,60,60
1650923304379,COGS 101B,A01,091572,Staff,0,5,60,60
1650923310403,COGS 101C,A01,083625,Delgado; Tania,14,0,30,16
1650923316425,COGS 107A,A01,083627,Boyle; Mary E. T.,0,16,60,60
1650923322462,COGS 118A,A01,083075,Staff,0,10,60,60
1650923328491,CSE 3,A50,083646,Miranda; Gregory Joseph,15,0,38,23
1650923328491,CSE 3,A51,083647,Miranda; Gregory Joseph,36,0,37,1
1650923334516,CSE 8A,A50,083650,Miranda; Gregory Joseph,0,31,40,40
1650923340544,CSE 11,A01,083080,Cao; Yingjun,0,98,40,40
1650923346574,CSE 12,A01,083652,Staff,0,22,100,100
1650923352601,CSE 15L,A01,083654,Staff,0,3,50,50
1650923352601,CSE 15L,A02,083655,Staff,0,3,50,50
1650923358625,CSE 20,A01,083657,Staff,48,0,80,32
1650923364648,CSE 30,A01,083084,Eldon; John,0,76,40,40
1650923370672,CSE 100,A01,083659,Cao; Yingjun,0,70,50,50
1650923376702,CSE 134B,A01,083661,Powell; Thomas Allan,0,38,65,65
1650923382728,CSE 140,A01,083663,Staff,1,13,75,74
1650923388751,CSE 140L,A01,083088,Eldon; John,0,21,75,75
1650923394778,CSE 175,A01,083665,Kumar; Rakesh,2,0,25,23
1650923400813,CSE 190,A00,092507,Dubnov; Shlomo,10,0,20,10
1650923406839,ECE 45,A01,083139,Staff,0,4,60,60
1650923412865,ECE 65,A50,083695,Staff,0,6,30,30
1650923418887,ECE 109,A01,091882,Touri; Behrouz,32,0,70,38
1650923424913,ECE 180,A00,083140,Abi Samra; Nicholas Camill,19,0,30,11
1650923424913,ECE 180,B00,083141,Abi Samra; Nicholas Camill,0,0,30,30
1650923430937,MATH 10A,A01,083735,Patchell; Gregory David,2,0,30,28
1650923430937,MATH 10A,A02,083736,Patchell; Gregory David,27,0,30,3
1650923430937,MATH 10A,A03,083737,Patchell; Gregory David,23,0,30,7
1650923436962,MATH 10B,A01,083207,Staff,0,9,30,30
1650923436962,MATH 10B,A02,083208,Staff,1,6,30,29
1650923436962,MATH 10B,B01,083739,Staff,9,0,30,21
1650923436962,MATH 10B,B02,083740,Staff,28,0,30,2
1650923442998,MATH 18,A01,083743,Staff,0,0,30,30
1650923442998,MATH 18,A02,083744,Staff,24,0,30,6
1650923442998,MATH 18,A03,083745,Staff,19,0,30,11
1650923442998,MATH 18,A04,083746,Staff,26,0,30,4
1650923442998,MATH 18,B01,083748,Staff,0,15,30,30
1650923442998,MATH 18,B02,083749,Staff,0,13,30,30
1650923442998,MATH 18,B03,083750,Staff,0,13,30,30
1650923442998,MATH 18,B04,083751,Staff,0,13,30,30
1650923449020,MATH 20A,A01,083754,Staff,19,0,40,21
1650923455046,MATH 20B,A01,083756,Staff,0,14,30,30
1650923455046,MATH 20B,A02,083757,Staff,0,11,30,30
1650923461074,MATH 20C,A01,083760,Staff,0,17,30,30
1650923461074,MATH 20C,A02,083761,Staff,1,16,30,29
1650923461074,MATH 20C,B01,083762,Staff,9,0,30,21
1650923461074,MATH 20C,B02,083763,Staff,28,0,30,2
1650923467097,MATH 20D,A01,083765,Staff,2,1,30,28
1650923467097,MATH 20D,A02,083766,Staff,4,0,30,26
1650923467097,MATH 20D,A03,083767,Staff,23,0,30,7
1650923473191,MATH 20E,A01,083771,Staff,2,0,30,28
1650923473191,MATH 20E,A02,083772,Staff,13,0,30,17
1650923473191,MATH 20E,B01,083773,Staff,0,0,30,30
1650923473191,MATH 20E,B02,083774,Staff,3,0,30,27
1650923479219,MATH 103A,A01,083777,Staff,0,17,30,30
1650923479219,MATH 103A,A02,083778,Staff,0,15,30,30
1650923479219,MATH 103A,B01,083779,Staff,0,15,30,30
1650923479219,MATH 103A,B02,083780,Staff,0,14,30,30
1650923485256,MATH 105,A01,085443,Staff,0,23,30,30
1650923491292,MATH 109,A01,083213,Anzaldo; Leesa B,0,7,30,30
1650923491292,MATH 109,A02,083214,Anzaldo; Leesa B,0,7,30,30
1650923491292,MATH 109,B01,083215,Anzaldo; Leesa B,0,8,30,30
1650923491292,MATH 109,B02,083216,Anzaldo; Leesa B,0,7,30,30
1650923497320,MATH 142A,A01,083219,Chow; Bennett,0,15,30,30
1650923497320,MATH 142A,A02,083220,Chow; Bennett,0,15,30,30
1650923497320,MATH 142A,B01,083221,Chow; Bennett,0,16,30,30
1650923497320,MATH 142A,B02,083222,Chow; Bennett,0,14,30,30
1650923503344,MATH 193A,A01,083224,Staff,0,6,30,30
1650923503344,MATH 193A,A02,083225,Staff,0,7,30,30
1650923503344,MATH 193A,A03,083781,Staff,0,6,30,30
1650923503344,MATH 193A,A04,083782,Staff,0,7,30,30
1650923509367,MATH 197,001,091859,McAuley; Julian John,9998,0,9999,1
1650923515431,COGS 9,A01,083615,Staff,0,18,60,60
1650923521463,COGS 11,A01,083617,Boyle; Mary E. T.,15,0,40,25
1650923527491,COGS 13,A01,083071,Staff,0,38,40,40
1650923533515,COGS 14A,A01,092681,Staff,0,39,100,100
1650923539538,COGS 14B,A01,083073,Cheng; Tzu-Han,0,12,50,50
1650923545568,COGS 17,A01,092677,Staff,9,0,75,66
1650923551605,COGS 100,A01,083619,Staff,0,30,60,60
1650923557626,COGS 101A,A01,083621,Davis; Joshua Daniel,0,29,60,60
1650923563662,COGS 101B,A01,091572,Staff,0,5,60,60
1650923569688,COGS 101C,A01,083625,Delgado; Tania,14,0,30,16
1650923575719,COGS 107A,A01,083627,Boyle; Mary E. T.,0,16,60,60
1650923581751,COGS 118A,A01,083075,Staff,0,10,60,60
1650923587775,CSE 3,A50,083646,Miranda; Gregory Joseph,15,0,38,23
1650923587775,CSE 3,A51,083647,Miranda; Gregory Joseph,36,0,37,1
1650923604503,CSE 8A,A50,083650,Miranda; Gregory Joseph,0,31,40,40
1650923610528,CSE 11,A01,083080,Cao; Yingjun,0,98,40,40
1650923616559,CSE 12,A01,083652,Staff,0,22,100,100
1650923622583,CSE 15L,A01,083654,Staff,0,3,50,50
1650923622583,CSE 15L,A02,083655,Staff,0,3,50,50
1650923628610,CSE 20,A01,083657,Staff,48,0,80,32
1650923634641,CSE 30,A01,083084,Eldon; John,0,76,40,40
1650923640675,CSE 100,A01,083659,Cao; Yingjun,0,70,50,50
1650923646709,CSE 134B,A01,083661,Powell; Thomas Allan,0,38,65,65
1650923652740,CSE 140,A01,083663,Staff,1,13,75,74
1650923658762,CSE 140L,A01,083088,Eldon; John,0,21,75,75
1650923664786,CSE 175,A01,083665,Kumar; Rakesh,2,0,25,23
1650923670812,CSE 190,A00,092507,Dubnov; Shlomo,10,0,20,10
1650923676847,ECE 45,A01,083139,Staff,0,4,60,60
1650923682872,ECE 65,A50,083695,Staff,0,6,30,30
1650923688897,ECE 109,A01,091882,Touri; Behrouz,32,0,70,38
1650923694920,ECE 180,A00,083140,Abi Samra; Nicholas Camill,19,0,30,11
1650923694920,ECE 180,B00,083141,Abi Samra; Nicholas Camill,0,0,30,30
1650923700947,MATH 10A,A01,083735,Patchell; Gregory David,2,0,30,28
1650923700947,MATH 10A,A02,083736,Patchell; Gregory David,27,0,30,3
1650923700947,MATH 10A,A03,083737,Patchell; Gregory David,23,0,30,7
1650923706974,MATH 10B,A01,083207,Staff,0,9,30,30
1650923706974,MATH 10B,A02,083208,Staff,1,6,30,29
1650923706974,MATH 10B,B01,083739,Staff,9,0,30,21
1650923706974,MATH 10B,B02,083740,Staff,28,0,30,2
1650923713003,MATH 18,A01,083743,Staff,0,0,30,30
1650923713003,MATH 18,A02,083744,Staff,24,0,30,6
1650923713003,MATH 18,A03,083745,Staff,19,0,30,11
1650923713003,MATH 18,A04,083746,Staff,26,0,30,4
1650923713003,MATH 18,B01,083748,Staff,0,15,30,30
1650923713003,MATH 18,B02,083749,Staff,0,13,30,30
1650923713003,MATH 18,B03,083750,Staff,0,13,30,30
1650923713003,MATH 18,B04,083751,Staff,0,13,30,30
1650923719042,MATH 20A,A01,083754,Staff,19,0,40,21
1650923725074,MATH 20B,A01,083756,Staff,0,14,30,30
1650923725074,MATH 20B,A02,083757,Staff,0,11,30,30
1650923731096,MATH 20C,A01,083760,Staff,0,17,30,30
1650923731096,MATH 20C,A02,083761,Staff,1,16,30,29
1650923731096,MATH 20C,B01,083762,Staff,9,0,30,21
1650923731096,MATH 20C,B02,083763,Staff,28,0,30,2
1650923737124,MATH 20D,A01,083765,Staff,2,1,30,28
1650923737124,MATH 20D,A02,083766,Staff,4,0,30,26
1650923737124,MATH 20D,A03,083767,Staff,23,0,30,7
1650923743147,MATH 20E,A01,083771,Staff,2,0,30,28
1650923743147,MATH 20E,A02,083772,Staff,13,0,30,17
1650923743147,MATH 20E,B01,083773,Staff,0,0,30,30
1650923743147,MATH 20E,B02,083774,Staff,3,0,30,27
1650923749174,MATH 103A,A01,083777,Staff,0,17,30,30
1650923749174,MATH 103A,A02,083778,Staff,0,15,30,30
1650923749174,MATH 103A,B01,083779,Staff,0,15,30,30
1650923749174,MATH 103A,B02,083780,Staff,0,14,30,30
1650923755201,MATH 105,A01,085443,Staff,0,23,30,30
1650923761229,MATH 109,A01,083213,Anzaldo; Leesa B,0,7,30,30
1650923761229,MATH 109,A02,083214,Anzaldo; Leesa B,0,7,30,30
1650923761229,MATH 109,B01,083215,Anzaldo; Leesa B,0,8,30,30
1650923761229,MATH 109,B02,083216,Anzaldo; Leesa B,0,7,30,30
1650923767264,MATH 142A,A01,083219,Chow; Bennett,0,15,30,30
1650923767264,MATH 142A,A02,083220,Chow; Bennett,0,15,30,30
1650923767264,MATH 142A,B01,083221,Chow; Bennett,0,16,30,30
1650923767264,MATH 142A,B02,083222,Chow; Bennett,0,14,30,30
1650923773286,MATH 193A,A01,083224,Staff,0,6,30,30
1650923773286,MATH 193A,A02,083225,Staff,0,7,30,30
1650923773286,MATH 193A,A03,083781,Staff,0,6,30,30
1650923773286,MATH 193A,A04,083782,Staff,0,7,30,30
1650923779308,MATH 197,001,091859,McAuley; Julian John,9998,0,9999,1
1650923785356,COGS 9,A01,083615,Staff,0,18,60,60
1650923791381,COGS 11,A01,083617,Boyle; Mary E. T.,15,0,40,25
1650923797403,COGS 13,A01,083071,Staff,0,38,40,40
1650923803425,COGS 14A,A01,092681,Staff,0,39,100,100
1650923809462,COGS 14B,A01,083073,Cheng; Tzu-Han,0,12,50,50
1650923815496,COGS 17,A01,092677,Staff,9,0,75,66
1650923821527,COGS 100,A01,083619,Staff,0,30,60,60
1650923827553,COGS 101A,A01,083621,Davis; Joshua Daniel,0,29,60,60
1650923833576,COGS 101B,A01,091572,Staff,0,5,60,60
1650923839599,COGS 101C,A01,083625,Delgado; Tania,14,0,30,16
1650923845622,COGS 107A,A01,083627,Boyle; Mary E. T.,0,16,60,60
1650923851652,COGS 118A,A01,083075,Staff,0,10,60,60
1650923857682,CSE 3,A50,083646,Miranda; Gregory Joseph,15,0,38,23
1650923857682,CSE 3,A51,083647,Miranda; Gregory Joseph,36,0,37,1
1650923863705,CSE 8A,A50,083650,Miranda; Gregory Joseph,0,31,40,40
1650923869732,CSE 11,A01,083080,Cao; Yingjun,0,98,40,40
1650923875756,CSE 12,A01,083652,Staff,0,22,100,100
1650923881779,CSE 15L,A01,083654,Staff,0,3,50,50
1650923881779,CSE 15L,A02,083655,Staff,0,3,50,50
1650923887812,CSE 20,A01,083657,Staff,48,0,80,32
1650923893843,CSE 30,A01,083084,Eldon; John,0,76,40,40
1650923899869,CSE 100,A01,083659,Cao; Yingjun,0,70,50,50
1650923905899,CSE 134B,A01,083661,Powell; Thomas Allan,0,38,65,65
1650923911923,CSE 140,A01,083663,Staff,1,13,75,74
1650923917954,CSE 140L,A01,083088,Eldon; John,0,21,75,75
1650923923977,CSE 175,A01,083665,Kumar; Rakesh,2,0,25,23
1650923930001,CSE 190,A00,092507,Dubnov; Shlomo,10,0,20,10
1650923936021,ECE 45,A01,083139,Staff,0,4,60,60
1650923942049,ECE 65,A50,083695,Staff,0,6,30,30
1650923948073,ECE 109,A01,091882,Touri; Behrouz,32,0,70,38
1650923954103,ECE 180,A00,083140,Abi Samra; Nicholas Camill,19,0,30,11
1650923954103,ECE 180,B00,083141,Abi Samra; Nicholas Camill,0,0,30,30
1650923960127,MATH 10A,A01,083735,Patchell; Gregory David,2,0,30,28
1650923960127,MATH 10A,A02,083736,Patchell; Gregory David,27,0,30,3
1650923960127,MATH 10A,A03,083737,Patchell; Gregory David,23,0,30,7
1650923966149,MATH 10B,A01,083207,Staff,0,9,30,30
1650923966149,MATH 10B,A02,083208,Staff,1,6,30,29
1650923966149,MATH 10B,B01,083739,Staff,9,0,30,21
1650923966149,MATH 10B,B02,083740,Staff,28,0,30,2
1650923972175,MATH 18,A01,083743,Staff,0,0,30,30
1650923972175,MATH 18,A02,083744,Staff,24,0,30,6
1650923972175,MATH 18,A03,083745,Staff,19,0,30,11
1650923972175,MATH 18,A04,083746,Staff,26,0,30,4
1650923972175,MATH 18,B01,083748,Staff,0,15,30,30
1650923972175,MATH 18,B02,083749,Staff,0,13,30,30
1650923972175,MATH 18,B03,083750,Staff,0,13,30,30
1650923972175,MATH 18,B04,083751,Staff,0,13,30,30
1650923978200,MATH 20A,A01,083754,Staff,19,0,40,21
1650923984222,MATH 20B,A01,083756,Staff,0,14,30,30
1650923984222,MATH 20B,A02,083757,Staff,0,11,30,30
1650923990263,MATH 20C,A01,083760,Staff,0,17,30,30
1650923990263,MATH 20C,A02,083761,Staff,1,16,30,29
1650923990263,MATH 20C,B01,083762,Staff,9,0,30,21
1650923990263,MATH 20C,B02,083763,Staff,28,0,30,2
1650923996290,MATH 20D,A01,083765,Staff,2,1,30,28
1650923996290,MATH 20D,A02,083766,Staff,4,0,30,26
1650923996290,MATH 20D,A03,083767,Staff,23,0,30,7
1650924002313,MATH 20E,A01,083771,Staff,2,0,30,28
1650924002313,MATH 20E,A02,083772,Staff,13,0,30,17
1650924002313,MATH 20E,B01,083773,Staff,0,0,30,30
1650924002313,MATH 20E,B02,083774,Staff,3,0,30,27
1650924008343,MATH 103A,A01,083777,Staff,0,17,30,30
1650924008343,MATH 103A,A02,083778,Staff,0,15,30,30
1650924008343,MATH 103A,B01,083779,Staff,0,15,30,30
1650924008343,MATH 103A,B02,083780,Staff,0,14,30,30
1650924014367,MATH 105,A01,085443,Staff,0,23,30,30
1650924020397,MATH 109,A01,083213,Anzaldo; Leesa B,0,7,30,30
1650924020397,MATH 109,A02,083214,Anzaldo; Leesa B,0,7,30,30
1650924020397,MATH 109,B01,083215,Anzaldo; Leesa B,0,8,30,30
1650924020397,MATH 109,B02,083216,Anzaldo; Leesa B,0,7,30,30
1650924026434,MATH 142A,A01,083219,Chow; Bennett,0,15,30,30
1650924026434,MATH 142A,A02,083220,Chow; Bennett,0,15,30,30
1650924026434,MATH 142A,B01,083221,Chow; Bennett,0,16,30,30
1650924026434,MATH 142A,B02,083222,Chow; Bennett,0,14,30,30
1650924032458,MATH 193A,A01,083224,Staff,0,6,30,30
1650924032458,MATH 193A,A02,083225,Staff,0,7,30,30
1650924032458,MATH 193A,A03,083781,Staff,0,6,30,30
1650924032458,MATH 193A,A04,083782,Staff,0,7,30,30
1650924038481,MATH 197,001,091859,McAuley; Julian John,9998,0,9999,1
1650924044534,COGS 9,A01,083615,Staff,0,18,60,60
1650924050563,COGS 11,A01,083617,Boyle; Mary E. T.,15,0,40,25
1650924056588,COGS 13,A01,083071,Staff,0,38,40,40
1650924062619,COGS 14A,A01,092681,Staff,0,39,100,100
1650924068645,COGS 14B,A01,083073,Cheng; Tzu-Han,0,12,50,50
1650924074794,COGS 17,A01,092677,Staff,9,0,75,66
1650924080821,COGS 100,A01,083619,Staff,0,30,60,60
1650924086844,COGS 101A,A01,083621,Davis; Joshua Daniel,0,29,60,60
1650924092870,COGS 101B,A01,091572,Staff,0,5,60,60
1650924098894,COGS 101C,A01,083625,Delgado; Tania,14,0,30,16
1650924104919,COGS 107A,A01,083627,Boyle; Mary E. T.,0,16,60,60
1650924110953,COGS 118A,A01,083075,Staff,0,10,60,60
1650924116990,CSE 3,A50,083646,Miranda; Gregory Joseph,15,0,38,23
1650924116990,CSE 3,A51,083647,Miranda; Gregory Joseph,36,0,37,1
1650924123014,CSE 8A,A50,083650,Miranda; Gregory Joseph,0,31,40,40
1650924129052,CSE 11,A01,083080,Cao; Yingjun,0,98,40,40
1650924135086,CSE 12,A01,083652,Staff,0,22,100,100
1650924141114,CSE 15L,A01,083654,Staff,0,3,50,50
1650924141114,CSE 15L,A02,083655,Staff,0,3,50,50
1650924147143,CSE 20,A01,083657,Staff,48,0,80,32
1650924153167,CSE 30,A01,083084,Eldon; John,0,76,40,40
1650924159192,CSE 100,A01,083659,Cao; Yingjun,0,70,50,50
1650924165218,CSE 134B,A01,083661,Powell; Thomas Allan,0,38,65,65
1650924171243,CSE 140,A01,083663,Staff,1,13,75,74
1650924177266,CSE 140L,A01,083088,Eldon; John,0,21,75,75
1650924183296,CSE 175,A01,083665,Kumar; Rakesh,2,0,25,23
1650924189323,CSE 190,A00,092507,Dubnov; Shlomo,10,0,20,10
1650924195346,ECE 45,A01,083139,Staff,0,4,60,60
1650924201381,ECE 65,A50,083695,Staff,0,6,30,30
1650924207406,ECE 109,A01,091882,Touri; Behrouz,32,0,70,38
1650924213430,ECE 180,A00,083140,Abi Samra; Nicholas Camill,19,0,30,11
1650924213430,ECE 180,B00,083141,Abi Samra; Nicholas Camill,0,0,30,30
1650924219455,MATH 10A,A01,083735,Patchell; Gregory David,2,0,30,28
1650924219455,MATH 10A,A02,083736,Patchell; Gregory David,27,0,30,3
1650924219455,MATH 10A,A03,083737,Patchell; Gregory David,23,0,30,7
1650924225484,MATH 10B,A01,083207,Staff,0,9,30,30
1650924225484,MATH 10B,A02,083208,Staff,1,6,30,29
1650924225484,MATH 10B,B01,083739,Staff,9,0,30,21
1650924225484,MATH 10B,B02,083740,Staff,28,0,30,2
1650924231512,MATH 18,A01,083743,Staff,0,0,30,30
1650924231512,MATH 18,A02,083744,Staff,24,0,30,6
1650924231512,MATH 18,A03,083745,Staff,19,0,30,11
1650924231512,MATH 18,A04,083746,Staff,26,0,30,4
1650924231512,MATH 18,B01,083748,Staff,0,15,30,30
1650924231512,MATH 18,B02,083749,Staff,0,13,30,30
1650924231512,MATH 18,B03,083750,Staff,0,13,30,30
1650924231512,MATH 18,B04,083751,Staff,0,13,30,30
1650924237536,MATH 20A,A01,083754,Staff,19,0,40,21
1650924243572,MATH 20B,A01,083756,Staff,0,14,30,30
1650924243572,MATH 20B,A02,083757,Staff,0,11,30,30
1650924249598,MATH 20C,A01,083760,Staff,0,17,30,30
1650924249598,MATH 20C,A02,083761,Staff,1,16,30,29
1650924249598,MATH 20C,B01,083762,Staff,9,0,30,21
1650924249598,MATH 20C,B02,083763,Staff,28,0,30,2
1650924255623,MATH 20D,A01,083765,Staff,2,1,30,28
1650924255623,MATH 20D,A02,083766,Staff,3,0,30,27
1650924255623,MATH 20D,A03,083767,Staff,23,0,30,7
1650924261646,MATH 20E,A01,083771,Staff,2,0,30,28
1650924261646,MATH 20E,A02,083772,Staff,13,0,30,17
1650924261646,MATH 20E,B01,083773,Staff,0,0,30,30
1650924261646,MATH 20E,B02,083774,Staff,3,0,30,27
1650924267679,MATH 103A,A01,083777,Staff,0,17,30,30
1650924267679,MATH 103A,A02,083778,Staff,0,15,30,30
1650924267679,MATH 103A,B01,083779,Staff,0,15,30,30
1650924267679,MATH 103A,B02,083780,Staff,0,14,30,30
1650924273707,MATH 105,A01,085443,Staff,0,23,30,30
1650924279734,MATH 109,A01,083213,Anzaldo; Leesa B,0,7,30,30
1650924279734,MATH 109,A02,083214,Anzaldo; Leesa B,0,7,30,30
1650924279734,MATH 109,B01,083215,Anzaldo; Leesa B,0,8,30,30
1650924279734,MATH 109,B02,083216,Anzaldo; Leesa B,0,7,30,30
1650924285762,MATH 142A,A01,083219,Chow; Bennett,0,15,30,30
1650924285762,MATH 142A,A02,083220,Chow; Bennett,0,15,30,30
1650924285762,MATH 142A,B01,083221,Chow; Bennett,0,16,30,30
1650924285762,MATH 142A,B02,083222,Chow; Bennett,0,14,30,30
1650924291784,MATH 193A,A01,083224,Staff,0,6,30,30
1650924291784,MATH 193A,A02,083225,Staff,0,7,30,30
1650924291784,MATH 193A,A03,083781,Staff,0,6,30,30
1650924291784,MATH 193A,A04,083782,Staff,0,7,30,30
1650924297809,MATH 197,001,091859,McAuley; Julian John,9998,0,9999,1
1650924303858,COGS 9,A01,083615,Staff,0,18,60,60
1650924309885,COGS 11,A01,083617,Boyle; Mary E. T.,15,0,40,25
1650924315910,COGS 13,A01,083071,Staff,0,38,40,40
1650924321936,COGS 14A,A01,092681,Staff,0,39,100,100
1650924327959,COGS 14B,A01,083073,Cheng; Tzu-Han,0,12,50,50
1650924333982,COGS 17,A01,092677,Staff,9,0,75,66
1650924340020,COGS 100,A01,083619,Staff,0,30,60,60
1650924346053,COGS 101A,A01,083621,Davis; Joshua Daniel,0,29,60,60
1650924352079,COGS 101B,A01,091572,Staff,0,5,60,60
1650924358104,COGS 101C,A01,083625,Delgado; Tania,14,0,30,16
1650924364132,COGS 107A,A01,083627,Boyle; Mary E. T.,0,16,60,60
1650924370158,COGS 118A,A01,083075,Staff,0,10,60,60
1650924376187,CSE 3,A50,083646,Miranda; Gregory Joseph,15,0,38,23
1650924376187,CSE 3,A51,083647,Miranda; Gregory Joseph,36,0,37,1
1650924382229,CSE 8A,A50,083650,Miranda; Gregory Joseph,0,31,40,40
1650924388262,CSE 11,A01,083080,Cao; Yingjun,0,98,40,40
1650924394296,CSE 12,A01,083652,Staff,0,22,100,100
1650924400332,CSE 15L,A01,083654,Staff,0,3,50,50
1650924400332,CSE 15L,A02,083655,Staff,0,3,50,50
1650924406353,CSE 20,A01,083657,Staff,48,0,80,32
1650924412382,CSE 30,A01,083084,Eldon; John,0,76,40,40
1650924418412,CSE 100,A01,083659,Cao; Yingjun,0,70,50,50
1650924424437,CSE 134B,A01,083661,Powell; Thomas Allan,0,38,65,65
1650924430464,CSE 140,A01,083663,Staff,1,13,75,74
1650924436486,CSE 140L,A01,083088,Eldon; John,0,21,75,75
1650924442509,CSE 175,A01,083665,Kumar; Rakesh,2,0,25,23
1650924448536,CSE 190,A00,092507,Dubnov; Shlomo,10,0,20,10
1650924454563,ECE 45,A01,083139,Staff,0,4,60,60
1650924460587,ECE 65,A50,083695,Staff,0,6,30,30
1650924466623,ECE 109,A01,091882,Touri; Behrouz,32,0,70,38
1650924472645,ECE 180,A00,083140,Abi Samra; Nicholas Camill,19,0,30,11
1650924472645,ECE 180,B00,083141,Abi Samra; Nicholas Camill,0,0,30,30
1650924478694,MATH 10A,A01,083735,Patchell; Gregory David,2,0,30,28
1650924478694,MATH 10A,A02,083736,Patchell; Gregory David,27,0,30,3
1650924478694,MATH 10A,A03,083737,Patchell; Gregory David,23,0,30,7
1650924484721,MATH 10B,A01,083207,Staff,0,9,30,30
1650924484721,MATH 10B,A02,083208,Staff,1,6,30,29
1650924484721,MATH 10B,B01,083739,Staff,9,0,30,21
1650924484721,MATH 10B,B02,083740,Staff,28,0,30,2
1650924490749,MATH 18,A01,083743,Staff,0,0,30,30
1650924490749,MATH 18,A02,083744,Staff,24,0,30,6
1650924490749,MATH 18,A03,083745,Staff,19,0,30,11
1650924490749,MATH 18,A04,083746,Staff,26,0,30,4
1650924490749,MATH 18,B01,083748,Staff,0,15,30,30
1650924490749,MATH 18,B02,083749,Staff,0,13,30,30
1650924490749,MATH 18,B03,083750,Staff,0,13,30,30
1650924490749,MATH 18,B04,083751,Staff,0,13,30,30
1650924496775,MATH 20A,A01,083754,Staff,19,0,40,21
1650924502798,MATH 20B,A01,083756,Staff,0,14,30,30
1650924502798,MATH 20B,A02,083757,Staff,0,11,30,30
1650924508823,MATH 20C,A01,083760,Staff,0,17,30,30
1650924508823,MATH 20C,A02,083761,Staff,1,16,30,29
1650924508823,MATH 20C,B01,083762,Staff,9,0,30,21
1650924508823,MATH 20C,B02,083763,Staff,28,0,30,2
1650924514846,MATH 20D,A01,083765,Staff,2,1,30,28
1650924514846,MATH 20D,A02,083766,Staff,3,0,30,27
1650924514846,MATH 20D,A03,083767,Staff,23,0,30,7
1650924520876,MATH 20E,A01,083771,Staff,2,0,30,28
1650924520876,MATH 20E,A02,083772,Staff,13,0,30,17
1650924520876,MATH 20E,B01,083773,Staff,0,0,30,30
1650924520876,MATH 20E,B02,083774,Staff,3,0,30,27
1650924526906,MATH 103A,A01,083777,Staff,0,17,30,30
1650924526906,MATH 103A,A02,083778,Staff,0,15,30,30
1650924526906,MATH 103A,B01,083779,Staff,0,15,30,30
1650924526906,MATH 103A,B02,083780,Staff,0,14,30,30
1650924532928,MATH 105,A01,085443,Staff,0,23,30,30
1650924538963,MATH 109,A01,083213,Anzaldo; Leesa B,0,7,30,30
1650924538963,MATH 109,A02,083214,Anzaldo; Leesa B,0,7,30,30
1650924538963,MATH 109,B01,083215,Anzaldo; Leesa B,0,8,30,30
1650924538963,MATH 109,B02,083216,Anzaldo; Leesa B,0,7,30,30
1650924544986,MATH 142A,A01,083219,Chow; Bennett,0,15,30,30
1650924544986,MATH 142A,A02,083220,Chow; Bennett,0,15,30,30
1650924544986,MATH 142A,B01,083221,Chow; Bennett,0,16,30,30
1650924544986,MATH 142A,B02,083222,Chow; Bennett,0,14,30,30
1650924551023,MATH 193A,A01,083224,Staff,0,6,30,30
1650924551023,MATH 193A,A02,083225,Staff,0,7,30,30
1650924551023,MATH 193A,A03,083781,Staff,0,6,30,30
1650924551023,MATH 193A,A04,083782,Staff,0,7,30,30
1650924557066,MATH 197,001,091859,McAuley; Julian John,9998,0,9999,1
1650924563137,COGS 9,A01,083615,Staff,0,18,60,60
1650924569178,COGS 11,A01,083617,Boyle; Mary E. T.,15,0,40,25
1650924575222,COGS 13,A01,083071,Staff,0,38,40,40
1650924581244,COGS 14A,A01,092681,Staff,0,39,100,100
1650924587270,COGS 14B,A01,083073,Cheng; Tzu-Han,0,12,50,50
1650924593299,COGS 17,A01,092677,Staff,9,0,75,66
1650924599326,COGS 100,A01,083619,Staff,0,30,60,60
1650924605366,COGS 101A,A01,083621,Davis; Joshua Daniel,0,29,60,60
1650924611388,COGS 101B,A01,091572,Staff,0,5,60,60
1650924617411,COGS 101C,A01,083625,Delgado; Tania,14,0,30,16
1650924623436,COGS 107A,A01,083627,Boyle; Mary E. T.,0,16,60,60
1650924629477,COGS 118A,A01,083075,Staff,0,10,60,60
1650924635505,CSE 3,A50,083646,Miranda; Gregory Joseph,15,0,38,23
1650924635505,CSE 3,A51,083647,Miranda; Gregory Joseph,36,0,37,1
1650924641527,CSE 8A,A50,083650,Miranda; Gregory Joseph,0,31,40,40
1650924647554,CSE 11,A01,083080,Cao; Yingjun,0,98,40,40
1650924653596,CSE 12,A01,083652,Staff,0,22,100,100
1650924659620,CSE 15L,A01,083654,Staff,0,3,50,50
1650924659620,CSE 15L,A02,083655,Staff,0,3,50,50
1650924665645,CSE 20,A01,083657,Staff,48,0,80,32
1650924671761,CSE 30,A01,083084,Eldon; John,40,76,80,40
1650924677785,CSE 100,A01,083659,Cao; Yingjun,0,70,50,50
1650924683814,CSE 134B,A01,083661,Powell; Thomas Allan,0,38,65,65
1650924689837,CSE 140,A01,083663,Staff,1,13,75,74
1650924695883,CSE 140L,A01,083088,Eldon; John,25,21,100,75
1650924701907,CSE 175,A01,083665,Kumar; Rakesh,2,0,25,23
1650924707929,CSE 190,A00,092507,Dubnov; Shlomo,10,0,20,10
1650924713957,ECE 45,A01,083139,Staff,0,4,60,60
1650924719983,ECE 65,A50,083695,Staff,0,6,30,30
1650924726004,ECE 109,A01,091882,Touri; Behrouz,32,0,70,38
1650924732029,ECE 180,A00,083140,Abi Samra; Nicholas Camill,19,0,30,11
1650924732029,ECE 180,B00,083141,Abi Samra; Nicholas Camill,0,0,30,30
1650924738062,MATH 10A,A01,083735,Patchell; Gregory David,2,0,30,28
1650924738062,MATH 10A,A02,083736,Patchell; Gregory David,27,0,30,3
1650924738062,MATH 10A,A03,083737,Patchell; Gregory David,23,0,30,7
1650924744086,MATH 10B,A01,083207,Staff,0,9,30,30
1650924744086,MATH 10B,A02,083208,Staff,1,6,30,29
1650924744086,MATH 10B,B01,083739,Staff,9,0,30,21
1650924744086,MATH 10B,B02,083740,Staff,28,0,30,2
1650924750118,MATH 18,A01,083743,Staff,0,0,30,30
1650924750118,MATH 18,A02,083744,Staff,24,0,30,6
1650924750118,MATH 18,A03,083745,Staff,19,0,30,11
1650924750118,MATH 18,A04,083746,Staff,26,0,30,4
1650924750118,MATH 18,B01,083748,Staff,0,15,30,30
1650924750118,MATH 18,B02,083749,Staff,0,13,30,30
1650924750118,MATH 18,B03,083750,Staff,0,13,30,30
1650924750118,MATH 18,B04,083751,Staff,0,13,30,30
1650924756146,MATH 20A,A01,083754,Staff,19,0,40,21
1650924762169,MATH 20B,A01,083756,Staff,0,14,30,30
1650924762169,MATH 20B,A02,083757,Staff,0,11,30,30
1650924768196,MATH 20C,A01,083760,Staff,0,17,30,30
1650924768196,MATH 20C,A02,083761,Staff,1,16,30,29
1650924768196,MATH 20C,B01,083762,Staff,9,0,30,21
1650924768196,MATH 20C,B02,083763,Staff,28,0,30,2
1650924774222,MATH 20D,A01,083765,Staff,2,1,30,28
1650924774222,MATH 20D,A02,083766,Staff,3,0,30,27
1650924774222,MATH 20D,A03,083767,Staff,23,0,30,7
1650924780254,MATH 20E,A01,083771,Staff,2,0,30,28
1650924780254,MATH 20E,A02,083772,Staff,13,0,30,17
1650924780254,MATH 20E,B01,083773,Staff,0,0,30,30
1650924780254,MATH 20E,B02,083774,Staff,3,0,30,27
1650924786281,MATH 103A,A01,083777,Staff,0,17,30,30
1650924786281,MATH 103A,A02,083778,Staff,0,15,30,30
1650924786281,MATH 103A,B01,083779,Staff,0,15,30,30
1650924786281,MATH 103A,B02,083780,Staff,0,14,30,30
1650924792309,MATH 105,A01,085443,Staff,0,23,30,30
1650924798340,MATH 109,A01,083213,Anzaldo; Leesa B,0,7,30,30
1650924798340,MATH 109,A02,083214,Anzaldo; Leesa B,0,7,30,30
1650924798340,MATH 109,B01,083215,Anzaldo; Leesa B,0,8,30,30
1650924798340,MATH 109,B02,083216,Anzaldo; Leesa B,0,7,30,30
1650924804366,MATH 142A,A01,083219,Chow; Bennett,0,15,30,30
1650924804366,MATH 142A,A02,083220,Chow; Bennett,0,15,30,30
1650924804366,MATH 142A,B01,083221,Chow; Bennett,0,16,30,30
1650924804366,MATH 142A,B02,083222,Chow; Bennett,0,14,30,30
1650924810395,MATH 193A,A01,083224,Staff,0,6,30,30
1650924810395,MATH 193A,A02,083225,Staff,0,7,30,30
1650924810395,MATH 193A,A03,083781,Staff,0,6,30,30
1650924810395,MATH 193A,A04,083782,Staff,0,7,30,30
1650924816422,MATH 197,001,091859,McAuley; Julian John,9998,0,9999,1
1650924822498,COGS 9,A01,083615,Staff,0,18,60,60
1650924828523,COGS 11,A01,083617,Boyle; Mary E. T.,15,0,40,25
1650924834548,COGS 13,A01,083071,Staff,0,38,40,40
1650924840573,COGS 14A,A01,092681,Staff,0,39,100,100
1650924846596,COGS 14B,A01,083073,Cheng; Tzu-Han,0,12,50,50
1650924852619,COGS 17,A01,092677,Staff,9,0,75,66
1650924858642,COGS 100,A01,083619,Staff,0,30,60,60
1650924864675,COGS 101A,A01,083621,Davis; Joshua Daniel,0,29,60,60
1650924870701,COGS 101B,A01,091572,Staff,0,5,60,60
1650924876738,COGS 101C,A01,083625,Delgado; Tania,14,0,30,16
1650924882764,COGS 107A,A01,083627,Boyle; Mary E. T.,0,16,60,60
1650924888788,COGS 118A,A01,083075,Staff,0,10,60,60
1650924894812,CSE 3,A50,083646,Miranda; Gregory Joseph,15,0,38,23
1650924894812,CSE 3,A51,083647,Miranda; Gregory Joseph,36,0,37,1
1650924900846,CSE 8A,A50,083650,Miranda; Gregory Joseph,0,31,40,40
1650924906869,CSE 11,A01,083080,Cao; Yingjun,0,98,40,40
1650924912895,CSE 12,A01,083652,Staff,0,22,100,100
1650924918921,CSE 15L,A01,083654,Staff,0,3,50,50
1650924918921,CSE 15L,A02,083655,Staff,0,3,50,50
1650924924955,CSE 20,A01,083657,Staff,48,0,80,32
1650924930981,CSE 30,A01,083084,Eldon; John,40,76,80,40
1650924937006,CSE 100,A01,083659,Cao; Yingjun,0,70,50,50
1650924943035,CSE 134B,A01,083661,Powell; Thomas Allan,0,38,65,65
1650924949059,CSE 140,A01,083663,Staff,1,13,75,74
1650924955082,CSE 140L,A01,083088,Eldon; John,25,21,100,75
1650924961110,CSE 175,A01,083665,Kumar; Rakesh,2,0,25,23
1650924967146,CSE 190,A00,092507,Dubnov; Shlomo,10,0,20,10
1650924973169,ECE 45,A01,083139,Staff,0,4,60,60
1650924979193,ECE 65,A50,083695,Staff,0,6,30,30
1650924985231,ECE 109,A01,091882,Touri; Behrouz,32,0,70,38
1650924991260,ECE 180,A00,083140,Abi Samra; Nicholas Camill,19,0,30,11
1650924991260,ECE 180,B00,083141,Abi Samra; Nicholas Camill,0,0,30,30
1650924997287,MATH 10A,A01,083735,Patchell; Gregory David,2,0,30,28
1650924997287,MATH 10A,A02,083736,Patchell; Gregory David,27,0,30,3
1650924997287,MATH 10A,A03,083737,Patchell; Gregory David,23,0,30,7
1650925003318,MATH 10B,A01,083207,Staff,0,9,30,30
1650925003318,MATH 10B,A02,083208,Staff,1,6,30,29
1650925003318,MATH 10B,B01,083739,Staff,9,0,30,21
1650925003318,MATH 10B,B02,083740,Staff,28,0,30,2
1650925009345,MATH 18,A01,083743,Staff,0,0,30,30
1650925009345,MATH 18,A02,083744,Staff,24,0,30,6
1650925009345,MATH 18,A03,083745,Staff,19,0,30,11
1650925009345,MATH 18,A04,083746,Staff,26,0,30,4
1650925009345,MATH 18,B01,083748,Staff,0,15,30,30
1650925009345,MATH 18,B02,083749,Staff,0,13,30,30
1650925009345,MATH 18,B03,083750,Staff,0,13,30,30
1650925009345,MATH 18,B04,083751,Staff,0,13,30,30
1650925015367,MATH 20A,A01,083754,Staff,19,0,40,21
1650925021412,MATH 20B,A01,083756,Staff,0,14,30,30
1650925021412,MATH 20B,A02,083757,Staff,0,11,30,30
1650925027438,MATH 20C,A01,083760,Staff,0,17,30,30
1650925027438,MATH 20C,A02,083761,Staff,1,16,30,29
1650925027438,MATH 20C,B01,083762,Staff,9,0,30,21
1650925027438,MATH 20C,B02,083763,Staff,28,0,30,2
1650925033461,MATH 20D,A01,083765,Staff,2,1,30,28
1650925033461,MATH 20D,A02,083766,Staff,3,0,30,27
1650925033461,MATH 20D,A03,083767,Staff,23,0,30,7
1650925039487,MATH 20E,A01,083771,Staff,2,0,30,28
1650925039487,MATH 20E,A02,083772,Staff,13,0,30,17
1650925039487,MATH 20E,B01,083773,Staff,0,0,30,30
1650925039487,MATH 20E,B02,083774,Staff,3,0,30,27
1650925045515,MATH 103A,A01,083777,Staff,0,17,30,30
1650925045515,MATH 103A,A02,083778,Staff,0,15,30,30
1650925045515,MATH 103A,B01,083779,Staff,0,15,30,30
1650925045515,MATH 103A,B02,083780,Staff,0,14,30,30
1650925051544,MATH 105,A01,085443,Staff,0,23,30,30
1650925057568,MATH 109,A01,083213,Anzaldo; Leesa B,0,7,30,30
1650925057568,MATH 109,A02,083214,Anzaldo; Leesa B,0,7,30,30
1650925057568,MATH 109,B01,083215,Anzaldo; Leesa B,0,8,30,30
1650925057568,MATH 109,B02,083216,Anzaldo; Leesa B,0,7,30,30
1650925063613,MATH 142A,A01,083219,Chow; Bennett,0,15,30,30
1650925063613,MATH 142A,A02,083220,Chow; Bennett,0,15,30,30
1650925063613,MATH 142A,B01,083221,Chow; Bennett,0,16,30,30
1650925063613,MATH 142A,B02,083222,Chow; Bennett,0,14,30,30
1650925069649,MATH 193A,A01,083224,Staff,0,6,30,30
1650925069649,MATH 193A,A02,083225,Staff,0,7,30,30
1650925069649,MATH 193A,A03,083781,Staff,0,6,30,30
1650925069649,MATH 193A,A04,083782,Staff,0,7,30,30
1650925075674,MATH 197,001,091859,McAuley; Julian John,9998,0,9999,1
1650925081741,COGS 9,A01,083615,Staff,0,18,60,60
1650925087767,COGS 11,A01,083617,Boyle; Mary E. T.,15,0,40,25
1650925093789,COGS 13,A01,083071,Staff,0,38,40,40
1650925099823,COGS 14A,A01,092681,Staff,0,39,100,100
1650925105847,COGS 14B,A01,083073,Cheng; Tzu-Han,0,12,50,50
1650925111870,COGS 17,A01,092677,Staff,9,0,75,66
1650925117893,COGS 100,A01,083619,Staff,0,30,60,60
1650925123917,COGS 101A,A01,083621,Davis; Joshua Daniel,0,29,60,60
1650925129940,COGS 101B,A01,091572,Staff,0,5,60,60
1650925135963,COGS 101C,A01,083625,Delgado; Tania,14,0,30,16
1650925141993,COGS 107A,A01,083627,Boyle; Mary E. T.,0,16,60,60
1650925148018,COGS 118A,A01,083075,Staff,0,10,60,60
1650925154040,CSE 3,A50,083646,Miranda; Gregory Joseph,15,0,38,23
1650925154040,CSE 3,A51,083647,Miranda; Gregory Joseph,36,0,37,1
1650925160067,CSE 8A,A50,083650,Miranda; Gregory Joseph,0,31,40,40
1650925166096,CSE 11,A01,083080,Cao; Yingjun,0,98,40,40
1650925172127,CSE 12,A01,083652,Staff,0,22,100,100
1650925178150,CSE 15L,A01,083654,Staff,0,3,50,50
1650925178150,CSE 15L,A02,083655,Staff,0,3,50,50
1650925184183,CSE 20,A01,083657,Staff,48,0,80,32
1650925190207,CSE 30,A01,083084,Eldon; John,40,77,80,40
1650925196235,CSE 100,A01,083659,Cao; Yingjun,0,70,50,50
1650925202261,CSE 134B,A01,083661,Powell; Thomas Allan,0,38,65,65
1650925208295,CSE 140,A01,083663,Staff,1,13,75,74
1650925214337,CSE 140L,A01,083088,Eldon; John,25,21,100,75
1650925220358,CSE 175,A01,083665,Kumar; Rakesh,2,0,25,23
1650925226379,CSE 190,A00,092507,Dubnov; Shlomo,10,0,20,10
1650925232401,ECE 45,A01,083139,Staff,0,4,60,60
1650925238423,ECE 65,A50,083695,Staff,0,6,30,30
1650925244450,ECE 109,A01,091882,Touri; Behrouz,32,0,70,38
1650925250472,ECE 180,A00,083140,Abi Samra; Nicholas Camill,19,0,30,11
1650925250472,ECE 180,B00,083141,Abi Samra; Nicholas Camill,0,0,30,30
1650925256501,MATH 10A,A01,083735,Patchell; Gregory David,2,0,30,28
1650925256501,MATH 10A,A02,083736,Patchell; Gregory David,27,0,30,3
1650925256501,MATH 10A,A03,083737,Patchell; Gregory David,23,0,30,7
1650925262537,MATH 10B,A01,083207,Staff,0,9,30,30
1650925262537,MATH 10B,A02,083208,Staff,1,6,30,29
1650925262537,MATH 10B,B01,083739,Staff,9,0,30,21
1650925262537,MATH 10B,B02,083740,Staff,28,0,30,2
1650925268658,MATH 18,A01,083743,Staff,0,0,30,30
1650925268658,MATH 18,A02,083744,Staff,24,0,30,6
1650925268658,MATH 18,A03,083745,Staff,19,0,30,11
1650925268658,MATH 18,A04,083746,Staff,26,0,30,4
1650925268658,MATH 18,B01,083748,Staff,0,15,30,30
1650925268658,MATH 18,B02,083749,Staff,0,13,30,30
1650925268658,MATH 18,B03,083750,Staff,0,13,30,30
1650925268658,MATH 18,B04,083751,Staff,0,13,30,30
1650925274699,MATH 20A,A01,083754,Staff,19,0,40,21
1650925280722,MATH 20B,A01,083756,Staff,0,14,30,30
1650925280722,MATH 20B,A02,083757,Staff,0,11,30,30
1650925286745,MATH 20C,A01,083760,Staff,0,17,30,30
1650925286745,MATH 20C,A02,083761,Staff,1,16,30,29
1650925286745,MATH 20C,B01,083762,Staff,9,0,30,21
1650925286745,MATH 20C,B02,083763,Staff,28,0,30,2
1650925292778,MATH 20D,A01,083765,Staff,2,1,30,28
1650925292778,MATH 20D,A02,083766,Staff,3,0,30,27
1650925292778,MATH 20D,A03,083767,Staff,23,0,30,7
1650925298802,MATH 20E,A01,083771,Staff,2,0,30,28
1650925298802,MATH 20E,A02,083772,Staff,13,0,30,17
1650925298802,MATH 20E,B01,083773,Staff,0,0,30,30
1650925298802,MATH 20E,B02,083774,Staff,3,0,30,27
1650925304830,MATH 103A,A01,083777,Staff,0,17,30,30
1650925304830,MATH 103A,A02,083778,Staff,0,15,30,30
1650925304830,MATH 103A,B01,083779,Staff,0,15,30,30
1650925304830,MATH 103A,B02,083780,Staff,0,14,30,30
1650925310853,MATH 105,A01,085443,Staff,0,23,30,30
1650925316874,MATH 109,A01,083213,Anzaldo; Leesa B,0,7,30,30
1650925316874,MATH 109,A02,083214,Anzaldo; Leesa B,0,7,30,30
1650925316874,MATH 109,B01,083215,Anzaldo; Leesa B,0,8,30,30
1650925316874,MATH 109,B02,083216,Anzaldo; Leesa B,0,7,30,30
1650925322913,MATH 142A,A01,083219,Chow; Bennett,0,15,30,30
1650925322913,MATH 142A,A02,083220,Chow; Bennett,0,15,30,30
1650925322913,MATH 142A,B01,083221,Chow; Bennett,0,16,30,30
1650925322913,MATH 142A,B02,083222,Chow; Bennett,0,14,30,30
1650925328946,MATH 193A,A01,083224,Staff,0,6,30,30
1650925328946,MATH 193A,A02,083225,Staff,0,7,30,30
1650925328946,MATH 193A,A03,083781,Staff,0,6,30,30
1650925328946,MATH 193A,A04,083782,Staff,0,7,30,30
1650925334972,MATH 197,001,091859,McAuley; Julian John,9998,0,9999,1
1650925341031,COGS 9,A01,083615,Staff,0,18,60,60
1650925347058,COGS 11,A01,083617,Boyle; Mary E. T.,15,0,40,25
1650925353084,COGS 13,A01,083071,Staff,0,38,40,40
1650925359110,COGS 14A,A01,092681,Staff,0,39,100,100
1650925365132,COGS 14B,A01,083073,Cheng; Tzu-Han,0,12,50,50
1650925371155,COGS 17,A01,092677,Staff,9,0,75,66
1650925377198,COGS 100,A01,083619,Staff,0,30,60,60
1650925383226,COGS 101A,A01,083621,Davis; Joshua Daniel,0,29,60,60
1650925389253,COGS 101B,A01,091572,Staff,0,5,60,60
1650925395290,COGS 101C,A01,083625,Delgado; Tania,14,0,30,16
1650925401318,COGS 107A,A01,083627,Boyle; Mary E. T.,0,16,60,60
1650925407349,COGS 118A,A01,083075,Staff,0,10,60,60
1650925413379,CSE 3,A50,083646,Miranda; Gregory Joseph,15,0,38,23
1650925413379,CSE 3,A51,083647,Miranda; Gregory Joseph,36,0,37,1
1650925419404,CSE 8A,A50,083650,Miranda; Gregory Joseph,0,31,40,40
1650925425429,CSE 11,A01,083080,Cao; Yingjun,0,98,40,40
1650925431452,CSE 12,A01,083652,Staff,0,22,100,100
1650925437477,CSE 15L,A01,083654,Staff,0,3,50,50
1650925437477,CSE 15L,A02,083655,Staff,0,3,50,50
1650925443498,CSE 20,A01,083657,Staff,48,0,80,32
1650925449529,CSE 30,A01,083084,Eldon; John,40,77,80,40
1650925455552,CSE 100,A01,083659,Cao; Yingjun,0,70,50,50
1650925461582,CSE 134B,A01,083661,Powell; Thomas Allan,0,38,65,65
1650925467606,CSE 140,A01,083663,Staff,1,13,75,74
1650925473632,CSE 140L,A01,083088,Eldon; John,25,21,100,75
1650925479655,CSE 175,A01,083665,Kumar; Rakesh,2,0,25,23
1650925485678,CSE 190,A00,092507,Dubnov; Shlomo,10,0,20,10
1650925491704,ECE 45,A01,083139,Staff,0,4,60,60
1650925497727,ECE 65,A50,083695,Staff,0,6,30,30
1650925503753,ECE 109,A01,091882,Touri; Behrouz,32,0,70,38
1650925509775,ECE 180,A00,083140,Abi Samra; Nicholas Camill,19,0,30,11
1650925509775,ECE 180,B00,083141,Abi Samra; Nicholas Camill,0,0,30,30
1650925515817,MATH 10A,A01,083735,Patchell; Gregory David,2,0,30,28
1650925515817,MATH 10A,A02,083736,Patchell; Gregory David,27,0,30,3
1650925515817,MATH 10A,A03,083737,Patchell; Gregory David,23,0,30,7
1650925521841,MATH 10B,A01,083207,Staff,0,9,30,30
1650925521841,MATH 10B,A02,083208,Staff,1,6,30,29
1650925521841,MATH 10B,B01,083739,Staff,9,0,30,21
1650925521841,MATH 10B,B02,083740,Staff,28,0,30,2
1650925527871,MATH 18,A01,083743,Staff,0,0,30,30
1650925527871,MATH 18,A02,083744,Staff,24,0,30,6
1650925527871,MATH 18,A03,083745,Staff,19,0,30,11
1650925527871,MATH 18,A04,083746,Staff,26,0,30,4
1650925527871,MATH 18,B01,083748,Staff,0,15,30,30
1650925527871,MATH 18,B02,083749,Staff,0,13,30,30
1650925527871,MATH 18,B03,083750,Staff,0,13,30,30
1650925527871,MATH 18,B04,083751,Staff,0,13,30,30
1650925533896,MATH 20A,A01,083754,Staff,19,0,40,21
1650925539917,MATH 20B,A01,083756,Staff,0,14,30,30
1650925539917,MATH 20B,A02,083757,Staff,0,11,30,30
1650925545939,MATH 20C,A01,083760,Staff,0,17,30,30
1650925545939,MATH 20C,A02,083761,Staff,1,16,30,29
1650925545939,MATH 20C,B01,083762,Staff,9,0,30,21
1650925545939,MATH 20C,B02,083763,Staff,28,0,30,2
1650925551966,MATH 20D,A01,083765,Staff,2,1,30,28
1650925551966,MATH 20D,A02,083766,Staff,3,0,30,27
1650925551966,MATH 20D,A03,083767,Staff,23,0,30,7
1650925558003,MATH 20E,A01,083771,Staff,2,0,30,28
1650925558003,MATH 20E,A02,083772,Staff,13,0,30,17
1650925558003,MATH 20E,B01,083773,Staff,0,0,30,30
1650925558003,MATH 20E,B02,083774,Staff,2,0,30,28
1650925564026,MATH 103A,A01,083777,Staff,0,17,30,30
1650925564026,MATH 103A,A02,083778,Staff,0,15,30,30
1650925564026,MATH 103A,B01,083779,Staff,0,15,30,30
1650925564026,MATH 103A,B02,083780,Staff,0,14,30,30
1650925570058,MATH 105,A01,085443,Staff,0,23,30,30
1650925576083,MATH 109,A01,083213,Anzaldo; Leesa B,0,7,30,30
1650925576083,MATH 109,A02,083214,Anzaldo; Leesa B,0,7,30,30
1650925576083,MATH 109,B01,083215,Anzaldo; Leesa B,0,8,30,30
1650925576083,MATH 109,B02,083216,Anzaldo; Leesa B,0,7,30,30
1650925582105,MATH 142A,A01,083219,Chow; Bennett,0,15,30,30
1650925582105,MATH 142A,A02,083220,Chow; Bennett,0,15,30,30
1650925582105,MATH 142A,B01,083221,Chow; Bennett,0,16,30,30
1650925582105,MATH 142A,B02,083222,Chow; Bennett,0,14,30,30
1650925588128,MATH 193A,A01,083224,Staff,0,6,30,30
1650925588128,MATH 193A,A02,083225,Staff,0,7,30,30
1650925588128,MATH 193A,A03,083781,Staff,0,6,30,30
1650925588128,MATH 193A,A04,083782,Staff,0,7,30,30
1650925594154,MATH 197,001,091859,McAuley; Julian John,9998,0,9999,1
1650925600202,COGS 9,A01,083615,Staff,0,18,60,60
1650925606226,COGS 11,A01,083617,Boyle; Mary E. T.,15,0,40,25
1650925612248,COGS 13,A01,083071,Staff,0,38,40,40
1650925618271,COGS 14A,A01,092681,Staff,0,39,100,100
1650925624296,COGS 14B,A01,083073,Cheng; Tzu-Han,0,12,50,50
1650925630321,COGS 17,A01,092677,Staff,9,0,75,66
1650925636348,COGS 100,A01,083619,Staff,0,30,60,60
1650925642371,COGS 101A,A01,083621,Davis; Joshua Daniel,0,29,60,60
1650925648412,COGS 101B,A01,091572,Staff,0,5,60,60
1650925654449,COGS 101C,A01,083625,Delgado; Tania,14,0,30,16
1650925660475,COGS 107A,A01,083627,Boyle; Mary E. T.,0,16,60,60
1650925666498,COGS 118A,A01,083075,Staff,0,10,60,60
1650925672533,CSE 3,A50,083646,Miranda; Gregory Joseph,15,0,38,23
1650925672533,CSE 3,A51,083647,Miranda; Gregory Joseph,36,0,37,1
1650925678558,CSE 8A,A50,083650,Miranda; Gregory Joseph,0,31,40,40
1650925684589,CSE 11,A01,083080,Cao; Yingjun,0,98,40,40
1650925690612,CSE 12,A01,083652,Staff,0,23,100,100
1650925696639,CSE 15L,A01,083654,Staff,0,3,50,50
1650925696639,CSE 15L,A02,083655,Staff,0,3,50,50
1650925702661,CSE 20,A01,083657,Staff,48,0,80,32
1650925708684,CSE 30,A01,083084,Eldon; John,40,77,80,40
1650925714709,CSE 100,A01,083659,Cao; Yingjun,0,70,50,50
1650925720732,CSE 134B,A01,083661,Powell; Thomas Allan,0,38,65,65
1650925726760,CSE 140,A01,083663,Staff,1,13,75,74
1650925732782,CSE 140L,A01,083088,Eldon; John,25,21,100,75
1650925738812,CSE 175,A01,083665,Kumar; Rakesh,2,0,25,23
1650925744836,CSE 190,A00,092507,Dubnov; Shlomo,10,0,20,10
1650925750857,ECE 45,A01,083139,Staff,0,4,60,60
1650925756885,ECE 65,A50,083695,Staff,0,6,30,30
1650925762908,ECE 109,A01,091882,Touri; Behrouz,32,0,70,38
1650925768932,ECE 180,A00,083140,Abi Samra; Nicholas Camill,19,0,30,11
1650925768932,ECE 180,B00,083141,Abi Samra; Nicholas Camill,0,0,30,30
1650925774961,MATH 10A,A01,083735,Patchell; Gregory David,2,0,30,28
1650925774961,MATH 10A,A02,083736,Patchell; Gregory David,27,0,30,3
1650925774961,MATH 10A,A03,083737,Patchell; Gregory David,23,0,30,7
1650925780987,MATH 10B,A01,083207,Staff,0,9,30,30
1650925780987,MATH 10B,A02,083208,Staff,1,6,30,29
1650925780987,MATH 10B,B01,083739,Staff,9,0,30,21
1650925780987,MATH 10B,B02,083740,Staff,28,0,30,2
1650925787019,MATH 18,A01,083743,Staff,0,0,30,30
1650925787019,MATH 18,A02,083744,Staff,24,0,30,6
1650925787019,MATH 18,A03,083745,Staff,19,0,30,11
1650925787019,MATH 18,A04,083746,Staff,26,0,30,4
1650925787019,MATH 18,B01,083748,Staff,0,15,30,30
1650925787019,MATH 18,B02,083749,Staff,0,13,30,30
1650925787019,MATH 18,B03,083750,Staff,0,13,30,30
1650925787019,MATH 18,B04,083751,Staff,0,13,30,30
1650925793040,MATH 20A,A01,083754,Staff,19,0,40,21
1650925799066,MATH 20B,A01,083756,Staff,0,14,30,30
1650925799066,MATH 20B,A02,083757,Staff,0,11,30,30
1650925805097,MATH 20C,A01,083760,Staff,0,17,30,30
1650925805097,MATH 20C,A02,083761,Staff,1,16,30,29
1650925805097,MATH 20C,B01,083762,Staff,9,0,30,21
1650925805097,MATH 20C,B02,083763,Staff,28,0,30,2
1650925811132,MATH 20D,A01,083765,Staff,2,1,30,28
1650925811132,MATH 20D,A02,083766,Staff,3,0,30,27
1650925811132,MATH 20D,A03,083767,Staff,23,0,30,7
1650925817157,MATH 20E,A01,083771,Staff,2,0,30,28
1650925817157,MATH 20E,A02,083772,Staff,13,0,30,17
1650925817157,MATH 20E,B01,083773,Staff,0,0,30,30
1650925817157,MATH 20E,B02,083774,Staff,2,0,30,28
1650925823180,MATH 103A,A01,083777,Staff,0,17,30,30
1650925823180,MATH 103A,A02,083778,Staff,0,15,30,30
1650925823180,MATH 103A,B01,083779,Staff,0,15,30,30
1650925823180,MATH 103A,B02,083780,Staff,0,14,30,30
1650925829221,MATH 105,A01,085443,Staff,0,23,30,30
1650925835245,MATH 109,A01,083213,Anzaldo; Leesa B,0,7,30,30
1650925835245,MATH 109,A02,083214,Anzaldo; Leesa B,0,7,30,30
1650925835245,MATH 109,B01,083215,Anzaldo; Leesa B,0,8,30,30
1650925835245,MATH 109,B02,083216,Anzaldo; Leesa B,0,7,30,30
1650925841268,MATH 142A,A01,083219,Chow; Bennett,0,14,30,30
1650925841268,MATH 142A,A02,083220,Chow; Bennett,0,15,30,30
1650925841268,MATH 142A,B01,083221,Chow; Bennett,0,16,30,30
1650925841268,MATH 142A,B02,083222,Chow; Bennett,0,14,30,30
1650925847291,MATH 193A,A01,083224,Staff,0,6,30,30
1650925847291,MATH 193A,A02,083225,Staff,0,7,30,30
1650925847291,MATH 193A,A03,083781,Staff,0,6,30,30
1650925847291,MATH 193A,A04,083782,Staff,0,7,30,30
1650925853320,MATH 197,001,091859,McAuley; Julian John,9998,0,9999,1
1650925859473,COGS 9,A01,083615,Staff,0,18,60,60
1650925865502,COGS 11,A01,083617,Boyle; Mary E. T.,15,0,40,25
1650925871597,COGS 13,A01,083071,Staff,0,38,40,40
1650925877622,COGS 14A,A01,092681,Staff,0,39,100,100
1650925883650,COGS 14B,A01,083073,Cheng; Tzu-Han,0,12,50,50
1650925889680,COGS 17,A01,092677,Staff,9,0,75,66
1650925895704,COGS 100,A01,083619,Staff,0,30,60,60
1650925901732,COGS 101A,A01,083621,Davis; Joshua Daniel,0,29,60,60
1650925907759,COGS 101B,A01,091572,Staff,0,5,60,60
1650925913781,COGS 101C,A01,083625,Delgado; Tania,14,0,30,16
1650925919803,COGS 107A,A01,083627,Boyle; Mary E. T.,0,16,60,60
1650925925832,COGS 118A,A01,083075,Staff,0,10,60,60
1650925931863,CSE 3,A50,083646,Miranda; Gregory Joseph,15,0,38,23
1650925931863,CSE 3,A51,083647,Miranda; Gregory Joseph,36,0,37,1
1650925937887,CSE 8A,A50,083650,Miranda; Gregory Joseph,0,31,40,40
1650925943913,CSE 11,A01,083080,Cao; Yingjun,0,98,40,40
1650925949942,CSE 12,A01,083652,Staff,0,23,100,100
1650925955980,CSE 15L,A01,083654,Staff,0,3,50,50
1650925955980,CSE 15L,A02,083655,Staff,0,3,50,50
1650925962002,CSE 20,A01,083657,Staff,48,0,80,32
1650925968029,CSE 30,A01,083084,Eldon; John,40,77,80,40
1650925974058,CSE 100,A01,083659,Cao; Yingjun,0,70,50,50
1650925980087,CSE 134B,A01,083661,Powell; Thomas Allan,0,38,65,65
1650925986108,CSE 140,A01,083663,Staff,1,13,75,74
1650925992133,CSE 140L,A01,083088,Eldon; John,25,21,100,75
1650925998154,CSE 175,A01,083665,Kumar; Rakesh,2,0,25,23
1650926004181,CSE 190,A00,092507,Dubnov; Shlomo,10,0,20,10
1650926010206,ECE 45,A01,083139,Staff,0,4,60,60
1650926016231,ECE 65,A50,083695,Staff,0,6,30,30
1650926022265,ECE 109,A01,091882,Touri; Behrouz,32,0,70,38
1650926028291,ECE 180,A00,083140,Abi Samra; Nicholas Camill,19,0,30,11
1650926028291,ECE 180,B00,083141,Abi Samra; Nicholas Camill,0,0,30,30
1650926034320,MATH 10A,A01,083735,Patchell; Gregory David,2,0,30,28
1650926034320,MATH 10A,A02,083736,Patchell; Gregory David,27,0,30,3
1650926034320,MATH 10A,A03,083737,Patchell; Gregory David,23,0,30,7
1650926040348,MATH 10B,A01,083207,Staff,0,9,30,30
1650926040348,MATH 10B,A02,083208,Staff,1,6,30,29
1650926040348,MATH 10B,B01,083739,Staff,9,0,30,21
1650926040348,MATH 10B,B02,083740,Staff,28,0,30,2
1650926046375,MATH 18,A01,083743,Staff,0,0,30,30
1650926046375,MATH 18,A02,083744,Staff,24,0,30,6
1650926046375,MATH 18,A03,083745,Staff,19,0,30,11
1650926046375,MATH 18,A04,083746,Staff,26,0,30,4
1650926046375,MATH 18,B01,083748,Staff,0,15,30,30
1650926046375,MATH 18,B02,083749,Staff,0,13,30,30
1650926046375,MATH 18,B03,083750,Staff,0,13,30,30
1650926046375,MATH 18,B04,083751,Staff,0,13,30,30
1650926052398,MATH 20A,A01,083754,Staff,19,0,40,21
1650926058421,MATH 20B,A01,083756,Staff,0,14,30,30
1650926058421,MATH 20B,A02,083757,Staff,0,11,30,30
1650926064442,MATH 20C,A01,083760,Staff,0,17,30,30
1650926064442,MATH 20C,A02,083761,Staff,1,16,30,29
1650926064442,MATH 20C,B01,083762,Staff,9,0,30,21
1650926064442,MATH 20C,B02,083763,Staff,28,0,30,2
1650926070467,MATH 20D,A01,083765,Staff,2,1,30,28
1650926070467,MATH 20D,A02,083766,Staff,3,0,30,27
1650926070467,MATH 20D,A03,083767,Staff,23,0,30,7
1650926076501,MATH 20E,A01,083771,Staff,2,0,30,28
1650926076501,MATH 20E,A02,083772,Staff,13,0,30,17
1650926076501,MATH 20E,B01,083773,Staff,0,0,30,30
1650926076501,MATH 20E,B02,083774,Staff,2,0,30,28
1650926082525,MATH 103A,A01,083777,Staff,0,17,30,30
1650926082525,MATH 103A,A02,083778,Staff,0,15,30,30
1650926082525,MATH 103A,B01,083779,Staff,0,15,30,30
1650926082525,MATH 103A,B02,083780,Staff,0,14,30,30
1650926088550,MATH 105,A01,085443,Staff,0,23,30,30
1650926094576,MATH 109,A01,083213,Anzaldo; Leesa B,0,7,30,30
1650926094576,MATH 109,A02,083214,Anzaldo; Leesa B,0,7,30,30
1650926094576,MATH 109,B01,083215,Anzaldo; Leesa B,0,8,30,30
1650926094576,MATH 109,B02,083216,Anzaldo; Leesa B,0,7,30,30
1650926100608,MATH 142A,A01,083219,Chow; Bennett,0,14,30,30
1650926100608,MATH 142A,A02,083220,Chow; Bennett,0,15,30,30
1650926100608,MATH 142A,B01,083221,Chow; Bennett,0,16,30,30
1650926100608,MATH 142A,B02,083222,Chow; Bennett,0,14,30,30
1650926106633,MATH 193A,A01,083224,Staff,0,6,30,30
1650926106633,MATH 193A,A02,083225,Staff,0,7,30,30
1650926106633,MATH 193A,A03,083781,Staff,0,6,30,30
1650926106633,MATH 193A,A04,083782,Staff,0,7,30,30
1650926112660,MATH 197,001,091859,McAuley; Julian John,9998,0,9999,1
1650926118710,COGS 9,A01,083615,Staff,0,18,60,60
1650926124734,COGS 11,A01,083617,Boyle; Mary E. T.,15,0,40,25
1650926130758,COGS 13,A01,083071,Staff,0,38,40,40
1650926136783,COGS 14A,A01,092681,Staff,0,39,100,100
1650926142818,COGS 14B,A01,083073,Cheng; Tzu-Han,0,12,50,50
1650926148843,COGS 17,A01,092677,Staff,9,0,75,66
1650926154866,COGS 100,A01,083619,Staff,0,30,60,60
1650926160901,COGS 101A,A01,083621,Davis; Joshua Daniel,0,29,60,60
1650926166923,COGS 101B,A01,091572,Staff,0,5,60,60
1650926172949,COGS 101C,A01,083625,Delgado; Tania,14,0,30,16
1650926178975,COGS 107A,A01,083627,Boyle; Mary E. T.,0,16,60,60
1650926185000,COGS 118A,A01,083075,Staff,0,10,60,60
1650926191024,CSE 3,A50,083646,Miranda; Gregory Joseph,15,0,38,23
1650926191024,CSE 3,A51,083647,Miranda; Gregory Joseph,36,0,37,1
1650926197051,CSE 8A,A50,083650,Miranda; Gregory Joseph,0,31,40,40
1650926203080,CSE 11,A01,083080,Cao; Yingjun,0,98,40,40
1650926209114,CSE 12,A01,083652,Staff,0,23,100,100
1650926215137,CSE 15L,A01,083654,Staff,0,3,50,50
1650926215137,CSE 15L,A02,083655,Staff,0,3,50,50
1650926221165,CSE 20,A01,083657,Staff,48,0,80,32
1650926227189,CSE 30,A01,083084,Eldon; John,40,77,80,40
1650926233212,CSE 100,A01,083659,Cao; Yingjun,0,70,50,50
1650926239238,CSE 134B,A01,083661,Powell; Thomas Allan,0,38,65,65
1650926245264,CSE 140,A01,083663,Staff,1,13,75,74
1650926251297,CSE 140L,A01,083088,Eldon; John,25,21,100,75
1650926257330,CSE 175,A01,083665,Kumar; Rakesh,2,0,25,23
1650926263357,CSE 190,A00,092507,Dubnov; Shlomo,10,0,20,10
1650926269395,ECE 45,A01,083139,Staff,0,4,60,60
1650926275417,ECE 65,A50,083695,Staff,0,6,30,30
1650926281444,ECE 109,A01,091882,Touri; Behrouz,32,0,70,38
1650926287468,ECE 180,A00,083140,Abi Samra; Nicholas Camill,19,0,30,11
1650926287468,ECE 180,B00,083141,Abi Samra; Nicholas Camill,0,0,30,30
1650926293495,MATH 10A,A01,083735,Patchell; Gregory David,2,0,30,28
1650926293495,MATH 10A,A02,083736,Patchell; Gregory David,27,0,30,3
1650926293495,MATH 10A,A03,083737,Patchell; Gregory David,23,0,30,7
1650926299519,MATH 10B,A01,083207,Staff,0,9,30,30
1650926299519,MATH 10B,A02,083208,Staff,1,6,30,29
1650926299519,MATH 10B,B01,083739,Staff,9,0,30,21
1650926299519,MATH 10B,B02,083740,Staff,28,0,30,2
1650926305560,MATH 18,A01,083743,Staff,0,0,30,30
1650926305560,MATH 18,A02,083744,Staff,24,0,30,6
1650926305560,MATH 18,A03,083745,Staff,19,0,30,11
1650926305560,MATH 18,A04,083746,Staff,26,0,30,4
1650926305560,MATH 18,B01,083748,Staff,0,15,30,30
1650926305560,MATH 18,B02,083749,Staff,0,13,30,30
1650926305560,MATH 18,B03,083750,Staff,0,13,30,30
1650926305560,MATH 18,B04,083751,Staff,0,13,30,30
1650926311584,MATH 20A,A01,083754,Staff,19,0,40,21
1650926317610,MATH 20B,A01,083756,Staff,0,14,30,30
1650926317610,MATH 20B,A02,083757,Staff,0,11,30,30
1650926323638,MATH 20C,A01,083760,Staff,0,17,30,30
1650926323638,MATH 20C,A02,083761,Staff,1,16,30,29
1650926323638,MATH 20C,B01,083762,Staff,9,0,30,21
1650926323638,MATH 20C,B02,083763,Staff,28,0,30,2
1650926329664,MATH 20D,A01,083765,Staff,2,1,30,28
1650926329664,MATH 20D,A02,083766,Staff,3,0,30,27
1650926329664,MATH 20D,A03,083767,Staff,23,0,30,7
1650926335687,MATH 20E,A01,083771,Staff,2,0,30,28
1650926335687,MATH 20E,A02,083772,Staff,13,0,30,17
1650926335687,MATH 20E,B01,083773,Staff,0,0,30,30
1650926335687,MATH 20E,B02,083774,Staff,2,0,30,28
1650926341731,MATH 103A,A01,083777,Staff,0,17,30,30
1650926341731,MATH 103A,A02,083778,Staff,0,15,30,30
1650926341731,MATH 103A,B01,083779,Staff,0,15,30,30
1650926341731,MATH 103A,B02,083780,Staff,0,14,30,30
1650926347761,MATH 105,A01,085443,Staff,0,23,30,30
1650926353785,MATH 109,A01,083213,Anzaldo; Leesa B,0,7,30,30
1650926353785,MATH 109,A02,083214,Anzaldo; Leesa B,0,7,30,30
1650926353785,MATH 109,B01,083215,Anzaldo; Leesa B,0,8,30,30
1650926353785,MATH 109,B02,083216,Anzaldo; Leesa B,0,7,30,30
1650926359808,MATH 142A,A01,083219,Chow; Bennett,0,14,30,30
1650926359808,MATH 142A,A02,083220,Chow; Bennett,0,15,30,30
1650926359808,MATH 142A,B01,083221,Chow; Bennett,0,16,30,30
1650926359808,MATH 142A,B02,083222,Chow; Bennett,0,14,30,30
1650926365832,MATH 193A,A01,083224,Staff,0,6,30,30
1650926365832,MATH 193A,A02,083225,Staff,0,7,30,30
1650926365832,MATH 193A,A03,083781,Staff,0,6,30,30
1650926365832,MATH 193A,A04,083782,Staff,0,7,30,30
1650926371863,MATH 197,001,091859,McAuley; Julian John,9998,0,9999,1
1650926377912,COGS 9,A01,083615,Staff,0,18,60,60
1650926383938,COGS 11,A01,083617,Boyle; Mary E. T.,15,0,40,25
1650926389961,COGS 13,A01,083071,Staff,0,38,40,40
1650926395988,COGS 14A,A01,092681,Staff,0,39,100,100
1650926402014,COGS 14B,A01,083073,Cheng; Tzu-Han,0,12,50,50
1650926408045,COGS 17,A01,092677,Staff,9,0,75,66
1650926414070,COGS 100,A01,083619,Staff,0,30,60,60
1650926420096,COGS 101A,A01,083621,Davis; Joshua Daniel,0,29,60,60
1650926426124,COGS 101B,A01,091572,Staff,0,5,60,60
1650926432163,COGS 101C,A01,083625,Delgado; Tania,14,0,30,16
1650926438186,COGS 107A,A01,083627,Boyle; Mary E. T.,0,16,60,60
1650926444212,COGS 118A,A01,083075,Staff,0,10,60,60
1650926450247,CSE 3,A50,083646,Miranda; Gregory Joseph,15,0,38,23
1650926450247,CSE 3,A51,083647,Miranda; Gregory Joseph,36,0,37,1
1650926456368,CSE 8A,A50,083650,Miranda; Gregory Joseph,0,31,40,40
1650926462394,CSE 11,A01,083080,Cao; Yingjun,0,98,40,40
1650926468418,CSE 12,A01,083652,Staff,0,23,100,100
1650926474440,CSE 15L,A01,083654,Staff,0,3,50,50
1650926474440,CSE 15L,A02,083655,Staff,0,3,50,50
1650926480465,CSE 20,A01,083657,Staff,48,0,80,32
1650926486494,CSE 30,A01,083084,Eldon; John,40,77,80,40
1650926492518,CSE 100,A01,083659,Cao; Yingjun,0,70,50,50
1650926498542,CSE 134B,A01,083661,Powell; Thomas Allan,0,38,65,65
1650926504568,CSE 140,A01,083663,Staff,1,13,75,74
1650926510590,CSE 140L,A01,083088,Eldon; John,25,21,100,75
1650926516616,CSE 175,A01,083665,Kumar; Rakesh,2,0,25,23
1650926522638,CSE 190,A00,092507,Dubnov; Shlomo,10,0,20,10
1650926528663,ECE 45,A01,083139,Staff,0,4,60,60
1650926534689,ECE 65,A50,083695,Staff,0,6,30,30
1650926540711,ECE 109,A01,091882,Touri; Behrouz,32,0,70,38
1650926546740,ECE 180,A00,083140,Abi Samra; Nicholas Camill,19,0,30,11
1650926546740,ECE 180,B00,083141,Abi Samra; Nicholas Camill,0,0,30,30
1650926552763,MATH 10A,A01,083735,Patchell; Gregory David,2,0,30,28
1650926552763,MATH 10A,A02,083736,Patchell; Gregory David,27,0,30,3
1650926552763,MATH 10A,A03,083737,Patchell; Gregory David,23,0,30,7
1650926558789,MATH 10B,A01,083207,Staff,0,9,30,30
1650926558789,MATH 10B,A02,083208,Staff,1,6,30,29
1650926558789,MATH 10B,B01,083739,Staff,9,0,30,21
1650926558789,MATH 10B,B02,083740,Staff,28,0,30,2
1650926564818,MATH 18,A01,083743,Staff,0,0,30,30
1650926564818,MATH 18,A02,083744,Staff,24,0,30,6
1650926564818,MATH 18,A03,083745,Staff,19,0,30,11
1650926564818,MATH 18,A04,083746,Staff,26,0,30,4
1650926564818,MATH 18,B01,083748,Staff,0,15,30,30
1650926564818,MATH 18,B02,083749,Staff,0,13,30,30
1650926564818,MATH 18,B03,083750,Staff,0,13,30,30
1650926564818,MATH 18,B04,083751,Staff,0,13,30,30
1650926570842,MATH 20A,A01,083754,Staff,19,0,40,21
1650926576865,MATH 20B,A01,083756,Staff,0,14,30,30
1650926576865,MATH 20B,A02,083757,Staff,0,11,30,30
1650926582898,MATH 20C,A01,083760,Staff,0,17,30,30
1650926582898,MATH 20C,A02,083761,Staff,1,16,30,29
1650926582898,MATH 20C,B01,083762,Staff,9,0,30,21
1650926582898,MATH 20C,B02,083763,Staff,28,0,30,2
1650926588936,MATH 20D,A01,083765,Staff,2,1,30,28
1650926588936,MATH 20D,A02,083766,Staff,3,0,30,27
1650926588936,MATH 20D,A03,083767,Staff,23,0,30,7
1650926594961,MATH 20E,A01,083771,Staff,2,0,30,28
1650926594961,MATH 20E,A02,083772,Staff,13,0,30,17
1650926594961,MATH 20E,B01,083773,Staff,0,0,30,30
1650926594961,MATH 20E,B02,083774,Staff,2,0,30,28
1650926600984,MATH 103A,A01,083777,Staff,0,17,30,30
1650926600984,MATH 103A,A02,083778,Staff,0,15,30,30
1650926600984,MATH 103A,B01,083779,Staff,0,15,30,30
1650926600984,MATH 103A,B02,083780,Staff,0,14,30,30
1650926607013,MATH 105,A01,085443,Staff,0,23,30,30
1650926613039,MATH 109,A01,083213,Anzaldo; Leesa B,0,7,30,30
1650926613039,MATH 109,A02,083214,Anzaldo; Leesa B,0,7,30,30
1650926613039,MATH 109,B01,083215,Anzaldo; Leesa B,0,8,30,30
1650926613039,MATH 109,B02,083216,Anzaldo; Leesa B,0,7,30,30
1650926619062,MATH 142A,A01,083219,Chow; Bennett,0,14,30,30
1650926619062,MATH 142A,A02,083220,Chow; Bennett,0,15,30,30
1650926619062,MATH 142A,B01,083221,Chow; Bennett,0,16,30,30
1650926619062,MATH 142A,B02,083222,Chow; Bennett,0,14,30,30
1650926625097,MATH 193A,A01,083224,Staff,0,6,30,30
1650926625097,MATH 193A,A02,083225,Staff,0,7,30,30
1650926625097,MATH 193A,A03,083781,Staff,0,6,30,30
1650926625097,MATH 193A,A04,083782,Staff,0,7,30,30
1650926631126,MATH 197,001,091859,McAuley; Julian John,9998,0,9999,1
1650926637220,COGS 9,A01,083615,Staff,0,18,60,60
1650926643245,COGS 11,A01,083617,Boyle; Mary E. T.,15,0,40,25
1650926649273,COGS 13,A01,083071,Staff,0,38,40,40
1650926655295,COGS 14A,A01,092681,Staff,0,39,100,100
1650926661322,COGS 14B,A01,083073,Cheng; Tzu-Han,0,12,50,50
1650926667343,COGS 17,A01,092677,Staff,9,0,75,66
1650926673365,COGS 100,A01,083619,Staff,0,30,60,60
1650926679388,COGS 101A,A01,083621,Davis; Joshua Daniel,0,29,60,60
1650926685418,COGS 101B,A01,091572,Staff,0,5,60,60
1650926691440,COGS 101C,A01,083625,Delgado; Tania,14,0,30,16
1650926697467,COGS 107A,A01,083627,Boyle; Mary E. T.,0,16,60,60
1650926703512,COGS 118A,A01,083075,Staff,0,10,60,60
1650926709547,CSE 3,A50,083646,Miranda; Gregory Joseph,15,0,38,23
1650926709547,CSE 3,A51,083647,Miranda; Gregory Joseph,36,0,37,1
1650926715574,CSE 8A,A50,083650,Miranda; Gregory Joseph,0,31,40,40
1650926721606,CSE 11,A01,083080,Cao; Yingjun,0,98,40,40
1650926727635,CSE 12,A01,083652,Staff,0,23,100,100
1650926733657,CSE 15L,A01,083654,Staff,0,3,50,50
1650926733657,CSE 15L,A02,083655,Staff,0,3,50,50
1650926739689,CSE 20,A01,083657,Staff,48,0,80,32
1650926745723,CSE 30,A01,083084,Eldon; John,40,77,80,40
1650926751751,CSE 100,A01,083659,Cao; Yingjun,0,70,50,50
1650926757778,CSE 134B,A01,083661,Powell; Thomas Allan,0,38,65,65
1650926763803,CSE 140,A01,083663,Staff,1,13,75,74
1650926769827,CSE 140L,A01,083088,Eldon; John,25,21,100,75
1650926775853,CSE 175,A01,083665,Kumar; Rakesh,2,0,25,23
1650926781880,CSE 190,A00,092507,Dubnov; Shlomo,10,0,20,10
1650926787904,ECE 45,A01,083139,Staff,0,5,60,60
1650926793930,ECE 65,A50,083695,Staff,0,6,30,30
1650926799953,ECE 109,A01,091882,Touri; Behrouz,32,0,70,38
1650926805976,ECE 180,A00,083140,Abi Samra; Nicholas Camill,19,0,30,11
1650926805976,ECE 180,B00,083141,Abi Samra; Nicholas Camill,0,0,30,30
1650926812003,MATH 10A,A01,083735,Patchell; Gregory David,2,0,30,28
1650926812003,MATH 10A,A02,083736,Patchell; Gregory David,27,0,30,3
1650926812003,MATH 10A,A03,083737,Patchell; Gregory David,23,0,30,7
1650926818032,MATH 10B,A01,083207,Staff,0,9,30,30
1650926818032,MATH 10B,A02,083208,Staff,1,6,30,29
1650926818032,MATH 10B,B01,083739,Staff,9,0,30,21
1650926818032,MATH 10B,B02,083740,Staff,28,0,30,2
1650926824055,MATH 18,A01,083743,Staff,0,0,30,30
1650926824055,MATH 18,A02,083744,Staff,24,0,30,6
1650926824055,MATH 18,A03,083745,Staff,19,0,30,11
1650926824055,MATH 18,A04,083746,Staff,26,0,30,4
1650926824055,MATH 18,B01,083748,Staff,0,15,30,30
1650926824055,MATH 18,B02,083749,Staff,0,13,30,30
1650926824055,MATH 18,B03,083750,Staff,0,13,30,30
1650926824055,MATH 18,B04,083751,Staff,0,13,30,30
1650926830078,MATH 20A,A01,083754,Staff,19,0,40,21
1650926836100,MATH 20B,A01,083756,Staff,0,14,30,30
1650926836100,MATH 20B,A02,083757,Staff,0,11,30,30
1650926842125,MATH 20C,A01,083760,Staff,0,17,30,30
1650926842125,MATH 20C,A02,083761,Staff,1,16,30,29
1650926842125,MATH 20C,B01,083762,Staff,9,0,30,21
1650926842125,MATH 20C,B02,083763,Staff,28,0,30,2
1650926848148,MATH 20D,A01,083765,Staff,2,1,30,28
1650926848148,MATH 20D,A02,083766,Staff,3,0,30,27
1650926848148,MATH 20D,A03,083767,Staff,23,0,30,7
1650926854174,MATH 20E,A01,083771,Staff,2,0,30,28
1650926854174,MATH 20E,A02,083772,Staff,13,0,30,17
1650926854174,MATH 20E,B01,083773,Staff,0,0,30,30
1650926854174,MATH 20E,B02,083774,Staff,2,0,30,28
1650926860196,MATH 103A,A01,083777,Staff,0,17,30,30
1650926860196,MATH 103A,A02,083778,Staff,0,15,30,30
1650926860196,MATH 103A,B01,083779,Staff,0,15,30,30
1650926860196,MATH 103A,B02,083780,Staff,0,14,30,30
1650926866229,MATH 105,A01,085443,Staff,0,23,30,30
1650926872255,MATH 109,A01,083213,Anzaldo; Leesa B,0,7,30,30
1650926872255,MATH 109,A02,083214,Anzaldo; Leesa B,0,7,30,30
1650926872255,MATH 109,B01,083215,Anzaldo; Leesa B,0,8,30,30
1650926872255,MATH 109,B02,083216,Anzaldo; Leesa B,0,7,30,30
1650926878284,MATH 142A,A01,083219,Chow; Bennett,0,14,30,30
1650926878284,MATH 142A,A02,083220,Chow; Bennett,0,15,30,30
1650926878284,MATH 142A,B01,083221,Chow; Bennett,0,16,30,30
1650926878284,MATH 142A,B02,083222,Chow; Bennett,0,14,30,30
1650926884314,MATH 193A,A01,083224,Staff,0,6,30,30
1650926884314,MATH 193A,A02,083225,Staff,0,7,30,30
1650926884314,MATH 193A,A03,083781,Staff,0,6,30,30
1650926884314,MATH 193A,A04,083782,Staff,0,7,30,30
1650926890340,MATH 197,001,091859,McAuley; Julian John,9998,0,9999,1
1650926896393,COGS 9,A01,083615,Staff,0,18,60,60
1650926902415,COGS 11,A01,083617,Boyle; Mary E. T.,15,0,40,25
1650926908438,COGS 13,A01,083071,Staff,0,38,40,40
1650926914462,COGS 14A,A01,092681,Staff,0,39,100,100
1650926920494,COGS 14B,A01,083073,Cheng; Tzu-Han,0,12,50,50
1650926926518,COGS 17,A01,092677,Staff,9,0,75,66
1650926932545,COGS 100,A01,083619,Staff,0,30,60,60
1650926938573,COGS 101A,A01,083621,Davis; Joshua Daniel,0,29,60,60
1650926944595,COGS 101B,A01,091572,Staff,0,5,60,60
1650926950619,COGS 101C,A01,083625,Delgado; Tania,14,0,30,16
1650926956642,COGS 107A,A01,083627,Boyle; Mary E. T.,0,16,60,60
1650926962672,COGS 118A,A01,083075,Staff,0,10,60,60
1650926968700,CSE 3,A50,083646,Miranda; Gregory Joseph,15,0,38,23
1650926968700,CSE 3,A51,083647,Miranda; Gregory Joseph,36,0,37,1
1650926974724,CSE 8A,A50,083650,Miranda; Gregory Joseph,0,31,40,40
1650926980752,CSE 11,A01,083080,Cao; Yingjun,0,98,40,40
1650926986786,CSE 12,A01,083652,Staff,0,23,100,100
1650926992813,CSE 15L,A01,083654,Staff,0,3,50,50
1650926992813,CSE 15L,A02,083655,Staff,0,3,50,50
1650926998836,CSE 20,A01,083657,Staff,48,0,80,32
1650927004869,CSE 30,A01,083084,Eldon; John,40,77,80,40
1650927010892,CSE 100,A01,083659,Cao; Yingjun,0,70,50,50
1650927016923,CSE 134B,A01,083661,Powell; Thomas Allan,0,38,65,65
1650927022949,CSE 140,A01,083663,Staff,1,13,75,74
1650927028975,CSE 140L,A01,083088,Eldon; John,25,21,100,75
1650927034999,CSE 175,A01,083665,Kumar; Rakesh,2,0,25,23
1650927041025,CSE 190,A00,092507,Dubnov; Shlomo,10,0,20,10
1650927047052,ECE 45,A01,083139,Staff,0,5,60,60
1650927053169,ECE 65,A50,083695,Staff,0,6,30,30
1650927059199,ECE 109,A01,091882,Touri; Behrouz,32,0,70,38
1650927065222,ECE 180,A00,083140,Abi Samra; Nicholas Camill,18,0,30,12
1650927065222,ECE 180,B00,083141,Abi Samra; Nicholas Camill,0,0,30,30
1650927071255,MATH 10A,A01,083735,Patchell; Gregory David,2,0,30,28
1650927071255,MATH 10A,A02,083736,Patchell; Gregory David,27,0,30,3
1650927071255,MATH 10A,A03,083737,Patchell; Gregory David,23,0,30,7
1650927077281,MATH 10B,A01,083207,Staff,0,9,30,30
1650927077281,MATH 10B,A02,083208,Staff,1,6,30,29
1650927077281,MATH 10B,B01,083739,Staff,9,0,30,21
1650927077281,MATH 10B,B02,083740,Staff,28,0,30,2
1650927083307,MATH 18,A01,083743,Staff,0,0,30,30
1650927083307,MATH 18,A02,083744,Staff,24,0,30,6
1650927083307,MATH 18,A03,083745,Staff,19,0,30,11
1650927083307,MATH 18,A04,083746,Staff,26,0,30,4
1650927083307,MATH 18,B01,083748,Staff,0,15,30,30
1650927083307,MATH 18,B02,083749,Staff,0,13,30,30
1650927083307,MATH 18,B03,083750,Staff,0,13,30,30
1650927083307,MATH 18,B04,083751,Staff,0,13,30,30
1650927089330,MATH 20A,A01,083754,Staff,19,0,40,21
1650927095366,MATH 20B,A01,083756,Staff,0,14,30,30
1650927095366,MATH 20B,A02,083757,Staff,0,11,30,30
1650927101392,MATH 20C,A01,083760,Staff,0,17,30,30
1650927101392,MATH 20C,A02,083761,Staff,1,16,30,29
1650927101392,MATH 20C,B01,083762,Staff,9,0,30,21
1650927101392,MATH 20C,B02,083763,Staff,28,0,30,2
1650927107417,MATH 20D,A01,083765,Staff,2,1,30,28
1650927107417,MATH 20D,A02,083766,Staff,3,0,30,27
1650927107417,MATH 20D,A03,083767,Staff,23,0,30,7
1650927113441,MATH 20E,A01,083771,Staff,2,0,30,28
1650927113441,MATH 20E,A02,083772,Staff,13,0,30,17
1650927113441,MATH 20E,B01,083773,Staff,0,0,30,30
1650927113441,MATH 20E,B02,083774,Staff,2,0,30,28
1650927119465,MATH 103A,A01,083777,Staff,0,17,30,30
1650927119465,MATH 103A,A02,083778,Staff,0,15,30,30
1650927119465,MATH 103A,B01,083779,Staff,0,15,30,30
1650927119465,MATH 103A,B02,083780,Staff,0,14,30,30
1650927125486,MATH 105,A01,085443,Staff,0,23,30,30
1650927131515,MATH 109,A01,083213,Anzaldo; Leesa B,0,7,30,30
1650927131515,MATH 109,A02,083214,Anzaldo; Leesa B,0,7,30,30
1650927131515,MATH 109,B01,083215,Anzaldo; Leesa B,0,8,30,30
1650927131515,MATH 109,B02,083216,Anzaldo; Leesa B,0,7,30,30
1650927137537,MATH 142A,A01,083219,Chow; Bennett,0,14,30,30
1650927137537,MATH 142A,A02,083220,Chow; Bennett,0,15,30,30
1650927137537,MATH 142A,B01,083221,Chow; Bennett,0,16,30,30
1650927137537,MATH 142A,B02,083222,Chow; Bennett,0,14,30,30
1650927143561,MATH 193A,A01,083224,Staff,0,6,30,30
1650927143561,MATH 193A,A02,083225,Staff,0,7,30,30
1650927143561,MATH 193A,A03,083781,Staff,0,6,30,30
1650927143561,MATH 193A,A04,083782,Staff,0,7,30,30
1650927149583,MATH 197,001,091859,McAuley; Julian John,9998,0,9999,1
1650927155636,COGS 9,A01,083615,Staff,0,18,60,60
1650927161659,COGS 11,A01,083617,Boyle; Mary E. T.,15,0,40,25
1650927167683,COGS 13,A01,083071,Staff,0,38,40,40
1650927173709,COGS 14A,A01,092681,Staff,0,39,100,100
1650927179742,COGS 14B,A01,083073,Cheng; Tzu-Han,0,12,50,50
1650927185775,COGS 17,A01,092677,Staff,9,0,75,66
1650927191802,COGS 100,A01,083619,Staff,0,30,60,60
1650927197826,COGS 101A,A01,083621,Davis; Joshua Daniel,0,29,60,60
1650927203849,COGS 101B,A01,091572,Staff,0,5,60,60
1650927209878,COGS 101C,A01,083625,Delgado; Tania,14,0,30,16
1650927215902,COGS 107A,A01,083627,Boyle; Mary E. T.,0,16,60,60
1650927221935,COGS 118A,A01,083075,Staff,0,10,60,60
1650927227966,CSE 3,A50,083646,Miranda; Gregory Joseph,15,0,38,23
1650927227966,CSE 3,A51,083647,Miranda; Gregory Joseph,36,0,37,1
1650927233997,CSE 8A,A50,083650,Miranda; Gregory Joseph,0,31,40,40
1650927240021,CSE 11,A01,083080,Cao; Yingjun,0,98,40,40
1650927246045,CSE 12,A01,083652,Staff,0,23,100,100
1650927252072,CSE 15L,A01,083654,Staff,0,3,50,50
1650927252072,CSE 15L,A02,083655,Staff,0,3,50,50
1650927258095,CSE 20,A01,083657,Staff,48,0,80,32
1650927264122,CSE 30,A01,083084,Eldon; John,40,77,80,40
1650927270151,CSE 100,A01,083659,Cao; Yingjun,0,70,50,50
1650927276176,CSE 134B,A01,083661,Powell; Thomas Allan,0,38,65,65
1650927282200,CSE 140,A01,083663,Staff,1,13,75,74
1650927288224,CSE 140L,A01,083088,Eldon; John,25,21,100,75
1650927294255,CSE 175,A01,083665,Kumar; Rakesh,2,0,25,23
1650927300281,CSE 190,A00,092507,Dubnov; Shlomo,10,0,20,10
1650927306306,ECE 45,A01,083139,Staff,0,6,60,60
1650927312329,ECE 65,A50,083695,Staff,0,6,30,30
1650927318366,ECE 109,A01,091882,Touri; Behrouz,32,0,70,38
1650927324391,ECE 180,A00,083140,Abi Samra; Nicholas Camill,18,0,30,12
1650927324391,ECE 180,B00,083141,Abi Samra; Nicholas Camill,0,0,30,30
1650927330415,MATH 10A,A01,083735,Patchell; Gregory David,2,0,30,28
1650927330415,MATH 10A,A02,083736,Patchell; Gregory David,27,0,30,3
1650927330415,MATH 10A,A03,083737,Patchell; Gregory David,23,0,30,7
1650927336440,MATH 10B,A01,083207,Staff,0,9,30,30
1650927336440,MATH 10B,A02,083208,Staff,1,6,30,29
1650927336440,MATH 10B,B01,083739,Staff,9,0,30,21
1650927336440,MATH 10B,B02,083740,Staff,28,0,30,2
1650927342479,MATH 18,A01,083743,Staff,0,0,30,30
1650927342479,MATH 18,A02,083744,Staff,24,0,30,6
1650927342479,MATH 18,A03,083745,Staff,19,0,30,11
1650927342479,MATH 18,A04,083746,Staff,26,0,30,4
1650927342479,MATH 18,B01,083748,Staff,0,15,30,30
1650927342479,MATH 18,B02,083749,Staff,0,13,30,30
1650927342479,MATH 18,B03,083750,Staff,0,13,30,30
1650927342479,MATH 18,B04,083751,Staff,0,13,30,30
1650927348504,MATH 20A,A01,083754,Staff,19,0,40,21
1650927354527,MATH 20B,A01,083756,Staff,0,14,30,30
1650927354527,MATH 20B,A02,083757,Staff,0,11,30,30
1650927360565,MATH 20C,A01,083760,Staff,0,17,30,30
1650927360565,MATH 20C,A02,083761,Staff,1,16,30,29
1650927360565,MATH 20C,B01,083762,Staff,9,0,30,21
1650927360565,MATH 20C,B02,083763,Staff,28,0,30,2
1650927366597,MATH 20D,A01,083765,Staff,2,1,30,28
1650927366597,MATH 20D,A02,083766,Staff,3,0,30,27
1650927366597,MATH 20D,A03,083767,Staff,23,0,30,7
1650927372633,MATH 20E,A01,083771,Staff,2,0,30,28
1650927372633,MATH 20E,A02,083772,Staff,13,0,30,17
1650927372633,MATH 20E,B01,083773,Staff,0,0,30,30
1650927372633,MATH 20E,B02,083774,Staff,2,0,30,28
1650927378658,MATH 103A,A01,083777,Staff,0,17,30,30
1650927378658,MATH 103A,A02,083778,Staff,0,15,30,30
1650927378658,MATH 103A,B01,083779,Staff,0,15,30,30
1650927378658,MATH 103A,B02,083780,Staff,0,14,30,30
1650927384684,MATH 105,A01,085443,Staff,0,23,30,30
1650927390713,MATH 109,A01,083213,Anzaldo; Leesa B,0,7,30,30
1650927390713,MATH 109,A02,083214,Anzaldo; Leesa B,0,7,30,30
1650927390713,MATH 109,B01,083215,Anzaldo; Leesa B,0,8,30,30
1650927390713,MATH 109,B02,083216,Anzaldo; Leesa B,0,7,30,30
1650927396749,MATH 142A,A01,083219,Chow; Bennett,0,14,30,30
1650927396749,MATH 142A,A02,083220,Chow; Bennett,0,15,30,30
1650927396749,MATH 142A,B01,083221,Chow; Bennett,0,16,30,30
1650927396749,MATH 142A,B02,083222,Chow; Bennett,0,14,30,30
1650927402772,MATH 193A,A01,083224,Staff,0,6,30,30
1650927402772,MATH 193A,A02,083225,Staff,0,7,30,30
1650927402772,MATH 193A,A03,083781,Staff,0,6,30,30
1650927402772,MATH 193A,A04,083782,Staff,0,7,30,30
1650927408796,MATH 197,001,091859,McAuley; Julian John,9998,0,9999,1
1650927414846,COGS 9,A01,083615,Staff,0,18,60,60
1650927420873,COGS 11,A01,083617,Boyle; Mary E. T.,15,0,40,25
1650927426901,COGS 13,A01,083071,Staff,0,39,40,40
1650927432928,COGS 14A,A01,092681,Staff,0,39,100,100
1650927438955,COGS 14B,A01,083073,Cheng; Tzu-Han,0,12,50,50
1650927444992,COGS 17,A01,092677,Staff,9,0,75,66
1650927451032,COGS 100,A01,083619,Staff,0,30,60,60
1650927457055,COGS 101A,A01,083621,Davis; Joshua Daniel,0,29,60,60
1650927463078,COGS 101B,A01,091572,Staff,0,5,60,60
1650927469117,COGS 101C,A01,083625,Delgado; Tania,14,0,30,16
1650927475158,COGS 107A,A01,083627,Boyle; Mary E. T.,0,16,60,60
1650927481191,COGS 118A,A01,083075,Staff,0,10,60,60
1650927487222,CSE 3,A50,083646,Miranda; Gregory Joseph,15,0,38,23
1650927487222,CSE 3,A51,083647,Miranda; Gregory Joseph,36,0,37,1
1650927493250,CSE 8A,A50,083650,Miranda; Gregory Joseph,0,31,40,40
1650927499277,CSE 11,A01,083080,Cao; Yingjun,0,98,40,40
1650927505304,CSE 12,A01,083652,Staff,0,23,100,100
1650927511327,CSE 15L,A01,083654,Staff,0,3,50,50
1650927511327,CSE 15L,A02,083655,Staff,0,3,50,50
1650927517355,CSE 20,A01,083657,Staff,48,0,80,32
1650927523384,CSE 30,A01,083084,Eldon; John,40,77,80,40
1650927529408,CSE 100,A01,083659,Cao; Yingjun,0,70,50,50
1650927535441,CSE 134B,A01,083661,Powell; Thomas Allan,0,38,65,65
1650927541466,CSE 140,A01,083663,Staff,1,13,75,74
1650927547497,CSE 140L,A01,083088,Eldon; John,25,21,100,75
1650927553526,CSE 175,A01,083665,Kumar; Rakesh,2,0,25,23
1650927559553,CSE 190,A00,092507,Dubnov; Shlomo,10,0,20,10
1650927565575,ECE 45,A01,083139,Staff,0,6,60,60
1650927571601,ECE 65,A50,083695,Staff,0,6,30,30
1650927577629,ECE 109,A01,091882,Touri; Behrouz,32,0,70,38
1650927583655,ECE 180,A00,083140,Abi Samra; Nicholas Camill,18,0,30,12
1650927583655,ECE 180,B00,083141,Abi Samra; Nicholas Camill,0,0,30,30
1650927589679,MATH 10A,A01,083735,Patchell; Gregory David,2,0,30,28
1650927589679,MATH 10A,A02,083736,Patchell; Gregory David,27,0,30,3
1650927589679,MATH 10A,A03,083737,Patchell; Gregory David,23,0,30,7
1650927595703,MATH 10B,A01,083207,Staff,0,9,30,30
1650927595703,MATH 10B,A02,083208,Staff,1,6,30,29
1650927595703,MATH 10B,B01,083739,Staff,9,0,30,21
1650927595703,MATH 10B,B02,083740,Staff,28,0,30,2
1650927601733,MATH 18,A01,083743,Staff,0,0,30,30
1650927601733,MATH 18,A02,083744,Staff,24,0,30,6
1650927601733,MATH 18,A03,083745,Staff,19,0,30,11
1650927601733,MATH 18,A04,083746,Staff,26,0,30,4
1650927601733,MATH 18,B01,083748,Staff,0,15,30,30
1650927601733,MATH 18,B02,083749,Staff,0,13,30,30
1650927601733,MATH 18,B03,083750,Staff,0,13,30,30
1650927601733,MATH 18,B04,083751,Staff,0,13,30,30
1650927607763,MATH 20A,A01,083754,Staff,19,0,40,21
1650927613790,MATH 20B,A01,083756,Staff,0,14,30,30
1650927613790,MATH 20B,A02,083757,Staff,0,11,30,30
1650927619831,MATH 20C,A01,083760,Staff,0,17,30,30
1650927619831,MATH 20C,A02,083761,Staff,1,16,30,29
1650927619831,MATH 20C,B01,083762,Staff,9,0,30,21
1650927619831,MATH 20C,B02,083763,Staff,28,0,30,2
1650927625858,MATH 20D,A01,083765,Staff,2,1,30,28
1650927625858,MATH 20D,A02,083766,Staff,3,0,30,27
1650927625858,MATH 20D,A03,083767,Staff,23,0,30,7
1650927631882,MATH 20E,A01,083771,Staff,2,0,30,28
1650927631882,MATH 20E,A02,083772,Staff,13,0,30,17
1650927631882,MATH 20E,B01,083773,Staff,0,0,30,30
1650927631882,MATH 20E,B02,083774,Staff,2,0,30,28
1650927637909,MATH 103A,A01,083777,Staff,0,17,30,30
1650927637909,MATH 103A,A02,083778,Staff,0,15,30,30
1650927637909,MATH 103A,B01,083779,Staff,0,15,30,30
1650927637909,MATH 103A,B02,083780,Staff,0,14,30,30
1650927643940,MATH 105,A01,085443,Staff,0,23,30,30
1650927650078,MATH 109,A01,083213,Anzaldo; Leesa B,0,7,30,30
1650927650078,MATH 109,A02,083214,Anzaldo; Leesa B,0,7,30,30
1650927650078,MATH 109,B01,083215,Anzaldo; Leesa B,0,8,30,30
1650927650078,MATH 109,B02,083216,Anzaldo; Leesa B,0,7,30,30
1650927656103,MATH 142A,A01,083219,Chow; Bennett,0,14,30,30
1650927656103,MATH 142A,A02,083220,Chow; Bennett,0,15,30,30
1650927656103,MATH 142A,B01,083221,Chow; Bennett,0,16,30,30
1650927656103,MATH 142A,B02,083222,Chow; Bennett,0,14,30,30
1650927662136,MATH 193A,A01,083224,Staff,0,6,30,30
1650927662136,MATH 193A,A02,083225,Staff,0,7,30,30
1650927662136,MATH 193A,A03,083781,Staff,0,6,30,30
1650927662136,MATH 193A,A04,083782,Staff,0,7,30,30
1650927668158,MATH 197,001,091859,McAuley; Julian John,9998,0,9999,1
1650927674226,COGS 9,A01,083615,Staff,0,18,60,60
1650927680253,COGS 11,A01,083617,Boyle; Mary E. T.,15,0,40,25
1650927686276,COGS 13,A01,083071,Staff,0,39,40,40
1650927692310,COGS 14A,A01,092681,Staff,0,39,100,100
1650927698334,COGS 14B,A01,083073,Cheng; Tzu-Han,0,12,50,50
1650927704365,COGS 17,A01,092677,Staff,9,0,75,66
1650927710390,COGS 100,A01,083619,Staff,0,30,60,60
1650927716427,COGS 101A,A01,083621,Davis; Joshua Daniel,0,29,60,60
1650927722456,COGS 101B,A01,091572,Staff,0,5,60,60
1650927728480,COGS 101C,A01,083625,Delgado; Tania,14,0,30,16
1650927734505,COGS 107A,A01,083627,Boyle; Mary E. T.,0,16,60,60
1650927740527,COGS 118A,A01,083075,Staff,0,10,60,60
1650927746550,CSE 3,A50,083646,Miranda; Gregory Joseph,15,0,38,23
1650927746550,CSE 3,A51,083647,Miranda; Gregory Joseph,36,0,37,1
1650927752574,CSE 8A,A50,083650,Miranda; Gregory Joseph,0,31,40,40
1650927758601,CSE 11,A01,083080,Cao; Yingjun,0,98,40,40
1650927764640,CSE 12,A01,083652,Staff,0,23,100,100
1650927770669,CSE 15L,A01,083654,Staff,0,3,50,50
1650927770669,CSE 15L,A02,083655,Staff,0,3,50,50
1650927776691,CSE 20,A01,083657,Staff,48,0,80,32
1650927782715,CSE 30,A01,083084,Eldon; John,40,77,80,40
1650927788739,CSE 100,A01,083659,Cao; Yingjun,0,70,50,50
1650927794763,CSE 134B,A01,083661,Powell; Thomas Allan,0,38,65,65
1650927800786,CSE 140,A01,083663,Staff,1,13,75,74
1650927806811,CSE 140L,A01,083088,Eldon; John,25,21,100,75
1650927812837,CSE 175,A01,083665,Kumar; Rakesh,2,0,25,23
1650927818870,CSE 190,A00,092507,Dubnov; Shlomo,10,0,20,10
1650927824896,ECE 45,A01,083139,Staff,0,6,60,60
1650927830929,ECE 65,A50,083695,Staff,0,6,30,30
1650927836954,ECE 109,A01,091882,Touri; Behrouz,32,0,70,38
1650927842981,ECE 180,A00,083140,Abi Samra; Nicholas Camill,18,0,30,12
1650927842981,ECE 180,B00,083141,Abi Samra; Nicholas Camill,0,0,30,30
1650927849004,MATH 10A,A01,083735,Patchell; Gregory David,2,0,30,28
1650927849004,MATH 10A,A02,083736,Patchell; Gregory David,27,0,30,3
1650927849004,MATH 10A,A03,083737,Patchell; Gregory David,23,0,30,7
1650927855037,MATH 10B,A01,083207,Staff,0,9,30,30
1650927855037,MATH 10B,A02,083208,Staff,1,6,30,29
1650927855037,MATH 10B,B01,083739,Staff,9,0,30,21
1650927855037,MATH 10B,B02,083740,Staff,28,0,30,2
1650927861068,MATH 18,A01,083743,Staff,0,0,30,30
1650927861068,MATH 18,A02,083744,Staff,24,0,30,6
1650927861068,MATH 18,A03,083745,Staff,19,0,30,11
1650927861068,MATH 18,A04,083746,Staff,26,0,30,4
1650927861068,MATH 18,B01,083748,Staff,0,15,30,30
1650927861068,MATH 18,B02,083749,Staff,0,13,30,30
1650927861068,MATH 18,B03,083750,Staff,0,13,30,30
1650927861068,MATH 18,B04,083751,Staff,0,13,30,30
1650927867094,MATH 20A,A01,083754,Staff,19,0,40,21
1650927873133,MATH 20B,A01,083756,Staff,0,14,30,30
1650927873133,MATH 20B,A02,083757,Staff,0,11,30,30
1650927879161,MATH 20C,A01,083760,Staff,0,17,30,30
1650927879161,MATH 20C,A02,083761,Staff,1,16,30,29
1650927879161,MATH 20C,B01,083762,Staff,9,0,30,21
1650927879161,MATH 20C,B02,083763,Staff,28,0,30,2
1650927885182,MATH 20D,A01,083765,Staff,2,1,30,28
1650927885182,MATH 20D,A02,083766,Staff,3,0,30,27
1650927885182,MATH 20D,A03,083767,Staff,23,0,30,7
1650927891206,MATH 20E,A01,083771,Staff,2,0,30,28
1650927891206,MATH 20E,A02,083772,Staff,13,0,30,17
1650927891206,MATH 20E,B01,083773,Staff,0,0,30,30
1650927891206,MATH 20E,B02,083774,Staff,2,0,30,28
1650927897231,MATH 103A,A01,083777,Staff,0,17,30,30
1650927897231,MATH 103A,A02,083778,Staff,0,15,30,30
1650927897231,MATH 103A,B01,083779,Staff,0,15,30,30
1650927897231,MATH 103A,B02,083780,Staff,0,14,30,30
1650927903255,MATH 105,A01,085443,Staff,0,23,30,30
1650927909283,MATH 109,A01,083213,Anzaldo; Leesa B,0,7,30,30
1650927909283,MATH 109,A02,083214,Anzaldo; Leesa B,0,7,30,30
1650927909283,MATH 109,B01,083215,Anzaldo; Leesa B,0,8,30,30
1650927909283,MATH 109,B02,083216,Anzaldo; Leesa B,0,7,30,30
1650927915313,MATH 142A,A01,083219,Chow; Bennett,0,14,30,30
1650927915313,MATH 142A,A02,083220,Chow; Bennett,0,15,30,30
1650927915313,MATH 142A,B01,083221,Chow; Bennett,0,16,30,30
1650927915313,MATH 142A,B02,083222,Chow; Bennett,0,14,30,30
1650927921340,MATH 193A,A01,083224,Staff,0,6,30,30
1650927921340,MATH 193A,A02,083225,Staff,0,7,30,30
1650927921340,MATH 193A,A03,083781,Staff,0,6,30,30
1650927921340,MATH 193A,A04,083782,Staff,0,7,30,30
1650927927365,MATH 197,001,091859,McAuley; Julian John,9998,0,9999,1
1650927933425,COGS 9,A01,083615,Staff,0,18,60,60
1650927939451,COGS 11,A01,083617,Boyle; Mary E. T.,15,0,40,25
1650927945477,COGS 13,A01,083071,Staff,0,39,40,40
1650927951503,COGS 14A,A01,092681,Staff,0,39,100,100
1650927957525,COGS 14B,A01,083073,Cheng; Tzu-Han,0,12,50,50
1650927963551,COGS 17,A01,092677,Staff,9,0,75,66
1650927969579,COGS 100,A01,083619,Staff,0,30,60,60
1650927975609,COGS 101A,A01,083621,Davis; Joshua Daniel,0,29,60,60
1650927981648,COGS 101B,A01,091572,Staff,0,5,60,60
1650927987674,COGS 101C,A01,083625,Delgado; Tania,14,0,30,16
1650927993697,COGS 107A,A01,083627,Boyle; Mary E. T.,0,16,60,60
1650927999722,COGS 118A,A01,083075,Staff,0,10,60,60
1650928005757,CSE 3,A50,083646,Miranda; Gregory Joseph,15,0,38,23
1650928005757,CSE 3,A51,083647,Miranda; Gregory Joseph,36,0,37,1
1650928011784,CSE 8A,A50,083650,Miranda; Gregory Joseph,0,31,40,40
1650928017808,CSE 11,A01,083080,Cao; Yingjun,0,98,40,40
1650928023830,CSE 12,A01,083652,Staff,0,23,100,100
1650928029862,CSE 15L,A01,083654,Staff,0,3,50,50
1650928029862,CSE 15L,A02,083655,Staff,0,3,50,50
1650928035885,CSE 20,A01,083657,Staff,48,0,80,32
1650928041907,CSE 30,A01,083084,Eldon; John,40,77,80,40
1650928047941,CSE 100,A01,083659,Cao; Yingjun,0,70,50,50
1650928053965,CSE 134B,A01,083661,Powell; Thomas Allan,0,38,65,65
1650928059990,CSE 140,A01,083663,Staff,1,13,75,74
1650928066015,CSE 140L,A01,083088,Eldon; John,25,21,100,75
1650928072040,CSE 175,A01,083665,Kumar; Rakesh,2,0,25,23
1650928078063,CSE 190,A00,092507,Dubnov; Shlomo,10,0,20,10
1650928084087,ECE 45,A01,083139,Staff,0,6,60,60
1650928090110,ECE 65,A50,083695,Staff,0,6,30,30
1650928096137,ECE 109,A01,091882,Touri; Behrouz,32,0,70,38
1650928102160,ECE 180,A00,083140,Abi Samra; Nicholas Camill,18,0,30,12
1650928102160,ECE 180,B00,083141,Abi Samra; Nicholas Camill,0,0,30,30
1650928108183,MATH 10A,A01,083735,Patchell; Gregory David,2,0,30,28
1650928108183,MATH 10A,A02,083736,Patchell; Gregory David,27,0,30,3
1650928108183,MATH 10A,A03,083737,Patchell; Gregory David,23,0,30,7
1650928114207,MATH 10B,A01,083207,Staff,0,9,30,30
1650928114207,MATH 10B,A02,083208,Staff,1,6,30,29
1650928114207,MATH 10B,B01,083739,Staff,9,0,30,21
1650928114207,MATH 10B,B02,083740,Staff,28,0,30,2
1650928120236,MATH 18,A01,083743,Staff,0,0,30,30
1650928120236,MATH 18,A02,083744,Staff,24,0,30,6
1650928120236,MATH 18,A03,083745,Staff,19,0,30,11
1650928120236,MATH 18,A04,083746,Staff,26,0,30,4
1650928120236,MATH 18,B01,083748,Staff,0,15,30,30
1650928120236,MATH 18,B02,083749,Staff,0,13,30,30
1650928120236,MATH 18,B03,083750,Staff,0,13,30,30
1650928120236,MATH 18,B04,083751,Staff,0,13,30,30
1650928126262,MATH 20A,A01,083754,Staff,19,0,40,21
1650928132289,MATH 20B,A01,083756,Staff,0,14,30,30
1650928132289,MATH 20B,A02,083757,Staff,0,11,30,30
1650928138313,MATH 20C,A01,083760,Staff,0,17,30,30
1650928138313,MATH 20C,A02,083761,Staff,1,16,30,29
1650928138313,MATH 20C,B01,083762,Staff,9,0,30,21
1650928138313,MATH 20C,B02,083763,Staff,28,0,30,2
1650928144348,MATH 20D,A01,083765,Staff,2,1,30,28
1650928144348,MATH 20D,A02,083766,Staff,3,0,30,27
1650928144348,MATH 20D,A03,083767,Staff,23,0,30,7
1650928150375,MATH 20E,A01,083771,Staff,2,0,30,28
1650928150375,MATH 20E,A02,083772,Staff,13,0,30,17
1650928150375,MATH 20E,B01,083773,Staff,0,0,30,30
1650928150375,MATH 20E,B02,083774,Staff,2,0,30,28
1650928156403,MATH 103A,A01,083777,Staff,0,17,30,30
1650928156403,MATH 103A,A02,083778,Staff,0,15,30,30
1650928156403,MATH 103A,B01,083779,Staff,0,15,30,30
1650928156403,MATH 103A,B02,083780,Staff,0,14,30,30
1650928162427,MATH 105,A01,085443,Staff,0,23,30,30
1650928168463,MATH 109,A01,083213,Anzaldo; Leesa B,0,7,30,30
1650928168463,MATH 109,A02,083214,Anzaldo; Leesa B,0,7,30,30
1650928168463,MATH 109,B01,083215,Anzaldo; Leesa B,0,8,30,30
1650928168463,MATH 109,B02,083216,Anzaldo; Leesa B,0,7,30,30
1650928174488,MATH 142A,A01,083219,Chow; Bennett,0,14,30,30
1650928174488,MATH 142A,A02,083220,Chow; Bennett,0,15,30,30
1650928174488,MATH 142A,B01,083221,Chow; Bennett,0,16,30,30
1650928174488,MATH 142A,B02,083222,Chow; Bennett,0,14,30,30
1650928180511,MATH 193A,A01,083224,Staff,0,6,30,30
1650928180511,MATH 193A,A02,083225,Staff,0,7,30,30
1650928180511,MATH 193A,A03,083781,Staff,0,6,30,30
1650928180511,MATH 193A,A04,083782,Staff,0,7,30,30
1650928186534,MATH 197,001,091859,McAuley; Julian John,9998,0,9999,1
1650928192592,COGS 9,A01,083615,Staff,0,18,60,60
1650928198619,COGS 11,A01,083617,Boyle; Mary E. T.,15,0,40,25
1650928204645,COGS 13,A01,083071,Staff,0,39,40,40
1650928210670,COGS 14A,A01,092681,Staff,0,39,100,100
1650928216702,COGS 14B,A01,083073,Cheng; Tzu-Han,0,12,50,50
1650928222727,COGS 17,A01,092677,Staff,9,0,75,66
1650928228752,COGS 100,A01,083619,Staff,0,30,60,60
1650928234779,COGS 101A,A01,083621,Davis; Joshua Daniel,0,29,60,60
1650928240896,COGS 101B,A01,091572,Staff,0,5,60,60
1650928246919,COGS 101C,A01,083625,Delgado; Tania,14,0,30,16
1650928252946,COGS 107A,A01,083627,Boyle; Mary E. T.,0,16,60,60
1650928258975,COGS 118A,A01,083075,Staff,0,10,60,60
1650928265007,CSE 3,A50,083646,Miranda; Gregory Joseph,15,0,38,23
1650928265007,CSE 3,A51,083647,Miranda; Gregory Joseph,36,0,37,1
1650928271034,CSE 8A,A50,083650,Miranda; Gregory Joseph,0,31,40,40
1650928277058,CSE 11,A01,083080,Cao; Yingjun,0,98,40,40
1650928283081,CSE 12,A01,083652,Staff,0,23,100,100
1650928289120,CSE 15L,A01,083654,Staff,0,3,50,50
1650928289120,CSE 15L,A02,083655,Staff,0,3,50,50
1650928295150,CSE 20,A01,083657,Staff,48,0,80,32
1650928301172,CSE 30,A01,083084,Eldon; John,40,77,80,40
1650928307204,CSE 100,A01,083659,Cao; Yingjun,0,70,50,50
1650928313229,CSE 134B,A01,083661,Powell; Thomas Allan,0,38,65,65
1650928319252,CSE 140,A01,083663,Staff,1,13,75,74
1650928325277,CSE 140L,A01,083088,Eldon; John,25,21,100,75
1650928331305,CSE 175,A01,083665,Kumar; Rakesh,2,0,25,23
1650928337332,CSE 190,A00,092507,Dubnov; Shlomo,10,0,20,10
1650928343358,ECE 45,A01,083139,Staff,0,6,60,60
1650928349380,ECE 65,A50,083695,Staff,0,6,30,30
1650928355402,ECE 109,A01,091882,Touri; Behrouz,32,0,70,38
1650928361424,ECE 180,A00,083140,Abi Samra; Nicholas Camill,18,0,30,12
1650928361424,ECE 180,B00,083141,Abi Samra; Nicholas Camill,0,0,30,30
1650928367461,MATH 10A,A01,083735,Patchell; Gregory David,2,0,30,28
1650928367461,MATH 10A,A02,083736,Patchell; Gregory David,27,0,30,3
1650928367461,MATH 10A,A03,083737,Patchell; Gregory David,23,0,30,7
1650928373499,MATH 10B,A01,083207,Staff,0,9,30,30
1650928373499,MATH 10B,A02,083208,Staff,1,6,30,29
1650928373499,MATH 10B,B01,083739,Staff,9,0,30,21
1650928373499,MATH 10B,B02,083740,Staff,28,0,30,2
1650928379526,MATH 18,A01,083743,Staff,0,0,30,30
1650928379526,MATH 18,A02,083744,Staff,24,0,30,6
1650928379526,MATH 18,A03,083745,Staff,19,0,30,11
1650928379526,MATH 18,A04,083746,Staff,26,0,30,4
1650928379526,MATH 18,B01,083748,Staff,0,15,30,30
1650928379526,MATH 18,B02,083749,Staff,0,13,30,30
1650928379526,MATH 18,B03,083750,Staff,0,13,30,30
1650928379526,MATH 18,B04,083751,Staff,0,13,30,30
1650928385550,MATH 20A,A01,083754,Staff,19,0,40,21
1650928391572,MATH 20B,A01,083756,Staff,0,14,30,30
1650928391572,MATH 20B,A02,083757,Staff,0,11,30,30
1650928397594,MATH 20C,A01,083760,Staff,0,17,30,30
1650928397594,MATH 20C,A02,083761,Staff,1,16,30,29
1650928397594,MATH 20C,B01,083762,Staff,9,0,30,21
1650928397594,MATH 20C,B02,083763,Staff,28,0,30,2
1650928403629,MATH 20D,A01,083765,Staff,2,1,30,28
1650928403629,MATH 20D,A02,083766,Staff,3,0,30,27
1650928403629,MATH 20D,A03,083767,Staff,23,0,30,7
1650928409653,MATH 20E,A01,083771,Staff,2,0,30,28
1650928409653,MATH 20E,A02,083772,Staff,13,0,30,17
1650928409653,MATH 20E,B01,083773,Staff,0,0,30,30
1650928409653,MATH 20E,B02,083774,Staff,2,0,30,28
1650928415687,MATH 103A,A01,083777,Staff,0,17,30,30
1650928415687,MATH 103A,A02,083778,Staff,0,15,30,30
1650928415687,MATH 103A,B01,083779,Staff,0,15,30,30
1650928415687,MATH 103A,B02,083780,Staff,0,14,30,30
1650928421710,MATH 105,A01,085443,Staff,0,23,30,30
1650928427739,MATH 109,A01,083213,Anzaldo; Leesa B,0,7,30,30
1650928427739,MATH 109,A02,083214,Anzaldo; Leesa B,0,7,30,30
1650928427739,MATH 109,B01,083215,Anzaldo; Leesa B,0,8,30,30
1650928427739,MATH 109,B02,083216,Anzaldo; Leesa B,0,7,30,30
1650928433768,MATH 142A,A01,083219,Chow; Bennett,0,14,30,30
1650928433768,MATH 142A,A02,083220,Chow; Bennett,0,15,30,30
1650928433768,MATH 142A,B01,083221,Chow; Bennett,0,16,30,30
1650928433768,MATH 142A,B02,083222,Chow; Bennett,0,14,30,30
1650928439799,MATH 193A,A01,083224,Staff,0,6,30,30
1650928439799,MATH 193A,A02,083225,Staff,0,7,30,30
1650928439799,MATH 193A,A03,083781,Staff,0,6,30,30
1650928439799,MATH 193A,A04,083782,Staff,0,7,30,30
1650928445823,MATH 197,001,091859,McAuley; Julian John,9998,0,9999,1
1650928451881,COGS 9,A01,083615,Staff,0,18,60,60
1650928457904,COGS 11,A01,083617,Boyle; Mary E. T.,15,0,40,25
1650928463929,COGS 13,A01,083071,Staff,0,39,40,40
1650928476004,COGS 14A,A01,092681,Staff,0,39,100,100
1650928482030,COGS 14B,A01,083073,Cheng; Tzu-Han,0,12,50,50
1650928488056,COGS 17,A01,092677,Staff,9,0,75,66
1650928494081,COGS 100,A01,083619,Staff,0,30,60,60
1650928500118,COGS 101A,A01,083621,Davis; Joshua Daniel,0,29,60,60
1650928506140,COGS 101B,A01,091572,Staff,0,5,60,60
1650928512177,COGS 101C,A01,083625,Delgado; Tania,14,0,30,16
1650928518214,COGS 107A,A01,083627,Boyle; Mary E. T.,0,16,60,60
1650928524241,COGS 118A,A01,083075,Staff,0,10,60,60
1650928530268,CSE 3,A50,083646,Miranda; Gregory Joseph,15,0,38,23
1650928530268,CSE 3,A51,083647,Miranda; Gregory Joseph,36,0,37,1
1650928536302,CSE 8A,A50,083650,Miranda; Gregory Joseph,0,31,40,40
1650928542335,CSE 11,A01,083080,Cao; Yingjun,0,98,40,40
1650928548368,CSE 12,A01,083652,Staff,0,23,100,100
1650928554390,CSE 15L,A01,083654,Staff,0,3,50,50
1650928554390,CSE 15L,A02,083655,Staff,0,3,50,50
1650928560417,CSE 20,A01,083657,Staff,48,0,80,32
1650928566459,CSE 30,A01,083084,Eldon; John,40,77,80,40
1650928572487,CSE 100,A01,083659,Cao; Yingjun,0,70,50,50
1650928578513,CSE 134B,A01,083661,Powell; Thomas Allan,0,38,65,65
1650928584552,CSE 140,A01,083663,Staff,1,13,75,74
1650928590595,CSE 140L,A01,083088,Eldon; John,25,21,100,75
1650928596618,CSE 175,A01,083665,Kumar; Rakesh,2,0,25,23
1650928602642,CSE 190,A00,092507,Dubnov; Shlomo,10,0,20,10
1650928608674,ECE 45,A01,083139,Staff,0,6,60,60
1650928614698,ECE 65,A50,083695,Staff,0,6,30,30
1650928620734,ECE 109,A01,091882,Touri; Behrouz,32,0,70,38
1650928626756,ECE 180,A00,083140,Abi Samra; Nicholas Camill,18,0,30,12
1650928626756,ECE 180,B00,083141,Abi Samra; Nicholas Camill,0,0,30,30
1650928632779,MATH 10A,A01,083735,Patchell; Gregory David,2,0,30,28
1650928632779,MATH 10A,A02,083736,Patchell; Gregory David,27,0,30,3
1650928632779,MATH 10A,A03,083737,Patchell; Gregory David,23,0,30,7
1650928638803,MATH 10B,A01,083207,Staff,0,9,30,30
1650928638803,MATH 10B,A02,083208,Staff,1,6,30,29
1650928638803,MATH 10B,B01,083739,Staff,9,0,30,21
1650928638803,MATH 10B,B02,083740,Staff,28,0,30,2
1650928644840,MATH 18,A01,083743,Staff,0,0,30,30
1650928644840,MATH 18,A02,083744,Staff,24,0,30,6
1650928644840,MATH 18,A03,083745,Staff,19,0,30,11
1650928644840,MATH 18,A04,083746,Staff,26,0,30,4
1650928644840,MATH 18,B01,083748,Staff,0,15,30,30
1650928644840,MATH 18,B02,083749,Staff,0,13,30,30
1650928644840,MATH 18,B03,083750,Staff,0,13,30,30
1650928644840,MATH 18,B04,083751,Staff,0,13,30,30
1650928650866,MATH 20A,A01,083754,Staff,19,0,40,21
1650928656892,MATH 20B,A01,083756,Staff,0,14,30,30
1650928656892,MATH 20B,A02,083757,Staff,0,11,30,30
1650928662919,MATH 20C,A01,083760,Staff,0,17,30,30
1650928662919,MATH 20C,A02,083761,Staff,1,16,30,29
1650928662919,MATH 20C,B01,083762,Staff,9,0,30,21
1650928662919,MATH 20C,B02,083763,Staff,28,0,30,2
1650928668945,MATH 20D,A01,083765,Staff,2,1,30,28
1650928668945,MATH 20D,A02,083766,Staff,3,0,30,27
1650928668945,MATH 20D,A03,083767,Staff,23,0,30,7
1650928674971,MATH 20E,A01,083771,Staff,2,0,30,28
1650928674971,MATH 20E,A02,083772,Staff,13,0,30,17
1650928674971,MATH 20E,B01,083773,Staff,0,0,30,30
1650928674971,MATH 20E,B02,083774,Staff,2,0,30,28
1650928680997,MATH 103A,A01,083777,Staff,0,17,30,30
1650928680997,MATH 103A,A02,083778,Staff,0,15,30,30
1650928680997,MATH 103A,B01,083779,Staff,0,15,30,30
1650928680997,MATH 103A,B02,083780,Staff,0,14,30,30
1650928687025,MATH 105,A01,085443,Staff,0,23,30,30
1650928693050,MATH 109,A01,083213,Anzaldo; Leesa B,0,7,30,30
1650928693050,MATH 109,A02,083214,Anzaldo; Leesa B,0,7,30,30
1650928693050,MATH 109,B01,083215,Anzaldo; Leesa B,0,8,30,30
1650928693050,MATH 109,B02,083216,Anzaldo; Leesa B,0,7,30,30
1650928699079,MATH 142A,A01,083219,Chow; Bennett,0,14,30,30
1650928699079,MATH 142A,A02,083220,Chow; Bennett,0,15,30,30
1650928699079,MATH 142A,B01,083221,Chow; Bennett,0,16,30,30
1650928699079,MATH 142A,B02,083222,Chow; Bennett,0,14,30,30
1650928705101,MATH 193A,A01,083224,Staff,0,6,30,30
1650928705101,MATH 193A,A02,083225,Staff,0,7,30,30
1650928705101,MATH 193A,A03,083781,Staff,0,6,30,30
1650928705101,MATH 193A,A04,083782,Staff,0,7,30,30
1650928711126,MATH 197,001,091859,McAuley; Julian John,9998,0,9999,1
1650928717180,COGS 9,A01,083615,Staff,0,18,60,60
1650928723202,COGS 11,A01,083617,Boyle; Mary E. T.,15,0,40,25
1650928729226,COGS 13,A01,083071,Staff,0,39,40,40
1650928735255,COGS 14A,A01,092681,Staff,0,39,100,100
1650928741279,COGS 14B,A01,083073,Cheng; Tzu-Han,0,12,50,50
1650928747301,COGS 17,A01,092677,Staff,9,0,75,66
1650928753334,COGS 100,A01,083619,Staff,0,30,60,60
1650928759360,COGS 101A,A01,083621,Davis; Joshua Daniel,0,29,60,60
1650928765383,COGS 101B,A01,091572,Staff,0,5,60,60
1650928771407,COGS 101C,A01,083625,Delgado; Tania,14,0,30,16
1650928777436,COGS 107A,A01,083627,Boyle; Mary E. T.,0,16,60,60
1650928783462,COGS 118A,A01,083075,Staff,0,10,60,60
1650928789486,CSE 3,A50,083646,Miranda; Gregory Joseph,15,0,38,23
1650928789486,CSE 3,A51,083647,Miranda; Gregory Joseph,36,0,37,1
1650928795512,CSE 8A,A50,083650,Miranda; Gregory Joseph,0,31,40,40
1650928801535,CSE 11,A01,083080,Cao; Yingjun,0,98,40,40
1650928807563,CSE 12,A01,083652,Staff,0,23,100,100
1650928813585,CSE 15L,A01,083654,Staff,0,3,50,50
1650928813585,CSE 15L,A02,083655,Staff,0,3,50,50
1650928819607,CSE 20,A01,083657,Staff,48,0,80,32
1650928825633,CSE 30,A01,083084,Eldon; John,40,77,80,40
1650928831667,CSE 100,A01,083659,Cao; Yingjun,0,70,50,50
1650928837689,CSE 134B,A01,083661,Powell; Thomas Allan,0,38,65,65
1650928843803,CSE 140,A01,083663,Staff,1,13,75,74
1650928849832,CSE 140L,A01,083088,Eldon; John,25,21,100,75
1650928855855,CSE 175,A01,083665,Kumar; Rakesh,2,0,25,23
1650928861891,CSE 190,A00,092507,Dubnov; Shlomo,10,0,20,10
1650928867920,ECE 45,A01,083139,Staff,0,6,60,60
1650928873948,ECE 65,A50,083695,Staff,0,6,30,30
1650928879975,ECE 109,A01,091882,Touri; Behrouz,32,0,70,38
1650928886007,ECE 180,A00,083140,Abi Samra; Nicholas Camill,18,0,30,12
1650928886007,ECE 180,B00,083141,Abi Samra; Nicholas Camill,0,0,30,30
1650928892035,MATH 10A,A01,083735,Patchell; Gregory David,2,0,30,28
1650928892035,MATH 10A,A02,083736,Patchell; Gregory David,27,0,30,3
1650928892035,MATH 10A,A03,083737,Patchell; Gregory David,23,0,30,7
1650928898059,MATH 10B,A01,083207,Staff,0,9,30,30
1650928898059,MATH 10B,A02,083208,Staff,1,6,30,29
1650928898059,MATH 10B,B01,083739,Staff,9,0,30,21
1650928898059,MATH 10B,B02,083740,Staff,28,0,30,2
1650928904089,MATH 18,A01,083743,Staff,0,0,30,30
1650928904089,MATH 18,A02,083744,Staff,24,0,30,6
1650928904089,MATH 18,A03,083745,Staff,19,0,30,11
1650928904089,MATH 18,A04,083746,Staff,26,0,30,4
1650928904089,MATH 18,B01,083748,Staff,0,15,30,30
1650928904089,MATH 18,B02,083749,Staff,0,13,30,30
1650928904089,MATH 18,B03,083750,Staff,0,13,30,30
1650928904089,MATH 18,B04,083751,Staff,0,13,30,30
1650928910118,MATH 20A,A01,083754,Staff,19,0,40,21
1650928916140,MATH 20B,A01,083756,Staff,0,14,30,30
1650928916140,MATH 20B,A02,083757,Staff,0,11,30,30
1650928922168,MATH 20C,A01,083760,Staff,0,17,30,30
1650928922168,MATH 20C,A02,083761,Staff,1,16,30,29
1650928922168,MATH 20C,B01,083762,Staff,9,0,30,21
1650928922168,MATH 20C,B02,083763,Staff,28,0,30,2
1650928928216,MATH 20D,A01,083765,Staff,2,1,30,28
1650928928216,MATH 20D,A02,083766,Staff,3,0,30,27
1650928928216,MATH 20D,A03,083767,Staff,23,0,30,7
1650928934250,MATH 20E,A01,083771,Staff,2,0,30,28
1650928934250,MATH 20E,A02,083772,Staff,13,0,30,17
1650928934250,MATH 20E,B01,083773,Staff,0,0,30,30
1650928934250,MATH 20E,B02,083774,Staff,2,0,30,28
1650928940291,MATH 103A,A01,083777,Staff,0,17,30,30
1650928940291,MATH 103A,A02,083778,Staff,0,15,30,30
1650928940291,MATH 103A,B01,083779,Staff,0,15,30,30
1650928940291,MATH 103A,B02,083780,Staff,0,14,30,30
1650928946317,MATH 105,A01,085443,Staff,0,23,30,30
1650928952342,MATH 109,A01,083213,Anzaldo; Leesa B,0,7,30,30
1650928952342,MATH 109,A02,083214,Anzaldo; Leesa B,0,7,30,30
1650928952342,MATH 109,B01,083215,Anzaldo; Leesa B,0,8,30,30
1650928952342,MATH 109,B02,083216,Anzaldo; Leesa B,0,7,30,30
1650928958369,MATH 142A,A01,083219,Chow; Bennett,0,14,30,30
1650928958369,MATH 142A,A02,083220,Chow; Bennett,0,15,30,30
1650928958369,MATH 142A,B01,083221,Chow; Bennett,0,16,30,30
1650928958369,MATH 142A,B02,083222,Chow; Bennett,0,14,30,30
1650928964395,MATH 193A,A01,083224,Staff,0,6,30,30
1650928964395,MATH 193A,A02,083225,Staff,0,7,30,30
1650928964395,MATH 193A,A03,083781,Staff,0,6,30,30
1650928964395,MATH 193A,A04,083782,Staff,0,7,30,30
1650928970418,MATH 197,001,091859,McAuley; Julian John,9998,0,9999,1
1650928976475,COGS 9,A01,083615,Staff,0,18,60,60
1650928982500,COGS 11,A01,083617,Boyle; Mary E. T.,15,0,40,25
1650928988522,COGS 13,A01,083071,Staff,0,39,40,40
1650928994544,COGS 14A,A01,092681,Staff,0,39,100,100
1650929000569,COGS 14B,A01,083073,Cheng; Tzu-Han,0,12,50,50
1650929006598,COGS 17,A01,092677,Staff,9,0,75,66
1650929012621,COGS 100,A01,083619,Staff,0,30,60,60
1650929018649,COGS 101A,A01,083621,Davis; Joshua Daniel,0,29,60,60
1650929024674,COGS 101B,A01,091572,Staff,0,5,60,60
1650929030698,COGS 101C,A01,083625,Delgado; Tania,14,0,30,16
1650929036724,COGS 107A,A01,083627,Boyle; Mary E. T.,0,16,60,60
1650929042746,COGS 118A,A01,083075,Staff,0,10,60,60
1650929048778,CSE 3,A50,083646,Miranda; Gregory Joseph,15,0,38,23
1650929048778,CSE 3,A51,083647,Miranda; Gregory Joseph,36,0,37,1
1650929054800,CSE 8A,A50,083650,Miranda; Gregory Joseph,0,31,40,40
1650929060823,CSE 11,A01,083080,Cao; Yingjun,0,98,40,40
1650929066848,CSE 12,A01,083652,Staff,0,23,100,100
1650929072874,CSE 15L,A01,083654,Staff,0,3,50,50
1650929072874,CSE 15L,A02,083655,Staff,0,3,50,50
1650929078897,CSE 20,A01,083657,Staff,48,0,80,32
1650929084964,CSE 30,A01,083084,Eldon; John,40,78,80,40
1650929090991,CSE 100,A01,083659,Cao; Yingjun,0,70,50,50
1650929097021,CSE 134B,A01,083661,Powell; Thomas Allan,0,38,65,65
1650929103056,CSE 140,A01,083663,Staff,1,13,75,74
1650929109088,CSE 140L,A01,083088,Eldon; John,25,21,100,75
1650929115111,CSE 175,A01,083665,Kumar; Rakesh,2,0,25,23
1650929121134,CSE 190,A00,092507,Dubnov; Shlomo,10,0,20,10
1650929127157,ECE 45,A01,083139,Staff,0,6,60,60
1650929133202,ECE 65,A50,083695,Staff,0,6,30,30
1650929139224,ECE 109,A01,091882,Touri; Behrouz,32,0,70,38
1650929145250,ECE 180,A00,083140,Abi Samra; Nicholas Camill,18,0,30,12
1650929145250,ECE 180,B00,083141,Abi Samra; Nicholas Camill,0,0,30,30
1650929151273,MATH 10A,A01,083735,Patchell; Gregory David,2,0,30,28
1650929151273,MATH 10A,A02,083736,Patchell; Gregory David,27,0,30,3
1650929151273,MATH 10A,A03,083737,Patchell; Gregory David,23,0,30,7
1650929157298,MATH 10B,A01,083207,Staff,0,9,30,30
1650929157298,MATH 10B,A02,083208,Staff,1,6,30,29
1650929157298,MATH 10B,B01,083739,Staff,9,0,30,21
1650929157298,MATH 10B,B02,083740,Staff,28,0,30,2
1650929163322,MATH 18,A01,083743,Staff,0,0,30,30
1650929163322,MATH 18,A02,083744,Staff,24,0,30,6
1650929163322,MATH 18,A03,083745,Staff,19,0,30,11
1650929163322,MATH 18,A04,083746,Staff,26,0,30,4
1650929163322,MATH 18,B01,083748,Staff,0,15,30,30
1650929163322,MATH 18,B02,083749,Staff,0,13,30,30
1650929163322,MATH 18,B03,083750,Staff,0,13,30,30
1650929163322,MATH 18,B04,083751,Staff,0,13,30,30
1650929169350,MATH 20A,A01,083754,Staff,19,0,40,21
1650929175373,MATH 20B,A01,083756,Staff,0,14,30,30
1650929175373,MATH 20B,A02,083757,Staff,0,11,30,30
1650929181400,MATH 20C,A01,083760,Staff,0,17,30,30
1650929181400,MATH 20C,A02,083761,Staff,1,16,30,29
1650929181400,MATH 20C,B01,083762,Staff,9,0,30,21
1650929181400,MATH 20C,B02,083763,Staff,28,0,30,2
1650929187424,MATH 20D,A01,083765,Staff,2,1,30,28
1650929187424,MATH 20D,A02,083766,Staff,3,0,30,27
1650929187424,MATH 20D,A03,083767,Staff,23,0,30,7
1650929193450,MATH 20E,A01,083771,Staff,2,0,30,28
1650929193450,MATH 20E,A02,083772,Staff,13,0,30,17
1650929193450,MATH 20E,B01,083773,Staff,0,0,30,30
1650929193450,MATH 20E,B02,083774,Staff,2,0,30,28
1650929199482,MATH 103A,A01,083777,Staff,0,17,30,30
1650929199482,MATH 103A,A02,083778,Staff,0,15,30,30
1650929199482,MATH 103A,B01,083779,Staff,0,15,30,30
1650929199482,MATH 103A,B02,083780,Staff,0,14,30,30
1650929205507,MATH 105,A01,085443,Staff,0,23,30,30
1650929211530,MATH 109,A01,083213,Anzaldo; Leesa B,0,7,30,30
1650929211530,MATH 109,A02,083214,Anzaldo; Leesa B,0,7,30,30
1650929211530,MATH 109,B01,083215,Anzaldo; Leesa B,0,8,30,30
1650929211530,MATH 109,B02,083216,Anzaldo; Leesa B,0,7,30,30
1650929217554,MATH 142A,A01,083219,Chow; Bennett,0,14,30,30
1650929217554,MATH 142A,A02,083220,Chow; Bennett,0,15,30,30
1650929217554,MATH 142A,B01,083221,Chow; Bennett,0,16,30,30
1650929217554,MATH 142A,B02,083222,Chow; Bennett,0,14,30,30
1650929223576,MATH 193A,A01,083224,Staff,0,6,30,30
1650929223576,MATH 193A,A02,083225,Staff,0,7,30,30
1650929223576,MATH 193A,A03,083781,Staff,0,6,30,30
1650929223576,MATH 193A,A04,083782,Staff,0,7,30,30
1650929229598,MATH 197,001,091859,McAuley; Julian John,9998,0,9999,1
1650929235648,COGS 9,A01,083615,Staff,0,18,60,60
1650929241678,COGS 11,A01,083617,Boyle; Mary E. T.,15,0,40,25
1650929247711,COGS 13,A01,083071,Staff,0,39,40,40
1650929253734,COGS 14A,A01,092681,Staff,0,39,100,100
1650929259758,COGS 14B,A01,083073,Cheng; Tzu-Han,0,12,50,50
1650929265794,COGS 17,A01,092677,Staff,9,0,75,66
1650929271820,COGS 100,A01,083619,Staff,0,30,60,60
1650929277842,COGS 101A,A01,083621,Davis; Joshua Daniel,0,29,60,60
1650929283870,COGS 101B,A01,091572,Staff,0,5,60,60
1650929289893,COGS 101C,A01,083625,Delgado; Tania,14,0,30,16
1650929295929,COGS 107A,A01,083627,Boyle; Mary E. T.,0,16,60,60
1650929301951,COGS 118A,A01,083075,Staff,0,10,60,60
1650929307984,CSE 3,A50,083646,Miranda; Gregory Joseph,15,0,38,23
1650929307984,CSE 3,A51,083647,Miranda; Gregory Joseph,36,0,37,1
1650929314007,CSE 8A,A50,083650,Miranda; Gregory Joseph,0,31,40,40
1650929320039,CSE 11,A01,083080,Cao; Yingjun,0,98,40,40
1650929326064,CSE 12,A01,083652,Staff,0,23,100,100
1650929332090,CSE 15L,A01,083654,Staff,0,3,50,50
1650929332090,CSE 15L,A02,083655,Staff,0,3,50,50
1650929338131,CSE 20,A01,083657,Staff,48,0,80,32
1650929344154,CSE 30,A01,083084,Eldon; John,40,78,80,40
1650929350219,CSE 100,A01,083659,Cao; Yingjun,0,70,50,50
1650929356242,CSE 134B,A01,083661,Powell; Thomas Allan,0,38,65,65
1650929362263,CSE 140,A01,083663,Staff,1,13,75,74
1650929368292,CSE 140L,A01,083088,Eldon; John,25,21,100,75
1650929374322,CSE 175,A01,083665,Kumar; Rakesh,1,0,25,24
1650929380348,CSE 190,A00,092507,Dubnov; Shlomo,10,0,20,10
1650929386374,ECE 45,A01,083139,Staff,0,6,60,60
1650929392401,ECE 65,A50,083695,Staff,0,6,30,30
1650929398428,ECE 109,A01,091882,Touri; Behrouz,32,0,70,38
1650929404459,ECE 180,A00,083140,Abi Samra; Nicholas Camill,18,0,30,12
1650929404459,ECE 180,B00,083141,Abi Samra; Nicholas Camill,0,0,30,30
1650929410482,MATH 10A,A01,083735,Patchell; Gregory David,2,0,30,28
1650929410482,MATH 10A,A02,083736,Patchell; Gregory David,27,0,30,3
1650929410482,MATH 10A,A03,083737,Patchell; Gregory David,23,0,30,7
1650929416511,MATH 10B,A01,083207,Staff,0,9,30,30
1650929416511,MATH 10B,A02,083208,Staff,1,6,30,29
1650929416511,MATH 10B,B01,083739,Staff,9,0,30,21
1650929416511,MATH 10B,B02,083740,Staff,28,0,30,2
1650929422534,MATH 18,A01,083743,Staff,0,0,30,30
1650929422534,MATH 18,A02,083744,Staff,24,0,30,6
1650929422534,MATH 18,A03,083745,Staff,19,0,30,11
1650929422534,MATH 18,A04,083746,Staff,26,0,30,4
1650929422534,MATH 18,B01,083748,Staff,0,15,30,30
1650929422534,MATH 18,B02,083749,Staff,0,13,30,30
1650929422534,MATH 18,B03,083750,Staff,0,13,30,30
1650929422534,MATH 18,B04,083751,Staff,0,13,30,30
1650929428558,MATH 20A,A01,083754,Staff,19,0,40,21
1650929434582,MATH 20B,A01,083756,Staff,0,14,30,30
1650929434582,MATH 20B,A02,083757,Staff,0,11,30,30
1650929440704,MATH 20C,A01,083760,Staff,0,17,30,30
1650929440704,MATH 20C,A02,083761,Staff,1,16,30,29
1650929440704,MATH 20C,B01,083762,Staff,9,0,30,21
1650929440704,MATH 20C,B02,083763,Staff,28,0,30,2
1650929446729,MATH 20D,A01,083765,Staff,2,1,30,28
1650929446729,MATH 20D,A02,083766,Staff,3,0,30,27
1650929446729,MATH 20D,A03,083767,Staff,23,0,30,7
1650929452753,MATH 20E,A01,083771,Staff,2,0,30,28
1650929452753,MATH 20E,A02,083772,Staff,13,0,30,17
1650929452753,MATH 20E,B01,083773,Staff,0,0,30,30
1650929452753,MATH 20E,B02,083774,Staff,2,0,30,28
1650929458780,MATH 103A,A01,083777,Staff,0,17,30,30
1650929458780,MATH 103A,A02,083778,Staff,0,15,30,30
1650929458780,MATH 103A,B01,083779,Staff,0,15,30,30
1650929458780,MATH 103A,B02,083780,Staff,0,14,30,30
1650929464802,MATH 105,A01,085443,Staff,0,23,30,30
1650929470829,MATH 109,A01,083213,Anzaldo; Leesa B,0,7,30,30
1650929470829,MATH 109,A02,083214,Anzaldo; Leesa B,0,7,30,30
1650929470829,MATH 109,B01,083215,Anzaldo; Leesa B,0,8,30,30
1650929470829,MATH 109,B02,083216,Anzaldo; Leesa B,0,7,30,30
1650929476861,MATH 142A,A01,083219,Chow; Bennett,0,14,30,30
1650929476861,MATH 142A,A02,083220,Chow; Bennett,0,15,30,30
1650929476861,MATH 142A,B01,083221,Chow; Bennett,0,16,30,30
1650929476861,MATH 142A,B02,083222,Chow; Bennett,0,14,30,30
1650929482897,MATH 193A,A01,083224,Staff,0,6,30,30
1650929482897,MATH 193A,A02,083225,Staff,0,7,30,30
1650929482897,MATH 193A,A03,083781,Staff,0,6,30,30
1650929482897,MATH 193A,A04,083782,Staff,0,7,30,30
1650929488929,MATH 197,001,091859,McAuley; Julian John,9998,0,9999,1
1650929494994,COGS 9,A01,083615,Staff,0,18,60,60
1650929501021,COGS 11,A01,083617,Boyle; Mary E. T.,15,0,40,25
1650929507043,COGS 13,A01,083071,Staff,0,39,40,40
1650929513065,COGS 14A,A01,092681,Staff,0,39,100,100
1650929519096,COGS 14B,A01,083073,Cheng; Tzu-Han,0,12,50,50
1650929525121,COGS 17,A01,092677,Staff,9,0,75,66
1650929531144,COGS 100,A01,083619,Staff,0,30,60,60
1650929537173,COGS 101A,A01,083621,Davis; Joshua Daniel,0,29,60,60
1650929543195,COGS 101B,A01,091572,Staff,0,5,60,60
1650929549218,COGS 101C,A01,083625,Delgado; Tania,14,0,30,16
1650929555241,COGS 107A,A01,083627,Boyle; Mary E. T.,0,16,60,60
1650929561264,COGS 118A,A01,083075,Staff,0,10,60,60
1650929567286,CSE 3,A50,083646,Miranda; Gregory Joseph,15,0,38,23
1650929567286,CSE 3,A51,083647,Miranda; Gregory Joseph,36,0,37,1
1650929573316,CSE 8A,A50,083650,Miranda; Gregory Joseph,0,31,40,40
1650929579340,CSE 11,A01,083080,Cao; Yingjun,0,98,40,40
1650929585372,CSE 12,A01,083652,Staff,0,23,100,100
1650929591396,CSE 15L,A01,083654,Staff,0,3,50,50
1650929591396,CSE 15L,A02,083655,Staff,0,3,50,50
1650929597426,CSE 20,A01,083657,Staff,48,0,80,32
1650929603458,CSE 30,A01,083084,Eldon; John,40,78,80,40
1650929609479,CSE 100,A01,083659,Cao; Yingjun,0,71,50,50
1650929615503,CSE 134B,A01,083661,Powell; Thomas Allan,0,38,65,65
1650929621524,CSE 140,A01,083663,Staff,1,13,75,74
1650929627547,CSE 140L,A01,083088,Eldon; John,25,21,100,75
1650929633567,CSE 175,A01,083665,Kumar; Rakesh,1,0,25,24
1650929639591,CSE 190,A00,092507,Dubnov; Shlomo,10,0,20,10
1650929645618,ECE 45,A01,083139,Staff,0,6,60,60
1650929651640,ECE 65,A50,083695,Staff,0,7,30,30
1650929657662,ECE 109,A01,091882,Touri; Behrouz,32,0,70,38
1650929663685,ECE 180,A00,083140,Abi Samra; Nicholas Camill,18,0,30,12
1650929663685,ECE 180,B00,083141,Abi Samra; Nicholas Camill,0,0,30,30
1650929669712,MATH 10A,A01,083735,Patchell; Gregory David,2,0,30,28
1650929669712,MATH 10A,A02,083736,Patchell; Gregory David,27,0,30,3
1650929669712,MATH 10A,A03,083737,Patchell; Gregory David,23,0,30,7
1650929675742,MATH 10B,A01,083207,Staff,0,9,30,30
1650929675742,MATH 10B,A02,083208,Staff,1,6,30,29
1650929675742,MATH 10B,B01,083739,Staff,9,0,30,21
1650929675742,MATH 10B,B02,083740,Staff,28,0,30,2
1650929681766,MATH 18,A01,083743,Staff,0,0,30,30
1650929681766,MATH 18,A02,083744,Staff,24,0,30,6
1650929681766,MATH 18,A03,083745,Staff,19,0,30,11
1650929681766,MATH 18,A04,083746,Staff,26,0,30,4
1650929681766,MATH 18,B01,083748,Staff,0,15,30,30
1650929681766,MATH 18,B02,083749,Staff,0,13,30,30
1650929681766,MATH 18,B03,083750,Staff,0,13,30,30
1650929681766,MATH 18,B04,083751,Staff,0,13,30,30
1650929687788,MATH 20A,A01,083754,Staff,19,0,40,21
1650929693810,MATH 20B,A01,083756,Staff,0,14,30,30
1650929693810,MATH 20B,A02,083757,Staff,0,11,30,30
1650929699841,MATH 20C,A01,083760,Staff,0,17,30,30
1650929699841,MATH 20C,A02,083761,Staff,1,16,30,29
1650929699841,MATH 20C,B01,083762,Staff,9,0,30,21
1650929699841,MATH 20C,B02,083763,Staff,28,0,30,2
1650929705867,MATH 20D,A01,083765,Staff,2,1,30,28
1650929705867,MATH 20D,A02,083766,Staff,3,0,30,27
1650929705867,MATH 20D,A03,083767,Staff,23,0,30,7
1650929711893,MATH 20E,A01,083771,Staff,2,0,30,28
1650929711893,MATH 20E,A02,083772,Staff,13,0,30,17
1650929711893,MATH 20E,B01,083773,Staff,0,0,30,30
1650929711893,MATH 20E,B02,083774,Staff,2,0,30,28
1650929717917,MATH 103A,A01,083777,Staff,0,17,30,30
1650929717917,MATH 103A,A02,083778,Staff,0,15,30,30
1650929717917,MATH 103A,B01,083779,Staff,0,15,30,30
1650929717917,MATH 103A,B02,083780,Staff,0,14,30,30
1650929723939,MATH 105,A01,085443,Staff,0,23,30,30
1650929729964,MATH 109,A01,083213,Anzaldo; Leesa B,0,7,30,30
1650929729964,MATH 109,A02,083214,Anzaldo; Leesa B,0,7,30,30
1650929729964,MATH 109,B01,083215,Anzaldo; Leesa B,0,8,30,30
1650929729964,MATH 109,B02,083216,Anzaldo; Leesa B,0,7,30,30
1650929735996,MATH 142A,A01,083219,Chow; Bennett,0,14,30,30
1650929735996,MATH 142A,A02,083220,Chow; Bennett,0,15,30,30
1650929735996,MATH 142A,B01,083221,Chow; Bennett,0,16,30,30
1650929735996,MATH 142A,B02,083222,Chow; Bennett,0,14,30,30
1650929742022,MATH 193A,A01,083224,Staff,0,6,30,30
1650929742022,MATH 193A,A02,083225,Staff,0,7,30,30
1650929742022,MATH 193A,A03,083781,Staff,0,6,30,30
1650929742022,MATH 193A,A04,083782,Staff,0,7,30,30
1650929748045,MATH 197,001,091859,McAuley; Julian John,9998,0,9999,1
1650929754116,COGS 9,A01,083615,Staff,0,18,60,60
1650929760140,COGS 11,A01,083617,Boyle; Mary E. T.,15,0,40,25
1650929766166,COGS 13,A01,083071,Staff,0,39,40,40
1650929772188,COGS 14A,A01,092681,Staff,0,39,100,100
1650929778211,COGS 14B,A01,083073,Cheng; Tzu-Han,0,12,50,50
1650929784237,COGS 17,A01,092677,Staff,9,0,75,66
1650929790261,COGS 100,A01,083619,Staff,0,30,60,60
1650929796293,COGS 101A,A01,083621,Davis; Joshua Daniel,0,29,60,60
1650929802326,COGS 101B,A01,091572,Staff,0,5,60,60
1650929808349,COGS 101C,A01,083625,Delgado; Tania,14,0,30,16
1650929814371,COGS 107A,A01,083627,Boyle; Mary E. T.,0,16,60,60
1650929820395,COGS 118A,A01,083075,Staff,0,10,60,60
1650929826428,CSE 3,A50,083646,Miranda; Gregory Joseph,15,0,38,23
1650929826428,CSE 3,A51,083647,Miranda; Gregory Joseph,36,0,37,1
1650929832454,CSE 8A,A50,083650,Miranda; Gregory Joseph,0,31,40,40
1650929838481,CSE 11,A01,083080,Cao; Yingjun,0,98,40,40
1650929844507,CSE 12,A01,083652,Staff,0,23,100,100
1650929850545,CSE 15L,A01,083654,Staff,0,3,50,50
1650929850545,CSE 15L,A02,083655,Staff,0,3,50,50
1650929856573,CSE 20,A01,083657,Staff,48,0,80,32
1650929862603,CSE 30,A01,083084,Eldon; John,40,78,80,40
1650929868630,CSE 100,A01,083659,Cao; Yingjun,0,71,50,50
1650929874665,CSE 134B,A01,083661,Powell; Thomas Allan,0,38,65,65
1650929880706,CSE 140,A01,083663,Staff,1,13,75,74
1650929886729,CSE 140L,A01,083088,Eldon; John,25,21,100,75
1650929892753,CSE 175,A01,083665,Kumar; Rakesh,1,0,25,24
1650929898776,CSE 190,A00,092507,Dubnov; Shlomo,10,0,20,10
1650929904803,ECE 45,A01,083139,Staff,0,6,60,60
1650929910825,ECE 65,A50,083695,Staff,0,7,30,30
1650929916865,ECE 109,A01,091882,Touri; Behrouz,32,0,70,38
1650929922888,ECE 180,A00,083140,Abi Samra; Nicholas Camill,18,0,30,12
1650929922888,ECE 180,B00,083141,Abi Samra; Nicholas Camill,0,0,30,30
1650929928914,MATH 10A,A01,083735,Patchell; Gregory David,2,0,30,28
1650929928914,MATH 10A,A02,083736,Patchell; Gregory David,27,0,30,3
1650929928914,MATH 10A,A03,083737,Patchell; Gregory David,23,0,30,7
1650929934939,MATH 10B,A01,083207,Staff,0,9,30,30
1650929934939,MATH 10B,A02,083208,Staff,1,6,30,29
1650929934939,MATH 10B,B01,083739,Staff,9,0,30,21
1650929934939,MATH 10B,B02,083740,Staff,28,0,30,2
1650929940962,MATH 18,A01,083743,Staff,0,0,30,30
1650929940962,MATH 18,A02,083744,Staff,24,0,30,6
1650929940962,MATH 18,A03,083745,Staff,19,0,30,11
1650929940962,MATH 18,A04,083746,Staff,26,0,30,4
1650929940962,MATH 18,B01,083748,Staff,0,15,30,30
1650929940962,MATH 18,B02,083749,Staff,0,13,30,30
1650929940962,MATH 18,B03,083750,Staff,0,13,30,30
1650929940962,MATH 18,B04,083751,Staff,0,13,30,30
1650929946984,MATH 20A,A01,083754,Staff,19,0,40,21
1650929953010,MATH 20B,A01,083756,Staff,0,14,30,30
1650929953010,MATH 20B,A02,083757,Staff,0,11,30,30
1650929959049,MATH 20C,A01,083760,Staff,0,17,30,30
1650929959049,MATH 20C,A02,083761,Staff,1,16,30,29
1650929959049,MATH 20C,B01,083762,Staff,9,0,30,21
1650929959049,MATH 20C,B02,083763,Staff,28,0,30,2
1650929965073,MATH 20D,A01,083765,Staff,2,1,30,28
1650929965073,MATH 20D,A02,083766,Staff,3,0,30,27
1650929965073,MATH 20D,A03,083767,Staff,23,0,30,7
1650929971104,MATH 20E,A01,083771,Staff,2,0,30,28
1650929971104,MATH 20E,A02,083772,Staff,13,0,30,17
1650929971104,MATH 20E,B01,083773,Staff,0,0,30,30
1650929971104,MATH 20E,B02,083774,Staff,2,0,30,28
1650929977133,MATH 103A,A01,083777,Staff,0,17,30,30
1650929977133,MATH 103A,A02,083778,Staff,0,15,30,30
1650929977133,MATH 103A,B01,083779,Staff,0,15,30,30
1650929977133,MATH 103A,B02,083780,Staff,0,14,30,30
1650929983156,MATH 105,A01,085443,Staff,0,23,30,30
1650929989179,MATH 109,A01,083213,Anzaldo; Leesa B,0,7,30,30
1650929989179,MATH 109,A02,083214,Anzaldo; Leesa B,0,7,30,30
1650929989179,MATH 109,B01,083215,Anzaldo; Leesa B,0,8,30,30
1650929989179,MATH 109,B02,083216,Anzaldo; Leesa B,0,7,30,30
1650929995207,MATH 142A,A01,083219,Chow; Bennett,0,14,30,30
1650929995207,MATH 142A,A02,083220,Chow; Bennett,0,15,30,30
1650929995207,MATH 142A,B01,083221,Chow; Bennett,0,16,30,30
1650929995207,MATH 142A,B02,083222,Chow; Bennett,0,14,30,30
1650930001233,MATH 193A,A01,083224,Staff,0,6,30,30
1650930001233,MATH 193A,A02,083225,Staff,0,7,30,30
1650930001233,MATH 193A,A03,083781,Staff,0,6,30,30
1650930001233,MATH 193A,A04,083782,Staff,0,7,30,30
1650930007272,MATH 197,001,091859,McAuley; Julian John,9998,0,9999,1
1650930013364,COGS 9,A01,083615,Staff,0,18,60,60
1650930019388,COGS 11,A01,083617,Boyle; Mary E. T.,15,0,40,25
1650930025411,COGS 13,A01,083071,Staff,0,40,40,40
1650930031524,COGS 14A,A01,092681,Staff,0,39,100,100
1650930037549,COGS 14B,A01,083073,Cheng; Tzu-Han,0,12,50,50
1650930043577,COGS 17,A01,092677,Staff,9,0,75,66
1650930049602,COGS 100,A01,083619,Staff,0,31,60,60
1650930055624,COGS 101A,A01,083621,Davis; Joshua Daniel,0,29,60,60
1650930061651,COGS 101B,A01,091572,Staff,0,5,60,60
1650930067672,COGS 101C,A01,083625,Delgado; Tania,14,0,30,16
1650930073700,COGS 107A,A01,083627,Boyle; Mary E. T.,0,16,60,60
1650930079739,COGS 118A,A01,083075,Staff,0,10,60,60
1650930085764,CSE 3,A50,083646,Miranda; Gregory Joseph,15,0,38,23
1650930085764,CSE 3,A51,083647,Miranda; Gregory Joseph,36,0,37,1
1650930091789,CSE 8A,A50,083650,Miranda; Gregory Joseph,0,31,40,40
1650930097813,CSE 11,A01,083080,Cao; Yingjun,0,98,40,40
1650930103847,CSE 12,A01,083652,Staff,0,23,100,100
1650930109879,CSE 15L,A01,083654,Staff,0,3,50,50
1650930109879,CSE 15L,A02,083655,Staff,0,3,50,50
1650930115910,CSE 20,A01,083657,Staff,48,0,80,32
1650930121934,CSE 30,A01,083084,Eldon; John,40,78,80,40
1650930127959,CSE 100,A01,083659,Cao; Yingjun,0,71,50,50
1650930133983,CSE 134B,A01,083661,Powell; Thomas Allan,0,38,65,65
1650930140016,CSE 140,A01,083663,Staff,1,13,75,74
1650930146058,CSE 140L,A01,083088,Eldon; John,25,21,100,75
1650930152081,CSE 175,A01,083665,Kumar; Rakesh,1,0,25,24
1650930158106,CSE 190,A00,092507,Dubnov; Shlomo,10,0,20,10
1650930164139,ECE 45,A01,083139,Staff,0,6,60,60
1650930170162,ECE 65,A50,083695,Staff,0,7,30,30
1650930176187,ECE 109,A01,091882,Touri; Behrouz,32,0,70,38
1650930182209,ECE 180,A00,083140,Abi Samra; Nicholas Camill,18,0,30,12
1650930182209,ECE 180,B00,083141,Abi Samra; Nicholas Camill,0,0,30,30
1650930188244,MATH 10A,A01,083735,Patchell; Gregory David,2,0,30,28
1650930188244,MATH 10A,A02,083736,Patchell; Gregory David,27,0,30,3
1650930188244,MATH 10A,A03,083737,Patchell; Gregory David,23,0,30,7
1650930194268,MATH 10B,A01,083207,Staff,0,9,30,30
1650930194268,MATH 10B,A02,083208,Staff,1,6,30,29
1650930194268,MATH 10B,B01,083739,Staff,9,0,30,21
1650930194268,MATH 10B,B02,083740,Staff,28,0,30,2
1650930200292,MATH 18,A01,083743,Staff,0,0,30,30
1650930200292,MATH 18,A02,083744,Staff,24,0,30,6
1650930200292,MATH 18,A03,083745,Staff,19,0,30,11
1650930200292,MATH 18,A04,083746,Staff,26,0,30,4
1650930200292,MATH 18,B01,083748,Staff,0,15,30,30
1650930200292,MATH 18,B02,083749,Staff,0,13,30,30
1650930200292,MATH 18,B03,083750,Staff,0,13,30,30
1650930200292,MATH 18,B04,083751,Staff,0,13,30,30
1650930206329,MATH 20A,A01,083754,Staff,19,0,40,21
1650930212352,MATH 20B,A01,083756,Staff,0,14,30,30
1650930212352,MATH 20B,A02,083757,Staff,0,11,30,30
1650930218387,MATH 20C,A01,083760,Staff,0,17,30,30
1650930218387,MATH 20C,A02,083761,Staff,1,16,30,29
1650930218387,MATH 20C,B01,083762,Staff,9,0,30,21
1650930218387,MATH 20C,B02,083763,Staff,28,0,30,2
1650930224417,MATH 20D,A01,083765,Staff,2,1,30,28
1650930224417,MATH 20D,A02,083766,Staff,3,0,30,27
1650930224417,MATH 20D,A03,083767,Staff,23,0,30,7
1650930230444,MATH 20E,A01,083771,Staff,2,0,30,28
1650930230444,MATH 20E,A02,083772,Staff,13,0,30,17
1650930230444,MATH 20E,B01,083773,Staff,0,0,30,30
1650930230444,MATH 20E,B02,083774,Staff,2,0,30,28
1650930236472,MATH 103A,A01,083777,Staff,0,17,30,30
1650930236472,MATH 103A,A02,083778,Staff,0,15,30,30
1650930236472,MATH 103A,B01,083779,Staff,0,15,30,30
1650930236472,MATH 103A,B02,083780,Staff,0,14,30,30
1650930242496,MATH 105,A01,085443,Staff,0,23,30,30
1650930248526,MATH 109,A01,083213,Anzaldo; Leesa B,0,7,30,30
1650930248526,MATH 109,A02,083214,Anzaldo; Leesa B,0,7,30,30
1650930248526,MATH 109,B01,083215,Anzaldo; Leesa B,0,8,30,30
1650930248526,MATH 109,B02,083216,Anzaldo; Leesa B,0,7,30,30
1650930254548,MATH 142A,A01,083219,Chow; Bennett,0,14,30,30
1650930254548,MATH 142A,A02,083220,Chow; Bennett,0,15,30,30
1650930254548,MATH 142A,B01,083221,Chow; Bennett,0,16,30,30
1650930254548,MATH 142A,B02,083222,Chow; Bennett,0,14,30,30
1650930260573,MATH 193A,A01,083224,Staff,0,6,30,30
1650930260573,MATH 193A,A02,083225,Staff,0,7,30,30
1650930260573,MATH 193A,A03,083781,Staff,0,6,30,30
1650930260573,MATH 193A,A04,083782,Staff,0,7,30,30
1650930266595,MATH 197,001,091859,McAuley; Julian John,9998,0,9999,1
1650930272650,COGS 9,A01,083615,Staff,0,18,60,60
1650930278686,COGS 11,A01,083617,Boyle; Mary E. T.,15,0,40,25
1650930284709,COGS 13,A01,083071,Staff,0,40,40,40
1650930290735,COGS 14A,A01,092681,Staff,0,39,100,100
1650930296758,COGS 14B,A01,083073,Cheng; Tzu-Han,0,12,50,50
1650930302786,COGS 17,A01,092677,Staff,9,0,75,66
1650930308814,COGS 100,A01,083619,Staff,0,31,60,60
1650930314838,COGS 101A,A01,083621,Davis; Joshua Daniel,0,29,60,60
1650930320865,COGS 101B,A01,091572,Staff,0,5,60,60
1650930326889,COGS 101C,A01,083625,Delgado; Tania,14,0,30,16
1650930332913,COGS 107A,A01,083627,Boyle; Mary E. T.,0,16,60,60
1650930338949,COGS 118A,A01,083075,Staff,0,10,60,60
1650930344991,CSE 3,A50,083646,Miranda; Gregory Joseph,15,0,38,23
1650930344991,CSE 3,A51,083647,Miranda; Gregory Joseph,36,0,37,1
1650930351014,CSE 8A,A50,083650,Miranda; Gregory Joseph,0,31,40,40
1650930357060,CSE 11,A01,083080,Cao; Yingjun,0,98,40,40
1650930363082,CSE 12,A01,083652,Staff,0,23,100,100
1650930369106,CSE 15L,A01,083654,Staff,0,3,50,50
1650930369106,CSE 15L,A02,083655,Staff,0,3,50,50
1650930375139,CSE 20,A01,083657,Staff,48,0,80,32
1650930381164,CSE 30,A01,083084,Eldon; John,40,78,80,40
1650930387186,CSE 100,A01,083659,Cao; Yingjun,0,71,50,50
1650930393210,CSE 134B,A01,083661,Powell; Thomas Allan,0,38,65,65
1650930399233,CSE 140,A01,083663,Staff,1,13,75,74
1650930405259,CSE 140L,A01,083088,Eldon; John,25,21,100,75
1650930411280,CSE 175,A01,083665,Kumar; Rakesh,1,0,25,24
1650930417303,CSE 190,A00,092507,Dubnov; Shlomo,10,0,20,10
1650930423326,ECE 45,A01,083139,Staff,0,6,60,60
1650930429354,ECE 65,A50,083695,Staff,0,7,30,30
1650930435376,ECE 109,A01,091882,Touri; Behrouz,32,0,70,38
1650930441410,ECE 180,A00,083140,Abi Samra; Nicholas Camill,18,0,30,12
1650930441410,ECE 180,B00,083141,Abi Samra; Nicholas Camill,0,0,30,30
1650930447433,MATH 10A,A01,083735,Patchell; Gregory David,2,0,30,28
1650930447433,MATH 10A,A02,083736,Patchell; Gregory David,27,0,30,3
1650930447433,MATH 10A,A03,083737,Patchell; Gregory David,23,0,30,7
1650930453456,MATH 10B,A01,083207,Staff,0,9,30,30
1650930453456,MATH 10B,A02,083208,Staff,1,6,30,29
1650930453456,MATH 10B,B01,083739,Staff,9,0,30,21
1650930453456,MATH 10B,B02,083740,Staff,28,0,30,2
1650930459481,MATH 18,A01,083743,Staff,0,0,30,30
1650930459481,MATH 18,A02,083744,Staff,24,0,30,6
1650930459481,MATH 18,A03,083745,Staff,19,0,30,11
1650930459481,MATH 18,A04,083746,Staff,26,0,30,4
1650930459481,MATH 18,B01,083748,Staff,0,15,30,30
1650930459481,MATH 18,B02,083749,Staff,0,13,30,30
1650930459481,MATH 18,B03,083750,Staff,0,13,30,30
1650930459481,MATH 18,B04,083751,Staff,0,13,30,30
1650930465507,MATH 20A,A01,083754,Staff,19,0,40,21
1650930471533,MATH 20B,A01,083756,Staff,0,14,30,30
1650930471533,MATH 20B,A02,083757,Staff,0,11,30,30
1650930477564,MATH 20C,A01,083760,Staff,0,17,30,30
1650930477564,MATH 20C,A02,083761,Staff,1,16,30,29
1650930477564,MATH 20C,B01,083762,Staff,9,0,30,21
1650930477564,MATH 20C,B02,083763,Staff,28,0,30,2
1650930483590,MATH 20D,A01,083765,Staff,2,1,30,28
1650930483590,MATH 20D,A02,083766,Staff,3,0,30,27
1650930483590,MATH 20D,A03,083767,Staff,23,0,30,7
1650930489614,MATH 20E,A01,083771,Staff,2,0,30,28
1650930489614,MATH 20E,A02,083772,Staff,13,0,30,17
1650930489614,MATH 20E,B01,083773,Staff,0,0,30,30
1650930489614,MATH 20E,B02,083774,Staff,2,0,30,28
1650930495643,MATH 103A,A01,083777,Staff,0,17,30,30
1650930495643,MATH 103A,A02,083778,Staff,0,15,30,30
1650930495643,MATH 103A,B01,083779,Staff,0,15,30,30
1650930495643,MATH 103A,B02,083780,Staff,0,14,30,30
1650930501665,MATH 105,A01,085443,Staff,0,23,30,30
1650930507692,MATH 109,A01,083213,Anzaldo; Leesa B,0,7,30,30
1650930507692,MATH 109,A02,083214,Anzaldo; Leesa B,0,7,30,30
1650930507692,MATH 109,B01,083215,Anzaldo; Leesa B,0,8,30,30
1650930507692,MATH 109,B02,083216,Anzaldo; Leesa B,0,7,30,30
1650930513716,MATH 142A,A01,083219,Chow; Bennett,0,14,30,30
1650930513716,MATH 142A,A02,083220,Chow; Bennett,0,15,30,30
1650930513716,MATH 142A,B01,083221,Chow; Bennett,0,16,30,30
1650930513716,MATH 142A,B02,083222,Chow; Bennett,0,14,30,30
1650930519742,MATH 193A,A01,083224,Staff,0,6,30,30
1650930519742,MATH 193A,A02,083225,Staff,0,7,30,30
1650930519742,MATH 193A,A03,083781,Staff,0,6,30,30
1650930519742,MATH 193A,A04,083782,Staff,0,7,30,30
1650930525767,MATH 197,001,091859,McAuley; Julian John,9998,0,9999,1
1650930531826,COGS 9,A01,083615,Staff,0,18,60,60
1650930537849,COGS 11,A01,083617,Boyle; Mary E. T.,15,0,40,25
1650930543872,COGS 13,A01,083071,Staff,0,40,40,40
1650930549899,COGS 14A,A01,092681,Staff,0,39,100,100
1650930555921,COGS 14B,A01,083073,Cheng; Tzu-Han,0,12,50,50
1650930561947,COGS 17,A01,092677,Staff,9,0,75,66
1650930567971,COGS 100,A01,083619,Staff,0,31,60,60
1650930573996,COGS 101A,A01,083621,Davis; Joshua Daniel,0,29,60,60
1650930580019,COGS 101B,A01,091572,Staff,0,5,60,60
1650930586043,COGS 101C,A01,083625,Delgado; Tania,14,0,30,16
1650930592066,COGS 107A,A01,083627,Boyle; Mary E. T.,0,16,60,60
1650930598092,COGS 118A,A01,083075,Staff,0,10,60,60
1650930604119,CSE 3,A50,083646,Miranda; Gregory Joseph,15,0,38,23
1650930604119,CSE 3,A51,083647,Miranda; Gregory Joseph,36,0,37,1
1650930610153,CSE 8A,A50,083650,Miranda; Gregory Joseph,0,31,40,40
1650930616184,CSE 11,A01,083080,Cao; Yingjun,0,98,40,40
1650930622213,CSE 12,A01,083652,Staff,0,23,100,100
1650930628327,CSE 15L,A01,083654,Staff,0,3,50,50
1650930628327,CSE 15L,A02,083655,Staff,0,3,50,50
1650930634350,CSE 20,A01,083657,Staff,48,0,80,32
1650930640374,CSE 30,A01,083084,Eldon; John,40,78,80,40
1650930646396,CSE 100,A01,083659,Cao; Yingjun,0,71,50,50
1650930652429,CSE 134B,A01,083661,Powell; Thomas Allan,0,38,65,65
1650930658452,CSE 140,A01,083663,Staff,1,13,75,74
1650930664480,CSE 140L,A01,083088,Eldon; John,25,21,100,75
1650930670516,CSE 175,A01,083665,Kumar; Rakesh,1,0,25,24
1650930676548,CSE 190,A00,092507,Dubnov; Shlomo,10,0,20,10
1650930682572,ECE 45,A01,083139,Staff,0,6,60,60
1650930688608,ECE 65,A50,083695,Staff,0,7,30,30
1650930694633,ECE 109,A01,091882,Touri; Behrouz,32,0,70,38
1650930700656,ECE 180,A00,083140,Abi Samra; Nicholas Camill,18,0,30,12
1650930700656,ECE 180,B00,083141,Abi Samra; Nicholas Camill,0,0,30,30
1650930706679,MATH 10A,A01,083735,Patchell; Gregory David,2,0,30,28
1650930706679,MATH 10A,A02,083736,Patchell; Gregory David,27,0,30,3
1650930706679,MATH 10A,A03,083737,Patchell; Gregory David,23,0,30,7
1650930712706,MATH 10B,A01,083207,Staff,0,9,30,30
1650930712706,MATH 10B,A02,083208,Staff,1,6,30,29
1650930712706,MATH 10B,B01,083739,Staff,9,0,30,21
1650930712706,MATH 10B,B02,083740,Staff,28,0,30,2
1650930718731,MATH 18,A01,083743,Staff,0,0,30,30
1650930718731,MATH 18,A02,083744,Staff,24,0,30,6
1650930718731,MATH 18,A03,083745,Staff,19,0,30,11
1650930718731,MATH 18,A04,083746,Staff,26,0,30,4
1650930718731,MATH 18,B01,083748,Staff,0,15,30,30
1650930718731,MATH 18,B02,083749,Staff,0,13,30,30
1650930718731,MATH 18,B03,083750,Staff,0,13,30,30
1650930718731,MATH 18,B04,083751,Staff,0,13,30,30
1650930724758,MATH 20A,A01,083754,Staff,19,0,40,21
1650930730780,MATH 20B,A01,083756,Staff,0,14,30,30
1650930730780,MATH 20B,A02,083757,Staff,0,11,30,30
1650930736802,MATH 20C,A01,083760,Staff,0,17,30,30
1650930736802,MATH 20C,A02,083761,Staff,1,16,30,29
1650930736802,MATH 20C,B01,083762,Staff,9,0,30,21
1650930736802,MATH 20C,B02,083763,Staff,28,0,30,2
1650930742829,MATH 20D,A01,083765,Staff,2,1,30,28
1650930742829,MATH 20D,A02,083766,Staff,3,0,30,27
1650930742829,MATH 20D,A03,083767,Staff,23,0,30,7
1650930748852,MATH 20E,A01,083771,Staff,2,0,30,28
1650930748852,MATH 20E,A02,083772,Staff,13,0,30,17
1650930748852,MATH 20E,B01,083773,Staff,0,0,30,30
1650930748852,MATH 20E,B02,083774,Staff,2,0,30,28
1650930754882,MATH 103A,A01,083777,Staff,0,17,30,30
1650930754882,MATH 103A,A02,083778,Staff,0,15,30,30
1650930754882,MATH 103A,B01,083779,Staff,0,15,30,30
1650930754882,MATH 103A,B02,083780,Staff,0,14,30,30
1650930760908,MATH 105,A01,085443,Staff,0,23,30,30
1650930766936,MATH 109,A01,083213,Anzaldo; Leesa B,0,7,30,30
1650930766936,MATH 109,A02,083214,Anzaldo; Leesa B,0,7,30,30
1650930766936,MATH 109,B01,083215,Anzaldo; Leesa B,0,8,30,30
1650930766936,MATH 109,B02,083216,Anzaldo; Leesa B,0,7,30,30
1650930772960,MATH 142A,A01,083219,Chow; Bennett,0,14,30,30
1650930772960,MATH 142A,A02,083220,Chow; Bennett,0,15,30,30
1650930772960,MATH 142A,B01,083221,Chow; Bennett,0,16,30,30
1650930772960,MATH 142A,B02,083222,Chow; Bennett,0,14,30,30
1650930778987,MATH 193A,A01,083224,Staff,0,6,30,30
1650930778987,MATH 193A,A02,083225,Staff,0,7,30,30
1650930778987,MATH 193A,A03,083781,Staff,0,6,30,30
1650930778987,MATH 193A,A04,083782,Staff,0,7,30,30
1650930785020,MATH 197,001,091859,McAuley; Julian John,9998,0,9999,1
1650930791072,COGS 9,A01,083615,Staff,0,18,60,60
1650930797098,COGS 11,A01,083617,Boyle; Mary E. T.,15,0,40,25
1650930803121,COGS 13,A01,083071,Staff,0,40,40,40
1650930809149,COGS 14A,A01,092681,Staff,0,39,100,100
1650930815173,COGS 14B,A01,083073,Cheng; Tzu-Han,0,12,50,50
1650930821196,COGS 17,A01,092677,Staff,9,0,75,66
1650930827217,COGS 100,A01,083619,Staff,0,31,60,60
1650930833245,COGS 101A,A01,083621,Davis; Joshua Daniel,0,29,60,60
1650930839270,COGS 101B,A01,091572,Staff,0,5,60,60
1650930845297,COGS 101C,A01,083625,Delgado; Tania,14,0,30,16
1650930851334,COGS 107A,A01,083627,Boyle; Mary E. T.,0,16,60,60
1650930857359,COGS 118A,A01,083075,Staff,0,10,60,60
1650930863389,CSE 3,A50,083646,Miranda; Gregory Joseph,15,0,38,23
1650930863389,CSE 3,A51,083647,Miranda; Gregory Joseph,36,0,37,1
1650930869410,CSE 8A,A50,083650,Miranda; Gregory Joseph,0,31,40,40
1650930875443,CSE 11,A01,083080,Cao; Yingjun,0,98,40,40
1650930881468,CSE 12,A01,083652,Staff,0,23,100,100
1650930887493,CSE 15L,A01,083654,Staff,0,3,50,50
1650930887493,CSE 15L,A02,083655,Staff,0,3,50,50
1650930893516,CSE 20,A01,083657,Staff,48,0,80,32
1650930899556,CSE 30,A01,083084,Eldon; John,40,78,80,40
1650930905579,CSE 100,A01,083659,Cao; Yingjun,0,71,50,50
1650930911600,CSE 134B,A01,083661,Powell; Thomas Allan,0,38,65,65
1650930917634,CSE 140,A01,083663,Staff,1,13,75,74
1650930923664,CSE 140L,A01,083088,Eldon; John,25,21,100,75
1650930929693,CSE 175,A01,083665,Kumar; Rakesh,1,0,25,24
1650930935721,CSE 190,A00,092507,Dubnov; Shlomo,10,0,20,10
1650930941744,ECE 45,A01,083139,Staff,0,6,60,60
1650930947770,ECE 65,A50,083695,Staff,0,7,30,30
1650930953799,ECE 109,A01,091882,Touri; Behrouz,32,0,70,38
1650930959832,ECE 180,A00,083140,Abi Samra; Nicholas Camill,18,0,30,12
1650930959832,ECE 180,B00,083141,Abi Samra; Nicholas Camill,0,0,30,30
1650930965859,MATH 10A,A01,083735,Patchell; Gregory David,2,0,30,28
1650930965859,MATH 10A,A02,083736,Patchell; Gregory David,27,0,30,3
1650930965859,MATH 10A,A03,083737,Patchell; Gregory David,23,0,30,7
1650930971885,MATH 10B,A01,083207,Staff,0,9,30,30
1650930971885,MATH 10B,A02,083208,Staff,1,6,30,29
1650930971885,MATH 10B,B01,083739,Staff,9,0,30,21
1650930971885,MATH 10B,B02,083740,Staff,28,0,30,2
1650930977916,MATH 18,A01,083743,Staff,0,0,30,30
1650930977916,MATH 18,A02,083744,Staff,24,0,30,6
1650930977916,MATH 18,A03,083745,Staff,19,0,30,11
1650930977916,MATH 18,A04,083746,Staff,26,0,30,4
1650930977916,MATH 18,B01,083748,Staff,0,15,30,30
1650930977916,MATH 18,B02,083749,Staff,0,13,30,30
1650930977916,MATH 18,B03,083750,Staff,0,13,30,30
1650930977916,MATH 18,B04,083751,Staff,0,13,30,30
1650930983940,MATH 20A,A01,083754,Staff,19,0,40,21
1650930989968,MATH 20B,A01,083756,Staff,0,14,30,30
1650930989968,MATH 20B,A02,083757,Staff,0,11,30,30
1650930995993,MATH 20C,A01,083760,Staff,0,17,30,30
1650930995993,MATH 20C,A02,083761,Staff,1,16,30,29
1650930995993,MATH 20C,B01,083762,Staff,9,0,30,21
1650930995993,MATH 20C,B02,083763,Staff,28,0,30,2
1650931002028,MATH 20D,A01,083765,Staff,2,1,30,28
1650931002028,MATH 20D,A02,083766,Staff,3,0,30,27
1650931002028,MATH 20D,A03,083767,Staff,23,0,30,7
1650931008056,MATH 20E,A01,083771,Staff,2,0,30,28
1650931008056,MATH 20E,A02,083772,Staff,13,0,30,17
1650931008056,MATH 20E,B01,083773,Staff,0,0,30,30
1650931008056,MATH 20E,B02,083774,Staff,2,0,30,28
1650931014085,MATH 103A,A01,083777,Staff,0,17,30,30
1650931014085,MATH 103A,A02,083778,Staff,0,15,30,30
1650931014085,MATH 103A,B01,083779,Staff,0,15,30,30
1650931014085,MATH 103A,B02,083780,Staff,0,14,30,30
1650931020108,MATH 105,A01,085443,Staff,0,23,30,30
1650931026137,MATH 109,A01,083213,Anzaldo; Leesa B,0,7,30,30
1650931026137,MATH 109,A02,083214,Anzaldo; Leesa B,0,7,30,30
1650931026137,MATH 109,B01,083215,Anzaldo; Leesa B,0,8,30,30
1650931026137,MATH 109,B02,083216,Anzaldo; Leesa B,0,7,30,30
1650931032161,MATH 142A,A01,083219,Chow; Bennett,0,14,30,30
1650931032161,MATH 142A,A02,083220,Chow; Bennett,0,15,30,30
1650931032161,MATH 142A,B01,083221,Chow; Bennett,0,16,30,30
1650931032161,MATH 142A,B02,083222,Chow; Bennett,0,14,30,30
1650931038185,MATH 193A,A01,083224,Staff,0,6,30,30
1650931038185,MATH 193A,A02,083225,Staff,0,7,30,30
1650931038185,MATH 193A,A03,083781,Staff,0,6,30,30
1650931038185,MATH 193A,A04,083782,Staff,0,7,30,30
1650931044210,MATH 197,001,091859,McAuley; Julian John,9998,0,9999,1
1650931050259,COGS 9,A01,083615,Staff,0,18,60,60
1650931056289,COGS 11,A01,083617,Boyle; Mary E. T.,15,0,40,25
1650931062316,COGS 13,A01,083071,Staff,0,40,40,40
1650931068339,COGS 14A,A01,092681,Staff,0,39,100,100
1650931074366,COGS 14B,A01,083073,Cheng; Tzu-Han,0,12,50,50
1650931080389,COGS 17,A01,092677,Staff,9,0,75,66
1650931086413,COGS 100,A01,083619,Staff,0,31,60,60
1650931092437,COGS 101A,A01,083621,Davis; Joshua Daniel,0,29,60,60
1650931098462,COGS 101B,A01,091572,Staff,0,5,60,60
1650931104485,COGS 101C,A01,083625,Delgado; Tania,14,0,30,16
1650931110512,COGS 107A,A01,083627,Boyle; Mary E. T.,0,16,60,60
1650931116539,COGS 118A,A01,083075,Staff,0,10,60,60
1650931122566,CSE 3,A50,083646,Miranda; Gregory Joseph,15,0,38,23
1650931122566,CSE 3,A51,083647,Miranda; Gregory Joseph,36,0,37,1
1650931128593,CSE 8A,A50,083650,Miranda; Gregory Joseph,0,31,40,40
1650931134618,CSE 11,A01,083080,Cao; Yingjun,0,98,40,40
1650931140642,CSE 12,A01,083652,Staff,0,23,100,100
1650931146671,CSE 15L,A01,083654,Staff,0,3,50,50
1650931146671,CSE 15L,A02,083655,Staff,0,3,50,50
1650931152695,CSE 20,A01,083657,Staff,48,0,80,32
1650931158731,CSE 30,A01,083084,Eldon; John,40,78,80,40
1650931164755,CSE 100,A01,083659,Cao; Yingjun,0,71,50,50
1650931170778,CSE 134B,A01,083661,Powell; Thomas Allan,0,38,65,65
1650931176802,CSE 140,A01,083663,Staff,1,13,75,74
1650931182825,CSE 140L,A01,083088,Eldon; John,25,21,100,75
1650931188854,CSE 175,A01,083665,Kumar; Rakesh,1,0,25,24
1650931194879,CSE 190,A00,092507,Dubnov; Shlomo,10,0,20,10
1650931200909,ECE 45,A01,083139,Staff,0,6,60,60
1650931206931,ECE 65,A50,083695,Staff,0,7,30,30
1650931212954,ECE 109,A01,091882,Touri; Behrouz,32,0,70,38
1650931218981,ECE 180,A00,083140,Abi Samra; Nicholas Camill,18,0,30,12
1650931218981,ECE 180,B00,083141,Abi Samra; Nicholas Camill,0,0,30,30
1650931225136,MATH 10A,A01,083735,Patchell; Gregory David,2,0,30,28
1650931225136,MATH 10A,A02,083736,Patchell; Gregory David,27,0,30,3
1650931225136,MATH 10A,A03,083737,Patchell; Gregory David,23,0,30,7
1650931231164,MATH 10B,A01,083207,Staff,0,9,30,30
1650931231164,MATH 10B,A02,083208,Staff,1,6,30,29
1650931231164,MATH 10B,B01,083739,Staff,9,0,30,21
1650931231164,MATH 10B,B02,083740,Staff,28,0,30,2
1650931237190,MATH 18,A01,083743,Staff,0,0,30,30
1650931237190,MATH 18,A02,083744,Staff,24,0,30,6
1650931237190,MATH 18,A03,083745,Staff,19,0,30,11
1650931237190,MATH 18,A04,083746,Staff,26,0,30,4
1650931237190,MATH 18,B01,083748,Staff,0,15,30,30
1650931237190,MATH 18,B02,083749,Staff,0,13,30,30
1650931237190,MATH 18,B03,083750,Staff,0,13,30,30
1650931237190,MATH 18,B04,083751,Staff,0,13,30,30
1650931243213,MATH 20A,A01,083754,Staff,19,0,40,21
1650931249236,MATH 20B,A01,083756,Staff,0,14,30,30
1650931249236,MATH 20B,A02,083757,Staff,0,11,30,30
1650931255272,MATH 20C,A01,083760,Staff,0,17,30,30
1650931255272,MATH 20C,A02,083761,Staff,1,16,30,29
1650931255272,MATH 20C,B01,083762,Staff,9,0,30,21
1650931255272,MATH 20C,B02,083763,Staff,28,0,30,2
1650931261304,MATH 20D,A01,083765,Staff,2,1,30,28
1650931261304,MATH 20D,A02,083766,Staff,3,0,30,27
1650931261304,MATH 20D,A03,083767,Staff,23,0,30,7
1650931267330,MATH 20E,A01,083771,Staff,2,0,30,28
1650931267330,MATH 20E,A02,083772,Staff,13,0,30,17
1650931267330,MATH 20E,B01,083773,Staff,0,0,30,30
1650931267330,MATH 20E,B02,083774,Staff,2,0,30,28
1650931273353,MATH 103A,A01,083777,Staff,0,17,30,30
1650931273353,MATH 103A,A02,083778,Staff,0,15,30,30
1650931273353,MATH 103A,B01,083779,Staff,0,15,30,30
1650931273353,MATH 103A,B02,083780,Staff,0,14,30,30
1650931279375,MATH 105,A01,085443,Staff,0,23,30,30
1650931285403,MATH 109,A01,083213,Anzaldo; Leesa B,0,7,30,30
1650931285403,MATH 109,A02,083214,Anzaldo; Leesa B,0,7,30,30
1650931285403,MATH 109,B01,083215,Anzaldo; Leesa B,0,8,30,30
1650931285403,MATH 109,B02,083216,Anzaldo; Leesa B,0,7,30,30
1650931291428,MATH 142A,A01,083219,Chow; Bennett,0,14,30,30
1650931291428,MATH 142A,A02,083220,Chow; Bennett,0,15,30,30
1650931291428,MATH 142A,B01,083221,Chow; Bennett,0,16,30,30
1650931291428,MATH 142A,B02,083222,Chow; Bennett,0,14,30,30
1650931297450,MATH 193A,A01,083224,Staff,0,6,30,30
1650931297450,MATH 193A,A02,083225,Staff,0,7,30,30
1650931297450,MATH 193A,A03,083781,Staff,0,6,30,30
1650931297450,MATH 193A,A04,083782,Staff,0,7,30,30
1650931303476,MATH 197,001,091859,McAuley; Julian John,9998,0,9999,1
1650931309526,COGS 9,A01,083615,Staff,0,18,60,60
1650931315551,COGS 11,A01,083617,Boyle; Mary E. T.,15,0,40,25
1650931321574,COGS 13,A01,083071,Staff,0,40,40,40
1650931327608,COGS 14A,A01,092681,Staff,0,39,100,100
1650931333635,COGS 14B,A01,083073,Cheng; Tzu-Han,0,12,50,50
1650931339660,COGS 17,A01,092677,Staff,9,0,75,66
1650931345699,COGS 100,A01,083619,Staff,0,31,60,60
1650931351722,COGS 101A,A01,083621,Davis; Joshua Daniel,0,29,60,60
1650931357748,COGS 101B,A01,091572,Staff,0,5,60,60
1650931363782,COGS 101C,A01,083625,Delgado; Tania,14,0,30,16
1650931369806,COGS 107A,A01,083627,Boyle; Mary E. T.,0,16,60,60
1650931375829,COGS 118A,A01,083075,Staff,0,10,60,60
1650931381853,CSE 3,A50,083646,Miranda; Gregory Joseph,15,0,38,23
1650931381853,CSE 3,A51,083647,Miranda; Gregory Joseph,36,0,37,1
1650931387883,CSE 8A,A50,083650,Miranda; Gregory Joseph,0,31,40,40
1650931393907,CSE 11,A01,083080,Cao; Yingjun,0,98,40,40
1650931399931,CSE 12,A01,083652,Staff,0,23,100,100
1650931405959,CSE 15L,A01,083654,Staff,0,3,50,50
1650931405959,CSE 15L,A02,083655,Staff,0,3,50,50
1650931411983,CSE 20,A01,083657,Staff,48,0,80,32
1650931418006,CSE 30,A01,083084,Eldon; John,40,78,80,40
1650931424029,CSE 100,A01,083659,Cao; Yingjun,0,71,50,50
1650931430056,CSE 134B,A01,083661,Powell; Thomas Allan,0,38,65,65
1650931436083,CSE 140,A01,083663,Staff,1,13,75,74
1650931442117,CSE 140L,A01,083088,Eldon; John,25,21,100,75
1650931448141,CSE 175,A01,083665,Kumar; Rakesh,1,0,25,24
1650931454168,CSE 190,A00,092507,Dubnov; Shlomo,10,0,20,10
1650931460196,ECE 45,A01,083139,Staff,0,6,60,60
1650931466219,ECE 65,A50,083695,Staff,0,7,30,30
1650931472244,ECE 109,A01,091882,Touri; Behrouz,32,0,70,38
1650931478271,ECE 180,A00,083140,Abi Samra; Nicholas Camill,18,0,30,12
1650931478271,ECE 180,B00,083141,Abi Samra; Nicholas Camill,0,0,30,30
1650931484293,MATH 10A,A01,083735,Patchell; Gregory David,2,0,30,28
1650931484293,MATH 10A,A02,083736,Patchell; Gregory David,27,0,30,3
1650931484293,MATH 10A,A03,083737,Patchell; Gregory David,23,0,30,7
1650931490317,MATH 10B,A01,083207,Staff,0,9,30,30
1650931490317,MATH 10B,A02,083208,Staff,1,6,30,29
1650931490317,MATH 10B,B01,083739,Staff,9,0,30,21
1650931490317,MATH 10B,B02,083740,Staff,28,0,30,2
1650931496341,MATH 18,A01,083743,Staff,0,0,30,30
1650931496341,MATH 18,A02,083744,Staff,24,0,30,6
1650931496341,MATH 18,A03,083745,Staff,19,0,30,11
1650931496341,MATH 18,A04,083746,Staff,26,0,30,4
1650931496341,MATH 18,B01,083748,Staff,0,15,30,30
1650931496341,MATH 18,B02,083749,Staff,0,13,30,30
1650931496341,MATH 18,B03,083750,Staff,0,13,30,30
1650931496341,MATH 18,B04,083751,Staff,0,13,30,30
1650931502365,MATH 20A,A01,083754,Staff,19,0,40,21
1650931508394,MATH 20B,A01,083756,Staff,0,14,30,30
1650931508394,MATH 20B,A02,083757,Staff,0,11,30,30
1650931514421,MATH 20C,A01,083760,Staff,0,17,30,30
1650931514421,MATH 20C,A02,083761,Staff,1,16,30,29
1650931514421,MATH 20C,B01,083762,Staff,9,0,30,21
1650931514421,MATH 20C,B02,083763,Staff,28,0,30,2
1650931520446,MATH 20D,A01,083765,Staff,2,1,30,28
1650931520446,MATH 20D,A02,083766,Staff,3,0,30,27
1650931520446,MATH 20D,A03,083767,Staff,23,0,30,7
1650931526469,MATH 20E,A01,083771,Staff,2,0,30,28
1650931526469,MATH 20E,A02,083772,Staff,13,0,30,17
1650931526469,MATH 20E,B01,083773,Staff,0,0,30,30
1650931526469,MATH 20E,B02,083774,Staff,2,0,30,28
1650931532499,MATH 103A,A01,083777,Staff,0,17,30,30
1650931532499,MATH 103A,A02,083778,Staff,0,15,30,30
1650931532499,MATH 103A,B01,083779,Staff,0,15,30,30
1650931532499,MATH 103A,B02,083780,Staff,0,14,30,30
1650931538523,MATH 105,A01,085443,Staff,0,23,30,30
1650931544551,MATH 109,A01,083213,Anzaldo; Leesa B,0,7,30,30
1650931544551,MATH 109,A02,083214,Anzaldo; Leesa B,0,7,30,30
1650931544551,MATH 109,B01,083215,Anzaldo; Leesa B,0,8,30,30
1650931544551,MATH 109,B02,083216,Anzaldo; Leesa B,0,7,30,30
1650931550574,MATH 142A,A01,083219,Chow; Bennett,0,14,30,30
1650931550574,MATH 142A,A02,083220,Chow; Bennett,0,15,30,30
1650931550574,MATH 142A,B01,083221,Chow; Bennett,0,16,30,30
1650931550574,MATH 142A,B02,083222,Chow; Bennett,0,14,30,30
1650931556600,MATH 193A,A01,083224,Staff,0,6,30,30
1650931556600,MATH 193A,A02,083225,Staff,0,7,30,30
1650931556600,MATH 193A,A03,083781,Staff,0,6,30,30
1650931556600,MATH 193A,A04,083782,Staff,0,7,30,30
1650931562625,MATH 197,001,091859,McAuley; Julian John,9998,0,9999,1
1650931568698,COGS 9,A01,083615,Staff,0,18,60,60
1650931574726,COGS 11,A01,083617,Boyle; Mary E. T.,15,0,40,25
1650931580754,COGS 13,A01,083071,Staff,0,40,40,40
1650931586779,COGS 14A,A01,092681,Staff,0,39,100,100
1650931592841,COGS 14B,A01,083073,Cheng; Tzu-Han,0,12,50,50
1650931598867,COGS 17,A01,092677,Staff,9,0,75,66
1650931604890,COGS 100,A01,083619,Staff,0,31,60,60
1650931610913,COGS 101A,A01,083621,Davis; Joshua Daniel,0,29,60,60
1650931616937,COGS 101B,A01,091572,Staff,0,5,60,60
1650931622960,COGS 101C,A01,083625,Delgado; Tania,14,0,30,16
1650931628985,COGS 107A,A01,083627,Boyle; Mary E. T.,0,16,60,60
1650931635012,COGS 118A,A01,083075,Staff,0,10,60,60
1650931641040,CSE 3,A50,083646,Miranda; Gregory Joseph,15,0,38,23
1650931641040,CSE 3,A51,083647,Miranda; Gregory Joseph,36,0,37,1
1650931647065,CSE 8A,A50,083650,Miranda; Gregory Joseph,0,31,40,40
1650931653101,CSE 11,A01,083080,Cao; Yingjun,0,98,40,40
1650931659133,CSE 12,A01,083652,Staff,0,23,100,100
1650931665163,CSE 15L,A01,083654,Staff,0,3,50,50
1650931665163,CSE 15L,A02,083655,Staff,0,3,50,50
1650931671188,CSE 20,A01,083657,Staff,48,0,80,32
1650931677214,CSE 30,A01,083084,Eldon; John,40,78,80,40
1650931683242,CSE 100,A01,083659,Cao; Yingjun,0,71,50,50
1650931689266,CSE 134B,A01,083661,Powell; Thomas Allan,0,38,65,65
1650931695292,CSE 140,A01,083663,Staff,1,13,75,74
1650931701322,CSE 140L,A01,083088,Eldon; John,25,21,100,75
1650931707346,CSE 175,A01,083665,Kumar; Rakesh,1,0,25,24
1650931713381,CSE 190,A00,092507,Dubnov; Shlomo,10,0,20,10
1650931719404,ECE 45,A01,083139,Staff,0,6,60,60
1650931725428,ECE 65,A50,083695,Staff,0,7,30,30
1650931731457,ECE 109,A01,091882,Touri; Behrouz,32,0,70,38
1650931737482,ECE 180,A00,083140,Abi Samra; Nicholas Camill,18,0,30,12
1650931737482,ECE 180,B00,083141,Abi Samra; Nicholas Camill,0,0,30,30
1650931743510,MATH 10A,A01,083735,Patchell; Gregory David,2,0,30,28
1650931743510,MATH 10A,A02,083736,Patchell; Gregory David,27,0,30,3
1650931743510,MATH 10A,A03,083737,Patchell; Gregory David,23,0,30,7
1650931749536,MATH 10B,A01,083207,Staff,0,9,30,30
1650931749536,MATH 10B,A02,083208,Staff,1,6,30,29
1650931749536,MATH 10B,B01,083739,Staff,9,0,30,21
1650931749536,MATH 10B,B02,083740,Staff,28,0,30,2
1650931755565,MATH 18,A01,083743,Staff,0,0,30,30
1650931755565,MATH 18,A02,083744,Staff,24,0,30,6
1650931755565,MATH 18,A03,083745,Staff,19,0,30,11
1650931755565,MATH 18,A04,083746,Staff,26,0,30,4
1650931755565,MATH 18,B01,083748,Staff,0,15,30,30
1650931755565,MATH 18,B02,083749,Staff,0,13,30,30
1650931755565,MATH 18,B03,083750,Staff,0,13,30,30
1650931755565,MATH 18,B04,083751,Staff,0,13,30,30
1650931761595,MATH 20A,A01,083754,Staff,19,0,40,21
1650931767619,MATH 20B,A01,083756,Staff,0,14,30,30
1650931767619,MATH 20B,A02,083757,Staff,0,11,30,30
1650931773647,MATH 20C,A01,083760,Staff,0,17,30,30
1650931773647,MATH 20C,A02,083761,Staff,1,16,30,29
1650931773647,MATH 20C,B01,083762,Staff,9,0,30,21
1650931773647,MATH 20C,B02,083763,Staff,28,0,30,2
1650931779680,MATH 20D,A01,083765,Staff,2,1,30,28
1650931779680,MATH 20D,A02,083766,Staff,3,0,30,27
1650931779680,MATH 20D,A03,083767,Staff,23,0,30,7
1650931785710,MATH 20E,A01,083771,Staff,2,0,30,28
1650931785710,MATH 20E,A02,083772,Staff,13,0,30,17
1650931785710,MATH 20E,B01,083773,Staff,0,0,30,30
1650931785710,MATH 20E,B02,083774,Staff,2,0,30,28
1650931791739,MATH 103A,A01,083777,Staff,0,17,30,30
1650931791739,MATH 103A,A02,083778,Staff,0,15,30,30
1650931791739,MATH 103A,B01,083779,Staff,0,15,30,30
1650931791739,MATH 103A,B02,083780,Staff,0,14,30,30
1650931797772,MATH 105,A01,085443,Staff,0,23,30,30
1650931803803,MATH 109,A01,083213,Anzaldo; Leesa B,0,7,30,30
1650931803803,MATH 109,A02,083214,Anzaldo; Leesa B,0,7,30,30
1650931803803,MATH 109,B01,083215,Anzaldo; Leesa B,0,8,30,30
1650931803803,MATH 109,B02,083216,Anzaldo; Leesa B,0,7,30,30
1650931809828,MATH 142A,A01,083219,Chow; Bennett,0,14,30,30
1650931809828,MATH 142A,A02,083220,Chow; Bennett,0,15,30,30
1650931809828,MATH 142A,B01,083221,Chow; Bennett,0,16,30,30
1650931809828,MATH 142A,B02,083222,Chow; Bennett,0,14,30,30
1650931815853,MATH 193A,A01,083224,Staff,0,6,30,30
1650931815853,MATH 193A,A02,083225,Staff,0,7,30,30
1650931815853,MATH 193A,A03,083781,Staff,0,6,30,30
1650931815853,MATH 193A,A04,083782,Staff,0,7,30,30
1650931821967,MATH 197,001,091859,McAuley; Julian John,9998,0,9999,1
1650931828018,COGS 9,A01,083615,Staff,0,18,60,60
1650931834042,COGS 11,A01,083617,Boyle; Mary E. T.,15,0,40,25
1650931840069,COGS 13,A01,083071,Staff,0,40,40,40
1650931846114,COGS 14A,A01,092681,Staff,0,39,100,100
1650931852153,COGS 14B,A01,083073,Cheng; Tzu-Han,0,12,50,50
1650931858177,COGS 17,A01,092677,Staff,9,0,75,66
1650931864205,COGS 100,A01,083619,Staff,0,31,60,60
1650931870229,COGS 101A,A01,083621,Davis; Joshua Daniel,0,29,60,60
1650931876269,COGS 101B,A01,091572,Staff,0,5,60,60
1650931882298,COGS 101C,A01,083625,Delgado; Tania,14,0,30,16
1650931888326,COGS 107A,A01,083627,Boyle; Mary E. T.,0,16,60,60
1650931894360,COGS 118A,A01,083075,Staff,0,10,60,60
1650931900383,CSE 3,A50,083646,Miranda; Gregory Joseph,15,0,38,23
1650931900383,CSE 3,A51,083647,Miranda; Gregory Joseph,36,0,37,1
1650931906410,CSE 8A,A50,083650,Miranda; Gregory Joseph,0,31,40,40
1650931912432,CSE 11,A01,083080,Cao; Yingjun,0,98,40,40
1650931918454,CSE 12,A01,083652,Staff,0,23,100,100
1650931924478,CSE 15L,A01,083654,Staff,0,3,50,50
1650931924478,CSE 15L,A02,083655,Staff,0,3,50,50
1650931930511,CSE 20,A01,083657,Staff,48,0,80,32
1650931936538,CSE 30,A01,083084,Eldon; John,40,78,80,40
1650931942563,CSE 100,A01,083659,Cao; Yingjun,0,71,50,50
1650931948591,CSE 134B,A01,083661,Powell; Thomas Allan,0,38,65,65
1650931954625,CSE 140,A01,083663,Staff,1,13,75,74
1650931960650,CSE 140L,A01,083088,Eldon; John,25,21,100,75
1650931966679,CSE 175,A01,083665,Kumar; Rakesh,1,0,25,24
1650931972707,CSE 190,A00,092507,Dubnov; Shlomo,10,0,20,10
1650931978741,ECE 45,A01,083139,Staff,0,6,60,60
1650931984764,ECE 65,A50,083695,Staff,0,7,30,30
1650931990788,ECE 109,A01,091882,Touri; Behrouz,32,0,70,38
1650931996811,ECE 180,A00,083140,Abi Samra; Nicholas Camill,18,0,30,12
1650931996811,ECE 180,B00,083141,Abi Samra; Nicholas Camill,0,0,30,30
1650932002848,MATH 10A,A01,083735,Patchell; Gregory David,2,0,30,28
1650932002848,MATH 10A,A02,083736,Patchell; Gregory David,27,0,30,3
1650932002848,MATH 10A,A03,083737,Patchell; Gregory David,23,0,30,7
1650932008878,MATH 10B,A01,083207,Staff,0,9,30,30
1650932008878,MATH 10B,A02,083208,Staff,1,6,30,29
1650932008878,MATH 10B,B01,083739,Staff,9,0,30,21
1650932008878,MATH 10B,B02,083740,Staff,28,0,30,2
1650932014901,MATH 18,A01,083743,Staff,0,0,30,30
1650932014901,MATH 18,A02,083744,Staff,24,0,30,6
1650932014901,MATH 18,A03,083745,Staff,19,0,30,11
1650932014901,MATH 18,A04,083746,Staff,26,0,30,4
1650932014901,MATH 18,B01,083748,Staff,0,15,30,30
1650932014901,MATH 18,B02,083749,Staff,0,13,30,30
1650932014901,MATH 18,B03,083750,Staff,0,13,30,30
1650932014901,MATH 18,B04,083751,Staff,0,13,30,30
1650932020937,MATH 20A,A01,083754,Staff,19,0,40,21
1650932026960,MATH 20B,A01,083756,Staff,0,14,30,30
1650932026960,MATH 20B,A02,083757,Staff,0,11,30,30
1650932032988,MATH 20C,A01,083760,Staff,0,17,30,30
1650932032988,MATH 20C,A02,083761,Staff,1,16,30,29
1650932032988,MATH 20C,B01,083762,Staff,9,0,30,21
1650932032988,MATH 20C,B02,083763,Staff,28,0,30,2
1650932039028,MATH 20D,A01,083765,Staff,2,1,30,28
1650932039028,MATH 20D,A02,083766,Staff,3,0,30,27
1650932039028,MATH 20D,A03,083767,Staff,23,0,30,7
1650932045057,MATH 20E,A01,083771,Staff,2,0,30,28
1650932045057,MATH 20E,A02,083772,Staff,13,0,30,17
1650932045057,MATH 20E,B01,083773,Staff,0,0,30,30
1650932045057,MATH 20E,B02,083774,Staff,2,0,30,28
1650932051079,MATH 103A,A01,083777,Staff,0,17,30,30
1650932051079,MATH 103A,A02,083778,Staff,0,15,30,30
1650932051079,MATH 103A,B01,083779,Staff,0,15,30,30
1650932051079,MATH 103A,B02,083780,Staff,0,14,30,30
1650932057103,MATH 105,A01,085443,Staff,0,23,30,30
1650932063136,MATH 109,A01,083213,Anzaldo; Leesa B,0,7,30,30
1650932063136,MATH 109,A02,083214,Anzaldo; Leesa B,0,7,30,30
1650932063136,MATH 109,B01,083215,Anzaldo; Leesa B,0,8,30,30
1650932063136,MATH 109,B02,083216,Anzaldo; Leesa B,0,7,30,30
1650932069162,MATH 142A,A01,083219,Chow; Bennett,0,14,30,30
1650932069162,MATH 142A,A02,083220,Chow; Bennett,0,15,30,30
1650932069162,MATH 142A,B01,083221,Chow; Bennett,0,16,30,30
1650932069162,MATH 142A,B02,083222,Chow; Bennett,0,14,30,30
1650932075194,MATH 193A,A01,083224,Staff,0,6,30,30
1650932075194,MATH 193A,A02,083225,Staff,0,7,30,30
1650932075194,MATH 193A,A03,083781,Staff,0,6,30,30
1650932075194,MATH 193A,A04,083782,Staff,0,7,30,30
1650932081218,MATH 197,001,091859,McAuley; Julian John,9998,0,9999,1
1650932087277,COGS 9,A01,083615,Staff,0,18,60,60
1650932093301,COGS 11,A01,083617,Boyle; Mary E. T.,15,0,40,25
1650932099327,COGS 13,A01,083071,Staff,0,40,40,40
1650932105351,COGS 14A,A01,092681,Staff,0,39,100,100
1650932111381,COGS 14B,A01,083073,Cheng; Tzu-Han,0,12,50,50
1650932117404,COGS 17,A01,092677,Staff,9,0,75,66
1650932123427,COGS 100,A01,083619,Staff,0,31,60,60
1650932129451,COGS 101A,A01,083621,Davis; Joshua Daniel,0,29,60,60
1650932135475,COGS 101B,A01,091572,Staff,0,5,60,60
1650932141497,COGS 101C,A01,083625,Delgado; Tania,14,0,30,16
1650932147520,COGS 107A,A01,083627,Boyle; Mary E. T.,0,16,60,60
1650932153542,COGS 118A,A01,083075,Staff,0,10,60,60
1650932159568,CSE 3,A50,083646,Miranda; Gregory Joseph,15,0,38,23
1650932159568,CSE 3,A51,083647,Miranda; Gregory Joseph,36,0,37,1
1650932165596,CSE 8A,A50,083650,Miranda; Gregory Joseph,0,31,40,40
1650932171617,CSE 11,A01,083080,Cao; Yingjun,0,98,40,40
1650932177642,CSE 12,A01,083652,Staff,0,23,100,100
1650932183667,CSE 15L,A01,083654,Staff,0,3,50,50
1650932183667,CSE 15L,A02,083655,Staff,0,3,50,50
1650932189691,CSE 20,A01,083657,Staff,48,0,80,32
1650932195715,CSE 30,A01,083084,Eldon; John,40,78,80,40
1650932201744,CSE 100,A01,083659,Cao; Yingjun,0,71,50,50
1650932207775,CSE 134B,A01,083661,Powell; Thomas Allan,0,38,65,65
1650932213810,CSE 140,A01,083663,Staff,1,13,75,74
1650932219859,CSE 140L,A01,083088,Eldon; John,25,21,100,75
1650932225886,CSE 175,A01,083665,Kumar; Rakesh,1,0,25,24
1650932231919,CSE 190,A00,092507,Dubnov; Shlomo,10,0,20,10
1650932237943,ECE 45,A01,083139,Staff,0,6,60,60
1650932243984,ECE 65,A50,083695,Staff,0,7,30,30
1650932250013,ECE 109,A01,091882,Touri; Behrouz,32,0,70,38
1650932256044,ECE 180,A00,083140,Abi Samra; Nicholas Camill,18,0,30,12
1650932256044,ECE 180,B00,083141,Abi Samra; Nicholas Camill,0,0,30,30
1650932262079,MATH 10A,A01,083735,Patchell; Gregory David,2,0,30,28
1650932262079,MATH 10A,A02,083736,Patchell; Gregory David,27,0,30,3
1650932262079,MATH 10A,A03,083737,Patchell; Gregory David,23,0,30,7
1650932268116,MATH 10B,A01,083207,Staff,0,9,30,30
1650932268116,MATH 10B,A02,083208,Staff,1,6,30,29
1650932268116,MATH 10B,B01,083739,Staff,9,0,30,21
1650932268116,MATH 10B,B02,083740,Staff,28,0,30,2
1650932274144,MATH 18,A01,083743,Staff,0,0,30,30
1650932274144,MATH 18,A02,083744,Staff,24,0,30,6
1650932274144,MATH 18,A03,083745,Staff,19,0,30,11
1650932274144,MATH 18,A04,083746,Staff,26,0,30,4
1650932274144,MATH 18,B01,083748,Staff,0,15,30,30
1650932274144,MATH 18,B02,083749,Staff,0,13,30,30
1650932274144,MATH 18,B03,083750,Staff,0,13,30,30
1650932274144,MATH 18,B04,083751,Staff,0,13,30,30
1650932280170,MATH 20A,A01,083754,Staff,19,0,40,21
1650932286197,MATH 20B,A01,083756,Staff,0,14,30,30
1650932286197,MATH 20B,A02,083757,Staff,0,11,30,30
1650932292221,MATH 20C,A01,083760,Staff,0,17,30,30
1650932292221,MATH 20C,A02,083761,Staff,1,16,30,29
1650932292221,MATH 20C,B01,083762,Staff,9,0,30,21
1650932292221,MATH 20C,B02,083763,Staff,28,0,30,2
1650932298248,MATH 20D,A01,083765,Staff,2,1,30,28
1650932298248,MATH 20D,A02,083766,Staff,3,0,30,27
1650932298248,MATH 20D,A03,083767,Staff,23,0,30,7
1650932304271,MATH 20E,A01,083771,Staff,2,0,30,28
1650932304271,MATH 20E,A02,083772,Staff,13,0,30,17
1650932304271,MATH 20E,B01,083773,Staff,0,0,30,30
1650932304271,MATH 20E,B02,083774,Staff,2,0,30,28
1650932310297,MATH 103A,A01,083777,Staff,0,17,30,30
1650932310297,MATH 103A,A02,083778,Staff,0,15,30,30
1650932310297,MATH 103A,B01,083779,Staff,0,15,30,30
1650932310297,MATH 103A,B02,083780,Staff,0,14,30,30
1650932316323,MATH 105,A01,085443,Staff,0,23,30,30
1650932322347,MATH 109,A01,083213,Anzaldo; Leesa B,0,7,30,30
1650932322347,MATH 109,A02,083214,Anzaldo; Leesa B,0,7,30,30
1650932322347,MATH 109,B01,083215,Anzaldo; Leesa B,0,8,30,30
1650932322347,MATH 109,B02,083216,Anzaldo; Leesa B,0,7,30,30
1650932328371,MATH 142A,A01,083219,Chow; Bennett,0,14,30,30
1650932328371,MATH 142A,A02,083220,Chow; Bennett,0,15,30,30
1650932328371,MATH 142A,B01,083221,Chow; Bennett,0,16,30,30
1650932328371,MATH 142A,B02,083222,Chow; Bennett,0,14,30,30
1650932334398,MATH 193A,A01,083224,Staff,0,6,30,30
1650932334398,MATH 193A,A02,083225,Staff,0,7,30,30
1650932334398,MATH 193A,A03,083781,Staff,0,6,30,30
1650932334398,MATH 193A,A04,083782,Staff,0,7,30,30
1650932340425,MATH 197,001,091859,McAuley; Julian John,9998,0,9999,1
1650932346493,COGS 9,A01,083615,Staff,0,18,60,60
1650932352517,COGS 11,A01,083617,Boyle; Mary E. T.,15,0,40,25
1650932358541,COGS 13,A01,083071,Staff,0,40,40,40
1650932364569,COGS 14A,A01,092681,Staff,0,39,100,100
1650932370596,COGS 14B,A01,083073,Cheng; Tzu-Han,0,12,50,50
1650932376620,COGS 17,A01,092677,Staff,9,0,75,66
1650932382645,COGS 100,A01,083619,Staff,0,31,60,60
1650932388681,COGS 101A,A01,083621,Davis; Joshua Daniel,0,29,60,60
1650932394705,COGS 101B,A01,091572,Staff,0,5,60,60
1650932400729,COGS 101C,A01,083625,Delgado; Tania,14,0,30,16
1650932406754,COGS 107A,A01,083627,Boyle; Mary E. T.,0,16,60,60
1650932412873,COGS 118A,A01,083075,Staff,0,10,60,60
1650932418903,CSE 3,A50,083646,Miranda; Gregory Joseph,15,0,38,23
1650932418903,CSE 3,A51,083647,Miranda; Gregory Joseph,36,0,37,1
1650932424932,CSE 8A,A50,083650,Miranda; Gregory Joseph,0,31,40,40
1650932430955,CSE 11,A01,083080,Cao; Yingjun,0,98,40,40
1650932436981,CSE 12,A01,083652,Staff,0,23,100,100
1650932443007,CSE 15L,A01,083654,Staff,0,3,50,50
1650932443007,CSE 15L,A02,083655,Staff,0,3,50,50
1650932449029,CSE 20,A01,083657,Staff,48,0,80,32
1650932455052,CSE 30,A01,083084,Eldon; John,40,78,80,40
1650932461080,CSE 100,A01,083659,Cao; Yingjun,0,71,50,50
1650932467118,CSE 134B,A01,083661,Powell; Thomas Allan,0,38,65,65
1650932473152,CSE 140,A01,083663,Staff,1,13,75,74
1650932479177,CSE 140L,A01,083088,Eldon; John,25,21,100,75
1650932485198,CSE 175,A01,083665,Kumar; Rakesh,1,0,25,24
1650932491226,CSE 190,A00,092507,Dubnov; Shlomo,10,0,20,10
1650932497249,ECE 45,A01,083139,Staff,0,6,60,60
1650932503274,ECE 65,A50,083695,Staff,0,7,30,30
1650932509298,ECE 109,A01,091882,Touri; Behrouz,32,0,70,38
1650932515326,ECE 180,A00,083140,Abi Samra; Nicholas Camill,18,0,30,12
1650932515326,ECE 180,B00,083141,Abi Samra; Nicholas Camill,0,0,30,30
1650932521353,MATH 10A,A01,083735,Patchell; Gregory David,2,0,30,28
1650932521353,MATH 10A,A02,083736,Patchell; Gregory David,27,0,30,3
1650932521353,MATH 10A,A03,083737,Patchell; Gregory David,23,0,30,7
1650932527385,MATH 10B,A01,083207,Staff,0,9,30,30
1650932527385,MATH 10B,A02,083208,Staff,1,6,30,29
1650932527385,MATH 10B,B01,083739,Staff,9,0,30,21
1650932527385,MATH 10B,B02,083740,Staff,28,0,30,2
1650932533415,MATH 18,A01,083743,Staff,0,0,30,30
1650932533415,MATH 18,A02,083744,Staff,24,0,30,6
1650932533415,MATH 18,A03,083745,Staff,19,0,30,11
1650932533415,MATH 18,A04,083746,Staff,26,0,30,4
1650932533415,MATH 18,B01,083748,Staff,0,15,30,30
1650932533415,MATH 18,B02,083749,Staff,0,13,30,30
1650932533415,MATH 18,B03,083750,Staff,0,13,30,30
1650932533415,MATH 18,B04,083751,Staff,0,13,30,30
1650932539438,MATH 20A,A01,083754,Staff,19,0,40,21
1650932545462,MATH 20B,A01,083756,Staff,0,14,30,30
1650932545462,MATH 20B,A02,083757,Staff,0,11,30,30
1650932551491,MATH 20C,A01,083760,Staff,0,17,30,30
1650932551491,MATH 20C,A02,083761,Staff,1,16,30,29
1650932551491,MATH 20C,B01,083762,Staff,9,0,30,21
1650932551491,MATH 20C,B02,083763,Staff,28,0,30,2
1650932557523,MATH 20D,A01,083765,Staff,2,1,30,28
1650932557523,MATH 20D,A02,083766,Staff,3,0,30,27
1650932557523,MATH 20D,A03,083767,Staff,23,0,30,7
1650932563547,MATH 20E,A01,083771,Staff,2,0,30,28
1650932563547,MATH 20E,A02,083772,Staff,13,0,30,17
1650932563547,MATH 20E,B01,083773,Staff,0,0,30,30
1650932563547,MATH 20E,B02,083774,Staff,2,0,30,28
1650932569579,MATH 103A,A01,083777,Staff,0,17,30,30
1650932569579,MATH 103A,A02,083778,Staff,0,15,30,30
1650932569579,MATH 103A,B01,083779,Staff,0,15,30,30
1650932569579,MATH 103A,B02,083780,Staff,0,14,30,30
1650932575602,MATH 105,A01,085443,Staff,0,23,30,30
1650932581627,MATH 109,A01,083213,Anzaldo; Leesa B,0,7,30,30
1650932581627,MATH 109,A02,083214,Anzaldo; Leesa B,0,7,30,30
1650932581627,MATH 109,B01,083215,Anzaldo; Leesa B,0,8,30,30
1650932581627,MATH 109,B02,083216,Anzaldo; Leesa B,0,7,30,30
1650932587658,MATH 142A,A01,083219,Chow; Bennett,0,14,30,30
1650932587658,MATH 142A,A02,083220,Chow; Bennett,0,15,30,30
1650932587658,MATH 142A,B01,083221,Chow; Bennett,0,16,30,30
1650932587658,MATH 142A,B02,083222,Chow; Bennett,0,14,30,30
1650932593683,MATH 193A,A01,083224,Staff,0,6,30,30
1650932593683,MATH 193A,A02,083225,Staff,0,7,30,30
1650932593683,MATH 193A,A03,083781,Staff,0,6,30,30
1650932593683,MATH 193A,A04,083782,Staff,0,7,30,30
1650932599709,MATH 197,001,091859,McAuley; Julian John,9998,0,9999,1
1650932605767,COGS 9,A01,083615,Staff,0,18,60,60
1650932611794,COGS 11,A01,083617,Boyle; Mary E. T.,15,0,40,25
1650932617820,COGS 13,A01,083071,Staff,0,40,40,40
1650932623846,COGS 14A,A01,092681,Staff,0,39,100,100
1650932629870,COGS 14B,A01,083073,Cheng; Tzu-Han,0,12,50,50
1650932635896,COGS 17,A01,092677,Staff,9,0,75,66
1650932641919,COGS 100,A01,083619,Staff,0,31,60,60
1650932647942,COGS 101A,A01,083621,Davis; Joshua Daniel,0,29,60,60
1650932653978,COGS 101B,A01,091572,Staff,0,5,60,60
1650932660012,COGS 101C,A01,083625,Delgado; Tania,14,0,30,16
1650932666035,COGS 107A,A01,083627,Boyle; Mary E. T.,0,16,60,60
1650932672059,COGS 118A,A01,083075,Staff,0,10,60,60
1650932678083,CSE 3,A50,083646,Miranda; Gregory Joseph,15,0,38,23
1650932678083,CSE 3,A51,083647,Miranda; Gregory Joseph,36,0,37,1
1650932684108,CSE 8A,A50,083650,Miranda; Gregory Joseph,0,31,40,40
1650932690132,CSE 11,A01,083080,Cao; Yingjun,0,98,40,40
1650932696159,CSE 12,A01,083652,Staff,0,23,100,100
1650932702186,CSE 15L,A01,083654,Staff,0,3,50,50
1650932702186,CSE 15L,A02,083655,Staff,0,3,50,50
1650932708225,CSE 20,A01,083657,Staff,48,0,80,32
1650932714249,CSE 30,A01,083084,Eldon; John,40,78,80,40
1650932720276,CSE 100,A01,083659,Cao; Yingjun,0,71,50,50
1650932726304,CSE 134B,A01,083661,Powell; Thomas Allan,0,38,65,65
1650932732328,CSE 140,A01,083663,Staff,1,13,75,74
1650932738356,CSE 140L,A01,083088,Eldon; John,25,21,100,75
1650932744381,CSE 175,A01,083665,Kumar; Rakesh,1,0,25,24
1650932750407,CSE 190,A00,092507,Dubnov; Shlomo,10,0,20,10
1650932756446,ECE 45,A01,083139,Staff,0,6,60,60
1650932762468,ECE 65,A50,083695,Staff,0,7,30,30
1650932768492,ECE 109,A01,091882,Touri; Behrouz,32,0,70,38
1650932774524,ECE 180,A00,083140,Abi Samra; Nicholas Camill,18,0,30,12
1650932774524,ECE 180,B00,083141,Abi Samra; Nicholas Camill,0,0,30,30
1650932780547,MATH 10A,A01,083735,Patchell; Gregory David,2,0,30,28
1650932780547,MATH 10A,A02,083736,Patchell; Gregory David,27,0,30,3
1650932780547,MATH 10A,A03,083737,Patchell; Gregory David,23,0,30,7
1650932786588,MATH 10B,A01,083207,Staff,0,9,30,30
1650932786588,MATH 10B,A02,083208,Staff,1,6,30,29
1650932786588,MATH 10B,B01,083739,Staff,9,0,30,21
1650932786588,MATH 10B,B02,083740,Staff,28,0,30,2
1650932792617,MATH 18,A01,083743,Staff,0,0,30,30
1650932792617,MATH 18,A02,083744,Staff,24,0,30,6
1650932792617,MATH 18,A03,083745,Staff,19,0,30,11
1650932792617,MATH 18,A04,083746,Staff,26,0,30,4
1650932792617,MATH 18,B01,083748,Staff,0,15,30,30
1650932792617,MATH 18,B02,083749,Staff,0,13,30,30
1650932792617,MATH 18,B03,083750,Staff,0,13,30,30
1650932792617,MATH 18,B04,083751,Staff,0,13,30,30
1650932798659,MATH 20A,A01,083754,Staff,19,0,40,21
1650932804685,MATH 20B,A01,083756,Staff,0,14,30,30
1650932804685,MATH 20B,A02,083757,Staff,0,11,30,30
1650932810707,MATH 20C,A01,083760,Staff,0,17,30,30
1650932810707,MATH 20C,A02,083761,Staff,1,16,30,29
1650932810707,MATH 20C,B01,083762,Staff,9,0,30,21
1650932810707,MATH 20C,B02,083763,Staff,28,0,30,2
1650932816734,MATH 20D,A01,083765,Staff,2,1,30,28
1650932816734,MATH 20D,A02,083766,Staff,3,0,30,27
1650932816734,MATH 20D,A03,083767,Staff,23,0,30,7
1650932822757,MATH 20E,A01,083771,Staff,2,0,30,28
1650932822757,MATH 20E,A02,083772,Staff,13,0,30,17
1650932822757,MATH 20E,B01,083773,Staff,0,0,30,30
1650932822757,MATH 20E,B02,083774,Staff,2,0,30,28
1650932828786,MATH 103A,A01,083777,Staff,0,17,30,30
1650932828786,MATH 103A,A02,083778,Staff,0,15,30,30
1650932828786,MATH 103A,B01,083779,Staff,0,15,30,30
1650932828786,MATH 103A,B02,083780,Staff,0,14,30,30
1650932834809,MATH 105,A01,085443,Staff,0,23,30,30
1650932840845,MATH 109,A01,083213,Anzaldo; Leesa B,0,7,30,30
1650932840845,MATH 109,A02,083214,Anzaldo; Leesa B,0,7,30,30
1650932840845,MATH 109,B01,083215,Anzaldo; Leesa B,0,8,30,30
1650932840845,MATH 109,B02,083216,Anzaldo; Leesa B,0,7,30,30
1650932846876,MATH 142A,A01,083219,Chow; Bennett,0,14,30,30
1650932846876,MATH 142A,A02,083220,Chow; Bennett,0,15,30,30
1650932846876,MATH 142A,B01,083221,Chow; Bennett,0,16,30,30
1650932846876,MATH 142A,B02,083222,Chow; Bennett,0,14,30,30
1650932852912,MATH 193A,A01,083224,Staff,0,6,30,30
1650932852912,MATH 193A,A02,083225,Staff,0,7,30,30
1650932852912,MATH 193A,A03,083781,Staff,0,6,30,30
1650932852912,MATH 193A,A04,083782,Staff,0,7,30,30
1650932858946,MATH 197,001,091859,McAuley; Julian John,9998,0,9999,1
1650932865008,COGS 9,A01,083615,Staff,0,18,60,60
1650932871035,COGS 11,A01,083617,Boyle; Mary E. T.,15,0,40,25
1650932877062,COGS 13,A01,083071,Staff,0,40,40,40
1650932883086,COGS 14A,A01,092681,Staff,0,39,100,100
1650932889108,COGS 14B,A01,083073,Cheng; Tzu-Han,0,12,50,50
1650932895130,COGS 17,A01,092677,Staff,9,0,75,66
1650932901162,COGS 100,A01,083619,Staff,0,31,60,60
1650932907195,COGS 101A,A01,083621,Davis; Joshua Daniel,0,29,60,60
1650932913219,COGS 101B,A01,091572,Staff,0,5,60,60
1650932919245,COGS 101C,A01,083625,Delgado; Tania,14,0,30,16
1650932925272,COGS 107A,A01,083627,Boyle; Mary E. T.,0,16,60,60
1650932931295,COGS 118A,A01,083075,Staff,0,10,60,60
1650932937320,CSE 3,A50,083646,Miranda; Gregory Joseph,15,0,38,23
1650932937320,CSE 3,A51,083647,Miranda; Gregory Joseph,36,0,37,1
1650932943348,CSE 8A,A50,083650,Miranda; Gregory Joseph,0,31,40,40
1650932949369,CSE 11,A01,083080,Cao; Yingjun,0,98,40,40
1650932955398,CSE 12,A01,083652,Staff,0,23,100,100
1650932961421,CSE 15L,A01,083654,Staff,0,3,50,50
1650932961421,CSE 15L,A02,083655,Staff,0,3,50,50
1650932967445,CSE 20,A01,083657,Staff,48,0,80,32
1650932973471,CSE 30,A01,083084,Eldon; John,40,78,80,40
1650932979494,CSE 100,A01,083659,Cao; Yingjun,0,71,50,50
1650932985521,CSE 134B,A01,083661,Powell; Thomas Allan,0,38,65,65
1650932991547,CSE 140,A01,083663,Staff,1,13,75,74
1650932997575,CSE 140L,A01,083088,Eldon; John,25,21,100,75
1650933003604,CSE 175,A01,083665,Kumar; Rakesh,1,0,25,24
1650933009915,CSE 190,A00,092507,Dubnov; Shlomo,10,0,20,10
1650933015938,ECE 45,A01,083139,Staff,0,6,60,60
1650933021964,ECE 65,A50,083695,Staff,0,7,30,30
1650933027989,ECE 109,A01,091882,Touri; Behrouz,32,0,70,38
1650933034019,ECE 180,A00,083140,Abi Samra; Nicholas Camill,18,0,30,12
1650933034019,ECE 180,B00,083141,Abi Samra; Nicholas Camill,0,0,30,30
1650933040046,MATH 10A,A01,083735,Patchell; Gregory David,2,0,30,28
1650933040046,MATH 10A,A02,083736,Patchell; Gregory David,27,0,30,3
1650933040046,MATH 10A,A03,083737,Patchell; Gregory David,23,0,30,7
1650933046071,MATH 10B,A01,083207,Staff,0,9,30,30
1650933046071,MATH 10B,A02,083208,Staff,1,6,30,29
1650933046071,MATH 10B,B01,083739,Staff,9,0,30,21
1650933046071,MATH 10B,B02,083740,Staff,28,0,30,2
1650933052096,MATH 18,A01,083743,Staff,0,0,30,30
1650933052096,MATH 18,A02,083744,Staff,24,0,30,6
1650933052096,MATH 18,A03,083745,Staff,19,0,30,11
1650933052096,MATH 18,A04,083746,Staff,26,0,30,4
1650933052096,MATH 18,B01,083748,Staff,0,15,30,30
1650933052096,MATH 18,B02,083749,Staff,0,13,30,30
1650933052096,MATH 18,B03,083750,Staff,0,13,30,30
1650933052096,MATH 18,B04,083751,Staff,0,13,30,30
1650933058122,MATH 20A,A01,083754,Staff,19,0,40,21
1650933064146,MATH 20B,A01,083756,Staff,0,14,30,30
1650933064146,MATH 20B,A02,083757,Staff,0,11,30,30
1650933070178,MATH 20C,A01,083760,Staff,0,17,30,30
1650933070178,MATH 20C,A02,083761,Staff,1,16,30,29
1650933070178,MATH 20C,B01,083762,Staff,9,0,30,21
1650933070178,MATH 20C,B02,083763,Staff,28,0,30,2
1650933076202,MATH 20D,A01,083765,Staff,2,1,30,28
1650933076202,MATH 20D,A02,083766,Staff,3,0,30,27
1650933076202,MATH 20D,A03,083767,Staff,23,0,30,7
1650933082237,MATH 20E,A01,083771,Staff,2,0,30,28
1650933082237,MATH 20E,A02,083772,Staff,13,0,30,17
1650933082237,MATH 20E,B01,083773,Staff,0,0,30,30
1650933082237,MATH 20E,B02,083774,Staff,2,0,30,28
1650933088266,MATH 103A,A01,083777,Staff,0,17,30,30
1650933088266,MATH 103A,A02,083778,Staff,0,15,30,30
1650933088266,MATH 103A,B01,083779,Staff,0,15,30,30
1650933088266,MATH 103A,B02,083780,Staff,0,14,30,30
1650933094290,MATH 105,A01,085443,Staff,0,23,30,30
1650933100335,MATH 109,A01,083213,Anzaldo; Leesa B,0,7,30,30
1650933100335,MATH 109,A02,083214,Anzaldo; Leesa B,0,7,30,30
1650933100335,MATH 109,B01,083215,Anzaldo; Leesa B,0,8,30,30
1650933100335,MATH 109,B02,083216,Anzaldo; Leesa B,0,7,30,30
1650933106361,MATH 142A,A01,083219,Chow; Bennett,0,14,30,30
1650933106361,MATH 142A,A02,083220,Chow; Bennett,0,15,30,30
1650933106361,MATH 142A,B01,083221,Chow; Bennett,0,16,30,30
1650933106361,MATH 142A,B02,083222,Chow; Bennett,0,14,30,30
1650933112386,MATH 193A,A01,083224,Staff,0,6,30,30
1650933112386,MATH 193A,A02,083225,Staff,0,7,30,30
1650933112386,MATH 193A,A03,083781,Staff,0,6,30,30
1650933112386,MATH 193A,A04,083782,Staff,0,7,30,30
1650933118410,MATH 197,001,091859,McAuley; Julian John,9998,0,9999,1
1650933124464,COGS 9,A01,083615,Staff,0,18,60,60
1650933130488,COGS 11,A01,083617,Boyle; Mary E. T.,15,0,40,25
1650933136511,COGS 13,A01,083071,Staff,0,40,40,40
1650933142545,COGS 14A,A01,092681,Staff,0,39,100,100
1650933148569,COGS 14B,A01,083073,Cheng; Tzu-Han,0,12,50,50
1650933154605,COGS 17,A01,092677,Staff,9,0,75,66
1650933160628,COGS 100,A01,083619,Staff,0,31,60,60
1650933166655,COGS 101A,A01,083621,Davis; Joshua Daniel,0,29,60,60
1650933172678,COGS 101B,A01,091572,Staff,0,5,60,60
1650933178703,COGS 101C,A01,083625,Delgado; Tania,14,0,30,16
1650933184726,COGS 107A,A01,083627,Boyle; Mary E. T.,0,16,60,60
1650933190749,COGS 118A,A01,083075,Staff,0,10,60,60
1650933196776,CSE 3,A50,083646,Miranda; Gregory Joseph,15,0,38,23
1650933196776,CSE 3,A51,083647,Miranda; Gregory Joseph,36,0,37,1
1650933202804,CSE 8A,A50,083650,Miranda; Gregory Joseph,0,31,40,40
1650933208828,CSE 11,A01,083080,Cao; Yingjun,0,98,40,40
1650933214850,CSE 12,A01,083652,Staff,0,23,100,100
1650933220877,CSE 15L,A01,083654,Staff,0,3,50,50
1650933220877,CSE 15L,A02,083655,Staff,0,3,50,50
1650933226903,CSE 20,A01,083657,Staff,48,0,80,32
1650933232925,CSE 30,A01,083084,Eldon; John,40,78,80,40
1650933238948,CSE 100,A01,083659,Cao; Yingjun,0,71,50,50
1650933244971,CSE 134B,A01,083661,Powell; Thomas Allan,0,38,65,65
1650933251003,CSE 140,A01,083663,Staff,1,13,75,74
1650933257033,CSE 140L,A01,083088,Eldon; John,25,21,100,75
1650933263059,CSE 175,A01,083665,Kumar; Rakesh,1,0,25,24
1650933269082,CSE 190,A00,092507,Dubnov; Shlomo,10,0,20,10
1650933275110,ECE 45,A01,083139,Staff,0,6,60,60
1650933281134,ECE 65,A50,083695,Staff,0,7,30,30
1650933287156,ECE 109,A01,091882,Touri; Behrouz,32,0,70,38
1650933293182,ECE 180,A00,083140,Abi Samra; Nicholas Camill,18,0,30,12
1650933293182,ECE 180,B00,083141,Abi Samra; Nicholas Camill,0,0,30,30
1650933299209,MATH 10A,A01,083735,Patchell; Gregory David,2,0,30,28
1650933299209,MATH 10A,A02,083736,Patchell; Gregory David,27,0,30,3
1650933299209,MATH 10A,A03,083737,Patchell; Gregory David,23,0,30,7
1650933305232,MATH 10B,A01,083207,Staff,0,9,30,30
1650933305232,MATH 10B,A02,083208,Staff,1,6,30,29
1650933305232,MATH 10B,B01,083739,Staff,9,0,30,21
1650933305232,MATH 10B,B02,083740,Staff,28,0,30,2
1650933311268,MATH 18,A01,083743,Staff,0,0,30,30
1650933311268,MATH 18,A02,083744,Staff,24,0,30,6
1650933311268,MATH 18,A03,083745,Staff,19,0,30,11
1650933311268,MATH 18,A04,083746,Staff,26,0,30,4
1650933311268,MATH 18,B01,083748,Staff,0,15,30,30
1650933311268,MATH 18,B02,083749,Staff,0,13,30,30
1650933311268,MATH 18,B03,083750,Staff,0,13,30,30
1650933311268,MATH 18,B04,083751,Staff,0,13,30,30
1650933317294,MATH 20A,A01,083754,Staff,19,0,40,21
1650933323318,MATH 20B,A01,083756,Staff,0,14,30,30
1650933323318,MATH 20B,A02,083757,Staff,0,11,30,30
1650933329343,MATH 20C,A01,083760,Staff,0,17,30,30
1650933329343,MATH 20C,A02,083761,Staff,1,16,30,29
1650933329343,MATH 20C,B01,083762,Staff,9,0,30,21
1650933329343,MATH 20C,B02,083763,Staff,28,0,30,2
1650933335379,MATH 20D,A01,083765,Staff,2,1,30,28
1650933335379,MATH 20D,A02,083766,Staff,3,0,30,27
1650933335379,MATH 20D,A03,083767,Staff,23,0,30,7
1650933341409,MATH 20E,A01,083771,Staff,2,0,30,28
1650933341409,MATH 20E,A02,083772,Staff,13,0,30,17
1650933341409,MATH 20E,B01,083773,Staff,0,0,30,30
1650933341409,MATH 20E,B02,083774,Staff,2,0,30,28
1650933347433,MATH 103A,A01,083777,Staff,0,17,30,30
1650933347433,MATH 103A,A02,083778,Staff,0,15,30,30
1650933347433,MATH 103A,B01,083779,Staff,0,15,30,30
1650933347433,MATH 103A,B02,083780,Staff,0,14,30,30
1650933353473,MATH 105,A01,085443,Staff,0,23,30,30
1650933359499,MATH 109,A01,083213,Anzaldo; Leesa B,0,7,30,30
1650933359499,MATH 109,A02,083214,Anzaldo; Leesa B,0,7,30,30
1650933359499,MATH 109,B01,083215,Anzaldo; Leesa B,0,8,30,30
1650933359499,MATH 109,B02,083216,Anzaldo; Leesa B,0,7,30,30
1650933365533,MATH 142A,A01,083219,Chow; Bennett,0,14,30,30
1650933365533,MATH 142A,A02,083220,Chow; Bennett,0,15,30,30
1650933365533,MATH 142A,B01,083221,Chow; Bennett,0,16,30,30
1650933365533,MATH 142A,B02,083222,Chow; Bennett,0,14,30,30
1650933371555,MATH 193A,A01,083224,Staff,0,6,30,30
1650933371555,MATH 193A,A02,083225,Staff,0,7,30,30
1650933371555,MATH 193A,A03,083781,Staff,0,6,30,30
1650933371555,MATH 193A,A04,083782,Staff,0,7,30,30
1650933377584,MATH 197,001,091859,McAuley; Julian John,9998,0,9999,1
1650933383639,COGS 9,A01,083615,Staff,0,18,60,60
1650933389662,COGS 11,A01,083617,Boyle; Mary E. T.,15,0,40,25
1650933395684,COGS 13,A01,083071,Staff,0,40,40,40
1650933401708,COGS 14A,A01,092681,Staff,0,39,100,100
1650933407731,COGS 14B,A01,083073,Cheng; Tzu-Han,0,12,50,50
1650933413754,COGS 17,A01,092677,Staff,9,0,75,66
1650933419792,COGS 100,A01,083619,Staff,0,31,60,60
1650933425815,COGS 101A,A01,083621,Davis; Joshua Daniel,0,29,60,60
1650933431841,COGS 101B,A01,091572,Staff,0,5,60,60
1650933437865,COGS 101C,A01,083625,Delgado; Tania,14,0,30,16
1650933443896,COGS 107A,A01,083627,Boyle; Mary E. T.,0,16,60,60
1650933449918,COGS 118A,A01,083075,Staff,0,10,60,60
1650933455946,CSE 3,A50,083646,Miranda; Gregory Joseph,15,0,38,23
1650933455946,CSE 3,A51,083647,Miranda; Gregory Joseph,36,0,37,1
1650933461970,CSE 8A,A50,083650,Miranda; Gregory Joseph,0,31,40,40
1650933467991,CSE 11,A01,083080,Cao; Yingjun,0,98,40,40
1650933474018,CSE 12,A01,083652,Staff,0,23,100,100
1650933480046,CSE 15L,A01,083654,Staff,0,3,50,50
1650933480046,CSE 15L,A02,083655,Staff,0,3,50,50
1650933486080,CSE 20,A01,083657,Staff,48,0,80,32
1650933492108,CSE 30,A01,083084,Eldon; John,40,78,80,40
1650933498135,CSE 100,A01,083659,Cao; Yingjun,0,71,50,50
1650933504168,CSE 134B,A01,083661,Powell; Thomas Allan,0,39,65,65
1650933510200,CSE 140,A01,083663,Staff,1,14,75,74
1650933516227,CSE 140L,A01,083088,Eldon; John,25,21,100,75
1650933522252,CSE 175,A01,083665,Kumar; Rakesh,1,0,25,24
1650933528278,CSE 190,A00,092507,Dubnov; Shlomo,10,0,20,10
1650933534302,ECE 45,A01,083139,Staff,0,6,60,60
1650933540334,ECE 65,A50,083695,Staff,0,7,30,30
1650933546367,ECE 109,A01,091882,Touri; Behrouz,32,0,70,38
1650933552390,ECE 180,A00,083140,Abi Samra; Nicholas Camill,18,0,30,12
1650933552390,ECE 180,B00,083141,Abi Samra; Nicholas Camill,0,0,30,30
1650933558416,MATH 10A,A01,083735,Patchell; Gregory David,2,0,30,28
1650933558416,MATH 10A,A02,083736,Patchell; Gregory David,27,0,30,3
1650933558416,MATH 10A,A03,083737,Patchell; Gregory David,23,0,30,7
1650933564440,MATH 10B,A01,083207,Staff,0,9,30,30
1650933564440,MATH 10B,A02,083208,Staff,1,6,30,29
1650933564440,MATH 10B,B01,083739,Staff,9,0,30,21
1650933564440,MATH 10B,B02,083740,Staff,28,0,30,2
1650933570469,MATH 18,A01,083743,Staff,0,0,30,30
1650933570469,MATH 18,A02,083744,Staff,24,0,30,6
1650933570469,MATH 18,A03,083745,Staff,19,0,30,11
1650933570469,MATH 18,A04,083746,Staff,26,0,30,4
1650933570469,MATH 18,B01,083748,Staff,0,15,30,30
1650933570469,MATH 18,B02,083749,Staff,0,13,30,30
1650933570469,MATH 18,B03,083750,Staff,0,13,30,30
1650933570469,MATH 18,B04,083751,Staff,0,13,30,30
1650933576496,MATH 20A,A01,083754,Staff,19,0,40,21
1650933582520,MATH 20B,A01,083756,Staff,0,14,30,30
1650933582520,MATH 20B,A02,083757,Staff,0,11,30,30
1650933588545,MATH 20C,A01,083760,Staff,0,17,30,30
1650933588545,MATH 20C,A02,083761,Staff,1,16,30,29
1650933588545,MATH 20C,B01,083762,Staff,9,0,30,21
1650933588545,MATH 20C,B02,083763,Staff,28,0,30,2
1650933594567,MATH 20D,A01,083765,Staff,2,1,30,28
1650933594567,MATH 20D,A02,083766,Staff,3,0,30,27
1650933594567,MATH 20D,A03,083767,Staff,23,0,30,7
1650933600590,MATH 20E,A01,083771,Staff,2,0,30,28
1650933600590,MATH 20E,A02,083772,Staff,13,0,30,17
1650933600590,MATH 20E,B01,083773,Staff,0,0,30,30
1650933600590,MATH 20E,B02,083774,Staff,2,0,30,28
1650933606708,MATH 103A,A01,083777,Staff,0,17,30,30
1650933606708,MATH 103A,A02,083778,Staff,0,15,30,30
1650933606708,MATH 103A,B01,083779,Staff,0,15,30,30
1650933606708,MATH 103A,B02,083780,Staff,0,14,30,30
1650933612744,MATH 105,A01,085443,Staff,0,23,30,30
1650933618771,MATH 109,A01,083213,Anzaldo; Leesa B,0,7,30,30
1650933618771,MATH 109,A02,083214,Anzaldo; Leesa B,0,7,30,30
1650933618771,MATH 109,B01,083215,Anzaldo; Leesa B,0,8,30,30
1650933618771,MATH 109,B02,083216,Anzaldo; Leesa B,0,7,30,30
1650933624800,MATH 142A,A01,083219,Chow; Bennett,0,14,30,30
1650933624800,MATH 142A,A02,083220,Chow; Bennett,0,15,30,30
1650933624800,MATH 142A,B01,083221,Chow; Bennett,0,16,30,30
1650933624800,MATH 142A,B02,083222,Chow; Bennett,0,14,30,30
1650933630829,MATH 193A,A01,083224,Staff,0,6,30,30
1650933630829,MATH 193A,A02,083225,Staff,0,7,30,30
1650933630829,MATH 193A,A03,083781,Staff,0,6,30,30
1650933630829,MATH 193A,A04,083782,Staff,0,7,30,30
1650933636858,MATH 197,001,091859,McAuley; Julian John,9998,0,9999,1
1650933642916,COGS 9,A01,083615,Staff,0,18,60,60
1650933648942,COGS 11,A01,083617,Boyle; Mary E. T.,15,0,40,25
1650933654969,COGS 13,A01,083071,Staff,0,40,40,40
1650933660992,COGS 14A,A01,092681,Staff,0,39,100,100
1650933667016,COGS 14B,A01,083073,Cheng; Tzu-Han,0,12,50,50
1650933673039,COGS 17,A01,092677,Staff,8,0,75,67
1650933679063,COGS 100,A01,083619,Staff,0,31,60,60
1650933685095,COGS 101A,A01,083621,Davis; Joshua Daniel,0,29,60,60
1650933691117,COGS 101B,A01,091572,Staff,0,5,60,60
1650933697143,COGS 101C,A01,083625,Delgado; Tania,14,0,30,16
1650933703169,COGS 107A,A01,083627,Boyle; Mary E. T.,0,16,60,60
1650933709208,COGS 118A,A01,083075,Staff,0,10,60,60
1650933715237,CSE 3,A50,083646,Miranda; Gregory Joseph,15,0,38,23
1650933715237,CSE 3,A51,083647,Miranda; Gregory Joseph,36,0,37,1
1650933721263,CSE 8A,A50,083650,Miranda; Gregory Joseph,0,31,40,40
1650933727286,CSE 11,A01,083080,Cao; Yingjun,0,98,40,40
1650933733318,CSE 12,A01,083652,Staff,0,23,100,100
1650933739342,CSE 15L,A01,083654,Staff,0,3,50,50
1650933739342,CSE 15L,A02,083655,Staff,0,3,50,50
1650933745366,CSE 20,A01,083657,Staff,48,0,80,32
1650933751392,CSE 30,A01,083084,Eldon; John,40,78,80,40
1650933757420,CSE 100,A01,083659,Cao; Yingjun,0,71,50,50
1650933763444,CSE 134B,A01,083661,Powell; Thomas Allan,0,39,65,65
1650933769471,CSE 140,A01,083663,Staff,1,14,75,74
1650933775501,CSE 140L,A01,083088,Eldon; John,25,21,100,75
1650933781526,CSE 175,A01,083665,Kumar; Rakesh,1,0,25,24
1650933787555,CSE 190,A00,092507,Dubnov; Shlomo,10,0,20,10
1650933793582,ECE 45,A01,083139,Staff,0,6,60,60
1650933799607,ECE 65,A50,083695,Staff,0,7,30,30
1650933805638,ECE 109,A01,091882,Touri; Behrouz,32,0,70,38
1650933811661,ECE 180,A00,083140,Abi Samra; Nicholas Camill,18,0,30,12
1650933811661,ECE 180,B00,083141,Abi Samra; Nicholas Camill,0,0,30,30
1650933817688,MATH 10A,A01,083735,Patchell; Gregory David,2,0,30,28
1650933817688,MATH 10A,A02,083736,Patchell; Gregory David,27,0,30,3
1650933817688,MATH 10A,A03,083737,Patchell; Gregory David,23,0,30,7
1650933823712,MATH 10B,A01,083207,Staff,0,9,30,30
1650933823712,MATH 10B,A02,083208,Staff,1,6,30,29
1650933823712,MATH 10B,B01,083739,Staff,9,0,30,21
1650933823712,MATH 10B,B02,083740,Staff,28,0,30,2
1650933829737,MATH 18,A01,083743,Staff,0,0,30,30
1650933829737,MATH 18,A02,083744,Staff,24,0,30,6
1650933829737,MATH 18,A03,083745,Staff,19,0,30,11
1650933829737,MATH 18,A04,083746,Staff,26,0,30,4
1650933829737,MATH 18,B01,083748,Staff,0,15,30,30
1650933829737,MATH 18,B02,083749,Staff,0,13,30,30
1650933829737,MATH 18,B03,083750,Staff,0,13,30,30
1650933829737,MATH 18,B04,083751,Staff,0,13,30,30
1650933835758,MATH 20A,A01,083754,Staff,19,0,40,21
1650933841782,MATH 20B,A01,083756,Staff,0,14,30,30
1650933841782,MATH 20B,A02,083757,Staff,0,11,30,30
1650933847810,MATH 20C,A01,083760,Staff,0,17,30,30
1650933847810,MATH 20C,A02,083761,Staff,1,16,30,29
1650933847810,MATH 20C,B01,083762,Staff,9,0,30,21
1650933847810,MATH 20C,B02,083763,Staff,28,0,30,2
1650933853840,MATH 20D,A01,083765,Staff,2,1,30,28
1650933853840,MATH 20D,A02,083766,Staff,3,0,30,27
1650933853840,MATH 20D,A03,083767,Staff,23,0,30,7
1650933859865,MATH 20E,A01,083771,Staff,2,0,30,28
1650933859865,MATH 20E,A02,083772,Staff,13,0,30,17
1650933859865,MATH 20E,B01,083773,Staff,0,0,30,30
1650933859865,MATH 20E,B02,083774,Staff,2,0,30,28
1650933865893,MATH 103A,A01,083777,Staff,0,17,30,30
1650933865893,MATH 103A,A02,083778,Staff,0,15,30,30
1650933865893,MATH 103A,B01,083779,Staff,0,15,30,30
1650933865893,MATH 103A,B02,083780,Staff,0,14,30,30
1650933871915,MATH 105,A01,085443,Staff,0,23,30,30
1650933877939,MATH 109,A01,083213,Anzaldo; Leesa B,0,7,30,30
1650933877939,MATH 109,A02,083214,Anzaldo; Leesa B,0,7,30,30
1650933877939,MATH 109,B01,083215,Anzaldo; Leesa B,0,8,30,30
1650933877939,MATH 109,B02,083216,Anzaldo; Leesa B,0,7,30,30
1650933883963,MATH 142A,A01,083219,Chow; Bennett,0,14,30,30
1650933883963,MATH 142A,A02,083220,Chow; Bennett,0,15,30,30
1650933883963,MATH 142A,B01,083221,Chow; Bennett,0,16,30,30
1650933883963,MATH 142A,B02,083222,Chow; Bennett,0,14,30,30
1650933889987,MATH 193A,A01,083224,Staff,0,6,30,30
1650933889987,MATH 193A,A02,083225,Staff,0,7,30,30
1650933889987,MATH 193A,A03,083781,Staff,0,6,30,30
1650933889987,MATH 193A,A04,083782,Staff,0,7,30,30
1650933896013,MATH 197,001,091859,McAuley; Julian John,9998,0,9999,1
1650933902065,COGS 9,A01,083615,Staff,0,18,60,60
1650933908086,COGS 11,A01,083617,Boyle; Mary E. T.,15,0,40,25
1650933914108,COGS 13,A01,083071,Staff,0,40,40,40
1650933920136,COGS 14A,A01,092681,Staff,0,38,100,100
1650933926160,COGS 14B,A01,083073,Cheng; Tzu-Han,0,12,50,50
1650933932188,COGS 17,A01,092677,Staff,9,0,75,66
1650933938213,COGS 100,A01,083619,Staff,0,31,60,60
1650933944239,COGS 101A,A01,083621,Davis; Joshua Daniel,0,29,60,60
1650933950272,COGS 101B,A01,091572,Staff,0,5,60,60
1650933956297,COGS 101C,A01,083625,Delgado; Tania,14,0,30,16
1650933962319,COGS 107A,A01,083627,Boyle; Mary E. T.,0,16,60,60
1650933968344,COGS 118A,A01,083075,Staff,0,10,60,60
1650933974367,CSE 3,A50,083646,Miranda; Gregory Joseph,15,0,38,23
1650933974367,CSE 3,A51,083647,Miranda; Gregory Joseph,36,0,37,1
1650933980408,CSE 8A,A50,083650,Miranda; Gregory Joseph,0,31,40,40
1650933986430,CSE 11,A01,083080,Cao; Yingjun,0,98,40,40
1650933992455,CSE 12,A01,083652,Staff,0,23,100,100
1650933998479,CSE 15L,A01,083654,Staff,0,3,50,50
1650933998479,CSE 15L,A02,083655,Staff,0,3,50,50
1650934004502,CSE 20,A01,083657,Staff,48,0,80,32
1650934010533,CSE 30,A01,083084,Eldon; John,40,78,80,40
1650934016556,CSE 100,A01,083659,Cao; Yingjun,0,71,50,50
1650934022582,CSE 134B,A01,083661,Powell; Thomas Allan,0,39,65,65
1650934028610,CSE 140,A01,083663,Staff,1,14,75,74
1650934034633,CSE 140L,A01,083088,Eldon; John,25,21,100,75
1650934040658,CSE 175,A01,083665,Kumar; Rakesh,1,0,25,24
1650934046684,CSE 190,A00,092507,Dubnov; Shlomo,10,0,20,10
1650934052710,ECE 45,A01,083139,Staff,0,6,60,60
1650934058732,ECE 65,A50,083695,Staff,0,7,30,30
1650934064757,ECE 109,A01,091882,Touri; Behrouz,32,0,70,38
1650934070796,ECE 180,A00,083140,Abi Samra; Nicholas Camill,18,0,30,12
1650934070796,ECE 180,B00,083141,Abi Samra; Nicholas Camill,0,0,30,30
1650934076818,MATH 10A,A01,083735,Patchell; Gregory David,2,0,30,28
1650934076818,MATH 10A,A02,083736,Patchell; Gregory David,27,0,30,3
1650934076818,MATH 10A,A03,083737,Patchell; Gregory David,23,0,30,7
1650934082842,MATH 10B,A01,083207,Staff,0,9,30,30
1650934082842,MATH 10B,A02,083208,Staff,1,6,30,29
1650934082842,MATH 10B,B01,083739,Staff,9,0,30,21
1650934082842,MATH 10B,B02,083740,Staff,28,0,30,2
1650934088870,MATH 18,A01,083743,Staff,0,0,30,30
1650934088870,MATH 18,A02,083744,Staff,24,0,30,6
1650934088870,MATH 18,A03,083745,Staff,19,0,30,11
1650934088870,MATH 18,A04,083746,Staff,26,0,30,4
1650934088870,MATH 18,B01,083748,Staff,0,15,30,30
1650934088870,MATH 18,B02,083749,Staff,0,13,30,30
1650934088870,MATH 18,B03,083750,Staff,0,13,30,30
1650934088870,MATH 18,B04,083751,Staff,0,13,30,30
1650934094896,MATH 20A,A01,083754,Staff,19,0,40,21
1650934100919,MATH 20B,A01,083756,Staff,0,14,30,30
1650934100919,MATH 20B,A02,083757,Staff,0,11,30,30
1650934106948,MATH 20C,A01,083760,Staff,0,17,30,30
1650934106948,MATH 20C,A02,083761,Staff,1,16,30,29
1650934106948,MATH 20C,B01,083762,Staff,9,0,30,21
1650934106948,MATH 20C,B02,083763,Staff,28,0,30,2
1650934112972,MATH 20D,A01,083765,Staff,2,1,30,28
1650934112972,MATH 20D,A02,083766,Staff,3,0,30,27
1650934112972,MATH 20D,A03,083767,Staff,23,0,30,7
1650934118995,MATH 20E,A01,083771,Staff,2,0,30,28
1650934118995,MATH 20E,A02,083772,Staff,13,0,30,17
1650934118995,MATH 20E,B01,083773,Staff,0,0,30,30
1650934118995,MATH 20E,B02,083774,Staff,2,0,30,28
1650934125025,MATH 103A,A01,083777,Staff,0,17,30,30
1650934125025,MATH 103A,A02,083778,Staff,0,15,30,30
1650934125025,MATH 103A,B01,083779,Staff,0,15,30,30
1650934125025,MATH 103A,B02,083780,Staff,0,14,30,30
1650934131059,MATH 105,A01,085443,Staff,0,23,30,30
1650934137087,MATH 109,A01,083213,Anzaldo; Leesa B,0,7,30,30
1650934137087,MATH 109,A02,083214,Anzaldo; Leesa B,0,7,30,30
1650934137087,MATH 109,B01,083215,Anzaldo; Leesa B,0,8,30,30
1650934137087,MATH 109,B02,083216,Anzaldo; Leesa B,1,7,30,29
1650934143115,MATH 142A,A01,083219,Chow; Bennett,0,14,30,30
1650934143115,MATH 142A,A02,083220,Chow; Bennett,0,15,30,30
1650934143115,MATH 142A,B01,083221,Chow; Bennett,0,16,30,30
1650934143115,MATH 142A,B02,083222,Chow; Bennett,0,14,30,30
1650934149139,MATH 193A,A01,083224,Staff,0,6,30,30
1650934149139,MATH 193A,A02,083225,Staff,0,7,30,30
1650934149139,MATH 193A,A03,083781,Staff,0,6,30,30
1650934149139,MATH 193A,A04,083782,Staff,0,7,30,30
1650934155161,MATH 197,001,091859,McAuley; Julian John,9998,0,9999,1
1650934161221,COGS 9,A01,083615,Staff,0,18,60,60
1650934167246,COGS 11,A01,083617,Boyle; Mary E. T.,15,0,40,25
1650934173270,COGS 13,A01,083071,Staff,0,40,40,40
1650934179292,COGS 14A,A01,092681,Staff,0,38,100,100
1650934185316,COGS 14B,A01,083073,Cheng; Tzu-Han,0,12,50,50
1650934191340,COGS 17,A01,092677,Staff,9,0,75,66
1650934197483,COGS 100,A01,083619,Staff,0,31,60,60
1650934203515,COGS 101A,A01,083621,Davis; Joshua Daniel,0,29,60,60
1650934209538,COGS 101B,A01,091572,Staff,0,5,60,60
1650934215560,COGS 101C,A01,083625,Delgado; Tania,14,0,30,16
1650934221587,COGS 107A,A01,083627,Boyle; Mary E. T.,0,16,60,60
1650934227610,COGS 118A,A01,083075,Staff,0,10,60,60
1650934233633,CSE 3,A50,083646,Miranda; Gregory Joseph,15,0,38,23
1650934233633,CSE 3,A51,083647,Miranda; Gregory Joseph,36,0,37,1
1650934239668,CSE 8A,A50,083650,Miranda; Gregory Joseph,0,31,40,40
1650934245694,CSE 11,A01,083080,Cao; Yingjun,0,98,40,40
1650934251716,CSE 12,A01,083652,Staff,0,23,100,100
1650934257739,CSE 15L,A01,083654,Staff,0,3,50,50
1650934257739,CSE 15L,A02,083655,Staff,0,3,50,50
1650934263762,CSE 20,A01,083657,Staff,48,0,80,32
1650934269787,CSE 30,A01,083084,Eldon; John,40,78,80,40
1650934275814,CSE 100,A01,083659,Cao; Yingjun,0,71,50,50
1650934281837,CSE 134B,A01,083661,Powell; Thomas Allan,0,39,65,65
1650934287863,CSE 140,A01,083663,Staff,1,14,75,74
1650934293886,CSE 140L,A01,083088,Eldon; John,25,21,100,75
1650934299909,CSE 175,A01,083665,Kumar; Rakesh,1,0,25,24
1650934305935,CSE 190,A00,092507,Dubnov; Shlomo,10,0,20,10
1650934311964,ECE 45,A01,083139,Staff,0,6,60,60
1650934317987,ECE 65,A50,083695,Staff,0,7,30,30
1650934324012,ECE 109,A01,091882,Touri; Behrouz,32,0,70,38
1650934330040,ECE 180,A00,083140,Abi Samra; Nicholas Camill,18,0,30,12
1650934330040,ECE 180,B00,083141,Abi Samra; Nicholas Camill,0,0,30,30
1650934336064,MATH 10A,A01,083735,Patchell; Gregory David,2,0,30,28
1650934336064,MATH 10A,A02,083736,Patchell; Gregory David,27,0,30,3
1650934336064,MATH 10A,A03,083737,Patchell; Gregory David,23,0,30,7
1650934342092,MATH 10B,A01,083207,Staff,0,9,30,30
1650934342092,MATH 10B,A02,083208,Staff,1,6,30,29
1650934342092,MATH 10B,B01,083739,Staff,9,0,30,21
1650934342092,MATH 10B,B02,083740,Staff,28,0,30,2
1650934348117,MATH 18,A01,083743,Staff,0,0,30,30
1650934348117,MATH 18,A02,083744,Staff,24,0,30,6
1650934348117,MATH 18,A03,083745,Staff,19,0,30,11
1650934348117,MATH 18,A04,083746,Staff,26,0,30,4
1650934348117,MATH 18,B01,083748,Staff,0,15,30,30
1650934348117,MATH 18,B02,083749,Staff,0,14,30,30
1650934348117,MATH 18,B03,083750,Staff,0,13,30,30
1650934348117,MATH 18,B04,083751,Staff,0,13,30,30
1650934354147,MATH 20A,A01,083754,Staff,19,0,40,21
1650934360178,MATH 20B,A01,083756,Staff,0,14,30,30
1650934360178,MATH 20B,A02,083757,Staff,0,11,30,30
1650934366200,MATH 20C,A01,083760,Staff,0,17,30,30
1650934366200,MATH 20C,A02,083761,Staff,1,16,30,29
1650934366200,MATH 20C,B01,083762,Staff,9,0,30,21
1650934366200,MATH 20C,B02,083763,Staff,28,0,30,2
1650934372225,MATH 20D,A01,083765,Staff,2,1,30,28
1650934372225,MATH 20D,A02,083766,Staff,3,0,30,27
1650934372225,MATH 20D,A03,083767,Staff,23,0,30,7
1650934378249,MATH 20E,A01,083771,Staff,2,0,30,28
1650934378249,MATH 20E,A02,083772,Staff,13,0,30,17
1650934378249,MATH 20E,B01,083773,Staff,0,0,30,30
1650934378249,MATH 20E,B02,083774,Staff,2,0,30,28
1650934384272,MATH 103A,A01,083777,Staff,0,17,30,30
1650934384272,MATH 103A,A02,083778,Staff,0,15,30,30
1650934384272,MATH 103A,B01,083779,Staff,0,15,30,30
1650934384272,MATH 103A,B02,083780,Staff,0,14,30,30
1650934390294,MATH 105,A01,085443,Staff,0,23,30,30
1650934396317,MATH 109,A01,083213,Anzaldo; Leesa B,0,7,30,30
1650934396317,MATH 109,A02,083214,Anzaldo; Leesa B,0,7,30,30
1650934396317,MATH 109,B01,083215,Anzaldo; Leesa B,0,8,30,30
1650934396317,MATH 109,B02,083216,Anzaldo; Leesa B,1,7,30,29
1650934402342,MATH 142A,A01,083219,Chow; Bennett,0,14,30,30
1650934402342,MATH 142A,A02,083220,Chow; Bennett,0,15,30,30
1650934402342,MATH 142A,B01,083221,Chow; Bennett,0,16,30,30
1650934402342,MATH 142A,B02,083222,Chow; Bennett,0,14,30,30
1650934408371,MATH 193A,A01,083224,Staff,0,6,30,30
1650934408371,MATH 193A,A02,083225,Staff,0,7,30,30
1650934408371,MATH 193A,A03,083781,Staff,0,6,30,30
1650934408371,MATH 193A,A04,083782,Staff,0,7,30,30
1650934414395,MATH 197,001,091859,McAuley; Julian John,9998,0,9999,1
1650934420450,COGS 9,A01,083615,Staff,0,18,60,60
1650934426489,COGS 11,A01,083617,Boyle; Mary E. T.,15,0,40,25
1650934432515,COGS 13,A01,083071,Staff,0,40,40,40
1650934438538,COGS 14A,A01,092681,Staff,0,38,100,100
1650934444567,COGS 14B,A01,083073,Cheng; Tzu-Han,0,12,50,50
1650934450591,COGS 17,A01,092677,Staff,9,0,75,66
1650934456621,COGS 100,A01,083619,Staff,0,31,60,60
1650934462653,COGS 101A,A01,083621,Davis; Joshua Daniel,0,29,60,60
1650934468675,COGS 101B,A01,091572,Staff,0,5,60,60
1650934474697,COGS 101C,A01,083625,Delgado; Tania,14,0,30,16
1650934480727,COGS 107A,A01,083627,Boyle; Mary E. T.,0,16,60,60
1650934486752,COGS 118A,A01,083075,Staff,0,10,60,60
1650934492778,CSE 3,A50,083646,Miranda; Gregory Joseph,15,0,38,23
1650934492778,CSE 3,A51,083647,Miranda; Gregory Joseph,36,0,37,1
1650934498805,CSE 8A,A50,083650,Miranda; Gregory Joseph,0,31,40,40
1650934504830,CSE 11,A01,083080,Cao; Yingjun,0,98,40,40
1650934510854,CSE 12,A01,083652,Staff,0,23,100,100
1650934516877,CSE 15L,A01,083654,Staff,0,3,50,50
1650934516877,CSE 15L,A02,083655,Staff,0,3,50,50
1650934522899,CSE 20,A01,083657,Staff,48,0,80,32
1650934528922,CSE 30,A01,083084,Eldon; John,40,78,80,40
1650934534950,CSE 100,A01,083659,Cao; Yingjun,0,71,50,50
1650934540972,CSE 134B,A01,083661,Powell; Thomas Allan,0,39,65,65
1650934546995,CSE 140,A01,083663,Staff,1,14,75,74
1650934553023,CSE 140L,A01,083088,Eldon; John,25,21,100,75
1650934559046,CSE 175,A01,083665,Kumar; Rakesh,1,0,25,24
1650934565074,CSE 190,A00,092507,Dubnov; Shlomo,10,0,20,10
1650934571097,ECE 45,A01,083139,Staff,0,6,60,60
1650934577121,ECE 65,A50,083695,Staff,0,7,30,30
1650934583143,ECE 109,A01,091882,Touri; Behrouz,32,0,70,38
1650934589170,ECE 180,A00,083140,Abi Samra; Nicholas Camill,18,0,30,12
1650934589170,ECE 180,B00,083141,Abi Samra; Nicholas Camill,0,0,30,30
1650934595193,MATH 10A,A01,083735,Patchell; Gregory David,2,0,30,28
1650934595193,MATH 10A,A02,083736,Patchell; Gregory David,27,0,30,3
1650934595193,MATH 10A,A03,083737,Patchell; Gregory David,23,0,30,7
1650934608296,MATH 10B,A01,083207,Staff,0,9,30,30
1650934608296,MATH 10B,A02,083208,Staff,1,6,30,29
1650934608296,MATH 10B,B01,083739,Staff,9,0,30,21
1650934608296,MATH 10B,B02,083740,Staff,28,0,30,2
1650934614320,MATH 18,A01,083743,Staff,0,0,30,30
1650934614320,MATH 18,A02,083744,Staff,24,0,30,6
1650934614320,MATH 18,A03,083745,Staff,19,0,30,11
1650934614320,MATH 18,A04,083746,Staff,26,0,30,4
1650934614320,MATH 18,B01,083748,Staff,0,15,30,30
1650934614320,MATH 18,B02,083749,Staff,0,14,30,30
1650934614320,MATH 18,B03,083750,Staff,0,13,30,30
1650934614320,MATH 18,B04,083751,Staff,0,13,30,30
1650934620349,MATH 20A,A01,083754,Staff,19,0,40,21
1650934626378,MATH 20B,A01,083756,Staff,0,14,30,30
1650934626378,MATH 20B,A02,083757,Staff,0,11,30,30
1650934632402,MATH 20C,A01,083760,Staff,0,17,30,30
1650934632402,MATH 20C,A02,083761,Staff,1,16,30,29
1650934632402,MATH 20C,B01,083762,Staff,9,0,30,21
1650934632402,MATH 20C,B02,083763,Staff,28,0,30,2
1650934638425,MATH 20D,A01,083765,Staff,2,1,30,28
1650934638425,MATH 20D,A02,083766,Staff,3,0,30,27
1650934638425,MATH 20D,A03,083767,Staff,23,0,30,7
1650934644453,MATH 20E,A01,083771,Staff,2,0,30,28
1650934644453,MATH 20E,A02,083772,Staff,13,0,30,17
1650934644453,MATH 20E,B01,083773,Staff,0,0,30,30
1650934644453,MATH 20E,B02,083774,Staff,2,0,30,28
1650934650475,MATH 103A,A01,083777,Staff,0,17,30,30
1650934650475,MATH 103A,A02,083778,Staff,0,15,30,30
1650934650475,MATH 103A,B01,083779,Staff,0,15,30,30
1650934650475,MATH 103A,B02,083780,Staff,0,14,30,30
1650934656500,MATH 105,A01,085443,Staff,0,23,30,30
1650934662522,MATH 109,A01,083213,Anzaldo; Leesa B,0,7,30,30
1650934662522,MATH 109,A02,083214,Anzaldo; Leesa B,0,7,30,30
1650934662522,MATH 109,B01,083215,Anzaldo; Leesa B,0,8,30,30
1650934662522,MATH 109,B02,083216,Anzaldo; Leesa B,1,7,30,29
1650934668546,MATH 142A,A01,083219,Chow; Bennett,0,14,30,30
1650934668546,MATH 142A,A02,083220,Chow; Bennett,0,15,30,30
1650934668546,MATH 142A,B01,083221,Chow; Bennett,0,16,30,30
1650934668546,MATH 142A,B02,083222,Chow; Bennett,0,14,30,30
1650934674569,MATH 193A,A01,083224,Staff,0,6,30,30
1650934674569,MATH 193A,A02,083225,Staff,0,7,30,30
1650934674569,MATH 193A,A03,083781,Staff,0,6,30,30
1650934674569,MATH 193A,A04,083782,Staff,0,7,30,30
1650934680594,MATH 197,001,091859,McAuley; Julian John,9998,0,9999,1
1650934686645,COGS 9,A01,083615,Staff,0,18,60,60
1650934692672,COGS 11,A01,083617,Boyle; Mary E. T.,15,0,40,25
1650934698696,COGS 13,A01,083071,Staff,0,40,40,40
1650934704719,COGS 14A,A01,092681,Staff,0,38,100,100
1650934710745,COGS 14B,A01,083073,Cheng; Tzu-Han,0,12,50,50
1650934716768,COGS 17,A01,092677,Staff,9,0,75,66
1650934722793,COGS 100,A01,083619,Staff,0,31,60,60
1650934728820,COGS 101A,A01,083621,Davis; Joshua Daniel,0,29,60,60
1650934734843,COGS 101B,A01,091572,Staff,0,5,60,60
1650934740869,COGS 101C,A01,083625,Delgado; Tania,14,0,30,16
1650934746892,COGS 107A,A01,083627,Boyle; Mary E. T.,0,16,60,60
1650934752914,COGS 118A,A01,083075,Staff,0,10,60,60
1650934758944,CSE 3,A50,083646,Miranda; Gregory Joseph,15,0,38,23
1650934758944,CSE 3,A51,083647,Miranda; Gregory Joseph,36,0,37,1
1650934764974,CSE 8A,A50,083650,Miranda; Gregory Joseph,0,31,40,40
1650934771000,CSE 11,A01,083080,Cao; Yingjun,0,98,40,40
1650934777026,CSE 12,A01,083652,Staff,0,23,100,100
1650934783050,CSE 15L,A01,083654,Staff,0,3,50,50
1650934783050,CSE 15L,A02,083655,Staff,0,3,50,50
1650934789084,CSE 20,A01,083657,Staff,48,0,80,32
1650934795109,CSE 30,A01,083084,Eldon; John,40,78,80,40
1650934801237,CSE 100,A01,083659,Cao; Yingjun,0,71,50,50
1650934807261,CSE 134B,A01,083661,Powell; Thomas Allan,0,39,65,65
1650934813288,CSE 140,A01,083663,Staff,1,14,75,74
1650934819315,CSE 140L,A01,083088,Eldon; John,25,21,100,75
1650934825337,CSE 175,A01,083665,Kumar; Rakesh,1,0,25,24
1650934831369,CSE 190,A00,092507,Dubnov; Shlomo,10,0,20,10
1650934837394,ECE 45,A01,083139,Staff,0,6,60,60
1650934843421,ECE 65,A50,083695,Staff,0,7,30,30
1650934849445,ECE 109,A01,091882,Touri; Behrouz,32,0,70,38
1650934855480,ECE 180,A00,083140,Abi Samra; Nicholas Camill,18,0,30,12
1650934855480,ECE 180,B00,083141,Abi Samra; Nicholas Camill,0,0,30,30
1650934861514,MATH 10A,A01,083735,Patchell; Gregory David,2,0,30,28
1650934861514,MATH 10A,A02,083736,Patchell; Gregory David,27,0,30,3
1650934861514,MATH 10A,A03,083737,Patchell; Gregory David,23,0,30,7
1650934867538,MATH 10B,A01,083207,Staff,0,9,30,30
1650934867538,MATH 10B,A02,083208,Staff,1,6,30,29
1650934867538,MATH 10B,B01,083739,Staff,9,0,30,21
1650934867538,MATH 10B,B02,083740,Staff,28,0,30,2
1650934873568,MATH 18,A01,083743,Staff,0,0,30,30
1650934873568,MATH 18,A02,083744,Staff,24,0,30,6
1650934873568,MATH 18,A03,083745,Staff,19,0,30,11
1650934873568,MATH 18,A04,083746,Staff,26,0,30,4
1650934873568,MATH 18,B01,083748,Staff,0,15,30,30
1650934873568,MATH 18,B02,083749,Staff,0,14,30,30
1650934873568,MATH 18,B03,083750,Staff,0,13,30,30
1650934873568,MATH 18,B04,083751,Staff,0,13,30,30
1650934879593,MATH 20A,A01,083754,Staff,19,0,40,21
1650934885623,MATH 20B,A01,083756,Staff,0,14,30,30
1650934885623,MATH 20B,A02,083757,Staff,0,11,30,30
1650934891652,MATH 20C,A01,083760,Staff,0,17,30,30
1650934891652,MATH 20C,A02,083761,Staff,1,16,30,29
1650934891652,MATH 20C,B01,083762,Staff,9,0,30,21
1650934891652,MATH 20C,B02,083763,Staff,28,0,30,2
1650934897678,MATH 20D,A01,083765,Staff,2,1,30,28
1650934897678,MATH 20D,A02,083766,Staff,3,0,30,27
1650934897678,MATH 20D,A03,083767,Staff,23,0,30,7
1650934903705,MATH 20E,A01,083771,Staff,2,0,30,28
1650934903705,MATH 20E,A02,083772,Staff,13,0,30,17
1650934903705,MATH 20E,B01,083773,Staff,0,0,30,30
1650934903705,MATH 20E,B02,083774,Staff,2,0,30,28
1650934909736,MATH 103A,A01,083777,Staff,0,17,30,30
1650934909736,MATH 103A,A02,083778,Staff,0,15,30,30
1650934909736,MATH 103A,B01,083779,Staff,0,15,30,30
1650934909736,MATH 103A,B02,083780,Staff,0,14,30,30
1650934915759,MATH 105,A01,085443,Staff,0,23,30,30
1650934921782,MATH 109,A01,083213,Anzaldo; Leesa B,0,7,30,30
1650934921782,MATH 109,A02,083214,Anzaldo; Leesa B,0,7,30,30
1650934921782,MATH 109,B01,083215,Anzaldo; Leesa B,0,8,30,30
1650934921782,MATH 109,B02,083216,Anzaldo; Leesa B,1,7,30,29
1650934927806,MATH 142A,A01,083219,Chow; Bennett,0,14,30,30
1650934927806,MATH 142A,A02,083220,Chow; Bennett,0,15,30,30
1650934927806,MATH 142A,B01,083221,Chow; Bennett,0,16,30,30
1650934927806,MATH 142A,B02,083222,Chow; Bennett,0,14,30,30
1650934933830,MATH 193A,A01,083224,Staff,0,6,30,30
1650934933830,MATH 193A,A02,083225,Staff,0,7,30,30
1650934933830,MATH 193A,A03,083781,Staff,0,6,30,30
1650934933830,MATH 193A,A04,083782,Staff,0,7,30,30
1650934939859,MATH 197,001,091859,McAuley; Julian John,9998,0,9999,1
1650934945920,COGS 9,A01,083615,Staff,0,18,60,60
1650934951943,COGS 11,A01,083617,Boyle; Mary E. T.,15,0,40,25
1650934957966,COGS 13,A01,083071,Staff,0,40,40,40
1650934963994,COGS 14A,A01,092681,Staff,0,38,100,100
1650934970020,COGS 14B,A01,083073,Cheng; Tzu-Han,0,12,50,50
1650934976046,COGS 17,A01,092677,Staff,9,0,75,66
1650934982072,COGS 100,A01,083619,Staff,0,31,60,60
1650934988096,COGS 101A,A01,083621,Davis; Joshua Daniel,0,29,60,60
1650934994118,COGS 101B,A01,091572,Staff,0,5,60,60
1650935000142,COGS 101C,A01,083625,Delgado; Tania,14,0,30,16
1650935006164,COGS 107A,A01,083627,Boyle; Mary E. T.,0,16,60,60
1650935012188,COGS 118A,A01,083075,Staff,0,10,60,60
1650935018211,CSE 3,A50,083646,Miranda; Gregory Joseph,15,0,38,23
1650935018211,CSE 3,A51,083647,Miranda; Gregory Joseph,36,0,37,1
1650935024236,CSE 8A,A50,083650,Miranda; Gregory Joseph,0,31,40,40
1650935030271,CSE 11,A01,083080,Cao; Yingjun,0,98,40,40
1650935036305,CSE 12,A01,083652,Staff,0,23,100,100
1650935042331,CSE 15L,A01,083654,Staff,0,3,50,50
1650935042331,CSE 15L,A02,083655,Staff,0,3,50,50
1650935048355,CSE 20,A01,083657,Staff,48,0,80,32
1650935054378,CSE 30,A01,083084,Eldon; John,40,78,80,40
1650935060405,CSE 100,A01,083659,Cao; Yingjun,0,71,50,50
1650935066430,CSE 134B,A01,083661,Powell; Thomas Allan,0,39,65,65
1650935072457,CSE 140,A01,083663,Staff,1,14,75,74
1650935078479,CSE 140L,A01,083088,Eldon; John,25,21,100,75
1650935084505,CSE 175,A01,083665,Kumar; Rakesh,1,0,25,24
1650935090526,CSE 190,A00,092507,Dubnov; Shlomo,10,0,20,10
1650935096553,ECE 45,A01,083139,Staff,0,6,60,60
1650935102581,ECE 65,A50,083695,Staff,0,7,30,30
1650935108604,ECE 109,A01,091882,Touri; Behrouz,32,0,70,38
1650935114632,ECE 180,A00,083140,Abi Samra; Nicholas Camill,18,0,30,12
1650935114632,ECE 180,B00,083141,Abi Samra; Nicholas Camill,0,0,30,30
1650935120654,MATH 10A,A01,083735,Patchell; Gregory David,2,0,30,28
1650935120654,MATH 10A,A02,083736,Patchell; Gregory David,27,0,30,3
1650935120654,MATH 10A,A03,083737,Patchell; Gregory David,23,0,30,7
1650935126694,MATH 10B,A01,083207,Staff,0,9,30,30
1650935126694,MATH 10B,A02,083208,Staff,1,6,30,29
1650935126694,MATH 10B,B01,083739,Staff,9,0,30,21
1650935126694,MATH 10B,B02,083740,Staff,28,0,30,2
1650935132719,MATH 18,A01,083743,Staff,0,0,30,30
1650935132719,MATH 18,A02,083744,Staff,24,0,30,6
1650935132719,MATH 18,A03,083745,Staff,19,0,30,11
1650935132719,MATH 18,A04,083746,Staff,26,0,30,4
1650935132719,MATH 18,B01,083748,Staff,0,15,30,30
1650935132719,MATH 18,B02,083749,Staff,0,14,30,30
1650935132719,MATH 18,B03,083750,Staff,0,13,30,30
1650935132719,MATH 18,B04,083751,Staff,0,13,30,30
1650935138746,MATH 20A,A01,083754,Staff,19,0,40,21
1650935144781,MATH 20B,A01,083756,Staff,0,14,30,30
1650935144781,MATH 20B,A02,083757,Staff,0,11,30,30
1650935150804,MATH 20C,A01,083760,Staff,0,17,30,30
1650935150804,MATH 20C,A02,083761,Staff,1,16,30,29
1650935150804,MATH 20C,B01,083762,Staff,9,0,30,21
1650935150804,MATH 20C,B02,083763,Staff,28,0,30,2
1650935156830,MATH 20D,A01,083765,Staff,2,1,30,28
1650935156830,MATH 20D,A02,083766,Staff,3,0,30,27
1650935156830,MATH 20D,A03,083767,Staff,23,0,30,7
1650935162855,MATH 20E,A01,083771,Staff,2,0,30,28
1650935162855,MATH 20E,A02,083772,Staff,13,0,30,17
1650935162855,MATH 20E,B01,083773,Staff,0,0,30,30
1650935162855,MATH 20E,B02,083774,Staff,2,0,30,28
1650935168882,MATH 103A,A01,083777,Staff,0,17,30,30
1650935168882,MATH 103A,A02,083778,Staff,0,15,30,30
1650935168882,MATH 103A,B01,083779,Staff,0,15,30,30
1650935168882,MATH 103A,B02,083780,Staff,0,14,30,30
1650935174913,MATH 105,A01,085443,Staff,0,23,30,30
1650935180945,MATH 109,A01,083213,Anzaldo; Leesa B,0,7,30,30
1650935180945,MATH 109,A02,083214,Anzaldo; Leesa B,0,7,30,30
1650935180945,MATH 109,B01,083215,Anzaldo; Leesa B,0,8,30,30
1650935180945,MATH 109,B02,083216,Anzaldo; Leesa B,1,7,30,29
1650935186973,MATH 142A,A01,083219,Chow; Bennett,0,14,30,30
1650935186973,MATH 142A,A02,083220,Chow; Bennett,0,15,30,30
1650935186973,MATH 142A,B01,083221,Chow; Bennett,0,16,30,30
1650935186973,MATH 142A,B02,083222,Chow; Bennett,0,14,30,30
1650935192998,MATH 193A,A01,083224,Staff,0,6,30,30
1650935192998,MATH 193A,A02,083225,Staff,0,7,30,30
1650935192998,MATH 193A,A03,083781,Staff,0,6,30,30
1650935192998,MATH 193A,A04,083782,Staff,0,7,30,30
1650935199021,MATH 197,001,091859,McAuley; Julian John,9998,0,9999,1
1650935205075,COGS 9,A01,083615,Staff,0,18,60,60
1650935211099,COGS 11,A01,083617,Boyle; Mary E. T.,15,0,40,25
1650935217124,COGS 13,A01,083071,Staff,0,40,40,40
1650935223151,COGS 14A,A01,092681,Staff,0,38,100,100
1650935229174,COGS 14B,A01,083073,Cheng; Tzu-Han,0,12,50,50
1650935235197,COGS 17,A01,092677,Staff,9,0,75,66
1650935241224,COGS 100,A01,083619,Staff,0,31,60,60
1650935247248,COGS 101A,A01,083621,Davis; Joshua Daniel,0,29,60,60
1650935253271,COGS 101B,A01,091572,Staff,0,5,60,60
1650935259295,COGS 101C,A01,083625,Delgado; Tania,14,0,30,16
1650935265319,COGS 107A,A01,083627,Boyle; Mary E. T.,0,16,60,60
1650935271342,COGS 118A,A01,083075,Staff,0,10,60,60
1650935277366,CSE 3,A50,083646,Miranda; Gregory Joseph,15,0,38,23
1650935277366,CSE 3,A51,083647,Miranda; Gregory Joseph,36,0,37,1
1650935283390,CSE 8A,A50,083650,Miranda; Gregory Joseph,0,31,40,40
1650935289424,CSE 11,A01,083080,Cao; Yingjun,0,98,40,40
1650935295449,CSE 12,A01,083652,Staff,0,23,100,100
1650935301475,CSE 15L,A01,083654,Staff,0,3,50,50
1650935301475,CSE 15L,A02,083655,Staff,0,3,50,50
1650935307502,CSE 20,A01,083657,Staff,48,0,80,32
1650935313528,CSE 30,A01,083084,Eldon; John,40,78,80,40
1650935319552,CSE 100,A01,083659,Cao; Yingjun,0,71,50,50
1650935325577,CSE 134B,A01,083661,Powell; Thomas Allan,0,39,65,65
1650935331601,CSE 140,A01,083663,Staff,1,14,75,74
1650935337628,CSE 140L,A01,083088,Eldon; John,25,21,100,75
1650935343650,CSE 175,A01,083665,Kumar; Rakesh,1,0,25,24
1650935349676,CSE 190,A00,092507,Dubnov; Shlomo,10,0,20,10
1650935355697,ECE 45,A01,083139,Staff,0,6,60,60
1650935361723,ECE 65,A50,083695,Staff,0,7,30,30
1650935367748,ECE 109,A01,091882,Touri; Behrouz,32,0,70,38
1650935373773,ECE 180,A00,083140,Abi Samra; Nicholas Camill,18,0,30,12
1650935373773,ECE 180,B00,083141,Abi Samra; Nicholas Camill,0,0,30,30
1650935379796,MATH 10A,A01,083735,Patchell; Gregory David,2,0,30,28
1650935379796,MATH 10A,A02,083736,Patchell; Gregory David,27,0,30,3
1650935379796,MATH 10A,A03,083737,Patchell; Gregory David,23,0,30,7
1650935385824,MATH 10B,A01,083207,Staff,0,9,30,30
1650935385824,MATH 10B,A02,083208,Staff,1,6,30,29
1650935385824,MATH 10B,B01,083739,Staff,9,0,30,21
1650935385824,MATH 10B,B02,083740,Staff,28,0,30,2
1650935391854,MATH 18,A01,083743,Staff,0,0,30,30
1650935391854,MATH 18,A02,083744,Staff,24,0,30,6
1650935391854,MATH 18,A03,083745,Staff,19,0,30,11
1650935391854,MATH 18,A04,083746,Staff,26,0,30,4
1650935391854,MATH 18,B01,083748,Staff,0,15,30,30
1650935391854,MATH 18,B02,083749,Staff,0,14,30,30
1650935391854,MATH 18,B03,083750,Staff,0,13,30,30
1650935391854,MATH 18,B04,083751,Staff,0,13,30,30
1650935397967,MATH 20A,A01,083754,Staff,19,0,40,21
1650935403995,MATH 20B,A01,083756,Staff,0,14,30,30
1650935403995,MATH 20B,A02,083757,Staff,0,11,30,30
1650935410018,MATH 20C,A01,083760,Staff,0,17,30,30
1650935410018,MATH 20C,A02,083761,Staff,1,16,30,29
1650935410018,MATH 20C,B01,083762,Staff,9,0,30,21
1650935410018,MATH 20C,B02,083763,Staff,28,0,30,2
1650935416044,MATH 20D,A01,083765,Staff,2,1,30,28
1650935416044,MATH 20D,A02,083766,Staff,3,0,30,27
1650935416044,MATH 20D,A03,083767,Staff,23,0,30,7
1650935422071,MATH 20E,A01,083771,Staff,2,0,30,28
1650935422071,MATH 20E,A02,083772,Staff,13,0,30,17
1650935422071,MATH 20E,B01,083773,Staff,0,0,30,30
1650935422071,MATH 20E,B02,083774,Staff,2,0,30,28
1650935428100,MATH 103A,A01,083777,Staff,0,17,30,30
1650935428100,MATH 103A,A02,083778,Staff,0,15,30,30
1650935428100,MATH 103A,B01,083779,Staff,0,15,30,30
1650935428100,MATH 103A,B02,083780,Staff,0,14,30,30
1650935434127,MATH 105,A01,085443,Staff,0,23,30,30
1650935440156,MATH 109,A01,083213,Anzaldo; Leesa B,0,7,30,30
1650935440156,MATH 109,A02,083214,Anzaldo; Leesa B,0,7,30,30
1650935440156,MATH 109,B01,083215,Anzaldo; Leesa B,0,8,30,30
1650935440156,MATH 109,B02,083216,Anzaldo; Leesa B,1,7,30,29
1650935446180,MATH 142A,A01,083219,Chow; Bennett,0,14,30,30
1650935446180,MATH 142A,A02,083220,Chow; Bennett,0,15,30,30
1650935446180,MATH 142A,B01,083221,Chow; Bennett,0,16,30,30
1650935446180,MATH 142A,B02,083222,Chow; Bennett,0,14,30,30
1650935452203,MATH 193A,A01,083224,Staff,0,6,30,30
1650935452203,MATH 193A,A02,083225,Staff,0,7,30,30
1650935452203,MATH 193A,A03,083781,Staff,0,6,30,30
1650935452203,MATH 193A,A04,083782,Staff,0,7,30,30
1650935458229,MATH 197,001,091859,McAuley; Julian John,9998,0,9999,1
1650935464289,COGS 9,A01,083615,Staff,0,18,60,60
1650935470311,COGS 11,A01,083617,Boyle; Mary E. T.,15,0,40,25
1650935476332,COGS 13,A01,083071,Staff,0,40,40,40
1650935482355,COGS 14A,A01,092681,Staff,0,38,100,100
1650935488382,COGS 14B,A01,083073,Cheng; Tzu-Han,0,12,50,50
1650935494405,COGS 17,A01,092677,Staff,9,0,75,66
1650935500428,COGS 100,A01,083619,Staff,0,31,60,60
1650935506455,COGS 101A,A01,083621,Davis; Joshua Daniel,0,29,60,60
1650935512478,COGS 101B,A01,091572,Staff,0,5,60,60
1650935518504,COGS 101C,A01,083625,Delgado; Tania,14,0,30,16
1650935524528,COGS 107A,A01,083627,Boyle; Mary E. T.,0,16,60,60
1650935530554,COGS 118A,A01,083075,Staff,0,10,60,60
1650935536589,CSE 3,A50,083646,Miranda; Gregory Joseph,15,0,38,23
1650935536589,CSE 3,A51,083647,Miranda; Gregory Joseph,36,0,37,1
1650935542620,CSE 8A,A50,083650,Miranda; Gregory Joseph,0,31,40,40
1650935548641,CSE 11,A01,083080,Cao; Yingjun,0,98,40,40
1650935554668,CSE 12,A01,083652,Staff,0,23,100,100
1650935560692,CSE 15L,A01,083654,Staff,0,3,50,50
1650935560692,CSE 15L,A02,083655,Staff,0,3,50,50
1650935566716,CSE 20,A01,083657,Staff,48,0,80,32
1650935572742,CSE 30,A01,083084,Eldon; John,40,78,80,40
1650935578768,CSE 100,A01,083659,Cao; Yingjun,0,71,50,50
1650935584792,CSE 134B,A01,083661,Powell; Thomas Allan,0,39,65,65
1650935590816,CSE 140,A01,083663,Staff,1,14,75,74
1650935596843,CSE 140L,A01,083088,Eldon; John,25,21,100,75
1650935602868,CSE 175,A01,083665,Kumar; Rakesh,1,0,25,24
1650935608890,CSE 190,A00,092507,Dubnov; Shlomo,10,0,20,10
1650935614913,ECE 45,A01,083139,Staff,0,6,60,60
1650935620940,ECE 65,A50,083695,Staff,0,7,30,30
1650935626966,ECE 109,A01,091882,Touri; Behrouz,32,0,70,38
1650935632993,ECE 180,A00,083140,Abi Samra; Nicholas Camill,18,0,30,12
1650935632993,ECE 180,B00,083141,Abi Samra; Nicholas Camill,0,0,30,30
1650935639016,MATH 10A,A01,083735,Patchell; Gregory David,2,0,30,28
1650935639016,MATH 10A,A02,083736,Patchell; Gregory David,27,0,30,3
1650935639016,MATH 10A,A03,083737,Patchell; Gregory David,23,0,30,7
1650935645043,MATH 10B,A01,083207,Staff,0,9,30,30
1650935645043,MATH 10B,A02,083208,Staff,1,6,30,29
1650935645043,MATH 10B,B01,083739,Staff,9,0,30,21
1650935645043,MATH 10B,B02,083740,Staff,28,0,30,2
1650935651079,MATH 18,A01,083743,Staff,0,0,30,30
1650935651079,MATH 18,A02,083744,Staff,24,0,30,6
1650935651079,MATH 18,A03,083745,Staff,19,0,30,11
1650935651079,MATH 18,A04,083746,Staff,26,0,30,4
1650935651079,MATH 18,B01,083748,Staff,0,15,30,30
1650935651079,MATH 18,B02,083749,Staff,0,14,30,30
1650935651079,MATH 18,B03,083750,Staff,0,13,30,30
1650935651079,MATH 18,B04,083751,Staff,0,13,30,30
1650935657102,MATH 20A,A01,083754,Staff,19,0,40,21
1650935663125,MATH 20B,A01,083756,Staff,0,14,30,30
1650935663125,MATH 20B,A02,083757,Staff,0,11,30,30
1650935669148,MATH 20C,A01,083760,Staff,0,17,30,30
1650935669148,MATH 20C,A02,083761,Staff,1,16,30,29
1650935669148,MATH 20C,B01,083762,Staff,9,0,30,21
1650935669148,MATH 20C,B02,083763,Staff,28,0,30,2
1650935675172,MATH 20D,A01,083765,Staff,2,1,30,28
1650935675172,MATH 20D,A02,083766,Staff,3,0,30,27
1650935675172,MATH 20D,A03,083767,Staff,23,0,30,7
1650935681199,MATH 20E,A01,083771,Staff,2,0,30,28
1650935681199,MATH 20E,A02,083772,Staff,13,0,30,17
1650935681199,MATH 20E,B01,083773,Staff,0,0,30,30
1650935681199,MATH 20E,B02,083774,Staff,2,0,30,28
1650935687224,MATH 103A,A01,083777,Staff,0,17,30,30
1650935687224,MATH 103A,A02,083778,Staff,0,15,30,30
1650935687224,MATH 103A,B01,083779,Staff,0,15,30,30
1650935687224,MATH 103A,B02,083780,Staff,0,14,30,30
1650935693247,MATH 105,A01,085443,Staff,0,23,30,30
1650935699277,MATH 109,A01,083213,Anzaldo; Leesa B,0,7,30,30
1650935699277,MATH 109,A02,083214,Anzaldo; Leesa B,0,7,30,30
1650935699277,MATH 109,B01,083215,Anzaldo; Leesa B,0,8,30,30
1650935699277,MATH 109,B02,083216,Anzaldo; Leesa B,1,7,30,29
1650935705300,MATH 142A,A01,083219,Chow; Bennett,0,14,30,30
1650935705300,MATH 142A,A02,083220,Chow; Bennett,0,15,30,30
1650935705300,MATH 142A,B01,083221,Chow; Bennett,0,16,30,30
1650935705300,MATH 142A,B02,083222,Chow; Bennett,0,14,30,30
1650935711324,MATH 193A,A01,083224,Staff,0,6,30,30
1650935711324,MATH 193A,A02,083225,Staff,0,7,30,30
1650935711324,MATH 193A,A03,083781,Staff,0,6,30,30
1650935711324,MATH 193A,A04,083782,Staff,0,7,30,30
1650935717348,MATH 197,001,091859,McAuley; Julian John,9998,0,9999,1
1650935723397,COGS 9,A01,083615,Staff,0,18,60,60
1650935729420,COGS 11,A01,083617,Boyle; Mary E. T.,15,0,40,25
1650935735443,COGS 13,A01,083071,Staff,0,40,40,40
1650935741464,COGS 14A,A01,092681,Staff,0,38,100,100
1650935747489,COGS 14B,A01,083073,Cheng; Tzu-Han,0,12,50,50
1650935753512,COGS 17,A01,092677,Staff,9,0,75,66
1650935759535,COGS 100,A01,083619,Staff,0,31,60,60
1650935765561,COGS 101A,A01,083621,Davis; Joshua Daniel,0,29,60,60
1650935771585,COGS 101B,A01,091572,Staff,0,5,60,60
1650935777610,COGS 101C,A01,083625,Delgado; Tania,14,0,30,16
1650935783636,COGS 107A,A01,083627,Boyle; Mary E. T.,0,16,60,60
1650935789661,COGS 118A,A01,083075,Staff,0,10,60,60
1650935795685,CSE 3,A50,083646,Miranda; Gregory Joseph,15,0,38,23
1650935795685,CSE 3,A51,083647,Miranda; Gregory Joseph,36,0,37,1
1650935801711,CSE 8A,A50,083650,Miranda; Gregory Joseph,0,31,40,40
1650935807738,CSE 11,A01,083080,Cao; Yingjun,0,98,40,40
1650935813763,CSE 12,A01,083652,Staff,0,23,100,100
1650935819809,CSE 15L,A01,083654,Staff,0,3,50,50
1650935819809,CSE 15L,A02,083655,Staff,0,3,50,50
1650935825832,CSE 20,A01,083657,Staff,48,0,80,32
1650935831865,CSE 30,A01,083084,Eldon; John,40,78,80,40
1650935837887,CSE 100,A01,083659,Cao; Yingjun,0,71,50,50
1650935843910,CSE 134B,A01,083661,Powell; Thomas Allan,0,39,65,65
1650935849933,CSE 140,A01,083663,Staff,1,14,75,74
1650935855963,CSE 140L,A01,083088,Eldon; John,25,21,100,75
1650935861985,CSE 175,A01,083665,Kumar; Rakesh,1,0,25,24
1650935868015,CSE 190,A00,092507,Dubnov; Shlomo,10,0,20,10
1650935874042,ECE 45,A01,083139,Staff,0,6,60,60
1650935880068,ECE 65,A50,083695,Staff,0,7,30,30
1650935886090,ECE 109,A01,091882,Touri; Behrouz,32,0,70,38
1650935892123,ECE 180,A00,083140,Abi Samra; Nicholas Camill,18,0,30,12
1650935892123,ECE 180,B00,083141,Abi Samra; Nicholas Camill,0,0,30,30
1650935898151,MATH 10A,A01,083735,Patchell; Gregory David,2,0,30,28
1650935898151,MATH 10A,A02,083736,Patchell; Gregory David,27,0,30,3
1650935898151,MATH 10A,A03,083737,Patchell; Gregory David,23,0,30,7
1650935904177,MATH 10B,A01,083207,Staff,0,9,30,30
1650935904177,MATH 10B,A02,083208,Staff,1,6,30,29
1650935904177,MATH 10B,B01,083739,Staff,9,0,30,21
1650935904177,MATH 10B,B02,083740,Staff,28,0,30,2
1650935910203,MATH 18,A01,083743,Staff,0,0,30,30
1650935910203,MATH 18,A02,083744,Staff,24,0,30,6
1650935910203,MATH 18,A03,083745,Staff,19,0,30,11
1650935910203,MATH 18,A04,083746,Staff,26,0,30,4
1650935910203,MATH 18,B01,083748,Staff,0,15,30,30
1650935910203,MATH 18,B02,083749,Staff,0,14,30,30
1650935910203,MATH 18,B03,083750,Staff,0,13,30,30
1650935910203,MATH 18,B04,083751,Staff,0,13,30,30
1650935916224,MATH 20A,A01,083754,Staff,19,0,40,21
1650935922253,MATH 20B,A01,083756,Staff,0,14,30,30
1650935922253,MATH 20B,A02,083757,Staff,0,11,30,30
1650935928280,MATH 20C,A01,083760,Staff,0,17,30,30
1650935928280,MATH 20C,A02,083761,Staff,1,16,30,29
1650935928280,MATH 20C,B01,083762,Staff,9,0,30,21
1650935928280,MATH 20C,B02,083763,Staff,28,0,30,2
1650935934308,MATH 20D,A01,083765,Staff,2,1,30,28
1650935934308,MATH 20D,A02,083766,Staff,3,0,30,27
1650935934308,MATH 20D,A03,083767,Staff,23,0,30,7
1650935940331,MATH 20E,A01,083771,Staff,2,0,30,28
1650935940331,MATH 20E,A02,083772,Staff,13,0,30,17
1650935940331,MATH 20E,B01,083773,Staff,0,0,30,30
1650935940331,MATH 20E,B02,083774,Staff,2,0,30,28
1650935946355,MATH 103A,A01,083777,Staff,0,17,30,30
1650935946355,MATH 103A,A02,083778,Staff,0,15,30,30
1650935946355,MATH 103A,B01,083779,Staff,0,15,30,30
1650935946355,MATH 103A,B02,083780,Staff,0,14,30,30
1650935952378,MATH 105,A01,085443,Staff,0,23,30,30
1650935958400,MATH 109,A01,083213,Anzaldo; Leesa B,0,7,30,30
1650935958400,MATH 109,A02,083214,Anzaldo; Leesa B,0,7,30,30
1650935958400,MATH 109,B01,083215,Anzaldo; Leesa B,0,8,30,30
1650935958400,MATH 109,B02,083216,Anzaldo; Leesa B,1,7,30,29
1650935964430,MATH 142A,A01,083219,Chow; Bennett,0,14,30,30
1650935964430,MATH 142A,A02,083220,Chow; Bennett,0,15,30,30
1650935964430,MATH 142A,B01,083221,Chow; Bennett,0,16,30,30
1650935964430,MATH 142A,B02,083222,Chow; Bennett,0,14,30,30
1650935970454,MATH 193A,A01,083224,Staff,0,6,30,30
1650935970454,MATH 193A,A02,083225,Staff,0,7,30,30
1650935970454,MATH 193A,A03,083781,Staff,0,6,30,30
1650935970454,MATH 193A,A04,083782,Staff,0,7,30,30
1650935976481,MATH 197,001,091859,McAuley; Julian John,9998,0,9999,1
1650935982534,COGS 9,A01,083615,Staff,0,18,60,60
1650935988680,COGS 11,A01,083617,Boyle; Mary E. T.,15,0,40,25
1650935994706,COGS 13,A01,083071,Staff,0,41,40,40
1650936000729,COGS 14A,A01,092681,Staff,0,38,100,100
1650936006751,COGS 14B,A01,083073,Cheng; Tzu-Han,0,12,50,50
1650936012777,COGS 17,A01,092677,Staff,9,0,75,66
1650936018809,COGS 100,A01,083619,Staff,0,31,60,60
1650936024832,COGS 101A,A01,083621,Davis; Joshua Daniel,0,29,60,60
1650936030855,COGS 101B,A01,091572,Staff,0,5,60,60
1650936036883,COGS 101C,A01,083625,Delgado; Tania,14,0,30,16
1650936042906,COGS 107A,A01,083627,Boyle; Mary E. T.,0,16,60,60
1650936048931,COGS 118A,A01,083075,Staff,0,10,60,60
1650936054956,CSE 3,A50,083646,Miranda; Gregory Joseph,15,0,38,23
1650936054956,CSE 3,A51,083647,Miranda; Gregory Joseph,36,0,37,1
1650936060982,CSE 8A,A50,083650,Miranda; Gregory Joseph,0,31,40,40
1650936067005,CSE 11,A01,083080,Cao; Yingjun,0,98,40,40
1650936073028,CSE 12,A01,083652,Staff,0,23,100,100
1650936079054,CSE 15L,A01,083654,Staff,0,3,50,50
1650936079054,CSE 15L,A02,083655,Staff,0,3,50,50
1650936085077,CSE 20,A01,083657,Staff,48,0,80,32
1650936091101,CSE 30,A01,083084,Eldon; John,40,78,80,40
1650936097129,CSE 100,A01,083659,Cao; Yingjun,0,71,50,50
1650936103152,CSE 134B,A01,083661,Powell; Thomas Allan,0,39,65,65
1650936109176,CSE 140,A01,083663,Staff,1,14,75,74
1650936115208,CSE 140L,A01,083088,Eldon; John,25,21,100,75
1650936121234,CSE 175,A01,083665,Kumar; Rakesh,1,0,25,24
1650936127260,CSE 190,A00,092507,Dubnov; Shlomo,10,0,20,10
1650936133286,ECE 45,A01,083139,Staff,0,6,60,60
1650936139309,ECE 65,A50,083695,Staff,0,7,30,30
1650936145344,ECE 109,A01,091882,Touri; Behrouz,32,0,70,38
1650936151373,ECE 180,A00,083140,Abi Samra; Nicholas Camill,18,0,30,12
1650936151373,ECE 180,B00,083141,Abi Samra; Nicholas Camill,0,0,30,30
1650936157395,MATH 10A,A01,083735,Patchell; Gregory David,2,0,30,28
1650936157395,MATH 10A,A02,083736,Patchell; Gregory David,27,0,30,3
1650936157395,MATH 10A,A03,083737,Patchell; Gregory David,23,0,30,7
1650936163422,MATH 10B,A01,083207,Staff,0,9,30,30
1650936163422,MATH 10B,A02,083208,Staff,1,6,30,29
1650936163422,MATH 10B,B01,083739,Staff,9,0,30,21
1650936163422,MATH 10B,B02,083740,Staff,28,0,30,2
1650936169450,MATH 18,A01,083743,Staff,0,0,30,30
1650936169450,MATH 18,A02,083744,Staff,24,0,30,6
1650936169450,MATH 18,A03,083745,Staff,19,0,30,11
1650936169450,MATH 18,A04,083746,Staff,26,0,30,4
1650936169450,MATH 18,B01,083748,Staff,0,15,30,30
1650936169450,MATH 18,B02,083749,Staff,0,14,30,30
1650936169450,MATH 18,B03,083750,Staff,0,13,30,30
1650936169450,MATH 18,B04,083751,Staff,0,13,30,30
1650936175472,MATH 20A,A01,083754,Staff,19,0,40,21
1650936181496,MATH 20B,A01,083756,Staff,0,14,30,30
1650936181496,MATH 20B,A02,083757,Staff,0,11,30,30
1650936187520,MATH 20C,A01,083760,Staff,0,17,30,30
1650936187520,MATH 20C,A02,083761,Staff,1,16,30,29
1650936187520,MATH 20C,B01,083762,Staff,9,0,30,21
1650936187520,MATH 20C,B02,083763,Staff,28,0,30,2
1650936193544,MATH 20D,A01,083765,Staff,2,1,30,28
1650936193544,MATH 20D,A02,083766,Staff,3,0,30,27
1650936193544,MATH 20D,A03,083767,Staff,23,0,30,7
1650936199567,MATH 20E,A01,083771,Staff,2,0,30,28
1650936199567,MATH 20E,A02,083772,Staff,13,0,30,17
1650936199567,MATH 20E,B01,083773,Staff,0,0,30,30
1650936199567,MATH 20E,B02,083774,Staff,2,0,30,28
1650936205599,MATH 103A,A01,083777,Staff,0,17,30,30
1650936205599,MATH 103A,A02,083778,Staff,0,15,30,30
1650936205599,MATH 103A,B01,083779,Staff,0,15,30,30
1650936205599,MATH 103A,B02,083780,Staff,0,14,30,30
1650936211629,MATH 105,A01,085443,Staff,0,23,30,30
1650936217651,MATH 109,A01,083213,Anzaldo; Leesa B,0,7,30,30
1650936217651,MATH 109,A02,083214,Anzaldo; Leesa B,0,7,30,30
1650936217651,MATH 109,B01,083215,Anzaldo; Leesa B,0,8,30,30
1650936217651,MATH 109,B02,083216,Anzaldo; Leesa B,1,7,30,29
1650936223673,MATH 142A,A01,083219,Chow; Bennett,0,14,30,30
1650936223673,MATH 142A,A02,083220,Chow; Bennett,0,15,30,30
1650936223673,MATH 142A,B01,083221,Chow; Bennett,0,16,30,30
1650936223673,MATH 142A,B02,083222,Chow; Bennett,0,14,30,30
1650936229695,MATH 193A,A01,083224,Staff,0,6,30,30
1650936229695,MATH 193A,A02,083225,Staff,0,7,30,30
1650936229695,MATH 193A,A03,083781,Staff,0,6,30,30
1650936229695,MATH 193A,A04,083782,Staff,0,7,30,30
1650936235726,MATH 197,001,091859,McAuley; Julian John,9998,0,9999,1
1650936241780,COGS 9,A01,083615,Staff,0,18,60,60
1650936247814,COGS 11,A01,083617,Boyle; Mary E. T.,15,0,40,25
1650936253840,COGS 13,A01,083071,Staff,0,41,40,40
1650936259868,COGS 14A,A01,092681,Staff,0,38,100,100
1650936265894,COGS 14B,A01,083073,Cheng; Tzu-Han,0,12,50,50
1650936271925,COGS 17,A01,092677,Staff,8,0,75,67
1650936277949,COGS 100,A01,083619,Staff,0,31,60,60
1650936283972,COGS 101A,A01,083621,Davis; Joshua Daniel,0,29,60,60
1650936289996,COGS 101B,A01,091572,Staff,0,5,60,60
1650936296019,COGS 101C,A01,083625,Delgado; Tania,14,0,30,16
1650936302052,COGS 107A,A01,083627,Boyle; Mary E. T.,0,16,60,60
1650936308081,COGS 118A,A01,083075,Staff,0,10,60,60
1650936314105,CSE 3,A50,083646,Miranda; Gregory Joseph,15,0,38,23
1650936314105,CSE 3,A51,083647,Miranda; Gregory Joseph,36,0,37,1
1650936320128,CSE 8A,A50,083650,Miranda; Gregory Joseph,0,31,40,40
1650936326153,CSE 11,A01,083080,Cao; Yingjun,0,98,40,40
1650936332179,CSE 12,A01,083652,Staff,0,23,100,100
1650936338205,CSE 15L,A01,083654,Staff,0,3,50,50
1650936338205,CSE 15L,A02,083655,Staff,0,3,50,50
1650936344232,CSE 20,A01,083657,Staff,48,0,80,32
1650936350255,CSE 30,A01,083084,Eldon; John,40,78,80,40
1650936356278,CSE 100,A01,083659,Cao; Yingjun,0,71,50,50
1650936362307,CSE 134B,A01,083661,Powell; Thomas Allan,0,39,65,65
1650936368330,CSE 140,A01,083663,Staff,1,14,75,74
1650936374356,CSE 140L,A01,083088,Eldon; John,25,21,100,75
1650936380379,CSE 175,A01,083665,Kumar; Rakesh,1,0,25,24
1650936386408,CSE 190,A00,092507,Dubnov; Shlomo,10,0,20,10
1650936392435,ECE 45,A01,083139,Staff,0,6,60,60
1650936398466,ECE 65,A50,083695,Staff,0,7,30,30
1650936404487,ECE 109,A01,091882,Touri; Behrouz,32,0,70,38
1650936410515,ECE 180,A00,083140,Abi Samra; Nicholas Camill,18,0,30,12
1650936410515,ECE 180,B00,083141,Abi Samra; Nicholas Camill,0,0,30,30
1650936416558,MATH 10A,A01,083735,Patchell; Gregory David,2,0,30,28
1650936416558,MATH 10A,A02,083736,Patchell; Gregory David,27,0,30,3
1650936416558,MATH 10A,A03,083737,Patchell; Gregory David,23,0,30,7
1650936422581,MATH 10B,A01,083207,Staff,0,9,30,30
1650936422581,MATH 10B,A02,083208,Staff,1,6,30,29
1650936422581,MATH 10B,B01,083739,Staff,9,0,30,21
1650936422581,MATH 10B,B02,083740,Staff,28,0,30,2
1650936428611,MATH 18,A01,083743,Staff,0,0,30,30
1650936428611,MATH 18,A02,083744,Staff,24,0,30,6
1650936428611,MATH 18,A03,083745,Staff,19,0,30,11
1650936428611,MATH 18,A04,083746,Staff,26,0,30,4
1650936428611,MATH 18,B01,083748,Staff,0,15,30,30
1650936428611,MATH 18,B02,083749,Staff,0,14,30,30
1650936428611,MATH 18,B03,083750,Staff,0,13,30,30
1650936428611,MATH 18,B04,083751,Staff,0,13,30,30
1650936434638,MATH 20A,A01,083754,Staff,19,0,40,21
1650936440667,MATH 20B,A01,083756,Staff,0,14,30,30
1650936440667,MATH 20B,A02,083757,Staff,0,11,30,30
1650936446689,MATH 20C,A01,083760,Staff,0,17,30,30
1650936446689,MATH 20C,A02,083761,Staff,1,16,30,29
1650936446689,MATH 20C,B01,083762,Staff,9,0,30,21
1650936446689,MATH 20C,B02,083763,Staff,28,0,30,2
1650936452713,MATH 20D,A01,083765,Staff,2,1,30,28
1650936452713,MATH 20D,A02,083766,Staff,3,0,30,27
1650936452713,MATH 20D,A03,083767,Staff,23,0,30,7
1650936458740,MATH 20E,A01,083771,Staff,2,0,30,28
1650936458740,MATH 20E,A02,083772,Staff,13,0,30,17
1650936458740,MATH 20E,B01,083773,Staff,0,0,30,30
1650936458740,MATH 20E,B02,083774,Staff,2,0,30,28
1650936464766,MATH 103A,A01,083777,Staff,0,17,30,30
1650936464766,MATH 103A,A02,083778,Staff,0,15,30,30
1650936464766,MATH 103A,B01,083779,Staff,0,15,30,30
1650936464766,MATH 103A,B02,083780,Staff,0,14,30,30
1650936470788,MATH 105,A01,085443,Staff,0,23,30,30
1650936476811,MATH 109,A01,083213,Anzaldo; Leesa B,0,7,30,30
1650936476811,MATH 109,A02,083214,Anzaldo; Leesa B,0,7,30,30
1650936476811,MATH 109,B01,083215,Anzaldo; Leesa B,0,8,30,30
1650936476811,MATH 109,B02,083216,Anzaldo; Leesa B,1,7,30,29
1650936482834,MATH 142A,A01,083219,Chow; Bennett,0,14,30,30
1650936482834,MATH 142A,A02,083220,Chow; Bennett,0,15,30,30
1650936482834,MATH 142A,B01,083221,Chow; Bennett,0,16,30,30
1650936482834,MATH 142A,B02,083222,Chow; Bennett,0,14,30,30
1650936488858,MATH 193A,A01,083224,Staff,0,6,30,30
1650936488858,MATH 193A,A02,083225,Staff,0,7,30,30
1650936488858,MATH 193A,A03,083781,Staff,0,6,30,30
1650936488858,MATH 193A,A04,083782,Staff,0,7,30,30
1650936494882,MATH 197,001,091859,McAuley; Julian John,9998,0,9999,1
1650936500937,COGS 9,A01,083615,Staff,0,18,60,60
1650936506972,COGS 11,A01,083617,Boyle; Mary E. T.,15,0,40,25
1650936512998,COGS 13,A01,083071,Staff,0,41,40,40
1650936519025,COGS 14A,A01,092681,Staff,0,38,100,100
1650936525052,COGS 14B,A01,083073,Cheng; Tzu-Han,0,12,50,50
1650936531078,COGS 17,A01,092677,Staff,8,0,75,67
1650936537100,COGS 100,A01,083619,Staff,0,31,60,60
1650936543130,COGS 101A,A01,083621,Davis; Joshua Daniel,0,29,60,60
1650936549154,COGS 101B,A01,091572,Staff,0,5,60,60
1650936555180,COGS 101C,A01,083625,Delgado; Tania,14,0,30,16
1650936561205,COGS 107A,A01,083627,Boyle; Mary E. T.,0,16,60,60
1650936567236,COGS 118A,A01,083075,Staff,0,10,60,60
1650936573265,CSE 3,A50,083646,Miranda; Gregory Joseph,15,0,38,23
1650936573265,CSE 3,A51,083647,Miranda; Gregory Joseph,36,0,37,1
1650936579289,CSE 8A,A50,083650,Miranda; Gregory Joseph,0,31,40,40
1650936585431,CSE 11,A01,083080,Cao; Yingjun,0,98,40,40
1650936591457,CSE 12,A01,083652,Staff,0,23,100,100
1650936597484,CSE 15L,A01,083654,Staff,0,3,50,50
1650936597484,CSE 15L,A02,083655,Staff,0,3,50,50
1650936603509,CSE 20,A01,083657,Staff,48,0,80,32
1650936609545,CSE 30,A01,083084,Eldon; John,40,78,80,40
1650936615568,CSE 100,A01,083659,Cao; Yingjun,0,71,50,50
1650936621590,CSE 134B,A01,083661,Powell; Thomas Allan,0,39,65,65
1650936627621,CSE 140,A01,083663,Staff,1,14,75,74
1650936633644,CSE 140L,A01,083088,Eldon; John,25,21,100,75
1650936639672,CSE 175,A01,083665,Kumar; Rakesh,1,0,25,24
1650936645697,CSE 190,A00,092507,Dubnov; Shlomo,10,0,20,10
1650936651733,ECE 45,A01,083139,Staff,0,6,60,60
1650936657757,ECE 65,A50,083695,Staff,0,7,30,30
1650936663784,ECE 109,A01,091882,Touri; Behrouz,32,0,70,38
1650936669810,ECE 180,A00,083140,Abi Samra; Nicholas Camill,18,0,30,12
1650936669810,ECE 180,B00,083141,Abi Samra; Nicholas Camill,0,0,30,30
1650936675834,MATH 10A,A01,083735,Patchell; Gregory David,2,0,30,28
1650936675834,MATH 10A,A02,083736,Patchell; Gregory David,27,0,30,3
1650936675834,MATH 10A,A03,083737,Patchell; Gregory David,23,0,30,7
1650936681857,MATH 10B,A01,083207,Staff,0,9,30,30
1650936681857,MATH 10B,A02,083208,Staff,1,6,30,29
1650936681857,MATH 10B,B01,083739,Staff,9,0,30,21
1650936681857,MATH 10B,B02,083740,Staff,28,0,30,2
1650936687882,MATH 18,A01,083743,Staff,0,0,30,30
1650936687882,MATH 18,A02,083744,Staff,24,0,30,6
1650936687882,MATH 18,A03,083745,Staff,19,0,30,11
1650936687882,MATH 18,A04,083746,Staff,26,0,30,4
1650936687882,MATH 18,B01,083748,Staff,0,15,30,30
1650936687882,MATH 18,B02,083749,Staff,0,14,30,30
1650936687882,MATH 18,B03,083750,Staff,0,13,30,30
1650936687882,MATH 18,B04,083751,Staff,0,13,30,30
1650936693904,MATH 20A,A01,083754,Staff,19,0,40,21
1650936699928,MATH 20B,A01,083756,Staff,0,14,30,30
1650936699928,MATH 20B,A02,083757,Staff,0,11,30,30
1650936705953,MATH 20C,A01,083760,Staff,0,17,30,30
1650936705953,MATH 20C,A02,083761,Staff,1,16,30,29
1650936705953,MATH 20C,B01,083762,Staff,9,0,30,21
1650936705953,MATH 20C,B02,083763,Staff,28,0,30,2
1650936711976,MATH 20D,A01,083765,Staff,2,1,30,28
1650936711976,MATH 20D,A02,083766,Staff,3,0,30,27
1650936711976,MATH 20D,A03,083767,Staff,23,0,30,7
1650936718004,MATH 20E,A01,083771,Staff,2,0,30,28
1650936718004,MATH 20E,A02,083772,Staff,13,0,30,17
1650936718004,MATH 20E,B01,083773,Staff,0,0,30,30
1650936718004,MATH 20E,B02,083774,Staff,2,0,30,28
1650936724029,MATH 103A,A01,083777,Staff,0,17,30,30
1650936724029,MATH 103A,A02,083778,Staff,0,15,30,30
1650936724029,MATH 103A,B01,083779,Staff,0,15,30,30
1650936724029,MATH 103A,B02,083780,Staff,0,14,30,30
1650936730058,MATH 105,A01,085443,Staff,0,23,30,30
1650936736081,MATH 109,A01,083213,Anzaldo; Leesa B,0,7,30,30
1650936736081,MATH 109,A02,083214,Anzaldo; Leesa B,0,7,30,30
1650936736081,MATH 109,B01,083215,Anzaldo; Leesa B,0,8,30,30
1650936736081,MATH 109,B02,083216,Anzaldo; Leesa B,1,7,30,29
1650936742105,MATH 142A,A01,083219,Chow; Bennett,0,14,30,30
1650936742105,MATH 142A,A02,083220,Chow; Bennett,0,15,30,30
1650936742105,MATH 142A,B01,083221,Chow; Bennett,0,16,30,30
1650936742105,MATH 142A,B02,083222,Chow; Bennett,0,14,30,30
1650936748128,MATH 193A,A01,083224,Staff,0,6,30,30
1650936748128,MATH 193A,A02,083225,Staff,0,7,30,30
1650936748128,MATH 193A,A03,083781,Staff,0,6,30,30
1650936748128,MATH 193A,A04,083782,Staff,0,7,30,30
1650936754151,MATH 197,001,091859,McAuley; Julian John,9998,0,9999,1
1650936760199,COGS 9,A01,083615,Staff,0,18,60,60
1650936766224,COGS 11,A01,083617,Boyle; Mary E. T.,15,0,40,25
1650936772252,COGS 13,A01,083071,Staff,0,41,40,40
1650936778276,COGS 14A,A01,092681,Staff,0,38,100,100
1650936784300,COGS 14B,A01,083073,Cheng; Tzu-Han,0,12,50,50
1650936790322,COGS 17,A01,092677,Staff,8,0,75,67
1650936796348,COGS 100,A01,083619,Staff,0,31,60,60
1650936802375,COGS 101A,A01,083621,Davis; Joshua Daniel,0,29,60,60
1650936808401,COGS 101B,A01,091572,Staff,0,5,60,60
1650936814425,COGS 101C,A01,083625,Delgado; Tania,14,0,30,16
1650936820452,COGS 107A,A01,083627,Boyle; Mary E. T.,0,16,60,60
1650936826476,COGS 118A,A01,083075,Staff,0,10,60,60
1650936832504,CSE 3,A50,083646,Miranda; Gregory Joseph,15,0,38,23
1650936832504,CSE 3,A51,083647,Miranda; Gregory Joseph,36,0,37,1
1650936838528,CSE 8A,A50,083650,Miranda; Gregory Joseph,0,31,40,40
1650936844562,CSE 11,A01,083080,Cao; Yingjun,0,98,40,40
1650936850589,CSE 12,A01,083652,Staff,0,23,100,100
1650936856613,CSE 15L,A01,083654,Staff,0,3,50,50
1650936856613,CSE 15L,A02,083655,Staff,0,3,50,50
1650936862635,CSE 20,A01,083657,Staff,48,0,80,32
1650936868658,CSE 30,A01,083084,Eldon; John,40,78,80,40
1650936874681,CSE 100,A01,083659,Cao; Yingjun,0,71,50,50
1650936880706,CSE 134B,A01,083661,Powell; Thomas Allan,0,39,65,65
1650936886731,CSE 140,A01,083663,Staff,1,14,75,74
1650936892756,CSE 140L,A01,083088,Eldon; John,25,21,100,75
1650936898781,CSE 175,A01,083665,Kumar; Rakesh,1,0,25,24
1650936904806,CSE 190,A00,092507,Dubnov; Shlomo,10,0,20,10
1650936910837,ECE 45,A01,083139,Staff,0,6,60,60
1650936916860,ECE 65,A50,083695,Staff,0,7,30,30
1650936922890,ECE 109,A01,091882,Touri; Behrouz,32,0,70,38
1650936928914,ECE 180,A00,083140,Abi Samra; Nicholas Camill,18,0,30,12
1650936928914,ECE 180,B00,083141,Abi Samra; Nicholas Camill,0,0,30,30
1650936934937,MATH 10A,A01,083735,Patchell; Gregory David,2,0,30,28
1650936934937,MATH 10A,A02,083736,Patchell; Gregory David,27,0,30,3
1650936934937,MATH 10A,A03,083737,Patchell; Gregory David,23,0,30,7
1650936940959,MATH 10B,A01,083207,Staff,0,9,30,30
1650936940959,MATH 10B,A02,083208,Staff,1,6,30,29
1650936940959,MATH 10B,B01,083739,Staff,9,0,30,21
1650936940959,MATH 10B,B02,083740,Staff,28,0,30,2
1650936946991,MATH 18,A01,083743,Staff,0,0,30,30
1650936946991,MATH 18,A02,083744,Staff,24,0,30,6
1650936946991,MATH 18,A03,083745,Staff,19,0,30,11
1650936946991,MATH 18,A04,083746,Staff,26,0,30,4
1650936946991,MATH 18,B01,083748,Staff,0,15,30,30
1650936946991,MATH 18,B02,083749,Staff,0,14,30,30
1650936946991,MATH 18,B03,083750,Staff,0,13,30,30
1650936946991,MATH 18,B04,083751,Staff,0,13,30,30
1650936953016,MATH 20A,A01,083754,Staff,19,0,40,21
1650936959043,MATH 20B,A01,083756,Staff,0,14,30,30
1650936959043,MATH 20B,A02,083757,Staff,0,11,30,30
1650936965071,MATH 20C,A01,083760,Staff,0,17,30,30
1650936965071,MATH 20C,A02,083761,Staff,1,16,30,29
1650936965071,MATH 20C,B01,083762,Staff,9,0,30,21
1650936965071,MATH 20C,B02,083763,Staff,28,0,30,2
1650936971097,MATH 20D,A01,083765,Staff,2,1,30,28
1650936971097,MATH 20D,A02,083766,Staff,3,0,30,27
1650936971097,MATH 20D,A03,083767,Staff,23,0,30,7
1650936977127,MATH 20E,A01,083771,Staff,2,0,30,28
1650936977127,MATH 20E,A02,083772,Staff,13,0,30,17
1650936977127,MATH 20E,B01,083773,Staff,0,0,30,30
1650936977127,MATH 20E,B02,083774,Staff,2,0,30,28
1650936983150,MATH 103A,A01,083777,Staff,0,17,30,30
1650936983150,MATH 103A,A02,083778,Staff,0,15,30,30
1650936983150,MATH 103A,B01,083779,Staff,0,15,30,30
1650936983150,MATH 103A,B02,083780,Staff,0,14,30,30
1650936989176,MATH 105,A01,085443,Staff,0,23,30,30
1650936995200,MATH 109,A01,083213,Anzaldo; Leesa B,0,7,30,30
1650936995200,MATH 109,A02,083214,Anzaldo; Leesa B,0,7,30,30
1650936995200,MATH 109,B01,083215,Anzaldo; Leesa B,0,8,30,30
1650936995200,MATH 109,B02,083216,Anzaldo; Leesa B,1,7,30,29
1650937001228,MATH 142A,A01,083219,Chow; Bennett,0,14,30,30
1650937001228,MATH 142A,A02,083220,Chow; Bennett,0,15,30,30
1650937001228,MATH 142A,B01,083221,Chow; Bennett,0,16,30,30
1650937001228,MATH 142A,B02,083222,Chow; Bennett,0,14,30,30
1650937007252,MATH 193A,A01,083224,Staff,0,6,30,30
1650937007252,MATH 193A,A02,083225,Staff,0,7,30,30
1650937007252,MATH 193A,A03,083781,Staff,0,6,30,30
1650937007252,MATH 193A,A04,083782,Staff,0,7,30,30
1650937013274,MATH 197,001,091859,McAuley; Julian John,9998,0,9999,1
1650937019338,COGS 9,A01,083615,Staff,0,18,60,60
1650937025362,COGS 11,A01,083617,Boyle; Mary E. T.,15,0,40,25
1650937031384,COGS 13,A01,083071,Staff,0,41,40,40
1650937037408,COGS 14A,A01,092681,Staff,0,38,100,100
1650937043429,COGS 14B,A01,083073,Cheng; Tzu-Han,0,12,50,50
1650937049453,COGS 17,A01,092677,Staff,8,0,75,67
1650937055484,COGS 100,A01,083619,Staff,0,31,60,60
1650937061508,COGS 101A,A01,083621,Davis; Joshua Daniel,0,29,60,60
1650937067532,COGS 101B,A01,091572,Staff,0,5,60,60
1650937073553,COGS 101C,A01,083625,Delgado; Tania,14,0,30,16
1650937079577,COGS 107A,A01,083627,Boyle; Mary E. T.,0,16,60,60
1650937085674,COGS 118A,A01,083075,Staff,0,10,60,60
1650937091705,CSE 3,A50,083646,Miranda; Gregory Joseph,15,0,38,23
1650937091705,CSE 3,A51,083647,Miranda; Gregory Joseph,36,0,37,1
1650937097733,CSE 8A,A50,083650,Miranda; Gregory Joseph,0,31,40,40
1650937103757,CSE 11,A01,083080,Cao; Yingjun,0,98,40,40
1650937109781,CSE 12,A01,083652,Staff,0,23,100,100
1650937115803,CSE 15L,A01,083654,Staff,0,3,50,50
1650937115803,CSE 15L,A02,083655,Staff,0,3,50,50
1650937121830,CSE 20,A01,083657,Staff,48,0,80,32
1650937127862,CSE 30,A01,083084,Eldon; John,40,78,80,40
1650937133886,CSE 100,A01,083659,Cao; Yingjun,0,71,50,50
1650937139910,CSE 134B,A01,083661,Powell; Thomas Allan,0,39,65,65
1650937145934,CSE 140,A01,083663,Staff,1,14,75,74
1650937151965,CSE 140L,A01,083088,Eldon; John,25,21,100,75
1650937157988,CSE 175,A01,083665,Kumar; Rakesh,1,0,25,24
1650937164012,CSE 190,A00,092507,Dubnov; Shlomo,10,0,20,10
1650937170036,ECE 45,A01,083139,Staff,0,6,60,60
1650937176061,ECE 65,A50,083695,Staff,0,7,30,30
1650937182176,ECE 109,A01,091882,Touri; Behrouz,32,0,70,38
1650937188199,ECE 180,A00,083140,Abi Samra; Nicholas Camill,18,0,30,12
1650937188199,ECE 180,B00,083141,Abi Samra; Nicholas Camill,0,0,30,30
1650937194223,MATH 10A,A01,083735,Patchell; Gregory David,2,0,30,28
1650937194223,MATH 10A,A02,083736,Patchell; Gregory David,27,0,30,3
1650937194223,MATH 10A,A03,083737,Patchell; Gregory David,23,0,30,7
1650937200245,MATH 10B,A01,083207,Staff,0,9,30,30
1650937200245,MATH 10B,A02,083208,Staff,1,6,30,29
1650937200245,MATH 10B,B01,083739,Staff,9,0,30,21
1650937200245,MATH 10B,B02,083740,Staff,28,0,30,2
1650937206271,MATH 18,A01,083743,Staff,0,0,30,30
1650937206271,MATH 18,A02,083744,Staff,24,0,30,6
1650937206271,MATH 18,A03,083745,Staff,19,0,30,11
1650937206271,MATH 18,A04,083746,Staff,26,0,30,4
1650937206271,MATH 18,B01,083748,Staff,0,15,30,30
1650937206271,MATH 18,B02,083749,Staff,0,14,30,30
1650937206271,MATH 18,B03,083750,Staff,0,13,30,30
1650937206271,MATH 18,B04,083751,Staff,0,13,30,30
1650937212294,MATH 20A,A01,083754,Staff,19,0,40,21
1650937218318,MATH 20B,A01,083756,Staff,0,14,30,30
1650937218318,MATH 20B,A02,083757,Staff,0,11,30,30
1650937224346,MATH 20C,A01,083760,Staff,0,17,30,30
1650937224346,MATH 20C,A02,083761,Staff,1,16,30,29
1650937224346,MATH 20C,B01,083762,Staff,9,0,30,21
1650937224346,MATH 20C,B02,083763,Staff,28,0,30,2
1650937230371,MATH 20D,A01,083765,Staff,2,1,30,28
1650937230371,MATH 20D,A02,083766,Staff,3,0,30,27
1650937230371,MATH 20D,A03,083767,Staff,23,0,30,7
1650937236399,MATH 20E,A01,083771,Staff,2,0,30,28
1650937236399,MATH 20E,A02,083772,Staff,13,0,30,17
1650937236399,MATH 20E,B01,083773,Staff,0,0,30,30
1650937236399,MATH 20E,B02,083774,Staff,2,0,30,28
1650937242437,MATH 103A,A01,083777,Staff,0,17,30,30
1650937242437,MATH 103A,A02,083778,Staff,0,15,30,30
1650937242437,MATH 103A,B01,083779,Staff,0,15,30,30
1650937242437,MATH 103A,B02,083780,Staff,0,14,30,30
1650937248464,MATH 105,A01,085443,Staff,0,23,30,30
1650937254491,MATH 109,A01,083213,Anzaldo; Leesa B,0,7,30,30
1650937254491,MATH 109,A02,083214,Anzaldo; Leesa B,0,7,30,30
1650937254491,MATH 109,B01,083215,Anzaldo; Leesa B,0,8,30,30
1650937254491,MATH 109,B02,083216,Anzaldo; Leesa B,1,7,30,29
1650937260529,MATH 142A,A01,083219,Chow; Bennett,0,14,30,30
1650937260529,MATH 142A,A02,083220,Chow; Bennett,0,15,30,30
1650937260529,MATH 142A,B01,083221,Chow; Bennett,0,16,30,30
1650937260529,MATH 142A,B02,083222,Chow; Bennett,0,14,30,30
1650937266554,MATH 193A,A01,083224,Staff,0,6,30,30
1650937266554,MATH 193A,A02,083225,Staff,0,7,30,30
1650937266554,MATH 193A,A03,083781,Staff,0,6,30,30
1650937266554,MATH 193A,A04,083782,Staff,0,7,30,30
1650937272579,MATH 197,001,091859,McAuley; Julian John,9998,0,9999,1
1650937278627,COGS 9,A01,083615,Staff,0,18,60,60
1650937284649,COGS 11,A01,083617,Boyle; Mary E. T.,15,0,40,25
1650937290673,COGS 13,A01,083071,Staff,0,41,40,40
1650937296705,COGS 14A,A01,092681,Staff,0,38,100,100
1650937302731,COGS 14B,A01,083073,Cheng; Tzu-Han,0,12,50,50
1650937308755,COGS 17,A01,092677,Staff,8,0,75,67
1650937314781,COGS 100,A01,083619,Staff,0,31,60,60
1650937320803,COGS 101A,A01,083621,Davis; Joshua Daniel,0,29,60,60
1650937326837,COGS 101B,A01,091572,Staff,0,5,60,60
1650937332860,COGS 101C,A01,083625,Delgado; Tania,14,0,30,16
1650937338886,COGS 107A,A01,083627,Boyle; Mary E. T.,0,16,60,60
1650937344910,COGS 118A,A01,083075,Staff,0,10,60,60
1650937350933,CSE 3,A50,083646,Miranda; Gregory Joseph,15,0,38,23
1650937350933,CSE 3,A51,083647,Miranda; Gregory Joseph,36,0,37,1
1650937356956,CSE 8A,A50,083650,Miranda; Gregory Joseph,0,31,40,40
1650937362982,CSE 11,A01,083080,Cao; Yingjun,0,98,40,40
1650937369007,CSE 12,A01,083652,Staff,0,23,100,100
1650937375030,CSE 15L,A01,083654,Staff,0,3,50,50
1650937375030,CSE 15L,A02,083655,Staff,0,3,50,50
1650937381056,CSE 20,A01,083657,Staff,48,0,80,32
1650937387082,CSE 30,A01,083084,Eldon; John,40,78,80,40
1650937393104,CSE 100,A01,083659,Cao; Yingjun,0,71,50,50
1650937399127,CSE 134B,A01,083661,Powell; Thomas Allan,0,39,65,65
1650937405150,CSE 140,A01,083663,Staff,1,14,75,74
1650937411172,CSE 140L,A01,083088,Eldon; John,25,21,100,75
1650937417195,CSE 175,A01,083665,Kumar; Rakesh,1,0,25,24
1650937423220,CSE 190,A00,092507,Dubnov; Shlomo,10,0,20,10
1650937429243,ECE 45,A01,083139,Staff,0,6,60,60
1650937435266,ECE 65,A50,083695,Staff,0,7,30,30
1650937441288,ECE 109,A01,091882,Touri; Behrouz,32,0,70,38
1650937447310,ECE 180,A00,083140,Abi Samra; Nicholas Camill,18,0,30,12
1650937447310,ECE 180,B00,083141,Abi Samra; Nicholas Camill,0,0,30,30
1650937453332,MATH 10A,A01,083735,Patchell; Gregory David,2,0,30,28
1650937453332,MATH 10A,A02,083736,Patchell; Gregory David,27,0,30,3
1650937453332,MATH 10A,A03,083737,Patchell; Gregory David,23,0,30,7
1650937459368,MATH 10B,A01,083207,Staff,0,9,30,30
1650937459368,MATH 10B,A02,083208,Staff,1,6,30,29
1650937459368,MATH 10B,B01,083739,Staff,9,0,30,21
1650937459368,MATH 10B,B02,083740,Staff,28,0,30,2
1650937465393,MATH 18,A01,083743,Staff,0,0,30,30
1650937465393,MATH 18,A02,083744,Staff,24,0,30,6
1650937465393,MATH 18,A03,083745,Staff,19,0,30,11
1650937465393,MATH 18,A04,083746,Staff,26,0,30,4
1650937465393,MATH 18,B01,083748,Staff,0,15,30,30
1650937465393,MATH 18,B02,083749,Staff,0,14,30,30
1650937465393,MATH 18,B03,083750,Staff,0,13,30,30
1650937465393,MATH 18,B04,083751,Staff,0,13,30,30
1650937471415,MATH 20A,A01,083754,Staff,19,0,40,21
1650937477442,MATH 20B,A01,083756,Staff,0,14,30,30
1650937477442,MATH 20B,A02,083757,Staff,0,11,30,30
1650937483471,MATH 20C,A01,083760,Staff,0,17,30,30
1650937483471,MATH 20C,A02,083761,Staff,1,16,30,29
1650937483471,MATH 20C,B01,083762,Staff,9,0,30,21
1650937483471,MATH 20C,B02,083763,Staff,28,0,30,2
1650937489493,MATH 20D,A01,083765,Staff,2,1,30,28
1650937489493,MATH 20D,A02,083766,Staff,3,0,30,27
1650937489493,MATH 20D,A03,083767,Staff,23,0,30,7
1650937495516,MATH 20E,A01,083771,Staff,2,0,30,28
1650937495516,MATH 20E,A02,083772,Staff,13,0,30,17
1650937495516,MATH 20E,B01,083773,Staff,0,0,30,30
1650937495516,MATH 20E,B02,083774,Staff,2,0,30,28
1650937501540,MATH 103A,A01,083777,Staff,0,17,30,30
1650937501540,MATH 103A,A02,083778,Staff,0,15,30,30
1650937501540,MATH 103A,B01,083779,Staff,0,15,30,30
1650937501540,MATH 103A,B02,083780,Staff,0,14,30,30
1650937507577,MATH 105,A01,085443,Staff,0,23,30,30
1650937513599,MATH 109,A01,083213,Anzaldo; Leesa B,0,7,30,30
1650937513599,MATH 109,A02,083214,Anzaldo; Leesa B,0,7,30,30
1650937513599,MATH 109,B01,083215,Anzaldo; Leesa B,0,8,30,30
1650937513599,MATH 109,B02,083216,Anzaldo; Leesa B,1,7,30,29
1650937519624,MATH 142A,A01,083219,Chow; Bennett,0,14,30,30
1650937519624,MATH 142A,A02,083220,Chow; Bennett,0,15,30,30
1650937519624,MATH 142A,B01,083221,Chow; Bennett,0,16,30,30
1650937519624,MATH 142A,B02,083222,Chow; Bennett,0,14,30,30
1650937525651,MATH 193A,A01,083224,Staff,0,6,30,30
1650937525651,MATH 193A,A02,083225,Staff,0,7,30,30
1650937525651,MATH 193A,A03,083781,Staff,0,6,30,30
1650937525651,MATH 193A,A04,083782,Staff,0,7,30,30
1650937531674,MATH 197,001,091859,McAuley; Julian John,9998,0,9999,1
1650937537730,COGS 9,A01,083615,Staff,0,18,60,60
1650937543754,COGS 11,A01,083617,Boyle; Mary E. T.,15,0,40,25
1650937549780,COGS 13,A01,083071,Staff,0,41,40,40
1650937555808,COGS 14A,A01,092681,Staff,0,38,100,100
1650937561832,COGS 14B,A01,083073,Cheng; Tzu-Han,0,12,50,50
1650937567854,COGS 17,A01,092677,Staff,8,0,75,67
1650937573882,COGS 100,A01,083619,Staff,0,31,60,60
1650937579904,COGS 101A,A01,083621,Davis; Joshua Daniel,0,29,60,60
1650937585927,COGS 101B,A01,091572,Staff,0,5,60,60
1650937591952,COGS 101C,A01,083625,Delgado; Tania,14,0,30,16
1650937597977,COGS 107A,A01,083627,Boyle; Mary E. T.,0,16,60,60
1650937604009,COGS 118A,A01,083075,Staff,0,10,60,60
1650937610032,CSE 3,A50,083646,Miranda; Gregory Joseph,15,0,38,23
1650937610032,CSE 3,A51,083647,Miranda; Gregory Joseph,36,0,37,1
1650937616054,CSE 8A,A50,083650,Miranda; Gregory Joseph,0,31,40,40
1650937622079,CSE 11,A01,083080,Cao; Yingjun,0,98,40,40
1650937628106,CSE 12,A01,083652,Staff,0,23,100,100
1650937634144,CSE 15L,A01,083654,Staff,0,3,50,50
1650937634144,CSE 15L,A02,083655,Staff,0,3,50,50
1650937640165,CSE 20,A01,083657,Staff,48,0,80,32
1650937646187,CSE 30,A01,083084,Eldon; John,40,78,80,40
1650937652208,CSE 100,A01,083659,Cao; Yingjun,0,71,50,50
1650937658239,CSE 134B,A01,083661,Powell; Thomas Allan,0,39,65,65
1650937664260,CSE 140,A01,083663,Staff,1,14,75,74
1650937670284,CSE 140L,A01,083088,Eldon; John,25,21,100,75
1650937676307,CSE 175,A01,083665,Kumar; Rakesh,1,0,25,24
1650937682329,CSE 190,A00,092507,Dubnov; Shlomo,10,0,20,10
1650937688358,ECE 45,A01,083139,Staff,0,6,60,60
1650937694380,ECE 65,A50,083695,Staff,0,7,30,30
1650937700403,ECE 109,A01,091882,Touri; Behrouz,32,0,70,38
1650937706428,ECE 180,A00,083140,Abi Samra; Nicholas Camill,18,0,30,12
1650937706428,ECE 180,B00,083141,Abi Samra; Nicholas Camill,0,0,30,30
1650937712454,MATH 10A,A01,083735,Patchell; Gregory David,2,0,30,28
1650937712454,MATH 10A,A02,083736,Patchell; Gregory David,27,0,30,3
1650937712454,MATH 10A,A03,083737,Patchell; Gregory David,23,0,30,7
1650937718476,MATH 10B,A01,083207,Staff,0,9,30,30
1650937718476,MATH 10B,A02,083208,Staff,1,6,30,29
1650937718476,MATH 10B,B01,083739,Staff,9,0,30,21
1650937718476,MATH 10B,B02,083740,Staff,28,0,30,2
1650937724503,MATH 18,A01,083743,Staff,0,0,30,30
1650937724503,MATH 18,A02,083744,Staff,24,0,30,6
1650937724503,MATH 18,A03,083745,Staff,19,0,30,11
1650937724503,MATH 18,A04,083746,Staff,26,0,30,4
1650937724503,MATH 18,B01,083748,Staff,0,15,30,30
1650937724503,MATH 18,B02,083749,Staff,0,14,30,30
1650937724503,MATH 18,B03,083750,Staff,0,13,30,30
1650937724503,MATH 18,B04,083751,Staff,0,13,30,30
1650937730524,MATH 20A,A01,083754,Staff,19,0,40,21
1650937736548,MATH 20B,A01,083756,Staff,0,14,30,30
1650937736548,MATH 20B,A02,083757,Staff,0,11,30,30
1650937742574,MATH 20C,A01,083760,Staff,0,17,30,30
1650937742574,MATH 20C,A02,083761,Staff,1,16,30,29
1650937742574,MATH 20C,B01,083762,Staff,9,0,30,21
1650937742574,MATH 20C,B02,083763,Staff,28,0,30,2
1650937748605,MATH 20D,A01,083765,Staff,2,1,30,28
1650937748605,MATH 20D,A02,083766,Staff,3,0,30,27
1650937748605,MATH 20D,A03,083767,Staff,23,0,30,7
1650937754628,MATH 20E,A01,083771,Staff,2,0,30,28
1650937754628,MATH 20E,A02,083772,Staff,13,0,30,17
1650937754628,MATH 20E,B01,083773,Staff,0,0,30,30
1650937754628,MATH 20E,B02,083774,Staff,2,0,30,28
1650937760650,MATH 103A,A01,083777,Staff,0,17,30,30
1650937760650,MATH 103A,A02,083778,Staff,0,15,30,30
1650937760650,MATH 103A,B01,083779,Staff,0,15,30,30
1650937760650,MATH 103A,B02,083780,Staff,0,14,30,30
1650937766672,MATH 105,A01,085443,Staff,0,23,30,30
1650937772695,MATH 109,A01,083213,Anzaldo; Leesa B,0,7,30,30
1650937772695,MATH 109,A02,083214,Anzaldo; Leesa B,0,7,30,30
1650937772695,MATH 109,B01,083215,Anzaldo; Leesa B,0,8,30,30
1650937772695,MATH 109,B02,083216,Anzaldo; Leesa B,1,7,30,29
1650937778824,MATH 142A,A01,083219,Chow; Bennett,0,14,30,30
1650937778824,MATH 142A,A02,083220,Chow; Bennett,0,15,30,30
1650937778824,MATH 142A,B01,083221,Chow; Bennett,0,16,30,30
1650937778824,MATH 142A,B02,083222,Chow; Bennett,0,14,30,30
1650937784846,MATH 193A,A01,083224,Staff,0,6,30,30
1650937784846,MATH 193A,A02,083225,Staff,0,7,30,30
1650937784846,MATH 193A,A03,083781,Staff,0,6,30,30
1650937784846,MATH 193A,A04,083782,Staff,0,7,30,30
1650937790870,MATH 197,001,091859,McAuley; Julian John,9998,0,9999,1
1650937796924,COGS 9,A01,083615,Staff,0,18,60,60
1650937802949,COGS 11,A01,083617,Boyle; Mary E. T.,15,0,40,25
1650937808972,COGS 13,A01,083071,Staff,0,41,40,40
1650937815005,COGS 14A,A01,092681,Staff,0,38,100,100
1650937821033,COGS 14B,A01,083073,Cheng; Tzu-Han,0,12,50,50
1650937827056,COGS 17,A01,092677,Staff,8,0,75,67
1650937833088,COGS 100,A01,083619,Staff,0,31,60,60
1650937839111,COGS 101A,A01,083621,Davis; Joshua Daniel,0,29,60,60
1650937845133,COGS 101B,A01,091572,Staff,0,5,60,60
1650937851158,COGS 101C,A01,083625,Delgado; Tania,14,0,30,16
1650937857180,COGS 107A,A01,083627,Boyle; Mary E. T.,0,16,60,60
1650937863206,COGS 118A,A01,083075,Staff,0,10,60,60
1650937869243,CSE 3,A50,083646,Miranda; Gregory Joseph,15,0,38,23
1650937869243,CSE 3,A51,083647,Miranda; Gregory Joseph,36,0,37,1
1650937875267,CSE 8A,A50,083650,Miranda; Gregory Joseph,0,31,40,40
1650937881293,CSE 11,A01,083080,Cao; Yingjun,0,98,40,40
1650937887316,CSE 12,A01,083652,Staff,0,24,100,100
1650937893343,CSE 15L,A01,083654,Staff,0,3,50,50
1650937893343,CSE 15L,A02,083655,Staff,0,4,50,50
1650937899371,CSE 20,A01,083657,Staff,48,0,80,32
1650937905401,CSE 30,A01,083084,Eldon; John,40,78,80,40
1650937911434,CSE 100,A01,083659,Cao; Yingjun,0,71,50,50
1650937917461,CSE 134B,A01,083661,Powell; Thomas Allan,0,39,65,65
1650937923488,CSE 140,A01,083663,Staff,1,14,75,74
1650937929511,CSE 140L,A01,083088,Eldon; John,25,21,100,75
1650937935534,CSE 175,A01,083665,Kumar; Rakesh,1,0,25,24
1650937941560,CSE 190,A00,092507,Dubnov; Shlomo,10,0,20,10
1650937947586,ECE 45,A01,083139,Staff,0,6,60,60
1650937953621,ECE 65,A50,083695,Staff,0,7,30,30
1650937959655,ECE 109,A01,091882,Touri; Behrouz,32,0,70,38
1650937965678,ECE 180,A00,083140,Abi Samra; Nicholas Camill,18,0,30,12
1650937965678,ECE 180,B00,083141,Abi Samra; Nicholas Camill,0,0,30,30
1650937971702,MATH 10A,A01,083735,Patchell; Gregory David,2,0,30,28
1650937971702,MATH 10A,A02,083736,Patchell; Gregory David,27,0,30,3
1650937971702,MATH 10A,A03,083737,Patchell; Gregory David,23,0,30,7
1650937977728,MATH 10B,A01,083207,Staff,0,9,30,30
1650937977728,MATH 10B,A02,083208,Staff,1,6,30,29
1650937977728,MATH 10B,B01,083739,Staff,9,0,30,21
1650937977728,MATH 10B,B02,083740,Staff,28,0,30,2
1650937983761,MATH 18,A01,083743,Staff,0,0,30,30
1650937983761,MATH 18,A02,083744,Staff,24,0,30,6
1650937983761,MATH 18,A03,083745,Staff,19,0,30,11
1650937983761,MATH 18,A04,083746,Staff,26,0,30,4
1650937983761,MATH 18,B01,083748,Staff,0,15,30,30
1650937983761,MATH 18,B02,083749,Staff,0,14,30,30
1650937983761,MATH 18,B03,083750,Staff,0,13,30,30
1650937983761,MATH 18,B04,083751,Staff,0,13,30,30
1650937989789,MATH 20A,A01,083754,Staff,19,0,40,21
1650937995816,MATH 20B,A01,083756,Staff,0,14,30,30
1650937995816,MATH 20B,A02,083757,Staff,0,11,30,30
1650938001837,MATH 20C,A01,083760,Staff,0,17,30,30
1650938001837,MATH 20C,A02,083761,Staff,1,16,30,29
1650938001837,MATH 20C,B01,083762,Staff,9,0,30,21
1650938001837,MATH 20C,B02,083763,Staff,28,0,30,2
1650938007865,MATH 20D,A01,083765,Staff,2,1,30,28
1650938007865,MATH 20D,A02,083766,Staff,3,0,30,27
1650938007865,MATH 20D,A03,083767,Staff,23,0,30,7
1650938013891,MATH 20E,A01,083771,Staff,2,0,30,28
1650938013891,MATH 20E,A02,083772,Staff,13,0,30,17
1650938013891,MATH 20E,B01,083773,Staff,0,0,30,30
1650938013891,MATH 20E,B02,083774,Staff,2,0,30,28
1650938019923,MATH 103A,A01,083777,Staff,0,17,30,30
1650938019923,MATH 103A,A02,083778,Staff,0,15,30,30
1650938019923,MATH 103A,B01,083779,Staff,0,15,30,30
1650938019923,MATH 103A,B02,083780,Staff,0,14,30,30
1650938025946,MATH 105,A01,085443,Staff,0,23,30,30
1650938031968,MATH 109,A01,083213,Anzaldo; Leesa B,0,7,30,30
1650938031968,MATH 109,A02,083214,Anzaldo; Leesa B,0,7,30,30
1650938031968,MATH 109,B01,083215,Anzaldo; Leesa B,0,8,30,30
1650938031968,MATH 109,B02,083216,Anzaldo; Leesa B,1,7,30,29
1650938038000,MATH 142A,A01,083219,Chow; Bennett,0,14,30,30
1650938038000,MATH 142A,A02,083220,Chow; Bennett,0,15,30,30
1650938038000,MATH 142A,B01,083221,Chow; Bennett,0,16,30,30
1650938038000,MATH 142A,B02,083222,Chow; Bennett,0,14,30,30
1650938044027,MATH 193A,A01,083224,Staff,0,6,30,30
1650938044027,MATH 193A,A02,083225,Staff,0,7,30,30
1650938044027,MATH 193A,A03,083781,Staff,0,6,30,30
1650938044027,MATH 193A,A04,083782,Staff,0,7,30,30
1650938050067,MATH 197,001,091859,McAuley; Julian John,9998,0,9999,1
1650938056119,COGS 9,A01,083615,Staff,0,18,60,60
1650938062142,COGS 11,A01,083617,Boyle; Mary E. T.,15,0,40,25
1650938068165,COGS 13,A01,083071,Staff,0,41,40,40
1650938074200,COGS 14A,A01,092681,Staff,0,38,100,100
1650938080223,COGS 14B,A01,083073,Cheng; Tzu-Han,0,13,50,50
1650938086248,COGS 17,A01,092677,Staff,8,0,75,67
1650938092274,COGS 100,A01,083619,Staff,0,31,60,60
1650938098300,COGS 101A,A01,083621,Davis; Joshua Daniel,0,29,60,60
1650938104322,COGS 101B,A01,091572,Staff,0,5,60,60
1650938110347,COGS 101C,A01,083625,Delgado; Tania,14,0,30,16
1650938116371,COGS 107A,A01,083627,Boyle; Mary E. T.,0,16,60,60
1650938122400,COGS 118A,A01,083075,Staff,0,10,60,60
1650938128422,CSE 3,A50,083646,Miranda; Gregory Joseph,15,0,38,23
1650938128422,CSE 3,A51,083647,Miranda; Gregory Joseph,36,0,37,1
1650938134447,CSE 8A,A50,083650,Miranda; Gregory Joseph,0,31,40,40
1650938140471,CSE 11,A01,083080,Cao; Yingjun,0,98,40,40
1650938146497,CSE 12,A01,083652,Staff,0,24,100,100
1650938152523,CSE 15L,A01,083654,Staff,0,3,50,50
1650938152523,CSE 15L,A02,083655,Staff,0,4,50,50
1650938158545,CSE 20,A01,083657,Staff,48,0,80,32
1650938164571,CSE 30,A01,083084,Eldon; John,40,78,80,40
1650938170616,CSE 100,A01,083659,Cao; Yingjun,0,71,50,50
1650938176639,CSE 134B,A01,083661,Powell; Thomas Allan,0,39,65,65
1650938182659,CSE 140,A01,083663,Staff,1,14,75,74
1650938188685,CSE 140L,A01,083088,Eldon; John,25,21,100,75
1650938194709,CSE 175,A01,083665,Kumar; Rakesh,1,0,25,24
1650938200731,CSE 190,A00,092507,Dubnov; Shlomo,10,0,20,10
1650938206752,ECE 45,A01,083139,Staff,0,6,60,60
1650938212774,ECE 65,A50,083695,Staff,0,7,30,30
1650938218796,ECE 109,A01,091882,Touri; Behrouz,32,0,70,38
1650938224821,ECE 180,A00,083140,Abi Samra; Nicholas Camill,18,0,30,12
1650938224821,ECE 180,B00,083141,Abi Samra; Nicholas Camill,0,0,30,30
1650938230845,MATH 10A,A01,083735,Patchell; Gregory David,2,0,30,28
1650938230845,MATH 10A,A02,083736,Patchell; Gregory David,27,0,30,3
1650938230845,MATH 10A,A03,083737,Patchell; Gregory David,23,0,30,7
1650938236868,MATH 10B,A01,083207,Staff,0,9,30,30
1650938236868,MATH 10B,A02,083208,Staff,1,6,30,29
1650938236868,MATH 10B,B01,083739,Staff,9,0,30,21
1650938236868,MATH 10B,B02,083740,Staff,28,0,30,2
1650938242892,MATH 18,A01,083743,Staff,0,0,30,30
1650938242892,MATH 18,A02,083744,Staff,24,0,30,6
1650938242892,MATH 18,A03,083745,Staff,19,0,30,11
1650938242892,MATH 18,A04,083746,Staff,26,0,30,4
1650938242892,MATH 18,B01,083748,Staff,0,15,30,30
1650938242892,MATH 18,B02,083749,Staff,0,14,30,30
1650938242892,MATH 18,B03,083750,Staff,0,13,30,30
1650938242892,MATH 18,B04,083751,Staff,0,13,30,30
1650938248915,MATH 20A,A01,083754,Staff,19,0,40,21
1650938254937,MATH 20B,A01,083756,Staff,0,14,30,30
1650938254937,MATH 20B,A02,083757,Staff,0,11,30,30
1650938260958,MATH 20C,A01,083760,Staff,0,17,30,30
1650938260958,MATH 20C,A02,083761,Staff,1,16,30,29
1650938260958,MATH 20C,B01,083762,Staff,9,0,30,21
1650938260958,MATH 20C,B02,083763,Staff,28,0,30,2
1650938266981,MATH 20D,A01,083765,Staff,2,1,30,28
1650938266981,MATH 20D,A02,083766,Staff,3,0,30,27
1650938266981,MATH 20D,A03,083767,Staff,23,0,30,7
1650938273008,MATH 20E,A01,083771,Staff,2,0,30,28
1650938273008,MATH 20E,A02,083772,Staff,13,0,30,17
1650938273008,MATH 20E,B01,083773,Staff,0,0,30,30
1650938273008,MATH 20E,B02,083774,Staff,2,0,30,28
1650938279035,MATH 103A,A01,083777,Staff,0,17,30,30
1650938279035,MATH 103A,A02,083778,Staff,0,15,30,30
1650938279035,MATH 103A,B01,083779,Staff,0,15,30,30
1650938279035,MATH 103A,B02,083780,Staff,0,14,30,30
1650938285060,MATH 105,A01,085443,Staff,0,23,30,30
1650938291088,MATH 109,A01,083213,Anzaldo; Leesa B,0,7,30,30
1650938291088,MATH 109,A02,083214,Anzaldo; Leesa B,0,7,30,30
1650938291088,MATH 109,B01,083215,Anzaldo; Leesa B,0,8,30,30
1650938291088,MATH 109,B02,083216,Anzaldo; Leesa B,1,7,30,29
1650938297114,MATH 142A,A01,083219,Chow; Bennett,0,14,30,30
1650938297114,MATH 142A,A02,083220,Chow; Bennett,0,15,30,30
1650938297114,MATH 142A,B01,083221,Chow; Bennett,0,16,30,30
1650938297114,MATH 142A,B02,083222,Chow; Bennett,0,14,30,30
1650938303141,MATH 193A,A01,083224,Staff,0,6,30,30
1650938303141,MATH 193A,A02,083225,Staff,0,7,30,30
1650938303141,MATH 193A,A03,083781,Staff,0,6,30,30
1650938303141,MATH 193A,A04,083782,Staff,0,7,30,30
1650938309170,MATH 197,001,091859,McAuley; Julian John,9998,0,9999,1
1650938315217,COGS 9,A01,083615,Staff,0,18,60,60
1650938321241,COGS 11,A01,083617,Boyle; Mary E. T.,15,0,40,25
1650938327264,COGS 13,A01,083071,Staff,0,41,40,40
1650938333289,COGS 14A,A01,092681,Staff,0,38,100,100
1650938339316,COGS 14B,A01,083073,Cheng; Tzu-Han,0,13,50,50
1650938345338,COGS 17,A01,092677,Staff,8,0,75,67
1650938351364,COGS 100,A01,083619,Staff,0,31,60,60
1650938357388,COGS 101A,A01,083621,Davis; Joshua Daniel,0,29,60,60
1650938363410,COGS 101B,A01,091572,Staff,0,5,60,60
1650938369523,COGS 101C,A01,083625,Delgado; Tania,14,0,30,16
1650938375547,COGS 107A,A01,083627,Boyle; Mary E. T.,0,16,60,60
1650938381570,COGS 118A,A01,083075,Staff,0,10,60,60
1650938387591,CSE 3,A50,083646,Miranda; Gregory Joseph,15,0,38,23
1650938387591,CSE 3,A51,083647,Miranda; Gregory Joseph,36,0,37,1
1650938393614,CSE 8A,A50,083650,Miranda; Gregory Joseph,0,31,40,40
1650938399643,CSE 11,A01,083080,Cao; Yingjun,0,98,40,40
1650938405669,CSE 12,A01,083652,Staff,0,24,100,100
1650938411702,CSE 15L,A01,083654,Staff,0,3,50,50
1650938411702,CSE 15L,A02,083655,Staff,0,3,50,50
1650938417727,CSE 20,A01,083657,Staff,48,0,80,32
1650938423755,CSE 30,A01,083084,Eldon; John,40,78,80,40
1650938429777,CSE 100,A01,083659,Cao; Yingjun,0,71,50,50
1650938435800,CSE 134B,A01,083661,Powell; Thomas Allan,0,39,65,65
1650938441835,CSE 140,A01,083663,Staff,1,14,75,74
1650938447858,CSE 140L,A01,083088,Eldon; John,25,21,100,75
1650938453883,CSE 175,A01,083665,Kumar; Rakesh,1,0,25,24
1650938459908,CSE 190,A00,092507,Dubnov; Shlomo,10,0,20,10
1650938465935,ECE 45,A01,083139,Staff,0,6,60,60
1650938471967,ECE 65,A50,083695,Staff,0,7,30,30
1650938477988,ECE 109,A01,091882,Touri; Behrouz,32,0,70,38
1650938484010,ECE 180,A00,083140,Abi Samra; Nicholas Camill,18,0,30,12
1650938484010,ECE 180,B00,083141,Abi Samra; Nicholas Camill,0,0,30,30
1650938490034,MATH 10A,A01,083735,Patchell; Gregory David,2,0,30,28
1650938490034,MATH 10A,A02,083736,Patchell; Gregory David,27,0,30,3
1650938490034,MATH 10A,A03,083737,Patchell; Gregory David,23,0,30,7
1650938496057,MATH 10B,A01,083207,Staff,0,9,30,30
1650938496057,MATH 10B,A02,083208,Staff,1,6,30,29
1650938496057,MATH 10B,B01,083739,Staff,9,0,30,21
1650938496057,MATH 10B,B02,083740,Staff,28,0,30,2
1650938502086,MATH 18,A01,083743,Staff,0,0,30,30
1650938502086,MATH 18,A02,083744,Staff,24,0,30,6
1650938502086,MATH 18,A03,083745,Staff,19,0,30,11
1650938502086,MATH 18,A04,083746,Staff,26,0,30,4
1650938502086,MATH 18,B01,083748,Staff,0,15,30,30
1650938502086,MATH 18,B02,083749,Staff,0,14,30,30
1650938502086,MATH 18,B03,083750,Staff,0,13,30,30
1650938502086,MATH 18,B04,083751,Staff,0,13,30,30
1650938508109,MATH 20A,A01,083754,Staff,19,0,40,21
1650938514131,MATH 20B,A01,083756,Staff,0,14,30,30
1650938514131,MATH 20B,A02,083757,Staff,0,11,30,30
1650938520156,MATH 20C,A01,083760,Staff,0,17,30,30
1650938520156,MATH 20C,A02,083761,Staff,1,16,30,29
1650938520156,MATH 20C,B01,083762,Staff,9,0,30,21
1650938520156,MATH 20C,B02,083763,Staff,28,0,30,2
1650938526185,MATH 20D,A01,083765,Staff,2,1,30,28
1650938526185,MATH 20D,A02,083766,Staff,3,0,30,27
1650938526185,MATH 20D,A03,083767,Staff,23,0,30,7
1650938532851,MATH 20E,A01,083771,Staff,2,0,30,28
1650938532851,MATH 20E,A02,083772,Staff,13,0,30,17
1650938532851,MATH 20E,B01,083773,Staff,0,0,30,30
1650938532851,MATH 20E,B02,083774,Staff,2,0,30,28
1650938538878,MATH 103A,A01,083777,Staff,0,17,30,30
1650938538878,MATH 103A,A02,083778,Staff,0,15,30,30
1650938538878,MATH 103A,B01,083779,Staff,0,15,30,30
1650938538878,MATH 103A,B02,083780,Staff,0,14,30,30
1650938544902,MATH 105,A01,085443,Staff,0,23,30,30
1650938550929,MATH 109,A01,083213,Anzaldo; Leesa B,0,7,30,30
1650938550929,MATH 109,A02,083214,Anzaldo; Leesa B,0,7,30,30
1650938550929,MATH 109,B01,083215,Anzaldo; Leesa B,0,8,30,30
1650938550929,MATH 109,B02,083216,Anzaldo; Leesa B,1,7,30,29
1650938556953,MATH 142A,A01,083219,Chow; Bennett,0,14,30,30
1650938556953,MATH 142A,A02,083220,Chow; Bennett,0,15,30,30
1650938556953,MATH 142A,B01,083221,Chow; Bennett,0,16,30,30
1650938556953,MATH 142A,B02,083222,Chow; Bennett,0,14,30,30
1650938562978,MATH 193A,A01,083224,Staff,0,6,30,30
1650938562978,MATH 193A,A02,083225,Staff,0,7,30,30
1650938562978,MATH 193A,A03,083781,Staff,0,6,30,30
1650938562978,MATH 193A,A04,083782,Staff,0,7,30,30
1650938569003,MATH 197,001,091859,McAuley; Julian John,9998,0,9999,1
1650938575055,COGS 9,A01,083615,Staff,0,18,60,60
1650938581083,COGS 11,A01,083617,Boyle; Mary E. T.,16,0,40,24
1650938587111,COGS 13,A01,083071,Staff,0,41,40,40
1650938593132,COGS 14A,A01,092681,Staff,0,38,100,100
1650938599156,COGS 14B,A01,083073,Cheng; Tzu-Han,0,13,50,50
1650938605179,COGS 17,A01,092677,Staff,8,0,75,67
1650938611211,COGS 100,A01,083619,Staff,0,31,60,60
1650938617238,COGS 101A,A01,083621,Davis; Joshua Daniel,0,29,60,60
1650938623262,COGS 101B,A01,091572,Staff,0,5,60,60
1650938629288,COGS 101C,A01,083625,Delgado; Tania,14,0,30,16
1650938635312,COGS 107A,A01,083627,Boyle; Mary E. T.,0,16,60,60
1650938641334,COGS 118A,A01,083075,Staff,0,10,60,60
1650938647369,CSE 3,A50,083646,Miranda; Gregory Joseph,15,0,38,23
1650938647369,CSE 3,A51,083647,Miranda; Gregory Joseph,36,0,37,1
1650938653395,CSE 8A,A50,083650,Miranda; Gregory Joseph,0,31,40,40
1650938659421,CSE 11,A01,083080,Cao; Yingjun,0,98,40,40
1650938665445,CSE 12,A01,083652,Staff,0,24,100,100
1650938671468,CSE 15L,A01,083654,Staff,0,3,50,50
1650938671468,CSE 15L,A02,083655,Staff,0,3,50,50
1650938677492,CSE 20,A01,083657,Staff,48,0,80,32
1650938683520,CSE 30,A01,083084,Eldon; John,40,78,80,40
1650938689542,CSE 100,A01,083659,Cao; Yingjun,0,71,50,50
1650938695570,CSE 134B,A01,083661,Powell; Thomas Allan,0,39,65,65
1650938701593,CSE 140,A01,083663,Staff,1,14,75,74
1650938707621,CSE 140L,A01,083088,Eldon; John,25,21,100,75
1650938713643,CSE 175,A01,083665,Kumar; Rakesh,1,0,25,24
1650938719669,CSE 190,A00,092507,Dubnov; Shlomo,10,0,20,10
1650938725693,ECE 45,A01,083139,Staff,0,6,60,60
1650938731716,ECE 65,A50,083695,Staff,0,7,30,30
1650938737742,ECE 109,A01,091882,Touri; Behrouz,32,0,70,38
1650938743765,ECE 180,A00,083140,Abi Samra; Nicholas Camill,18,0,30,12
1650938743765,ECE 180,B00,083141,Abi Samra; Nicholas Camill,0,0,30,30
1650938749788,MATH 10A,A01,083735,Patchell; Gregory David,2,0,30,28
1650938749788,MATH 10A,A02,083736,Patchell; Gregory David,27,0,30,3
1650938749788,MATH 10A,A03,083737,Patchell; Gregory David,23,0,30,7
1650938755811,MATH 10B,A01,083207,Staff,0,9,30,30
1650938755811,MATH 10B,A02,083208,Staff,1,6,30,29
1650938755811,MATH 10B,B01,083739,Staff,9,0,30,21
1650938755811,MATH 10B,B02,083740,Staff,28,0,30,2
1650938761835,MATH 18,A01,083743,Staff,0,0,30,30
1650938761835,MATH 18,A02,083744,Staff,24,0,30,6
1650938761835,MATH 18,A03,083745,Staff,19,0,30,11
1650938761835,MATH 18,A04,083746,Staff,26,0,30,4
1650938761835,MATH 18,B01,083748,Staff,0,15,30,30
1650938761835,MATH 18,B02,083749,Staff,0,14,30,30
1650938761835,MATH 18,B03,083750,Staff,0,13,30,30
1650938761835,MATH 18,B04,083751,Staff,0,13,30,30
1650938767860,MATH 20A,A01,083754,Staff,19,0,40,21
1650938773888,MATH 20B,A01,083756,Staff,0,14,30,30
1650938773888,MATH 20B,A02,083757,Staff,0,11,30,30
1650938779916,MATH 20C,A01,083760,Staff,0,17,30,30
1650938779916,MATH 20C,A02,083761,Staff,1,16,30,29
1650938779916,MATH 20C,B01,083762,Staff,9,0,30,21
1650938779916,MATH 20C,B02,083763,Staff,28,0,30,2
1650938785950,MATH 20D,A01,083765,Staff,2,1,30,28
1650938785950,MATH 20D,A02,083766,Staff,3,0,30,27
1650938785950,MATH 20D,A03,083767,Staff,23,0,30,7
1650938791975,MATH 20E,A01,083771,Staff,2,0,30,28
1650938791975,MATH 20E,A02,083772,Staff,13,0,30,17
1650938791975,MATH 20E,B01,083773,Staff,0,0,30,30
1650938791975,MATH 20E,B02,083774,Staff,2,0,30,28
1650938797999,MATH 103A,A01,083777,Staff,0,17,30,30
1650938797999,MATH 103A,A02,083778,Staff,0,15,30,30
1650938797999,MATH 103A,B01,083779,Staff,0,15,30,30
1650938797999,MATH 103A,B02,083780,Staff,0,14,30,30
1650938804021,MATH 105,A01,085443,Staff,0,23,30,30
1650938810047,MATH 109,A01,083213,Anzaldo; Leesa B,0,7,30,30
1650938810047,MATH 109,A02,083214,Anzaldo; Leesa B,0,7,30,30
1650938810047,MATH 109,B01,083215,Anzaldo; Leesa B,0,8,30,30
1650938810047,MATH 109,B02,083216,Anzaldo; Leesa B,1,7,30,29
1650938816071,MATH 142A,A01,083219,Chow; Bennett,0,14,30,30
1650938816071,MATH 142A,A02,083220,Chow; Bennett,0,15,30,30
1650938816071,MATH 142A,B01,083221,Chow; Bennett,0,16,30,30
1650938816071,MATH 142A,B02,083222,Chow; Bennett,0,14,30,30
1650938822093,MATH 193A,A01,083224,Staff,0,6,30,30
1650938822093,MATH 193A,A02,083225,Staff,0,7,30,30
1650938822093,MATH 193A,A03,083781,Staff,0,6,30,30
1650938822093,MATH 193A,A04,083782,Staff,0,7,30,30
1650938828115,MATH 197,001,091859,McAuley; Julian John,9998,0,9999,1
1650938834180,COGS 9,A01,083615,Staff,0,19,60,60
1650938840206,COGS 11,A01,083617,Boyle; Mary E. T.,16,0,40,24
1650938846229,COGS 13,A01,083071,Staff,0,41,40,40
1650938852253,COGS 14A,A01,092681,Staff,0,38,100,100
1650938858279,COGS 14B,A01,083073,Cheng; Tzu-Han,0,13,50,50
1650938864302,COGS 17,A01,092677,Staff,8,0,75,67
1650938870324,COGS 100,A01,083619,Staff,0,31,60,60
1650938876347,COGS 101A,A01,083621,Davis; Joshua Daniel,0,29,60,60
1650938882371,COGS 101B,A01,091572,Staff,0,5,60,60
1650938888396,COGS 101C,A01,083625,Delgado; Tania,14,0,30,16
1650938894420,COGS 107A,A01,083627,Boyle; Mary E. T.,0,16,60,60
1650938900446,COGS 118A,A01,083075,Staff,0,10,60,60
1650938906469,CSE 3,A50,083646,Miranda; Gregory Joseph,15,0,38,23
1650938906469,CSE 3,A51,083647,Miranda; Gregory Joseph,36,0,37,1
1650938912492,CSE 8A,A50,083650,Miranda; Gregory Joseph,0,31,40,40
1650938918517,CSE 11,A01,083080,Cao; Yingjun,0,98,40,40
1650938924540,CSE 12,A01,083652,Staff,0,24,100,100
1650938930562,CSE 15L,A01,083654,Staff,0,3,50,50
1650938930562,CSE 15L,A02,083655,Staff,0,3,50,50
1650938936585,CSE 20,A01,083657,Staff,48,0,80,32
1650938942607,CSE 30,A01,083084,Eldon; John,40,78,80,40
1650938948627,CSE 100,A01,083659,Cao; Yingjun,0,71,50,50
1650938954659,CSE 134B,A01,083661,Powell; Thomas Allan,0,39,65,65
1650938960681,CSE 140,A01,083663,Staff,1,14,75,74
1650938966878,CSE 140L,A01,083088,Eldon; John,25,21,100,75
1650938972904,CSE 175,A01,083665,Kumar; Rakesh,1,0,25,24
1650938978926,CSE 190,A00,092507,Dubnov; Shlomo,10,0,20,10
1650938984948,ECE 45,A01,083139,Staff,0,6,60,60
1650938990974,ECE 65,A50,083695,Staff,0,7,30,30
1650938996997,ECE 109,A01,091882,Touri; Behrouz,32,0,70,38
1650939003020,ECE 180,A00,083140,Abi Samra; Nicholas Camill,18,0,30,12
1650939003020,ECE 180,B00,083141,Abi Samra; Nicholas Camill,0,0,30,30
1650939009054,MATH 10A,A01,083735,Patchell; Gregory David,2,0,30,28
1650939009054,MATH 10A,A02,083736,Patchell; Gregory David,27,0,30,3
1650939009054,MATH 10A,A03,083737,Patchell; Gregory David,23,0,30,7
1650939015077,MATH 10B,A01,083207,Staff,0,9,30,30
1650939015077,MATH 10B,A02,083208,Staff,1,6,30,29
1650939015077,MATH 10B,B01,083739,Staff,9,0,30,21
1650939015077,MATH 10B,B02,083740,Staff,28,0,30,2
1650939021121,MATH 18,A01,083743,Staff,0,0,30,30
1650939021121,MATH 18,A02,083744,Staff,24,0,30,6
1650939021121,MATH 18,A03,083745,Staff,19,0,30,11
1650939021121,MATH 18,A04,083746,Staff,26,0,30,4
1650939021121,MATH 18,B01,083748,Staff,0,15,30,30
1650939021121,MATH 18,B02,083749,Staff,0,14,30,30
1650939021121,MATH 18,B03,083750,Staff,0,13,30,30
1650939021121,MATH 18,B04,083751,Staff,0,13,30,30
1650939027146,MATH 20A,A01,083754,Staff,19,0,40,21
1650939033172,MATH 20B,A01,083756,Staff,0,14,30,30
1650939033172,MATH 20B,A02,083757,Staff,0,11,30,30
1650939039199,MATH 20C,A01,083760,Staff,0,17,30,30
1650939039199,MATH 20C,A02,083761,Staff,1,16,30,29
1650939039199,MATH 20C,B01,083762,Staff,9,0,30,21
1650939039199,MATH 20C,B02,083763,Staff,28,0,30,2
1650939045225,MATH 20D,A01,083765,Staff,2,1,30,28
1650939045225,MATH 20D,A02,083766,Staff,3,0,30,27
1650939045225,MATH 20D,A03,083767,Staff,23,0,30,7
1650939051259,MATH 20E,A01,083771,Staff,2,0,30,28
1650939051259,MATH 20E,A02,083772,Staff,13,0,30,17
1650939051259,MATH 20E,B01,083773,Staff,0,0,30,30
1650939051259,MATH 20E,B02,083774,Staff,2,0,30,28
1650939057282,MATH 103A,A01,083777,Staff,0,17,30,30
1650939057282,MATH 103A,A02,083778,Staff,0,15,30,30
1650939057282,MATH 103A,B01,083779,Staff,0,15,30,30
1650939057282,MATH 103A,B02,083780,Staff,0,14,30,30
1650939063304,MATH 105,A01,085443,Staff,0,23,30,30
1650939069329,MATH 109,A01,083213,Anzaldo; Leesa B,0,7,30,30
1650939069329,MATH 109,A02,083214,Anzaldo; Leesa B,0,7,30,30
1650939069329,MATH 109,B01,083215,Anzaldo; Leesa B,0,8,30,30
1650939069329,MATH 109,B02,083216,Anzaldo; Leesa B,1,7,30,29
1650939075352,MATH 142A,A01,083219,Chow; Bennett,0,14,30,30
1650939075352,MATH 142A,A02,083220,Chow; Bennett,0,15,30,30
1650939075352,MATH 142A,B01,083221,Chow; Bennett,0,16,30,30
1650939075352,MATH 142A,B02,083222,Chow; Bennett,0,14,30,30
1650939081376,MATH 193A,A01,083224,Staff,0,6,30,30
1650939081376,MATH 193A,A02,083225,Staff,0,7,30,30
1650939081376,MATH 193A,A03,083781,Staff,0,6,30,30
1650939081376,MATH 193A,A04,083782,Staff,0,7,30,30
1650939087397,MATH 197,001,091859,McAuley; Julian John,9998,0,9999,1
1650939093446,COGS 9,A01,083615,Staff,0,19,60,60
1650939099472,COGS 11,A01,083617,Boyle; Mary E. T.,16,0,40,24
1650939105494,COGS 13,A01,083071,Staff,0,41,40,40
1650939111519,COGS 14A,A01,092681,Staff,0,38,100,100
1650939117545,COGS 14B,A01,083073,Cheng; Tzu-Han,0,13,50,50
1650939123567,COGS 17,A01,092677,Staff,8,0,75,67
1650939129596,COGS 100,A01,083619,Staff,0,31,60,60
1650939135623,COGS 101A,A01,083621,Davis; Joshua Daniel,0,29,60,60
1650939141648,COGS 101B,A01,091572,Staff,0,5,60,60
1650939147672,COGS 101C,A01,083625,Delgado; Tania,14,0,30,16
1650939153700,COGS 107A,A01,083627,Boyle; Mary E. T.,0,16,60,60
1650939159726,COGS 118A,A01,083075,Staff,0,10,60,60
1650939165754,CSE 3,A50,083646,Miranda; Gregory Joseph,15,0,38,23
1650939165754,CSE 3,A51,083647,Miranda; Gregory Joseph,36,0,37,1
1650939171778,CSE 8A,A50,083650,Miranda; Gregory Joseph,0,31,40,40
1650939177803,CSE 11,A01,083080,Cao; Yingjun,0,98,40,40
1650939183829,CSE 12,A01,083652,Staff,0,24,100,100
1650939189858,CSE 15L,A01,083654,Staff,0,3,50,50
1650939189858,CSE 15L,A02,083655,Staff,0,3,50,50
1650939195881,CSE 20,A01,083657,Staff,48,0,80,32
1650939201909,CSE 30,A01,083084,Eldon; John,40,78,80,40
1650939207937,CSE 100,A01,083659,Cao; Yingjun,0,71,50,50
1650939213961,CSE 134B,A01,083661,Powell; Thomas Allan,0,39,65,65
1650939219987,CSE 140,A01,083663,Staff,1,14,75,74
1650939226018,CSE 140L,A01,083088,Eldon; John,25,21,100,75
1650939232042,CSE 175,A01,083665,Kumar; Rakesh,1,0,25,24
1650939238069,CSE 190,A00,092507,Dubnov; Shlomo,10,0,20,10
1650939244092,ECE 45,A01,083139,Staff,0,6,60,60
1650939250115,ECE 65,A50,083695,Staff,0,7,30,30
1650939256142,ECE 109,A01,091882,Touri; Behrouz,32,0,70,38
1650939262169,ECE 180,A00,083140,Abi Samra; Nicholas Camill,18,0,30,12
1650939262169,ECE 180,B00,083141,Abi Samra; Nicholas Camill,0,0,30,30
1650939268191,MATH 10A,A01,083735,Patchell; Gregory David,2,0,30,28
1650939268191,MATH 10A,A02,083736,Patchell; Gregory David,27,0,30,3
1650939268191,MATH 10A,A03,083737,Patchell; Gregory David,23,0,30,7
1650939274218,MATH 10B,A01,083207,Staff,0,9,30,30
1650939274218,MATH 10B,A02,083208,Staff,1,6,30,29
1650939274218,MATH 10B,B01,083739,Staff,9,0,30,21
1650939274218,MATH 10B,B02,083740,Staff,28,0,30,2
1650939280243,MATH 18,A01,083743,Staff,0,0,30,30
1650939280243,MATH 18,A02,083744,Staff,24,0,30,6
1650939280243,MATH 18,A03,083745,Staff,19,0,30,11
1650939280243,MATH 18,A04,083746,Staff,26,0,30,4
1650939280243,MATH 18,B01,083748,Staff,0,15,30,30
1650939280243,MATH 18,B02,083749,Staff,0,14,30,30
1650939280243,MATH 18,B03,083750,Staff,0,13,30,30
1650939280243,MATH 18,B04,083751,Staff,0,13,30,30
1650939286272,MATH 20A,A01,083754,Staff,19,0,40,21
1650939292296,MATH 20B,A01,083756,Staff,0,14,30,30
1650939292296,MATH 20B,A02,083757,Staff,0,11,30,30
1650939298320,MATH 20C,A01,083760,Staff,0,17,30,30
1650939298320,MATH 20C,A02,083761,Staff,1,16,30,29
1650939298320,MATH 20C,B01,083762,Staff,9,0,30,21
1650939298320,MATH 20C,B02,083763,Staff,28,0,30,2
1650939304343,MATH 20D,A01,083765,Staff,2,1,30,28
1650939304343,MATH 20D,A02,083766,Staff,3,0,30,27
1650939304343,MATH 20D,A03,083767,Staff,23,0,30,7
1650939310366,MATH 20E,A01,083771,Staff,2,0,30,28
1650939310366,MATH 20E,A02,083772,Staff,13,0,30,17
1650939310366,MATH 20E,B01,083773,Staff,0,0,30,30
1650939310366,MATH 20E,B02,083774,Staff,2,0,30,28
1650939316395,MATH 103A,A01,083777,Staff,0,17,30,30
1650939316395,MATH 103A,A02,083778,Staff,0,15,30,30
1650939316395,MATH 103A,B01,083779,Staff,0,15,30,30
1650939316395,MATH 103A,B02,083780,Staff,0,14,30,30
1650939322422,MATH 105,A01,085443,Staff,0,23,30,30
1650939328443,MATH 109,A01,083213,Anzaldo; Leesa B,0,7,30,30
1650939328443,MATH 109,A02,083214,Anzaldo; Leesa B,0,7,30,30
1650939328443,MATH 109,B01,083215,Anzaldo; Leesa B,0,8,30,30
1650939328443,MATH 109,B02,083216,Anzaldo; Leesa B,1,7,30,29
1650939334470,MATH 142A,A01,083219,Chow; Bennett,0,14,30,30
1650939334470,MATH 142A,A02,083220,Chow; Bennett,0,15,30,30
1650939334470,MATH 142A,B01,083221,Chow; Bennett,0,16,30,30
1650939334470,MATH 142A,B02,083222,Chow; Bennett,0,14,30,30
1650939340493,MATH 193A,A01,083224,Staff,0,6,30,30
1650939340493,MATH 193A,A02,083225,Staff,0,7,30,30
1650939340493,MATH 193A,A03,083781,Staff,0,6,30,30
1650939340493,MATH 193A,A04,083782,Staff,0,7,30,30
1650939346522,MATH 197,001,091859,McAuley; Julian John,9998,0,9999,1
1650939352573,COGS 9,A01,083615,Staff,0,19,60,60
1650939358602,COGS 11,A01,083617,Boyle; Mary E. T.,16,0,40,24
1650939364625,COGS 13,A01,083071,Staff,0,41,40,40
1650939370648,COGS 14A,A01,092681,Staff,0,38,100,100
1650939376671,COGS 14B,A01,083073,Cheng; Tzu-Han,0,13,50,50
1650939382699,COGS 17,A01,092677,Staff,8,0,75,67
1650939388722,COGS 100,A01,083619,Staff,0,31,60,60
1650939394759,COGS 101A,A01,083621,Davis; Joshua Daniel,0,29,60,60
1650939400782,COGS 101B,A01,091572,Staff,0,5,60,60
1650939406805,COGS 101C,A01,083625,Delgado; Tania,14,0,30,16
1650939412830,COGS 107A,A01,083627,Boyle; Mary E. T.,0,16,60,60
1650939418857,COGS 118A,A01,083075,Staff,0,10,60,60
1650939424887,CSE 3,A50,083646,Miranda; Gregory Joseph,15,0,38,23
1650939424887,CSE 3,A51,083647,Miranda; Gregory Joseph,36,0,37,1
1650939430915,CSE 8A,A50,083650,Miranda; Gregory Joseph,0,31,40,40
1650939436936,CSE 11,A01,083080,Cao; Yingjun,0,98,40,40
1650939442959,CSE 12,A01,083652,Staff,0,24,100,100
1650939448989,CSE 15L,A01,083654,Staff,0,3,50,50
1650939448989,CSE 15L,A02,083655,Staff,0,3,50,50
1650939455013,CSE 20,A01,083657,Staff,48,0,80,32
1650939461038,CSE 30,A01,083084,Eldon; John,40,78,80,40
1650939467064,CSE 100,A01,083659,Cao; Yingjun,0,71,50,50
1650939473094,CSE 134B,A01,083661,Powell; Thomas Allan,0,39,65,65
1650939479116,CSE 140,A01,083663,Staff,1,14,75,74
1650939485143,CSE 140L,A01,083088,Eldon; John,25,21,100,75
1650939491167,CSE 175,A01,083665,Kumar; Rakesh,1,0,25,24
1650939497194,CSE 190,A00,092507,Dubnov; Shlomo,10,0,20,10
1650939503218,ECE 45,A01,083139,Staff,0,6,60,60
1650939509241,ECE 65,A50,083695,Staff,0,7,30,30
1650939515264,ECE 109,A01,091882,Touri; Behrouz,32,0,70,38
1650939521290,ECE 180,A00,083140,Abi Samra; Nicholas Camill,18,0,30,12
1650939521290,ECE 180,B00,083141,Abi Samra; Nicholas Camill,0,0,30,30
1650939527318,MATH 10A,A01,083735,Patchell; Gregory David,2,0,30,28
1650939527318,MATH 10A,A02,083736,Patchell; Gregory David,27,0,30,3
1650939527318,MATH 10A,A03,083737,Patchell; Gregory David,23,0,30,7
1650939533346,MATH 10B,A01,083207,Staff,0,9,30,30
1650939533346,MATH 10B,A02,083208,Staff,1,6,30,29
1650939533346,MATH 10B,B01,083739,Staff,9,0,30,21
1650939533346,MATH 10B,B02,083740,Staff,28,0,30,2
1650939539379,MATH 18,A01,083743,Staff,0,0,30,30
1650939539379,MATH 18,A02,083744,Staff,24,0,30,6
1650939539379,MATH 18,A03,083745,Staff,19,0,30,11
1650939539379,MATH 18,A04,083746,Staff,26,0,30,4
1650939539379,MATH 18,B01,083748,Staff,0,15,30,30
1650939539379,MATH 18,B02,083749,Staff,0,14,30,30
1650939539379,MATH 18,B03,083750,Staff,0,13,30,30
1650939539379,MATH 18,B04,083751,Staff,0,13,30,30
1650939545402,MATH 20A,A01,083754,Staff,19,0,40,21
1650939551425,MATH 20B,A01,083756,Staff,0,14,30,30
1650939551425,MATH 20B,A02,083757,Staff,0,11,30,30
1650939557463,MATH 20C,A01,083760,Staff,0,17,30,30
1650939557463,MATH 20C,A02,083761,Staff,1,16,30,29
1650939557463,MATH 20C,B01,083762,Staff,9,0,30,21
1650939557463,MATH 20C,B02,083763,Staff,28,0,30,2
1650939563583,MATH 20D,A01,083765,Staff,2,1,30,28
1650939563583,MATH 20D,A02,083766,Staff,3,0,30,27
1650939563583,MATH 20D,A03,083767,Staff,23,0,30,7
1650939569609,MATH 20E,A01,083771,Staff,2,0,30,28
1650939569609,MATH 20E,A02,083772,Staff,13,0,30,17
1650939569609,MATH 20E,B01,083773,Staff,0,0,30,30
1650939569609,MATH 20E,B02,083774,Staff,2,0,30,28
1650939575639,MATH 103A,A01,083777,Staff,0,17,30,30
1650939575639,MATH 103A,A02,083778,Staff,0,15,30,30
1650939575639,MATH 103A,B01,083779,Staff,0,15,30,30
1650939575639,MATH 103A,B02,083780,Staff,0,14,30,30
1650939581676,MATH 105,A01,085443,Staff,0,23,30,30
1650939587704,MATH 109,A01,083213,Anzaldo; Leesa B,0,7,30,30
1650939587704,MATH 109,A02,083214,Anzaldo; Leesa B,0,7,30,30
1650939587704,MATH 109,B01,083215,Anzaldo; Leesa B,0,8,30,30
1650939587704,MATH 109,B02,083216,Anzaldo; Leesa B,1,7,30,29
1650939593729,MATH 142A,A01,083219,Chow; Bennett,0,14,30,30
1650939593729,MATH 142A,A02,083220,Chow; Bennett,0,15,30,30
1650939593729,MATH 142A,B01,083221,Chow; Bennett,0,16,30,30
1650939593729,MATH 142A,B02,083222,Chow; Bennett,0,14,30,30
1650939599752,MATH 193A,A01,083224,Staff,0,6,30,30
1650939599752,MATH 193A,A02,083225,Staff,0,7,30,30
1650939599752,MATH 193A,A03,083781,Staff,0,6,30,30
1650939599752,MATH 193A,A04,083782,Staff,0,7,30,30
1650939605774,MATH 197,001,091859,McAuley; Julian John,9998,0,9999,1
1650939611863,COGS 9,A01,083615,Staff,0,19,60,60
1650939617891,COGS 11,A01,083617,Boyle; Mary E. T.,16,0,40,24
1650939623914,COGS 13,A01,083071,Staff,0,41,40,40
1650939629936,COGS 14A,A01,092681,Staff,0,38,100,100
1650939635958,COGS 14B,A01,083073,Cheng; Tzu-Han,0,13,50,50
1650939641982,COGS 17,A01,092677,Staff,8,0,75,67
1650939648008,COGS 100,A01,083619,Staff,0,31,60,60
1650939654036,COGS 101A,A01,083621,Davis; Joshua Daniel,0,29,60,60
1650939660063,COGS 101B,A01,091572,Staff,0,5,60,60
1650939666091,COGS 101C,A01,083625,Delgado; Tania,14,0,30,16
1650939672114,COGS 107A,A01,083627,Boyle; Mary E. T.,0,16,60,60
1650939678137,COGS 118A,A01,083075,Staff,0,10,60,60
1650939684162,CSE 3,A50,083646,Miranda; Gregory Joseph,15,0,38,23
1650939684162,CSE 3,A51,083647,Miranda; Gregory Joseph,36,0,37,1
1650939690189,CSE 8A,A50,083650,Miranda; Gregory Joseph,0,31,40,40
1650939696215,CSE 11,A01,083080,Cao; Yingjun,0,98,40,40
1650939702242,CSE 12,A01,083652,Staff,0,24,100,100
1650939708267,CSE 15L,A01,083654,Staff,0,3,50,50
1650939708267,CSE 15L,A02,083655,Staff,0,3,50,50
1650939714308,CSE 20,A01,083657,Staff,48,0,80,32
1650939720335,CSE 30,A01,083084,Eldon; John,40,78,80,40
1650939726362,CSE 100,A01,083659,Cao; Yingjun,0,71,50,50
1650939732397,CSE 134B,A01,083661,Powell; Thomas Allan,0,39,65,65
1650939738423,CSE 140,A01,083663,Staff,1,14,75,74
1650939744444,CSE 140L,A01,083088,Eldon; John,25,21,100,75
1650939750466,CSE 175,A01,083665,Kumar; Rakesh,1,0,25,24
1650939756494,CSE 190,A00,092507,Dubnov; Shlomo,10,0,20,10
1650939762519,ECE 45,A01,083139,Staff,0,6,60,60
1650939768543,ECE 65,A50,083695,Staff,0,7,30,30
1650939774567,ECE 109,A01,091882,Touri; Behrouz,32,0,70,38
1650939780590,ECE 180,A00,083140,Abi Samra; Nicholas Camill,18,0,30,12
1650939780590,ECE 180,B00,083141,Abi Samra; Nicholas Camill,0,0,30,30
1650939786616,MATH 10A,A01,083735,Patchell; Gregory David,2,0,30,28
1650939786616,MATH 10A,A02,083736,Patchell; Gregory David,27,0,30,3
1650939786616,MATH 10A,A03,083737,Patchell; Gregory David,23,0,30,7
1650939792645,MATH 10B,A01,083207,Staff,0,9,30,30
1650939792645,MATH 10B,A02,083208,Staff,1,6,30,29
1650939792645,MATH 10B,B01,083739,Staff,9,0,30,21
1650939792645,MATH 10B,B02,083740,Staff,28,0,30,2
1650939798671,MATH 18,A01,083743,Staff,0,0,30,30
1650939798671,MATH 18,A02,083744,Staff,24,0,30,6
1650939798671,MATH 18,A03,083745,Staff,19,0,30,11
1650939798671,MATH 18,A04,083746,Staff,26,0,30,4
1650939798671,MATH 18,B01,083748,Staff,0,15,30,30
1650939798671,MATH 18,B02,083749,Staff,0,14,30,30
1650939798671,MATH 18,B03,083750,Staff,0,13,30,30
1650939798671,MATH 18,B04,083751,Staff,0,13,30,30
1650939804697,MATH 20A,A01,083754,Staff,19,0,40,21
1650939810721,MATH 20B,A01,083756,Staff,0,14,30,30
1650939810721,MATH 20B,A02,083757,Staff,0,11,30,30
1650939816744,MATH 20C,A01,083760,Staff,0,17,30,30
1650939816744,MATH 20C,A02,083761,Staff,1,16,30,29
1650939816744,MATH 20C,B01,083762,Staff,9,0,30,21
1650939816744,MATH 20C,B02,083763,Staff,28,0,30,2
1650939822769,MATH 20D,A01,083765,Staff,2,1,30,28
1650939822769,MATH 20D,A02,083766,Staff,3,0,30,27
1650939822769,MATH 20D,A03,083767,Staff,23,0,30,7
1650939828797,MATH 20E,A01,083771,Staff,2,0,30,28
1650939828797,MATH 20E,A02,083772,Staff,13,0,30,17
1650939828797,MATH 20E,B01,083773,Staff,0,0,30,30
1650939828797,MATH 20E,B02,083774,Staff,2,0,30,28
1650939834826,MATH 103A,A01,083777,Staff,0,17,30,30
1650939834826,MATH 103A,A02,083778,Staff,0,15,30,30
1650939834826,MATH 103A,B01,083779,Staff,0,15,30,30
1650939834826,MATH 103A,B02,083780,Staff,0,14,30,30
1650939840858,MATH 105,A01,085443,Staff,0,23,30,30
1650939846887,MATH 109,A01,083213,Anzaldo; Leesa B,0,7,30,30
1650939846887,MATH 109,A02,083214,Anzaldo; Leesa B,0,7,30,30
1650939846887,MATH 109,B01,083215,Anzaldo; Leesa B,0,8,30,30
1650939846887,MATH 109,B02,083216,Anzaldo; Leesa B,1,7,30,29
1650939852915,MATH 142A,A01,083219,Chow; Bennett,0,14,30,30
1650939852915,MATH 142A,A02,083220,Chow; Bennett,0,15,30,30
1650939852915,MATH 142A,B01,083221,Chow; Bennett,0,16,30,30
1650939852915,MATH 142A,B02,083222,Chow; Bennett,0,14,30,30
1650939858950,MATH 193A,A01,083224,Staff,0,6,30,30
1650939858950,MATH 193A,A02,083225,Staff,0,7,30,30
1650939858950,MATH 193A,A03,083781,Staff,0,6,30,30
1650939858950,MATH 193A,A04,083782,Staff,0,7,30,30
1650939864974,MATH 197,001,091859,McAuley; Julian John,9998,0,9999,1
1650939871056,COGS 9,A01,083615,Staff,0,19,60,60
1650939877078,COGS 11,A01,083617,Boyle; Mary E. T.,16,0,40,24
1650939883102,COGS 13,A01,083071,Staff,0,41,40,40
1650939889128,COGS 14A,A01,092681,Staff,0,38,100,100
1650939895155,COGS 14B,A01,083073,Cheng; Tzu-Han,0,13,50,50
1650939901176,COGS 17,A01,092677,Staff,7,0,75,68
1650939907206,COGS 100,A01,083619,Staff,0,31,60,60
1650939913237,COGS 101A,A01,083621,Davis; Joshua Daniel,0,29,60,60
1650939919263,COGS 101B,A01,091572,Staff,0,5,60,60
1650939925286,COGS 101C,A01,083625,Delgado; Tania,14,0,30,16
1650939931308,COGS 107A,A01,083627,Boyle; Mary E. T.,0,16,60,60
1650939937330,COGS 118A,A01,083075,Staff,0,10,60,60
1650939943364,CSE 3,A50,083646,Miranda; Gregory Joseph,15,0,38,23
1650939943364,CSE 3,A51,083647,Miranda; Gregory Joseph,36,0,37,1
1650939949389,CSE 8A,A50,083650,Miranda; Gregory Joseph,0,31,40,40
1650939955419,CSE 11,A01,083080,Cao; Yingjun,0,98,40,40
1650939961442,CSE 12,A01,083652,Staff,0,24,100,100
1650939967466,CSE 15L,A01,083654,Staff,0,3,50,50
1650939967466,CSE 15L,A02,083655,Staff,0,3,50,50
1650939973492,CSE 20,A01,083657,Staff,48,0,80,32
1650939979514,CSE 30,A01,083084,Eldon; John,40,78,80,40
1650939985537,CSE 100,A01,083659,Cao; Yingjun,0,71,50,50
1650939991564,CSE 134B,A01,083661,Powell; Thomas Allan,0,39,65,65
1650939997602,CSE 140,A01,083663,Staff,1,14,75,74
1650940003629,CSE 140L,A01,083088,Eldon; John,25,21,100,75
1650940009654,CSE 175,A01,083665,Kumar; Rakesh,1,0,25,24
1650940015680,CSE 190,A00,092507,Dubnov; Shlomo,10,0,20,10
1650940021706,ECE 45,A01,083139,Staff,0,6,60,60
1650940027731,ECE 65,A50,083695,Staff,0,7,30,30
1650940033753,ECE 109,A01,091882,Touri; Behrouz,32,0,70,38
1650940039779,ECE 180,A00,083140,Abi Samra; Nicholas Camill,18,0,30,12
1650940039779,ECE 180,B00,083141,Abi Samra; Nicholas Camill,0,0,30,30
1650940045807,MATH 10A,A01,083735,Patchell; Gregory David,2,0,30,28
1650940045807,MATH 10A,A02,083736,Patchell; Gregory David,27,0,30,3
1650940045807,MATH 10A,A03,083737,Patchell; Gregory David,23,0,30,7
1650940051841,MATH 10B,A01,083207,Staff,0,9,30,30
1650940051841,MATH 10B,A02,083208,Staff,1,6,30,29
1650940051841,MATH 10B,B01,083739,Staff,9,0,30,21
1650940051841,MATH 10B,B02,083740,Staff,28,0,30,2
1650940057866,MATH 18,A01,083743,Staff,0,0,30,30
1650940057866,MATH 18,A02,083744,Staff,24,0,30,6
1650940057866,MATH 18,A03,083745,Staff,19,0,30,11
1650940057866,MATH 18,A04,083746,Staff,26,0,30,4
1650940057866,MATH 18,B01,083748,Staff,0,15,30,30
1650940057866,MATH 18,B02,083749,Staff,0,14,30,30
1650940057866,MATH 18,B03,083750,Staff,0,13,30,30
1650940057866,MATH 18,B04,083751,Staff,0,13,30,30
1650940063891,MATH 20A,A01,083754,Staff,19,0,40,21
1650940069917,MATH 20B,A01,083756,Staff,0,14,30,30
1650940069917,MATH 20B,A02,083757,Staff,0,11,30,30
1650940075941,MATH 20C,A01,083760,Staff,0,17,30,30
1650940075941,MATH 20C,A02,083761,Staff,1,16,30,29
1650940075941,MATH 20C,B01,083762,Staff,9,0,30,21
1650940075941,MATH 20C,B02,083763,Staff,28,0,30,2
1650940081964,MATH 20D,A01,083765,Staff,2,1,30,28
1650940081964,MATH 20D,A02,083766,Staff,3,0,30,27
1650940081964,MATH 20D,A03,083767,Staff,23,0,30,7
1650940087988,MATH 20E,A01,083771,Staff,2,0,30,28
1650940087988,MATH 20E,A02,083772,Staff,13,0,30,17
1650940087988,MATH 20E,B01,083773,Staff,0,0,30,30
1650940087988,MATH 20E,B02,083774,Staff,2,0,30,28
1650940094019,MATH 103A,A01,083777,Staff,0,17,30,30
1650940094019,MATH 103A,A02,083778,Staff,0,15,30,30
1650940094019,MATH 103A,B01,083779,Staff,0,15,30,30
1650940094019,MATH 103A,B02,083780,Staff,0,14,30,30
1650940100041,MATH 105,A01,085443,Staff,0,23,30,30
1650940106068,MATH 109,A01,083213,Anzaldo; Leesa B,0,7,30,30
1650940106068,MATH 109,A02,083214,Anzaldo; Leesa B,0,7,30,30
1650940106068,MATH 109,B01,083215,Anzaldo; Leesa B,0,8,30,30
1650940106068,MATH 109,B02,083216,Anzaldo; Leesa B,1,7,30,29
1650940112100,MATH 142A,A01,083219,Chow; Bennett,0,14,30,30
1650940112100,MATH 142A,A02,083220,Chow; Bennett,0,15,30,30
1650940112100,MATH 142A,B01,083221,Chow; Bennett,0,16,30,30
1650940112100,MATH 142A,B02,083222,Chow; Bennett,0,14,30,30
1650940118126,MATH 193A,A01,083224,Staff,0,6,30,30
1650940118126,MATH 193A,A02,083225,Staff,0,7,30,30
1650940118126,MATH 193A,A03,083781,Staff,0,6,30,30
1650940118126,MATH 193A,A04,083782,Staff,0,7,30,30
1650940124155,MATH 197,001,091859,McAuley; Julian John,9998,0,9999,1
1650940130203,COGS 9,A01,083615,Staff,0,19,60,60
1650940136226,COGS 11,A01,083617,Boyle; Mary E. T.,16,0,40,24
1650940142252,COGS 13,A01,083071,Staff,0,41,40,40
1650940148278,COGS 14A,A01,092681,Staff,0,38,100,100
1650940154398,COGS 14B,A01,083073,Cheng; Tzu-Han,0,13,50,50
1650940160421,COGS 17,A01,092677,Staff,7,0,75,68
1650940166447,COGS 100,A01,083619,Staff,0,31,60,60
1650940172469,COGS 101A,A01,083621,Davis; Joshua Daniel,0,29,60,60
1650940178499,COGS 101B,A01,091572,Staff,0,5,60,60
1650940184523,COGS 101C,A01,083625,Delgado; Tania,14,0,30,16
1650940190558,COGS 107A,A01,083627,Boyle; Mary E. T.,0,16,60,60
1650940196585,COGS 118A,A01,083075,Staff,0,10,60,60
1650940202609,CSE 3,A50,083646,Miranda; Gregory Joseph,15,0,38,23
1650940202609,CSE 3,A51,083647,Miranda; Gregory Joseph,36,0,37,1
1650940208636,CSE 8A,A50,083650,Miranda; Gregory Joseph,0,31,40,40
1650940214661,CSE 11,A01,083080,Cao; Yingjun,0,98,40,40
1650940220686,CSE 12,A01,083652,Staff,0,24,100,100
1650940226711,CSE 15L,A01,083654,Staff,0,3,50,50
1650940226711,CSE 15L,A02,083655,Staff,0,3,50,50
1650940232734,CSE 20,A01,083657,Staff,48,0,80,32
1650940238769,CSE 30,A01,083084,Eldon; John,40,78,80,40
1650940244807,CSE 100,A01,083659,Cao; Yingjun,0,71,50,50
1650940250834,CSE 134B,A01,083661,Powell; Thomas Allan,0,39,65,65
1650940256859,CSE 140,A01,083663,Staff,1,14,75,74
1650940262882,CSE 140L,A01,083088,Eldon; John,25,21,100,75
1650940268911,CSE 175,A01,083665,Kumar; Rakesh,1,0,25,24
1650940274934,CSE 190,A00,092507,Dubnov; Shlomo,10,0,20,10
1650940280966,ECE 45,A01,083139,Staff,0,6,60,60
1650940286986,ECE 65,A50,083695,Staff,0,7,30,30
1650940293014,ECE 109,A01,091882,Touri; Behrouz,32,0,70,38
1650940299037,ECE 180,A00,083140,Abi Samra; Nicholas Camill,18,0,30,12
1650940299037,ECE 180,B00,083141,Abi Samra; Nicholas Camill,0,0,30,30
1650940305060,MATH 10A,A01,083735,Patchell; Gregory David,2,0,30,28
1650940305060,MATH 10A,A02,083736,Patchell; Gregory David,27,0,30,3
1650940305060,MATH 10A,A03,083737,Patchell; Gregory David,23,0,30,7
1650940311083,MATH 10B,A01,083207,Staff,0,9,30,30
1650940311083,MATH 10B,A02,083208,Staff,1,6,30,29
1650940311083,MATH 10B,B01,083739,Staff,9,0,30,21
1650940311083,MATH 10B,B02,083740,Staff,28,0,30,2
1650940317108,MATH 18,A01,083743,Staff,0,0,30,30
1650940317108,MATH 18,A02,083744,Staff,24,0,30,6
1650940317108,MATH 18,A03,083745,Staff,19,0,30,11
1650940317108,MATH 18,A04,083746,Staff,26,0,30,4
1650940317108,MATH 18,B01,083748,Staff,0,15,30,30
1650940317108,MATH 18,B02,083749,Staff,0,14,30,30
1650940317108,MATH 18,B03,083750,Staff,0,13,30,30
1650940317108,MATH 18,B04,083751,Staff,0,13,30,30
1650940323138,MATH 20A,A01,083754,Staff,19,0,40,21
1650940329165,MATH 20B,A01,083756,Staff,0,14,30,30
1650940329165,MATH 20B,A02,083757,Staff,0,11,30,30
1650940335191,MATH 20C,A01,083760,Staff,0,17,30,30
1650940335191,MATH 20C,A02,083761,Staff,1,16,30,29
1650940335191,MATH 20C,B01,083762,Staff,9,0,30,21
1650940335191,MATH 20C,B02,083763,Staff,28,0,30,2
1650940341218,MATH 20D,A01,083765,Staff,2,1,30,28
1650940341218,MATH 20D,A02,083766,Staff,3,0,30,27
1650940341218,MATH 20D,A03,083767,Staff,23,0,30,7
1650940347242,MATH 20E,A01,083771,Staff,2,0,30,28
1650940347242,MATH 20E,A02,083772,Staff,13,0,30,17
1650940347242,MATH 20E,B01,083773,Staff,0,0,30,30
1650940347242,MATH 20E,B02,083774,Staff,2,0,30,28
1650940353264,MATH 103A,A01,083777,Staff,0,17,30,30
1650940353264,MATH 103A,A02,083778,Staff,0,15,30,30
1650940353264,MATH 103A,B01,083779,Staff,0,15,30,30
1650940353264,MATH 103A,B02,083780,Staff,0,14,30,30
1650940359296,MATH 105,A01,085443,Staff,0,23,30,30
1650940365321,MATH 109,A01,083213,Anzaldo; Leesa B,0,7,30,30
1650940365321,MATH 109,A02,083214,Anzaldo; Leesa B,0,7,30,30
1650940365321,MATH 109,B01,083215,Anzaldo; Leesa B,0,8,30,30
1650940365321,MATH 109,B02,083216,Anzaldo; Leesa B,1,7,30,29
1650940371345,MATH 142A,A01,083219,Chow; Bennett,0,14,30,30
1650940371345,MATH 142A,A02,083220,Chow; Bennett,0,15,30,30
1650940371345,MATH 142A,B01,083221,Chow; Bennett,0,16,30,30
1650940371345,MATH 142A,B02,083222,Chow; Bennett,0,14,30,30
1650940377367,MATH 193A,A01,083224,Staff,0,6,30,30
1650940377367,MATH 193A,A02,083225,Staff,0,7,30,30
1650940377367,MATH 193A,A03,083781,Staff,0,6,30,30
1650940377367,MATH 193A,A04,083782,Staff,0,7,30,30
1650940383390,MATH 197,001,091859,McAuley; Julian John,9998,0,9999,1
1650940389445,COGS 9,A01,083615,Staff,0,19,60,60
1650940395471,COGS 11,A01,083617,Boyle; Mary E. T.,16,0,40,24
1650940401498,COGS 13,A01,083071,Staff,0,41,40,40
1650940407522,COGS 14A,A01,092681,Staff,0,38,100,100
1650940413549,COGS 14B,A01,083073,Cheng; Tzu-Han,0,13,50,50
1650940419572,COGS 17,A01,092677,Staff,7,0,75,68
1650940425603,COGS 100,A01,083619,Staff,0,31,60,60
1650940431626,COGS 101A,A01,083621,Davis; Joshua Daniel,0,29,60,60
1650940437649,COGS 101B,A01,091572,Staff,0,5,60,60
1650940443675,COGS 101C,A01,083625,Delgado; Tania,14,0,30,16
1650940449697,COGS 107A,A01,083627,Boyle; Mary E. T.,0,16,60,60
1650940455722,COGS 118A,A01,083075,Staff,0,10,60,60
1650940461744,CSE 3,A50,083646,Miranda; Gregory Joseph,15,0,38,23
1650940461744,CSE 3,A51,083647,Miranda; Gregory Joseph,36,0,37,1
1650940467777,CSE 8A,A50,083650,Miranda; Gregory Joseph,0,31,40,40
1650940473804,CSE 11,A01,083080,Cao; Yingjun,0,98,40,40
1650940479827,CSE 12,A01,083652,Staff,0,24,100,100
1650940485853,CSE 15L,A01,083654,Staff,0,3,50,50
1650940485853,CSE 15L,A02,083655,Staff,0,3,50,50
1650940491876,CSE 20,A01,083657,Staff,48,0,80,32
1650940497917,CSE 30,A01,083084,Eldon; John,40,78,80,40
1650940503942,CSE 100,A01,083659,Cao; Yingjun,0,71,50,50
1650940509964,CSE 134B,A01,083661,Powell; Thomas Allan,0,39,65,65
1650940515988,CSE 140,A01,083663,Staff,1,14,75,74
1650940522011,CSE 140L,A01,083088,Eldon; John,25,21,100,75
1650940528037,CSE 175,A01,083665,Kumar; Rakesh,1,0,25,24
1650940534060,CSE 190,A00,092507,Dubnov; Shlomo,10,0,20,10
1650940540089,ECE 45,A01,083139,Staff,0,6,60,60
1650940546113,ECE 65,A50,083695,Staff,0,7,30,30
1650940552135,ECE 109,A01,091882,Touri; Behrouz,32,0,70,38
1650940558162,ECE 180,A00,083140,Abi Samra; Nicholas Camill,18,0,30,12
1650940558162,ECE 180,B00,083141,Abi Samra; Nicholas Camill,0,0,30,30
1650940564184,MATH 10A,A01,083735,Patchell; Gregory David,2,0,30,28
1650940564184,MATH 10A,A02,083736,Patchell; Gregory David,27,0,30,3
1650940564184,MATH 10A,A03,083737,Patchell; Gregory David,23,0,30,7
1650940570210,MATH 10B,A01,083207,Staff,0,9,30,30
1650940570210,MATH 10B,A02,083208,Staff,1,6,30,29
1650940570210,MATH 10B,B01,083739,Staff,9,0,30,21
1650940570210,MATH 10B,B02,083740,Staff,28,0,30,2
1650940576234,MATH 18,A01,083743,Staff,0,0,30,30
1650940576234,MATH 18,A02,083744,Staff,24,0,30,6
1650940576234,MATH 18,A03,083745,Staff,19,0,30,11
1650940576234,MATH 18,A04,083746,Staff,26,0,30,4
1650940576234,MATH 18,B01,083748,Staff,0,15,30,30
1650940576234,MATH 18,B02,083749,Staff,0,14,30,30
1650940576234,MATH 18,B03,083750,Staff,0,13,30,30
1650940576234,MATH 18,B04,083751,Staff,0,13,30,30
1650940582259,MATH 20A,A01,083754,Staff,19,0,40,21
1650940588291,MATH 20B,A01,083756,Staff,0,14,30,30
1650940588291,MATH 20B,A02,083757,Staff,0,11,30,30
1650940594316,MATH 20C,A01,083760,Staff,0,17,30,30
1650940594316,MATH 20C,A02,083761,Staff,1,16,30,29
1650940594316,MATH 20C,B01,083762,Staff,9,0,30,21
1650940594316,MATH 20C,B02,083763,Staff,28,0,30,2
1650940600339,MATH 20D,A01,083765,Staff,2,1,30,28
1650940600339,MATH 20D,A02,083766,Staff,3,0,30,27
1650940600339,MATH 20D,A03,083767,Staff,23,0,30,7
1650940606366,MATH 20E,A01,083771,Staff,2,0,30,28
1650940606366,MATH 20E,A02,083772,Staff,13,0,30,17
1650940606366,MATH 20E,B01,083773,Staff,0,0,30,30
1650940606366,MATH 20E,B02,083774,Staff,2,0,30,28
1650940612396,MATH 103A,A01,083777,Staff,0,17,30,30
1650940612396,MATH 103A,A02,083778,Staff,0,15,30,30
1650940612396,MATH 103A,B01,083779,Staff,0,15,30,30
1650940612396,MATH 103A,B02,083780,Staff,0,14,30,30
1650940618421,MATH 105,A01,085443,Staff,0,23,30,30
1650940624448,MATH 109,A01,083213,Anzaldo; Leesa B,0,7,30,30
1650940624448,MATH 109,A02,083214,Anzaldo; Leesa B,0,7,30,30
1650940624448,MATH 109,B01,083215,Anzaldo; Leesa B,0,8,30,30
1650940624448,MATH 109,B02,083216,Anzaldo; Leesa B,1,7,30,29
1650940630472,MATH 142A,A01,083219,Chow; Bennett,0,14,30,30
1650940630472,MATH 142A,A02,083220,Chow; Bennett,0,15,30,30
1650940630472,MATH 142A,B01,083221,Chow; Bennett,0,16,30,30
1650940630472,MATH 142A,B02,083222,Chow; Bennett,0,14,30,30
1650940636498,MATH 193A,A01,083224,Staff,0,6,30,30
1650940636498,MATH 193A,A02,083225,Staff,0,7,30,30
1650940636498,MATH 193A,A03,083781,Staff,0,6,30,30
1650940636498,MATH 193A,A04,083782,Staff,0,7,30,30
1650940642522,MATH 197,001,091859,McAuley; Julian John,9998,0,9999,1
1650940648580,COGS 9,A01,083615,Staff,0,18,60,60
1650940654604,COGS 11,A01,083617,Boyle; Mary E. T.,16,0,40,24
1650940660626,COGS 13,A01,083071,Staff,0,41,40,40
1650940666659,COGS 14A,A01,092681,Staff,0,38,100,100
1650940672690,COGS 14B,A01,083073,Cheng; Tzu-Han,0,13,50,50
1650940678720,COGS 17,A01,092677,Staff,7,0,75,68
1650940684752,COGS 100,A01,083619,Staff,0,31,60,60
1650940690776,COGS 101A,A01,083621,Davis; Joshua Daniel,0,29,60,60
1650940696799,COGS 101B,A01,091572,Staff,0,5,60,60
1650940702822,COGS 101C,A01,083625,Delgado; Tania,14,0,30,16
1650940708845,COGS 107A,A01,083627,Boyle; Mary E. T.,0,16,60,60
1650940714872,COGS 118A,A01,083075,Staff,0,10,60,60
1650940720894,CSE 3,A50,083646,Miranda; Gregory Joseph,15,0,38,23
1650940720894,CSE 3,A51,083647,Miranda; Gregory Joseph,36,0,37,1
1650940726923,CSE 8A,A50,083650,Miranda; Gregory Joseph,0,31,40,40
1650940732952,CSE 11,A01,083080,Cao; Yingjun,0,98,40,40
1650940738975,CSE 12,A01,083652,Staff,0,24,100,100
1650940744999,CSE 15L,A01,083654,Staff,0,3,50,50
1650940744999,CSE 15L,A02,083655,Staff,0,3,50,50
1650940751112,CSE 20,A01,083657,Staff,48,0,80,32
1650940757139,CSE 30,A01,083084,Eldon; John,40,78,80,40
1650940763163,CSE 100,A01,083659,Cao; Yingjun,0,71,50,50
1650940769186,CSE 134B,A01,083661,Powell; Thomas Allan,0,39,65,65
1650940775208,CSE 140,A01,083663,Staff,1,14,75,74
1650940781231,CSE 140L,A01,083088,Eldon; John,25,21,100,75
1650940787255,CSE 175,A01,083665,Kumar; Rakesh,1,0,25,24
1650940793281,CSE 190,A00,092507,Dubnov; Shlomo,9,0,20,11
1650940799306,ECE 45,A01,083139,Staff,0,6,60,60
1650940805331,ECE 65,A50,083695,Staff,0,7,30,30
1650940811353,ECE 109,A01,091882,Touri; Behrouz,32,0,70,38
1650940817378,ECE 180,A00,083140,Abi Samra; Nicholas Camill,18,0,30,12
1650940817378,ECE 180,B00,083141,Abi Samra; Nicholas Camill,0,0,30,30
1650940823401,MATH 10A,A01,083735,Patchell; Gregory David,2,0,30,28
1650940823401,MATH 10A,A02,083736,Patchell; Gregory David,27,0,30,3
1650940823401,MATH 10A,A03,083737,Patchell; Gregory David,23,0,30,7
1650940829425,MATH 10B,A01,083207,Staff,0,9,30,30
1650940829425,MATH 10B,A02,083208,Staff,1,6,30,29
1650940829425,MATH 10B,B01,083739,Staff,9,0,30,21
1650940829425,MATH 10B,B02,083740,Staff,28,0,30,2
1650940835454,MATH 18,A01,083743,Staff,0,0,30,30
1650940835454,MATH 18,A02,083744,Staff,24,0,30,6
1650940835454,MATH 18,A03,083745,Staff,19,0,30,11
1650940835454,MATH 18,A04,083746,Staff,26,0,30,4
1650940835454,MATH 18,B01,083748,Staff,0,15,30,30
1650940835454,MATH 18,B02,083749,Staff,0,14,30,30
1650940835454,MATH 18,B03,083750,Staff,0,13,30,30
1650940835454,MATH 18,B04,083751,Staff,0,13,30,30
1650940841477,MATH 20A,A01,083754,Staff,19,0,40,21
1650940847500,MATH 20B,A01,083756,Staff,0,14,30,30
1650940847500,MATH 20B,A02,083757,Staff,0,11,30,30
1650940853530,MATH 20C,A01,083760,Staff,0,17,30,30
1650940853530,MATH 20C,A02,083761,Staff,1,16,30,29
1650940853530,MATH 20C,B01,083762,Staff,9,0,30,21
1650940853530,MATH 20C,B02,083763,Staff,28,0,30,2
1650940859552,MATH 20D,A01,083765,Staff,2,1,30,28
1650940859552,MATH 20D,A02,083766,Staff,3,0,30,27
1650940859552,MATH 20D,A03,083767,Staff,23,0,30,7
1650940865575,MATH 20E,A01,083771,Staff,2,0,30,28
1650940865575,MATH 20E,A02,083772,Staff,13,0,30,17
1650940865575,MATH 20E,B01,083773,Staff,0,0,30,30
1650940865575,MATH 20E,B02,083774,Staff,2,0,30,28
1650940871597,MATH 103A,A01,083777,Staff,0,17,30,30
1650940871597,MATH 103A,A02,083778,Staff,0,15,30,30
1650940871597,MATH 103A,B01,083779,Staff,0,15,30,30
1650940871597,MATH 103A,B02,083780,Staff,0,14,30,30
1650940877619,MATH 105,A01,085443,Staff,0,23,30,30
1650940883652,MATH 109,A01,083213,Anzaldo; Leesa B,0,7,30,30
1650940883652,MATH 109,A02,083214,Anzaldo; Leesa B,0,7,30,30
1650940883652,MATH 109,B01,083215,Anzaldo; Leesa B,0,8,30,30
1650940883652,MATH 109,B02,083216,Anzaldo; Leesa B,1,7,30,29
1650940889676,MATH 142A,A01,083219,Chow; Bennett,0,14,30,30
1650940889676,MATH 142A,A02,083220,Chow; Bennett,0,15,30,30
1650940889676,MATH 142A,B01,083221,Chow; Bennett,0,16,30,30
1650940889676,MATH 142A,B02,083222,Chow; Bennett,0,14,30,30
1650940895699,MATH 193A,A01,083224,Staff,0,6,30,30
1650940895699,MATH 193A,A02,083225,Staff,0,7,30,30
1650940895699,MATH 193A,A03,083781,Staff,0,6,30,30
1650940895699,MATH 193A,A04,083782,Staff,0,7,30,30
1650940901722,MATH 197,001,091859,McAuley; Julian John,9998,0,9999,1
1650940907773,COGS 9,A01,083615,Staff,0,18,60,60
1650940913797,COGS 11,A01,083617,Boyle; Mary E. T.,16,0,40,24
1650940919823,COGS 13,A01,083071,Staff,0,41,40,40
1650940925846,COGS 14A,A01,092681,Staff,0,38,100,100
1650940931881,COGS 14B,A01,083073,Cheng; Tzu-Han,0,13,50,50
1650940937906,COGS 17,A01,092677,Staff,7,0,75,68
1650940943941,COGS 100,A01,083619,Staff,0,31,60,60
1650940949965,COGS 101A,A01,083621,Davis; Joshua Daniel,0,29,60,60
1650940955994,COGS 101B,A01,091572,Staff,0,5,60,60
1650940962020,COGS 101C,A01,083625,Delgado; Tania,14,0,30,16
1650940968047,COGS 107A,A01,083627,Boyle; Mary E. T.,0,16,60,60
1650940974070,COGS 118A,A01,083075,Staff,0,10,60,60
1650940980097,CSE 3,A50,083646,Miranda; Gregory Joseph,15,0,38,23
1650940980097,CSE 3,A51,083647,Miranda; Gregory Joseph,36,0,37,1
1650940986125,CSE 8A,A50,083650,Miranda; Gregory Joseph,0,31,40,40
1650940992148,CSE 11,A01,083080,Cao; Yingjun,0,98,40,40
1650940998183,CSE 12,A01,083652,Staff,0,24,100,100
1650941004222,CSE 15L,A01,083654,Staff,0,3,50,50
1650941004222,CSE 15L,A02,083655,Staff,0,3,50,50
1650941010246,CSE 20,A01,083657,Staff,48,0,80,32
1650941016277,CSE 30,A01,083084,Eldon; John,40,78,80,40
1650941022303,CSE 100,A01,083659,Cao; Yingjun,0,71,50,50
1650941028327,CSE 134B,A01,083661,Powell; Thomas Allan,0,39,65,65
1650941034354,CSE 140,A01,083663,Staff,1,14,75,74
1650941040390,CSE 140L,A01,083088,Eldon; John,25,21,100,75
1650941046415,CSE 175,A01,083665,Kumar; Rakesh,1,0,25,24
1650941052439,CSE 190,A00,092507,Dubnov; Shlomo,9,0,20,11
1650941058460,ECE 45,A01,083139,Staff,0,6,60,60
1650941064499,ECE 65,A50,083695,Staff,0,7,30,30
1650941070527,ECE 109,A01,091882,Touri; Behrouz,32,0,70,38
1650941076550,ECE 180,A00,083140,Abi Samra; Nicholas Camill,18,0,30,12
1650941076550,ECE 180,B00,083141,Abi Samra; Nicholas Camill,0,0,30,30
1650941082574,MATH 10A,A01,083735,Patchell; Gregory David,2,0,30,28
1650941082574,MATH 10A,A02,083736,Patchell; Gregory David,27,0,30,3
1650941082574,MATH 10A,A03,083737,Patchell; Gregory David,23,0,30,7
1650941088600,MATH 10B,A01,083207,Staff,0,9,30,30
1650941088600,MATH 10B,A02,083208,Staff,1,6,30,29
1650941088600,MATH 10B,B01,083739,Staff,9,0,30,21
1650941088600,MATH 10B,B02,083740,Staff,28,0,30,2
1650941094631,MATH 18,A01,083743,Staff,0,0,30,30
1650941094631,MATH 18,A02,083744,Staff,24,0,30,6
1650941094631,MATH 18,A03,083745,Staff,19,0,30,11
1650941094631,MATH 18,A04,083746,Staff,26,0,30,4
1650941094631,MATH 18,B01,083748,Staff,0,15,30,30
1650941094631,MATH 18,B02,083749,Staff,0,14,30,30
1650941094631,MATH 18,B03,083750,Staff,0,13,30,30
1650941094631,MATH 18,B04,083751,Staff,0,13,30,30
1650941100655,MATH 20A,A01,083754,Staff,19,0,40,21
1650941106681,MATH 20B,A01,083756,Staff,0,14,30,30
1650941106681,MATH 20B,A02,083757,Staff,0,11,30,30
1650941112707,MATH 20C,A01,083760,Staff,0,17,30,30
1650941112707,MATH 20C,A02,083761,Staff,1,16,30,29
1650941112707,MATH 20C,B01,083762,Staff,9,0,30,21
1650941112707,MATH 20C,B02,083763,Staff,28,0,30,2
1650941118730,MATH 20D,A01,083765,Staff,2,1,30,28
1650941118730,MATH 20D,A02,083766,Staff,3,0,30,27
1650941118730,MATH 20D,A03,083767,Staff,23,0,30,7
1650941124758,MATH 20E,A01,083771,Staff,2,0,30,28
1650941124758,MATH 20E,A02,083772,Staff,13,0,30,17
1650941124758,MATH 20E,B01,083773,Staff,0,0,30,30
1650941124758,MATH 20E,B02,083774,Staff,2,0,30,28
1650941130780,MATH 103A,A01,083777,Staff,0,17,30,30
1650941130780,MATH 103A,A02,083778,Staff,0,15,30,30
1650941130780,MATH 103A,B01,083779,Staff,0,15,30,30
1650941130780,MATH 103A,B02,083780,Staff,0,14,30,30
1650941136806,MATH 105,A01,085443,Staff,0,23,30,30
1650941142830,MATH 109,A01,083213,Anzaldo; Leesa B,0,7,30,30
1650941142830,MATH 109,A02,083214,Anzaldo; Leesa B,0,7,30,30
1650941142830,MATH 109,B01,083215,Anzaldo; Leesa B,0,8,30,30
1650941142830,MATH 109,B02,083216,Anzaldo; Leesa B,1,7,30,29
1650941148854,MATH 142A,A01,083219,Chow; Bennett,0,14,30,30
1650941148854,MATH 142A,A02,083220,Chow; Bennett,0,15,30,30
1650941148854,MATH 142A,B01,083221,Chow; Bennett,0,16,30,30
1650941148854,MATH 142A,B02,083222,Chow; Bennett,0,14,30,30
1650941154882,MATH 193A,A01,083224,Staff,0,6,30,30
1650941154882,MATH 193A,A02,083225,Staff,0,7,30,30
1650941154882,MATH 193A,A03,083781,Staff,0,6,30,30
1650941154882,MATH 193A,A04,083782,Staff,0,7,30,30
1650941160915,MATH 197,001,091859,McAuley; Julian John,9998,0,9999,1
1650941166972,COGS 9,A01,083615,Staff,0,18,60,60
1650941172998,COGS 11,A01,083617,Boyle; Mary E. T.,16,0,40,24
1650941179025,COGS 13,A01,083071,Staff,0,41,40,40
1650941185051,COGS 14A,A01,092681,Staff,0,38,100,100
1650941191075,COGS 14B,A01,083073,Cheng; Tzu-Han,0,13,50,50
1650941197104,COGS 17,A01,092677,Staff,7,0,75,68
1650941203131,COGS 100,A01,083619,Staff,0,31,60,60
1650941209154,COGS 101A,A01,083621,Davis; Joshua Daniel,0,29,60,60
1650941215180,COGS 101B,A01,091572,Staff,0,5,60,60
1650941221209,COGS 101C,A01,083625,Delgado; Tania,14,0,30,16
1650941227234,COGS 107A,A01,083627,Boyle; Mary E. T.,0,16,60,60
1650941233259,COGS 118A,A01,083075,Staff,0,10,60,60
1650941239291,CSE 3,A50,083646,Miranda; Gregory Joseph,15,0,38,23
1650941239291,CSE 3,A51,083647,Miranda; Gregory Joseph,36,0,37,1
1650941245314,CSE 8A,A50,083650,Miranda; Gregory Joseph,0,31,40,40
1650941251345,CSE 11,A01,083080,Cao; Yingjun,0,98,40,40
1650941257368,CSE 12,A01,083652,Staff,0,24,100,100
1650941263392,CSE 15L,A01,083654,Staff,0,3,50,50
1650941263392,CSE 15L,A02,083655,Staff,0,3,50,50
1650941269417,CSE 20,A01,083657,Staff,48,0,80,32
1650941275441,CSE 30,A01,083084,Eldon; John,40,78,80,40
1650941281467,CSE 100,A01,083659,Cao; Yingjun,0,71,50,50
1650941287489,CSE 134B,A01,083661,Powell; Thomas Allan,0,39,65,65
1650941293512,CSE 140,A01,083663,Staff,1,14,75,74
1650941299535,CSE 140L,A01,083088,Eldon; John,25,21,100,75
1650941305558,CSE 175,A01,083665,Kumar; Rakesh,1,0,25,24
1650941311582,CSE 190,A00,092507,Dubnov; Shlomo,9,0,20,11
1650941317609,ECE 45,A01,083139,Staff,0,6,60,60
1650941323633,ECE 65,A50,083695,Staff,0,7,30,30
1650941329661,ECE 109,A01,091882,Touri; Behrouz,32,0,70,38
1650941335685,ECE 180,A00,083140,Abi Samra; Nicholas Camill,18,0,30,12
1650941335685,ECE 180,B00,083141,Abi Samra; Nicholas Camill,0,0,30,30
1650941341717,MATH 10A,A01,083735,Patchell; Gregory David,2,0,30,28
1650941341717,MATH 10A,A02,083736,Patchell; Gregory David,27,0,30,3
1650941341717,MATH 10A,A03,083737,Patchell; Gregory David,23,0,30,7
1650941347828,MATH 10B,A01,083207,Staff,0,9,30,30
1650941347828,MATH 10B,A02,083208,Staff,1,6,30,29
1650941347828,MATH 10B,B01,083739,Staff,9,0,30,21
1650941347828,MATH 10B,B02,083740,Staff,28,0,30,2
1650941353859,MATH 18,A01,083743,Staff,0,0,30,30
1650941353859,MATH 18,A02,083744,Staff,24,0,30,6
1650941353859,MATH 18,A03,083745,Staff,19,0,30,11
1650941353859,MATH 18,A04,083746,Staff,26,0,30,4
1650941353859,MATH 18,B01,083748,Staff,0,15,30,30
1650941353859,MATH 18,B02,083749,Staff,0,14,30,30
1650941353859,MATH 18,B03,083750,Staff,0,13,30,30
1650941353859,MATH 18,B04,083751,Staff,0,13,30,30
1650941359883,MATH 20A,A01,083754,Staff,19,0,40,21
1650941365909,MATH 20B,A01,083756,Staff,0,14,30,30
1650941365909,MATH 20B,A02,083757,Staff,0,11,30,30
1650941371937,MATH 20C,A01,083760,Staff,0,17,30,30
1650941371937,MATH 20C,A02,083761,Staff,1,16,30,29
1650941371937,MATH 20C,B01,083762,Staff,9,0,30,21
1650941371937,MATH 20C,B02,083763,Staff,28,0,30,2
1650941377961,MATH 20D,A01,083765,Staff,2,1,30,28
1650941377961,MATH 20D,A02,083766,Staff,3,0,30,27
1650941377961,MATH 20D,A03,083767,Staff,23,0,30,7
1650941383986,MATH 20E,A01,083771,Staff,2,0,30,28
1650941383986,MATH 20E,A02,083772,Staff,13,0,30,17
1650941383986,MATH 20E,B01,083773,Staff,0,0,30,30
1650941383986,MATH 20E,B02,083774,Staff,2,0,30,28
1650941390009,MATH 103A,A01,083777,Staff,0,17,30,30
1650941390009,MATH 103A,A02,083778,Staff,0,15,30,30
1650941390009,MATH 103A,B01,083779,Staff,0,15,30,30
1650941390009,MATH 103A,B02,083780,Staff,0,14,30,30
1650941396031,MATH 105,A01,085443,Staff,0,23,30,30
1650941402058,MATH 109,A01,083213,Anzaldo; Leesa B,0,7,30,30
1650941402058,MATH 109,A02,083214,Anzaldo; Leesa B,0,7,30,30
1650941402058,MATH 109,B01,083215,Anzaldo; Leesa B,0,8,30,30
1650941402058,MATH 109,B02,083216,Anzaldo; Leesa B,1,7,30,29
1650941408084,MATH 142A,A01,083219,Chow; Bennett,0,14,30,30
1650941408084,MATH 142A,A02,083220,Chow; Bennett,0,15,30,30
1650941408084,MATH 142A,B01,083221,Chow; Bennett,0,16,30,30
1650941408084,MATH 142A,B02,083222,Chow; Bennett,0,14,30,30
1650941414107,MATH 193A,A01,083224,Staff,0,6,30,30
1650941414107,MATH 193A,A02,083225,Staff,0,7,30,30
1650941414107,MATH 193A,A03,083781,Staff,0,6,30,30
1650941414107,MATH 193A,A04,083782,Staff,0,7,30,30
1650941420130,MATH 197,001,091859,McAuley; Julian John,9998,0,9999,1
1650941426180,COGS 9,A01,083615,Staff,0,18,60,60
1650941432214,COGS 11,A01,083617,Boyle; Mary E. T.,16,0,40,24
1650941438240,COGS 13,A01,083071,Staff,0,41,40,40
1650941444262,COGS 14A,A01,092681,Staff,0,38,100,100
1650941450291,COGS 14B,A01,083073,Cheng; Tzu-Han,0,13,50,50
1650941456314,COGS 17,A01,092677,Staff,7,0,75,68
1650941462339,COGS 100,A01,083619,Staff,0,31,60,60
1650941468362,COGS 101A,A01,083621,Davis; Joshua Daniel,0,29,60,60
1650941474387,COGS 101B,A01,091572,Staff,0,5,60,60
1650941480415,COGS 101C,A01,083625,Delgado; Tania,14,0,30,16
1650941486437,COGS 107A,A01,083627,Boyle; Mary E. T.,0,16,60,60
1650941492459,COGS 118A,A01,083075,Staff,0,10,60,60
1650941498482,CSE 3,A50,083646,Miranda; Gregory Joseph,15,0,38,23
1650941498482,CSE 3,A51,083647,Miranda; Gregory Joseph,36,0,37,1
1650941504508,CSE 8A,A50,083650,Miranda; Gregory Joseph,0,31,40,40
1650941510533,CSE 11,A01,083080,Cao; Yingjun,0,98,40,40
1650941516555,CSE 12,A01,083652,Staff,0,24,100,100
1650941522577,CSE 15L,A01,083654,Staff,0,3,50,50
1650941522577,CSE 15L,A02,083655,Staff,0,3,50,50
1650941528604,CSE 20,A01,083657,Staff,48,0,80,32
1650941534631,CSE 30,A01,083084,Eldon; John,40,78,80,40
1650941540654,CSE 100,A01,083659,Cao; Yingjun,0,71,50,50
1650941546694,CSE 134B,A01,083661,Powell; Thomas Allan,0,39,65,65
1650941552720,CSE 140,A01,083663,Staff,1,14,75,74
1650941558744,CSE 140L,A01,083088,Eldon; John,25,21,100,75
1650941564768,CSE 175,A01,083665,Kumar; Rakesh,1,0,25,24
1650941570790,CSE 190,A00,092507,Dubnov; Shlomo,9,0,20,11
1650941576820,ECE 45,A01,083139,Staff,0,6,60,60
1650941582845,ECE 65,A50,083695,Staff,0,7,30,30
1650941588869,ECE 109,A01,091882,Touri; Behrouz,32,0,70,38
1650941594893,ECE 180,A00,083140,Abi Samra; Nicholas Camill,18,0,30,12
1650941594893,ECE 180,B00,083141,Abi Samra; Nicholas Camill,0,0,30,30
1650941600920,MATH 10A,A01,083735,Patchell; Gregory David,2,0,30,28
1650941600920,MATH 10A,A02,083736,Patchell; Gregory David,27,0,30,3
1650941600920,MATH 10A,A03,083737,Patchell; Gregory David,23,0,30,7
1650941606943,MATH 10B,A01,083207,Staff,0,9,30,30
1650941606943,MATH 10B,A02,083208,Staff,1,6,30,29
1650941606943,MATH 10B,B01,083739,Staff,9,0,30,21
1650941606943,MATH 10B,B02,083740,Staff,28,0,30,2
1650941612967,MATH 18,A01,083743,Staff,0,0,30,30
1650941612967,MATH 18,A02,083744,Staff,24,0,30,6
1650941612967,MATH 18,A03,083745,Staff,19,0,30,11
1650941612967,MATH 18,A04,083746,Staff,26,0,30,4
1650941612967,MATH 18,B01,083748,Staff,0,15,30,30
1650941612967,MATH 18,B02,083749,Staff,0,14,30,30
1650941612967,MATH 18,B03,083750,Staff,0,13,30,30
1650941612967,MATH 18,B04,083751,Staff,0,13,30,30
1650941618990,MATH 20A,A01,083754,Staff,19,0,40,21
1650941625012,MATH 20B,A01,083756,Staff,0,14,30,30
1650941625012,MATH 20B,A02,083757,Staff,0,11,30,30
1650941631035,MATH 20C,A01,083760,Staff,0,17,30,30
1650941631035,MATH 20C,A02,083761,Staff,1,16,30,29
1650941631035,MATH 20C,B01,083762,Staff,9,0,30,21
1650941631035,MATH 20C,B02,083763,Staff,28,0,30,2
1650941637059,MATH 20D,A01,083765,Staff,2,1,30,28
1650941637059,MATH 20D,A02,083766,Staff,3,0,30,27
1650941637059,MATH 20D,A03,083767,Staff,23,0,30,7
1650941643095,MATH 20E,A01,083771,Staff,2,0,30,28
1650941643095,MATH 20E,A02,083772,Staff,13,0,30,17
1650941643095,MATH 20E,B01,083773,Staff,0,0,30,30
1650941643095,MATH 20E,B02,083774,Staff,2,0,30,28
1650941649120,MATH 103A,A01,083777,Staff,0,17,30,30
1650941649120,MATH 103A,A02,083778,Staff,0,15,30,30
1650941649120,MATH 103A,B01,083779,Staff,0,15,30,30
1650941649120,MATH 103A,B02,083780,Staff,0,14,30,30
1650941655143,MATH 105,A01,085443,Staff,0,23,30,30
1650941661172,MATH 109,A01,083213,Anzaldo; Leesa B,0,7,30,30
1650941661172,MATH 109,A02,083214,Anzaldo; Leesa B,0,7,30,30
1650941661172,MATH 109,B01,083215,Anzaldo; Leesa B,0,8,30,30
1650941661172,MATH 109,B02,083216,Anzaldo; Leesa B,1,7,30,29
1650941667199,MATH 142A,A01,083219,Chow; Bennett,0,14,30,30
1650941667199,MATH 142A,A02,083220,Chow; Bennett,0,15,30,30
1650941667199,MATH 142A,B01,083221,Chow; Bennett,0,16,30,30
1650941667199,MATH 142A,B02,083222,Chow; Bennett,0,14,30,30
1650941673226,MATH 193A,A01,083224,Staff,0,6,30,30
1650941673226,MATH 193A,A02,083225,Staff,0,7,30,30
1650941673226,MATH 193A,A03,083781,Staff,0,6,30,30
1650941673226,MATH 193A,A04,083782,Staff,0,7,30,30
1650941679248,MATH 197,001,091859,McAuley; Julian John,9998,0,9999,1
1650941685307,COGS 9,A01,083615,Staff,0,18,60,60
1650941698954,COGS 11,A01,083617,Boyle; Mary E. T.,16,0,40,24
1650941704981,COGS 13,A01,083071,Staff,0,41,40,40
1650941711005,COGS 14A,A01,092681,Staff,0,38,100,100
1650941717030,COGS 14B,A01,083073,Cheng; Tzu-Han,0,13,50,50
1650941723053,COGS 17,A01,092677,Staff,7,0,75,68
1650941729076,COGS 100,A01,083619,Staff,0,31,60,60
1650941735109,COGS 101A,A01,083621,Davis; Joshua Daniel,0,29,60,60
1650941741132,COGS 101B,A01,091572,Staff,0,5,60,60
1650941747155,COGS 101C,A01,083625,Delgado; Tania,14,0,30,16
1650941753181,COGS 107A,A01,083627,Boyle; Mary E. T.,0,16,60,60
1650941759204,COGS 118A,A01,083075,Staff,0,10,60,60
1650941765228,CSE 3,A50,083646,Miranda; Gregory Joseph,15,0,38,23
1650941765228,CSE 3,A51,083647,Miranda; Gregory Joseph,36,0,37,1
1650941771259,CSE 8A,A50,083650,Miranda; Gregory Joseph,0,31,40,40
1650941777286,CSE 11,A01,083080,Cao; Yingjun,0,98,40,40
1650941783313,CSE 12,A01,083652,Staff,0,24,100,100
1650941789338,CSE 15L,A01,083654,Staff,0,3,50,50
1650941789338,CSE 15L,A02,083655,Staff,0,3,50,50
1650941795367,CSE 20,A01,083657,Staff,47,0,80,33
1650941801388,CSE 30,A01,083084,Eldon; John,40,78,80,40
1650941807415,CSE 100,A01,083659,Cao; Yingjun,0,71,50,50
1650941813442,CSE 134B,A01,083661,Powell; Thomas Allan,0,39,65,65
1650941819466,CSE 140,A01,083663,Staff,1,14,75,74
1650941825498,CSE 140L,A01,083088,Eldon; John,25,21,100,75
1650941831523,CSE 175,A01,083665,Kumar; Rakesh,1,0,25,24
1650941837544,CSE 190,A00,092507,Dubnov; Shlomo,9,0,20,11
1650941843566,ECE 45,A01,083139,Staff,0,6,60,60
1650941849603,ECE 65,A50,083695,Staff,0,7,30,30
1650941855631,ECE 109,A01,091882,Touri; Behrouz,32,0,70,38
1650941861653,ECE 180,A00,083140,Abi Samra; Nicholas Camill,18,0,30,12
1650941861653,ECE 180,B00,083141,Abi Samra; Nicholas Camill,0,0,30,30
1650941867675,MATH 10A,A01,083735,Patchell; Gregory David,2,0,30,28
1650941867675,MATH 10A,A02,083736,Patchell; Gregory David,27,0,30,3
1650941867675,MATH 10A,A03,083737,Patchell; Gregory David,23,0,30,7
1650941873704,MATH 10B,A01,083207,Staff,0,9,30,30
1650941873704,MATH 10B,A02,083208,Staff,1,6,30,29
1650941873704,MATH 10B,B01,083739,Staff,9,0,30,21
1650941873704,MATH 10B,B02,083740,Staff,28,0,30,2
1650941879732,MATH 18,A01,083743,Staff,0,0,30,30
1650941879732,MATH 18,A02,083744,Staff,24,0,30,6
1650941879732,MATH 18,A03,083745,Staff,19,0,30,11
1650941879732,MATH 18,A04,083746,Staff,26,0,30,4
1650941879732,MATH 18,B01,083748,Staff,0,15,30,30
1650941879732,MATH 18,B02,083749,Staff,0,14,30,30
1650941879732,MATH 18,B03,083750,Staff,0,13,30,30
1650941879732,MATH 18,B04,083751,Staff,0,13,30,30
1650941885765,MATH 20A,A01,083754,Staff,19,0,40,21
1650941891789,MATH 20B,A01,083756,Staff,0,14,30,30
1650941891789,MATH 20B,A02,083757,Staff,0,11,30,30
1650941897813,MATH 20C,A01,083760,Staff,0,17,30,30
1650941897813,MATH 20C,A02,083761,Staff,1,16,30,29
1650941897813,MATH 20C,B01,083762,Staff,9,0,30,21
1650941897813,MATH 20C,B02,083763,Staff,28,0,30,2
1650941903840,MATH 20D,A01,083765,Staff,2,1,30,28
1650941903840,MATH 20D,A02,083766,Staff,3,0,30,27
1650941903840,MATH 20D,A03,083767,Staff,23,0,30,7
1650941909870,MATH 20E,A01,083771,Staff,2,0,30,28
1650941909870,MATH 20E,A02,083772,Staff,13,0,30,17
1650941909870,MATH 20E,B01,083773,Staff,0,0,30,30
1650941909870,MATH 20E,B02,083774,Staff,2,0,30,28
1650941915898,MATH 103A,A01,083777,Staff,0,17,30,30
1650941915898,MATH 103A,A02,083778,Staff,0,15,30,30
1650941915898,MATH 103A,B01,083779,Staff,0,15,30,30
1650941915898,MATH 103A,B02,083780,Staff,0,14,30,30
1650941921922,MATH 105,A01,085443,Staff,0,23,30,30
1650941927947,MATH 109,A01,083213,Anzaldo; Leesa B,0,7,30,30
1650941927947,MATH 109,A02,083214,Anzaldo; Leesa B,0,7,30,30
1650941927947,MATH 109,B01,083215,Anzaldo; Leesa B,0,8,30,30
1650941927947,MATH 109,B02,083216,Anzaldo; Leesa B,1,7,30,29
1650941933973,MATH 142A,A01,083219,Chow; Bennett,0,14,30,30
1650941933973,MATH 142A,A02,083220,Chow; Bennett,0,15,30,30
1650941933973,MATH 142A,B01,083221,Chow; Bennett,0,16,30,30
1650941933973,MATH 142A,B02,083222,Chow; Bennett,0,14,30,30
1650941940001,MATH 193A,A01,083224,Staff,0,6,30,30
1650941940001,MATH 193A,A02,083225,Staff,0,7,30,30
1650941940001,MATH 193A,A03,083781,Staff,0,6,30,30
1650941940001,MATH 193A,A04,083782,Staff,0,7,30,30
1650941946025,MATH 197,001,091859,McAuley; Julian John,9998,0,9999,1
1650941952168,COGS 9,A01,083615,Staff,0,18,60,60
1650941958192,COGS 11,A01,083617,Boyle; Mary E. T.,16,0,40,24
1650941964230,COGS 13,A01,083071,Staff,0,41,40,40
1650941970257,COGS 14A,A01,092681,Staff,0,38,100,100
1650941976291,COGS 14B,A01,083073,Cheng; Tzu-Han,0,13,50,50
1650941982315,COGS 17,A01,092677,Staff,7,0,75,68
1650941988342,COGS 100,A01,083619,Staff,0,31,60,60
1650941994365,COGS 101A,A01,083621,Davis; Joshua Daniel,0,29,60,60
1650942000393,COGS 101B,A01,091572,Staff,0,5,60,60
1650942006428,COGS 101C,A01,083625,Delgado; Tania,14,0,30,16
1650942012451,COGS 107A,A01,083627,Boyle; Mary E. T.,0,16,60,60
1650942018487,COGS 118A,A01,083075,Staff,0,10,60,60
1650942024510,CSE 3,A50,083646,Miranda; Gregory Joseph,15,0,38,23
1650942024510,CSE 3,A51,083647,Miranda; Gregory Joseph,36,0,37,1
1650942030532,CSE 8A,A50,083650,Miranda; Gregory Joseph,0,31,40,40
1650942036555,CSE 11,A01,083080,Cao; Yingjun,0,98,40,40
1650942042584,CSE 12,A01,083652,Staff,0,24,100,100
1650942048609,CSE 15L,A01,083654,Staff,0,3,50,50
1650942048609,CSE 15L,A02,083655,Staff,0,3,50,50
1650942054642,CSE 20,A01,083657,Staff,47,0,80,33
1650942060679,CSE 30,A01,083084,Eldon; John,40,78,80,40
1650942066722,CSE 100,A01,083659,Cao; Yingjun,0,71,50,50
1650942072747,CSE 134B,A01,083661,Powell; Thomas Allan,0,39,65,65
1650942078772,CSE 140,A01,083663,Staff,1,14,75,74
1650942084796,CSE 140L,A01,083088,Eldon; John,25,21,100,75
1650942090824,CSE 175,A01,083665,Kumar; Rakesh,1,0,25,24
1650942096851,CSE 190,A00,092507,Dubnov; Shlomo,9,0,20,11
1650942102873,ECE 45,A01,083139,Staff,0,6,60,60
1650942108900,ECE 65,A50,083695,Staff,0,7,30,30
1650942114924,ECE 109,A01,091882,Touri; Behrouz,32,0,70,38
1650942120948,ECE 180,A00,083140,Abi Samra; Nicholas Camill,18,0,30,12
1650942120948,ECE 180,B00,083141,Abi Samra; Nicholas Camill,0,0,30,30
1650942126971,MATH 10A,A01,083735,Patchell; Gregory David,2,0,30,28
1650942126971,MATH 10A,A02,083736,Patchell; Gregory David,27,0,30,3
1650942126971,MATH 10A,A03,083737,Patchell; Gregory David,23,0,30,7
1650942132996,MATH 10B,A01,083207,Staff,0,9,30,30
1650942132996,MATH 10B,A02,083208,Staff,1,6,30,29
1650942132996,MATH 10B,B01,083739,Staff,9,0,30,21
1650942132996,MATH 10B,B02,083740,Staff,28,0,30,2
1650942139026,MATH 18,A01,083743,Staff,0,0,30,30
1650942139026,MATH 18,A02,083744,Staff,24,0,30,6
1650942139026,MATH 18,A03,083745,Staff,19,0,30,11
1650942139026,MATH 18,A04,083746,Staff,26,0,30,4
1650942139026,MATH 18,B01,083748,Staff,0,15,30,30
1650942139026,MATH 18,B02,083749,Staff,0,14,30,30
1650942139026,MATH 18,B03,083750,Staff,0,13,30,30
1650942139026,MATH 18,B04,083751,Staff,0,13,30,30
1650942145049,MATH 20A,A01,083754,Staff,19,0,40,21
1650942151076,MATH 20B,A01,083756,Staff,0,14,30,30
1650942151076,MATH 20B,A02,083757,Staff,0,11,30,30
1650942157101,MATH 20C,A01,083760,Staff,0,17,30,30
1650942157101,MATH 20C,A02,083761,Staff,1,16,30,29
1650942157101,MATH 20C,B01,083762,Staff,9,0,30,21
1650942157101,MATH 20C,B02,083763,Staff,28,0,30,2
1650942163123,MATH 20D,A01,083765,Staff,2,1,30,28
1650942163123,MATH 20D,A02,083766,Staff,3,0,30,27
1650942163123,MATH 20D,A03,083767,Staff,23,0,30,7
1650942169150,MATH 20E,A01,083771,Staff,2,0,30,28
1650942169150,MATH 20E,A02,083772,Staff,13,0,30,17
1650942169150,MATH 20E,B01,083773,Staff,0,0,30,30
1650942169150,MATH 20E,B02,083774,Staff,2,0,30,28
1650942175175,MATH 103A,A01,083777,Staff,0,17,30,30
1650942175175,MATH 103A,A02,083778,Staff,0,15,30,30
1650942175175,MATH 103A,B01,083779,Staff,0,15,30,30
1650942175175,MATH 103A,B02,083780,Staff,0,14,30,30
1650942181202,MATH 105,A01,085443,Staff,0,23,30,30
1650942187227,MATH 109,A01,083213,Anzaldo; Leesa B,0,7,30,30
1650942187227,MATH 109,A02,083214,Anzaldo; Leesa B,0,7,30,30
1650942187227,MATH 109,B01,083215,Anzaldo; Leesa B,0,8,30,30
1650942187227,MATH 109,B02,083216,Anzaldo; Leesa B,1,7,30,29
1650942193255,MATH 142A,A01,083219,Chow; Bennett,0,14,30,30
1650942193255,MATH 142A,A02,083220,Chow; Bennett,0,15,30,30
1650942193255,MATH 142A,B01,083221,Chow; Bennett,0,16,30,30
1650942193255,MATH 142A,B02,083222,Chow; Bennett,0,14,30,30
1650942199278,MATH 193A,A01,083224,Staff,0,6,30,30
1650942199278,MATH 193A,A02,083225,Staff,0,7,30,30
1650942199278,MATH 193A,A03,083781,Staff,0,6,30,30
1650942199278,MATH 193A,A04,083782,Staff,0,7,30,30
1650942205304,MATH 197,001,091859,McAuley; Julian John,9998,0,9999,1
1650942211366,COGS 9,A01,083615,Staff,0,18,60,60
1650942217389,COGS 11,A01,083617,Boyle; Mary E. T.,16,0,40,24
1650942223412,COGS 13,A01,083071,Staff,0,41,40,40
1650942229435,COGS 14A,A01,092681,Staff,0,38,100,100
1650942235462,COGS 14B,A01,083073,Cheng; Tzu-Han,0,13,50,50
1650942241488,COGS 17,A01,092677,Staff,7,0,75,68
1650942247512,COGS 100,A01,083619,Staff,0,31,60,60
1650942253540,COGS 101A,A01,083621,Davis; Joshua Daniel,0,29,60,60
1650942259570,COGS 101B,A01,091572,Staff,0,5,60,60
1650942265594,COGS 101C,A01,083625,Delgado; Tania,14,0,30,16
1650942271620,COGS 107A,A01,083627,Boyle; Mary E. T.,0,16,60,60
1650942277646,COGS 118A,A01,083075,Staff,0,10,60,60
1650942283669,CSE 3,A50,083646,Miranda; Gregory Joseph,15,0,38,23
1650942283669,CSE 3,A51,083647,Miranda; Gregory Joseph,36,0,37,1
1650942289696,CSE 8A,A50,083650,Miranda; Gregory Joseph,0,31,40,40
1650942295728,CSE 11,A01,083080,Cao; Yingjun,0,98,40,40
1650942301750,CSE 12,A01,083652,Staff,0,24,100,100
1650942307774,CSE 15L,A01,083654,Staff,0,3,50,50
1650942307774,CSE 15L,A02,083655,Staff,0,3,50,50
1650942313801,CSE 20,A01,083657,Staff,47,0,80,33
1650942319824,CSE 30,A01,083084,Eldon; John,40,78,80,40
1650942325846,CSE 100,A01,083659,Cao; Yingjun,0,71,50,50
1650942331870,CSE 134B,A01,083661,Powell; Thomas Allan,0,39,65,65
1650942337894,CSE 140,A01,083663,Staff,1,14,75,74
1650942343917,CSE 140L,A01,083088,Eldon; John,25,21,100,75
1650942349940,CSE 175,A01,083665,Kumar; Rakesh,1,0,25,24
1650942355963,CSE 190,A00,092507,Dubnov; Shlomo,9,0,20,11
1650942361993,ECE 45,A01,083139,Staff,0,6,60,60
1650942368021,ECE 65,A50,083695,Staff,0,7,30,30
1650942374045,ECE 109,A01,091882,Touri; Behrouz,32,0,70,38
1650942380070,ECE 180,A00,083140,Abi Samra; Nicholas Camill,18,0,30,12
1650942380070,ECE 180,B00,083141,Abi Samra; Nicholas Camill,0,0,30,30
1650942386097,MATH 10A,A01,083735,Patchell; Gregory David,2,0,30,28
1650942386097,MATH 10A,A02,083736,Patchell; Gregory David,27,0,30,3
1650942386097,MATH 10A,A03,083737,Patchell; Gregory David,23,0,30,7
1650942392123,MATH 10B,A01,083207,Staff,0,9,30,30
1650942392123,MATH 10B,A02,083208,Staff,1,6,30,29
1650942392123,MATH 10B,B01,083739,Staff,9,0,30,21
1650942392123,MATH 10B,B02,083740,Staff,28,0,30,2
1650942398152,MATH 18,A01,083743,Staff,0,0,30,30
1650942398152,MATH 18,A02,083744,Staff,24,0,30,6
1650942398152,MATH 18,A03,083745,Staff,19,0,30,11
1650942398152,MATH 18,A04,083746,Staff,26,0,30,4
1650942398152,MATH 18,B01,083748,Staff,0,15,30,30
1650942398152,MATH 18,B02,083749,Staff,0,14,30,30
1650942398152,MATH 18,B03,083750,Staff,0,13,30,30
1650942398152,MATH 18,B04,083751,Staff,0,13,30,30
1650942404175,MATH 20A,A01,083754,Staff,19,0,40,21
1650942410200,MATH 20B,A01,083756,Staff,0,14,30,30
1650942410200,MATH 20B,A02,083757,Staff,0,11,30,30
1650942416228,MATH 20C,A01,083760,Staff,0,17,30,30
1650942416228,MATH 20C,A02,083761,Staff,1,16,30,29
1650942416228,MATH 20C,B01,083762,Staff,9,0,30,21
1650942416228,MATH 20C,B02,083763,Staff,28,0,30,2
1650942422255,MATH 20D,A01,083765,Staff,2,1,30,28
1650942422255,MATH 20D,A02,083766,Staff,3,0,30,27
1650942422255,MATH 20D,A03,083767,Staff,23,0,30,7
1650942428290,MATH 20E,A01,083771,Staff,2,0,30,28
1650942428290,MATH 20E,A02,083772,Staff,13,0,30,17
1650942428290,MATH 20E,B01,083773,Staff,0,0,30,30
1650942428290,MATH 20E,B02,083774,Staff,2,0,30,28
1650942434312,MATH 103A,A01,083777,Staff,0,17,30,30
1650942434312,MATH 103A,A02,083778,Staff,0,15,30,30
1650942434312,MATH 103A,B01,083779,Staff,0,15,30,30
1650942434312,MATH 103A,B02,083780,Staff,0,14,30,30
1650942440340,MATH 105,A01,085443,Staff,0,23,30,30
1650942446365,MATH 109,A01,083213,Anzaldo; Leesa B,0,7,30,30
1650942446365,MATH 109,A02,083214,Anzaldo; Leesa B,0,7,30,30
1650942446365,MATH 109,B01,083215,Anzaldo; Leesa B,0,8,30,30
1650942446365,MATH 109,B02,083216,Anzaldo; Leesa B,1,7,30,29
1650942452389,MATH 142A,A01,083219,Chow; Bennett,0,14,30,30
1650942452389,MATH 142A,A02,083220,Chow; Bennett,0,15,30,30
1650942452389,MATH 142A,B01,083221,Chow; Bennett,0,16,30,30
1650942452389,MATH 142A,B02,083222,Chow; Bennett,0,14,30,30
1650942458417,MATH 193A,A01,083224,Staff,0,6,30,30
1650942458417,MATH 193A,A02,083225,Staff,0,7,30,30
1650942458417,MATH 193A,A03,083781,Staff,0,6,30,30
1650942458417,MATH 193A,A04,083782,Staff,0,7,30,30
1650942464439,MATH 197,001,091859,McAuley; Julian John,9998,0,9999,1
1650942470490,COGS 9,A01,083615,Staff,0,18,60,60
1650942476534,COGS 11,A01,083617,Boyle; Mary E. T.,16,0,40,24
1650942482558,COGS 13,A01,083071,Staff,0,41,40,40
1650942488584,COGS 14A,A01,092681,Staff,0,38,100,100
1650942494610,COGS 14B,A01,083073,Cheng; Tzu-Han,0,13,50,50
1650942500634,COGS 17,A01,092677,Staff,7,0,75,68
1650942506657,COGS 100,A01,083619,Staff,0,31,60,60
1650942512679,COGS 101A,A01,083621,Davis; Joshua Daniel,0,29,60,60
1650942518703,COGS 101B,A01,091572,Staff,0,5,60,60
1650942524733,COGS 101C,A01,083625,Delgado; Tania,14,0,30,16
1650942530759,COGS 107A,A01,083627,Boyle; Mary E. T.,0,16,60,60
1650942536785,COGS 118A,A01,083075,Staff,0,10,60,60
1650942542919,CSE 3,A50,083646,Miranda; Gregory Joseph,15,0,38,23
1650942542919,CSE 3,A51,083647,Miranda; Gregory Joseph,36,0,37,1
1650942548942,CSE 8A,A50,083650,Miranda; Gregory Joseph,0,31,40,40
1650942554966,CSE 11,A01,083080,Cao; Yingjun,0,98,40,40
1650942560989,CSE 12,A01,083652,Staff,0,24,100,100
1650942567018,CSE 15L,A01,083654,Staff,0,3,50,50
1650942567018,CSE 15L,A02,083655,Staff,0,3,50,50
1650942573042,CSE 20,A01,083657,Staff,47,0,80,33
1650942579069,CSE 30,A01,083084,Eldon; John,40,78,80,40
1650942585104,CSE 100,A01,083659,Cao; Yingjun,0,71,50,50
1650942591135,CSE 134B,A01,083661,Powell; Thomas Allan,0,39,65,65
1650942597162,CSE 140,A01,083663,Staff,1,14,75,74
1650942603189,CSE 140L,A01,083088,Eldon; John,25,21,100,75
1650942609211,CSE 175,A01,083665,Kumar; Rakesh,1,0,25,24
1650942615238,CSE 190,A00,092507,Dubnov; Shlomo,9,0,20,11
1650942621287,ECE 45,A01,083139,Staff,0,6,60,60
1650942627315,ECE 65,A50,083695,Staff,0,7,30,30
1650942633338,ECE 109,A01,091882,Touri; Behrouz,32,0,70,38
1650942639361,ECE 180,A00,083140,Abi Samra; Nicholas Camill,18,0,30,12
1650942639361,ECE 180,B00,083141,Abi Samra; Nicholas Camill,0,0,30,30
1650942645388,MATH 10A,A01,083735,Patchell; Gregory David,2,0,30,28
1650942645388,MATH 10A,A02,083736,Patchell; Gregory David,27,0,30,3
1650942645388,MATH 10A,A03,083737,Patchell; Gregory David,23,0,30,7
1650942651416,MATH 10B,A01,083207,Staff,0,9,30,30
1650942651416,MATH 10B,A02,083208,Staff,1,6,30,29
1650942651416,MATH 10B,B01,083739,Staff,9,0,30,21
1650942651416,MATH 10B,B02,083740,Staff,28,0,30,2
1650942657443,MATH 18,A01,083743,Staff,0,0,30,30
1650942657443,MATH 18,A02,083744,Staff,24,0,30,6
1650942657443,MATH 18,A03,083745,Staff,19,0,30,11
1650942657443,MATH 18,A04,083746,Staff,26,0,30,4
1650942657443,MATH 18,B01,083748,Staff,0,15,30,30
1650942657443,MATH 18,B02,083749,Staff,0,14,30,30
1650942657443,MATH 18,B03,083750,Staff,0,13,30,30
1650942657443,MATH 18,B04,083751,Staff,0,13,30,30
1650942663470,MATH 20A,A01,083754,Staff,19,0,40,21
1650942669493,MATH 20B,A01,083756,Staff,0,14,30,30
1650942669493,MATH 20B,A02,083757,Staff,0,11,30,30
1650942675525,MATH 20C,A01,083760,Staff,0,17,30,30
1650942675525,MATH 20C,A02,083761,Staff,1,16,30,29
1650942675525,MATH 20C,B01,083762,Staff,9,0,30,21
1650942675525,MATH 20C,B02,083763,Staff,28,0,30,2
1650942681547,MATH 20D,A01,083765,Staff,2,1,30,28
1650942681547,MATH 20D,A02,083766,Staff,3,0,30,27
1650942681547,MATH 20D,A03,083767,Staff,23,0,30,7
1650942687573,MATH 20E,A01,083771,Staff,2,0,30,28
1650942687573,MATH 20E,A02,083772,Staff,13,0,30,17
1650942687573,MATH 20E,B01,083773,Staff,0,0,30,30
1650942687573,MATH 20E,B02,083774,Staff,2,0,30,28
1650942693596,MATH 103A,A01,083777,Staff,0,17,30,30
1650942693596,MATH 103A,A02,083778,Staff,0,15,30,30
1650942693596,MATH 103A,B01,083779,Staff,0,15,30,30
1650942693596,MATH 103A,B02,083780,Staff,0,14,30,30
1650942699622,MATH 105,A01,085443,Staff,0,23,30,30
1650942705650,MATH 109,A01,083213,Anzaldo; Leesa B,0,7,30,30
1650942705650,MATH 109,A02,083214,Anzaldo; Leesa B,0,7,30,30
1650942705650,MATH 109,B01,083215,Anzaldo; Leesa B,0,8,30,30
1650942705650,MATH 109,B02,083216,Anzaldo; Leesa B,1,7,30,29
1650942711674,MATH 142A,A01,083219,Chow; Bennett,0,14,30,30
1650942711674,MATH 142A,A02,083220,Chow; Bennett,0,15,30,30
1650942711674,MATH 142A,B01,083221,Chow; Bennett,0,16,30,30
1650942711674,MATH 142A,B02,083222,Chow; Bennett,0,14,30,30
1650942717708,MATH 193A,A01,083224,Staff,0,6,30,30
1650942717708,MATH 193A,A02,083225,Staff,0,7,30,30
1650942717708,MATH 193A,A03,083781,Staff,0,6,30,30
1650942717708,MATH 193A,A04,083782,Staff,0,7,30,30
1650942723740,MATH 197,001,091859,McAuley; Julian John,9998,0,9999,1
1650942729792,COGS 9,A01,083615,Staff,0,18,60,60
1650942735815,COGS 11,A01,083617,Boyle; Mary E. T.,16,0,40,24
1650942741837,COGS 13,A01,083071,Staff,0,41,40,40
1650942747860,COGS 14A,A01,092681,Staff,0,38,100,100
1650942753887,COGS 14B,A01,083073,Cheng; Tzu-Han,0,13,50,50
1650942759909,COGS 17,A01,092677,Staff,7,0,75,68
1650942765941,COGS 100,A01,083619,Staff,0,31,60,60
1650942771962,COGS 101A,A01,083621,Davis; Joshua Daniel,0,29,60,60
1650942777985,COGS 101B,A01,091572,Staff,0,5,60,60
1650942784008,COGS 101C,A01,083625,Delgado; Tania,14,0,30,16
1650942790044,COGS 107A,A01,083627,Boyle; Mary E. T.,0,16,60,60
1650942796067,COGS 118A,A01,083075,Staff,0,10,60,60
1650942802097,CSE 3,A50,083646,Miranda; Gregory Joseph,15,0,38,23
1650942802097,CSE 3,A51,083647,Miranda; Gregory Joseph,36,0,37,1
1650942808127,CSE 8A,A50,083650,Miranda; Gregory Joseph,0,31,40,40
1650942814167,CSE 11,A01,083080,Cao; Yingjun,0,98,40,40
1650942820205,CSE 12,A01,083652,Staff,0,24,100,100
1650942826230,CSE 15L,A01,083654,Staff,0,3,50,50
1650942826230,CSE 15L,A02,083655,Staff,0,3,50,50
1650942832257,CSE 20,A01,083657,Staff,47,0,80,33
1650942838292,CSE 30,A01,083084,Eldon; John,40,78,80,40
1650942844316,CSE 100,A01,083659,Cao; Yingjun,0,71,50,50
1650942850340,CSE 134B,A01,083661,Powell; Thomas Allan,0,39,65,65
1650942856365,CSE 140,A01,083663,Staff,1,14,75,74
1650942862390,CSE 140L,A01,083088,Eldon; John,25,21,100,75
1650942868413,CSE 175,A01,083665,Kumar; Rakesh,1,0,25,24
1650942874437,CSE 190,A00,092507,Dubnov; Shlomo,9,0,20,11
1650942880461,ECE 45,A01,083139,Staff,0,6,60,60
1650942886486,ECE 65,A50,083695,Staff,0,7,30,30
1650942892515,ECE 109,A01,091882,Touri; Behrouz,32,0,70,38
1650942898542,ECE 180,A00,083140,Abi Samra; Nicholas Camill,18,0,30,12
1650942898542,ECE 180,B00,083141,Abi Samra; Nicholas Camill,0,0,30,30
1650942904569,MATH 10A,A01,083735,Patchell; Gregory David,2,0,30,28
1650942904569,MATH 10A,A02,083736,Patchell; Gregory David,27,0,30,3
1650942904569,MATH 10A,A03,083737,Patchell; Gregory David,23,0,30,7
1650942910595,MATH 10B,A01,083207,Staff,0,9,30,30
1650942910595,MATH 10B,A02,083208,Staff,1,6,30,29
1650942910595,MATH 10B,B01,083739,Staff,9,0,30,21
1650942910595,MATH 10B,B02,083740,Staff,28,0,30,2
1650942916621,MATH 18,A01,083743,Staff,0,0,30,30
1650942916621,MATH 18,A02,083744,Staff,24,0,30,6
1650942916621,MATH 18,A03,083745,Staff,19,0,30,11
1650942916621,MATH 18,A04,083746,Staff,26,0,30,4
1650942916621,MATH 18,B01,083748,Staff,0,15,30,30
1650942916621,MATH 18,B02,083749,Staff,0,14,30,30
1650942916621,MATH 18,B03,083750,Staff,0,13,30,30
1650942916621,MATH 18,B04,083751,Staff,0,13,30,30
1650942922644,MATH 20A,A01,083754,Staff,19,0,40,21
1650942928666,MATH 20B,A01,083756,Staff,0,14,30,30
1650942928666,MATH 20B,A02,083757,Staff,0,11,30,30
1650942934688,MATH 20C,A01,083760,Staff,0,17,30,30
1650942934688,MATH 20C,A02,083761,Staff,1,16,30,29
1650942934688,MATH 20C,B01,083762,Staff,9,0,30,21
1650942934688,MATH 20C,B02,083763,Staff,28,0,30,2
1650942940715,MATH 20D,A01,083765,Staff,2,1,30,28
1650942940715,MATH 20D,A02,083766,Staff,3,0,30,27
1650942940715,MATH 20D,A03,083767,Staff,23,0,30,7
1650942946737,MATH 20E,A01,083771,Staff,2,0,30,28
1650942946737,MATH 20E,A02,083772,Staff,13,0,30,17
1650942946737,MATH 20E,B01,083773,Staff,0,0,30,30
1650942946737,MATH 20E,B02,083774,Staff,2,0,30,28
1650942952765,MATH 103A,A01,083777,Staff,0,17,30,30
1650942952765,MATH 103A,A02,083778,Staff,0,15,30,30
1650942952765,MATH 103A,B01,083779,Staff,0,15,30,30
1650942952765,MATH 103A,B02,083780,Staff,0,14,30,30
1650942958789,MATH 105,A01,085443,Staff,0,23,30,30
1650942964813,MATH 109,A01,083213,Anzaldo; Leesa B,0,7,30,30
1650942964813,MATH 109,A02,083214,Anzaldo; Leesa B,0,7,30,30
1650942964813,MATH 109,B01,083215,Anzaldo; Leesa B,0,8,30,30
1650942964813,MATH 109,B02,083216,Anzaldo; Leesa B,1,7,30,29
1650942970847,MATH 142A,A01,083219,Chow; Bennett,0,14,30,30
1650942970847,MATH 142A,A02,083220,Chow; Bennett,0,15,30,30
1650942970847,MATH 142A,B01,083221,Chow; Bennett,0,16,30,30
1650942970847,MATH 142A,B02,083222,Chow; Bennett,0,14,30,30
1650942976875,MATH 193A,A01,083224,Staff,0,6,30,30
1650942976875,MATH 193A,A02,083225,Staff,0,7,30,30
1650942976875,MATH 193A,A03,083781,Staff,0,6,30,30
1650942976875,MATH 193A,A04,083782,Staff,0,7,30,30
1650942982910,MATH 197,001,091859,McAuley; Julian John,9998,0,9999,1
1650942988967,COGS 9,A01,083615,Staff,0,18,60,60
1650942994990,COGS 11,A01,083617,Boyle; Mary E. T.,16,0,40,24
1650943001013,COGS 13,A01,083071,Staff,0,41,40,40
1650943007037,COGS 14A,A01,092681,Staff,0,38,100,100
1650943013061,COGS 14B,A01,083073,Cheng; Tzu-Han,0,13,50,50
1650943019088,COGS 17,A01,092677,Staff,7,0,75,68
1650943025112,COGS 100,A01,083619,Staff,0,31,60,60
1650943031135,COGS 101A,A01,083621,Davis; Joshua Daniel,0,29,60,60
1650943037157,COGS 101B,A01,091572,Staff,0,5,60,60
1650943043182,COGS 101C,A01,083625,Delgado; Tania,14,0,30,16
1650943049212,COGS 107A,A01,083627,Boyle; Mary E. T.,0,16,60,60
1650943055234,COGS 118A,A01,083075,Staff,0,10,60,60
1650943061262,CSE 3,A50,083646,Miranda; Gregory Joseph,15,0,38,23
1650943061262,CSE 3,A51,083647,Miranda; Gregory Joseph,36,0,37,1
1650943067289,CSE 8A,A50,083650,Miranda; Gregory Joseph,0,31,40,40
1650943073312,CSE 11,A01,083080,Cao; Yingjun,0,98,40,40
1650943079335,CSE 12,A01,083652,Staff,0,24,100,100
1650943085359,CSE 15L,A01,083654,Staff,0,3,50,50
1650943085359,CSE 15L,A02,083655,Staff,0,3,50,50
1650943091385,CSE 20,A01,083657,Staff,47,0,80,33
1650943097409,CSE 30,A01,083084,Eldon; John,40,78,80,40
1650943103434,CSE 100,A01,083659,Cao; Yingjun,0,71,50,50
1650943109456,CSE 134B,A01,083661,Powell; Thomas Allan,0,39,65,65
1650943115481,CSE 140,A01,083663,Staff,1,14,75,74
1650943121503,CSE 140L,A01,083088,Eldon; John,25,21,100,75
1650943127528,CSE 175,A01,083665,Kumar; Rakesh,1,0,25,24
1650943133551,CSE 190,A00,092507,Dubnov; Shlomo,9,0,20,11
1650943139668,ECE 45,A01,083139,Staff,0,6,60,60
1650943145693,ECE 65,A50,083695,Staff,0,7,30,30
1650943151718,ECE 109,A01,091882,Touri; Behrouz,32,0,70,38
1650943157740,ECE 180,A00,083140,Abi Samra; Nicholas Camill,18,0,30,12
1650943157740,ECE 180,B00,083141,Abi Samra; Nicholas Camill,0,0,30,30
1650943163767,MATH 10A,A01,083735,Patchell; Gregory David,2,0,30,28
1650943163767,MATH 10A,A02,083736,Patchell; Gregory David,27,0,30,3
1650943163767,MATH 10A,A03,083737,Patchell; Gregory David,23,0,30,7
1650943169797,MATH 10B,A01,083207,Staff,0,9,30,30
1650943169797,MATH 10B,A02,083208,Staff,1,6,30,29
1650943169797,MATH 10B,B01,083739,Staff,9,0,30,21
1650943169797,MATH 10B,B02,083740,Staff,28,0,30,2
1650943175840,MATH 18,A01,083743,Staff,0,0,30,30
1650943175840,MATH 18,A02,083744,Staff,24,0,30,6
1650943175840,MATH 18,A03,083745,Staff,19,0,30,11
1650943175840,MATH 18,A04,083746,Staff,26,0,30,4
1650943175840,MATH 18,B01,083748,Staff,0,15,30,30
1650943175840,MATH 18,B02,083749,Staff,0,14,30,30
1650943175840,MATH 18,B03,083750,Staff,0,13,30,30
1650943175840,MATH 18,B04,083751,Staff,0,13,30,30
1650943181865,MATH 20A,A01,083754,Staff,19,0,40,21
1650943187891,MATH 20B,A01,083756,Staff,0,14,30,30
1650943187891,MATH 20B,A02,083757,Staff,0,11,30,30
1650943193917,MATH 20C,A01,083760,Staff,0,17,30,30
1650943193917,MATH 20C,A02,083761,Staff,1,16,30,29
1650943193917,MATH 20C,B01,083762,Staff,9,0,30,21
1650943193917,MATH 20C,B02,083763,Staff,28,0,30,2
1650943199939,MATH 20D,A01,083765,Staff,2,1,30,28
1650943199939,MATH 20D,A02,083766,Staff,3,0,30,27
1650943199939,MATH 20D,A03,083767,Staff,23,0,30,7
1650943205967,MATH 20E,A01,083771,Staff,2,0,30,28
1650943205967,MATH 20E,A02,083772,Staff,13,0,30,17
1650943205967,MATH 20E,B01,083773,Staff,0,0,30,30
1650943205967,MATH 20E,B02,083774,Staff,2,0,30,28
1650943211991,MATH 103A,A01,083777,Staff,0,17,30,30
1650943211991,MATH 103A,A02,083778,Staff,0,15,30,30
1650943211991,MATH 103A,B01,083779,Staff,0,15,30,30
1650943211991,MATH 103A,B02,083780,Staff,0,14,30,30
1650943218018,MATH 105,A01,085443,Staff,0,23,30,30
1650943224043,MATH 109,A01,083213,Anzaldo; Leesa B,0,7,30,30
1650943224043,MATH 109,A02,083214,Anzaldo; Leesa B,0,7,30,30
1650943224043,MATH 109,B01,083215,Anzaldo; Leesa B,0,8,30,30
1650943224043,MATH 109,B02,083216,Anzaldo; Leesa B,1,7,30,29
1650943230070,MATH 142A,A01,083219,Chow; Bennett,0,14,30,30
1650943230070,MATH 142A,A02,083220,Chow; Bennett,0,15,30,30
1650943230070,MATH 142A,B01,083221,Chow; Bennett,0,16,30,30
1650943230070,MATH 142A,B02,083222,Chow; Bennett,0,14,30,30
1650943236104,MATH 193A,A01,083224,Staff,0,6,30,30
1650943236104,MATH 193A,A02,083225,Staff,0,7,30,30
1650943236104,MATH 193A,A03,083781,Staff,0,6,30,30
1650943236104,MATH 193A,A04,083782,Staff,0,7,30,30
1650943242129,MATH 197,001,091859,McAuley; Julian John,9998,0,9999,1
1650943248191,COGS 9,A01,083615,Staff,0,18,60,60
1650943254214,COGS 11,A01,083617,Boyle; Mary E. T.,16,0,40,24
1650943260238,COGS 13,A01,083071,Staff,0,41,40,40
1650943266265,COGS 14A,A01,092681,Staff,0,38,100,100
1650943272291,COGS 14B,A01,083073,Cheng; Tzu-Han,0,13,50,50
1650943278329,COGS 17,A01,092677,Staff,7,0,75,68
1650943284353,COGS 100,A01,083619,Staff,0,31,60,60
1650943290381,COGS 101A,A01,083621,Davis; Joshua Daniel,0,29,60,60
1650943296406,COGS 101B,A01,091572,Staff,0,5,60,60
1650943302428,COGS 101C,A01,083625,Delgado; Tania,14,0,30,16
1650943308452,COGS 107A,A01,083627,Boyle; Mary E. T.,0,16,60,60
1650943314474,COGS 118A,A01,083075,Staff,0,10,60,60
1650943320504,CSE 3,A50,083646,Miranda; Gregory Joseph,15,0,38,23
1650943320504,CSE 3,A51,083647,Miranda; Gregory Joseph,36,0,37,1
1650943326527,CSE 8A,A50,083650,Miranda; Gregory Joseph,0,31,40,40
1650943332553,CSE 11,A01,083080,Cao; Yingjun,0,98,40,40
1650943338578,CSE 12,A01,083652,Staff,0,24,100,100
1650943344612,CSE 15L,A01,083654,Staff,0,3,50,50
1650943344612,CSE 15L,A02,083655,Staff,0,3,50,50
1650943350638,CSE 20,A01,083657,Staff,47,0,80,33
1650943356664,CSE 30,A01,083084,Eldon; John,40,78,80,40
1650943362687,CSE 100,A01,083659,Cao; Yingjun,0,71,50,50
1650943368710,CSE 134B,A01,083661,Powell; Thomas Allan,0,39,65,65
1650943374736,CSE 140,A01,083663,Staff,1,14,75,74
1650943380760,CSE 140L,A01,083088,Eldon; John,25,21,100,75
1650943386787,CSE 175,A01,083665,Kumar; Rakesh,1,0,25,24
1650943392809,CSE 190,A00,092507,Dubnov; Shlomo,9,0,20,11
1650943398833,ECE 45,A01,083139,Staff,0,6,60,60
1650943404862,ECE 65,A50,083695,Staff,0,7,30,30
1650943410891,ECE 109,A01,091882,Touri; Behrouz,32,0,70,38
1650943416914,ECE 180,A00,083140,Abi Samra; Nicholas Camill,18,0,30,12
1650943416914,ECE 180,B00,083141,Abi Samra; Nicholas Camill,0,0,30,30
1650943422937,MATH 10A,A01,083735,Patchell; Gregory David,2,0,30,28
1650943422937,MATH 10A,A02,083736,Patchell; Gregory David,27,0,30,3
1650943422937,MATH 10A,A03,083737,Patchell; Gregory David,23,0,30,7
1650943428961,MATH 10B,A01,083207,Staff,0,9,30,30
1650943428961,MATH 10B,A02,083208,Staff,1,6,30,29
1650943428961,MATH 10B,B01,083739,Staff,9,0,30,21
1650943428961,MATH 10B,B02,083740,Staff,28,0,30,2
1650943434990,MATH 18,A01,083743,Staff,0,0,30,30
1650943434990,MATH 18,A02,083744,Staff,24,0,30,6
1650943434990,MATH 18,A03,083745,Staff,19,0,30,11
1650943434990,MATH 18,A04,083746,Staff,26,0,30,4
1650943434990,MATH 18,B01,083748,Staff,0,15,30,30
1650943434990,MATH 18,B02,083749,Staff,0,14,30,30
1650943434990,MATH 18,B03,083750,Staff,0,13,30,30
1650943434990,MATH 18,B04,083751,Staff,0,13,30,30
1650943441013,MATH 20A,A01,083754,Staff,19,0,40,21
1650943447036,MATH 20B,A01,083756,Staff,0,14,30,30
1650943447036,MATH 20B,A02,083757,Staff,0,11,30,30
1650943453059,MATH 20C,A01,083760,Staff,0,17,30,30
1650943453059,MATH 20C,A02,083761,Staff,1,16,30,29
1650943453059,MATH 20C,B01,083762,Staff,9,0,30,21
1650943453059,MATH 20C,B02,083763,Staff,28,0,30,2
1650943459083,MATH 20D,A01,083765,Staff,2,1,30,28
1650943459083,MATH 20D,A02,083766,Staff,3,0,30,27
1650943459083,MATH 20D,A03,083767,Staff,23,0,30,7
1650943465106,MATH 20E,A01,083771,Staff,2,0,30,28
1650943465106,MATH 20E,A02,083772,Staff,13,0,30,17
1650943465106,MATH 20E,B01,083773,Staff,0,0,30,30
1650943465106,MATH 20E,B02,083774,Staff,2,0,30,28
1650943471129,MATH 103A,A01,083777,Staff,0,17,30,30
1650943471129,MATH 103A,A02,083778,Staff,0,15,30,30
1650943471129,MATH 103A,B01,083779,Staff,0,15,30,30
1650943471129,MATH 103A,B02,083780,Staff,0,14,30,30
1650943477151,MATH 105,A01,085443,Staff,0,23,30,30
1650943483174,MATH 109,A01,083213,Anzaldo; Leesa B,0,7,30,30
1650943483174,MATH 109,A02,083214,Anzaldo; Leesa B,0,7,30,30
1650943483174,MATH 109,B01,083215,Anzaldo; Leesa B,0,8,30,30
1650943483174,MATH 109,B02,083216,Anzaldo; Leesa B,1,7,30,29
1650943489197,MATH 142A,A01,083219,Chow; Bennett,0,14,30,30
1650943489197,MATH 142A,A02,083220,Chow; Bennett,0,15,30,30
1650943489197,MATH 142A,B01,083221,Chow; Bennett,0,16,30,30
1650943489197,MATH 142A,B02,083222,Chow; Bennett,0,14,30,30
1650943495230,MATH 193A,A01,083224,Staff,0,6,30,30
1650943495230,MATH 193A,A02,083225,Staff,0,7,30,30
1650943495230,MATH 193A,A03,083781,Staff,0,6,30,30
1650943495230,MATH 193A,A04,083782,Staff,0,7,30,30
1650943501252,MATH 197,001,091859,McAuley; Julian John,9998,0,9999,1
1650943507300,COGS 9,A01,083615,Staff,0,18,60,60
1650943513323,COGS 11,A01,083617,Boyle; Mary E. T.,16,0,40,24
1650943519346,COGS 13,A01,083071,Staff,0,41,40,40
1650943525370,COGS 14A,A01,092681,Staff,0,38,100,100
1650943531393,COGS 14B,A01,083073,Cheng; Tzu-Han,0,13,50,50
1650943537416,COGS 17,A01,092677,Staff,7,0,75,68
1650943543447,COGS 100,A01,083619,Staff,0,31,60,60
1650943549469,COGS 101A,A01,083621,Davis; Joshua Daniel,0,29,60,60
1650943555491,COGS 101B,A01,091572,Staff,0,5,60,60
1650943561515,COGS 101C,A01,083625,Delgado; Tania,14,0,30,16
1650943567536,COGS 107A,A01,083627,Boyle; Mary E. T.,0,16,60,60
1650943573559,COGS 118A,A01,083075,Staff,0,10,60,60
1650943579584,CSE 3,A50,083646,Miranda; Gregory Joseph,15,0,38,23
1650943579584,CSE 3,A51,083647,Miranda; Gregory Joseph,36,0,37,1
1650943585609,CSE 8A,A50,083650,Miranda; Gregory Joseph,0,31,40,40
1650943591636,CSE 11,A01,083080,Cao; Yingjun,0,98,40,40
1650943597658,CSE 12,A01,083652,Staff,0,24,100,100
1650943603684,CSE 15L,A01,083654,Staff,0,3,50,50
1650943603684,CSE 15L,A02,083655,Staff,0,3,50,50
1650943609712,CSE 20,A01,083657,Staff,47,0,80,33
1650943615737,CSE 30,A01,083084,Eldon; John,40,78,80,40
1650943621763,CSE 100,A01,083659,Cao; Yingjun,0,71,50,50
1650943627790,CSE 134B,A01,083661,Powell; Thomas Allan,0,39,65,65
1650943633815,CSE 140,A01,083663,Staff,1,14,75,74
1650943639839,CSE 140L,A01,083088,Eldon; John,25,21,100,75
1650943645862,CSE 175,A01,083665,Kumar; Rakesh,1,0,25,24
1650943651891,CSE 190,A00,092507,Dubnov; Shlomo,9,0,20,11
1650943657915,ECE 45,A01,083139,Staff,0,6,60,60
1650943663941,ECE 65,A50,083695,Staff,0,7,30,30
1650943669982,ECE 109,A01,091882,Touri; Behrouz,32,0,70,38
1650943676006,ECE 180,A00,083140,Abi Samra; Nicholas Camill,18,0,30,12
1650943676006,ECE 180,B00,083141,Abi Samra; Nicholas Camill,0,0,30,30
1650943682033,MATH 10A,A01,083735,Patchell; Gregory David,2,0,30,28
1650943682033,MATH 10A,A02,083736,Patchell; Gregory David,27,0,30,3
1650943682033,MATH 10A,A03,083737,Patchell; Gregory David,23,0,30,7
1650943688058,MATH 10B,A01,083207,Staff,0,9,30,30
1650943688058,MATH 10B,A02,083208,Staff,1,6,30,29
1650943688058,MATH 10B,B01,083739,Staff,9,0,30,21
1650943688058,MATH 10B,B02,083740,Staff,28,0,30,2
1650943694084,MATH 18,A01,083743,Staff,0,0,30,30
1650943694084,MATH 18,A02,083744,Staff,24,0,30,6
1650943694084,MATH 18,A03,083745,Staff,19,0,30,11
1650943694084,MATH 18,A04,083746,Staff,26,0,30,4
1650943694084,MATH 18,B01,083748,Staff,0,15,30,30
1650943694084,MATH 18,B02,083749,Staff,0,14,30,30
1650943694084,MATH 18,B03,083750,Staff,0,13,30,30
1650943694084,MATH 18,B04,083751,Staff,0,13,30,30
1650943700106,MATH 20A,A01,083754,Staff,19,0,40,21
1650943706129,MATH 20B,A01,083756,Staff,0,14,30,30
1650943706129,MATH 20B,A02,083757,Staff,0,11,30,30
1650943712153,MATH 20C,A01,083760,Staff,0,17,30,30
1650943712153,MATH 20C,A02,083761,Staff,1,16,30,29
1650943712153,MATH 20C,B01,083762,Staff,9,0,30,21
1650943712153,MATH 20C,B02,083763,Staff,28,0,30,2
1650943718183,MATH 20D,A01,083765,Staff,2,1,30,28
1650943718183,MATH 20D,A02,083766,Staff,3,0,30,27
1650943718183,MATH 20D,A03,083767,Staff,23,0,30,7
1650943724210,MATH 20E,A01,083771,Staff,2,0,30,28
1650943724210,MATH 20E,A02,083772,Staff,13,0,30,17
1650943724210,MATH 20E,B01,083773,Staff,0,0,30,30
1650943724210,MATH 20E,B02,083774,Staff,2,0,30,28
1650943730238,MATH 103A,A01,083777,Staff,0,17,30,30
1650943730238,MATH 103A,A02,083778,Staff,0,15,30,30
1650943730238,MATH 103A,B01,083779,Staff,0,15,30,30
1650943730238,MATH 103A,B02,083780,Staff,0,14,30,30
1650943736355,MATH 105,A01,085443,Staff,0,23,30,30
1650943742377,MATH 109,A01,083213,Anzaldo; Leesa B,0,7,30,30
1650943742377,MATH 109,A02,083214,Anzaldo; Leesa B,0,7,30,30
1650943742377,MATH 109,B01,083215,Anzaldo; Leesa B,0,8,30,30
1650943742377,MATH 109,B02,083216,Anzaldo; Leesa B,1,7,30,29
1650943748403,MATH 142A,A01,083219,Chow; Bennett,0,14,30,30
1650943748403,MATH 142A,A02,083220,Chow; Bennett,0,15,30,30
1650943748403,MATH 142A,B01,083221,Chow; Bennett,0,16,30,30
1650943748403,MATH 142A,B02,083222,Chow; Bennett,0,14,30,30
1650943754426,MATH 193A,A01,083224,Staff,0,6,30,30
1650943754426,MATH 193A,A02,083225,Staff,0,7,30,30
1650943754426,MATH 193A,A03,083781,Staff,0,6,30,30
1650943754426,MATH 193A,A04,083782,Staff,0,7,30,30
1650943760450,MATH 197,001,091859,McAuley; Julian John,9998,0,9999,1
1650943766499,COGS 9,A01,083615,Staff,0,18,60,60
1650943772524,COGS 11,A01,083617,Boyle; Mary E. T.,16,0,40,24
1650943778557,COGS 13,A01,083071,Staff,0,41,40,40
1650943784585,COGS 14A,A01,092681,Staff,0,38,100,100
1650943790611,COGS 14B,A01,083073,Cheng; Tzu-Han,0,13,50,50
1650943796642,COGS 17,A01,092677,Staff,7,0,75,68
1650943802672,COGS 100,A01,083619,Staff,0,31,60,60
1650943808704,COGS 101A,A01,083621,Davis; Joshua Daniel,0,29,60,60
1650943814732,COGS 101B,A01,091572,Staff,0,5,60,60
1650943820755,COGS 101C,A01,083625,Delgado; Tania,14,0,30,16
1650943826777,COGS 107A,A01,083627,Boyle; Mary E. T.,0,16,60,60
1650943832808,COGS 118A,A01,083075,Staff,0,10,60,60
1650943838835,CSE 3,A50,083646,Miranda; Gregory Joseph,15,0,38,23
1650943838835,CSE 3,A51,083647,Miranda; Gregory Joseph,36,0,37,1
1650943844864,CSE 8A,A50,083650,Miranda; Gregory Joseph,0,31,40,40
1650943850888,CSE 11,A01,083080,Cao; Yingjun,0,98,40,40
1650943856913,CSE 12,A01,083652,Staff,0,24,100,100
1650943862942,CSE 15L,A01,083654,Staff,0,3,50,50
1650943862942,CSE 15L,A02,083655,Staff,0,3,50,50
1650943868967,CSE 20,A01,083657,Staff,47,0,80,33
1650943874996,CSE 30,A01,083084,Eldon; John,40,78,80,40
1650943881023,CSE 100,A01,083659,Cao; Yingjun,0,71,50,50
1650943887047,CSE 134B,A01,083661,Powell; Thomas Allan,0,39,65,65
1650943893071,CSE 140,A01,083663,Staff,1,14,75,74
1650943899097,CSE 140L,A01,083088,Eldon; John,25,21,100,75
1650943905127,CSE 175,A01,083665,Kumar; Rakesh,1,0,25,24
1650943911159,CSE 190,A00,092507,Dubnov; Shlomo,9,0,20,11
1650943917182,ECE 45,A01,083139,Staff,0,6,60,60
1650943923205,ECE 65,A50,083695,Staff,0,7,30,30
1650943929228,ECE 109,A01,091882,Touri; Behrouz,32,0,70,38
1650943935254,ECE 180,A00,083140,Abi Samra; Nicholas Camill,18,0,30,12
1650943935254,ECE 180,B00,083141,Abi Samra; Nicholas Camill,0,0,30,30
1650943941290,MATH 10A,A01,083735,Patchell; Gregory David,2,0,30,28
1650943941290,MATH 10A,A02,083736,Patchell; Gregory David,27,0,30,3
1650943941290,MATH 10A,A03,083737,Patchell; Gregory David,23,0,30,7
1650943947317,MATH 10B,A01,083207,Staff,0,9,30,30
1650943947317,MATH 10B,A02,083208,Staff,1,6,30,29
1650943947317,MATH 10B,B01,083739,Staff,9,0,30,21
1650943947317,MATH 10B,B02,083740,Staff,28,0,30,2
1650943953344,MATH 18,A01,083743,Staff,0,0,30,30
1650943953344,MATH 18,A02,083744,Staff,24,0,30,6
1650943953344,MATH 18,A03,083745,Staff,19,0,30,11
1650943953344,MATH 18,A04,083746,Staff,26,0,30,4
1650943953344,MATH 18,B01,083748,Staff,0,15,30,30
1650943953344,MATH 18,B02,083749,Staff,0,14,30,30
1650943953344,MATH 18,B03,083750,Staff,0,13,30,30
1650943953344,MATH 18,B04,083751,Staff,0,13,30,30
1650943959368,MATH 20A,A01,083754,Staff,19,0,40,21
1650943965391,MATH 20B,A01,083756,Staff,0,14,30,30
1650943965391,MATH 20B,A02,083757,Staff,0,11,30,30
1650943971424,MATH 20C,A01,083760,Staff,0,17,30,30
1650943971424,MATH 20C,A02,083761,Staff,1,16,30,29
1650943971424,MATH 20C,B01,083762,Staff,9,0,30,21
1650943971424,MATH 20C,B02,083763,Staff,28,0,30,2
1650943977447,MATH 20D,A01,083765,Staff,2,1,30,28
1650943977447,MATH 20D,A02,083766,Staff,3,0,30,27
1650943977447,MATH 20D,A03,083767,Staff,23,0,30,7
1650943983474,MATH 20E,A01,083771,Staff,2,0,30,28
1650943983474,MATH 20E,A02,083772,Staff,13,0,30,17
1650943983474,MATH 20E,B01,083773,Staff,0,0,30,30
1650943983474,MATH 20E,B02,083774,Staff,2,0,30,28
1650943989495,MATH 103A,A01,083777,Staff,0,17,30,30
1650943989495,MATH 103A,A02,083778,Staff,0,15,30,30
1650943989495,MATH 103A,B01,083779,Staff,0,15,30,30
1650943989495,MATH 103A,B02,083780,Staff,0,14,30,30
1650943995522,MATH 105,A01,085443,Staff,0,23,30,30
1650944001544,MATH 109,A01,083213,Anzaldo; Leesa B,0,7,30,30
1650944001544,MATH 109,A02,083214,Anzaldo; Leesa B,0,7,30,30
1650944001544,MATH 109,B01,083215,Anzaldo; Leesa B,0,8,30,30
1650944001544,MATH 109,B02,083216,Anzaldo; Leesa B,1,7,30,29
1650944007569,MATH 142A,A01,083219,Chow; Bennett,0,14,30,30
1650944007569,MATH 142A,A02,083220,Chow; Bennett,0,15,30,30
1650944007569,MATH 142A,B01,083221,Chow; Bennett,0,16,30,30
1650944007569,MATH 142A,B02,083222,Chow; Bennett,0,14,30,30
1650944013592,MATH 193A,A01,083224,Staff,0,6,30,30
1650944013592,MATH 193A,A02,083225,Staff,0,7,30,30
1650944013592,MATH 193A,A03,083781,Staff,0,6,30,30
1650944013592,MATH 193A,A04,083782,Staff,0,7,30,30
1650944019615,MATH 197,001,091859,McAuley; Julian John,9998,0,9999,1
1650944025673,COGS 9,A01,083615,Staff,0,18,60,60
1650944031704,COGS 11,A01,083617,Boyle; Mary E. T.,16,0,40,24
1650944037726,COGS 13,A01,083071,Staff,0,41,40,40
1650944043752,COGS 14A,A01,092681,Staff,0,38,100,100
1650944049774,COGS 14B,A01,083073,Cheng; Tzu-Han,0,13,50,50
1650944055800,COGS 17,A01,092677,Staff,7,0,75,68
1650944061823,COGS 100,A01,083619,Staff,0,31,60,60
1650944067851,COGS 101A,A01,083621,Davis; Joshua Daniel,0,29,60,60
1650944073873,COGS 101B,A01,091572,Staff,0,5,60,60
1650944079897,COGS 101C,A01,083625,Delgado; Tania,14,0,30,16
1650944085919,COGS 107A,A01,083627,Boyle; Mary E. T.,0,16,60,60
1650944091941,COGS 118A,A01,083075,Staff,0,10,60,60
1650944097963,CSE 3,A50,083646,Miranda; Gregory Joseph,15,0,38,23
1650944097963,CSE 3,A51,083647,Miranda; Gregory Joseph,36,0,37,1
1650944103987,CSE 8A,A50,083650,Miranda; Gregory Joseph,0,31,40,40
1650944110010,CSE 11,A01,083080,Cao; Yingjun,0,98,40,40
1650944116032,CSE 12,A01,083652,Staff,0,24,100,100
1650944122059,CSE 15L,A01,083654,Staff,0,3,50,50
1650944122059,CSE 15L,A02,083655,Staff,0,3,50,50
1650944128096,CSE 20,A01,083657,Staff,47,0,80,33
1650944134119,CSE 30,A01,083084,Eldon; John,40,78,80,40
1650944140142,CSE 100,A01,083659,Cao; Yingjun,0,71,50,50
1650944146175,CSE 134B,A01,083661,Powell; Thomas Allan,0,39,65,65
1650944152197,CSE 140,A01,083663,Staff,1,14,75,74
1650944158220,CSE 140L,A01,083088,Eldon; John,25,21,100,75
1650944164247,CSE 175,A01,083665,Kumar; Rakesh,1,0,25,24
1650944170273,CSE 190,A00,092507,Dubnov; Shlomo,9,0,20,11
1650944176297,ECE 45,A01,083139,Staff,0,6,60,60
1650944182319,ECE 65,A50,083695,Staff,0,7,30,30
1650944188341,ECE 109,A01,091882,Touri; Behrouz,32,0,70,38
1650944194367,ECE 180,A00,083140,Abi Samra; Nicholas Camill,18,0,30,12
1650944194367,ECE 180,B00,083141,Abi Samra; Nicholas Camill,0,0,30,30
1650944200393,MATH 10A,A01,083735,Patchell; Gregory David,2,0,30,28
1650944200393,MATH 10A,A02,083736,Patchell; Gregory David,27,0,30,3
1650944200393,MATH 10A,A03,083737,Patchell; Gregory David,23,0,30,7
1650944206423,MATH 10B,A01,083207,Staff,0,9,30,30
1650944206423,MATH 10B,A02,083208,Staff,1,6,30,29
1650944206423,MATH 10B,B01,083739,Staff,9,0,30,21
1650944206423,MATH 10B,B02,083740,Staff,28,0,30,2
1650944212448,MATH 18,A01,083743,Staff,0,0,30,30
1650944212448,MATH 18,A02,083744,Staff,24,0,30,6
1650944212448,MATH 18,A03,083745,Staff,19,0,30,11
1650944212448,MATH 18,A04,083746,Staff,26,0,30,4
1650944212448,MATH 18,B01,083748,Staff,0,15,30,30
1650944212448,MATH 18,B02,083749,Staff,0,14,30,30
1650944212448,MATH 18,B03,083750,Staff,0,13,30,30
1650944212448,MATH 18,B04,083751,Staff,0,13,30,30
1650944218473,MATH 20A,A01,083754,Staff,19,0,40,21
1650944224499,MATH 20B,A01,083756,Staff,0,14,30,30
1650944224499,MATH 20B,A02,083757,Staff,0,11,30,30
1650944230522,MATH 20C,A01,083760,Staff,0,17,30,30
1650944230522,MATH 20C,A02,083761,Staff,1,16,30,29
1650944230522,MATH 20C,B01,083762,Staff,9,0,30,21
1650944230522,MATH 20C,B02,083763,Staff,28,0,30,2
1650944236548,MATH 20D,A01,083765,Staff,2,1,30,28
1650944236548,MATH 20D,A02,083766,Staff,3,0,30,27
1650944236548,MATH 20D,A03,083767,Staff,23,0,30,7
1650944242576,MATH 20E,A01,083771,Staff,2,0,30,28
1650944242576,MATH 20E,A02,083772,Staff,13,0,30,17
1650944242576,MATH 20E,B01,083773,Staff,0,0,30,30
1650944242576,MATH 20E,B02,083774,Staff,2,0,30,28
1650944248606,MATH 103A,A01,083777,Staff,0,17,30,30
1650944248606,MATH 103A,A02,083778,Staff,0,15,30,30
1650944248606,MATH 103A,B01,083779,Staff,0,15,30,30
1650944248606,MATH 103A,B02,083780,Staff,0,14,30,30
1650944254633,MATH 105,A01,085443,Staff,0,23,30,30
1650944260659,MATH 109,A01,083213,Anzaldo; Leesa B,0,7,30,30
1650944260659,MATH 109,A02,083214,Anzaldo; Leesa B,0,7,30,30
1650944260659,MATH 109,B01,083215,Anzaldo; Leesa B,0,8,30,30
1650944260659,MATH 109,B02,083216,Anzaldo; Leesa B,1,7,30,29
1650944266682,MATH 142A,A01,083219,Chow; Bennett,0,14,30,30
1650944266682,MATH 142A,A02,083220,Chow; Bennett,0,15,30,30
1650944266682,MATH 142A,B01,083221,Chow; Bennett,0,16,30,30
1650944266682,MATH 142A,B02,083222,Chow; Bennett,0,14,30,30
1650944272708,MATH 193A,A01,083224,Staff,0,6,30,30
1650944272708,MATH 193A,A02,083225,Staff,0,7,30,30
1650944272708,MATH 193A,A03,083781,Staff,0,6,30,30
1650944272708,MATH 193A,A04,083782,Staff,0,7,30,30
1650944278731,MATH 197,001,091859,McAuley; Julian John,9998,0,9999,1
1650944284786,COGS 9,A01,083615,Staff,0,18,60,60
1650944290808,COGS 11,A01,083617,Boyle; Mary E. T.,16,0,40,24
1650944296830,COGS 13,A01,083071,Staff,0,41,40,40
1650944302853,COGS 14A,A01,092681,Staff,0,38,100,100
1650944308879,COGS 14B,A01,083073,Cheng; Tzu-Han,0,13,50,50
1650944314903,COGS 17,A01,092677,Staff,6,0,75,69
1650944320925,COGS 100,A01,083619,Staff,0,31,60,60
1650944327044,COGS 101A,A01,083621,Davis; Joshua Daniel,0,29,60,60
1650944333067,COGS 101B,A01,091572,Staff,0,5,60,60
1650944339090,COGS 101C,A01,083625,Delgado; Tania,14,0,30,16
1650944345115,COGS 107A,A01,083627,Boyle; Mary E. T.,0,16,60,60
1650944351140,COGS 118A,A01,083075,Staff,0,10,60,60
1650944357163,CSE 3,A50,083646,Miranda; Gregory Joseph,15,0,38,23
1650944357163,CSE 3,A51,083647,Miranda; Gregory Joseph,36,0,37,1
1650944363187,CSE 8A,A50,083650,Miranda; Gregory Joseph,0,31,40,40
1650944369217,CSE 11,A01,083080,Cao; Yingjun,0,98,40,40
1650944375241,CSE 12,A01,083652,Staff,0,24,100,100
1650944381269,CSE 15L,A01,083654,Staff,0,3,50,50
1650944381269,CSE 15L,A02,083655,Staff,0,3,50,50
1650944387294,CSE 20,A01,083657,Staff,47,0,80,33
1650944393318,CSE 30,A01,083084,Eldon; John,40,78,80,40
1650944399345,CSE 100,A01,083659,Cao; Yingjun,0,71,50,50
1650944405378,CSE 134B,A01,083661,Powell; Thomas Allan,0,39,65,65
1650944411400,CSE 140,A01,083663,Staff,1,14,75,74
1650944417427,CSE 140L,A01,083088,Eldon; John,25,21,100,75
1650944423450,CSE 175,A01,083665,Kumar; Rakesh,1,0,25,24
1650944429472,CSE 190,A00,092507,Dubnov; Shlomo,9,0,20,11
1650944435495,ECE 45,A01,083139,Staff,0,6,60,60
1650944441519,ECE 65,A50,083695,Staff,0,7,30,30
1650944447542,ECE 109,A01,091882,Touri; Behrouz,32,0,70,38
1650944453568,ECE 180,A00,083140,Abi Samra; Nicholas Camill,18,0,30,12
1650944453568,ECE 180,B00,083141,Abi Samra; Nicholas Camill,0,0,30,30
1650944459592,MATH 10A,A01,083735,Patchell; Gregory David,2,0,30,28
1650944459592,MATH 10A,A02,083736,Patchell; Gregory David,27,0,30,3
1650944459592,MATH 10A,A03,083737,Patchell; Gregory David,23,0,30,7
1650944465615,MATH 10B,A01,083207,Staff,0,9,30,30
1650944465615,MATH 10B,A02,083208,Staff,1,6,30,29
1650944465615,MATH 10B,B01,083739,Staff,9,0,30,21
1650944465615,MATH 10B,B02,083740,Staff,28,0,30,2
1650944471644,MATH 18,A01,083743,Staff,0,0,30,30
1650944471644,MATH 18,A02,083744,Staff,24,0,30,6
1650944471644,MATH 18,A03,083745,Staff,19,0,30,11
1650944471644,MATH 18,A04,083746,Staff,26,0,30,4
1650944471644,MATH 18,B01,083748,Staff,0,15,30,30
1650944471644,MATH 18,B02,083749,Staff,0,14,30,30
1650944471644,MATH 18,B03,083750,Staff,0,13,30,30
1650944471644,MATH 18,B04,083751,Staff,0,13,30,30
1650944477667,MATH 20A,A01,083754,Staff,19,0,40,21
1650944483690,MATH 20B,A01,083756,Staff,0,14,30,30
1650944483690,MATH 20B,A02,083757,Staff,0,11,30,30
1650944489713,MATH 20C,A01,083760,Staff,0,17,30,30
1650944489713,MATH 20C,A02,083761,Staff,1,16,30,29
1650944489713,MATH 20C,B01,083762,Staff,9,0,30,21
1650944489713,MATH 20C,B02,083763,Staff,28,0,30,2
1650944495739,MATH 20D,A01,083765,Staff,2,1,30,28
1650944495739,MATH 20D,A02,083766,Staff,3,0,30,27
1650944495739,MATH 20D,A03,083767,Staff,23,0,30,7
1650944501762,MATH 20E,A01,083771,Staff,2,0,30,28
1650944501762,MATH 20E,A02,083772,Staff,13,0,30,17
1650944501762,MATH 20E,B01,083773,Staff,0,0,30,30
1650944501762,MATH 20E,B02,083774,Staff,2,0,30,28
1650944507790,MATH 103A,A01,083777,Staff,0,17,30,30
1650944507790,MATH 103A,A02,083778,Staff,0,15,30,30
1650944507790,MATH 103A,B01,083779,Staff,0,15,30,30
1650944507790,MATH 103A,B02,083780,Staff,0,14,30,30
1650944513811,MATH 105,A01,085443,Staff,0,23,30,30
1650944519837,MATH 109,A01,083213,Anzaldo; Leesa B,0,7,30,30
1650944519837,MATH 109,A02,083214,Anzaldo; Leesa B,0,7,30,30
1650944519837,MATH 109,B01,083215,Anzaldo; Leesa B,0,8,30,30
1650944519837,MATH 109,B02,083216,Anzaldo; Leesa B,1,7,30,29
1650944525860,MATH 142A,A01,083219,Chow; Bennett,0,15,30,30
1650944525860,MATH 142A,A02,083220,Chow; Bennett,0,15,30,30
1650944525860,MATH 142A,B01,083221,Chow; Bennett,0,16,30,30
1650944525860,MATH 142A,B02,083222,Chow; Bennett,0,14,30,30
1650944531889,MATH 193A,A01,083224,Staff,0,6,30,30
1650944531889,MATH 193A,A02,083225,Staff,0,7,30,30
1650944531889,MATH 193A,A03,083781,Staff,0,6,30,30
1650944531889,MATH 193A,A04,083782,Staff,0,7,30,30
1650944537911,MATH 197,001,091859,McAuley; Julian John,9998,0,9999,1
1650944543967,COGS 9,A01,083615,Staff,0,18,60,60
1650944549998,COGS 11,A01,083617,Boyle; Mary E. T.,16,0,40,24
1650944556023,COGS 13,A01,083071,Staff,0,41,40,40
1650944562046,COGS 14A,A01,092681,Staff,0,38,100,100
1650944568071,COGS 14B,A01,083073,Cheng; Tzu-Han,0,13,50,50
1650944574097,COGS 17,A01,092677,Staff,6,0,75,69
1650944580123,COGS 100,A01,083619,Staff,0,31,60,60
1650944586151,COGS 101A,A01,083621,Davis; Joshua Daniel,0,29,60,60
1650944592175,COGS 101B,A01,091572,Staff,0,5,60,60
1650944598200,COGS 101C,A01,083625,Delgado; Tania,14,0,30,16
1650944604227,COGS 107A,A01,083627,Boyle; Mary E. T.,0,16,60,60
1650944610253,COGS 118A,A01,083075,Staff,0,10,60,60
1650944616279,CSE 3,A50,083646,Miranda; Gregory Joseph,15,0,38,23
1650944616279,CSE 3,A51,083647,Miranda; Gregory Joseph,36,0,37,1
1650944622314,CSE 8A,A50,083650,Miranda; Gregory Joseph,0,31,40,40
1650944628341,CSE 11,A01,083080,Cao; Yingjun,0,98,40,40
1650944634365,CSE 12,A01,083652,Staff,0,24,100,100
1650944640388,CSE 15L,A01,083654,Staff,0,3,50,50
1650944640388,CSE 15L,A02,083655,Staff,0,3,50,50
1650944646411,CSE 20,A01,083657,Staff,47,0,80,33
1650944652434,CSE 30,A01,083084,Eldon; John,40,78,80,40
1650944658457,CSE 100,A01,083659,Cao; Yingjun,0,71,50,50
1650944664484,CSE 134B,A01,083661,Powell; Thomas Allan,0,39,65,65
1650944670510,CSE 140,A01,083663,Staff,1,14,75,74
1650944676534,CSE 140L,A01,083088,Eldon; John,25,21,100,75
1650944682560,CSE 175,A01,083665,Kumar; Rakesh,1,0,25,24
1650944688587,CSE 190,A00,092507,Dubnov; Shlomo,9,0,20,11
1650944694610,ECE 45,A01,083139,Staff,0,6,60,60
1650944700636,ECE 65,A50,083695,Staff,0,7,30,30
1650944706661,ECE 109,A01,091882,Touri; Behrouz,32,0,70,38
1650944712686,ECE 180,A00,083140,Abi Samra; Nicholas Camill,18,0,30,12
1650944712686,ECE 180,B00,083141,Abi Samra; Nicholas Camill,0,0,30,30
1650944718713,MATH 10A,A01,083735,Patchell; Gregory David,2,0,30,28
1650944718713,MATH 10A,A02,083736,Patchell; Gregory David,27,0,30,3
1650944718713,MATH 10A,A03,083737,Patchell; Gregory David,23,0,30,7
1650944724739,MATH 10B,A01,083207,Staff,0,9,30,30
1650944724739,MATH 10B,A02,083208,Staff,1,6,30,29
1650944724739,MATH 10B,B01,083739,Staff,9,0,30,21
1650944724739,MATH 10B,B02,083740,Staff,28,0,30,2
1650944730763,MATH 18,A01,083743,Staff,0,0,30,30
1650944730763,MATH 18,A02,083744,Staff,24,0,30,6
1650944730763,MATH 18,A03,083745,Staff,19,0,30,11
1650944730763,MATH 18,A04,083746,Staff,26,0,30,4
1650944730763,MATH 18,B01,083748,Staff,0,15,30,30
1650944730763,MATH 18,B02,083749,Staff,0,14,30,30
1650944730763,MATH 18,B03,083750,Staff,0,13,30,30
1650944730763,MATH 18,B04,083751,Staff,0,13,30,30
1650944736786,MATH 20A,A01,083754,Staff,19,0,40,21
1650944742811,MATH 20B,A01,083756,Staff,0,14,30,30
1650944742811,MATH 20B,A02,083757,Staff,0,11,30,30
1650944748837,MATH 20C,A01,083760,Staff,0,17,30,30
1650944748837,MATH 20C,A02,083761,Staff,1,16,30,29
1650944748837,MATH 20C,B01,083762,Staff,9,0,30,21
1650944748837,MATH 20C,B02,083763,Staff,28,0,30,2
1650944754865,MATH 20D,A01,083765,Staff,2,1,30,28
1650944754865,MATH 20D,A02,083766,Staff,3,0,30,27
1650944754865,MATH 20D,A03,083767,Staff,23,0,30,7
1650944760892,MATH 20E,A01,083771,Staff,2,0,30,28
1650944760892,MATH 20E,A02,083772,Staff,13,0,30,17
1650944760892,MATH 20E,B01,083773,Staff,0,0,30,30
1650944760892,MATH 20E,B02,083774,Staff,2,0,30,28
1650944766914,MATH 103A,A01,083777,Staff,0,17,30,30
1650944766914,MATH 103A,A02,083778,Staff,0,15,30,30
1650944766914,MATH 103A,B01,083779,Staff,0,15,30,30
1650944766914,MATH 103A,B02,083780,Staff,0,14,30,30
1650944772939,MATH 105,A01,085443,Staff,0,23,30,30
1650944778962,MATH 109,A01,083213,Anzaldo; Leesa B,0,7,30,30
1650944778962,MATH 109,A02,083214,Anzaldo; Leesa B,0,7,30,30
1650944778962,MATH 109,B01,083215,Anzaldo; Leesa B,0,8,30,30
1650944778962,MATH 109,B02,083216,Anzaldo; Leesa B,1,7,30,29
1650944784984,MATH 142A,A01,083219,Chow; Bennett,0,14,30,30
1650944784984,MATH 142A,A02,083220,Chow; Bennett,0,15,30,30
1650944784984,MATH 142A,B01,083221,Chow; Bennett,0,16,30,30
1650944784984,MATH 142A,B02,083222,Chow; Bennett,0,14,30,30
1650944791008,MATH 193A,A01,083224,Staff,0,6,30,30
1650944791008,MATH 193A,A02,083225,Staff,0,7,30,30
1650944791008,MATH 193A,A03,083781,Staff,0,6,30,30
1650944791008,MATH 193A,A04,083782,Staff,0,7,30,30
1650944797030,MATH 197,001,091859,McAuley; Julian John,9998,0,9999,1
1650944803083,COGS 9,A01,083615,Staff,0,18,60,60
1650944809105,COGS 11,A01,083617,Boyle; Mary E. T.,16,0,40,24
1650944815128,COGS 13,A01,083071,Staff,0,41,40,40
1650944821154,COGS 14A,A01,092681,Staff,0,38,100,100
1650944827179,COGS 14B,A01,083073,Cheng; Tzu-Han,0,13,50,50
1650944833215,COGS 17,A01,092677,Staff,6,0,75,69
1650944839241,COGS 100,A01,083619,Staff,0,31,60,60
1650944845263,COGS 101A,A01,083621,Davis; Joshua Daniel,0,29,60,60
1650944851286,COGS 101B,A01,091572,Staff,0,5,60,60
1650944857314,COGS 101C,A01,083625,Delgado; Tania,14,0,30,16
1650944863336,COGS 107A,A01,083627,Boyle; Mary E. T.,0,16,60,60
1650944869358,COGS 118A,A01,083075,Staff,0,10,60,60
1650944875382,CSE 3,A50,083646,Miranda; Gregory Joseph,15,0,38,23
1650944875382,CSE 3,A51,083647,Miranda; Gregory Joseph,36,0,37,1
1650944881410,CSE 8A,A50,083650,Miranda; Gregory Joseph,0,31,40,40
1650944887434,CSE 11,A01,083080,Cao; Yingjun,0,98,40,40
1650944893456,CSE 12,A01,083652,Staff,0,24,100,100
1650944899491,CSE 15L,A01,083654,Staff,0,3,50,50
1650944899491,CSE 15L,A02,083655,Staff,0,3,50,50
1650944905516,CSE 20,A01,083657,Staff,47,0,80,33
1650944911541,CSE 30,A01,083084,Eldon; John,40,78,80,40
1650944917564,CSE 100,A01,083659,Cao; Yingjun,0,71,50,50
1650944923668,CSE 134B,A01,083661,Powell; Thomas Allan,0,39,65,65
1650944929694,CSE 140,A01,083663,Staff,1,14,75,74
1650944935716,CSE 140L,A01,083088,Eldon; John,25,21,100,75
1650944941743,CSE 175,A01,083665,Kumar; Rakesh,1,0,25,24
1650944947775,CSE 190,A00,092507,Dubnov; Shlomo,9,0,20,11
1650944953798,ECE 45,A01,083139,Staff,0,6,60,60
1650944959824,ECE 65,A50,083695,Staff,0,7,30,30
1650944965857,ECE 109,A01,091882,Touri; Behrouz,32,0,70,38
1650944971881,ECE 180,A00,083140,Abi Samra; Nicholas Camill,18,0,30,12
1650944971881,ECE 180,B00,083141,Abi Samra; Nicholas Camill,0,0,30,30
1650944977909,MATH 10A,A01,083735,Patchell; Gregory David,2,0,30,28
1650944977909,MATH 10A,A02,083736,Patchell; Gregory David,27,0,30,3
1650944977909,MATH 10A,A03,083737,Patchell; Gregory David,23,0,30,7
1650944983932,MATH 10B,A01,083207,Staff,0,9,30,30
1650944983932,MATH 10B,A02,083208,Staff,1,6,30,29
1650944983932,MATH 10B,B01,083739,Staff,9,0,30,21
1650944983932,MATH 10B,B02,083740,Staff,28,0,30,2
1650944989957,MATH 18,A01,083743,Staff,0,0,30,30
1650944989957,MATH 18,A02,083744,Staff,24,0,30,6
1650944989957,MATH 18,A03,083745,Staff,19,0,30,11
1650944989957,MATH 18,A04,083746,Staff,26,0,30,4
1650944989957,MATH 18,B01,083748,Staff,0,15,30,30
1650944989957,MATH 18,B02,083749,Staff,0,14,30,30
1650944989957,MATH 18,B03,083750,Staff,0,13,30,30
1650944989957,MATH 18,B04,083751,Staff,0,13,30,30
1650944995980,MATH 20A,A01,083754,Staff,19,0,40,21
1650945002006,MATH 20B,A01,083756,Staff,0,14,30,30
1650945002006,MATH 20B,A02,083757,Staff,0,11,30,30
1650945008031,MATH 20C,A01,083760,Staff,0,17,30,30
1650945008031,MATH 20C,A02,083761,Staff,1,16,30,29
1650945008031,MATH 20C,B01,083762,Staff,9,0,30,21
1650945008031,MATH 20C,B02,083763,Staff,28,0,30,2
1650945014054,MATH 20D,A01,083765,Staff,2,1,30,28
1650945014054,MATH 20D,A02,083766,Staff,3,0,30,27
1650945014054,MATH 20D,A03,083767,Staff,23,0,30,7
1650945020091,MATH 20E,A01,083771,Staff,2,0,30,28
1650945020091,MATH 20E,A02,083772,Staff,13,0,30,17
1650945020091,MATH 20E,B01,083773,Staff,0,0,30,30
1650945020091,MATH 20E,B02,083774,Staff,2,0,30,28
1650945026118,MATH 103A,A01,083777,Staff,0,17,30,30
1650945026118,MATH 103A,A02,083778,Staff,0,15,30,30
1650945026118,MATH 103A,B01,083779,Staff,0,15,30,30
1650945026118,MATH 103A,B02,083780,Staff,0,14,30,30
1650945032141,MATH 105,A01,085443,Staff,0,23,30,30
1650945038164,MATH 109,A01,083213,Anzaldo; Leesa B,0,7,30,30
1650945038164,MATH 109,A02,083214,Anzaldo; Leesa B,0,7,30,30
1650945038164,MATH 109,B01,083215,Anzaldo; Leesa B,0,8,30,30
1650945038164,MATH 109,B02,083216,Anzaldo; Leesa B,1,7,30,29
1650945044190,MATH 142A,A01,083219,Chow; Bennett,0,14,30,30
1650945044190,MATH 142A,A02,083220,Chow; Bennett,0,15,30,30
1650945044190,MATH 142A,B01,083221,Chow; Bennett,0,16,30,30
1650945044190,MATH 142A,B02,083222,Chow; Bennett,0,14,30,30
1650945050218,MATH 193A,A01,083224,Staff,0,6,30,30
1650945050218,MATH 193A,A02,083225,Staff,0,7,30,30
1650945050218,MATH 193A,A03,083781,Staff,0,6,30,30
1650945050218,MATH 193A,A04,083782,Staff,0,7,30,30
1650945056240,MATH 197,001,091859,McAuley; Julian John,9998,0,9999,1
1650945062294,COGS 9,A01,083615,Staff,0,18,60,60
1650945068322,COGS 11,A01,083617,Boyle; Mary E. T.,16,0,40,24
1650945074347,COGS 13,A01,083071,Staff,0,41,40,40
1650945080368,COGS 14A,A01,092681,Staff,0,38,100,100
1650945086392,COGS 14B,A01,083073,Cheng; Tzu-Han,0,13,50,50
1650945092415,COGS 17,A01,092677,Staff,6,0,75,69
1650945098440,COGS 100,A01,083619,Staff,0,31,60,60
1650945104462,COGS 101A,A01,083621,Davis; Joshua Daniel,0,29,60,60
1650945110487,COGS 101B,A01,091572,Staff,0,5,60,60
1650945116517,COGS 101C,A01,083625,Delgado; Tania,14,0,30,16
1650945122553,COGS 107A,A01,083627,Boyle; Mary E. T.,0,16,60,60
1650945128576,COGS 118A,A01,083075,Staff,0,10,60,60
1650945134606,CSE 3,A50,083646,Miranda; Gregory Joseph,15,0,38,23
1650945134606,CSE 3,A51,083647,Miranda; Gregory Joseph,36,0,37,1
1650945140629,CSE 8A,A50,083650,Miranda; Gregory Joseph,0,31,40,40
1650945146654,CSE 11,A01,083080,Cao; Yingjun,0,98,40,40
1650945152676,CSE 12,A01,083652,Staff,0,24,100,100
1650945158698,CSE 15L,A01,083654,Staff,0,3,50,50
1650945158698,CSE 15L,A02,083655,Staff,0,3,50,50
1650945164724,CSE 20,A01,083657,Staff,47,0,80,33
1650945170759,CSE 30,A01,083084,Eldon; John,40,78,80,40
1650945176786,CSE 100,A01,083659,Cao; Yingjun,0,71,50,50
1650945182815,CSE 134B,A01,083661,Powell; Thomas Allan,0,39,65,65
1650945188838,CSE 140,A01,083663,Staff,1,14,75,74
1650945194861,CSE 140L,A01,083088,Eldon; John,25,21,100,75
1650945200887,CSE 175,A01,083665,Kumar; Rakesh,1,0,25,24
1650945206911,CSE 190,A00,092507,Dubnov; Shlomo,9,0,20,11
1650945212938,ECE 45,A01,083139,Staff,0,6,60,60
1650945218963,ECE 65,A50,083695,Staff,0,7,30,30
1650945224993,ECE 109,A01,091882,Touri; Behrouz,32,0,70,38
1650945231025,ECE 180,A00,083140,Abi Samra; Nicholas Camill,18,0,30,12
1650945231025,ECE 180,B00,083141,Abi Samra; Nicholas Camill,0,0,30,30
1650945237048,MATH 10A,A01,083735,Patchell; Gregory David,2,0,30,28
1650945237048,MATH 10A,A02,083736,Patchell; Gregory David,27,0,30,3
1650945237048,MATH 10A,A03,083737,Patchell; Gregory David,23,0,30,7
1650945243075,MATH 10B,A01,083207,Staff,0,9,30,30
1650945243075,MATH 10B,A02,083208,Staff,1,6,30,29
1650945243075,MATH 10B,B01,083739,Staff,9,0,30,21
1650945243075,MATH 10B,B02,083740,Staff,28,0,30,2
1650945249105,MATH 18,A01,083743,Staff,0,0,30,30
1650945249105,MATH 18,A02,083744,Staff,24,0,30,6
1650945249105,MATH 18,A03,083745,Staff,19,0,30,11
1650945249105,MATH 18,A04,083746,Staff,26,0,30,4
1650945249105,MATH 18,B01,083748,Staff,0,15,30,30
1650945249105,MATH 18,B02,083749,Staff,0,14,30,30
1650945249105,MATH 18,B03,083750,Staff,0,13,30,30
1650945249105,MATH 18,B04,083751,Staff,0,13,30,30
1650945255130,MATH 20A,A01,083754,Staff,19,0,40,21
1650945261158,MATH 20B,A01,083756,Staff,0,14,30,30
1650945261158,MATH 20B,A02,083757,Staff,0,11,30,30
1650945267182,MATH 20C,A01,083760,Staff,0,17,30,30
1650945267182,MATH 20C,A02,083761,Staff,1,16,30,29
1650945267182,MATH 20C,B01,083762,Staff,9,0,30,21
1650945267182,MATH 20C,B02,083763,Staff,28,0,30,2
1650945273206,MATH 20D,A01,083765,Staff,2,1,30,28
1650945273206,MATH 20D,A02,083766,Staff,3,0,30,27
1650945273206,MATH 20D,A03,083767,Staff,23,0,30,7
1650945279230,MATH 20E,A01,083771,Staff,2,0,30,28
1650945279230,MATH 20E,A02,083772,Staff,13,0,30,17
1650945279230,MATH 20E,B01,083773,Staff,0,0,30,30
1650945279230,MATH 20E,B02,083774,Staff,2,0,30,28
1650945285257,MATH 103A,A01,083777,Staff,0,17,30,30
1650945285257,MATH 103A,A02,083778,Staff,0,15,30,30
1650945285257,MATH 103A,B01,083779,Staff,0,15,30,30
1650945285257,MATH 103A,B02,083780,Staff,0,14,30,30
1650945291279,MATH 105,A01,085443,Staff,0,23,30,30
1650945297314,MATH 109,A01,083213,Anzaldo; Leesa B,0,7,30,30
1650945297314,MATH 109,A02,083214,Anzaldo; Leesa B,0,7,30,30
1650945297314,MATH 109,B01,083215,Anzaldo; Leesa B,0,8,30,30
1650945297314,MATH 109,B02,083216,Anzaldo; Leesa B,1,7,30,29
1650945303337,MATH 142A,A01,083219,Chow; Bennett,0,14,30,30
1650945303337,MATH 142A,A02,083220,Chow; Bennett,0,15,30,30
1650945303337,MATH 142A,B01,083221,Chow; Bennett,0,16,30,30
1650945303337,MATH 142A,B02,083222,Chow; Bennett,0,14,30,30
1650945309363,MATH 193A,A01,083224,Staff,0,6,30,30
1650945309363,MATH 193A,A02,083225,Staff,0,7,30,30
1650945309363,MATH 193A,A03,083781,Staff,0,6,30,30
1650945309363,MATH 193A,A04,083782,Staff,0,7,30,30
1650945315389,MATH 197,001,091859,McAuley; Julian John,9998,0,9999,1
1650945321439,COGS 9,A01,083615,Staff,0,18,60,60
1650945327462,COGS 11,A01,083617,Boyle; Mary E. T.,16,0,40,24
1650945333488,COGS 13,A01,083071,Staff,0,41,40,40
1650945339511,COGS 14A,A01,092681,Staff,0,38,100,100
1650945345534,COGS 14B,A01,083073,Cheng; Tzu-Han,0,13,50,50
1650945351558,COGS 17,A01,092677,Staff,6,0,75,69
1650945357580,COGS 100,A01,083619,Staff,0,31,60,60
1650945363607,COGS 101A,A01,083621,Davis; Joshua Daniel,0,29,60,60
1650945369633,COGS 101B,A01,091572,Staff,0,5,60,60
1650945375656,COGS 101C,A01,083625,Delgado; Tania,14,0,30,16
1650945381682,COGS 107A,A01,083627,Boyle; Mary E. T.,0,16,60,60
1650945387704,COGS 118A,A01,083075,Staff,0,10,60,60
1650945393731,CSE 3,A50,083646,Miranda; Gregory Joseph,15,0,38,23
1650945393731,CSE 3,A51,083647,Miranda; Gregory Joseph,36,0,37,1
1650945399758,CSE 8A,A50,083650,Miranda; Gregory Joseph,0,31,40,40
1650945405792,CSE 11,A01,083080,Cao; Yingjun,0,98,40,40
1650945411818,CSE 12,A01,083652,Staff,0,24,100,100
1650945417842,CSE 15L,A01,083654,Staff,0,3,50,50
1650945417842,CSE 15L,A02,083655,Staff,0,3,50,50
1650945423869,CSE 20,A01,083657,Staff,47,0,80,33
1650945429896,CSE 30,A01,083084,Eldon; John,40,78,80,40
1650945435919,CSE 100,A01,083659,Cao; Yingjun,0,71,50,50
1650945441942,CSE 134B,A01,083661,Powell; Thomas Allan,0,39,65,65
1650945447967,CSE 140,A01,083663,Staff,1,14,75,74
1650945453999,CSE 140L,A01,083088,Eldon; John,25,21,100,75
1650945460027,CSE 175,A01,083665,Kumar; Rakesh,1,0,25,24
1650945466053,CSE 190,A00,092507,Dubnov; Shlomo,9,0,20,11
1650945472079,ECE 45,A01,083139,Staff,0,6,60,60
1650945478114,ECE 65,A50,083695,Staff,0,7,30,30
1650945484137,ECE 109,A01,091882,Touri; Behrouz,32,0,70,38
1650945490173,ECE 180,A00,083140,Abi Samra; Nicholas Camill,18,0,30,12
1650945490173,ECE 180,B00,083141,Abi Samra; Nicholas Camill,0,0,30,30
1650945496197,MATH 10A,A01,083735,Patchell; Gregory David,2,0,30,28
1650945496197,MATH 10A,A02,083736,Patchell; Gregory David,27,0,30,3
1650945496197,MATH 10A,A03,083737,Patchell; Gregory David,23,0,30,7
1650945502225,MATH 10B,A01,083207,Staff,0,9,30,30
1650945502225,MATH 10B,A02,083208,Staff,1,6,30,29
1650945502225,MATH 10B,B01,083739,Staff,9,0,30,21
1650945502225,MATH 10B,B02,083740,Staff,28,0,30,2
1650945508250,MATH 18,A01,083743,Staff,0,0,30,30
1650945508250,MATH 18,A02,083744,Staff,24,0,30,6
1650945508250,MATH 18,A03,083745,Staff,19,0,30,11
1650945508250,MATH 18,A04,083746,Staff,26,0,30,4
1650945508250,MATH 18,B01,083748,Staff,0,15,30,30
1650945508250,MATH 18,B02,083749,Staff,0,14,30,30
1650945508250,MATH 18,B03,083750,Staff,0,13,30,30
1650945508250,MATH 18,B04,083751,Staff,0,13,30,30
1650945514273,MATH 20A,A01,083754,Staff,19,0,40,21
1650945520391,MATH 20B,A01,083756,Staff,0,14,30,30
1650945520391,MATH 20B,A02,083757,Staff,0,11,30,30
1650945526413,MATH 20C,A01,083760,Staff,0,17,30,30
1650945526413,MATH 20C,A02,083761,Staff,1,16,30,29
1650945526413,MATH 20C,B01,083762,Staff,9,0,30,21
1650945526413,MATH 20C,B02,083763,Staff,28,0,30,2
1650945532437,MATH 20D,A01,083765,Staff,2,1,30,28
1650945532437,MATH 20D,A02,083766,Staff,3,0,30,27
1650945532437,MATH 20D,A03,083767,Staff,23,0,30,7
1650945538472,MATH 20E,A01,083771,Staff,2,0,30,28
1650945538472,MATH 20E,A02,083772,Staff,13,0,30,17
1650945538472,MATH 20E,B01,083773,Staff,0,0,30,30
1650945538472,MATH 20E,B02,083774,Staff,2,0,30,28
1650945544502,MATH 103A,A01,083777,Staff,0,17,30,30
1650945544502,MATH 103A,A02,083778,Staff,0,15,30,30
1650945544502,MATH 103A,B01,083779,Staff,0,15,30,30
1650945544502,MATH 103A,B02,083780,Staff,0,14,30,30
1650945550528,MATH 105,A01,085443,Staff,0,23,30,30
1650945556552,MATH 109,A01,083213,Anzaldo; Leesa B,0,7,30,30
1650945556552,MATH 109,A02,083214,Anzaldo; Leesa B,0,7,30,30
1650945556552,MATH 109,B01,083215,Anzaldo; Leesa B,0,8,30,30
1650945556552,MATH 109,B02,083216,Anzaldo; Leesa B,1,7,30,29
1650945562576,MATH 142A,A01,083219,Chow; Bennett,0,14,30,30
1650945562576,MATH 142A,A02,083220,Chow; Bennett,0,15,30,30
1650945562576,MATH 142A,B01,083221,Chow; Bennett,0,16,30,30
1650945562576,MATH 142A,B02,083222,Chow; Bennett,0,14,30,30
1650945568602,MATH 193A,A01,083224,Staff,0,6,30,30
1650945568602,MATH 193A,A02,083225,Staff,0,7,30,30
1650945568602,MATH 193A,A03,083781,Staff,0,6,30,30
1650945568602,MATH 193A,A04,083782,Staff,0,7,30,30
1650945574625,MATH 197,001,091859,McAuley; Julian John,9998,0,9999,1
1650945580678,COGS 9,A01,083615,Staff,0,18,60,60
1650945586701,COGS 11,A01,083617,Boyle; Mary E. T.,16,0,40,24
1650945592738,COGS 13,A01,083071,Staff,0,41,40,40
1650945598764,COGS 14A,A01,092681,Staff,0,38,100,100
1650945604798,COGS 14B,A01,083073,Cheng; Tzu-Han,0,13,50,50
1650945610835,COGS 17,A01,092677,Staff,6,0,75,69
1650945616857,COGS 100,A01,083619,Staff,0,31,60,60
1650945622887,COGS 101A,A01,083621,Davis; Joshua Daniel,0,29,60,60
1650945628918,COGS 101B,A01,091572,Staff,0,5,60,60
1650945634942,COGS 101C,A01,083625,Delgado; Tania,14,0,30,16
1650945640965,COGS 107A,A01,083627,Boyle; Mary E. T.,0,16,60,60
1650945646987,COGS 118A,A01,083075,Staff,0,10,60,60
1650945653012,CSE 3,A50,083646,Miranda; Gregory Joseph,15,0,38,23
1650945653012,CSE 3,A51,083647,Miranda; Gregory Joseph,36,0,37,1
1650945659041,CSE 8A,A50,083650,Miranda; Gregory Joseph,0,31,40,40
1650945665066,CSE 11,A01,083080,Cao; Yingjun,0,98,40,40
1650945671102,CSE 12,A01,083652,Staff,0,24,100,100
1650945677150,CSE 15L,A01,083654,Staff,0,3,50,50
1650945677150,CSE 15L,A02,083655,Staff,0,3,50,50
1650945683173,CSE 20,A01,083657,Staff,47,0,80,33
1650945689199,CSE 30,A01,083084,Eldon; John,40,78,80,40
1650945695221,CSE 100,A01,083659,Cao; Yingjun,0,71,50,50
1650945701245,CSE 134B,A01,083661,Powell; Thomas Allan,0,39,65,65
1650945707267,CSE 140,A01,083663,Staff,1,14,75,74
1650945713290,CSE 140L,A01,083088,Eldon; John,25,21,100,75
1650945719315,CSE 175,A01,083665,Kumar; Rakesh,1,0,25,24
1650945725340,CSE 190,A00,092507,Dubnov; Shlomo,9,0,20,11
1650945731361,ECE 45,A01,083139,Staff,0,6,60,60
1650945737387,ECE 65,A50,083695,Staff,0,7,30,30
1650945743413,ECE 109,A01,091882,Touri; Behrouz,32,0,70,38
1650945749441,ECE 180,A00,083140,Abi Samra; Nicholas Camill,18,0,30,12
1650945749441,ECE 180,B00,083141,Abi Samra; Nicholas Camill,0,0,30,30
1650945755463,MATH 10A,A01,083735,Patchell; Gregory David,2,0,30,28
1650945755463,MATH 10A,A02,083736,Patchell; Gregory David,27,0,30,3
1650945755463,MATH 10A,A03,083737,Patchell; Gregory David,23,0,30,7
1650945761505,MATH 10B,A01,083207,Staff,0,9,30,30
1650945761505,MATH 10B,A02,083208,Staff,1,6,30,29
1650945761505,MATH 10B,B01,083739,Staff,9,0,30,21
1650945761505,MATH 10B,B02,083740,Staff,28,0,30,2
1650945767529,MATH 18,A01,083743,Staff,0,0,30,30
1650945767529,MATH 18,A02,083744,Staff,24,0,30,6
1650945767529,MATH 18,A03,083745,Staff,19,0,30,11
1650945767529,MATH 18,A04,083746,Staff,26,0,30,4
1650945767529,MATH 18,B01,083748,Staff,0,15,30,30
1650945767529,MATH 18,B02,083749,Staff,0,14,30,30
1650945767529,MATH 18,B03,083750,Staff,0,13,30,30
1650945767529,MATH 18,B04,083751,Staff,0,13,30,30
1650945773555,MATH 20A,A01,083754,Staff,19,0,40,21
1650945779577,MATH 20B,A01,083756,Staff,0,14,30,30
1650945779577,MATH 20B,A02,083757,Staff,0,11,30,30
1650945785605,MATH 20C,A01,083760,Staff,0,17,30,30
1650945785605,MATH 20C,A02,083761,Staff,1,16,30,29
1650945785605,MATH 20C,B01,083762,Staff,9,0,30,21
1650945785605,MATH 20C,B02,083763,Staff,28,0,30,2
1650945791632,MATH 20D,A01,083765,Staff,2,1,30,28
1650945791632,MATH 20D,A02,083766,Staff,3,0,30,27
1650945791632,MATH 20D,A03,083767,Staff,23,0,30,7
1650945797665,MATH 20E,A01,083771,Staff,2,0,30,28
1650945797665,MATH 20E,A02,083772,Staff,13,0,30,17
1650945797665,MATH 20E,B01,083773,Staff,0,0,30,30
1650945797665,MATH 20E,B02,083774,Staff,2,0,30,28
1650945803694,MATH 103A,A01,083777,Staff,0,17,30,30
1650945803694,MATH 103A,A02,083778,Staff,0,15,30,30
1650945803694,MATH 103A,B01,083779,Staff,0,15,30,30
1650945803694,MATH 103A,B02,083780,Staff,0,14,30,30
1650945809717,MATH 105,A01,085443,Staff,0,23,30,30
1650945815741,MATH 109,A01,083213,Anzaldo; Leesa B,0,7,30,30
1650945815741,MATH 109,A02,083214,Anzaldo; Leesa B,0,7,30,30
1650945815741,MATH 109,B01,083215,Anzaldo; Leesa B,0,8,30,30
1650945815741,MATH 109,B02,083216,Anzaldo; Leesa B,1,7,30,29
1650945821775,MATH 142A,A01,083219,Chow; Bennett,0,14,30,30
1650945821775,MATH 142A,A02,083220,Chow; Bennett,0,15,30,30
1650945821775,MATH 142A,B01,083221,Chow; Bennett,0,16,30,30
1650945821775,MATH 142A,B02,083222,Chow; Bennett,0,14,30,30
1650945827799,MATH 193A,A01,083224,Staff,0,6,30,30
1650945827799,MATH 193A,A02,083225,Staff,0,7,30,30
1650945827799,MATH 193A,A03,083781,Staff,0,6,30,30
1650945827799,MATH 193A,A04,083782,Staff,0,7,30,30
1650945833823,MATH 197,001,091859,McAuley; Julian John,9998,0,9999,1
1650945839909,COGS 9,A01,083615,Staff,0,18,60,60
1650945845933,COGS 11,A01,083617,Boyle; Mary E. T.,16,0,40,24
1650945851958,COGS 13,A01,083071,Staff,0,41,40,40
1650945857985,COGS 14A,A01,092681,Staff,0,38,100,100
1650945864008,COGS 14B,A01,083073,Cheng; Tzu-Han,0,13,50,50
1650945870030,COGS 17,A01,092677,Staff,6,0,75,69
1650945876060,COGS 100,A01,083619,Staff,0,31,60,60
1650945882093,COGS 101A,A01,083621,Davis; Joshua Daniel,0,29,60,60
1650945888126,COGS 101B,A01,091572,Staff,0,5,60,60
1650945894150,COGS 101C,A01,083625,Delgado; Tania,14,0,30,16
1650945900179,COGS 107A,A01,083627,Boyle; Mary E. T.,0,16,60,60
1650945906202,COGS 118A,A01,083075,Staff,0,10,60,60
1650945912226,CSE 3,A50,083646,Miranda; Gregory Joseph,15,0,38,23
1650945912226,CSE 3,A51,083647,Miranda; Gregory Joseph,36,0,37,1
1650945918247,CSE 8A,A50,083650,Miranda; Gregory Joseph,0,31,40,40
1650945924274,CSE 11,A01,083080,Cao; Yingjun,0,98,40,40
1650945930298,CSE 12,A01,083652,Staff,0,24,100,100
1650945936323,CSE 15L,A01,083654,Staff,0,3,50,50
1650945936323,CSE 15L,A02,083655,Staff,0,3,50,50
1650945942349,CSE 20,A01,083657,Staff,47,0,80,33
1650945948378,CSE 30,A01,083084,Eldon; John,40,78,80,40
1650945954400,CSE 100,A01,083659,Cao; Yingjun,0,71,50,50
1650945960422,CSE 134B,A01,083661,Powell; Thomas Allan,0,39,65,65
1650945966447,CSE 140,A01,083663,Staff,1,14,75,74
1650945972482,CSE 140L,A01,083088,Eldon; John,25,21,100,75
1650945978505,CSE 175,A01,083665,Kumar; Rakesh,1,0,25,24
1650945984530,CSE 190,A00,092507,Dubnov; Shlomo,9,0,20,11
1650945990553,ECE 45,A01,083139,Staff,0,6,60,60
1650945996579,ECE 65,A50,083695,Staff,0,7,30,30
1650946002610,ECE 109,A01,091882,Touri; Behrouz,32,0,70,38
1650946008634,ECE 180,A00,083140,Abi Samra; Nicholas Camill,18,0,30,12
1650946008634,ECE 180,B00,083141,Abi Samra; Nicholas Camill,0,0,30,30
1650946014657,MATH 10A,A01,083735,Patchell; Gregory David,2,0,30,28
1650946014657,MATH 10A,A02,083736,Patchell; Gregory David,27,0,30,3
1650946014657,MATH 10A,A03,083737,Patchell; Gregory David,23,0,30,7
1650946020681,MATH 10B,A01,083207,Staff,0,9,30,30
1650946020681,MATH 10B,A02,083208,Staff,1,6,30,29
1650946020681,MATH 10B,B01,083739,Staff,9,0,30,21
1650946020681,MATH 10B,B02,083740,Staff,28,0,30,2
1650946026719,MATH 18,A01,083743,Staff,0,0,30,30
1650946026719,MATH 18,A02,083744,Staff,24,0,30,6
1650946026719,MATH 18,A03,083745,Staff,19,0,30,11
1650946026719,MATH 18,A04,083746,Staff,26,0,30,4
1650946026719,MATH 18,B01,083748,Staff,0,15,30,30
1650946026719,MATH 18,B02,083749,Staff,0,14,30,30
1650946026719,MATH 18,B03,083750,Staff,0,13,30,30
1650946026719,MATH 18,B04,083751,Staff,0,13,30,30
1650946032742,MATH 20A,A01,083754,Staff,19,0,40,21
1650946038769,MATH 20B,A01,083756,Staff,0,14,30,30
1650946038769,MATH 20B,A02,083757,Staff,0,11,30,30
1650946044796,MATH 20C,A01,083760,Staff,0,17,30,30
1650946044796,MATH 20C,A02,083761,Staff,1,16,30,29
1650946044796,MATH 20C,B01,083762,Staff,9,0,30,21
1650946044796,MATH 20C,B02,083763,Staff,28,0,30,2
1650946050823,MATH 20D,A01,083765,Staff,2,1,30,28
1650946050823,MATH 20D,A02,083766,Staff,3,0,30,27
1650946050823,MATH 20D,A03,083767,Staff,23,0,30,7
1650946056852,MATH 20E,A01,083771,Staff,2,0,30,28
1650946056852,MATH 20E,A02,083772,Staff,13,0,30,17
1650946056852,MATH 20E,B01,083773,Staff,0,0,30,30
1650946056852,MATH 20E,B02,083774,Staff,2,0,30,28
1650946062889,MATH 103A,A01,083777,Staff,0,17,30,30
1650946062889,MATH 103A,A02,083778,Staff,0,15,30,30
1650946062889,MATH 103A,B01,083779,Staff,0,15,30,30
1650946062889,MATH 103A,B02,083780,Staff,0,14,30,30
1650946068911,MATH 105,A01,085443,Staff,0,23,30,30
1650946074935,MATH 109,A01,083213,Anzaldo; Leesa B,0,7,30,30
1650946074935,MATH 109,A02,083214,Anzaldo; Leesa B,0,7,30,30
1650946074935,MATH 109,B01,083215,Anzaldo; Leesa B,0,8,30,30
1650946074935,MATH 109,B02,083216,Anzaldo; Leesa B,1,7,30,29
1650946080958,MATH 142A,A01,083219,Chow; Bennett,0,14,30,30
1650946080958,MATH 142A,A02,083220,Chow; Bennett,0,15,30,30
1650946080958,MATH 142A,B01,083221,Chow; Bennett,0,16,30,30
1650946080958,MATH 142A,B02,083222,Chow; Bennett,0,14,30,30
1650946086984,MATH 193A,A01,083224,Staff,0,6,30,30
1650946086984,MATH 193A,A02,083225,Staff,0,7,30,30
1650946086984,MATH 193A,A03,083781,Staff,0,6,30,30
1650946086984,MATH 193A,A04,083782,Staff,0,7,30,30
1650946093006,MATH 197,001,091859,McAuley; Julian John,9998,0,9999,1
1650946099063,COGS 9,A01,083615,Staff,0,18,60,60
1650946105090,COGS 11,A01,083617,Boyle; Mary E. T.,16,0,40,24
1650946111200,COGS 13,A01,083071,Staff,0,41,40,40
1650946117223,COGS 14A,A01,092681,Staff,0,38,100,100
1650946123246,COGS 14B,A01,083073,Cheng; Tzu-Han,0,13,50,50
1650946129270,COGS 17,A01,092677,Staff,6,0,75,69
1650946135293,COGS 100,A01,083619,Staff,0,31,60,60
1650946141315,COGS 101A,A01,083621,Davis; Joshua Daniel,0,29,60,60
1650946147343,COGS 101B,A01,091572,Staff,0,5,60,60
1650946153367,COGS 101C,A01,083625,Delgado; Tania,14,0,30,16
1650946159390,COGS 107A,A01,083627,Boyle; Mary E. T.,0,16,60,60
1650946165413,COGS 118A,A01,083075,Staff,0,10,60,60
1650946171443,CSE 3,A50,083646,Miranda; Gregory Joseph,15,0,38,23
1650946171443,CSE 3,A51,083647,Miranda; Gregory Joseph,36,0,37,1
1650946177466,CSE 8A,A50,083650,Miranda; Gregory Joseph,0,31,40,40
1650946183490,CSE 11,A01,083080,Cao; Yingjun,0,98,40,40
1650946189513,CSE 12,A01,083652,Staff,0,24,100,100
1650946195539,CSE 15L,A01,083654,Staff,0,3,50,50
1650946195539,CSE 15L,A02,083655,Staff,0,3,50,50
1650946201564,CSE 20,A01,083657,Staff,47,0,80,33
1650946207589,CSE 30,A01,083084,Eldon; John,40,78,80,40
1650946213612,CSE 100,A01,083659,Cao; Yingjun,0,71,50,50
1650946219635,CSE 134B,A01,083661,Powell; Thomas Allan,0,39,65,65
1650946225661,CSE 140,A01,083663,Staff,1,14,75,74
1650946231682,CSE 140L,A01,083088,Eldon; John,25,21,100,75
1650946237708,CSE 175,A01,083665,Kumar; Rakesh,1,0,25,24
1650946243733,CSE 190,A00,092507,Dubnov; Shlomo,9,0,20,11
1650946249764,ECE 45,A01,083139,Staff,0,6,60,60
1650946255789,ECE 65,A50,083695,Staff,0,7,30,30
1650946261816,ECE 109,A01,091882,Touri; Behrouz,32,0,70,38
1650946267840,ECE 180,A00,083140,Abi Samra; Nicholas Camill,18,0,30,12
1650946267840,ECE 180,B00,083141,Abi Samra; Nicholas Camill,0,0,30,30
1650946273873,MATH 10A,A01,083735,Patchell; Gregory David,2,0,30,28
1650946273873,MATH 10A,A02,083736,Patchell; Gregory David,27,0,30,3
1650946273873,MATH 10A,A03,083737,Patchell; Gregory David,23,0,30,7
1650946279897,MATH 10B,A01,083207,Staff,0,9,30,30
1650946279897,MATH 10B,A02,083208,Staff,1,6,30,29
1650946279897,MATH 10B,B01,083739,Staff,9,0,30,21
1650946279897,MATH 10B,B02,083740,Staff,28,0,30,2
1650946285926,MATH 18,A01,083743,Staff,0,0,30,30
1650946285926,MATH 18,A02,083744,Staff,24,0,30,6
1650946285926,MATH 18,A03,083745,Staff,19,0,30,11
1650946285926,MATH 18,A04,083746,Staff,26,0,30,4
1650946285926,MATH 18,B01,083748,Staff,0,15,30,30
1650946285926,MATH 18,B02,083749,Staff,0,14,30,30
1650946285926,MATH 18,B03,083750,Staff,0,13,30,30
1650946285926,MATH 18,B04,083751,Staff,0,13,30,30
1650946291949,MATH 20A,A01,083754,Staff,19,0,40,21
1650946297974,MATH 20B,A01,083756,Staff,0,14,30,30
1650946297974,MATH 20B,A02,083757,Staff,0,11,30,30
1650946304005,MATH 20C,A01,083760,Staff,0,17,30,30
1650946304005,MATH 20C,A02,083761,Staff,1,16,30,29
1650946304005,MATH 20C,B01,083762,Staff,9,0,30,21
1650946304005,MATH 20C,B02,083763,Staff,28,0,30,2
1650946310032,MATH 20D,A01,083765,Staff,2,1,30,28
1650946310032,MATH 20D,A02,083766,Staff,3,0,30,27
1650946310032,MATH 20D,A03,083767,Staff,23,0,30,7
1650946316062,MATH 20E,A01,083771,Staff,2,0,30,28
1650946316062,MATH 20E,A02,083772,Staff,13,0,30,17
1650946316062,MATH 20E,B01,083773,Staff,0,0,30,30
1650946316062,MATH 20E,B02,083774,Staff,2,0,30,28
1650946322091,MATH 103A,A01,083777,Staff,0,17,30,30
1650946322091,MATH 103A,A02,083778,Staff,0,15,30,30
1650946322091,MATH 103A,B01,083779,Staff,0,15,30,30
1650946322091,MATH 103A,B02,083780,Staff,0,14,30,30
1650946328120,MATH 105,A01,085443,Staff,0,23,30,30
1650946334144,MATH 109,A01,083213,Anzaldo; Leesa B,0,7,30,30
1650946334144,MATH 109,A02,083214,Anzaldo; Leesa B,0,7,30,30
1650946334144,MATH 109,B01,083215,Anzaldo; Leesa B,0,8,30,30
1650946334144,MATH 109,B02,083216,Anzaldo; Leesa B,1,7,30,29
1650946340168,MATH 142A,A01,083219,Chow; Bennett,0,14,30,30
1650946340168,MATH 142A,A02,083220,Chow; Bennett,0,15,30,30
1650946340168,MATH 142A,B01,083221,Chow; Bennett,0,16,30,30
1650946340168,MATH 142A,B02,083222,Chow; Bennett,0,14,30,30
1650946346202,MATH 193A,A01,083224,Staff,0,6,30,30
1650946346202,MATH 193A,A02,083225,Staff,0,7,30,30
1650946346202,MATH 193A,A03,083781,Staff,0,6,30,30
1650946346202,MATH 193A,A04,083782,Staff,0,7,30,30
1650946352227,MATH 197,001,091859,McAuley; Julian John,9998,0,9999,1
1650946358304,COGS 9,A01,083615,Staff,0,18,60,60
1650946364327,COGS 11,A01,083617,Boyle; Mary E. T.,16,0,40,24
1650946370349,COGS 13,A01,083071,Staff,0,41,40,40
1650946376377,COGS 14A,A01,092681,Staff,0,38,100,100
1650946382398,COGS 14B,A01,083073,Cheng; Tzu-Han,0,13,50,50
1650946388424,COGS 17,A01,092677,Staff,6,0,75,69
1650946394450,COGS 100,A01,083619,Staff,0,31,60,60
1650946400473,COGS 101A,A01,083621,Davis; Joshua Daniel,0,29,60,60
1650946406499,COGS 101B,A01,091572,Staff,0,5,60,60
1650946412524,COGS 101C,A01,083625,Delgado; Tania,14,0,30,16
1650946418550,COGS 107A,A01,083627,Boyle; Mary E. T.,0,16,60,60
1650946424573,COGS 118A,A01,083075,Staff,0,10,60,60
1650946430606,CSE 3,A50,083646,Miranda; Gregory Joseph,15,0,38,23
1650946430606,CSE 3,A51,083647,Miranda; Gregory Joseph,36,0,37,1
1650946436635,CSE 8A,A50,083650,Miranda; Gregory Joseph,0,31,40,40
1650946442666,CSE 11,A01,083080,Cao; Yingjun,0,98,40,40
1650946448690,CSE 12,A01,083652,Staff,0,24,100,100
1650946454716,CSE 15L,A01,083654,Staff,0,3,50,50
1650946454716,CSE 15L,A02,083655,Staff,0,3,50,50
1650946460739,CSE 20,A01,083657,Staff,47,0,80,33
1650946466765,CSE 30,A01,083084,Eldon; John,40,78,80,40
1650946472791,CSE 100,A01,083659,Cao; Yingjun,0,71,50,50
1650946478817,CSE 134B,A01,083661,Powell; Thomas Allan,0,39,65,65
1650946484849,CSE 140,A01,083663,Staff,1,14,75,74
1650946490882,CSE 140L,A01,083088,Eldon; John,25,21,100,75
1650946496918,CSE 175,A01,083665,Kumar; Rakesh,1,0,25,24
1650946502941,CSE 190,A00,092507,Dubnov; Shlomo,9,0,20,11
1650946508964,ECE 45,A01,083139,Staff,0,6,60,60
1650946514988,ECE 65,A50,083695,Staff,0,7,30,30
1650946521011,ECE 109,A01,091882,Touri; Behrouz,32,0,70,38
1650946527045,ECE 180,A00,083140,Abi Samra; Nicholas Camill,18,0,30,12
1650946527045,ECE 180,B00,083141,Abi Samra; Nicholas Camill,0,0,30,30
1650946533075,MATH 10A,A01,083735,Patchell; Gregory David,2,0,30,28
1650946533075,MATH 10A,A02,083736,Patchell; Gregory David,27,0,30,3
1650946533075,MATH 10A,A03,083737,Patchell; Gregory David,23,0,30,7
1650946539098,MATH 10B,A01,083207,Staff,0,9,30,30
1650946539098,MATH 10B,A02,083208,Staff,1,6,30,29
1650946539098,MATH 10B,B01,083739,Staff,9,0,30,21
1650946539098,MATH 10B,B02,083740,Staff,28,0,30,2
1650946545122,MATH 18,A01,083743,Staff,0,0,30,30
1650946545122,MATH 18,A02,083744,Staff,24,0,30,6
1650946545122,MATH 18,A03,083745,Staff,19,0,30,11
1650946545122,MATH 18,A04,083746,Staff,26,0,30,4
1650946545122,MATH 18,B01,083748,Staff,0,15,30,30
1650946545122,MATH 18,B02,083749,Staff,0,14,30,30
1650946545122,MATH 18,B03,083750,Staff,0,13,30,30
1650946545122,MATH 18,B04,083751,Staff,0,13,30,30
1650946551148,MATH 20A,A01,083754,Staff,19,0,40,21
1650946557176,MATH 20B,A01,083756,Staff,0,14,30,30
1650946557176,MATH 20B,A02,083757,Staff,0,11,30,30
1650946563206,MATH 20C,A01,083760,Staff,0,17,30,30
1650946563206,MATH 20C,A02,083761,Staff,1,16,30,29
1650946563206,MATH 20C,B01,083762,Staff,9,0,30,21
1650946563206,MATH 20C,B02,083763,Staff,28,0,30,2
1650946569235,MATH 20D,A01,083765,Staff,2,1,30,28
1650946569235,MATH 20D,A02,083766,Staff,3,0,30,27
1650946569235,MATH 20D,A03,083767,Staff,23,0,30,7
1650946575261,MATH 20E,A01,083771,Staff,2,0,30,28
1650946575261,MATH 20E,A02,083772,Staff,13,0,30,17
1650946575261,MATH 20E,B01,083773,Staff,0,0,30,30
1650946575261,MATH 20E,B02,083774,Staff,2,0,30,28
1650946581284,MATH 103A,A01,083777,Staff,0,17,30,30
1650946581284,MATH 103A,A02,083778,Staff,0,15,30,30
1650946581284,MATH 103A,B01,083779,Staff,0,15,30,30
1650946581284,MATH 103A,B02,083780,Staff,0,14,30,30
1650946587317,MATH 105,A01,085443,Staff,0,23,30,30
1650946593344,MATH 109,A01,083213,Anzaldo; Leesa B,0,7,30,30
1650946593344,MATH 109,A02,083214,Anzaldo; Leesa B,0,7,30,30
1650946593344,MATH 109,B01,083215,Anzaldo; Leesa B,0,8,30,30
1650946593344,MATH 109,B02,083216,Anzaldo; Leesa B,1,7,30,29
1650946599368,MATH 142A,A01,083219,Chow; Bennett,0,14,30,30
1650946599368,MATH 142A,A02,083220,Chow; Bennett,0,15,30,30
1650946599368,MATH 142A,B01,083221,Chow; Bennett,0,16,30,30
1650946599368,MATH 142A,B02,083222,Chow; Bennett,0,14,30,30
1650946605392,MATH 193A,A01,083224,Staff,0,6,30,30
1650946605392,MATH 193A,A02,083225,Staff,0,7,30,30
1650946605392,MATH 193A,A03,083781,Staff,0,6,30,30
1650946605392,MATH 193A,A04,083782,Staff,0,7,30,30
1650946611420,MATH 197,001,091859,McAuley; Julian John,9998,0,9999,1
1650946617479,COGS 9,A01,083615,Staff,0,18,60,60
1650946623502,COGS 11,A01,083617,Boyle; Mary E. T.,16,0,40,24
1650946629525,COGS 13,A01,083071,Staff,0,41,40,40
1650946635555,COGS 14A,A01,092681,Staff,0,38,100,100
1650946641581,COGS 14B,A01,083073,Cheng; Tzu-Han,0,13,50,50
1650946647607,COGS 17,A01,092677,Staff,6,0,75,69
1650946653632,COGS 100,A01,083619,Staff,0,31,60,60
1650946659660,COGS 101A,A01,083621,Davis; Joshua Daniel,0,29,60,60
1650946665684,COGS 101B,A01,091572,Staff,0,5,60,60
1650946671716,COGS 101C,A01,083625,Delgado; Tania,14,0,30,16
1650946677754,COGS 107A,A01,083627,Boyle; Mary E. T.,0,16,60,60
1650946683783,COGS 118A,A01,083075,Staff,0,10,60,60
1650946689818,CSE 3,A50,083646,Miranda; Gregory Joseph,15,0,38,23
1650946689818,CSE 3,A51,083647,Miranda; Gregory Joseph,36,0,37,1
1650946695840,CSE 8A,A50,083650,Miranda; Gregory Joseph,0,31,40,40
1650946701863,CSE 11,A01,083080,Cao; Yingjun,0,98,40,40
1650946707978,CSE 12,A01,083652,Staff,0,24,100,100
1650946714014,CSE 15L,A01,083654,Staff,0,3,50,50
1650946714014,CSE 15L,A02,083655,Staff,0,3,50,50
1650946720037,CSE 20,A01,083657,Staff,47,0,80,33
1650946726059,CSE 30,A01,083084,Eldon; John,40,78,80,40
1650946732088,CSE 100,A01,083659,Cao; Yingjun,0,71,50,50
1650946738111,CSE 134B,A01,083661,Powell; Thomas Allan,0,39,65,65
1650946744136,CSE 140,A01,083663,Staff,1,14,75,74
1650946750160,CSE 140L,A01,083088,Eldon; John,25,21,100,75
1650946756182,CSE 175,A01,083665,Kumar; Rakesh,1,0,25,24
1650946762207,CSE 190,A00,092507,Dubnov; Shlomo,9,0,20,11
1650946768235,ECE 45,A01,083139,Staff,0,6,60,60
1650946774261,ECE 65,A50,083695,Staff,0,7,30,30
1650946780284,ECE 109,A01,091882,Touri; Behrouz,32,0,70,38
1650946786307,ECE 180,A00,083140,Abi Samra; Nicholas Camill,18,0,30,12
1650946786307,ECE 180,B00,083141,Abi Samra; Nicholas Camill,0,0,30,30
1650946792341,MATH 10A,A01,083735,Patchell; Gregory David,2,0,30,28
1650946792341,MATH 10A,A02,083736,Patchell; Gregory David,27,0,30,3
1650946792341,MATH 10A,A03,083737,Patchell; Gregory David,23,0,30,7
1650946798368,MATH 10B,A01,083207,Staff,0,9,30,30
1650946798368,MATH 10B,A02,083208,Staff,1,6,30,29
1650946798368,MATH 10B,B01,083739,Staff,9,0,30,21
1650946798368,MATH 10B,B02,083740,Staff,28,0,30,2
1650946804401,MATH 18,A01,083743,Staff,0,0,30,30
1650946804401,MATH 18,A02,083744,Staff,24,0,30,6
1650946804401,MATH 18,A03,083745,Staff,19,0,30,11
1650946804401,MATH 18,A04,083746,Staff,26,0,30,4
1650946804401,MATH 18,B01,083748,Staff,0,15,30,30
1650946804401,MATH 18,B02,083749,Staff,0,14,30,30
1650946804401,MATH 18,B03,083750,Staff,0,13,30,30
1650946804401,MATH 18,B04,083751,Staff,0,13,30,30
1650946810429,MATH 20A,A01,083754,Staff,19,0,40,21
1650946816462,MATH 20B,A01,083756,Staff,0,14,30,30
1650946816462,MATH 20B,A02,083757,Staff,0,11,30,30
1650946822485,MATH 20C,A01,083760,Staff,0,17,30,30
1650946822485,MATH 20C,A02,083761,Staff,1,16,30,29
1650946822485,MATH 20C,B01,083762,Staff,9,0,30,21
1650946822485,MATH 20C,B02,083763,Staff,28,0,30,2
1650946828508,MATH 20D,A01,083765,Staff,2,1,30,28
1650946828508,MATH 20D,A02,083766,Staff,3,0,30,27
1650946828508,MATH 20D,A03,083767,Staff,23,0,30,7
1650946834531,MATH 20E,A01,083771,Staff,2,0,30,28
1650946834531,MATH 20E,A02,083772,Staff,13,0,30,17
1650946834531,MATH 20E,B01,083773,Staff,0,0,30,30
1650946834531,MATH 20E,B02,083774,Staff,2,0,30,28
1650946840558,MATH 103A,A01,083777,Staff,0,17,30,30
1650946840558,MATH 103A,A02,083778,Staff,0,15,30,30
1650946840558,MATH 103A,B01,083779,Staff,0,15,30,30
1650946840558,MATH 103A,B02,083780,Staff,0,14,30,30
1650946846594,MATH 105,A01,085443,Staff,0,23,30,30
1650946852623,MATH 109,A01,083213,Anzaldo; Leesa B,0,7,30,30
1650946852623,MATH 109,A02,083214,Anzaldo; Leesa B,0,7,30,30
1650946852623,MATH 109,B01,083215,Anzaldo; Leesa B,0,8,30,30
1650946852623,MATH 109,B02,083216,Anzaldo; Leesa B,1,7,30,29
1650946858655,MATH 142A,A01,083219,Chow; Bennett,0,14,30,30
1650946858655,MATH 142A,A02,083220,Chow; Bennett,0,15,30,30
1650946858655,MATH 142A,B01,083221,Chow; Bennett,0,16,30,30
1650946858655,MATH 142A,B02,083222,Chow; Bennett,0,14,30,30
1650946864680,MATH 193A,A01,083224,Staff,0,6,30,30
1650946864680,MATH 193A,A02,083225,Staff,0,7,30,30
1650946864680,MATH 193A,A03,083781,Staff,0,6,30,30
1650946864680,MATH 193A,A04,083782,Staff,0,7,30,30
1650946870703,MATH 197,001,091859,McAuley; Julian John,9998,0,9999,1
1650946876763,COGS 9,A01,083615,Staff,0,18,60,60
1650946882785,COGS 11,A01,083617,Boyle; Mary E. T.,16,0,40,24
1650946888809,COGS 13,A01,083071,Staff,0,41,40,40
1650946894834,COGS 14A,A01,092681,Staff,0,38,100,100
1650946900858,COGS 14B,A01,083073,Cheng; Tzu-Han,0,13,50,50
1650946906880,COGS 17,A01,092677,Staff,6,0,75,69
1650946912905,COGS 100,A01,083619,Staff,0,31,60,60
1650946918934,COGS 101A,A01,083621,Davis; Joshua Daniel,0,29,60,60
1650946924961,COGS 101B,A01,091572,Staff,0,5,60,60
1650946930990,COGS 101C,A01,083625,Delgado; Tania,14,0,30,16
1650946937014,COGS 107A,A01,083627,Boyle; Mary E. T.,0,16,60,60
1650946943047,COGS 118A,A01,083075,Staff,0,10,60,60
1650946949074,CSE 3,A50,083646,Miranda; Gregory Joseph,15,0,38,23
1650946949074,CSE 3,A51,083647,Miranda; Gregory Joseph,36,0,37,1
1650946955098,CSE 8A,A50,083650,Miranda; Gregory Joseph,0,31,40,40
1650946961124,CSE 11,A01,083080,Cao; Yingjun,0,98,40,40
1650946967162,CSE 12,A01,083652,Staff,0,24,100,100
1650946973198,CSE 15L,A01,083654,Staff,0,3,50,50
1650946973198,CSE 15L,A02,083655,Staff,0,3,50,50
1650946979222,CSE 20,A01,083657,Staff,47,0,80,33
1650946985251,CSE 30,A01,083084,Eldon; John,40,78,80,40
1650946991284,CSE 100,A01,083659,Cao; Yingjun,0,71,50,50
1650946997310,CSE 134B,A01,083661,Powell; Thomas Allan,0,39,65,65
1650947003332,CSE 140,A01,083663,Staff,1,14,75,74
1650947009354,CSE 140L,A01,083088,Eldon; John,25,21,100,75
1650947015386,CSE 175,A01,083665,Kumar; Rakesh,1,0,25,24
1650947021420,CSE 190,A00,092507,Dubnov; Shlomo,9,0,20,11
1650947027445,ECE 45,A01,083139,Staff,0,6,60,60
1650947033486,ECE 65,A50,083695,Staff,0,7,30,30
1650947039509,ECE 109,A01,091882,Touri; Behrouz,32,0,70,38
1650947045532,ECE 180,A00,083140,Abi Samra; Nicholas Camill,18,0,30,12
1650947045532,ECE 180,B00,083141,Abi Samra; Nicholas Camill,0,0,30,30
1650947051561,MATH 10A,A01,083735,Patchell; Gregory David,2,0,30,28
1650947051561,MATH 10A,A02,083736,Patchell; Gregory David,27,0,30,3
1650947051561,MATH 10A,A03,083737,Patchell; Gregory David,23,0,30,7
1650947057596,MATH 10B,A01,083207,Staff,0,9,30,30
1650947057596,MATH 10B,A02,083208,Staff,1,6,30,29
1650947057596,MATH 10B,B01,083739,Staff,9,0,30,21
1650947057596,MATH 10B,B02,083740,Staff,28,0,30,2
1650947063631,MATH 18,A01,083743,Staff,0,0,30,30
1650947063631,MATH 18,A02,083744,Staff,24,0,30,6
1650947063631,MATH 18,A03,083745,Staff,19,0,30,11
1650947063631,MATH 18,A04,083746,Staff,26,0,30,4
1650947063631,MATH 18,B01,083748,Staff,0,15,30,30
1650947063631,MATH 18,B02,083749,Staff,0,14,30,30
1650947063631,MATH 18,B03,083750,Staff,0,13,30,30
1650947063631,MATH 18,B04,083751,Staff,0,13,30,30
1650947069656,MATH 20A,A01,083754,Staff,19,0,40,21
1650947075680,MATH 20B,A01,083756,Staff,0,14,30,30
1650947075680,MATH 20B,A02,083757,Staff,0,11,30,30
1650947081703,MATH 20C,A01,083760,Staff,0,17,30,30
1650947081703,MATH 20C,A02,083761,Staff,1,16,30,29
1650947081703,MATH 20C,B01,083762,Staff,9,0,30,21
1650947081703,MATH 20C,B02,083763,Staff,28,0,30,2
1650947087732,MATH 20D,A01,083765,Staff,2,1,30,28
1650947087732,MATH 20D,A02,083766,Staff,3,0,30,27
1650947087732,MATH 20D,A03,083767,Staff,23,0,30,7
1650947093756,MATH 20E,A01,083771,Staff,2,0,30,28
1650947093756,MATH 20E,A02,083772,Staff,13,0,30,17
1650947093756,MATH 20E,B01,083773,Staff,0,0,30,30
1650947093756,MATH 20E,B02,083774,Staff,2,0,30,28
1650947099780,MATH 103A,A01,083777,Staff,0,17,30,30
1650947099780,MATH 103A,A02,083778,Staff,0,15,30,30
1650947099780,MATH 103A,B01,083779,Staff,0,15,30,30
1650947099780,MATH 103A,B02,083780,Staff,0,14,30,30
1650947105802,MATH 105,A01,085443,Staff,0,23,30,30
1650947111828,MATH 109,A01,083213,Anzaldo; Leesa B,0,7,30,30
1650947111828,MATH 109,A02,083214,Anzaldo; Leesa B,0,7,30,30
1650947111828,MATH 109,B01,083215,Anzaldo; Leesa B,0,8,30,30
1650947111828,MATH 109,B02,083216,Anzaldo; Leesa B,1,7,30,29
1650947117857,MATH 142A,A01,083219,Chow; Bennett,0,14,30,30
1650947117857,MATH 142A,A02,083220,Chow; Bennett,0,15,30,30
1650947117857,MATH 142A,B01,083221,Chow; Bennett,0,16,30,30
1650947117857,MATH 142A,B02,083222,Chow; Bennett,0,14,30,30
1650947123881,MATH 193A,A01,083224,Staff,0,6,30,30
1650947123881,MATH 193A,A02,083225,Staff,0,7,30,30
1650947123881,MATH 193A,A03,083781,Staff,0,6,30,30
1650947123881,MATH 193A,A04,083782,Staff,0,7,30,30
1650947129904,MATH 197,001,091859,McAuley; Julian John,9998,0,9999,1
1650947135954,COGS 9,A01,083615,Staff,0,18,60,60
1650947141980,COGS 11,A01,083617,Boyle; Mary E. T.,16,0,40,24
1650947148005,COGS 13,A01,083071,Staff,0,41,40,40
1650947154031,COGS 14A,A01,092681,Staff,0,38,100,100
1650947160057,COGS 14B,A01,083073,Cheng; Tzu-Han,0,13,50,50
1650947166080,COGS 17,A01,092677,Staff,6,0,75,69
1650947172102,COGS 100,A01,083619,Staff,0,31,60,60
1650947178132,COGS 101A,A01,083621,Davis; Joshua Daniel,0,29,60,60
1650947184158,COGS 101B,A01,091572,Staff,0,5,60,60
1650947190179,COGS 101C,A01,083625,Delgado; Tania,14,0,30,16
1650947196203,COGS 107A,A01,083627,Boyle; Mary E. T.,0,16,60,60
1650947202229,COGS 118A,A01,083075,Staff,0,10,60,60
1650947208252,CSE 3,A50,083646,Miranda; Gregory Joseph,15,0,38,23
1650947208252,CSE 3,A51,083647,Miranda; Gregory Joseph,36,0,37,1
1650947214275,CSE 8A,A50,083650,Miranda; Gregory Joseph,0,31,40,40
1650947220304,CSE 11,A01,083080,Cao; Yingjun,0,98,40,40
1650947226328,CSE 12,A01,083652,Staff,0,24,100,100
1650947232353,CSE 15L,A01,083654,Staff,0,3,50,50
1650947232353,CSE 15L,A02,083655,Staff,0,3,50,50
1650947238375,CSE 20,A01,083657,Staff,47,0,80,33
1650947244403,CSE 30,A01,083084,Eldon; John,40,78,80,40
1650947250439,CSE 100,A01,083659,Cao; Yingjun,0,71,50,50
1650947256470,CSE 134B,A01,083661,Powell; Thomas Allan,0,39,65,65
1650947262494,CSE 140,A01,083663,Staff,1,14,75,74
1650947268525,CSE 140L,A01,083088,Eldon; John,25,21,100,75
1650947274555,CSE 175,A01,083665,Kumar; Rakesh,1,0,25,24
1650947280587,CSE 190,A00,092507,Dubnov; Shlomo,9,0,20,11
1650947286611,ECE 45,A01,083139,Staff,0,6,60,60
1650947292647,ECE 65,A50,083695,Staff,0,7,30,30
1650947298671,ECE 109,A01,091882,Touri; Behrouz,32,0,70,38
1650947304785,ECE 180,A00,083140,Abi Samra; Nicholas Camill,18,0,30,12
1650947304785,ECE 180,B00,083141,Abi Samra; Nicholas Camill,0,0,30,30
1650947310823,MATH 10A,A01,083735,Patchell; Gregory David,2,0,30,28
1650947310823,MATH 10A,A02,083736,Patchell; Gregory David,27,0,30,3
1650947310823,MATH 10A,A03,083737,Patchell; Gregory David,23,0,30,7
1650947316847,MATH 10B,A01,083207,Staff,0,9,30,30
1650947316847,MATH 10B,A02,083208,Staff,1,6,30,29
1650947316847,MATH 10B,B01,083739,Staff,9,0,30,21
1650947316847,MATH 10B,B02,083740,Staff,28,0,30,2
1650947322875,MATH 18,A01,083743,Staff,0,0,30,30
1650947322875,MATH 18,A02,083744,Staff,24,0,30,6
1650947322875,MATH 18,A03,083745,Staff,19,0,30,11
1650947322875,MATH 18,A04,083746,Staff,26,0,30,4
1650947322875,MATH 18,B01,083748,Staff,0,15,30,30
1650947322875,MATH 18,B02,083749,Staff,0,14,30,30
1650947322875,MATH 18,B03,083750,Staff,0,13,30,30
1650947322875,MATH 18,B04,083751,Staff,0,13,30,30
1650947328897,MATH 20A,A01,083754,Staff,19,0,40,21
1650947334933,MATH 20B,A01,083756,Staff,0,14,30,30
1650947334933,MATH 20B,A02,083757,Staff,0,11,30,30
1650947340961,MATH 20C,A01,083760,Staff,0,17,30,30
1650947340961,MATH 20C,A02,083761,Staff,1,16,30,29
1650947340961,MATH 20C,B01,083762,Staff,9,0,30,21
1650947340961,MATH 20C,B02,083763,Staff,28,0,30,2
1650947346984,MATH 20D,A01,083765,Staff,2,1,30,28
1650947346984,MATH 20D,A02,083766,Staff,3,0,30,27
1650947346984,MATH 20D,A03,083767,Staff,23,0,30,7
1650947353018,MATH 20E,A01,083771,Staff,2,0,30,28
1650947353018,MATH 20E,A02,083772,Staff,13,0,30,17
1650947353018,MATH 20E,B01,083773,Staff,0,0,30,30
1650947353018,MATH 20E,B02,083774,Staff,2,0,30,28
1650947359058,MATH 103A,A01,083777,Staff,0,17,30,30
1650947359058,MATH 103A,A02,083778,Staff,0,15,30,30
1650947359058,MATH 103A,B01,083779,Staff,0,15,30,30
1650947359058,MATH 103A,B02,083780,Staff,0,14,30,30
1650947365085,MATH 105,A01,085443,Staff,0,23,30,30
1650947371112,MATH 109,A01,083213,Anzaldo; Leesa B,0,7,30,30
1650947371112,MATH 109,A02,083214,Anzaldo; Leesa B,0,7,30,30
1650947371112,MATH 109,B01,083215,Anzaldo; Leesa B,0,8,30,30
1650947371112,MATH 109,B02,083216,Anzaldo; Leesa B,1,7,30,29
1650947377133,MATH 142A,A01,083219,Chow; Bennett,0,14,30,30
1650947377133,MATH 142A,A02,083220,Chow; Bennett,0,15,30,30
1650947377133,MATH 142A,B01,083221,Chow; Bennett,0,16,30,30
1650947377133,MATH 142A,B02,083222,Chow; Bennett,0,14,30,30
1650947383159,MATH 193A,A01,083224,Staff,0,6,30,30
1650947383159,MATH 193A,A02,083225,Staff,0,7,30,30
1650947383159,MATH 193A,A03,083781,Staff,0,6,30,30
1650947383159,MATH 193A,A04,083782,Staff,0,7,30,30
1650947389181,MATH 197,001,091859,McAuley; Julian John,9998,0,9999,1
1650947395237,COGS 9,A01,083615,Staff,0,18,60,60
1650947401269,COGS 11,A01,083617,Boyle; Mary E. T.,16,0,40,24
1650947407293,COGS 13,A01,083071,Staff,0,41,40,40
1650947413319,COGS 14A,A01,092681,Staff,0,38,100,100
1650947419346,COGS 14B,A01,083073,Cheng; Tzu-Han,0,13,50,50
1650947425377,COGS 17,A01,092677,Staff,6,0,75,69
1650947431399,COGS 100,A01,083619,Staff,0,31,60,60
1650947437424,COGS 101A,A01,083621,Davis; Joshua Daniel,0,29,60,60
1650947443448,COGS 101B,A01,091572,Staff,0,5,60,60
1650947449474,COGS 101C,A01,083625,Delgado; Tania,14,0,30,16
1650947455500,COGS 107A,A01,083627,Boyle; Mary E. T.,0,16,60,60
1650947461531,COGS 118A,A01,083075,Staff,0,10,60,60
1650947467554,CSE 3,A50,083646,Miranda; Gregory Joseph,15,0,38,23
1650947467554,CSE 3,A51,083647,Miranda; Gregory Joseph,36,0,37,1
1650947473577,CSE 8A,A50,083650,Miranda; Gregory Joseph,0,31,40,40
1650947479610,CSE 11,A01,083080,Cao; Yingjun,0,98,40,40
1650947485633,CSE 12,A01,083652,Staff,0,24,100,100
1650947491673,CSE 15L,A01,083654,Staff,0,3,50,50
1650947491673,CSE 15L,A02,083655,Staff,0,3,50,50
1650947497698,CSE 20,A01,083657,Staff,47,0,80,33
1650947503726,CSE 30,A01,083084,Eldon; John,40,78,80,40
1650947509752,CSE 100,A01,083659,Cao; Yingjun,0,71,50,50
1650947515778,CSE 134B,A01,083661,Powell; Thomas Allan,0,39,65,65
1650947521801,CSE 140,A01,083663,Staff,1,14,75,74
1650947527825,CSE 140L,A01,083088,Eldon; John,25,21,100,75
1650947533850,CSE 175,A01,083665,Kumar; Rakesh,1,0,25,24
1650947539876,CSE 190,A00,092507,Dubnov; Shlomo,9,0,20,11
1650947545900,ECE 45,A01,083139,Staff,0,6,60,60
1650947551923,ECE 65,A50,083695,Staff,0,7,30,30
1650947557950,ECE 109,A01,091882,Touri; Behrouz,32,0,70,38
1650947563973,ECE 180,A00,083140,Abi Samra; Nicholas Camill,18,0,30,12
1650947563973,ECE 180,B00,083141,Abi Samra; Nicholas Camill,0,0,30,30
1650947570004,MATH 10A,A01,083735,Patchell; Gregory David,2,0,30,28
1650947570004,MATH 10A,A02,083736,Patchell; Gregory David,27,0,30,3
1650947570004,MATH 10A,A03,083737,Patchell; Gregory David,23,0,30,7
1650947576030,MATH 10B,A01,083207,Staff,0,9,30,30
1650947576030,MATH 10B,A02,083208,Staff,1,6,30,29
1650947576030,MATH 10B,B01,083739,Staff,9,0,30,21
1650947576030,MATH 10B,B02,083740,Staff,28,0,30,2
1650947582060,MATH 18,A01,083743,Staff,0,0,30,30
1650947582060,MATH 18,A02,083744,Staff,24,0,30,6
1650947582060,MATH 18,A03,083745,Staff,19,0,30,11
1650947582060,MATH 18,A04,083746,Staff,26,0,30,4
1650947582060,MATH 18,B01,083748,Staff,0,15,30,30
1650947582060,MATH 18,B02,083749,Staff,0,14,30,30
1650947582060,MATH 18,B03,083750,Staff,0,13,30,30
1650947582060,MATH 18,B04,083751,Staff,0,13,30,30
1650947588082,MATH 20A,A01,083754,Staff,19,0,40,21
1650947594112,MATH 20B,A01,083756,Staff,0,14,30,30
1650947594112,MATH 20B,A02,083757,Staff,0,11,30,30
1650947600134,MATH 20C,A01,083760,Staff,0,17,30,30
1650947600134,MATH 20C,A02,083761,Staff,1,16,30,29
1650947600134,MATH 20C,B01,083762,Staff,9,0,30,21
1650947600134,MATH 20C,B02,083763,Staff,28,0,30,2
1650947606162,MATH 20D,A01,083765,Staff,2,1,30,28
1650947606162,MATH 20D,A02,083766,Staff,3,0,30,27
1650947606162,MATH 20D,A03,083767,Staff,23,0,30,7
1650947612186,MATH 20E,A01,083771,Staff,2,0,30,28
1650947612186,MATH 20E,A02,083772,Staff,13,0,30,17
1650947612186,MATH 20E,B01,083773,Staff,0,0,30,30
1650947612186,MATH 20E,B02,083774,Staff,2,0,30,28
1650947618210,MATH 103A,A01,083777,Staff,0,17,30,30
1650947618210,MATH 103A,A02,083778,Staff,0,15,30,30
1650947618210,MATH 103A,B01,083779,Staff,0,15,30,30
1650947618210,MATH 103A,B02,083780,Staff,0,14,30,30
1650947624233,MATH 105,A01,085443,Staff,0,23,30,30
1650947630260,MATH 109,A01,083213,Anzaldo; Leesa B,0,7,30,30
1650947630260,MATH 109,A02,083214,Anzaldo; Leesa B,0,7,30,30
1650947630260,MATH 109,B01,083215,Anzaldo; Leesa B,0,8,30,30
1650947630260,MATH 109,B02,083216,Anzaldo; Leesa B,1,7,30,29
1650947636288,MATH 142A,A01,083219,Chow; Bennett,0,14,30,30
1650947636288,MATH 142A,A02,083220,Chow; Bennett,0,15,30,30
1650947636288,MATH 142A,B01,083221,Chow; Bennett,0,16,30,30
1650947636288,MATH 142A,B02,083222,Chow; Bennett,0,14,30,30
1650947642315,MATH 193A,A01,083224,Staff,0,6,30,30
1650947642315,MATH 193A,A02,083225,Staff,0,7,30,30
1650947642315,MATH 193A,A03,083781,Staff,0,6,30,30
1650947642315,MATH 193A,A04,083782,Staff,0,7,30,30
1650947648339,MATH 197,001,091859,McAuley; Julian John,9998,0,9999,1
1650947654395,COGS 9,A01,083615,Staff,0,18,60,60
1650947660418,COGS 11,A01,083617,Boyle; Mary E. T.,16,0,40,24
1650947666444,COGS 13,A01,083071,Staff,0,41,40,40
1650947672466,COGS 14A,A01,092681,Staff,0,38,100,100
1650947678489,COGS 14B,A01,083073,Cheng; Tzu-Han,0,13,50,50
1650947684514,COGS 17,A01,092677,Staff,6,0,75,69
1650947690537,COGS 100,A01,083619,Staff,0,31,60,60
1650947696562,COGS 101A,A01,083621,Davis; Joshua Daniel,0,29,60,60
1650947702594,COGS 101B,A01,091572,Staff,0,5,60,60
1650947708616,COGS 101C,A01,083625,Delgado; Tania,14,0,30,16
1650947714638,COGS 107A,A01,083627,Boyle; Mary E. T.,0,16,60,60
1650947720672,COGS 118A,A01,083075,Staff,0,10,60,60
1650947726695,CSE 3,A50,083646,Miranda; Gregory Joseph,15,0,38,23
1650947726695,CSE 3,A51,083647,Miranda; Gregory Joseph,36,0,37,1
1650947732722,CSE 8A,A50,083650,Miranda; Gregory Joseph,0,31,40,40
1650947738746,CSE 11,A01,083080,Cao; Yingjun,0,98,40,40
1650947744769,CSE 12,A01,083652,Staff,0,24,100,100
1650947750796,CSE 15L,A01,083654,Staff,0,3,50,50
1650947750796,CSE 15L,A02,083655,Staff,0,3,50,50
1650947756829,CSE 20,A01,083657,Staff,47,0,80,33
1650947762852,CSE 30,A01,083084,Eldon; John,40,78,80,40
1650947768876,CSE 100,A01,083659,Cao; Yingjun,0,71,50,50
1650947774899,CSE 134B,A01,083661,Powell; Thomas Allan,0,39,65,65
1650947780925,CSE 140,A01,083663,Staff,1,14,75,74
1650947786950,CSE 140L,A01,083088,Eldon; John,25,21,100,75
1650947792988,CSE 175,A01,083665,Kumar; Rakesh,1,0,25,24
1650947799018,CSE 190,A00,092507,Dubnov; Shlomo,9,0,20,11
1650947805044,ECE 45,A01,083139,Staff,0,6,60,60
1650947811070,ECE 65,A50,083695,Staff,0,7,30,30
1650947817093,ECE 109,A01,091882,Touri; Behrouz,32,0,70,38
1650947823118,ECE 180,A00,083140,Abi Samra; Nicholas Camill,18,0,30,12
1650947823118,ECE 180,B00,083141,Abi Samra; Nicholas Camill,0,0,30,30
1650947829142,MATH 10A,A01,083735,Patchell; Gregory David,2,0,30,28
1650947829142,MATH 10A,A02,083736,Patchell; Gregory David,27,0,30,3
1650947829142,MATH 10A,A03,083737,Patchell; Gregory David,23,0,30,7
1650947835166,MATH 10B,A01,083207,Staff,0,9,30,30
1650947835166,MATH 10B,A02,083208,Staff,1,6,30,29
1650947835166,MATH 10B,B01,083739,Staff,9,0,30,21
1650947835166,MATH 10B,B02,083740,Staff,28,0,30,2
1650947841192,MATH 18,A01,083743,Staff,0,0,30,30
1650947841192,MATH 18,A02,083744,Staff,24,0,30,6
1650947841192,MATH 18,A03,083745,Staff,19,0,30,11
1650947841192,MATH 18,A04,083746,Staff,26,0,30,4
1650947841192,MATH 18,B01,083748,Staff,0,15,30,30
1650947841192,MATH 18,B02,083749,Staff,0,14,30,30
1650947841192,MATH 18,B03,083750,Staff,0,13,30,30
1650947841192,MATH 18,B04,083751,Staff,0,13,30,30
1650947847218,MATH 20A,A01,083754,Staff,19,0,40,21
1650947853246,MATH 20B,A01,083756,Staff,0,14,30,30
1650947853246,MATH 20B,A02,083757,Staff,0,11,30,30
1650947859269,MATH 20C,A01,083760,Staff,0,17,30,30
1650947859269,MATH 20C,A02,083761,Staff,1,16,30,29
1650947859269,MATH 20C,B01,083762,Staff,9,0,30,21
1650947859269,MATH 20C,B02,083763,Staff,28,0,30,2
1650947865304,MATH 20D,A01,083765,Staff,2,1,30,28
1650947865304,MATH 20D,A02,083766,Staff,3,0,30,27
1650947865304,MATH 20D,A03,083767,Staff,23,0,30,7
1650947871328,MATH 20E,A01,083771,Staff,2,0,30,28
1650947871328,MATH 20E,A02,083772,Staff,13,0,30,17
1650947871328,MATH 20E,B01,083773,Staff,0,0,30,30
1650947871328,MATH 20E,B02,083774,Staff,2,0,30,28
1650947877356,MATH 103A,A01,083777,Staff,0,17,30,30
1650947877356,MATH 103A,A02,083778,Staff,0,15,30,30
1650947877356,MATH 103A,B01,083779,Staff,0,15,30,30
1650947877356,MATH 103A,B02,083780,Staff,0,14,30,30
1650947883380,MATH 105,A01,085443,Staff,0,23,30,30
1650947889404,MATH 109,A01,083213,Anzaldo; Leesa B,0,7,30,30
1650947889404,MATH 109,A02,083214,Anzaldo; Leesa B,0,7,30,30
1650947889404,MATH 109,B01,083215,Anzaldo; Leesa B,0,8,30,30
1650947889404,MATH 109,B02,083216,Anzaldo; Leesa B,1,7,30,29
1650947895429,MATH 142A,A01,083219,Chow; Bennett,0,14,30,30
1650947895429,MATH 142A,A02,083220,Chow; Bennett,0,15,30,30
1650947895429,MATH 142A,B01,083221,Chow; Bennett,0,16,30,30
1650947895429,MATH 142A,B02,083222,Chow; Bennett,0,14,30,30
1650947901551,MATH 193A,A01,083224,Staff,0,6,30,30
1650947901551,MATH 193A,A02,083225,Staff,0,7,30,30
1650947901551,MATH 193A,A03,083781,Staff,0,6,30,30
1650947901551,MATH 193A,A04,083782,Staff,0,7,30,30
1650947907576,MATH 197,001,091859,McAuley; Julian John,9998,0,9999,1
1650947913631,COGS 9,A01,083615,Staff,0,18,60,60
1650947919653,COGS 11,A01,083617,Boyle; Mary E. T.,16,0,40,24
1650947925680,COGS 13,A01,083071,Staff,0,41,40,40
1650947931704,COGS 14A,A01,092681,Staff,0,38,100,100
1650947937726,COGS 14B,A01,083073,Cheng; Tzu-Han,0,13,50,50
1650947943768,COGS 17,A01,092677,Staff,6,0,75,69
1650947949791,COGS 100,A01,083619,Staff,0,31,60,60
1650947955819,COGS 101A,A01,083621,Davis; Joshua Daniel,0,29,60,60
1650947961845,COGS 101B,A01,091572,Staff,0,5,60,60
1650947967868,COGS 101C,A01,083625,Delgado; Tania,14,0,30,16
1650947973892,COGS 107A,A01,083627,Boyle; Mary E. T.,0,16,60,60
1650947979914,COGS 118A,A01,083075,Staff,0,10,60,60
1650947985938,CSE 3,A50,083646,Miranda; Gregory Joseph,15,0,38,23
1650947985938,CSE 3,A51,083647,Miranda; Gregory Joseph,36,0,37,1
1650947991968,CSE 8A,A50,083650,Miranda; Gregory Joseph,0,31,40,40
1650947997995,CSE 11,A01,083080,Cao; Yingjun,0,98,40,40
1650948004036,CSE 12,A01,083652,Staff,0,24,100,100
1650948010059,CSE 15L,A01,083654,Staff,0,3,50,50
1650948010059,CSE 15L,A02,083655,Staff,0,3,50,50
1650948016084,CSE 20,A01,083657,Staff,47,0,80,33
1650948022111,CSE 30,A01,083084,Eldon; John,40,78,80,40
1650948028134,CSE 100,A01,083659,Cao; Yingjun,0,71,50,50
1650948034158,CSE 134B,A01,083661,Powell; Thomas Allan,0,39,65,65
1650948040184,CSE 140,A01,083663,Staff,1,14,75,74
1650948046208,CSE 140L,A01,083088,Eldon; John,25,21,100,75
1650948052231,CSE 175,A01,083665,Kumar; Rakesh,1,0,25,24
1650948058255,CSE 190,A00,092507,Dubnov; Shlomo,9,0,20,11
1650948064283,ECE 45,A01,083139,Staff,0,6,60,60
1650948070311,ECE 65,A50,083695,Staff,0,7,30,30
1650948076333,ECE 109,A01,091882,Touri; Behrouz,32,0,70,38
1650948082356,ECE 180,A00,083140,Abi Samra; Nicholas Camill,18,0,30,12
1650948082356,ECE 180,B00,083141,Abi Samra; Nicholas Camill,0,0,30,30
1650948088380,MATH 10A,A01,083735,Patchell; Gregory David,2,0,30,28
1650948088380,MATH 10A,A02,083736,Patchell; Gregory David,27,0,30,3
1650948088380,MATH 10A,A03,083737,Patchell; Gregory David,23,0,30,7
1650948094403,MATH 10B,A01,083207,Staff,0,9,30,30
1650948094403,MATH 10B,A02,083208,Staff,1,6,30,29
1650948094403,MATH 10B,B01,083739,Staff,9,0,30,21
1650948094403,MATH 10B,B02,083740,Staff,28,0,30,2
1650948100428,MATH 18,A01,083743,Staff,0,0,30,30
1650948100428,MATH 18,A02,083744,Staff,24,0,30,6
1650948100428,MATH 18,A03,083745,Staff,19,0,30,11
1650948100428,MATH 18,A04,083746,Staff,26,0,30,4
1650948100428,MATH 18,B01,083748,Staff,0,15,30,30
1650948100428,MATH 18,B02,083749,Staff,0,14,30,30
1650948100428,MATH 18,B03,083750,Staff,0,13,30,30
1650948100428,MATH 18,B04,083751,Staff,0,13,30,30
1650948106450,MATH 20A,A01,083754,Staff,19,0,40,21
1650948112484,MATH 20B,A01,083756,Staff,0,14,30,30
1650948112484,MATH 20B,A02,083757,Staff,0,11,30,30
1650948118507,MATH 20C,A01,083760,Staff,0,17,30,30
1650948118507,MATH 20C,A02,083761,Staff,1,16,30,29
1650948118507,MATH 20C,B01,083762,Staff,9,0,30,21
1650948118507,MATH 20C,B02,083763,Staff,28,0,30,2
1650948124531,MATH 20D,A01,083765,Staff,2,1,30,28
1650948124531,MATH 20D,A02,083766,Staff,3,0,30,27
1650948124531,MATH 20D,A03,083767,Staff,23,0,30,7
1650948130553,MATH 20E,A01,083771,Staff,2,0,30,28
1650948130553,MATH 20E,A02,083772,Staff,13,0,30,17
1650948130553,MATH 20E,B01,083773,Staff,0,0,30,30
1650948130553,MATH 20E,B02,083774,Staff,2,0,30,28
1650948136580,MATH 103A,A01,083777,Staff,0,17,30,30
1650948136580,MATH 103A,A02,083778,Staff,0,15,30,30
1650948136580,MATH 103A,B01,083779,Staff,0,15,30,30
1650948136580,MATH 103A,B02,083780,Staff,0,14,30,30
1650948142604,MATH 105,A01,085443,Staff,0,23,30,30
1650948148631,MATH 109,A01,083213,Anzaldo; Leesa B,0,7,30,30
1650948148631,MATH 109,A02,083214,Anzaldo; Leesa B,0,7,30,30
1650948148631,MATH 109,B01,083215,Anzaldo; Leesa B,0,8,30,30
1650948148631,MATH 109,B02,083216,Anzaldo; Leesa B,1,7,30,29
1650948154656,MATH 142A,A01,083219,Chow; Bennett,0,14,30,30
1650948154656,MATH 142A,A02,083220,Chow; Bennett,0,15,30,30
1650948154656,MATH 142A,B01,083221,Chow; Bennett,0,16,30,30
1650948154656,MATH 142A,B02,083222,Chow; Bennett,0,14,30,30
1650948160682,MATH 193A,A01,083224,Staff,0,6,30,30
1650948160682,MATH 193A,A02,083225,Staff,0,7,30,30
1650948160682,MATH 193A,A03,083781,Staff,0,6,30,30
1650948160682,MATH 193A,A04,083782,Staff,0,7,30,30
1650948166708,MATH 197,001,091859,McAuley; Julian John,9998,0,9999,1
1650948172759,COGS 9,A01,083615,Staff,0,18,60,60
1650948178788,COGS 11,A01,083617,Boyle; Mary E. T.,16,0,40,24
1650948184811,COGS 13,A01,083071,Staff,0,41,40,40
1650948190834,COGS 14A,A01,092681,Staff,0,38,100,100
1650948196857,COGS 14B,A01,083073,Cheng; Tzu-Han,0,13,50,50
1650948202882,COGS 17,A01,092677,Staff,6,0,75,69
1650948208910,COGS 100,A01,083619,Staff,0,31,60,60
1650948214932,COGS 101A,A01,083621,Davis; Joshua Daniel,0,29,60,60
1650948220977,COGS 101B,A01,091572,Staff,0,5,60,60
1650948227006,COGS 101C,A01,083625,Delgado; Tania,14,0,30,16
1650948233029,COGS 107A,A01,083627,Boyle; Mary E. T.,0,16,60,60
1650948239052,COGS 118A,A01,083075,Staff,0,10,60,60
1650948245078,CSE 3,A50,083646,Miranda; Gregory Joseph,15,0,38,23
1650948245078,CSE 3,A51,083647,Miranda; Gregory Joseph,36,0,37,1
1650948251105,CSE 8A,A50,083650,Miranda; Gregory Joseph,0,31,40,40
1650948257126,CSE 11,A01,083080,Cao; Yingjun,0,98,40,40
1650948263148,CSE 12,A01,083652,Staff,0,24,100,100
1650948269176,CSE 15L,A01,083654,Staff,0,3,50,50
1650948269176,CSE 15L,A02,083655,Staff,0,3,50,50
1650948275200,CSE 20,A01,083657,Staff,47,0,80,33
1650948281222,CSE 30,A01,083084,Eldon; John,40,78,80,40
1650948287247,CSE 100,A01,083659,Cao; Yingjun,0,71,50,50
1650948293270,CSE 134B,A01,083661,Powell; Thomas Allan,0,39,65,65
1650948299300,CSE 140,A01,083663,Staff,1,14,75,74
1650948305327,CSE 140L,A01,083088,Eldon; John,25,21,100,75
1650948311348,CSE 175,A01,083665,Kumar; Rakesh,1,0,25,24
1650948317373,CSE 190,A00,092507,Dubnov; Shlomo,9,0,20,11
1650948323395,ECE 45,A01,083139,Staff,0,6,60,60
1650948329416,ECE 65,A50,083695,Staff,0,7,30,30
1650948335440,ECE 109,A01,091882,Touri; Behrouz,32,0,70,38
1650948341468,ECE 180,A00,083140,Abi Samra; Nicholas Camill,18,0,30,12
1650948341468,ECE 180,B00,083141,Abi Samra; Nicholas Camill,0,0,30,30
1650948347491,MATH 10A,A01,083735,Patchell; Gregory David,2,0,30,28
1650948347491,MATH 10A,A02,083736,Patchell; Gregory David,27,0,30,3
1650948347491,MATH 10A,A03,083737,Patchell; Gregory David,23,0,30,7
1650948353513,MATH 10B,A01,083207,Staff,0,9,30,30
1650948353513,MATH 10B,A02,083208,Staff,1,6,30,29
1650948353513,MATH 10B,B01,083739,Staff,9,0,30,21
1650948353513,MATH 10B,B02,083740,Staff,28,0,30,2
1650948359537,MATH 18,A01,083743,Staff,0,0,30,30
1650948359537,MATH 18,A02,083744,Staff,24,0,30,6
1650948359537,MATH 18,A03,083745,Staff,19,0,30,11
1650948359537,MATH 18,A04,083746,Staff,26,0,30,4
1650948359537,MATH 18,B01,083748,Staff,0,15,30,30
1650948359537,MATH 18,B02,083749,Staff,0,14,30,30
1650948359537,MATH 18,B03,083750,Staff,0,13,30,30
1650948359537,MATH 18,B04,083751,Staff,0,13,30,30
1650948365560,MATH 20A,A01,083754,Staff,19,0,40,21
1650948371582,MATH 20B,A01,083756,Staff,0,14,30,30
1650948371582,MATH 20B,A02,083757,Staff,0,11,30,30
1650948377612,MATH 20C,A01,083760,Staff,0,17,30,30
1650948377612,MATH 20C,A02,083761,Staff,1,16,30,29
1650948377612,MATH 20C,B01,083762,Staff,9,0,30,21
1650948377612,MATH 20C,B02,083763,Staff,28,0,30,2
1650948383645,MATH 20D,A01,083765,Staff,2,1,30,28
1650948383645,MATH 20D,A02,083766,Staff,3,0,30,27
1650948383645,MATH 20D,A03,083767,Staff,23,0,30,7
1650948389673,MATH 20E,A01,083771,Staff,2,0,30,28
1650948389673,MATH 20E,A02,083772,Staff,13,0,30,17
1650948389673,MATH 20E,B01,083773,Staff,0,0,30,30
1650948389673,MATH 20E,B02,083774,Staff,2,0,30,28
1650948395697,MATH 103A,A01,083777,Staff,0,17,30,30
1650948395697,MATH 103A,A02,083778,Staff,0,15,30,30
1650948395697,MATH 103A,B01,083779,Staff,0,15,30,30
1650948395697,MATH 103A,B02,083780,Staff,0,14,30,30
1650948401719,MATH 105,A01,085443,Staff,0,23,30,30
1650948407743,MATH 109,A01,083213,Anzaldo; Leesa B,0,7,30,30
1650948407743,MATH 109,A02,083214,Anzaldo; Leesa B,0,7,30,30
1650948407743,MATH 109,B01,083215,Anzaldo; Leesa B,0,8,30,30
1650948407743,MATH 109,B02,083216,Anzaldo; Leesa B,1,7,30,29
1650948413767,MATH 142A,A01,083219,Chow; Bennett,0,14,30,30
1650948413767,MATH 142A,A02,083220,Chow; Bennett,0,15,30,30
1650948413767,MATH 142A,B01,083221,Chow; Bennett,0,16,30,30
1650948413767,MATH 142A,B02,083222,Chow; Bennett,0,14,30,30
1650948419791,MATH 193A,A01,083224,Staff,0,6,30,30
1650948419791,MATH 193A,A02,083225,Staff,0,7,30,30
1650948419791,MATH 193A,A03,083781,Staff,0,6,30,30
1650948419791,MATH 193A,A04,083782,Staff,0,7,30,30
1650948425814,MATH 197,001,091859,McAuley; Julian John,9998,0,9999,1
1650948431954,COGS 9,A01,083615,Staff,0,18,60,60
1650948437976,COGS 11,A01,083617,Boyle; Mary E. T.,16,0,40,24
1650948444000,COGS 13,A01,083071,Staff,0,41,40,40
1650948450026,COGS 14A,A01,092681,Staff,0,38,100,100
1650948456049,COGS 14B,A01,083073,Cheng; Tzu-Han,0,13,50,50
1650948462087,COGS 17,A01,092677,Staff,6,0,75,69
1650948468115,COGS 100,A01,083619,Staff,0,31,60,60
1650948474142,COGS 101A,A01,083621,Davis; Joshua Daniel,0,29,60,60
1650948480167,COGS 101B,A01,091572,Staff,0,5,60,60
1650948486190,COGS 101C,A01,083625,Delgado; Tania,14,0,30,16
1650948492311,COGS 107A,A01,083627,Boyle; Mary E. T.,0,16,60,60
1650948498334,COGS 118A,A01,083075,Staff,0,10,60,60
1650948504368,CSE 3,A50,083646,Miranda; Gregory Joseph,15,0,38,23
1650948504368,CSE 3,A51,083647,Miranda; Gregory Joseph,36,0,37,1
1650948510443,CSE 8A,A50,083650,Miranda; Gregory Joseph,0,31,40,40
1650948516465,CSE 11,A01,083080,Cao; Yingjun,0,98,40,40
1650948522489,CSE 12,A01,083652,Staff,0,24,100,100
1650948528513,CSE 15L,A01,083654,Staff,0,3,50,50
1650948528513,CSE 15L,A02,083655,Staff,0,3,50,50
1650948534537,CSE 20,A01,083657,Staff,47,0,80,33
1650948540577,CSE 30,A01,083084,Eldon; John,40,78,80,40
1650948546599,CSE 100,A01,083659,Cao; Yingjun,0,71,50,50
1650948552625,CSE 134B,A01,083661,Powell; Thomas Allan,0,39,65,65
1650948558650,CSE 140,A01,083663,Staff,1,14,75,74
1650948564677,CSE 140L,A01,083088,Eldon; John,25,21,100,75
1650948570698,CSE 175,A01,083665,Kumar; Rakesh,1,0,25,24
1650948576721,CSE 190,A00,092507,Dubnov; Shlomo,9,0,20,11
1650948582750,ECE 45,A01,083139,Staff,0,6,60,60
1650948588777,ECE 65,A50,083695,Staff,0,7,30,30
1650948594798,ECE 109,A01,091882,Touri; Behrouz,32,0,70,38
1650948610484,ECE 180,A00,083140,Abi Samra; Nicholas Camill,18,0,30,12
1650948610484,ECE 180,B00,083141,Abi Samra; Nicholas Camill,0,0,30,30
1650948616516,MATH 10A,A01,083735,Patchell; Gregory David,2,0,30,28
1650948616516,MATH 10A,A02,083736,Patchell; Gregory David,27,0,30,3
1650948616516,MATH 10A,A03,083737,Patchell; Gregory David,23,0,30,7
1650948622552,MATH 10B,A01,083207,Staff,0,9,30,30
1650948622552,MATH 10B,A02,083208,Staff,1,6,30,29
1650948622552,MATH 10B,B01,083739,Staff,9,0,30,21
1650948622552,MATH 10B,B02,083740,Staff,28,0,30,2
1650948628583,MATH 18,A01,083743,Staff,0,0,30,30
1650948628583,MATH 18,A02,083744,Staff,24,0,30,6
1650948628583,MATH 18,A03,083745,Staff,19,0,30,11
1650948628583,MATH 18,A04,083746,Staff,26,0,30,4
1650948628583,MATH 18,B01,083748,Staff,0,15,30,30
1650948628583,MATH 18,B02,083749,Staff,0,14,30,30
1650948628583,MATH 18,B03,083750,Staff,0,13,30,30
1650948628583,MATH 18,B04,083751,Staff,0,13,30,30
1650948634609,MATH 20A,A01,083754,Staff,19,0,40,21
1650948640636,MATH 20B,A01,083756,Staff,0,14,30,30
1650948640636,MATH 20B,A02,083757,Staff,0,11,30,30
1650948646663,MATH 20C,A01,083760,Staff,0,17,30,30
1650948646663,MATH 20C,A02,083761,Staff,1,16,30,29
1650948646663,MATH 20C,B01,083762,Staff,9,0,30,21
1650948646663,MATH 20C,B02,083763,Staff,28,0,30,2
1650948652686,MATH 20D,A01,083765,Staff,2,1,30,28
1650948652686,MATH 20D,A02,083766,Staff,3,0,30,27
1650948652686,MATH 20D,A03,083767,Staff,23,0,30,7
1650948658712,MATH 20E,A01,083771,Staff,2,0,30,28
1650948658712,MATH 20E,A02,083772,Staff,13,0,30,17
1650948658712,MATH 20E,B01,083773,Staff,0,0,30,30
1650948658712,MATH 20E,B02,083774,Staff,2,0,30,28
1650948664736,MATH 103A,A01,083777,Staff,0,17,30,30
1650948664736,MATH 103A,A02,083778,Staff,0,15,30,30
1650948664736,MATH 103A,B01,083779,Staff,0,15,30,30
1650948664736,MATH 103A,B02,083780,Staff,0,14,30,30
1650948670775,MATH 105,A01,085443,Staff,0,23,30,30
1650948676804,MATH 109,A01,083213,Anzaldo; Leesa B,0,7,30,30
1650948676804,MATH 109,A02,083214,Anzaldo; Leesa B,0,7,30,30
1650948676804,MATH 109,B01,083215,Anzaldo; Leesa B,0,8,30,30
1650948676804,MATH 109,B02,083216,Anzaldo; Leesa B,1,7,30,29
1650948682831,MATH 142A,A01,083219,Chow; Bennett,0,14,30,30
1650948682831,MATH 142A,A02,083220,Chow; Bennett,0,15,30,30
1650948682831,MATH 142A,B01,083221,Chow; Bennett,0,16,30,30
1650948682831,MATH 142A,B02,083222,Chow; Bennett,0,14,30,30
1650948688857,MATH 193A,A01,083224,Staff,0,6,30,30
1650948688857,MATH 193A,A02,083225,Staff,0,7,30,30
1650948688857,MATH 193A,A03,083781,Staff,0,6,30,30
1650948688857,MATH 193A,A04,083782,Staff,0,7,30,30
1650948694889,MATH 197,001,091859,McAuley; Julian John,9998,0,9999,1
1650948700943,COGS 9,A01,083615,Staff,0,18,60,60
1650948706966,COGS 11,A01,083617,Boyle; Mary E. T.,16,0,40,24
1650948713013,COGS 13,A01,083071,Staff,0,41,40,40
1650948719038,COGS 14A,A01,092681,Staff,0,38,100,100
1650948725072,COGS 14B,A01,083073,Cheng; Tzu-Han,0,13,50,50
1650948731094,COGS 17,A01,092677,Staff,6,0,75,69
1650948737115,COGS 100,A01,083619,Staff,0,31,60,60
1650948743141,COGS 101A,A01,083621,Davis; Joshua Daniel,0,29,60,60
1650948749165,COGS 101B,A01,091572,Staff,0,5,60,60
1650948755189,COGS 101C,A01,083625,Delgado; Tania,14,0,30,16
1650948761211,COGS 107A,A01,083627,Boyle; Mary E. T.,0,16,60,60
1650948767233,COGS 118A,A01,083075,Staff,0,10,60,60
1650948773261,CSE 3,A50,083646,Miranda; Gregory Joseph,15,0,38,23
1650948773261,CSE 3,A51,083647,Miranda; Gregory Joseph,36,0,37,1
1650948779289,CSE 8A,A50,083650,Miranda; Gregory Joseph,0,31,40,40
1650948785320,CSE 11,A01,083080,Cao; Yingjun,0,98,40,40
1650948791344,CSE 12,A01,083652,Staff,0,24,100,100
1650948797374,CSE 15L,A01,083654,Staff,0,3,50,50
1650948797374,CSE 15L,A02,083655,Staff,0,3,50,50
1650948803397,CSE 20,A01,083657,Staff,47,0,80,33
1650948809431,CSE 30,A01,083084,Eldon; John,40,78,80,40
1650948815455,CSE 100,A01,083659,Cao; Yingjun,0,71,50,50
1650948821480,CSE 134B,A01,083661,Powell; Thomas Allan,0,39,65,65
1650948827506,CSE 140,A01,083663,Staff,1,14,75,74
1650948833530,CSE 140L,A01,083088,Eldon; John,25,21,100,75
1650948839557,CSE 175,A01,083665,Kumar; Rakesh,1,0,25,24
1650948845578,CSE 190,A00,092507,Dubnov; Shlomo,9,0,20,11
1650948851600,ECE 45,A01,083139,Staff,0,6,60,60
1650948857626,ECE 65,A50,083695,Staff,0,7,30,30
1650948863659,ECE 109,A01,091882,Touri; Behrouz,32,0,70,38
1650948869682,ECE 180,A00,083140,Abi Samra; Nicholas Camill,18,0,30,12
1650948869682,ECE 180,B00,083141,Abi Samra; Nicholas Camill,0,0,30,30
1650948875709,MATH 10A,A01,083735,Patchell; Gregory David,2,0,30,28
1650948875709,MATH 10A,A02,083736,Patchell; Gregory David,27,0,30,3
1650948875709,MATH 10A,A03,083737,Patchell; Gregory David,23,0,30,7
1650948881733,MATH 10B,A01,083207,Staff,0,9,30,30
1650948881733,MATH 10B,A02,083208,Staff,1,6,30,29
1650948881733,MATH 10B,B01,083739,Staff,9,0,30,21
1650948881733,MATH 10B,B02,083740,Staff,28,0,30,2
1650948887764,MATH 18,A01,083743,Staff,0,0,30,30
1650948887764,MATH 18,A02,083744,Staff,24,0,30,6
1650948887764,MATH 18,A03,083745,Staff,19,0,30,11
1650948887764,MATH 18,A04,083746,Staff,26,0,30,4
1650948887764,MATH 18,B01,083748,Staff,0,15,30,30
1650948887764,MATH 18,B02,083749,Staff,0,14,30,30
1650948887764,MATH 18,B03,083750,Staff,0,13,30,30
1650948887764,MATH 18,B04,083751,Staff,0,13,30,30
1650948893787,MATH 20A,A01,083754,Staff,19,0,40,21
1650948899810,MATH 20B,A01,083756,Staff,0,14,30,30
1650948899810,MATH 20B,A02,083757,Staff,0,11,30,30
1650948905833,MATH 20C,A01,083760,Staff,0,17,30,30
1650948905833,MATH 20C,A02,083761,Staff,1,16,30,29
1650948905833,MATH 20C,B01,083762,Staff,9,0,30,21
1650948905833,MATH 20C,B02,083763,Staff,28,0,30,2
1650948911856,MATH 20D,A01,083765,Staff,2,1,30,28
1650948911856,MATH 20D,A02,083766,Staff,3,0,30,27
1650948911856,MATH 20D,A03,083767,Staff,23,0,30,7
1650948917882,MATH 20E,A01,083771,Staff,2,0,30,28
1650948917882,MATH 20E,A02,083772,Staff,13,0,30,17
1650948917882,MATH 20E,B01,083773,Staff,0,0,30,30
1650948917882,MATH 20E,B02,083774,Staff,2,0,30,28
1650948923910,MATH 103A,A01,083777,Staff,0,17,30,30
1650948923910,MATH 103A,A02,083778,Staff,0,15,30,30
1650948923910,MATH 103A,B01,083779,Staff,0,15,30,30
1650948923910,MATH 103A,B02,083780,Staff,0,14,30,30
1650948929933,MATH 105,A01,085443,Staff,0,23,30,30
1650948935977,MATH 109,A01,083213,Anzaldo; Leesa B,0,7,30,30
1650948935977,MATH 109,A02,083214,Anzaldo; Leesa B,0,7,30,30
1650948935977,MATH 109,B01,083215,Anzaldo; Leesa B,0,8,30,30
1650948935977,MATH 109,B02,083216,Anzaldo; Leesa B,1,7,30,29
1650948942000,MATH 142A,A01,083219,Chow; Bennett,0,14,30,30
1650948942000,MATH 142A,A02,083220,Chow; Bennett,0,15,30,30
1650948942000,MATH 142A,B01,083221,Chow; Bennett,0,16,30,30
1650948942000,MATH 142A,B02,083222,Chow; Bennett,0,14,30,30
1650948948024,MATH 193A,A01,083224,Staff,0,6,30,30
1650948948024,MATH 193A,A02,083225,Staff,0,7,30,30
1650948948024,MATH 193A,A03,083781,Staff,0,6,30,30
1650948948024,MATH 193A,A04,083782,Staff,0,7,30,30
1650948954047,MATH 197,001,091859,McAuley; Julian John,9998,0,9999,1
1650948960099,COGS 9,A01,083615,Staff,0,18,60,60
1650948966134,COGS 11,A01,083617,Boyle; Mary E. T.,16,0,40,24
1650948972158,COGS 13,A01,083071,Staff,0,41,40,40
1650948978188,COGS 14A,A01,092681,Staff,0,38,100,100
1650948984213,COGS 14B,A01,083073,Cheng; Tzu-Han,0,13,50,50
1650948990237,COGS 17,A01,092677,Staff,6,0,75,69
1650948996261,COGS 100,A01,083619,Staff,0,31,60,60
1650949002285,COGS 101A,A01,083621,Davis; Joshua Daniel,0,29,60,60
1650949008309,COGS 101B,A01,091572,Staff,0,5,60,60
1650949014333,COGS 101C,A01,083625,Delgado; Tania,14,0,30,16
1650949020354,COGS 107A,A01,083627,Boyle; Mary E. T.,0,16,60,60
1650949026378,COGS 118A,A01,083075,Staff,0,10,60,60
1650949032405,CSE 3,A50,083646,Miranda; Gregory Joseph,15,0,38,23
1650949032405,CSE 3,A51,083647,Miranda; Gregory Joseph,36,0,37,1
1650949038429,CSE 8A,A50,083650,Miranda; Gregory Joseph,0,31,40,40
1650949044459,CSE 11,A01,083080,Cao; Yingjun,0,98,40,40
1650949050485,CSE 12,A01,083652,Staff,0,24,100,100
1650949056523,CSE 15L,A01,083654,Staff,0,3,50,50
1650949056523,CSE 15L,A02,083655,Staff,0,3,50,50
1650949062546,CSE 20,A01,083657,Staff,47,0,80,33
1650949068569,CSE 30,A01,083084,Eldon; John,40,78,80,40
1650949074592,CSE 100,A01,083659,Cao; Yingjun,0,71,50,50
1650949080616,CSE 134B,A01,083661,Powell; Thomas Allan,0,39,65,65
1650949086641,CSE 140,A01,083663,Staff,1,14,75,74
1650949092666,CSE 140L,A01,083088,Eldon; John,25,21,100,75
1650949098794,CSE 175,A01,083665,Kumar; Rakesh,0,0,25,25
1650949104822,CSE 190,A00,092507,Dubnov; Shlomo,9,0,20,11
1650949110859,ECE 45,A01,083139,Staff,0,6,60,60
1650949116894,ECE 65,A50,083695,Staff,0,7,30,30
1650949122924,ECE 109,A01,091882,Touri; Behrouz,32,0,70,38
1650949128949,ECE 180,A00,083140,Abi Samra; Nicholas Camill,18,0,30,12
1650949128949,ECE 180,B00,083141,Abi Samra; Nicholas Camill,0,0,30,30
1650949134971,MATH 10A,A01,083735,Patchell; Gregory David,2,0,30,28
1650949134971,MATH 10A,A02,083736,Patchell; Gregory David,27,0,30,3
1650949134971,MATH 10A,A03,083737,Patchell; Gregory David,23,0,30,7
1650949140999,MATH 10B,A01,083207,Staff,0,9,30,30
1650949140999,MATH 10B,A02,083208,Staff,1,6,30,29
1650949140999,MATH 10B,B01,083739,Staff,9,0,30,21
1650949140999,MATH 10B,B02,083740,Staff,28,0,30,2
1650949147028,MATH 18,A01,083743,Staff,0,0,30,30
1650949147028,MATH 18,A02,083744,Staff,24,0,30,6
1650949147028,MATH 18,A03,083745,Staff,19,0,30,11
1650949147028,MATH 18,A04,083746,Staff,26,0,30,4
1650949147028,MATH 18,B01,083748,Staff,0,15,30,30
1650949147028,MATH 18,B02,083749,Staff,0,14,30,30
1650949147028,MATH 18,B03,083750,Staff,0,13,30,30
1650949147028,MATH 18,B04,083751,Staff,0,13,30,30
1650949153054,MATH 20A,A01,083754,Staff,19,0,40,21
1650949159086,MATH 20B,A01,083756,Staff,0,14,30,30
1650949159086,MATH 20B,A02,083757,Staff,0,11,30,30
1650949165113,MATH 20C,A01,083760,Staff,0,17,30,30
1650949165113,MATH 20C,A02,083761,Staff,1,16,30,29
1650949165113,MATH 20C,B01,083762,Staff,9,0,30,21
1650949165113,MATH 20C,B02,083763,Staff,28,0,30,2
1650949171136,MATH 20D,A01,083765,Staff,2,1,30,28
1650949171136,MATH 20D,A02,083766,Staff,3,0,30,27
1650949171136,MATH 20D,A03,083767,Staff,23,0,30,7
1650949177163,MATH 20E,A01,083771,Staff,2,0,30,28
1650949177163,MATH 20E,A02,083772,Staff,13,0,30,17
1650949177163,MATH 20E,B01,083773,Staff,0,0,30,30
1650949177163,MATH 20E,B02,083774,Staff,2,0,30,28
1650949183190,MATH 103A,A01,083777,Staff,0,17,30,30
1650949183190,MATH 103A,A02,083778,Staff,0,15,30,30
1650949183190,MATH 103A,B01,083779,Staff,0,15,30,30
1650949183190,MATH 103A,B02,083780,Staff,0,14,30,30
1650949189216,MATH 105,A01,085443,Staff,0,23,30,30
1650949195245,MATH 109,A01,083213,Anzaldo; Leesa B,0,7,30,30
1650949195245,MATH 109,A02,083214,Anzaldo; Leesa B,0,7,30,30
1650949195245,MATH 109,B01,083215,Anzaldo; Leesa B,0,8,30,30
1650949195245,MATH 109,B02,083216,Anzaldo; Leesa B,1,7,30,29
1650949201277,MATH 142A,A01,083219,Chow; Bennett,0,14,30,30
1650949201277,MATH 142A,A02,083220,Chow; Bennett,0,15,30,30
1650949201277,MATH 142A,B01,083221,Chow; Bennett,0,16,30,30
1650949201277,MATH 142A,B02,083222,Chow; Bennett,0,14,30,30
1650949207301,MATH 193A,A01,083224,Staff,0,6,30,30
1650949207301,MATH 193A,A02,083225,Staff,0,7,30,30
1650949207301,MATH 193A,A03,083781,Staff,0,6,30,30
1650949207301,MATH 193A,A04,083782,Staff,0,7,30,30
1650949213324,MATH 197,001,091859,McAuley; Julian John,9998,0,9999,1
1650949219376,COGS 9,A01,083615,Staff,0,18,60,60
1650949225399,COGS 11,A01,083617,Boyle; Mary E. T.,16,0,40,24
1650949231421,COGS 13,A01,083071,Staff,0,41,40,40
1650949237451,COGS 14A,A01,092681,Staff,0,38,100,100
1650949243477,COGS 14B,A01,083073,Cheng; Tzu-Han,0,13,50,50
1650949249502,COGS 17,A01,092677,Staff,6,0,75,69
1650949255528,COGS 100,A01,083619,Staff,0,31,60,60
1650949261555,COGS 101A,A01,083621,Davis; Joshua Daniel,0,29,60,60
1650949267590,COGS 101B,A01,091572,Staff,0,5,60,60
1650949273615,COGS 101C,A01,083625,Delgado; Tania,14,0,30,16
1650949279639,COGS 107A,A01,083627,Boyle; Mary E. T.,0,16,60,60
1650949285671,COGS 118A,A01,083075,Staff,0,10,60,60
1650949291702,CSE 3,A50,083646,Miranda; Gregory Joseph,15,0,38,23
1650949291702,CSE 3,A51,083647,Miranda; Gregory Joseph,36,0,37,1
1650949297725,CSE 8A,A50,083650,Miranda; Gregory Joseph,0,31,40,40
1650949303753,CSE 11,A01,083080,Cao; Yingjun,0,99,40,40
1650949309779,CSE 12,A01,083652,Staff,0,24,100,100
1650949315804,CSE 15L,A01,083654,Staff,0,3,50,50
1650949315804,CSE 15L,A02,083655,Staff,0,3,50,50
1650949321835,CSE 20,A01,083657,Staff,47,0,80,33
1650949327858,CSE 30,A01,083084,Eldon; John,40,78,80,40
1650949333881,CSE 100,A01,083659,Cao; Yingjun,0,71,50,50
1650949339908,CSE 134B,A01,083661,Powell; Thomas Allan,0,39,65,65
1650949345933,CSE 140,A01,083663,Staff,1,14,75,74
1650949351958,CSE 140L,A01,083088,Eldon; John,25,21,100,75
1650949357985,CSE 175,A01,083665,Kumar; Rakesh,0,0,25,25
1650949364011,CSE 190,A00,092507,Dubnov; Shlomo,9,0,20,11
1650949370037,ECE 45,A01,083139,Staff,0,6,60,60
1650949376060,ECE 65,A50,083695,Staff,0,7,30,30
1650949382094,ECE 109,A01,091882,Touri; Behrouz,32,0,70,38
1650949388117,ECE 180,A00,083140,Abi Samra; Nicholas Camill,18,0,30,12
1650949388117,ECE 180,B00,083141,Abi Samra; Nicholas Camill,0,0,30,30
1650949394146,MATH 10A,A01,083735,Patchell; Gregory David,2,0,30,28
1650949394146,MATH 10A,A02,083736,Patchell; Gregory David,27,0,30,3
1650949394146,MATH 10A,A03,083737,Patchell; Gregory David,23,0,30,7
1650949400171,MATH 10B,A01,083207,Staff,0,9,30,30
1650949400171,MATH 10B,A02,083208,Staff,1,6,30,29
1650949400171,MATH 10B,B01,083739,Staff,9,0,30,21
1650949400171,MATH 10B,B02,083740,Staff,28,0,30,2
1650949406194,MATH 18,A01,083743,Staff,0,0,30,30
1650949406194,MATH 18,A02,083744,Staff,24,0,30,6
1650949406194,MATH 18,A03,083745,Staff,19,0,30,11
1650949406194,MATH 18,A04,083746,Staff,26,0,30,4
1650949406194,MATH 18,B01,083748,Staff,0,15,30,30
1650949406194,MATH 18,B02,083749,Staff,0,14,30,30
1650949406194,MATH 18,B03,083750,Staff,0,13,30,30
1650949406194,MATH 18,B04,083751,Staff,0,13,30,30
1650949412216,MATH 20A,A01,083754,Staff,19,0,40,21
1650949418243,MATH 20B,A01,083756,Staff,0,14,30,30
1650949418243,MATH 20B,A02,083757,Staff,0,11,30,30
1650949424268,MATH 20C,A01,083760,Staff,0,17,30,30
1650949424268,MATH 20C,A02,083761,Staff,1,16,30,29
1650949424268,MATH 20C,B01,083762,Staff,9,0,30,21
1650949424268,MATH 20C,B02,083763,Staff,28,0,30,2
1650949430292,MATH 20D,A01,083765,Staff,2,1,30,28
1650949430292,MATH 20D,A02,083766,Staff,3,0,30,27
1650949430292,MATH 20D,A03,083767,Staff,23,0,30,7
1650949436325,MATH 20E,A01,083771,Staff,2,0,30,28
1650949436325,MATH 20E,A02,083772,Staff,13,0,30,17
1650949436325,MATH 20E,B01,083773,Staff,0,0,30,30
1650949436325,MATH 20E,B02,083774,Staff,2,0,30,28
1650949442352,MATH 103A,A01,083777,Staff,0,17,30,30
1650949442352,MATH 103A,A02,083778,Staff,0,15,30,30
1650949442352,MATH 103A,B01,083779,Staff,0,15,30,30
1650949442352,MATH 103A,B02,083780,Staff,0,14,30,30
1650949448374,MATH 105,A01,085443,Staff,0,23,30,30
1650949454405,MATH 109,A01,083213,Anzaldo; Leesa B,0,7,30,30
1650949454405,MATH 109,A02,083214,Anzaldo; Leesa B,0,7,30,30
1650949454405,MATH 109,B01,083215,Anzaldo; Leesa B,0,8,30,30
1650949454405,MATH 109,B02,083216,Anzaldo; Leesa B,1,7,30,29
1650949460430,MATH 142A,A01,083219,Chow; Bennett,0,14,30,30
1650949460430,MATH 142A,A02,083220,Chow; Bennett,0,15,30,30
1650949460430,MATH 142A,B01,083221,Chow; Bennett,0,16,30,30
1650949460430,MATH 142A,B02,083222,Chow; Bennett,0,14,30,30
1650949466454,MATH 193A,A01,083224,Staff,0,6,30,30
1650949466454,MATH 193A,A02,083225,Staff,0,7,30,30
1650949466454,MATH 193A,A03,083781,Staff,0,6,30,30
1650949466454,MATH 193A,A04,083782,Staff,0,7,30,30
1650949472478,MATH 197,001,091859,McAuley; Julian John,9998,0,9999,1
1650949478551,COGS 9,A01,083615,Staff,0,18,60,60
1650949484583,COGS 11,A01,083617,Boyle; Mary E. T.,16,0,40,24
1650949490606,COGS 13,A01,083071,Staff,0,41,40,40
1650949496646,COGS 14A,A01,092681,Staff,0,38,100,100
1650949502670,COGS 14B,A01,083073,Cheng; Tzu-Han,0,13,50,50
1650949508695,COGS 17,A01,092677,Staff,6,0,75,69
1650949514721,COGS 100,A01,083619,Staff,0,31,60,60
1650949520745,COGS 101A,A01,083621,Davis; Joshua Daniel,0,29,60,60
1650949526772,COGS 101B,A01,091572,Staff,0,5,60,60
1650949532800,COGS 101C,A01,083625,Delgado; Tania,14,0,30,16
1650949538834,COGS 107A,A01,083627,Boyle; Mary E. T.,0,16,60,60
1650949544857,COGS 118A,A01,083075,Staff,0,10,60,60
1650949550881,CSE 3,A50,083646,Miranda; Gregory Joseph,15,0,38,23
1650949550881,CSE 3,A51,083647,Miranda; Gregory Joseph,36,0,37,1
1650949556904,CSE 8A,A50,083650,Miranda; Gregory Joseph,0,31,40,40
1650949562927,CSE 11,A01,083080,Cao; Yingjun,0,99,40,40
1650949568951,CSE 12,A01,083652,Staff,0,24,100,100
1650949574978,CSE 15L,A01,083654,Staff,0,3,50,50
1650949574978,CSE 15L,A02,083655,Staff,0,3,50,50
1650949581010,CSE 20,A01,083657,Staff,47,0,80,33
1650949587039,CSE 30,A01,083084,Eldon; John,40,78,80,40
1650949593068,CSE 100,A01,083659,Cao; Yingjun,0,71,50,50
1650949599091,CSE 134B,A01,083661,Powell; Thomas Allan,0,39,65,65
1650949605113,CSE 140,A01,083663,Staff,1,14,75,74
1650949611139,CSE 140L,A01,083088,Eldon; John,25,21,100,75
1650949617161,CSE 175,A01,083665,Kumar; Rakesh,0,0,25,25
1650949623188,CSE 190,A00,092507,Dubnov; Shlomo,9,0,20,11
1650949629210,ECE 45,A01,083139,Staff,0,6,60,60
1650949635235,ECE 65,A50,083695,Staff,0,7,30,30
1650949641268,ECE 109,A01,091882,Touri; Behrouz,32,0,70,38
1650949647293,ECE 180,A00,083140,Abi Samra; Nicholas Camill,18,0,30,12
1650949647293,ECE 180,B00,083141,Abi Samra; Nicholas Camill,0,0,30,30
1650949653315,MATH 10A,A01,083735,Patchell; Gregory David,2,0,30,28
1650949653315,MATH 10A,A02,083736,Patchell; Gregory David,27,0,30,3
1650949653315,MATH 10A,A03,083737,Patchell; Gregory David,23,0,30,7
1650949659342,MATH 10B,A01,083207,Staff,0,9,30,30
1650949659342,MATH 10B,A02,083208,Staff,1,6,30,29
1650949659342,MATH 10B,B01,083739,Staff,9,0,30,21
1650949659342,MATH 10B,B02,083740,Staff,28,0,30,2
1650949665368,MATH 18,A01,083743,Staff,0,0,30,30
1650949665368,MATH 18,A02,083744,Staff,24,0,30,6
1650949665368,MATH 18,A03,083745,Staff,19,0,30,11
1650949665368,MATH 18,A04,083746,Staff,26,0,30,4
1650949665368,MATH 18,B01,083748,Staff,0,15,30,30
1650949665368,MATH 18,B02,083749,Staff,0,14,30,30
1650949665368,MATH 18,B03,083750,Staff,0,13,30,30
1650949665368,MATH 18,B04,083751,Staff,0,13,30,30
1650949671392,MATH 20A,A01,083754,Staff,19,0,40,21
1650949677419,MATH 20B,A01,083756,Staff,0,14,30,30
1650949677419,MATH 20B,A02,083757,Staff,0,11,30,30
1650949683446,MATH 20C,A01,083760,Staff,0,17,30,30
1650949683446,MATH 20C,A02,083761,Staff,1,16,30,29
1650949683446,MATH 20C,B01,083762,Staff,9,0,30,21
1650949683446,MATH 20C,B02,083763,Staff,28,0,30,2
1650949689470,MATH 20D,A01,083765,Staff,2,1,30,28
1650949689470,MATH 20D,A02,083766,Staff,3,0,30,27
1650949689470,MATH 20D,A03,083767,Staff,23,0,30,7
1650949695599,MATH 20E,A01,083771,Staff,2,0,30,28
1650949695599,MATH 20E,A02,083772,Staff,13,0,30,17
1650949695599,MATH 20E,B01,083773,Staff,0,0,30,30
1650949695599,MATH 20E,B02,083774,Staff,2,0,30,28
1650949701628,MATH 103A,A01,083777,Staff,0,17,30,30
1650949701628,MATH 103A,A02,083778,Staff,0,15,30,30
1650949701628,MATH 103A,B01,083779,Staff,0,15,30,30
1650949701628,MATH 103A,B02,083780,Staff,0,14,30,30
1650949707653,MATH 105,A01,085443,Staff,0,23,30,30
1650949713679,MATH 109,A01,083213,Anzaldo; Leesa B,0,7,30,30
1650949713679,MATH 109,A02,083214,Anzaldo; Leesa B,0,7,30,30
1650949713679,MATH 109,B01,083215,Anzaldo; Leesa B,0,8,30,30
1650949713679,MATH 109,B02,083216,Anzaldo; Leesa B,1,7,30,29
1650949719712,MATH 142A,A01,083219,Chow; Bennett,0,14,30,30
1650949719712,MATH 142A,A02,083220,Chow; Bennett,0,15,30,30
1650949719712,MATH 142A,B01,083221,Chow; Bennett,0,16,30,30
1650949719712,MATH 142A,B02,083222,Chow; Bennett,0,14,30,30
1650949725741,MATH 193A,A01,083224,Staff,0,6,30,30
1650949725741,MATH 193A,A02,083225,Staff,0,7,30,30
1650949725741,MATH 193A,A03,083781,Staff,0,6,30,30
1650949725741,MATH 193A,A04,083782,Staff,0,7,30,30
1650949731768,MATH 197,001,091859,McAuley; Julian John,9998,0,9999,1
1650949737820,COGS 9,A01,083615,Staff,0,18,60,60
1650949743844,COGS 11,A01,083617,Boyle; Mary E. T.,16,0,40,24
1650949749866,COGS 13,A01,083071,Staff,0,41,40,40
1650949755889,COGS 14A,A01,092681,Staff,0,38,100,100
1650949761912,COGS 14B,A01,083073,Cheng; Tzu-Han,0,13,50,50
1650949767934,COGS 17,A01,092677,Staff,6,0,75,69
1650949773956,COGS 100,A01,083619,Staff,0,31,60,60
1650949779982,COGS 101A,A01,083621,Davis; Joshua Daniel,0,29,60,60
1650949786005,COGS 101B,A01,091572,Staff,0,5,60,60
1650949792034,COGS 101C,A01,083625,Delgado; Tania,14,0,30,16
1650949798057,COGS 107A,A01,083627,Boyle; Mary E. T.,0,16,60,60
1650949804204,COGS 118A,A01,083075,Staff,0,10,60,60
1650949810227,CSE 3,A50,083646,Miranda; Gregory Joseph,15,0,38,23
1650949810227,CSE 3,A51,083647,Miranda; Gregory Joseph,36,0,37,1
1650949816252,CSE 8A,A50,083650,Miranda; Gregory Joseph,0,31,40,40
1650949822285,CSE 11,A01,083080,Cao; Yingjun,0,99,40,40
1650949828309,CSE 12,A01,083652,Staff,0,24,100,100
1650949834332,CSE 15L,A01,083654,Staff,0,3,50,50
1650949834332,CSE 15L,A02,083655,Staff,0,3,50,50
1650949840358,CSE 20,A01,083657,Staff,47,0,80,33
1650949846383,CSE 30,A01,083084,Eldon; John,40,78,80,40
1650949852413,CSE 100,A01,083659,Cao; Yingjun,0,71,50,50
1650949858437,CSE 134B,A01,083661,Powell; Thomas Allan,0,39,65,65
1650949864461,CSE 140,A01,083663,Staff,1,14,75,74
1650949870483,CSE 140L,A01,083088,Eldon; John,25,21,100,75
1650949876518,CSE 175,A01,083665,Kumar; Rakesh,0,0,25,25
1650949882544,CSE 190,A00,092507,Dubnov; Shlomo,9,0,20,11
1650949888569,ECE 45,A01,083139,Staff,0,6,60,60
1650949894598,ECE 65,A50,083695,Staff,0,7,30,30
1650949900633,ECE 109,A01,091882,Touri; Behrouz,32,0,70,38
1650949906656,ECE 180,A00,083140,Abi Samra; Nicholas Camill,18,0,30,12
1650949906656,ECE 180,B00,083141,Abi Samra; Nicholas Camill,0,0,30,30
1650949912679,MATH 10A,A01,083735,Patchell; Gregory David,2,0,30,28
1650949912679,MATH 10A,A02,083736,Patchell; Gregory David,27,0,30,3
1650949912679,MATH 10A,A03,083737,Patchell; Gregory David,23,0,30,7
1650949918702,MATH 10B,A01,083207,Staff,0,9,30,30
1650949918702,MATH 10B,A02,083208,Staff,1,6,30,29
1650949918702,MATH 10B,B01,083739,Staff,9,0,30,21
1650949918702,MATH 10B,B02,083740,Staff,28,0,30,2
1650949924727,MATH 18,A01,083743,Staff,0,0,30,30
1650949924727,MATH 18,A02,083744,Staff,24,0,30,6
1650949924727,MATH 18,A03,083745,Staff,19,0,30,11
1650949924727,MATH 18,A04,083746,Staff,26,0,30,4
1650949924727,MATH 18,B01,083748,Staff,0,15,30,30
1650949924727,MATH 18,B02,083749,Staff,0,14,30,30
1650949924727,MATH 18,B03,083750,Staff,0,13,30,30
1650949924727,MATH 18,B04,083751,Staff,0,13,30,30
1650949930753,MATH 20A,A01,083754,Staff,19,0,40,21
1650949936784,MATH 20B,A01,083756,Staff,0,14,30,30
1650949936784,MATH 20B,A02,083757,Staff,0,11,30,30
1650949942808,MATH 20C,A01,083760,Staff,0,17,30,30
1650949942808,MATH 20C,A02,083761,Staff,1,16,30,29
1650949942808,MATH 20C,B01,083762,Staff,9,0,30,21
1650949942808,MATH 20C,B02,083763,Staff,28,0,30,2
1650949948831,MATH 20D,A01,083765,Staff,2,1,30,28
1650949948831,MATH 20D,A02,083766,Staff,3,0,30,27
1650949948831,MATH 20D,A03,083767,Staff,23,0,30,7
1650949954859,MATH 20E,A01,083771,Staff,2,0,30,28
1650949954859,MATH 20E,A02,083772,Staff,13,0,30,17
1650949954859,MATH 20E,B01,083773,Staff,0,0,30,30
1650949954859,MATH 20E,B02,083774,Staff,2,0,30,28
1650949960883,MATH 103A,A01,083777,Staff,0,17,30,30
1650949960883,MATH 103A,A02,083778,Staff,0,15,30,30
1650949960883,MATH 103A,B01,083779,Staff,0,15,30,30
1650949960883,MATH 103A,B02,083780,Staff,0,14,30,30
1650949966906,MATH 105,A01,085443,Staff,0,23,30,30
1650949972930,MATH 109,A01,083213,Anzaldo; Leesa B,0,7,30,30
1650949972930,MATH 109,A02,083214,Anzaldo; Leesa B,0,7,30,30
1650949972930,MATH 109,B01,083215,Anzaldo; Leesa B,0,8,30,30
1650949972930,MATH 109,B02,083216,Anzaldo; Leesa B,1,7,30,29
1650949978954,MATH 142A,A01,083219,Chow; Bennett,0,14,30,30
1650949978954,MATH 142A,A02,083220,Chow; Bennett,0,15,30,30
1650949978954,MATH 142A,B01,083221,Chow; Bennett,0,16,30,30
1650949978954,MATH 142A,B02,083222,Chow; Bennett,0,14,30,30
1650949984979,MATH 193A,A01,083224,Staff,0,6,30,30
1650949984979,MATH 193A,A02,083225,Staff,0,7,30,30
1650949984979,MATH 193A,A03,083781,Staff,0,6,30,30
1650949984979,MATH 193A,A04,083782,Staff,0,7,30,30
1650949991002,MATH 197,001,091859,McAuley; Julian John,9998,0,9999,1
1650949997054,COGS 9,A01,083615,Staff,0,18,60,60
1650950003077,COGS 11,A01,083617,Boyle; Mary E. T.,16,0,40,24
1650950009100,COGS 13,A01,083071,Staff,0,41,40,40
1650950015127,COGS 14A,A01,092681,Staff,0,38,100,100
1650950021154,COGS 14B,A01,083073,Cheng; Tzu-Han,0,13,50,50
1650950027182,COGS 17,A01,092677,Staff,6,0,75,69
1650950033206,COGS 100,A01,083619,Staff,0,31,60,60
1650950039232,COGS 101A,A01,083621,Davis; Joshua Daniel,0,29,60,60
1650950045255,COGS 101B,A01,091572,Staff,0,5,60,60
1650950051283,COGS 101C,A01,083625,Delgado; Tania,14,0,30,16
1650950057305,COGS 107A,A01,083627,Boyle; Mary E. T.,0,16,60,60
1650950063332,COGS 118A,A01,083075,Staff,0,10,60,60
1650950069359,CSE 3,A50,083646,Miranda; Gregory Joseph,15,0,38,23
1650950069359,CSE 3,A51,083647,Miranda; Gregory Joseph,36,0,37,1
1650950075387,CSE 8A,A50,083650,Miranda; Gregory Joseph,0,31,40,40
1650950081423,CSE 11,A01,083080,Cao; Yingjun,0,99,40,40
1650950087453,CSE 12,A01,083652,Staff,0,24,100,100
1650950093476,CSE 15L,A01,083654,Staff,0,3,50,50
1650950093476,CSE 15L,A02,083655,Staff,0,3,50,50
1650950099498,CSE 20,A01,083657,Staff,47,0,80,33
1650950105522,CSE 30,A01,083084,Eldon; John,40,78,80,40
1650950111547,CSE 100,A01,083659,Cao; Yingjun,0,71,50,50
1650950117569,CSE 134B,A01,083661,Powell; Thomas Allan,0,39,65,65
1650950123596,CSE 140,A01,083663,Staff,1,14,75,74
1650950129618,CSE 140L,A01,083088,Eldon; John,25,21,100,75
1650950135643,CSE 175,A01,083665,Kumar; Rakesh,0,0,25,25
1650950141667,CSE 190,A00,092507,Dubnov; Shlomo,9,0,20,11
1650950147690,ECE 45,A01,083139,Staff,0,6,60,60
1650950153713,ECE 65,A50,083695,Staff,0,7,30,30
1650950159736,ECE 109,A01,091882,Touri; Behrouz,32,0,70,38
1650950165763,ECE 180,A00,083140,Abi Samra; Nicholas Camill,18,0,30,12
1650950165763,ECE 180,B00,083141,Abi Samra; Nicholas Camill,0,0,30,30
1650950171791,MATH 10A,A01,083735,Patchell; Gregory David,2,0,30,28
1650950171791,MATH 10A,A02,083736,Patchell; Gregory David,27,0,30,3
1650950171791,MATH 10A,A03,083737,Patchell; Gregory David,23,0,30,7
1650950177814,MATH 10B,A01,083207,Staff,0,9,30,30
1650950177814,MATH 10B,A02,083208,Staff,1,6,30,29
1650950177814,MATH 10B,B01,083739,Staff,9,0,30,21
1650950177814,MATH 10B,B02,083740,Staff,28,0,30,2
1650950183852,MATH 18,A01,083743,Staff,0,0,30,30
1650950183852,MATH 18,A02,083744,Staff,24,0,30,6
1650950183852,MATH 18,A03,083745,Staff,19,0,30,11
1650950183852,MATH 18,A04,083746,Staff,26,0,30,4
1650950183852,MATH 18,B01,083748,Staff,0,15,30,30
1650950183852,MATH 18,B02,083749,Staff,0,14,30,30
1650950183852,MATH 18,B03,083750,Staff,0,13,30,30
1650950183852,MATH 18,B04,083751,Staff,0,13,30,30
1650950189883,MATH 20A,A01,083754,Staff,19,0,40,21
1650950195909,MATH 20B,A01,083756,Staff,0,14,30,30
1650950195909,MATH 20B,A02,083757,Staff,0,11,30,30
1650950201932,MATH 20C,A01,083760,Staff,0,17,30,30
1650950201932,MATH 20C,A02,083761,Staff,1,16,30,29
1650950201932,MATH 20C,B01,083762,Staff,9,0,30,21
1650950201932,MATH 20C,B02,083763,Staff,28,0,30,2
1650950207959,MATH 20D,A01,083765,Staff,2,1,30,28
1650950207959,MATH 20D,A02,083766,Staff,3,0,30,27
1650950207959,MATH 20D,A03,083767,Staff,23,0,30,7
1650950213989,MATH 20E,A01,083771,Staff,2,0,30,28
1650950213989,MATH 20E,A02,083772,Staff,13,0,30,17
1650950213989,MATH 20E,B01,083773,Staff,0,0,30,30
1650950213989,MATH 20E,B02,083774,Staff,2,0,30,28
1650950220013,MATH 103A,A01,083777,Staff,0,17,30,30
1650950220013,MATH 103A,A02,083778,Staff,0,15,30,30
1650950220013,MATH 103A,B01,083779,Staff,0,15,30,30
1650950220013,MATH 103A,B02,083780,Staff,0,14,30,30
1650950226041,MATH 105,A01,085443,Staff,0,23,30,30
1650950232064,MATH 109,A01,083213,Anzaldo; Leesa B,0,7,30,30
1650950232064,MATH 109,A02,083214,Anzaldo; Leesa B,0,7,30,30
1650950232064,MATH 109,B01,083215,Anzaldo; Leesa B,0,8,30,30
1650950232064,MATH 109,B02,083216,Anzaldo; Leesa B,1,7,30,29
1650950238091,MATH 142A,A01,083219,Chow; Bennett,0,14,30,30
1650950238091,MATH 142A,A02,083220,Chow; Bennett,0,15,30,30
1650950238091,MATH 142A,B01,083221,Chow; Bennett,0,16,30,30
1650950238091,MATH 142A,B02,083222,Chow; Bennett,0,14,30,30
1650950244118,MATH 193A,A01,083224,Staff,0,6,30,30
1650950244118,MATH 193A,A02,083225,Staff,0,7,30,30
1650950244118,MATH 193A,A03,083781,Staff,0,6,30,30
1650950244118,MATH 193A,A04,083782,Staff,0,7,30,30
1650950250141,MATH 197,001,091859,McAuley; Julian John,9998,0,9999,1
1650950256191,COGS 9,A01,083615,Staff,0,18,60,60
1650950262213,COGS 11,A01,083617,Boyle; Mary E. T.,15,0,40,25
1650950268237,COGS 13,A01,083071,Staff,0,41,40,40
1650950274263,COGS 14A,A01,092681,Staff,0,38,100,100
1650950280287,COGS 14B,A01,083073,Cheng; Tzu-Han,0,13,50,50
1650950286407,COGS 17,A01,092677,Staff,6,0,75,69
1650950292430,COGS 100,A01,083619,Staff,0,31,60,60
1650950298456,COGS 101A,A01,083621,Davis; Joshua Daniel,0,29,60,60
1650950304480,COGS 101B,A01,091572,Staff,0,5,60,60
1650950310504,COGS 101C,A01,083625,Delgado; Tania,14,0,30,16
1650950316528,COGS 107A,A01,083627,Boyle; Mary E. T.,0,16,60,60
1650950322551,COGS 118A,A01,083075,Staff,0,10,60,60
1650950328579,CSE 3,A50,083646,Miranda; Gregory Joseph,15,0,38,23
1650950328579,CSE 3,A51,083647,Miranda; Gregory Joseph,36,0,37,1
1650950334603,CSE 8A,A50,083650,Miranda; Gregory Joseph,0,31,40,40
1650950340627,CSE 11,A01,083080,Cao; Yingjun,0,99,40,40
1650950346654,CSE 12,A01,083652,Staff,0,24,100,100
1650950352676,CSE 15L,A01,083654,Staff,0,3,50,50
1650950352676,CSE 15L,A02,083655,Staff,0,3,50,50
1650950358702,CSE 20,A01,083657,Staff,47,0,80,33
1650950364726,CSE 30,A01,083084,Eldon; John,40,78,80,40
1650950370751,CSE 100,A01,083659,Cao; Yingjun,0,71,50,50
1650950376777,CSE 134B,A01,083661,Powell; Thomas Allan,0,39,65,65
1650950382800,CSE 140,A01,083663,Staff,1,14,75,74
1650950388830,CSE 140L,A01,083088,Eldon; John,25,21,100,75
1650950394859,CSE 175,A01,083665,Kumar; Rakesh,0,0,25,25
1650950400888,CSE 190,A00,092507,Dubnov; Shlomo,9,0,20,11
1650950406912,ECE 45,A01,083139,Staff,0,6,60,60
1650950412939,ECE 65,A50,083695,Staff,0,7,30,30
1650950418961,ECE 109,A01,091882,Touri; Behrouz,32,0,70,38
1650950424988,ECE 180,A00,083140,Abi Samra; Nicholas Camill,18,0,30,12
1650950424988,ECE 180,B00,083141,Abi Samra; Nicholas Camill,0,0,30,30
1650950431015,MATH 10A,A01,083735,Patchell; Gregory David,2,0,30,28
1650950431015,MATH 10A,A02,083736,Patchell; Gregory David,27,0,30,3
1650950431015,MATH 10A,A03,083737,Patchell; Gregory David,23,0,30,7
1650950437040,MATH 10B,A01,083207,Staff,0,9,30,30
1650950437040,MATH 10B,A02,083208,Staff,1,6,30,29
1650950437040,MATH 10B,B01,083739,Staff,9,0,30,21
1650950437040,MATH 10B,B02,083740,Staff,28,0,30,2
1650950443064,MATH 18,A01,083743,Staff,0,0,30,30
1650950443064,MATH 18,A02,083744,Staff,24,0,30,6
1650950443064,MATH 18,A03,083745,Staff,19,0,30,11
1650950443064,MATH 18,A04,083746,Staff,26,0,30,4
1650950443064,MATH 18,B01,083748,Staff,0,15,30,30
1650950443064,MATH 18,B02,083749,Staff,0,14,30,30
1650950443064,MATH 18,B03,083750,Staff,0,13,30,30
1650950443064,MATH 18,B04,083751,Staff,0,13,30,30
1650950449087,MATH 20A,A01,083754,Staff,19,0,40,21
1650950455122,MATH 20B,A01,083756,Staff,0,14,30,30
1650950455122,MATH 20B,A02,083757,Staff,0,11,30,30
1650950461145,MATH 20C,A01,083760,Staff,0,17,30,30
1650950461145,MATH 20C,A02,083761,Staff,1,16,30,29
1650950461145,MATH 20C,B01,083762,Staff,9,0,30,21
1650950461145,MATH 20C,B02,083763,Staff,28,0,30,2
1650950467169,MATH 20D,A01,083765,Staff,2,1,30,28
1650950467169,MATH 20D,A02,083766,Staff,3,0,30,27
1650950467169,MATH 20D,A03,083767,Staff,23,0,30,7
1650950473195,MATH 20E,A01,083771,Staff,2,0,30,28
1650950473195,MATH 20E,A02,083772,Staff,13,0,30,17
1650950473195,MATH 20E,B01,083773,Staff,0,0,30,30
1650950473195,MATH 20E,B02,083774,Staff,1,0,30,29
1650950479218,MATH 103A,A01,083777,Staff,0,17,30,30
1650950479218,MATH 103A,A02,083778,Staff,0,15,30,30
1650950479218,MATH 103A,B01,083779,Staff,0,15,30,30
1650950479218,MATH 103A,B02,083780,Staff,0,14,30,30
1650950485244,MATH 105,A01,085443,Staff,0,23,30,30
1650950491271,MATH 109,A01,083213,Anzaldo; Leesa B,0,7,30,30
1650950491271,MATH 109,A02,083214,Anzaldo; Leesa B,0,7,30,30
1650950491271,MATH 109,B01,083215,Anzaldo; Leesa B,0,8,30,30
1650950491271,MATH 109,B02,083216,Anzaldo; Leesa B,1,7,30,29
1650950497300,MATH 142A,A01,083219,Chow; Bennett,0,14,30,30
1650950497300,MATH 142A,A02,083220,Chow; Bennett,0,15,30,30
1650950497300,MATH 142A,B01,083221,Chow; Bennett,0,16,30,30
1650950497300,MATH 142A,B02,083222,Chow; Bennett,0,14,30,30
1650950503324,MATH 193A,A01,083224,Staff,0,6,30,30
1650950503324,MATH 193A,A02,083225,Staff,0,7,30,30
1650950503324,MATH 193A,A03,083781,Staff,0,6,30,30
1650950503324,MATH 193A,A04,083782,Staff,0,7,30,30
1650950509349,MATH 197,001,091859,McAuley; Julian John,9998,0,9999,1
1650950515402,COGS 9,A01,083615,Staff,0,18,60,60
1650950521424,COGS 11,A01,083617,Boyle; Mary E. T.,15,0,40,25
1650950527457,COGS 13,A01,083071,Staff,0,41,40,40
1650950533481,COGS 14A,A01,092681,Staff,0,38,100,100
1650950539504,COGS 14B,A01,083073,Cheng; Tzu-Han,0,13,50,50
1650950545528,COGS 17,A01,092677,Staff,6,0,75,69
1650950551553,COGS 100,A01,083619,Staff,0,31,60,60
1650950557584,COGS 101A,A01,083621,Davis; Joshua Daniel,0,29,60,60
1650950563610,COGS 101B,A01,091572,Staff,0,5,60,60
1650950569637,COGS 101C,A01,083625,Delgado; Tania,14,0,30,16
1650950575660,COGS 107A,A01,083627,Boyle; Mary E. T.,0,16,60,60
1650950581686,COGS 118A,A01,083075,Staff,0,10,60,60
1650950587715,CSE 3,A50,083646,Miranda; Gregory Joseph,15,0,38,23
1650950587715,CSE 3,A51,083647,Miranda; Gregory Joseph,36,0,37,1
1650950593740,CSE 8A,A50,083650,Miranda; Gregory Joseph,0,31,40,40
1650950599765,CSE 11,A01,083080,Cao; Yingjun,0,99,40,40
1650950605801,CSE 12,A01,083652,Staff,0,24,100,100
1650950611826,CSE 15L,A01,083654,Staff,0,3,50,50
1650950611826,CSE 15L,A02,083655,Staff,0,3,50,50
1650950617849,CSE 20,A01,083657,Staff,47,0,80,33
1650950623873,CSE 30,A01,083084,Eldon; John,40,78,80,40
1650950629900,CSE 100,A01,083659,Cao; Yingjun,0,71,50,50
1650950635922,CSE 134B,A01,083661,Powell; Thomas Allan,0,39,65,65
1650950641948,CSE 140,A01,083663,Staff,1,14,75,74
1650950647972,CSE 140L,A01,083088,Eldon; John,25,21,100,75
1650950653993,CSE 175,A01,083665,Kumar; Rakesh,0,0,25,25
1650950660019,CSE 190,A00,092507,Dubnov; Shlomo,9,0,20,11
1650950666043,ECE 45,A01,083139,Staff,0,6,60,60
1650950672065,ECE 65,A50,083695,Staff,0,7,30,30
1650950678092,ECE 109,A01,091882,Touri; Behrouz,32,0,70,38
1650950684128,ECE 180,A00,083140,Abi Samra; Nicholas Camill,18,0,30,12
1650950684128,ECE 180,B00,083141,Abi Samra; Nicholas Camill,0,0,30,30
1650950690152,MATH 10A,A01,083735,Patchell; Gregory David,2,0,30,28
1650950690152,MATH 10A,A02,083736,Patchell; Gregory David,27,0,30,3
1650950690152,MATH 10A,A03,083737,Patchell; Gregory David,23,0,30,7
1650950696176,MATH 10B,A01,083207,Staff,0,9,30,30
1650950696176,MATH 10B,A02,083208,Staff,1,6,30,29
1650950696176,MATH 10B,B01,083739,Staff,9,0,30,21
1650950696176,MATH 10B,B02,083740,Staff,28,0,30,2
1650950702205,MATH 18,A01,083743,Staff,0,0,30,30
1650950702205,MATH 18,A02,083744,Staff,24,0,30,6
1650950702205,MATH 18,A03,083745,Staff,19,0,30,11
1650950702205,MATH 18,A04,083746,Staff,26,0,30,4
1650950702205,MATH 18,B01,083748,Staff,0,15,30,30
1650950702205,MATH 18,B02,083749,Staff,0,14,30,30
1650950702205,MATH 18,B03,083750,Staff,0,13,30,30
1650950702205,MATH 18,B04,083751,Staff,0,13,30,30
1650950708226,MATH 20A,A01,083754,Staff,19,0,40,21
1650950714250,MATH 20B,A01,083756,Staff,0,14,30,30
1650950714250,MATH 20B,A02,083757,Staff,0,11,30,30
1650950720271,MATH 20C,A01,083760,Staff,0,17,30,30
1650950720271,MATH 20C,A02,083761,Staff,1,16,30,29
1650950720271,MATH 20C,B01,083762,Staff,9,0,30,21
1650950720271,MATH 20C,B02,083763,Staff,28,0,30,2
1650950726297,MATH 20D,A01,083765,Staff,2,1,30,28
1650950726297,MATH 20D,A02,083766,Staff,3,0,30,27
1650950726297,MATH 20D,A03,083767,Staff,23,0,30,7
1650950732323,MATH 20E,A01,083771,Staff,2,0,30,28
1650950732323,MATH 20E,A02,083772,Staff,13,0,30,17
1650950732323,MATH 20E,B01,083773,Staff,0,0,30,30
1650950732323,MATH 20E,B02,083774,Staff,1,0,30,29
1650950738354,MATH 103A,A01,083777,Staff,0,17,30,30
1650950738354,MATH 103A,A02,083778,Staff,0,15,30,30
1650950738354,MATH 103A,B01,083779,Staff,0,15,30,30
1650950738354,MATH 103A,B02,083780,Staff,0,14,30,30
1650950744381,MATH 105,A01,085443,Staff,0,23,30,30
1650950750411,MATH 109,A01,083213,Anzaldo; Leesa B,0,7,30,30
1650950750411,MATH 109,A02,083214,Anzaldo; Leesa B,0,7,30,30
1650950750411,MATH 109,B01,083215,Anzaldo; Leesa B,0,8,30,30
1650950750411,MATH 109,B02,083216,Anzaldo; Leesa B,1,7,30,29
1650950756435,MATH 142A,A01,083219,Chow; Bennett,0,14,30,30
1650950756435,MATH 142A,A02,083220,Chow; Bennett,0,15,30,30
1650950756435,MATH 142A,B01,083221,Chow; Bennett,0,16,30,30
1650950756435,MATH 142A,B02,083222,Chow; Bennett,0,14,30,30
1650950762461,MATH 193A,A01,083224,Staff,0,6,30,30
1650950762461,MATH 193A,A02,083225,Staff,0,7,30,30
1650950762461,MATH 193A,A03,083781,Staff,0,6,30,30
1650950762461,MATH 193A,A04,083782,Staff,0,7,30,30
1650950768485,MATH 197,001,091859,McAuley; Julian John,9998,0,9999,1
1650950774545,COGS 9,A01,083615,Staff,0,18,60,60
1650950780567,COGS 11,A01,083617,Boyle; Mary E. T.,15,0,40,25
1650950786599,COGS 13,A01,083071,Staff,0,41,40,40
1650950792626,COGS 14A,A01,092681,Staff,0,38,100,100
1650950798650,COGS 14B,A01,083073,Cheng; Tzu-Han,0,13,50,50
1650950804672,COGS 17,A01,092677,Staff,6,0,75,69
1650950810696,COGS 100,A01,083619,Staff,0,31,60,60
1650950816722,COGS 101A,A01,083621,Davis; Joshua Daniel,0,29,60,60
1650950822748,COGS 101B,A01,091572,Staff,0,5,60,60
1650950828772,COGS 101C,A01,083625,Delgado; Tania,14,0,30,16
1650950834798,COGS 107A,A01,083627,Boyle; Mary E. T.,0,16,60,60
1650950840821,COGS 118A,A01,083075,Staff,0,10,60,60
1650950846844,CSE 3,A50,083646,Miranda; Gregory Joseph,15,0,38,23
1650950846844,CSE 3,A51,083647,Miranda; Gregory Joseph,36,0,37,1
1650950852869,CSE 8A,A50,083650,Miranda; Gregory Joseph,0,31,40,40
1650950858897,CSE 11,A01,083080,Cao; Yingjun,0,99,40,40
1650950864924,CSE 12,A01,083652,Staff,0,24,100,100
1650950870947,CSE 15L,A01,083654,Staff,0,3,50,50
1650950870947,CSE 15L,A02,083655,Staff,0,3,50,50
1650950876978,CSE 20,A01,083657,Staff,47,0,80,33
1650950883077,CSE 30,A01,083084,Eldon; John,1,38,80,79
1650950889100,CSE 100,A01,083659,Cao; Yingjun,0,71,50,50
1650950895123,CSE 134B,A01,083661,Powell; Thomas Allan,0,39,65,65
1650950901147,CSE 140,A01,083663,Staff,0,13,75,75
1650950907181,CSE 140L,A01,083088,Eldon; John,4,0,100,96
1650950913203,CSE 175,A01,083665,Kumar; Rakesh,0,0,25,25
1650950919225,CSE 190,A00,092507,Dubnov; Shlomo,9,0,20,11
1650950925257,ECE 45,A01,083139,Staff,0,6,60,60
1650950931283,ECE 65,A50,083695,Staff,0,7,30,30
1650950937308,ECE 109,A01,091882,Touri; Behrouz,32,0,70,38
1650950943337,ECE 180,A00,083140,Abi Samra; Nicholas Camill,18,0,30,12
1650950943337,ECE 180,B00,083141,Abi Samra; Nicholas Camill,0,0,30,30
1650950949369,MATH 10A,A01,083735,Patchell; Gregory David,2,0,30,28
1650950949369,MATH 10A,A02,083736,Patchell; Gregory David,27,0,30,3
1650950949369,MATH 10A,A03,083737,Patchell; Gregory David,23,0,30,7
1650950955396,MATH 10B,A01,083207,Staff,0,9,30,30
1650950955396,MATH 10B,A02,083208,Staff,0,5,30,30
1650950955396,MATH 10B,B01,083739,Staff,9,0,30,21
1650950955396,MATH 10B,B02,083740,Staff,28,0,30,2
1650950961421,MATH 18,A01,083743,Staff,0,0,30,30
1650950961421,MATH 18,A02,083744,Staff,24,0,30,6
1650950961421,MATH 18,A03,083745,Staff,19,0,30,11
1650950961421,MATH 18,A04,083746,Staff,26,0,30,4
1650950961421,MATH 18,B01,083748,Staff,0,15,30,30
1650950961421,MATH 18,B02,083749,Staff,0,14,30,30
1650950961421,MATH 18,B03,083750,Staff,0,13,30,30
1650950961421,MATH 18,B04,083751,Staff,0,13,30,30
1650950967444,MATH 20A,A01,083754,Staff,19,0,40,21
1650950973471,MATH 20B,A01,083756,Staff,0,14,30,30
1650950973471,MATH 20B,A02,083757,Staff,0,11,30,30
1650950979507,MATH 20C,A01,083760,Staff,0,17,30,30
1650950979507,MATH 20C,A02,083761,Staff,0,15,30,30
1650950979507,MATH 20C,B01,083762,Staff,9,0,30,21
1650950979507,MATH 20C,B02,083763,Staff,28,0,30,2
1650950985531,MATH 20D,A01,083765,Staff,2,1,30,28
1650950985531,MATH 20D,A02,083766,Staff,3,0,30,27
1650950985531,MATH 20D,A03,083767,Staff,23,0,30,7
1650950991555,MATH 20E,A01,083771,Staff,2,0,30,28
1650950991555,MATH 20E,A02,083772,Staff,13,0,30,17
1650950991555,MATH 20E,B01,083773,Staff,0,0,30,30
1650950991555,MATH 20E,B02,083774,Staff,1,0,30,29
1650950997583,MATH 103A,A01,083777,Staff,0,17,30,30
1650950997583,MATH 103A,A02,083778,Staff,0,15,30,30
1650950997583,MATH 103A,B01,083779,Staff,0,15,30,30
1650950997583,MATH 103A,B02,083780,Staff,0,14,30,30
1650951003609,MATH 105,A01,085443,Staff,0,23,30,30
1650951009633,MATH 109,A01,083213,Anzaldo; Leesa B,0,7,30,30
1650951009633,MATH 109,A02,083214,Anzaldo; Leesa B,0,7,30,30
1650951009633,MATH 109,B01,083215,Anzaldo; Leesa B,0,8,30,30
1650951009633,MATH 109,B02,083216,Anzaldo; Leesa B,0,7,30,30
1650951015655,MATH 142A,A01,083219,Chow; Bennett,0,14,30,30
1650951015655,MATH 142A,A02,083220,Chow; Bennett,0,15,30,30
1650951015655,MATH 142A,B01,083221,Chow; Bennett,0,16,30,30
1650951015655,MATH 142A,B02,083222,Chow; Bennett,0,14,30,30
1650951021679,MATH 193A,A01,083224,Staff,0,6,30,30
1650951021679,MATH 193A,A02,083225,Staff,0,7,30,30
1650951021679,MATH 193A,A03,083781,Staff,0,6,30,30
1650951021679,MATH 193A,A04,083782,Staff,0,7,30,30
1650951027709,MATH 197,001,091859,McAuley; Julian John,9998,0,9999,1
1650951033764,COGS 9,A01,083615,Staff,0,18,60,60
1650951039798,COGS 11,A01,083617,Boyle; Mary E. T.,15,0,40,25
1650951045820,COGS 13,A01,083071,Staff,0,41,40,40
1650951051852,COGS 14A,A01,092681,Staff,0,38,100,100
1650951057879,COGS 14B,A01,083073,Cheng; Tzu-Han,0,13,50,50
1650951063903,COGS 17,A01,092677,Staff,6,0,75,69
1650951069928,COGS 100,A01,083619,Staff,0,31,60,60
1650951075950,COGS 101A,A01,083621,Davis; Joshua Daniel,0,29,60,60
1650951081972,COGS 101B,A01,091572,Staff,0,5,60,60
1650951087996,COGS 101C,A01,083625,Delgado; Tania,14,0,30,16
1650951094019,COGS 107A,A01,083627,Boyle; Mary E. T.,0,16,60,60
1650951100045,COGS 118A,A01,083075,Staff,0,10,60,60
1650951106073,CSE 3,A50,083646,Miranda; Gregory Joseph,15,0,38,23
1650951106073,CSE 3,A51,083647,Miranda; Gregory Joseph,36,0,37,1
1650951112101,CSE 8A,A50,083650,Miranda; Gregory Joseph,0,31,40,40
1650951118134,CSE 11,A01,083080,Cao; Yingjun,0,99,40,40
1650951124166,CSE 12,A01,083652,Staff,0,24,100,100
1650951130188,CSE 15L,A01,083654,Staff,0,3,50,50
1650951130188,CSE 15L,A02,083655,Staff,0,3,50,50
1650951136212,CSE 20,A01,083657,Staff,47,0,80,33
1650951142245,CSE 30,A01,083084,Eldon; John,1,38,80,79
1650951148285,CSE 100,A01,083659,Cao; Yingjun,0,71,50,50
1650951154320,CSE 134B,A01,083661,Powell; Thomas Allan,0,39,65,65
1650951160352,CSE 140,A01,083663,Staff,0,13,75,75
1650951166376,CSE 140L,A01,083088,Eldon; John,4,0,100,96
1650951172407,CSE 175,A01,083665,Kumar; Rakesh,0,0,25,25
1650951178435,CSE 190,A00,092507,Dubnov; Shlomo,9,0,20,11
1650951184458,ECE 45,A01,083139,Staff,0,6,60,60
1650951190485,ECE 65,A50,083695,Staff,0,7,30,30
1650951196512,ECE 109,A01,091882,Touri; Behrouz,32,0,70,38
1650951202541,ECE 180,A00,083140,Abi Samra; Nicholas Camill,18,0,30,12
1650951202541,ECE 180,B00,083141,Abi Samra; Nicholas Camill,0,0,30,30
1650951208568,MATH 10A,A01,083735,Patchell; Gregory David,2,0,30,28
1650951208568,MATH 10A,A02,083736,Patchell; Gregory David,27,0,30,3
1650951208568,MATH 10A,A03,083737,Patchell; Gregory David,23,0,30,7
1650951214592,MATH 10B,A01,083207,Staff,0,9,30,30
1650951214592,MATH 10B,A02,083208,Staff,0,5,30,30
1650951214592,MATH 10B,B01,083739,Staff,9,0,30,21
1650951214592,MATH 10B,B02,083740,Staff,28,0,30,2
1650951220633,MATH 18,A01,083743,Staff,0,0,30,30
1650951220633,MATH 18,A02,083744,Staff,24,0,30,6
1650951220633,MATH 18,A03,083745,Staff,19,0,30,11
1650951220633,MATH 18,A04,083746,Staff,26,0,30,4
1650951220633,MATH 18,B01,083748,Staff,0,15,30,30
1650951220633,MATH 18,B02,083749,Staff,0,14,30,30
1650951220633,MATH 18,B03,083750,Staff,0,13,30,30
1650951220633,MATH 18,B04,083751,Staff,0,13,30,30
1650951226656,MATH 20A,A01,083754,Staff,19,0,40,21
1650951232680,MATH 20B,A01,083756,Staff,0,14,30,30
1650951232680,MATH 20B,A02,083757,Staff,0,11,30,30
1650951238708,MATH 20C,A01,083760,Staff,0,17,30,30
1650951238708,MATH 20C,A02,083761,Staff,0,15,30,30
1650951238708,MATH 20C,B01,083762,Staff,9,0,30,21
1650951238708,MATH 20C,B02,083763,Staff,28,0,30,2
1650951244732,MATH 20D,A01,083765,Staff,2,1,30,28
1650951244732,MATH 20D,A02,083766,Staff,3,0,30,27
1650951244732,MATH 20D,A03,083767,Staff,23,0,30,7
1650951250765,MATH 20E,A01,083771,Staff,2,0,30,28
1650951250765,MATH 20E,A02,083772,Staff,13,0,30,17
1650951250765,MATH 20E,B01,083773,Staff,0,0,30,30
1650951250765,MATH 20E,B02,083774,Staff,1,0,30,29
1650951256799,MATH 103A,A01,083777,Staff,0,17,30,30
1650951256799,MATH 103A,A02,083778,Staff,0,15,30,30
1650951256799,MATH 103A,B01,083779,Staff,0,15,30,30
1650951256799,MATH 103A,B02,083780,Staff,0,14,30,30
1650951262827,MATH 105,A01,085443,Staff,0,23,30,30
1650951268850,MATH 109,A01,083213,Anzaldo; Leesa B,0,7,30,30
1650951268850,MATH 109,A02,083214,Anzaldo; Leesa B,0,7,30,30
1650951268850,MATH 109,B01,083215,Anzaldo; Leesa B,0,8,30,30
1650951268850,MATH 109,B02,083216,Anzaldo; Leesa B,0,7,30,30
1650951274876,MATH 142A,A01,083219,Chow; Bennett,0,14,30,30
1650951274876,MATH 142A,A02,083220,Chow; Bennett,0,15,30,30
1650951274876,MATH 142A,B01,083221,Chow; Bennett,0,16,30,30
1650951274876,MATH 142A,B02,083222,Chow; Bennett,0,14,30,30
1650951280906,MATH 193A,A01,083224,Staff,0,6,30,30
1650951280906,MATH 193A,A02,083225,Staff,0,7,30,30
1650951280906,MATH 193A,A03,083781,Staff,0,6,30,30
1650951280906,MATH 193A,A04,083782,Staff,0,7,30,30
1650951286930,MATH 197,001,091859,McAuley; Julian John,9998,0,9999,1
1650951292983,COGS 9,A01,083615,Staff,0,18,60,60
1650951299009,COGS 11,A01,083617,Boyle; Mary E. T.,15,0,40,25
1650951305032,COGS 13,A01,083071,Staff,0,41,40,40
1650951311055,COGS 14A,A01,092681,Staff,0,38,100,100
1650951317078,COGS 14B,A01,083073,Cheng; Tzu-Han,0,13,50,50
1650951323104,COGS 17,A01,092677,Staff,6,0,75,69
1650951329131,COGS 100,A01,083619,Staff,0,31,60,60
1650951335157,COGS 101A,A01,083621,Davis; Joshua Daniel,0,29,60,60
1650951341180,COGS 101B,A01,091572,Staff,0,5,60,60
1650951347203,COGS 101C,A01,083625,Delgado; Tania,14,0,30,16
1650951353228,COGS 107A,A01,083627,Boyle; Mary E. T.,0,16,60,60
1650951359256,COGS 118A,A01,083075,Staff,0,10,60,60
1650951365281,CSE 3,A50,083646,Miranda; Gregory Joseph,15,0,38,23
1650951365281,CSE 3,A51,083647,Miranda; Gregory Joseph,36,0,37,1
1650951371307,CSE 8A,A50,083650,Miranda; Gregory Joseph,0,31,40,40
1650951377331,CSE 11,A01,083080,Cao; Yingjun,0,99,40,40
1650951383357,CSE 12,A01,083652,Staff,0,24,100,100
1650951389383,CSE 15L,A01,083654,Staff,0,3,50,50
1650951389383,CSE 15L,A02,083655,Staff,0,3,50,50
1650951395408,CSE 20,A01,083657,Staff,47,0,80,33
1650951401437,CSE 30,A01,083084,Eldon; John,1,38,80,79
1650951407462,CSE 100,A01,083659,Cao; Yingjun,0,71,50,50
1650951413487,CSE 134B,A01,083661,Powell; Thomas Allan,0,39,65,65
1650951419513,CSE 140,A01,083663,Staff,0,13,75,75
1650951425539,CSE 140L,A01,083088,Eldon; John,4,0,100,96
1650951431564,CSE 175,A01,083665,Kumar; Rakesh,0,0,25,25
1650951437587,CSE 190,A00,092507,Dubnov; Shlomo,9,0,20,11
1650951443614,ECE 45,A01,083139,Staff,0,6,60,60
1650951449637,ECE 65,A50,083695,Staff,0,7,30,30
1650951455667,ECE 109,A01,091882,Touri; Behrouz,32,0,70,38
1650951461691,ECE 180,A00,083140,Abi Samra; Nicholas Camill,18,0,30,12
1650951461691,ECE 180,B00,083141,Abi Samra; Nicholas Camill,0,0,30,30
1650951467714,MATH 10A,A01,083735,Patchell; Gregory David,2,0,30,28
1650951467714,MATH 10A,A02,083736,Patchell; Gregory David,27,0,30,3
1650951467714,MATH 10A,A03,083737,Patchell; Gregory David,23,0,30,7
1650951473749,MATH 10B,A01,083207,Staff,0,9,30,30
1650951473749,MATH 10B,A02,083208,Staff,0,5,30,30
1650951473749,MATH 10B,B01,083739,Staff,9,0,30,21
1650951473749,MATH 10B,B02,083740,Staff,28,0,30,2
1650951479875,MATH 18,A01,083743,Staff,0,0,30,30
1650951479875,MATH 18,A02,083744,Staff,24,0,30,6
1650951479875,MATH 18,A03,083745,Staff,19,0,30,11
1650951479875,MATH 18,A04,083746,Staff,26,0,30,4
1650951479875,MATH 18,B01,083748,Staff,0,15,30,30
1650951479875,MATH 18,B02,083749,Staff,0,14,30,30
1650951479875,MATH 18,B03,083750,Staff,0,13,30,30
1650951479875,MATH 18,B04,083751,Staff,0,13,30,30
1650951485900,MATH 20A,A01,083754,Staff,19,0,40,21
1650951491924,MATH 20B,A01,083756,Staff,0,14,30,30
1650951491924,MATH 20B,A02,083757,Staff,0,11,30,30
1650951497947,MATH 20C,A01,083760,Staff,0,17,30,30
1650951497947,MATH 20C,A02,083761,Staff,0,15,30,30
1650951497947,MATH 20C,B01,083762,Staff,9,0,30,21
1650951497947,MATH 20C,B02,083763,Staff,28,0,30,2
1650951503973,MATH 20D,A01,083765,Staff,2,1,30,28
1650951503973,MATH 20D,A02,083766,Staff,3,0,30,27
1650951503973,MATH 20D,A03,083767,Staff,23,0,30,7
1650951510001,MATH 20E,A01,083771,Staff,2,0,30,28
1650951510001,MATH 20E,A02,083772,Staff,13,0,30,17
1650951510001,MATH 20E,B01,083773,Staff,0,0,30,30
1650951510001,MATH 20E,B02,083774,Staff,1,0,30,29
1650951516026,MATH 103A,A01,083777,Staff,0,17,30,30
1650951516026,MATH 103A,A02,083778,Staff,0,15,30,30
1650951516026,MATH 103A,B01,083779,Staff,0,15,30,30
1650951516026,MATH 103A,B02,083780,Staff,0,14,30,30
1650951522049,MATH 105,A01,085443,Staff,0,23,30,30
1650951528076,MATH 109,A01,083213,Anzaldo; Leesa B,0,7,30,30
1650951528076,MATH 109,A02,083214,Anzaldo; Leesa B,0,7,30,30
1650951528076,MATH 109,B01,083215,Anzaldo; Leesa B,0,8,30,30
1650951528076,MATH 109,B02,083216,Anzaldo; Leesa B,0,7,30,30
1650951534102,MATH 142A,A01,083219,Chow; Bennett,0,14,30,30
1650951534102,MATH 142A,A02,083220,Chow; Bennett,0,15,30,30
1650951534102,MATH 142A,B01,083221,Chow; Bennett,0,16,30,30
1650951534102,MATH 142A,B02,083222,Chow; Bennett,0,14,30,30
1650951540129,MATH 193A,A01,083224,Staff,0,6,30,30
1650951540129,MATH 193A,A02,083225,Staff,0,7,30,30
1650951540129,MATH 193A,A03,083781,Staff,0,6,30,30
1650951540129,MATH 193A,A04,083782,Staff,0,7,30,30
1650951546157,MATH 197,001,091859,McAuley; Julian John,9998,0,9999,1
1650951552209,COGS 9,A01,083615,Staff,0,18,60,60
1650951558233,COGS 11,A01,083617,Boyle; Mary E. T.,15,0,40,25
1650951564260,COGS 13,A01,083071,Staff,0,41,40,40
1650951570285,COGS 14A,A01,092681,Staff,0,38,100,100
1650951576311,COGS 14B,A01,083073,Cheng; Tzu-Han,0,13,50,50
1650951582341,COGS 17,A01,092677,Staff,6,0,75,69
1650951588365,COGS 100,A01,083619,Staff,0,31,60,60
1650951594387,COGS 101A,A01,083621,Davis; Joshua Daniel,0,29,60,60
1650951600415,COGS 101B,A01,091572,Staff,0,5,60,60
1650951606442,COGS 101C,A01,083625,Delgado; Tania,14,0,30,16
1650951612466,COGS 107A,A01,083627,Boyle; Mary E. T.,0,16,60,60
1650951618493,COGS 118A,A01,083075,Staff,0,10,60,60
1650951624519,CSE 3,A50,083646,Miranda; Gregory Joseph,15,0,38,23
1650951624519,CSE 3,A51,083647,Miranda; Gregory Joseph,36,0,37,1
1650951630548,CSE 8A,A50,083650,Miranda; Gregory Joseph,0,31,40,40
1650951636574,CSE 11,A01,083080,Cao; Yingjun,0,99,40,40
1650951642600,CSE 12,A01,083652,Staff,0,24,100,100
1650951648628,CSE 15L,A01,083654,Staff,0,3,50,50
1650951648628,CSE 15L,A02,083655,Staff,0,3,50,50
1650951654652,CSE 20,A01,083657,Staff,47,0,80,33
1650951660680,CSE 30,A01,083084,Eldon; John,1,38,80,79
1650951666714,CSE 100,A01,083659,Cao; Yingjun,0,71,50,50
1650951672741,CSE 134B,A01,083661,Powell; Thomas Allan,0,39,65,65
1650951678764,CSE 140,A01,083663,Staff,0,13,75,75
1650951684793,CSE 140L,A01,083088,Eldon; John,4,0,100,96
1650951690815,CSE 175,A01,083665,Kumar; Rakesh,0,0,25,25
1650951696839,CSE 190,A00,092507,Dubnov; Shlomo,9,0,20,11
1650951702866,ECE 45,A01,083139,Staff,0,6,60,60
1650951708889,ECE 65,A50,083695,Staff,0,7,30,30
1650951714930,ECE 109,A01,091882,Touri; Behrouz,32,0,70,38
1650951720953,ECE 180,A00,083140,Abi Samra; Nicholas Camill,18,0,30,12
1650951720953,ECE 180,B00,083141,Abi Samra; Nicholas Camill,0,0,30,30
1650951726976,MATH 10A,A01,083735,Patchell; Gregory David,2,0,30,28
1650951726976,MATH 10A,A02,083736,Patchell; Gregory David,27,0,30,3
1650951726976,MATH 10A,A03,083737,Patchell; Gregory David,23,0,30,7
1650951732998,MATH 10B,A01,083207,Staff,0,9,30,30
1650951732998,MATH 10B,A02,083208,Staff,0,5,30,30
1650951732998,MATH 10B,B01,083739,Staff,9,0,30,21
1650951732998,MATH 10B,B02,083740,Staff,28,0,30,2
1650951739023,MATH 18,A01,083743,Staff,0,0,30,30
1650951739023,MATH 18,A02,083744,Staff,24,0,30,6
1650951739023,MATH 18,A03,083745,Staff,19,0,30,11
1650951739023,MATH 18,A04,083746,Staff,26,0,30,4
1650951739023,MATH 18,B01,083748,Staff,0,15,30,30
1650951739023,MATH 18,B02,083749,Staff,0,14,30,30
1650951739023,MATH 18,B03,083750,Staff,0,13,30,30
1650951739023,MATH 18,B04,083751,Staff,0,13,30,30
1650951745052,MATH 20A,A01,083754,Staff,19,0,40,21
1650951751078,MATH 20B,A01,083756,Staff,0,14,30,30
1650951751078,MATH 20B,A02,083757,Staff,0,11,30,30
1650951757101,MATH 20C,A01,083760,Staff,0,17,30,30
1650951757101,MATH 20C,A02,083761,Staff,0,15,30,30
1650951757101,MATH 20C,B01,083762,Staff,9,0,30,21
1650951757101,MATH 20C,B02,083763,Staff,28,0,30,2
1650951763128,MATH 20D,A01,083765,Staff,2,1,30,28
1650951763128,MATH 20D,A02,083766,Staff,3,0,30,27
1650951763128,MATH 20D,A03,083767,Staff,23,0,30,7
1650951769151,MATH 20E,A01,083771,Staff,2,0,30,28
1650951769151,MATH 20E,A02,083772,Staff,13,0,30,17
1650951769151,MATH 20E,B01,083773,Staff,0,0,30,30
1650951769151,MATH 20E,B02,083774,Staff,1,0,30,29
1650951775178,MATH 103A,A01,083777,Staff,0,17,30,30
1650951775178,MATH 103A,A02,083778,Staff,0,15,30,30
1650951775178,MATH 103A,B01,083779,Staff,0,15,30,30
1650951775178,MATH 103A,B02,083780,Staff,0,14,30,30
1650951781200,MATH 105,A01,085443,Staff,0,23,30,30
1650951787225,MATH 109,A01,083213,Anzaldo; Leesa B,0,7,30,30
1650951787225,MATH 109,A02,083214,Anzaldo; Leesa B,0,7,30,30
1650951787225,MATH 109,B01,083215,Anzaldo; Leesa B,0,8,30,30
1650951787225,MATH 109,B02,083216,Anzaldo; Leesa B,0,7,30,30
1650951793253,MATH 142A,A01,083219,Chow; Bennett,0,14,30,30
1650951793253,MATH 142A,A02,083220,Chow; Bennett,0,15,30,30
1650951793253,MATH 142A,B01,083221,Chow; Bennett,0,16,30,30
1650951793253,MATH 142A,B02,083222,Chow; Bennett,0,14,30,30
1650951799275,MATH 193A,A01,083224,Staff,0,6,30,30
1650951799275,MATH 193A,A02,083225,Staff,0,7,30,30
1650951799275,MATH 193A,A03,083781,Staff,0,6,30,30
1650951799275,MATH 193A,A04,083782,Staff,0,7,30,30
1650951805300,MATH 197,001,091859,McAuley; Julian John,9998,0,9999,1
1650951811347,COGS 9,A01,083615,Staff,0,18,60,60
1650951817369,COGS 11,A01,083617,Boyle; Mary E. T.,15,0,40,25
1650951823391,COGS 13,A01,083071,Staff,0,41,40,40
1650951829416,COGS 14A,A01,092681,Staff,0,38,100,100
1650951835439,COGS 14B,A01,083073,Cheng; Tzu-Han,0,13,50,50
1650951841463,COGS 17,A01,092677,Staff,6,0,75,69
1650951847489,COGS 100,A01,083619,Staff,0,31,60,60
1650951853518,COGS 101A,A01,083621,Davis; Joshua Daniel,0,29,60,60
1650951859545,COGS 101B,A01,091572,Staff,0,5,60,60
1650951865569,COGS 101C,A01,083625,Delgado; Tania,14,0,30,16
1650951871593,COGS 107A,A01,083627,Boyle; Mary E. T.,0,16,60,60
1650951877618,COGS 118A,A01,083075,Staff,0,10,60,60
1650951883663,CSE 3,A50,083646,Miranda; Gregory Joseph,15,0,38,23
1650951883663,CSE 3,A51,083647,Miranda; Gregory Joseph,36,0,37,1
1650951889686,CSE 8A,A50,083650,Miranda; Gregory Joseph,0,31,40,40
1650951895715,CSE 11,A01,083080,Cao; Yingjun,0,99,40,40
1650951901750,CSE 12,A01,083652,Staff,0,24,100,100
1650951907775,CSE 15L,A01,083654,Staff,0,3,50,50
1650951907775,CSE 15L,A02,083655,Staff,0,3,50,50
1650951913799,CSE 20,A01,083657,Staff,47,0,80,33
1650951919824,CSE 30,A01,083084,Eldon; John,1,38,80,79
1650951925847,CSE 100,A01,083659,Cao; Yingjun,0,71,50,50
1650951931878,CSE 134B,A01,083661,Powell; Thomas Allan,0,40,65,65
1650951937902,CSE 140,A01,083663,Staff,0,13,75,75
1650951943936,CSE 140L,A01,083088,Eldon; John,4,0,100,96
1650951949959,CSE 175,A01,083665,Kumar; Rakesh,0,0,25,25
1650951955983,CSE 190,A00,092507,Dubnov; Shlomo,9,0,20,11
1650951962006,ECE 45,A01,083139,Staff,0,6,60,60
1650951968028,ECE 65,A50,083695,Staff,0,7,30,30
1650951974055,ECE 109,A01,091882,Touri; Behrouz,32,0,70,38
1650951980078,ECE 180,A00,083140,Abi Samra; Nicholas Camill,18,0,30,12
1650951980078,ECE 180,B00,083141,Abi Samra; Nicholas Camill,0,0,30,30
1650951986101,MATH 10A,A01,083735,Patchell; Gregory David,2,0,30,28
1650951986101,MATH 10A,A02,083736,Patchell; Gregory David,27,0,30,3
1650951986101,MATH 10A,A03,083737,Patchell; Gregory David,23,0,30,7
1650951992126,MATH 10B,A01,083207,Staff,0,9,30,30
1650951992126,MATH 10B,A02,083208,Staff,0,5,30,30
1650951992126,MATH 10B,B01,083739,Staff,9,0,30,21
1650951992126,MATH 10B,B02,083740,Staff,28,0,30,2
1650951998152,MATH 18,A01,083743,Staff,0,0,30,30
1650951998152,MATH 18,A02,083744,Staff,24,0,30,6
1650951998152,MATH 18,A03,083745,Staff,19,0,30,11
1650951998152,MATH 18,A04,083746,Staff,26,0,30,4
1650951998152,MATH 18,B01,083748,Staff,0,15,30,30
1650951998152,MATH 18,B02,083749,Staff,0,14,30,30
1650951998152,MATH 18,B03,083750,Staff,0,13,30,30
1650951998152,MATH 18,B04,083751,Staff,0,13,30,30
1650952004177,MATH 20A,A01,083754,Staff,19,0,40,21
1650952010200,MATH 20B,A01,083756,Staff,0,14,30,30
1650952010200,MATH 20B,A02,083757,Staff,0,11,30,30
1650952016224,MATH 20C,A01,083760,Staff,0,17,30,30
1650952016224,MATH 20C,A02,083761,Staff,0,15,30,30
1650952016224,MATH 20C,B01,083762,Staff,9,0,30,21
1650952016224,MATH 20C,B02,083763,Staff,28,0,30,2
1650952022255,MATH 20D,A01,083765,Staff,2,1,30,28
1650952022255,MATH 20D,A02,083766,Staff,3,0,30,27
1650952022255,MATH 20D,A03,083767,Staff,23,0,30,7
1650952028282,MATH 20E,A01,083771,Staff,2,0,30,28
1650952028282,MATH 20E,A02,083772,Staff,13,0,30,17
1650952028282,MATH 20E,B01,083773,Staff,0,0,30,30
1650952028282,MATH 20E,B02,083774,Staff,1,0,30,29
1650952034311,MATH 103A,A01,083777,Staff,0,17,30,30
1650952034311,MATH 103A,A02,083778,Staff,0,15,30,30
1650952034311,MATH 103A,B01,083779,Staff,0,15,30,30
1650952034311,MATH 103A,B02,083780,Staff,0,14,30,30
1650952040336,MATH 105,A01,085443,Staff,0,23,30,30
1650952046377,MATH 109,A01,083213,Anzaldo; Leesa B,0,7,30,30
1650952046377,MATH 109,A02,083214,Anzaldo; Leesa B,0,7,30,30
1650952046377,MATH 109,B01,083215,Anzaldo; Leesa B,0,8,30,30
1650952046377,MATH 109,B02,083216,Anzaldo; Leesa B,0,7,30,30
1650952052403,MATH 142A,A01,083219,Chow; Bennett,0,14,30,30
1650952052403,MATH 142A,A02,083220,Chow; Bennett,0,15,30,30
1650952052403,MATH 142A,B01,083221,Chow; Bennett,0,16,30,30
1650952052403,MATH 142A,B02,083222,Chow; Bennett,0,14,30,30
1650952058426,MATH 193A,A01,083224,Staff,0,6,30,30
1650952058426,MATH 193A,A02,083225,Staff,0,7,30,30
1650952058426,MATH 193A,A03,083781,Staff,0,6,30,30
1650952058426,MATH 193A,A04,083782,Staff,0,7,30,30
1650952064453,MATH 197,001,091859,McAuley; Julian John,9998,0,9999,1
1650952070669,COGS 9,A01,083615,Staff,0,18,60,60
1650952076695,COGS 11,A01,083617,Boyle; Mary E. T.,15,0,40,25
1650952082722,COGS 13,A01,083071,Staff,0,41,40,40
1650952088744,COGS 14A,A01,092681,Staff,0,38,100,100
1650952094766,COGS 14B,A01,083073,Cheng; Tzu-Han,0,13,50,50
1650952100787,COGS 17,A01,092677,Staff,6,0,75,69
1650952106812,COGS 100,A01,083619,Staff,0,31,60,60
1650952112841,COGS 101A,A01,083621,Davis; Joshua Daniel,0,29,60,60
1650952118864,COGS 101B,A01,091572,Staff,0,5,60,60
1650952124898,COGS 101C,A01,083625,Delgado; Tania,14,0,30,16
1650952130923,COGS 107A,A01,083627,Boyle; Mary E. T.,0,16,60,60
1650952136945,COGS 118A,A01,083075,Staff,0,10,60,60
1650952142969,CSE 3,A50,083646,Miranda; Gregory Joseph,15,0,38,23
1650952142969,CSE 3,A51,083647,Miranda; Gregory Joseph,36,0,37,1
1650952148996,CSE 8A,A50,083650,Miranda; Gregory Joseph,0,31,40,40
1650952155021,CSE 11,A01,083080,Cao; Yingjun,0,99,40,40
1650952161048,CSE 12,A01,083652,Staff,0,24,100,100
1650952167070,CSE 15L,A01,083654,Staff,0,3,50,50
1650952167070,CSE 15L,A02,083655,Staff,0,3,50,50
1650952173098,CSE 20,A01,083657,Staff,47,0,80,33
1650952179130,CSE 30,A01,083084,Eldon; John,1,38,80,79
1650952185153,CSE 100,A01,083659,Cao; Yingjun,0,71,50,50
1650952191177,CSE 134B,A01,083661,Powell; Thomas Allan,0,40,65,65
1650952197203,CSE 140,A01,083663,Staff,0,13,75,75
1650952203239,CSE 140L,A01,083088,Eldon; John,4,0,100,96
1650952209262,CSE 175,A01,083665,Kumar; Rakesh,0,0,25,25
1650952215287,CSE 190,A00,092507,Dubnov; Shlomo,9,0,20,11
1650952221310,ECE 45,A01,083139,Staff,0,6,60,60
1650952227336,ECE 65,A50,083695,Staff,0,7,30,30
1650952233371,ECE 109,A01,091882,Touri; Behrouz,32,0,70,38
1650952239395,ECE 180,A00,083140,Abi Samra; Nicholas Camill,18,0,30,12
1650952239395,ECE 180,B00,083141,Abi Samra; Nicholas Camill,0,0,30,30
1650952245420,MATH 10A,A01,083735,Patchell; Gregory David,2,0,30,28
1650952245420,MATH 10A,A02,083736,Patchell; Gregory David,27,0,30,3
1650952245420,MATH 10A,A03,083737,Patchell; Gregory David,23,0,30,7
1650952251446,MATH 10B,A01,083207,Staff,0,9,30,30
1650952251446,MATH 10B,A02,083208,Staff,0,5,30,30
1650952251446,MATH 10B,B01,083739,Staff,9,0,30,21
1650952251446,MATH 10B,B02,083740,Staff,28,0,30,2
1650952257470,MATH 18,A01,083743,Staff,0,0,30,30
1650952257470,MATH 18,A02,083744,Staff,24,0,30,6
1650952257470,MATH 18,A03,083745,Staff,19,0,30,11
1650952257470,MATH 18,A04,083746,Staff,26,0,30,4
1650952257470,MATH 18,B01,083748,Staff,0,15,30,30
1650952257470,MATH 18,B02,083749,Staff,0,14,30,30
1650952257470,MATH 18,B03,083750,Staff,0,13,30,30
1650952257470,MATH 18,B04,083751,Staff,0,13,30,30
1650952263496,MATH 20A,A01,083754,Staff,19,0,40,21
1650952269526,MATH 20B,A01,083756,Staff,0,14,30,30
1650952269526,MATH 20B,A02,083757,Staff,0,11,30,30
1650952275552,MATH 20C,A01,083760,Staff,0,17,30,30
1650952275552,MATH 20C,A02,083761,Staff,0,15,30,30
1650952275552,MATH 20C,B01,083762,Staff,9,0,30,21
1650952275552,MATH 20C,B02,083763,Staff,28,0,30,2
1650952281576,MATH 20D,A01,083765,Staff,2,1,30,28
1650952281576,MATH 20D,A02,083766,Staff,3,0,30,27
1650952281576,MATH 20D,A03,083767,Staff,23,0,30,7
1650952287600,MATH 20E,A01,083771,Staff,2,0,30,28
1650952287600,MATH 20E,A02,083772,Staff,13,0,30,17
1650952287600,MATH 20E,B01,083773,Staff,0,0,30,30
1650952287600,MATH 20E,B02,083774,Staff,1,0,30,29
1650952293628,MATH 103A,A01,083777,Staff,0,17,30,30
1650952293628,MATH 103A,A02,083778,Staff,0,15,30,30
1650952293628,MATH 103A,B01,083779,Staff,0,15,30,30
1650952293628,MATH 103A,B02,083780,Staff,0,14,30,30
1650952299650,MATH 105,A01,085443,Staff,0,23,30,30
1650952305675,MATH 109,A01,083213,Anzaldo; Leesa B,0,7,30,30
1650952305675,MATH 109,A02,083214,Anzaldo; Leesa B,0,7,30,30
1650952305675,MATH 109,B01,083215,Anzaldo; Leesa B,0,8,30,30
1650952305675,MATH 109,B02,083216,Anzaldo; Leesa B,0,7,30,30
1650952311705,MATH 142A,A01,083219,Chow; Bennett,0,14,30,30
1650952311705,MATH 142A,A02,083220,Chow; Bennett,0,15,30,30
1650952311705,MATH 142A,B01,083221,Chow; Bennett,0,16,30,30
1650952311705,MATH 142A,B02,083222,Chow; Bennett,0,14,30,30
1650952317729,MATH 193A,A01,083224,Staff,0,6,30,30
1650952317729,MATH 193A,A02,083225,Staff,0,7,30,30
1650952317729,MATH 193A,A03,083781,Staff,0,6,30,30
1650952317729,MATH 193A,A04,083782,Staff,0,7,30,30
1650952323753,MATH 197,001,091859,McAuley; Julian John,9998,0,9999,1
1650952329811,COGS 9,A01,083615,Staff,0,18,60,60
1650952335841,COGS 11,A01,083617,Boyle; Mary E. T.,15,0,40,25
1650952341869,COGS 13,A01,083071,Staff,0,41,40,40
1650952347895,COGS 14A,A01,092681,Staff,0,38,100,100
1650952353918,COGS 14B,A01,083073,Cheng; Tzu-Han,0,13,50,50
1650952359945,COGS 17,A01,092677,Staff,6,0,75,69
1650952365972,COGS 100,A01,083619,Staff,0,31,60,60
1650952371997,COGS 101A,A01,083621,Davis; Joshua Daniel,0,29,60,60
1650952378023,COGS 101B,A01,091572,Staff,0,5,60,60
1650952384051,COGS 101C,A01,083625,Delgado; Tania,14,0,30,16
1650952390078,COGS 107A,A01,083627,Boyle; Mary E. T.,0,16,60,60
1650952396100,COGS 118A,A01,083075,Staff,0,10,60,60
1650952402137,CSE 3,A50,083646,Miranda; Gregory Joseph,15,0,38,23
1650952402137,CSE 3,A51,083647,Miranda; Gregory Joseph,36,0,37,1
1650952408168,CSE 8A,A50,083650,Miranda; Gregory Joseph,0,31,40,40
1650952414192,CSE 11,A01,083080,Cao; Yingjun,0,99,40,40
1650952420217,CSE 12,A01,083652,Staff,0,24,100,100
1650952426244,CSE 15L,A01,083654,Staff,0,3,50,50
1650952426244,CSE 15L,A02,083655,Staff,0,3,50,50
1650952432274,CSE 20,A01,083657,Staff,47,0,80,33
1650952438300,CSE 30,A01,083084,Eldon; John,1,38,80,79
1650952444327,CSE 100,A01,083659,Cao; Yingjun,0,71,50,50
1650952450354,CSE 134B,A01,083661,Powell; Thomas Allan,0,40,65,65
1650952456379,CSE 140,A01,083663,Staff,0,13,75,75
1650952462405,CSE 140L,A01,083088,Eldon; John,4,0,100,96
1650952468432,CSE 175,A01,083665,Kumar; Rakesh,0,0,25,25
1650952474454,CSE 190,A00,092507,Dubnov; Shlomo,9,0,20,11
1650952480477,ECE 45,A01,083139,Staff,0,6,60,60
1650952486500,ECE 65,A50,083695,Staff,0,7,30,30
1650952492522,ECE 109,A01,091882,Touri; Behrouz,32,0,70,38
1650952498548,ECE 180,A00,083140,Abi Samra; Nicholas Camill,18,0,30,12
1650952498548,ECE 180,B00,083141,Abi Samra; Nicholas Camill,0,0,30,30
1650952504580,MATH 10A,A01,083735,Patchell; Gregory David,2,0,30,28
1650952504580,MATH 10A,A02,083736,Patchell; Gregory David,27,0,30,3
1650952504580,MATH 10A,A03,083737,Patchell; Gregory David,23,0,30,7
1650952510605,MATH 10B,A01,083207,Staff,0,9,30,30
1650952510605,MATH 10B,A02,083208,Staff,0,5,30,30
1650952510605,MATH 10B,B01,083739,Staff,9,0,30,21
1650952510605,MATH 10B,B02,083740,Staff,28,0,30,2
1650952516635,MATH 18,A01,083743,Staff,0,0,30,30
1650952516635,MATH 18,A02,083744,Staff,24,0,30,6
1650952516635,MATH 18,A03,083745,Staff,19,0,30,11
1650952516635,MATH 18,A04,083746,Staff,26,0,30,4
1650952516635,MATH 18,B01,083748,Staff,0,15,30,30
1650952516635,MATH 18,B02,083749,Staff,0,14,30,30
1650952516635,MATH 18,B03,083750,Staff,0,13,30,30
1650952516635,MATH 18,B04,083751,Staff,0,13,30,30
1650952522661,MATH 20A,A01,083754,Staff,19,0,40,21
1650952528684,MATH 20B,A01,083756,Staff,0,14,30,30
1650952528684,MATH 20B,A02,083757,Staff,0,11,30,30
1650952534709,MATH 20C,A01,083760,Staff,0,17,30,30
1650952534709,MATH 20C,A02,083761,Staff,0,15,30,30
1650952534709,MATH 20C,B01,083762,Staff,9,0,30,21
1650952534709,MATH 20C,B02,083763,Staff,28,0,30,2
1650952540734,MATH 20D,A01,083765,Staff,2,1,30,28
1650952540734,MATH 20D,A02,083766,Staff,3,0,30,27
1650952540734,MATH 20D,A03,083767,Staff,23,0,30,7
1650952546758,MATH 20E,A01,083771,Staff,2,0,30,28
1650952546758,MATH 20E,A02,083772,Staff,13,0,30,17
1650952546758,MATH 20E,B01,083773,Staff,0,0,30,30
1650952546758,MATH 20E,B02,083774,Staff,1,0,30,29
1650952552787,MATH 103A,A01,083777,Staff,0,17,30,30
1650952552787,MATH 103A,A02,083778,Staff,0,15,30,30
1650952552787,MATH 103A,B01,083779,Staff,0,15,30,30
1650952552787,MATH 103A,B02,083780,Staff,0,14,30,30
1650952558811,MATH 105,A01,085443,Staff,0,23,30,30
1650952564834,MATH 109,A01,083213,Anzaldo; Leesa B,0,7,30,30
1650952564834,MATH 109,A02,083214,Anzaldo; Leesa B,0,7,30,30
1650952564834,MATH 109,B01,083215,Anzaldo; Leesa B,0,8,30,30
1650952564834,MATH 109,B02,083216,Anzaldo; Leesa B,0,7,30,30
1650952570858,MATH 142A,A01,083219,Chow; Bennett,0,14,30,30
1650952570858,MATH 142A,A02,083220,Chow; Bennett,0,15,30,30
1650952570858,MATH 142A,B01,083221,Chow; Bennett,0,16,30,30
1650952570858,MATH 142A,B02,083222,Chow; Bennett,0,14,30,30
1650952576887,MATH 193A,A01,083224,Staff,0,6,30,30
1650952576887,MATH 193A,A02,083225,Staff,0,7,30,30
1650952576887,MATH 193A,A03,083781,Staff,0,6,30,30
1650952576887,MATH 193A,A04,083782,Staff,0,7,30,30
1650952582911,MATH 197,001,091859,McAuley; Julian John,9998,0,9999,1
1650952588962,COGS 9,A01,083615,Staff,0,18,60,60
1650952594989,COGS 11,A01,083617,Boyle; Mary E. T.,15,0,40,25
1650952601014,COGS 13,A01,083071,Staff,0,41,40,40
1650952607040,COGS 14A,A01,092681,Staff,0,38,100,100
1650952613066,COGS 14B,A01,083073,Cheng; Tzu-Han,0,13,50,50
1650952619090,COGS 17,A01,092677,Staff,6,0,75,69
1650952625111,COGS 100,A01,083619,Staff,0,31,60,60
1650952631140,COGS 101A,A01,083621,Davis; Joshua Daniel,0,29,60,60
1650952637164,COGS 101B,A01,091572,Staff,0,5,60,60
1650952643190,COGS 101C,A01,083625,Delgado; Tania,14,0,30,16
1650952649214,COGS 107A,A01,083627,Boyle; Mary E. T.,0,16,60,60
1650952655244,COGS 118A,A01,083075,Staff,0,10,60,60
1650952661272,CSE 3,A50,083646,Miranda; Gregory Joseph,15,0,38,23
1650952661272,CSE 3,A51,083647,Miranda; Gregory Joseph,36,0,37,1
1650952667398,CSE 8A,A50,083650,Miranda; Gregory Joseph,0,31,40,40
1650952673424,CSE 11,A01,083080,Cao; Yingjun,0,99,40,40
1650952679461,CSE 12,A01,083652,Staff,0,24,100,100
1650952685487,CSE 15L,A01,083654,Staff,0,3,50,50
1650952685487,CSE 15L,A02,083655,Staff,0,3,50,50
1650952691509,CSE 20,A01,083657,Staff,47,0,80,33
1650952697532,CSE 30,A01,083084,Eldon; John,1,38,80,79
1650952703557,CSE 100,A01,083659,Cao; Yingjun,0,71,50,50
1650952709580,CSE 134B,A01,083661,Powell; Thomas Allan,0,40,65,65
1650952715603,CSE 140,A01,083663,Staff,0,13,75,75
1650952721624,CSE 140L,A01,083088,Eldon; John,4,0,100,96
1650952727647,CSE 175,A01,083665,Kumar; Rakesh,0,0,25,25
1650952733674,CSE 190,A00,092507,Dubnov; Shlomo,9,0,20,11
1650952739699,ECE 45,A01,083139,Staff,0,6,60,60
1650952745726,ECE 65,A50,083695,Staff,0,7,30,30
1650952751758,ECE 109,A01,091882,Touri; Behrouz,32,0,70,38
1650952757781,ECE 180,A00,083140,Abi Samra; Nicholas Camill,18,0,30,12
1650952757781,ECE 180,B00,083141,Abi Samra; Nicholas Camill,0,0,30,30
1650952763804,MATH 10A,A01,083735,Patchell; Gregory David,2,0,30,28
1650952763804,MATH 10A,A02,083736,Patchell; Gregory David,27,0,30,3
1650952763804,MATH 10A,A03,083737,Patchell; Gregory David,23,0,30,7
1650952769829,MATH 10B,A01,083207,Staff,0,9,30,30
1650952769829,MATH 10B,A02,083208,Staff,0,5,30,30
1650952769829,MATH 10B,B01,083739,Staff,9,0,30,21
1650952769829,MATH 10B,B02,083740,Staff,28,0,30,2
1650952775858,MATH 18,A01,083743,Staff,0,0,30,30
1650952775858,MATH 18,A02,083744,Staff,24,0,30,6
1650952775858,MATH 18,A03,083745,Staff,19,0,30,11
1650952775858,MATH 18,A04,083746,Staff,26,0,30,4
1650952775858,MATH 18,B01,083748,Staff,0,15,30,30
1650952775858,MATH 18,B02,083749,Staff,0,14,30,30
1650952775858,MATH 18,B03,083750,Staff,0,13,30,30
1650952775858,MATH 18,B04,083751,Staff,0,13,30,30
1650952781882,MATH 20A,A01,083754,Staff,19,0,40,21
1650952787910,MATH 20B,A01,083756,Staff,0,14,30,30
1650952787910,MATH 20B,A02,083757,Staff,0,11,30,30
1650952793940,MATH 20C,A01,083760,Staff,0,17,30,30
1650952793940,MATH 20C,A02,083761,Staff,0,15,30,30
1650952793940,MATH 20C,B01,083762,Staff,9,0,30,21
1650952793940,MATH 20C,B02,083763,Staff,28,0,30,2
1650952799961,MATH 20D,A01,083765,Staff,2,1,30,28
1650952799961,MATH 20D,A02,083766,Staff,3,0,30,27
1650952799961,MATH 20D,A03,083767,Staff,23,0,30,7
1650952805985,MATH 20E,A01,083771,Staff,2,0,30,28
1650952805985,MATH 20E,A02,083772,Staff,13,0,30,17
1650952805985,MATH 20E,B01,083773,Staff,0,0,30,30
1650952805985,MATH 20E,B02,083774,Staff,1,0,30,29
1650952812012,MATH 103A,A01,083777,Staff,0,17,30,30
1650952812012,MATH 103A,A02,083778,Staff,0,15,30,30
1650952812012,MATH 103A,B01,083779,Staff,0,15,30,30
1650952812012,MATH 103A,B02,083780,Staff,0,14,30,30
1650952818035,MATH 105,A01,085443,Staff,0,23,30,30
1650952824063,MATH 109,A01,083213,Anzaldo; Leesa B,0,7,30,30
1650952824063,MATH 109,A02,083214,Anzaldo; Leesa B,0,7,30,30
1650952824063,MATH 109,B01,083215,Anzaldo; Leesa B,0,8,30,30
1650952824063,MATH 109,B02,083216,Anzaldo; Leesa B,0,7,30,30
1650952830087,MATH 142A,A01,083219,Chow; Bennett,0,14,30,30
1650952830087,MATH 142A,A02,083220,Chow; Bennett,0,15,30,30
1650952830087,MATH 142A,B01,083221,Chow; Bennett,0,16,30,30
1650952830087,MATH 142A,B02,083222,Chow; Bennett,0,14,30,30
1650952836116,MATH 193A,A01,083224,Staff,0,6,30,30
1650952836116,MATH 193A,A02,083225,Staff,0,7,30,30
1650952836116,MATH 193A,A03,083781,Staff,0,6,30,30
1650952836116,MATH 193A,A04,083782,Staff,0,7,30,30
1650952842142,MATH 197,001,091859,McAuley; Julian John,9998,0,9999,1
1650952848206,COGS 9,A01,083615,Staff,0,18,60,60
1650952854233,COGS 11,A01,083617,Boyle; Mary E. T.,15,0,40,25
1650952860256,COGS 13,A01,083071,Staff,0,41,40,40
1650952866279,COGS 14A,A01,092681,Staff,0,38,100,100
1650952872304,COGS 14B,A01,083073,Cheng; Tzu-Han,0,13,50,50
1650952878332,COGS 17,A01,092677,Staff,6,0,75,69
1650952884362,COGS 100,A01,083619,Staff,0,31,60,60
1650952890385,COGS 101A,A01,083621,Davis; Joshua Daniel,0,29,60,60
1650952896409,COGS 101B,A01,091572,Staff,0,5,60,60
1650952902437,COGS 101C,A01,083625,Delgado; Tania,14,0,30,16
1650952908461,COGS 107A,A01,083627,Boyle; Mary E. T.,0,16,60,60
1650952914484,COGS 118A,A01,083075,Staff,0,10,60,60
1650952920509,CSE 3,A50,083646,Miranda; Gregory Joseph,15,0,38,23
1650952920509,CSE 3,A51,083647,Miranda; Gregory Joseph,36,0,37,1
1650952926534,CSE 8A,A50,083650,Miranda; Gregory Joseph,0,31,40,40
1650952932558,CSE 11,A01,083080,Cao; Yingjun,0,99,40,40
1650952938581,CSE 12,A01,083652,Staff,0,24,100,100
1650952944613,CSE 15L,A01,083654,Staff,0,3,50,50
1650952944613,CSE 15L,A02,083655,Staff,0,3,50,50
1650952950640,CSE 20,A01,083657,Staff,47,0,80,33
1650952956664,CSE 30,A01,083084,Eldon; John,1,38,80,79
1650952962692,CSE 100,A01,083659,Cao; Yingjun,0,71,50,50
1650952968718,CSE 134B,A01,083661,Powell; Thomas Allan,0,40,65,65
1650952974742,CSE 140,A01,083663,Staff,0,13,75,75
1650952980771,CSE 140L,A01,083088,Eldon; John,4,0,100,96
1650952986797,CSE 175,A01,083665,Kumar; Rakesh,0,0,25,25
1650952992824,CSE 190,A00,092507,Dubnov; Shlomo,9,0,20,11
1650952998853,ECE 45,A01,083139,Staff,0,6,60,60
1650953004877,ECE 65,A50,083695,Staff,0,7,30,30
1650953010911,ECE 109,A01,091882,Touri; Behrouz,32,0,70,38
1650953016937,ECE 180,A00,083140,Abi Samra; Nicholas Camill,18,0,30,12
1650953016937,ECE 180,B00,083141,Abi Samra; Nicholas Camill,0,0,30,30
1650953022961,MATH 10A,A01,083735,Patchell; Gregory David,2,0,30,28
1650953022961,MATH 10A,A02,083736,Patchell; Gregory David,27,0,30,3
1650953022961,MATH 10A,A03,083737,Patchell; Gregory David,23,0,30,7
1650953028993,MATH 10B,A01,083207,Staff,0,9,30,30
1650953028993,MATH 10B,A02,083208,Staff,0,5,30,30
1650953028993,MATH 10B,B01,083739,Staff,9,0,30,21
1650953028993,MATH 10B,B02,083740,Staff,28,0,30,2
1650953035038,MATH 18,A01,083743,Staff,0,0,30,30
1650953035038,MATH 18,A02,083744,Staff,24,0,30,6
1650953035038,MATH 18,A03,083745,Staff,19,0,30,11
1650953035038,MATH 18,A04,083746,Staff,26,0,30,4
1650953035038,MATH 18,B01,083748,Staff,0,15,30,30
1650953035038,MATH 18,B02,083749,Staff,0,14,30,30
1650953035038,MATH 18,B03,083750,Staff,0,13,30,30
1650953035038,MATH 18,B04,083751,Staff,0,13,30,30
1650953041066,MATH 20A,A01,083754,Staff,19,0,40,21
1650953047091,MATH 20B,A01,083756,Staff,0,14,30,30
1650953047091,MATH 20B,A02,083757,Staff,0,11,30,30
1650953053116,MATH 20C,A01,083760,Staff,0,17,30,30
1650953053116,MATH 20C,A02,083761,Staff,0,15,30,30
1650953053116,MATH 20C,B01,083762,Staff,9,0,30,21
1650953053116,MATH 20C,B02,083763,Staff,28,0,30,2
1650953059143,MATH 20D,A01,083765,Staff,2,1,30,28
1650953059143,MATH 20D,A02,083766,Staff,3,0,30,27
1650953059143,MATH 20D,A03,083767,Staff,23,0,30,7
1650953065177,MATH 20E,A01,083771,Staff,2,0,30,28
1650953065177,MATH 20E,A02,083772,Staff,13,0,30,17
1650953065177,MATH 20E,B01,083773,Staff,0,0,30,30
1650953065177,MATH 20E,B02,083774,Staff,1,0,30,29
1650953071204,MATH 103A,A01,083777,Staff,0,17,30,30
1650953071204,MATH 103A,A02,083778,Staff,0,15,30,30
1650953071204,MATH 103A,B01,083779,Staff,0,15,30,30
1650953071204,MATH 103A,B02,083780,Staff,0,14,30,30
1650953077240,MATH 105,A01,085443,Staff,0,23,30,30
1650953083285,MATH 109,A01,083213,Anzaldo; Leesa B,0,7,30,30
1650953083285,MATH 109,A02,083214,Anzaldo; Leesa B,0,7,30,30
1650953083285,MATH 109,B01,083215,Anzaldo; Leesa B,0,8,30,30
1650953083285,MATH 109,B02,083216,Anzaldo; Leesa B,0,7,30,30
1650953089320,MATH 142A,A01,083219,Chow; Bennett,0,14,30,30
1650953089320,MATH 142A,A02,083220,Chow; Bennett,0,15,30,30
1650953089320,MATH 142A,B01,083221,Chow; Bennett,0,16,30,30
1650953089320,MATH 142A,B02,083222,Chow; Bennett,0,14,30,30
1650953095377,MATH 193A,A01,083224,Staff,0,6,30,30
1650953095377,MATH 193A,A02,083225,Staff,0,7,30,30
1650953095377,MATH 193A,A03,083781,Staff,0,6,30,30
1650953095377,MATH 193A,A04,083782,Staff,0,7,30,30
1650953101407,MATH 197,001,091859,McAuley; Julian John,9998,0,9999,1
1650953107468,COGS 9,A01,083615,Staff,0,18,60,60
1650953113495,COGS 11,A01,083617,Boyle; Mary E. T.,15,0,40,25
1650953119522,COGS 13,A01,083071,Staff,0,41,40,40
1650953125555,COGS 14A,A01,092681,Staff,0,38,100,100
1650953131587,COGS 14B,A01,083073,Cheng; Tzu-Han,0,13,50,50
1650953137616,COGS 17,A01,092677,Staff,6,0,75,69
1650953143641,COGS 100,A01,083619,Staff,0,31,60,60
1650953149677,COGS 101A,A01,083621,Davis; Joshua Daniel,0,29,60,60
1650953155704,COGS 101B,A01,091572,Staff,0,5,60,60
1650953161735,COGS 101C,A01,083625,Delgado; Tania,14,0,30,16
1650953167776,COGS 107A,A01,083627,Boyle; Mary E. T.,0,16,60,60
1650953173803,COGS 118A,A01,083075,Staff,0,10,60,60
1650953179825,CSE 3,A50,083646,Miranda; Gregory Joseph,15,0,38,23
1650953179825,CSE 3,A51,083647,Miranda; Gregory Joseph,36,0,37,1
1650953185853,CSE 8A,A50,083650,Miranda; Gregory Joseph,0,31,40,40
1650953191888,CSE 11,A01,083080,Cao; Yingjun,0,99,40,40
1650953197912,CSE 12,A01,083652,Staff,0,24,100,100
1650953203940,CSE 15L,A01,083654,Staff,0,3,50,50
1650953203940,CSE 15L,A02,083655,Staff,0,3,50,50
1650953209965,CSE 20,A01,083657,Staff,47,0,80,33
1650953215992,CSE 30,A01,083084,Eldon; John,1,38,80,79
1650953222023,CSE 100,A01,083659,Cao; Yingjun,0,71,50,50
1650953228052,CSE 134B,A01,083661,Powell; Thomas Allan,0,40,65,65
1650953234081,CSE 140,A01,083663,Staff,0,13,75,75
1650953240108,CSE 140L,A01,083088,Eldon; John,4,0,100,96
1650953246132,CSE 175,A01,083665,Kumar; Rakesh,0,0,25,25
1650953252161,CSE 190,A00,092507,Dubnov; Shlomo,9,0,20,11
1650953258200,ECE 45,A01,083139,Staff,0,6,60,60
1650953264316,ECE 65,A50,083695,Staff,0,7,30,30
1650953270356,ECE 109,A01,091882,Touri; Behrouz,32,0,70,38
1650953276384,ECE 180,A00,083140,Abi Samra; Nicholas Camill,18,0,30,12
1650953276384,ECE 180,B00,083141,Abi Samra; Nicholas Camill,0,0,30,30
1650953282410,MATH 10A,A01,083735,Patchell; Gregory David,2,0,30,28
1650953282410,MATH 10A,A02,083736,Patchell; Gregory David,27,0,30,3
1650953282410,MATH 10A,A03,083737,Patchell; Gregory David,23,0,30,7
1650953288458,MATH 10B,A01,083207,Staff,0,9,30,30
1650953288458,MATH 10B,A02,083208,Staff,0,5,30,30
1650953288458,MATH 10B,B01,083739,Staff,9,0,30,21
1650953288458,MATH 10B,B02,083740,Staff,28,0,30,2
1650953294486,MATH 18,A01,083743,Staff,0,0,30,30
1650953294486,MATH 18,A02,083744,Staff,24,0,30,6
1650953294486,MATH 18,A03,083745,Staff,19,0,30,11
1650953294486,MATH 18,A04,083746,Staff,26,0,30,4
1650953294486,MATH 18,B01,083748,Staff,0,15,30,30
1650953294486,MATH 18,B02,083749,Staff,0,14,30,30
1650953294486,MATH 18,B03,083750,Staff,0,13,30,30
1650953294486,MATH 18,B04,083751,Staff,0,13,30,30
1650953300510,MATH 20A,A01,083754,Staff,19,0,40,21
1650953306537,MATH 20B,A01,083756,Staff,0,14,30,30
1650953306537,MATH 20B,A02,083757,Staff,0,11,30,30
1650953312572,MATH 20C,A01,083760,Staff,0,17,30,30
1650953312572,MATH 20C,A02,083761,Staff,0,15,30,30
1650953312572,MATH 20C,B01,083762,Staff,9,0,30,21
1650953312572,MATH 20C,B02,083763,Staff,28,0,30,2
1650953318597,MATH 20D,A01,083765,Staff,2,1,30,28
1650953318597,MATH 20D,A02,083766,Staff,3,0,30,27
1650953318597,MATH 20D,A03,083767,Staff,23,0,30,7
1650953324628,MATH 20E,A01,083771,Staff,2,0,30,28
1650953324628,MATH 20E,A02,083772,Staff,13,0,30,17
1650953324628,MATH 20E,B01,083773,Staff,0,0,30,30
1650953324628,MATH 20E,B02,083774,Staff,1,0,30,29
1650953330658,MATH 103A,A01,083777,Staff,0,17,30,30
1650953330658,MATH 103A,A02,083778,Staff,0,15,30,30
1650953330658,MATH 103A,B01,083779,Staff,0,15,30,30
1650953330658,MATH 103A,B02,083780,Staff,0,14,30,30
1650953336685,MATH 105,A01,085443,Staff,0,23,30,30
1650953342709,MATH 109,A01,083213,Anzaldo; Leesa B,0,7,30,30
1650953342709,MATH 109,A02,083214,Anzaldo; Leesa B,0,7,30,30
1650953342709,MATH 109,B01,083215,Anzaldo; Leesa B,0,8,30,30
1650953342709,MATH 109,B02,083216,Anzaldo; Leesa B,0,7,30,30
1650953348733,MATH 142A,A01,083219,Chow; Bennett,0,14,30,30
1650953348733,MATH 142A,A02,083220,Chow; Bennett,0,15,30,30
1650953348733,MATH 142A,B01,083221,Chow; Bennett,0,16,30,30
1650953348733,MATH 142A,B02,083222,Chow; Bennett,0,14,30,30
1650953354757,MATH 193A,A01,083224,Staff,0,6,30,30
1650953354757,MATH 193A,A02,083225,Staff,0,7,30,30
1650953354757,MATH 193A,A03,083781,Staff,0,6,30,30
1650953354757,MATH 193A,A04,083782,Staff,0,7,30,30
1650953360788,MATH 197,001,091859,McAuley; Julian John,9998,0,9999,1
1650953366861,COGS 9,A01,083615,Staff,0,18,60,60
1650953372897,COGS 11,A01,083617,Boyle; Mary E. T.,15,0,40,25
1650953378921,COGS 13,A01,083071,Staff,0,41,40,40
1650953384946,COGS 14A,A01,092681,Staff,0,38,100,100
1650953390973,COGS 14B,A01,083073,Cheng; Tzu-Han,0,13,50,50
1650953397016,COGS 17,A01,092677,Staff,6,0,75,69
1650953403043,COGS 100,A01,083619,Staff,0,31,60,60
1650953409066,COGS 101A,A01,083621,Davis; Joshua Daniel,0,29,60,60
1650953415092,COGS 101B,A01,091572,Staff,0,5,60,60
1650953421115,COGS 101C,A01,083625,Delgado; Tania,14,0,30,16
1650953427143,COGS 107A,A01,083627,Boyle; Mary E. T.,0,16,60,60
1650953433173,COGS 118A,A01,083075,Staff,0,10,60,60
1650953439200,CSE 3,A50,083646,Miranda; Gregory Joseph,15,0,38,23
1650953439200,CSE 3,A51,083647,Miranda; Gregory Joseph,36,0,37,1
1650953445229,CSE 8A,A50,083650,Miranda; Gregory Joseph,0,31,40,40
1650953451266,CSE 11,A01,083080,Cao; Yingjun,0,99,40,40
1650953457299,CSE 12,A01,083652,Staff,0,24,100,100
1650953463321,CSE 15L,A01,083654,Staff,0,3,50,50
1650953463321,CSE 15L,A02,083655,Staff,0,3,50,50
1650953469346,CSE 20,A01,083657,Staff,47,0,80,33
1650953475386,CSE 30,A01,083084,Eldon; John,1,38,80,79
1650953481414,CSE 100,A01,083659,Cao; Yingjun,0,71,50,50
1650953487437,CSE 134B,A01,083661,Powell; Thomas Allan,0,40,65,65
1650953493459,CSE 140,A01,083663,Staff,0,13,75,75
1650953499485,CSE 140L,A01,083088,Eldon; John,4,0,100,96
1650953505511,CSE 175,A01,083665,Kumar; Rakesh,0,0,25,25
1650953511538,CSE 190,A00,092507,Dubnov; Shlomo,9,0,20,11
1650953517565,ECE 45,A01,083139,Staff,0,6,60,60
1650953523600,ECE 65,A50,083695,Staff,0,7,30,30
1650953529623,ECE 109,A01,091882,Touri; Behrouz,32,0,70,38
1650953535650,ECE 180,A00,083140,Abi Samra; Nicholas Camill,18,0,30,12
1650953535650,ECE 180,B00,083141,Abi Samra; Nicholas Camill,0,0,30,30
1650953541674,MATH 10A,A01,083735,Patchell; Gregory David,2,0,30,28
1650953541674,MATH 10A,A02,083736,Patchell; Gregory David,27,0,30,3
1650953541674,MATH 10A,A03,083737,Patchell; Gregory David,23,0,30,7
1650953547715,MATH 10B,A01,083207,Staff,0,9,30,30
1650953547715,MATH 10B,A02,083208,Staff,0,5,30,30
1650953547715,MATH 10B,B01,083739,Staff,9,0,30,21
1650953547715,MATH 10B,B02,083740,Staff,28,0,30,2
1650953553739,MATH 18,A01,083743,Staff,0,0,30,30
1650953553739,MATH 18,A02,083744,Staff,24,0,30,6
1650953553739,MATH 18,A03,083745,Staff,19,0,30,11
1650953553739,MATH 18,A04,083746,Staff,26,0,30,4
1650953553739,MATH 18,B01,083748,Staff,0,15,30,30
1650953553739,MATH 18,B02,083749,Staff,0,14,30,30
1650953553739,MATH 18,B03,083750,Staff,0,13,30,30
1650953553739,MATH 18,B04,083751,Staff,0,13,30,30
1650953559765,MATH 20A,A01,083754,Staff,19,0,40,21
1650953565798,MATH 20B,A01,083756,Staff,0,14,30,30
1650953565798,MATH 20B,A02,083757,Staff,0,11,30,30
1650953571823,MATH 20C,A01,083760,Staff,0,17,30,30
1650953571823,MATH 20C,A02,083761,Staff,0,15,30,30
1650953571823,MATH 20C,B01,083762,Staff,9,0,30,21
1650953571823,MATH 20C,B02,083763,Staff,28,0,30,2
1650953577849,MATH 20D,A01,083765,Staff,2,1,30,28
1650953577849,MATH 20D,A02,083766,Staff,3,0,30,27
1650953577849,MATH 20D,A03,083767,Staff,23,0,30,7
1650953583872,MATH 20E,A01,083771,Staff,2,0,30,28
1650953583872,MATH 20E,A02,083772,Staff,13,0,30,17
1650953583872,MATH 20E,B01,083773,Staff,0,0,30,30
1650953583872,MATH 20E,B02,083774,Staff,1,0,30,29
1650953589897,MATH 103A,A01,083777,Staff,0,17,30,30
1650953589897,MATH 103A,A02,083778,Staff,0,15,30,30
1650953589897,MATH 103A,B01,083779,Staff,0,15,30,30
1650953589897,MATH 103A,B02,083780,Staff,0,14,30,30
1650953595925,MATH 105,A01,085443,Staff,0,23,30,30
1650953601952,MATH 109,A01,083213,Anzaldo; Leesa B,0,7,30,30
1650953601952,MATH 109,A02,083214,Anzaldo; Leesa B,0,7,30,30
1650953601952,MATH 109,B01,083215,Anzaldo; Leesa B,0,8,30,30
1650953601952,MATH 109,B02,083216,Anzaldo; Leesa B,0,7,30,30
1650953607977,MATH 142A,A01,083219,Chow; Bennett,0,14,30,30
1650953607977,MATH 142A,A02,083220,Chow; Bennett,0,15,30,30
1650953607977,MATH 142A,B01,083221,Chow; Bennett,0,16,30,30
1650953607977,MATH 142A,B02,083222,Chow; Bennett,0,14,30,30
1650953614004,MATH 193A,A01,083224,Staff,0,6,30,30
1650953614004,MATH 193A,A02,083225,Staff,0,7,30,30
1650953614004,MATH 193A,A03,083781,Staff,0,6,30,30
1650953614004,MATH 193A,A04,083782,Staff,0,7,30,30
1650953620027,MATH 197,001,091859,McAuley; Julian John,9998,0,9999,1
1650953626077,COGS 9,A01,083615,Staff,0,18,60,60
1650953632103,COGS 11,A01,083617,Boyle; Mary E. T.,15,0,40,25
1650953638133,COGS 13,A01,083071,Staff,0,41,40,40
1650953644166,COGS 14A,A01,092681,Staff,0,38,100,100
1650953650190,COGS 14B,A01,083073,Cheng; Tzu-Han,0,13,50,50
1650953656216,COGS 17,A01,092677,Staff,6,0,75,69
1650953662239,COGS 100,A01,083619,Staff,0,31,60,60
1650953668278,COGS 101A,A01,083621,Davis; Joshua Daniel,0,29,60,60
1650953674301,COGS 101B,A01,091572,Staff,0,5,60,60
1650953680325,COGS 101C,A01,083625,Delgado; Tania,14,0,30,16
1650953686349,COGS 107A,A01,083627,Boyle; Mary E. T.,0,16,60,60
1650953692375,COGS 118A,A01,083075,Staff,0,10,60,60
1650953698404,CSE 3,A50,083646,Miranda; Gregory Joseph,15,0,38,23
1650953698404,CSE 3,A51,083647,Miranda; Gregory Joseph,36,0,37,1
1650953704427,CSE 8A,A50,083650,Miranda; Gregory Joseph,0,31,40,40
1650953710462,CSE 11,A01,083080,Cao; Yingjun,0,99,40,40
1650953716501,CSE 12,A01,083652,Staff,0,24,100,100
1650953722555,CSE 15L,A01,083654,Staff,0,3,50,50
1650953722555,CSE 15L,A02,083655,Staff,0,3,50,50
1650953728579,CSE 20,A01,083657,Staff,47,0,80,33
1650953734611,CSE 30,A01,083084,Eldon; John,1,38,80,79
1650953740640,CSE 100,A01,083659,Cao; Yingjun,0,71,50,50
1650953746665,CSE 134B,A01,083661,Powell; Thomas Allan,0,40,65,65
1650953752690,CSE 140,A01,083663,Staff,0,13,75,75
1650953758713,CSE 140L,A01,083088,Eldon; John,4,0,100,96
1650953764748,CSE 175,A01,083665,Kumar; Rakesh,0,0,25,25
1650953770772,CSE 190,A00,092507,Dubnov; Shlomo,9,0,20,11
1650953776796,ECE 45,A01,083139,Staff,0,6,60,60
1650953782822,ECE 65,A50,083695,Staff,0,7,30,30
1650953788847,ECE 109,A01,091882,Touri; Behrouz,32,0,70,38
1650953794870,ECE 180,A00,083140,Abi Samra; Nicholas Camill,18,0,30,12
1650953794870,ECE 180,B00,083141,Abi Samra; Nicholas Camill,0,0,30,30
1650953800900,MATH 10A,A01,083735,Patchell; Gregory David,2,0,30,28
1650953800900,MATH 10A,A02,083736,Patchell; Gregory David,27,0,30,3
1650953800900,MATH 10A,A03,083737,Patchell; Gregory David,23,0,30,7
1650953806943,MATH 10B,A01,083207,Staff,0,9,30,30
1650953806943,MATH 10B,A02,083208,Staff,0,5,30,30
1650953806943,MATH 10B,B01,083739,Staff,9,0,30,21
1650953806943,MATH 10B,B02,083740,Staff,28,0,30,2
1650953812972,MATH 18,A01,083743,Staff,0,0,30,30
1650953812972,MATH 18,A02,083744,Staff,24,0,30,6
1650953812972,MATH 18,A03,083745,Staff,19,0,30,11
1650953812972,MATH 18,A04,083746,Staff,26,0,30,4
1650953812972,MATH 18,B01,083748,Staff,0,15,30,30
1650953812972,MATH 18,B02,083749,Staff,0,14,30,30
1650953812972,MATH 18,B03,083750,Staff,0,13,30,30
1650953812972,MATH 18,B04,083751,Staff,0,13,30,30
1650953818999,MATH 20A,A01,083754,Staff,19,0,40,21
1650953825031,MATH 20B,A01,083756,Staff,0,14,30,30
1650953825031,MATH 20B,A02,083757,Staff,0,11,30,30
1650953831055,MATH 20C,A01,083760,Staff,0,17,30,30
1650953831055,MATH 20C,A02,083761,Staff,0,15,30,30
1650953831055,MATH 20C,B01,083762,Staff,9,0,30,21
1650953831055,MATH 20C,B02,083763,Staff,28,0,30,2
1650953837082,MATH 20D,A01,083765,Staff,2,1,30,28
1650953837082,MATH 20D,A02,083766,Staff,3,0,30,27
1650953837082,MATH 20D,A03,083767,Staff,23,0,30,7
1650953843107,MATH 20E,A01,083771,Staff,2,0,30,28
1650953843107,MATH 20E,A02,083772,Staff,13,0,30,17
1650953843107,MATH 20E,B01,083773,Staff,0,0,30,30
1650953843107,MATH 20E,B02,083774,Staff,1,0,30,29
1650953849151,MATH 103A,A01,083777,Staff,0,17,30,30
1650953849151,MATH 103A,A02,083778,Staff,0,15,30,30
1650953849151,MATH 103A,B01,083779,Staff,0,15,30,30
1650953849151,MATH 103A,B02,083780,Staff,0,14,30,30
1650953855175,MATH 105,A01,085443,Staff,0,23,30,30
1650953861318,MATH 109,A01,083213,Anzaldo; Leesa B,0,7,30,30
1650953861318,MATH 109,A02,083214,Anzaldo; Leesa B,0,7,30,30
1650953861318,MATH 109,B01,083215,Anzaldo; Leesa B,0,8,30,30
1650953861318,MATH 109,B02,083216,Anzaldo; Leesa B,0,7,30,30
1650953867348,MATH 142A,A01,083219,Chow; Bennett,0,14,30,30
1650953867348,MATH 142A,A02,083220,Chow; Bennett,0,15,30,30
1650953867348,MATH 142A,B01,083221,Chow; Bennett,0,16,30,30
1650953867348,MATH 142A,B02,083222,Chow; Bennett,0,14,30,30
1650953873372,MATH 193A,A01,083224,Staff,0,6,30,30
1650953873372,MATH 193A,A02,083225,Staff,0,7,30,30
1650953873372,MATH 193A,A03,083781,Staff,0,6,30,30
1650953873372,MATH 193A,A04,083782,Staff,0,7,30,30
1650953879400,MATH 197,001,091859,McAuley; Julian John,9998,0,9999,1
1650953885463,COGS 9,A01,083615,Staff,0,18,60,60
1650953891485,COGS 11,A01,083617,Boyle; Mary E. T.,15,0,40,25
1650953897508,COGS 13,A01,083071,Staff,0,41,40,40
1650953903544,COGS 14A,A01,092681,Staff,0,38,100,100
1650953909566,COGS 14B,A01,083073,Cheng; Tzu-Han,0,13,50,50
1650953915592,COGS 17,A01,092677,Staff,6,0,75,69
1650953921615,COGS 100,A01,083619,Staff,0,31,60,60
1650953927642,COGS 101A,A01,083621,Davis; Joshua Daniel,0,29,60,60
1650953933667,COGS 101B,A01,091572,Staff,0,5,60,60
1650953939695,COGS 101C,A01,083625,Delgado; Tania,14,0,30,16
1650953945724,COGS 107A,A01,083627,Boyle; Mary E. T.,0,16,60,60
1650953951764,COGS 118A,A01,083075,Staff,0,10,60,60
1650953957789,CSE 3,A50,083646,Miranda; Gregory Joseph,15,0,38,23
1650953957789,CSE 3,A51,083647,Miranda; Gregory Joseph,36,0,37,1
1650953963814,CSE 8A,A50,083650,Miranda; Gregory Joseph,0,31,40,40
1650953969851,CSE 11,A01,083080,Cao; Yingjun,0,99,40,40
1650953975877,CSE 12,A01,083652,Staff,0,24,100,100
1650953981901,CSE 15L,A01,083654,Staff,0,3,50,50
1650953981901,CSE 15L,A02,083655,Staff,0,3,50,50
1650953987924,CSE 20,A01,083657,Staff,47,0,80,33
1650953993949,CSE 30,A01,083084,Eldon; John,1,38,80,79
1650953999972,CSE 100,A01,083659,Cao; Yingjun,0,71,50,50
1650954005996,CSE 134B,A01,083661,Powell; Thomas Allan,0,40,65,65
1650954012021,CSE 140,A01,083663,Staff,0,13,75,75
1650954018045,CSE 140L,A01,083088,Eldon; John,4,0,100,96
1650954024070,CSE 175,A01,083665,Kumar; Rakesh,0,0,25,25
1650954030094,CSE 190,A00,092507,Dubnov; Shlomo,9,0,20,11
1650954036132,ECE 45,A01,083139,Staff,0,6,60,60
1650954042156,ECE 65,A50,083695,Staff,0,7,30,30
1650954048182,ECE 109,A01,091882,Touri; Behrouz,32,0,70,38
1650954054215,ECE 180,A00,083140,Abi Samra; Nicholas Camill,18,0,30,12
1650954054215,ECE 180,B00,083141,Abi Samra; Nicholas Camill,0,0,30,30
1650954060246,MATH 10A,A01,083735,Patchell; Gregory David,2,0,30,28
1650954060246,MATH 10A,A02,083736,Patchell; Gregory David,27,0,30,3
1650954060246,MATH 10A,A03,083737,Patchell; Gregory David,23,0,30,7
1650954066270,MATH 10B,A01,083207,Staff,0,9,30,30
1650954066270,MATH 10B,A02,083208,Staff,0,5,30,30
1650954066270,MATH 10B,B01,083739,Staff,9,0,30,21
1650954066270,MATH 10B,B02,083740,Staff,28,0,30,2
1650954072296,MATH 18,A01,083743,Staff,0,0,30,30
1650954072296,MATH 18,A02,083744,Staff,24,0,30,6
1650954072296,MATH 18,A03,083745,Staff,19,0,30,11
1650954072296,MATH 18,A04,083746,Staff,26,0,30,4
1650954072296,MATH 18,B01,083748,Staff,0,15,30,30
1650954072296,MATH 18,B02,083749,Staff,0,14,30,30
1650954072296,MATH 18,B03,083750,Staff,0,13,30,30
1650954072296,MATH 18,B04,083751,Staff,0,13,30,30
1650954078323,MATH 20A,A01,083754,Staff,19,0,40,21
1650954084349,MATH 20B,A01,083756,Staff,0,14,30,30
1650954084349,MATH 20B,A02,083757,Staff,0,11,30,30
1650954090375,MATH 20C,A01,083760,Staff,0,17,30,30
1650954090375,MATH 20C,A02,083761,Staff,0,15,30,30
1650954090375,MATH 20C,B01,083762,Staff,9,0,30,21
1650954090375,MATH 20C,B02,083763,Staff,28,0,30,2
1650954096398,MATH 20D,A01,083765,Staff,2,1,30,28
1650954096398,MATH 20D,A02,083766,Staff,3,0,30,27
1650954096398,MATH 20D,A03,083767,Staff,23,0,30,7
1650954102426,MATH 20E,A01,083771,Staff,2,0,30,28
1650954102426,MATH 20E,A02,083772,Staff,13,0,30,17
1650954102426,MATH 20E,B01,083773,Staff,0,0,30,30
1650954102426,MATH 20E,B02,083774,Staff,1,0,30,29
1650954108449,MATH 103A,A01,083777,Staff,0,17,30,30
1650954108449,MATH 103A,A02,083778,Staff,0,15,30,30
1650954108449,MATH 103A,B01,083779,Staff,0,15,30,30
1650954108449,MATH 103A,B02,083780,Staff,0,14,30,30
1650954114481,MATH 105,A01,085443,Staff,0,23,30,30
1650954120515,MATH 109,A01,083213,Anzaldo; Leesa B,0,7,30,30
1650954120515,MATH 109,A02,083214,Anzaldo; Leesa B,0,7,30,30
1650954120515,MATH 109,B01,083215,Anzaldo; Leesa B,0,8,30,30
1650954120515,MATH 109,B02,083216,Anzaldo; Leesa B,0,7,30,30
1650954126544,MATH 142A,A01,083219,Chow; Bennett,0,14,30,30
1650954126544,MATH 142A,A02,083220,Chow; Bennett,0,15,30,30
1650954126544,MATH 142A,B01,083221,Chow; Bennett,0,16,30,30
1650954126544,MATH 142A,B02,083222,Chow; Bennett,0,14,30,30
1650954132590,MATH 193A,A01,083224,Staff,0,6,30,30
1650954132590,MATH 193A,A02,083225,Staff,0,7,30,30
1650954132590,MATH 193A,A03,083781,Staff,0,6,30,30
1650954132590,MATH 193A,A04,083782,Staff,0,7,30,30
1650954138629,MATH 197,001,091859,McAuley; Julian John,9998,0,9999,1
1650954144682,COGS 9,A01,083615,Staff,0,18,60,60
1650954150708,COGS 11,A01,083617,Boyle; Mary E. T.,15,0,40,25
1650954156735,COGS 13,A01,083071,Staff,0,41,40,40
1650954162761,COGS 14A,A01,092681,Staff,0,38,100,100
1650954168785,COGS 14B,A01,083073,Cheng; Tzu-Han,0,13,50,50
1650954174809,COGS 17,A01,092677,Staff,6,0,75,69
1650954180835,COGS 100,A01,083619,Staff,0,31,60,60
1650954186862,COGS 101A,A01,083621,Davis; Joshua Daniel,0,29,60,60
1650954192887,COGS 101B,A01,091572,Staff,0,5,60,60
1650954198913,COGS 101C,A01,083625,Delgado; Tania,14,0,30,16
1650954204938,COGS 107A,A01,083627,Boyle; Mary E. T.,0,16,60,60
1650954210961,COGS 118A,A01,083075,Staff,0,10,60,60
1650954216985,CSE 3,A50,083646,Miranda; Gregory Joseph,15,0,38,23
1650954216985,CSE 3,A51,083647,Miranda; Gregory Joseph,36,0,37,1
1650954223013,CSE 8A,A50,083650,Miranda; Gregory Joseph,0,31,40,40
1650954229039,CSE 11,A01,083080,Cao; Yingjun,0,99,40,40
1650954235070,CSE 12,A01,083652,Staff,0,24,100,100
1650954241095,CSE 15L,A01,083654,Staff,0,3,50,50
1650954241095,CSE 15L,A02,083655,Staff,0,3,50,50
1650954247119,CSE 20,A01,083657,Staff,47,0,80,33
1650954253142,CSE 30,A01,083084,Eldon; John,1,38,80,79
1650954259165,CSE 100,A01,083659,Cao; Yingjun,0,71,50,50
1650954265188,CSE 134B,A01,083661,Powell; Thomas Allan,0,40,65,65
1650954271217,CSE 140,A01,083663,Staff,0,13,75,75
1650954277242,CSE 140L,A01,083088,Eldon; John,4,0,100,96
1650954283268,CSE 175,A01,083665,Kumar; Rakesh,0,0,25,25
1650954289310,CSE 190,A00,092507,Dubnov; Shlomo,9,0,20,11
1650954295336,ECE 45,A01,083139,Staff,0,6,60,60
1650954301364,ECE 65,A50,083695,Staff,0,7,30,30
1650954307390,ECE 109,A01,091882,Touri; Behrouz,32,0,70,38
1650954313421,ECE 180,A00,083140,Abi Samra; Nicholas Camill,18,0,30,12
1650954313421,ECE 180,B00,083141,Abi Samra; Nicholas Camill,0,0,30,30
1650954319443,MATH 10A,A01,083735,Patchell; Gregory David,2,0,30,28
1650954319443,MATH 10A,A02,083736,Patchell; Gregory David,27,0,30,3
1650954319443,MATH 10A,A03,083737,Patchell; Gregory David,23,0,30,7
1650954325467,MATH 10B,A01,083207,Staff,0,9,30,30
1650954325467,MATH 10B,A02,083208,Staff,0,5,30,30
1650954325467,MATH 10B,B01,083739,Staff,9,0,30,21
1650954325467,MATH 10B,B02,083740,Staff,28,0,30,2
1650954331513,MATH 18,A01,083743,Staff,0,0,30,30
1650954331513,MATH 18,A02,083744,Staff,24,0,30,6
1650954331513,MATH 18,A03,083745,Staff,19,0,30,11
1650954331513,MATH 18,A04,083746,Staff,26,0,30,4
1650954331513,MATH 18,B01,083748,Staff,0,15,30,30
1650954331513,MATH 18,B02,083749,Staff,0,14,30,30
1650954331513,MATH 18,B03,083750,Staff,0,13,30,30
1650954331513,MATH 18,B04,083751,Staff,0,13,30,30
1650954337536,MATH 20A,A01,083754,Staff,19,0,40,21
1650954343563,MATH 20B,A01,083756,Staff,0,14,30,30
1650954343563,MATH 20B,A02,083757,Staff,0,11,30,30
1650954349592,MATH 20C,A01,083760,Staff,0,17,30,30
1650954349592,MATH 20C,A02,083761,Staff,0,15,30,30
1650954349592,MATH 20C,B01,083762,Staff,9,0,30,21
1650954349592,MATH 20C,B02,083763,Staff,28,0,30,2
1650954355616,MATH 20D,A01,083765,Staff,2,1,30,28
1650954355616,MATH 20D,A02,083766,Staff,3,0,30,27
1650954355616,MATH 20D,A03,083767,Staff,23,0,30,7
1650954361642,MATH 20E,A01,083771,Staff,2,0,30,28
1650954361642,MATH 20E,A02,083772,Staff,13,0,30,17
1650954361642,MATH 20E,B01,083773,Staff,0,0,30,30
1650954361642,MATH 20E,B02,083774,Staff,1,0,30,29
1650954367666,MATH 103A,A01,083777,Staff,0,17,30,30
1650954367666,MATH 103A,A02,083778,Staff,0,15,30,30
1650954367666,MATH 103A,B01,083779,Staff,0,15,30,30
1650954367666,MATH 103A,B02,083780,Staff,0,14,30,30
1650954373691,MATH 105,A01,085443,Staff,0,23,30,30
1650954379722,MATH 109,A01,083213,Anzaldo; Leesa B,0,7,30,30
1650954379722,MATH 109,A02,083214,Anzaldo; Leesa B,0,7,30,30
1650954379722,MATH 109,B01,083215,Anzaldo; Leesa B,0,8,30,30
1650954379722,MATH 109,B02,083216,Anzaldo; Leesa B,0,7,30,30
1650954385746,MATH 142A,A01,083219,Chow; Bennett,0,14,30,30
1650954385746,MATH 142A,A02,083220,Chow; Bennett,0,15,30,30
1650954385746,MATH 142A,B01,083221,Chow; Bennett,0,16,30,30
1650954385746,MATH 142A,B02,083222,Chow; Bennett,0,14,30,30
1650954391774,MATH 193A,A01,083224,Staff,0,6,30,30
1650954391774,MATH 193A,A02,083225,Staff,0,7,30,30
1650954391774,MATH 193A,A03,083781,Staff,0,6,30,30
1650954391774,MATH 193A,A04,083782,Staff,0,7,30,30
1650954397796,MATH 197,001,091859,McAuley; Julian John,9998,0,9999,1
1650954403861,COGS 9,A01,083615,Staff,0,18,60,60
1650954409884,COGS 11,A01,083617,Boyle; Mary E. T.,15,0,40,25
1650954415908,COGS 13,A01,083071,Staff,0,41,40,40
1650954421932,COGS 14A,A01,092681,Staff,0,38,100,100
1650954427956,COGS 14B,A01,083073,Cheng; Tzu-Han,0,13,50,50
1650954433984,COGS 17,A01,092677,Staff,6,0,75,69
1650954440008,COGS 100,A01,083619,Staff,0,31,60,60
1650954446036,COGS 101A,A01,083621,Davis; Joshua Daniel,0,29,60,60
1650954452152,COGS 101B,A01,091572,Staff,0,5,60,60
1650954458183,COGS 101C,A01,083625,Delgado; Tania,14,0,30,16
1650954464228,COGS 107A,A01,083627,Boyle; Mary E. T.,0,16,60,60
1650954470255,COGS 118A,A01,083075,Staff,0,10,60,60
1650954476295,CSE 3,A50,083646,Miranda; Gregory Joseph,15,0,38,23
1650954476295,CSE 3,A51,083647,Miranda; Gregory Joseph,36,0,37,1
1650954482322,CSE 8A,A50,083650,Miranda; Gregory Joseph,0,31,40,40
1650954488345,CSE 11,A01,083080,Cao; Yingjun,0,99,40,40
1650954494375,CSE 12,A01,083652,Staff,0,24,100,100
1650954500401,CSE 15L,A01,083654,Staff,0,3,50,50
1650954500401,CSE 15L,A02,083655,Staff,0,3,50,50
1650954506424,CSE 20,A01,083657,Staff,47,0,80,33
1650954512449,CSE 30,A01,083084,Eldon; John,1,38,80,79
1650954518477,CSE 100,A01,083659,Cao; Yingjun,0,71,50,50
1650954524501,CSE 134B,A01,083661,Powell; Thomas Allan,0,40,65,65
1650954530543,CSE 140,A01,083663,Staff,0,13,75,75
1650954536567,CSE 140L,A01,083088,Eldon; John,4,0,100,96
1650954542594,CSE 175,A01,083665,Kumar; Rakesh,0,0,25,25
1650954548621,CSE 190,A00,092507,Dubnov; Shlomo,9,0,20,11
1650954554646,ECE 45,A01,083139,Staff,0,6,60,60
1650954560674,ECE 65,A50,083695,Staff,0,7,30,30
1650954566699,ECE 109,A01,091882,Touri; Behrouz,32,0,70,38
1650954572729,ECE 180,A00,083140,Abi Samra; Nicholas Camill,18,0,30,12
1650954572729,ECE 180,B00,083141,Abi Samra; Nicholas Camill,0,0,30,30
1650954578763,MATH 10A,A01,083735,Patchell; Gregory David,2,0,30,28
1650954578763,MATH 10A,A02,083736,Patchell; Gregory David,27,0,30,3
1650954578763,MATH 10A,A03,083737,Patchell; Gregory David,23,0,30,7
1650954584785,MATH 10B,A01,083207,Staff,0,9,30,30
1650954584785,MATH 10B,A02,083208,Staff,0,5,30,30
1650954584785,MATH 10B,B01,083739,Staff,9,0,30,21
1650954584785,MATH 10B,B02,083740,Staff,28,0,30,2
1650954590812,MATH 18,A01,083743,Staff,0,0,30,30
1650954590812,MATH 18,A02,083744,Staff,24,0,30,6
1650954590812,MATH 18,A03,083745,Staff,19,0,30,11
1650954590812,MATH 18,A04,083746,Staff,26,0,30,4
1650954590812,MATH 18,B01,083748,Staff,0,15,30,30
1650954590812,MATH 18,B02,083749,Staff,0,14,30,30
1650954590812,MATH 18,B03,083750,Staff,0,13,30,30
1650954590812,MATH 18,B04,083751,Staff,0,13,30,30
1650954596863,MATH 20A,A01,083754,Staff,19,0,40,21
1650954602886,MATH 20B,A01,083756,Staff,0,14,30,30
1650954602886,MATH 20B,A02,083757,Staff,0,11,30,30
1650954608910,MATH 20C,A01,083760,Staff,0,17,30,30
1650954608910,MATH 20C,A02,083761,Staff,0,15,30,30
1650954608910,MATH 20C,B01,083762,Staff,9,0,30,21
1650954608910,MATH 20C,B02,083763,Staff,28,0,30,2
1650954614933,MATH 20D,A01,083765,Staff,2,1,30,28
1650954614933,MATH 20D,A02,083766,Staff,3,0,30,27
1650954614933,MATH 20D,A03,083767,Staff,23,0,30,7
1650954620958,MATH 20E,A01,083771,Staff,2,0,30,28
1650954620958,MATH 20E,A02,083772,Staff,13,0,30,17
1650954620958,MATH 20E,B01,083773,Staff,0,0,30,30
1650954620958,MATH 20E,B02,083774,Staff,1,0,30,29
1650954626982,MATH 103A,A01,083777,Staff,0,17,30,30
1650954626982,MATH 103A,A02,083778,Staff,0,15,30,30
1650954626982,MATH 103A,B01,083779,Staff,0,15,30,30
1650954626982,MATH 103A,B02,083780,Staff,0,14,30,30
1650954633006,MATH 105,A01,085443,Staff,0,23,30,30
1650954639029,MATH 109,A01,083213,Anzaldo; Leesa B,0,7,30,30
1650954639029,MATH 109,A02,083214,Anzaldo; Leesa B,0,7,30,30
1650954639029,MATH 109,B01,083215,Anzaldo; Leesa B,0,8,30,30
1650954639029,MATH 109,B02,083216,Anzaldo; Leesa B,0,7,30,30
1650954645056,MATH 142A,A01,083219,Chow; Bennett,0,14,30,30
1650954645056,MATH 142A,A02,083220,Chow; Bennett,0,15,30,30
1650954645056,MATH 142A,B01,083221,Chow; Bennett,0,16,30,30
1650954645056,MATH 142A,B02,083222,Chow; Bennett,0,14,30,30
1650954651087,MATH 193A,A01,083224,Staff,0,6,30,30
1650954651087,MATH 193A,A02,083225,Staff,0,7,30,30
1650954651087,MATH 193A,A03,083781,Staff,0,6,30,30
1650954651087,MATH 193A,A04,083782,Staff,0,7,30,30
1650954657134,MATH 197,001,091859,McAuley; Julian John,9998,0,9999,1
1650954663187,COGS 9,A01,083615,Staff,0,18,60,60
1650954669214,COGS 11,A01,083617,Boyle; Mary E. T.,15,0,40,25
1650954675252,COGS 13,A01,083071,Staff,0,41,40,40
1650954681273,COGS 14A,A01,092681,Staff,0,38,100,100
1650954687300,COGS 14B,A01,083073,Cheng; Tzu-Han,0,13,50,50
1650954693325,COGS 17,A01,092677,Staff,6,0,75,69
1650954699352,COGS 100,A01,083619,Staff,0,31,60,60
1650954705385,COGS 101A,A01,083621,Davis; Joshua Daniel,0,29,60,60
1650954711436,COGS 101B,A01,091572,Staff,0,5,60,60
1650954717460,COGS 101C,A01,083625,Delgado; Tania,14,0,30,16
1650954723491,COGS 107A,A01,083627,Boyle; Mary E. T.,0,16,60,60
1650954729526,COGS 118A,A01,083075,Staff,0,10,60,60
1650954735553,CSE 3,A50,083646,Miranda; Gregory Joseph,15,0,38,23
1650954735553,CSE 3,A51,083647,Miranda; Gregory Joseph,36,0,37,1
1650954741576,CSE 8A,A50,083650,Miranda; Gregory Joseph,0,31,40,40
1650954747599,CSE 11,A01,083080,Cao; Yingjun,0,99,40,40
1650954753631,CSE 12,A01,083652,Staff,0,24,100,100
1650954759679,CSE 15L,A01,083654,Staff,0,3,50,50
1650954759679,CSE 15L,A02,083655,Staff,0,3,50,50
1650954765712,CSE 20,A01,083657,Staff,47,0,80,33
1650954771749,CSE 30,A01,083084,Eldon; John,1,38,80,79
1650954777773,CSE 100,A01,083659,Cao; Yingjun,0,71,50,50
1650954783824,CSE 134B,A01,083661,Powell; Thomas Allan,0,40,65,65
1650954789869,CSE 140,A01,083663,Staff,0,13,75,75
1650954795903,CSE 140L,A01,083088,Eldon; John,4,0,100,96
1650954801930,CSE 175,A01,083665,Kumar; Rakesh,0,0,25,25
1650954807953,CSE 190,A00,092507,Dubnov; Shlomo,9,0,20,11
1650954813980,ECE 45,A01,083139,Staff,0,6,60,60
1650954820007,ECE 65,A50,083695,Staff,0,7,30,30
1650954826028,ECE 109,A01,091882,Touri; Behrouz,32,0,70,38
1650954832054,ECE 180,A00,083140,Abi Samra; Nicholas Camill,18,0,30,12
1650954832054,ECE 180,B00,083141,Abi Samra; Nicholas Camill,0,0,30,30
1650954838078,MATH 10A,A01,083735,Patchell; Gregory David,2,0,30,28
1650954838078,MATH 10A,A02,083736,Patchell; Gregory David,27,0,30,3
1650954838078,MATH 10A,A03,083737,Patchell; Gregory David,23,0,30,7
1650954844125,MATH 10B,A01,083207,Staff,0,9,30,30
1650954844125,MATH 10B,A02,083208,Staff,0,5,30,30
1650954844125,MATH 10B,B01,083739,Staff,9,0,30,21
1650954844125,MATH 10B,B02,083740,Staff,28,0,30,2
1650954850151,MATH 18,A01,083743,Staff,0,0,30,30
1650954850151,MATH 18,A02,083744,Staff,24,0,30,6
1650954850151,MATH 18,A03,083745,Staff,19,0,30,11
1650954850151,MATH 18,A04,083746,Staff,26,0,30,4
1650954850151,MATH 18,B01,083748,Staff,0,15,30,30
1650954850151,MATH 18,B02,083749,Staff,0,14,30,30
1650954850151,MATH 18,B03,083750,Staff,0,13,30,30
1650954850151,MATH 18,B04,083751,Staff,0,13,30,30
1650954856175,MATH 20A,A01,083754,Staff,19,0,40,21
1650954862210,MATH 20B,A01,083756,Staff,0,14,30,30
1650954862210,MATH 20B,A02,083757,Staff,0,11,30,30
1650954868259,MATH 20C,A01,083760,Staff,0,17,30,30
1650954868259,MATH 20C,A02,083761,Staff,0,15,30,30
1650954868259,MATH 20C,B01,083762,Staff,9,0,30,21
1650954868259,MATH 20C,B02,083763,Staff,28,0,30,2
1650954874282,MATH 20D,A01,083765,Staff,2,1,30,28
1650954874282,MATH 20D,A02,083766,Staff,3,0,30,27
1650954874282,MATH 20D,A03,083767,Staff,23,0,30,7
1650954880323,MATH 20E,A01,083771,Staff,2,0,30,28
1650954880323,MATH 20E,A02,083772,Staff,13,0,30,17
1650954880323,MATH 20E,B01,083773,Staff,0,0,30,30
1650954880323,MATH 20E,B02,083774,Staff,1,0,30,29
1650954886371,MATH 103A,A01,083777,Staff,0,17,30,30
1650954886371,MATH 103A,A02,083778,Staff,0,15,30,30
1650954886371,MATH 103A,B01,083779,Staff,0,15,30,30
1650954886371,MATH 103A,B02,083780,Staff,0,14,30,30
1650954892408,MATH 105,A01,085443,Staff,0,23,30,30
1650954898468,MATH 109,A01,083213,Anzaldo; Leesa B,0,7,30,30
1650954898468,MATH 109,A02,083214,Anzaldo; Leesa B,0,7,30,30
1650954898468,MATH 109,B01,083215,Anzaldo; Leesa B,0,8,30,30
1650954898468,MATH 109,B02,083216,Anzaldo; Leesa B,0,7,30,30
1650954904513,MATH 142A,A01,083219,Chow; Bennett,0,14,30,30
1650954904513,MATH 142A,A02,083220,Chow; Bennett,0,15,30,30
1650954904513,MATH 142A,B01,083221,Chow; Bennett,0,16,30,30
1650954904513,MATH 142A,B02,083222,Chow; Bennett,0,14,30,30
1650954910537,MATH 193A,A01,083224,Staff,0,6,30,30
1650954910537,MATH 193A,A02,083225,Staff,0,7,30,30
1650954910537,MATH 193A,A03,083781,Staff,0,6,30,30
1650954910537,MATH 193A,A04,083782,Staff,0,7,30,30
1650954916561,MATH 197,001,091859,McAuley; Julian John,9998,0,9999,1
1650954922616,COGS 9,A01,083615,Staff,0,18,60,60
1650954928640,COGS 11,A01,083617,Boyle; Mary E. T.,15,0,40,25
1650954934670,COGS 13,A01,083071,Staff,0,41,40,40
1650954940708,COGS 14A,A01,092681,Staff,0,38,100,100
1650954946736,COGS 14B,A01,083073,Cheng; Tzu-Han,0,13,50,50
1650954952774,COGS 17,A01,092677,Staff,6,0,75,69
1650954958797,COGS 100,A01,083619,Staff,0,31,60,60
1650954964822,COGS 101A,A01,083621,Davis; Joshua Daniel,0,29,60,60
1650954970872,COGS 101B,A01,091572,Staff,0,5,60,60
1650954976912,COGS 101C,A01,083625,Delgado; Tania,14,0,30,16
1650954982939,COGS 107A,A01,083627,Boyle; Mary E. T.,0,16,60,60
1650954988964,COGS 118A,A01,083075,Staff,0,10,60,60
1650954995008,CSE 3,A50,083646,Miranda; Gregory Joseph,15,0,38,23
1650954995008,CSE 3,A51,083647,Miranda; Gregory Joseph,36,0,37,1
1650955001035,CSE 8A,A50,083650,Miranda; Gregory Joseph,0,31,40,40
1650955007062,CSE 11,A01,083080,Cao; Yingjun,0,99,40,40
1650955013098,CSE 12,A01,083652,Staff,0,24,100,100
1650955019122,CSE 15L,A01,083654,Staff,0,3,50,50
1650955019122,CSE 15L,A02,083655,Staff,0,3,50,50
1650955025149,CSE 20,A01,083657,Staff,47,0,80,33
1650955031204,CSE 30,A01,083084,Eldon; John,1,38,80,79
1650955037253,CSE 100,A01,083659,Cao; Yingjun,0,71,50,50
1650955043301,CSE 134B,A01,083661,Powell; Thomas Allan,0,40,65,65
1650955049438,CSE 140,A01,083663,Staff,0,13,75,75
1650955055461,CSE 140L,A01,083088,Eldon; John,4,0,100,96
1650955061492,CSE 175,A01,083665,Kumar; Rakesh,0,0,25,25
1650955067514,CSE 190,A00,092507,Dubnov; Shlomo,9,0,20,11
1650955073536,ECE 45,A01,083139,Staff,0,6,60,60
1650955079586,ECE 65,A50,083695,Staff,0,7,30,30
1650955085616,ECE 109,A01,091882,Touri; Behrouz,32,0,70,38
1650955091639,ECE 180,A00,083140,Abi Samra; Nicholas Camill,18,0,30,12
1650955091639,ECE 180,B00,083141,Abi Samra; Nicholas Camill,0,0,30,30
1650955097679,MATH 10A,A01,083735,Patchell; Gregory David,2,0,30,28
1650955097679,MATH 10A,A02,083736,Patchell; Gregory David,27,0,30,3
1650955097679,MATH 10A,A03,083737,Patchell; Gregory David,23,0,30,7
1650955103707,MATH 10B,A01,083207,Staff,0,9,30,30
1650955103707,MATH 10B,A02,083208,Staff,0,5,30,30
1650955103707,MATH 10B,B01,083739,Staff,9,0,30,21
1650955103707,MATH 10B,B02,083740,Staff,28,0,30,2
1650955109739,MATH 18,A01,083743,Staff,0,0,30,30
1650955109739,MATH 18,A02,083744,Staff,24,0,30,6
1650955109739,MATH 18,A03,083745,Staff,19,0,30,11
1650955109739,MATH 18,A04,083746,Staff,26,0,30,4
1650955109739,MATH 18,B01,083748,Staff,0,15,30,30
1650955109739,MATH 18,B02,083749,Staff,0,14,30,30
1650955109739,MATH 18,B03,083750,Staff,0,13,30,30
1650955109739,MATH 18,B04,083751,Staff,0,13,30,30
1650955115762,MATH 20A,A01,083754,Staff,19,0,40,21
1650955121789,MATH 20B,A01,083756,Staff,0,14,30,30
1650955121789,MATH 20B,A02,083757,Staff,0,11,30,30
1650955127827,MATH 20C,A01,083760,Staff,0,17,30,30
1650955127827,MATH 20C,A02,083761,Staff,0,15,30,30
1650955127827,MATH 20C,B01,083762,Staff,9,0,30,21
1650955127827,MATH 20C,B02,083763,Staff,28,0,30,2
1650955133875,MATH 20D,A01,083765,Staff,2,1,30,28
1650955133875,MATH 20D,A02,083766,Staff,3,0,30,27
1650955133875,MATH 20D,A03,083767,Staff,23,0,30,7
1650955139903,MATH 20E,A01,083771,Staff,2,0,30,28
1650955139903,MATH 20E,A02,083772,Staff,13,0,30,17
1650955139903,MATH 20E,B01,083773,Staff,0,0,30,30
1650955139903,MATH 20E,B02,083774,Staff,1,0,30,29
1650955145931,MATH 103A,A01,083777,Staff,0,17,30,30
1650955145931,MATH 103A,A02,083778,Staff,0,15,30,30
1650955145931,MATH 103A,B01,083779,Staff,0,15,30,30
1650955145931,MATH 103A,B02,083780,Staff,0,14,30,30
1650955151954,MATH 105,A01,085443,Staff,0,23,30,30
1650955157983,MATH 109,A01,083213,Anzaldo; Leesa B,0,7,30,30
1650955157983,MATH 109,A02,083214,Anzaldo; Leesa B,0,7,30,30
1650955157983,MATH 109,B01,083215,Anzaldo; Leesa B,0,8,30,30
1650955157983,MATH 109,B02,083216,Anzaldo; Leesa B,0,7,30,30
1650955164022,MATH 142A,A01,083219,Chow; Bennett,0,14,30,30
1650955164022,MATH 142A,A02,083220,Chow; Bennett,0,15,30,30
1650955164022,MATH 142A,B01,083221,Chow; Bennett,0,16,30,30
1650955164022,MATH 142A,B02,083222,Chow; Bennett,0,14,30,30
1650955170067,MATH 193A,A01,083224,Staff,0,6,30,30
1650955170067,MATH 193A,A02,083225,Staff,0,7,30,30
1650955170067,MATH 193A,A03,083781,Staff,0,6,30,30
1650955170067,MATH 193A,A04,083782,Staff,0,7,30,30
1650955176091,MATH 197,001,091859,McAuley; Julian John,9998,0,9999,1
1650955182150,COGS 9,A01,083615,Staff,0,18,60,60
1650955188176,COGS 11,A01,083617,Boyle; Mary E. T.,15,0,40,25
1650955194198,COGS 13,A01,083071,Staff,0,41,40,40
1650955200245,COGS 14A,A01,092681,Staff,0,38,100,100
1650955206273,COGS 14B,A01,083073,Cheng; Tzu-Han,0,13,50,50
1650955212305,COGS 17,A01,092677,Staff,6,0,75,69
1650955218351,COGS 100,A01,083619,Staff,0,31,60,60
1650955224384,COGS 101A,A01,083621,Davis; Joshua Daniel,0,29,60,60
1650955230406,COGS 101B,A01,091572,Staff,0,5,60,60
1650955236433,COGS 101C,A01,083625,Delgado; Tania,14,0,30,16
1650955242471,COGS 107A,A01,083627,Boyle; Mary E. T.,0,16,60,60
1650955248495,COGS 118A,A01,083075,Staff,0,10,60,60
1650955254521,CSE 3,A50,083646,Miranda; Gregory Joseph,15,0,38,23
1650955254521,CSE 3,A51,083647,Miranda; Gregory Joseph,36,0,37,1
1650955260559,CSE 8A,A50,083650,Miranda; Gregory Joseph,0,31,40,40
1650955266593,CSE 11,A01,083080,Cao; Yingjun,0,99,40,40
1650955272618,CSE 12,A01,083652,Staff,0,24,100,100
1650955278643,CSE 15L,A01,083654,Staff,0,3,50,50
1650955278643,CSE 15L,A02,083655,Staff,0,3,50,50
1650955284673,CSE 20,A01,083657,Staff,47,0,80,33
1650955290695,CSE 30,A01,083084,Eldon; John,1,38,80,79
1650955296735,CSE 100,A01,083659,Cao; Yingjun,0,71,50,50
1650955302762,CSE 134B,A01,083661,Powell; Thomas Allan,0,40,65,65
1650955308790,CSE 140,A01,083663,Staff,0,13,75,75
1650955314844,CSE 140L,A01,083088,Eldon; John,4,0,100,96
1650955320866,CSE 175,A01,083665,Kumar; Rakesh,0,0,25,25
1650955326889,CSE 190,A00,092507,Dubnov; Shlomo,9,0,20,11
1650955332912,ECE 45,A01,083139,Staff,0,6,60,60
1650955338951,ECE 65,A50,083695,Staff,0,7,30,30
1650955344986,ECE 109,A01,091882,Touri; Behrouz,32,0,70,38
1650955351035,ECE 180,A00,083140,Abi Samra; Nicholas Camill,18,0,30,12
1650955351035,ECE 180,B00,083141,Abi Samra; Nicholas Camill,0,0,30,30
1650955357061,MATH 10A,A01,083735,Patchell; Gregory David,2,0,30,28
1650955357061,MATH 10A,A02,083736,Patchell; Gregory David,27,0,30,3
1650955357061,MATH 10A,A03,083737,Patchell; Gregory David,23,0,30,7
1650955363087,MATH 10B,A01,083207,Staff,0,9,30,30
1650955363087,MATH 10B,A02,083208,Staff,0,5,30,30
1650955363087,MATH 10B,B01,083739,Staff,9,0,30,21
1650955363087,MATH 10B,B02,083740,Staff,28,0,30,2
1650955369118,MATH 18,A01,083743,Staff,0,0,30,30
1650955369118,MATH 18,A02,083744,Staff,24,0,30,6
1650955369118,MATH 18,A03,083745,Staff,19,0,30,11
1650955369118,MATH 18,A04,083746,Staff,26,0,30,4
1650955369118,MATH 18,B01,083748,Staff,0,15,30,30
1650955369118,MATH 18,B02,083749,Staff,0,14,30,30
1650955369118,MATH 18,B03,083750,Staff,0,13,30,30
1650955369118,MATH 18,B04,083751,Staff,0,13,30,30
1650955375146,MATH 20A,A01,083754,Staff,19,0,40,21
1650955381169,MATH 20B,A01,083756,Staff,0,14,30,30
1650955381169,MATH 20B,A02,083757,Staff,0,11,30,30
1650955387204,MATH 20C,A01,083760,Staff,0,17,30,30
1650955387204,MATH 20C,A02,083761,Staff,0,15,30,30
1650955387204,MATH 20C,B01,083762,Staff,9,0,30,21
1650955387204,MATH 20C,B02,083763,Staff,28,0,30,2
1650955393229,MATH 20D,A01,083765,Staff,2,1,30,28
1650955393229,MATH 20D,A02,083766,Staff,3,0,30,27
1650955393229,MATH 20D,A03,083767,Staff,23,0,30,7
1650955399259,MATH 20E,A01,083771,Staff,2,0,30,28
1650955399259,MATH 20E,A02,083772,Staff,13,0,30,17
1650955399259,MATH 20E,B01,083773,Staff,0,0,30,30
1650955399259,MATH 20E,B02,083774,Staff,1,0,30,29
1650955405287,MATH 103A,A01,083777,Staff,0,17,30,30
1650955405287,MATH 103A,A02,083778,Staff,0,15,30,30
1650955405287,MATH 103A,B01,083779,Staff,0,15,30,30
1650955405287,MATH 103A,B02,083780,Staff,0,14,30,30
1650955411311,MATH 105,A01,085443,Staff,0,23,30,30
1650955417334,MATH 109,A01,083213,Anzaldo; Leesa B,0,7,30,30
1650955417334,MATH 109,A02,083214,Anzaldo; Leesa B,0,7,30,30
1650955417334,MATH 109,B01,083215,Anzaldo; Leesa B,0,8,30,30
1650955417334,MATH 109,B02,083216,Anzaldo; Leesa B,0,7,30,30
1650955423356,MATH 142A,A01,083219,Chow; Bennett,0,14,30,30
1650955423356,MATH 142A,A02,083220,Chow; Bennett,0,15,30,30
1650955423356,MATH 142A,B01,083221,Chow; Bennett,0,16,30,30
1650955423356,MATH 142A,B02,083222,Chow; Bennett,0,14,30,30
1650955429379,MATH 193A,A01,083224,Staff,0,6,30,30
1650955429379,MATH 193A,A02,083225,Staff,0,7,30,30
1650955429379,MATH 193A,A03,083781,Staff,0,6,30,30
1650955429379,MATH 193A,A04,083782,Staff,0,7,30,30
1650955435408,MATH 197,001,091859,McAuley; Julian John,9998,0,9999,1
1650955441472,COGS 9,A01,083615,Staff,0,18,60,60
1650955447502,COGS 11,A01,083617,Boyle; Mary E. T.,15,0,40,25
1650955453527,COGS 13,A01,083071,Staff,0,41,40,40
1650955459552,COGS 14A,A01,092681,Staff,0,38,100,100
1650955465583,COGS 14B,A01,083073,Cheng; Tzu-Han,0,13,50,50
1650955471606,COGS 17,A01,092677,Staff,6,0,75,69
1650955477629,COGS 100,A01,083619,Staff,0,31,60,60
1650955483653,COGS 101A,A01,083621,Davis; Joshua Daniel,0,29,60,60
1650955489676,COGS 101B,A01,091572,Staff,0,5,60,60
1650955495716,COGS 101C,A01,083625,Delgado; Tania,14,0,30,16
1650955501741,COGS 107A,A01,083627,Boyle; Mary E. T.,0,16,60,60
1650955507764,COGS 118A,A01,083075,Staff,0,10,60,60
1650955513792,CSE 3,A50,083646,Miranda; Gregory Joseph,15,0,38,23
1650955513792,CSE 3,A51,083647,Miranda; Gregory Joseph,36,0,37,1
1650955519819,CSE 8A,A50,083650,Miranda; Gregory Joseph,0,31,40,40
1650955525842,CSE 11,A01,083080,Cao; Yingjun,0,99,40,40
1650955531865,CSE 12,A01,083652,Staff,0,24,100,100
1650955537900,CSE 15L,A01,083654,Staff,0,3,50,50
1650955537900,CSE 15L,A02,083655,Staff,0,3,50,50
1650955543922,CSE 20,A01,083657,Staff,47,0,80,33
1650955549946,CSE 30,A01,083084,Eldon; John,1,38,80,79
1650955555981,CSE 100,A01,083659,Cao; Yingjun,0,71,50,50
1650955562006,CSE 134B,A01,083661,Powell; Thomas Allan,0,40,65,65
1650955568028,CSE 140,A01,083663,Staff,0,13,75,75
1650955574050,CSE 140L,A01,083088,Eldon; John,4,0,100,96
1650955580075,CSE 175,A01,083665,Kumar; Rakesh,0,0,25,25
1650955586101,CSE 190,A00,092507,Dubnov; Shlomo,9,0,20,11
1650955592133,ECE 45,A01,083139,Staff,0,6,60,60
1650955598155,ECE 65,A50,083695,Staff,0,7,30,30
1650955604176,ECE 109,A01,091882,Touri; Behrouz,32,0,70,38
1650955610200,ECE 180,A00,083140,Abi Samra; Nicholas Camill,18,0,30,12
1650955610200,ECE 180,B00,083141,Abi Samra; Nicholas Camill,0,0,30,30
1650955616227,MATH 10A,A01,083735,Patchell; Gregory David,2,0,30,28
1650955616227,MATH 10A,A02,083736,Patchell; Gregory David,27,0,30,3
1650955616227,MATH 10A,A03,083737,Patchell; Gregory David,23,0,30,7
1650955622253,MATH 10B,A01,083207,Staff,0,9,30,30
1650955622253,MATH 10B,A02,083208,Staff,0,5,30,30
1650955622253,MATH 10B,B01,083739,Staff,9,0,30,21
1650955622253,MATH 10B,B02,083740,Staff,28,0,30,2
1650955628278,MATH 18,A01,083743,Staff,0,0,30,30
1650955628278,MATH 18,A02,083744,Staff,24,0,30,6
1650955628278,MATH 18,A03,083745,Staff,19,0,30,11
1650955628278,MATH 18,A04,083746,Staff,26,0,30,4
1650955628278,MATH 18,B01,083748,Staff,0,15,30,30
1650955628278,MATH 18,B02,083749,Staff,0,14,30,30
1650955628278,MATH 18,B03,083750,Staff,0,13,30,30
1650955628278,MATH 18,B04,083751,Staff,0,13,30,30
1650955634304,MATH 20A,A01,083754,Staff,19,0,40,21
1650955640325,MATH 20B,A01,083756,Staff,0,14,30,30
1650955640325,MATH 20B,A02,083757,Staff,0,11,30,30
1650955646447,MATH 20C,A01,083760,Staff,0,17,30,30
1650955646447,MATH 20C,A02,083761,Staff,0,15,30,30
1650955646447,MATH 20C,B01,083762,Staff,9,0,30,21
1650955646447,MATH 20C,B02,083763,Staff,28,0,30,2
1650955652472,MATH 20D,A01,083765,Staff,2,1,30,28
1650955652472,MATH 20D,A02,083766,Staff,3,0,30,27
1650955652472,MATH 20D,A03,083767,Staff,23,0,30,7
1650955658495,MATH 20E,A01,083771,Staff,2,0,30,28
1650955658495,MATH 20E,A02,083772,Staff,13,0,30,17
1650955658495,MATH 20E,B01,083773,Staff,0,0,30,30
1650955658495,MATH 20E,B02,083774,Staff,1,0,30,29
1650955664518,MATH 103A,A01,083777,Staff,0,17,30,30
1650955664518,MATH 103A,A02,083778,Staff,0,15,30,30
1650955664518,MATH 103A,B01,083779,Staff,0,15,30,30
1650955664518,MATH 103A,B02,083780,Staff,0,14,30,30
1650955670554,MATH 105,A01,085443,Staff,0,23,30,30
1650955676576,MATH 109,A01,083213,Anzaldo; Leesa B,0,7,30,30
1650955676576,MATH 109,A02,083214,Anzaldo; Leesa B,0,7,30,30
1650955676576,MATH 109,B01,083215,Anzaldo; Leesa B,0,8,30,30
1650955676576,MATH 109,B02,083216,Anzaldo; Leesa B,0,7,30,30
1650955682613,MATH 142A,A01,083219,Chow; Bennett,0,14,30,30
1650955682613,MATH 142A,A02,083220,Chow; Bennett,0,15,30,30
1650955682613,MATH 142A,B01,083221,Chow; Bennett,0,16,30,30
1650955682613,MATH 142A,B02,083222,Chow; Bennett,0,14,30,30
1650955688635,MATH 193A,A01,083224,Staff,0,6,30,30
1650955688635,MATH 193A,A02,083225,Staff,0,7,30,30
1650955688635,MATH 193A,A03,083781,Staff,0,6,30,30
1650955688635,MATH 193A,A04,083782,Staff,0,7,30,30
1650955694660,MATH 197,001,091859,McAuley; Julian John,9998,0,9999,1
1650955700718,COGS 9,A01,083615,Staff,0,18,60,60
1650955706742,COGS 11,A01,083617,Boyle; Mary E. T.,15,0,40,25
1650955712772,COGS 13,A01,083071,Staff,0,41,40,40
1650955718797,COGS 14A,A01,092681,Staff,0,38,100,100
1650955724822,COGS 14B,A01,083073,Cheng; Tzu-Han,0,13,50,50
1650955730847,COGS 17,A01,092677,Staff,6,0,75,69
1650955736877,COGS 100,A01,083619,Staff,0,31,60,60
1650955742899,COGS 101A,A01,083621,Davis; Joshua Daniel,0,29,60,60
1650955748925,COGS 101B,A01,091572,Staff,0,5,60,60
1650955754951,COGS 101C,A01,083625,Delgado; Tania,14,0,30,16
1650955760974,COGS 107A,A01,083627,Boyle; Mary E. T.,0,16,60,60
1650955767000,COGS 118A,A01,083075,Staff,0,10,60,60
1650955773024,CSE 3,A50,083646,Miranda; Gregory Joseph,15,0,38,23
1650955773024,CSE 3,A51,083647,Miranda; Gregory Joseph,36,0,37,1
1650955779048,CSE 8A,A50,083650,Miranda; Gregory Joseph,0,31,40,40
1650955785071,CSE 11,A01,083080,Cao; Yingjun,0,99,40,40
1650955791094,CSE 12,A01,083652,Staff,0,24,100,100
1650955797123,CSE 15L,A01,083654,Staff,0,3,50,50
1650955797123,CSE 15L,A02,083655,Staff,0,3,50,50
1650955803151,CSE 20,A01,083657,Staff,47,0,80,33
1650955809172,CSE 30,A01,083084,Eldon; John,1,38,80,79
1650955815198,CSE 100,A01,083659,Cao; Yingjun,0,71,50,50
1650955821222,CSE 134B,A01,083661,Powell; Thomas Allan,0,40,65,65
1650955827248,CSE 140,A01,083663,Staff,0,13,75,75
1650955833274,CSE 140L,A01,083088,Eldon; John,4,0,100,96
1650955839300,CSE 175,A01,083665,Kumar; Rakesh,0,0,25,25
1650955845323,CSE 190,A00,092507,Dubnov; Shlomo,9,0,20,11
1650955851345,ECE 45,A01,083139,Staff,0,6,60,60
1650955857377,ECE 65,A50,083695,Staff,0,7,30,30
1650955863412,ECE 109,A01,091882,Touri; Behrouz,32,0,70,38
1650955869439,ECE 180,A00,083140,Abi Samra; Nicholas Camill,18,0,30,12
1650955869439,ECE 180,B00,083141,Abi Samra; Nicholas Camill,0,0,30,30
1650955875463,MATH 10A,A01,083735,Patchell; Gregory David,2,0,30,28
1650955875463,MATH 10A,A02,083736,Patchell; Gregory David,27,0,30,3
1650955875463,MATH 10A,A03,083737,Patchell; Gregory David,23,0,30,7
1650955881487,MATH 10B,A01,083207,Staff,0,9,30,30
1650955881487,MATH 10B,A02,083208,Staff,0,5,30,30
1650955881487,MATH 10B,B01,083739,Staff,9,0,30,21
1650955881487,MATH 10B,B02,083740,Staff,28,0,30,2
1650955887511,MATH 18,A01,083743,Staff,0,0,30,30
1650955887511,MATH 18,A02,083744,Staff,24,0,30,6
1650955887511,MATH 18,A03,083745,Staff,19,0,30,11
1650955887511,MATH 18,A04,083746,Staff,26,0,30,4
1650955887511,MATH 18,B01,083748,Staff,0,15,30,30
1650955887511,MATH 18,B02,083749,Staff,0,14,30,30
1650955887511,MATH 18,B03,083750,Staff,0,13,30,30
1650955887511,MATH 18,B04,083751,Staff,0,13,30,30
1650955893552,MATH 20A,A01,083754,Staff,19,0,40,21
1650955899575,MATH 20B,A01,083756,Staff,0,14,30,30
1650955899575,MATH 20B,A02,083757,Staff,0,11,30,30
1650955905603,MATH 20C,A01,083760,Staff,0,17,30,30
1650955905603,MATH 20C,A02,083761,Staff,0,15,30,30
1650955905603,MATH 20C,B01,083762,Staff,9,0,30,21
1650955905603,MATH 20C,B02,083763,Staff,28,0,30,2
1650955911629,MATH 20D,A01,083765,Staff,2,1,30,28
1650955911629,MATH 20D,A02,083766,Staff,3,0,30,27
1650955911629,MATH 20D,A03,083767,Staff,23,0,30,7
1650955917657,MATH 20E,A01,083771,Staff,2,0,30,28
1650955917657,MATH 20E,A02,083772,Staff,13,0,30,17
1650955917657,MATH 20E,B01,083773,Staff,0,0,30,30
1650955917657,MATH 20E,B02,083774,Staff,1,0,30,29
1650955923684,MATH 103A,A01,083777,Staff,0,17,30,30
1650955923684,MATH 103A,A02,083778,Staff,0,15,30,30
1650955923684,MATH 103A,B01,083779,Staff,0,15,30,30
1650955923684,MATH 103A,B02,083780,Staff,0,14,30,30
1650955929708,MATH 105,A01,085443,Staff,0,23,30,30
1650955935736,MATH 109,A01,083213,Anzaldo; Leesa B,0,7,30,30
1650955935736,MATH 109,A02,083214,Anzaldo; Leesa B,0,7,30,30
1650955935736,MATH 109,B01,083215,Anzaldo; Leesa B,0,8,30,30
1650955935736,MATH 109,B02,083216,Anzaldo; Leesa B,0,7,30,30
1650955941758,MATH 142A,A01,083219,Chow; Bennett,0,14,30,30
1650955941758,MATH 142A,A02,083220,Chow; Bennett,0,15,30,30
1650955941758,MATH 142A,B01,083221,Chow; Bennett,0,16,30,30
1650955941758,MATH 142A,B02,083222,Chow; Bennett,0,14,30,30
1650955947781,MATH 193A,A01,083224,Staff,0,6,30,30
1650955947781,MATH 193A,A02,083225,Staff,0,7,30,30
1650955947781,MATH 193A,A03,083781,Staff,0,6,30,30
1650955947781,MATH 193A,A04,083782,Staff,0,7,30,30
1650955953806,MATH 197,001,091859,McAuley; Julian John,9998,0,9999,1
1650955959857,COGS 9,A01,083615,Staff,0,18,60,60
1650955965883,COGS 11,A01,083617,Boyle; Mary E. T.,15,0,40,25
1650955971905,COGS 13,A01,083071,Staff,0,41,40,40
1650955977929,COGS 14A,A01,092681,Staff,0,38,100,100
1650955983954,COGS 14B,A01,083073,Cheng; Tzu-Han,0,13,50,50
1650955989976,COGS 17,A01,092677,Staff,6,0,75,69
1650955995997,COGS 100,A01,083619,Staff,0,31,60,60
1650956002024,COGS 101A,A01,083621,Davis; Joshua Daniel,0,29,60,60
1650956008049,COGS 101B,A01,091572,Staff,0,5,60,60
1650956014072,COGS 101C,A01,083625,Delgado; Tania,14,0,30,16
1650956020098,COGS 107A,A01,083627,Boyle; Mary E. T.,0,16,60,60
1650956026122,COGS 118A,A01,083075,Staff,0,10,60,60
1650956032145,CSE 3,A50,083646,Miranda; Gregory Joseph,15,0,38,23
1650956032145,CSE 3,A51,083647,Miranda; Gregory Joseph,36,0,37,1
1650956038167,CSE 8A,A50,083650,Miranda; Gregory Joseph,0,31,40,40
1650956044194,CSE 11,A01,083080,Cao; Yingjun,0,99,40,40
1650956050218,CSE 12,A01,083652,Staff,0,24,100,100
1650956056261,CSE 15L,A01,083654,Staff,0,3,50,50
1650956056261,CSE 15L,A02,083655,Staff,0,3,50,50
1650956062284,CSE 20,A01,083657,Staff,47,0,80,33
1650956068309,CSE 30,A01,083084,Eldon; John,1,38,80,79
1650956074346,CSE 100,A01,083659,Cao; Yingjun,0,71,50,50
1650956080370,CSE 134B,A01,083661,Powell; Thomas Allan,0,40,65,65
1650956086393,CSE 140,A01,083663,Staff,0,13,75,75
1650956092422,CSE 140L,A01,083088,Eldon; John,4,0,100,96
1650956098449,CSE 175,A01,083665,Kumar; Rakesh,0,0,25,25
1650956104483,CSE 190,A00,092507,Dubnov; Shlomo,9,0,20,11
1650956110509,ECE 45,A01,083139,Staff,0,6,60,60
1650956116537,ECE 65,A50,083695,Staff,0,7,30,30
1650956122561,ECE 109,A01,091882,Touri; Behrouz,32,0,70,38
1650956128585,ECE 180,A00,083140,Abi Samra; Nicholas Camill,18,0,30,12
1650956128585,ECE 180,B00,083141,Abi Samra; Nicholas Camill,0,0,30,30
1650956134609,MATH 10A,A01,083735,Patchell; Gregory David,2,0,30,28
1650956134609,MATH 10A,A02,083736,Patchell; Gregory David,27,0,30,3
1650956134609,MATH 10A,A03,083737,Patchell; Gregory David,23,0,30,7
1650956140633,MATH 10B,A01,083207,Staff,0,9,30,30
1650956140633,MATH 10B,A02,083208,Staff,0,5,30,30
1650956140633,MATH 10B,B01,083739,Staff,9,0,30,21
1650956140633,MATH 10B,B02,083740,Staff,28,0,30,2
1650956146661,MATH 18,A01,083743,Staff,0,0,30,30
1650956146661,MATH 18,A02,083744,Staff,24,0,30,6
1650956146661,MATH 18,A03,083745,Staff,19,0,30,11
1650956146661,MATH 18,A04,083746,Staff,26,0,30,4
1650956146661,MATH 18,B01,083748,Staff,0,15,30,30
1650956146661,MATH 18,B02,083749,Staff,0,14,30,30
1650956146661,MATH 18,B03,083750,Staff,0,13,30,30
1650956146661,MATH 18,B04,083751,Staff,0,13,30,30
1650956152686,MATH 20A,A01,083754,Staff,19,0,40,21
1650956158717,MATH 20B,A01,083756,Staff,0,14,30,30
1650956158717,MATH 20B,A02,083757,Staff,0,11,30,30
1650956164741,MATH 20C,A01,083760,Staff,0,17,30,30
1650956164741,MATH 20C,A02,083761,Staff,0,15,30,30
1650956164741,MATH 20C,B01,083762,Staff,9,0,30,21
1650956164741,MATH 20C,B02,083763,Staff,28,0,30,2
1650956170766,MATH 20D,A01,083765,Staff,2,1,30,28
1650956170766,MATH 20D,A02,083766,Staff,3,0,30,27
1650956170766,MATH 20D,A03,083767,Staff,23,0,30,7
1650956176793,MATH 20E,A01,083771,Staff,2,0,30,28
1650956176793,MATH 20E,A02,083772,Staff,13,0,30,17
1650956176793,MATH 20E,B01,083773,Staff,0,0,30,30
1650956176793,MATH 20E,B02,083774,Staff,1,0,30,29
1650956182821,MATH 103A,A01,083777,Staff,0,17,30,30
1650956182821,MATH 103A,A02,083778,Staff,0,15,30,30
1650956182821,MATH 103A,B01,083779,Staff,0,15,30,30
1650956182821,MATH 103A,B02,083780,Staff,0,14,30,30
1650956188844,MATH 105,A01,085443,Staff,0,23,30,30
1650956194867,MATH 109,A01,083213,Anzaldo; Leesa B,0,7,30,30
1650956194867,MATH 109,A02,083214,Anzaldo; Leesa B,0,7,30,30
1650956194867,MATH 109,B01,083215,Anzaldo; Leesa B,0,8,30,30
1650956194867,MATH 109,B02,083216,Anzaldo; Leesa B,0,7,30,30
1650956200891,MATH 142A,A01,083219,Chow; Bennett,0,14,30,30
1650956200891,MATH 142A,A02,083220,Chow; Bennett,0,15,30,30
1650956200891,MATH 142A,B01,083221,Chow; Bennett,0,16,30,30
1650956200891,MATH 142A,B02,083222,Chow; Bennett,0,14,30,30
1650956206914,MATH 193A,A01,083224,Staff,0,6,30,30
1650956206914,MATH 193A,A02,083225,Staff,0,7,30,30
1650956206914,MATH 193A,A03,083781,Staff,0,6,30,30
1650956206914,MATH 193A,A04,083782,Staff,0,7,30,30
1650956212939,MATH 197,001,091859,McAuley; Julian John,9998,0,9999,1
1650956218998,COGS 9,A01,083615,Staff,0,18,60,60
1650956225021,COGS 11,A01,083617,Boyle; Mary E. T.,15,0,40,25
1650956231046,COGS 13,A01,083071,Staff,0,41,40,40
1650956237175,COGS 14A,A01,092681,Staff,0,38,100,100
1650956243201,COGS 14B,A01,083073,Cheng; Tzu-Han,0,13,50,50
1650956249225,COGS 17,A01,092677,Staff,6,0,75,69
1650956255252,COGS 100,A01,083619,Staff,0,31,60,60
1650956261278,COGS 101A,A01,083621,Davis; Joshua Daniel,0,29,60,60
1650956267306,COGS 101B,A01,091572,Staff,0,5,60,60
1650956273329,COGS 101C,A01,083625,Delgado; Tania,14,0,30,16
1650956279352,COGS 107A,A01,083627,Boyle; Mary E. T.,0,16,60,60
1650956285374,COGS 118A,A01,083075,Staff,0,10,60,60
1650956291400,CSE 3,A50,083646,Miranda; Gregory Joseph,15,0,38,23
1650956291400,CSE 3,A51,083647,Miranda; Gregory Joseph,36,0,37,1
1650956301462,CSE 8A,A50,083650,Miranda; Gregory Joseph,0,31,40,40
1650956307496,CSE 11,A01,083080,Cao; Yingjun,0,99,40,40
1650956313520,CSE 12,A01,083652,Staff,0,24,100,100
1650956319547,CSE 15L,A01,083654,Staff,0,3,50,50
1650956319547,CSE 15L,A02,083655,Staff,0,3,50,50
1650956325572,CSE 20,A01,083657,Staff,47,0,80,33
1650956331595,CSE 30,A01,083084,Eldon; John,1,38,80,79
1650956337622,CSE 100,A01,083659,Cao; Yingjun,0,71,50,50
1650956343649,CSE 134B,A01,083661,Powell; Thomas Allan,0,40,65,65
1650956349673,CSE 140,A01,083663,Staff,0,13,75,75
1650956355703,CSE 140L,A01,083088,Eldon; John,4,0,100,96
1650956361726,CSE 175,A01,083665,Kumar; Rakesh,0,0,25,25
1650956367750,CSE 190,A00,092507,Dubnov; Shlomo,9,0,20,11
1650956373772,ECE 45,A01,083139,Staff,0,6,60,60
1650956379798,ECE 65,A50,083695,Staff,0,7,30,30
1650956385820,ECE 109,A01,091882,Touri; Behrouz,32,0,70,38
1650956391844,ECE 180,A00,083140,Abi Samra; Nicholas Camill,18,0,30,12
1650956391844,ECE 180,B00,083141,Abi Samra; Nicholas Camill,0,0,30,30
1650956397876,MATH 10A,A01,083735,Patchell; Gregory David,2,0,30,28
1650956397876,MATH 10A,A02,083736,Patchell; Gregory David,27,0,30,3
1650956397876,MATH 10A,A03,083737,Patchell; Gregory David,23,0,30,7
1650956403902,MATH 10B,A01,083207,Staff,0,9,30,30
1650956403902,MATH 10B,A02,083208,Staff,0,5,30,30
1650956403902,MATH 10B,B01,083739,Staff,8,0,30,22
1650956403902,MATH 10B,B02,083740,Staff,28,0,30,2
1650956409935,MATH 18,A01,083743,Staff,0,0,30,30
1650956409935,MATH 18,A02,083744,Staff,24,0,30,6
1650956409935,MATH 18,A03,083745,Staff,19,0,30,11
1650956409935,MATH 18,A04,083746,Staff,25,0,30,5
1650956409935,MATH 18,B01,083748,Staff,0,15,30,30
1650956409935,MATH 18,B02,083749,Staff,0,14,30,30
1650956409935,MATH 18,B03,083750,Staff,0,13,30,30
1650956409935,MATH 18,B04,083751,Staff,0,13,30,30
1650956415977,MATH 20A,A01,083754,Staff,19,0,40,21
1650956422001,MATH 20B,A01,083756,Staff,0,14,30,30
1650956422001,MATH 20B,A02,083757,Staff,0,11,30,30
1650956428028,MATH 20C,A01,083760,Staff,0,17,30,30
1650956428028,MATH 20C,A02,083761,Staff,0,15,30,30
1650956428028,MATH 20C,B01,083762,Staff,9,0,30,21
1650956428028,MATH 20C,B02,083763,Staff,28,0,30,2
1650956434052,MATH 20D,A01,083765,Staff,2,1,30,28
1650956434052,MATH 20D,A02,083766,Staff,3,0,30,27
1650956434052,MATH 20D,A03,083767,Staff,23,0,30,7
1650956440074,MATH 20E,A01,083771,Staff,2,0,30,28
1650956440074,MATH 20E,A02,083772,Staff,13,0,30,17
1650956440074,MATH 20E,B01,083773,Staff,0,0,30,30
1650956440074,MATH 20E,B02,083774,Staff,1,0,30,29
1650956446106,MATH 103A,A01,083777,Staff,0,17,30,30
1650956446106,MATH 103A,A02,083778,Staff,0,15,30,30
1650956446106,MATH 103A,B01,083779,Staff,0,15,30,30
1650956446106,MATH 103A,B02,083780,Staff,0,14,30,30
1650956452143,MATH 105,A01,085443,Staff,0,23,30,30
1650956458185,MATH 109,A01,083213,Anzaldo; Leesa B,0,7,30,30
1650956458185,MATH 109,A02,083214,Anzaldo; Leesa B,0,7,30,30
1650956458185,MATH 109,B01,083215,Anzaldo; Leesa B,0,8,30,30
1650956458185,MATH 109,B02,083216,Anzaldo; Leesa B,0,7,30,30
1650956464207,MATH 142A,A01,083219,Chow; Bennett,0,14,30,30
1650956464207,MATH 142A,A02,083220,Chow; Bennett,0,15,30,30
1650956464207,MATH 142A,B01,083221,Chow; Bennett,0,16,30,30
1650956464207,MATH 142A,B02,083222,Chow; Bennett,0,14,30,30
1650956470232,MATH 193A,A01,083224,Staff,0,6,30,30
1650956470232,MATH 193A,A02,083225,Staff,0,7,30,30
1650956470232,MATH 193A,A03,083781,Staff,0,6,30,30
1650956470232,MATH 193A,A04,083782,Staff,0,7,30,30
1650956476259,MATH 197,001,091859,McAuley; Julian John,9998,0,9999,1
1650956482310,COGS 9,A01,083615,Staff,0,18,60,60
1650956488337,COGS 11,A01,083617,Boyle; Mary E. T.,15,0,40,25
1650956494367,COGS 13,A01,083071,Staff,0,41,40,40
1650956500392,COGS 14A,A01,092681,Staff,0,38,100,100
1650956506416,COGS 14B,A01,083073,Cheng; Tzu-Han,0,13,50,50
1650956512442,COGS 17,A01,092677,Staff,6,0,75,69
1650956518465,COGS 100,A01,083619,Staff,0,31,60,60
1650956524494,COGS 101A,A01,083621,Davis; Joshua Daniel,0,29,60,60
1650956530531,COGS 101B,A01,091572,Staff,0,5,60,60
1650956536555,COGS 101C,A01,083625,Delgado; Tania,14,0,30,16
1650956542590,COGS 107A,A01,083627,Boyle; Mary E. T.,0,16,60,60
1650956548613,COGS 118A,A01,083075,Staff,0,10,60,60
1650956554649,CSE 3,A50,083646,Miranda; Gregory Joseph,15,0,38,23
1650956554649,CSE 3,A51,083647,Miranda; Gregory Joseph,36,0,37,1
1650956560678,CSE 8A,A50,083650,Miranda; Gregory Joseph,0,31,40,40
1650956566703,CSE 11,A01,083080,Cao; Yingjun,0,99,40,40
1650956572730,CSE 12,A01,083652,Staff,0,24,100,100
1650956578754,CSE 15L,A01,083654,Staff,0,3,50,50
1650956578754,CSE 15L,A02,083655,Staff,0,3,50,50
1650956584782,CSE 20,A01,083657,Staff,47,0,80,33
1650956590805,CSE 30,A01,083084,Eldon; John,1,38,80,79
1650956596832,CSE 100,A01,083659,Cao; Yingjun,0,71,50,50
1650956602862,CSE 134B,A01,083661,Powell; Thomas Allan,0,40,65,65
1650956608886,CSE 140,A01,083663,Staff,0,13,75,75
1650956614908,CSE 140L,A01,083088,Eldon; John,4,0,100,96
1650956620937,CSE 175,A01,083665,Kumar; Rakesh,0,0,25,25
1650956626963,CSE 190,A00,092507,Dubnov; Shlomo,9,0,20,11
1650956632988,ECE 45,A01,083139,Staff,0,6,60,60
1650956639011,ECE 65,A50,083695,Staff,0,7,30,30
1650956645036,ECE 109,A01,091882,Touri; Behrouz,32,0,70,38
1650956651060,ECE 180,A00,083140,Abi Samra; Nicholas Camill,18,0,30,12
1650956651060,ECE 180,B00,083141,Abi Samra; Nicholas Camill,0,0,30,30
1650956657089,MATH 10A,A01,083735,Patchell; Gregory David,2,0,30,28
1650956657089,MATH 10A,A02,083736,Patchell; Gregory David,27,0,30,3
1650956657089,MATH 10A,A03,083737,Patchell; Gregory David,23,0,30,7
1650956663112,MATH 10B,A01,083207,Staff,0,9,30,30
1650956663112,MATH 10B,A02,083208,Staff,0,5,30,30
1650956663112,MATH 10B,B01,083739,Staff,9,0,30,21
1650956663112,MATH 10B,B02,083740,Staff,28,0,30,2
1650956669142,MATH 18,A01,083743,Staff,0,0,30,30
1650956669142,MATH 18,A02,083744,Staff,24,0,30,6
1650956669142,MATH 18,A03,083745,Staff,19,0,30,11
1650956669142,MATH 18,A04,083746,Staff,26,0,30,4
1650956669142,MATH 18,B01,083748,Staff,0,15,30,30
1650956669142,MATH 18,B02,083749,Staff,0,14,30,30
1650956669142,MATH 18,B03,083750,Staff,0,13,30,30
1650956669142,MATH 18,B04,083751,Staff,0,13,30,30
1650956675165,MATH 20A,A01,083754,Staff,19,0,40,21
1650956681188,MATH 20B,A01,083756,Staff,0,14,30,30
1650956681188,MATH 20B,A02,083757,Staff,0,11,30,30
1650956687212,MATH 20C,A01,083760,Staff,0,17,30,30
1650956687212,MATH 20C,A02,083761,Staff,0,15,30,30
1650956687212,MATH 20C,B01,083762,Staff,9,0,30,21
1650956687212,MATH 20C,B02,083763,Staff,28,0,30,2
1650956693237,MATH 20D,A01,083765,Staff,2,1,30,28
1650956693237,MATH 20D,A02,083766,Staff,3,0,30,27
1650956693237,MATH 20D,A03,083767,Staff,23,0,30,7
1650956699267,MATH 20E,A01,083771,Staff,2,0,30,28
1650956699267,MATH 20E,A02,083772,Staff,13,0,30,17
1650956699267,MATH 20E,B01,083773,Staff,0,0,30,30
1650956699267,MATH 20E,B02,083774,Staff,1,0,30,29
1650956705292,MATH 103A,A01,083777,Staff,0,17,30,30
1650956705292,MATH 103A,A02,083778,Staff,0,15,30,30
1650956705292,MATH 103A,B01,083779,Staff,0,15,30,30
1650956705292,MATH 103A,B02,083780,Staff,0,14,30,30
1650956711313,MATH 105,A01,085443,Staff,0,23,30,30
1650956717341,MATH 109,A01,083213,Anzaldo; Leesa B,0,7,30,30
1650956717341,MATH 109,A02,083214,Anzaldo; Leesa B,0,7,30,30
1650956717341,MATH 109,B01,083215,Anzaldo; Leesa B,0,8,30,30
1650956717341,MATH 109,B02,083216,Anzaldo; Leesa B,0,7,30,30
1650956723366,MATH 142A,A01,083219,Chow; Bennett,0,14,30,30
1650956723366,MATH 142A,A02,083220,Chow; Bennett,0,15,30,30
1650956723366,MATH 142A,B01,083221,Chow; Bennett,0,16,30,30
1650956723366,MATH 142A,B02,083222,Chow; Bennett,0,14,30,30
1650956729390,MATH 193A,A01,083224,Staff,0,6,30,30
1650956729390,MATH 193A,A02,083225,Staff,0,7,30,30
1650956729390,MATH 193A,A03,083781,Staff,0,6,30,30
1650956729390,MATH 193A,A04,083782,Staff,0,7,30,30
1650956735417,MATH 197,001,091859,McAuley; Julian John,9998,0,9999,1
1650956741474,COGS 9,A01,083615,Staff,0,18,60,60
1650956747496,COGS 11,A01,083617,Boyle; Mary E. T.,15,0,40,25
1650956753525,COGS 13,A01,083071,Staff,0,41,40,40
1650956759551,COGS 14A,A01,092681,Staff,0,38,100,100
1650956765575,COGS 14B,A01,083073,Cheng; Tzu-Han,0,13,50,50
1650956771598,COGS 17,A01,092677,Staff,6,0,75,69
1650956777626,COGS 100,A01,083619,Staff,0,31,60,60
1650956783656,COGS 101A,A01,083621,Davis; Joshua Daniel,0,29,60,60
1650956789679,COGS 101B,A01,091572,Staff,0,5,60,60
1650956795706,COGS 101C,A01,083625,Delgado; Tania,14,0,30,16
1650956801733,COGS 107A,A01,083627,Boyle; Mary E. T.,0,16,60,60
1650956807759,COGS 118A,A01,083075,Staff,0,10,60,60
1650956813788,CSE 3,A50,083646,Miranda; Gregory Joseph,15,0,38,23
1650956813788,CSE 3,A51,083647,Miranda; Gregory Joseph,36,0,37,1
1650956819815,CSE 8A,A50,083650,Miranda; Gregory Joseph,0,31,40,40
1650956825840,CSE 11,A01,083080,Cao; Yingjun,0,99,40,40
1650956831873,CSE 12,A01,083652,Staff,0,24,100,100
1650956837981,CSE 15L,A01,083654,Staff,0,3,50,50
1650956837981,CSE 15L,A02,083655,Staff,0,3,50,50
1650956844008,CSE 20,A01,083657,Staff,47,0,80,33
1650956850033,CSE 30,A01,083084,Eldon; John,1,38,80,79
1650956856061,CSE 100,A01,083659,Cao; Yingjun,0,71,50,50
1650956862088,CSE 134B,A01,083661,Powell; Thomas Allan,0,40,65,65
1650956868112,CSE 140,A01,083663,Staff,0,13,75,75
1650956874136,CSE 140L,A01,083088,Eldon; John,4,0,100,96
1650956880161,CSE 175,A01,083665,Kumar; Rakesh,0,0,25,25
1650956886193,CSE 190,A00,092507,Dubnov; Shlomo,9,0,20,11
1650956892219,ECE 45,A01,083139,Staff,0,6,60,60
1650956898245,ECE 65,A50,083695,Staff,0,7,30,30
1650956904268,ECE 109,A01,091882,Touri; Behrouz,32,0,70,38
1650956910291,ECE 180,A00,083140,Abi Samra; Nicholas Camill,18,0,30,12
1650956910291,ECE 180,B00,083141,Abi Samra; Nicholas Camill,0,0,30,30
1650956916314,MATH 10A,A01,083735,Patchell; Gregory David,2,0,30,28
1650956916314,MATH 10A,A02,083736,Patchell; Gregory David,27,0,30,3
1650956916314,MATH 10A,A03,083737,Patchell; Gregory David,23,0,30,7
1650956922345,MATH 10B,A01,083207,Staff,0,9,30,30
1650956922345,MATH 10B,A02,083208,Staff,0,5,30,30
1650956922345,MATH 10B,B01,083739,Staff,9,0,30,21
1650956922345,MATH 10B,B02,083740,Staff,28,0,30,2
1650956928385,MATH 18,A01,083743,Staff,0,0,30,30
1650956928385,MATH 18,A02,083744,Staff,24,0,30,6
1650956928385,MATH 18,A03,083745,Staff,19,0,30,11
1650956928385,MATH 18,A04,083746,Staff,26,0,30,4
1650956928385,MATH 18,B01,083748,Staff,0,15,30,30
1650956928385,MATH 18,B02,083749,Staff,0,14,30,30
1650956928385,MATH 18,B03,083750,Staff,0,13,30,30
1650956928385,MATH 18,B04,083751,Staff,0,13,30,30
1650956934413,MATH 20A,A01,083754,Staff,19,0,40,21
1650956940439,MATH 20B,A01,083756,Staff,0,14,30,30
1650956940439,MATH 20B,A02,083757,Staff,0,11,30,30
1650956946466,MATH 20C,A01,083760,Staff,0,17,30,30
1650956946466,MATH 20C,A02,083761,Staff,0,15,30,30
1650956946466,MATH 20C,B01,083762,Staff,9,0,30,21
1650956946466,MATH 20C,B02,083763,Staff,28,0,30,2
1650956952493,MATH 20D,A01,083765,Staff,2,1,30,28
1650956952493,MATH 20D,A02,083766,Staff,3,0,30,27
1650956952493,MATH 20D,A03,083767,Staff,23,0,30,7
1650956958517,MATH 20E,A01,083771,Staff,2,0,30,28
1650956958517,MATH 20E,A02,083772,Staff,13,0,30,17
1650956958517,MATH 20E,B01,083773,Staff,0,0,30,30
1650956958517,MATH 20E,B02,083774,Staff,1,0,30,29
1650956964548,MATH 103A,A01,083777,Staff,0,17,30,30
1650956964548,MATH 103A,A02,083778,Staff,0,15,30,30
1650956964548,MATH 103A,B01,083779,Staff,0,15,30,30
1650956964548,MATH 103A,B02,083780,Staff,0,14,30,30
1650956970580,MATH 105,A01,085443,Staff,0,23,30,30
1650956976611,MATH 109,A01,083213,Anzaldo; Leesa B,0,7,30,30
1650956976611,MATH 109,A02,083214,Anzaldo; Leesa B,0,7,30,30
1650956976611,MATH 109,B01,083215,Anzaldo; Leesa B,0,8,30,30
1650956976611,MATH 109,B02,083216,Anzaldo; Leesa B,0,7,30,30
1650956982640,MATH 142A,A01,083219,Chow; Bennett,0,14,30,30
1650956982640,MATH 142A,A02,083220,Chow; Bennett,0,15,30,30
1650956982640,MATH 142A,B01,083221,Chow; Bennett,0,16,30,30
1650956982640,MATH 142A,B02,083222,Chow; Bennett,0,14,30,30
1650956988662,MATH 193A,A01,083224,Staff,0,6,30,30
1650956988662,MATH 193A,A02,083225,Staff,0,7,30,30
1650956988662,MATH 193A,A03,083781,Staff,0,6,30,30
1650956988662,MATH 193A,A04,083782,Staff,0,7,30,30
1650956994689,MATH 197,001,091859,McAuley; Julian John,9998,0,9999,1
1650957000758,COGS 9,A01,083615,Staff,0,18,60,60
1650957006785,COGS 11,A01,083617,Boyle; Mary E. T.,15,0,40,25
1650957012808,COGS 13,A01,083071,Staff,0,41,40,40
1650957018843,COGS 14A,A01,092681,Staff,0,38,100,100
1650957024867,COGS 14B,A01,083073,Cheng; Tzu-Han,0,13,50,50
1650957030891,COGS 17,A01,092677,Staff,6,0,75,69
1650957036915,COGS 100,A01,083619,Staff,0,31,60,60
1650957042943,COGS 101A,A01,083621,Davis; Joshua Daniel,0,29,60,60
1650957048969,COGS 101B,A01,091572,Staff,0,5,60,60
1650957054994,COGS 101C,A01,083625,Delgado; Tania,14,0,30,16
1650957061019,COGS 107A,A01,083627,Boyle; Mary E. T.,0,16,60,60
1650957067042,COGS 118A,A01,083075,Staff,0,10,60,60
1650957073072,CSE 3,A50,083646,Miranda; Gregory Joseph,15,0,38,23
1650957073072,CSE 3,A51,083647,Miranda; Gregory Joseph,36,0,37,1
1650957079107,CSE 8A,A50,083650,Miranda; Gregory Joseph,0,31,40,40
1650957085130,CSE 11,A01,083080,Cao; Yingjun,0,99,40,40
1650957091160,CSE 12,A01,083652,Staff,0,24,100,100
1650957097192,CSE 15L,A01,083654,Staff,0,3,50,50
1650957097192,CSE 15L,A02,083655,Staff,0,3,50,50
1650957103216,CSE 20,A01,083657,Staff,47,0,80,33
1650957109244,CSE 30,A01,083084,Eldon; John,1,38,80,79
1650957115267,CSE 100,A01,083659,Cao; Yingjun,0,71,50,50
1650957121289,CSE 134B,A01,083661,Powell; Thomas Allan,0,40,65,65
1650957127312,CSE 140,A01,083663,Staff,0,13,75,75
1650957133343,CSE 140L,A01,083088,Eldon; John,4,0,100,96
1650957139371,CSE 175,A01,083665,Kumar; Rakesh,0,0,25,25
1650957145408,CSE 190,A00,092507,Dubnov; Shlomo,9,0,20,11
1650957151431,ECE 45,A01,083139,Staff,0,6,60,60
1650957157460,ECE 65,A50,083695,Staff,0,7,30,30
1650957163483,ECE 109,A01,091882,Touri; Behrouz,32,0,70,38
1650957169506,ECE 180,A00,083140,Abi Samra; Nicholas Camill,18,0,30,12
1650957169506,ECE 180,B00,083141,Abi Samra; Nicholas Camill,0,0,30,30
1650957175532,MATH 10A,A01,083735,Patchell; Gregory David,2,0,30,28
1650957175532,MATH 10A,A02,083736,Patchell; Gregory David,27,0,30,3
1650957175532,MATH 10A,A03,083737,Patchell; Gregory David,23,0,30,7
1650957181554,MATH 10B,A01,083207,Staff,0,9,30,30
1650957181554,MATH 10B,A02,083208,Staff,0,5,30,30
1650957181554,MATH 10B,B01,083739,Staff,9,0,30,21
1650957181554,MATH 10B,B02,083740,Staff,28,0,30,2
1650957187587,MATH 18,A01,083743,Staff,0,0,30,30
1650957187587,MATH 18,A02,083744,Staff,24,0,30,6
1650957187587,MATH 18,A03,083745,Staff,19,0,30,11
1650957187587,MATH 18,A04,083746,Staff,26,0,30,4
1650957187587,MATH 18,B01,083748,Staff,0,15,30,30
1650957187587,MATH 18,B02,083749,Staff,0,14,30,30
1650957187587,MATH 18,B03,083750,Staff,0,13,30,30
1650957187587,MATH 18,B04,083751,Staff,0,13,30,30
1650957193615,MATH 20A,A01,083754,Staff,19,0,40,21
1650957199637,MATH 20B,A01,083756,Staff,0,14,30,30
1650957199637,MATH 20B,A02,083757,Staff,0,11,30,30
1650957205661,MATH 20C,A01,083760,Staff,0,17,30,30
1650957205661,MATH 20C,A02,083761,Staff,0,15,30,30
1650957205661,MATH 20C,B01,083762,Staff,9,0,30,21
1650957205661,MATH 20C,B02,083763,Staff,28,0,30,2
1650957211697,MATH 20D,A01,083765,Staff,2,1,30,28
1650957211697,MATH 20D,A02,083766,Staff,3,0,30,27
1650957211697,MATH 20D,A03,083767,Staff,23,0,30,7
1650957217722,MATH 20E,A01,083771,Staff,2,0,30,28
1650957217722,MATH 20E,A02,083772,Staff,13,0,30,17
1650957217722,MATH 20E,B01,083773,Staff,0,0,30,30
1650957217722,MATH 20E,B02,083774,Staff,1,0,30,29
1650957223746,MATH 103A,A01,083777,Staff,0,17,30,30
1650957223746,MATH 103A,A02,083778,Staff,0,15,30,30
1650957223746,MATH 103A,B01,083779,Staff,0,15,30,30
1650957223746,MATH 103A,B02,083780,Staff,0,14,30,30
1650957229782,MATH 105,A01,085443,Staff,0,23,30,30
1650957235806,MATH 109,A01,083213,Anzaldo; Leesa B,0,7,30,30
1650957235806,MATH 109,A02,083214,Anzaldo; Leesa B,0,7,30,30
1650957235806,MATH 109,B01,083215,Anzaldo; Leesa B,0,8,30,30
1650957235806,MATH 109,B02,083216,Anzaldo; Leesa B,0,7,30,30
1650957241831,MATH 142A,A01,083219,Chow; Bennett,0,14,30,30
1650957241831,MATH 142A,A02,083220,Chow; Bennett,0,15,30,30
1650957241831,MATH 142A,B01,083221,Chow; Bennett,0,16,30,30
1650957241831,MATH 142A,B02,083222,Chow; Bennett,0,14,30,30
1650957247862,MATH 193A,A01,083224,Staff,0,6,30,30
1650957247862,MATH 193A,A02,083225,Staff,0,7,30,30
1650957247862,MATH 193A,A03,083781,Staff,0,6,30,30
1650957247862,MATH 193A,A04,083782,Staff,0,7,30,30
1650957253887,MATH 197,001,091859,McAuley; Julian John,9998,0,9999,1
1650957259942,COGS 9,A01,083615,Staff,0,18,60,60
1650957265966,COGS 11,A01,083617,Boyle; Mary E. T.,15,0,40,25
1650957271995,COGS 13,A01,083071,Staff,0,41,40,40
1650957278022,COGS 14A,A01,092681,Staff,0,38,100,100
1650957284063,COGS 14B,A01,083073,Cheng; Tzu-Han,0,13,50,50
1650957290089,COGS 17,A01,092677,Staff,6,0,75,69
1650957296113,COGS 100,A01,083619,Staff,0,31,60,60
1650957302151,COGS 101A,A01,083621,Davis; Joshua Daniel,0,29,60,60
1650957308174,COGS 101B,A01,091572,Staff,0,5,60,60
1650957314206,COGS 101C,A01,083625,Delgado; Tania,14,0,30,16
1650957320238,COGS 107A,A01,083627,Boyle; Mary E. T.,0,16,60,60
1650957326263,COGS 118A,A01,083075,Staff,0,10,60,60
1650957332287,CSE 3,A50,083646,Miranda; Gregory Joseph,15,0,38,23
1650957332287,CSE 3,A51,083647,Miranda; Gregory Joseph,36,0,37,1
1650957338311,CSE 8A,A50,083650,Miranda; Gregory Joseph,0,31,40,40
1650957344334,CSE 11,A01,083080,Cao; Yingjun,0,99,40,40
1650957350363,CSE 12,A01,083652,Staff,0,24,100,100
1650957356390,CSE 15L,A01,083654,Staff,0,3,50,50
1650957356390,CSE 15L,A02,083655,Staff,0,3,50,50
1650957362413,CSE 20,A01,083657,Staff,47,0,80,33
1650957368441,CSE 30,A01,083084,Eldon; John,1,38,80,79
1650957374467,CSE 100,A01,083659,Cao; Yingjun,0,71,50,50
1650957380492,CSE 134B,A01,083661,Powell; Thomas Allan,0,40,65,65
1650957386513,CSE 140,A01,083663,Staff,0,13,75,75
1650957392537,CSE 140L,A01,083088,Eldon; John,4,0,100,96
1650957398573,CSE 175,A01,083665,Kumar; Rakesh,0,0,25,25
1650957404598,CSE 190,A00,092507,Dubnov; Shlomo,9,0,20,11
1650957410622,ECE 45,A01,083139,Staff,0,6,60,60
1650957416645,ECE 65,A50,083695,Staff,0,7,30,30
1650957422667,ECE 109,A01,091882,Touri; Behrouz,32,0,70,38
1650957428700,ECE 180,A00,083140,Abi Samra; Nicholas Camill,18,0,30,12
1650957428700,ECE 180,B00,083141,Abi Samra; Nicholas Camill,0,0,30,30
1650957434807,MATH 10A,A01,083735,Patchell; Gregory David,2,0,30,28
1650957434807,MATH 10A,A02,083736,Patchell; Gregory David,27,0,30,3
1650957434807,MATH 10A,A03,083737,Patchell; Gregory David,23,0,30,7
1650957440832,MATH 10B,A01,083207,Staff,0,9,30,30
1650957440832,MATH 10B,A02,083208,Staff,0,5,30,30
1650957440832,MATH 10B,B01,083739,Staff,9,0,30,21
1650957440832,MATH 10B,B02,083740,Staff,28,0,30,2
1650957446858,MATH 18,A01,083743,Staff,0,0,30,30
1650957446858,MATH 18,A02,083744,Staff,24,0,30,6
1650957446858,MATH 18,A03,083745,Staff,19,0,30,11
1650957446858,MATH 18,A04,083746,Staff,26,0,30,4
1650957446858,MATH 18,B01,083748,Staff,0,15,30,30
1650957446858,MATH 18,B02,083749,Staff,0,14,30,30
1650957446858,MATH 18,B03,083750,Staff,0,13,30,30
1650957446858,MATH 18,B04,083751,Staff,0,13,30,30
1650957452882,MATH 20A,A01,083754,Staff,19,0,40,21
1650957458905,MATH 20B,A01,083756,Staff,0,14,30,30
1650957458905,MATH 20B,A02,083757,Staff,0,11,30,30
1650957464934,MATH 20C,A01,083760,Staff,0,17,30,30
1650957464934,MATH 20C,A02,083761,Staff,0,15,30,30
1650957464934,MATH 20C,B01,083762,Staff,9,0,30,21
1650957464934,MATH 20C,B02,083763,Staff,28,0,30,2
1650957470962,MATH 20D,A01,083765,Staff,2,1,30,28
1650957470962,MATH 20D,A02,083766,Staff,3,0,30,27
1650957470962,MATH 20D,A03,083767,Staff,23,0,30,7
1650957476992,MATH 20E,A01,083771,Staff,2,0,30,28
1650957476992,MATH 20E,A02,083772,Staff,13,0,30,17
1650957476992,MATH 20E,B01,083773,Staff,0,0,30,30
1650957476992,MATH 20E,B02,083774,Staff,1,0,30,29
1650957483020,MATH 103A,A01,083777,Staff,0,17,30,30
1650957483020,MATH 103A,A02,083778,Staff,0,15,30,30
1650957483020,MATH 103A,B01,083779,Staff,0,15,30,30
1650957483020,MATH 103A,B02,083780,Staff,0,14,30,30
1650957489047,MATH 105,A01,085443,Staff,0,23,30,30
1650957495079,MATH 109,A01,083213,Anzaldo; Leesa B,0,7,30,30
1650957495079,MATH 109,A02,083214,Anzaldo; Leesa B,0,7,30,30
1650957495079,MATH 109,B01,083215,Anzaldo; Leesa B,0,8,30,30
1650957495079,MATH 109,B02,083216,Anzaldo; Leesa B,0,7,30,30
1650957501105,MATH 142A,A01,083219,Chow; Bennett,0,14,30,30
1650957501105,MATH 142A,A02,083220,Chow; Bennett,0,15,30,30
1650957501105,MATH 142A,B01,083221,Chow; Bennett,0,16,30,30
1650957501105,MATH 142A,B02,083222,Chow; Bennett,0,14,30,30
1650957507130,MATH 193A,A01,083224,Staff,0,6,30,30
1650957507130,MATH 193A,A02,083225,Staff,0,7,30,30
1650957507130,MATH 193A,A03,083781,Staff,0,6,30,30
1650957507130,MATH 193A,A04,083782,Staff,0,7,30,30
1650957513153,MATH 197,001,091859,McAuley; Julian John,9998,0,9999,1
1650957519221,COGS 9,A01,083615,Staff,0,18,60,60
1650957525249,COGS 11,A01,083617,Boyle; Mary E. T.,15,0,40,25
1650957531278,COGS 13,A01,083071,Staff,0,41,40,40
1650957537306,COGS 14A,A01,092681,Staff,0,38,100,100
1650957543336,COGS 14B,A01,083073,Cheng; Tzu-Han,0,13,50,50
1650957549365,COGS 17,A01,092677,Staff,6,0,75,69
1650957555387,COGS 100,A01,083619,Staff,0,31,60,60
1650957561415,COGS 101A,A01,083621,Davis; Joshua Daniel,0,29,60,60
1650957567437,COGS 101B,A01,091572,Staff,0,5,60,60
1650957573467,COGS 101C,A01,083625,Delgado; Tania,14,0,30,16
1650957579496,COGS 107A,A01,083627,Boyle; Mary E. T.,0,16,60,60
1650957585523,COGS 118A,A01,083075,Staff,0,10,60,60
1650957591551,CSE 3,A50,083646,Miranda; Gregory Joseph,15,0,38,23
1650957591551,CSE 3,A51,083647,Miranda; Gregory Joseph,36,0,37,1
1650957597576,CSE 8A,A50,083650,Miranda; Gregory Joseph,0,31,40,40
1650957603599,CSE 11,A01,083080,Cao; Yingjun,0,99,40,40
1650957609629,CSE 12,A01,083652,Staff,0,24,100,100
1650957615664,CSE 15L,A01,083654,Staff,0,3,50,50
1650957615664,CSE 15L,A02,083655,Staff,0,3,50,50
1650957621687,CSE 20,A01,083657,Staff,47,0,80,33
1650957627712,CSE 30,A01,083084,Eldon; John,1,38,80,79
1650957633736,CSE 100,A01,083659,Cao; Yingjun,0,71,50,50
1650957639766,CSE 134B,A01,083661,Powell; Thomas Allan,0,40,65,65
1650957645792,CSE 140,A01,083663,Staff,0,13,75,75
1650957651814,CSE 140L,A01,083088,Eldon; John,4,0,100,96
1650957657842,CSE 175,A01,083665,Kumar; Rakesh,0,0,25,25
1650957663884,CSE 190,A00,092507,Dubnov; Shlomo,9,0,20,11
1650957669908,ECE 45,A01,083139,Staff,0,6,60,60
1650957675932,ECE 65,A50,083695,Staff,0,7,30,30
1650957681959,ECE 109,A01,091882,Touri; Behrouz,32,0,70,38
1650957687995,ECE 180,A00,083140,Abi Samra; Nicholas Camill,18,0,30,12
1650957687995,ECE 180,B00,083141,Abi Samra; Nicholas Camill,0,0,30,30
1650957694020,MATH 10A,A01,083735,Patchell; Gregory David,2,0,30,28
1650957694020,MATH 10A,A02,083736,Patchell; Gregory David,27,0,30,3
1650957694020,MATH 10A,A03,083737,Patchell; Gregory David,23,0,30,7
1650957700051,MATH 10B,A01,083207,Staff,0,9,30,30
1650957700051,MATH 10B,A02,083208,Staff,0,5,30,30
1650957700051,MATH 10B,B01,083739,Staff,9,0,30,21
1650957700051,MATH 10B,B02,083740,Staff,28,0,30,2
1650957706078,MATH 18,A01,083743,Staff,0,0,30,30
1650957706078,MATH 18,A02,083744,Staff,24,0,30,6
1650957706078,MATH 18,A03,083745,Staff,19,0,30,11
1650957706078,MATH 18,A04,083746,Staff,26,0,30,4
1650957706078,MATH 18,B01,083748,Staff,0,15,30,30
1650957706078,MATH 18,B02,083749,Staff,0,14,30,30
1650957706078,MATH 18,B03,083750,Staff,0,13,30,30
1650957706078,MATH 18,B04,083751,Staff,0,13,30,30
1650957712105,MATH 20A,A01,083754,Staff,19,0,40,21
1650957718133,MATH 20B,A01,083756,Staff,0,14,30,30
1650957718133,MATH 20B,A02,083757,Staff,0,11,30,30
1650957724179,MATH 20C,A01,083760,Staff,0,17,30,30
1650957724179,MATH 20C,A02,083761,Staff,0,15,30,30
1650957724179,MATH 20C,B01,083762,Staff,9,0,30,21
1650957724179,MATH 20C,B02,083763,Staff,28,0,30,2
1650957730208,MATH 20D,A01,083765,Staff,2,1,30,28
1650957730208,MATH 20D,A02,083766,Staff,3,0,30,27
1650957730208,MATH 20D,A03,083767,Staff,23,0,30,7
1650957736237,MATH 20E,A01,083771,Staff,2,0,30,28
1650957736237,MATH 20E,A02,083772,Staff,13,0,30,17
1650957736237,MATH 20E,B01,083773,Staff,0,0,30,30
1650957736237,MATH 20E,B02,083774,Staff,1,0,30,29
1650957742260,MATH 103A,A01,083777,Staff,0,17,30,30
1650957742260,MATH 103A,A02,083778,Staff,0,15,30,30
1650957742260,MATH 103A,B01,083779,Staff,0,15,30,30
1650957742260,MATH 103A,B02,083780,Staff,0,14,30,30
1650957748284,MATH 105,A01,085443,Staff,0,23,30,30
1650957754315,MATH 109,A01,083213,Anzaldo; Leesa B,0,7,30,30
1650957754315,MATH 109,A02,083214,Anzaldo; Leesa B,0,7,30,30
1650957754315,MATH 109,B01,083215,Anzaldo; Leesa B,0,8,30,30
1650957754315,MATH 109,B02,083216,Anzaldo; Leesa B,0,7,30,30
1650957760349,MATH 142A,A01,083219,Chow; Bennett,0,14,30,30
1650957760349,MATH 142A,A02,083220,Chow; Bennett,0,15,30,30
1650957760349,MATH 142A,B01,083221,Chow; Bennett,0,16,30,30
1650957760349,MATH 142A,B02,083222,Chow; Bennett,0,14,30,30
1650957766381,MATH 193A,A01,083224,Staff,0,6,30,30
1650957766381,MATH 193A,A02,083225,Staff,0,7,30,30
1650957766381,MATH 193A,A03,083781,Staff,0,6,30,30
1650957766381,MATH 193A,A04,083782,Staff,0,7,30,30
1650957772404,MATH 197,001,091859,McAuley; Julian John,9998,0,9999,1
1650957778464,COGS 9,A01,083615,Staff,0,18,60,60
1650957784486,COGS 11,A01,083617,Boyle; Mary E. T.,15,0,40,25
1650957790512,COGS 13,A01,083071,Staff,0,41,40,40
1650957796534,COGS 14A,A01,092681,Staff,0,38,100,100
1650957802559,COGS 14B,A01,083073,Cheng; Tzu-Han,0,13,50,50
1650957808587,COGS 17,A01,092677,Staff,6,0,75,69
1650957814611,COGS 100,A01,083619,Staff,0,31,60,60
1650957820638,COGS 101A,A01,083621,Davis; Joshua Daniel,0,29,60,60
1650957826662,COGS 101B,A01,091572,Staff,0,5,60,60
1650957832692,COGS 101C,A01,083625,Delgado; Tania,14,0,30,16
1650957838720,COGS 107A,A01,083627,Boyle; Mary E. T.,0,16,60,60
1650957844745,COGS 118A,A01,083075,Staff,0,10,60,60
1650957850768,CSE 3,A50,083646,Miranda; Gregory Joseph,15,0,38,23
1650957850768,CSE 3,A51,083647,Miranda; Gregory Joseph,36,0,37,1
1650957856793,CSE 8A,A50,083650,Miranda; Gregory Joseph,0,31,40,40
1650957862816,CSE 11,A01,083080,Cao; Yingjun,0,99,40,40
1650957868839,CSE 12,A01,083652,Staff,0,24,100,100
1650957874864,CSE 15L,A01,083654,Staff,0,3,50,50
1650957874864,CSE 15L,A02,083655,Staff,0,3,50,50
1650957880887,CSE 20,A01,083657,Staff,47,0,80,33
1650957886911,CSE 30,A01,083084,Eldon; John,1,38,80,79
1650957892934,CSE 100,A01,083659,Cao; Yingjun,0,71,50,50
1650957898958,CSE 134B,A01,083661,Powell; Thomas Allan,0,40,65,65
1650957904989,CSE 140,A01,083663,Staff,0,13,75,75
1650957911017,CSE 140L,A01,083088,Eldon; John,4,0,100,96
1650957917039,CSE 175,A01,083665,Kumar; Rakesh,0,0,25,25
1650957923062,CSE 190,A00,092507,Dubnov; Shlomo,9,0,20,11
1650957929088,ECE 45,A01,083139,Staff,0,6,60,60
1650957935119,ECE 65,A50,083695,Staff,0,7,30,30
1650957941145,ECE 109,A01,091882,Touri; Behrouz,32,0,70,38
1650957947171,ECE 180,A00,083140,Abi Samra; Nicholas Camill,18,0,30,12
1650957947171,ECE 180,B00,083141,Abi Samra; Nicholas Camill,0,0,30,30
1650957953198,MATH 10A,A01,083735,Patchell; Gregory David,2,0,30,28
1650957953198,MATH 10A,A02,083736,Patchell; Gregory David,27,0,30,3
1650957953198,MATH 10A,A03,083737,Patchell; Gregory David,23,0,30,7
1650957959224,MATH 10B,A01,083207,Staff,0,9,30,30
1650957959224,MATH 10B,A02,083208,Staff,0,5,30,30
1650957959224,MATH 10B,B01,083739,Staff,9,0,30,21
1650957959224,MATH 10B,B02,083740,Staff,28,0,30,2
1650957965248,MATH 18,A01,083743,Staff,0,0,30,30
1650957965248,MATH 18,A02,083744,Staff,24,0,30,6
1650957965248,MATH 18,A03,083745,Staff,19,0,30,11
1650957965248,MATH 18,A04,083746,Staff,26,0,30,4
1650957965248,MATH 18,B01,083748,Staff,0,15,30,30
1650957965248,MATH 18,B02,083749,Staff,0,14,30,30
1650957965248,MATH 18,B03,083750,Staff,0,13,30,30
1650957965248,MATH 18,B04,083751,Staff,0,13,30,30
1650957971270,MATH 20A,A01,083754,Staff,19,0,40,21
1650957977298,MATH 20B,A01,083756,Staff,0,14,30,30
1650957977298,MATH 20B,A02,083757,Staff,0,11,30,30
1650957983335,MATH 20C,A01,083760,Staff,0,17,30,30
1650957983335,MATH 20C,A02,083761,Staff,0,15,30,30
1650957983335,MATH 20C,B01,083762,Staff,9,0,30,21
1650957983335,MATH 20C,B02,083763,Staff,28,0,30,2
1650957989360,MATH 20D,A01,083765,Staff,2,1,30,28
1650957989360,MATH 20D,A02,083766,Staff,3,0,30,27
1650957989360,MATH 20D,A03,083767,Staff,23,0,30,7
1650957995395,MATH 20E,A01,083771,Staff,2,0,30,28
1650957995395,MATH 20E,A02,083772,Staff,13,0,30,17
1650957995395,MATH 20E,B01,083773,Staff,0,0,30,30
1650957995395,MATH 20E,B02,083774,Staff,1,0,30,29
1650958001423,MATH 103A,A01,083777,Staff,0,17,30,30
1650958001423,MATH 103A,A02,083778,Staff,0,15,30,30
1650958001423,MATH 103A,B01,083779,Staff,0,15,30,30
1650958001423,MATH 103A,B02,083780,Staff,0,14,30,30
1650958007448,MATH 105,A01,085443,Staff,0,23,30,30
1650958013472,MATH 109,A01,083213,Anzaldo; Leesa B,0,7,30,30
1650958013472,MATH 109,A02,083214,Anzaldo; Leesa B,0,7,30,30
1650958013472,MATH 109,B01,083215,Anzaldo; Leesa B,0,8,30,30
1650958013472,MATH 109,B02,083216,Anzaldo; Leesa B,0,7,30,30
1650958019501,MATH 142A,A01,083219,Chow; Bennett,0,14,30,30
1650958019501,MATH 142A,A02,083220,Chow; Bennett,0,15,30,30
1650958019501,MATH 142A,B01,083221,Chow; Bennett,0,16,30,30
1650958019501,MATH 142A,B02,083222,Chow; Bennett,0,14,30,30
1650958025524,MATH 193A,A01,083224,Staff,0,6,30,30
1650958025524,MATH 193A,A02,083225,Staff,0,7,30,30
1650958025524,MATH 193A,A03,083781,Staff,0,6,30,30
1650958025524,MATH 193A,A04,083782,Staff,0,7,30,30
1650958031629,MATH 197,001,091859,McAuley; Julian John,9998,0,9999,1
1650958037693,COGS 9,A01,083615,Staff,0,18,60,60
1650958043720,COGS 11,A01,083617,Boyle; Mary E. T.,15,0,40,25
1650958049744,COGS 13,A01,083071,Staff,0,41,40,40
1650958055771,COGS 14A,A01,092681,Staff,0,38,100,100
1650958061799,COGS 14B,A01,083073,Cheng; Tzu-Han,0,13,50,50
1650958067828,COGS 17,A01,092677,Staff,6,0,75,69
1650958073851,COGS 100,A01,083619,Staff,0,31,60,60
1650958079880,COGS 101A,A01,083621,Davis; Joshua Daniel,0,29,60,60
1650958085908,COGS 101B,A01,091572,Staff,0,5,60,60
1650958091941,COGS 101C,A01,083625,Delgado; Tania,14,0,30,16
1650958097967,COGS 107A,A01,083627,Boyle; Mary E. T.,0,16,60,60
1650958103994,COGS 118A,A01,083075,Staff,0,10,60,60
1650958110020,CSE 3,A50,083646,Miranda; Gregory Joseph,15,0,38,23
1650958110020,CSE 3,A51,083647,Miranda; Gregory Joseph,36,0,37,1
1650958116043,CSE 8A,A50,083650,Miranda; Gregory Joseph,0,31,40,40
1650958122070,CSE 11,A01,083080,Cao; Yingjun,0,99,40,40
1650958128091,CSE 12,A01,083652,Staff,0,24,100,100
1650958134115,CSE 15L,A01,083654,Staff,0,3,50,50
1650958134115,CSE 15L,A02,083655,Staff,0,3,50,50
1650958140138,CSE 20,A01,083657,Staff,47,0,80,33
1650958146166,CSE 30,A01,083084,Eldon; John,1,38,80,79
1650958152190,CSE 100,A01,083659,Cao; Yingjun,0,71,50,50
1650958158218,CSE 134B,A01,083661,Powell; Thomas Allan,0,40,65,65
1650958164253,CSE 140,A01,083663,Staff,0,13,75,75
1650958170276,CSE 140L,A01,083088,Eldon; John,4,0,100,96
1650958176302,CSE 175,A01,083665,Kumar; Rakesh,0,0,25,25
1650958182332,CSE 190,A00,092507,Dubnov; Shlomo,9,0,20,11
1650958188356,ECE 45,A01,083139,Staff,0,6,60,60
1650958194380,ECE 65,A50,083695,Staff,0,7,30,30
1650958200408,ECE 109,A01,091882,Touri; Behrouz,32,0,70,38
1650958206445,ECE 180,A00,083140,Abi Samra; Nicholas Camill,18,0,30,12
1650958206445,ECE 180,B00,083141,Abi Samra; Nicholas Camill,0,0,30,30
1650958212467,MATH 10A,A01,083735,Patchell; Gregory David,2,0,30,28
1650958212467,MATH 10A,A02,083736,Patchell; Gregory David,27,0,30,3
1650958212467,MATH 10A,A03,083737,Patchell; Gregory David,23,0,30,7
1650958218496,MATH 10B,A01,083207,Staff,0,9,30,30
1650958218496,MATH 10B,A02,083208,Staff,0,5,30,30
1650958218496,MATH 10B,B01,083739,Staff,9,0,30,21
1650958218496,MATH 10B,B02,083740,Staff,28,0,30,2
1650958224523,MATH 18,A01,083743,Staff,0,0,30,30
1650958224523,MATH 18,A02,083744,Staff,24,0,30,6
1650958224523,MATH 18,A03,083745,Staff,19,0,30,11
1650958224523,MATH 18,A04,083746,Staff,26,0,30,4
1650958224523,MATH 18,B01,083748,Staff,0,15,30,30
1650958224523,MATH 18,B02,083749,Staff,0,14,30,30
1650958224523,MATH 18,B03,083750,Staff,0,13,30,30
1650958224523,MATH 18,B04,083751,Staff,0,13,30,30
1650958230554,MATH 20A,A01,083754,Staff,19,0,40,21
1650958236578,MATH 20B,A01,083756,Staff,0,14,30,30
1650958236578,MATH 20B,A02,083757,Staff,0,11,30,30
1650958242606,MATH 20C,A01,083760,Staff,0,17,30,30
1650958242606,MATH 20C,A02,083761,Staff,0,15,30,30
1650958242606,MATH 20C,B01,083762,Staff,9,0,30,21
1650958242606,MATH 20C,B02,083763,Staff,28,0,30,2
1650958248632,MATH 20D,A01,083765,Staff,2,1,30,28
1650958248632,MATH 20D,A02,083766,Staff,3,0,30,27
1650958248632,MATH 20D,A03,083767,Staff,23,0,30,7
1650958254656,MATH 20E,A01,083771,Staff,2,0,30,28
1650958254656,MATH 20E,A02,083772,Staff,13,0,30,17
1650958254656,MATH 20E,B01,083773,Staff,0,0,30,30
1650958254656,MATH 20E,B02,083774,Staff,1,0,30,29
1650958260682,MATH 103A,A01,083777,Staff,0,17,30,30
1650958260682,MATH 103A,A02,083778,Staff,0,15,30,30
1650958260682,MATH 103A,B01,083779,Staff,0,15,30,30
1650958260682,MATH 103A,B02,083780,Staff,0,14,30,30
1650958266706,MATH 105,A01,085443,Staff,0,23,30,30
1650958272735,MATH 109,A01,083213,Anzaldo; Leesa B,0,7,30,30
1650958272735,MATH 109,A02,083214,Anzaldo; Leesa B,0,7,30,30
1650958272735,MATH 109,B01,083215,Anzaldo; Leesa B,0,8,30,30
1650958272735,MATH 109,B02,083216,Anzaldo; Leesa B,0,7,30,30
1650958278760,MATH 142A,A01,083219,Chow; Bennett,0,14,30,30
1650958278760,MATH 142A,A02,083220,Chow; Bennett,0,15,30,30
1650958278760,MATH 142A,B01,083221,Chow; Bennett,0,16,30,30
1650958278760,MATH 142A,B02,083222,Chow; Bennett,0,14,30,30
1650958284783,MATH 193A,A01,083224,Staff,0,6,30,30
1650958284783,MATH 193A,A02,083225,Staff,0,7,30,30
1650958284783,MATH 193A,A03,083781,Staff,0,6,30,30
1650958284783,MATH 193A,A04,083782,Staff,0,7,30,30
1650958290806,MATH 197,001,091859,McAuley; Julian John,9998,0,9999,1
1650958296875,COGS 9,A01,083615,Staff,0,18,60,60
1650958302898,COGS 11,A01,083617,Boyle; Mary E. T.,15,0,40,25
1650958308923,COGS 13,A01,083071,Staff,0,41,40,40
1650958314945,COGS 14A,A01,092681,Staff,0,38,100,100
1650958320973,COGS 14B,A01,083073,Cheng; Tzu-Han,0,13,50,50
1650958326997,COGS 17,A01,092677,Staff,6,0,75,69
1650958333024,COGS 100,A01,083619,Staff,0,31,60,60
1650958339049,COGS 101A,A01,083621,Davis; Joshua Daniel,0,29,60,60
1650958345072,COGS 101B,A01,091572,Staff,0,5,60,60
1650958351101,COGS 101C,A01,083625,Delgado; Tania,14,0,30,16
1650958357128,COGS 107A,A01,083627,Boyle; Mary E. T.,0,16,60,60
1650958363154,COGS 118A,A01,083075,Staff,0,10,60,60
1650958369194,CSE 3,A50,083646,Miranda; Gregory Joseph,15,0,38,23
1650958369194,CSE 3,A51,083647,Miranda; Gregory Joseph,36,0,37,1
1650958375222,CSE 8A,A50,083650,Miranda; Gregory Joseph,0,31,40,40
1650958381251,CSE 11,A01,083080,Cao; Yingjun,0,99,40,40
1650958387280,CSE 12,A01,083652,Staff,0,24,100,100
1650958393305,CSE 15L,A01,083654,Staff,0,3,50,50
1650958393305,CSE 15L,A02,083655,Staff,0,3,50,50
1650958399331,CSE 20,A01,083657,Staff,47,0,80,33
1650958405368,CSE 30,A01,083084,Eldon; John,1,38,80,79
1650958411399,CSE 100,A01,083659,Cao; Yingjun,0,71,50,50
1650958417430,CSE 134B,A01,083661,Powell; Thomas Allan,0,40,65,65
1650958423455,CSE 140,A01,083663,Staff,0,13,75,75
1650958429480,CSE 140L,A01,083088,Eldon; John,4,0,100,96
1650958435505,CSE 175,A01,083665,Kumar; Rakesh,0,0,25,25
1650958441536,CSE 190,A00,092507,Dubnov; Shlomo,9,0,20,11
1650958447577,ECE 45,A01,083139,Staff,0,6,60,60
1650958453605,ECE 65,A50,083695,Staff,0,7,30,30
1650958459630,ECE 109,A01,091882,Touri; Behrouz,32,0,70,38
1650958465655,ECE 180,A00,083140,Abi Samra; Nicholas Camill,18,0,30,12
1650958465655,ECE 180,B00,083141,Abi Samra; Nicholas Camill,0,0,30,30
1650958471680,MATH 10A,A01,083735,Patchell; Gregory David,2,0,30,28
1650958471680,MATH 10A,A02,083736,Patchell; Gregory David,27,0,30,3
1650958471680,MATH 10A,A03,083737,Patchell; Gregory David,23,0,30,7
1650958477711,MATH 10B,A01,083207,Staff,0,9,30,30
1650958477711,MATH 10B,A02,083208,Staff,0,5,30,30
1650958477711,MATH 10B,B01,083739,Staff,9,0,30,21
1650958477711,MATH 10B,B02,083740,Staff,28,0,30,2
1650958483751,MATH 18,A01,083743,Staff,0,0,30,30
1650958483751,MATH 18,A02,083744,Staff,24,0,30,6
1650958483751,MATH 18,A03,083745,Staff,19,0,30,11
1650958483751,MATH 18,A04,083746,Staff,26,0,30,4
1650958483751,MATH 18,B01,083748,Staff,0,15,30,30
1650958483751,MATH 18,B02,083749,Staff,0,14,30,30
1650958483751,MATH 18,B03,083750,Staff,0,13,30,30
1650958483751,MATH 18,B04,083751,Staff,0,13,30,30
1650958489776,MATH 20A,A01,083754,Staff,19,0,40,21
1650958495806,MATH 20B,A01,083756,Staff,0,14,30,30
1650958495806,MATH 20B,A02,083757,Staff,0,11,30,30
1650958501832,MATH 20C,A01,083760,Staff,0,17,30,30
1650958501832,MATH 20C,A02,083761,Staff,0,15,30,30
1650958501832,MATH 20C,B01,083762,Staff,9,0,30,21
1650958501832,MATH 20C,B02,083763,Staff,28,0,30,2
1650958507855,MATH 20D,A01,083765,Staff,2,1,30,28
1650958507855,MATH 20D,A02,083766,Staff,3,0,30,27
1650958507855,MATH 20D,A03,083767,Staff,23,0,30,7
1650958513884,MATH 20E,A01,083771,Staff,2,0,30,28
1650958513884,MATH 20E,A02,083772,Staff,13,0,30,17
1650958513884,MATH 20E,B01,083773,Staff,0,0,30,30
1650958513884,MATH 20E,B02,083774,Staff,1,0,30,29
1650958519909,MATH 103A,A01,083777,Staff,0,17,30,30
1650958519909,MATH 103A,A02,083778,Staff,0,15,30,30
1650958519909,MATH 103A,B01,083779,Staff,0,15,30,30
1650958519909,MATH 103A,B02,083780,Staff,0,14,30,30
1650958525935,MATH 105,A01,085443,Staff,0,23,30,30
1650958531965,MATH 109,A01,083213,Anzaldo; Leesa B,0,7,30,30
1650958531965,MATH 109,A02,083214,Anzaldo; Leesa B,0,7,30,30
1650958531965,MATH 109,B01,083215,Anzaldo; Leesa B,0,8,30,30
1650958531965,MATH 109,B02,083216,Anzaldo; Leesa B,0,7,30,30
1650958537992,MATH 142A,A01,083219,Chow; Bennett,0,14,30,30
1650958537992,MATH 142A,A02,083220,Chow; Bennett,0,15,30,30
1650958537992,MATH 142A,B01,083221,Chow; Bennett,0,16,30,30
1650958537992,MATH 142A,B02,083222,Chow; Bennett,0,14,30,30
1650958544018,MATH 193A,A01,083224,Staff,0,6,30,30
1650958544018,MATH 193A,A02,083225,Staff,0,7,30,30
1650958544018,MATH 193A,A03,083781,Staff,0,6,30,30
1650958544018,MATH 193A,A04,083782,Staff,0,7,30,30
1650958550052,MATH 197,001,091859,McAuley; Julian John,9998,0,9999,1
1650958556117,COGS 9,A01,083615,Staff,0,18,60,60
1650958562146,COGS 11,A01,083617,Boyle; Mary E. T.,15,0,40,25
1650958568172,COGS 13,A01,083071,Staff,0,41,40,40
1650958574200,COGS 14A,A01,092681,Staff,0,38,100,100
1650958580232,COGS 14B,A01,083073,Cheng; Tzu-Han,0,13,50,50
1650958586255,COGS 17,A01,092677,Staff,6,0,75,69
1650958592279,COGS 100,A01,083619,Staff,0,31,60,60
1650958598309,COGS 101A,A01,083621,Davis; Joshua Daniel,0,29,60,60
1650958604337,COGS 101B,A01,091572,Staff,0,5,60,60
1650958610369,COGS 101C,A01,083625,Delgado; Tania,14,0,30,16
1650958616393,COGS 107A,A01,083627,Boyle; Mary E. T.,0,16,60,60
1650958622489,COGS 118A,A01,083075,Staff,0,10,60,60
1650958628515,CSE 3,A50,083646,Miranda; Gregory Joseph,15,0,38,23
1650958628515,CSE 3,A51,083647,Miranda; Gregory Joseph,36,0,37,1
1650958634543,CSE 8A,A50,083650,Miranda; Gregory Joseph,0,31,40,40
1650958640567,CSE 11,A01,083080,Cao; Yingjun,0,99,40,40
1650958646591,CSE 12,A01,083652,Staff,0,24,100,100
1650958652613,CSE 15L,A01,083654,Staff,0,3,50,50
1650958652613,CSE 15L,A02,083655,Staff,0,3,50,50
1650958658635,CSE 20,A01,083657,Staff,47,0,80,33
1650958664662,CSE 30,A01,083084,Eldon; John,1,38,80,79
1650958670697,CSE 100,A01,083659,Cao; Yingjun,0,71,50,50
1650958676730,CSE 134B,A01,083661,Powell; Thomas Allan,0,40,65,65
1650958682755,CSE 140,A01,083663,Staff,0,13,75,75
1650958688781,CSE 140L,A01,083088,Eldon; John,4,0,100,96
1650958694815,CSE 175,A01,083665,Kumar; Rakesh,0,0,25,25
1650958700849,CSE 190,A00,092507,Dubnov; Shlomo,9,0,20,11
1650958706885,ECE 45,A01,083139,Staff,0,6,60,60
1650958712916,ECE 65,A50,083695,Staff,0,7,30,30
1650958718946,ECE 109,A01,091882,Touri; Behrouz,32,0,70,38
1650958724971,ECE 180,A00,083140,Abi Samra; Nicholas Camill,18,0,30,12
1650958724971,ECE 180,B00,083141,Abi Samra; Nicholas Camill,0,0,30,30
1650958730998,MATH 10A,A01,083735,Patchell; Gregory David,2,0,30,28
1650958730998,MATH 10A,A02,083736,Patchell; Gregory David,27,0,30,3
1650958730998,MATH 10A,A03,083737,Patchell; Gregory David,23,0,30,7
1650958737027,MATH 10B,A01,083207,Staff,0,9,30,30
1650958737027,MATH 10B,A02,083208,Staff,0,5,30,30
1650958737027,MATH 10B,B01,083739,Staff,9,0,30,21
1650958737027,MATH 10B,B02,083740,Staff,28,0,30,2
1650958743069,MATH 18,A01,083743,Staff,0,0,30,30
1650958743069,MATH 18,A02,083744,Staff,24,0,30,6
1650958743069,MATH 18,A03,083745,Staff,19,0,30,11
1650958743069,MATH 18,A04,083746,Staff,26,0,30,4
1650958743069,MATH 18,B01,083748,Staff,0,15,30,30
1650958743069,MATH 18,B02,083749,Staff,0,14,30,30
1650958743069,MATH 18,B03,083750,Staff,0,13,30,30
1650958743069,MATH 18,B04,083751,Staff,0,13,30,30
1650958749094,MATH 20A,A01,083754,Staff,19,0,40,21
1650958755122,MATH 20B,A01,083756,Staff,0,14,30,30
1650958755122,MATH 20B,A02,083757,Staff,0,11,30,30
1650958761158,MATH 20C,A01,083760,Staff,0,17,30,30
1650958761158,MATH 20C,A02,083761,Staff,0,15,30,30
1650958761158,MATH 20C,B01,083762,Staff,9,0,30,21
1650958761158,MATH 20C,B02,083763,Staff,28,0,30,2
1650958767198,MATH 20D,A01,083765,Staff,2,1,30,28
1650958767198,MATH 20D,A02,083766,Staff,3,0,30,27
1650958767198,MATH 20D,A03,083767,Staff,23,0,30,7
1650958773231,MATH 20E,A01,083771,Staff,2,0,30,28
1650958773231,MATH 20E,A02,083772,Staff,13,0,30,17
1650958773231,MATH 20E,B01,083773,Staff,0,0,30,30
1650958773231,MATH 20E,B02,083774,Staff,1,0,30,29
1650958779257,MATH 103A,A01,083777,Staff,0,17,30,30
1650958779257,MATH 103A,A02,083778,Staff,0,15,30,30
1650958779257,MATH 103A,B01,083779,Staff,0,15,30,30
1650958779257,MATH 103A,B02,083780,Staff,0,14,30,30
1650958785288,MATH 105,A01,085443,Staff,0,23,30,30
1650958791320,MATH 109,A01,083213,Anzaldo; Leesa B,0,7,30,30
1650958791320,MATH 109,A02,083214,Anzaldo; Leesa B,0,7,30,30
1650958791320,MATH 109,B01,083215,Anzaldo; Leesa B,0,8,30,30
1650958791320,MATH 109,B02,083216,Anzaldo; Leesa B,0,7,30,30
1650958797350,MATH 142A,A01,083219,Chow; Bennett,0,14,30,30
1650958797350,MATH 142A,A02,083220,Chow; Bennett,0,15,30,30
1650958797350,MATH 142A,B01,083221,Chow; Bennett,0,16,30,30
1650958797350,MATH 142A,B02,083222,Chow; Bennett,0,14,30,30
1650958803375,MATH 193A,A01,083224,Staff,0,6,30,30
1650958803375,MATH 193A,A02,083225,Staff,0,7,30,30
1650958803375,MATH 193A,A03,083781,Staff,0,6,30,30
1650958803375,MATH 193A,A04,083782,Staff,0,7,30,30
1650958809412,MATH 197,001,091859,McAuley; Julian John,9998,0,9999,1
1650958815488,COGS 9,A01,083615,Staff,0,18,60,60
1650958821515,COGS 11,A01,083617,Boyle; Mary E. T.,15,0,40,25
1650958827539,COGS 13,A01,083071,Staff,0,41,40,40
1650958833564,COGS 14A,A01,092681,Staff,0,38,100,100
1650958839588,COGS 14B,A01,083073,Cheng; Tzu-Han,0,13,50,50
1650958845613,COGS 17,A01,092677,Staff,6,0,75,69
1650958851649,COGS 100,A01,083619,Staff,0,31,60,60
1650958857676,COGS 101A,A01,083621,Davis; Joshua Daniel,0,29,60,60
1650958863717,COGS 101B,A01,091572,Staff,0,5,60,60
1650958869753,COGS 101C,A01,083625,Delgado; Tania,14,0,30,16
1650958875781,COGS 107A,A01,083627,Boyle; Mary E. T.,0,16,60,60
1650958881816,COGS 118A,A01,083075,Staff,0,10,60,60
1650958887849,CSE 3,A50,083646,Miranda; Gregory Joseph,15,0,38,23
1650958887849,CSE 3,A51,083647,Miranda; Gregory Joseph,36,0,37,1
1650958893871,CSE 8A,A50,083650,Miranda; Gregory Joseph,0,31,40,40
1650958899895,CSE 11,A01,083080,Cao; Yingjun,0,99,40,40
1650958905926,CSE 12,A01,083652,Staff,0,24,100,100
1650958911960,CSE 15L,A01,083654,Staff,0,3,50,50
1650958911960,CSE 15L,A02,083655,Staff,0,3,50,50
1650958917984,CSE 20,A01,083657,Staff,47,0,80,33
1650958924009,CSE 30,A01,083084,Eldon; John,1,38,80,79
1650958930039,CSE 100,A01,083659,Cao; Yingjun,0,71,50,50
1650958936074,CSE 134B,A01,083661,Powell; Thomas Allan,0,40,65,65
1650958942097,CSE 140,A01,083663,Staff,0,13,75,75
1650958948121,CSE 140L,A01,083088,Eldon; John,4,0,100,96
1650958954147,CSE 175,A01,083665,Kumar; Rakesh,0,0,25,25
1650958960172,CSE 190,A00,092507,Dubnov; Shlomo,9,0,20,11
1650958966196,ECE 45,A01,083139,Staff,0,6,60,60
1650958972232,ECE 65,A50,083695,Staff,0,7,30,30
1650958978257,ECE 109,A01,091882,Touri; Behrouz,32,0,70,38
1650958984288,ECE 180,A00,083140,Abi Samra; Nicholas Camill,18,0,30,12
1650958984288,ECE 180,B00,083141,Abi Samra; Nicholas Camill,0,0,30,30
1650958990313,MATH 10A,A01,083735,Patchell; Gregory David,2,0,30,28
1650958990313,MATH 10A,A02,083736,Patchell; Gregory David,27,0,30,3
1650958990313,MATH 10A,A03,083737,Patchell; Gregory David,23,0,30,7
1650958996338,MATH 10B,A01,083207,Staff,0,9,30,30
1650958996338,MATH 10B,A02,083208,Staff,0,5,30,30
1650958996338,MATH 10B,B01,083739,Staff,9,0,30,21
1650958996338,MATH 10B,B02,083740,Staff,28,0,30,2
1650959002374,MATH 18,A01,083743,Staff,0,0,30,30
1650959002374,MATH 18,A02,083744,Staff,24,0,30,6
1650959002374,MATH 18,A03,083745,Staff,19,0,30,11
1650959002374,MATH 18,A04,083746,Staff,26,0,30,4
1650959002374,MATH 18,B01,083748,Staff,0,15,30,30
1650959002374,MATH 18,B02,083749,Staff,0,14,30,30
1650959002374,MATH 18,B03,083750,Staff,0,13,30,30
1650959002374,MATH 18,B04,083751,Staff,0,13,30,30
1650959008397,MATH 20A,A01,083754,Staff,19,0,40,21
1650959014425,MATH 20B,A01,083756,Staff,0,14,30,30
1650959014425,MATH 20B,A02,083757,Staff,0,11,30,30
1650959020453,MATH 20C,A01,083760,Staff,0,17,30,30
1650959020453,MATH 20C,A02,083761,Staff,0,15,30,30
1650959020453,MATH 20C,B01,083762,Staff,9,0,30,21
1650959020453,MATH 20C,B02,083763,Staff,28,0,30,2
1650959026483,MATH 20D,A01,083765,Staff,2,1,30,28
1650959026483,MATH 20D,A02,083766,Staff,3,0,30,27
1650959026483,MATH 20D,A03,083767,Staff,23,0,30,7
1650959032506,MATH 20E,A01,083771,Staff,2,0,30,28
1650959032506,MATH 20E,A02,083772,Staff,13,0,30,17
1650959032506,MATH 20E,B01,083773,Staff,0,0,30,30
1650959032506,MATH 20E,B02,083774,Staff,1,0,30,29
1650959038540,MATH 103A,A01,083777,Staff,0,17,30,30
1650959038540,MATH 103A,A02,083778,Staff,0,15,30,30
1650959038540,MATH 103A,B01,083779,Staff,0,15,30,30
1650959038540,MATH 103A,B02,083780,Staff,0,14,30,30
1650959044564,MATH 105,A01,085443,Staff,0,23,30,30
1650959050588,MATH 109,A01,083213,Anzaldo; Leesa B,0,7,30,30
1650959050588,MATH 109,A02,083214,Anzaldo; Leesa B,0,7,30,30
1650959050588,MATH 109,B01,083215,Anzaldo; Leesa B,0,8,30,30
1650959050588,MATH 109,B02,083216,Anzaldo; Leesa B,0,7,30,30
1650959056620,MATH 142A,A01,083219,Chow; Bennett,0,14,30,30
1650959056620,MATH 142A,A02,083220,Chow; Bennett,0,15,30,30
1650959056620,MATH 142A,B01,083221,Chow; Bennett,0,16,30,30
1650959056620,MATH 142A,B02,083222,Chow; Bennett,0,14,30,30
1650959062649,MATH 193A,A01,083224,Staff,0,6,30,30
1650959062649,MATH 193A,A02,083225,Staff,0,7,30,30
1650959062649,MATH 193A,A03,083781,Staff,0,6,30,30
1650959062649,MATH 193A,A04,083782,Staff,0,7,30,30
1650959068676,MATH 197,001,091859,McAuley; Julian John,9998,0,9999,1
1650959074739,COGS 9,A01,083615,Staff,0,18,60,60
1650959080764,COGS 11,A01,083617,Boyle; Mary E. T.,15,0,40,25
1650959086788,COGS 13,A01,083071,Staff,0,41,40,40
1650959092816,COGS 14A,A01,092681,Staff,0,38,100,100
1650959098847,COGS 14B,A01,083073,Cheng; Tzu-Han,0,13,50,50
1650959104872,COGS 17,A01,092677,Staff,6,0,75,69
1650959110902,COGS 100,A01,083619,Staff,0,31,60,60
1650959116938,COGS 101A,A01,083621,Davis; Joshua Daniel,0,29,60,60
1650959122966,COGS 101B,A01,091572,Staff,0,5,60,60
1650959128990,COGS 101C,A01,083625,Delgado; Tania,14,0,30,16
1650959135016,COGS 107A,A01,083627,Boyle; Mary E. T.,0,16,60,60
1650959141046,COGS 118A,A01,083075,Staff,0,10,60,60
1650959147076,CSE 3,A50,083646,Miranda; Gregory Joseph,15,0,38,23
1650959147076,CSE 3,A51,083647,Miranda; Gregory Joseph,36,0,37,1
1650959153105,CSE 8A,A50,083650,Miranda; Gregory Joseph,0,31,40,40
1650959159140,CSE 11,A01,083080,Cao; Yingjun,0,99,40,40
1650959165168,CSE 12,A01,083652,Staff,0,24,100,100
1650959171195,CSE 15L,A01,083654,Staff,0,3,50,50
1650959171195,CSE 15L,A02,083655,Staff,0,3,50,50
1650959177223,CSE 20,A01,083657,Staff,47,0,80,33
1650959183247,CSE 30,A01,083084,Eldon; John,1,38,80,79
1650959189280,CSE 100,A01,083659,Cao; Yingjun,0,71,50,50
1650959195307,CSE 134B,A01,083661,Powell; Thomas Allan,0,40,65,65
1650959201333,CSE 140,A01,083663,Staff,0,13,75,75
1650959207359,CSE 140L,A01,083088,Eldon; John,4,0,100,96
1650959213383,CSE 175,A01,083665,Kumar; Rakesh,0,0,25,25
1650959219485,CSE 190,A00,092507,Dubnov; Shlomo,9,0,20,11
1650959225509,ECE 45,A01,083139,Staff,0,6,60,60
1650959231538,ECE 65,A50,083695,Staff,0,7,30,30
1650959237567,ECE 109,A01,091882,Touri; Behrouz,32,0,70,38
1650959243594,ECE 180,A00,083140,Abi Samra; Nicholas Camill,18,0,30,12
1650959243594,ECE 180,B00,083141,Abi Samra; Nicholas Camill,0,0,30,30
1650959249626,MATH 10A,A01,083735,Patchell; Gregory David,2,0,30,28
1650959249626,MATH 10A,A02,083736,Patchell; Gregory David,27,0,30,3
1650959249626,MATH 10A,A03,083737,Patchell; Gregory David,23,0,30,7
1650959255656,MATH 10B,A01,083207,Staff,0,9,30,30
1650959255656,MATH 10B,A02,083208,Staff,0,5,30,30
1650959255656,MATH 10B,B01,083739,Staff,9,0,30,21
1650959255656,MATH 10B,B02,083740,Staff,28,0,30,2
1650959261687,MATH 18,A01,083743,Staff,0,0,30,30
1650959261687,MATH 18,A02,083744,Staff,24,0,30,6
1650959261687,MATH 18,A03,083745,Staff,19,0,30,11
1650959261687,MATH 18,A04,083746,Staff,26,0,30,4
1650959261687,MATH 18,B01,083748,Staff,0,15,30,30
1650959261687,MATH 18,B02,083749,Staff,0,14,30,30
1650959261687,MATH 18,B03,083750,Staff,0,13,30,30
1650959261687,MATH 18,B04,083751,Staff,0,13,30,30
1650959267710,MATH 20A,A01,083754,Staff,19,0,40,21
1650959273740,MATH 20B,A01,083756,Staff,0,14,30,30
1650959273740,MATH 20B,A02,083757,Staff,0,11,30,30
1650959279773,MATH 20C,A01,083760,Staff,0,17,30,30
1650959279773,MATH 20C,A02,083761,Staff,0,15,30,30
1650959279773,MATH 20C,B01,083762,Staff,9,0,30,21
1650959279773,MATH 20C,B02,083763,Staff,28,0,30,2
1650959285798,MATH 20D,A01,083765,Staff,2,1,30,28
1650959285798,MATH 20D,A02,083766,Staff,3,0,30,27
1650959285798,MATH 20D,A03,083767,Staff,23,0,30,7
1650959291835,MATH 20E,A01,083771,Staff,2,0,30,28
1650959291835,MATH 20E,A02,083772,Staff,13,0,30,17
1650959291835,MATH 20E,B01,083773,Staff,0,0,30,30
1650959291835,MATH 20E,B02,083774,Staff,1,0,30,29
1650959297883,MATH 103A,A01,083777,Staff,0,17,30,30
1650959297883,MATH 103A,A02,083778,Staff,0,15,30,30
1650959297883,MATH 103A,B01,083779,Staff,0,15,30,30
1650959297883,MATH 103A,B02,083780,Staff,0,14,30,30
1650959303908,MATH 105,A01,085443,Staff,0,23,30,30
1650959309945,MATH 109,A01,083213,Anzaldo; Leesa B,0,7,30,30
1650959309945,MATH 109,A02,083214,Anzaldo; Leesa B,0,7,30,30
1650959309945,MATH 109,B01,083215,Anzaldo; Leesa B,0,8,30,30
1650959309945,MATH 109,B02,083216,Anzaldo; Leesa B,0,7,30,30
1650959315969,MATH 142A,A01,083219,Chow; Bennett,0,14,30,30
1650959315969,MATH 142A,A02,083220,Chow; Bennett,0,15,30,30
1650959315969,MATH 142A,B01,083221,Chow; Bennett,0,16,30,30
1650959315969,MATH 142A,B02,083222,Chow; Bennett,0,14,30,30
1650959321995,MATH 193A,A01,083224,Staff,0,6,30,30
1650959321995,MATH 193A,A02,083225,Staff,0,7,30,30
1650959321995,MATH 193A,A03,083781,Staff,0,6,30,30
1650959321995,MATH 193A,A04,083782,Staff,0,7,30,30
1650959328029,MATH 197,001,091859,McAuley; Julian John,9998,0,9999,1
1650959334089,COGS 9,A01,083615,Staff,0,18,60,60
1650959340113,COGS 11,A01,083617,Boyle; Mary E. T.,15,0,40,25
1650959346143,COGS 13,A01,083071,Staff,0,41,40,40
1650959352170,COGS 14A,A01,092681,Staff,0,38,100,100
1650959358199,COGS 14B,A01,083073,Cheng; Tzu-Han,0,13,50,50
1650959364228,COGS 17,A01,092677,Staff,6,0,75,69
1650959370252,COGS 100,A01,083619,Staff,0,31,60,60
1650959376276,COGS 101A,A01,083621,Davis; Joshua Daniel,0,29,60,60
1650959382305,COGS 101B,A01,091572,Staff,0,5,60,60
1650959388331,COGS 101C,A01,083625,Delgado; Tania,14,0,30,16
1650959394353,COGS 107A,A01,083627,Boyle; Mary E. T.,0,16,60,60
1650959400380,COGS 118A,A01,083075,Staff,0,10,60,60
1650959406412,CSE 3,A50,083646,Miranda; Gregory Joseph,15,0,38,23
1650959406412,CSE 3,A51,083647,Miranda; Gregory Joseph,36,0,37,1
1650959412436,CSE 8A,A50,083650,Miranda; Gregory Joseph,0,31,40,40
1650959418461,CSE 11,A01,083080,Cao; Yingjun,0,99,40,40
1650959424491,CSE 12,A01,083652,Staff,0,24,100,100
1650959430517,CSE 15L,A01,083654,Staff,0,3,50,50
1650959430517,CSE 15L,A02,083655,Staff,0,3,50,50
1650959436545,CSE 20,A01,083657,Staff,47,0,80,33
1650959442568,CSE 30,A01,083084,Eldon; John,1,38,80,79
1650959448592,CSE 100,A01,083659,Cao; Yingjun,0,71,50,50
1650959454621,CSE 134B,A01,083661,Powell; Thomas Allan,0,40,65,65
1650959460648,CSE 140,A01,083663,Staff,0,13,75,75
1650959466673,CSE 140L,A01,083088,Eldon; John,4,0,100,96
1650959472704,CSE 175,A01,083665,Kumar; Rakesh,0,0,25,25
1650959478728,CSE 190,A00,092507,Dubnov; Shlomo,9,0,20,11
1650959484755,ECE 45,A01,083139,Staff,0,6,60,60
1650959490780,ECE 65,A50,083695,Staff,0,7,30,30
1650959496810,ECE 109,A01,091882,Touri; Behrouz,32,0,70,38
1650959502843,ECE 180,A00,083140,Abi Samra; Nicholas Camill,18,0,30,12
1650959502843,ECE 180,B00,083141,Abi Samra; Nicholas Camill,0,0,30,30
1650959508869,MATH 10A,A01,083735,Patchell; Gregory David,2,0,30,28
1650959508869,MATH 10A,A02,083736,Patchell; Gregory David,27,0,30,3
1650959508869,MATH 10A,A03,083737,Patchell; Gregory David,23,0,30,7
1650959514895,MATH 10B,A01,083207,Staff,0,9,30,30
1650959514895,MATH 10B,A02,083208,Staff,0,5,30,30
1650959514895,MATH 10B,B01,083739,Staff,9,0,30,21
1650959514895,MATH 10B,B02,083740,Staff,28,0,30,2
1650959520923,MATH 18,A01,083743,Staff,0,0,30,30
1650959520923,MATH 18,A02,083744,Staff,24,0,30,6
1650959520923,MATH 18,A03,083745,Staff,19,0,30,11
1650959520923,MATH 18,A04,083746,Staff,26,0,30,4
1650959520923,MATH 18,B01,083748,Staff,0,15,30,30
1650959520923,MATH 18,B02,083749,Staff,0,14,30,30
1650959520923,MATH 18,B03,083750,Staff,0,13,30,30
1650959520923,MATH 18,B04,083751,Staff,0,13,30,30
1650959526945,MATH 20A,A01,083754,Staff,19,0,40,21
1650959532970,MATH 20B,A01,083756,Staff,0,14,30,30
1650959532970,MATH 20B,A02,083757,Staff,0,11,30,30
1650959538999,MATH 20C,A01,083760,Staff,0,17,30,30
1650959538999,MATH 20C,A02,083761,Staff,0,15,30,30
1650959538999,MATH 20C,B01,083762,Staff,9,0,30,21
1650959538999,MATH 20C,B02,083763,Staff,28,0,30,2
1650959545025,MATH 20D,A01,083765,Staff,2,1,30,28
1650959545025,MATH 20D,A02,083766,Staff,3,0,30,27
1650959545025,MATH 20D,A03,083767,Staff,22,0,30,8
1650959551055,MATH 20E,A01,083771,Staff,2,0,30,28
1650959551055,MATH 20E,A02,083772,Staff,13,0,30,17
1650959551055,MATH 20E,B01,083773,Staff,0,0,30,30
1650959551055,MATH 20E,B02,083774,Staff,1,0,30,29
1650959557085,MATH 103A,A01,083777,Staff,0,17,30,30
1650959557085,MATH 103A,A02,083778,Staff,0,15,30,30
1650959557085,MATH 103A,B01,083779,Staff,0,15,30,30
1650959557085,MATH 103A,B02,083780,Staff,0,14,30,30
1650959563112,MATH 105,A01,085443,Staff,0,23,30,30
1650959569143,MATH 109,A01,083213,Anzaldo; Leesa B,0,7,30,30
1650959569143,MATH 109,A02,083214,Anzaldo; Leesa B,0,7,30,30
1650959569143,MATH 109,B01,083215,Anzaldo; Leesa B,0,8,30,30
1650959569143,MATH 109,B02,083216,Anzaldo; Leesa B,0,7,30,30
1650959575166,MATH 142A,A01,083219,Chow; Bennett,0,14,30,30
1650959575166,MATH 142A,A02,083220,Chow; Bennett,0,15,30,30
1650959575166,MATH 142A,B01,083221,Chow; Bennett,0,16,30,30
1650959575166,MATH 142A,B02,083222,Chow; Bennett,0,14,30,30
1650959581196,MATH 193A,A01,083224,Staff,0,6,30,30
1650959581196,MATH 193A,A02,083225,Staff,0,7,30,30
1650959581196,MATH 193A,A03,083781,Staff,0,6,30,30
1650959581196,MATH 193A,A04,083782,Staff,0,7,30,30
1650959587223,MATH 197,001,091859,McAuley; Julian John,9998,0,9999,1
1650959593289,COGS 9,A01,083615,Staff,0,18,60,60
1650959599318,COGS 11,A01,083617,Boyle; Mary E. T.,15,0,40,25
1650959605345,COGS 13,A01,083071,Staff,0,41,40,40
1650959611370,COGS 14A,A01,092681,Staff,0,38,100,100
1650959617394,COGS 14B,A01,083073,Cheng; Tzu-Han,0,13,50,50
1650959623418,COGS 17,A01,092677,Staff,6,0,75,69
1650959629443,COGS 100,A01,083619,Staff,0,31,60,60
1650959635470,COGS 101A,A01,083621,Davis; Joshua Daniel,0,29,60,60
1650959641495,COGS 101B,A01,091572,Staff,0,5,60,60
1650959647524,COGS 101C,A01,083625,Delgado; Tania,14,0,30,16
1650959653553,COGS 107A,A01,083627,Boyle; Mary E. T.,0,16,60,60
1650959659577,COGS 118A,A01,083075,Staff,0,10,60,60
1650959665610,CSE 3,A50,083646,Miranda; Gregory Joseph,15,0,38,23
1650959665610,CSE 3,A51,083647,Miranda; Gregory Joseph,36,0,37,1
1650959671635,CSE 8A,A50,083650,Miranda; Gregory Joseph,0,31,40,40
1650959677662,CSE 11,A01,083080,Cao; Yingjun,0,99,40,40
1650959683695,CSE 12,A01,083652,Staff,0,24,100,100
1650959689720,CSE 15L,A01,083654,Staff,0,3,50,50
1650959689720,CSE 15L,A02,083655,Staff,0,3,50,50
1650959695747,CSE 20,A01,083657,Staff,47,0,80,33
1650959701773,CSE 30,A01,083084,Eldon; John,1,38,80,79
1650959707802,CSE 100,A01,083659,Cao; Yingjun,0,71,50,50
1650959713840,CSE 134B,A01,083661,Powell; Thomas Allan,0,40,65,65
1650959719866,CSE 140,A01,083663,Staff,0,13,75,75
1650959725892,CSE 140L,A01,083088,Eldon; John,4,0,100,96
1650959731919,CSE 175,A01,083665,Kumar; Rakesh,0,0,25,25
1650959737945,CSE 190,A00,092507,Dubnov; Shlomo,9,0,20,11
1650959743972,ECE 45,A01,083139,Staff,0,6,60,60
1650959750005,ECE 65,A50,083695,Staff,0,7,30,30
1650959756033,ECE 109,A01,091882,Touri; Behrouz,32,0,70,38
1650959762057,ECE 180,A00,083140,Abi Samra; Nicholas Camill,18,0,30,12
1650959762057,ECE 180,B00,083141,Abi Samra; Nicholas Camill,0,0,30,30
1650959768082,MATH 10A,A01,083735,Patchell; Gregory David,2,0,30,28
1650959768082,MATH 10A,A02,083736,Patchell; Gregory David,27,0,30,3
1650959768082,MATH 10A,A03,083737,Patchell; Gregory David,23,0,30,7
1650959774107,MATH 10B,A01,083207,Staff,0,9,30,30
1650959774107,MATH 10B,A02,083208,Staff,0,5,30,30
1650959774107,MATH 10B,B01,083739,Staff,9,0,30,21
1650959774107,MATH 10B,B02,083740,Staff,28,0,30,2
1650959780141,MATH 18,A01,083743,Staff,0,0,30,30
1650959780141,MATH 18,A02,083744,Staff,24,0,30,6
1650959780141,MATH 18,A03,083745,Staff,19,0,30,11
1650959780141,MATH 18,A04,083746,Staff,26,0,30,4
1650959780141,MATH 18,B01,083748,Staff,0,15,30,30
1650959780141,MATH 18,B02,083749,Staff,0,14,30,30
1650959780141,MATH 18,B03,083750,Staff,0,13,30,30
1650959780141,MATH 18,B04,083751,Staff,0,13,30,30
1650959786169,MATH 20A,A01,083754,Staff,19,0,40,21
1650959792199,MATH 20B,A01,083756,Staff,0,14,30,30
1650959792199,MATH 20B,A02,083757,Staff,0,11,30,30
1650959798225,MATH 20C,A01,083760,Staff,0,17,30,30
1650959798225,MATH 20C,A02,083761,Staff,0,15,30,30
1650959798225,MATH 20C,B01,083762,Staff,9,0,30,21
1650959798225,MATH 20C,B02,083763,Staff,28,0,30,2
1650959804253,MATH 20D,A01,083765,Staff,2,1,30,28
1650959804253,MATH 20D,A02,083766,Staff,3,0,30,27
1650959804253,MATH 20D,A03,083767,Staff,22,0,30,8
1650959810278,MATH 20E,A01,083771,Staff,2,0,30,28
1650959810278,MATH 20E,A02,083772,Staff,13,0,30,17
1650959810278,MATH 20E,B01,083773,Staff,0,0,30,30
1650959810278,MATH 20E,B02,083774,Staff,1,0,30,29
1650959816396,MATH 103A,A01,083777,Staff,0,17,30,30
1650959816396,MATH 103A,A02,083778,Staff,0,15,30,30
1650959816396,MATH 103A,B01,083779,Staff,0,15,30,30
1650959816396,MATH 103A,B02,083780,Staff,0,14,30,30
1650959822423,MATH 105,A01,085443,Staff,0,23,30,30
1650959828451,MATH 109,A01,083213,Anzaldo; Leesa B,0,7,30,30
1650959828451,MATH 109,A02,083214,Anzaldo; Leesa B,0,7,30,30
1650959828451,MATH 109,B01,083215,Anzaldo; Leesa B,0,8,30,30
1650959828451,MATH 109,B02,083216,Anzaldo; Leesa B,0,7,30,30
1650959834476,MATH 142A,A01,083219,Chow; Bennett,0,14,30,30
1650959834476,MATH 142A,A02,083220,Chow; Bennett,0,15,30,30
1650959834476,MATH 142A,B01,083221,Chow; Bennett,0,16,30,30
1650959834476,MATH 142A,B02,083222,Chow; Bennett,0,14,30,30
1650959840500,MATH 193A,A01,083224,Staff,0,6,30,30
1650959840500,MATH 193A,A02,083225,Staff,0,7,30,30
1650959840500,MATH 193A,A03,083781,Staff,0,6,30,30
1650959840500,MATH 193A,A04,083782,Staff,0,7,30,30
1650959846535,MATH 197,001,091859,McAuley; Julian John,9998,0,9999,1
1650959852594,COGS 9,A01,083615,Staff,0,18,60,60
1650959858618,COGS 11,A01,083617,Boyle; Mary E. T.,15,0,40,25
1650959864641,COGS 13,A01,083071,Staff,0,41,40,40
1650959870665,COGS 14A,A01,092681,Staff,0,38,100,100
1650959876692,COGS 14B,A01,083073,Cheng; Tzu-Han,0,13,50,50
1650959882719,COGS 17,A01,092677,Staff,6,0,75,69
1650959888746,COGS 100,A01,083619,Staff,0,31,60,60
1650959894771,COGS 101A,A01,083621,Davis; Joshua Daniel,0,29,60,60
1650959900796,COGS 101B,A01,091572,Staff,0,5,60,60
1650959906821,COGS 101C,A01,083625,Delgado; Tania,14,0,30,16
1650959912844,COGS 107A,A01,083627,Boyle; Mary E. T.,0,16,60,60
1650959918870,COGS 118A,A01,083075,Staff,0,10,60,60
1650959924896,CSE 3,A50,083646,Miranda; Gregory Joseph,15,0,38,23
1650959924896,CSE 3,A51,083647,Miranda; Gregory Joseph,36,0,37,1
1650959930924,CSE 8A,A50,083650,Miranda; Gregory Joseph,0,31,40,40
1650959936948,CSE 11,A01,083080,Cao; Yingjun,0,99,40,40
1650959942977,CSE 12,A01,083652,Staff,0,24,100,100
1650959949009,CSE 15L,A01,083654,Staff,0,3,50,50
1650959949009,CSE 15L,A02,083655,Staff,0,3,50,50
1650959955037,CSE 20,A01,083657,Staff,47,0,80,33
1650959961061,CSE 30,A01,083084,Eldon; John,1,38,80,79
1650959967100,CSE 100,A01,083659,Cao; Yingjun,0,71,50,50
1650959973125,CSE 134B,A01,083661,Powell; Thomas Allan,0,40,65,65
1650959979150,CSE 140,A01,083663,Staff,0,13,75,75
1650959985177,CSE 140L,A01,083088,Eldon; John,4,0,100,96
1650959991200,CSE 175,A01,083665,Kumar; Rakesh,0,0,25,25
1650959997227,CSE 190,A00,092507,Dubnov; Shlomo,9,0,20,11
1650960003251,ECE 45,A01,083139,Staff,0,6,60,60
1650960009276,ECE 65,A50,083695,Staff,0,7,30,30
1650960015303,ECE 109,A01,091882,Touri; Behrouz,32,0,70,38
1650960021334,ECE 180,A00,083140,Abi Samra; Nicholas Camill,18,0,30,12
1650960021334,ECE 180,B00,083141,Abi Samra; Nicholas Camill,0,0,30,30
1650960027363,MATH 10A,A01,083735,Patchell; Gregory David,2,0,30,28
1650960027363,MATH 10A,A02,083736,Patchell; Gregory David,27,0,30,3
1650960027363,MATH 10A,A03,083737,Patchell; Gregory David,23,0,30,7
1650960033391,MATH 10B,A01,083207,Staff,0,9,30,30
1650960033391,MATH 10B,A02,083208,Staff,0,5,30,30
1650960033391,MATH 10B,B01,083739,Staff,9,0,30,21
1650960033391,MATH 10B,B02,083740,Staff,28,0,30,2
1650960039417,MATH 18,A01,083743,Staff,0,0,30,30
1650960039417,MATH 18,A02,083744,Staff,24,0,30,6
1650960039417,MATH 18,A03,083745,Staff,19,0,30,11
1650960039417,MATH 18,A04,083746,Staff,26,0,30,4
1650960039417,MATH 18,B01,083748,Staff,0,15,30,30
1650960039417,MATH 18,B02,083749,Staff,0,14,30,30
1650960039417,MATH 18,B03,083750,Staff,0,13,30,30
1650960039417,MATH 18,B04,083751,Staff,0,13,30,30
1650960045440,MATH 20A,A01,083754,Staff,19,0,40,21
1650960051469,MATH 20B,A01,083756,Staff,0,14,30,30
1650960051469,MATH 20B,A02,083757,Staff,0,11,30,30
1650960057499,MATH 20C,A01,083760,Staff,0,17,30,30
1650960057499,MATH 20C,A02,083761,Staff,0,15,30,30
1650960057499,MATH 20C,B01,083762,Staff,9,0,30,21
1650960057499,MATH 20C,B02,083763,Staff,28,0,30,2
1650960063529,MATH 20D,A01,083765,Staff,2,1,30,28
1650960063529,MATH 20D,A02,083766,Staff,3,0,30,27
1650960063529,MATH 20D,A03,083767,Staff,22,0,30,8
1650960069553,MATH 20E,A01,083771,Staff,2,0,30,28
1650960069553,MATH 20E,A02,083772,Staff,13,0,30,17
1650960069553,MATH 20E,B01,083773,Staff,0,0,30,30
1650960069553,MATH 20E,B02,083774,Staff,1,0,30,29
1650960075581,MATH 103A,A01,083777,Staff,0,17,30,30
1650960075581,MATH 103A,A02,083778,Staff,0,15,30,30
1650960075581,MATH 103A,B01,083779,Staff,0,15,30,30
1650960075581,MATH 103A,B02,083780,Staff,0,14,30,30
1650960081606,MATH 105,A01,085443,Staff,0,23,30,30
1650960087635,MATH 109,A01,083213,Anzaldo; Leesa B,0,7,30,30
1650960087635,MATH 109,A02,083214,Anzaldo; Leesa B,0,7,30,30
1650960087635,MATH 109,B01,083215,Anzaldo; Leesa B,0,8,30,30
1650960087635,MATH 109,B02,083216,Anzaldo; Leesa B,0,7,30,30
1650960093666,MATH 142A,A01,083219,Chow; Bennett,0,14,30,30
1650960093666,MATH 142A,A02,083220,Chow; Bennett,0,15,30,30
1650960093666,MATH 142A,B01,083221,Chow; Bennett,0,16,30,30
1650960093666,MATH 142A,B02,083222,Chow; Bennett,0,14,30,30
1650960099701,MATH 193A,A01,083224,Staff,0,6,30,30
1650960099701,MATH 193A,A02,083225,Staff,0,7,30,30
1650960099701,MATH 193A,A03,083781,Staff,0,6,30,30
1650960099701,MATH 193A,A04,083782,Staff,0,7,30,30
1650960105724,MATH 197,001,091859,McAuley; Julian John,9998,0,9999,1
1650960111776,COGS 9,A01,083615,Staff,0,18,60,60
1650960117804,COGS 11,A01,083617,Boyle; Mary E. T.,15,0,40,25
1650960123833,COGS 13,A01,083071,Staff,0,41,40,40
1650960129856,COGS 14A,A01,092681,Staff,0,38,100,100
1650960135881,COGS 14B,A01,083073,Cheng; Tzu-Han,0,13,50,50
1650960141904,COGS 17,A01,092677,Staff,6,0,75,69
1650960147931,COGS 100,A01,083619,Staff,0,31,60,60
1650960153958,COGS 101A,A01,083621,Davis; Joshua Daniel,0,29,60,60
1650960159982,COGS 101B,A01,091572,Staff,0,5,60,60
1650960166006,COGS 101C,A01,083625,Delgado; Tania,14,0,30,16
1650960172036,COGS 107A,A01,083627,Boyle; Mary E. T.,0,16,60,60
1650960178060,COGS 118A,A01,083075,Staff,0,10,60,60
1650960184091,CSE 3,A50,083646,Miranda; Gregory Joseph,15,0,38,23
1650960184091,CSE 3,A51,083647,Miranda; Gregory Joseph,36,0,37,1
1650960190120,CSE 8A,A50,083650,Miranda; Gregory Joseph,0,31,40,40
1650960196147,CSE 11,A01,083080,Cao; Yingjun,0,99,40,40
1650960202183,CSE 12,A01,083652,Staff,0,24,100,100
1650960208211,CSE 15L,A01,083654,Staff,0,3,50,50
1650960208211,CSE 15L,A02,083655,Staff,0,3,50,50
1650960214239,CSE 20,A01,083657,Staff,47,0,80,33
1650960220267,CSE 30,A01,083084,Eldon; John,1,38,80,79
1650960226290,CSE 100,A01,083659,Cao; Yingjun,0,71,50,50
1650960232314,CSE 134B,A01,083661,Powell; Thomas Allan,0,40,65,65
1650960238356,CSE 140,A01,083663,Staff,0,13,75,75
1650960244381,CSE 140L,A01,083088,Eldon; John,4,0,100,96
1650960250405,CSE 175,A01,083665,Kumar; Rakesh,0,0,25,25
1650960256430,CSE 190,A00,092507,Dubnov; Shlomo,9,0,20,11
1650960262459,ECE 45,A01,083139,Staff,0,6,60,60
1650960268483,ECE 65,A50,083695,Staff,0,7,30,30
1650960274508,ECE 109,A01,091882,Touri; Behrouz,32,0,70,38
1650960280535,ECE 180,A00,083140,Abi Samra; Nicholas Camill,18,0,30,12
1650960280535,ECE 180,B00,083141,Abi Samra; Nicholas Camill,0,0,30,30
1650960286560,MATH 10A,A01,083735,Patchell; Gregory David,2,0,30,28
1650960286560,MATH 10A,A02,083736,Patchell; Gregory David,27,0,30,3
1650960286560,MATH 10A,A03,083737,Patchell; Gregory David,23,0,30,7
1650960292592,MATH 10B,A01,083207,Staff,0,9,30,30
1650960292592,MATH 10B,A02,083208,Staff,0,5,30,30
1650960292592,MATH 10B,B01,083739,Staff,9,0,30,21
1650960292592,MATH 10B,B02,083740,Staff,28,0,30,2
1650960298981,MATH 18,A01,083743,Staff,0,0,30,30
1650960298981,MATH 18,A02,083744,Staff,24,0,30,6
1650960298981,MATH 18,A03,083745,Staff,19,0,30,11
1650960298981,MATH 18,A04,083746,Staff,26,0,30,4
1650960298981,MATH 18,B01,083748,Staff,0,15,30,30
1650960298981,MATH 18,B02,083749,Staff,0,14,30,30
1650960298981,MATH 18,B03,083750,Staff,0,13,30,30
1650960298981,MATH 18,B04,083751,Staff,0,13,30,30
1650960305003,MATH 20A,A01,083754,Staff,19,0,40,21
1650960311031,MATH 20B,A01,083756,Staff,0,14,30,30
1650960311031,MATH 20B,A02,083757,Staff,0,11,30,30
1650960317056,MATH 20C,A01,083760,Staff,0,17,30,30
1650960317056,MATH 20C,A02,083761,Staff,0,15,30,30
1650960317056,MATH 20C,B01,083762,Staff,9,0,30,21
1650960317056,MATH 20C,B02,083763,Staff,28,0,30,2
1650960323083,MATH 20D,A01,083765,Staff,2,1,30,28
1650960323083,MATH 20D,A02,083766,Staff,3,0,30,27
1650960323083,MATH 20D,A03,083767,Staff,22,0,30,8
1650960329109,MATH 20E,A01,083771,Staff,2,0,30,28
1650960329109,MATH 20E,A02,083772,Staff,13,0,30,17
1650960329109,MATH 20E,B01,083773,Staff,0,0,30,30
1650960329109,MATH 20E,B02,083774,Staff,1,0,30,29
1650960335139,MATH 103A,A01,083777,Staff,0,17,30,30
1650960335139,MATH 103A,A02,083778,Staff,0,15,30,30
1650960335139,MATH 103A,B01,083779,Staff,0,15,30,30
1650960335139,MATH 103A,B02,083780,Staff,0,14,30,30
1650960341169,MATH 105,A01,085443,Staff,0,23,30,30
1650960347198,MATH 109,A01,083213,Anzaldo; Leesa B,0,7,30,30
1650960347198,MATH 109,A02,083214,Anzaldo; Leesa B,0,7,30,30
1650960347198,MATH 109,B01,083215,Anzaldo; Leesa B,0,8,30,30
1650960347198,MATH 109,B02,083216,Anzaldo; Leesa B,0,7,30,30
1650960353227,MATH 142A,A01,083219,Chow; Bennett,0,14,30,30
1650960353227,MATH 142A,A02,083220,Chow; Bennett,0,15,30,30
1650960353227,MATH 142A,B01,083221,Chow; Bennett,0,16,30,30
1650960353227,MATH 142A,B02,083222,Chow; Bennett,0,14,30,30
1650960359259,MATH 193A,A01,083224,Staff,0,6,30,30
1650960359259,MATH 193A,A02,083225,Staff,0,7,30,30
1650960359259,MATH 193A,A03,083781,Staff,0,6,30,30
1650960359259,MATH 193A,A04,083782,Staff,0,7,30,30
1650960365284,MATH 197,001,091859,McAuley; Julian John,9998,0,9999,1
1650960371336,COGS 9,A01,083615,Staff,0,18,60,60
1650960377358,COGS 11,A01,083617,Boyle; Mary E. T.,15,0,40,25
1650960383384,COGS 13,A01,083071,Staff,0,41,40,40
1650960389408,COGS 14A,A01,092681,Staff,0,38,100,100
1650960395437,COGS 14B,A01,083073,Cheng; Tzu-Han,0,13,50,50
1650960401460,COGS 17,A01,092677,Staff,6,0,75,69
1650960407574,COGS 100,A01,083619,Staff,0,31,60,60
1650960413599,COGS 101A,A01,083621,Davis; Joshua Daniel,0,29,60,60
1650960419637,COGS 101B,A01,091572,Staff,0,5,60,60
1650960425662,COGS 101C,A01,083625,Delgado; Tania,14,0,30,16
1650960431688,COGS 107A,A01,083627,Boyle; Mary E. T.,0,16,60,60
1650960437712,COGS 118A,A01,083075,Staff,0,10,60,60
1650960443735,CSE 3,A50,083646,Miranda; Gregory Joseph,15,0,38,23
1650960443735,CSE 3,A51,083647,Miranda; Gregory Joseph,36,0,37,1
1650960449763,CSE 8A,A50,083650,Miranda; Gregory Joseph,0,31,40,40
1650960455790,CSE 11,A01,083080,Cao; Yingjun,0,99,40,40
1650960461815,CSE 12,A01,083652,Staff,0,24,100,100
1650960467842,CSE 15L,A01,083654,Staff,0,3,50,50
1650960467842,CSE 15L,A02,083655,Staff,0,3,50,50
1650960473870,CSE 20,A01,083657,Staff,47,0,80,33
1650960479892,CSE 30,A01,083084,Eldon; John,1,38,80,79
1650960485914,CSE 100,A01,083659,Cao; Yingjun,0,71,50,50
1650960491938,CSE 134B,A01,083661,Powell; Thomas Allan,0,40,65,65
1650960497962,CSE 140,A01,083663,Staff,0,13,75,75
1650960503985,CSE 140L,A01,083088,Eldon; John,4,0,100,96
1650960510008,CSE 175,A01,083665,Kumar; Rakesh,0,0,25,25
1650960516030,CSE 190,A00,092507,Dubnov; Shlomo,9,0,20,11
1650960522055,ECE 45,A01,083139,Staff,0,6,60,60
1650960528079,ECE 65,A50,083695,Staff,0,7,30,30
1650960534100,ECE 109,A01,091882,Touri; Behrouz,32,0,70,38
1650960540123,ECE 180,A00,083140,Abi Samra; Nicholas Camill,18,0,30,12
1650960540123,ECE 180,B00,083141,Abi Samra; Nicholas Camill,0,0,30,30
1650960546155,MATH 10A,A01,083735,Patchell; Gregory David,2,0,30,28
1650960546155,MATH 10A,A02,083736,Patchell; Gregory David,27,0,30,3
1650960546155,MATH 10A,A03,083737,Patchell; Gregory David,23,0,30,7
1650960552179,MATH 10B,A01,083207,Staff,0,9,30,30
1650960552179,MATH 10B,A02,083208,Staff,0,5,30,30
1650960552179,MATH 10B,B01,083739,Staff,9,0,30,21
1650960552179,MATH 10B,B02,083740,Staff,28,0,30,2
1650960558204,MATH 18,A01,083743,Staff,0,0,30,30
1650960558204,MATH 18,A02,083744,Staff,24,0,30,6
1650960558204,MATH 18,A03,083745,Staff,19,0,30,11
1650960558204,MATH 18,A04,083746,Staff,26,0,30,4
1650960558204,MATH 18,B01,083748,Staff,0,15,30,30
1650960558204,MATH 18,B02,083749,Staff,0,14,30,30
1650960558204,MATH 18,B03,083750,Staff,0,13,30,30
1650960558204,MATH 18,B04,083751,Staff,0,13,30,30
1650960564229,MATH 20A,A01,083754,Staff,19,0,40,21
1650960570252,MATH 20B,A01,083756,Staff,0,14,30,30
1650960570252,MATH 20B,A02,083757,Staff,0,11,30,30
1650960576281,MATH 20C,A01,083760,Staff,0,17,30,30
1650960576281,MATH 20C,A02,083761,Staff,0,15,30,30
1650960576281,MATH 20C,B01,083762,Staff,9,0,30,21
1650960576281,MATH 20C,B02,083763,Staff,28,0,30,2
1650960582305,MATH 20D,A01,083765,Staff,2,1,30,28
1650960582305,MATH 20D,A02,083766,Staff,3,0,30,27
1650960582305,MATH 20D,A03,083767,Staff,22,0,30,8
1650960588328,MATH 20E,A01,083771,Staff,2,0,30,28
1650960588328,MATH 20E,A02,083772,Staff,13,0,30,17
1650960588328,MATH 20E,B01,083773,Staff,0,0,30,30
1650960588328,MATH 20E,B02,083774,Staff,1,0,30,29
1650960594358,MATH 103A,A01,083777,Staff,0,17,30,30
1650960594358,MATH 103A,A02,083778,Staff,0,15,30,30
1650960594358,MATH 103A,B01,083779,Staff,0,15,30,30
1650960594358,MATH 103A,B02,083780,Staff,0,14,30,30
1650960600382,MATH 105,A01,085443,Staff,0,23,30,30
1650960606411,MATH 109,A01,083213,Anzaldo; Leesa B,0,7,30,30
1650960606411,MATH 109,A02,083214,Anzaldo; Leesa B,0,7,30,30
1650960606411,MATH 109,B01,083215,Anzaldo; Leesa B,0,8,30,30
1650960606411,MATH 109,B02,083216,Anzaldo; Leesa B,0,7,30,30
1650960612439,MATH 142A,A01,083219,Chow; Bennett,0,14,30,30
1650960612439,MATH 142A,A02,083220,Chow; Bennett,0,15,30,30
1650960612439,MATH 142A,B01,083221,Chow; Bennett,0,16,30,30
1650960612439,MATH 142A,B02,083222,Chow; Bennett,0,14,30,30
1650960618463,MATH 193A,A01,083224,Staff,0,6,30,30
1650960618463,MATH 193A,A02,083225,Staff,0,7,30,30
1650960618463,MATH 193A,A03,083781,Staff,0,6,30,30
1650960618463,MATH 193A,A04,083782,Staff,0,7,30,30
1650960624490,MATH 197,001,091859,McAuley; Julian John,9998,0,9999,1
1650960630539,COGS 9,A01,083615,Staff,0,18,60,60
1650960636564,COGS 11,A01,083617,Boyle; Mary E. T.,15,0,40,25
1650960642588,COGS 13,A01,083071,Staff,0,41,40,40
1650960648612,COGS 14A,A01,092681,Staff,0,38,100,100
1650960654642,COGS 14B,A01,083073,Cheng; Tzu-Han,0,13,50,50
1650960660665,COGS 17,A01,092677,Staff,6,0,75,69
1650960666693,COGS 100,A01,083619,Staff,0,31,60,60
1650960672724,COGS 101A,A01,083621,Davis; Joshua Daniel,0,29,60,60
1650960678766,COGS 101B,A01,091572,Staff,0,5,60,60
1650960684794,COGS 101C,A01,083625,Delgado; Tania,14,0,30,16
1650960690820,COGS 107A,A01,083627,Boyle; Mary E. T.,0,16,60,60
1650960696858,COGS 118A,A01,083075,Staff,0,10,60,60
1650960702888,CSE 3,A50,083646,Miranda; Gregory Joseph,15,0,38,23
1650960702888,CSE 3,A51,083647,Miranda; Gregory Joseph,36,0,37,1
1650960708912,CSE 8A,A50,083650,Miranda; Gregory Joseph,0,31,40,40
1650960714937,CSE 11,A01,083080,Cao; Yingjun,0,99,40,40
1650960720961,CSE 12,A01,083652,Staff,0,24,100,100
1650960726985,CSE 15L,A01,083654,Staff,0,3,50,50
1650960726985,CSE 15L,A02,083655,Staff,0,3,50,50
1650960733014,CSE 20,A01,083657,Staff,47,0,80,33
1650960739047,CSE 30,A01,083084,Eldon; John,1,38,80,79
1650960745078,CSE 100,A01,083659,Cao; Yingjun,0,71,50,50
1650960751103,CSE 134B,A01,083661,Powell; Thomas Allan,0,40,65,65
1650960757127,CSE 140,A01,083663,Staff,0,13,75,75
1650960763156,CSE 140L,A01,083088,Eldon; John,4,0,100,96
1650960769181,CSE 175,A01,083665,Kumar; Rakesh,0,0,25,25
1650960775204,CSE 190,A00,092507,Dubnov; Shlomo,9,0,20,11
1650960781233,ECE 45,A01,083139,Staff,0,6,60,60
1650960787258,ECE 65,A50,083695,Staff,0,7,30,30
1650960793283,ECE 109,A01,091882,Touri; Behrouz,32,0,70,38
1650960799314,ECE 180,A00,083140,Abi Samra; Nicholas Camill,18,0,30,12
1650960799314,ECE 180,B00,083141,Abi Samra; Nicholas Camill,0,0,30,30
1650960805345,MATH 10A,A01,083735,Patchell; Gregory David,2,0,30,28
1650960805345,MATH 10A,A02,083736,Patchell; Gregory David,27,0,30,3
1650960805345,MATH 10A,A03,083737,Patchell; Gregory David,23,0,30,7
1650960811368,MATH 10B,A01,083207,Staff,0,9,30,30
1650960811368,MATH 10B,A02,083208,Staff,0,5,30,30
1650960811368,MATH 10B,B01,083739,Staff,9,0,30,21
1650960811368,MATH 10B,B02,083740,Staff,28,0,30,2
1650960817394,MATH 18,A01,083743,Staff,0,0,30,30
1650960817394,MATH 18,A02,083744,Staff,24,0,30,6
1650960817394,MATH 18,A03,083745,Staff,19,0,30,11
1650960817394,MATH 18,A04,083746,Staff,26,0,30,4
1650960817394,MATH 18,B01,083748,Staff,0,15,30,30
1650960817394,MATH 18,B02,083749,Staff,0,14,30,30
1650960817394,MATH 18,B03,083750,Staff,0,13,30,30
1650960817394,MATH 18,B04,083751,Staff,0,13,30,30
1650960823426,MATH 20A,A01,083754,Staff,19,0,40,21
1650960829456,MATH 20B,A01,083756,Staff,0,14,30,30
1650960829456,MATH 20B,A02,083757,Staff,0,11,30,30
1650960835479,MATH 20C,A01,083760,Staff,0,17,30,30
1650960835479,MATH 20C,A02,083761,Staff,0,15,30,30
1650960835479,MATH 20C,B01,083762,Staff,9,0,30,21
1650960835479,MATH 20C,B02,083763,Staff,28,0,30,2
1650960841506,MATH 20D,A01,083765,Staff,2,1,30,28
1650960841506,MATH 20D,A02,083766,Staff,3,0,30,27
1650960841506,MATH 20D,A03,083767,Staff,22,0,30,8
1650960847531,MATH 20E,A01,083771,Staff,2,0,30,28
1650960847531,MATH 20E,A02,083772,Staff,13,0,30,17
1650960847531,MATH 20E,B01,083773,Staff,0,0,30,30
1650960847531,MATH 20E,B02,083774,Staff,1,0,30,29
1650960853557,MATH 103A,A01,083777,Staff,0,17,30,30
1650960853557,MATH 103A,A02,083778,Staff,0,15,30,30
1650960853557,MATH 103A,B01,083779,Staff,0,15,30,30
1650960853557,MATH 103A,B02,083780,Staff,0,14,30,30
1650960859591,MATH 105,A01,085443,Staff,0,23,30,30
1650960865622,MATH 109,A01,083213,Anzaldo; Leesa B,0,7,30,30
1650960865622,MATH 109,A02,083214,Anzaldo; Leesa B,0,7,30,30
1650960865622,MATH 109,B01,083215,Anzaldo; Leesa B,0,8,30,30
1650960865622,MATH 109,B02,083216,Anzaldo; Leesa B,0,7,30,30
1650960871650,MATH 142A,A01,083219,Chow; Bennett,0,14,30,30
1650960871650,MATH 142A,A02,083220,Chow; Bennett,0,15,30,30
1650960871650,MATH 142A,B01,083221,Chow; Bennett,0,16,30,30
1650960871650,MATH 142A,B02,083222,Chow; Bennett,0,14,30,30
1650960877674,MATH 193A,A01,083224,Staff,0,6,30,30
1650960877674,MATH 193A,A02,083225,Staff,0,7,30,30
1650960877674,MATH 193A,A03,083781,Staff,0,6,30,30
1650960877674,MATH 193A,A04,083782,Staff,0,7,30,30
1650960883698,MATH 197,001,091859,McAuley; Julian John,9998,0,9999,1
1650960889767,COGS 9,A01,083615,Staff,0,18,60,60
1650960895796,COGS 11,A01,083617,Boyle; Mary E. T.,15,0,40,25
1650960901824,COGS 13,A01,083071,Staff,0,41,40,40
1650960907848,COGS 14A,A01,092681,Staff,0,38,100,100
1650960913872,COGS 14B,A01,083073,Cheng; Tzu-Han,0,13,50,50
1650960919898,COGS 17,A01,092677,Staff,6,0,75,69
1650960925922,COGS 100,A01,083619,Staff,0,31,60,60
1650960931946,COGS 101A,A01,083621,Davis; Joshua Daniel,0,29,60,60
1650960937970,COGS 101B,A01,091572,Staff,0,5,60,60
1650960943995,COGS 101C,A01,083625,Delgado; Tania,14,0,30,16
1650960950018,COGS 107A,A01,083627,Boyle; Mary E. T.,0,16,60,60
1650960956046,COGS 118A,A01,083075,Staff,0,10,60,60
1650960962076,CSE 3,A50,083646,Miranda; Gregory Joseph,15,0,38,23
1650960962076,CSE 3,A51,083647,Miranda; Gregory Joseph,36,0,37,1
1650960968099,CSE 8A,A50,083650,Miranda; Gregory Joseph,0,31,40,40
1650960974124,CSE 11,A01,083080,Cao; Yingjun,0,99,40,40
1650960980151,CSE 12,A01,083652,Staff,0,24,100,100
1650960986178,CSE 15L,A01,083654,Staff,0,3,50,50
1650960986178,CSE 15L,A02,083655,Staff,0,3,50,50
1650960992202,CSE 20,A01,083657,Staff,47,0,80,33
1650960998230,CSE 30,A01,083084,Eldon; John,1,38,80,79
1650961004347,CSE 100,A01,083659,Cao; Yingjun,0,71,50,50
1650961010372,CSE 134B,A01,083661,Powell; Thomas Allan,0,40,65,65
1650961016398,CSE 140,A01,083663,Staff,0,13,75,75
1650961022428,CSE 140L,A01,083088,Eldon; John,4,0,100,96
1650961028451,CSE 175,A01,083665,Kumar; Rakesh,0,0,25,25
1650961034483,CSE 190,A00,092507,Dubnov; Shlomo,9,0,20,11
1650961040509,ECE 45,A01,083139,Staff,0,6,60,60
1650961046531,ECE 65,A50,083695,Staff,0,7,30,30
1650961052555,ECE 109,A01,091882,Touri; Behrouz,32,0,70,38
1650961058582,ECE 180,A00,083140,Abi Samra; Nicholas Camill,18,0,30,12
1650961058582,ECE 180,B00,083141,Abi Samra; Nicholas Camill,0,0,30,30
1650961064605,MATH 10A,A01,083735,Patchell; Gregory David,2,0,30,28
1650961064605,MATH 10A,A02,083736,Patchell; Gregory David,27,0,30,3
1650961064605,MATH 10A,A03,083737,Patchell; Gregory David,23,0,30,7
1650961070633,MATH 10B,A01,083207,Staff,0,9,30,30
1650961070633,MATH 10B,A02,083208,Staff,0,5,30,30
1650961070633,MATH 10B,B01,083739,Staff,9,0,30,21
1650961070633,MATH 10B,B02,083740,Staff,28,0,30,2
1650961076664,MATH 18,A01,083743,Staff,0,0,30,30
1650961076664,MATH 18,A02,083744,Staff,24,0,30,6
1650961076664,MATH 18,A03,083745,Staff,19,0,30,11
1650961076664,MATH 18,A04,083746,Staff,26,0,30,4
1650961076664,MATH 18,B01,083748,Staff,0,15,30,30
1650961076664,MATH 18,B02,083749,Staff,0,14,30,30
1650961076664,MATH 18,B03,083750,Staff,0,13,30,30
1650961076664,MATH 18,B04,083751,Staff,0,13,30,30
1650961082688,MATH 20A,A01,083754,Staff,19,0,40,21
1650961088714,MATH 20B,A01,083756,Staff,0,14,30,30
1650961088714,MATH 20B,A02,083757,Staff,0,11,30,30
1650961094738,MATH 20C,A01,083760,Staff,0,17,30,30
1650961094738,MATH 20C,A02,083761,Staff,0,15,30,30
1650961094738,MATH 20C,B01,083762,Staff,9,0,30,21
1650961094738,MATH 20C,B02,083763,Staff,28,0,30,2
1650961100767,MATH 20D,A01,083765,Staff,2,1,30,28
1650961100767,MATH 20D,A02,083766,Staff,3,0,30,27
1650961100767,MATH 20D,A03,083767,Staff,22,0,30,8
1650961106791,MATH 20E,A01,083771,Staff,2,0,30,28
1650961106791,MATH 20E,A02,083772,Staff,13,0,30,17
1650961106791,MATH 20E,B01,083773,Staff,0,0,30,30
1650961106791,MATH 20E,B02,083774,Staff,1,0,30,29
1650961112819,MATH 103A,A01,083777,Staff,0,17,30,30
1650961112819,MATH 103A,A02,083778,Staff,0,15,30,30
1650961112819,MATH 103A,B01,083779,Staff,0,15,30,30
1650961112819,MATH 103A,B02,083780,Staff,0,14,30,30
1650961118846,MATH 105,A01,085443,Staff,0,23,30,30
1650961124886,MATH 109,A01,083213,Anzaldo; Leesa B,0,7,30,30
1650961124886,MATH 109,A02,083214,Anzaldo; Leesa B,0,7,30,30
1650961124886,MATH 109,B01,083215,Anzaldo; Leesa B,0,8,30,30
1650961124886,MATH 109,B02,083216,Anzaldo; Leesa B,0,7,30,30
1650961130911,MATH 142A,A01,083219,Chow; Bennett,0,14,30,30
1650961130911,MATH 142A,A02,083220,Chow; Bennett,0,15,30,30
1650961130911,MATH 142A,B01,083221,Chow; Bennett,0,16,30,30
1650961130911,MATH 142A,B02,083222,Chow; Bennett,0,14,30,30
1650961136935,MATH 193A,A01,083224,Staff,0,6,30,30
1650961136935,MATH 193A,A02,083225,Staff,0,7,30,30
1650961136935,MATH 193A,A03,083781,Staff,0,6,30,30
1650961136935,MATH 193A,A04,083782,Staff,0,7,30,30
1650961142959,MATH 197,001,091859,McAuley; Julian John,9998,0,9999,1
1650961149019,COGS 9,A01,083615,Staff,0,18,60,60
1650961155046,COGS 11,A01,083617,Boyle; Mary E. T.,15,0,40,25
1650961161067,COGS 13,A01,083071,Staff,0,41,40,40
1650961167100,COGS 14A,A01,092681,Staff,0,38,100,100
1650961173127,COGS 14B,A01,083073,Cheng; Tzu-Han,0,13,50,50
1650961179153,COGS 17,A01,092677,Staff,6,0,75,69
1650961185185,COGS 100,A01,083619,Staff,0,31,60,60
1650961191212,COGS 101A,A01,083621,Davis; Joshua Daniel,0,29,60,60
1650961197234,COGS 101B,A01,091572,Staff,0,5,60,60
1650961203276,COGS 101C,A01,083625,Delgado; Tania,14,0,30,16
1650961209302,COGS 107A,A01,083627,Boyle; Mary E. T.,0,16,60,60
1650961215324,COGS 118A,A01,083075,Staff,0,10,60,60
1650961221348,CSE 3,A50,083646,Miranda; Gregory Joseph,15,0,38,23
1650961221348,CSE 3,A51,083647,Miranda; Gregory Joseph,36,0,37,1
1650961227376,CSE 8A,A50,083650,Miranda; Gregory Joseph,0,31,40,40
1650961233413,CSE 11,A01,083080,Cao; Yingjun,0,99,40,40
1650961239436,CSE 12,A01,083652,Staff,0,24,100,100
1650961245468,CSE 15L,A01,083654,Staff,0,3,50,50
1650961245468,CSE 15L,A02,083655,Staff,0,3,50,50
1650961251494,CSE 20,A01,083657,Staff,47,0,80,33
1650961257531,CSE 30,A01,083084,Eldon; John,1,38,80,79
1650961263558,CSE 100,A01,083659,Cao; Yingjun,0,71,50,50
1650961269586,CSE 134B,A01,083661,Powell; Thomas Allan,0,40,65,65
1650961275616,CSE 140,A01,083663,Staff,0,13,75,75
1650961281639,CSE 140L,A01,083088,Eldon; John,4,0,100,96
1650961287664,CSE 175,A01,083665,Kumar; Rakesh,0,0,25,25
1650961293709,CSE 190,A00,092507,Dubnov; Shlomo,9,0,20,11
1650961299736,ECE 45,A01,083139,Staff,0,6,60,60
1650961305772,ECE 65,A50,083695,Staff,0,7,30,30
1650961311796,ECE 109,A01,091882,Touri; Behrouz,32,0,70,38
1650961317822,ECE 180,A00,083140,Abi Samra; Nicholas Camill,18,0,30,12
1650961317822,ECE 180,B00,083141,Abi Samra; Nicholas Camill,0,0,30,30
1650961323848,MATH 10A,A01,083735,Patchell; Gregory David,2,0,30,28
1650961323848,MATH 10A,A02,083736,Patchell; Gregory David,27,0,30,3
1650961323848,MATH 10A,A03,083737,Patchell; Gregory David,23,0,30,7
1650961329872,MATH 10B,A01,083207,Staff,0,9,30,30
1650961329872,MATH 10B,A02,083208,Staff,0,5,30,30
1650961329872,MATH 10B,B01,083739,Staff,9,0,30,21
1650961329872,MATH 10B,B02,083740,Staff,28,0,30,2
1650961335903,MATH 18,A01,083743,Staff,0,0,30,30
1650961335903,MATH 18,A02,083744,Staff,24,0,30,6
1650961335903,MATH 18,A03,083745,Staff,19,0,30,11
1650961335903,MATH 18,A04,083746,Staff,26,0,30,4
1650961335903,MATH 18,B01,083748,Staff,0,15,30,30
1650961335903,MATH 18,B02,083749,Staff,0,14,30,30
1650961335903,MATH 18,B03,083750,Staff,0,13,30,30
1650961335903,MATH 18,B04,083751,Staff,0,13,30,30
1650961341930,MATH 20A,A01,083754,Staff,19,0,40,21
1650961347954,MATH 20B,A01,083756,Staff,0,14,30,30
1650961347954,MATH 20B,A02,083757,Staff,0,11,30,30
1650961353979,MATH 20C,A01,083760,Staff,0,17,30,30
1650961353979,MATH 20C,A02,083761,Staff,0,15,30,30
1650961353979,MATH 20C,B01,083762,Staff,9,0,30,21
1650961353979,MATH 20C,B02,083763,Staff,28,0,30,2
1650961360006,MATH 20D,A01,083765,Staff,2,1,30,28
1650961360006,MATH 20D,A02,083766,Staff,3,0,30,27
1650961360006,MATH 20D,A03,083767,Staff,22,0,30,8
1650961366030,MATH 20E,A01,083771,Staff,2,0,30,28
1650961366030,MATH 20E,A02,083772,Staff,13,0,30,17
1650961366030,MATH 20E,B01,083773,Staff,0,0,30,30
1650961366030,MATH 20E,B02,083774,Staff,1,0,30,29
1650961372058,MATH 103A,A01,083777,Staff,0,17,30,30
1650961372058,MATH 103A,A02,083778,Staff,0,15,30,30
1650961372058,MATH 103A,B01,083779,Staff,0,15,30,30
1650961372058,MATH 103A,B02,083780,Staff,0,14,30,30
1650961378085,MATH 105,A01,085443,Staff,0,23,30,30
1650961384119,MATH 109,A01,083213,Anzaldo; Leesa B,0,7,30,30
1650961384119,MATH 109,A02,083214,Anzaldo; Leesa B,0,7,30,30
1650961384119,MATH 109,B01,083215,Anzaldo; Leesa B,0,8,30,30
1650961384119,MATH 109,B02,083216,Anzaldo; Leesa B,0,7,30,30
1650961390143,MATH 142A,A01,083219,Chow; Bennett,0,14,30,30
1650961390143,MATH 142A,A02,083220,Chow; Bennett,0,15,30,30
1650961390143,MATH 142A,B01,083221,Chow; Bennett,0,16,30,30
1650961390143,MATH 142A,B02,083222,Chow; Bennett,0,14,30,30
1650961396167,MATH 193A,A01,083224,Staff,0,6,30,30
1650961396167,MATH 193A,A02,083225,Staff,0,7,30,30
1650961396167,MATH 193A,A03,083781,Staff,0,6,30,30
1650961396167,MATH 193A,A04,083782,Staff,0,7,30,30
1650961402189,MATH 197,001,091859,McAuley; Julian John,9998,0,9999,1
1650961408259,COGS 9,A01,083615,Staff,0,18,60,60
1650961414283,COGS 11,A01,083617,Boyle; Mary E. T.,15,0,40,25
1650961420307,COGS 13,A01,083071,Staff,0,41,40,40
1650961426341,COGS 14A,A01,092681,Staff,0,38,100,100
1650961432364,COGS 14B,A01,083073,Cheng; Tzu-Han,0,13,50,50
1650961438389,COGS 17,A01,092677,Staff,6,0,75,69
1650961444413,COGS 100,A01,083619,Staff,0,31,60,60
1650961450437,COGS 101A,A01,083621,Davis; Joshua Daniel,0,29,60,60
1650961456462,COGS 101B,A01,091572,Staff,0,5,60,60
1650961462489,COGS 101C,A01,083625,Delgado; Tania,14,0,30,16
1650961468516,COGS 107A,A01,083627,Boyle; Mary E. T.,0,16,60,60
1650961474543,COGS 118A,A01,083075,Staff,0,10,60,60
1650961480572,CSE 3,A50,083646,Miranda; Gregory Joseph,15,0,38,23
1650961480572,CSE 3,A51,083647,Miranda; Gregory Joseph,36,0,37,1
1650961486600,CSE 8A,A50,083650,Miranda; Gregory Joseph,0,31,40,40
1650961492624,CSE 11,A01,083080,Cao; Yingjun,0,99,40,40
1650961498650,CSE 12,A01,083652,Staff,0,24,100,100
1650961504673,CSE 15L,A01,083654,Staff,0,3,50,50
1650961504673,CSE 15L,A02,083655,Staff,0,3,50,50
1650961510697,CSE 20,A01,083657,Staff,47,0,80,33
1650961516725,CSE 30,A01,083084,Eldon; John,1,38,80,79
1650961522748,CSE 100,A01,083659,Cao; Yingjun,0,71,50,50
1650961528771,CSE 134B,A01,083661,Powell; Thomas Allan,0,40,65,65
1650961534793,CSE 140,A01,083663,Staff,0,13,75,75
1650961540816,CSE 140L,A01,083088,Eldon; John,4,0,100,96
1650961546843,CSE 175,A01,083665,Kumar; Rakesh,0,0,25,25
1650961552867,CSE 190,A00,092507,Dubnov; Shlomo,9,0,20,11
1650961558892,ECE 45,A01,083139,Staff,0,6,60,60
1650961564916,ECE 65,A50,083695,Staff,0,7,30,30
1650961570940,ECE 109,A01,091882,Touri; Behrouz,32,0,70,38
1650961576964,ECE 180,A00,083140,Abi Samra; Nicholas Camill,18,0,30,12
1650961576964,ECE 180,B00,083141,Abi Samra; Nicholas Camill,0,0,30,30
1650961582993,MATH 10A,A01,083735,Patchell; Gregory David,2,0,30,28
1650961582993,MATH 10A,A02,083736,Patchell; Gregory David,27,0,30,3
1650961582993,MATH 10A,A03,083737,Patchell; Gregory David,23,0,30,7
1650961589017,MATH 10B,A01,083207,Staff,0,9,30,30
1650961589017,MATH 10B,A02,083208,Staff,0,5,30,30
1650961589017,MATH 10B,B01,083739,Staff,9,0,30,21
1650961589017,MATH 10B,B02,083740,Staff,28,0,30,2
1650961595042,MATH 18,A01,083743,Staff,0,0,30,30
1650961595042,MATH 18,A02,083744,Staff,24,0,30,6
1650961595042,MATH 18,A03,083745,Staff,19,0,30,11
1650961595042,MATH 18,A04,083746,Staff,26,0,30,4
1650961595042,MATH 18,B01,083748,Staff,0,15,30,30
1650961595042,MATH 18,B02,083749,Staff,0,14,30,30
1650961595042,MATH 18,B03,083750,Staff,0,13,30,30
1650961595042,MATH 18,B04,083751,Staff,0,13,30,30
1650961601156,MATH 20A,A01,083754,Staff,19,0,40,21
1650961607182,MATH 20B,A01,083756,Staff,0,14,30,30
1650961607182,MATH 20B,A02,083757,Staff,0,11,30,30
1650961613211,MATH 20C,A01,083760,Staff,0,17,30,30
1650961613211,MATH 20C,A02,083761,Staff,0,15,30,30
1650961613211,MATH 20C,B01,083762,Staff,9,0,30,21
1650961613211,MATH 20C,B02,083763,Staff,28,0,30,2
1650961619237,MATH 20D,A01,083765,Staff,2,1,30,28
1650961619237,MATH 20D,A02,083766,Staff,3,0,30,27
1650961619237,MATH 20D,A03,083767,Staff,22,0,30,8
1650961625266,MATH 20E,A01,083771,Staff,2,0,30,28
1650961625266,MATH 20E,A02,083772,Staff,13,0,30,17
1650961625266,MATH 20E,B01,083773,Staff,0,0,30,30
1650961625266,MATH 20E,B02,083774,Staff,1,0,30,29
1650961631290,MATH 103A,A01,083777,Staff,0,17,30,30
1650961631290,MATH 103A,A02,083778,Staff,0,15,30,30
1650961631290,MATH 103A,B01,083779,Staff,0,15,30,30
1650961631290,MATH 103A,B02,083780,Staff,0,14,30,30
1650961637322,MATH 105,A01,085443,Staff,0,23,30,30
1650961643346,MATH 109,A01,083213,Anzaldo; Leesa B,0,7,30,30
1650961643346,MATH 109,A02,083214,Anzaldo; Leesa B,0,7,30,30
1650961643346,MATH 109,B01,083215,Anzaldo; Leesa B,0,8,30,30
1650961643346,MATH 109,B02,083216,Anzaldo; Leesa B,0,7,30,30
1650961649371,MATH 142A,A01,083219,Chow; Bennett,0,14,30,30
1650961649371,MATH 142A,A02,083220,Chow; Bennett,0,15,30,30
1650961649371,MATH 142A,B01,083221,Chow; Bennett,0,16,30,30
1650961649371,MATH 142A,B02,083222,Chow; Bennett,0,14,30,30
1650961655397,MATH 193A,A01,083224,Staff,0,6,30,30
1650961655397,MATH 193A,A02,083225,Staff,0,7,30,30
1650961655397,MATH 193A,A03,083781,Staff,0,6,30,30
1650961655397,MATH 193A,A04,083782,Staff,0,7,30,30
1650961661419,MATH 197,001,091859,McAuley; Julian John,9998,0,9999,1
1650961667495,COGS 9,A01,083615,Staff,0,18,60,60
1650961673524,COGS 11,A01,083617,Boyle; Mary E. T.,15,0,40,25
1650961679551,COGS 13,A01,083071,Staff,0,41,40,40
1650961685574,COGS 14A,A01,092681,Staff,0,38,100,100
1650961691599,COGS 14B,A01,083073,Cheng; Tzu-Han,0,13,50,50
1650961697623,COGS 17,A01,092677,Staff,6,0,75,69
1650961703654,COGS 100,A01,083619,Staff,0,31,60,60
1650961709684,COGS 101A,A01,083621,Davis; Joshua Daniel,0,29,60,60
1650961715709,COGS 101B,A01,091572,Staff,0,5,60,60
1650961721735,COGS 101C,A01,083625,Delgado; Tania,14,0,30,16
1650961727762,COGS 107A,A01,083627,Boyle; Mary E. T.,0,16,60,60
1650961733788,COGS 118A,A01,083075,Staff,0,10,60,60
1650961739812,CSE 3,A50,083646,Miranda; Gregory Joseph,15,0,38,23
1650961739812,CSE 3,A51,083647,Miranda; Gregory Joseph,36,0,37,1
1650961745835,CSE 8A,A50,083650,Miranda; Gregory Joseph,0,31,40,40
1650961751859,CSE 11,A01,083080,Cao; Yingjun,0,99,40,40
1650961757882,CSE 12,A01,083652,Staff,0,24,100,100
1650961763904,CSE 15L,A01,083654,Staff,0,3,50,50
1650961763904,CSE 15L,A02,083655,Staff,0,3,50,50
1650961769930,CSE 20,A01,083657,Staff,47,0,80,33
1650961775965,CSE 30,A01,083084,Eldon; John,1,38,80,79
1650961781987,CSE 100,A01,083659,Cao; Yingjun,0,71,50,50
1650961788013,CSE 134B,A01,083661,Powell; Thomas Allan,0,40,65,65
1650961794040,CSE 140,A01,083663,Staff,0,13,75,75
1650961800062,CSE 140L,A01,083088,Eldon; John,4,0,100,96
1650961806089,CSE 175,A01,083665,Kumar; Rakesh,0,0,25,25
1650961812112,CSE 190,A00,092507,Dubnov; Shlomo,9,0,20,11
1650961818133,ECE 45,A01,083139,Staff,0,6,60,60
1650961824162,ECE 65,A50,083695,Staff,0,7,30,30
1650961830189,ECE 109,A01,091882,Touri; Behrouz,32,0,70,38
1650961836211,ECE 180,A00,083140,Abi Samra; Nicholas Camill,18,0,30,12
1650961836211,ECE 180,B00,083141,Abi Samra; Nicholas Camill,0,0,30,30
1650961842234,MATH 10A,A01,083735,Patchell; Gregory David,2,0,30,28
1650961842234,MATH 10A,A02,083736,Patchell; Gregory David,27,0,30,3
1650961842234,MATH 10A,A03,083737,Patchell; Gregory David,23,0,30,7
1650961848261,MATH 10B,A01,083207,Staff,0,9,30,30
1650961848261,MATH 10B,A02,083208,Staff,0,5,30,30
1650961848261,MATH 10B,B01,083739,Staff,9,0,30,21
1650961848261,MATH 10B,B02,083740,Staff,28,0,30,2
1650961854293,MATH 18,A01,083743,Staff,0,0,30,30
1650961854293,MATH 18,A02,083744,Staff,24,0,30,6
1650961854293,MATH 18,A03,083745,Staff,19,0,30,11
1650961854293,MATH 18,A04,083746,Staff,26,0,30,4
1650961854293,MATH 18,B01,083748,Staff,0,15,30,30
1650961854293,MATH 18,B02,083749,Staff,0,14,30,30
1650961854293,MATH 18,B03,083750,Staff,0,13,30,30
1650961854293,MATH 18,B04,083751,Staff,0,13,30,30
1650961860321,MATH 20A,A01,083754,Staff,19,0,40,21
1650961866343,MATH 20B,A01,083756,Staff,0,14,30,30
1650961866343,MATH 20B,A02,083757,Staff,0,11,30,30
1650961872367,MATH 20C,A01,083760,Staff,0,17,30,30
1650961872367,MATH 20C,A02,083761,Staff,0,15,30,30
1650961872367,MATH 20C,B01,083762,Staff,9,0,30,21
1650961872367,MATH 20C,B02,083763,Staff,28,0,30,2
1650961878404,MATH 20D,A01,083765,Staff,2,1,30,28
1650961878404,MATH 20D,A02,083766,Staff,3,0,30,27
1650961878404,MATH 20D,A03,083767,Staff,22,0,30,8
1650961884429,MATH 20E,A01,083771,Staff,2,0,30,28
1650961884429,MATH 20E,A02,083772,Staff,13,0,30,17
1650961884429,MATH 20E,B01,083773,Staff,0,0,30,30
1650961884429,MATH 20E,B02,083774,Staff,1,0,30,29
1650961890460,MATH 103A,A01,083777,Staff,0,17,30,30
1650961890460,MATH 103A,A02,083778,Staff,0,15,30,30
1650961890460,MATH 103A,B01,083779,Staff,0,15,30,30
1650961890460,MATH 103A,B02,083780,Staff,0,14,30,30
1650961896487,MATH 105,A01,085443,Staff,0,23,30,30
1650961902516,MATH 109,A01,083213,Anzaldo; Leesa B,0,7,30,30
1650961902516,MATH 109,A02,083214,Anzaldo; Leesa B,0,7,30,30
1650961902516,MATH 109,B01,083215,Anzaldo; Leesa B,0,8,30,30
1650961902516,MATH 109,B02,083216,Anzaldo; Leesa B,0,7,30,30
1650961908544,MATH 142A,A01,083219,Chow; Bennett,0,14,30,30
1650961908544,MATH 142A,A02,083220,Chow; Bennett,0,15,30,30
1650961908544,MATH 142A,B01,083221,Chow; Bennett,0,16,30,30
1650961908544,MATH 142A,B02,083222,Chow; Bennett,0,14,30,30
1650961914575,MATH 193A,A01,083224,Staff,0,6,30,30
1650961914575,MATH 193A,A02,083225,Staff,0,7,30,30
1650961914575,MATH 193A,A03,083781,Staff,0,6,30,30
1650961914575,MATH 193A,A04,083782,Staff,0,7,30,30
1650961920601,MATH 197,001,091859,McAuley; Julian John,9998,0,9999,1
1650961926668,COGS 9,A01,083615,Staff,0,18,60,60
1650961932697,COGS 11,A01,083617,Boyle; Mary E. T.,15,0,40,25
1650961938725,COGS 13,A01,083071,Staff,0,41,40,40
1650961944747,COGS 14A,A01,092681,Staff,0,38,100,100
1650961950771,COGS 14B,A01,083073,Cheng; Tzu-Han,0,13,50,50
1650961956800,COGS 17,A01,092677,Staff,6,0,75,69
1650961962824,COGS 100,A01,083619,Staff,0,31,60,60
1650961968849,COGS 101A,A01,083621,Davis; Joshua Daniel,0,29,60,60
1650961974873,COGS 101B,A01,091572,Staff,0,5,60,60
1650961980903,COGS 101C,A01,083625,Delgado; Tania,14,0,30,16
1650961986929,COGS 107A,A01,083627,Boyle; Mary E. T.,0,16,60,60
1650961992952,COGS 118A,A01,083075,Staff,0,10,60,60
1650961998978,CSE 3,A50,083646,Miranda; Gregory Joseph,15,0,38,23
1650961998978,CSE 3,A51,083647,Miranda; Gregory Joseph,36,0,37,1
1650962005002,CSE 8A,A50,083650,Miranda; Gregory Joseph,0,31,40,40
1650962011030,CSE 11,A01,083080,Cao; Yingjun,0,99,40,40
1650962017052,CSE 12,A01,083652,Staff,0,24,100,100
1650962023075,CSE 15L,A01,083654,Staff,0,3,50,50
1650962023075,CSE 15L,A02,083655,Staff,0,3,50,50
1650962029098,CSE 20,A01,083657,Staff,47,0,80,33
1650962035121,CSE 30,A01,083084,Eldon; John,1,38,80,79
1650962041145,CSE 100,A01,083659,Cao; Yingjun,0,71,50,50
1650962047167,CSE 134B,A01,083661,Powell; Thomas Allan,0,40,65,65
1650962053189,CSE 140,A01,083663,Staff,0,13,75,75
1650962059215,CSE 140L,A01,083088,Eldon; John,4,0,100,96
1650962065238,CSE 175,A01,083665,Kumar; Rakesh,0,0,25,25
1650962071263,CSE 190,A00,092507,Dubnov; Shlomo,9,0,20,11
1650962077285,ECE 45,A01,083139,Staff,0,6,60,60
1650962083309,ECE 65,A50,083695,Staff,0,7,30,30
1650962089334,ECE 109,A01,091882,Touri; Behrouz,32,0,70,38
1650962095366,ECE 180,A00,083140,Abi Samra; Nicholas Camill,18,0,30,12
1650962095366,ECE 180,B00,083141,Abi Samra; Nicholas Camill,0,0,30,30
1650962101395,MATH 10A,A01,083735,Patchell; Gregory David,2,0,30,28
1650962101395,MATH 10A,A02,083736,Patchell; Gregory David,27,0,30,3
1650962101395,MATH 10A,A03,083737,Patchell; Gregory David,23,0,30,7
1650962107423,MATH 10B,A01,083207,Staff,0,9,30,30
1650962107423,MATH 10B,A02,083208,Staff,0,5,30,30
1650962107423,MATH 10B,B01,083739,Staff,9,0,30,21
1650962107423,MATH 10B,B02,083740,Staff,28,0,30,2
1650962113454,MATH 18,A01,083743,Staff,0,0,30,30
1650962113454,MATH 18,A02,083744,Staff,24,0,30,6
1650962113454,MATH 18,A03,083745,Staff,19,0,30,11
1650962113454,MATH 18,A04,083746,Staff,26,0,30,4
1650962113454,MATH 18,B01,083748,Staff,0,15,30,30
1650962113454,MATH 18,B02,083749,Staff,0,14,30,30
1650962113454,MATH 18,B03,083750,Staff,0,13,30,30
1650962113454,MATH 18,B04,083751,Staff,0,13,30,30
1650962119479,MATH 20A,A01,083754,Staff,19,0,40,21
1650962125508,MATH 20B,A01,083756,Staff,0,14,30,30
1650962125508,MATH 20B,A02,083757,Staff,0,11,30,30
1650962131532,MATH 20C,A01,083760,Staff,0,17,30,30
1650962131532,MATH 20C,A02,083761,Staff,0,15,30,30
1650962131532,MATH 20C,B01,083762,Staff,9,0,30,21
1650962131532,MATH 20C,B02,083763,Staff,28,0,30,2
1650962137558,MATH 20D,A01,083765,Staff,2,1,30,28
1650962137558,MATH 20D,A02,083766,Staff,3,0,30,27
1650962137558,MATH 20D,A03,083767,Staff,22,0,30,8
1650962143581,MATH 20E,A01,083771,Staff,2,0,30,28
1650962143581,MATH 20E,A02,083772,Staff,13,0,30,17
1650962143581,MATH 20E,B01,083773,Staff,0,0,30,30
1650962143581,MATH 20E,B02,083774,Staff,1,0,30,29
1650962149604,MATH 103A,A01,083777,Staff,0,17,30,30
1650962149604,MATH 103A,A02,083778,Staff,0,15,30,30
1650962149604,MATH 103A,B01,083779,Staff,0,15,30,30
1650962149604,MATH 103A,B02,083780,Staff,0,14,30,30
1650962155630,MATH 105,A01,085443,Staff,0,23,30,30
1650962161660,MATH 109,A01,083213,Anzaldo; Leesa B,0,7,30,30
1650962161660,MATH 109,A02,083214,Anzaldo; Leesa B,0,7,30,30
1650962161660,MATH 109,B01,083215,Anzaldo; Leesa B,0,8,30,30
1650962161660,MATH 109,B02,083216,Anzaldo; Leesa B,0,7,30,30
1650962167690,MATH 142A,A01,083219,Chow; Bennett,0,14,30,30
1650962167690,MATH 142A,A02,083220,Chow; Bennett,0,15,30,30
1650962167690,MATH 142A,B01,083221,Chow; Bennett,0,16,30,30
1650962167690,MATH 142A,B02,083222,Chow; Bennett,0,14,30,30
1650962173717,MATH 193A,A01,083224,Staff,0,6,30,30
1650962173717,MATH 193A,A02,083225,Staff,0,7,30,30
1650962173717,MATH 193A,A03,083781,Staff,0,6,30,30
1650962173717,MATH 193A,A04,083782,Staff,0,7,30,30
1650962179741,MATH 197,001,091859,McAuley; Julian John,9998,0,9999,1
1650962185801,COGS 9,A01,083615,Staff,0,18,60,60
1650962191915,COGS 11,A01,083617,Boyle; Mary E. T.,15,0,40,25
1650962197943,COGS 13,A01,083071,Staff,0,41,40,40
1650962203968,COGS 14A,A01,092681,Staff,0,38,100,100
1650962209996,COGS 14B,A01,083073,Cheng; Tzu-Han,0,13,50,50
1650962216018,COGS 17,A01,092677,Staff,6,0,75,69
1650962222045,COGS 100,A01,083619,Staff,0,31,60,60
1650962228068,COGS 101A,A01,083621,Davis; Joshua Daniel,0,29,60,60
1650962234091,COGS 101B,A01,091572,Staff,0,5,60,60
1650962240115,COGS 101C,A01,083625,Delgado; Tania,14,0,30,16
1650962246139,COGS 107A,A01,083627,Boyle; Mary E. T.,0,16,60,60
1650962252167,COGS 118A,A01,083075,Staff,0,10,60,60
1650962258191,CSE 3,A50,083646,Miranda; Gregory Joseph,15,0,38,23
1650962258191,CSE 3,A51,083647,Miranda; Gregory Joseph,36,0,37,1
1650962264219,CSE 8A,A50,083650,Miranda; Gregory Joseph,0,31,40,40
1650962270241,CSE 11,A01,083080,Cao; Yingjun,0,99,40,40
1650962276266,CSE 12,A01,083652,Staff,0,24,100,100
1650962282291,CSE 15L,A01,083654,Staff,0,3,50,50
1650962282291,CSE 15L,A02,083655,Staff,0,3,50,50
1650962288313,CSE 20,A01,083657,Staff,47,0,80,33
1650962294340,CSE 30,A01,083084,Eldon; John,1,38,80,79
1650962300363,CSE 100,A01,083659,Cao; Yingjun,0,71,50,50
1650962306391,CSE 134B,A01,083661,Powell; Thomas Allan,0,40,65,65
1650962312417,CSE 140,A01,083663,Staff,0,13,75,75
1650962318441,CSE 140L,A01,083088,Eldon; John,4,0,100,96
1650962324464,CSE 175,A01,083665,Kumar; Rakesh,0,0,25,25
1650962330489,CSE 190,A00,092507,Dubnov; Shlomo,9,0,20,11
1650962336515,ECE 45,A01,083139,Staff,0,6,60,60
1650962342541,ECE 65,A50,083695,Staff,0,7,30,30
1650962348571,ECE 109,A01,091882,Touri; Behrouz,32,0,70,38
1650962354594,ECE 180,A00,083140,Abi Samra; Nicholas Camill,18,0,30,12
1650962354594,ECE 180,B00,083141,Abi Samra; Nicholas Camill,0,0,30,30
1650962360618,MATH 10A,A01,083735,Patchell; Gregory David,2,0,30,28
1650962360618,MATH 10A,A02,083736,Patchell; Gregory David,27,0,30,3
1650962360618,MATH 10A,A03,083737,Patchell; Gregory David,23,0,30,7
1650962366645,MATH 10B,A01,083207,Staff,0,9,30,30
1650962366645,MATH 10B,A02,083208,Staff,0,5,30,30
1650962366645,MATH 10B,B01,083739,Staff,9,0,30,21
1650962366645,MATH 10B,B02,083740,Staff,28,0,30,2
1650962372670,MATH 18,A01,083743,Staff,0,0,30,30
1650962372670,MATH 18,A02,083744,Staff,24,0,30,6
1650962372670,MATH 18,A03,083745,Staff,19,0,30,11
1650962372670,MATH 18,A04,083746,Staff,26,0,30,4
1650962372670,MATH 18,B01,083748,Staff,0,15,30,30
1650962372670,MATH 18,B02,083749,Staff,0,14,30,30
1650962372670,MATH 18,B03,083750,Staff,0,13,30,30
1650962372670,MATH 18,B04,083751,Staff,0,13,30,30
1650962378691,MATH 20A,A01,083754,Staff,19,0,40,21
1650962384716,MATH 20B,A01,083756,Staff,0,14,30,30
1650962384716,MATH 20B,A02,083757,Staff,0,11,30,30
1650962390738,MATH 20C,A01,083760,Staff,0,17,30,30
1650962390738,MATH 20C,A02,083761,Staff,0,15,30,30
1650962390738,MATH 20C,B01,083762,Staff,9,0,30,21
1650962390738,MATH 20C,B02,083763,Staff,28,0,30,2
1650962396767,MATH 20D,A01,083765,Staff,2,1,30,28
1650962396767,MATH 20D,A02,083766,Staff,3,0,30,27
1650962396767,MATH 20D,A03,083767,Staff,22,0,30,8
1650962402792,MATH 20E,A01,083771,Staff,2,0,30,28
1650962402792,MATH 20E,A02,083772,Staff,13,0,30,17
1650962402792,MATH 20E,B01,083773,Staff,0,0,30,30
1650962402792,MATH 20E,B02,083774,Staff,1,0,30,29
1650962408818,MATH 103A,A01,083777,Staff,0,17,30,30
1650962408818,MATH 103A,A02,083778,Staff,0,15,30,30
1650962408818,MATH 103A,B01,083779,Staff,0,15,30,30
1650962408818,MATH 103A,B02,083780,Staff,0,14,30,30
1650962414842,MATH 105,A01,085443,Staff,0,23,30,30
1650962420870,MATH 109,A01,083213,Anzaldo; Leesa B,0,7,30,30
1650962420870,MATH 109,A02,083214,Anzaldo; Leesa B,0,7,30,30
1650962420870,MATH 109,B01,083215,Anzaldo; Leesa B,0,8,30,30
1650962420870,MATH 109,B02,083216,Anzaldo; Leesa B,0,7,30,30
1650962426893,MATH 142A,A01,083219,Chow; Bennett,0,14,30,30
1650962426893,MATH 142A,A02,083220,Chow; Bennett,0,15,30,30
1650962426893,MATH 142A,B01,083221,Chow; Bennett,0,16,30,30
1650962426893,MATH 142A,B02,083222,Chow; Bennett,0,14,30,30
1650962432921,MATH 193A,A01,083224,Staff,0,6,30,30
1650962432921,MATH 193A,A02,083225,Staff,0,7,30,30
1650962432921,MATH 193A,A03,083781,Staff,0,6,30,30
1650962432921,MATH 193A,A04,083782,Staff,0,7,30,30
1650962438951,MATH 197,001,091859,McAuley; Julian John,9998,0,9999,1
1650962445013,COGS 9,A01,083615,Staff,0,18,60,60
1650962451035,COGS 11,A01,083617,Boyle; Mary E. T.,15,0,40,25
1650962457059,COGS 13,A01,083071,Staff,0,41,40,40
1650962463085,COGS 14A,A01,092681,Staff,0,38,100,100
1650962469108,COGS 14B,A01,083073,Cheng; Tzu-Han,0,13,50,50
1650962475134,COGS 17,A01,092677,Staff,6,0,75,69
1650962481159,COGS 100,A01,083619,Staff,0,31,60,60
1650962487182,COGS 101A,A01,083621,Davis; Joshua Daniel,0,29,60,60
1650962493208,COGS 101B,A01,091572,Staff,0,5,60,60
1650962499235,COGS 101C,A01,083625,Delgado; Tania,14,0,30,16
1650962505264,COGS 107A,A01,083627,Boyle; Mary E. T.,0,16,60,60
1650962511295,COGS 118A,A01,083075,Staff,0,10,60,60
1650962517324,CSE 3,A50,083646,Miranda; Gregory Joseph,15,0,38,23
1650962517324,CSE 3,A51,083647,Miranda; Gregory Joseph,36,0,37,1
1650962523349,CSE 8A,A50,083650,Miranda; Gregory Joseph,0,31,40,40
1650962529373,CSE 11,A01,083080,Cao; Yingjun,0,99,40,40
1650962535403,CSE 12,A01,083652,Staff,0,24,100,100
1650962541426,CSE 15L,A01,083654,Staff,0,3,50,50
1650962541426,CSE 15L,A02,083655,Staff,0,3,50,50
1650962547457,CSE 20,A01,083657,Staff,47,0,80,33
1650962553482,CSE 30,A01,083084,Eldon; John,1,38,80,79
1650962559507,CSE 100,A01,083659,Cao; Yingjun,0,71,50,50
1650962565533,CSE 134B,A01,083661,Powell; Thomas Allan,0,40,65,65
1650962571559,CSE 140,A01,083663,Staff,0,13,75,75
1650962577583,CSE 140L,A01,083088,Eldon; John,4,0,100,96
1650962583615,CSE 175,A01,083665,Kumar; Rakesh,0,0,25,25
1650962589644,CSE 190,A00,092507,Dubnov; Shlomo,9,0,20,11
1650962595673,ECE 45,A01,083139,Staff,0,6,60,60
1650962601696,ECE 65,A50,083695,Staff,0,7,30,30
1650962607720,ECE 109,A01,091882,Touri; Behrouz,32,0,70,38
1650962613747,ECE 180,A00,083140,Abi Samra; Nicholas Camill,18,0,30,12
1650962613747,ECE 180,B00,083141,Abi Samra; Nicholas Camill,0,0,30,30
1650962619772,MATH 10A,A01,083735,Patchell; Gregory David,2,0,30,28
1650962619772,MATH 10A,A02,083736,Patchell; Gregory David,27,0,30,3
1650962619772,MATH 10A,A03,083737,Patchell; Gregory David,23,0,30,7
1650962625798,MATH 10B,A01,083207,Staff,0,9,30,30
1650962625798,MATH 10B,A02,083208,Staff,0,5,30,30
1650962625798,MATH 10B,B01,083739,Staff,9,0,30,21
1650962625798,MATH 10B,B02,083740,Staff,28,0,30,2
1650962631830,MATH 18,A01,083743,Staff,0,0,30,30
1650962631830,MATH 18,A02,083744,Staff,24,0,30,6
1650962631830,MATH 18,A03,083745,Staff,19,0,30,11
1650962631830,MATH 18,A04,083746,Staff,26,0,30,4
1650962631830,MATH 18,B01,083748,Staff,0,15,30,30
1650962631830,MATH 18,B02,083749,Staff,0,14,30,30
1650962631830,MATH 18,B03,083750,Staff,0,13,30,30
1650962631830,MATH 18,B04,083751,Staff,0,13,30,30
1650962637853,MATH 20A,A01,083754,Staff,19,0,40,21
1650962643876,MATH 20B,A01,083756,Staff,0,14,30,30
1650962643876,MATH 20B,A02,083757,Staff,0,11,30,30
1650962649899,MATH 20C,A01,083760,Staff,0,17,30,30
1650962649899,MATH 20C,A02,083761,Staff,0,15,30,30
1650962649899,MATH 20C,B01,083762,Staff,9,0,30,21
1650962649899,MATH 20C,B02,083763,Staff,28,0,30,2
1650962655926,MATH 20D,A01,083765,Staff,2,1,30,28
1650962655926,MATH 20D,A02,083766,Staff,2,0,30,28
1650962655926,MATH 20D,A03,083767,Staff,22,0,30,8
1650962661950,MATH 20E,A01,083771,Staff,2,0,30,28
1650962661950,MATH 20E,A02,083772,Staff,13,0,30,17
1650962661950,MATH 20E,B01,083773,Staff,0,0,30,30
1650962661950,MATH 20E,B02,083774,Staff,1,0,30,29
1650962667978,MATH 103A,A01,083777,Staff,0,17,30,30
1650962667978,MATH 103A,A02,083778,Staff,0,15,30,30
1650962667978,MATH 103A,B01,083779,Staff,0,15,30,30
1650962667978,MATH 103A,B02,083780,Staff,0,14,30,30
1650962674004,MATH 105,A01,085443,Staff,0,23,30,30
1650962680032,MATH 109,A01,083213,Anzaldo; Leesa B,0,7,30,30
1650962680032,MATH 109,A02,083214,Anzaldo; Leesa B,0,7,30,30
1650962680032,MATH 109,B01,083215,Anzaldo; Leesa B,0,8,30,30
1650962680032,MATH 109,B02,083216,Anzaldo; Leesa B,0,7,30,30
1650962686057,MATH 142A,A01,083219,Chow; Bennett,0,14,30,30
1650962686057,MATH 142A,A02,083220,Chow; Bennett,0,15,30,30
1650962686057,MATH 142A,B01,083221,Chow; Bennett,0,16,30,30
1650962686057,MATH 142A,B02,083222,Chow; Bennett,0,14,30,30
1650962692079,MATH 193A,A01,083224,Staff,0,6,30,30
1650962692079,MATH 193A,A02,083225,Staff,0,7,30,30
1650962692079,MATH 193A,A03,083781,Staff,0,6,30,30
1650962692079,MATH 193A,A04,083782,Staff,0,7,30,30
1650962698103,MATH 197,001,091859,McAuley; Julian John,9998,0,9999,1
1650962704162,COGS 9,A01,083615,Staff,0,18,60,60
1650962710190,COGS 11,A01,083617,Boyle; Mary E. T.,15,0,40,25
1650962716214,COGS 13,A01,083071,Staff,0,41,40,40
1650962722237,COGS 14A,A01,092681,Staff,0,38,100,100
1650962728264,COGS 14B,A01,083073,Cheng; Tzu-Han,0,13,50,50
1650962734290,COGS 17,A01,092677,Staff,6,0,75,69
1650962740313,COGS 100,A01,083619,Staff,0,31,60,60
1650962746341,COGS 101A,A01,083621,Davis; Joshua Daniel,0,29,60,60
1650962752369,COGS 101B,A01,091572,Staff,0,5,60,60
1650962758392,COGS 101C,A01,083625,Delgado; Tania,14,0,30,16
1650962764415,COGS 107A,A01,083627,Boyle; Mary E. T.,0,16,60,60
1650962770442,COGS 118A,A01,083075,Staff,0,10,60,60
1650962776467,CSE 3,A50,083646,Miranda; Gregory Joseph,15,0,38,23
1650962776467,CSE 3,A51,083647,Miranda; Gregory Joseph,36,0,37,1
1650962782492,CSE 8A,A50,083650,Miranda; Gregory Joseph,0,31,40,40
1650962788606,CSE 11,A01,083080,Cao; Yingjun,0,99,40,40
1650962794630,CSE 12,A01,083652,Staff,0,24,100,100
1650962800657,CSE 15L,A01,083654,Staff,0,3,50,50
1650962800657,CSE 15L,A02,083655,Staff,0,3,50,50
1650962806682,CSE 20,A01,083657,Staff,47,0,80,33
1650962812710,CSE 30,A01,083084,Eldon; John,1,38,80,79
1650962818734,CSE 100,A01,083659,Cao; Yingjun,0,71,50,50
1650962824761,CSE 134B,A01,083661,Powell; Thomas Allan,0,40,65,65
1650962830787,CSE 140,A01,083663,Staff,0,13,75,75
1650962836812,CSE 140L,A01,083088,Eldon; John,4,0,100,96
1650962842839,CSE 175,A01,083665,Kumar; Rakesh,0,0,25,25
1650962848867,CSE 190,A00,092507,Dubnov; Shlomo,9,0,20,11
1650962854896,ECE 45,A01,083139,Staff,0,6,60,60
1650962860922,ECE 65,A50,083695,Staff,0,7,30,30
1650962866960,ECE 109,A01,091882,Touri; Behrouz,32,0,70,38
1650962872983,ECE 180,A00,083140,Abi Samra; Nicholas Camill,18,0,30,12
1650962872983,ECE 180,B00,083141,Abi Samra; Nicholas Camill,0,0,30,30
1650962879018,MATH 10A,A01,083735,Patchell; Gregory David,2,0,30,28
1650962879018,MATH 10A,A02,083736,Patchell; Gregory David,27,0,30,3
1650962879018,MATH 10A,A03,083737,Patchell; Gregory David,23,0,30,7
1650962885044,MATH 10B,A01,083207,Staff,0,9,30,30
1650962885044,MATH 10B,A02,083208,Staff,0,5,30,30
1650962885044,MATH 10B,B01,083739,Staff,9,0,30,21
1650962885044,MATH 10B,B02,083740,Staff,28,0,30,2
1650962891078,MATH 18,A01,083743,Staff,0,0,30,30
1650962891078,MATH 18,A02,083744,Staff,24,0,30,6
1650962891078,MATH 18,A03,083745,Staff,19,0,30,11
1650962891078,MATH 18,A04,083746,Staff,26,0,30,4
1650962891078,MATH 18,B01,083748,Staff,0,15,30,30
1650962891078,MATH 18,B02,083749,Staff,0,14,30,30
1650962891078,MATH 18,B03,083750,Staff,0,13,30,30
1650962891078,MATH 18,B04,083751,Staff,0,13,30,30
1650962897101,MATH 20A,A01,083754,Staff,19,0,40,21
1650962903129,MATH 20B,A01,083756,Staff,0,14,30,30
1650962903129,MATH 20B,A02,083757,Staff,0,11,30,30
1650962909156,MATH 20C,A01,083760,Staff,0,17,30,30
1650962909156,MATH 20C,A02,083761,Staff,0,15,30,30
1650962909156,MATH 20C,B01,083762,Staff,9,0,30,21
1650962909156,MATH 20C,B02,083763,Staff,28,0,30,2
1650962915183,MATH 20D,A01,083765,Staff,2,1,30,28
1650962915183,MATH 20D,A02,083766,Staff,2,0,30,28
1650962915183,MATH 20D,A03,083767,Staff,22,0,30,8
1650962921217,MATH 20E,A01,083771,Staff,2,0,30,28
1650962921217,MATH 20E,A02,083772,Staff,13,0,30,17
1650962921217,MATH 20E,B01,083773,Staff,0,0,30,30
1650962921217,MATH 20E,B02,083774,Staff,1,0,30,29
1650962927244,MATH 103A,A01,083777,Staff,0,17,30,30
1650962927244,MATH 103A,A02,083778,Staff,0,15,30,30
1650962927244,MATH 103A,B01,083779,Staff,0,15,30,30
1650962927244,MATH 103A,B02,083780,Staff,0,14,30,30
1650962933271,MATH 105,A01,085443,Staff,0,23,30,30
1650962939296,MATH 109,A01,083213,Anzaldo; Leesa B,0,7,30,30
1650962939296,MATH 109,A02,083214,Anzaldo; Leesa B,0,7,30,30
1650962939296,MATH 109,B01,083215,Anzaldo; Leesa B,0,8,30,30
1650962939296,MATH 109,B02,083216,Anzaldo; Leesa B,0,7,30,30
1650962945326,MATH 142A,A01,083219,Chow; Bennett,0,14,30,30
1650962945326,MATH 142A,A02,083220,Chow; Bennett,0,15,30,30
1650962945326,MATH 142A,B01,083221,Chow; Bennett,0,16,30,30
1650962945326,MATH 142A,B02,083222,Chow; Bennett,0,14,30,30
1650962951358,MATH 193A,A01,083224,Staff,0,6,30,30
1650962951358,MATH 193A,A02,083225,Staff,0,7,30,30
1650962951358,MATH 193A,A03,083781,Staff,0,6,30,30
1650962951358,MATH 193A,A04,083782,Staff,0,7,30,30
1650962957386,MATH 197,001,091859,McAuley; Julian John,9998,0,9999,1
1650962963450,COGS 9,A01,083615,Staff,0,18,60,60
1650962969480,COGS 11,A01,083617,Boyle; Mary E. T.,15,0,40,25
1650962975507,COGS 13,A01,083071,Staff,0,41,40,40
1650962981529,COGS 14A,A01,092681,Staff,0,38,100,100
1650962987555,COGS 14B,A01,083073,Cheng; Tzu-Han,0,13,50,50
1650962993581,COGS 17,A01,092677,Staff,6,0,75,69
1650962999620,COGS 100,A01,083619,Staff,0,31,60,60
1650963005644,COGS 101A,A01,083621,Davis; Joshua Daniel,0,29,60,60
1650963011671,COGS 101B,A01,091572,Staff,0,5,60,60
1650963017699,COGS 101C,A01,083625,Delgado; Tania,14,0,30,16
1650963023722,COGS 107A,A01,083627,Boyle; Mary E. T.,0,16,60,60
1650963029749,COGS 118A,A01,083075,Staff,0,10,60,60
1650963035833,CSE 3,A50,083646,Miranda; Gregory Joseph,15,0,38,23
1650963035833,CSE 3,A51,083647,Miranda; Gregory Joseph,36,0,37,1
1650963041857,CSE 8A,A50,083650,Miranda; Gregory Joseph,0,31,40,40
1650963047889,CSE 11,A01,083080,Cao; Yingjun,0,99,40,40
1650963053914,CSE 12,A01,083652,Staff,0,24,100,100
1650963059941,CSE 15L,A01,083654,Staff,0,3,50,50
1650963059941,CSE 15L,A02,083655,Staff,0,3,50,50
1650963065966,CSE 20,A01,083657,Staff,47,0,80,33
1650963072088,CSE 30,A01,083084,Eldon; John,1,38,80,79
1650963078110,CSE 100,A01,083659,Cao; Yingjun,0,71,50,50
1650963084133,CSE 134B,A01,083661,Powell; Thomas Allan,0,40,65,65
1650963090161,CSE 140,A01,083663,Staff,0,13,75,75
1650963096185,CSE 140L,A01,083088,Eldon; John,4,0,100,96
1650963102211,CSE 175,A01,083665,Kumar; Rakesh,0,0,25,25
1650963108234,CSE 190,A00,092507,Dubnov; Shlomo,9,0,20,11
1650963114262,ECE 45,A01,083139,Staff,0,6,60,60
1650963120287,ECE 65,A50,083695,Staff,0,7,30,30
1650963126310,ECE 109,A01,091882,Touri; Behrouz,32,0,70,38
1650963132333,ECE 180,A00,083140,Abi Samra; Nicholas Camill,18,0,30,12
1650963132333,ECE 180,B00,083141,Abi Samra; Nicholas Camill,0,0,30,30
1650963138361,MATH 10A,A01,083735,Patchell; Gregory David,2,0,30,28
1650963138361,MATH 10A,A02,083736,Patchell; Gregory David,27,0,30,3
1650963138361,MATH 10A,A03,083737,Patchell; Gregory David,23,0,30,7
1650963144393,MATH 10B,A01,083207,Staff,0,9,30,30
1650963144393,MATH 10B,A02,083208,Staff,0,5,30,30
1650963144393,MATH 10B,B01,083739,Staff,9,0,30,21
1650963144393,MATH 10B,B02,083740,Staff,28,0,30,2
1650963150418,MATH 18,A01,083743,Staff,0,0,30,30
1650963150418,MATH 18,A02,083744,Staff,24,0,30,6
1650963150418,MATH 18,A03,083745,Staff,19,0,30,11
1650963150418,MATH 18,A04,083746,Staff,26,0,30,4
1650963150418,MATH 18,B01,083748,Staff,0,15,30,30
1650963150418,MATH 18,B02,083749,Staff,0,14,30,30
1650963150418,MATH 18,B03,083750,Staff,0,13,30,30
1650963150418,MATH 18,B04,083751,Staff,0,13,30,30
1650963156440,MATH 20A,A01,083754,Staff,19,0,40,21
1650963162464,MATH 20B,A01,083756,Staff,0,14,30,30
1650963162464,MATH 20B,A02,083757,Staff,0,11,30,30
1650963168500,MATH 20C,A01,083760,Staff,0,17,30,30
1650963168500,MATH 20C,A02,083761,Staff,0,15,30,30
1650963168500,MATH 20C,B01,083762,Staff,9,0,30,21
1650963168500,MATH 20C,B02,083763,Staff,28,0,30,2
1650963174523,MATH 20D,A01,083765,Staff,2,1,30,28
1650963174523,MATH 20D,A02,083766,Staff,2,0,30,28
1650963174523,MATH 20D,A03,083767,Staff,22,0,30,8
1650963180552,MATH 20E,A01,083771,Staff,2,0,30,28
1650963180552,MATH 20E,A02,083772,Staff,13,0,30,17
1650963180552,MATH 20E,B01,083773,Staff,0,0,30,30
1650963180552,MATH 20E,B02,083774,Staff,1,0,30,29
1650963186575,MATH 103A,A01,083777,Staff,0,17,30,30
1650963186575,MATH 103A,A02,083778,Staff,0,15,30,30
1650963186575,MATH 103A,B01,083779,Staff,0,15,30,30
1650963186575,MATH 103A,B02,083780,Staff,0,14,30,30
1650963192602,MATH 105,A01,085443,Staff,0,23,30,30
1650963198643,MATH 109,A01,083213,Anzaldo; Leesa B,0,7,30,30
1650963198643,MATH 109,A02,083214,Anzaldo; Leesa B,0,7,30,30
1650963198643,MATH 109,B01,083215,Anzaldo; Leesa B,0,8,30,30
1650963198643,MATH 109,B02,083216,Anzaldo; Leesa B,0,7,30,30
1650963204668,MATH 142A,A01,083219,Chow; Bennett,0,14,30,30
1650963204668,MATH 142A,A02,083220,Chow; Bennett,0,15,30,30
1650963204668,MATH 142A,B01,083221,Chow; Bennett,0,16,30,30
1650963204668,MATH 142A,B02,083222,Chow; Bennett,0,14,30,30
1650963210691,MATH 193A,A01,083224,Staff,0,6,30,30
1650963210691,MATH 193A,A02,083225,Staff,0,7,30,30
1650963210691,MATH 193A,A03,083781,Staff,0,6,30,30
1650963210691,MATH 193A,A04,083782,Staff,0,7,30,30
1650963216713,MATH 197,001,091859,McAuley; Julian John,9998,0,9999,1
1650963222822,COGS 9,A01,083615,Staff,0,18,60,60
1650963228848,COGS 11,A01,083617,Boyle; Mary E. T.,15,0,40,25
1650963234880,COGS 13,A01,083071,Staff,0,41,40,40
1650963240909,COGS 14A,A01,092681,Staff,0,38,100,100
1650963246935,COGS 14B,A01,083073,Cheng; Tzu-Han,0,13,50,50
1650963252959,COGS 17,A01,092677,Staff,6,0,75,69
1650963258982,COGS 100,A01,083619,Staff,0,31,60,60
1650963265006,COGS 101A,A01,083621,Davis; Joshua Daniel,0,29,60,60
1650963271030,COGS 101B,A01,091572,Staff,0,5,60,60
1650963277055,COGS 101C,A01,083625,Delgado; Tania,14,0,30,16
1650963283081,COGS 107A,A01,083627,Boyle; Mary E. T.,0,16,60,60
1650963289105,COGS 118A,A01,083075,Staff,0,10,60,60
1650963295129,CSE 3,A50,083646,Miranda; Gregory Joseph,15,0,38,23
1650963295129,CSE 3,A51,083647,Miranda; Gregory Joseph,36,0,37,1
1650963301156,CSE 8A,A50,083650,Miranda; Gregory Joseph,0,31,40,40
1650963307180,CSE 11,A01,083080,Cao; Yingjun,0,99,40,40
1650963313204,CSE 12,A01,083652,Staff,0,24,100,100
1650963319229,CSE 15L,A01,083654,Staff,0,3,50,50
1650963319229,CSE 15L,A02,083655,Staff,0,3,50,50
1650963331653,CSE 20,A01,083657,Staff,47,0,80,33
1650963337678,CSE 30,A01,083084,Eldon; John,1,38,80,79
1650963343702,CSE 100,A01,083659,Cao; Yingjun,0,71,50,50
1650963349726,CSE 134B,A01,083661,Powell; Thomas Allan,0,40,65,65
1650963355749,CSE 140,A01,083663,Staff,0,13,75,75
1650963361774,CSE 140L,A01,083088,Eldon; John,4,0,100,96
1650963367802,CSE 175,A01,083665,Kumar; Rakesh,0,0,25,25
1650963373841,CSE 190,A00,092507,Dubnov; Shlomo,9,0,20,11
1650963379866,ECE 45,A01,083139,Staff,0,6,60,60
1650963385890,ECE 65,A50,083695,Staff,0,7,30,30
1650963391998,ECE 109,A01,091882,Touri; Behrouz,32,0,70,38
1650963398027,ECE 180,A00,083140,Abi Samra; Nicholas Camill,18,0,30,12
1650963398027,ECE 180,B00,083141,Abi Samra; Nicholas Camill,0,0,30,30
1650963404052,MATH 10A,A01,083735,Patchell; Gregory David,2,0,30,28
1650963404052,MATH 10A,A02,083736,Patchell; Gregory David,27,0,30,3
1650963404052,MATH 10A,A03,083737,Patchell; Gregory David,23,0,30,7
1650963410076,MATH 10B,A01,083207,Staff,0,9,30,30
1650963410076,MATH 10B,A02,083208,Staff,0,5,30,30
1650963410076,MATH 10B,B01,083739,Staff,9,0,30,21
1650963410076,MATH 10B,B02,083740,Staff,28,0,30,2
1650963416109,MATH 18,A01,083743,Staff,0,0,30,30
1650963416109,MATH 18,A02,083744,Staff,24,0,30,6
1650963416109,MATH 18,A03,083745,Staff,19,0,30,11
1650963416109,MATH 18,A04,083746,Staff,26,0,30,4
1650963416109,MATH 18,B01,083748,Staff,0,15,30,30
1650963416109,MATH 18,B02,083749,Staff,0,14,30,30
1650963416109,MATH 18,B03,083750,Staff,0,13,30,30
1650963416109,MATH 18,B04,083751,Staff,0,13,30,30
1650963422132,MATH 20A,A01,083754,Staff,19,0,40,21
1650963428156,MATH 20B,A01,083756,Staff,0,14,30,30
1650963428156,MATH 20B,A02,083757,Staff,0,11,30,30
1650963434180,MATH 20C,A01,083760,Staff,0,17,30,30
1650963434180,MATH 20C,A02,083761,Staff,0,15,30,30
1650963434180,MATH 20C,B01,083762,Staff,9,0,30,21
1650963434180,MATH 20C,B02,083763,Staff,28,0,30,2
1650963440202,MATH 20D,A01,083765,Staff,2,1,30,28
1650963440202,MATH 20D,A02,083766,Staff,2,0,30,28
1650963440202,MATH 20D,A03,083767,Staff,22,0,30,8
1650963446231,MATH 20E,A01,083771,Staff,2,0,30,28
1650963446231,MATH 20E,A02,083772,Staff,13,0,30,17
1650963446231,MATH 20E,B01,083773,Staff,0,0,30,30
1650963446231,MATH 20E,B02,083774,Staff,1,0,30,29
1650963452263,MATH 103A,A01,083777,Staff,0,17,30,30
1650963452263,MATH 103A,A02,083778,Staff,0,15,30,30
1650963452263,MATH 103A,B01,083779,Staff,0,15,30,30
1650963452263,MATH 103A,B02,083780,Staff,0,14,30,30
1650963458288,MATH 105,A01,085443,Staff,0,23,30,30
1650963464315,MATH 109,A01,083213,Anzaldo; Leesa B,0,7,30,30
1650963464315,MATH 109,A02,083214,Anzaldo; Leesa B,0,7,30,30
1650963464315,MATH 109,B01,083215,Anzaldo; Leesa B,0,8,30,30
1650963464315,MATH 109,B02,083216,Anzaldo; Leesa B,0,7,30,30
1650963470340,MATH 142A,A01,083219,Chow; Bennett,0,14,30,30
1650963470340,MATH 142A,A02,083220,Chow; Bennett,0,15,30,30
1650963470340,MATH 142A,B01,083221,Chow; Bennett,0,16,30,30
1650963470340,MATH 142A,B02,083222,Chow; Bennett,0,14,30,30
1650963476372,MATH 193A,A01,083224,Staff,0,6,30,30
1650963476372,MATH 193A,A02,083225,Staff,0,7,30,30
1650963476372,MATH 193A,A03,083781,Staff,0,6,30,30
1650963476372,MATH 193A,A04,083782,Staff,0,7,30,30
1650963482394,MATH 197,001,091859,McAuley; Julian John,9998,0,9999,1
1650963488457,COGS 9,A01,083615,Staff,0,18,60,60
1650963494479,COGS 11,A01,083617,Boyle; Mary E. T.,15,0,40,25
1650963500502,COGS 13,A01,083071,Staff,0,41,40,40
1650963506528,COGS 14A,A01,092681,Staff,0,38,100,100
1650963512551,COGS 14B,A01,083073,Cheng; Tzu-Han,0,13,50,50
1650963518576,COGS 17,A01,092677,Staff,6,0,75,69
1650963524600,COGS 100,A01,083619,Staff,0,31,60,60
1650963530625,COGS 101A,A01,083621,Davis; Joshua Daniel,0,29,60,60
1650963536647,COGS 101B,A01,091572,Staff,0,5,60,60
1650963542671,COGS 101C,A01,083625,Delgado; Tania,14,0,30,16
1650963548693,COGS 107A,A01,083627,Boyle; Mary E. T.,0,16,60,60
1650963554728,COGS 118A,A01,083075,Staff,0,10,60,60
1650963560752,CSE 3,A50,083646,Miranda; Gregory Joseph,15,0,38,23
1650963560752,CSE 3,A51,083647,Miranda; Gregory Joseph,36,0,37,1
1650963566775,CSE 8A,A50,083650,Miranda; Gregory Joseph,0,31,40,40
1650963572801,CSE 11,A01,083080,Cao; Yingjun,0,99,40,40
1650963578826,CSE 12,A01,083652,Staff,0,24,100,100
1650963584850,CSE 15L,A01,083654,Staff,0,3,50,50
1650963584850,CSE 15L,A02,083655,Staff,0,3,50,50
1650963590874,CSE 20,A01,083657,Staff,47,0,80,33
1650963596897,CSE 30,A01,083084,Eldon; John,1,38,80,79
1650963602921,CSE 100,A01,083659,Cao; Yingjun,0,71,50,50
1650963608948,CSE 134B,A01,083661,Powell; Thomas Allan,0,40,65,65
1650963614974,CSE 140,A01,083663,Staff,0,13,75,75
1650963621001,CSE 140L,A01,083088,Eldon; John,4,0,100,96
1650963627026,CSE 175,A01,083665,Kumar; Rakesh,0,0,25,25
1650963633053,CSE 190,A00,092507,Dubnov; Shlomo,9,0,20,11
1650963639076,ECE 45,A01,083139,Staff,0,6,60,60
1650963645103,ECE 65,A50,083695,Staff,0,7,30,30
1650963651127,ECE 109,A01,091882,Touri; Behrouz,32,0,70,38
1650963657150,ECE 180,A00,083140,Abi Samra; Nicholas Camill,18,0,30,12
1650963657150,ECE 180,B00,083141,Abi Samra; Nicholas Camill,0,0,30,30
1650963663175,MATH 10A,A01,083735,Patchell; Gregory David,2,0,30,28
1650963663175,MATH 10A,A02,083736,Patchell; Gregory David,27,0,30,3
1650963663175,MATH 10A,A03,083737,Patchell; Gregory David,23,0,30,7
1650963669202,MATH 10B,A01,083207,Staff,0,9,30,30
1650963669202,MATH 10B,A02,083208,Staff,0,5,30,30
1650963669202,MATH 10B,B01,083739,Staff,9,0,30,21
1650963669202,MATH 10B,B02,083740,Staff,28,0,30,2
1650963675234,MATH 18,A01,083743,Staff,0,0,30,30
1650963675234,MATH 18,A02,083744,Staff,24,0,30,6
1650963675234,MATH 18,A03,083745,Staff,19,0,30,11
1650963675234,MATH 18,A04,083746,Staff,26,0,30,4
1650963675234,MATH 18,B01,083748,Staff,0,15,30,30
1650963675234,MATH 18,B02,083749,Staff,0,14,30,30
1650963675234,MATH 18,B03,083750,Staff,0,13,30,30
1650963675234,MATH 18,B04,083751,Staff,0,13,30,30
1650963681261,MATH 20A,A01,083754,Staff,19,0,40,21
1650963687289,MATH 20B,A01,083756,Staff,0,14,30,30
1650963687289,MATH 20B,A02,083757,Staff,0,11,30,30
1650963693314,MATH 20C,A01,083760,Staff,0,17,30,30
1650963693314,MATH 20C,A02,083761,Staff,0,15,30,30
1650963693314,MATH 20C,B01,083762,Staff,9,0,30,21
1650963693314,MATH 20C,B02,083763,Staff,28,0,30,2
1650963699338,MATH 20D,A01,083765,Staff,2,1,30,28
1650963699338,MATH 20D,A02,083766,Staff,2,0,30,28
1650963699338,MATH 20D,A03,083767,Staff,22,0,30,8
1650963705374,MATH 20E,A01,083771,Staff,2,0,30,28
1650963705374,MATH 20E,A02,083772,Staff,13,0,30,17
1650963705374,MATH 20E,B01,083773,Staff,0,0,30,30
1650963705374,MATH 20E,B02,083774,Staff,1,0,30,29
1650963711402,MATH 103A,A01,083777,Staff,0,17,30,30
1650963711402,MATH 103A,A02,083778,Staff,0,15,30,30
1650963711402,MATH 103A,B01,083779,Staff,0,15,30,30
1650963711402,MATH 103A,B02,083780,Staff,0,14,30,30
1650963717429,MATH 105,A01,085443,Staff,0,23,30,30
1650963723453,MATH 109,A01,083213,Anzaldo; Leesa B,0,7,30,30
1650963723453,MATH 109,A02,083214,Anzaldo; Leesa B,0,7,30,30
1650963723453,MATH 109,B01,083215,Anzaldo; Leesa B,0,8,30,30
1650963723453,MATH 109,B02,083216,Anzaldo; Leesa B,0,7,30,30
1650963729481,MATH 142A,A01,083219,Chow; Bennett,0,14,30,30
1650963729481,MATH 142A,A02,083220,Chow; Bennett,0,15,30,30
1650963729481,MATH 142A,B01,083221,Chow; Bennett,0,16,30,30
1650963729481,MATH 142A,B02,083222,Chow; Bennett,0,14,30,30
1650963735504,MATH 193A,A01,083224,Staff,0,6,30,30
1650963735504,MATH 193A,A02,083225,Staff,0,7,30,30
1650963735504,MATH 193A,A03,083781,Staff,0,6,30,30
1650963735504,MATH 193A,A04,083782,Staff,0,7,30,30
1650963741534,MATH 197,001,091859,McAuley; Julian John,9998,0,9999,1
1650963747600,COGS 9,A01,083615,Staff,0,18,60,60
1650963753627,COGS 11,A01,083617,Boyle; Mary E. T.,15,0,40,25
1650963759653,COGS 13,A01,083071,Staff,0,41,40,40
1650963765677,COGS 14A,A01,092681,Staff,0,38,100,100
1650963771701,COGS 14B,A01,083073,Cheng; Tzu-Han,0,13,50,50
1650963777726,COGS 17,A01,092677,Staff,6,0,75,69
1650963783753,COGS 100,A01,083619,Staff,0,31,60,60
1650963789785,COGS 101A,A01,083621,Davis; Joshua Daniel,0,29,60,60
1650963795809,COGS 101B,A01,091572,Staff,0,5,60,60
1650963801833,COGS 101C,A01,083625,Delgado; Tania,14,0,30,16
1650963807857,COGS 107A,A01,083627,Boyle; Mary E. T.,0,16,60,60
1650963813880,COGS 118A,A01,083075,Staff,0,10,60,60
1650963819907,CSE 3,A50,083646,Miranda; Gregory Joseph,15,0,38,23
1650963819907,CSE 3,A51,083647,Miranda; Gregory Joseph,36,0,37,1
1650963825930,CSE 8A,A50,083650,Miranda; Gregory Joseph,0,31,40,40
1650963831953,CSE 11,A01,083080,Cao; Yingjun,0,99,40,40
1650963837977,CSE 12,A01,083652,Staff,0,24,100,100
1650963843999,CSE 15L,A01,083654,Staff,0,3,50,50
1650963843999,CSE 15L,A02,083655,Staff,0,3,50,50
1650963850021,CSE 20,A01,083657,Staff,47,0,80,33
1650963856044,CSE 30,A01,083084,Eldon; John,1,38,80,79
1650963862068,CSE 100,A01,083659,Cao; Yingjun,0,71,50,50
1650963868093,CSE 134B,A01,083661,Powell; Thomas Allan,0,40,65,65
1650963874116,CSE 140,A01,083663,Staff,0,13,75,75
1650963880143,CSE 140L,A01,083088,Eldon; John,4,0,100,96
1650963886166,CSE 175,A01,083665,Kumar; Rakesh,0,0,25,25
1650963892192,CSE 190,A00,092507,Dubnov; Shlomo,9,0,20,11
1650963898218,ECE 45,A01,083139,Staff,0,6,60,60
1650963904241,ECE 65,A50,083695,Staff,0,7,30,30
1650963910276,ECE 109,A01,091882,Touri; Behrouz,32,0,70,38
1650963916304,ECE 180,A00,083140,Abi Samra; Nicholas Camill,18,0,30,12
1650963916304,ECE 180,B00,083141,Abi Samra; Nicholas Camill,0,0,30,30
1650963922331,MATH 10A,A01,083735,Patchell; Gregory David,2,0,30,28
1650963922331,MATH 10A,A02,083736,Patchell; Gregory David,27,0,30,3
1650963922331,MATH 10A,A03,083737,Patchell; Gregory David,23,0,30,7
1650963928356,MATH 10B,A01,083207,Staff,0,9,30,30
1650963928356,MATH 10B,A02,083208,Staff,0,5,30,30
1650963928356,MATH 10B,B01,083739,Staff,9,0,30,21
1650963928356,MATH 10B,B02,083740,Staff,28,0,30,2
1650963934381,MATH 18,A01,083743,Staff,0,0,30,30
1650963934381,MATH 18,A02,083744,Staff,24,0,30,6
1650963934381,MATH 18,A03,083745,Staff,19,0,30,11
1650963934381,MATH 18,A04,083746,Staff,26,0,30,4
1650963934381,MATH 18,B01,083748,Staff,0,15,30,30
1650963934381,MATH 18,B02,083749,Staff,0,14,30,30
1650963934381,MATH 18,B03,083750,Staff,0,13,30,30
1650963934381,MATH 18,B04,083751,Staff,0,13,30,30
1650963940404,MATH 20A,A01,083754,Staff,19,0,40,21
1650963946433,MATH 20B,A01,083756,Staff,0,14,30,30
1650963946433,MATH 20B,A02,083757,Staff,0,11,30,30
1650963952456,MATH 20C,A01,083760,Staff,0,17,30,30
1650963952456,MATH 20C,A02,083761,Staff,0,15,30,30
1650963952456,MATH 20C,B01,083762,Staff,9,0,30,21
1650963952456,MATH 20C,B02,083763,Staff,28,0,30,2
1650963958484,MATH 20D,A01,083765,Staff,2,1,30,28
1650963958484,MATH 20D,A02,083766,Staff,2,0,30,28
1650963958484,MATH 20D,A03,083767,Staff,22,0,30,8
1650963964510,MATH 20E,A01,083771,Staff,2,0,30,28
1650963964510,MATH 20E,A02,083772,Staff,13,0,30,17
1650963964510,MATH 20E,B01,083773,Staff,0,0,30,30
1650963964510,MATH 20E,B02,083774,Staff,1,0,30,29
1650963970534,MATH 103A,A01,083777,Staff,0,17,30,30
1650963970534,MATH 103A,A02,083778,Staff,0,15,30,30
1650963970534,MATH 103A,B01,083779,Staff,0,15,30,30
1650963970534,MATH 103A,B02,083780,Staff,0,14,30,30
1650963976559,MATH 105,A01,085443,Staff,0,23,30,30
1650963982587,MATH 109,A01,083213,Anzaldo; Leesa B,0,7,30,30
1650963982587,MATH 109,A02,083214,Anzaldo; Leesa B,0,7,30,30
1650963982587,MATH 109,B01,083215,Anzaldo; Leesa B,0,8,30,30
1650963982587,MATH 109,B02,083216,Anzaldo; Leesa B,0,7,30,30
1650963988703,MATH 142A,A01,083219,Chow; Bennett,0,14,30,30
1650963988703,MATH 142A,A02,083220,Chow; Bennett,0,15,30,30
1650963988703,MATH 142A,B01,083221,Chow; Bennett,0,16,30,30
1650963988703,MATH 142A,B02,083222,Chow; Bennett,0,14,30,30
1650963994729,MATH 193A,A01,083224,Staff,0,6,30,30
1650963994729,MATH 193A,A02,083225,Staff,0,7,30,30
1650963994729,MATH 193A,A03,083781,Staff,0,6,30,30
1650963994729,MATH 193A,A04,083782,Staff,0,7,30,30
1650964000755,MATH 197,001,091859,McAuley; Julian John,9998,0,9999,1
1650964006806,COGS 9,A01,083615,Staff,0,18,60,60
1650964012827,COGS 11,A01,083617,Boyle; Mary E. T.,15,0,40,25
1650964018851,COGS 13,A01,083071,Staff,0,41,40,40
1650964024880,COGS 14A,A01,092681,Staff,0,38,100,100
1650964030906,COGS 14B,A01,083073,Cheng; Tzu-Han,0,13,50,50
1650964036928,COGS 17,A01,092677,Staff,6,0,75,69
1650964042954,COGS 100,A01,083619,Staff,0,31,60,60
1650964048978,COGS 101A,A01,083621,Davis; Joshua Daniel,0,29,60,60
1650964055005,COGS 101B,A01,091572,Staff,0,5,60,60
1650964061032,COGS 101C,A01,083625,Delgado; Tania,14,0,30,16
1650964067052,COGS 107A,A01,083627,Boyle; Mary E. T.,0,16,60,60
1650964073075,COGS 118A,A01,083075,Staff,0,10,60,60
1650964079102,CSE 3,A50,083646,Miranda; Gregory Joseph,15,0,38,23
1650964079102,CSE 3,A51,083647,Miranda; Gregory Joseph,36,0,37,1
1650964085128,CSE 8A,A50,083650,Miranda; Gregory Joseph,0,31,40,40
1650964091152,CSE 11,A01,083080,Cao; Yingjun,0,99,40,40
1650964097177,CSE 12,A01,083652,Staff,0,24,100,100
1650964103200,CSE 15L,A01,083654,Staff,0,3,50,50
1650964103200,CSE 15L,A02,083655,Staff,0,3,50,50
1650964109234,CSE 20,A01,083657,Staff,47,0,80,33
1650964115264,CSE 30,A01,083084,Eldon; John,1,38,80,79
1650964121291,CSE 100,A01,083659,Cao; Yingjun,0,71,50,50
1650964127314,CSE 134B,A01,083661,Powell; Thomas Allan,0,40,65,65
1650964133335,CSE 140,A01,083663,Staff,0,13,75,75
1650964139357,CSE 140L,A01,083088,Eldon; John,4,0,100,96
1650964145379,CSE 175,A01,083665,Kumar; Rakesh,0,0,25,25
1650964151405,CSE 190,A00,092507,Dubnov; Shlomo,9,0,20,11
1650964157436,ECE 45,A01,083139,Staff,0,6,60,60
1650964163459,ECE 65,A50,083695,Staff,0,7,30,30
1650964169482,ECE 109,A01,091882,Touri; Behrouz,32,0,70,38
1650964175505,ECE 180,A00,083140,Abi Samra; Nicholas Camill,18,0,30,12
1650964175505,ECE 180,B00,083141,Abi Samra; Nicholas Camill,0,0,30,30
1650964181532,MATH 10A,A01,083735,Patchell; Gregory David,2,0,30,28
1650964181532,MATH 10A,A02,083736,Patchell; Gregory David,27,0,30,3
1650964181532,MATH 10A,A03,083737,Patchell; Gregory David,23,0,30,7
1650964187554,MATH 10B,A01,083207,Staff,0,9,30,30
1650964187554,MATH 10B,A02,083208,Staff,0,5,30,30
1650964187554,MATH 10B,B01,083739,Staff,9,0,30,21
1650964187554,MATH 10B,B02,083740,Staff,28,0,30,2
1650964193585,MATH 18,A01,083743,Staff,0,0,30,30
1650964193585,MATH 18,A02,083744,Staff,24,0,30,6
1650964193585,MATH 18,A03,083745,Staff,19,0,30,11
1650964193585,MATH 18,A04,083746,Staff,26,0,30,4
1650964193585,MATH 18,B01,083748,Staff,0,15,30,30
1650964193585,MATH 18,B02,083749,Staff,0,14,30,30
1650964193585,MATH 18,B03,083750,Staff,0,13,30,30
1650964193585,MATH 18,B04,083751,Staff,0,13,30,30
1650964199608,MATH 20A,A01,083754,Staff,19,0,40,21
1650964205634,MATH 20B,A01,083756,Staff,0,14,30,30
1650964205634,MATH 20B,A02,083757,Staff,0,11,30,30
1650964211656,MATH 20C,A01,083760,Staff,0,17,30,30
1650964211656,MATH 20C,A02,083761,Staff,0,15,30,30
1650964211656,MATH 20C,B01,083762,Staff,9,0,30,21
1650964211656,MATH 20C,B02,083763,Staff,28,0,30,2
1650964217682,MATH 20D,A01,083765,Staff,2,1,30,28
1650964217682,MATH 20D,A02,083766,Staff,2,0,30,28
1650964217682,MATH 20D,A03,083767,Staff,22,0,30,8
1650964223708,MATH 20E,A01,083771,Staff,2,0,30,28
1650964223708,MATH 20E,A02,083772,Staff,13,0,30,17
1650964223708,MATH 20E,B01,083773,Staff,0,0,30,30
1650964223708,MATH 20E,B02,083774,Staff,1,0,30,29
1650964229731,MATH 103A,A01,083777,Staff,0,17,30,30
1650964229731,MATH 103A,A02,083778,Staff,0,15,30,30
1650964229731,MATH 103A,B01,083779,Staff,0,15,30,30
1650964229731,MATH 103A,B02,083780,Staff,0,14,30,30
1650964235756,MATH 105,A01,085443,Staff,0,23,30,30
1650964241790,MATH 109,A01,083213,Anzaldo; Leesa B,0,7,30,30
1650964241790,MATH 109,A02,083214,Anzaldo; Leesa B,0,7,30,30
1650964241790,MATH 109,B01,083215,Anzaldo; Leesa B,0,8,30,30
1650964241790,MATH 109,B02,083216,Anzaldo; Leesa B,0,7,30,30
1650964247813,MATH 142A,A01,083219,Chow; Bennett,0,14,30,30
1650964247813,MATH 142A,A02,083220,Chow; Bennett,0,15,30,30
1650964247813,MATH 142A,B01,083221,Chow; Bennett,0,16,30,30
1650964247813,MATH 142A,B02,083222,Chow; Bennett,0,14,30,30
1650964253839,MATH 193A,A01,083224,Staff,0,6,30,30
1650964253839,MATH 193A,A02,083225,Staff,0,7,30,30
1650964253839,MATH 193A,A03,083781,Staff,0,6,30,30
1650964253839,MATH 193A,A04,083782,Staff,0,7,30,30
1650964259862,MATH 197,001,091859,McAuley; Julian John,9998,0,9999,1
1650964265923,COGS 9,A01,083615,Staff,0,18,60,60
1650964271951,COGS 11,A01,083617,Boyle; Mary E. T.,15,0,40,25
1650964277974,COGS 13,A01,083071,Staff,0,41,40,40
1650964284012,COGS 14A,A01,092681,Staff,0,38,100,100
1650964290039,COGS 14B,A01,083073,Cheng; Tzu-Han,0,13,50,50
1650964296061,COGS 17,A01,092677,Staff,6,0,75,69
1650964302084,COGS 100,A01,083619,Staff,0,31,60,60
1650964308110,COGS 101A,A01,083621,Davis; Joshua Daniel,0,29,60,60
1650964314133,COGS 101B,A01,091572,Staff,0,5,60,60
1650964320157,COGS 101C,A01,083625,Delgado; Tania,14,0,30,16
1650964326188,COGS 107A,A01,083627,Boyle; Mary E. T.,0,16,60,60
1650964332218,COGS 118A,A01,083075,Staff,0,10,60,60
1650964338242,CSE 3,A50,083646,Miranda; Gregory Joseph,15,0,38,23
1650964338242,CSE 3,A51,083647,Miranda; Gregory Joseph,36,0,37,1
1650964344270,CSE 8A,A50,083650,Miranda; Gregory Joseph,0,31,40,40
1650964350293,CSE 11,A01,083080,Cao; Yingjun,0,99,40,40
1650964356319,CSE 12,A01,083652,Staff,0,24,100,100
1650964362350,CSE 15L,A01,083654,Staff,0,3,50,50
1650964362350,CSE 15L,A02,083655,Staff,0,3,50,50
1650964368373,CSE 20,A01,083657,Staff,47,0,80,33
1650964374397,CSE 30,A01,083084,Eldon; John,1,38,80,79
1650964380420,CSE 100,A01,083659,Cao; Yingjun,0,71,50,50
1650964386449,CSE 134B,A01,083661,Powell; Thomas Allan,0,40,65,65
1650964392475,CSE 140,A01,083663,Staff,0,13,75,75
1650964398501,CSE 140L,A01,083088,Eldon; John,4,0,100,96
1650964404525,CSE 175,A01,083665,Kumar; Rakesh,0,0,25,25
1650964410547,CSE 190,A00,092507,Dubnov; Shlomo,9,0,20,11
1650964416570,ECE 45,A01,083139,Staff,0,6,60,60
1650964422593,ECE 65,A50,083695,Staff,0,7,30,30
1650964428620,ECE 109,A01,091882,Touri; Behrouz,32,0,70,38
1650964434645,ECE 180,A00,083140,Abi Samra; Nicholas Camill,18,0,30,12
1650964434645,ECE 180,B00,083141,Abi Samra; Nicholas Camill,0,0,30,30
1650964440669,MATH 10A,A01,083735,Patchell; Gregory David,2,0,30,28
1650964440669,MATH 10A,A02,083736,Patchell; Gregory David,27,0,30,3
1650964440669,MATH 10A,A03,083737,Patchell; Gregory David,23,0,30,7
1650964446701,MATH 10B,A01,083207,Staff,0,9,30,30
1650964446701,MATH 10B,A02,083208,Staff,0,5,30,30
1650964446701,MATH 10B,B01,083739,Staff,9,0,30,21
1650964446701,MATH 10B,B02,083740,Staff,28,0,30,2
1650964452726,MATH 18,A01,083743,Staff,0,0,30,30
1650964452726,MATH 18,A02,083744,Staff,24,0,30,6
1650964452726,MATH 18,A03,083745,Staff,19,0,30,11
1650964452726,MATH 18,A04,083746,Staff,26,0,30,4
1650964452726,MATH 18,B01,083748,Staff,0,15,30,30
1650964452726,MATH 18,B02,083749,Staff,0,14,30,30
1650964452726,MATH 18,B03,083750,Staff,0,13,30,30
1650964452726,MATH 18,B04,083751,Staff,0,13,30,30
1650964458753,MATH 20A,A01,083754,Staff,19,0,40,21
1650964464780,MATH 20B,A01,083756,Staff,0,14,30,30
1650964464780,MATH 20B,A02,083757,Staff,0,11,30,30
1650964470804,MATH 20C,A01,083760,Staff,0,17,30,30
1650964470804,MATH 20C,A02,083761,Staff,0,15,30,30
1650964470804,MATH 20C,B01,083762,Staff,9,0,30,21
1650964470804,MATH 20C,B02,083763,Staff,28,0,30,2
1650964476827,MATH 20D,A01,083765,Staff,2,1,30,28
1650964476827,MATH 20D,A02,083766,Staff,2,0,30,28
1650964476827,MATH 20D,A03,083767,Staff,22,0,30,8
1650964482850,MATH 20E,A01,083771,Staff,2,0,30,28
1650964482850,MATH 20E,A02,083772,Staff,13,0,30,17
1650964482850,MATH 20E,B01,083773,Staff,0,0,30,30
1650964482850,MATH 20E,B02,083774,Staff,1,0,30,29
1650964488883,MATH 103A,A01,083777,Staff,0,17,30,30
1650964488883,MATH 103A,A02,083778,Staff,0,15,30,30
1650964488883,MATH 103A,B01,083779,Staff,0,15,30,30
1650964488883,MATH 103A,B02,083780,Staff,0,14,30,30
1650964494906,MATH 105,A01,085443,Staff,0,23,30,30
1650964500927,MATH 109,A01,083213,Anzaldo; Leesa B,0,7,30,30
1650964500927,MATH 109,A02,083214,Anzaldo; Leesa B,0,7,30,30
1650964500927,MATH 109,B01,083215,Anzaldo; Leesa B,0,8,30,30
1650964500927,MATH 109,B02,083216,Anzaldo; Leesa B,0,7,30,30
1650964506955,MATH 142A,A01,083219,Chow; Bennett,0,14,30,30
1650964506955,MATH 142A,A02,083220,Chow; Bennett,0,15,30,30
1650964506955,MATH 142A,B01,083221,Chow; Bennett,0,16,30,30
1650964506955,MATH 142A,B02,083222,Chow; Bennett,0,14,30,30
1650964512980,MATH 193A,A01,083224,Staff,0,6,30,30
1650964512980,MATH 193A,A02,083225,Staff,0,7,30,30
1650964512980,MATH 193A,A03,083781,Staff,0,6,30,30
1650964512980,MATH 193A,A04,083782,Staff,0,7,30,30
1650964519004,MATH 197,001,091859,McAuley; Julian John,9998,0,9999,1
1650964525085,COGS 9,A01,083615,Staff,0,18,60,60
1650964531106,COGS 11,A01,083617,Boyle; Mary E. T.,15,0,40,25
1650964537133,COGS 13,A01,083071,Staff,0,41,40,40
1650964543155,COGS 14A,A01,092681,Staff,0,38,100,100
1650964549179,COGS 14B,A01,083073,Cheng; Tzu-Han,0,13,50,50
1650964555204,COGS 17,A01,092677,Staff,6,0,75,69
1650964561230,COGS 100,A01,083619,Staff,0,31,60,60
1650964567252,COGS 101A,A01,083621,Davis; Joshua Daniel,0,29,60,60
1650964573276,COGS 101B,A01,091572,Staff,0,5,60,60
1650964579391,COGS 101C,A01,083625,Delgado; Tania,14,0,30,16
1650964585414,COGS 107A,A01,083627,Boyle; Mary E. T.,0,16,60,60
1650964591437,COGS 118A,A01,083075,Staff,0,10,60,60
1650964597459,CSE 3,A50,083646,Miranda; Gregory Joseph,15,0,38,23
1650964597459,CSE 3,A51,083647,Miranda; Gregory Joseph,36,0,37,1
1650964603481,CSE 8A,A50,083650,Miranda; Gregory Joseph,0,31,40,40
1650964609507,CSE 11,A01,083080,Cao; Yingjun,0,99,40,40
1650964615534,CSE 12,A01,083652,Staff,0,24,100,100
1650964621555,CSE 15L,A01,083654,Staff,0,3,50,50
1650964621555,CSE 15L,A02,083655,Staff,0,3,50,50
1650964627582,CSE 20,A01,083657,Staff,47,0,80,33
1650964633603,CSE 30,A01,083084,Eldon; John,1,38,80,79
1650964639629,CSE 100,A01,083659,Cao; Yingjun,0,71,50,50
1650964645656,CSE 134B,A01,083661,Powell; Thomas Allan,0,40,65,65
1650964651682,CSE 140,A01,083663,Staff,0,13,75,75
1650964657708,CSE 140L,A01,083088,Eldon; John,4,0,100,96
1650964663732,CSE 175,A01,083665,Kumar; Rakesh,0,0,25,25
1650964669754,CSE 190,A00,092507,Dubnov; Shlomo,9,0,20,11
1650964675783,ECE 45,A01,083139,Staff,0,6,60,60
1650964681809,ECE 65,A50,083695,Staff,0,7,30,30
1650964687835,ECE 109,A01,091882,Touri; Behrouz,32,0,70,38
1650964693861,ECE 180,A00,083140,Abi Samra; Nicholas Camill,18,0,30,12
1650964693861,ECE 180,B00,083141,Abi Samra; Nicholas Camill,0,0,30,30
1650964699906,MATH 10A,A01,083735,Patchell; Gregory David,2,0,30,28
1650964699906,MATH 10A,A02,083736,Patchell; Gregory David,27,0,30,3
1650964699906,MATH 10A,A03,083737,Patchell; Gregory David,23,0,30,7
1650964705932,MATH 10B,A01,083207,Staff,0,9,30,30
1650964705932,MATH 10B,A02,083208,Staff,0,5,30,30
1650964705932,MATH 10B,B01,083739,Staff,9,0,30,21
1650964705932,MATH 10B,B02,083740,Staff,28,0,30,2
1650964711961,MATH 18,A01,083743,Staff,0,0,30,30
1650964711961,MATH 18,A02,083744,Staff,24,0,30,6
1650964711961,MATH 18,A03,083745,Staff,19,0,30,11
1650964711961,MATH 18,A04,083746,Staff,26,0,30,4
1650964711961,MATH 18,B01,083748,Staff,0,15,30,30
1650964711961,MATH 18,B02,083749,Staff,0,14,30,30
1650964711961,MATH 18,B03,083750,Staff,0,13,30,30
1650964711961,MATH 18,B04,083751,Staff,0,13,30,30
1650964717985,MATH 20A,A01,083754,Staff,19,0,40,21
1650964724009,MATH 20B,A01,083756,Staff,0,14,30,30
1650964724009,MATH 20B,A02,083757,Staff,0,11,30,30
1650964730032,MATH 20C,A01,083760,Staff,0,17,30,30
1650964730032,MATH 20C,A02,083761,Staff,0,15,30,30
1650964730032,MATH 20C,B01,083762,Staff,9,0,30,21
1650964730032,MATH 20C,B02,083763,Staff,28,0,30,2
1650964736056,MATH 20D,A01,083765,Staff,2,1,30,28
1650964736056,MATH 20D,A02,083766,Staff,2,0,30,28
1650964736056,MATH 20D,A03,083767,Staff,22,0,30,8
1650964742085,MATH 20E,A01,083771,Staff,2,0,30,28
1650964742085,MATH 20E,A02,083772,Staff,13,0,30,17
1650964742085,MATH 20E,B01,083773,Staff,0,0,30,30
1650964742085,MATH 20E,B02,083774,Staff,1,0,30,29
1650964748107,MATH 103A,A01,083777,Staff,0,17,30,30
1650964748107,MATH 103A,A02,083778,Staff,0,15,30,30
1650964748107,MATH 103A,B01,083779,Staff,0,15,30,30
1650964748107,MATH 103A,B02,083780,Staff,0,14,30,30
1650964754131,MATH 105,A01,085443,Staff,0,23,30,30
1650964760165,MATH 109,A01,083213,Anzaldo; Leesa B,0,7,30,30
1650964760165,MATH 109,A02,083214,Anzaldo; Leesa B,0,7,30,30
1650964760165,MATH 109,B01,083215,Anzaldo; Leesa B,0,8,30,30
1650964760165,MATH 109,B02,083216,Anzaldo; Leesa B,0,7,30,30
1650964766189,MATH 142A,A01,083219,Chow; Bennett,0,14,30,30
1650964766189,MATH 142A,A02,083220,Chow; Bennett,0,15,30,30
1650964766189,MATH 142A,B01,083221,Chow; Bennett,0,16,30,30
1650964766189,MATH 142A,B02,083222,Chow; Bennett,0,14,30,30
1650964772213,MATH 193A,A01,083224,Staff,0,6,30,30
1650964772213,MATH 193A,A02,083225,Staff,0,7,30,30
1650964772213,MATH 193A,A03,083781,Staff,0,6,30,30
1650964772213,MATH 193A,A04,083782,Staff,0,7,30,30
1650964778239,MATH 197,001,091859,McAuley; Julian John,9998,0,9999,1
1650964784291,COGS 9,A01,083615,Staff,0,18,60,60
1650964790317,COGS 11,A01,083617,Boyle; Mary E. T.,15,0,40,25
1650964796343,COGS 13,A01,083071,Staff,0,41,40,40
1650964802367,COGS 14A,A01,092681,Staff,0,38,100,100
1650964808388,COGS 14B,A01,083073,Cheng; Tzu-Han,0,13,50,50
1650964814410,COGS 17,A01,092677,Staff,6,0,75,69
1650964820432,COGS 100,A01,083619,Staff,0,31,60,60
1650964826456,COGS 101A,A01,083621,Davis; Joshua Daniel,0,29,60,60
1650964832479,COGS 101B,A01,091572,Staff,0,5,60,60
1650964838500,COGS 101C,A01,083625,Delgado; Tania,14,0,30,16
1650964844523,COGS 107A,A01,083627,Boyle; Mary E. T.,0,16,60,60
1650964850547,COGS 118A,A01,083075,Staff,0,10,60,60
1650964856575,CSE 3,A50,083646,Miranda; Gregory Joseph,15,0,38,23
1650964856575,CSE 3,A51,083647,Miranda; Gregory Joseph,36,0,37,1
1650964862598,CSE 8A,A50,083650,Miranda; Gregory Joseph,0,31,40,40
1650964868622,CSE 11,A01,083080,Cao; Yingjun,0,99,40,40
1650964874649,CSE 12,A01,083652,Staff,0,24,100,100
1650964880672,CSE 15L,A01,083654,Staff,0,3,50,50
1650964880672,CSE 15L,A02,083655,Staff,0,3,50,50
1650964886694,CSE 20,A01,083657,Staff,47,0,80,33
1650964892723,CSE 30,A01,083084,Eldon; John,1,38,80,79
1650964898748,CSE 100,A01,083659,Cao; Yingjun,0,71,50,50
1650964904775,CSE 134B,A01,083661,Powell; Thomas Allan,1,40,65,64
1650964910799,CSE 140,A01,083663,Staff,0,13,75,75
1650964916820,CSE 140L,A01,083088,Eldon; John,4,0,100,96
1650964922846,CSE 175,A01,083665,Kumar; Rakesh,0,0,25,25
1650964928873,CSE 190,A00,092507,Dubnov; Shlomo,9,0,20,11
1650964934896,ECE 45,A01,083139,Staff,0,6,60,60
1650964940925,ECE 65,A50,083695,Staff,0,7,30,30
1650964946947,ECE 109,A01,091882,Touri; Behrouz,32,0,70,38
1650964952971,ECE 180,A00,083140,Abi Samra; Nicholas Camill,18,0,30,12
1650964952971,ECE 180,B00,083141,Abi Samra; Nicholas Camill,0,0,30,30
1650964958997,MATH 10A,A01,083735,Patchell; Gregory David,2,0,30,28
1650964958997,MATH 10A,A02,083736,Patchell; Gregory David,27,0,30,3
1650964958997,MATH 10A,A03,083737,Patchell; Gregory David,23,0,30,7
1650964965021,MATH 10B,A01,083207,Staff,0,9,30,30
1650964965021,MATH 10B,A02,083208,Staff,0,5,30,30
1650964965021,MATH 10B,B01,083739,Staff,9,0,30,21
1650964965021,MATH 10B,B02,083740,Staff,28,0,30,2
1650964971047,MATH 18,A01,083743,Staff,0,0,30,30
1650964971047,MATH 18,A02,083744,Staff,24,0,30,6
1650964971047,MATH 18,A03,083745,Staff,19,0,30,11
1650964971047,MATH 18,A04,083746,Staff,26,0,30,4
1650964971047,MATH 18,B01,083748,Staff,0,15,30,30
1650964971047,MATH 18,B02,083749,Staff,0,14,30,30
1650964971047,MATH 18,B03,083750,Staff,0,13,30,30
1650964971047,MATH 18,B04,083751,Staff,0,13,30,30
1650964977073,MATH 20A,A01,083754,Staff,19,0,40,21
1650964983099,MATH 20B,A01,083756,Staff,0,14,30,30
1650964983099,MATH 20B,A02,083757,Staff,0,11,30,30
1650964989124,MATH 20C,A01,083760,Staff,0,17,30,30
1650964989124,MATH 20C,A02,083761,Staff,0,15,30,30
1650964989124,MATH 20C,B01,083762,Staff,9,0,30,21
1650964989124,MATH 20C,B02,083763,Staff,28,0,30,2
1650964995147,MATH 20D,A01,083765,Staff,2,1,30,28
1650964995147,MATH 20D,A02,083766,Staff,2,0,30,28
1650964995147,MATH 20D,A03,083767,Staff,22,0,30,8
1650965001171,MATH 20E,A01,083771,Staff,2,0,30,28
1650965001171,MATH 20E,A02,083772,Staff,13,0,30,17
1650965001171,MATH 20E,B01,083773,Staff,0,0,30,30
1650965001171,MATH 20E,B02,083774,Staff,1,0,30,29
1650965007193,MATH 103A,A01,083777,Staff,0,17,30,30
1650965007193,MATH 103A,A02,083778,Staff,0,15,30,30
1650965007193,MATH 103A,B01,083779,Staff,0,15,30,30
1650965007193,MATH 103A,B02,083780,Staff,0,14,30,30
1650965013218,MATH 105,A01,085443,Staff,0,23,30,30
1650965019244,MATH 109,A01,083213,Anzaldo; Leesa B,0,7,30,30
1650965019244,MATH 109,A02,083214,Anzaldo; Leesa B,0,7,30,30
1650965019244,MATH 109,B01,083215,Anzaldo; Leesa B,0,8,30,30
1650965019244,MATH 109,B02,083216,Anzaldo; Leesa B,0,7,30,30
1650965025272,MATH 142A,A01,083219,Chow; Bennett,0,14,30,30
1650965025272,MATH 142A,A02,083220,Chow; Bennett,0,15,30,30
1650965025272,MATH 142A,B01,083221,Chow; Bennett,0,16,30,30
1650965025272,MATH 142A,B02,083222,Chow; Bennett,0,14,30,30
1650965031299,MATH 193A,A01,083224,Staff,0,6,30,30
1650965031299,MATH 193A,A02,083225,Staff,0,7,30,30
1650965031299,MATH 193A,A03,083781,Staff,0,6,30,30
1650965031299,MATH 193A,A04,083782,Staff,0,7,30,30
1650965037324,MATH 197,001,091859,McAuley; Julian John,9998,0,9999,1
1650965043375,COGS 9,A01,083615,Staff,0,18,60,60
1650965049402,COGS 11,A01,083617,Boyle; Mary E. T.,15,0,40,25
1650965055425,COGS 13,A01,083071,Staff,0,41,40,40
1650965061449,COGS 14A,A01,092681,Staff,0,38,100,100
1650965067478,COGS 14B,A01,083073,Cheng; Tzu-Han,0,13,50,50
1650965073502,COGS 17,A01,092677,Staff,6,0,75,69
1650965079525,COGS 100,A01,083619,Staff,0,31,60,60
1650965085552,COGS 101A,A01,083621,Davis; Joshua Daniel,0,29,60,60
1650965091574,COGS 101B,A01,091572,Staff,0,5,60,60
1650965097600,COGS 101C,A01,083625,Delgado; Tania,14,0,30,16
1650965103623,COGS 107A,A01,083627,Boyle; Mary E. T.,0,16,60,60
1650965109645,COGS 118A,A01,083075,Staff,0,10,60,60
1650965115673,CSE 3,A50,083646,Miranda; Gregory Joseph,15,0,38,23
1650965115673,CSE 3,A51,083647,Miranda; Gregory Joseph,36,0,37,1
1650965121701,CSE 8A,A50,083650,Miranda; Gregory Joseph,0,31,40,40
1650965127728,CSE 11,A01,083080,Cao; Yingjun,0,99,40,40
1650965133750,CSE 12,A01,083652,Staff,0,24,100,100
1650965139777,CSE 15L,A01,083654,Staff,0,3,50,50
1650965139777,CSE 15L,A02,083655,Staff,0,3,50,50
1650965145801,CSE 20,A01,083657,Staff,47,0,80,33
1650965151824,CSE 30,A01,083084,Eldon; John,1,38,80,79
1650965157848,CSE 100,A01,083659,Cao; Yingjun,0,71,50,50
1650965163875,CSE 134B,A01,083661,Powell; Thomas Allan,1,40,65,64
1650965169898,CSE 140,A01,083663,Staff,0,13,75,75
1650965176023,CSE 140L,A01,083088,Eldon; John,4,0,100,96
1650965182046,CSE 175,A01,083665,Kumar; Rakesh,0,0,25,25
1650965188069,CSE 190,A00,092507,Dubnov; Shlomo,9,0,20,11
1650965194092,ECE 45,A01,083139,Staff,0,6,60,60
1650965200115,ECE 65,A50,083695,Staff,0,7,30,30
1650965206136,ECE 109,A01,091882,Touri; Behrouz,32,0,70,38
1650965212160,ECE 180,A00,083140,Abi Samra; Nicholas Camill,18,0,30,12
1650965212160,ECE 180,B00,083141,Abi Samra; Nicholas Camill,0,0,30,30
1650965218186,MATH 10A,A01,083735,Patchell; Gregory David,2,0,30,28
1650965218186,MATH 10A,A02,083736,Patchell; Gregory David,27,0,30,3
1650965218186,MATH 10A,A03,083737,Patchell; Gregory David,23,0,30,7
1650965224212,MATH 10B,A01,083207,Staff,0,9,30,30
1650965224212,MATH 10B,A02,083208,Staff,0,5,30,30
1650965224212,MATH 10B,B01,083739,Staff,9,0,30,21
1650965224212,MATH 10B,B02,083740,Staff,28,0,30,2
1650965230238,MATH 18,A01,083743,Staff,0,0,30,30
1650965230238,MATH 18,A02,083744,Staff,24,0,30,6
1650965230238,MATH 18,A03,083745,Staff,19,0,30,11
1650965230238,MATH 18,A04,083746,Staff,26,0,30,4
1650965230238,MATH 18,B01,083748,Staff,0,15,30,30
1650965230238,MATH 18,B02,083749,Staff,0,14,30,30
1650965230238,MATH 18,B03,083750,Staff,0,13,30,30
1650965230238,MATH 18,B04,083751,Staff,0,13,30,30
1650965236261,MATH 20A,A01,083754,Staff,19,0,40,21
1650965242283,MATH 20B,A01,083756,Staff,0,14,30,30
1650965242283,MATH 20B,A02,083757,Staff,0,11,30,30
1650965248306,MATH 20C,A01,083760,Staff,0,17,30,30
1650965248306,MATH 20C,A02,083761,Staff,0,15,30,30
1650965248306,MATH 20C,B01,083762,Staff,9,0,30,21
1650965248306,MATH 20C,B02,083763,Staff,28,0,30,2
1650965254333,MATH 20D,A01,083765,Staff,2,1,30,28
1650965254333,MATH 20D,A02,083766,Staff,2,0,30,28
1650965254333,MATH 20D,A03,083767,Staff,22,0,30,8
1650965260361,MATH 20E,A01,083771,Staff,2,0,30,28
1650965260361,MATH 20E,A02,083772,Staff,13,0,30,17
1650965260361,MATH 20E,B01,083773,Staff,0,0,30,30
1650965260361,MATH 20E,B02,083774,Staff,1,0,30,29
1650965266384,MATH 103A,A01,083777,Staff,0,17,30,30
1650965266384,MATH 103A,A02,083778,Staff,0,15,30,30
1650965266384,MATH 103A,B01,083779,Staff,0,15,30,30
1650965266384,MATH 103A,B02,083780,Staff,0,14,30,30
1650965272410,MATH 105,A01,085443,Staff,0,23,30,30
1650965278439,MATH 109,A01,083213,Anzaldo; Leesa B,0,7,30,30
1650965278439,MATH 109,A02,083214,Anzaldo; Leesa B,0,7,30,30
1650965278439,MATH 109,B01,083215,Anzaldo; Leesa B,0,8,30,30
1650965278439,MATH 109,B02,083216,Anzaldo; Leesa B,0,7,30,30
1650965284461,MATH 142A,A01,083219,Chow; Bennett,0,14,30,30
1650965284461,MATH 142A,A02,083220,Chow; Bennett,0,15,30,30
1650965284461,MATH 142A,B01,083221,Chow; Bennett,0,16,30,30
1650965284461,MATH 142A,B02,083222,Chow; Bennett,0,14,30,30
1650965290483,MATH 193A,A01,083224,Staff,0,6,30,30
1650965290483,MATH 193A,A02,083225,Staff,0,7,30,30
1650965290483,MATH 193A,A03,083781,Staff,0,6,30,30
1650965290483,MATH 193A,A04,083782,Staff,0,7,30,30
1650965296513,MATH 197,001,091859,McAuley; Julian John,9998,0,9999,1
1650965302567,COGS 9,A01,083615,Staff,0,18,60,60
1650965308590,COGS 11,A01,083617,Boyle; Mary E. T.,15,0,40,25
1650965314613,COGS 13,A01,083071,Staff,0,41,40,40
1650965320642,COGS 14A,A01,092681,Staff,0,38,100,100
1650965326665,COGS 14B,A01,083073,Cheng; Tzu-Han,0,13,50,50
1650965332688,COGS 17,A01,092677,Staff,6,0,75,69
1650965338710,COGS 100,A01,083619,Staff,0,31,60,60
1650965344738,COGS 101A,A01,083621,Davis; Joshua Daniel,0,29,60,60
1650965350829,COGS 101B,A01,091572,Staff,0,5,60,60
1650965356857,COGS 101C,A01,083625,Delgado; Tania,14,0,30,16
1650965362879,COGS 107A,A01,083627,Boyle; Mary E. T.,0,16,60,60
1650965368904,COGS 118A,A01,083075,Staff,0,10,60,60
1650965374928,CSE 3,A50,083646,Miranda; Gregory Joseph,15,0,38,23
1650965374928,CSE 3,A51,083647,Miranda; Gregory Joseph,36,0,37,1
1650965380950,CSE 8A,A50,083650,Miranda; Gregory Joseph,0,31,40,40
1650965386974,CSE 11,A01,083080,Cao; Yingjun,0,99,40,40
1650965392997,CSE 12,A01,083652,Staff,0,24,100,100
1650965399023,CSE 15L,A01,083654,Staff,0,3,50,50
1650965399023,CSE 15L,A02,083655,Staff,0,3,50,50
1650965405051,CSE 20,A01,083657,Staff,47,0,80,33
1650965411071,CSE 30,A01,083084,Eldon; John,1,38,80,79
1650965417099,CSE 100,A01,083659,Cao; Yingjun,0,71,50,50
1650965423126,CSE 134B,A01,083661,Powell; Thomas Allan,1,40,65,64
1650965429150,CSE 140,A01,083663,Staff,0,13,75,75
1650965435177,CSE 140L,A01,083088,Eldon; John,4,0,100,96
1650965441200,CSE 175,A01,083665,Kumar; Rakesh,0,0,25,25
1650965447221,CSE 190,A00,092507,Dubnov; Shlomo,9,0,20,11
1650965453244,ECE 45,A01,083139,Staff,0,6,60,60
1650965459270,ECE 65,A50,083695,Staff,0,7,30,30
1650965465298,ECE 109,A01,091882,Touri; Behrouz,32,0,70,38
1650965471320,ECE 180,A00,083140,Abi Samra; Nicholas Camill,18,0,30,12
1650965471320,ECE 180,B00,083141,Abi Samra; Nicholas Camill,0,0,30,30
1650965477343,MATH 10A,A01,083735,Patchell; Gregory David,2,0,30,28
1650965477343,MATH 10A,A02,083736,Patchell; Gregory David,27,0,30,3
1650965477343,MATH 10A,A03,083737,Patchell; Gregory David,23,0,30,7
1650965483370,MATH 10B,A01,083207,Staff,0,9,30,30
1650965483370,MATH 10B,A02,083208,Staff,0,5,30,30
1650965483370,MATH 10B,B01,083739,Staff,9,0,30,21
1650965483370,MATH 10B,B02,083740,Staff,28,0,30,2
1650965489401,MATH 18,A01,083743,Staff,0,0,30,30
1650965489401,MATH 18,A02,083744,Staff,24,0,30,6
1650965489401,MATH 18,A03,083745,Staff,19,0,30,11
1650965489401,MATH 18,A04,083746,Staff,26,0,30,4
1650965489401,MATH 18,B01,083748,Staff,0,15,30,30
1650965489401,MATH 18,B02,083749,Staff,0,14,30,30
1650965489401,MATH 18,B03,083750,Staff,0,13,30,30
1650965489401,MATH 18,B04,083751,Staff,0,13,30,30
1650965495428,MATH 20A,A01,083754,Staff,19,0,40,21
1650965501454,MATH 20B,A01,083756,Staff,0,14,30,30
1650965501454,MATH 20B,A02,083757,Staff,0,11,30,30
1650965507480,MATH 20C,A01,083760,Staff,0,17,30,30
1650965507480,MATH 20C,A02,083761,Staff,0,15,30,30
1650965507480,MATH 20C,B01,083762,Staff,9,0,30,21
1650965507480,MATH 20C,B02,083763,Staff,28,0,30,2
1650965513511,MATH 20D,A01,083765,Staff,2,1,30,28
1650965513511,MATH 20D,A02,083766,Staff,2,0,30,28
1650965513511,MATH 20D,A03,083767,Staff,22,0,30,8
1650965519535,MATH 20E,A01,083771,Staff,2,0,30,28
1650965519535,MATH 20E,A02,083772,Staff,13,0,30,17
1650965519535,MATH 20E,B01,083773,Staff,0,0,30,30
1650965519535,MATH 20E,B02,083774,Staff,1,0,30,29
1650965525561,MATH 103A,A01,083777,Staff,0,17,30,30
1650965525561,MATH 103A,A02,083778,Staff,0,15,30,30
1650965525561,MATH 103A,B01,083779,Staff,0,15,30,30
1650965525561,MATH 103A,B02,083780,Staff,0,14,30,30
1650965531582,MATH 105,A01,085443,Staff,0,23,30,30
1650965537608,MATH 109,A01,083213,Anzaldo; Leesa B,0,7,30,30
1650965537608,MATH 109,A02,083214,Anzaldo; Leesa B,0,7,30,30
1650965537608,MATH 109,B01,083215,Anzaldo; Leesa B,0,8,30,30
1650965537608,MATH 109,B02,083216,Anzaldo; Leesa B,0,7,30,30
1650965543636,MATH 142A,A01,083219,Chow; Bennett,0,14,30,30
1650965543636,MATH 142A,A02,083220,Chow; Bennett,0,15,30,30
1650965543636,MATH 142A,B01,083221,Chow; Bennett,0,16,30,30
1650965543636,MATH 142A,B02,083222,Chow; Bennett,0,14,30,30
1650965549665,MATH 193A,A01,083224,Staff,0,6,30,30
1650965549665,MATH 193A,A02,083225,Staff,0,7,30,30
1650965549665,MATH 193A,A03,083781,Staff,0,6,30,30
1650965549665,MATH 193A,A04,083782,Staff,0,7,30,30
1650965555690,MATH 197,001,091859,McAuley; Julian John,9998,0,9999,1
1650965561738,COGS 9,A01,083615,Staff,0,18,60,60
1650965567763,COGS 11,A01,083617,Boyle; Mary E. T.,15,0,40,25
1650965573792,COGS 13,A01,083071,Staff,0,41,40,40
1650965579816,COGS 14A,A01,092681,Staff,0,38,100,100
1650965585843,COGS 14B,A01,083073,Cheng; Tzu-Han,0,13,50,50
1650965591867,COGS 17,A01,092677,Staff,6,0,75,69
1650965597891,COGS 100,A01,083619,Staff,0,31,60,60
1650965603914,COGS 101A,A01,083621,Davis; Joshua Daniel,0,29,60,60
1650965609939,COGS 101B,A01,091572,Staff,0,5,60,60
1650965615963,COGS 101C,A01,083625,Delgado; Tania,14,0,30,16
1650965621986,COGS 107A,A01,083627,Boyle; Mary E. T.,0,16,60,60
1650965628010,COGS 118A,A01,083075,Staff,0,10,60,60
1650965634038,CSE 3,A50,083646,Miranda; Gregory Joseph,15,0,38,23
1650965634038,CSE 3,A51,083647,Miranda; Gregory Joseph,36,0,37,1
1650965640066,CSE 8A,A50,083650,Miranda; Gregory Joseph,0,31,40,40
1650965646093,CSE 11,A01,083080,Cao; Yingjun,0,99,40,40
1650965652118,CSE 12,A01,083652,Staff,0,24,100,100
1650965658142,CSE 15L,A01,083654,Staff,0,3,50,50
1650965658142,CSE 15L,A02,083655,Staff,0,3,50,50
1650965664166,CSE 20,A01,083657,Staff,47,0,80,33
1650965670189,CSE 30,A01,083084,Eldon; John,1,38,80,79
1650965676211,CSE 100,A01,083659,Cao; Yingjun,0,71,50,50
1650965682235,CSE 134B,A01,083661,Powell; Thomas Allan,1,40,65,64
1650965688259,CSE 140,A01,083663,Staff,0,13,75,75
1650965694286,CSE 140L,A01,083088,Eldon; John,4,0,100,96
1650965700309,CSE 175,A01,083665,Kumar; Rakesh,0,0,25,25
1650965706332,CSE 190,A00,092507,Dubnov; Shlomo,9,0,20,11
1650965712355,ECE 45,A01,083139,Staff,0,6,60,60
1650965718377,ECE 65,A50,083695,Staff,0,7,30,30
1650965724403,ECE 109,A01,091882,Touri; Behrouz,32,0,70,38
1650965730430,ECE 180,A00,083140,Abi Samra; Nicholas Camill,18,0,30,12
1650965730430,ECE 180,B00,083141,Abi Samra; Nicholas Camill,0,0,30,30
1650965736454,MATH 10A,A01,083735,Patchell; Gregory David,2,0,30,28
1650965736454,MATH 10A,A02,083736,Patchell; Gregory David,27,0,30,3
1650965736454,MATH 10A,A03,083737,Patchell; Gregory David,23,0,30,7
1650965742476,MATH 10B,A01,083207,Staff,0,9,30,30
1650965742476,MATH 10B,A02,083208,Staff,0,5,30,30
1650965742476,MATH 10B,B01,083739,Staff,9,0,30,21
1650965742476,MATH 10B,B02,083740,Staff,28,0,30,2
1650965748506,MATH 18,A01,083743,Staff,0,0,30,30
1650965748506,MATH 18,A02,083744,Staff,24,0,30,6
1650965748506,MATH 18,A03,083745,Staff,19,0,30,11
1650965748506,MATH 18,A04,083746,Staff,26,0,30,4
1650965748506,MATH 18,B01,083748,Staff,0,15,30,30
1650965748506,MATH 18,B02,083749,Staff,0,14,30,30
1650965748506,MATH 18,B03,083750,Staff,0,13,30,30
1650965748506,MATH 18,B04,083751,Staff,0,13,30,30
1650965754529,MATH 20A,A01,083754,Staff,19,0,40,21
1650965760555,MATH 20B,A01,083756,Staff,0,14,30,30
1650965760555,MATH 20B,A02,083757,Staff,0,11,30,30
1650965766600,MATH 20C,A01,083760,Staff,0,17,30,30
1650965766600,MATH 20C,A02,083761,Staff,0,15,30,30
1650965766600,MATH 20C,B01,083762,Staff,9,0,30,21
1650965766600,MATH 20C,B02,083763,Staff,28,0,30,2
1650965772713,MATH 20D,A01,083765,Staff,2,1,30,28
1650965772713,MATH 20D,A02,083766,Staff,2,0,30,28
1650965772713,MATH 20D,A03,083767,Staff,22,0,30,8
1650965778740,MATH 20E,A01,083771,Staff,2,0,30,28
1650965778740,MATH 20E,A02,083772,Staff,13,0,30,17
1650965778740,MATH 20E,B01,083773,Staff,0,0,30,30
1650965778740,MATH 20E,B02,083774,Staff,1,0,30,29
1650965784774,MATH 103A,A01,083777,Staff,0,17,30,30
1650965784774,MATH 103A,A02,083778,Staff,0,15,30,30
1650965784774,MATH 103A,B01,083779,Staff,0,15,30,30
1650965784774,MATH 103A,B02,083780,Staff,0,14,30,30
1650965790798,MATH 105,A01,085443,Staff,0,23,30,30
1650965796826,MATH 109,A01,083213,Anzaldo; Leesa B,0,7,30,30
1650965796826,MATH 109,A02,083214,Anzaldo; Leesa B,0,7,30,30
1650965796826,MATH 109,B01,083215,Anzaldo; Leesa B,0,8,30,30
1650965796826,MATH 109,B02,083216,Anzaldo; Leesa B,0,7,30,30
1650965802851,MATH 142A,A01,083219,Chow; Bennett,0,14,30,30
1650965802851,MATH 142A,A02,083220,Chow; Bennett,0,15,30,30
1650965802851,MATH 142A,B01,083221,Chow; Bennett,0,16,30,30
1650965802851,MATH 142A,B02,083222,Chow; Bennett,0,14,30,30
1650965808875,MATH 193A,A01,083224,Staff,0,6,30,30
1650965808875,MATH 193A,A02,083225,Staff,0,7,30,30
1650965808875,MATH 193A,A03,083781,Staff,0,6,30,30
1650965808875,MATH 193A,A04,083782,Staff,0,7,30,30
1650965814898,MATH 197,001,091859,McAuley; Julian John,9998,0,9999,1
1650965820951,COGS 9,A01,083615,Staff,0,18,60,60
1650965826977,COGS 11,A01,083617,Boyle; Mary E. T.,15,0,40,25
1650965833005,COGS 13,A01,083071,Staff,0,41,40,40
1650965839032,COGS 14A,A01,092681,Staff,0,38,100,100
1650965845055,COGS 14B,A01,083073,Cheng; Tzu-Han,0,13,50,50
1650965851081,COGS 17,A01,092677,Staff,6,0,75,69
1650965857103,COGS 100,A01,083619,Staff,0,31,60,60
1650965863127,COGS 101A,A01,083621,Davis; Joshua Daniel,0,29,60,60
1650965869156,COGS 101B,A01,091572,Staff,0,5,60,60
1650965875178,COGS 101C,A01,083625,Delgado; Tania,14,0,30,16
1650965881202,COGS 107A,A01,083627,Boyle; Mary E. T.,0,16,60,60
1650965887227,COGS 118A,A01,083075,Staff,0,10,60,60
1650965893254,CSE 3,A50,083646,Miranda; Gregory Joseph,15,0,38,23
1650965893254,CSE 3,A51,083647,Miranda; Gregory Joseph,36,0,37,1
1650965899281,CSE 8A,A50,083650,Miranda; Gregory Joseph,0,31,40,40
1650965905306,CSE 11,A01,083080,Cao; Yingjun,0,99,40,40
1650965911327,CSE 12,A01,083652,Staff,0,24,100,100
1650965917352,CSE 15L,A01,083654,Staff,0,3,50,50
1650965917352,CSE 15L,A02,083655,Staff,0,3,50,50
1650965923375,CSE 20,A01,083657,Staff,47,0,80,33
1650965929410,CSE 30,A01,083084,Eldon; John,1,38,80,79
1650965935435,CSE 100,A01,083659,Cao; Yingjun,0,71,50,50
1650965941459,CSE 134B,A01,083661,Powell; Thomas Allan,1,40,65,64
1650965947482,CSE 140,A01,083663,Staff,0,13,75,75
1650965953506,CSE 140L,A01,083088,Eldon; John,4,0,100,96
1650965959532,CSE 175,A01,083665,Kumar; Rakesh,0,0,25,25
1650965965556,CSE 190,A00,092507,Dubnov; Shlomo,9,0,20,11
1650965971578,ECE 45,A01,083139,Staff,0,6,60,60
1650965977607,ECE 65,A50,083695,Staff,0,7,30,30
1650965983642,ECE 109,A01,091882,Touri; Behrouz,32,0,70,38
1650965989668,ECE 180,A00,083140,Abi Samra; Nicholas Camill,18,0,30,12
1650965989668,ECE 180,B00,083141,Abi Samra; Nicholas Camill,0,0,30,30
1650965995691,MATH 10A,A01,083735,Patchell; Gregory David,2,0,30,28
1650965995691,MATH 10A,A02,083736,Patchell; Gregory David,27,0,30,3
1650965995691,MATH 10A,A03,083737,Patchell; Gregory David,23,0,30,7
1650966001717,MATH 10B,A01,083207,Staff,0,9,30,30
1650966001717,MATH 10B,A02,083208,Staff,0,5,30,30
1650966001717,MATH 10B,B01,083739,Staff,9,0,30,21
1650966001717,MATH 10B,B02,083740,Staff,28,0,30,2
1650966007741,MATH 18,A01,083743,Staff,0,0,30,30
1650966007741,MATH 18,A02,083744,Staff,24,0,30,6
1650966007741,MATH 18,A03,083745,Staff,19,0,30,11
1650966007741,MATH 18,A04,083746,Staff,26,0,30,4
1650966007741,MATH 18,B01,083748,Staff,0,15,30,30
1650966007741,MATH 18,B02,083749,Staff,0,14,30,30
1650966007741,MATH 18,B03,083750,Staff,0,13,30,30
1650966007741,MATH 18,B04,083751,Staff,0,13,30,30
1650966013779,MATH 20A,A01,083754,Staff,19,0,40,21
1650966019803,MATH 20B,A01,083756,Staff,0,14,30,30
1650966019803,MATH 20B,A02,083757,Staff,0,11,30,30
1650966025826,MATH 20C,A01,083760,Staff,0,17,30,30
1650966025826,MATH 20C,A02,083761,Staff,0,15,30,30
1650966025826,MATH 20C,B01,083762,Staff,9,0,30,21
1650966025826,MATH 20C,B02,083763,Staff,28,0,30,2
1650966031852,MATH 20D,A01,083765,Staff,2,1,30,28
1650966031852,MATH 20D,A02,083766,Staff,2,0,30,28
1650966031852,MATH 20D,A03,083767,Staff,22,0,30,8
1650966037876,MATH 20E,A01,083771,Staff,2,0,30,28
1650966037876,MATH 20E,A02,083772,Staff,13,0,30,17
1650966037876,MATH 20E,B01,083773,Staff,0,0,30,30
1650966037876,MATH 20E,B02,083774,Staff,1,0,30,29
1650966043900,MATH 103A,A01,083777,Staff,0,17,30,30
1650966043900,MATH 103A,A02,083778,Staff,0,15,30,30
1650966043900,MATH 103A,B01,083779,Staff,0,15,30,30
1650966043900,MATH 103A,B02,083780,Staff,0,14,30,30
1650966049924,MATH 105,A01,085443,Staff,0,23,30,30
1650966055957,MATH 109,A01,083213,Anzaldo; Leesa B,0,7,30,30
1650966055957,MATH 109,A02,083214,Anzaldo; Leesa B,0,7,30,30
1650966055957,MATH 109,B01,083215,Anzaldo; Leesa B,0,8,30,30
1650966055957,MATH 109,B02,083216,Anzaldo; Leesa B,0,7,30,30
1650966061980,MATH 142A,A01,083219,Chow; Bennett,0,14,30,30
1650966061980,MATH 142A,A02,083220,Chow; Bennett,0,15,30,30
1650966061980,MATH 142A,B01,083221,Chow; Bennett,0,16,30,30
1650966061980,MATH 142A,B02,083222,Chow; Bennett,0,14,30,30
1650966068007,MATH 193A,A01,083224,Staff,0,6,30,30
1650966068007,MATH 193A,A02,083225,Staff,0,7,30,30
1650966068007,MATH 193A,A03,083781,Staff,0,6,30,30
1650966068007,MATH 193A,A04,083782,Staff,0,7,30,30
1650966074033,MATH 197,001,091859,McAuley; Julian John,9998,0,9999,1
1650966080093,COGS 9,A01,083615,Staff,0,18,60,60
1650966086120,COGS 11,A01,083617,Boyle; Mary E. T.,15,0,40,25
1650966092145,COGS 13,A01,083071,Staff,0,41,40,40
1650966098170,COGS 14A,A01,092681,Staff,0,38,100,100
1650966104191,COGS 14B,A01,083073,Cheng; Tzu-Han,0,13,50,50
1650966110217,COGS 17,A01,092677,Staff,6,0,75,69
1650966116240,COGS 100,A01,083619,Staff,0,31,60,60
1650966122264,COGS 101A,A01,083621,Davis; Joshua Daniel,0,29,60,60
1650966128287,COGS 101B,A01,091572,Staff,0,5,60,60
1650966134311,COGS 101C,A01,083625,Delgado; Tania,14,0,30,16
1650966140333,COGS 107A,A01,083627,Boyle; Mary E. T.,0,16,60,60
1650966146360,COGS 118A,A01,083075,Staff,0,10,60,60
1650966152382,CSE 3,A50,083646,Miranda; Gregory Joseph,15,0,38,23
1650966152382,CSE 3,A51,083647,Miranda; Gregory Joseph,36,0,37,1
1650966158406,CSE 8A,A50,083650,Miranda; Gregory Joseph,0,31,40,40
1650966164429,CSE 11,A01,083080,Cao; Yingjun,0,98,40,40
1650966170453,CSE 12,A01,083652,Staff,0,24,100,100
1650966176479,CSE 15L,A01,083654,Staff,0,3,50,50
1650966176479,CSE 15L,A02,083655,Staff,0,3,50,50
1650966182505,CSE 20,A01,083657,Staff,47,0,80,33
1650966188527,CSE 30,A01,083084,Eldon; John,1,38,80,79
1650966194549,CSE 100,A01,083659,Cao; Yingjun,0,71,50,50
1650966200572,CSE 134B,A01,083661,Powell; Thomas Allan,1,40,65,64
1650966206595,CSE 140,A01,083663,Staff,0,13,75,75
1650966212617,CSE 140L,A01,083088,Eldon; John,4,0,100,96
1650966218656,CSE 175,A01,083665,Kumar; Rakesh,0,0,25,25
1650966224677,CSE 190,A00,092507,Dubnov; Shlomo,9,0,20,11
1650966230701,ECE 45,A01,083139,Staff,0,6,60,60
1650966236726,ECE 65,A50,083695,Staff,0,7,30,30
1650966242764,ECE 109,A01,091882,Touri; Behrouz,32,0,70,38
1650966248787,ECE 180,A00,083140,Abi Samra; Nicholas Camill,18,0,30,12
1650966248787,ECE 180,B00,083141,Abi Samra; Nicholas Camill,0,0,30,30
1650966254810,MATH 10A,A01,083735,Patchell; Gregory David,2,0,30,28
1650966254810,MATH 10A,A02,083736,Patchell; Gregory David,27,0,30,3
1650966254810,MATH 10A,A03,083737,Patchell; Gregory David,23,0,30,7
1650966260834,MATH 10B,A01,083207,Staff,0,9,30,30
1650966260834,MATH 10B,A02,083208,Staff,0,5,30,30
1650966260834,MATH 10B,B01,083739,Staff,9,0,30,21
1650966260834,MATH 10B,B02,083740,Staff,28,0,30,2
1650966266864,MATH 18,A01,083743,Staff,0,0,30,30
1650966266864,MATH 18,A02,083744,Staff,24,0,30,6
1650966266864,MATH 18,A03,083745,Staff,19,0,30,11
1650966266864,MATH 18,A04,083746,Staff,26,0,30,4
1650966266864,MATH 18,B01,083748,Staff,0,15,30,30
1650966266864,MATH 18,B02,083749,Staff,0,14,30,30
1650966266864,MATH 18,B03,083750,Staff,0,13,30,30
1650966266864,MATH 18,B04,083751,Staff,0,13,30,30
1650966272887,MATH 20A,A01,083754,Staff,19,0,40,21
1650966278913,MATH 20B,A01,083756,Staff,0,14,30,30
1650966278913,MATH 20B,A02,083757,Staff,0,11,30,30
1650966284937,MATH 20C,A01,083760,Staff,0,17,30,30
1650966284937,MATH 20C,A02,083761,Staff,0,15,30,30
1650966284937,MATH 20C,B01,083762,Staff,9,0,30,21
1650966284937,MATH 20C,B02,083763,Staff,28,0,30,2
1650966290961,MATH 20D,A01,083765,Staff,2,1,30,28
1650966290961,MATH 20D,A02,083766,Staff,2,0,30,28
1650966290961,MATH 20D,A03,083767,Staff,22,0,30,8
1650966296988,MATH 20E,A01,083771,Staff,2,0,30,28
1650966296988,MATH 20E,A02,083772,Staff,13,0,30,17
1650966296988,MATH 20E,B01,083773,Staff,0,0,30,30
1650966296988,MATH 20E,B02,083774,Staff,1,0,30,29
1650966303012,MATH 103A,A01,083777,Staff,0,17,30,30
1650966303012,MATH 103A,A02,083778,Staff,0,15,30,30
1650966303012,MATH 103A,B01,083779,Staff,0,15,30,30
1650966303012,MATH 103A,B02,083780,Staff,0,14,30,30
1650966309038,MATH 105,A01,085443,Staff,0,23,30,30
1650966315066,MATH 109,A01,083213,Anzaldo; Leesa B,0,7,30,30
1650966315066,MATH 109,A02,083214,Anzaldo; Leesa B,0,7,30,30
1650966315066,MATH 109,B01,083215,Anzaldo; Leesa B,0,8,30,30
1650966315066,MATH 109,B02,083216,Anzaldo; Leesa B,0,7,30,30
1650966321088,MATH 142A,A01,083219,Chow; Bennett,0,14,30,30
1650966321088,MATH 142A,A02,083220,Chow; Bennett,0,15,30,30
1650966321088,MATH 142A,B01,083221,Chow; Bennett,0,16,30,30
1650966321088,MATH 142A,B02,083222,Chow; Bennett,0,14,30,30
1650966327112,MATH 193A,A01,083224,Staff,0,6,30,30
1650966327112,MATH 193A,A02,083225,Staff,0,7,30,30
1650966327112,MATH 193A,A03,083781,Staff,0,6,30,30
1650966327112,MATH 193A,A04,083782,Staff,0,7,30,30
1650966333137,MATH 197,001,091859,McAuley; Julian John,9998,0,9999,1
1650966339187,COGS 9,A01,083615,Staff,0,18,60,60
1650966345209,COGS 11,A01,083617,Boyle; Mary E. T.,15,0,40,25
1650966351236,COGS 13,A01,083071,Staff,0,41,40,40
1650966357270,COGS 14A,A01,092681,Staff,0,38,100,100
1650966363390,COGS 14B,A01,083073,Cheng; Tzu-Han,0,13,50,50
1650966369414,COGS 17,A01,092677,Staff,6,0,75,69
1650966375439,COGS 100,A01,083619,Staff,0,31,60,60
1650966381463,COGS 101A,A01,083621,Davis; Joshua Daniel,0,29,60,60
1650966387485,COGS 101B,A01,091572,Staff,0,5,60,60
1650966393508,COGS 101C,A01,083625,Delgado; Tania,14,0,30,16
1650966399533,COGS 107A,A01,083627,Boyle; Mary E. T.,0,16,60,60
1650966405557,COGS 118A,A01,083075,Staff,0,10,60,60
1650966411581,CSE 3,A50,083646,Miranda; Gregory Joseph,15,0,38,23
1650966411581,CSE 3,A51,083647,Miranda; Gregory Joseph,36,0,37,1
1650966417605,CSE 8A,A50,083650,Miranda; Gregory Joseph,0,31,40,40
1650966423630,CSE 11,A01,083080,Cao; Yingjun,0,98,40,40
1650966429665,CSE 12,A01,083652,Staff,0,24,100,100
1650966435686,CSE 15L,A01,083654,Staff,0,3,50,50
1650966435686,CSE 15L,A02,083655,Staff,0,3,50,50
1650966441725,CSE 20,A01,083657,Staff,47,0,80,33
1650966447748,CSE 30,A01,083084,Eldon; John,1,38,80,79
1650966453789,CSE 100,A01,083659,Cao; Yingjun,0,71,50,50
1650966459816,CSE 134B,A01,083661,Powell; Thomas Allan,1,40,65,64
1650966465842,CSE 140,A01,083663,Staff,0,13,75,75
1650966471866,CSE 140L,A01,083088,Eldon; John,4,0,100,96
1650966477893,CSE 175,A01,083665,Kumar; Rakesh,0,0,25,25
1650966483915,CSE 190,A00,092507,Dubnov; Shlomo,9,0,20,11
1650966489947,ECE 45,A01,083139,Staff,0,6,60,60
1650966495970,ECE 65,A50,083695,Staff,0,7,30,30
1650966501997,ECE 109,A01,091882,Touri; Behrouz,32,0,70,38
1650966508023,ECE 180,A00,083140,Abi Samra; Nicholas Camill,18,0,30,12
1650966508023,ECE 180,B00,083141,Abi Samra; Nicholas Camill,0,0,30,30
1650966514050,MATH 10A,A01,083735,Patchell; Gregory David,2,0,30,28
1650966514050,MATH 10A,A02,083736,Patchell; Gregory David,27,0,30,3
1650966514050,MATH 10A,A03,083737,Patchell; Gregory David,23,0,30,7
1650966520077,MATH 10B,A01,083207,Staff,0,9,30,30
1650966520077,MATH 10B,A02,083208,Staff,0,5,30,30
1650966520077,MATH 10B,B01,083739,Staff,9,0,30,21
1650966520077,MATH 10B,B02,083740,Staff,28,0,30,2
1650966526102,MATH 18,A01,083743,Staff,0,0,30,30
1650966526102,MATH 18,A02,083744,Staff,24,0,30,6
1650966526102,MATH 18,A03,083745,Staff,19,0,30,11
1650966526102,MATH 18,A04,083746,Staff,26,0,30,4
1650966526102,MATH 18,B01,083748,Staff,0,15,30,30
1650966526102,MATH 18,B02,083749,Staff,0,14,30,30
1650966526102,MATH 18,B03,083750,Staff,0,13,30,30
1650966526102,MATH 18,B04,083751,Staff,0,13,30,30
1650966532125,MATH 20A,A01,083754,Staff,19,0,40,21
1650966538148,MATH 20B,A01,083756,Staff,0,14,30,30
1650966538148,MATH 20B,A02,083757,Staff,0,11,30,30
1650966544175,MATH 20C,A01,083760,Staff,0,17,30,30
1650966544175,MATH 20C,A02,083761,Staff,0,15,30,30
1650966544175,MATH 20C,B01,083762,Staff,9,0,30,21
1650966544175,MATH 20C,B02,083763,Staff,28,0,30,2
1650966550202,MATH 20D,A01,083765,Staff,2,1,30,28
1650966550202,MATH 20D,A02,083766,Staff,2,0,30,28
1650966550202,MATH 20D,A03,083767,Staff,22,0,30,8
1650966556226,MATH 20E,A01,083771,Staff,2,0,30,28
1650966556226,MATH 20E,A02,083772,Staff,13,0,30,17
1650966556226,MATH 20E,B01,083773,Staff,0,0,30,30
1650966556226,MATH 20E,B02,083774,Staff,1,0,30,29
1650966562249,MATH 103A,A01,083777,Staff,0,17,30,30
1650966562249,MATH 103A,A02,083778,Staff,0,15,30,30
1650966562249,MATH 103A,B01,083779,Staff,0,15,30,30
1650966562249,MATH 103A,B02,083780,Staff,0,14,30,30
1650966568275,MATH 105,A01,085443,Staff,0,23,30,30
1650966574302,MATH 109,A01,083213,Anzaldo; Leesa B,0,7,30,30
1650966574302,MATH 109,A02,083214,Anzaldo; Leesa B,0,7,30,30
1650966574302,MATH 109,B01,083215,Anzaldo; Leesa B,0,8,30,30
1650966574302,MATH 109,B02,083216,Anzaldo; Leesa B,0,7,30,30
1650966580327,MATH 142A,A01,083219,Chow; Bennett,0,14,30,30
1650966580327,MATH 142A,A02,083220,Chow; Bennett,0,15,30,30
1650966580327,MATH 142A,B01,083221,Chow; Bennett,0,16,30,30
1650966580327,MATH 142A,B02,083222,Chow; Bennett,0,14,30,30
1650966586350,MATH 193A,A01,083224,Staff,0,6,30,30
1650966586350,MATH 193A,A02,083225,Staff,0,7,30,30
1650966586350,MATH 193A,A03,083781,Staff,0,6,30,30
1650966586350,MATH 193A,A04,083782,Staff,0,7,30,30
1650966592371,MATH 197,001,091859,McAuley; Julian John,9998,0,9999,1
1650966598431,COGS 9,A01,083615,Staff,0,18,60,60
1650966604457,COGS 11,A01,083617,Boyle; Mary E. T.,15,0,40,25
1650966610482,COGS 13,A01,083071,Staff,0,41,40,40
1650966616508,COGS 14A,A01,092681,Staff,0,38,100,100
1650966622531,COGS 14B,A01,083073,Cheng; Tzu-Han,0,13,50,50
1650966628556,COGS 17,A01,092677,Staff,6,0,75,69
1650966634586,COGS 100,A01,083619,Staff,0,31,60,60
1650966640621,COGS 101A,A01,083621,Davis; Joshua Daniel,0,29,60,60
1650966646645,COGS 101B,A01,091572,Staff,0,5,60,60
1650966652668,COGS 101C,A01,083625,Delgado; Tania,14,0,30,16
1650966658691,COGS 107A,A01,083627,Boyle; Mary E. T.,0,16,60,60
1650966664720,COGS 118A,A01,083075,Staff,0,10,60,60
1650966670746,CSE 3,A50,083646,Miranda; Gregory Joseph,15,0,38,23
1650966670746,CSE 3,A51,083647,Miranda; Gregory Joseph,36,0,37,1
1650966676770,CSE 8A,A50,083650,Miranda; Gregory Joseph,0,31,40,40
1650966682794,CSE 11,A01,083080,Cao; Yingjun,0,98,40,40
1650966688821,CSE 12,A01,083652,Staff,0,24,100,100
1650966694847,CSE 15L,A01,083654,Staff,0,3,50,50
1650966694847,CSE 15L,A02,083655,Staff,0,3,50,50
1650966700873,CSE 20,A01,083657,Staff,47,0,80,33
1650966706896,CSE 30,A01,083084,Eldon; John,1,38,80,79
1650966712923,CSE 100,A01,083659,Cao; Yingjun,0,71,50,50
1650966718947,CSE 134B,A01,083661,Powell; Thomas Allan,1,40,65,64
1650966724969,CSE 140,A01,083663,Staff,0,13,75,75
1650966730992,CSE 140L,A01,083088,Eldon; John,4,0,100,96
1650966737028,CSE 175,A01,083665,Kumar; Rakesh,0,0,25,25
1650966743051,CSE 190,A00,092507,Dubnov; Shlomo,9,0,20,11
1650966749074,ECE 45,A01,083139,Staff,0,6,60,60
1650966755096,ECE 65,A50,083695,Staff,0,7,30,30
1650966761120,ECE 109,A01,091882,Touri; Behrouz,32,0,70,38
1650966767147,ECE 180,A00,083140,Abi Samra; Nicholas Camill,18,0,30,12
1650966767147,ECE 180,B00,083141,Abi Samra; Nicholas Camill,0,0,30,30
1650966773170,MATH 10A,A01,083735,Patchell; Gregory David,2,0,30,28
1650966773170,MATH 10A,A02,083736,Patchell; Gregory David,27,0,30,3
1650966773170,MATH 10A,A03,083737,Patchell; Gregory David,23,0,30,7
1650966779197,MATH 10B,A01,083207,Staff,0,9,30,30
1650966779197,MATH 10B,A02,083208,Staff,0,5,30,30
1650966779197,MATH 10B,B01,083739,Staff,9,0,30,21
1650966779197,MATH 10B,B02,083740,Staff,28,0,30,2
1650966785232,MATH 18,A01,083743,Staff,0,0,30,30
1650966785232,MATH 18,A02,083744,Staff,24,0,30,6
1650966785232,MATH 18,A03,083745,Staff,19,0,30,11
1650966785232,MATH 18,A04,083746,Staff,26,0,30,4
1650966785232,MATH 18,B01,083748,Staff,0,15,30,30
1650966785232,MATH 18,B02,083749,Staff,0,14,30,30
1650966785232,MATH 18,B03,083750,Staff,0,13,30,30
1650966785232,MATH 18,B04,083751,Staff,0,13,30,30
1650966791255,MATH 20A,A01,083754,Staff,19,0,40,21
1650966797280,MATH 20B,A01,083756,Staff,0,14,30,30
1650966797280,MATH 20B,A02,083757,Staff,0,11,30,30
1650966803307,MATH 20C,A01,083760,Staff,0,17,30,30
1650966803307,MATH 20C,A02,083761,Staff,0,15,30,30
1650966803307,MATH 20C,B01,083762,Staff,9,0,30,21
1650966803307,MATH 20C,B02,083763,Staff,28,0,30,2
1650966809330,MATH 20D,A01,083765,Staff,2,1,30,28
1650966809330,MATH 20D,A02,083766,Staff,2,0,30,28
1650966809330,MATH 20D,A03,083767,Staff,22,0,30,8
1650966815352,MATH 20E,A01,083771,Staff,2,0,30,28
1650966815352,MATH 20E,A02,083772,Staff,13,0,30,17
1650966815352,MATH 20E,B01,083773,Staff,0,0,30,30
1650966815352,MATH 20E,B02,083774,Staff,1,0,30,29
1650966821381,MATH 103A,A01,083777,Staff,0,17,30,30
1650966821381,MATH 103A,A02,083778,Staff,0,15,30,30
1650966821381,MATH 103A,B01,083779,Staff,0,15,30,30
1650966821381,MATH 103A,B02,083780,Staff,0,14,30,30
1650966827403,MATH 105,A01,085443,Staff,0,23,30,30
1650966833427,MATH 109,A01,083213,Anzaldo; Leesa B,0,7,30,30
1650966833427,MATH 109,A02,083214,Anzaldo; Leesa B,0,7,30,30
1650966833427,MATH 109,B01,083215,Anzaldo; Leesa B,0,8,30,30
1650966833427,MATH 109,B02,083216,Anzaldo; Leesa B,0,7,30,30
1650966839458,MATH 142A,A01,083219,Chow; Bennett,0,14,30,30
1650966839458,MATH 142A,A02,083220,Chow; Bennett,0,15,30,30
1650966839458,MATH 142A,B01,083221,Chow; Bennett,0,16,30,30
1650966839458,MATH 142A,B02,083222,Chow; Bennett,0,14,30,30
1650966845480,MATH 193A,A01,083224,Staff,0,6,30,30
1650966845480,MATH 193A,A02,083225,Staff,0,7,30,30
1650966845480,MATH 193A,A03,083781,Staff,0,6,30,30
1650966845480,MATH 193A,A04,083782,Staff,0,7,30,30
1650966851501,MATH 197,001,091859,McAuley; Julian John,9998,0,9999,1
1650966857554,COGS 9,A01,083615,Staff,0,18,60,60
1650966863583,COGS 11,A01,083617,Boyle; Mary E. T.,15,0,40,25
1650966869608,COGS 13,A01,083071,Staff,0,41,40,40
1650966875631,COGS 14A,A01,092681,Staff,0,38,100,100
1650966881652,COGS 14B,A01,083073,Cheng; Tzu-Han,0,13,50,50
1650966887675,COGS 17,A01,092677,Staff,6,0,75,69
1650966893697,COGS 100,A01,083619,Staff,0,31,60,60
1650966899720,COGS 101A,A01,083621,Davis; Joshua Daniel,0,29,60,60
1650966905748,COGS 101B,A01,091572,Staff,0,5,60,60
1650966911772,COGS 101C,A01,083625,Delgado; Tania,14,0,30,16
1650966917800,COGS 107A,A01,083627,Boyle; Mary E. T.,0,16,60,60
1650966923827,COGS 118A,A01,083075,Staff,0,10,60,60
1650966929854,CSE 3,A50,083646,Miranda; Gregory Joseph,15,0,38,23
1650966929854,CSE 3,A51,083647,Miranda; Gregory Joseph,36,0,37,1
1650966935882,CSE 8A,A50,083650,Miranda; Gregory Joseph,0,31,40,40
1650966941908,CSE 11,A01,083080,Cao; Yingjun,0,98,40,40
1650966947930,CSE 12,A01,083652,Staff,0,24,100,100
1650966953955,CSE 15L,A01,083654,Staff,0,3,50,50
1650966953955,CSE 15L,A02,083655,Staff,0,3,50,50
1650966960077,CSE 20,A01,083657,Staff,47,0,80,33
1650966966102,CSE 30,A01,083084,Eldon; John,1,38,80,79
1650966972129,CSE 100,A01,083659,Cao; Yingjun,0,71,50,50
1650966978159,CSE 134B,A01,083661,Powell; Thomas Allan,1,40,65,64
1650966984182,CSE 140,A01,083663,Staff,0,13,75,75
1650966990206,CSE 140L,A01,083088,Eldon; John,4,0,100,96
1650966996229,CSE 175,A01,083665,Kumar; Rakesh,0,0,25,25
1650967002251,CSE 190,A00,092507,Dubnov; Shlomo,9,0,20,11
1650967008279,ECE 45,A01,083139,Staff,0,6,60,60
1650967014301,ECE 65,A50,083695,Staff,0,7,30,30
1650967020327,ECE 109,A01,091882,Touri; Behrouz,32,0,70,38
1650967026349,ECE 180,A00,083140,Abi Samra; Nicholas Camill,18,0,30,12
1650967026349,ECE 180,B00,083141,Abi Samra; Nicholas Camill,0,0,30,30
1650967032372,MATH 10A,A01,083735,Patchell; Gregory David,2,0,30,28
1650967032372,MATH 10A,A02,083736,Patchell; Gregory David,27,0,30,3
1650967032372,MATH 10A,A03,083737,Patchell; Gregory David,23,0,30,7
1650967038394,MATH 10B,A01,083207,Staff,0,9,30,30
1650967038394,MATH 10B,A02,083208,Staff,0,5,30,30
1650967038394,MATH 10B,B01,083739,Staff,9,0,30,21
1650967038394,MATH 10B,B02,083740,Staff,28,0,30,2
1650967044425,MATH 18,A01,083743,Staff,0,0,30,30
1650967044425,MATH 18,A02,083744,Staff,24,0,30,6
1650967044425,MATH 18,A03,083745,Staff,19,0,30,11
1650967044425,MATH 18,A04,083746,Staff,26,0,30,4
1650967044425,MATH 18,B01,083748,Staff,0,15,30,30
1650967044425,MATH 18,B02,083749,Staff,0,14,30,30
1650967044425,MATH 18,B03,083750,Staff,0,13,30,30
1650967044425,MATH 18,B04,083751,Staff,0,13,30,30
1650967050449,MATH 20A,A01,083754,Staff,19,0,40,21
1650967056471,MATH 20B,A01,083756,Staff,0,14,30,30
1650967056471,MATH 20B,A02,083757,Staff,0,11,30,30
1650967062494,MATH 20C,A01,083760,Staff,0,17,30,30
1650967062494,MATH 20C,A02,083761,Staff,0,15,30,30
1650967062494,MATH 20C,B01,083762,Staff,9,0,30,21
1650967062494,MATH 20C,B02,083763,Staff,28,0,30,2
1650967068522,MATH 20D,A01,083765,Staff,2,1,30,28
1650967068522,MATH 20D,A02,083766,Staff,2,0,30,28
1650967068522,MATH 20D,A03,083767,Staff,22,0,30,8
1650967074551,MATH 20E,A01,083771,Staff,2,0,30,28
1650967074551,MATH 20E,A02,083772,Staff,13,0,30,17
1650967074551,MATH 20E,B01,083773,Staff,0,0,30,30
1650967074551,MATH 20E,B02,083774,Staff,1,0,30,29
1650967080579,MATH 103A,A01,083777,Staff,0,17,30,30
1650967080579,MATH 103A,A02,083778,Staff,0,15,30,30
1650967080579,MATH 103A,B01,083779,Staff,0,15,30,30
1650967080579,MATH 103A,B02,083780,Staff,0,14,30,30
1650967086609,MATH 105,A01,085443,Staff,0,23,30,30
1650967092635,MATH 109,A01,083213,Anzaldo; Leesa B,0,7,30,30
1650967092635,MATH 109,A02,083214,Anzaldo; Leesa B,0,7,30,30
1650967092635,MATH 109,B01,083215,Anzaldo; Leesa B,0,8,30,30
1650967092635,MATH 109,B02,083216,Anzaldo; Leesa B,0,7,30,30
1650967098658,MATH 142A,A01,083219,Chow; Bennett,0,14,30,30
1650967098658,MATH 142A,A02,083220,Chow; Bennett,0,15,30,30
1650967098658,MATH 142A,B01,083221,Chow; Bennett,0,16,30,30
1650967098658,MATH 142A,B02,083222,Chow; Bennett,0,14,30,30
1650967104682,MATH 193A,A01,083224,Staff,0,6,30,30
1650967104682,MATH 193A,A02,083225,Staff,0,7,30,30
1650967104682,MATH 193A,A03,083781,Staff,0,6,30,30
1650967104682,MATH 193A,A04,083782,Staff,0,7,30,30
1650967110708,MATH 197,001,091859,McAuley; Julian John,9998,0,9999,1
1650967116809,COGS 9,A01,083615,Staff,0,18,60,60
1650967122836,COGS 11,A01,083617,Boyle; Mary E. T.,15,0,40,25
1650967128873,COGS 13,A01,083071,Staff,0,41,40,40
1650967134898,COGS 14A,A01,092681,Staff,0,38,100,100
1650967140925,COGS 14B,A01,083073,Cheng; Tzu-Han,0,13,50,50
1650967146949,COGS 17,A01,092677,Staff,6,0,75,69
1650967152976,COGS 100,A01,083619,Staff,0,31,60,60
1650967159023,COGS 101A,A01,083621,Davis; Joshua Daniel,0,29,60,60
1650967165049,COGS 101B,A01,091572,Staff,0,5,60,60
1650967171080,COGS 101C,A01,083625,Delgado; Tania,14,0,30,16
1650967177106,COGS 107A,A01,083627,Boyle; Mary E. T.,0,16,60,60
1650967183136,COGS 118A,A01,083075,Staff,0,10,60,60
1650967189163,CSE 3,A50,083646,Miranda; Gregory Joseph,15,0,38,23
1650967189163,CSE 3,A51,083647,Miranda; Gregory Joseph,36,0,37,1
1650967195192,CSE 8A,A50,083650,Miranda; Gregory Joseph,0,31,40,40
1650967201219,CSE 11,A01,083080,Cao; Yingjun,0,98,40,40
1650967207243,CSE 12,A01,083652,Staff,0,24,100,100
1650967213267,CSE 15L,A01,083654,Staff,0,3,50,50
1650967213267,CSE 15L,A02,083655,Staff,0,3,50,50
1650967219291,CSE 20,A01,083657,Staff,47,0,80,33
1650967225320,CSE 30,A01,083084,Eldon; John,1,38,80,79
1650967231351,CSE 100,A01,083659,Cao; Yingjun,0,71,50,50
1650967237382,CSE 134B,A01,083661,Powell; Thomas Allan,1,40,65,64
1650967243406,CSE 140,A01,083663,Staff,0,13,75,75
1650967249437,CSE 140L,A01,083088,Eldon; John,4,0,100,96
1650967255462,CSE 175,A01,083665,Kumar; Rakesh,0,0,25,25
1650967261491,CSE 190,A00,092507,Dubnov; Shlomo,9,0,20,11
1650967267533,ECE 45,A01,083139,Staff,0,6,60,60
1650967273571,ECE 65,A50,083695,Staff,0,7,30,30
1650967279604,ECE 109,A01,091882,Touri; Behrouz,32,0,70,38
1650967285634,ECE 180,A00,083140,Abi Samra; Nicholas Camill,18,0,30,12
1650967285634,ECE 180,B00,083141,Abi Samra; Nicholas Camill,0,0,30,30
1650967291670,MATH 10A,A01,083735,Patchell; Gregory David,2,0,30,28
1650967291670,MATH 10A,A02,083736,Patchell; Gregory David,27,0,30,3
1650967291670,MATH 10A,A03,083737,Patchell; Gregory David,23,0,30,7
1650967297698,MATH 10B,A01,083207,Staff,0,9,30,30
1650967297698,MATH 10B,A02,083208,Staff,0,5,30,30
1650967297698,MATH 10B,B01,083739,Staff,9,0,30,21
1650967297698,MATH 10B,B02,083740,Staff,28,0,30,2
1650967303736,MATH 18,A01,083743,Staff,0,0,30,30
1650967303736,MATH 18,A02,083744,Staff,24,0,30,6
1650967303736,MATH 18,A03,083745,Staff,19,0,30,11
1650967303736,MATH 18,A04,083746,Staff,26,0,30,4
1650967303736,MATH 18,B01,083748,Staff,0,15,30,30
1650967303736,MATH 18,B02,083749,Staff,0,14,30,30
1650967303736,MATH 18,B03,083750,Staff,0,13,30,30
1650967303736,MATH 18,B04,083751,Staff,0,13,30,30
1650967309771,MATH 20A,A01,083754,Staff,19,0,40,21
1650967315807,MATH 20B,A01,083756,Staff,0,14,30,30
1650967315807,MATH 20B,A02,083757,Staff,0,11,30,30
1650967321836,MATH 20C,A01,083760,Staff,0,17,30,30
1650967321836,MATH 20C,A02,083761,Staff,0,15,30,30
1650967321836,MATH 20C,B01,083762,Staff,9,0,30,21
1650967321836,MATH 20C,B02,083763,Staff,28,0,30,2
1650967327876,MATH 20D,A01,083765,Staff,2,1,30,28
1650967327876,MATH 20D,A02,083766,Staff,2,0,30,28
1650967327876,MATH 20D,A03,083767,Staff,22,0,30,8
1650967333903,MATH 20E,A01,083771,Staff,2,0,30,28
1650967333903,MATH 20E,A02,083772,Staff,13,0,30,17
1650967333903,MATH 20E,B01,083773,Staff,0,0,30,30
1650967333903,MATH 20E,B02,083774,Staff,1,0,30,29
1650967339937,MATH 103A,A01,083777,Staff,0,17,30,30
1650967339937,MATH 103A,A02,083778,Staff,0,15,30,30
1650967339937,MATH 103A,B01,083779,Staff,0,15,30,30
1650967339937,MATH 103A,B02,083780,Staff,0,14,30,30
1650967345968,MATH 105,A01,085443,Staff,0,23,30,30
1650967352014,MATH 109,A01,083213,Anzaldo; Leesa B,0,7,30,30
1650967352014,MATH 109,A02,083214,Anzaldo; Leesa B,0,7,30,30
1650967352014,MATH 109,B01,083215,Anzaldo; Leesa B,0,8,30,30
1650967352014,MATH 109,B02,083216,Anzaldo; Leesa B,0,7,30,30
1650967358040,MATH 142A,A01,083219,Chow; Bennett,0,14,30,30
1650967358040,MATH 142A,A02,083220,Chow; Bennett,0,15,30,30
1650967358040,MATH 142A,B01,083221,Chow; Bennett,0,16,30,30
1650967358040,MATH 142A,B02,083222,Chow; Bennett,0,14,30,30
1650967364067,MATH 193A,A01,083224,Staff,0,6,30,30
1650967364067,MATH 193A,A02,083225,Staff,0,7,30,30
1650967364067,MATH 193A,A03,083781,Staff,0,6,30,30
1650967364067,MATH 193A,A04,083782,Staff,0,7,30,30
1650967370090,MATH 197,001,091859,McAuley; Julian John,9998,0,9999,1
1650967376186,COGS 9,A01,083615,Staff,0,18,60,60
1650967382211,COGS 11,A01,083617,Boyle; Mary E. T.,15,0,40,25
1650967388237,COGS 13,A01,083071,Staff,0,41,40,40
1650967394263,COGS 14A,A01,092681,Staff,0,38,100,100
1650967400293,COGS 14B,A01,083073,Cheng; Tzu-Han,0,13,50,50
1650967406322,COGS 17,A01,092677,Staff,6,0,75,69
1650967412359,COGS 100,A01,083619,Staff,0,31,60,60
1650967418386,COGS 101A,A01,083621,Davis; Joshua Daniel,0,29,60,60
1650967424414,COGS 101B,A01,091572,Staff,0,5,60,60
1650967430445,COGS 101C,A01,083625,Delgado; Tania,14,0,30,16
1650967436473,COGS 107A,A01,083627,Boyle; Mary E. T.,0,16,60,60
1650967442503,COGS 118A,A01,083075,Staff,0,10,60,60
1650967448534,CSE 3,A50,083646,Miranda; Gregory Joseph,15,0,38,23
1650967448534,CSE 3,A51,083647,Miranda; Gregory Joseph,36,0,37,1
1650967454557,CSE 8A,A50,083650,Miranda; Gregory Joseph,0,31,40,40
1650967460583,CSE 11,A01,083080,Cao; Yingjun,0,98,40,40
1650967466609,CSE 12,A01,083652,Staff,0,24,100,100
1650967472637,CSE 15L,A01,083654,Staff,0,3,50,50
1650967472637,CSE 15L,A02,083655,Staff,0,3,50,50
1650967478662,CSE 20,A01,083657,Staff,47,0,80,33
1650967484696,CSE 30,A01,083084,Eldon; John,1,38,80,79
1650967490722,CSE 100,A01,083659,Cao; Yingjun,0,71,50,50
1650967496753,CSE 134B,A01,083661,Powell; Thomas Allan,1,40,65,64
1650967502784,CSE 140,A01,083663,Staff,0,13,75,75
1650967508811,CSE 140L,A01,083088,Eldon; John,4,0,100,96
1650967514837,CSE 175,A01,083665,Kumar; Rakesh,0,0,25,25
1650967520861,CSE 190,A00,092507,Dubnov; Shlomo,9,0,20,11
1650967526887,ECE 45,A01,083139,Staff,0,6,60,60
1650967532913,ECE 65,A50,083695,Staff,0,7,30,30
1650967538948,ECE 109,A01,091882,Touri; Behrouz,32,0,70,38
1650967544973,ECE 180,A00,083140,Abi Samra; Nicholas Camill,18,0,30,12
1650967544973,ECE 180,B00,083141,Abi Samra; Nicholas Camill,0,0,30,30
1650967551013,MATH 10A,A01,083735,Patchell; Gregory David,2,0,30,28
1650967551013,MATH 10A,A02,083736,Patchell; Gregory David,27,0,30,3
1650967551013,MATH 10A,A03,083737,Patchell; Gregory David,23,0,30,7
1650967557142,MATH 10B,A01,083207,Staff,0,9,30,30
1650967557142,MATH 10B,A02,083208,Staff,0,5,30,30
1650967557142,MATH 10B,B01,083739,Staff,9,0,30,21
1650967557142,MATH 10B,B02,083740,Staff,28,0,30,2
1650967563170,MATH 18,A01,083743,Staff,0,0,30,30
1650967563170,MATH 18,A02,083744,Staff,24,0,30,6
1650967563170,MATH 18,A03,083745,Staff,19,0,30,11
1650967563170,MATH 18,A04,083746,Staff,26,0,30,4
1650967563170,MATH 18,B01,083748,Staff,0,15,30,30
1650967563170,MATH 18,B02,083749,Staff,0,14,30,30
1650967563170,MATH 18,B03,083750,Staff,0,13,30,30
1650967563170,MATH 18,B04,083751,Staff,0,13,30,30
1650967569203,MATH 20A,A01,083754,Staff,19,0,40,21
1650967575236,MATH 20B,A01,083756,Staff,0,14,30,30
1650967575236,MATH 20B,A02,083757,Staff,0,11,30,30
1650967581283,MATH 20C,A01,083760,Staff,0,17,30,30
1650967581283,MATH 20C,A02,083761,Staff,0,15,30,30
1650967581283,MATH 20C,B01,083762,Staff,9,0,30,21
1650967581283,MATH 20C,B02,083763,Staff,28,0,30,2
1650967587308,MATH 20D,A01,083765,Staff,2,1,30,28
1650967587308,MATH 20D,A02,083766,Staff,2,0,30,28
1650967587308,MATH 20D,A03,083767,Staff,22,0,30,8
1650967593798,MATH 20E,A01,083771,Staff,2,0,30,28
1650967593798,MATH 20E,A02,083772,Staff,13,0,30,17
1650967593798,MATH 20E,B01,083773,Staff,0,0,30,30
1650967593798,MATH 20E,B02,083774,Staff,1,0,30,29
1650967599850,MATH 103A,A01,083777,Staff,0,17,30,30
1650967599850,MATH 103A,A02,083778,Staff,0,15,30,30
1650967599850,MATH 103A,B01,083779,Staff,0,15,30,30
1650967599850,MATH 103A,B02,083780,Staff,0,14,30,30
1650967605883,MATH 105,A01,085443,Staff,0,23,30,30
1650967611913,MATH 109,A01,083213,Anzaldo; Leesa B,0,7,30,30
1650967611913,MATH 109,A02,083214,Anzaldo; Leesa B,0,7,30,30
1650967611913,MATH 109,B01,083215,Anzaldo; Leesa B,0,8,30,30
1650967611913,MATH 109,B02,083216,Anzaldo; Leesa B,0,7,30,30
1650967617946,MATH 142A,A01,083219,Chow; Bennett,0,14,30,30
1650967617946,MATH 142A,A02,083220,Chow; Bennett,0,15,30,30
1650967617946,MATH 142A,B01,083221,Chow; Bennett,0,16,30,30
1650967617946,MATH 142A,B02,083222,Chow; Bennett,0,14,30,30
1650967623970,MATH 193A,A01,083224,Staff,0,6,30,30
1650967623970,MATH 193A,A02,083225,Staff,0,7,30,30
1650967623970,MATH 193A,A03,083781,Staff,0,6,30,30
1650967623970,MATH 193A,A04,083782,Staff,0,7,30,30
1650967630006,MATH 197,001,091859,McAuley; Julian John,9998,0,9999,1
1650967636079,COGS 9,A01,083615,Staff,0,18,60,60
1650967642111,COGS 11,A01,083617,Boyle; Mary E. T.,15,0,40,25
1650967648136,COGS 13,A01,083071,Staff,0,41,40,40
1650967654161,COGS 14A,A01,092681,Staff,0,38,100,100
1650967660185,COGS 14B,A01,083073,Cheng; Tzu-Han,0,13,50,50
1650967666210,COGS 17,A01,092677,Staff,6,0,75,69
1650967672234,COGS 100,A01,083619,Staff,0,31,60,60
1650967678263,COGS 101A,A01,083621,Davis; Joshua Daniel,0,29,60,60
1650967684291,COGS 101B,A01,091572,Staff,0,5,60,60
1650967690316,COGS 101C,A01,083625,Delgado; Tania,14,0,30,16
1650967696349,COGS 107A,A01,083627,Boyle; Mary E. T.,0,16,60,60
1650967702379,COGS 118A,A01,083075,Staff,0,10,60,60
1650967708415,CSE 3,A50,083646,Miranda; Gregory Joseph,15,0,38,23
1650967708415,CSE 3,A51,083647,Miranda; Gregory Joseph,36,0,37,1
1650967714443,CSE 8A,A50,083650,Miranda; Gregory Joseph,0,31,40,40
1650967720468,CSE 11,A01,083080,Cao; Yingjun,0,98,40,40
1650967726500,CSE 12,A01,083652,Staff,0,24,100,100
1650967732529,CSE 15L,A01,083654,Staff,0,3,50,50
1650967732529,CSE 15L,A02,083655,Staff,0,3,50,50
1650967738557,CSE 20,A01,083657,Staff,47,0,80,33
1650967744583,CSE 30,A01,083084,Eldon; John,1,38,80,79
1650967750607,CSE 100,A01,083659,Cao; Yingjun,0,71,50,50
1650967756632,CSE 134B,A01,083661,Powell; Thomas Allan,1,40,65,64
1650967762659,CSE 140,A01,083663,Staff,0,13,75,75
1650967768688,CSE 140L,A01,083088,Eldon; John,4,0,100,96
1650967774715,CSE 175,A01,083665,Kumar; Rakesh,0,0,25,25
1650967780739,CSE 190,A00,092507,Dubnov; Shlomo,9,0,20,11
1650967786771,ECE 45,A01,083139,Staff,0,6,60,60
1650967792795,ECE 65,A50,083695,Staff,0,7,30,30
1650967798821,ECE 109,A01,091882,Touri; Behrouz,32,0,70,38
1650967804862,ECE 180,A00,083140,Abi Samra; Nicholas Camill,18,0,30,12
1650967804862,ECE 180,B00,083141,Abi Samra; Nicholas Camill,0,0,30,30
1650967810890,MATH 10A,A01,083735,Patchell; Gregory David,2,0,30,28
1650967810890,MATH 10A,A02,083736,Patchell; Gregory David,27,0,30,3
1650967810890,MATH 10A,A03,083737,Patchell; Gregory David,23,0,30,7
1650967816917,MATH 10B,A01,083207,Staff,0,9,30,30
1650967816917,MATH 10B,A02,083208,Staff,0,5,30,30
1650967816917,MATH 10B,B01,083739,Staff,9,0,30,21
1650967816917,MATH 10B,B02,083740,Staff,28,0,30,2
1650967822953,MATH 18,A01,083743,Staff,0,0,30,30
1650967822953,MATH 18,A02,083744,Staff,24,0,30,6
1650967822953,MATH 18,A03,083745,Staff,19,0,30,11
1650967822953,MATH 18,A04,083746,Staff,26,0,30,4
1650967822953,MATH 18,B01,083748,Staff,0,15,30,30
1650967822953,MATH 18,B02,083749,Staff,0,14,30,30
1650967822953,MATH 18,B03,083750,Staff,0,13,30,30
1650967822953,MATH 18,B04,083751,Staff,0,13,30,30
1650967828977,MATH 20A,A01,083754,Staff,19,0,40,21
1650967835004,MATH 20B,A01,083756,Staff,0,14,30,30
1650967835004,MATH 20B,A02,083757,Staff,0,11,30,30
1650967841030,MATH 20C,A01,083760,Staff,0,17,30,30
1650967841030,MATH 20C,A02,083761,Staff,0,15,30,30
1650967841030,MATH 20C,B01,083762,Staff,9,0,30,21
1650967841030,MATH 20C,B02,083763,Staff,28,0,30,2
1650967847056,MATH 20D,A01,083765,Staff,2,1,30,28
1650967847056,MATH 20D,A02,083766,Staff,2,0,30,28
1650967847056,MATH 20D,A03,083767,Staff,22,0,30,8
1650967853088,MATH 20E,A01,083771,Staff,2,0,30,28
1650967853088,MATH 20E,A02,083772,Staff,13,0,30,17
1650967853088,MATH 20E,B01,083773,Staff,0,0,30,30
1650967853088,MATH 20E,B02,083774,Staff,1,0,30,29
1650967859114,MATH 103A,A01,083777,Staff,0,17,30,30
1650967859114,MATH 103A,A02,083778,Staff,0,15,30,30
1650967859114,MATH 103A,B01,083779,Staff,0,15,30,30
1650967859114,MATH 103A,B02,083780,Staff,0,14,30,30
1650967865138,MATH 105,A01,085443,Staff,0,23,30,30
1650967871171,MATH 109,A01,083213,Anzaldo; Leesa B,0,7,30,30
1650967871171,MATH 109,A02,083214,Anzaldo; Leesa B,0,7,30,30
1650967871171,MATH 109,B01,083215,Anzaldo; Leesa B,0,8,30,30
1650967871171,MATH 109,B02,083216,Anzaldo; Leesa B,0,7,30,30
1650967877202,MATH 142A,A01,083219,Chow; Bennett,0,14,30,30
1650967877202,MATH 142A,A02,083220,Chow; Bennett,0,15,30,30
1650967877202,MATH 142A,B01,083221,Chow; Bennett,0,16,30,30
1650967877202,MATH 142A,B02,083222,Chow; Bennett,0,14,30,30
1650967883233,MATH 193A,A01,083224,Staff,0,6,30,30
1650967883233,MATH 193A,A02,083225,Staff,0,7,30,30
1650967883233,MATH 193A,A03,083781,Staff,0,6,30,30
1650967883233,MATH 193A,A04,083782,Staff,0,7,30,30
1650967889260,MATH 197,001,091859,McAuley; Julian John,9998,0,9999,1
1650967895330,COGS 9,A01,083615,Staff,0,18,60,60
1650967901359,COGS 11,A01,083617,Boyle; Mary E. T.,15,0,40,25
1650967907394,COGS 13,A01,083071,Staff,0,41,40,40
1650967913417,COGS 14A,A01,092681,Staff,0,38,100,100
1650967919453,COGS 14B,A01,083073,Cheng; Tzu-Han,0,13,50,50
1650967925478,COGS 17,A01,092677,Staff,6,0,75,69
1650967931501,COGS 100,A01,083619,Staff,0,31,60,60
1650967937530,COGS 101A,A01,083621,Davis; Joshua Daniel,0,29,60,60
1650967943554,COGS 101B,A01,091572,Staff,0,5,60,60
1650967949585,COGS 101C,A01,083625,Delgado; Tania,14,0,30,16
1650967955614,COGS 107A,A01,083627,Boyle; Mary E. T.,0,16,60,60
1650967961646,COGS 118A,A01,083075,Staff,0,10,60,60
1650967967675,CSE 3,A50,083646,Miranda; Gregory Joseph,15,0,38,23
1650967967675,CSE 3,A51,083647,Miranda; Gregory Joseph,36,0,37,1
1650967973704,CSE 8A,A50,083650,Miranda; Gregory Joseph,0,31,40,40
1650967979733,CSE 11,A01,083080,Cao; Yingjun,0,98,40,40
1650967985763,CSE 12,A01,083652,Staff,0,24,100,100
1650967991792,CSE 15L,A01,083654,Staff,0,3,50,50
1650967991792,CSE 15L,A02,083655,Staff,0,3,50,50
1650967997817,CSE 20,A01,083657,Staff,47,0,80,33
1650968003847,CSE 30,A01,083084,Eldon; John,1,38,80,79
1650968009874,CSE 100,A01,083659,Cao; Yingjun,0,71,50,50
1650968015910,CSE 134B,A01,083661,Powell; Thomas Allan,1,40,65,64
1650968021935,CSE 140,A01,083663,Staff,0,13,75,75
1650968028014,CSE 140L,A01,083088,Eldon; John,4,0,100,96
1650968034041,CSE 175,A01,083665,Kumar; Rakesh,0,0,25,25
1650968040069,CSE 190,A00,092507,Dubnov; Shlomo,9,0,20,11
1650968046112,ECE 45,A01,083139,Staff,0,6,60,60
1650968052140,ECE 65,A50,083695,Staff,0,7,30,30
1650968058173,ECE 109,A01,091882,Touri; Behrouz,32,0,70,38
1650968064211,ECE 180,A00,083140,Abi Samra; Nicholas Camill,18,0,30,12
1650968064211,ECE 180,B00,083141,Abi Samra; Nicholas Camill,0,0,30,30
1650968070251,MATH 10A,A01,083735,Patchell; Gregory David,2,0,30,28
1650968070251,MATH 10A,A02,083736,Patchell; Gregory David,27,0,30,3
1650968070251,MATH 10A,A03,083737,Patchell; Gregory David,23,0,30,7
1650968076277,MATH 10B,A01,083207,Staff,0,9,30,30
1650968076277,MATH 10B,A02,083208,Staff,0,5,30,30
1650968076277,MATH 10B,B01,083739,Staff,9,0,30,21
1650968076277,MATH 10B,B02,083740,Staff,28,0,30,2
1650968082320,MATH 18,A01,083743,Staff,0,0,30,30
1650968082320,MATH 18,A02,083744,Staff,24,0,30,6
1650968082320,MATH 18,A03,083745,Staff,19,0,30,11
1650968082320,MATH 18,A04,083746,Staff,26,0,30,4
1650968082320,MATH 18,B01,083748,Staff,0,15,30,30
1650968082320,MATH 18,B02,083749,Staff,0,14,30,30
1650968082320,MATH 18,B03,083750,Staff,0,13,30,30
1650968082320,MATH 18,B04,083751,Staff,0,13,30,30
1650968088349,MATH 20A,A01,083754,Staff,19,0,40,21
1650968094375,MATH 20B,A01,083756,Staff,0,14,30,30
1650968094375,MATH 20B,A02,083757,Staff,0,11,30,30
1650968100401,MATH 20C,A01,083760,Staff,0,17,30,30
1650968100401,MATH 20C,A02,083761,Staff,0,15,30,30
1650968100401,MATH 20C,B01,083762,Staff,9,0,30,21
1650968100401,MATH 20C,B02,083763,Staff,28,0,30,2
1650968106425,MATH 20D,A01,083765,Staff,2,1,30,28
1650968106425,MATH 20D,A02,083766,Staff,2,0,30,28
1650968106425,MATH 20D,A03,083767,Staff,22,0,30,8
1650968112460,MATH 20E,A01,083771,Staff,2,0,30,28
1650968112460,MATH 20E,A02,083772,Staff,13,0,30,17
1650968112460,MATH 20E,B01,083773,Staff,0,0,30,30
1650968112460,MATH 20E,B02,083774,Staff,1,0,30,29
1650968118489,MATH 103A,A01,083777,Staff,0,17,30,30
1650968118489,MATH 103A,A02,083778,Staff,0,15,30,30
1650968118489,MATH 103A,B01,083779,Staff,0,15,30,30
1650968118489,MATH 103A,B02,083780,Staff,0,14,30,30
1650968124522,MATH 105,A01,085443,Staff,0,23,30,30
1650968130550,MATH 109,A01,083213,Anzaldo; Leesa B,0,7,30,30
1650968130550,MATH 109,A02,083214,Anzaldo; Leesa B,0,7,30,30
1650968130550,MATH 109,B01,083215,Anzaldo; Leesa B,0,8,30,30
1650968130550,MATH 109,B02,083216,Anzaldo; Leesa B,0,7,30,30
1650968136577,MATH 142A,A01,083219,Chow; Bennett,0,14,30,30
1650968136577,MATH 142A,A02,083220,Chow; Bennett,0,15,30,30
1650968136577,MATH 142A,B01,083221,Chow; Bennett,0,16,30,30
1650968136577,MATH 142A,B02,083222,Chow; Bennett,0,14,30,30
1650968142603,MATH 193A,A01,083224,Staff,0,6,30,30
1650968142603,MATH 193A,A02,083225,Staff,0,7,30,30
1650968142603,MATH 193A,A03,083781,Staff,0,6,30,30
1650968142603,MATH 193A,A04,083782,Staff,0,7,30,30
1650968148627,MATH 197,001,091859,McAuley; Julian John,9998,0,9999,1
1650968154808,COGS 9,A01,083615,Staff,0,18,60,60
1650968160839,COGS 11,A01,083617,Boyle; Mary E. T.,15,0,40,25
1650968166863,COGS 13,A01,083071,Staff,0,41,40,40
1650968172892,COGS 14A,A01,092681,Staff,0,38,100,100
1650968178915,COGS 14B,A01,083073,Cheng; Tzu-Han,0,13,50,50
1650968184942,COGS 17,A01,092677,Staff,6,0,75,69
1650968190970,COGS 100,A01,083619,Staff,0,31,60,60
1650968196998,COGS 101A,A01,083621,Davis; Joshua Daniel,0,29,60,60
1650968203026,COGS 101B,A01,091572,Staff,0,5,60,60
1650968209052,COGS 101C,A01,083625,Delgado; Tania,14,0,30,16
1650968215080,COGS 107A,A01,083627,Boyle; Mary E. T.,0,16,60,60
1650968221106,COGS 118A,A01,083075,Staff,0,10,60,60
1650968227139,CSE 3,A50,083646,Miranda; Gregory Joseph,15,0,38,23
1650968227139,CSE 3,A51,083647,Miranda; Gregory Joseph,36,0,37,1
1650968233169,CSE 8A,A50,083650,Miranda; Gregory Joseph,0,31,40,40
1650968239194,CSE 11,A01,083080,Cao; Yingjun,0,98,40,40
1650968245219,CSE 12,A01,083652,Staff,0,24,100,100
1650968251245,CSE 15L,A01,083654,Staff,0,3,50,50
1650968251245,CSE 15L,A02,083655,Staff,0,3,50,50
1650968257272,CSE 20,A01,083657,Staff,47,0,80,33
1650968263310,CSE 30,A01,083084,Eldon; John,1,38,80,79
1650968269348,CSE 100,A01,083659,Cao; Yingjun,0,71,50,50
1650968275379,CSE 134B,A01,083661,Powell; Thomas Allan,1,40,65,64
1650968281404,CSE 140,A01,083663,Staff,0,13,75,75
1650968287436,CSE 140L,A01,083088,Eldon; John,4,0,100,96
1650968293460,CSE 175,A01,083665,Kumar; Rakesh,0,0,25,25
1650968299485,CSE 190,A00,092507,Dubnov; Shlomo,9,0,20,11
1650968305514,ECE 45,A01,083139,Staff,0,6,60,60
1650968311555,ECE 65,A50,083695,Staff,0,7,30,30
1650968317582,ECE 109,A01,091882,Touri; Behrouz,32,0,70,38
1650968323607,ECE 180,A00,083140,Abi Samra; Nicholas Camill,18,0,30,12
1650968323607,ECE 180,B00,083141,Abi Samra; Nicholas Camill,0,0,30,30
1650968329634,MATH 10A,A01,083735,Patchell; Gregory David,2,0,30,28
1650968329634,MATH 10A,A02,083736,Patchell; Gregory David,27,0,30,3
1650968329634,MATH 10A,A03,083737,Patchell; Gregory David,23,0,30,7
1650968335660,MATH 10B,A01,083207,Staff,0,9,30,30
1650968335660,MATH 10B,A02,083208,Staff,0,5,30,30
1650968335660,MATH 10B,B01,083739,Staff,9,0,30,21
1650968335660,MATH 10B,B02,083740,Staff,28,0,30,2
1650968341695,MATH 18,A01,083743,Staff,0,0,30,30
1650968341695,MATH 18,A02,083744,Staff,24,0,30,6
1650968341695,MATH 18,A03,083745,Staff,19,0,30,11
1650968341695,MATH 18,A04,083746,Staff,26,0,30,4
1650968341695,MATH 18,B01,083748,Staff,0,15,30,30
1650968341695,MATH 18,B02,083749,Staff,0,14,30,30
1650968341695,MATH 18,B03,083750,Staff,0,13,30,30
1650968341695,MATH 18,B04,083751,Staff,0,13,30,30
1650968347726,MATH 20A,A01,083754,Staff,19,0,40,21
1650968353756,MATH 20B,A01,083756,Staff,0,14,30,30
1650968353756,MATH 20B,A02,083757,Staff,0,11,30,30
1650968359784,MATH 20C,A01,083760,Staff,0,17,30,30
1650968359784,MATH 20C,A02,083761,Staff,0,15,30,30
1650968359784,MATH 20C,B01,083762,Staff,9,0,30,21
1650968359784,MATH 20C,B02,083763,Staff,28,0,30,2
1650968365809,MATH 20D,A01,083765,Staff,2,1,30,28
1650968365809,MATH 20D,A02,083766,Staff,2,0,30,28
1650968365809,MATH 20D,A03,083767,Staff,22,0,30,8
1650968371836,MATH 20E,A01,083771,Staff,2,0,30,28
1650968371836,MATH 20E,A02,083772,Staff,13,0,30,17
1650968371836,MATH 20E,B01,083773,Staff,0,0,30,30
1650968371836,MATH 20E,B02,083774,Staff,1,0,30,29
1650968377861,MATH 103A,A01,083777,Staff,0,17,30,30
1650968377861,MATH 103A,A02,083778,Staff,0,15,30,30
1650968377861,MATH 103A,B01,083779,Staff,0,15,30,30
1650968377861,MATH 103A,B02,083780,Staff,0,14,30,30
1650968383892,MATH 105,A01,085443,Staff,0,23,30,30
1650968389926,MATH 109,A01,083213,Anzaldo; Leesa B,0,7,30,30
1650968389926,MATH 109,A02,083214,Anzaldo; Leesa B,0,7,30,30
1650968389926,MATH 109,B01,083215,Anzaldo; Leesa B,0,8,30,30
1650968389926,MATH 109,B02,083216,Anzaldo; Leesa B,0,7,30,30
1650968395978,MATH 142A,A01,083219,Chow; Bennett,0,14,30,30
1650968395978,MATH 142A,A02,083220,Chow; Bennett,0,15,30,30
1650968395978,MATH 142A,B01,083221,Chow; Bennett,0,16,30,30
1650968395978,MATH 142A,B02,083222,Chow; Bennett,0,14,30,30
1650968402009,MATH 193A,A01,083224,Staff,0,6,30,30
1650968402009,MATH 193A,A02,083225,Staff,0,7,30,30
1650968402009,MATH 193A,A03,083781,Staff,0,6,30,30
1650968402009,MATH 193A,A04,083782,Staff,0,7,30,30
1650968408038,MATH 197,001,091859,McAuley; Julian John,9998,0,9999,1
1650968414128,COGS 9,A01,083615,Staff,0,18,60,60
1650968420160,COGS 11,A01,083617,Boyle; Mary E. T.,15,0,40,25
1650968426195,COGS 13,A01,083071,Staff,0,41,40,40
1650968432223,COGS 14A,A01,092681,Staff,0,38,100,100
1650968438250,COGS 14B,A01,083073,Cheng; Tzu-Han,0,13,50,50
1650968444273,COGS 17,A01,092677,Staff,6,0,75,69
1650968450299,COGS 100,A01,083619,Staff,0,31,60,60
1650968456333,COGS 101A,A01,083621,Davis; Joshua Daniel,0,29,60,60
1650968462361,COGS 101B,A01,091572,Staff,0,5,60,60
1650968468386,COGS 101C,A01,083625,Delgado; Tania,14,0,30,16
1650968474410,COGS 107A,A01,083627,Boyle; Mary E. T.,0,16,60,60
1650968480436,COGS 118A,A01,083075,Staff,0,10,60,60
1650968486477,CSE 3,A50,083646,Miranda; Gregory Joseph,15,0,38,23
1650968486477,CSE 3,A51,083647,Miranda; Gregory Joseph,36,0,37,1
1650968492500,CSE 8A,A50,083650,Miranda; Gregory Joseph,0,31,40,40
1650968498522,CSE 11,A01,083080,Cao; Yingjun,0,98,40,40
1650968504545,CSE 12,A01,083652,Staff,0,24,100,100
1650968510573,CSE 15L,A01,083654,Staff,0,3,50,50
1650968510573,CSE 15L,A02,083655,Staff,0,3,50,50
1650968516597,CSE 20,A01,083657,Staff,47,0,80,33
1650968522623,CSE 30,A01,083084,Eldon; John,1,38,80,79
1650968528648,CSE 100,A01,083659,Cao; Yingjun,0,71,50,50
1650968534687,CSE 134B,A01,083661,Powell; Thomas Allan,1,40,65,64
1650968540713,CSE 140,A01,083663,Staff,0,13,75,75
1650968546742,CSE 140L,A01,083088,Eldon; John,4,0,100,96
1650968552772,CSE 175,A01,083665,Kumar; Rakesh,0,0,25,25
1650968558800,CSE 190,A00,092507,Dubnov; Shlomo,9,0,20,11
1650968564827,ECE 45,A01,083139,Staff,0,6,60,60
1650968570862,ECE 65,A50,083695,Staff,0,7,30,30
1650968576890,ECE 109,A01,091882,Touri; Behrouz,32,0,70,38
1650968582920,ECE 180,A00,083140,Abi Samra; Nicholas Camill,18,0,30,12
1650968582920,ECE 180,B00,083141,Abi Samra; Nicholas Camill,0,0,30,30
1650968588951,MATH 10A,A01,083735,Patchell; Gregory David,2,0,30,28
1650968588951,MATH 10A,A02,083736,Patchell; Gregory David,27,0,30,3
1650968588951,MATH 10A,A03,083737,Patchell; Gregory David,23,0,30,7
1650968594977,MATH 10B,A01,083207,Staff,0,9,30,30
1650968594977,MATH 10B,A02,083208,Staff,0,5,30,30
1650968594977,MATH 10B,B01,083739,Staff,9,0,30,21
1650968594977,MATH 10B,B02,083740,Staff,28,0,30,2
1650968601004,MATH 18,A01,083743,Staff,0,0,30,30
1650968601004,MATH 18,A02,083744,Staff,24,0,30,6
1650968601004,MATH 18,A03,083745,Staff,19,0,30,11
1650968601004,MATH 18,A04,083746,Staff,26,0,30,4
1650968601004,MATH 18,B01,083748,Staff,0,15,30,30
1650968601004,MATH 18,B02,083749,Staff,0,14,30,30
1650968601004,MATH 18,B03,083750,Staff,0,13,30,30
1650968601004,MATH 18,B04,083751,Staff,0,13,30,30
1650968607026,MATH 20A,A01,083754,Staff,19,0,40,21
1650968613051,MATH 20B,A01,083756,Staff,0,14,30,30
1650968613051,MATH 20B,A02,083757,Staff,0,11,30,30
1650968619080,MATH 20C,A01,083760,Staff,0,17,30,30
1650968619080,MATH 20C,A02,083761,Staff,0,15,30,30
1650968619080,MATH 20C,B01,083762,Staff,9,0,30,21
1650968619080,MATH 20C,B02,083763,Staff,28,0,30,2
1650968625104,MATH 20D,A01,083765,Staff,2,1,30,28
1650968625104,MATH 20D,A02,083766,Staff,2,0,30,28
1650968625104,MATH 20D,A03,083767,Staff,22,0,30,8
1650968631133,MATH 20E,A01,083771,Staff,2,0,30,28
1650968631133,MATH 20E,A02,083772,Staff,13,0,30,17
1650968631133,MATH 20E,B01,083773,Staff,0,0,30,30
1650968631133,MATH 20E,B02,083774,Staff,1,0,30,29
1650968637157,MATH 103A,A01,083777,Staff,0,17,30,30
1650968637157,MATH 103A,A02,083778,Staff,0,15,30,30
1650968637157,MATH 103A,B01,083779,Staff,0,15,30,30
1650968637157,MATH 103A,B02,083780,Staff,0,14,30,30
1650968643180,MATH 105,A01,085443,Staff,0,23,30,30
1650968649206,MATH 109,A01,083213,Anzaldo; Leesa B,0,7,30,30
1650968649206,MATH 109,A02,083214,Anzaldo; Leesa B,0,7,30,30
1650968649206,MATH 109,B01,083215,Anzaldo; Leesa B,0,8,30,30
1650968649206,MATH 109,B02,083216,Anzaldo; Leesa B,0,7,30,30
1650968655234,MATH 142A,A01,083219,Chow; Bennett,0,14,30,30
1650968655234,MATH 142A,A02,083220,Chow; Bennett,0,15,30,30
1650968655234,MATH 142A,B01,083221,Chow; Bennett,0,16,30,30
1650968655234,MATH 142A,B02,083222,Chow; Bennett,0,14,30,30
1650968661260,MATH 193A,A01,083224,Staff,0,6,30,30
1650968661260,MATH 193A,A02,083225,Staff,0,7,30,30
1650968661260,MATH 193A,A03,083781,Staff,0,6,30,30
1650968661260,MATH 193A,A04,083782,Staff,0,7,30,30
1650968667286,MATH 197,001,091859,McAuley; Julian John,9998,0,9999,1
1650968673347,COGS 9,A01,083615,Staff,0,18,60,60
1650968679374,COGS 11,A01,083617,Boyle; Mary E. T.,15,0,40,25
1650968685398,COGS 13,A01,083071,Staff,0,41,40,40
1650968691423,COGS 14A,A01,092681,Staff,0,38,100,100
1650968697452,COGS 14B,A01,083073,Cheng; Tzu-Han,0,13,50,50
1650968703475,COGS 17,A01,092677,Staff,6,0,75,69
1650968709504,COGS 100,A01,083619,Staff,0,31,60,60
1650968715527,COGS 101A,A01,083621,Davis; Joshua Daniel,0,29,60,60
1650968721551,COGS 101B,A01,091572,Staff,0,5,60,60
1650968727580,COGS 101C,A01,083625,Delgado; Tania,14,0,30,16
1650968733607,COGS 107A,A01,083627,Boyle; Mary E. T.,0,16,60,60
1650968739635,COGS 118A,A01,083075,Staff,0,10,60,60
1650968745761,CSE 3,A50,083646,Miranda; Gregory Joseph,15,0,38,23
1650968745761,CSE 3,A51,083647,Miranda; Gregory Joseph,36,0,37,1
1650968751794,CSE 8A,A50,083650,Miranda; Gregory Joseph,0,31,40,40
1650968757817,CSE 11,A01,083080,Cao; Yingjun,0,98,40,40
1650968763843,CSE 12,A01,083652,Staff,0,24,100,100
1650968769871,CSE 15L,A01,083654,Staff,0,3,50,50
1650968769871,CSE 15L,A02,083655,Staff,0,3,50,50
1650968775893,CSE 20,A01,083657,Staff,47,0,80,33
1650968781925,CSE 30,A01,083084,Eldon; John,1,38,80,79
1650968787946,CSE 100,A01,083659,Cao; Yingjun,0,71,50,50
1650968793975,CSE 134B,A01,083661,Powell; Thomas Allan,1,40,65,64
1650968800001,CSE 140,A01,083663,Staff,0,13,75,75
1650968806024,CSE 140L,A01,083088,Eldon; John,4,0,100,96
1650968812047,CSE 175,A01,083665,Kumar; Rakesh,0,0,25,25
1650968818074,CSE 190,A00,092507,Dubnov; Shlomo,9,0,20,11
1650968824102,ECE 45,A01,083139,Staff,0,6,60,60
1650968830125,ECE 65,A50,083695,Staff,0,7,30,30
1650968836148,ECE 109,A01,091882,Touri; Behrouz,32,0,70,38
1650968842171,ECE 180,A00,083140,Abi Samra; Nicholas Camill,18,0,30,12
1650968842171,ECE 180,B00,083141,Abi Samra; Nicholas Camill,0,0,30,30
1650968848195,MATH 10A,A01,083735,Patchell; Gregory David,2,0,30,28
1650968848195,MATH 10A,A02,083736,Patchell; Gregory David,27,0,30,3
1650968848195,MATH 10A,A03,083737,Patchell; Gregory David,23,0,30,7
1650968854219,MATH 10B,A01,083207,Staff,0,9,30,30
1650968854219,MATH 10B,A02,083208,Staff,0,5,30,30
1650968854219,MATH 10B,B01,083739,Staff,9,0,30,21
1650968854219,MATH 10B,B02,083740,Staff,28,0,30,2
1650968860245,MATH 18,A01,083743,Staff,0,0,30,30
1650968860245,MATH 18,A02,083744,Staff,24,0,30,6
1650968860245,MATH 18,A03,083745,Staff,19,0,30,11
1650968860245,MATH 18,A04,083746,Staff,26,0,30,4
1650968860245,MATH 18,B01,083748,Staff,0,15,30,30
1650968860245,MATH 18,B02,083749,Staff,0,14,30,30
1650968860245,MATH 18,B03,083750,Staff,0,13,30,30
1650968860245,MATH 18,B04,083751,Staff,0,13,30,30
1650968866269,MATH 20A,A01,083754,Staff,19,0,40,21
1650968872293,MATH 20B,A01,083756,Staff,0,14,30,30
1650968872293,MATH 20B,A02,083757,Staff,0,11,30,30
1650968878316,MATH 20C,A01,083760,Staff,0,17,30,30
1650968878316,MATH 20C,A02,083761,Staff,0,15,30,30
1650968878316,MATH 20C,B01,083762,Staff,9,0,30,21
1650968878316,MATH 20C,B02,083763,Staff,28,0,30,2
1650968884349,MATH 20D,A01,083765,Staff,2,1,30,28
1650968884349,MATH 20D,A02,083766,Staff,2,0,30,28
1650968884349,MATH 20D,A03,083767,Staff,22,0,30,8
1650968890374,MATH 20E,A01,083771,Staff,2,0,30,28
1650968890374,MATH 20E,A02,083772,Staff,13,0,30,17
1650968890374,MATH 20E,B01,083773,Staff,0,0,30,30
1650968890374,MATH 20E,B02,083774,Staff,1,0,30,29
1650968896398,MATH 103A,A01,083777,Staff,0,17,30,30
1650968896398,MATH 103A,A02,083778,Staff,0,15,30,30
1650968896398,MATH 103A,B01,083779,Staff,0,15,30,30
1650968896398,MATH 103A,B02,083780,Staff,0,14,30,30
1650968902427,MATH 105,A01,085443,Staff,0,23,30,30
1650968908450,MATH 109,A01,083213,Anzaldo; Leesa B,0,7,30,30
1650968908450,MATH 109,A02,083214,Anzaldo; Leesa B,0,7,30,30
1650968908450,MATH 109,B01,083215,Anzaldo; Leesa B,0,8,30,30
1650968908450,MATH 109,B02,083216,Anzaldo; Leesa B,0,7,30,30
1650968914480,MATH 142A,A01,083219,Chow; Bennett,0,14,30,30
1650968914480,MATH 142A,A02,083220,Chow; Bennett,0,15,30,30
1650968914480,MATH 142A,B01,083221,Chow; Bennett,0,16,30,30
1650968914480,MATH 142A,B02,083222,Chow; Bennett,0,14,30,30
1650968920505,MATH 193A,A01,083224,Staff,0,6,30,30
1650968920505,MATH 193A,A02,083225,Staff,0,7,30,30
1650968920505,MATH 193A,A03,083781,Staff,0,6,30,30
1650968920505,MATH 193A,A04,083782,Staff,0,7,30,30
1650968926535,MATH 197,001,091859,McAuley; Julian John,9998,0,9999,1
1650968932592,COGS 9,A01,083615,Staff,0,18,60,60
1650968938623,COGS 11,A01,083617,Boyle; Mary E. T.,15,0,40,25
1650968944646,COGS 13,A01,083071,Staff,0,41,40,40
1650968950677,COGS 14A,A01,092681,Staff,0,38,100,100
1650968956700,COGS 14B,A01,083073,Cheng; Tzu-Han,0,13,50,50
1650968962725,COGS 17,A01,092677,Staff,6,0,75,69
1650968968753,COGS 100,A01,083619,Staff,0,31,60,60
1650968974775,COGS 101A,A01,083621,Davis; Joshua Daniel,0,29,60,60
1650968980799,COGS 101B,A01,091572,Staff,0,5,60,60
1650968986826,COGS 101C,A01,083625,Delgado; Tania,14,0,30,16
1650968992850,COGS 107A,A01,083627,Boyle; Mary E. T.,0,16,60,60
1650968998873,COGS 118A,A01,083075,Staff,0,10,60,60
1650969004903,CSE 3,A50,083646,Miranda; Gregory Joseph,15,0,38,23
1650969004903,CSE 3,A51,083647,Miranda; Gregory Joseph,36,0,37,1
1650969010931,CSE 8A,A50,083650,Miranda; Gregory Joseph,0,31,40,40
1650969016957,CSE 11,A01,083080,Cao; Yingjun,0,98,40,40
1650969022981,CSE 12,A01,083652,Staff,0,24,100,100
1650969029003,CSE 15L,A01,083654,Staff,0,3,50,50
1650969029003,CSE 15L,A02,083655,Staff,0,3,50,50
1650969035029,CSE 20,A01,083657,Staff,47,0,80,33
1650969041053,CSE 30,A01,083084,Eldon; John,1,38,80,79
1650969047080,CSE 100,A01,083659,Cao; Yingjun,0,71,50,50
1650969053109,CSE 134B,A01,083661,Powell; Thomas Allan,1,40,65,64
1650969059132,CSE 140,A01,083663,Staff,0,13,75,75
1650969065155,CSE 140L,A01,083088,Eldon; John,4,0,100,96
1650969071181,CSE 175,A01,083665,Kumar; Rakesh,0,0,25,25
1650969077205,CSE 190,A00,092507,Dubnov; Shlomo,9,0,20,11
1650969083240,ECE 45,A01,083139,Staff,0,6,60,60
1650969089265,ECE 65,A50,083695,Staff,0,7,30,30
1650969095293,ECE 109,A01,091882,Touri; Behrouz,32,0,70,38
1650969101317,ECE 180,A00,083140,Abi Samra; Nicholas Camill,18,0,30,12
1650969101317,ECE 180,B00,083141,Abi Samra; Nicholas Camill,0,0,30,30
1650969107351,MATH 10A,A01,083735,Patchell; Gregory David,2,0,30,28
1650969107351,MATH 10A,A02,083736,Patchell; Gregory David,27,0,30,3
1650969107351,MATH 10A,A03,083737,Patchell; Gregory David,23,0,30,7
1650969113379,MATH 10B,A01,083207,Staff,0,9,30,30
1650969113379,MATH 10B,A02,083208,Staff,0,5,30,30
1650969113379,MATH 10B,B01,083739,Staff,9,0,30,21
1650969113379,MATH 10B,B02,083740,Staff,28,0,30,2
1650969119404,MATH 18,A01,083743,Staff,0,0,30,30
1650969119404,MATH 18,A02,083744,Staff,24,0,30,6
1650969119404,MATH 18,A03,083745,Staff,19,0,30,11
1650969119404,MATH 18,A04,083746,Staff,26,0,30,4
1650969119404,MATH 18,B01,083748,Staff,0,15,30,30
1650969119404,MATH 18,B02,083749,Staff,0,14,30,30
1650969119404,MATH 18,B03,083750,Staff,0,13,30,30
1650969119404,MATH 18,B04,083751,Staff,0,13,30,30
1650969125426,MATH 20A,A01,083754,Staff,19,0,40,21
1650969131456,MATH 20B,A01,083756,Staff,0,14,30,30
1650969131456,MATH 20B,A02,083757,Staff,0,11,30,30
1650969137480,MATH 20C,A01,083760,Staff,0,17,30,30
1650969137480,MATH 20C,A02,083761,Staff,0,15,30,30
1650969137480,MATH 20C,B01,083762,Staff,9,0,30,21
1650969137480,MATH 20C,B02,083763,Staff,28,0,30,2
1650969143502,MATH 20D,A01,083765,Staff,2,1,30,28
1650969143502,MATH 20D,A02,083766,Staff,2,0,30,28
1650969143502,MATH 20D,A03,083767,Staff,22,0,30,8
1650969149531,MATH 20E,A01,083771,Staff,2,0,30,28
1650969149531,MATH 20E,A02,083772,Staff,13,0,30,17
1650969149531,MATH 20E,B01,083773,Staff,0,0,30,30
1650969149531,MATH 20E,B02,083774,Staff,1,0,30,29
1650969155562,MATH 103A,A01,083777,Staff,0,17,30,30
1650969155562,MATH 103A,A02,083778,Staff,0,15,30,30
1650969155562,MATH 103A,B01,083779,Staff,0,15,30,30
1650969155562,MATH 103A,B02,083780,Staff,0,14,30,30
1650969161586,MATH 105,A01,085443,Staff,0,23,30,30
1650969167611,MATH 109,A01,083213,Anzaldo; Leesa B,0,7,30,30
1650969167611,MATH 109,A02,083214,Anzaldo; Leesa B,0,7,30,30
1650969167611,MATH 109,B01,083215,Anzaldo; Leesa B,0,8,30,30
1650969167611,MATH 109,B02,083216,Anzaldo; Leesa B,0,7,30,30
1650969173635,MATH 142A,A01,083219,Chow; Bennett,0,14,30,30
1650969173635,MATH 142A,A02,083220,Chow; Bennett,0,15,30,30
1650969173635,MATH 142A,B01,083221,Chow; Bennett,0,16,30,30
1650969173635,MATH 142A,B02,083222,Chow; Bennett,0,14,30,30
1650969179662,MATH 193A,A01,083224,Staff,0,6,30,30
1650969179662,MATH 193A,A02,083225,Staff,0,7,30,30
1650969179662,MATH 193A,A03,083781,Staff,0,6,30,30
1650969179662,MATH 193A,A04,083782,Staff,0,7,30,30
1650969185686,MATH 197,001,091859,McAuley; Julian John,9998,0,9999,1
1650969191751,COGS 9,A01,083615,Staff,0,18,60,60
1650969197782,COGS 11,A01,083617,Boyle; Mary E. T.,15,0,40,25
1650969203806,COGS 13,A01,083071,Staff,0,41,40,40
1650969209828,COGS 14A,A01,092681,Staff,0,38,100,100
1650969215851,COGS 14B,A01,083073,Cheng; Tzu-Han,0,13,50,50
1650969221877,COGS 17,A01,092677,Staff,6,0,75,69
1650969227904,COGS 100,A01,083619,Staff,0,31,60,60
1650969233933,COGS 101A,A01,083621,Davis; Joshua Daniel,0,29,60,60
1650969239956,COGS 101B,A01,091572,Staff,0,5,60,60
1650969245988,COGS 101C,A01,083625,Delgado; Tania,14,0,30,16
1650969252010,COGS 107A,A01,083627,Boyle; Mary E. T.,0,16,60,60
1650969258036,COGS 118A,A01,083075,Staff,0,10,60,60
1650969264066,CSE 3,A50,083646,Miranda; Gregory Joseph,15,0,38,23
1650969264066,CSE 3,A51,083647,Miranda; Gregory Joseph,36,0,37,1
1650969270094,CSE 8A,A50,083650,Miranda; Gregory Joseph,0,31,40,40
1650969276124,CSE 11,A01,083080,Cao; Yingjun,0,98,40,40
1650969282150,CSE 12,A01,083652,Staff,0,24,100,100
1650969288172,CSE 15L,A01,083654,Staff,0,3,50,50
1650969288172,CSE 15L,A02,083655,Staff,0,3,50,50
1650969294200,CSE 20,A01,083657,Staff,47,0,80,33
1650969300224,CSE 30,A01,083084,Eldon; John,1,38,80,79
1650969306251,CSE 100,A01,083659,Cao; Yingjun,0,71,50,50
1650969312276,CSE 134B,A01,083661,Powell; Thomas Allan,1,40,65,64
1650969318298,CSE 140,A01,083663,Staff,0,13,75,75
1650969324325,CSE 140L,A01,083088,Eldon; John,4,0,100,96
1650969330355,CSE 175,A01,083665,Kumar; Rakesh,0,0,25,25
1650969336379,CSE 190,A00,092507,Dubnov; Shlomo,9,0,20,11
1650969342483,ECE 45,A01,083139,Staff,0,6,60,60
1650969348505,ECE 65,A50,083695,Staff,0,7,30,30
1650969354528,ECE 109,A01,091882,Touri; Behrouz,32,0,70,38
1650969360591,ECE 180,A00,083140,Abi Samra; Nicholas Camill,18,0,30,12
1650969360591,ECE 180,B00,083141,Abi Samra; Nicholas Camill,0,0,30,30
1650969366638,MATH 10A,A01,083735,Patchell; Gregory David,2,0,30,28
1650969366638,MATH 10A,A02,083736,Patchell; Gregory David,27,0,30,3
1650969366638,MATH 10A,A03,083737,Patchell; Gregory David,23,0,30,7
1650969372720,MATH 10B,A01,083207,Staff,0,9,30,30
1650969372720,MATH 10B,A02,083208,Staff,0,5,30,30
1650969372720,MATH 10B,B01,083739,Staff,9,0,30,21
1650969372720,MATH 10B,B02,083740,Staff,28,0,30,2
1650969378753,MATH 18,A01,083743,Staff,0,0,30,30
1650969378753,MATH 18,A02,083744,Staff,24,0,30,6
1650969378753,MATH 18,A03,083745,Staff,19,0,30,11
1650969378753,MATH 18,A04,083746,Staff,26,0,30,4
1650969378753,MATH 18,B01,083748,Staff,0,15,30,30
1650969378753,MATH 18,B02,083749,Staff,0,14,30,30
1650969378753,MATH 18,B03,083750,Staff,0,13,30,30
1650969378753,MATH 18,B04,083751,Staff,0,13,30,30
1650969384780,MATH 20A,A01,083754,Staff,19,0,40,21
1650969390806,MATH 20B,A01,083756,Staff,0,14,30,30
1650969390806,MATH 20B,A02,083757,Staff,0,11,30,30
1650969396830,MATH 20C,A01,083760,Staff,0,17,30,30
1650969396830,MATH 20C,A02,083761,Staff,0,15,30,30
1650969396830,MATH 20C,B01,083762,Staff,9,0,30,21
1650969396830,MATH 20C,B02,083763,Staff,28,0,30,2
1650969402858,MATH 20D,A01,083765,Staff,2,1,30,28
1650969402858,MATH 20D,A02,083766,Staff,2,0,30,28
1650969402858,MATH 20D,A03,083767,Staff,22,0,30,8
1650969408883,MATH 20E,A01,083771,Staff,2,0,30,28
1650969408883,MATH 20E,A02,083772,Staff,13,0,30,17
1650969408883,MATH 20E,B01,083773,Staff,0,0,30,30
1650969408883,MATH 20E,B02,083774,Staff,1,0,30,29
1650969414914,MATH 103A,A01,083777,Staff,0,17,30,30
1650969414914,MATH 103A,A02,083778,Staff,0,15,30,30
1650969414914,MATH 103A,B01,083779,Staff,0,15,30,30
1650969414914,MATH 103A,B02,083780,Staff,0,14,30,30
1650969420940,MATH 105,A01,085443,Staff,0,23,30,30
1650969426964,MATH 109,A01,083213,Anzaldo; Leesa B,0,7,30,30
1650969426964,MATH 109,A02,083214,Anzaldo; Leesa B,0,7,30,30
1650969426964,MATH 109,B01,083215,Anzaldo; Leesa B,0,8,30,30
1650969426964,MATH 109,B02,083216,Anzaldo; Leesa B,0,7,30,30
1650969432988,MATH 142A,A01,083219,Chow; Bennett,0,14,30,30
1650969432988,MATH 142A,A02,083220,Chow; Bennett,0,15,30,30
1650969432988,MATH 142A,B01,083221,Chow; Bennett,0,16,30,30
1650969432988,MATH 142A,B02,083222,Chow; Bennett,0,14,30,30
1650969439012,MATH 193A,A01,083224,Staff,0,6,30,30
1650969439012,MATH 193A,A02,083225,Staff,0,7,30,30
1650969439012,MATH 193A,A03,083781,Staff,0,6,30,30
1650969439012,MATH 193A,A04,083782,Staff,0,7,30,30
1650969445036,MATH 197,001,091859,McAuley; Julian John,9998,0,9999,1
1650969451118,COGS 9,A01,083615,Staff,0,18,60,60
1650969457141,COGS 11,A01,083617,Boyle; Mary E. T.,15,0,40,25
1650969463168,COGS 13,A01,083071,Staff,0,41,40,40
1650969469193,COGS 14A,A01,092681,Staff,0,38,100,100
1650969475229,COGS 14B,A01,083073,Cheng; Tzu-Han,0,13,50,50
1650969481255,COGS 17,A01,092677,Staff,6,0,75,69
1650969487280,COGS 100,A01,083619,Staff,0,31,60,60
1650969493311,COGS 101A,A01,083621,Davis; Joshua Daniel,0,29,60,60
1650969499339,COGS 101B,A01,091572,Staff,0,5,60,60
1650969505368,COGS 101C,A01,083625,Delgado; Tania,14,0,30,16
1650969511391,COGS 107A,A01,083627,Boyle; Mary E. T.,0,16,60,60
1650969517421,COGS 118A,A01,083075,Staff,0,10,60,60
1650969523454,CSE 3,A50,083646,Miranda; Gregory Joseph,15,0,38,23
1650969523454,CSE 3,A51,083647,Miranda; Gregory Joseph,36,0,37,1
1650969529479,CSE 8A,A50,083650,Miranda; Gregory Joseph,0,31,40,40
1650969535506,CSE 11,A01,083080,Cao; Yingjun,0,98,40,40
1650969541529,CSE 12,A01,083652,Staff,0,24,100,100
1650969547558,CSE 15L,A01,083654,Staff,0,3,50,50
1650969547558,CSE 15L,A02,083655,Staff,0,3,50,50
1650969553581,CSE 20,A01,083657,Staff,47,0,80,33
1650969559605,CSE 30,A01,083084,Eldon; John,1,38,80,79
1650969565631,CSE 100,A01,083659,Cao; Yingjun,0,71,50,50
1650969571654,CSE 134B,A01,083661,Powell; Thomas Allan,1,40,65,64
1650969577681,CSE 140,A01,083663,Staff,0,13,75,75
1650969583705,CSE 140L,A01,083088,Eldon; John,4,0,100,96
1650969589734,CSE 175,A01,083665,Kumar; Rakesh,0,0,25,25
1650969595765,CSE 190,A00,092507,Dubnov; Shlomo,9,0,20,11
1650969601790,ECE 45,A01,083139,Staff,0,6,60,60
1650969607816,ECE 65,A50,083695,Staff,0,7,30,30
1650969613839,ECE 109,A01,091882,Touri; Behrouz,32,0,70,38
1650969619869,ECE 180,A00,083140,Abi Samra; Nicholas Camill,18,0,30,12
1650969619869,ECE 180,B00,083141,Abi Samra; Nicholas Camill,0,0,30,30
1650969625903,MATH 10A,A01,083735,Patchell; Gregory David,2,0,30,28
1650969625903,MATH 10A,A02,083736,Patchell; Gregory David,27,0,30,3
1650969625903,MATH 10A,A03,083737,Patchell; Gregory David,23,0,30,7
1650969631932,MATH 10B,A01,083207,Staff,0,9,30,30
1650969631932,MATH 10B,A02,083208,Staff,0,5,30,30
1650969631932,MATH 10B,B01,083739,Staff,9,0,30,21
1650969631932,MATH 10B,B02,083740,Staff,28,0,30,2
1650969637959,MATH 18,A01,083743,Staff,0,0,30,30
1650969637959,MATH 18,A02,083744,Staff,24,0,30,6
1650969637959,MATH 18,A03,083745,Staff,19,0,30,11
1650969637959,MATH 18,A04,083746,Staff,26,0,30,4
1650969637959,MATH 18,B01,083748,Staff,0,15,30,30
1650969637959,MATH 18,B02,083749,Staff,0,14,30,30
1650969637959,MATH 18,B03,083750,Staff,0,13,30,30
1650969637959,MATH 18,B04,083751,Staff,0,13,30,30
1650969643982,MATH 20A,A01,083754,Staff,19,0,40,21
1650969650011,MATH 20B,A01,083756,Staff,0,14,30,30
1650969650011,MATH 20B,A02,083757,Staff,0,11,30,30
1650969656045,MATH 20C,A01,083760,Staff,0,17,30,30
1650969656045,MATH 20C,A02,083761,Staff,0,15,30,30
1650969656045,MATH 20C,B01,083762,Staff,9,0,30,21
1650969656045,MATH 20C,B02,083763,Staff,28,0,30,2
1650969662074,MATH 20D,A01,083765,Staff,2,1,30,28
1650969662074,MATH 20D,A02,083766,Staff,2,0,30,28
1650969662074,MATH 20D,A03,083767,Staff,22,0,30,8
1650969668108,MATH 20E,A01,083771,Staff,2,0,30,28
1650969668108,MATH 20E,A02,083772,Staff,13,0,30,17
1650969668108,MATH 20E,B01,083773,Staff,0,0,30,30
1650969668108,MATH 20E,B02,083774,Staff,1,0,30,29
1650969674132,MATH 103A,A01,083777,Staff,0,17,30,30
1650969674132,MATH 103A,A02,083778,Staff,0,15,30,30
1650969674132,MATH 103A,B01,083779,Staff,0,15,30,30
1650969674132,MATH 103A,B02,083780,Staff,0,14,30,30
1650969680176,MATH 105,A01,085443,Staff,0,23,30,30
1650969686206,MATH 109,A01,083213,Anzaldo; Leesa B,0,7,30,30
1650969686206,MATH 109,A02,083214,Anzaldo; Leesa B,0,7,30,30
1650969686206,MATH 109,B01,083215,Anzaldo; Leesa B,0,8,30,30
1650969686206,MATH 109,B02,083216,Anzaldo; Leesa B,0,7,30,30
1650969692238,MATH 142A,A01,083219,Chow; Bennett,0,14,30,30
1650969692238,MATH 142A,A02,083220,Chow; Bennett,0,15,30,30
1650969692238,MATH 142A,B01,083221,Chow; Bennett,0,16,30,30
1650969692238,MATH 142A,B02,083222,Chow; Bennett,0,14,30,30
1650969698268,MATH 193A,A01,083224,Staff,0,6,30,30
1650969698268,MATH 193A,A02,083225,Staff,0,7,30,30
1650969698268,MATH 193A,A03,083781,Staff,0,6,30,30
1650969698268,MATH 193A,A04,083782,Staff,0,7,30,30
1650969704295,MATH 197,001,091859,McAuley; Julian John,9998,0,9999,1
1650969710362,COGS 9,A01,083615,Staff,0,18,60,60
1650969716388,COGS 11,A01,083617,Boyle; Mary E. T.,15,0,40,25
1650969722414,COGS 13,A01,083071,Staff,0,41,40,40
1650969728456,COGS 14A,A01,092681,Staff,0,38,100,100
1650969734480,COGS 14B,A01,083073,Cheng; Tzu-Han,0,13,50,50
1650969740503,COGS 17,A01,092677,Staff,6,0,75,69
1650969746527,COGS 100,A01,083619,Staff,0,31,60,60
1650969752552,COGS 101A,A01,083621,Davis; Joshua Daniel,0,29,60,60
1650969758581,COGS 101B,A01,091572,Staff,0,5,60,60
1650969764611,COGS 101C,A01,083625,Delgado; Tania,14,0,30,16
1650969770636,COGS 107A,A01,083627,Boyle; Mary E. T.,0,16,60,60
1650969776659,COGS 118A,A01,083075,Staff,0,10,60,60
1650969782683,CSE 3,A50,083646,Miranda; Gregory Joseph,15,0,38,23
1650969782683,CSE 3,A51,083647,Miranda; Gregory Joseph,36,0,37,1
1650969788715,CSE 8A,A50,083650,Miranda; Gregory Joseph,0,31,40,40
1650969794737,CSE 11,A01,083080,Cao; Yingjun,0,98,40,40
1650969800774,CSE 12,A01,083652,Staff,0,24,100,100
1650969806798,CSE 15L,A01,083654,Staff,0,3,50,50
1650969806798,CSE 15L,A02,083655,Staff,0,3,50,50
1650969812830,CSE 20,A01,083657,Staff,47,0,80,33
1650969818862,CSE 30,A01,083084,Eldon; John,1,38,80,79
1650969824894,CSE 100,A01,083659,Cao; Yingjun,0,71,50,50
1650969830923,CSE 134B,A01,083661,Powell; Thomas Allan,1,40,65,64
1650969836950,CSE 140,A01,083663,Staff,0,13,75,75
1650969842973,CSE 140L,A01,083088,Eldon; John,4,0,100,96
1650969849006,CSE 175,A01,083665,Kumar; Rakesh,0,0,25,25
1650969855041,CSE 190,A00,092507,Dubnov; Shlomo,9,0,20,11
1650969861066,ECE 45,A01,083139,Staff,0,6,60,60
1650969867091,ECE 65,A50,083695,Staff,0,7,30,30
1650969873117,ECE 109,A01,091882,Touri; Behrouz,32,0,70,38
1650969879140,ECE 180,A00,083140,Abi Samra; Nicholas Camill,18,0,30,12
1650969879140,ECE 180,B00,083141,Abi Samra; Nicholas Camill,0,0,30,30
1650969885173,MATH 10A,A01,083735,Patchell; Gregory David,2,0,30,28
1650969885173,MATH 10A,A02,083736,Patchell; Gregory David,27,0,30,3
1650969885173,MATH 10A,A03,083737,Patchell; Gregory David,23,0,30,7
1650969891198,MATH 10B,A01,083207,Staff,0,9,30,30
1650969891198,MATH 10B,A02,083208,Staff,0,5,30,30
1650969891198,MATH 10B,B01,083739,Staff,9,0,30,21
1650969891198,MATH 10B,B02,083740,Staff,28,0,30,2
1650969897226,MATH 18,A01,083743,Staff,0,0,30,30
1650969897226,MATH 18,A02,083744,Staff,24,0,30,6
1650969897226,MATH 18,A03,083745,Staff,19,0,30,11
1650969897226,MATH 18,A04,083746,Staff,26,0,30,4
1650969897226,MATH 18,B01,083748,Staff,0,15,30,30
1650969897226,MATH 18,B02,083749,Staff,0,14,30,30
1650969897226,MATH 18,B03,083750,Staff,0,13,30,30
1650969897226,MATH 18,B04,083751,Staff,0,13,30,30
1650969903253,MATH 20A,A01,083754,Staff,19,0,40,21
1650969909276,MATH 20B,A01,083756,Staff,0,14,30,30
1650969909276,MATH 20B,A02,083757,Staff,0,11,30,30
1650969915301,MATH 20C,A01,083760,Staff,0,17,30,30
1650969915301,MATH 20C,A02,083761,Staff,0,15,30,30
1650969915301,MATH 20C,B01,083762,Staff,9,0,30,21
1650969915301,MATH 20C,B02,083763,Staff,28,0,30,2
1650969921324,MATH 20D,A01,083765,Staff,2,1,30,28
1650969921324,MATH 20D,A02,083766,Staff,2,0,30,28
1650969921324,MATH 20D,A03,083767,Staff,22,0,30,8
1650969927354,MATH 20E,A01,083771,Staff,2,0,30,28
1650969927354,MATH 20E,A02,083772,Staff,13,0,30,17
1650969927354,MATH 20E,B01,083773,Staff,0,0,30,30
1650969927354,MATH 20E,B02,083774,Staff,1,0,30,29
1650969933459,MATH 103A,A01,083777,Staff,0,17,30,30
1650969933459,MATH 103A,A02,083778,Staff,0,15,30,30
1650969933459,MATH 103A,B01,083779,Staff,0,15,30,30
1650969933459,MATH 103A,B02,083780,Staff,0,14,30,30
1650969939574,MATH 105,A01,085443,Staff,0,23,30,30
1650969945606,MATH 109,A01,083213,Anzaldo; Leesa B,0,7,30,30
1650969945606,MATH 109,A02,083214,Anzaldo; Leesa B,0,7,30,30
1650969945606,MATH 109,B01,083215,Anzaldo; Leesa B,0,8,30,30
1650969945606,MATH 109,B02,083216,Anzaldo; Leesa B,0,7,30,30
1650969951642,MATH 142A,A01,083219,Chow; Bennett,0,14,30,30
1650969951642,MATH 142A,A02,083220,Chow; Bennett,0,15,30,30
1650969951642,MATH 142A,B01,083221,Chow; Bennett,0,16,30,30
1650969951642,MATH 142A,B02,083222,Chow; Bennett,0,14,30,30
1650969957671,MATH 193A,A01,083224,Staff,0,6,30,30
1650969957671,MATH 193A,A02,083225,Staff,0,7,30,30
1650969957671,MATH 193A,A03,083781,Staff,0,6,30,30
1650969957671,MATH 193A,A04,083782,Staff,0,7,30,30
1650969963700,MATH 197,001,091859,McAuley; Julian John,9998,0,9999,1
1650969969767,COGS 9,A01,083615,Staff,0,18,60,60
1650969975791,COGS 11,A01,083617,Boyle; Mary E. T.,15,0,40,25
1650969981816,COGS 13,A01,083071,Staff,0,41,40,40
1650969987843,COGS 14A,A01,092681,Staff,0,38,100,100
1650969993871,COGS 14B,A01,083073,Cheng; Tzu-Han,0,13,50,50
1650969999898,COGS 17,A01,092677,Staff,6,0,75,69
1650970005923,COGS 100,A01,083619,Staff,0,31,60,60
1650970011946,COGS 101A,A01,083621,Davis; Joshua Daniel,0,29,60,60
1650970017983,COGS 101B,A01,091572,Staff,0,5,60,60
1650970024015,COGS 101C,A01,083625,Delgado; Tania,14,0,30,16
1650970030044,COGS 107A,A01,083627,Boyle; Mary E. T.,0,16,60,60
1650970036069,COGS 118A,A01,083075,Staff,0,10,60,60
1650970042094,CSE 3,A50,083646,Miranda; Gregory Joseph,15,0,38,23
1650970042094,CSE 3,A51,083647,Miranda; Gregory Joseph,36,0,37,1
1650970048120,CSE 8A,A50,083650,Miranda; Gregory Joseph,0,31,40,40
1650970054144,CSE 11,A01,083080,Cao; Yingjun,0,98,40,40
1650970060169,CSE 12,A01,083652,Staff,0,24,100,100
1650970066198,CSE 15L,A01,083654,Staff,0,3,50,50
1650970066198,CSE 15L,A02,083655,Staff,0,3,50,50
1650970072222,CSE 20,A01,083657,Staff,47,0,80,33
1650970078245,CSE 30,A01,083084,Eldon; John,1,38,80,79
1650970084274,CSE 100,A01,083659,Cao; Yingjun,0,71,50,50
1650970090297,CSE 134B,A01,083661,Powell; Thomas Allan,1,40,65,64
1650970096324,CSE 140,A01,083663,Staff,0,13,75,75
1650970102347,CSE 140L,A01,083088,Eldon; John,4,0,100,96
1650970108374,CSE 175,A01,083665,Kumar; Rakesh,0,0,25,25
1650970114398,CSE 190,A00,092507,Dubnov; Shlomo,9,0,20,11
1650970120424,ECE 45,A01,083139,Staff,0,6,60,60
1650970126448,ECE 65,A50,083695,Staff,0,7,30,30
1650970132478,ECE 109,A01,091882,Touri; Behrouz,32,0,70,38
1650970138502,ECE 180,A00,083140,Abi Samra; Nicholas Camill,18,0,30,12
1650970138502,ECE 180,B00,083141,Abi Samra; Nicholas Camill,0,0,30,30
1650970144529,MATH 10A,A01,083735,Patchell; Gregory David,2,0,30,28
1650970144529,MATH 10A,A02,083736,Patchell; Gregory David,27,0,30,3
1650970144529,MATH 10A,A03,083737,Patchell; Gregory David,23,0,30,7
1650970150559,MATH 10B,A01,083207,Staff,0,9,30,30
1650970150559,MATH 10B,A02,083208,Staff,0,5,30,30
1650970150559,MATH 10B,B01,083739,Staff,9,0,30,21
1650970150559,MATH 10B,B02,083740,Staff,28,0,30,2
1650970156586,MATH 18,A01,083743,Staff,0,0,30,30
1650970156586,MATH 18,A02,083744,Staff,24,0,30,6
1650970156586,MATH 18,A03,083745,Staff,19,0,30,11
1650970156586,MATH 18,A04,083746,Staff,26,0,30,4
1650970156586,MATH 18,B01,083748,Staff,0,15,30,30
1650970156586,MATH 18,B02,083749,Staff,0,14,30,30
1650970156586,MATH 18,B03,083750,Staff,0,13,30,30
1650970156586,MATH 18,B04,083751,Staff,0,13,30,30
1650970162609,MATH 20A,A01,083754,Staff,19,0,40,21
1650970168633,MATH 20B,A01,083756,Staff,0,14,30,30
1650970168633,MATH 20B,A02,083757,Staff,0,11,30,30
1650970174656,MATH 20C,A01,083760,Staff,0,17,30,30
1650970174656,MATH 20C,A02,083761,Staff,0,15,30,30
1650970174656,MATH 20C,B01,083762,Staff,9,0,30,21
1650970174656,MATH 20C,B02,083763,Staff,28,0,30,2
1650970180680,MATH 20D,A01,083765,Staff,2,1,30,28
1650970180680,MATH 20D,A02,083766,Staff,2,0,30,28
1650970180680,MATH 20D,A03,083767,Staff,22,0,30,8
1650970186703,MATH 20E,A01,083771,Staff,2,0,30,28
1650970186703,MATH 20E,A02,083772,Staff,13,0,30,17
1650970186703,MATH 20E,B01,083773,Staff,0,0,30,30
1650970186703,MATH 20E,B02,083774,Staff,1,0,30,29
1650970192733,MATH 103A,A01,083777,Staff,0,17,30,30
1650970192733,MATH 103A,A02,083778,Staff,0,15,30,30
1650970192733,MATH 103A,B01,083779,Staff,0,15,30,30
1650970192733,MATH 103A,B02,083780,Staff,0,14,30,30
1650970198761,MATH 105,A01,085443,Staff,0,23,30,30
1650970204787,MATH 109,A01,083213,Anzaldo; Leesa B,0,7,30,30
1650970204787,MATH 109,A02,083214,Anzaldo; Leesa B,0,7,30,30
1650970204787,MATH 109,B01,083215,Anzaldo; Leesa B,0,8,30,30
1650970204787,MATH 109,B02,083216,Anzaldo; Leesa B,0,7,30,30
1650970210819,MATH 142A,A01,083219,Chow; Bennett,0,14,30,30
1650970210819,MATH 142A,A02,083220,Chow; Bennett,0,15,30,30
1650970210819,MATH 142A,B01,083221,Chow; Bennett,0,16,30,30
1650970210819,MATH 142A,B02,083222,Chow; Bennett,0,14,30,30
1650970216842,MATH 193A,A01,083224,Staff,0,6,30,30
1650970216842,MATH 193A,A02,083225,Staff,0,7,30,30
1650970216842,MATH 193A,A03,083781,Staff,0,6,30,30
1650970216842,MATH 193A,A04,083782,Staff,0,7,30,30
1650970222869,MATH 197,001,091859,McAuley; Julian John,9998,0,9999,1
1650970228934,COGS 9,A01,083615,Staff,0,18,60,60
1650970234965,COGS 11,A01,083617,Boyle; Mary E. T.,15,0,40,25
1650970240991,COGS 13,A01,083071,Staff,0,41,40,40
1650970247020,COGS 14A,A01,092681,Staff,0,38,100,100
1650970253046,COGS 14B,A01,083073,Cheng; Tzu-Han,0,13,50,50
1650970259069,COGS 17,A01,092677,Staff,6,0,75,69
1650970265095,COGS 100,A01,083619,Staff,0,31,60,60
1650970271119,COGS 101A,A01,083621,Davis; Joshua Daniel,0,29,60,60
1650970277149,COGS 101B,A01,091572,Staff,0,5,60,60
1650970283174,COGS 101C,A01,083625,Delgado; Tania,14,0,30,16
1650970289198,COGS 107A,A01,083627,Boyle; Mary E. T.,0,16,60,60
1650970295223,COGS 118A,A01,083075,Staff,0,10,60,60
1650970301254,CSE 3,A50,083646,Miranda; Gregory Joseph,15,0,38,23
1650970301254,CSE 3,A51,083647,Miranda; Gregory Joseph,36,0,37,1
1650970307284,CSE 8A,A50,083650,Miranda; Gregory Joseph,0,31,40,40
1650970313313,CSE 11,A01,083080,Cao; Yingjun,0,98,40,40
1650970319343,CSE 12,A01,083652,Staff,0,24,100,100
1650970325366,CSE 15L,A01,083654,Staff,0,3,50,50
1650970325366,CSE 15L,A02,083655,Staff,0,3,50,50
1650970331390,CSE 20,A01,083657,Staff,47,0,80,33
1650970337423,CSE 30,A01,083084,Eldon; John,1,38,80,79
1650970343453,CSE 100,A01,083659,Cao; Yingjun,0,71,50,50
1650970349475,CSE 134B,A01,083661,Powell; Thomas Allan,1,40,65,64
1650970355504,CSE 140,A01,083663,Staff,0,13,75,75
1650970361526,CSE 140L,A01,083088,Eldon; John,4,0,100,96
1650970367562,CSE 175,A01,083665,Kumar; Rakesh,0,0,25,25
1650970373588,CSE 190,A00,092507,Dubnov; Shlomo,9,0,20,11
1650970379616,ECE 45,A01,083139,Staff,0,6,60,60
1650970385651,ECE 65,A50,083695,Staff,0,7,30,30
1650970391674,ECE 109,A01,091882,Touri; Behrouz,32,0,70,38
1650970397700,ECE 180,A00,083140,Abi Samra; Nicholas Camill,18,0,30,12
1650970397700,ECE 180,B00,083141,Abi Samra; Nicholas Camill,0,0,30,30
1650970403728,MATH 10A,A01,083735,Patchell; Gregory David,2,0,30,28
1650970403728,MATH 10A,A02,083736,Patchell; Gregory David,27,0,30,3
1650970403728,MATH 10A,A03,083737,Patchell; Gregory David,23,0,30,7
1650970409751,MATH 10B,A01,083207,Staff,0,9,30,30
1650970409751,MATH 10B,A02,083208,Staff,0,5,30,30
1650970409751,MATH 10B,B01,083739,Staff,9,0,30,21
1650970409751,MATH 10B,B02,083740,Staff,28,0,30,2
1650970415786,MATH 18,A01,083743,Staff,0,0,30,30
1650970415786,MATH 18,A02,083744,Staff,24,0,30,6
1650970415786,MATH 18,A03,083745,Staff,19,0,30,11
1650970415786,MATH 18,A04,083746,Staff,26,0,30,4
1650970415786,MATH 18,B01,083748,Staff,0,15,30,30
1650970415786,MATH 18,B02,083749,Staff,0,14,30,30
1650970415786,MATH 18,B03,083750,Staff,0,13,30,30
1650970415786,MATH 18,B04,083751,Staff,0,13,30,30
1650970421809,MATH 20A,A01,083754,Staff,19,0,40,21
1650970427834,MATH 20B,A01,083756,Staff,0,14,30,30
1650970427834,MATH 20B,A02,083757,Staff,0,11,30,30
1650970433863,MATH 20C,A01,083760,Staff,0,17,30,30
1650970433863,MATH 20C,A02,083761,Staff,0,15,30,30
1650970433863,MATH 20C,B01,083762,Staff,9,0,30,21
1650970433863,MATH 20C,B02,083763,Staff,28,0,30,2
1650970439892,MATH 20D,A01,083765,Staff,2,1,30,28
1650970439892,MATH 20D,A02,083766,Staff,2,0,30,28
1650970439892,MATH 20D,A03,083767,Staff,22,0,30,8
1650970445918,MATH 20E,A01,083771,Staff,2,0,30,28
1650970445918,MATH 20E,A02,083772,Staff,13,0,30,17
1650970445918,MATH 20E,B01,083773,Staff,0,0,30,30
1650970445918,MATH 20E,B02,083774,Staff,1,0,30,29
1650970451952,MATH 103A,A01,083777,Staff,0,17,30,30
1650970451952,MATH 103A,A02,083778,Staff,0,15,30,30
1650970451952,MATH 103A,B01,083779,Staff,0,15,30,30
1650970451952,MATH 103A,B02,083780,Staff,0,14,30,30
1650970457980,MATH 105,A01,085443,Staff,0,23,30,30
1650970464009,MATH 109,A01,083213,Anzaldo; Leesa B,0,7,30,30
1650970464009,MATH 109,A02,083214,Anzaldo; Leesa B,0,7,30,30
1650970464009,MATH 109,B01,083215,Anzaldo; Leesa B,0,8,30,30
1650970464009,MATH 109,B02,083216,Anzaldo; Leesa B,0,7,30,30
1650970470040,MATH 142A,A01,083219,Chow; Bennett,0,14,30,30
1650970470040,MATH 142A,A02,083220,Chow; Bennett,0,15,30,30
1650970470040,MATH 142A,B01,083221,Chow; Bennett,0,16,30,30
1650970470040,MATH 142A,B02,083222,Chow; Bennett,0,14,30,30
1650970476068,MATH 193A,A01,083224,Staff,0,6,30,30
1650970476068,MATH 193A,A02,083225,Staff,0,7,30,30
1650970476068,MATH 193A,A03,083781,Staff,0,6,30,30
1650970476068,MATH 193A,A04,083782,Staff,0,7,30,30
1650970482091,MATH 197,001,091859,McAuley; Julian John,9998,0,9999,1
1650970488146,COGS 9,A01,083615,Staff,0,18,60,60
1650970494181,COGS 11,A01,083617,Boyle; Mary E. T.,15,0,40,25
1650970500206,COGS 13,A01,083071,Staff,0,41,40,40
1650970506231,COGS 14A,A01,092681,Staff,0,38,100,100
1650970512256,COGS 14B,A01,083073,Cheng; Tzu-Han,0,13,50,50
1650970518280,COGS 17,A01,092677,Staff,6,0,75,69
1650970524308,COGS 100,A01,083619,Staff,0,31,60,60
1650970530425,COGS 101A,A01,083621,Davis; Joshua Daniel,0,29,60,60
1650970536448,COGS 101B,A01,091572,Staff,0,5,60,60
1650970542475,COGS 101C,A01,083625,Delgado; Tania,14,0,30,16
1650970548498,COGS 107A,A01,083627,Boyle; Mary E. T.,0,16,60,60
1650970554522,COGS 118A,A01,083075,Staff,0,10,60,60
1650970560554,CSE 3,A50,083646,Miranda; Gregory Joseph,15,0,38,23
1650970560554,CSE 3,A51,083647,Miranda; Gregory Joseph,36,0,37,1
1650970566578,CSE 8A,A50,083650,Miranda; Gregory Joseph,0,31,40,40
1650970572608,CSE 11,A01,083080,Cao; Yingjun,0,98,40,40
1650970578636,CSE 12,A01,083652,Staff,0,24,100,100
1650970584667,CSE 15L,A01,083654,Staff,0,3,50,50
1650970584667,CSE 15L,A02,083655,Staff,0,3,50,50
1650970590691,CSE 20,A01,083657,Staff,47,0,80,33
1650970596723,CSE 30,A01,083084,Eldon; John,1,38,80,79
1650970602748,CSE 100,A01,083659,Cao; Yingjun,0,71,50,50
1650970608776,CSE 134B,A01,083661,Powell; Thomas Allan,1,40,65,64
1650970614802,CSE 140,A01,083663,Staff,0,13,75,75
1650970620831,CSE 140L,A01,083088,Eldon; John,4,0,100,96
1650970626876,CSE 175,A01,083665,Kumar; Rakesh,0,0,25,25
1650970632902,CSE 190,A00,092507,Dubnov; Shlomo,9,0,20,11
1650970638928,ECE 45,A01,083139,Staff,0,6,60,60
1650970644953,ECE 65,A50,083695,Staff,0,7,30,30
1650970650977,ECE 109,A01,091882,Touri; Behrouz,32,0,70,38
1650970657006,ECE 180,A00,083140,Abi Samra; Nicholas Camill,18,0,30,12
1650970657006,ECE 180,B00,083141,Abi Samra; Nicholas Camill,0,0,30,30
1650970663028,MATH 10A,A01,083735,Patchell; Gregory David,2,0,30,28
1650970663028,MATH 10A,A02,083736,Patchell; Gregory David,27,0,30,3
1650970663028,MATH 10A,A03,083737,Patchell; Gregory David,23,0,30,7
1650970669067,MATH 10B,A01,083207,Staff,0,9,30,30
1650970669067,MATH 10B,A02,083208,Staff,0,5,30,30
1650970669067,MATH 10B,B01,083739,Staff,9,0,30,21
1650970669067,MATH 10B,B02,083740,Staff,28,0,30,2
1650970675092,MATH 18,A01,083743,Staff,0,0,30,30
1650970675092,MATH 18,A02,083744,Staff,24,0,30,6
1650970675092,MATH 18,A03,083745,Staff,19,0,30,11
1650970675092,MATH 18,A04,083746,Staff,26,0,30,4
1650970675092,MATH 18,B01,083748,Staff,0,15,30,30
1650970675092,MATH 18,B02,083749,Staff,0,14,30,30
1650970675092,MATH 18,B03,083750,Staff,0,13,30,30
1650970675092,MATH 18,B04,083751,Staff,0,13,30,30
1650970681119,MATH 20A,A01,083754,Staff,19,0,40,21
1650970687146,MATH 20B,A01,083756,Staff,0,14,30,30
1650970687146,MATH 20B,A02,083757,Staff,0,11,30,30
1650970693182,MATH 20C,A01,083760,Staff,0,17,30,30
1650970693182,MATH 20C,A02,083761,Staff,0,15,30,30
1650970693182,MATH 20C,B01,083762,Staff,9,0,30,21
1650970693182,MATH 20C,B02,083763,Staff,28,0,30,2
1650970699209,MATH 20D,A01,083765,Staff,2,1,30,28
1650970699209,MATH 20D,A02,083766,Staff,2,0,30,28
1650970699209,MATH 20D,A03,083767,Staff,22,0,30,8
1650970705234,MATH 20E,A01,083771,Staff,2,0,30,28
1650970705234,MATH 20E,A02,083772,Staff,13,0,30,17
1650970705234,MATH 20E,B01,083773,Staff,0,0,30,30
1650970705234,MATH 20E,B02,083774,Staff,1,0,30,29
1650970711260,MATH 103A,A01,083777,Staff,0,17,30,30
1650970711260,MATH 103A,A02,083778,Staff,0,15,30,30
1650970711260,MATH 103A,B01,083779,Staff,0,15,30,30
1650970711260,MATH 103A,B02,083780,Staff,0,14,30,30
1650970722966,MATH 105,A01,085443,Staff,0,23,30,30
1650970728999,MATH 109,A01,083213,Anzaldo; Leesa B,0,7,30,30
1650970728999,MATH 109,A02,083214,Anzaldo; Leesa B,0,7,30,30
1650970728999,MATH 109,B01,083215,Anzaldo; Leesa B,0,8,30,30
1650970728999,MATH 109,B02,083216,Anzaldo; Leesa B,0,7,30,30
1650970735025,MATH 142A,A01,083219,Chow; Bennett,0,14,30,30
1650970735025,MATH 142A,A02,083220,Chow; Bennett,0,15,30,30
1650970735025,MATH 142A,B01,083221,Chow; Bennett,0,16,30,30
1650970735025,MATH 142A,B02,083222,Chow; Bennett,0,14,30,30
1650970741054,MATH 193A,A01,083224,Staff,0,6,30,30
1650970741054,MATH 193A,A02,083225,Staff,0,7,30,30
1650970741054,MATH 193A,A03,083781,Staff,0,6,30,30
1650970741054,MATH 193A,A04,083782,Staff,0,7,30,30
1650970747082,MATH 197,001,091859,McAuley; Julian John,9998,0,9999,1
1650970753144,COGS 9,A01,083615,Staff,0,18,60,60
1650970759171,COGS 11,A01,083617,Boyle; Mary E. T.,15,0,40,25
1650970765200,COGS 13,A01,083071,Staff,0,41,40,40
1650970771224,COGS 14A,A01,092681,Staff,0,38,100,100
1650970777249,COGS 14B,A01,083073,Cheng; Tzu-Han,0,13,50,50
1650970783276,COGS 17,A01,092677,Staff,6,0,75,69
1650970789300,COGS 100,A01,083619,Staff,0,31,60,60
1650970795330,COGS 101A,A01,083621,Davis; Joshua Daniel,0,29,60,60
1650970801355,COGS 101B,A01,091572,Staff,0,5,60,60
1650970807389,COGS 101C,A01,083625,Delgado; Tania,14,0,30,16
1650970813414,COGS 107A,A01,083627,Boyle; Mary E. T.,0,16,60,60
1650970819440,COGS 118A,A01,083075,Staff,0,10,60,60
1650970825470,CSE 3,A50,083646,Miranda; Gregory Joseph,15,0,38,23
1650970825470,CSE 3,A51,083647,Miranda; Gregory Joseph,36,0,37,1
1650970831494,CSE 8A,A50,083650,Miranda; Gregory Joseph,0,31,40,40
1650970837518,CSE 11,A01,083080,Cao; Yingjun,0,98,40,40
1650970843546,CSE 12,A01,083652,Staff,0,24,100,100
1650970849574,CSE 15L,A01,083654,Staff,0,3,50,50
1650970849574,CSE 15L,A02,083655,Staff,0,3,50,50
1650970855599,CSE 20,A01,083657,Staff,47,0,80,33
1650970861624,CSE 30,A01,083084,Eldon; John,1,38,80,79
1650970867657,CSE 100,A01,083659,Cao; Yingjun,0,71,50,50
1650970873679,CSE 134B,A01,083661,Powell; Thomas Allan,1,40,65,64
1650970879703,CSE 140,A01,083663,Staff,0,13,75,75
1650970885731,CSE 140L,A01,083088,Eldon; John,4,0,100,96
1650970891768,CSE 175,A01,083665,Kumar; Rakesh,0,0,25,25
1650970897800,CSE 190,A00,092507,Dubnov; Shlomo,9,0,20,11
1650970903828,ECE 45,A01,083139,Staff,0,6,60,60
1650970909853,ECE 65,A50,083695,Staff,0,7,30,30
1650970915878,ECE 109,A01,091882,Touri; Behrouz,32,0,70,38
1650970921903,ECE 180,A00,083140,Abi Samra; Nicholas Camill,18,0,30,12
1650970921903,ECE 180,B00,083141,Abi Samra; Nicholas Camill,0,0,30,30
1650970927940,MATH 10A,A01,083735,Patchell; Gregory David,2,0,30,28
1650970927940,MATH 10A,A02,083736,Patchell; Gregory David,27,0,30,3
1650970927940,MATH 10A,A03,083737,Patchell; Gregory David,23,0,30,7
1650970933973,MATH 10B,A01,083207,Staff,0,9,30,30
1650970933973,MATH 10B,A02,083208,Staff,0,5,30,30
1650970933973,MATH 10B,B01,083739,Staff,9,0,30,21
1650970933973,MATH 10B,B02,083740,Staff,28,0,30,2
1650970940001,MATH 18,A01,083743,Staff,0,0,30,30
1650970940001,MATH 18,A02,083744,Staff,24,0,30,6
1650970940001,MATH 18,A03,083745,Staff,19,0,30,11
1650970940001,MATH 18,A04,083746,Staff,26,0,30,4
1650970940001,MATH 18,B01,083748,Staff,0,15,30,30
1650970940001,MATH 18,B02,083749,Staff,0,14,30,30
1650970940001,MATH 18,B03,083750,Staff,0,13,30,30
1650970940001,MATH 18,B04,083751,Staff,0,13,30,30
1650970946026,MATH 20A,A01,083754,Staff,19,0,40,21
1650970952057,MATH 20B,A01,083756,Staff,0,14,30,30
1650970952057,MATH 20B,A02,083757,Staff,0,11,30,30
1650970958084,MATH 20C,A01,083760,Staff,0,17,30,30
1650970958084,MATH 20C,A02,083761,Staff,0,15,30,30
1650970958084,MATH 20C,B01,083762,Staff,9,0,30,21
1650970958084,MATH 20C,B02,083763,Staff,28,0,30,2
1650970964107,MATH 20D,A01,083765,Staff,2,1,30,28
1650970964107,MATH 20D,A02,083766,Staff,2,0,30,28
1650970964107,MATH 20D,A03,083767,Staff,22,0,30,8
1650970970133,MATH 20E,A01,083771,Staff,2,0,30,28
1650970970133,MATH 20E,A02,083772,Staff,13,0,30,17
1650970970133,MATH 20E,B01,083773,Staff,0,0,30,30
1650970970133,MATH 20E,B02,083774,Staff,1,0,30,29
1650970976164,MATH 103A,A01,083777,Staff,0,17,30,30
1650970976164,MATH 103A,A02,083778,Staff,0,15,30,30
1650970976164,MATH 103A,B01,083779,Staff,0,15,30,30
1650970976164,MATH 103A,B02,083780,Staff,0,14,30,30
1650970982189,MATH 105,A01,085443,Staff,0,23,30,30
1650970988220,MATH 109,A01,083213,Anzaldo; Leesa B,0,7,30,30
1650970988220,MATH 109,A02,083214,Anzaldo; Leesa B,0,7,30,30
1650970988220,MATH 109,B01,083215,Anzaldo; Leesa B,0,8,30,30
1650970988220,MATH 109,B02,083216,Anzaldo; Leesa B,0,7,30,30
1650970994243,MATH 142A,A01,083219,Chow; Bennett,0,14,30,30
1650970994243,MATH 142A,A02,083220,Chow; Bennett,0,15,30,30
1650970994243,MATH 142A,B01,083221,Chow; Bennett,0,16,30,30
1650970994243,MATH 142A,B02,083222,Chow; Bennett,0,14,30,30
1650971000267,MATH 193A,A01,083224,Staff,0,6,30,30
1650971000267,MATH 193A,A02,083225,Staff,0,7,30,30
1650971000267,MATH 193A,A03,083781,Staff,0,6,30,30
1650971000267,MATH 193A,A04,083782,Staff,0,7,30,30
1650971006289,MATH 197,001,091859,McAuley; Julian John,9998,0,9999,1
1650971012372,COGS 9,A01,083615,Staff,0,18,60,60
1650971018497,COGS 11,A01,083617,Boyle; Mary E. T.,15,0,40,25
1650971024524,COGS 13,A01,083071,Staff,0,41,40,40
1650971030551,COGS 14A,A01,092681,Staff,0,38,100,100
1650971036588,COGS 14B,A01,083073,Cheng; Tzu-Han,0,13,50,50
1650971042615,COGS 17,A01,092677,Staff,6,0,75,69
1650971048644,COGS 100,A01,083619,Staff,0,31,60,60
1650971054669,COGS 101A,A01,083621,Davis; Joshua Daniel,0,29,60,60
1650971060698,COGS 101B,A01,091572,Staff,0,5,60,60
1650971066728,COGS 101C,A01,083625,Delgado; Tania,14,0,30,16
1650971072753,COGS 107A,A01,083627,Boyle; Mary E. T.,0,16,60,60
1650971078778,COGS 118A,A01,083075,Staff,0,10,60,60
1650971084802,CSE 3,A50,083646,Miranda; Gregory Joseph,15,0,38,23
1650971084802,CSE 3,A51,083647,Miranda; Gregory Joseph,36,0,37,1
1650971090830,CSE 8A,A50,083650,Miranda; Gregory Joseph,0,31,40,40
1650971096855,CSE 11,A01,083080,Cao; Yingjun,0,98,40,40
1650971102878,CSE 12,A01,083652,Staff,0,24,100,100
1650971108908,CSE 15L,A01,083654,Staff,0,3,50,50
1650971108908,CSE 15L,A02,083655,Staff,0,3,50,50
1650971114932,CSE 20,A01,083657,Staff,47,0,80,33
1650971120956,CSE 30,A01,083084,Eldon; John,1,38,80,79
1650971126981,CSE 100,A01,083659,Cao; Yingjun,0,71,50,50
1650971133004,CSE 134B,A01,083661,Powell; Thomas Allan,1,40,65,64
1650971139029,CSE 140,A01,083663,Staff,0,13,75,75
1650971145053,CSE 140L,A01,083088,Eldon; John,4,0,100,96
1650971162127,CSE 175,A01,083665,Kumar; Rakesh,0,0,25,25
1650971168164,CSE 190,A00,092507,Dubnov; Shlomo,9,0,20,11
1650971184683,ECE 45,A01,083139,Staff,0,6,60,60
1650971190709,ECE 65,A50,083695,Staff,0,7,30,30
1650971207376,ECE 109,A01,091882,Touri; Behrouz,32,0,70,38
1650971213406,ECE 180,A00,083140,Abi Samra; Nicholas Camill,18,0,30,12
1650971213406,ECE 180,B00,083141,Abi Samra; Nicholas Camill,0,0,30,30
1650971230143,MATH 10A,A01,083735,Patchell; Gregory David,2,0,30,28
1650971230143,MATH 10A,A02,083736,Patchell; Gregory David,27,0,30,3
1650971230143,MATH 10A,A03,083737,Patchell; Gregory David,23,0,30,7
1650971236167,MATH 10B,A01,083207,Staff,0,9,30,30
1650971236167,MATH 10B,A02,083208,Staff,0,5,30,30
1650971236167,MATH 10B,B01,083739,Staff,9,0,30,21
1650971236167,MATH 10B,B02,083740,Staff,28,0,30,2
1650971252165,MATH 18,A01,083743,Staff,0,0,30,30
1650971252165,MATH 18,A02,083744,Staff,24,0,30,6
1650971252165,MATH 18,A03,083745,Staff,19,0,30,11
1650971252165,MATH 18,A04,083746,Staff,26,0,30,4
1650971252165,MATH 18,B01,083748,Staff,0,15,30,30
1650971252165,MATH 18,B02,083749,Staff,0,14,30,30
1650971252165,MATH 18,B03,083750,Staff,0,13,30,30
1650971252165,MATH 18,B04,083751,Staff,0,13,30,30
1650971258195,MATH 20A,A01,083754,Staff,19,0,40,21
1650971274244,MATH 20B,A01,083756,Staff,0,14,30,30
1650971274244,MATH 20B,A02,083757,Staff,0,11,30,30
1650971280272,MATH 20C,A01,083760,Staff,0,17,30,30
1650971280272,MATH 20C,A02,083761,Staff,0,15,30,30
1650971280272,MATH 20C,B01,083762,Staff,9,0,30,21
1650971280272,MATH 20C,B02,083763,Staff,28,0,30,2
1650971296855,MATH 20D,A01,083765,Staff,2,1,30,28
1650971296855,MATH 20D,A02,083766,Staff,2,0,30,28
1650971296855,MATH 20D,A03,083767,Staff,22,0,30,8
1650971302879,MATH 20E,A01,083771,Staff,2,0,30,28
1650971302879,MATH 20E,A02,083772,Staff,13,0,30,17
1650971302879,MATH 20E,B01,083773,Staff,0,0,30,30
1650971302879,MATH 20E,B02,083774,Staff,1,0,30,29
1650971318689,MATH 103A,A01,083777,Staff,0,17,30,30
1650971318689,MATH 103A,A02,083778,Staff,0,15,30,30
1650971318689,MATH 103A,B01,083779,Staff,0,15,30,30
1650971318689,MATH 103A,B02,083780,Staff,0,14,30,30
1650971324720,MATH 105,A01,085443,Staff,0,23,30,30
1650971340595,MATH 109,A01,083213,Anzaldo; Leesa B,0,7,30,30
1650971340595,MATH 109,A02,083214,Anzaldo; Leesa B,0,7,30,30
1650971340595,MATH 109,B01,083215,Anzaldo; Leesa B,0,8,30,30
1650971340595,MATH 109,B02,083216,Anzaldo; Leesa B,0,7,30,30
1650971346628,MATH 142A,A01,083219,Chow; Bennett,0,14,30,30
1650971346628,MATH 142A,A02,083220,Chow; Bennett,0,15,30,30
1650971346628,MATH 142A,B01,083221,Chow; Bennett,0,16,30,30
1650971346628,MATH 142A,B02,083222,Chow; Bennett,0,14,30,30
1650971361938,MATH 193A,A01,083224,Staff,0,6,30,30
1650971361938,MATH 193A,A02,083225,Staff,0,7,30,30
1650971361938,MATH 193A,A03,083781,Staff,0,6,30,30
1650971361938,MATH 193A,A04,083782,Staff,0,7,30,30
1650971367963,MATH 197,001,091859,McAuley; Julian John,9998,0,9999,1
1650971375480,COGS 9,A01,083615,Staff,0,18,60,60
1650971381510,COGS 11,A01,083617,Boyle; Mary E. T.,15,0,40,25
1650971387539,COGS 13,A01,083071,Staff,0,41,40,40
1650971393567,COGS 14A,A01,092681,Staff,0,38,100,100
1650971399601,COGS 14B,A01,083073,Cheng; Tzu-Han,0,13,50,50
1650971405626,COGS 17,A01,092677,Staff,6,0,75,69
1650971411656,COGS 100,A01,083619,Staff,0,31,60,60
1650971417682,COGS 101A,A01,083621,Davis; Joshua Daniel,0,29,60,60
1650971423706,COGS 101B,A01,091572,Staff,0,5,60,60
1650971429731,COGS 101C,A01,083625,Delgado; Tania,14,0,30,16
1650971435756,COGS 107A,A01,083627,Boyle; Mary E. T.,0,16,60,60
1650971441788,COGS 118A,A01,083075,Staff,0,10,60,60
1650971447814,CSE 3,A50,083646,Miranda; Gregory Joseph,15,0,38,23
1650971447814,CSE 3,A51,083647,Miranda; Gregory Joseph,36,0,37,1
1650971453841,CSE 8A,A50,083650,Miranda; Gregory Joseph,0,31,40,40
1650971459872,CSE 11,A01,083080,Cao; Yingjun,0,98,40,40
1650971465902,CSE 12,A01,083652,Staff,0,24,100,100
1650971471927,CSE 15L,A01,083654,Staff,0,3,50,50
1650971471927,CSE 15L,A02,083655,Staff,0,3,50,50
1650971477953,CSE 20,A01,083657,Staff,47,0,80,33
1650971483979,CSE 30,A01,083084,Eldon; John,1,38,80,79
1650971490009,CSE 100,A01,083659,Cao; Yingjun,0,71,50,50
1650971496040,CSE 134B,A01,083661,Powell; Thomas Allan,1,40,65,64
1650971502068,CSE 140,A01,083663,Staff,0,13,75,75
1650971508093,CSE 140L,A01,083088,Eldon; John,4,0,100,96
1650971514123,CSE 175,A01,083665,Kumar; Rakesh,0,0,25,25
1650971520150,CSE 190,A00,092507,Dubnov; Shlomo,9,0,20,11
1650971526180,ECE 45,A01,083139,Staff,0,6,60,60
1650971532207,ECE 65,A50,083695,Staff,0,7,30,30
1650971538233,ECE 109,A01,091882,Touri; Behrouz,32,0,70,38
1650971544263,ECE 180,A00,083140,Abi Samra; Nicholas Camill,18,0,30,12
1650971544263,ECE 180,B00,083141,Abi Samra; Nicholas Camill,0,0,30,30
1650971550290,MATH 10A,A01,083735,Patchell; Gregory David,2,0,30,28
1650971550290,MATH 10A,A02,083736,Patchell; Gregory David,27,0,30,3
1650971550290,MATH 10A,A03,083737,Patchell; Gregory David,23,0,30,7
1650971556314,MATH 10B,A01,083207,Staff,0,9,30,30
1650971556314,MATH 10B,A02,083208,Staff,0,5,30,30
1650971556314,MATH 10B,B01,083739,Staff,9,0,30,21
1650971556314,MATH 10B,B02,083740,Staff,28,0,30,2
1650971562347,MATH 18,A01,083743,Staff,0,0,30,30
1650971562347,MATH 18,A02,083744,Staff,24,0,30,6
1650971562347,MATH 18,A03,083745,Staff,19,0,30,11
1650971562347,MATH 18,A04,083746,Staff,26,0,30,4
1650971562347,MATH 18,B01,083748,Staff,0,15,30,30
1650971562347,MATH 18,B02,083749,Staff,0,14,30,30
1650971562347,MATH 18,B03,083750,Staff,0,13,30,30
1650971562347,MATH 18,B04,083751,Staff,0,13,30,30
1650971568375,MATH 20A,A01,083754,Staff,19,0,40,21
1650971574406,MATH 20B,A01,083756,Staff,0,14,30,30
1650971574406,MATH 20B,A02,083757,Staff,0,11,30,30
1650971580430,MATH 20C,A01,083760,Staff,0,17,30,30
1650971580430,MATH 20C,A02,083761,Staff,0,15,30,30
1650971580430,MATH 20C,B01,083762,Staff,9,0,30,21
1650971580430,MATH 20C,B02,083763,Staff,28,0,30,2
1650971586458,MATH 20D,A01,083765,Staff,2,1,30,28
1650971586458,MATH 20D,A02,083766,Staff,2,0,30,28
1650971586458,MATH 20D,A03,083767,Staff,22,0,30,8
1650971592486,MATH 20E,A01,083771,Staff,2,0,30,28
1650971592486,MATH 20E,A02,083772,Staff,13,0,30,17
1650971592486,MATH 20E,B01,083773,Staff,0,0,30,30
1650971592486,MATH 20E,B02,083774,Staff,1,0,30,29
1650971598510,MATH 103A,A01,083777,Staff,0,17,30,30
1650971598510,MATH 103A,A02,083778,Staff,0,15,30,30
1650971598510,MATH 103A,B01,083779,Staff,0,15,30,30
1650971598510,MATH 103A,B02,083780,Staff,0,14,30,30
1650971604536,MATH 105,A01,085443,Staff,0,23,30,30
1650971610568,MATH 109,A01,083213,Anzaldo; Leesa B,0,7,30,30
1650971610568,MATH 109,A02,083214,Anzaldo; Leesa B,0,7,30,30
1650971610568,MATH 109,B01,083215,Anzaldo; Leesa B,0,8,30,30
1650971610568,MATH 109,B02,083216,Anzaldo; Leesa B,0,7,30,30
1650971616599,MATH 142A,A01,083219,Chow; Bennett,0,14,30,30
1650971616599,MATH 142A,A02,083220,Chow; Bennett,0,15,30,30
1650971616599,MATH 142A,B01,083221,Chow; Bennett,0,16,30,30
1650971616599,MATH 142A,B02,083222,Chow; Bennett,0,14,30,30
1650971622625,MATH 193A,A01,083224,Staff,0,6,30,30
1650971622625,MATH 193A,A02,083225,Staff,0,7,30,30
1650971622625,MATH 193A,A03,083781,Staff,0,6,30,30
1650971622625,MATH 193A,A04,083782,Staff,0,7,30,30
1650971628650,MATH 197,001,091859,McAuley; Julian John,9998,0,9999,1
1650971634717,COGS 9,A01,083615,Staff,0,18,60,60
1650971640749,COGS 11,A01,083617,Boyle; Mary E. T.,15,0,40,25
1650971646773,COGS 13,A01,083071,Staff,0,41,40,40
1650971652798,COGS 14A,A01,092681,Staff,0,38,100,100
1650971658827,COGS 14B,A01,083073,Cheng; Tzu-Han,0,13,50,50
1650971664851,COGS 17,A01,092677,Staff,6,0,75,69
1650971670880,COGS 100,A01,083619,Staff,0,31,60,60
1650971676911,COGS 101A,A01,083621,Davis; Joshua Daniel,0,29,60,60
1650971682937,COGS 101B,A01,091572,Staff,0,5,60,60
1650971688962,COGS 101C,A01,083625,Delgado; Tania,14,0,30,16
1650971694988,COGS 107A,A01,083627,Boyle; Mary E. T.,0,16,60,60
1650971701014,COGS 118A,A01,083075,Staff,0,10,60,60
1650971707040,CSE 3,A50,083646,Miranda; Gregory Joseph,15,0,38,23
1650971707040,CSE 3,A51,083647,Miranda; Gregory Joseph,36,0,37,1
1650971713063,CSE 8A,A50,083650,Miranda; Gregory Joseph,0,31,40,40
1650971719171,CSE 11,A01,083080,Cao; Yingjun,0,98,40,40
1650971734426,CSE 12,A01,083652,Staff,0,24,100,100
1650971740451,CSE 15L,A01,083654,Staff,0,3,50,50
1650971740451,CSE 15L,A02,083655,Staff,0,3,50,50
1650971746486,CSE 20,A01,083657,Staff,47,0,80,33
1650971752511,CSE 30,A01,083084,Eldon; John,1,38,80,79
1650971758541,CSE 100,A01,083659,Cao; Yingjun,0,71,50,50
1650971764566,CSE 134B,A01,083661,Powell; Thomas Allan,1,40,65,64
1650971770589,CSE 140,A01,083663,Staff,0,13,75,75
1650971776616,CSE 140L,A01,083088,Eldon; John,4,0,100,96
1650971782642,CSE 175,A01,083665,Kumar; Rakesh,0,0,25,25
1650971788668,CSE 190,A00,092507,Dubnov; Shlomo,9,0,20,11
1650971794704,ECE 45,A01,083139,Staff,0,6,60,60
1650971800733,ECE 65,A50,083695,Staff,0,7,30,30
1650971806760,ECE 109,A01,091882,Touri; Behrouz,32,0,70,38
1650971812785,ECE 180,A00,083140,Abi Samra; Nicholas Camill,18,0,30,12
1650971812785,ECE 180,B00,083141,Abi Samra; Nicholas Camill,0,0,30,30
1650971818813,MATH 10A,A01,083735,Patchell; Gregory David,2,0,30,28
1650971818813,MATH 10A,A02,083736,Patchell; Gregory David,27,0,30,3
1650971818813,MATH 10A,A03,083737,Patchell; Gregory David,23,0,30,7
1650971824843,MATH 10B,A01,083207,Staff,0,9,30,30
1650971824843,MATH 10B,A02,083208,Staff,0,5,30,30
1650971824843,MATH 10B,B01,083739,Staff,9,0,30,21
1650971824843,MATH 10B,B02,083740,Staff,28,0,30,2
1650971830873,MATH 18,A01,083743,Staff,0,0,30,30
1650971830873,MATH 18,A02,083744,Staff,24,0,30,6
1650971830873,MATH 18,A03,083745,Staff,19,0,30,11
1650971830873,MATH 18,A04,083746,Staff,26,0,30,4
1650971830873,MATH 18,B01,083748,Staff,0,15,30,30
1650971830873,MATH 18,B02,083749,Staff,0,14,30,30
1650971830873,MATH 18,B03,083750,Staff,0,13,30,30
1650971830873,MATH 18,B04,083751,Staff,0,13,30,30
1650971836896,MATH 20A,A01,083754,Staff,19,0,40,21
1650971842920,MATH 20B,A01,083756,Staff,0,14,30,30
1650971842920,MATH 20B,A02,083757,Staff,0,11,30,30
1650971848954,MATH 20C,A01,083760,Staff,0,17,30,30
1650971848954,MATH 20C,A02,083761,Staff,0,15,30,30
1650971848954,MATH 20C,B01,083762,Staff,9,0,30,21
1650971848954,MATH 20C,B02,083763,Staff,28,0,30,2
1650971854979,MATH 20D,A01,083765,Staff,2,1,30,28
1650971854979,MATH 20D,A02,083766,Staff,2,0,30,28
1650971854979,MATH 20D,A03,083767,Staff,22,0,30,8
1650971861003,MATH 20E,A01,083771,Staff,2,0,30,28
1650971861003,MATH 20E,A02,083772,Staff,13,0,30,17
1650971861003,MATH 20E,B01,083773,Staff,0,0,30,30
1650971861003,MATH 20E,B02,083774,Staff,1,0,30,29
1650971867028,MATH 103A,A01,083777,Staff,0,17,30,30
1650971867028,MATH 103A,A02,083778,Staff,0,15,30,30
1650971867028,MATH 103A,B01,083779,Staff,0,15,30,30
1650971867028,MATH 103A,B02,083780,Staff,0,14,30,30
1650971873058,MATH 105,A01,085443,Staff,0,23,30,30
1650971879089,MATH 109,A01,083213,Anzaldo; Leesa B,0,7,30,30
1650971879089,MATH 109,A02,083214,Anzaldo; Leesa B,0,7,30,30
1650971879089,MATH 109,B01,083215,Anzaldo; Leesa B,0,8,30,30
1650971879089,MATH 109,B02,083216,Anzaldo; Leesa B,0,7,30,30
1650971885121,MATH 142A,A01,083219,Chow; Bennett,0,14,30,30
1650971885121,MATH 142A,A02,083220,Chow; Bennett,0,15,30,30
1650971885121,MATH 142A,B01,083221,Chow; Bennett,0,16,30,30
1650971885121,MATH 142A,B02,083222,Chow; Bennett,0,14,30,30
1650971891146,MATH 193A,A01,083224,Staff,0,6,30,30
1650971891146,MATH 193A,A02,083225,Staff,0,7,30,30
1650971891146,MATH 193A,A03,083781,Staff,0,6,30,30
1650971891146,MATH 193A,A04,083782,Staff,0,7,30,30
1650971897170,MATH 197,001,091859,McAuley; Julian John,9998,0,9999,1
1650971903256,COGS 9,A01,083615,Staff,0,18,60,60
1650971909286,COGS 11,A01,083617,Boyle; Mary E. T.,15,0,40,25
1650971915315,COGS 13,A01,083071,Staff,0,41,40,40
1650971921340,COGS 14A,A01,092681,Staff,0,38,100,100
