time,subj_course_id,sec_code,sec_id,prof,available,waitlist,total,enrolled_ct
1655897451232,COGS 9,A01,083615,Shannon; Kyle Michael,1,1,75,74
1655897457262,COGS 11,A01,083617,Boyle; Mary E. T.,9,1,48,39
1655897463292,COGS 13,A01,083071,Bastos; Amalia Pinkusfeld,3,1,71,68
1655897469327,COGS 14A,A01,092681,Staff,2,27,100,98
1655897475364,COGS 14B,A01,083073,Cheng; Tzu-Han,7,0,63,56
1655897481394,COGS 17,A01,092677,Staff,8,6,81,73
1655897487444,COGS 100,A01,083619,Allen; Michael Gordon,2,2,70,68
1655897493481,COGS 101A,A01,083621,Davis; Joshua Daniel,4,3,68,64
1655897499513,COGS 101B,A01,091572,Allen; Michael Gordon,1,0,65,64
1655897505542,COGS 101C,A01,083625,Delgado; Tania,8,0,35,27
1655897511572,COGS 107A,A01,083627,Boyle; Mary E. T.,0,1,60,60
1655897517602,COGS 118A,A01,083075,Gupta; Anjum,16,16,76,60
1655897523645,CSE 3,A50,083646,Miranda; Gregory Joseph,13,0,50,37
1655897529675,CSE 8A,A50,083650,Miranda; Gregory Joseph,3,11,56,53
1655897535720,CSE 11,A01,083080,Cao; Yingjun,0,69,40,40
1655897541750,CSE 12,A01,083652,Krause-Levy; Sophia Louisa,6,8,120,114
1655897547781,CSE 15L,A01,083654,Morris; Justin Loren,3,1,50,47
1655897547781,CSE 15L,A02,083655,Morris; Justin Loren,0,0,50,50
1655897553812,CSE 20,A01,083657,Tran; Khoa Dang,29,0,80,51
1655897559845,CSE 21,A01,095574,Bach; Quang Tran,23,0,48,25
1655897565878,CSE 30,A01,083084,Eldon; John,1,11,80,79
1655897565878,CSE 30,B01,095061,Bhaskar; Nishant,0,4,50,50
1655897571907,CSE 100,A01,083659,Cao; Yingjun,2,25,70,68
1655897577939,CSE 134B,A01,083661,Powell; Thomas Allan,4,6,100,96
1655897583973,CSE 140,A01,083663,Gungor; Onat,4,0,85,81
1655897590001,CSE 140L,A01,083088,Eldon; John,4,0,100,96
1655897596036,CSE 175,A01,083665,Kumar; Rakesh,1,0,25,24
1655897602066,CSE 190,A00,092507,Dubnov; Shlomo,1,0,20,19
1655897608106,ECE 45,A01,083139,Congero; Spencer William,0,1,75,75
1655897614140,ECE 65,A50,083695,Saad; Andrew S,6,0,30,24
1655897614140,ECE 65,A51,095125,Staff,23,0,26,3
1655897620171,ECE 109,A01,091882,Touri; Behrouz,1,3,70,69
1655897626204,ECE 180,A00,083140,Abi Samra; Nicholas Camill,1,0,30,29
1655897626204,ECE 180,B00,083141,Abi Samra; Nicholas Camill,0,8,28,28
1655897632244,MATH 10A,A01,083735,Patchell; Gregory David,0,0,30,30
1655897632244,MATH 10A,A02,083736,Patchell; Gregory David,21,0,30,9
1655897632244,MATH 10A,A03,083737,Patchell; Gregory David,16,0,30,14
1655897638276,MATH 10B,A01,083207,Lim; Seonhee,1,1,34,33
1655897638276,MATH 10B,A02,083208,Lim; Seonhee,0,1,35,35
1655897638276,MATH 10B,A03,093472,Staff,1,0,34,33
1655897638276,MATH 10B,B01,083739,Sinha; Shubham,10,0,30,20
1655897644309,MATH 18,A01,083743,Cinel; Cameron Alexander,4,0,30,26
1655897644309,MATH 18,A02,083744,Cinel; Cameron Alexander,11,0,30,19
1655897644309,MATH 18,A03,083745,Cinel; Cameron Alexander,0,0,30,30
1655897644309,MATH 18,B01,083748,Ma; Zilu,1,0,36,35
1655897644309,MATH 18,B02,083749,Ma; Zilu,0,0,36,36
1655897644309,MATH 18,B03,083750,Ma; Zilu,0,0,36,36
1655897644309,MATH 18,B04,083751,Ma; Zilu,0,0,36,36
1655897644309,MATH 18,B05,093473,Staff,0,0,36,36
1655897644309,MATH 18,B06,093474,Staff,0,0,36,36
1655897650338,MATH 20A,A01,083754,Zheng; Zequn,10,0,40,30
1655897656374,MATH 20B,A01,083756,Briones; Jor-el Thomas Caparas,0,1,36,36
1655897656374,MATH 20B,A02,083757,Briones; Jor-el Thomas Caparas,1,0,36,35
1655897656374,MATH 20B,A03,093475,Staff,1,0,36,35
1655897662410,MATH 20C,A01,083760,Briones; Jor-el Thomas Caparas,0,2,35,35
1655897662410,MATH 20C,A02,083761,Briones; Jor-el Thomas Caparas,6,1,35,29
1655897662410,MATH 20C,A03,093476,Staff,1,1,35,34
1655897662410,MATH 20C,B01,083762,Bach; Quang Tran,3,0,30,27
1655897668445,MATH 20D,A01,083765,Tran; Brian Kha,0,0,30,30
1655897668445,MATH 20D,A02,083766,Tran; Brian Kha,0,1,30,30
1655897668445,MATH 20D,A03,083767,Tran; Brian Kha,0,0,30,30
1655897674473,MATH 20E,A01,083771,Ganguly; Soumya,0,0,32,32
1655897674473,MATH 20E,A02,083772,Ganguly; Soumya,1,1,32,31
1655897674473,MATH 20E,B01,083773,Ciotti; Benjamin,14,0,35,21
1655897674473,MATH 20E,B02,083774,Ciotti; Benjamin,12,0,35,23
1655897680505,MATH 103A,A01,083777,Greenfeld; Be'Eri,2,1,36,34
1655897680505,MATH 103A,A02,083778,Greenfeld; Be'Eri,1,0,36,35
1655897680505,MATH 103A,A03,093561,Staff,0,1,36,36
1655897680505,MATH 103A,B01,083779,Greenfeld; Be'Eri,7,1,36,29
1655897680505,MATH 103A,B02,083780,Greenfeld; Be'Eri,1,0,36,35
1655897680505,MATH 103A,B03,093562,Staff,0,0,36,36
1655897686538,MATH 105,A01,085443,Carter; Anne Toulson,3,1,35,32
1655897686538,MATH 105,A02,093477,Staff,6,0,35,29
1655897692574,MATH 109,A01,083213,Ganzberger; Geoffrey Michael,0,1,34,34
1655897692574,MATH 109,A02,083214,Ganzberger; Geoffrey Michael,0,0,34,34
1655897692574,MATH 109,A03,093478,Staff,1,0,34,33
1655897692574,MATH 109,B01,083215,Ganzberger; Geoffrey Michael,2,0,32,30
1655897692574,MATH 109,B02,083216,Ganzberger; Geoffrey Michael,0,0,32,32
1655897692574,MATH 109,B03,093479,Staff,4,0,32,28
1655897698616,MATH 142A,A01,083219,Chow; Bennett,0,0,32,32
1655897698616,MATH 142A,A02,083220,Chow; Bennett,8,0,32,24
1655897698616,MATH 142A,A03,093480,Staff,4,0,32,28
1655897698616,MATH 142A,B03,093481,Staff,3,0,32,29
1655897698616,MATH 142A,B04,093558,Staff,6,0,32,26
1655897698616,MATH 142A,B05,093559,Staff,1,0,32,31
1655897704645,MATH 193A,A01,083224,Rotar; Vladimir,1,1,34,33
1655897704645,MATH 193A,A02,083225,Rotar; Vladimir,0,0,34,34
1655897704645,MATH 193A,A03,083781,Rotar; Vladimir,2,0,34,32
1655897704645,MATH 193A,A04,083782,Rotar; Vladimir,2,0,34,32
1655897704645,MATH 193A,A05,093482,Rotar; Vladimir,2,0,34,32
1655897710673,MATH 197,001,091859,McAuley; Julian John,9999,0,9999,0
1655897710673,MATH 197,002,095566,Kedlaya; Kiran S.,9997,0,9999,2
1655897710673,MATH 197,003,095567,Xiao; Ming,9999,0,9999,0
1655897710673,MATH 197,004,095571,Perols; Johan Lars,9998,0,9999,1
1655897717776,COGS 9,A01,083615,Shannon; Kyle Michael,1,1,75,74
1655897723802,COGS 11,A01,083617,Boyle; Mary E. T.,9,1,48,39
1655897729835,COGS 13,A01,083071,Bastos; Amalia Pinkusfeld,3,1,71,68
1655897735867,COGS 14A,A01,092681,Staff,2,27,100,98
1655897741894,COGS 14B,A01,083073,Cheng; Tzu-Han,7,0,63,56
1655897747921,COGS 17,A01,092677,Staff,8,6,81,73
1655897753949,COGS 100,A01,083619,Allen; Michael Gordon,2,2,70,68
1655897759994,COGS 101A,A01,083621,Davis; Joshua Daniel,4,3,68,64
1655897766028,COGS 101B,A01,091572,Allen; Michael Gordon,1,0,65,64
1655897772065,COGS 101C,A01,083625,Delgado; Tania,8,0,35,27
1655897778095,COGS 107A,A01,083627,Boyle; Mary E. T.,0,1,60,60
1655897784124,COGS 118A,A01,083075,Gupta; Anjum,16,16,76,60
1655897790156,CSE 3,A50,083646,Miranda; Gregory Joseph,13,0,50,37
1655897796185,CSE 8A,A50,083650,Miranda; Gregory Joseph,3,11,56,53
1655897802214,CSE 11,A01,083080,Cao; Yingjun,0,69,40,40
1655897808248,CSE 12,A01,083652,Krause-Levy; Sophia Louisa,6,8,120,114
1655897814276,CSE 15L,A01,083654,Morris; Justin Loren,3,1,50,47
1655897814276,CSE 15L,A02,083655,Morris; Justin Loren,0,0,50,50
1655897820306,CSE 20,A01,083657,Tran; Khoa Dang,29,0,80,51
1655897826335,CSE 21,A01,095574,Bach; Quang Tran,23,0,48,25
1655897832365,CSE 30,A01,083084,Eldon; John,1,11,80,79
1655897832365,CSE 30,B01,095061,Bhaskar; Nishant,0,4,50,50
1655897838394,CSE 100,A01,083659,Cao; Yingjun,2,25,70,68
1655897844422,CSE 134B,A01,083661,Powell; Thomas Allan,4,6,100,96
1655897850451,CSE 140,A01,083663,Gungor; Onat,4,0,85,81
1655897856482,CSE 140L,A01,083088,Eldon; John,4,0,100,96
1655897862510,CSE 175,A01,083665,Kumar; Rakesh,1,0,25,24
1655897868539,CSE 190,A00,092507,Dubnov; Shlomo,1,0,20,19
1655897874568,ECE 45,A01,083139,Congero; Spencer William,0,1,75,75
1655897880603,ECE 65,A50,083695,Saad; Andrew S,6,0,30,24
1655897880603,ECE 65,A51,095125,Staff,23,0,26,3
1655897886639,ECE 109,A01,091882,Touri; Behrouz,1,3,70,69
1655897892668,ECE 180,A00,083140,Abi Samra; Nicholas Camill,1,0,30,29
1655897892668,ECE 180,B00,083141,Abi Samra; Nicholas Camill,0,8,28,28
1655897898703,MATH 10A,A01,083735,Patchell; Gregory David,0,0,30,30
1655897898703,MATH 10A,A02,083736,Patchell; Gregory David,21,0,30,9
1655897898703,MATH 10A,A03,083737,Patchell; Gregory David,16,0,30,14
1655897904745,MATH 10B,A01,083207,Lim; Seonhee,1,1,34,33
1655897904745,MATH 10B,A02,083208,Lim; Seonhee,0,1,35,35
1655897904745,MATH 10B,A03,093472,Staff,1,0,34,33
1655897904745,MATH 10B,B01,083739,Sinha; Shubham,10,0,30,20
1655897910778,MATH 18,A01,083743,Cinel; Cameron Alexander,4,0,30,26
1655897910778,MATH 18,A02,083744,Cinel; Cameron Alexander,11,0,30,19
1655897910778,MATH 18,A03,083745,Cinel; Cameron Alexander,0,0,30,30
1655897910778,MATH 18,B01,083748,Ma; Zilu,1,0,36,35
1655897910778,MATH 18,B02,083749,Ma; Zilu,0,0,36,36
1655897910778,MATH 18,B03,083750,Ma; Zilu,0,0,36,36
1655897910778,MATH 18,B04,083751,Ma; Zilu,0,0,36,36
1655897910778,MATH 18,B05,093473,Staff,0,0,36,36
1655897910778,MATH 18,B06,093474,Staff,0,0,36,36
1655897916810,MATH 20A,A01,083754,Zheng; Zequn,10,0,40,30
1655897922838,MATH 20B,A01,083756,Briones; Jor-el Thomas Caparas,0,1,36,36
1655897922838,MATH 20B,A02,083757,Briones; Jor-el Thomas Caparas,1,0,36,35
1655897922838,MATH 20B,A03,093475,Staff,1,0,36,35
1655897928868,MATH 20C,A01,083760,Briones; Jor-el Thomas Caparas,0,2,35,35
1655897928868,MATH 20C,A02,083761,Briones; Jor-el Thomas Caparas,6,1,35,29
1655897928868,MATH 20C,A03,093476,Staff,1,1,35,34
1655897928868,MATH 20C,B01,083762,Bach; Quang Tran,3,0,30,27
1655897934895,MATH 20D,A01,083765,Tran; Brian Kha,0,0,30,30
1655897934895,MATH 20D,A02,083766,Tran; Brian Kha,0,1,30,30
1655897934895,MATH 20D,A03,083767,Tran; Brian Kha,0,0,30,30
1655897940931,MATH 20E,A01,083771,Ganguly; Soumya,0,0,32,32
1655897940931,MATH 20E,A02,083772,Ganguly; Soumya,1,1,32,31
1655897940931,MATH 20E,B01,083773,Ciotti; Benjamin,14,0,35,21
1655897940931,MATH 20E,B02,083774,Ciotti; Benjamin,12,0,35,23
1655897946962,MATH 103A,A01,083777,Greenfeld; Be'Eri,2,1,36,34
1655897946962,MATH 103A,A02,083778,Greenfeld; Be'Eri,1,0,36,35
1655897946962,MATH 103A,A03,093561,Staff,0,1,36,36
1655897946962,MATH 103A,B01,083779,Greenfeld; Be'Eri,7,1,36,29
1655897946962,MATH 103A,B02,083780,Greenfeld; Be'Eri,1,0,36,35
1655897946962,MATH 103A,B03,093562,Staff,0,0,36,36
1655897952989,MATH 105,A01,085443,Carter; Anne Toulson,3,1,35,32
1655897952989,MATH 105,A02,093477,Staff,6,0,35,29
1655897959022,MATH 109,A01,083213,Ganzberger; Geoffrey Michael,0,1,34,34
1655897959022,MATH 109,A02,083214,Ganzberger; Geoffrey Michael,0,0,34,34
1655897959022,MATH 109,A03,093478,Staff,1,0,34,33
1655897959022,MATH 109,B01,083215,Ganzberger; Geoffrey Michael,2,0,32,30
1655897959022,MATH 109,B02,083216,Ganzberger; Geoffrey Michael,0,0,32,32
1655897959022,MATH 109,B03,093479,Staff,4,0,32,28
1655897965057,MATH 142A,A01,083219,Chow; Bennett,0,0,32,32
1655897965057,MATH 142A,A02,083220,Chow; Bennett,8,0,32,24
1655897965057,MATH 142A,A03,093480,Staff,4,0,32,28
1655897965057,MATH 142A,B03,093481,Staff,3,0,32,29
1655897965057,MATH 142A,B04,093558,Staff,6,0,32,26
1655897965057,MATH 142A,B05,093559,Staff,1,0,32,31
1655897971086,MATH 193A,A01,083224,Rotar; Vladimir,1,1,34,33
1655897971086,MATH 193A,A02,083225,Rotar; Vladimir,0,0,34,34
1655897971086,MATH 193A,A03,083781,Rotar; Vladimir,2,0,34,32
1655897971086,MATH 193A,A04,083782,Rotar; Vladimir,2,0,34,32
1655897971086,MATH 193A,A05,093482,Rotar; Vladimir,2,0,34,32
1655897977115,MATH 197,001,091859,McAuley; Julian John,9999,0,9999,0
1655897977115,MATH 197,002,095566,Kedlaya; Kiran S.,9997,0,9999,2
1655897977115,MATH 197,003,095567,Xiao; Ming,9999,0,9999,0
1655897977115,MATH 197,004,095571,Perols; Johan Lars,9998,0,9999,1
1655897984204,COGS 9,A01,083615,Shannon; Kyle Michael,1,1,75,74
1655897990236,COGS 11,A01,083617,Boyle; Mary E. T.,9,1,48,39
1655897996266,COGS 13,A01,083071,Bastos; Amalia Pinkusfeld,3,1,71,68
1655898002298,COGS 14A,A01,092681,Staff,2,27,100,98
1655898008327,COGS 14B,A01,083073,Cheng; Tzu-Han,7,0,63,56
1655898014355,COGS 17,A01,092677,Staff,8,6,81,73
1655898020382,COGS 100,A01,083619,Allen; Michael Gordon,2,2,70,68
1655898026482,COGS 101A,A01,083621,Davis; Joshua Daniel,4,3,68,64
1655898032516,COGS 101B,A01,091572,Allen; Michael Gordon,1,0,65,64
1655898038549,COGS 101C,A01,083625,Delgado; Tania,8,0,35,27
1655898044580,COGS 107A,A01,083627,Boyle; Mary E. T.,0,1,60,60
1655898050612,COGS 118A,A01,083075,Gupta; Anjum,16,16,76,60
1655898056648,CSE 3,A50,083646,Miranda; Gregory Joseph,13,0,50,37
1655898062674,CSE 8A,A50,083650,Miranda; Gregory Joseph,3,11,56,53
1655898068705,CSE 11,A01,083080,Cao; Yingjun,0,69,40,40
1655898074732,CSE 12,A01,083652,Krause-Levy; Sophia Louisa,6,8,120,114
1655898080764,CSE 15L,A01,083654,Morris; Justin Loren,3,1,50,47
1655898080764,CSE 15L,A02,083655,Morris; Justin Loren,0,0,50,50
1655898086798,CSE 20,A01,083657,Tran; Khoa Dang,29,0,80,51
1655898092824,CSE 21,A01,095574,Bach; Quang Tran,23,0,48,25
1655898098854,CSE 30,A01,083084,Eldon; John,1,11,80,79
1655898098854,CSE 30,B01,095061,Bhaskar; Nishant,0,4,50,50
1655898104884,CSE 100,A01,083659,Cao; Yingjun,2,25,70,68
1655898110912,CSE 134B,A01,083661,Powell; Thomas Allan,4,6,100,96
1655898116938,CSE 140,A01,083663,Gungor; Onat,4,0,85,81
1655898122966,CSE 140L,A01,083088,Eldon; John,4,0,100,96
1655898128998,CSE 175,A01,083665,Kumar; Rakesh,1,0,25,24
1655898135030,CSE 190,A00,092507,Dubnov; Shlomo,1,0,20,19
1655898141061,ECE 45,A01,083139,Congero; Spencer William,0,1,75,75
1655898147089,ECE 65,A50,083695,Saad; Andrew S,6,0,30,24
1655898147089,ECE 65,A51,095125,Staff,23,0,26,3
1655898153129,ECE 109,A01,091882,Touri; Behrouz,1,3,70,69
1655898159157,ECE 180,A00,083140,Abi Samra; Nicholas Camill,1,0,30,29
1655898159157,ECE 180,B00,083141,Abi Samra; Nicholas Camill,0,8,28,28
1655898165186,MATH 10A,A01,083735,Patchell; Gregory David,0,0,30,30
1655898165186,MATH 10A,A02,083736,Patchell; Gregory David,21,0,30,9
1655898165186,MATH 10A,A03,083737,Patchell; Gregory David,16,0,30,14
1655898171245,MATH 10B,A01,083207,Lim; Seonhee,1,1,34,33
1655898171245,MATH 10B,A02,083208,Lim; Seonhee,0,1,35,35
1655898171245,MATH 10B,A03,093472,Staff,1,0,34,33
1655898171245,MATH 10B,B01,083739,Sinha; Shubham,10,0,30,20
1655898177278,MATH 18,A01,083743,Cinel; Cameron Alexander,4,0,30,26
1655898177278,MATH 18,A02,083744,Cinel; Cameron Alexander,11,0,30,19
1655898177278,MATH 18,A03,083745,Cinel; Cameron Alexander,0,0,30,30
1655898177278,MATH 18,B01,083748,Ma; Zilu,1,0,36,35
1655898177278,MATH 18,B02,083749,Ma; Zilu,0,0,36,36
1655898177278,MATH 18,B03,083750,Ma; Zilu,0,0,36,36
1655898177278,MATH 18,B04,083751,Ma; Zilu,0,0,36,36
1655898177278,MATH 18,B05,093473,Staff,0,0,36,36
1655898177278,MATH 18,B06,093474,Staff,0,0,36,36
1655898183306,MATH 20A,A01,083754,Zheng; Zequn,10,0,40,30
1655898189337,MATH 20B,A01,083756,Briones; Jor-el Thomas Caparas,0,1,36,36
1655898189337,MATH 20B,A02,083757,Briones; Jor-el Thomas Caparas,1,0,36,35
1655898189337,MATH 20B,A03,093475,Staff,1,0,36,35
1655898195372,MATH 20C,A01,083760,Briones; Jor-el Thomas Caparas,0,2,35,35
1655898195372,MATH 20C,A02,083761,Briones; Jor-el Thomas Caparas,6,1,35,29
1655898195372,MATH 20C,A03,093476,Staff,1,1,35,34
1655898195372,MATH 20C,B01,083762,Bach; Quang Tran,3,0,30,27
1655898201401,MATH 20D,A01,083765,Tran; Brian Kha,0,0,30,30
1655898201401,MATH 20D,A02,083766,Tran; Brian Kha,0,1,30,30
1655898201401,MATH 20D,A03,083767,Tran; Brian Kha,0,0,30,30
1655898207439,MATH 20E,A01,083771,Ganguly; Soumya,0,0,32,32
1655898207439,MATH 20E,A02,083772,Ganguly; Soumya,1,1,32,31
1655898207439,MATH 20E,B01,083773,Ciotti; Benjamin,14,0,35,21
1655898207439,MATH 20E,B02,083774,Ciotti; Benjamin,12,0,35,23
1655898213473,MATH 103A,A01,083777,Greenfeld; Be'Eri,2,1,36,34
1655898213473,MATH 103A,A02,083778,Greenfeld; Be'Eri,1,0,36,35
1655898213473,MATH 103A,A03,093561,Staff,0,1,36,36
1655898213473,MATH 103A,B01,083779,Greenfeld; Be'Eri,7,1,36,29
1655898213473,MATH 103A,B02,083780,Greenfeld; Be'Eri,1,0,36,35
1655898213473,MATH 103A,B03,093562,Staff,0,0,36,36
1655898219507,MATH 105,A01,085443,Carter; Anne Toulson,3,1,35,32
1655898219507,MATH 105,A02,093477,Staff,6,0,35,29
1655898225537,MATH 109,A01,083213,Ganzberger; Geoffrey Michael,0,1,34,34
1655898225537,MATH 109,A02,083214,Ganzberger; Geoffrey Michael,0,0,34,34
1655898225537,MATH 109,A03,093478,Staff,1,0,34,33
1655898225537,MATH 109,B01,083215,Ganzberger; Geoffrey Michael,2,0,32,30
1655898225537,MATH 109,B02,083216,Ganzberger; Geoffrey Michael,0,0,32,32
1655898225537,MATH 109,B03,093479,Staff,4,0,32,28
1655898231575,MATH 142A,A01,083219,Chow; Bennett,0,0,32,32
1655898231575,MATH 142A,A02,083220,Chow; Bennett,8,0,32,24
1655898231575,MATH 142A,A03,093480,Staff,4,0,32,28
1655898231575,MATH 142A,B03,093481,Staff,3,0,32,29
1655898231575,MATH 142A,B04,093558,Staff,6,0,32,26
1655898231575,MATH 142A,B05,093559,Staff,1,0,32,31
1655898237607,MATH 193A,A01,083224,Rotar; Vladimir,1,1,34,33
1655898237607,MATH 193A,A02,083225,Rotar; Vladimir,0,0,34,34
1655898237607,MATH 193A,A03,083781,Rotar; Vladimir,2,0,34,32
1655898237607,MATH 193A,A04,083782,Rotar; Vladimir,2,0,34,32
1655898237607,MATH 193A,A05,093482,Rotar; Vladimir,2,0,34,32
1655898243638,MATH 197,001,091859,McAuley; Julian John,9999,0,9999,0
1655898243638,MATH 197,002,095566,Kedlaya; Kiran S.,9997,0,9999,2
1655898243638,MATH 197,003,095567,Xiao; Ming,9999,0,9999,0
1655898243638,MATH 197,004,095571,Perols; Johan Lars,9998,0,9999,1
1655898250730,COGS 9,A01,083615,Shannon; Kyle Michael,1,1,75,74
1655898256761,COGS 11,A01,083617,Boyle; Mary E. T.,9,1,48,39
1655898262793,COGS 13,A01,083071,Bastos; Amalia Pinkusfeld,3,1,71,68
1655898268823,COGS 14A,A01,092681,Staff,2,27,100,98
1655898274856,COGS 14B,A01,083073,Cheng; Tzu-Han,7,0,63,56
1655898280886,COGS 17,A01,092677,Staff,8,6,81,73
1655898286915,COGS 100,A01,083619,Allen; Michael Gordon,2,2,70,68
1655898292942,COGS 101A,A01,083621,Davis; Joshua Daniel,4,3,68,64
1655898298968,COGS 101B,A01,091572,Allen; Michael Gordon,1,0,65,64
1655898304997,COGS 101C,A01,083625,Delgado; Tania,8,0,35,27
1655898311022,COGS 107A,A01,083627,Boyle; Mary E. T.,0,1,60,60
1655898317049,COGS 118A,A01,083075,Gupta; Anjum,16,16,76,60
1655898323080,CSE 3,A50,083646,Miranda; Gregory Joseph,13,0,50,37
1655898329110,CSE 8A,A50,083650,Miranda; Gregory Joseph,3,11,56,53
1655898335141,CSE 11,A01,083080,Cao; Yingjun,0,69,40,40
1655898341170,CSE 12,A01,083652,Krause-Levy; Sophia Louisa,6,8,120,114
1655898347198,CSE 15L,A01,083654,Morris; Justin Loren,3,1,50,47
1655898347198,CSE 15L,A02,083655,Morris; Justin Loren,0,0,50,50
1655898353228,CSE 20,A01,083657,Tran; Khoa Dang,29,0,80,51
1655898359255,CSE 21,A01,095574,Bach; Quang Tran,23,0,48,25
1655898365290,CSE 30,A01,083084,Eldon; John,1,11,80,79
1655898365290,CSE 30,B01,095061,Bhaskar; Nishant,0,4,50,50
1655898371318,CSE 100,A01,083659,Cao; Yingjun,2,25,70,68
1655898377350,CSE 134B,A01,083661,Powell; Thomas Allan,4,6,100,96
1655898383377,CSE 140,A01,083663,Gungor; Onat,4,0,85,81
1655898389405,CSE 140L,A01,083088,Eldon; John,4,0,100,96
1655898395436,CSE 175,A01,083665,Kumar; Rakesh,1,0,25,24
1655898401463,CSE 190,A00,092507,Dubnov; Shlomo,1,0,20,19
1655898407497,ECE 45,A01,083139,Congero; Spencer William,0,1,75,75
1655898413524,ECE 65,A50,083695,Saad; Andrew S,6,0,30,24
1655898413524,ECE 65,A51,095125,Staff,23,0,26,3
1655898419555,ECE 109,A01,091882,Touri; Behrouz,1,3,70,69
1655898425583,ECE 180,A00,083140,Abi Samra; Nicholas Camill,1,0,30,29
1655898425583,ECE 180,B00,083141,Abi Samra; Nicholas Camill,0,8,28,28
1655898431618,MATH 10A,A01,083735,Patchell; Gregory David,0,0,30,30
1655898431618,MATH 10A,A02,083736,Patchell; Gregory David,21,0,30,9
1655898431618,MATH 10A,A03,083737,Patchell; Gregory David,16,0,30,14
1655898437648,MATH 10B,A01,083207,Lim; Seonhee,1,1,34,33
1655898437648,MATH 10B,A02,083208,Lim; Seonhee,0,1,35,35
1655898437648,MATH 10B,A03,093472,Staff,1,0,34,33
1655898437648,MATH 10B,B01,083739,Sinha; Shubham,10,0,30,20
1655898443689,MATH 18,A01,083743,Cinel; Cameron Alexander,4,0,30,26
1655898443689,MATH 18,A02,083744,Cinel; Cameron Alexander,11,0,30,19
1655898443689,MATH 18,A03,083745,Cinel; Cameron Alexander,0,0,30,30
1655898443689,MATH 18,B01,083748,Ma; Zilu,1,0,36,35
1655898443689,MATH 18,B02,083749,Ma; Zilu,0,0,36,36
1655898443689,MATH 18,B03,083750,Ma; Zilu,0,0,36,36
1655898443689,MATH 18,B04,083751,Ma; Zilu,0,0,36,36
1655898443689,MATH 18,B05,093473,Staff,0,0,36,36
1655898443689,MATH 18,B06,093474,Staff,0,0,36,36
1655898449720,MATH 20A,A01,083754,Zheng; Zequn,10,0,40,30
1655898455749,MATH 20B,A01,083756,Briones; Jor-el Thomas Caparas,0,1,36,36
1655898455749,MATH 20B,A02,083757,Briones; Jor-el Thomas Caparas,1,0,36,35
1655898455749,MATH 20B,A03,093475,Staff,1,0,36,35
1655898461776,MATH 20C,A01,083760,Briones; Jor-el Thomas Caparas,0,2,35,35
1655898461776,MATH 20C,A02,083761,Briones; Jor-el Thomas Caparas,6,1,35,29
1655898461776,MATH 20C,A03,093476,Staff,1,1,35,34
1655898461776,MATH 20C,B01,083762,Bach; Quang Tran,3,0,30,27
1655898467806,MATH 20D,A01,083765,Tran; Brian Kha,0,0,30,30
1655898467806,MATH 20D,A02,083766,Tran; Brian Kha,0,1,30,30
1655898467806,MATH 20D,A03,083767,Tran; Brian Kha,0,0,30,30
1655898473842,MATH 20E,A01,083771,Ganguly; Soumya,0,0,32,32
1655898473842,MATH 20E,A02,083772,Ganguly; Soumya,1,1,32,31
1655898473842,MATH 20E,B01,083773,Ciotti; Benjamin,14,0,35,21
1655898473842,MATH 20E,B02,083774,Ciotti; Benjamin,12,0,35,23
1655898479871,MATH 103A,A01,083777,Greenfeld; Be'Eri,2,1,36,34
1655898479871,MATH 103A,A02,083778,Greenfeld; Be'Eri,1,0,36,35
1655898479871,MATH 103A,A03,093561,Staff,0,1,36,36
1655898479871,MATH 103A,B01,083779,Greenfeld; Be'Eri,7,1,36,29
1655898479871,MATH 103A,B02,083780,Greenfeld; Be'Eri,1,0,36,35
1655898479871,MATH 103A,B03,093562,Staff,0,0,36,36
1655898485904,MATH 105,A01,085443,Carter; Anne Toulson,3,1,35,32
1655898485904,MATH 105,A02,093477,Staff,6,0,35,29
1655898491933,MATH 109,A01,083213,Ganzberger; Geoffrey Michael,0,1,34,34
1655898491933,MATH 109,A02,083214,Ganzberger; Geoffrey Michael,0,0,34,34
1655898491933,MATH 109,A03,093478,Staff,1,0,34,33
1655898491933,MATH 109,B01,083215,Ganzberger; Geoffrey Michael,2,0,32,30
1655898491933,MATH 109,B02,083216,Ganzberger; Geoffrey Michael,0,0,32,32
1655898491933,MATH 109,B03,093479,Staff,4,0,32,28
1655898497963,MATH 142A,A01,083219,Chow; Bennett,0,0,32,32
1655898497963,MATH 142A,A02,083220,Chow; Bennett,8,0,32,24
1655898497963,MATH 142A,A03,093480,Staff,4,0,32,28
1655898497963,MATH 142A,B03,093481,Staff,3,0,32,29
1655898497963,MATH 142A,B04,093558,Staff,6,0,32,26
1655898497963,MATH 142A,B05,093559,Staff,1,0,32,31
1655898503990,MATH 193A,A01,083224,Rotar; Vladimir,1,1,34,33
1655898503990,MATH 193A,A02,083225,Rotar; Vladimir,0,0,34,34
1655898503990,MATH 193A,A03,083781,Rotar; Vladimir,2,0,34,32
1655898503990,MATH 193A,A04,083782,Rotar; Vladimir,2,0,34,32
1655898503990,MATH 193A,A05,093482,Rotar; Vladimir,2,0,34,32
1655898510017,MATH 197,001,091859,McAuley; Julian John,9999,0,9999,0
1655898510017,MATH 197,002,095566,Kedlaya; Kiran S.,9997,0,9999,2
1655898510017,MATH 197,003,095567,Xiao; Ming,9999,0,9999,0
1655898510017,MATH 197,004,095571,Perols; Johan Lars,9998,0,9999,1
1655898517088,COGS 9,A01,083615,Shannon; Kyle Michael,1,1,75,74
1655898523115,COGS 11,A01,083617,Boyle; Mary E. T.,9,1,48,39
1655898529142,COGS 13,A01,083071,Bastos; Amalia Pinkusfeld,3,1,71,68
1655898535171,COGS 14A,A01,092681,Staff,2,26,100,98
1655898541200,COGS 14B,A01,083073,Cheng; Tzu-Han,7,0,63,56
1655898547233,COGS 17,A01,092677,Staff,8,6,81,73
1655898553258,COGS 100,A01,083619,Allen; Michael Gordon,2,2,70,68
1655898559290,COGS 101A,A01,083621,Davis; Joshua Daniel,4,3,68,64
1655898565321,COGS 101B,A01,091572,Allen; Michael Gordon,1,0,65,64
1655898571347,COGS 101C,A01,083625,Delgado; Tania,8,0,35,27
1655898577370,COGS 107A,A01,083627,Boyle; Mary E. T.,0,1,60,60
1655898583393,COGS 118A,A01,083075,Gupta; Anjum,16,16,76,60
1655898589421,CSE 3,A50,083646,Miranda; Gregory Joseph,13,0,50,37
1655898595445,CSE 8A,A50,083650,Miranda; Gregory Joseph,3,11,56,53
1655898601475,CSE 11,A01,083080,Cao; Yingjun,0,69,40,40
1655898607501,CSE 12,A01,083652,Krause-Levy; Sophia Louisa,6,8,120,114
1655898613529,CSE 15L,A01,083654,Morris; Justin Loren,3,1,50,47
1655898613529,CSE 15L,A02,083655,Morris; Justin Loren,0,0,50,50
1655898619566,CSE 20,A01,083657,Tran; Khoa Dang,29,0,80,51
1655898625671,CSE 21,A01,095574,Bach; Quang Tran,23,0,48,25
1655898631698,CSE 30,A01,083084,Eldon; John,1,11,80,79
1655898631698,CSE 30,B01,095061,Bhaskar; Nishant,0,4,50,50
1655898637725,CSE 100,A01,083659,Cao; Yingjun,2,25,70,68
1655898643754,CSE 134B,A01,083661,Powell; Thomas Allan,4,6,100,96
1655898649783,CSE 140,A01,083663,Gungor; Onat,4,0,85,81
1655898655808,CSE 140L,A01,083088,Eldon; John,4,0,100,96
1655898661833,CSE 175,A01,083665,Kumar; Rakesh,1,0,25,24
1655898667863,CSE 190,A00,092507,Dubnov; Shlomo,1,0,20,19
1655898673896,ECE 45,A01,083139,Congero; Spencer William,0,1,75,75
1655898679952,ECE 65,A50,083695,Saad; Andrew S,6,0,30,24
1655898679952,ECE 65,A51,095125,Staff,23,0,26,3
1655898685978,ECE 109,A01,091882,Touri; Behrouz,1,3,70,69
1655898692010,ECE 180,A00,083140,Abi Samra; Nicholas Camill,1,0,30,29
1655898692010,ECE 180,B00,083141,Abi Samra; Nicholas Camill,0,8,28,28
1655898698046,MATH 10A,A01,083735,Patchell; Gregory David,0,0,30,30
1655898698046,MATH 10A,A02,083736,Patchell; Gregory David,21,0,30,9
1655898698046,MATH 10A,A03,083737,Patchell; Gregory David,16,0,30,14
1655898704085,MATH 10B,A01,083207,Lim; Seonhee,1,1,34,33
1655898704085,MATH 10B,A02,083208,Lim; Seonhee,0,1,35,35
1655898704085,MATH 10B,A03,093472,Staff,1,0,34,33
1655898704085,MATH 10B,B01,083739,Sinha; Shubham,10,0,30,20
1655898710116,MATH 18,A01,083743,Cinel; Cameron Alexander,4,0,30,26
1655898710116,MATH 18,A02,083744,Cinel; Cameron Alexander,11,0,30,19
1655898710116,MATH 18,A03,083745,Cinel; Cameron Alexander,0,0,30,30
1655898710116,MATH 18,B01,083748,Ma; Zilu,1,0,36,35
1655898710116,MATH 18,B02,083749,Ma; Zilu,0,0,36,36
1655898710116,MATH 18,B03,083750,Ma; Zilu,0,0,36,36
1655898710116,MATH 18,B04,083751,Ma; Zilu,0,0,36,36
1655898710116,MATH 18,B05,093473,Staff,0,0,36,36
1655898710116,MATH 18,B06,093474,Staff,0,0,36,36
1655898716145,MATH 20A,A01,083754,Zheng; Zequn,10,0,40,30
1655898722181,MATH 20B,A01,083756,Briones; Jor-el Thomas Caparas,0,1,36,36
1655898722181,MATH 20B,A02,083757,Briones; Jor-el Thomas Caparas,1,0,36,35
1655898722181,MATH 20B,A03,093475,Staff,1,0,36,35
1655898728208,MATH 20C,A01,083760,Briones; Jor-el Thomas Caparas,0,2,35,35
1655898728208,MATH 20C,A02,083761,Briones; Jor-el Thomas Caparas,6,1,35,29
1655898728208,MATH 20C,A03,093476,Staff,1,1,35,34
1655898728208,MATH 20C,B01,083762,Bach; Quang Tran,3,0,30,27
1655898734241,MATH 20D,A01,083765,Tran; Brian Kha,0,0,30,30
1655898734241,MATH 20D,A02,083766,Tran; Brian Kha,0,1,30,30
1655898734241,MATH 20D,A03,083767,Tran; Brian Kha,0,0,30,30
1655898740289,MATH 20E,A01,083771,Ganguly; Soumya,0,0,32,32
1655898740289,MATH 20E,A02,083772,Ganguly; Soumya,1,1,32,31
1655898740289,MATH 20E,B01,083773,Ciotti; Benjamin,14,0,35,21
1655898740289,MATH 20E,B02,083774,Ciotti; Benjamin,12,0,35,23
1655898746317,MATH 103A,A01,083777,Greenfeld; Be'Eri,2,1,36,34
1655898746317,MATH 103A,A02,083778,Greenfeld; Be'Eri,1,0,36,35
1655898746317,MATH 103A,A03,093561,Staff,0,1,36,36
1655898746317,MATH 103A,B01,083779,Greenfeld; Be'Eri,7,1,36,29
1655898746317,MATH 103A,B02,083780,Greenfeld; Be'Eri,1,0,36,35
1655898746317,MATH 103A,B03,093562,Staff,0,0,36,36
1655898752349,MATH 105,A01,085443,Carter; Anne Toulson,3,1,35,32
1655898752349,MATH 105,A02,093477,Staff,6,0,35,29
1655898758379,MATH 109,A01,083213,Ganzberger; Geoffrey Michael,0,1,34,34
1655898758379,MATH 109,A02,083214,Ganzberger; Geoffrey Michael,0,0,34,34
1655898758379,MATH 109,A03,093478,Staff,1,0,34,33
1655898758379,MATH 109,B01,083215,Ganzberger; Geoffrey Michael,2,0,32,30
1655898758379,MATH 109,B02,083216,Ganzberger; Geoffrey Michael,0,0,32,32
1655898758379,MATH 109,B03,093479,Staff,4,0,32,28
1655898764411,MATH 142A,A01,083219,Chow; Bennett,0,0,32,32
1655898764411,MATH 142A,A02,083220,Chow; Bennett,8,0,32,24
1655898764411,MATH 142A,A03,093480,Staff,4,0,32,28
1655898764411,MATH 142A,B03,093481,Staff,3,0,32,29
1655898764411,MATH 142A,B04,093558,Staff,6,0,32,26
1655898764411,MATH 142A,B05,093559,Staff,1,0,32,31
1655898770437,MATH 193A,A01,083224,Rotar; Vladimir,1,1,34,33
1655898770437,MATH 193A,A02,083225,Rotar; Vladimir,0,0,34,34
1655898770437,MATH 193A,A03,083781,Rotar; Vladimir,2,0,34,32
1655898770437,MATH 193A,A04,083782,Rotar; Vladimir,2,0,34,32
1655898770437,MATH 193A,A05,093482,Rotar; Vladimir,2,0,34,32
1655898776463,MATH 197,001,091859,McAuley; Julian John,9999,0,9999,0
1655898776463,MATH 197,002,095566,Kedlaya; Kiran S.,9997,0,9999,2
1655898776463,MATH 197,003,095567,Xiao; Ming,9999,0,9999,0
1655898776463,MATH 197,004,095571,Perols; Johan Lars,9998,0,9999,1
1655898783533,COGS 9,A01,083615,Shannon; Kyle Michael,1,1,75,74
1655898789559,COGS 11,A01,083617,Boyle; Mary E. T.,9,1,48,39
1655898795582,COGS 13,A01,083071,Bastos; Amalia Pinkusfeld,3,1,71,68
1655898801611,COGS 14A,A01,092681,Staff,2,26,100,98
1655898807638,COGS 14B,A01,083073,Cheng; Tzu-Han,7,0,63,56
1655898813665,COGS 17,A01,092677,Staff,8,6,81,73
1655898819695,COGS 100,A01,083619,Allen; Michael Gordon,2,2,70,68
1655898825724,COGS 101A,A01,083621,Davis; Joshua Daniel,4,3,68,64
1655898831749,COGS 101B,A01,091572,Allen; Michael Gordon,1,0,65,64
1655898837774,COGS 101C,A01,083625,Delgado; Tania,8,0,35,27
1655898843806,COGS 107A,A01,083627,Boyle; Mary E. T.,0,1,60,60
1655898849836,COGS 118A,A01,083075,Gupta; Anjum,16,16,76,60
1655898855869,CSE 3,A50,083646,Miranda; Gregory Joseph,13,0,50,37
1655898861895,CSE 8A,A50,083650,Miranda; Gregory Joseph,3,11,56,53
1655898867919,CSE 11,A01,083080,Cao; Yingjun,0,69,40,40
1655898873946,CSE 12,A01,083652,Krause-Levy; Sophia Louisa,6,8,120,114
1655898879983,CSE 15L,A01,083654,Morris; Justin Loren,3,1,50,47
1655898879983,CSE 15L,A02,083655,Morris; Justin Loren,0,0,50,50
1655898886014,CSE 20,A01,083657,Tran; Khoa Dang,29,0,80,51
1655898892044,CSE 21,A01,095574,Bach; Quang Tran,23,0,48,25
1655898898081,CSE 30,A01,083084,Eldon; John,1,11,80,79
1655898898081,CSE 30,B01,095061,Bhaskar; Nishant,0,4,50,50
1655898904108,CSE 100,A01,083659,Cao; Yingjun,2,25,70,68
1655898910136,CSE 134B,A01,083661,Powell; Thomas Allan,4,6,100,96
1655898916161,CSE 140,A01,083663,Gungor; Onat,4,0,85,81
1655898922219,CSE 140L,A01,083088,Eldon; John,4,0,100,96
1655898928245,CSE 175,A01,083665,Kumar; Rakesh,1,0,25,24
1655898934272,CSE 190,A00,092507,Dubnov; Shlomo,1,0,20,19
1655898940302,ECE 45,A01,083139,Congero; Spencer William,0,1,75,75
1655898946330,ECE 65,A50,083695,Saad; Andrew S,6,0,30,24
1655898946330,ECE 65,A51,095125,Staff,23,0,26,3
1655898952354,ECE 109,A01,091882,Touri; Behrouz,1,3,70,69
1655898958382,ECE 180,A00,083140,Abi Samra; Nicholas Camill,1,0,30,29
1655898958382,ECE 180,B00,083141,Abi Samra; Nicholas Camill,0,8,28,28
1655898964410,MATH 10A,A01,083735,Patchell; Gregory David,0,0,30,30
1655898964410,MATH 10A,A02,083736,Patchell; Gregory David,21,0,30,9
1655898964410,MATH 10A,A03,083737,Patchell; Gregory David,16,0,30,14
1655898970440,MATH 10B,A01,083207,Lim; Seonhee,1,1,34,33
1655898970440,MATH 10B,A02,083208,Lim; Seonhee,0,1,35,35
1655898970440,MATH 10B,A03,093472,Staff,1,0,34,33
1655898970440,MATH 10B,B01,083739,Sinha; Shubham,10,0,30,20
1655898976468,MATH 18,A01,083743,Cinel; Cameron Alexander,4,0,30,26
1655898976468,MATH 18,A02,083744,Cinel; Cameron Alexander,11,0,30,19
1655898976468,MATH 18,A03,083745,Cinel; Cameron Alexander,0,0,30,30
1655898976468,MATH 18,B01,083748,Ma; Zilu,1,0,36,35
1655898976468,MATH 18,B02,083749,Ma; Zilu,0,0,36,36
1655898976468,MATH 18,B03,083750,Ma; Zilu,0,0,36,36
1655898976468,MATH 18,B04,083751,Ma; Zilu,0,0,36,36
1655898976468,MATH 18,B05,093473,Staff,0,0,36,36
1655898976468,MATH 18,B06,093474,Staff,0,0,36,36
1655898982490,MATH 20A,A01,083754,Zheng; Zequn,10,0,40,30
1655898988521,MATH 20B,A01,083756,Briones; Jor-el Thomas Caparas,0,1,36,36
1655898988521,MATH 20B,A02,083757,Briones; Jor-el Thomas Caparas,1,0,36,35
1655898988521,MATH 20B,A03,093475,Staff,1,0,36,35
1655898994554,MATH 20C,A01,083760,Briones; Jor-el Thomas Caparas,0,2,35,35
1655898994554,MATH 20C,A02,083761,Briones; Jor-el Thomas Caparas,6,1,35,29
1655898994554,MATH 20C,A03,093476,Staff,1,1,35,34
1655898994554,MATH 20C,B01,083762,Bach; Quang Tran,3,0,30,27
1655899000585,MATH 20D,A01,083765,Tran; Brian Kha,0,0,30,30
1655899000585,MATH 20D,A02,083766,Tran; Brian Kha,0,1,30,30
1655899000585,MATH 20D,A03,083767,Tran; Brian Kha,0,0,30,30
1655899006618,MATH 20E,A01,083771,Ganguly; Soumya,0,0,32,32
1655899006618,MATH 20E,A02,083772,Ganguly; Soumya,1,1,32,31
1655899006618,MATH 20E,B01,083773,Ciotti; Benjamin,14,0,35,21
1655899006618,MATH 20E,B02,083774,Ciotti; Benjamin,12,0,35,23
1655899012648,MATH 103A,A01,083777,Greenfeld; Be'Eri,2,1,36,34
1655899012648,MATH 103A,A02,083778,Greenfeld; Be'Eri,1,0,36,35
1655899012648,MATH 103A,A03,093561,Staff,0,1,36,36
1655899012648,MATH 103A,B01,083779,Greenfeld; Be'Eri,7,1,36,29
1655899012648,MATH 103A,B02,083780,Greenfeld; Be'Eri,1,0,36,35
1655899012648,MATH 103A,B03,093562,Staff,0,0,36,36
1655899018674,MATH 105,A01,085443,Carter; Anne Toulson,3,1,35,32
1655899018674,MATH 105,A02,093477,Staff,6,0,35,29
1655899024700,MATH 109,A01,083213,Ganzberger; Geoffrey Michael,0,1,34,34
1655899024700,MATH 109,A02,083214,Ganzberger; Geoffrey Michael,0,0,34,34
1655899024700,MATH 109,A03,093478,Staff,1,0,34,33
1655899024700,MATH 109,B01,083215,Ganzberger; Geoffrey Michael,2,0,32,30
1655899024700,MATH 109,B02,083216,Ganzberger; Geoffrey Michael,0,0,32,32
1655899024700,MATH 109,B03,093479,Staff,4,0,32,28
1655899030732,MATH 142A,A01,083219,Chow; Bennett,0,0,32,32
1655899030732,MATH 142A,A02,083220,Chow; Bennett,8,0,32,24
1655899030732,MATH 142A,A03,093480,Staff,4,0,32,28
1655899030732,MATH 142A,B03,093481,Staff,3,0,32,29
1655899030732,MATH 142A,B04,093558,Staff,6,0,32,26
1655899030732,MATH 142A,B05,093559,Staff,1,0,32,31
1655899036759,MATH 193A,A01,083224,Rotar; Vladimir,1,1,34,33
1655899036759,MATH 193A,A02,083225,Rotar; Vladimir,0,0,34,34
1655899036759,MATH 193A,A03,083781,Rotar; Vladimir,2,0,34,32
1655899036759,MATH 193A,A04,083782,Rotar; Vladimir,2,0,34,32
1655899036759,MATH 193A,A05,093482,Rotar; Vladimir,2,0,34,32
1655899042785,MATH 197,001,091859,McAuley; Julian John,9999,0,9999,0
1655899042785,MATH 197,002,095566,Kedlaya; Kiran S.,9997,0,9999,2
1655899042785,MATH 197,003,095567,Xiao; Ming,9999,0,9999,0
1655899042785,MATH 197,004,095571,Perols; Johan Lars,9998,0,9999,1
1655899049843,COGS 9,A01,083615,Shannon; Kyle Michael,1,1,75,74
1655899055870,COGS 11,A01,083617,Boyle; Mary E. T.,9,1,48,39
1655899061895,COGS 13,A01,083071,Bastos; Amalia Pinkusfeld,3,1,71,68
1655899067924,COGS 14A,A01,092681,Staff,2,26,100,98
1655899073955,COGS 14B,A01,083073,Cheng; Tzu-Han,7,0,63,56
1655899079978,COGS 17,A01,092677,Staff,8,6,81,73
1655899086010,COGS 100,A01,083619,Allen; Michael Gordon,2,2,70,68
1655899092037,COGS 101A,A01,083621,Davis; Joshua Daniel,4,3,68,64
1655899098069,COGS 101B,A01,091572,Allen; Michael Gordon,1,0,65,64
1655899104100,COGS 101C,A01,083625,Delgado; Tania,8,0,35,27
1655899110129,COGS 107A,A01,083627,Boyle; Mary E. T.,0,1,60,60
1655899116154,COGS 118A,A01,083075,Gupta; Anjum,16,16,76,60
1655899122181,CSE 3,A50,083646,Miranda; Gregory Joseph,13,0,50,37
1655899128214,CSE 8A,A50,083650,Miranda; Gregory Joseph,3,11,56,53
1655899134239,CSE 11,A01,083080,Cao; Yingjun,0,69,40,40
1655899140273,CSE 12,A01,083652,Krause-Levy; Sophia Louisa,6,8,120,114
1655899146301,CSE 15L,A01,083654,Morris; Justin Loren,3,1,50,47
1655899146301,CSE 15L,A02,083655,Morris; Justin Loren,0,0,50,50
1655899152328,CSE 20,A01,083657,Tran; Khoa Dang,29,0,80,51
1655899158355,CSE 21,A01,095574,Bach; Quang Tran,23,0,48,25
1655899164383,CSE 30,A01,083084,Eldon; John,1,11,80,79
1655899164383,CSE 30,B01,095061,Bhaskar; Nishant,0,4,50,50
1655899170408,CSE 100,A01,083659,Cao; Yingjun,2,25,70,68
1655899176438,CSE 134B,A01,083661,Powell; Thomas Allan,4,6,100,96
1655899182461,CSE 140,A01,083663,Gungor; Onat,4,0,85,81
1655899188491,CSE 140L,A01,083088,Eldon; John,4,0,100,96
1655899194517,CSE 175,A01,083665,Kumar; Rakesh,1,0,25,24
1655899200550,CSE 190,A00,092507,Dubnov; Shlomo,1,0,20,19
1655899206578,ECE 45,A01,083139,Congero; Spencer William,0,1,75,75
1655899212607,ECE 65,A50,083695,Saad; Andrew S,6,0,30,24
1655899212607,ECE 65,A51,095125,Staff,23,0,26,3
1655899218632,ECE 109,A01,091882,Touri; Behrouz,1,3,70,69
1655899224772,ECE 180,A00,083140,Abi Samra; Nicholas Camill,1,0,30,29
1655899224772,ECE 180,B00,083141,Abi Samra; Nicholas Camill,0,8,28,28
1655899230802,MATH 10A,A01,083735,Patchell; Gregory David,0,0,30,30
1655899230802,MATH 10A,A02,083736,Patchell; Gregory David,21,0,30,9
1655899230802,MATH 10A,A03,083737,Patchell; Gregory David,16,0,30,14
1655899236847,MATH 10B,A01,083207,Lim; Seonhee,1,1,34,33
1655899236847,MATH 10B,A02,083208,Lim; Seonhee,0,1,35,35
1655899236847,MATH 10B,A03,093472,Staff,1,0,34,33
1655899236847,MATH 10B,B01,083739,Sinha; Shubham,10,0,30,20
1655899242874,MATH 18,A01,083743,Cinel; Cameron Alexander,4,0,30,26
1655899242874,MATH 18,A02,083744,Cinel; Cameron Alexander,11,0,30,19
1655899242874,MATH 18,A03,083745,Cinel; Cameron Alexander,0,0,30,30
1655899242874,MATH 18,B01,083748,Ma; Zilu,1,0,36,35
1655899242874,MATH 18,B02,083749,Ma; Zilu,0,0,36,36
1655899242874,MATH 18,B03,083750,Ma; Zilu,0,0,36,36
1655899242874,MATH 18,B04,083751,Ma; Zilu,0,0,36,36
1655899242874,MATH 18,B05,093473,Staff,0,0,36,36
1655899242874,MATH 18,B06,093474,Staff,0,0,36,36
1655899248899,MATH 20A,A01,083754,Zheng; Zequn,10,0,40,30
1655899254923,MATH 20B,A01,083756,Briones; Jor-el Thomas Caparas,0,1,36,36
1655899254923,MATH 20B,A02,083757,Briones; Jor-el Thomas Caparas,1,0,36,35
1655899254923,MATH 20B,A03,093475,Staff,1,0,36,35
1655899260949,MATH 20C,A01,083760,Briones; Jor-el Thomas Caparas,0,2,35,35
1655899260949,MATH 20C,A02,083761,Briones; Jor-el Thomas Caparas,6,1,35,29
1655899260949,MATH 20C,A03,093476,Staff,1,1,35,34
1655899260949,MATH 20C,B01,083762,Bach; Quang Tran,3,0,30,27
1655899266981,MATH 20D,A01,083765,Tran; Brian Kha,0,0,30,30
1655899266981,MATH 20D,A02,083766,Tran; Brian Kha,0,1,30,30
1655899266981,MATH 20D,A03,083767,Tran; Brian Kha,0,0,30,30
1655899273012,MATH 20E,A01,083771,Ganguly; Soumya,0,0,32,32
1655899273012,MATH 20E,A02,083772,Ganguly; Soumya,1,1,32,31
1655899273012,MATH 20E,B01,083773,Ciotti; Benjamin,14,0,35,21
1655899273012,MATH 20E,B02,083774,Ciotti; Benjamin,12,0,35,23
1655899279036,MATH 103A,A01,083777,Greenfeld; Be'Eri,2,1,36,34
1655899279036,MATH 103A,A02,083778,Greenfeld; Be'Eri,1,0,36,35
1655899279036,MATH 103A,A03,093561,Staff,0,1,36,36
1655899279036,MATH 103A,B01,083779,Greenfeld; Be'Eri,7,1,36,29
1655899279036,MATH 103A,B02,083780,Greenfeld; Be'Eri,1,0,36,35
1655899279036,MATH 103A,B03,093562,Staff,0,0,36,36
1655899285061,MATH 105,A01,085443,Carter; Anne Toulson,3,1,35,32
1655899285061,MATH 105,A02,093477,Staff,6,0,35,29
1655899291088,MATH 109,A01,083213,Ganzberger; Geoffrey Michael,0,1,34,34
1655899291088,MATH 109,A02,083214,Ganzberger; Geoffrey Michael,0,0,34,34
1655899291088,MATH 109,A03,093478,Staff,1,0,34,33
1655899291088,MATH 109,B01,083215,Ganzberger; Geoffrey Michael,2,0,32,30
1655899291088,MATH 109,B02,083216,Ganzberger; Geoffrey Michael,0,0,32,32
1655899291088,MATH 109,B03,093479,Staff,4,0,32,28
1655899297114,MATH 142A,A01,083219,Chow; Bennett,0,0,32,32
1655899297114,MATH 142A,A02,083220,Chow; Bennett,8,0,32,24
1655899297114,MATH 142A,A03,093480,Staff,4,0,32,28
1655899297114,MATH 142A,B03,093481,Staff,3,0,32,29
1655899297114,MATH 142A,B04,093558,Staff,6,0,32,26
1655899297114,MATH 142A,B05,093559,Staff,1,0,32,31
1655899303145,MATH 193A,A01,083224,Rotar; Vladimir,1,1,34,33
1655899303145,MATH 193A,A02,083225,Rotar; Vladimir,0,0,34,34
1655899303145,MATH 193A,A03,083781,Rotar; Vladimir,2,0,34,32
1655899303145,MATH 193A,A04,083782,Rotar; Vladimir,2,0,34,32
1655899303145,MATH 193A,A05,093482,Rotar; Vladimir,2,0,34,32
1655899309172,MATH 197,001,091859,McAuley; Julian John,9999,0,9999,0
1655899309172,MATH 197,002,095566,Kedlaya; Kiran S.,9997,0,9999,2
1655899309172,MATH 197,003,095567,Xiao; Ming,9999,0,9999,0
1655899309172,MATH 197,004,095571,Perols; Johan Lars,9998,0,9999,1
1655899316269,COGS 9,A01,083615,Shannon; Kyle Michael,1,1,75,74
1655899322295,COGS 11,A01,083617,Boyle; Mary E. T.,9,1,48,39
1655899328357,COGS 13,A01,083071,Bastos; Amalia Pinkusfeld,3,1,71,68
1655899334383,COGS 14A,A01,092681,Staff,2,26,100,98
1655899340412,COGS 14B,A01,083073,Cheng; Tzu-Han,7,0,63,56
1655899346440,COGS 17,A01,092677,Staff,8,6,81,73
1655899352472,COGS 100,A01,083619,Allen; Michael Gordon,2,2,70,68
1655899358497,COGS 101A,A01,083621,Davis; Joshua Daniel,4,3,68,64
1655899364526,COGS 101B,A01,091572,Allen; Michael Gordon,1,0,65,64
1655899370551,COGS 101C,A01,083625,Delgado; Tania,8,0,35,27
1655899376576,COGS 107A,A01,083627,Boyle; Mary E. T.,0,1,60,60
1655899382602,COGS 118A,A01,083075,Gupta; Anjum,16,16,76,60
1655899388627,CSE 3,A50,083646,Miranda; Gregory Joseph,13,0,50,37
1655899394665,CSE 8A,A50,083650,Miranda; Gregory Joseph,3,11,56,53
1655899400689,CSE 11,A01,083080,Cao; Yingjun,0,69,40,40
1655899406719,CSE 12,A01,083652,Krause-Levy; Sophia Louisa,6,8,120,114
1655899412744,CSE 15L,A01,083654,Morris; Justin Loren,3,1,50,47
1655899412744,CSE 15L,A02,083655,Morris; Justin Loren,0,0,50,50
1655899418781,CSE 20,A01,083657,Tran; Khoa Dang,29,0,80,51
1655899424812,CSE 21,A01,095574,Bach; Quang Tran,23,0,48,25
1655899430844,CSE 30,A01,083084,Eldon; John,1,11,80,79
1655899430844,CSE 30,B01,095061,Bhaskar; Nishant,0,4,50,50
1655899436874,CSE 100,A01,083659,Cao; Yingjun,2,25,70,68
1655899442899,CSE 134B,A01,083661,Powell; Thomas Allan,4,6,100,96
1655899448930,CSE 140,A01,083663,Gungor; Onat,4,0,85,81
1655899454960,CSE 140L,A01,083088,Eldon; John,4,0,100,96
1655899460988,CSE 175,A01,083665,Kumar; Rakesh,1,0,25,24
1655899467012,CSE 190,A00,092507,Dubnov; Shlomo,1,0,20,19
1655899473038,ECE 45,A01,083139,Congero; Spencer William,0,1,75,75
1655899479065,ECE 65,A50,083695,Saad; Andrew S,6,0,30,24
1655899479065,ECE 65,A51,095125,Staff,23,0,26,3
1655899485093,ECE 109,A01,091882,Touri; Behrouz,1,3,70,69
1655899491119,ECE 180,A00,083140,Abi Samra; Nicholas Camill,1,0,30,29
1655899491119,ECE 180,B00,083141,Abi Samra; Nicholas Camill,0,8,28,28
1655899497153,MATH 10A,A01,083735,Patchell; Gregory David,0,0,30,30
1655899497153,MATH 10A,A02,083736,Patchell; Gregory David,21,0,30,9
1655899497153,MATH 10A,A03,083737,Patchell; Gregory David,16,0,30,14
1655899503192,MATH 10B,A01,083207,Lim; Seonhee,1,1,34,33
1655899503192,MATH 10B,A02,083208,Lim; Seonhee,0,1,35,35
1655899503192,MATH 10B,A03,093472,Staff,1,0,34,33
1655899503192,MATH 10B,B01,083739,Sinha; Shubham,10,0,30,20
1655899509231,MATH 18,A01,083743,Cinel; Cameron Alexander,4,0,30,26
1655899509231,MATH 18,A02,083744,Cinel; Cameron Alexander,11,0,30,19
1655899509231,MATH 18,A03,083745,Cinel; Cameron Alexander,0,0,30,30
1655899509231,MATH 18,B01,083748,Ma; Zilu,1,0,36,35
1655899509231,MATH 18,B02,083749,Ma; Zilu,0,0,36,36
1655899509231,MATH 18,B03,083750,Ma; Zilu,0,0,36,36
1655899509231,MATH 18,B04,083751,Ma; Zilu,0,0,36,36
1655899509231,MATH 18,B05,093473,Staff,0,0,36,36
1655899509231,MATH 18,B06,093474,Staff,0,0,36,36
1655899515261,MATH 20A,A01,083754,Zheng; Zequn,10,0,40,30
1655899521287,MATH 20B,A01,083756,Briones; Jor-el Thomas Caparas,0,1,36,36
1655899521287,MATH 20B,A02,083757,Briones; Jor-el Thomas Caparas,1,0,36,35
1655899521287,MATH 20B,A03,093475,Staff,1,0,36,35
1655899527314,MATH 20C,A01,083760,Briones; Jor-el Thomas Caparas,0,2,35,35
1655899527314,MATH 20C,A02,083761,Briones; Jor-el Thomas Caparas,6,1,35,29
1655899527314,MATH 20C,A03,093476,Staff,1,1,35,34
1655899527314,MATH 20C,B01,083762,Bach; Quang Tran,3,0,30,27
1655899533345,MATH 20D,A01,083765,Tran; Brian Kha,0,0,30,30
1655899533345,MATH 20D,A02,083766,Tran; Brian Kha,0,1,30,30
1655899533345,MATH 20D,A03,083767,Tran; Brian Kha,0,0,30,30
1655899539380,MATH 20E,A01,083771,Ganguly; Soumya,0,0,32,32
1655899539380,MATH 20E,A02,083772,Ganguly; Soumya,1,1,32,31
1655899539380,MATH 20E,B01,083773,Ciotti; Benjamin,14,0,35,21
1655899539380,MATH 20E,B02,083774,Ciotti; Benjamin,12,0,35,23
1655899545415,MATH 103A,A01,083777,Greenfeld; Be'Eri,2,1,36,34
1655899545415,MATH 103A,A02,083778,Greenfeld; Be'Eri,1,0,36,35
1655899545415,MATH 103A,A03,093561,Staff,0,1,36,36
1655899545415,MATH 103A,B01,083779,Greenfeld; Be'Eri,7,1,36,29
1655899545415,MATH 103A,B02,083780,Greenfeld; Be'Eri,1,0,36,35
1655899545415,MATH 103A,B03,093562,Staff,0,0,36,36
1655899551454,MATH 105,A01,085443,Carter; Anne Toulson,3,1,35,32
1655899551454,MATH 105,A02,093477,Staff,6,0,35,29
1655899557480,MATH 109,A01,083213,Ganzberger; Geoffrey Michael,0,1,34,34
1655899557480,MATH 109,A02,083214,Ganzberger; Geoffrey Michael,0,0,34,34
1655899557480,MATH 109,A03,093478,Staff,1,0,34,33
1655899557480,MATH 109,B01,083215,Ganzberger; Geoffrey Michael,2,0,32,30
1655899557480,MATH 109,B02,083216,Ganzberger; Geoffrey Michael,0,0,32,32
1655899557480,MATH 109,B03,093479,Staff,4,0,32,28
1655899563508,MATH 142A,A01,083219,Chow; Bennett,0,0,32,32
1655899563508,MATH 142A,A02,083220,Chow; Bennett,8,0,32,24
1655899563508,MATH 142A,A03,093480,Staff,4,0,32,28
1655899563508,MATH 142A,B03,093481,Staff,3,0,32,29
1655899563508,MATH 142A,B04,093558,Staff,6,0,32,26
1655899563508,MATH 142A,B05,093559,Staff,1,0,32,31
1655899569535,MATH 193A,A01,083224,Rotar; Vladimir,1,1,34,33
1655899569535,MATH 193A,A02,083225,Rotar; Vladimir,0,0,34,34
1655899569535,MATH 193A,A03,083781,Rotar; Vladimir,2,0,34,32
1655899569535,MATH 193A,A04,083782,Rotar; Vladimir,2,0,34,32
1655899569535,MATH 193A,A05,093482,Rotar; Vladimir,2,0,34,32
1655899575568,MATH 197,001,091859,McAuley; Julian John,9999,0,9999,0
1655899575568,MATH 197,002,095566,Kedlaya; Kiran S.,9997,0,9999,2
1655899575568,MATH 197,003,095567,Xiao; Ming,9999,0,9999,0
1655899575568,MATH 197,004,095571,Perols; Johan Lars,9998,0,9999,1
1655899582637,COGS 9,A01,083615,Shannon; Kyle Michael,1,1,75,74
1655899588666,COGS 11,A01,083617,Boyle; Mary E. T.,9,1,48,39
1655899594694,COGS 13,A01,083071,Bastos; Amalia Pinkusfeld,3,1,71,68
1655899600723,COGS 14A,A01,092681,Staff,2,26,100,98
1655899606754,COGS 14B,A01,083073,Cheng; Tzu-Han,7,0,63,56
1655899612792,COGS 17,A01,092677,Staff,8,6,81,73
1655899618825,COGS 100,A01,083619,Allen; Michael Gordon,2,2,70,68
1655899624855,COGS 101A,A01,083621,Davis; Joshua Daniel,4,3,68,64
1655899630881,COGS 101B,A01,091572,Allen; Michael Gordon,1,0,65,64
1655899636911,COGS 101C,A01,083625,Delgado; Tania,8,0,35,27
1655899642934,COGS 107A,A01,083627,Boyle; Mary E. T.,0,1,60,60
1655899648959,COGS 118A,A01,083075,Gupta; Anjum,16,16,76,60
1655899654994,CSE 3,A50,083646,Miranda; Gregory Joseph,13,0,50,37
1655899661033,CSE 8A,A50,083650,Miranda; Gregory Joseph,3,11,56,53
1655899667064,CSE 11,A01,083080,Cao; Yingjun,0,69,40,40
1655899673088,CSE 12,A01,083652,Krause-Levy; Sophia Louisa,6,8,120,114
1655899679118,CSE 15L,A01,083654,Morris; Justin Loren,3,1,50,47
1655899679118,CSE 15L,A02,083655,Morris; Justin Loren,0,0,50,50
1655899685147,CSE 20,A01,083657,Tran; Khoa Dang,29,0,80,51
1655899691172,CSE 21,A01,095574,Bach; Quang Tran,23,0,48,25
1655899697209,CSE 30,A01,083084,Eldon; John,1,11,80,79
1655899697209,CSE 30,B01,095061,Bhaskar; Nishant,0,4,50,50
1655899703242,CSE 100,A01,083659,Cao; Yingjun,2,25,70,68
1655899709269,CSE 134B,A01,083661,Powell; Thomas Allan,4,6,100,96
1655899715299,CSE 140,A01,083663,Gungor; Onat,4,0,85,81
1655899721330,CSE 140L,A01,083088,Eldon; John,4,0,100,96
1655899727483,CSE 175,A01,083665,Kumar; Rakesh,1,0,25,24
1655899733516,CSE 190,A00,092507,Dubnov; Shlomo,1,0,20,19
1655899739556,ECE 45,A01,083139,Congero; Spencer William,0,1,75,75
1655899745591,ECE 65,A50,083695,Saad; Andrew S,6,0,30,24
1655899745591,ECE 65,A51,095125,Staff,23,0,26,3
1655899751624,ECE 109,A01,091882,Touri; Behrouz,1,3,70,69
1655899757655,ECE 180,A00,083140,Abi Samra; Nicholas Camill,1,0,30,29
1655899757655,ECE 180,B00,083141,Abi Samra; Nicholas Camill,0,8,28,28
1655899763690,MATH 10A,A01,083735,Patchell; Gregory David,0,0,30,30
1655899763690,MATH 10A,A02,083736,Patchell; Gregory David,21,0,30,9
1655899763690,MATH 10A,A03,083737,Patchell; Gregory David,16,0,30,14
1655899769719,MATH 10B,A01,083207,Lim; Seonhee,1,1,34,33
1655899769719,MATH 10B,A02,083208,Lim; Seonhee,0,1,35,35
1655899769719,MATH 10B,A03,093472,Staff,1,0,34,33
1655899769719,MATH 10B,B01,083739,Sinha; Shubham,10,0,30,20
1655899775760,MATH 18,A01,083743,Cinel; Cameron Alexander,4,0,30,26
1655899775760,MATH 18,A02,083744,Cinel; Cameron Alexander,11,0,30,19
1655899775760,MATH 18,A03,083745,Cinel; Cameron Alexander,0,0,30,30
1655899775760,MATH 18,B01,083748,Ma; Zilu,1,0,36,35
1655899775760,MATH 18,B02,083749,Ma; Zilu,0,0,36,36
1655899775760,MATH 18,B03,083750,Ma; Zilu,0,0,36,36
1655899775760,MATH 18,B04,083751,Ma; Zilu,0,0,36,36
1655899775760,MATH 18,B05,093473,Staff,0,0,36,36
1655899775760,MATH 18,B06,093474,Staff,0,0,36,36
1655899781791,MATH 20A,A01,083754,Zheng; Zequn,10,0,40,30
1655899787816,MATH 20B,A01,083756,Briones; Jor-el Thomas Caparas,0,1,36,36
1655899787816,MATH 20B,A02,083757,Briones; Jor-el Thomas Caparas,1,0,36,35
1655899787816,MATH 20B,A03,093475,Staff,1,0,36,35
1655899793849,MATH 20C,A01,083760,Briones; Jor-el Thomas Caparas,0,2,35,35
1655899793849,MATH 20C,A02,083761,Briones; Jor-el Thomas Caparas,6,1,35,29
1655899793849,MATH 20C,A03,093476,Staff,1,1,35,34
1655899793849,MATH 20C,B01,083762,Bach; Quang Tran,3,0,30,27
1655899799874,MATH 20D,A01,083765,Tran; Brian Kha,0,0,30,30
1655899799874,MATH 20D,A02,083766,Tran; Brian Kha,0,1,30,30
1655899799874,MATH 20D,A03,083767,Tran; Brian Kha,0,0,30,30
1655899805907,MATH 20E,A01,083771,Ganguly; Soumya,0,0,32,32
1655899805907,MATH 20E,A02,083772,Ganguly; Soumya,1,1,32,31
1655899805907,MATH 20E,B01,083773,Ciotti; Benjamin,14,0,35,21
1655899805907,MATH 20E,B02,083774,Ciotti; Benjamin,12,0,35,23
1655899811937,MATH 103A,A01,083777,Greenfeld; Be'Eri,2,1,36,34
1655899811937,MATH 103A,A02,083778,Greenfeld; Be'Eri,1,0,36,35
1655899811937,MATH 103A,A03,093561,Staff,0,1,36,36
1655899811937,MATH 103A,B01,083779,Greenfeld; Be'Eri,7,1,36,29
1655899811937,MATH 103A,B02,083780,Greenfeld; Be'Eri,1,0,36,35
1655899811937,MATH 103A,B03,093562,Staff,0,0,36,36
1655899817962,MATH 105,A01,085443,Carter; Anne Toulson,3,1,35,32
1655899817962,MATH 105,A02,093477,Staff,6,0,35,29
1655899824068,MATH 109,A01,083213,Ganzberger; Geoffrey Michael,0,1,34,34
1655899824068,MATH 109,A02,083214,Ganzberger; Geoffrey Michael,0,0,34,34
1655899824068,MATH 109,A03,093478,Staff,1,0,34,33
1655899824068,MATH 109,B01,083215,Ganzberger; Geoffrey Michael,2,0,32,30
1655899824068,MATH 109,B02,083216,Ganzberger; Geoffrey Michael,0,0,32,32
1655899824068,MATH 109,B03,093479,Staff,4,0,32,28
1655899830096,MATH 142A,A01,083219,Chow; Bennett,0,0,32,32
1655899830096,MATH 142A,A02,083220,Chow; Bennett,8,0,32,24
1655899830096,MATH 142A,A03,093480,Staff,4,0,32,28
1655899830096,MATH 142A,B03,093481,Staff,3,0,32,29
1655899830096,MATH 142A,B04,093558,Staff,6,0,32,26
1655899830096,MATH 142A,B05,093559,Staff,1,0,32,31
1655899836123,MATH 193A,A01,083224,Rotar; Vladimir,1,1,34,33
1655899836123,MATH 193A,A02,083225,Rotar; Vladimir,0,0,34,34
1655899836123,MATH 193A,A03,083781,Rotar; Vladimir,2,0,34,32
1655899836123,MATH 193A,A04,083782,Rotar; Vladimir,2,0,34,32
1655899836123,MATH 193A,A05,093482,Rotar; Vladimir,2,0,34,32
1655899842151,MATH 197,001,091859,McAuley; Julian John,9999,0,9999,0
1655899842151,MATH 197,002,095566,Kedlaya; Kiran S.,9997,0,9999,2
1655899842151,MATH 197,003,095567,Xiao; Ming,9999,0,9999,0
1655899842151,MATH 197,004,095571,Perols; Johan Lars,9998,0,9999,1
1655899849236,COGS 9,A01,083615,Shannon; Kyle Michael,1,1,75,74
1655899855271,COGS 11,A01,083617,Boyle; Mary E. T.,9,1,48,39
1655899861301,COGS 13,A01,083071,Bastos; Amalia Pinkusfeld,3,1,71,68
1655899867325,COGS 14A,A01,092681,Staff,2,26,100,98
1655899873357,COGS 14B,A01,083073,Cheng; Tzu-Han,7,0,63,56
1655899879386,COGS 17,A01,092677,Staff,8,6,81,73
1655899885413,COGS 100,A01,083619,Allen; Michael Gordon,2,2,70,68
1655899891443,COGS 101A,A01,083621,Davis; Joshua Daniel,4,3,68,64
1655899897470,COGS 101B,A01,091572,Allen; Michael Gordon,1,0,65,64
1655899903494,COGS 101C,A01,083625,Delgado; Tania,8,0,35,27
1655899909521,COGS 107A,A01,083627,Boyle; Mary E. T.,0,1,60,60
1655899915545,COGS 118A,A01,083075,Gupta; Anjum,16,16,76,60
1655899921572,CSE 3,A50,083646,Miranda; Gregory Joseph,13,0,50,37
1655899927594,CSE 8A,A50,083650,Miranda; Gregory Joseph,3,11,56,53
1655899933619,CSE 11,A01,083080,Cao; Yingjun,0,69,40,40
1655899939652,CSE 12,A01,083652,Krause-Levy; Sophia Louisa,6,8,120,114
1655899945677,CSE 15L,A01,083654,Morris; Justin Loren,3,1,50,47
1655899945677,CSE 15L,A02,083655,Morris; Justin Loren,0,0,50,50
1655899951710,CSE 20,A01,083657,Tran; Khoa Dang,29,0,80,51
1655899957751,CSE 21,A01,095574,Bach; Quang Tran,23,0,48,25
1655899963799,CSE 30,A01,083084,Eldon; John,1,11,80,79
1655899963799,CSE 30,B01,095061,Bhaskar; Nishant,0,4,50,50
1655899969829,CSE 100,A01,083659,Cao; Yingjun,2,25,70,68
1655899975858,CSE 134B,A01,083661,Powell; Thomas Allan,4,6,100,96
1655899981885,CSE 140,A01,083663,Gungor; Onat,4,0,85,81
1655899987908,CSE 140L,A01,083088,Eldon; John,4,0,100,96
1655899993934,CSE 175,A01,083665,Kumar; Rakesh,1,0,25,24
1655899999959,CSE 190,A00,092507,Dubnov; Shlomo,1,0,20,19
1655900005991,ECE 45,A01,083139,Congero; Spencer William,0,1,75,75
1655900012016,ECE 65,A50,083695,Saad; Andrew S,6,0,30,24
1655900012016,ECE 65,A51,095125,Staff,23,0,26,3
1655900018041,ECE 109,A01,091882,Touri; Behrouz,1,3,70,69
1655900024067,ECE 180,A00,083140,Abi Samra; Nicholas Camill,1,0,30,29
1655900024067,ECE 180,B00,083141,Abi Samra; Nicholas Camill,0,8,28,28
1655900030093,MATH 10A,A01,083735,Patchell; Gregory David,0,0,30,30
1655900030093,MATH 10A,A02,083736,Patchell; Gregory David,21,0,30,9
1655900030093,MATH 10A,A03,083737,Patchell; Gregory David,16,0,30,14
1655900036124,MATH 10B,A01,083207,Lim; Seonhee,1,1,34,33
1655900036124,MATH 10B,A02,083208,Lim; Seonhee,0,1,35,35
1655900036124,MATH 10B,A03,093472,Staff,1,0,34,33
1655900036124,MATH 10B,B01,083739,Sinha; Shubham,10,0,30,20
1655900042161,MATH 18,A01,083743,Cinel; Cameron Alexander,4,0,30,26
1655900042161,MATH 18,A02,083744,Cinel; Cameron Alexander,11,0,30,19
1655900042161,MATH 18,A03,083745,Cinel; Cameron Alexander,0,0,30,30
1655900042161,MATH 18,B01,083748,Ma; Zilu,1,0,36,35
1655900042161,MATH 18,B02,083749,Ma; Zilu,0,0,36,36
1655900042161,MATH 18,B03,083750,Ma; Zilu,0,0,36,36
1655900042161,MATH 18,B04,083751,Ma; Zilu,0,0,36,36
1655900042161,MATH 18,B05,093473,Staff,0,0,36,36
1655900042161,MATH 18,B06,093474,Staff,0,0,36,36
1655900048200,MATH 20A,A01,083754,Zheng; Zequn,10,0,40,30
1655900054228,MATH 20B,A01,083756,Briones; Jor-el Thomas Caparas,0,1,36,36
1655900054228,MATH 20B,A02,083757,Briones; Jor-el Thomas Caparas,1,0,36,35
1655900054228,MATH 20B,A03,093475,Staff,1,0,36,35
1655900060261,MATH 20C,A01,083760,Briones; Jor-el Thomas Caparas,0,2,35,35
1655900060261,MATH 20C,A02,083761,Briones; Jor-el Thomas Caparas,6,1,35,29
1655900060261,MATH 20C,A03,093476,Staff,1,1,35,34
1655900060261,MATH 20C,B01,083762,Bach; Quang Tran,3,0,30,27
1655900066290,MATH 20D,A01,083765,Tran; Brian Kha,0,0,30,30
1655900066290,MATH 20D,A02,083766,Tran; Brian Kha,0,1,30,30
1655900066290,MATH 20D,A03,083767,Tran; Brian Kha,0,0,30,30
1655900072334,MATH 20E,A01,083771,Ganguly; Soumya,0,0,32,32
1655900072334,MATH 20E,A02,083772,Ganguly; Soumya,1,1,32,31
1655900072334,MATH 20E,B01,083773,Ciotti; Benjamin,14,0,35,21
1655900072334,MATH 20E,B02,083774,Ciotti; Benjamin,12,0,35,23
1655900078363,MATH 103A,A01,083777,Greenfeld; Be'Eri,2,1,36,34
1655900078363,MATH 103A,A02,083778,Greenfeld; Be'Eri,1,0,36,35
1655900078363,MATH 103A,A03,093561,Staff,0,1,36,36
1655900078363,MATH 103A,B01,083779,Greenfeld; Be'Eri,7,1,36,29
1655900078363,MATH 103A,B02,083780,Greenfeld; Be'Eri,1,0,36,35
1655900078363,MATH 103A,B03,093562,Staff,0,0,36,36
1655900084394,MATH 105,A01,085443,Carter; Anne Toulson,3,1,35,32
1655900084394,MATH 105,A02,093477,Staff,6,0,35,29
1655900090425,MATH 109,A01,083213,Ganzberger; Geoffrey Michael,0,1,34,34
1655900090425,MATH 109,A02,083214,Ganzberger; Geoffrey Michael,0,0,34,34
1655900090425,MATH 109,A03,093478,Staff,1,0,34,33
1655900090425,MATH 109,B01,083215,Ganzberger; Geoffrey Michael,2,0,32,30
1655900090425,MATH 109,B02,083216,Ganzberger; Geoffrey Michael,0,0,32,32
1655900090425,MATH 109,B03,093479,Staff,4,0,32,28
1655900096451,MATH 142A,A01,083219,Chow; Bennett,0,0,32,32
1655900096451,MATH 142A,A02,083220,Chow; Bennett,8,0,32,24
1655900096451,MATH 142A,A03,093480,Staff,4,0,32,28
1655900096451,MATH 142A,B03,093481,Staff,3,0,32,29
1655900096451,MATH 142A,B04,093558,Staff,6,0,32,26
1655900096451,MATH 142A,B05,093559,Staff,1,0,32,31
1655900102489,MATH 193A,A01,083224,Rotar; Vladimir,1,1,34,33
1655900102489,MATH 193A,A02,083225,Rotar; Vladimir,0,0,34,34
1655900102489,MATH 193A,A03,083781,Rotar; Vladimir,2,0,34,32
1655900102489,MATH 193A,A04,083782,Rotar; Vladimir,2,0,34,32
1655900102489,MATH 193A,A05,093482,Rotar; Vladimir,2,0,34,32
1655900108520,MATH 197,001,091859,McAuley; Julian John,9999,0,9999,0
1655900108520,MATH 197,002,095566,Kedlaya; Kiran S.,9997,0,9999,2
1655900108520,MATH 197,003,095567,Xiao; Ming,9999,0,9999,0
1655900108520,MATH 197,004,095571,Perols; Johan Lars,9998,0,9999,1
1655900115606,COGS 9,A01,083615,Shannon; Kyle Michael,1,1,75,74
1655900121635,COGS 11,A01,083617,Boyle; Mary E. T.,9,1,48,39
1655900127670,COGS 13,A01,083071,Bastos; Amalia Pinkusfeld,3,1,71,68
1655900133695,COGS 14A,A01,092681,Staff,2,26,100,98
1655900139725,COGS 14B,A01,083073,Cheng; Tzu-Han,7,0,63,56
1655900145756,COGS 17,A01,092677,Staff,8,6,81,73
1655900151788,COGS 100,A01,083619,Allen; Michael Gordon,2,2,70,68
1655900157818,COGS 101A,A01,083621,Davis; Joshua Daniel,4,3,68,64
1655900163850,COGS 101B,A01,091572,Allen; Michael Gordon,1,0,65,64
1655900169877,COGS 101C,A01,083625,Delgado; Tania,8,0,35,27
1655900175908,COGS 107A,A01,083627,Boyle; Mary E. T.,0,1,60,60
1655900181933,COGS 118A,A01,083075,Gupta; Anjum,16,16,76,60
1655900187969,CSE 3,A50,083646,Miranda; Gregory Joseph,13,0,50,37
1655900193998,CSE 8A,A50,083650,Miranda; Gregory Joseph,3,11,56,53
1655900200027,CSE 11,A01,083080,Cao; Yingjun,0,69,40,40
1655900206051,CSE 12,A01,083652,Krause-Levy; Sophia Louisa,6,8,120,114
1655900212076,CSE 15L,A01,083654,Morris; Justin Loren,3,1,50,47
1655900212076,CSE 15L,A02,083655,Morris; Justin Loren,0,0,50,50
1655900218107,CSE 20,A01,083657,Tran; Khoa Dang,29,0,80,51
1655900224131,CSE 21,A01,095574,Bach; Quang Tran,23,0,48,25
1655900230163,CSE 30,A01,083084,Eldon; John,1,11,80,79
1655900230163,CSE 30,B01,095061,Bhaskar; Nishant,0,4,50,50
1655900236187,CSE 100,A01,083659,Cao; Yingjun,2,25,70,68
1655900242219,CSE 134B,A01,083661,Powell; Thomas Allan,4,6,100,96
1655900248249,CSE 140,A01,083663,Gungor; Onat,4,0,85,81
1655900254273,CSE 140L,A01,083088,Eldon; John,4,0,100,96
1655900260299,CSE 175,A01,083665,Kumar; Rakesh,1,0,25,24
1655900266331,CSE 190,A00,092507,Dubnov; Shlomo,1,0,20,19
1655900272361,ECE 45,A01,083139,Congero; Spencer William,0,1,75,75
1655900278385,ECE 65,A50,083695,Saad; Andrew S,6,0,30,24
1655900278385,ECE 65,A51,095125,Staff,23,0,26,3
1655900284411,ECE 109,A01,091882,Touri; Behrouz,1,3,70,69
1655900290436,ECE 180,A00,083140,Abi Samra; Nicholas Camill,1,0,30,29
1655900290436,ECE 180,B00,083141,Abi Samra; Nicholas Camill,0,8,28,28
1655900296471,MATH 10A,A01,083735,Patchell; Gregory David,0,0,30,30
1655900296471,MATH 10A,A02,083736,Patchell; Gregory David,21,0,30,9
1655900296471,MATH 10A,A03,083737,Patchell; Gregory David,16,0,30,14
1655900302513,MATH 10B,A01,083207,Lim; Seonhee,1,1,34,33
1655900302513,MATH 10B,A02,083208,Lim; Seonhee,0,1,35,35
1655900302513,MATH 10B,A03,093472,Staff,1,0,34,33
1655900302513,MATH 10B,B01,083739,Sinha; Shubham,10,0,30,20
1655900308542,MATH 18,A01,083743,Cinel; Cameron Alexander,4,0,30,26
1655900308542,MATH 18,A02,083744,Cinel; Cameron Alexander,11,0,30,19
1655900308542,MATH 18,A03,083745,Cinel; Cameron Alexander,0,0,30,30
1655900308542,MATH 18,B01,083748,Ma; Zilu,1,0,36,35
1655900308542,MATH 18,B02,083749,Ma; Zilu,0,0,36,36
1655900308542,MATH 18,B03,083750,Ma; Zilu,0,0,36,36
1655900308542,MATH 18,B04,083751,Ma; Zilu,0,0,36,36
1655900308542,MATH 18,B05,093473,Staff,0,0,36,36
1655900308542,MATH 18,B06,093474,Staff,0,0,36,36
1655900314570,MATH 20A,A01,083754,Zheng; Zequn,10,0,40,30
1655900320603,MATH 20B,A01,083756,Briones; Jor-el Thomas Caparas,0,1,36,36
1655900320603,MATH 20B,A02,083757,Briones; Jor-el Thomas Caparas,1,0,36,35
1655900320603,MATH 20B,A03,093475,Staff,1,0,36,35
1655900326634,MATH 20C,A01,083760,Briones; Jor-el Thomas Caparas,0,2,35,35
1655900326634,MATH 20C,A02,083761,Briones; Jor-el Thomas Caparas,6,1,35,29
1655900326634,MATH 20C,A03,093476,Staff,1,1,35,34
1655900326634,MATH 20C,B01,083762,Bach; Quang Tran,3,0,30,27
1655900332662,MATH 20D,A01,083765,Tran; Brian Kha,0,0,30,30
1655900332662,MATH 20D,A02,083766,Tran; Brian Kha,0,1,30,30
1655900332662,MATH 20D,A03,083767,Tran; Brian Kha,0,0,30,30
1655900338697,MATH 20E,A01,083771,Ganguly; Soumya,0,0,32,32
1655900338697,MATH 20E,A02,083772,Ganguly; Soumya,1,1,32,31
1655900338697,MATH 20E,B01,083773,Ciotti; Benjamin,14,0,35,21
1655900338697,MATH 20E,B02,083774,Ciotti; Benjamin,12,0,35,23
1655900344735,MATH 103A,A01,083777,Greenfeld; Be'Eri,2,1,36,34
1655900344735,MATH 103A,A02,083778,Greenfeld; Be'Eri,1,0,36,35
1655900344735,MATH 103A,A03,093561,Staff,0,1,36,36
1655900344735,MATH 103A,B01,083779,Greenfeld; Be'Eri,7,1,36,29
1655900344735,MATH 103A,B02,083780,Greenfeld; Be'Eri,1,0,36,35
1655900344735,MATH 103A,B03,093562,Staff,0,0,36,36
1655900350765,MATH 105,A01,085443,Carter; Anne Toulson,3,1,35,32
1655900350765,MATH 105,A02,093477,Staff,6,0,35,29
1655900356806,MATH 109,A01,083213,Ganzberger; Geoffrey Michael,0,1,34,34
1655900356806,MATH 109,A02,083214,Ganzberger; Geoffrey Michael,0,0,34,34
1655900356806,MATH 109,A03,093478,Staff,1,0,34,33
1655900356806,MATH 109,B01,083215,Ganzberger; Geoffrey Michael,2,0,32,30
1655900356806,MATH 109,B02,083216,Ganzberger; Geoffrey Michael,0,0,32,32
1655900356806,MATH 109,B03,093479,Staff,4,0,32,28
1655900362834,MATH 142A,A01,083219,Chow; Bennett,0,0,32,32
1655900362834,MATH 142A,A02,083220,Chow; Bennett,8,0,32,24
1655900362834,MATH 142A,A03,093480,Staff,4,0,32,28
1655900362834,MATH 142A,B03,093481,Staff,3,0,32,29
1655900362834,MATH 142A,B04,093558,Staff,6,0,32,26
1655900362834,MATH 142A,B05,093559,Staff,1,0,32,31
1655900368859,MATH 193A,A01,083224,Rotar; Vladimir,1,1,34,33
1655900368859,MATH 193A,A02,083225,Rotar; Vladimir,0,0,34,34
1655900368859,MATH 193A,A03,083781,Rotar; Vladimir,2,0,34,32
1655900368859,MATH 193A,A04,083782,Rotar; Vladimir,2,0,34,32
1655900368859,MATH 193A,A05,093482,Rotar; Vladimir,2,0,34,32
1655900374885,MATH 197,001,091859,McAuley; Julian John,9999,0,9999,0
1655900374885,MATH 197,002,095566,Kedlaya; Kiran S.,9997,0,9999,2
1655900374885,MATH 197,003,095567,Xiao; Ming,9999,0,9999,0
1655900374885,MATH 197,004,095571,Perols; Johan Lars,9998,0,9999,1
1655900381951,COGS 9,A01,083615,Shannon; Kyle Michael,1,1,75,74
1655900387976,COGS 11,A01,083617,Boyle; Mary E. T.,9,1,48,39
1655900394002,COGS 13,A01,083071,Bastos; Amalia Pinkusfeld,3,1,71,68
1655900400027,COGS 14A,A01,092681,Staff,2,26,100,98
1655900406052,COGS 14B,A01,083073,Cheng; Tzu-Han,7,0,63,56
1655900412079,COGS 17,A01,092677,Staff,8,6,81,73
1655900418174,COGS 100,A01,083619,Allen; Michael Gordon,2,2,70,68
1655900424199,COGS 101A,A01,083621,Davis; Joshua Daniel,4,3,68,64
1655900430224,COGS 101B,A01,091572,Allen; Michael Gordon,1,0,65,64
1655900436249,COGS 101C,A01,083625,Delgado; Tania,8,0,35,27
1655900442273,COGS 107A,A01,083627,Boyle; Mary E. T.,0,1,60,60
1655900448302,COGS 118A,A01,083075,Gupta; Anjum,16,16,76,60
1655900454329,CSE 3,A50,083646,Miranda; Gregory Joseph,13,0,50,37
1655900460357,CSE 8A,A50,083650,Miranda; Gregory Joseph,3,11,56,53
1655900466384,CSE 11,A01,083080,Cao; Yingjun,0,69,40,40
1655900472415,CSE 12,A01,083652,Krause-Levy; Sophia Louisa,6,8,120,114
1655900478446,CSE 15L,A01,083654,Morris; Justin Loren,3,1,50,47
1655900478446,CSE 15L,A02,083655,Morris; Justin Loren,0,0,50,50
1655900484473,CSE 20,A01,083657,Tran; Khoa Dang,29,0,80,51
1655900490498,CSE 21,A01,095574,Bach; Quang Tran,23,0,48,25
1655900496525,CSE 30,A01,083084,Eldon; John,1,11,80,79
1655900496525,CSE 30,B01,095061,Bhaskar; Nishant,0,4,50,50
1655900502551,CSE 100,A01,083659,Cao; Yingjun,2,25,70,68
1655900508578,CSE 134B,A01,083661,Powell; Thomas Allan,4,6,100,96
1655900514603,CSE 140,A01,083663,Gungor; Onat,4,0,85,81
1655900520637,CSE 140L,A01,083088,Eldon; John,4,0,100,96
1655900526666,CSE 175,A01,083665,Kumar; Rakesh,1,0,25,24
1655900532691,CSE 190,A00,092507,Dubnov; Shlomo,1,0,20,19
1655900538727,ECE 45,A01,083139,Congero; Spencer William,0,1,75,75
1655900544753,ECE 65,A50,083695,Saad; Andrew S,6,0,30,24
1655900544753,ECE 65,A51,095125,Staff,23,0,26,3
1655900550783,ECE 109,A01,091882,Touri; Behrouz,1,3,70,69
1655900556807,ECE 180,A00,083140,Abi Samra; Nicholas Camill,1,0,30,29
1655900556807,ECE 180,B00,083141,Abi Samra; Nicholas Camill,0,8,28,28
1655900562834,MATH 10A,A01,083735,Patchell; Gregory David,0,0,30,30
1655900562834,MATH 10A,A02,083736,Patchell; Gregory David,21,0,30,9
1655900562834,MATH 10A,A03,083737,Patchell; Gregory David,16,0,30,14
1655900568861,MATH 10B,A01,083207,Lim; Seonhee,1,1,34,33
1655900568861,MATH 10B,A02,083208,Lim; Seonhee,0,1,35,35
1655900568861,MATH 10B,A03,093472,Staff,1,0,34,33
1655900568861,MATH 10B,B01,083739,Sinha; Shubham,10,0,30,20
1655900574889,MATH 18,A01,083743,Cinel; Cameron Alexander,4,0,30,26
1655900574889,MATH 18,A02,083744,Cinel; Cameron Alexander,11,0,30,19
1655900574889,MATH 18,A03,083745,Cinel; Cameron Alexander,0,0,30,30
1655900574889,MATH 18,B01,083748,Ma; Zilu,1,0,36,35
1655900574889,MATH 18,B02,083749,Ma; Zilu,0,0,36,36
1655900574889,MATH 18,B03,083750,Ma; Zilu,0,0,36,36
1655900574889,MATH 18,B04,083751,Ma; Zilu,0,0,36,36
1655900574889,MATH 18,B05,093473,Staff,0,0,36,36
1655900574889,MATH 18,B06,093474,Staff,0,0,36,36
1655900580916,MATH 20A,A01,083754,Zheng; Zequn,10,0,40,30
1655900586946,MATH 20B,A01,083756,Briones; Jor-el Thomas Caparas,0,1,36,36
1655900586946,MATH 20B,A02,083757,Briones; Jor-el Thomas Caparas,1,0,36,35
1655900586946,MATH 20B,A03,093475,Staff,1,0,36,35
1655900592982,MATH 20C,A01,083760,Briones; Jor-el Thomas Caparas,0,2,35,35
1655900592982,MATH 20C,A02,083761,Briones; Jor-el Thomas Caparas,6,1,35,29
1655900592982,MATH 20C,A03,093476,Staff,1,1,35,34
1655900592982,MATH 20C,B01,083762,Bach; Quang Tran,3,0,30,27
1655900599011,MATH 20D,A01,083765,Tran; Brian Kha,0,0,30,30
1655900599011,MATH 20D,A02,083766,Tran; Brian Kha,0,1,30,30
1655900599011,MATH 20D,A03,083767,Tran; Brian Kha,0,0,30,30
1655900605044,MATH 20E,A01,083771,Ganguly; Soumya,0,0,32,32
1655900605044,MATH 20E,A02,083772,Ganguly; Soumya,1,1,32,31
1655900605044,MATH 20E,B01,083773,Ciotti; Benjamin,14,0,35,21
1655900605044,MATH 20E,B02,083774,Ciotti; Benjamin,12,0,35,23
1655900611069,MATH 103A,A01,083777,Greenfeld; Be'Eri,2,1,36,34
1655900611069,MATH 103A,A02,083778,Greenfeld; Be'Eri,1,0,36,35
1655900611069,MATH 103A,A03,093561,Staff,0,1,36,36
1655900611069,MATH 103A,B01,083779,Greenfeld; Be'Eri,7,1,36,29
1655900611069,MATH 103A,B02,083780,Greenfeld; Be'Eri,1,0,36,35
1655900611069,MATH 103A,B03,093562,Staff,0,0,36,36
1655900617093,MATH 105,A01,085443,Carter; Anne Toulson,3,1,35,32
1655900617093,MATH 105,A02,093477,Staff,6,0,35,29
1655900623119,MATH 109,A01,083213,Ganzberger; Geoffrey Michael,0,1,34,34
1655900623119,MATH 109,A02,083214,Ganzberger; Geoffrey Michael,0,0,34,34
1655900623119,MATH 109,A03,093478,Staff,1,0,34,33
1655900623119,MATH 109,B01,083215,Ganzberger; Geoffrey Michael,2,0,32,30
1655900623119,MATH 109,B02,083216,Ganzberger; Geoffrey Michael,0,0,32,32
1655900623119,MATH 109,B03,093479,Staff,4,0,32,28
1655900629145,MATH 142A,A01,083219,Chow; Bennett,0,0,32,32
1655900629145,MATH 142A,A02,083220,Chow; Bennett,8,0,32,24
1655900629145,MATH 142A,A03,093480,Staff,4,0,32,28
1655900629145,MATH 142A,B03,093481,Staff,3,0,32,29
1655900629145,MATH 142A,B04,093558,Staff,6,0,32,26
1655900629145,MATH 142A,B05,093559,Staff,1,0,32,31
1655900635175,MATH 193A,A01,083224,Rotar; Vladimir,1,1,34,33
1655900635175,MATH 193A,A02,083225,Rotar; Vladimir,0,0,34,34
1655900635175,MATH 193A,A03,083781,Rotar; Vladimir,2,0,34,32
1655900635175,MATH 193A,A04,083782,Rotar; Vladimir,2,0,34,32
1655900635175,MATH 193A,A05,093482,Rotar; Vladimir,2,0,34,32
1655900641211,MATH 197,001,091859,McAuley; Julian John,9999,0,9999,0
1655900641211,MATH 197,002,095566,Kedlaya; Kiran S.,9997,0,9999,2
1655900641211,MATH 197,003,095567,Xiao; Ming,9999,0,9999,0
1655900641211,MATH 197,004,095571,Perols; Johan Lars,9998,0,9999,1
1655900648277,COGS 9,A01,083615,Shannon; Kyle Michael,1,1,75,74
1655900654311,COGS 11,A01,083617,Boyle; Mary E. T.,9,1,48,39
1655900660340,COGS 13,A01,083071,Bastos; Amalia Pinkusfeld,3,1,71,68
1655900666372,COGS 14A,A01,092681,Staff,2,26,100,98
1655900672400,COGS 14B,A01,083073,Cheng; Tzu-Han,7,0,63,56
1655900678427,COGS 17,A01,092677,Staff,8,6,81,73
1655900684455,COGS 100,A01,083619,Allen; Michael Gordon,2,2,70,68
1655900690483,COGS 101A,A01,083621,Davis; Joshua Daniel,4,3,68,64
1655900696508,COGS 101B,A01,091572,Allen; Michael Gordon,1,0,65,64
1655900702532,COGS 101C,A01,083625,Delgado; Tania,8,0,35,27
1655900708561,COGS 107A,A01,083627,Boyle; Mary E. T.,0,1,60,60
1655900714585,COGS 118A,A01,083075,Gupta; Anjum,16,16,76,60
1655900720610,CSE 3,A50,083646,Miranda; Gregory Joseph,13,0,50,37
1655900726635,CSE 8A,A50,083650,Miranda; Gregory Joseph,3,11,56,53
1655900732660,CSE 11,A01,083080,Cao; Yingjun,0,69,40,40
1655900738684,CSE 12,A01,083652,Krause-Levy; Sophia Louisa,6,8,120,114
1655900744709,CSE 15L,A01,083654,Morris; Justin Loren,3,1,50,47
1655900744709,CSE 15L,A02,083655,Morris; Justin Loren,0,0,50,50
1655900750734,CSE 20,A01,083657,Tran; Khoa Dang,29,0,80,51
1655900756765,CSE 21,A01,095574,Bach; Quang Tran,23,0,48,25
1655900762793,CSE 30,A01,083084,Eldon; John,1,11,80,79
1655900762793,CSE 30,B01,095061,Bhaskar; Nishant,0,4,50,50
1655900768822,CSE 100,A01,083659,Cao; Yingjun,2,25,70,68
1655900774850,CSE 134B,A01,083661,Powell; Thomas Allan,4,6,100,96
1655900780874,CSE 140,A01,083663,Gungor; Onat,4,0,85,81
1655900786903,CSE 140L,A01,083088,Eldon; John,4,0,100,96
1655900792928,CSE 175,A01,083665,Kumar; Rakesh,1,0,25,24
1655900798957,CSE 190,A00,092507,Dubnov; Shlomo,1,0,20,19
1655900804986,ECE 45,A01,083139,Congero; Spencer William,0,1,75,75
1655900811020,ECE 65,A50,083695,Saad; Andrew S,6,0,30,24
1655900811020,ECE 65,A51,095125,Staff,23,0,26,3
1655900817044,ECE 109,A01,091882,Touri; Behrouz,1,3,70,69
1655900823070,ECE 180,A00,083140,Abi Samra; Nicholas Camill,1,0,30,29
1655900823070,ECE 180,B00,083141,Abi Samra; Nicholas Camill,0,8,28,28
1655900829103,MATH 10A,A01,083735,Patchell; Gregory David,0,0,30,30
1655900829103,MATH 10A,A02,083736,Patchell; Gregory David,21,0,30,9
1655900829103,MATH 10A,A03,083737,Patchell; Gregory David,16,0,30,14
1655900835137,MATH 10B,A01,083207,Lim; Seonhee,1,1,34,33
1655900835137,MATH 10B,A02,083208,Lim; Seonhee,0,1,35,35
1655900835137,MATH 10B,A03,093472,Staff,1,0,34,33
1655900835137,MATH 10B,B01,083739,Sinha; Shubham,10,0,30,20
1655900841166,MATH 18,A01,083743,Cinel; Cameron Alexander,4,0,30,26
1655900841166,MATH 18,A02,083744,Cinel; Cameron Alexander,11,0,30,19
1655900841166,MATH 18,A03,083745,Cinel; Cameron Alexander,0,0,30,30
1655900841166,MATH 18,B01,083748,Ma; Zilu,1,0,36,35
1655900841166,MATH 18,B02,083749,Ma; Zilu,0,0,36,36
1655900841166,MATH 18,B03,083750,Ma; Zilu,0,0,36,36
1655900841166,MATH 18,B04,083751,Ma; Zilu,0,0,36,36
1655900841166,MATH 18,B05,093473,Staff,0,0,36,36
1655900841166,MATH 18,B06,093474,Staff,0,0,36,36
1655900847190,MATH 20A,A01,083754,Zheng; Zequn,10,0,40,30
1655900853213,MATH 20B,A01,083756,Briones; Jor-el Thomas Caparas,0,1,36,36
1655900853213,MATH 20B,A02,083757,Briones; Jor-el Thomas Caparas,1,0,36,35
1655900853213,MATH 20B,A03,093475,Staff,1,0,36,35
1655900859237,MATH 20C,A01,083760,Briones; Jor-el Thomas Caparas,0,2,35,35
1655900859237,MATH 20C,A02,083761,Briones; Jor-el Thomas Caparas,6,1,35,29
1655900859237,MATH 20C,A03,093476,Staff,1,1,35,34
1655900859237,MATH 20C,B01,083762,Bach; Quang Tran,3,0,30,27
1655900865262,MATH 20D,A01,083765,Tran; Brian Kha,0,0,30,30
1655900865262,MATH 20D,A02,083766,Tran; Brian Kha,0,1,30,30
1655900865262,MATH 20D,A03,083767,Tran; Brian Kha,0,0,30,30
1655900871296,MATH 20E,A01,083771,Ganguly; Soumya,0,0,32,32
1655900871296,MATH 20E,A02,083772,Ganguly; Soumya,1,1,32,31
1655900871296,MATH 20E,B01,083773,Ciotti; Benjamin,14,0,35,21
1655900871296,MATH 20E,B02,083774,Ciotti; Benjamin,12,0,35,23
1655900877323,MATH 103A,A01,083777,Greenfeld; Be'Eri,2,1,36,34
1655900877323,MATH 103A,A02,083778,Greenfeld; Be'Eri,1,0,36,35
1655900877323,MATH 103A,A03,093561,Staff,0,1,36,36
1655900877323,MATH 103A,B01,083779,Greenfeld; Be'Eri,7,1,36,29
1655900877323,MATH 103A,B02,083780,Greenfeld; Be'Eri,1,0,36,35
1655900877323,MATH 103A,B03,093562,Staff,0,0,36,36
1655900883367,MATH 105,A01,085443,Carter; Anne Toulson,3,1,35,32
1655900883367,MATH 105,A02,093477,Staff,6,0,35,29
1655900889399,MATH 109,A01,083213,Ganzberger; Geoffrey Michael,0,1,34,34
1655900889399,MATH 109,A02,083214,Ganzberger; Geoffrey Michael,0,0,34,34
1655900889399,MATH 109,A03,093478,Staff,1,0,34,33
1655900889399,MATH 109,B01,083215,Ganzberger; Geoffrey Michael,2,0,32,30
1655900889399,MATH 109,B02,083216,Ganzberger; Geoffrey Michael,0,0,32,32
1655900889399,MATH 109,B03,093479,Staff,4,0,32,28
1655900895436,MATH 142A,A01,083219,Chow; Bennett,0,0,32,32
1655900895436,MATH 142A,A02,083220,Chow; Bennett,8,0,32,24
1655900895436,MATH 142A,A03,093480,Staff,4,0,32,28
1655900895436,MATH 142A,B03,093481,Staff,3,0,32,29
1655900895436,MATH 142A,B04,093558,Staff,6,0,32,26
1655900895436,MATH 142A,B05,093559,Staff,1,0,32,31
1655900901465,MATH 193A,A01,083224,Rotar; Vladimir,1,1,34,33
1655900901465,MATH 193A,A02,083225,Rotar; Vladimir,0,0,34,34
1655900901465,MATH 193A,A03,083781,Rotar; Vladimir,2,0,34,32
1655900901465,MATH 193A,A04,083782,Rotar; Vladimir,2,0,34,32
1655900901465,MATH 193A,A05,093482,Rotar; Vladimir,2,0,34,32
1655900907509,MATH 197,001,091859,McAuley; Julian John,9999,0,9999,0
1655900907509,MATH 197,002,095566,Kedlaya; Kiran S.,9997,0,9999,2
1655900907509,MATH 197,003,095567,Xiao; Ming,9999,0,9999,0
1655900907509,MATH 197,004,095571,Perols; Johan Lars,9998,0,9999,1
1655900914588,COGS 9,A01,083615,Shannon; Kyle Michael,1,1,75,74
1655900920615,COGS 11,A01,083617,Boyle; Mary E. T.,9,1,48,39
1655900926644,COGS 13,A01,083071,Bastos; Amalia Pinkusfeld,3,1,71,68
1655900932677,COGS 14A,A01,092681,Staff,2,26,100,98
1655900938704,COGS 14B,A01,083073,Cheng; Tzu-Han,7,0,63,56
1655900944737,COGS 17,A01,092677,Staff,8,6,81,73
1655900950761,COGS 100,A01,083619,Allen; Michael Gordon,2,2,70,68
1655900956789,COGS 101A,A01,083621,Davis; Joshua Daniel,4,3,68,64
1655900962815,COGS 101B,A01,091572,Allen; Michael Gordon,1,0,65,64
1655900968841,COGS 101C,A01,083625,Delgado; Tania,8,0,35,27
1655900974871,COGS 107A,A01,083627,Boyle; Mary E. T.,0,1,60,60
1655900980897,COGS 118A,A01,083075,Gupta; Anjum,16,16,76,60
1655900986939,CSE 3,A50,083646,Miranda; Gregory Joseph,13,0,50,37
1655900992970,CSE 8A,A50,083650,Miranda; Gregory Joseph,3,11,56,53
1655900999003,CSE 11,A01,083080,Cao; Yingjun,0,69,40,40
1655901005030,CSE 12,A01,083652,Krause-Levy; Sophia Louisa,6,8,120,114
1655901011056,CSE 15L,A01,083654,Morris; Justin Loren,3,1,50,47
1655901011056,CSE 15L,A02,083655,Morris; Justin Loren,0,0,50,50
1655901017155,CSE 20,A01,083657,Tran; Khoa Dang,29,0,80,51
1655901023188,CSE 21,A01,095574,Bach; Quang Tran,23,0,48,25
1655901029218,CSE 30,A01,083084,Eldon; John,1,11,80,79
1655901029218,CSE 30,B01,095061,Bhaskar; Nishant,0,4,50,50
1655901035256,CSE 100,A01,083659,Cao; Yingjun,2,25,70,68
1655901041287,CSE 134B,A01,083661,Powell; Thomas Allan,4,6,100,96
1655901047318,CSE 140,A01,083663,Gungor; Onat,4,0,85,81
1655901053355,CSE 140L,A01,083088,Eldon; John,4,0,100,96
1655901059388,CSE 175,A01,083665,Kumar; Rakesh,1,0,25,24
1655901065416,CSE 190,A00,092507,Dubnov; Shlomo,1,0,20,19
1655901071443,ECE 45,A01,083139,Congero; Spencer William,0,1,75,75
1655901077480,ECE 65,A50,083695,Saad; Andrew S,6,0,30,24
1655901077480,ECE 65,A51,095125,Staff,23,0,26,3
1655901083512,ECE 109,A01,091882,Touri; Behrouz,1,3,70,69
1655901089541,ECE 180,A00,083140,Abi Samra; Nicholas Camill,1,0,30,29
1655901089541,ECE 180,B00,083141,Abi Samra; Nicholas Camill,0,8,28,28
1655901095578,MATH 10A,A01,083735,Patchell; Gregory David,0,0,30,30
1655901095578,MATH 10A,A02,083736,Patchell; Gregory David,21,0,30,9
1655901095578,MATH 10A,A03,083737,Patchell; Gregory David,16,0,30,14
1655901101617,MATH 10B,A01,083207,Lim; Seonhee,1,1,34,33
1655901101617,MATH 10B,A02,083208,Lim; Seonhee,0,1,35,35
1655901101617,MATH 10B,A03,093472,Staff,1,0,34,33
1655901101617,MATH 10B,B01,083739,Sinha; Shubham,10,0,30,20
1655901107659,MATH 18,A01,083743,Cinel; Cameron Alexander,4,0,30,26
1655901107659,MATH 18,A02,083744,Cinel; Cameron Alexander,11,0,30,19
1655901107659,MATH 18,A03,083745,Cinel; Cameron Alexander,0,0,30,30
1655901107659,MATH 18,B01,083748,Ma; Zilu,1,0,36,35
1655901107659,MATH 18,B02,083749,Ma; Zilu,0,0,36,36
1655901107659,MATH 18,B03,083750,Ma; Zilu,0,0,36,36
1655901107659,MATH 18,B04,083751,Ma; Zilu,0,0,36,36
1655901107659,MATH 18,B05,093473,Staff,0,0,36,36
1655901107659,MATH 18,B06,093474,Staff,0,0,36,36
1655901123219,MATH 20A,A01,083754,Zheng; Zequn,10,0,40,30
1655901129247,MATH 20B,A01,083756,Briones; Jor-el Thomas Caparas,0,1,36,36
1655901129247,MATH 20B,A02,083757,Briones; Jor-el Thomas Caparas,1,0,36,35
1655901129247,MATH 20B,A03,093475,Staff,1,0,36,35
1655901147150,MATH 20C,A01,083760,Briones; Jor-el Thomas Caparas,0,2,35,35
1655901147150,MATH 20C,A02,083761,Briones; Jor-el Thomas Caparas,6,1,35,29
1655901147150,MATH 20C,A03,093476,Staff,1,1,35,34
1655901147150,MATH 20C,B01,083762,Bach; Quang Tran,3,0,30,27
1655901153183,MATH 20D,A01,083765,Tran; Brian Kha,0,0,30,30
1655901153183,MATH 20D,A02,083766,Tran; Brian Kha,0,1,30,30
1655901153183,MATH 20D,A03,083767,Tran; Brian Kha,0,0,30,30
1655901171293,MATH 20E,A01,083771,Ganguly; Soumya,0,0,32,32
1655901171293,MATH 20E,A02,083772,Ganguly; Soumya,1,1,32,31
1655901171293,MATH 20E,B01,083773,Ciotti; Benjamin,14,0,35,21
1655901171293,MATH 20E,B02,083774,Ciotti; Benjamin,12,0,35,23
1655901177327,MATH 103A,A01,083777,Greenfeld; Be'Eri,2,1,36,34
1655901177327,MATH 103A,A02,083778,Greenfeld; Be'Eri,1,0,36,35
1655901177327,MATH 103A,A03,093561,Staff,0,1,36,36
1655901177327,MATH 103A,B01,083779,Greenfeld; Be'Eri,7,1,36,29
1655901177327,MATH 103A,B02,083780,Greenfeld; Be'Eri,1,0,36,35
1655901177327,MATH 103A,B03,093562,Staff,0,0,36,36
1655901194954,MATH 105,A01,085443,Carter; Anne Toulson,3,1,35,32
1655901194954,MATH 105,A02,093477,Staff,6,0,35,29
1655901200981,MATH 109,A01,083213,Ganzberger; Geoffrey Michael,0,1,34,34
1655901200981,MATH 109,A02,083214,Ganzberger; Geoffrey Michael,0,0,34,34
1655901200981,MATH 109,A03,093478,Staff,1,0,34,33
1655901200981,MATH 109,B01,083215,Ganzberger; Geoffrey Michael,2,0,32,30
1655901200981,MATH 109,B02,083216,Ganzberger; Geoffrey Michael,0,0,32,32
1655901200981,MATH 109,B03,093479,Staff,4,0,32,28
1655901218477,MATH 142A,A01,083219,Chow; Bennett,0,0,32,32
1655901218477,MATH 142A,A02,083220,Chow; Bennett,8,0,32,24
1655901218477,MATH 142A,A03,093480,Staff,4,0,32,28
1655901218477,MATH 142A,B03,093481,Staff,3,0,32,29
1655901218477,MATH 142A,B04,093558,Staff,6,0,32,26
1655901218477,MATH 142A,B05,093559,Staff,1,0,32,31
1655901224503,MATH 193A,A01,083224,Rotar; Vladimir,1,1,34,33
1655901224503,MATH 193A,A02,083225,Rotar; Vladimir,0,0,34,34
1655901224503,MATH 193A,A03,083781,Rotar; Vladimir,2,0,34,32
1655901224503,MATH 193A,A04,083782,Rotar; Vladimir,2,0,34,32
1655901224503,MATH 193A,A05,093482,Rotar; Vladimir,2,0,34,32
1655901242079,MATH 197,001,091859,McAuley; Julian John,9999,0,9999,0
1655901242079,MATH 197,002,095566,Kedlaya; Kiran S.,9997,0,9999,2
1655901242079,MATH 197,003,095567,Xiao; Ming,9999,0,9999,0
1655901242079,MATH 197,004,095571,Perols; Johan Lars,9998,0,9999,1
1655901249149,COGS 9,A01,083615,Shannon; Kyle Michael,1,1,75,74
1655901264955,COGS 11,A01,083617,Boyle; Mary E. T.,9,1,48,39
1655901270985,COGS 13,A01,083071,Bastos; Amalia Pinkusfeld,3,1,71,68
1655901277057,COGS 14A,A01,092681,Staff,2,26,100,98
1655901283082,COGS 14B,A01,083073,Cheng; Tzu-Han,7,0,63,56
1655901289105,COGS 17,A01,092677,Staff,8,6,81,73
1655901295133,COGS 100,A01,083619,Allen; Michael Gordon,2,2,70,68
1655901301159,COGS 101A,A01,083621,Davis; Joshua Daniel,4,3,68,64
1655901307187,COGS 101B,A01,091572,Allen; Michael Gordon,1,0,65,64
1655901313218,COGS 101C,A01,083625,Delgado; Tania,8,0,35,27
1655901319249,COGS 107A,A01,083627,Boyle; Mary E. T.,0,1,60,60
1655901325275,COGS 118A,A01,083075,Gupta; Anjum,16,16,76,60
1655901331299,CSE 3,A50,083646,Miranda; Gregory Joseph,13,0,50,37
1655901337324,CSE 8A,A50,083650,Miranda; Gregory Joseph,3,11,56,53
1655901343354,CSE 11,A01,083080,Cao; Yingjun,0,69,40,40
1655901349379,CSE 12,A01,083652,Krause-Levy; Sophia Louisa,6,8,120,114
1655901355405,CSE 15L,A01,083654,Morris; Justin Loren,3,1,50,47
1655901355405,CSE 15L,A02,083655,Morris; Justin Loren,0,0,50,50
1655901361430,CSE 20,A01,083657,Tran; Khoa Dang,29,0,80,51
1655901367454,CSE 21,A01,095574,Bach; Quang Tran,23,0,48,25
1655901373486,CSE 30,A01,083084,Eldon; John,1,11,80,79
1655901373486,CSE 30,B01,095061,Bhaskar; Nishant,0,4,50,50
1655901379511,CSE 100,A01,083659,Cao; Yingjun,2,25,70,68
1655901385536,CSE 134B,A01,083661,Powell; Thomas Allan,4,6,100,96
1655901391565,CSE 140,A01,083663,Gungor; Onat,4,0,85,81
1655901397589,CSE 140L,A01,083088,Eldon; John,4,0,100,96
1655901403615,CSE 175,A01,083665,Kumar; Rakesh,1,0,25,24
1655901409642,CSE 190,A00,092507,Dubnov; Shlomo,1,0,20,19
1655901415676,ECE 45,A01,083139,Congero; Spencer William,0,1,75,75
1655901421702,ECE 65,A50,083695,Saad; Andrew S,6,0,30,24
1655901421702,ECE 65,A51,095125,Staff,23,0,26,3
1655901427727,ECE 109,A01,091882,Touri; Behrouz,1,3,70,69
1655901433755,ECE 180,A00,083140,Abi Samra; Nicholas Camill,1,0,30,29
1655901433755,ECE 180,B00,083141,Abi Samra; Nicholas Camill,0,8,28,28
1655901439781,MATH 10A,A01,083735,Patchell; Gregory David,0,0,30,30
1655901439781,MATH 10A,A02,083736,Patchell; Gregory David,21,0,30,9
1655901439781,MATH 10A,A03,083737,Patchell; Gregory David,16,0,30,14
1655901445817,MATH 10B,A01,083207,Lim; Seonhee,1,1,34,33
1655901445817,MATH 10B,A02,083208,Lim; Seonhee,0,1,35,35
1655901445817,MATH 10B,A03,093472,Staff,1,0,34,33
1655901445817,MATH 10B,B01,083739,Sinha; Shubham,10,0,30,20
1655901451856,MATH 18,A01,083743,Cinel; Cameron Alexander,4,0,30,26
1655901451856,MATH 18,A02,083744,Cinel; Cameron Alexander,11,0,30,19
1655901451856,MATH 18,A03,083745,Cinel; Cameron Alexander,0,0,30,30
1655901451856,MATH 18,B01,083748,Ma; Zilu,1,0,36,35
1655901451856,MATH 18,B02,083749,Ma; Zilu,0,0,36,36
1655901451856,MATH 18,B03,083750,Ma; Zilu,0,0,36,36
1655901451856,MATH 18,B04,083751,Ma; Zilu,0,0,36,36
1655901451856,MATH 18,B05,093473,Staff,0,0,36,36
1655901451856,MATH 18,B06,093474,Staff,0,0,36,36
1655901457884,MATH 20A,A01,083754,Zheng; Zequn,10,0,40,30
1655901463909,MATH 20B,A01,083756,Briones; Jor-el Thomas Caparas,0,1,36,36
1655901463909,MATH 20B,A02,083757,Briones; Jor-el Thomas Caparas,1,0,36,35
1655901463909,MATH 20B,A03,093475,Staff,1,0,36,35
1655901469941,MATH 20C,A01,083760,Briones; Jor-el Thomas Caparas,0,2,35,35
1655901469941,MATH 20C,A02,083761,Briones; Jor-el Thomas Caparas,6,1,35,29
1655901469941,MATH 20C,A03,093476,Staff,1,1,35,34
1655901469941,MATH 20C,B01,083762,Bach; Quang Tran,3,0,30,27
1655901475967,MATH 20D,A01,083765,Tran; Brian Kha,0,0,30,30
1655901475967,MATH 20D,A02,083766,Tran; Brian Kha,0,1,30,30
1655901475967,MATH 20D,A03,083767,Tran; Brian Kha,0,0,30,30
1655901482003,MATH 20E,A01,083771,Ganguly; Soumya,0,0,32,32
1655901482003,MATH 20E,A02,083772,Ganguly; Soumya,1,1,32,31
1655901482003,MATH 20E,B01,083773,Ciotti; Benjamin,14,0,35,21
1655901482003,MATH 20E,B02,083774,Ciotti; Benjamin,12,0,35,23
1655901488031,MATH 103A,A01,083777,Greenfeld; Be'Eri,2,1,36,34
1655901488031,MATH 103A,A02,083778,Greenfeld; Be'Eri,1,0,36,35
1655901488031,MATH 103A,A03,093561,Staff,0,1,36,36
1655901488031,MATH 103A,B01,083779,Greenfeld; Be'Eri,7,1,36,29
1655901488031,MATH 103A,B02,083780,Greenfeld; Be'Eri,1,0,36,35
1655901488031,MATH 103A,B03,093562,Staff,0,0,36,36
1655901494062,MATH 105,A01,085443,Carter; Anne Toulson,3,1,35,32
1655901494062,MATH 105,A02,093477,Staff,6,0,35,29
1655901500089,MATH 109,A01,083213,Ganzberger; Geoffrey Michael,0,1,34,34
1655901500089,MATH 109,A02,083214,Ganzberger; Geoffrey Michael,0,0,34,34
1655901500089,MATH 109,A03,093478,Staff,1,0,34,33
1655901500089,MATH 109,B01,083215,Ganzberger; Geoffrey Michael,2,0,32,30
1655901500089,MATH 109,B02,083216,Ganzberger; Geoffrey Michael,0,0,32,32
1655901500089,MATH 109,B03,093479,Staff,4,0,32,28
1655901506116,MATH 142A,A01,083219,Chow; Bennett,0,0,32,32
1655901506116,MATH 142A,A02,083220,Chow; Bennett,8,0,32,24
1655901506116,MATH 142A,A03,093480,Staff,4,0,32,28
1655901506116,MATH 142A,B03,093481,Staff,3,0,32,29
1655901506116,MATH 142A,B04,093558,Staff,6,0,32,26
1655901506116,MATH 142A,B05,093559,Staff,1,0,32,31
1655901512143,MATH 193A,A01,083224,Rotar; Vladimir,1,1,34,33
1655901512143,MATH 193A,A02,083225,Rotar; Vladimir,0,0,34,34
1655901512143,MATH 193A,A03,083781,Rotar; Vladimir,2,0,34,32
1655901512143,MATH 193A,A04,083782,Rotar; Vladimir,2,0,34,32
1655901512143,MATH 193A,A05,093482,Rotar; Vladimir,2,0,34,32
1655901518170,MATH 197,001,091859,McAuley; Julian John,9999,0,9999,0
1655901518170,MATH 197,002,095566,Kedlaya; Kiran S.,9997,0,9999,2
1655901518170,MATH 197,003,095567,Xiao; Ming,9999,0,9999,0
1655901518170,MATH 197,004,095571,Perols; Johan Lars,9998,0,9999,1
1655901538293,COGS 9,A01,083615,Shannon; Kyle Michael,1,1,75,74
1655901544318,COGS 11,A01,083617,Boyle; Mary E. T.,9,1,48,39
1655901555723,COGS 13,A01,083071,Bastos; Amalia Pinkusfeld,3,1,71,68
1655901561752,COGS 14A,A01,092681,Staff,2,26,100,98
1655901567796,COGS 14B,A01,083073,Cheng; Tzu-Han,7,0,63,56
1655901573820,COGS 17,A01,092677,Staff,8,6,81,73
1655901579848,COGS 100,A01,083619,Allen; Michael Gordon,2,2,70,68
1655901585872,COGS 101A,A01,083621,Davis; Joshua Daniel,4,3,68,64
1655901591900,COGS 101B,A01,091572,Allen; Michael Gordon,1,0,65,64
1655901597925,COGS 101C,A01,083625,Delgado; Tania,8,0,35,27
1655901603949,COGS 107A,A01,083627,Boyle; Mary E. T.,0,1,60,60
1655901609979,COGS 118A,A01,083075,Gupta; Anjum,16,16,76,60
1655901616005,CSE 3,A50,083646,Miranda; Gregory Joseph,13,0,50,37
1655901622035,CSE 8A,A50,083650,Miranda; Gregory Joseph,3,11,56,53
1655901628058,CSE 11,A01,083080,Cao; Yingjun,0,69,40,40
1655901634090,CSE 12,A01,083652,Krause-Levy; Sophia Louisa,6,8,120,114
1655901640122,CSE 15L,A01,083654,Morris; Justin Loren,3,1,50,47
1655901640122,CSE 15L,A02,083655,Morris; Justin Loren,0,0,50,50
1655901646151,CSE 20,A01,083657,Tran; Khoa Dang,29,0,80,51
1655901652178,CSE 21,A01,095574,Bach; Quang Tran,23,0,48,25
1655901658201,CSE 30,A01,083084,Eldon; John,1,11,80,79
1655901658201,CSE 30,B01,095061,Bhaskar; Nishant,0,4,50,50
1655901664232,CSE 100,A01,083659,Cao; Yingjun,2,25,70,68
1655901670259,CSE 134B,A01,083661,Powell; Thomas Allan,4,6,100,96
1655901676284,CSE 140,A01,083663,Gungor; Onat,4,0,85,81
1655901682308,CSE 140L,A01,083088,Eldon; John,4,0,100,96
1655901688341,CSE 175,A01,083665,Kumar; Rakesh,1,0,25,24
1655901694368,CSE 190,A00,092507,Dubnov; Shlomo,1,0,20,19
1655901700393,ECE 45,A01,083139,Congero; Spencer William,0,1,75,75
1655901706426,ECE 65,A50,083695,Saad; Andrew S,6,0,30,24
1655901706426,ECE 65,A51,095125,Staff,23,0,26,3
1655901712521,ECE 109,A01,091882,Touri; Behrouz,1,3,70,69
1655901718545,ECE 180,A00,083140,Abi Samra; Nicholas Camill,1,0,30,29
1655901718545,ECE 180,B00,083141,Abi Samra; Nicholas Camill,0,8,28,28
1655901724570,MATH 10A,A01,083735,Patchell; Gregory David,0,0,30,30
1655901724570,MATH 10A,A02,083736,Patchell; Gregory David,21,0,30,9
1655901724570,MATH 10A,A03,083737,Patchell; Gregory David,16,0,30,14
1655901730595,MATH 10B,A01,083207,Lim; Seonhee,1,1,34,33
1655901730595,MATH 10B,A02,083208,Lim; Seonhee,0,1,35,35
1655901730595,MATH 10B,A03,093472,Staff,1,0,34,33
1655901730595,MATH 10B,B01,083739,Sinha; Shubham,10,0,30,20
1655901736623,MATH 18,A01,083743,Cinel; Cameron Alexander,4,0,30,26
1655901736623,MATH 18,A02,083744,Cinel; Cameron Alexander,11,0,30,19
1655901736623,MATH 18,A03,083745,Cinel; Cameron Alexander,0,0,30,30
1655901736623,MATH 18,B01,083748,Ma; Zilu,1,0,36,35
1655901736623,MATH 18,B02,083749,Ma; Zilu,0,0,36,36
1655901736623,MATH 18,B03,083750,Ma; Zilu,0,0,36,36
1655901736623,MATH 18,B04,083751,Ma; Zilu,0,0,36,36
1655901736623,MATH 18,B05,093473,Staff,0,0,36,36
1655901736623,MATH 18,B06,093474,Staff,0,0,36,36
1655901742649,MATH 20A,A01,083754,Zheng; Zequn,10,0,40,30
1655901748679,MATH 20B,A01,083756,Briones; Jor-el Thomas Caparas,0,1,36,36
1655901748679,MATH 20B,A02,083757,Briones; Jor-el Thomas Caparas,1,0,36,35
1655901748679,MATH 20B,A03,093475,Staff,1,0,36,35
1655901754708,MATH 20C,A01,083760,Briones; Jor-el Thomas Caparas,0,2,35,35
1655901754708,MATH 20C,A02,083761,Briones; Jor-el Thomas Caparas,6,1,35,29
1655901754708,MATH 20C,A03,093476,Staff,1,1,35,34
1655901754708,MATH 20C,B01,083762,Bach; Quang Tran,3,0,30,27
1655901760734,MATH 20D,A01,083765,Tran; Brian Kha,0,0,30,30
1655901760734,MATH 20D,A02,083766,Tran; Brian Kha,0,1,30,30
1655901760734,MATH 20D,A03,083767,Tran; Brian Kha,0,0,30,30
1655901766759,MATH 20E,A01,083771,Ganguly; Soumya,0,0,32,32
1655901766759,MATH 20E,A02,083772,Ganguly; Soumya,1,1,32,31
1655901766759,MATH 20E,B01,083773,Ciotti; Benjamin,14,0,35,21
1655901766759,MATH 20E,B02,083774,Ciotti; Benjamin,12,0,35,23
1655901772784,MATH 103A,A01,083777,Greenfeld; Be'Eri,2,1,36,34
1655901772784,MATH 103A,A02,083778,Greenfeld; Be'Eri,1,0,36,35
1655901772784,MATH 103A,A03,093561,Staff,0,1,36,36
1655901772784,MATH 103A,B01,083779,Greenfeld; Be'Eri,7,1,36,29
1655901772784,MATH 103A,B02,083780,Greenfeld; Be'Eri,1,0,36,35
1655901772784,MATH 103A,B03,093562,Staff,0,0,36,36
1655901778819,MATH 105,A01,085443,Carter; Anne Toulson,3,1,35,32
1655901778819,MATH 105,A02,093477,Staff,6,0,35,29
1655901784846,MATH 109,A01,083213,Ganzberger; Geoffrey Michael,0,1,34,34
1655901784846,MATH 109,A02,083214,Ganzberger; Geoffrey Michael,0,0,34,34
1655901784846,MATH 109,A03,093478,Staff,1,0,34,33
1655901784846,MATH 109,B01,083215,Ganzberger; Geoffrey Michael,2,0,32,30
1655901784846,MATH 109,B02,083216,Ganzberger; Geoffrey Michael,0,0,32,32
1655901784846,MATH 109,B03,093479,Staff,4,0,32,28
1655901790876,MATH 142A,A01,083219,Chow; Bennett,0,0,32,32
1655901790876,MATH 142A,A02,083220,Chow; Bennett,8,0,32,24
1655901790876,MATH 142A,A03,093480,Staff,4,0,32,28
1655901790876,MATH 142A,B03,093481,Staff,3,0,32,29
1655901790876,MATH 142A,B04,093558,Staff,6,0,32,26
1655901790876,MATH 142A,B05,093559,Staff,1,0,32,31
1655901796903,MATH 193A,A01,083224,Rotar; Vladimir,1,1,34,33
1655901796903,MATH 193A,A02,083225,Rotar; Vladimir,0,0,34,34
1655901796903,MATH 193A,A03,083781,Rotar; Vladimir,2,0,34,32
1655901796903,MATH 193A,A04,083782,Rotar; Vladimir,2,0,34,32
1655901796903,MATH 193A,A05,093482,Rotar; Vladimir,2,0,34,32
1655901802927,MATH 197,001,091859,McAuley; Julian John,9999,0,9999,0
1655901802927,MATH 197,002,095566,Kedlaya; Kiran S.,9997,0,9999,2
1655901802927,MATH 197,003,095567,Xiao; Ming,9999,0,9999,0
1655901802927,MATH 197,004,095571,Perols; Johan Lars,9998,0,9999,1
1655901809994,COGS 9,A01,083615,Shannon; Kyle Michael,1,1,75,74
1655901816021,COGS 11,A01,083617,Boyle; Mary E. T.,9,1,48,39
1655901822050,COGS 13,A01,083071,Bastos; Amalia Pinkusfeld,3,1,71,68
1655901828074,COGS 14A,A01,092681,Staff,2,26,100,98
1655901834102,COGS 14B,A01,083073,Cheng; Tzu-Han,7,0,63,56
1655901840129,COGS 17,A01,092677,Staff,8,6,81,73
1655901846154,COGS 100,A01,083619,Allen; Michael Gordon,2,2,70,68
1655901852181,COGS 101A,A01,083621,Davis; Joshua Daniel,4,3,68,64
1655901858206,COGS 101B,A01,091572,Allen; Michael Gordon,1,0,65,64
1655901864228,COGS 101C,A01,083625,Delgado; Tania,8,0,35,27
1655901870252,COGS 107A,A01,083627,Boyle; Mary E. T.,0,1,60,60
1655901876275,COGS 118A,A01,083075,Gupta; Anjum,16,16,76,60
1655901882324,CSE 3,A50,083646,Miranda; Gregory Joseph,13,0,50,37
1655901888351,CSE 8A,A50,083650,Miranda; Gregory Joseph,3,11,56,53
1655901894380,CSE 11,A01,083080,Cao; Yingjun,0,69,40,40
1655901900406,CSE 12,A01,083652,Krause-Levy; Sophia Louisa,6,8,120,114
1655901906431,CSE 15L,A01,083654,Morris; Justin Loren,3,1,50,47
1655901906431,CSE 15L,A02,083655,Morris; Justin Loren,0,0,50,50
1655901912458,CSE 20,A01,083657,Tran; Khoa Dang,29,0,80,51
1655901918486,CSE 21,A01,095574,Bach; Quang Tran,23,0,48,25
1655901924516,CSE 30,A01,083084,Eldon; John,1,11,80,79
1655901924516,CSE 30,B01,095061,Bhaskar; Nishant,0,4,50,50
1655901930539,CSE 100,A01,083659,Cao; Yingjun,2,25,70,68
1655901936564,CSE 134B,A01,083661,Powell; Thomas Allan,4,6,100,96
1655901942593,CSE 140,A01,083663,Gungor; Onat,4,0,85,81
1655901948621,CSE 140L,A01,083088,Eldon; John,4,0,100,96
1655901954645,CSE 175,A01,083665,Kumar; Rakesh,1,0,25,24
1655901960672,CSE 190,A00,092507,Dubnov; Shlomo,1,0,20,19
1655901966702,ECE 45,A01,083139,Congero; Spencer William,0,1,75,75
1655901972728,ECE 65,A50,083695,Saad; Andrew S,6,0,30,24
1655901972728,ECE 65,A51,095125,Staff,23,0,26,3
1655901978758,ECE 109,A01,091882,Touri; Behrouz,1,3,70,69
1655901984788,ECE 180,A00,083140,Abi Samra; Nicholas Camill,1,0,30,29
1655901984788,ECE 180,B00,083141,Abi Samra; Nicholas Camill,0,8,28,28
1655901990815,MATH 10A,A01,083735,Patchell; Gregory David,0,0,30,30
1655901990815,MATH 10A,A02,083736,Patchell; Gregory David,21,0,30,9
1655901990815,MATH 10A,A03,083737,Patchell; Gregory David,16,0,30,14
1655901996848,MATH 10B,A01,083207,Lim; Seonhee,1,1,34,33
1655901996848,MATH 10B,A02,083208,Lim; Seonhee,0,1,35,35
1655901996848,MATH 10B,A03,093472,Staff,1,0,34,33
1655901996848,MATH 10B,B01,083739,Sinha; Shubham,10,0,30,20
1655902002886,MATH 18,A01,083743,Cinel; Cameron Alexander,4,0,30,26
1655902002886,MATH 18,A02,083744,Cinel; Cameron Alexander,11,0,30,19
1655902002886,MATH 18,A03,083745,Cinel; Cameron Alexander,0,0,30,30
1655902002886,MATH 18,B01,083748,Ma; Zilu,1,0,36,35
1655902002886,MATH 18,B02,083749,Ma; Zilu,0,0,36,36
1655902002886,MATH 18,B03,083750,Ma; Zilu,0,0,36,36
1655902002886,MATH 18,B04,083751,Ma; Zilu,0,0,36,36
1655902002886,MATH 18,B05,093473,Staff,0,0,36,36
1655902002886,MATH 18,B06,093474,Staff,0,0,36,36
1655902008917,MATH 20A,A01,083754,Zheng; Zequn,10,0,40,30
1655902014943,MATH 20B,A01,083756,Briones; Jor-el Thomas Caparas,0,1,36,36
1655902014943,MATH 20B,A02,083757,Briones; Jor-el Thomas Caparas,1,0,36,35
1655902014943,MATH 20B,A03,093475,Staff,1,0,36,35
1655902020970,MATH 20C,A01,083760,Briones; Jor-el Thomas Caparas,0,2,35,35
1655902020970,MATH 20C,A02,083761,Briones; Jor-el Thomas Caparas,6,1,35,29
1655902020970,MATH 20C,A03,093476,Staff,1,1,35,34
1655902020970,MATH 20C,B01,083762,Bach; Quang Tran,3,0,30,27
1655902026996,MATH 20D,A01,083765,Tran; Brian Kha,0,0,30,30
1655902026996,MATH 20D,A02,083766,Tran; Brian Kha,0,1,30,30
1655902026996,MATH 20D,A03,083767,Tran; Brian Kha,0,0,30,30
1655902033032,MATH 20E,A01,083771,Ganguly; Soumya,0,0,32,32
1655902033032,MATH 20E,A02,083772,Ganguly; Soumya,1,1,32,31
1655902033032,MATH 20E,B01,083773,Ciotti; Benjamin,14,0,35,21
1655902033032,MATH 20E,B02,083774,Ciotti; Benjamin,12,0,35,23
1655902039059,MATH 103A,A01,083777,Greenfeld; Be'Eri,2,1,36,34
1655902039059,MATH 103A,A02,083778,Greenfeld; Be'Eri,1,0,36,35
1655902039059,MATH 103A,A03,093561,Staff,0,1,36,36
1655902039059,MATH 103A,B01,083779,Greenfeld; Be'Eri,7,1,36,29
1655902039059,MATH 103A,B02,083780,Greenfeld; Be'Eri,1,0,36,35
1655902039059,MATH 103A,B03,093562,Staff,0,0,36,36
1655902045089,MATH 105,A01,085443,Carter; Anne Toulson,3,1,35,32
1655902045089,MATH 105,A02,093477,Staff,6,0,35,29
1655902051130,MATH 109,A01,083213,Ganzberger; Geoffrey Michael,0,1,34,34
1655902051130,MATH 109,A02,083214,Ganzberger; Geoffrey Michael,0,0,34,34
1655902051130,MATH 109,A03,093478,Staff,1,0,34,33
1655902051130,MATH 109,B01,083215,Ganzberger; Geoffrey Michael,2,0,32,30
1655902051130,MATH 109,B02,083216,Ganzberger; Geoffrey Michael,0,0,32,32
1655902051130,MATH 109,B03,093479,Staff,4,0,32,28
1655902057170,MATH 142A,A01,083219,Chow; Bennett,0,0,32,32
1655902057170,MATH 142A,A02,083220,Chow; Bennett,8,0,32,24
1655902057170,MATH 142A,A03,093480,Staff,4,0,32,28
1655902057170,MATH 142A,B03,093481,Staff,3,0,32,29
1655902057170,MATH 142A,B04,093558,Staff,6,0,32,26
1655902057170,MATH 142A,B05,093559,Staff,1,0,32,31
1655902063212,MATH 193A,A01,083224,Rotar; Vladimir,1,1,34,33
1655902063212,MATH 193A,A02,083225,Rotar; Vladimir,0,0,34,34
1655902063212,MATH 193A,A03,083781,Rotar; Vladimir,2,0,34,32
1655902063212,MATH 193A,A04,083782,Rotar; Vladimir,2,0,34,32
1655902063212,MATH 193A,A05,093482,Rotar; Vladimir,2,0,34,32
1655902069252,MATH 197,001,091859,McAuley; Julian John,9999,0,9999,0
1655902069252,MATH 197,002,095566,Kedlaya; Kiran S.,9997,0,9999,2
1655902069252,MATH 197,003,095567,Xiao; Ming,9999,0,9999,0
1655902069252,MATH 197,004,095571,Perols; Johan Lars,9998,0,9999,1
1655902076319,COGS 9,A01,083615,Shannon; Kyle Michael,1,1,75,74
1655902082344,COGS 11,A01,083617,Boyle; Mary E. T.,9,1,48,39
1655902088367,COGS 13,A01,083071,Bastos; Amalia Pinkusfeld,3,1,71,68
1655902094400,COGS 14A,A01,092681,Staff,2,26,100,98
1655902100439,COGS 14B,A01,083073,Cheng; Tzu-Han,7,0,63,56
1655902106464,COGS 17,A01,092677,Staff,8,6,81,73
1655902112491,COGS 100,A01,083619,Allen; Michael Gordon,2,2,70,68
1655902118521,COGS 101A,A01,083621,Davis; Joshua Daniel,4,3,68,64
1655902124547,COGS 101B,A01,091572,Allen; Michael Gordon,1,0,65,64
1655902130580,COGS 101C,A01,083625,Delgado; Tania,8,0,35,27
1655902136605,COGS 107A,A01,083627,Boyle; Mary E. T.,0,1,60,60
1655902142638,COGS 118A,A01,083075,Gupta; Anjum,16,16,76,60
1655902148667,CSE 3,A50,083646,Miranda; Gregory Joseph,13,0,50,37
1655902154696,CSE 8A,A50,083650,Miranda; Gregory Joseph,3,11,56,53
1655902160728,CSE 11,A01,083080,Cao; Yingjun,0,69,40,40
1655902166755,CSE 12,A01,083652,Krause-Levy; Sophia Louisa,6,8,120,114
1655902172780,CSE 15L,A01,083654,Morris; Justin Loren,3,1,50,47
1655902172780,CSE 15L,A02,083655,Morris; Justin Loren,0,0,50,50
1655902178805,CSE 20,A01,083657,Tran; Khoa Dang,29,0,80,51
1655902184830,CSE 21,A01,095574,Bach; Quang Tran,23,0,48,25
1655902190870,CSE 30,A01,083084,Eldon; John,1,11,80,79
1655902190870,CSE 30,B01,095061,Bhaskar; Nishant,0,4,50,50
1655902196897,CSE 100,A01,083659,Cao; Yingjun,2,25,70,68
1655902202924,CSE 134B,A01,083661,Powell; Thomas Allan,4,6,100,96
1655902208950,CSE 140,A01,083663,Gungor; Onat,4,0,85,81
1655902214976,CSE 140L,A01,083088,Eldon; John,4,0,100,96
1655902221001,CSE 175,A01,083665,Kumar; Rakesh,1,0,25,24
1655902227028,CSE 190,A00,092507,Dubnov; Shlomo,1,0,20,19
1655902233059,ECE 45,A01,083139,Congero; Spencer William,0,1,75,75
1655902239088,ECE 65,A50,083695,Saad; Andrew S,6,0,30,24
1655902239088,ECE 65,A51,095125,Staff,23,0,26,3
1655902245116,ECE 109,A01,091882,Touri; Behrouz,1,3,70,69
1655902251142,ECE 180,A00,083140,Abi Samra; Nicholas Camill,1,0,30,29
1655902251142,ECE 180,B00,083141,Abi Samra; Nicholas Camill,0,8,28,28
1655902257170,MATH 10A,A01,083735,Patchell; Gregory David,0,0,30,30
1655902257170,MATH 10A,A02,083736,Patchell; Gregory David,21,0,30,9
1655902257170,MATH 10A,A03,083737,Patchell; Gregory David,16,0,30,14
1655902263218,MATH 10B,A01,083207,Lim; Seonhee,1,1,34,33
1655902263218,MATH 10B,A02,083208,Lim; Seonhee,0,1,35,35
1655902263218,MATH 10B,A03,093472,Staff,1,0,34,33
1655902263218,MATH 10B,B01,083739,Sinha; Shubham,10,0,30,20
1655902269262,MATH 18,A01,083743,Cinel; Cameron Alexander,4,0,30,26
1655902269262,MATH 18,A02,083744,Cinel; Cameron Alexander,11,0,30,19
1655902269262,MATH 18,A03,083745,Cinel; Cameron Alexander,0,0,30,30
1655902269262,MATH 18,B01,083748,Ma; Zilu,1,0,36,35
1655902269262,MATH 18,B02,083749,Ma; Zilu,0,0,36,36
1655902269262,MATH 18,B03,083750,Ma; Zilu,0,0,36,36
1655902269262,MATH 18,B04,083751,Ma; Zilu,0,0,36,36
1655902269262,MATH 18,B05,093473,Staff,0,0,36,36
1655902269262,MATH 18,B06,093474,Staff,0,0,36,36
1655902275288,MATH 20A,A01,083754,Zheng; Zequn,10,0,40,30
1655902281315,MATH 20B,A01,083756,Briones; Jor-el Thomas Caparas,0,1,36,36
1655902281315,MATH 20B,A02,083757,Briones; Jor-el Thomas Caparas,1,0,36,35
1655902281315,MATH 20B,A03,093475,Staff,1,0,36,35
1655902287342,MATH 20C,A01,083760,Briones; Jor-el Thomas Caparas,0,2,35,35
1655902287342,MATH 20C,A02,083761,Briones; Jor-el Thomas Caparas,6,1,35,29
1655902287342,MATH 20C,A03,093476,Staff,1,1,35,34
1655902287342,MATH 20C,B01,083762,Bach; Quang Tran,3,0,30,27
1655902293368,MATH 20D,A01,083765,Tran; Brian Kha,0,0,30,30
1655902293368,MATH 20D,A02,083766,Tran; Brian Kha,0,1,30,30
1655902293368,MATH 20D,A03,083767,Tran; Brian Kha,0,0,30,30
1655902299429,MATH 20E,A01,083771,Ganguly; Soumya,0,0,32,32
1655902299429,MATH 20E,A02,083772,Ganguly; Soumya,1,1,32,31
1655902299429,MATH 20E,B01,083773,Ciotti; Benjamin,14,0,35,21
1655902299429,MATH 20E,B02,083774,Ciotti; Benjamin,12,0,35,23
1655902305458,MATH 103A,A01,083777,Greenfeld; Be'Eri,2,1,36,34
1655902305458,MATH 103A,A02,083778,Greenfeld; Be'Eri,1,0,36,35
1655902305458,MATH 103A,A03,093561,Staff,0,1,36,36
1655902305458,MATH 103A,B01,083779,Greenfeld; Be'Eri,7,1,36,29
1655902305458,MATH 103A,B02,083780,Greenfeld; Be'Eri,1,0,36,35
1655902305458,MATH 103A,B03,093562,Staff,0,0,36,36
1655902311570,MATH 105,A01,085443,Carter; Anne Toulson,3,1,35,32
1655902311570,MATH 105,A02,093477,Staff,6,0,35,29
1655902317597,MATH 109,A01,083213,Ganzberger; Geoffrey Michael,0,1,34,34
1655902317597,MATH 109,A02,083214,Ganzberger; Geoffrey Michael,0,0,34,34
1655902317597,MATH 109,A03,093478,Staff,1,0,34,33
1655902317597,MATH 109,B01,083215,Ganzberger; Geoffrey Michael,2,0,32,30
1655902317597,MATH 109,B02,083216,Ganzberger; Geoffrey Michael,0,0,32,32
1655902317597,MATH 109,B03,093479,Staff,4,0,32,28
1655902323627,MATH 142A,A01,083219,Chow; Bennett,0,0,32,32
1655902323627,MATH 142A,A02,083220,Chow; Bennett,8,0,32,24
1655902323627,MATH 142A,A03,093480,Staff,4,0,32,28
1655902323627,MATH 142A,B03,093481,Staff,3,0,32,29
1655902323627,MATH 142A,B04,093558,Staff,6,0,32,26
1655902323627,MATH 142A,B05,093559,Staff,1,0,32,31
1655902329654,MATH 193A,A01,083224,Rotar; Vladimir,1,1,34,33
1655902329654,MATH 193A,A02,083225,Rotar; Vladimir,0,0,34,34
1655902329654,MATH 193A,A03,083781,Rotar; Vladimir,2,0,34,32
1655902329654,MATH 193A,A04,083782,Rotar; Vladimir,2,0,34,32
1655902329654,MATH 193A,A05,093482,Rotar; Vladimir,2,0,34,32
1655902335683,MATH 197,001,091859,McAuley; Julian John,9999,0,9999,0
1655902335683,MATH 197,002,095566,Kedlaya; Kiran S.,9997,0,9999,2
1655902335683,MATH 197,003,095567,Xiao; Ming,9999,0,9999,0
1655902335683,MATH 197,004,095571,Perols; Johan Lars,9998,0,9999,1
1655902342761,COGS 9,A01,083615,Shannon; Kyle Michael,1,1,75,74
1655902348785,COGS 11,A01,083617,Boyle; Mary E. T.,9,1,48,39
1655902354817,COGS 13,A01,083071,Bastos; Amalia Pinkusfeld,3,1,71,68
1655902360845,COGS 14A,A01,092681,Staff,2,26,100,98
1655902366875,COGS 14B,A01,083073,Cheng; Tzu-Han,7,0,63,56
1655902372901,COGS 17,A01,092677,Staff,8,6,81,73
1655902378934,COGS 100,A01,083619,Allen; Michael Gordon,2,2,70,68
1655902384960,COGS 101A,A01,083621,Davis; Joshua Daniel,4,3,68,64
1655902390990,COGS 101B,A01,091572,Allen; Michael Gordon,1,0,65,64
1655902397014,COGS 101C,A01,083625,Delgado; Tania,8,0,35,27
1655902403045,COGS 107A,A01,083627,Boyle; Mary E. T.,0,1,60,60
1655902409074,COGS 118A,A01,083075,Gupta; Anjum,16,16,76,60
1655902415107,CSE 3,A50,083646,Miranda; Gregory Joseph,13,0,50,37
1655902421144,CSE 8A,A50,083650,Miranda; Gregory Joseph,3,11,56,53
1655902427170,CSE 11,A01,083080,Cao; Yingjun,0,69,40,40
1655902433204,CSE 12,A01,083652,Krause-Levy; Sophia Louisa,6,8,120,114
1655902439229,CSE 15L,A01,083654,Morris; Justin Loren,3,1,50,47
1655902439229,CSE 15L,A02,083655,Morris; Justin Loren,0,0,50,50
1655902445260,CSE 20,A01,083657,Tran; Khoa Dang,29,0,80,51
1655902451298,CSE 21,A01,095574,Bach; Quang Tran,23,0,48,25
1655902457323,CSE 30,A01,083084,Eldon; John,1,11,80,79
1655902457323,CSE 30,B01,095061,Bhaskar; Nishant,0,4,50,50
1655902463350,CSE 100,A01,083659,Cao; Yingjun,2,25,70,68
1655902469378,CSE 134B,A01,083661,Powell; Thomas Allan,4,6,100,96
1655902475411,CSE 140,A01,083663,Gungor; Onat,4,0,85,81
1655902481442,CSE 140L,A01,083088,Eldon; John,4,0,100,96
1655902487474,CSE 175,A01,083665,Kumar; Rakesh,1,0,25,24
1655902493506,CSE 190,A00,092507,Dubnov; Shlomo,1,0,20,19
1655902499536,ECE 45,A01,083139,Congero; Spencer William,0,1,75,75
1655902505564,ECE 65,A50,083695,Saad; Andrew S,6,0,30,24
1655902505564,ECE 65,A51,095125,Staff,23,0,26,3
1655902511602,ECE 109,A01,091882,Touri; Behrouz,1,3,70,69
1655902517626,ECE 180,A00,083140,Abi Samra; Nicholas Camill,1,0,30,29
1655902517626,ECE 180,B00,083141,Abi Samra; Nicholas Camill,0,8,28,28
1655902523654,MATH 10A,A01,083735,Patchell; Gregory David,0,0,30,30
1655902523654,MATH 10A,A02,083736,Patchell; Gregory David,21,0,30,9
1655902523654,MATH 10A,A03,083737,Patchell; Gregory David,16,0,30,14
1655902529691,MATH 10B,A01,083207,Lim; Seonhee,1,1,34,33
1655902529691,MATH 10B,A02,083208,Lim; Seonhee,0,1,35,35
1655902529691,MATH 10B,A03,093472,Staff,1,0,34,33
1655902529691,MATH 10B,B01,083739,Sinha; Shubham,10,0,30,20
1655902535736,MATH 18,A01,083743,Cinel; Cameron Alexander,4,0,30,26
1655902535736,MATH 18,A02,083744,Cinel; Cameron Alexander,11,0,30,19
1655902535736,MATH 18,A03,083745,Cinel; Cameron Alexander,0,0,30,30
1655902535736,MATH 18,B01,083748,Ma; Zilu,1,0,36,35
1655902535736,MATH 18,B02,083749,Ma; Zilu,0,0,36,36
1655902535736,MATH 18,B03,083750,Ma; Zilu,0,0,36,36
1655902535736,MATH 18,B04,083751,Ma; Zilu,0,0,36,36
1655902535736,MATH 18,B05,093473,Staff,0,0,36,36
1655902535736,MATH 18,B06,093474,Staff,0,0,36,36
1655902541762,MATH 20A,A01,083754,Zheng; Zequn,10,0,40,30
1655902547796,MATH 20B,A01,083756,Briones; Jor-el Thomas Caparas,0,1,36,36
1655902547796,MATH 20B,A02,083757,Briones; Jor-el Thomas Caparas,1,0,36,35
1655902547796,MATH 20B,A03,093475,Staff,1,0,36,35
1655902553823,MATH 20C,A01,083760,Briones; Jor-el Thomas Caparas,0,2,35,35
1655902553823,MATH 20C,A02,083761,Briones; Jor-el Thomas Caparas,6,1,35,29
1655902553823,MATH 20C,A03,093476,Staff,1,1,35,34
1655902553823,MATH 20C,B01,083762,Bach; Quang Tran,3,0,30,27
1655902559848,MATH 20D,A01,083765,Tran; Brian Kha,0,0,30,30
1655902559848,MATH 20D,A02,083766,Tran; Brian Kha,0,1,30,30
1655902559848,MATH 20D,A03,083767,Tran; Brian Kha,0,0,30,30
1655902565888,MATH 20E,A01,083771,Ganguly; Soumya,0,0,32,32
1655902565888,MATH 20E,A02,083772,Ganguly; Soumya,1,1,32,31
1655902565888,MATH 20E,B01,083773,Ciotti; Benjamin,14,0,35,21
1655902565888,MATH 20E,B02,083774,Ciotti; Benjamin,12,0,35,23
1655902571917,MATH 103A,A01,083777,Greenfeld; Be'Eri,2,1,36,34
1655902571917,MATH 103A,A02,083778,Greenfeld; Be'Eri,1,0,36,35
1655902571917,MATH 103A,A03,093561,Staff,0,1,36,36
1655902571917,MATH 103A,B01,083779,Greenfeld; Be'Eri,7,1,36,29
1655902571917,MATH 103A,B02,083780,Greenfeld; Be'Eri,1,0,36,35
1655902571917,MATH 103A,B03,093562,Staff,0,0,36,36
1655902577957,MATH 105,A01,085443,Carter; Anne Toulson,3,1,35,32
1655902577957,MATH 105,A02,093477,Staff,6,0,35,29
1655902583983,MATH 109,A01,083213,Ganzberger; Geoffrey Michael,0,1,34,34
1655902583983,MATH 109,A02,083214,Ganzberger; Geoffrey Michael,0,0,34,34
1655902583983,MATH 109,A03,093478,Staff,1,0,34,33
1655902583983,MATH 109,B01,083215,Ganzberger; Geoffrey Michael,2,0,32,30
1655902583983,MATH 109,B02,083216,Ganzberger; Geoffrey Michael,0,0,32,32
1655902583983,MATH 109,B03,093479,Staff,4,0,32,28
1655902590011,MATH 142A,A01,083219,Chow; Bennett,0,0,32,32
1655902590011,MATH 142A,A02,083220,Chow; Bennett,8,0,32,24
1655902590011,MATH 142A,A03,093480,Staff,4,0,32,28
1655902590011,MATH 142A,B03,093481,Staff,3,0,32,29
1655902590011,MATH 142A,B04,093558,Staff,6,0,32,26
1655902590011,MATH 142A,B05,093559,Staff,1,0,32,31
1655902596044,MATH 193A,A01,083224,Rotar; Vladimir,1,1,34,33
1655902596044,MATH 193A,A02,083225,Rotar; Vladimir,0,0,34,34
1655902596044,MATH 193A,A03,083781,Rotar; Vladimir,2,0,34,32
1655902596044,MATH 193A,A04,083782,Rotar; Vladimir,2,0,34,32
1655902596044,MATH 193A,A05,093482,Rotar; Vladimir,2,0,34,32
1655902602079,MATH 197,001,091859,McAuley; Julian John,9999,0,9999,0
1655902602079,MATH 197,002,095566,Kedlaya; Kiran S.,9997,0,9999,2
1655902602079,MATH 197,003,095567,Xiao; Ming,9999,0,9999,0
1655902602079,MATH 197,004,095571,Perols; Johan Lars,9998,0,9999,1
1655902609161,COGS 9,A01,083615,Shannon; Kyle Michael,1,1,75,74
1655902615187,COGS 11,A01,083617,Boyle; Mary E. T.,9,1,48,39
1655902621219,COGS 13,A01,083071,Bastos; Amalia Pinkusfeld,3,1,71,68
1655902627244,COGS 14A,A01,092681,Staff,2,26,100,98
1655902633277,COGS 14B,A01,083073,Cheng; Tzu-Han,7,0,63,56
1655902639304,COGS 17,A01,092677,Staff,8,6,81,73
1655902645334,COGS 100,A01,083619,Allen; Michael Gordon,2,2,70,68
1655902651367,COGS 101A,A01,083621,Davis; Joshua Daniel,4,3,68,64
1655902657391,COGS 101B,A01,091572,Allen; Michael Gordon,1,0,65,64
1655902663416,COGS 101C,A01,083625,Delgado; Tania,8,0,35,27
1655902669445,COGS 107A,A01,083627,Boyle; Mary E. T.,0,1,60,60
1655902675468,COGS 118A,A01,083075,Gupta; Anjum,16,16,76,60
1655902681493,CSE 3,A50,083646,Miranda; Gregory Joseph,13,0,50,37
1655902687523,CSE 8A,A50,083650,Miranda; Gregory Joseph,3,11,56,53
1655902693552,CSE 11,A01,083080,Cao; Yingjun,0,69,40,40
1655902699583,CSE 12,A01,083652,Krause-Levy; Sophia Louisa,6,8,120,114
1655902705608,CSE 15L,A01,083654,Morris; Justin Loren,3,1,50,47
1655902705608,CSE 15L,A02,083655,Morris; Justin Loren,0,0,50,50
1655902711635,CSE 20,A01,083657,Tran; Khoa Dang,29,0,80,51
1655902717658,CSE 21,A01,095574,Bach; Quang Tran,23,0,48,25
1655902723684,CSE 30,A01,083084,Eldon; John,1,11,80,79
1655902723684,CSE 30,B01,095061,Bhaskar; Nishant,0,4,50,50
1655902729723,CSE 100,A01,083659,Cao; Yingjun,2,25,70,68
1655902735749,CSE 134B,A01,083661,Powell; Thomas Allan,4,6,100,96
1655902741774,CSE 140,A01,083663,Gungor; Onat,4,0,85,81
1655902747799,CSE 140L,A01,083088,Eldon; John,4,0,100,96
1655902753825,CSE 175,A01,083665,Kumar; Rakesh,1,0,25,24
1655902759859,CSE 190,A00,092507,Dubnov; Shlomo,1,0,20,19
1655902765891,ECE 45,A01,083139,Congero; Spencer William,0,1,75,75
1655902771917,ECE 65,A50,083695,Saad; Andrew S,6,0,30,24
1655902771917,ECE 65,A51,095125,Staff,23,0,26,3
1655902777944,ECE 109,A01,091882,Touri; Behrouz,1,3,70,69
1655902783970,ECE 180,A00,083140,Abi Samra; Nicholas Camill,1,0,30,29
1655902783970,ECE 180,B00,083141,Abi Samra; Nicholas Camill,0,8,28,28
1655902789995,MATH 10A,A01,083735,Patchell; Gregory David,0,0,30,30
1655902789995,MATH 10A,A02,083736,Patchell; Gregory David,21,0,30,9
1655902789995,MATH 10A,A03,083737,Patchell; Gregory David,16,0,30,14
1655902796028,MATH 10B,A01,083207,Lim; Seonhee,1,1,34,33
1655902796028,MATH 10B,A02,083208,Lim; Seonhee,0,1,35,35
1655902796028,MATH 10B,A03,093472,Staff,1,0,34,33
1655902796028,MATH 10B,B01,083739,Sinha; Shubham,10,0,30,20
1655902802057,MATH 18,A01,083743,Cinel; Cameron Alexander,4,0,30,26
1655902802057,MATH 18,A02,083744,Cinel; Cameron Alexander,11,0,30,19
1655902802057,MATH 18,A03,083745,Cinel; Cameron Alexander,0,0,30,30
1655902802057,MATH 18,B01,083748,Ma; Zilu,1,0,36,35
1655902802057,MATH 18,B02,083749,Ma; Zilu,0,0,36,36
1655902802057,MATH 18,B03,083750,Ma; Zilu,0,0,36,36
1655902802057,MATH 18,B04,083751,Ma; Zilu,0,0,36,36
1655902802057,MATH 18,B05,093473,Staff,0,0,36,36
1655902802057,MATH 18,B06,093474,Staff,0,0,36,36
1655902808082,MATH 20A,A01,083754,Zheng; Zequn,10,0,40,30
1655902814122,MATH 20B,A01,083756,Briones; Jor-el Thomas Caparas,0,1,36,36
1655902814122,MATH 20B,A02,083757,Briones; Jor-el Thomas Caparas,1,0,36,35
1655902814122,MATH 20B,A03,093475,Staff,1,0,36,35
1655902820155,MATH 20C,A01,083760,Briones; Jor-el Thomas Caparas,0,2,35,35
1655902820155,MATH 20C,A02,083761,Briones; Jor-el Thomas Caparas,6,1,35,29
1655902820155,MATH 20C,A03,093476,Staff,1,1,35,34
1655902820155,MATH 20C,B01,083762,Bach; Quang Tran,3,0,30,27
1655902826179,MATH 20D,A01,083765,Tran; Brian Kha,0,0,30,30
1655902826179,MATH 20D,A02,083766,Tran; Brian Kha,0,1,30,30
1655902826179,MATH 20D,A03,083767,Tran; Brian Kha,0,0,30,30
1655902832206,MATH 20E,A01,083771,Ganguly; Soumya,0,0,32,32
1655902832206,MATH 20E,A02,083772,Ganguly; Soumya,1,1,32,31
1655902832206,MATH 20E,B01,083773,Ciotti; Benjamin,14,0,35,21
1655902832206,MATH 20E,B02,083774,Ciotti; Benjamin,12,0,35,23
1655902838247,MATH 103A,A01,083777,Greenfeld; Be'Eri,2,1,36,34
1655902838247,MATH 103A,A02,083778,Greenfeld; Be'Eri,1,0,36,35
1655902838247,MATH 103A,A03,093561,Staff,0,1,36,36
1655902838247,MATH 103A,B01,083779,Greenfeld; Be'Eri,7,1,36,29
1655902838247,MATH 103A,B02,083780,Greenfeld; Be'Eri,1,0,36,35
1655902838247,MATH 103A,B03,093562,Staff,0,0,36,36
1655902844273,MATH 105,A01,085443,Carter; Anne Toulson,3,1,35,32
1655902844273,MATH 105,A02,093477,Staff,6,0,35,29
1655902850300,MATH 109,A01,083213,Ganzberger; Geoffrey Michael,0,1,34,34
1655902850300,MATH 109,A02,083214,Ganzberger; Geoffrey Michael,0,0,34,34
1655902850300,MATH 109,A03,093478,Staff,1,0,34,33
1655902850300,MATH 109,B01,083215,Ganzberger; Geoffrey Michael,2,0,32,30
1655902850300,MATH 109,B02,083216,Ganzberger; Geoffrey Michael,0,0,32,32
1655902850300,MATH 109,B03,093479,Staff,4,0,32,28
1655902856327,MATH 142A,A01,083219,Chow; Bennett,0,0,32,32
1655902856327,MATH 142A,A02,083220,Chow; Bennett,8,0,32,24
1655902856327,MATH 142A,A03,093480,Staff,4,0,32,28
1655902856327,MATH 142A,B03,093481,Staff,3,0,32,29
1655902856327,MATH 142A,B04,093558,Staff,6,0,32,26
1655902856327,MATH 142A,B05,093559,Staff,1,0,32,31
1655902862356,MATH 193A,A01,083224,Rotar; Vladimir,1,1,34,33
1655902862356,MATH 193A,A02,083225,Rotar; Vladimir,0,0,34,34
1655902862356,MATH 193A,A03,083781,Rotar; Vladimir,2,0,34,32
1655902862356,MATH 193A,A04,083782,Rotar; Vladimir,2,0,34,32
1655902862356,MATH 193A,A05,093482,Rotar; Vladimir,2,0,34,32
1655902868387,MATH 197,001,091859,McAuley; Julian John,9999,0,9999,0
1655902868387,MATH 197,002,095566,Kedlaya; Kiran S.,9997,0,9999,2
1655902868387,MATH 197,003,095567,Xiao; Ming,9999,0,9999,0
1655902868387,MATH 197,004,095571,Perols; Johan Lars,9998,0,9999,1
1655902875467,COGS 9,A01,083615,Shannon; Kyle Michael,1,1,75,74
1655902881493,COGS 11,A01,083617,Boyle; Mary E. T.,9,1,48,39
1655902887524,COGS 13,A01,083071,Bastos; Amalia Pinkusfeld,3,1,71,68
1655902893553,COGS 14A,A01,092681,Staff,2,26,100,98
1655902899584,COGS 14B,A01,083073,Cheng; Tzu-Han,7,0,63,56
1655902905686,COGS 17,A01,092677,Staff,8,6,81,73
1655902911712,COGS 100,A01,083619,Allen; Michael Gordon,2,2,70,68
1655902917742,COGS 101A,A01,083621,Davis; Joshua Daniel,4,3,68,64
1655902923773,COGS 101B,A01,091572,Allen; Michael Gordon,1,0,65,64
1655902929795,COGS 101C,A01,083625,Delgado; Tania,8,0,35,27
1655902935822,COGS 107A,A01,083627,Boyle; Mary E. T.,0,1,60,60
1655902941853,COGS 118A,A01,083075,Gupta; Anjum,16,16,76,60
1655902947886,CSE 3,A50,083646,Miranda; Gregory Joseph,13,0,50,37
1655902953911,CSE 8A,A50,083650,Miranda; Gregory Joseph,3,11,56,53
1655902959961,CSE 11,A01,083080,Cao; Yingjun,0,69,40,40
1655902965987,CSE 12,A01,083652,Krause-Levy; Sophia Louisa,6,8,120,114
1655902972011,CSE 15L,A01,083654,Morris; Justin Loren,3,1,50,47
1655902972011,CSE 15L,A02,083655,Morris; Justin Loren,0,0,50,50
1655902978038,CSE 20,A01,083657,Tran; Khoa Dang,29,0,80,51
1655902984063,CSE 21,A01,095574,Bach; Quang Tran,23,0,48,25
1655902990098,CSE 30,A01,083084,Eldon; John,1,11,80,79
1655902990098,CSE 30,B01,095061,Bhaskar; Nishant,0,4,50,50
1655902996125,CSE 100,A01,083659,Cao; Yingjun,2,25,70,68
1655903002156,CSE 134B,A01,083661,Powell; Thomas Allan,4,6,100,96
1655903008182,CSE 140,A01,083663,Gungor; Onat,4,0,85,81
1655903014210,CSE 140L,A01,083088,Eldon; John,4,0,100,96
1655903020237,CSE 175,A01,083665,Kumar; Rakesh,1,0,25,24
1655903026266,CSE 190,A00,092507,Dubnov; Shlomo,1,0,20,19
1655903032302,ECE 45,A01,083139,Congero; Spencer William,0,1,75,75
1655903038329,ECE 65,A50,083695,Saad; Andrew S,6,0,30,24
1655903038329,ECE 65,A51,095125,Staff,23,0,26,3
1655903044356,ECE 109,A01,091882,Touri; Behrouz,1,3,70,69
1655903050386,ECE 180,A00,083140,Abi Samra; Nicholas Camill,1,0,30,29
1655903050386,ECE 180,B00,083141,Abi Samra; Nicholas Camill,0,8,28,28
1655903056420,MATH 10A,A01,083735,Patchell; Gregory David,0,0,30,30
1655903056420,MATH 10A,A02,083736,Patchell; Gregory David,21,0,30,9
1655903056420,MATH 10A,A03,083737,Patchell; Gregory David,16,0,30,14
1655903062448,MATH 10B,A01,083207,Lim; Seonhee,1,1,34,33
1655903062448,MATH 10B,A02,083208,Lim; Seonhee,0,1,35,35
1655903062448,MATH 10B,A03,093472,Staff,1,0,34,33
1655903062448,MATH 10B,B01,083739,Sinha; Shubham,10,0,30,20
1655903068478,MATH 18,A01,083743,Cinel; Cameron Alexander,4,0,30,26
1655903068478,MATH 18,A02,083744,Cinel; Cameron Alexander,11,0,30,19
1655903068478,MATH 18,A03,083745,Cinel; Cameron Alexander,0,0,30,30
1655903068478,MATH 18,B01,083748,Ma; Zilu,1,0,36,35
1655903068478,MATH 18,B02,083749,Ma; Zilu,0,0,36,36
1655903068478,MATH 18,B03,083750,Ma; Zilu,0,0,36,36
1655903068478,MATH 18,B04,083751,Ma; Zilu,0,0,36,36
1655903068478,MATH 18,B05,093473,Staff,0,0,36,36
1655903068478,MATH 18,B06,093474,Staff,0,0,36,36
1655903074505,MATH 20A,A01,083754,Zheng; Zequn,10,0,40,30
1655903080532,MATH 20B,A01,083756,Briones; Jor-el Thomas Caparas,0,1,36,36
1655903080532,MATH 20B,A02,083757,Briones; Jor-el Thomas Caparas,1,0,36,35
1655903080532,MATH 20B,A03,093475,Staff,1,0,36,35
1655903086559,MATH 20C,A01,083760,Briones; Jor-el Thomas Caparas,0,2,35,35
1655903086559,MATH 20C,A02,083761,Briones; Jor-el Thomas Caparas,6,1,35,29
1655903086559,MATH 20C,A03,093476,Staff,1,1,35,34
1655903086559,MATH 20C,B01,083762,Bach; Quang Tran,3,0,30,27
1655903092584,MATH 20D,A01,083765,Tran; Brian Kha,0,0,30,30
1655903092584,MATH 20D,A02,083766,Tran; Brian Kha,0,1,30,30
1655903092584,MATH 20D,A03,083767,Tran; Brian Kha,0,0,30,30
1655903098621,MATH 20E,A01,083771,Ganguly; Soumya,0,0,32,32
1655903098621,MATH 20E,A02,083772,Ganguly; Soumya,1,1,32,31
1655903098621,MATH 20E,B01,083773,Ciotti; Benjamin,14,0,35,21
1655903098621,MATH 20E,B02,083774,Ciotti; Benjamin,12,0,35,23
1655903104657,MATH 103A,A01,083777,Greenfeld; Be'Eri,2,1,36,34
1655903104657,MATH 103A,A02,083778,Greenfeld; Be'Eri,1,0,36,35
1655903104657,MATH 103A,A03,093561,Staff,0,1,36,36
1655903104657,MATH 103A,B01,083779,Greenfeld; Be'Eri,7,1,36,29
1655903104657,MATH 103A,B02,083780,Greenfeld; Be'Eri,1,0,36,35
1655903104657,MATH 103A,B03,093562,Staff,0,0,36,36
1655903110691,MATH 105,A01,085443,Carter; Anne Toulson,3,1,35,32
1655903110691,MATH 105,A02,093477,Staff,6,0,35,29
1655903116718,MATH 109,A01,083213,Ganzberger; Geoffrey Michael,0,1,34,34
1655903116718,MATH 109,A02,083214,Ganzberger; Geoffrey Michael,0,0,34,34
1655903116718,MATH 109,A03,093478,Staff,1,0,34,33
1655903116718,MATH 109,B01,083215,Ganzberger; Geoffrey Michael,2,0,32,30
1655903116718,MATH 109,B02,083216,Ganzberger; Geoffrey Michael,0,0,32,32
1655903116718,MATH 109,B03,093479,Staff,4,0,32,28
1655903122753,MATH 142A,A01,083219,Chow; Bennett,0,0,32,32
1655903122753,MATH 142A,A02,083220,Chow; Bennett,8,0,32,24
1655903122753,MATH 142A,A03,093480,Staff,4,0,32,28
1655903122753,MATH 142A,B03,093481,Staff,3,0,32,29
1655903122753,MATH 142A,B04,093558,Staff,6,0,32,26
1655903122753,MATH 142A,B05,093559,Staff,1,0,32,31
1655903128787,MATH 193A,A01,083224,Rotar; Vladimir,1,1,34,33
1655903128787,MATH 193A,A02,083225,Rotar; Vladimir,0,0,34,34
1655903128787,MATH 193A,A03,083781,Rotar; Vladimir,2,0,34,32
1655903128787,MATH 193A,A04,083782,Rotar; Vladimir,2,0,34,32
1655903128787,MATH 193A,A05,093482,Rotar; Vladimir,2,0,34,32
1655903134817,MATH 197,001,091859,McAuley; Julian John,9999,0,9999,0
1655903134817,MATH 197,002,095566,Kedlaya; Kiran S.,9997,0,9999,2
1655903134817,MATH 197,003,095567,Xiao; Ming,9999,0,9999,0
1655903134817,MATH 197,004,095571,Perols; Johan Lars,9998,0,9999,1
1655903141883,COGS 9,A01,083615,Shannon; Kyle Michael,1,1,75,74
1655903147908,COGS 11,A01,083617,Boyle; Mary E. T.,9,1,48,39
1655903153935,COGS 13,A01,083071,Bastos; Amalia Pinkusfeld,3,1,71,68
1655903159960,COGS 14A,A01,092681,Staff,2,26,100,98
1655903165985,COGS 14B,A01,083073,Cheng; Tzu-Han,7,0,63,56
1655903172018,COGS 17,A01,092677,Staff,8,6,81,73
1655903178049,COGS 100,A01,083619,Allen; Michael Gordon,2,2,70,68
1655903184081,COGS 101A,A01,083621,Davis; Joshua Daniel,4,3,68,64
1655903190108,COGS 101B,A01,091572,Allen; Michael Gordon,1,0,65,64
1655903196139,COGS 101C,A01,083625,Delgado; Tania,8,0,35,27
1655903202170,COGS 107A,A01,083627,Boyle; Mary E. T.,0,1,60,60
1655903208198,COGS 118A,A01,083075,Gupta; Anjum,16,16,76,60
1655903214227,CSE 3,A50,083646,Miranda; Gregory Joseph,13,0,50,37
1655903220253,CSE 8A,A50,083650,Miranda; Gregory Joseph,3,11,56,53
1655903226279,CSE 11,A01,083080,Cao; Yingjun,0,69,40,40
1655903232306,CSE 12,A01,083652,Krause-Levy; Sophia Louisa,6,8,120,114
1655903238331,CSE 15L,A01,083654,Morris; Justin Loren,3,1,50,47
1655903238331,CSE 15L,A02,083655,Morris; Justin Loren,0,0,50,50
1655903244362,CSE 20,A01,083657,Tran; Khoa Dang,29,0,80,51
1655903250391,CSE 21,A01,095574,Bach; Quang Tran,23,0,48,25
1655903256424,CSE 30,A01,083084,Eldon; John,1,11,80,79
1655903256424,CSE 30,B01,095061,Bhaskar; Nishant,0,4,50,50
1655903262454,CSE 100,A01,083659,Cao; Yingjun,2,25,70,68
1655903268487,CSE 134B,A01,083661,Powell; Thomas Allan,4,6,100,96
1655903274511,CSE 140,A01,083663,Gungor; Onat,4,0,85,81
1655903280542,CSE 140L,A01,083088,Eldon; John,4,0,100,96
1655903286570,CSE 175,A01,083665,Kumar; Rakesh,1,0,25,24
1655903292594,CSE 190,A00,092507,Dubnov; Shlomo,1,0,20,19
1655903298627,ECE 45,A01,083139,Congero; Spencer William,0,1,75,75
1655903304657,ECE 65,A50,083695,Saad; Andrew S,6,0,30,24
1655903304657,ECE 65,A51,095125,Staff,23,0,26,3
1655903310684,ECE 109,A01,091882,Touri; Behrouz,1,3,70,69
1655903316710,ECE 180,A00,083140,Abi Samra; Nicholas Camill,1,0,30,29
1655903316710,ECE 180,B00,083141,Abi Samra; Nicholas Camill,0,8,28,28
1655903322744,MATH 10A,A01,083735,Patchell; Gregory David,0,0,30,30
1655903322744,MATH 10A,A02,083736,Patchell; Gregory David,21,0,30,9
1655903322744,MATH 10A,A03,083737,Patchell; Gregory David,16,0,30,14
1655903328773,MATH 10B,A01,083207,Lim; Seonhee,1,1,34,33
1655903328773,MATH 10B,A02,083208,Lim; Seonhee,0,1,35,35
1655903328773,MATH 10B,A03,093472,Staff,1,0,34,33
1655903328773,MATH 10B,B01,083739,Sinha; Shubham,10,0,30,20
1655903334809,MATH 18,A01,083743,Cinel; Cameron Alexander,4,0,30,26
1655903334809,MATH 18,A02,083744,Cinel; Cameron Alexander,11,0,30,19
1655903334809,MATH 18,A03,083745,Cinel; Cameron Alexander,0,0,30,30
1655903334809,MATH 18,B01,083748,Ma; Zilu,1,0,36,35
1655903334809,MATH 18,B02,083749,Ma; Zilu,0,0,36,36
1655903334809,MATH 18,B03,083750,Ma; Zilu,0,0,36,36
1655903334809,MATH 18,B04,083751,Ma; Zilu,0,0,36,36
1655903334809,MATH 18,B05,093473,Staff,0,0,36,36
1655903334809,MATH 18,B06,093474,Staff,0,0,36,36
1655903340839,MATH 20A,A01,083754,Zheng; Zequn,10,0,40,30
1655903346871,MATH 20B,A01,083756,Briones; Jor-el Thomas Caparas,0,1,36,36
1655903346871,MATH 20B,A02,083757,Briones; Jor-el Thomas Caparas,1,0,36,35
1655903346871,MATH 20B,A03,093475,Staff,1,0,36,35
1655903352896,MATH 20C,A01,083760,Briones; Jor-el Thomas Caparas,0,2,35,35
1655903352896,MATH 20C,A02,083761,Briones; Jor-el Thomas Caparas,6,1,35,29
1655903352896,MATH 20C,A03,093476,Staff,1,1,35,34
1655903352896,MATH 20C,B01,083762,Bach; Quang Tran,3,0,30,27
1655903358923,MATH 20D,A01,083765,Tran; Brian Kha,0,0,30,30
1655903358923,MATH 20D,A02,083766,Tran; Brian Kha,0,1,30,30
1655903358923,MATH 20D,A03,083767,Tran; Brian Kha,0,0,30,30
1655903364950,MATH 20E,A01,083771,Ganguly; Soumya,0,0,32,32
1655903364950,MATH 20E,A02,083772,Ganguly; Soumya,1,1,32,31
1655903364950,MATH 20E,B01,083773,Ciotti; Benjamin,14,0,35,21
1655903364950,MATH 20E,B02,083774,Ciotti; Benjamin,12,0,35,23
1655903370977,MATH 103A,A01,083777,Greenfeld; Be'Eri,2,1,36,34
1655903370977,MATH 103A,A02,083778,Greenfeld; Be'Eri,1,0,36,35
1655903370977,MATH 103A,A03,093561,Staff,0,1,36,36
1655903370977,MATH 103A,B01,083779,Greenfeld; Be'Eri,7,1,36,29
1655903370977,MATH 103A,B02,083780,Greenfeld; Be'Eri,1,0,36,35
1655903370977,MATH 103A,B03,093562,Staff,0,0,36,36
1655903377002,MATH 105,A01,085443,Carter; Anne Toulson,3,1,35,32
1655903377002,MATH 105,A02,093477,Staff,6,0,35,29
1655903383031,MATH 109,A01,083213,Ganzberger; Geoffrey Michael,0,1,34,34
1655903383031,MATH 109,A02,083214,Ganzberger; Geoffrey Michael,0,0,34,34
1655903383031,MATH 109,A03,093478,Staff,1,0,34,33
1655903383031,MATH 109,B01,083215,Ganzberger; Geoffrey Michael,2,0,32,30
1655903383031,MATH 109,B02,083216,Ganzberger; Geoffrey Michael,0,0,32,32
1655903383031,MATH 109,B03,093479,Staff,4,0,32,28
1655903389056,MATH 142A,A01,083219,Chow; Bennett,0,0,32,32
1655903389056,MATH 142A,A02,083220,Chow; Bennett,8,0,32,24
1655903389056,MATH 142A,A03,093480,Staff,4,0,32,28
1655903389056,MATH 142A,B03,093481,Staff,3,0,32,29
1655903389056,MATH 142A,B04,093558,Staff,6,0,32,26
1655903389056,MATH 142A,B05,093559,Staff,1,0,32,31
1655903395083,MATH 193A,A01,083224,Rotar; Vladimir,1,1,34,33
1655903395083,MATH 193A,A02,083225,Rotar; Vladimir,0,0,34,34
1655903395083,MATH 193A,A03,083781,Rotar; Vladimir,2,0,34,32
1655903395083,MATH 193A,A04,083782,Rotar; Vladimir,2,0,34,32
1655903395083,MATH 193A,A05,093482,Rotar; Vladimir,2,0,34,32
1655903401113,MATH 197,001,091859,McAuley; Julian John,9999,0,9999,0
1655903401113,MATH 197,002,095566,Kedlaya; Kiran S.,9997,0,9999,2
1655903401113,MATH 197,003,095567,Xiao; Ming,9999,0,9999,0
1655903401113,MATH 197,004,095571,Perols; Johan Lars,9998,0,9999,1
1655903408202,COGS 9,A01,083615,Shannon; Kyle Michael,1,1,75,74
1655903414232,COGS 11,A01,083617,Boyle; Mary E. T.,9,1,48,39
1655903420300,COGS 13,A01,083071,Bastos; Amalia Pinkusfeld,3,1,71,68
1655903426324,COGS 14A,A01,092681,Staff,2,26,100,98
1655903432353,COGS 14B,A01,083073,Cheng; Tzu-Han,7,0,63,56
1655903438378,COGS 17,A01,092677,Staff,8,6,81,73
1655903444408,COGS 100,A01,083619,Allen; Michael Gordon,2,2,70,68
1655903450438,COGS 101A,A01,083621,Davis; Joshua Daniel,4,3,68,64
1655903456464,COGS 101B,A01,091572,Allen; Michael Gordon,1,0,65,64
1655903462495,COGS 101C,A01,083625,Delgado; Tania,8,0,35,27
1655903468529,COGS 107A,A01,083627,Boyle; Mary E. T.,0,1,60,60
1655903474562,COGS 118A,A01,083075,Gupta; Anjum,16,16,76,60
1655903480590,CSE 3,A50,083646,Miranda; Gregory Joseph,13,0,50,37
1655903486615,CSE 8A,A50,083650,Miranda; Gregory Joseph,3,11,56,53
1655903492640,CSE 11,A01,083080,Cao; Yingjun,0,69,40,40
1655903498666,CSE 12,A01,083652,Krause-Levy; Sophia Louisa,6,8,120,114
1655903504763,CSE 15L,A01,083654,Morris; Justin Loren,3,1,50,47
1655903504763,CSE 15L,A02,083655,Morris; Justin Loren,0,0,50,50
1655903510795,CSE 20,A01,083657,Tran; Khoa Dang,29,0,80,51
1655903516821,CSE 21,A01,095574,Bach; Quang Tran,23,0,48,25
1655903522850,CSE 30,A01,083084,Eldon; John,1,11,80,79
1655903522850,CSE 30,B01,095061,Bhaskar; Nishant,0,4,50,50
1655903528873,CSE 100,A01,083659,Cao; Yingjun,2,25,70,68
1655903534904,CSE 134B,A01,083661,Powell; Thomas Allan,4,6,100,96
1655903540929,CSE 140,A01,083663,Gungor; Onat,4,0,85,81
1655903546954,CSE 140L,A01,083088,Eldon; John,4,0,100,96
1655903552985,CSE 175,A01,083665,Kumar; Rakesh,1,0,25,24
1655903559017,CSE 190,A00,092507,Dubnov; Shlomo,1,0,20,19
1655903565055,ECE 45,A01,083139,Congero; Spencer William,0,1,75,75
1655903571088,ECE 65,A50,083695,Saad; Andrew S,6,0,30,24
1655903571088,ECE 65,A51,095125,Staff,23,0,26,3
1655903577113,ECE 109,A01,091882,Touri; Behrouz,1,3,70,69
1655903583143,ECE 180,A00,083140,Abi Samra; Nicholas Camill,1,0,30,29
1655903583143,ECE 180,B00,083141,Abi Samra; Nicholas Camill,0,8,28,28
1655903589169,MATH 10A,A01,083735,Patchell; Gregory David,0,0,30,30
1655903589169,MATH 10A,A02,083736,Patchell; Gregory David,21,0,30,9
1655903589169,MATH 10A,A03,083737,Patchell; Gregory David,16,0,30,14
1655903595197,MATH 10B,A01,083207,Lim; Seonhee,1,1,34,33
1655903595197,MATH 10B,A02,083208,Lim; Seonhee,0,1,35,35
1655903595197,MATH 10B,A03,093472,Staff,1,0,34,33
1655903595197,MATH 10B,B01,083739,Sinha; Shubham,10,0,30,20
1655903601236,MATH 18,A01,083743,Cinel; Cameron Alexander,4,0,30,26
1655903601236,MATH 18,A02,083744,Cinel; Cameron Alexander,11,0,30,19
1655903601236,MATH 18,A03,083745,Cinel; Cameron Alexander,0,0,30,30
1655903601236,MATH 18,B01,083748,Ma; Zilu,1,0,36,35
1655903601236,MATH 18,B02,083749,Ma; Zilu,0,0,36,36
1655903601236,MATH 18,B03,083750,Ma; Zilu,0,0,36,36
1655903601236,MATH 18,B04,083751,Ma; Zilu,0,0,36,36
1655903601236,MATH 18,B05,093473,Staff,0,0,36,36
1655903601236,MATH 18,B06,093474,Staff,0,0,36,36
1655903607261,MATH 20A,A01,083754,Zheng; Zequn,10,0,40,30
1655903613289,MATH 20B,A01,083756,Briones; Jor-el Thomas Caparas,0,1,36,36
1655903613289,MATH 20B,A02,083757,Briones; Jor-el Thomas Caparas,1,0,36,35
1655903613289,MATH 20B,A03,093475,Staff,1,0,36,35
1655903619316,MATH 20C,A01,083760,Briones; Jor-el Thomas Caparas,0,2,35,35
1655903619316,MATH 20C,A02,083761,Briones; Jor-el Thomas Caparas,6,1,35,29
1655903619316,MATH 20C,A03,093476,Staff,1,1,35,34
1655903619316,MATH 20C,B01,083762,Bach; Quang Tran,3,0,30,27
1655903625340,MATH 20D,A01,083765,Tran; Brian Kha,0,0,30,30
1655903625340,MATH 20D,A02,083766,Tran; Brian Kha,0,1,30,30
1655903625340,MATH 20D,A03,083767,Tran; Brian Kha,0,0,30,30
1655903631375,MATH 20E,A01,083771,Ganguly; Soumya,0,0,32,32
1655903631375,MATH 20E,A02,083772,Ganguly; Soumya,1,1,32,31
1655903631375,MATH 20E,B01,083773,Ciotti; Benjamin,14,0,35,21
1655903631375,MATH 20E,B02,083774,Ciotti; Benjamin,12,0,35,23
1655903637403,MATH 103A,A01,083777,Greenfeld; Be'Eri,2,1,36,34
1655903637403,MATH 103A,A02,083778,Greenfeld; Be'Eri,1,0,36,35
1655903637403,MATH 103A,A03,093561,Staff,0,1,36,36
1655903637403,MATH 103A,B01,083779,Greenfeld; Be'Eri,7,1,36,29
1655903637403,MATH 103A,B02,083780,Greenfeld; Be'Eri,1,0,36,35
1655903637403,MATH 103A,B03,093562,Staff,0,0,36,36
1655903643435,MATH 105,A01,085443,Carter; Anne Toulson,3,1,35,32
1655903643435,MATH 105,A02,093477,Staff,6,0,35,29
1655903649461,MATH 109,A01,083213,Ganzberger; Geoffrey Michael,0,1,34,34
1655903649461,MATH 109,A02,083214,Ganzberger; Geoffrey Michael,0,0,34,34
1655903649461,MATH 109,A03,093478,Staff,1,0,34,33
1655903649461,MATH 109,B01,083215,Ganzberger; Geoffrey Michael,2,0,32,30
1655903649461,MATH 109,B02,083216,Ganzberger; Geoffrey Michael,0,0,32,32
1655903649461,MATH 109,B03,093479,Staff,4,0,32,28
1655903655487,MATH 142A,A01,083219,Chow; Bennett,0,0,32,32
1655903655487,MATH 142A,A02,083220,Chow; Bennett,8,0,32,24
1655903655487,MATH 142A,A03,093480,Staff,4,0,32,28
1655903655487,MATH 142A,B03,093481,Staff,3,0,32,29
1655903655487,MATH 142A,B04,093558,Staff,6,0,32,26
1655903655487,MATH 142A,B05,093559,Staff,1,0,32,31
1655903661519,MATH 193A,A01,083224,Rotar; Vladimir,1,1,34,33
1655903661519,MATH 193A,A02,083225,Rotar; Vladimir,0,0,34,34
1655903661519,MATH 193A,A03,083781,Rotar; Vladimir,2,0,34,32
1655903661519,MATH 193A,A04,083782,Rotar; Vladimir,2,0,34,32
1655903661519,MATH 193A,A05,093482,Rotar; Vladimir,2,0,34,32
1655903667545,MATH 197,001,091859,McAuley; Julian John,9999,0,9999,0
1655903667545,MATH 197,002,095566,Kedlaya; Kiran S.,9997,0,9999,2
1655903667545,MATH 197,003,095567,Xiao; Ming,9999,0,9999,0
1655903667545,MATH 197,004,095571,Perols; Johan Lars,9998,0,9999,1
1655903674625,COGS 9,A01,083615,Shannon; Kyle Michael,1,1,75,74
1655903680650,COGS 11,A01,083617,Boyle; Mary E. T.,9,1,48,39
1655903686680,COGS 13,A01,083071,Bastos; Amalia Pinkusfeld,3,1,71,68
1655903692708,COGS 14A,A01,092681,Staff,2,26,100,98
1655903698735,COGS 14B,A01,083073,Cheng; Tzu-Han,7,0,63,56
1655903704761,COGS 17,A01,092677,Staff,8,6,81,73
1655903710788,COGS 100,A01,083619,Allen; Michael Gordon,2,2,70,68
1655903716812,COGS 101A,A01,083621,Davis; Joshua Daniel,4,3,68,64
1655903722837,COGS 101B,A01,091572,Allen; Michael Gordon,1,0,65,64
1655903728861,COGS 101C,A01,083625,Delgado; Tania,8,0,35,27
1655903734901,COGS 107A,A01,083627,Boyle; Mary E. T.,0,1,60,60
1655903740931,COGS 118A,A01,083075,Gupta; Anjum,16,16,76,60
1655903746958,CSE 3,A50,083646,Miranda; Gregory Joseph,13,0,50,37
1655903752990,CSE 8A,A50,083650,Miranda; Gregory Joseph,3,11,56,53
1655903759033,CSE 11,A01,083080,Cao; Yingjun,0,69,40,40
1655903765064,CSE 12,A01,083652,Krause-Levy; Sophia Louisa,6,8,120,114
1655903771088,CSE 15L,A01,083654,Morris; Justin Loren,3,1,50,47
1655903771088,CSE 15L,A02,083655,Morris; Justin Loren,0,0,50,50
1655903777112,CSE 20,A01,083657,Tran; Khoa Dang,29,0,80,51
1655903783137,CSE 21,A01,095574,Bach; Quang Tran,23,0,48,25
1655903789170,CSE 30,A01,083084,Eldon; John,1,11,80,79
1655903789170,CSE 30,B01,095061,Bhaskar; Nishant,0,4,50,50
1655903795197,CSE 100,A01,083659,Cao; Yingjun,2,25,70,68
1655903801223,CSE 134B,A01,083661,Powell; Thomas Allan,4,6,100,96
1655903807248,CSE 140,A01,083663,Gungor; Onat,4,0,85,81
1655903813277,CSE 140L,A01,083088,Eldon; John,4,0,100,96
1655903819303,CSE 175,A01,083665,Kumar; Rakesh,1,0,25,24
1655903825331,CSE 190,A00,092507,Dubnov; Shlomo,1,0,20,19
1655903831364,ECE 45,A01,083139,Congero; Spencer William,0,1,75,75
1655903837391,ECE 65,A50,083695,Saad; Andrew S,6,0,30,24
1655903837391,ECE 65,A51,095125,Staff,23,0,26,3
1655903843427,ECE 109,A01,091882,Touri; Behrouz,1,3,70,69
1655903849460,ECE 180,A00,083140,Abi Samra; Nicholas Camill,1,0,30,29
1655903849460,ECE 180,B00,083141,Abi Samra; Nicholas Camill,0,8,28,28
1655903855497,MATH 10A,A01,083735,Patchell; Gregory David,0,0,30,30
1655903855497,MATH 10A,A02,083736,Patchell; Gregory David,21,0,30,9
1655903855497,MATH 10A,A03,083737,Patchell; Gregory David,16,0,30,14
1655903861534,MATH 10B,A01,083207,Lim; Seonhee,1,1,34,33
1655903861534,MATH 10B,A02,083208,Lim; Seonhee,0,1,35,35
1655903861534,MATH 10B,A03,093472,Staff,1,0,34,33
1655903861534,MATH 10B,B01,083739,Sinha; Shubham,10,0,30,20
1655903867565,MATH 18,A01,083743,Cinel; Cameron Alexander,4,0,30,26
1655903867565,MATH 18,A02,083744,Cinel; Cameron Alexander,11,0,30,19
1655903867565,MATH 18,A03,083745,Cinel; Cameron Alexander,0,0,30,30
1655903867565,MATH 18,B01,083748,Ma; Zilu,1,0,36,35
1655903867565,MATH 18,B02,083749,Ma; Zilu,0,0,36,36
1655903867565,MATH 18,B03,083750,Ma; Zilu,0,0,36,36
1655903867565,MATH 18,B04,083751,Ma; Zilu,0,0,36,36
1655903867565,MATH 18,B05,093473,Staff,0,0,36,36
1655903867565,MATH 18,B06,093474,Staff,0,0,36,36
1655903873593,MATH 20A,A01,083754,Zheng; Zequn,10,0,40,30
1655903879620,MATH 20B,A01,083756,Briones; Jor-el Thomas Caparas,0,1,36,36
1655903879620,MATH 20B,A02,083757,Briones; Jor-el Thomas Caparas,1,0,36,35
1655903879620,MATH 20B,A03,093475,Staff,1,0,36,35
1655903885648,MATH 20C,A01,083760,Briones; Jor-el Thomas Caparas,0,2,35,35
1655903885648,MATH 20C,A02,083761,Briones; Jor-el Thomas Caparas,6,1,35,29
1655903885648,MATH 20C,A03,093476,Staff,1,1,35,34
1655903885648,MATH 20C,B01,083762,Bach; Quang Tran,3,0,30,27
1655903891679,MATH 20D,A01,083765,Tran; Brian Kha,0,0,30,30
1655903891679,MATH 20D,A02,083766,Tran; Brian Kha,0,1,30,30
1655903891679,MATH 20D,A03,083767,Tran; Brian Kha,0,0,30,30
1655903897713,MATH 20E,A01,083771,Ganguly; Soumya,0,0,32,32
1655903897713,MATH 20E,A02,083772,Ganguly; Soumya,1,1,32,31
1655903897713,MATH 20E,B01,083773,Ciotti; Benjamin,14,0,35,21
1655903897713,MATH 20E,B02,083774,Ciotti; Benjamin,12,0,35,23
1655903903741,MATH 103A,A01,083777,Greenfeld; Be'Eri,2,1,36,34
1655903903741,MATH 103A,A02,083778,Greenfeld; Be'Eri,1,0,36,35
1655903903741,MATH 103A,A03,093561,Staff,0,1,36,36
1655903903741,MATH 103A,B01,083779,Greenfeld; Be'Eri,7,1,36,29
1655903903741,MATH 103A,B02,083780,Greenfeld; Be'Eri,1,0,36,35
1655903903741,MATH 103A,B03,093562,Staff,0,0,36,36
1655903909766,MATH 105,A01,085443,Carter; Anne Toulson,3,1,35,32
1655903909766,MATH 105,A02,093477,Staff,6,0,35,29
1655903915792,MATH 109,A01,083213,Ganzberger; Geoffrey Michael,0,1,34,34
1655903915792,MATH 109,A02,083214,Ganzberger; Geoffrey Michael,0,0,34,34
1655903915792,MATH 109,A03,093478,Staff,1,0,34,33
1655903915792,MATH 109,B01,083215,Ganzberger; Geoffrey Michael,2,0,32,30
1655903915792,MATH 109,B02,083216,Ganzberger; Geoffrey Michael,0,0,32,32
1655903915792,MATH 109,B03,093479,Staff,4,0,32,28
1655903921817,MATH 142A,A01,083219,Chow; Bennett,0,0,32,32
1655903921817,MATH 142A,A02,083220,Chow; Bennett,8,0,32,24
1655903921817,MATH 142A,A03,093480,Staff,4,0,32,28
1655903921817,MATH 142A,B03,093481,Staff,3,0,32,29
1655903921817,MATH 142A,B04,093558,Staff,6,0,32,26
1655903921817,MATH 142A,B05,093559,Staff,1,0,32,31
1655903927850,MATH 193A,A01,083224,Rotar; Vladimir,1,1,34,33
1655903927850,MATH 193A,A02,083225,Rotar; Vladimir,0,0,34,34
1655903927850,MATH 193A,A03,083781,Rotar; Vladimir,2,0,34,32
1655903927850,MATH 193A,A04,083782,Rotar; Vladimir,2,0,34,32
1655903927850,MATH 193A,A05,093482,Rotar; Vladimir,2,0,34,32
1655903933875,MATH 197,001,091859,McAuley; Julian John,9999,0,9999,0
1655903933875,MATH 197,002,095566,Kedlaya; Kiran S.,9997,0,9999,2
1655903933875,MATH 197,003,095567,Xiao; Ming,9999,0,9999,0
1655903933875,MATH 197,004,095571,Perols; Johan Lars,9998,0,9999,1
1655903940939,COGS 9,A01,083615,Shannon; Kyle Michael,1,1,75,74
1655903946968,COGS 11,A01,083617,Boyle; Mary E. T.,9,1,48,39
1655903952995,COGS 13,A01,083071,Bastos; Amalia Pinkusfeld,3,1,71,68
1655903959021,COGS 14A,A01,092681,Staff,2,26,100,98
1655903965045,COGS 14B,A01,083073,Cheng; Tzu-Han,7,0,63,56
1655903971070,COGS 17,A01,092677,Staff,8,6,81,73
1655903977097,COGS 100,A01,083619,Allen; Michael Gordon,2,2,70,68
1655903983128,COGS 101A,A01,083621,Davis; Joshua Daniel,4,3,68,64
1655903989153,COGS 101B,A01,091572,Allen; Michael Gordon,1,0,65,64
1655903995184,COGS 101C,A01,083625,Delgado; Tania,8,0,35,27
1655904001211,COGS 107A,A01,083627,Boyle; Mary E. T.,0,1,60,60
1655904007236,COGS 118A,A01,083075,Gupta; Anjum,16,16,76,60
1655904013265,CSE 3,A50,083646,Miranda; Gregory Joseph,13,0,50,37
1655904019288,CSE 8A,A50,083650,Miranda; Gregory Joseph,3,11,56,53
1655904025316,CSE 11,A01,083080,Cao; Yingjun,0,69,40,40
1655904031342,CSE 12,A01,083652,Krause-Levy; Sophia Louisa,6,8,120,114
1655904037371,CSE 15L,A01,083654,Morris; Justin Loren,3,1,50,47
1655904037371,CSE 15L,A02,083655,Morris; Justin Loren,0,0,50,50
1655904043394,CSE 20,A01,083657,Tran; Khoa Dang,29,0,80,51
1655904049418,CSE 21,A01,095574,Bach; Quang Tran,23,0,48,25
1655904055450,CSE 30,A01,083084,Eldon; John,1,11,80,79
1655904055450,CSE 30,B01,095061,Bhaskar; Nishant,0,4,50,50
1655904061481,CSE 100,A01,083659,Cao; Yingjun,2,25,70,68
1655904067519,CSE 134B,A01,083661,Powell; Thomas Allan,4,6,100,96
1655904073547,CSE 140,A01,083663,Gungor; Onat,4,0,85,81
1655904079575,CSE 140L,A01,083088,Eldon; John,4,0,100,96
1655904085600,CSE 175,A01,083665,Kumar; Rakesh,1,0,25,24
1655904091624,CSE 190,A00,092507,Dubnov; Shlomo,1,0,20,19
1655904097651,ECE 45,A01,083139,Congero; Spencer William,0,1,75,75
1655904103751,ECE 65,A50,083695,Saad; Andrew S,6,0,30,24
1655904103751,ECE 65,A51,095125,Staff,23,0,26,3
1655904109782,ECE 109,A01,091882,Touri; Behrouz,1,3,70,69
1655904115812,ECE 180,A00,083140,Abi Samra; Nicholas Camill,1,0,30,29
1655904115812,ECE 180,B00,083141,Abi Samra; Nicholas Camill,0,8,28,28
1655904121839,MATH 10A,A01,083735,Patchell; Gregory David,0,0,30,30
1655904121839,MATH 10A,A02,083736,Patchell; Gregory David,21,0,30,9
1655904121839,MATH 10A,A03,083737,Patchell; Gregory David,16,0,30,14
1655904127868,MATH 10B,A01,083207,Lim; Seonhee,1,1,34,33
1655904127868,MATH 10B,A02,083208,Lim; Seonhee,0,1,35,35
1655904127868,MATH 10B,A03,093472,Staff,1,0,34,33
1655904127868,MATH 10B,B01,083739,Sinha; Shubham,10,0,30,20
1655904133909,MATH 18,A01,083743,Cinel; Cameron Alexander,4,0,30,26
1655904133909,MATH 18,A02,083744,Cinel; Cameron Alexander,11,0,30,19
1655904133909,MATH 18,A03,083745,Cinel; Cameron Alexander,0,0,30,30
1655904133909,MATH 18,B01,083748,Ma; Zilu,1,0,36,35
1655904133909,MATH 18,B02,083749,Ma; Zilu,0,0,36,36
1655904133909,MATH 18,B03,083750,Ma; Zilu,0,0,36,36
1655904133909,MATH 18,B04,083751,Ma; Zilu,0,0,36,36
1655904133909,MATH 18,B05,093473,Staff,0,0,36,36
1655904133909,MATH 18,B06,093474,Staff,0,0,36,36
1655904139935,MATH 20A,A01,083754,Zheng; Zequn,10,0,40,30
1655904145965,MATH 20B,A01,083756,Briones; Jor-el Thomas Caparas,0,1,36,36
1655904145965,MATH 20B,A02,083757,Briones; Jor-el Thomas Caparas,1,0,36,35
1655904145965,MATH 20B,A03,093475,Staff,1,0,36,35
1655904151997,MATH 20C,A01,083760,Briones; Jor-el Thomas Caparas,0,2,35,35
1655904151997,MATH 20C,A02,083761,Briones; Jor-el Thomas Caparas,6,1,35,29
1655904151997,MATH 20C,A03,093476,Staff,1,1,35,34
1655904151997,MATH 20C,B01,083762,Bach; Quang Tran,3,0,30,27
1655904158022,MATH 20D,A01,083765,Tran; Brian Kha,0,0,30,30
1655904158022,MATH 20D,A02,083766,Tran; Brian Kha,0,1,30,30
1655904158022,MATH 20D,A03,083767,Tran; Brian Kha,0,0,30,30
1655904164051,MATH 20E,A01,083771,Ganguly; Soumya,0,0,32,32
1655904164051,MATH 20E,A02,083772,Ganguly; Soumya,1,1,32,31
1655904164051,MATH 20E,B01,083773,Ciotti; Benjamin,14,0,35,21
1655904164051,MATH 20E,B02,083774,Ciotti; Benjamin,12,0,35,23
1655904170076,MATH 103A,A01,083777,Greenfeld; Be'Eri,2,1,36,34
1655904170076,MATH 103A,A02,083778,Greenfeld; Be'Eri,1,0,36,35
1655904170076,MATH 103A,A03,093561,Staff,0,1,36,36
1655904170076,MATH 103A,B01,083779,Greenfeld; Be'Eri,7,1,36,29
1655904170076,MATH 103A,B02,083780,Greenfeld; Be'Eri,1,0,36,35
1655904170076,MATH 103A,B03,093562,Staff,0,0,36,36
1655904176102,MATH 105,A01,085443,Carter; Anne Toulson,3,1,35,32
1655904176102,MATH 105,A02,093477,Staff,6,0,35,29
1655904182127,MATH 109,A01,083213,Ganzberger; Geoffrey Michael,0,1,34,34
1655904182127,MATH 109,A02,083214,Ganzberger; Geoffrey Michael,0,0,34,34
1655904182127,MATH 109,A03,093478,Staff,1,0,34,33
1655904182127,MATH 109,B01,083215,Ganzberger; Geoffrey Michael,2,0,32,30
1655904182127,MATH 109,B02,083216,Ganzberger; Geoffrey Michael,0,0,32,32
1655904182127,MATH 109,B03,093479,Staff,4,0,32,28
1655904188153,MATH 142A,A01,083219,Chow; Bennett,0,0,32,32
1655904188153,MATH 142A,A02,083220,Chow; Bennett,8,0,32,24
1655904188153,MATH 142A,A03,093480,Staff,4,0,32,28
1655904188153,MATH 142A,B03,093481,Staff,3,0,32,29
1655904188153,MATH 142A,B04,093558,Staff,6,0,32,26
1655904188153,MATH 142A,B05,093559,Staff,1,0,32,31
1655904194188,MATH 193A,A01,083224,Rotar; Vladimir,1,1,34,33
1655904194188,MATH 193A,A02,083225,Rotar; Vladimir,0,0,34,34
1655904194188,MATH 193A,A03,083781,Rotar; Vladimir,2,0,34,32
1655904194188,MATH 193A,A04,083782,Rotar; Vladimir,2,0,34,32
1655904194188,MATH 193A,A05,093482,Rotar; Vladimir,2,0,34,32
1655904200214,MATH 197,001,091859,McAuley; Julian John,9999,0,9999,0
1655904200214,MATH 197,002,095566,Kedlaya; Kiran S.,9997,0,9999,2
1655904200214,MATH 197,003,095567,Xiao; Ming,9999,0,9999,0
1655904200214,MATH 197,004,095571,Perols; Johan Lars,9998,0,9999,1
1655904207287,COGS 9,A01,083615,Shannon; Kyle Michael,1,1,75,74
1655904213326,COGS 11,A01,083617,Boyle; Mary E. T.,9,1,48,39
1655904219351,COGS 13,A01,083071,Bastos; Amalia Pinkusfeld,3,1,71,68
1655904225376,COGS 14A,A01,092681,Staff,2,26,100,98
1655904231402,COGS 14B,A01,083073,Cheng; Tzu-Han,7,0,63,56
1655904237426,COGS 17,A01,092677,Staff,8,6,81,73
1655904243451,COGS 100,A01,083619,Allen; Michael Gordon,2,2,70,68
1655904249474,COGS 101A,A01,083621,Davis; Joshua Daniel,4,3,68,64
1655904255500,COGS 101B,A01,091572,Allen; Michael Gordon,1,0,65,64
1655904261525,COGS 101C,A01,083625,Delgado; Tania,8,0,35,27
1655904267558,COGS 107A,A01,083627,Boyle; Mary E. T.,0,1,60,60
1655904273584,COGS 118A,A01,083075,Gupta; Anjum,16,16,76,60
1655904279616,CSE 3,A50,083646,Miranda; Gregory Joseph,13,0,50,37
1655904285640,CSE 8A,A50,083650,Miranda; Gregory Joseph,3,11,56,53
1655904291668,CSE 11,A01,083080,Cao; Yingjun,0,69,40,40
1655904297694,CSE 12,A01,083652,Krause-Levy; Sophia Louisa,6,8,120,114
1655904303717,CSE 15L,A01,083654,Morris; Justin Loren,3,1,50,47
1655904303717,CSE 15L,A02,083655,Morris; Justin Loren,0,0,50,50
1655904309750,CSE 20,A01,083657,Tran; Khoa Dang,29,0,80,51
1655904315775,CSE 21,A01,095574,Bach; Quang Tran,23,0,48,25
1655904321800,CSE 30,A01,083084,Eldon; John,1,11,80,79
1655904321800,CSE 30,B01,095061,Bhaskar; Nishant,0,4,50,50
1655904327824,CSE 100,A01,083659,Cao; Yingjun,2,25,70,68
1655904333855,CSE 134B,A01,083661,Powell; Thomas Allan,4,6,100,96
1655904339885,CSE 140,A01,083663,Gungor; Onat,4,0,85,81
1655904345909,CSE 140L,A01,083088,Eldon; John,4,0,100,96
1655904351932,CSE 175,A01,083665,Kumar; Rakesh,1,0,25,24
1655904357959,CSE 190,A00,092507,Dubnov; Shlomo,1,0,20,19
1655904363994,ECE 45,A01,083139,Congero; Spencer William,0,1,75,75
1655904370026,ECE 65,A50,083695,Saad; Andrew S,6,0,30,24
1655904370026,ECE 65,A51,095125,Staff,23,0,26,3
1655904376050,ECE 109,A01,091882,Touri; Behrouz,1,3,70,69
1655904382075,ECE 180,A00,083140,Abi Samra; Nicholas Camill,1,0,30,29
1655904382075,ECE 180,B00,083141,Abi Samra; Nicholas Camill,0,8,28,28
1655904388103,MATH 10A,A01,083735,Patchell; Gregory David,0,0,30,30
1655904388103,MATH 10A,A02,083736,Patchell; Gregory David,21,0,30,9
1655904388103,MATH 10A,A03,083737,Patchell; Gregory David,16,0,30,14
1655904394131,MATH 10B,A01,083207,Lim; Seonhee,1,1,34,33
1655904394131,MATH 10B,A02,083208,Lim; Seonhee,0,1,35,35
1655904394131,MATH 10B,A03,093472,Staff,1,0,34,33
1655904394131,MATH 10B,B01,083739,Sinha; Shubham,10,0,30,20
1655904400160,MATH 18,A01,083743,Cinel; Cameron Alexander,4,0,30,26
1655904400160,MATH 18,A02,083744,Cinel; Cameron Alexander,11,0,30,19
1655904400160,MATH 18,A03,083745,Cinel; Cameron Alexander,0,0,30,30
1655904400160,MATH 18,B01,083748,Ma; Zilu,1,0,36,35
1655904400160,MATH 18,B02,083749,Ma; Zilu,0,0,36,36
1655904400160,MATH 18,B03,083750,Ma; Zilu,0,0,36,36
1655904400160,MATH 18,B04,083751,Ma; Zilu,0,0,36,36
1655904400160,MATH 18,B05,093473,Staff,0,0,36,36
1655904400160,MATH 18,B06,093474,Staff,0,0,36,36
1655904406185,MATH 20A,A01,083754,Zheng; Zequn,10,0,40,30
1655904412211,MATH 20B,A01,083756,Briones; Jor-el Thomas Caparas,0,1,36,36
1655904412211,MATH 20B,A02,083757,Briones; Jor-el Thomas Caparas,1,0,36,35
1655904412211,MATH 20B,A03,093475,Staff,1,0,36,35
1655904418253,MATH 20C,A01,083760,Briones; Jor-el Thomas Caparas,0,2,35,35
1655904418253,MATH 20C,A02,083761,Briones; Jor-el Thomas Caparas,6,1,35,29
1655904418253,MATH 20C,A03,093476,Staff,1,1,35,34
1655904418253,MATH 20C,B01,083762,Bach; Quang Tran,3,0,30,27
1655904424280,MATH 20D,A01,083765,Tran; Brian Kha,0,0,30,30
1655904424280,MATH 20D,A02,083766,Tran; Brian Kha,0,1,30,30
1655904424280,MATH 20D,A03,083767,Tran; Brian Kha,0,0,30,30
1655904430313,MATH 20E,A01,083771,Ganguly; Soumya,0,0,32,32
1655904430313,MATH 20E,A02,083772,Ganguly; Soumya,1,1,32,31
1655904430313,MATH 20E,B01,083773,Ciotti; Benjamin,14,0,35,21
1655904430313,MATH 20E,B02,083774,Ciotti; Benjamin,12,0,35,23
1655904436345,MATH 103A,A01,083777,Greenfeld; Be'Eri,2,1,36,34
1655904436345,MATH 103A,A02,083778,Greenfeld; Be'Eri,1,0,36,35
1655904436345,MATH 103A,A03,093561,Staff,0,1,36,36
1655904436345,MATH 103A,B01,083779,Greenfeld; Be'Eri,7,1,36,29
1655904436345,MATH 103A,B02,083780,Greenfeld; Be'Eri,1,0,36,35
1655904436345,MATH 103A,B03,093562,Staff,0,0,36,36
1655904442368,MATH 105,A01,085443,Carter; Anne Toulson,3,1,35,32
1655904442368,MATH 105,A02,093477,Staff,6,0,35,29
1655904448393,MATH 109,A01,083213,Ganzberger; Geoffrey Michael,0,1,34,34
1655904448393,MATH 109,A02,083214,Ganzberger; Geoffrey Michael,0,0,34,34
1655904448393,MATH 109,A03,093478,Staff,1,0,34,33
1655904448393,MATH 109,B01,083215,Ganzberger; Geoffrey Michael,2,0,32,30
1655904448393,MATH 109,B02,083216,Ganzberger; Geoffrey Michael,0,0,32,32
1655904448393,MATH 109,B03,093479,Staff,4,0,32,28
1655904454424,MATH 142A,A01,083219,Chow; Bennett,0,0,32,32
1655904454424,MATH 142A,A02,083220,Chow; Bennett,8,0,32,24
1655904454424,MATH 142A,A03,093480,Staff,4,0,32,28
1655904454424,MATH 142A,B03,093481,Staff,3,0,32,29
1655904454424,MATH 142A,B04,093558,Staff,6,0,32,26
1655904454424,MATH 142A,B05,093559,Staff,1,0,32,31
1655904460450,MATH 193A,A01,083224,Rotar; Vladimir,1,1,34,33
1655904460450,MATH 193A,A02,083225,Rotar; Vladimir,0,0,34,34
1655904460450,MATH 193A,A03,083781,Rotar; Vladimir,2,0,34,32
1655904460450,MATH 193A,A04,083782,Rotar; Vladimir,2,0,34,32
1655904460450,MATH 193A,A05,093482,Rotar; Vladimir,2,0,34,32
1655904466479,MATH 197,001,091859,McAuley; Julian John,9999,0,9999,0
1655904466479,MATH 197,002,095566,Kedlaya; Kiran S.,9997,0,9999,2
1655904466479,MATH 197,003,095567,Xiao; Ming,9999,0,9999,0
1655904466479,MATH 197,004,095571,Perols; Johan Lars,9998,0,9999,1
1655904473561,COGS 9,A01,083615,Shannon; Kyle Michael,1,1,75,74
1655904479591,COGS 11,A01,083617,Boyle; Mary E. T.,9,1,48,39
1655904485619,COGS 13,A01,083071,Bastos; Amalia Pinkusfeld,3,1,71,68
1655904491647,COGS 14A,A01,092681,Staff,2,26,100,98
1655904497678,COGS 14B,A01,083073,Cheng; Tzu-Han,7,0,63,56
1655904503710,COGS 17,A01,092677,Staff,8,6,81,73
1655904509738,COGS 100,A01,083619,Allen; Michael Gordon,2,2,70,68
1655904515763,COGS 101A,A01,083621,Davis; Joshua Daniel,4,3,68,64
1655904521799,COGS 101B,A01,091572,Allen; Michael Gordon,1,0,65,64
1655904527825,COGS 101C,A01,083625,Delgado; Tania,8,0,35,27
1655904533853,COGS 107A,A01,083627,Boyle; Mary E. T.,0,1,60,60
1655904539879,COGS 118A,A01,083075,Gupta; Anjum,16,16,76,60
1655904545910,CSE 3,A50,083646,Miranda; Gregory Joseph,13,0,50,37
1655904551954,CSE 8A,A50,083650,Miranda; Gregory Joseph,3,11,56,53
1655904557979,CSE 11,A01,083080,Cao; Yingjun,0,69,40,40
1655904564010,CSE 12,A01,083652,Krause-Levy; Sophia Louisa,6,8,120,114
1655904570041,CSE 15L,A01,083654,Morris; Justin Loren,3,1,50,47
1655904570041,CSE 15L,A02,083655,Morris; Justin Loren,0,0,50,50
1655904576072,CSE 20,A01,083657,Tran; Khoa Dang,29,0,80,51
1655904582098,CSE 21,A01,095574,Bach; Quang Tran,23,0,48,25
1655904588125,CSE 30,A01,083084,Eldon; John,1,11,80,79
1655904588125,CSE 30,B01,095061,Bhaskar; Nishant,0,4,50,50
1655904594157,CSE 100,A01,083659,Cao; Yingjun,2,25,70,68
1655904600188,CSE 134B,A01,083661,Powell; Thomas Allan,4,6,100,96
1655904606220,CSE 140,A01,083663,Gungor; Onat,4,0,85,81
1655904612245,CSE 140L,A01,083088,Eldon; John,4,0,100,96
1655904618271,CSE 175,A01,083665,Kumar; Rakesh,1,0,25,24
1655904624304,CSE 190,A00,092507,Dubnov; Shlomo,1,0,20,19
1655904630331,ECE 45,A01,083139,Congero; Spencer William,0,1,75,75
1655904636359,ECE 65,A50,083695,Saad; Andrew S,6,0,30,24
1655904636359,ECE 65,A51,095125,Staff,23,0,26,3
1655904642383,ECE 109,A01,091882,Touri; Behrouz,1,3,70,69
1655904648417,ECE 180,A00,083140,Abi Samra; Nicholas Camill,1,0,30,29
1655904648417,ECE 180,B00,083141,Abi Samra; Nicholas Camill,0,8,28,28
1655904654445,MATH 10A,A01,083735,Patchell; Gregory David,0,0,30,30
1655904654445,MATH 10A,A02,083736,Patchell; Gregory David,21,0,30,9
1655904654445,MATH 10A,A03,083737,Patchell; Gregory David,16,0,30,14
1655904660486,MATH 10B,A01,083207,Lim; Seonhee,1,1,34,33
1655904660486,MATH 10B,A02,083208,Lim; Seonhee,0,1,35,35
1655904660486,MATH 10B,A03,093472,Staff,1,0,34,33
1655904660486,MATH 10B,B01,083739,Sinha; Shubham,10,0,30,20
1655904666518,MATH 18,A01,083743,Cinel; Cameron Alexander,4,0,30,26
1655904666518,MATH 18,A02,083744,Cinel; Cameron Alexander,11,0,30,19
1655904666518,MATH 18,A03,083745,Cinel; Cameron Alexander,0,0,30,30
1655904666518,MATH 18,B01,083748,Ma; Zilu,1,0,36,35
1655904666518,MATH 18,B02,083749,Ma; Zilu,0,0,36,36
1655904666518,MATH 18,B03,083750,Ma; Zilu,0,0,36,36
1655904666518,MATH 18,B04,083751,Ma; Zilu,0,0,36,36
1655904666518,MATH 18,B05,093473,Staff,0,0,36,36
1655904666518,MATH 18,B06,093474,Staff,0,0,36,36
1655904672546,MATH 20A,A01,083754,Zheng; Zequn,10,0,40,30
1655904678580,MATH 20B,A01,083756,Briones; Jor-el Thomas Caparas,0,1,36,36
1655904678580,MATH 20B,A02,083757,Briones; Jor-el Thomas Caparas,1,0,36,35
1655904678580,MATH 20B,A03,093475,Staff,1,0,36,35
1655904684608,MATH 20C,A01,083760,Briones; Jor-el Thomas Caparas,0,2,35,35
1655904684608,MATH 20C,A02,083761,Briones; Jor-el Thomas Caparas,6,1,35,29
1655904684608,MATH 20C,A03,093476,Staff,1,1,35,34
1655904684608,MATH 20C,B01,083762,Bach; Quang Tran,3,0,30,27
1655904690633,MATH 20D,A01,083765,Tran; Brian Kha,0,0,30,30
1655904690633,MATH 20D,A02,083766,Tran; Brian Kha,0,1,30,30
1655904690633,MATH 20D,A03,083767,Tran; Brian Kha,0,0,30,30
1655904696667,MATH 20E,A01,083771,Ganguly; Soumya,0,0,32,32
1655904696667,MATH 20E,A02,083772,Ganguly; Soumya,1,1,32,31
1655904696667,MATH 20E,B01,083773,Ciotti; Benjamin,14,0,35,21
1655904696667,MATH 20E,B02,083774,Ciotti; Benjamin,12,0,35,23
1655904702793,MATH 103A,A01,083777,Greenfeld; Be'Eri,2,1,36,34
1655904702793,MATH 103A,A02,083778,Greenfeld; Be'Eri,1,0,36,35
1655904702793,MATH 103A,A03,093561,Staff,0,1,36,36
1655904702793,MATH 103A,B01,083779,Greenfeld; Be'Eri,7,1,36,29
1655904702793,MATH 103A,B02,083780,Greenfeld; Be'Eri,1,0,36,35
1655904702793,MATH 103A,B03,093562,Staff,0,0,36,36
1655904708819,MATH 105,A01,085443,Carter; Anne Toulson,3,1,35,32
1655904708819,MATH 105,A02,093477,Staff,6,0,35,29
1655904714847,MATH 109,A01,083213,Ganzberger; Geoffrey Michael,0,1,34,34
1655904714847,MATH 109,A02,083214,Ganzberger; Geoffrey Michael,0,0,34,34
1655904714847,MATH 109,A03,093478,Staff,1,0,34,33
1655904714847,MATH 109,B01,083215,Ganzberger; Geoffrey Michael,2,0,32,30
1655904714847,MATH 109,B02,083216,Ganzberger; Geoffrey Michael,0,0,32,32
1655904714847,MATH 109,B03,093479,Staff,4,0,32,28
1655904720875,MATH 142A,A01,083219,Chow; Bennett,0,0,32,32
1655904720875,MATH 142A,A02,083220,Chow; Bennett,8,0,32,24
1655904720875,MATH 142A,A03,093480,Staff,4,0,32,28
1655904720875,MATH 142A,B03,093481,Staff,3,0,32,29
1655904720875,MATH 142A,B04,093558,Staff,6,0,32,26
1655904720875,MATH 142A,B05,093559,Staff,1,0,32,31
1655904726910,MATH 193A,A01,083224,Rotar; Vladimir,1,1,34,33
1655904726910,MATH 193A,A02,083225,Rotar; Vladimir,0,0,34,34
1655904726910,MATH 193A,A03,083781,Rotar; Vladimir,2,0,34,32
1655904726910,MATH 193A,A04,083782,Rotar; Vladimir,2,0,34,32
1655904726910,MATH 193A,A05,093482,Rotar; Vladimir,2,0,34,32
1655904732934,MATH 197,001,091859,McAuley; Julian John,9999,0,9999,0
1655904732934,MATH 197,002,095566,Kedlaya; Kiran S.,9997,0,9999,2
1655904732934,MATH 197,003,095567,Xiao; Ming,9999,0,9999,0
1655904732934,MATH 197,004,095571,Perols; Johan Lars,9998,0,9999,1
1655904739999,COGS 9,A01,083615,Shannon; Kyle Michael,1,1,75,74
1655904746032,COGS 11,A01,083617,Boyle; Mary E. T.,9,1,48,39
1655904752063,COGS 13,A01,083071,Bastos; Amalia Pinkusfeld,3,1,71,68
1655904758087,COGS 14A,A01,092681,Staff,2,26,100,98
1655904764116,COGS 14B,A01,083073,Cheng; Tzu-Han,7,0,63,56
1655904770175,COGS 17,A01,092677,Staff,8,6,81,73
1655904776204,COGS 100,A01,083619,Allen; Michael Gordon,2,2,70,68
1655904782236,COGS 101A,A01,083621,Davis; Joshua Daniel,4,3,68,64
1655904788263,COGS 101B,A01,091572,Allen; Michael Gordon,1,0,65,64
1655904794293,COGS 101C,A01,083625,Delgado; Tania,8,0,35,27
1655904800323,COGS 107A,A01,083627,Boyle; Mary E. T.,0,1,60,60
1655904806352,COGS 118A,A01,083075,Gupta; Anjum,16,16,76,60
1655904812381,CSE 3,A50,083646,Miranda; Gregory Joseph,13,0,50,37
1655904818410,CSE 8A,A50,083650,Miranda; Gregory Joseph,3,11,56,53
1655904824444,CSE 11,A01,083080,Cao; Yingjun,0,69,40,40
1655904830476,CSE 12,A01,083652,Krause-Levy; Sophia Louisa,6,8,120,114
1655904836506,CSE 15L,A01,083654,Morris; Justin Loren,3,1,50,47
1655904836506,CSE 15L,A02,083655,Morris; Justin Loren,0,0,50,50
1655904842531,CSE 20,A01,083657,Tran; Khoa Dang,29,0,80,51
1655904848562,CSE 21,A01,095574,Bach; Quang Tran,23,0,48,25
1655904854590,CSE 30,A01,083084,Eldon; John,1,11,80,79
1655904854590,CSE 30,B01,095061,Bhaskar; Nishant,0,4,50,50
1655904860618,CSE 100,A01,083659,Cao; Yingjun,2,25,70,68
1655904866641,CSE 134B,A01,083661,Powell; Thomas Allan,4,6,100,96
1655904872666,CSE 140,A01,083663,Gungor; Onat,4,0,85,81
1655904878691,CSE 140L,A01,083088,Eldon; John,4,0,100,96
1655904884718,CSE 175,A01,083665,Kumar; Rakesh,1,0,25,24
1655904890743,CSE 190,A00,092507,Dubnov; Shlomo,1,0,20,19
1655904896770,ECE 45,A01,083139,Congero; Spencer William,0,1,75,75
1655904902809,ECE 65,A50,083695,Saad; Andrew S,6,0,30,24
1655904902809,ECE 65,A51,095125,Staff,23,0,26,3
1655904908833,ECE 109,A01,091882,Touri; Behrouz,1,3,70,69
1655904914858,ECE 180,A00,083140,Abi Samra; Nicholas Camill,1,0,30,29
1655904914858,ECE 180,B00,083141,Abi Samra; Nicholas Camill,0,8,28,28
1655904920892,MATH 10A,A01,083735,Patchell; Gregory David,0,0,30,30
1655904920892,MATH 10A,A02,083736,Patchell; Gregory David,21,0,30,9
1655904920892,MATH 10A,A03,083737,Patchell; Gregory David,16,0,30,14
1655904926929,MATH 10B,A01,083207,Lim; Seonhee,1,1,34,33
1655904926929,MATH 10B,A02,083208,Lim; Seonhee,0,1,35,35
1655904926929,MATH 10B,A03,093472,Staff,1,0,34,33
1655904926929,MATH 10B,B01,083739,Sinha; Shubham,10,0,30,20
1655904932959,MATH 18,A01,083743,Cinel; Cameron Alexander,4,0,30,26
1655904932959,MATH 18,A02,083744,Cinel; Cameron Alexander,11,0,30,19
1655904932959,MATH 18,A03,083745,Cinel; Cameron Alexander,0,0,30,30
1655904932959,MATH 18,B01,083748,Ma; Zilu,1,0,36,35
1655904932959,MATH 18,B02,083749,Ma; Zilu,0,0,36,36
1655904932959,MATH 18,B03,083750,Ma; Zilu,0,0,36,36
1655904932959,MATH 18,B04,083751,Ma; Zilu,0,0,36,36
1655904932959,MATH 18,B05,093473,Staff,0,0,36,36
1655904932959,MATH 18,B06,093474,Staff,0,0,36,36
1655904938984,MATH 20A,A01,083754,Zheng; Zequn,10,0,40,30
1655904945017,MATH 20B,A01,083756,Briones; Jor-el Thomas Caparas,0,1,36,36
1655904945017,MATH 20B,A02,083757,Briones; Jor-el Thomas Caparas,1,0,36,35
1655904945017,MATH 20B,A03,093475,Staff,1,0,36,35
1655904951049,MATH 20C,A01,083760,Briones; Jor-el Thomas Caparas,0,2,35,35
1655904951049,MATH 20C,A02,083761,Briones; Jor-el Thomas Caparas,6,1,35,29
1655904951049,MATH 20C,A03,093476,Staff,1,1,35,34
1655904951049,MATH 20C,B01,083762,Bach; Quang Tran,3,0,30,27
1655904957082,MATH 20D,A01,083765,Tran; Brian Kha,0,0,30,30
1655904957082,MATH 20D,A02,083766,Tran; Brian Kha,0,1,30,30
1655904957082,MATH 20D,A03,083767,Tran; Brian Kha,0,0,30,30
1655904963117,MATH 20E,A01,083771,Ganguly; Soumya,0,0,32,32
1655904963117,MATH 20E,A02,083772,Ganguly; Soumya,1,1,32,31
1655904963117,MATH 20E,B01,083773,Ciotti; Benjamin,14,0,35,21
1655904963117,MATH 20E,B02,083774,Ciotti; Benjamin,12,0,35,23
1655904969152,MATH 103A,A01,083777,Greenfeld; Be'Eri,2,1,36,34
1655904969152,MATH 103A,A02,083778,Greenfeld; Be'Eri,1,0,36,35
1655904969152,MATH 103A,A03,093561,Staff,0,1,36,36
1655904969152,MATH 103A,B01,083779,Greenfeld; Be'Eri,7,1,36,29
1655904969152,MATH 103A,B02,083780,Greenfeld; Be'Eri,1,0,36,35
1655904969152,MATH 103A,B03,093562,Staff,0,0,36,36
1655904975191,MATH 105,A01,085443,Carter; Anne Toulson,3,1,35,32
1655904975191,MATH 105,A02,093477,Staff,6,0,35,29
1655904981218,MATH 109,A01,083213,Ganzberger; Geoffrey Michael,0,1,34,34
1655904981218,MATH 109,A02,083214,Ganzberger; Geoffrey Michael,0,0,34,34
1655904981218,MATH 109,A03,093478,Staff,1,0,34,33
1655904981218,MATH 109,B01,083215,Ganzberger; Geoffrey Michael,2,0,32,30
1655904981218,MATH 109,B02,083216,Ganzberger; Geoffrey Michael,0,0,32,32
1655904981218,MATH 109,B03,093479,Staff,4,0,32,28
1655904987252,MATH 142A,A01,083219,Chow; Bennett,0,0,32,32
1655904987252,MATH 142A,A02,083220,Chow; Bennett,8,0,32,24
1655904987252,MATH 142A,A03,093480,Staff,4,0,32,28
1655904987252,MATH 142A,B03,093481,Staff,3,0,32,29
1655904987252,MATH 142A,B04,093558,Staff,6,0,32,26
1655904987252,MATH 142A,B05,093559,Staff,1,0,32,31
1655904993285,MATH 193A,A01,083224,Rotar; Vladimir,1,1,34,33
1655904993285,MATH 193A,A02,083225,Rotar; Vladimir,0,0,34,34
1655904993285,MATH 193A,A03,083781,Rotar; Vladimir,2,0,34,32
1655904993285,MATH 193A,A04,083782,Rotar; Vladimir,2,0,34,32
1655904993285,MATH 193A,A05,093482,Rotar; Vladimir,2,0,34,32
1655904999312,MATH 197,001,091859,McAuley; Julian John,9999,0,9999,0
1655904999312,MATH 197,002,095566,Kedlaya; Kiran S.,9997,0,9999,2
1655904999312,MATH 197,003,095567,Xiao; Ming,9999,0,9999,0
1655904999312,MATH 197,004,095571,Perols; Johan Lars,9998,0,9999,1
1655905006389,COGS 9,A01,083615,Shannon; Kyle Michael,1,1,75,74
1655905012418,COGS 11,A01,083617,Boyle; Mary E. T.,9,1,48,39
1655905018443,COGS 13,A01,083071,Bastos; Amalia Pinkusfeld,3,1,71,68
1655905024470,COGS 14A,A01,092681,Staff,2,26,100,98
1655905030497,COGS 14B,A01,083073,Cheng; Tzu-Han,7,0,63,56
1655905036520,COGS 17,A01,092677,Staff,8,6,81,73
1655905042544,COGS 100,A01,083619,Allen; Michael Gordon,2,2,70,68
1655905048570,COGS 101A,A01,083621,Davis; Joshua Daniel,4,3,68,64
1655905054593,COGS 101B,A01,091572,Allen; Michael Gordon,1,0,65,64
1655905060617,COGS 101C,A01,083625,Delgado; Tania,8,0,35,27
1655905066642,COGS 107A,A01,083627,Boyle; Mary E. T.,0,1,60,60
1655905072668,COGS 118A,A01,083075,Gupta; Anjum,16,16,76,60
1655905078694,CSE 3,A50,083646,Miranda; Gregory Joseph,13,0,50,37
1655905084717,CSE 8A,A50,083650,Miranda; Gregory Joseph,3,11,56,53
1655905090746,CSE 11,A01,083080,Cao; Yingjun,0,69,40,40
1655905096775,CSE 12,A01,083652,Krause-Levy; Sophia Louisa,6,8,120,114
1655905102803,CSE 15L,A01,083654,Morris; Justin Loren,3,1,50,47
1655905102803,CSE 15L,A02,083655,Morris; Justin Loren,0,0,50,50
1655905108828,CSE 20,A01,083657,Tran; Khoa Dang,29,0,80,51
1655905114857,CSE 21,A01,095574,Bach; Quang Tran,23,0,48,25
1655905120883,CSE 30,A01,083084,Eldon; John,1,11,80,79
1655905120883,CSE 30,B01,095061,Bhaskar; Nishant,0,4,50,50
1655905126910,CSE 100,A01,083659,Cao; Yingjun,2,25,70,68
1655905132936,CSE 134B,A01,083661,Powell; Thomas Allan,4,6,100,96
1655905138967,CSE 140,A01,083663,Gungor; Onat,4,0,85,81
1655905144989,CSE 140L,A01,083088,Eldon; John,4,0,100,96
1655905151013,CSE 175,A01,083665,Kumar; Rakesh,1,0,25,24
1655905157041,CSE 190,A00,092507,Dubnov; Shlomo,1,0,20,19
1655905163071,ECE 45,A01,083139,Congero; Spencer William,0,1,75,75
1655905169096,ECE 65,A50,083695,Saad; Andrew S,6,0,30,24
1655905169096,ECE 65,A51,095125,Staff,23,0,26,3
1655905175121,ECE 109,A01,091882,Touri; Behrouz,1,3,70,69
1655905181146,ECE 180,A00,083140,Abi Samra; Nicholas Camill,1,0,30,29
1655905181146,ECE 180,B00,083141,Abi Samra; Nicholas Camill,0,8,28,28
1655905187172,MATH 10A,A01,083735,Patchell; Gregory David,0,0,30,30
1655905187172,MATH 10A,A02,083736,Patchell; Gregory David,21,0,30,9
1655905187172,MATH 10A,A03,083737,Patchell; Gregory David,16,0,30,14
1655905193203,MATH 10B,A01,083207,Lim; Seonhee,1,1,34,33
1655905193203,MATH 10B,A02,083208,Lim; Seonhee,0,1,35,35
1655905193203,MATH 10B,A03,093472,Staff,1,0,34,33
1655905193203,MATH 10B,B01,083739,Sinha; Shubham,10,0,30,20
1655905199234,MATH 18,A01,083743,Cinel; Cameron Alexander,4,0,30,26
1655905199234,MATH 18,A02,083744,Cinel; Cameron Alexander,11,0,30,19
1655905199234,MATH 18,A03,083745,Cinel; Cameron Alexander,0,0,30,30
1655905199234,MATH 18,B01,083748,Ma; Zilu,1,0,36,35
1655905199234,MATH 18,B02,083749,Ma; Zilu,0,0,36,36
1655905199234,MATH 18,B03,083750,Ma; Zilu,0,0,36,36
1655905199234,MATH 18,B04,083751,Ma; Zilu,0,0,36,36
1655905199234,MATH 18,B05,093473,Staff,0,0,36,36
1655905199234,MATH 18,B06,093474,Staff,0,0,36,36
1655905205275,MATH 20A,A01,083754,Zheng; Zequn,10,0,40,30
1655905211299,MATH 20B,A01,083756,Briones; Jor-el Thomas Caparas,0,1,36,36
1655905211299,MATH 20B,A02,083757,Briones; Jor-el Thomas Caparas,1,0,36,35
1655905211299,MATH 20B,A03,093475,Staff,1,0,36,35
1655905217327,MATH 20C,A01,083760,Briones; Jor-el Thomas Caparas,0,2,35,35
1655905217327,MATH 20C,A02,083761,Briones; Jor-el Thomas Caparas,6,1,35,29
1655905217327,MATH 20C,A03,093476,Staff,1,1,35,34
1655905217327,MATH 20C,B01,083762,Bach; Quang Tran,3,0,30,27
1655905223350,MATH 20D,A01,083765,Tran; Brian Kha,0,0,30,30
1655905223350,MATH 20D,A02,083766,Tran; Brian Kha,0,1,30,30
1655905223350,MATH 20D,A03,083767,Tran; Brian Kha,0,0,30,30
1655905229376,MATH 20E,A01,083771,Ganguly; Soumya,0,0,32,32
1655905229376,MATH 20E,A02,083772,Ganguly; Soumya,1,1,32,31
1655905229376,MATH 20E,B01,083773,Ciotti; Benjamin,14,0,35,21
1655905229376,MATH 20E,B02,083774,Ciotti; Benjamin,12,0,35,23
1655905235400,MATH 103A,A01,083777,Greenfeld; Be'Eri,2,1,36,34
1655905235400,MATH 103A,A02,083778,Greenfeld; Be'Eri,1,0,36,35
1655905235400,MATH 103A,A03,093561,Staff,0,1,36,36
1655905235400,MATH 103A,B01,083779,Greenfeld; Be'Eri,7,1,36,29
1655905235400,MATH 103A,B02,083780,Greenfeld; Be'Eri,1,0,36,35
1655905235400,MATH 103A,B03,093562,Staff,0,0,36,36
1655905241430,MATH 105,A01,085443,Carter; Anne Toulson,3,1,35,32
1655905241430,MATH 105,A02,093477,Staff,6,0,35,29
1655905247455,MATH 109,A01,083213,Ganzberger; Geoffrey Michael,0,1,34,34
1655905247455,MATH 109,A02,083214,Ganzberger; Geoffrey Michael,0,0,34,34
1655905247455,MATH 109,A03,093478,Staff,1,0,34,33
1655905247455,MATH 109,B01,083215,Ganzberger; Geoffrey Michael,2,0,32,30
1655905247455,MATH 109,B02,083216,Ganzberger; Geoffrey Michael,0,0,32,32
1655905247455,MATH 109,B03,093479,Staff,4,0,32,28
1655905253483,MATH 142A,A01,083219,Chow; Bennett,0,0,32,32
1655905253483,MATH 142A,A02,083220,Chow; Bennett,8,0,32,24
1655905253483,MATH 142A,A03,093480,Staff,4,0,32,28
1655905253483,MATH 142A,B03,093481,Staff,3,0,32,29
1655905253483,MATH 142A,B04,093558,Staff,6,0,32,26
1655905253483,MATH 142A,B05,093559,Staff,1,0,32,31
1655905259509,MATH 193A,A01,083224,Rotar; Vladimir,1,1,34,33
1655905259509,MATH 193A,A02,083225,Rotar; Vladimir,0,0,34,34
1655905259509,MATH 193A,A03,083781,Rotar; Vladimir,2,0,34,32
1655905259509,MATH 193A,A04,083782,Rotar; Vladimir,2,0,34,32
1655905259509,MATH 193A,A05,093482,Rotar; Vladimir,2,0,34,32
1655905265549,MATH 197,001,091859,McAuley; Julian John,9999,0,9999,0
1655905265549,MATH 197,002,095566,Kedlaya; Kiran S.,9997,0,9999,2
1655905265549,MATH 197,003,095567,Xiao; Ming,9999,0,9999,0
1655905265549,MATH 197,004,095571,Perols; Johan Lars,9998,0,9999,1
1655905272620,COGS 9,A01,083615,Shannon; Kyle Michael,1,1,75,74
1655905278651,COGS 11,A01,083617,Boyle; Mary E. T.,9,1,48,39
1655905284677,COGS 13,A01,083071,Bastos; Amalia Pinkusfeld,3,1,71,68
1655905290708,COGS 14A,A01,092681,Staff,2,26,100,98
1655905296837,COGS 14B,A01,083073,Cheng; Tzu-Han,7,0,63,56
1655905302861,COGS 17,A01,092677,Staff,8,6,81,73
1655905308895,COGS 100,A01,083619,Allen; Michael Gordon,2,2,70,68
1655905314920,COGS 101A,A01,083621,Davis; Joshua Daniel,4,3,68,64
1655905320943,COGS 101B,A01,091572,Allen; Michael Gordon,1,0,65,64
1655905326973,COGS 101C,A01,083625,Delgado; Tania,8,0,35,27
1655905333001,COGS 107A,A01,083627,Boyle; Mary E. T.,0,1,60,60
1655905339026,COGS 118A,A01,083075,Gupta; Anjum,16,16,76,60
1655905345052,CSE 3,A50,083646,Miranda; Gregory Joseph,13,0,50,37
1655905351077,CSE 8A,A50,083650,Miranda; Gregory Joseph,3,11,56,53
1655905357103,CSE 11,A01,083080,Cao; Yingjun,0,69,40,40
1655905363127,CSE 12,A01,083652,Krause-Levy; Sophia Louisa,6,8,120,114
1655905369153,CSE 15L,A01,083654,Morris; Justin Loren,3,1,50,47
1655905369153,CSE 15L,A02,083655,Morris; Justin Loren,0,0,50,50
1655905375181,CSE 20,A01,083657,Tran; Khoa Dang,29,0,80,51
1655905381206,CSE 21,A01,095574,Bach; Quang Tran,23,0,48,25
1655905387232,CSE 30,A01,083084,Eldon; John,1,11,80,79
1655905387232,CSE 30,B01,095061,Bhaskar; Nishant,0,4,50,50
1655905393256,CSE 100,A01,083659,Cao; Yingjun,2,25,70,68
1655905399283,CSE 134B,A01,083661,Powell; Thomas Allan,4,6,100,96
1655905405307,CSE 140,A01,083663,Gungor; Onat,4,0,85,81
1655905411333,CSE 140L,A01,083088,Eldon; John,4,0,100,96
1655905417355,CSE 175,A01,083665,Kumar; Rakesh,1,0,25,24
1655905423380,CSE 190,A00,092507,Dubnov; Shlomo,1,0,20,19
1655905429405,ECE 45,A01,083139,Congero; Spencer William,0,1,75,75
1655905435432,ECE 65,A50,083695,Saad; Andrew S,6,0,30,24
1655905435432,ECE 65,A51,095125,Staff,23,0,26,3
1655905441455,ECE 109,A01,091882,Touri; Behrouz,1,3,70,69
1655905447482,ECE 180,A00,083140,Abi Samra; Nicholas Camill,1,0,30,29
1655905447482,ECE 180,B00,083141,Abi Samra; Nicholas Camill,0,8,28,28
1655905453504,MATH 10A,A01,083735,Patchell; Gregory David,0,0,30,30
1655905453504,MATH 10A,A02,083736,Patchell; Gregory David,21,0,30,9
1655905453504,MATH 10A,A03,083737,Patchell; Gregory David,16,0,30,14
1655905459528,MATH 10B,A01,083207,Lim; Seonhee,1,1,34,33
1655905459528,MATH 10B,A02,083208,Lim; Seonhee,0,1,35,35
1655905459528,MATH 10B,A03,093472,Staff,1,0,34,33
1655905459528,MATH 10B,B01,083739,Sinha; Shubham,10,0,30,20
1655905465558,MATH 18,A01,083743,Cinel; Cameron Alexander,4,0,30,26
1655905465558,MATH 18,A02,083744,Cinel; Cameron Alexander,11,0,30,19
1655905465558,MATH 18,A03,083745,Cinel; Cameron Alexander,0,0,30,30
1655905465558,MATH 18,B01,083748,Ma; Zilu,1,0,36,35
1655905465558,MATH 18,B02,083749,Ma; Zilu,0,0,36,36
1655905465558,MATH 18,B03,083750,Ma; Zilu,0,0,36,36
1655905465558,MATH 18,B04,083751,Ma; Zilu,0,0,36,36
1655905465558,MATH 18,B05,093473,Staff,0,0,36,36
1655905465558,MATH 18,B06,093474,Staff,0,0,36,36
1655905471582,MATH 20A,A01,083754,Zheng; Zequn,10,0,40,30
1655905477610,MATH 20B,A01,083756,Briones; Jor-el Thomas Caparas,0,1,36,36
1655905477610,MATH 20B,A02,083757,Briones; Jor-el Thomas Caparas,1,0,36,35
1655905477610,MATH 20B,A03,093475,Staff,1,0,36,35
1655905483635,MATH 20C,A01,083760,Briones; Jor-el Thomas Caparas,0,2,35,35
1655905483635,MATH 20C,A02,083761,Briones; Jor-el Thomas Caparas,6,1,35,29
1655905483635,MATH 20C,A03,093476,Staff,1,1,35,34
1655905483635,MATH 20C,B01,083762,Bach; Quang Tran,3,0,30,27
1655905489659,MATH 20D,A01,083765,Tran; Brian Kha,0,0,30,30
1655905489659,MATH 20D,A02,083766,Tran; Brian Kha,0,1,30,30
1655905489659,MATH 20D,A03,083767,Tran; Brian Kha,0,0,30,30
1655905495688,MATH 20E,A01,083771,Ganguly; Soumya,0,0,32,32
1655905495688,MATH 20E,A02,083772,Ganguly; Soumya,1,1,32,31
1655905495688,MATH 20E,B01,083773,Ciotti; Benjamin,14,0,35,21
1655905495688,MATH 20E,B02,083774,Ciotti; Benjamin,12,0,35,23
1655905501719,MATH 103A,A01,083777,Greenfeld; Be'Eri,2,1,36,34
1655905501719,MATH 103A,A02,083778,Greenfeld; Be'Eri,1,0,36,35
1655905501719,MATH 103A,A03,093561,Staff,0,1,36,36
1655905501719,MATH 103A,B01,083779,Greenfeld; Be'Eri,7,1,36,29
1655905501719,MATH 103A,B02,083780,Greenfeld; Be'Eri,1,0,36,35
1655905501719,MATH 103A,B03,093562,Staff,0,0,36,36
1655905507750,MATH 105,A01,085443,Carter; Anne Toulson,3,1,35,32
1655905507750,MATH 105,A02,093477,Staff,6,0,35,29
1655905513776,MATH 109,A01,083213,Ganzberger; Geoffrey Michael,0,1,34,34
1655905513776,MATH 109,A02,083214,Ganzberger; Geoffrey Michael,0,0,34,34
1655905513776,MATH 109,A03,093478,Staff,1,0,34,33
1655905513776,MATH 109,B01,083215,Ganzberger; Geoffrey Michael,2,0,32,30
1655905513776,MATH 109,B02,083216,Ganzberger; Geoffrey Michael,0,0,32,32
1655905513776,MATH 109,B03,093479,Staff,4,0,32,28
1655905519800,MATH 142A,A01,083219,Chow; Bennett,0,0,32,32
1655905519800,MATH 142A,A02,083220,Chow; Bennett,8,0,32,24
1655905519800,MATH 142A,A03,093480,Staff,4,0,32,28
1655905519800,MATH 142A,B03,093481,Staff,3,0,32,29
1655905519800,MATH 142A,B04,093558,Staff,6,0,32,26
1655905519800,MATH 142A,B05,093559,Staff,1,0,32,31
1655905525828,MATH 193A,A01,083224,Rotar; Vladimir,1,1,34,33
1655905525828,MATH 193A,A02,083225,Rotar; Vladimir,0,0,34,34
1655905525828,MATH 193A,A03,083781,Rotar; Vladimir,2,0,34,32
1655905525828,MATH 193A,A04,083782,Rotar; Vladimir,2,0,34,32
1655905525828,MATH 193A,A05,093482,Rotar; Vladimir,2,0,34,32
1655905531853,MATH 197,001,091859,McAuley; Julian John,9999,0,9999,0
1655905531853,MATH 197,002,095566,Kedlaya; Kiran S.,9997,0,9999,2
1655905531853,MATH 197,003,095567,Xiao; Ming,9999,0,9999,0
1655905531853,MATH 197,004,095571,Perols; Johan Lars,9998,0,9999,1
1655905538909,COGS 9,A01,083615,Shannon; Kyle Michael,1,1,75,74
1655905544937,COGS 11,A01,083617,Boyle; Mary E. T.,9,1,48,39
1655905550962,COGS 13,A01,083071,Bastos; Amalia Pinkusfeld,3,1,71,68
1655905556990,COGS 14A,A01,092681,Staff,2,26,100,98
1655905563014,COGS 14B,A01,083073,Cheng; Tzu-Han,7,0,63,56
1655905569042,COGS 17,A01,092677,Staff,8,6,81,73
1655905575065,COGS 100,A01,083619,Allen; Michael Gordon,2,2,70,68
1655905581094,COGS 101A,A01,083621,Davis; Joshua Daniel,4,3,68,64
1655905587118,COGS 101B,A01,091572,Allen; Michael Gordon,1,0,65,64
1655905593143,COGS 101C,A01,083625,Delgado; Tania,8,0,35,27
1655905599167,COGS 107A,A01,083627,Boyle; Mary E. T.,0,1,60,60
1655905605192,COGS 118A,A01,083075,Gupta; Anjum,16,16,76,60
1655905611222,CSE 3,A50,083646,Miranda; Gregory Joseph,13,0,50,37
1655905617247,CSE 8A,A50,083650,Miranda; Gregory Joseph,3,11,56,53
1655905623277,CSE 11,A01,083080,Cao; Yingjun,0,69,40,40
1655905629301,CSE 12,A01,083652,Krause-Levy; Sophia Louisa,6,8,120,114
1655905635325,CSE 15L,A01,083654,Morris; Justin Loren,3,1,50,47
1655905635325,CSE 15L,A02,083655,Morris; Justin Loren,0,0,50,50
1655905641353,CSE 20,A01,083657,Tran; Khoa Dang,29,0,80,51
1655905647375,CSE 21,A01,095574,Bach; Quang Tran,23,0,48,25
1655905653402,CSE 30,A01,083084,Eldon; John,1,11,80,79
1655905653402,CSE 30,B01,095061,Bhaskar; Nishant,0,4,50,50
1655905659430,CSE 100,A01,083659,Cao; Yingjun,2,25,70,68
1655905665455,CSE 134B,A01,083661,Powell; Thomas Allan,4,6,100,96
1655905671481,CSE 140,A01,083663,Gungor; Onat,4,0,85,81
1655905677505,CSE 140L,A01,083088,Eldon; John,4,0,100,96
1655905683534,CSE 175,A01,083665,Kumar; Rakesh,1,0,25,24
1655905689562,CSE 190,A00,092507,Dubnov; Shlomo,1,0,20,19
1655905695585,ECE 45,A01,083139,Congero; Spencer William,0,1,75,75
1655905701609,ECE 65,A50,083695,Saad; Andrew S,6,0,30,24
1655905701609,ECE 65,A51,095125,Staff,23,0,26,3
1655905707636,ECE 109,A01,091882,Touri; Behrouz,1,3,70,69
1655905713671,ECE 180,A00,083140,Abi Samra; Nicholas Camill,1,0,30,29
1655905713671,ECE 180,B00,083141,Abi Samra; Nicholas Camill,0,8,28,28
1655905719695,MATH 10A,A01,083735,Patchell; Gregory David,0,0,30,30
1655905719695,MATH 10A,A02,083736,Patchell; Gregory David,21,0,30,9
1655905719695,MATH 10A,A03,083737,Patchell; Gregory David,16,0,30,14
1655905725720,MATH 10B,A01,083207,Lim; Seonhee,1,1,34,33
1655905725720,MATH 10B,A02,083208,Lim; Seonhee,0,1,35,35
1655905725720,MATH 10B,A03,093472,Staff,1,0,34,33
1655905725720,MATH 10B,B01,083739,Sinha; Shubham,10,0,30,20
1655905731745,MATH 18,A01,083743,Cinel; Cameron Alexander,4,0,30,26
1655905731745,MATH 18,A02,083744,Cinel; Cameron Alexander,11,0,30,19
1655905731745,MATH 18,A03,083745,Cinel; Cameron Alexander,0,0,30,30
1655905731745,MATH 18,B01,083748,Ma; Zilu,1,0,36,35
1655905731745,MATH 18,B02,083749,Ma; Zilu,0,0,36,36
1655905731745,MATH 18,B03,083750,Ma; Zilu,0,0,36,36
1655905731745,MATH 18,B04,083751,Ma; Zilu,0,0,36,36
1655905731745,MATH 18,B05,093473,Staff,0,0,36,36
1655905731745,MATH 18,B06,093474,Staff,0,0,36,36
1655905737767,MATH 20A,A01,083754,Zheng; Zequn,10,0,40,30
1655905743791,MATH 20B,A01,083756,Briones; Jor-el Thomas Caparas,0,1,36,36
1655905743791,MATH 20B,A02,083757,Briones; Jor-el Thomas Caparas,1,0,36,35
1655905743791,MATH 20B,A03,093475,Staff,1,0,36,35
1655905749826,MATH 20C,A01,083760,Briones; Jor-el Thomas Caparas,0,2,35,35
1655905749826,MATH 20C,A02,083761,Briones; Jor-el Thomas Caparas,6,1,35,29
1655905749826,MATH 20C,A03,093476,Staff,1,1,35,34
1655905749826,MATH 20C,B01,083762,Bach; Quang Tran,3,0,30,27
1655905755853,MATH 20D,A01,083765,Tran; Brian Kha,0,0,30,30
1655905755853,MATH 20D,A02,083766,Tran; Brian Kha,0,1,30,30
1655905755853,MATH 20D,A03,083767,Tran; Brian Kha,0,0,30,30
1655905761878,MATH 20E,A01,083771,Ganguly; Soumya,0,0,32,32
1655905761878,MATH 20E,A02,083772,Ganguly; Soumya,1,1,32,31
1655905761878,MATH 20E,B01,083773,Ciotti; Benjamin,14,0,35,21
1655905761878,MATH 20E,B02,083774,Ciotti; Benjamin,12,0,35,23
1655905767906,MATH 103A,A01,083777,Greenfeld; Be'Eri,2,1,36,34
1655905767906,MATH 103A,A02,083778,Greenfeld; Be'Eri,1,0,36,35
1655905767906,MATH 103A,A03,093561,Staff,0,1,36,36
1655905767906,MATH 103A,B01,083779,Greenfeld; Be'Eri,7,1,36,29
1655905767906,MATH 103A,B02,083780,Greenfeld; Be'Eri,1,0,36,35
1655905767906,MATH 103A,B03,093562,Staff,0,0,36,36
1655905773934,MATH 105,A01,085443,Carter; Anne Toulson,3,1,35,32
1655905773934,MATH 105,A02,093477,Staff,6,0,35,29
1655905779967,MATH 109,A01,083213,Ganzberger; Geoffrey Michael,0,1,34,34
1655905779967,MATH 109,A02,083214,Ganzberger; Geoffrey Michael,0,0,34,34
1655905779967,MATH 109,A03,093478,Staff,1,0,34,33
1655905779967,MATH 109,B01,083215,Ganzberger; Geoffrey Michael,2,0,32,30
1655905779967,MATH 109,B02,083216,Ganzberger; Geoffrey Michael,0,0,32,32
1655905779967,MATH 109,B03,093479,Staff,4,0,32,28
1655905785991,MATH 142A,A01,083219,Chow; Bennett,0,0,32,32
1655905785991,MATH 142A,A02,083220,Chow; Bennett,8,0,32,24
1655905785991,MATH 142A,A03,093480,Staff,4,0,32,28
1655905785991,MATH 142A,B03,093481,Staff,3,0,32,29
1655905785991,MATH 142A,B04,093558,Staff,6,0,32,26
1655905785991,MATH 142A,B05,093559,Staff,1,0,32,31
1655905792020,MATH 193A,A01,083224,Rotar; Vladimir,1,1,34,33
1655905792020,MATH 193A,A02,083225,Rotar; Vladimir,0,0,34,34
1655905792020,MATH 193A,A03,083781,Rotar; Vladimir,2,0,34,32
1655905792020,MATH 193A,A04,083782,Rotar; Vladimir,2,0,34,32
1655905792020,MATH 193A,A05,093482,Rotar; Vladimir,2,0,34,32
1655905798044,MATH 197,001,091859,McAuley; Julian John,9999,0,9999,0
1655905798044,MATH 197,002,095566,Kedlaya; Kiran S.,9997,0,9999,2
1655905798044,MATH 197,003,095567,Xiao; Ming,9999,0,9999,0
1655905798044,MATH 197,004,095571,Perols; Johan Lars,9998,0,9999,1
1655905805109,COGS 9,A01,083615,Shannon; Kyle Michael,1,1,75,74
1655905811137,COGS 11,A01,083617,Boyle; Mary E. T.,9,1,48,39
1655905817160,COGS 13,A01,083071,Bastos; Amalia Pinkusfeld,3,1,71,68
1655905823188,COGS 14A,A01,092681,Staff,2,26,100,98
1655905829211,COGS 14B,A01,083073,Cheng; Tzu-Han,7,0,63,56
1655905835238,COGS 17,A01,092677,Staff,8,6,81,73
1655905841263,COGS 100,A01,083619,Allen; Michael Gordon,2,2,70,68
1655905847291,COGS 101A,A01,083621,Davis; Joshua Daniel,4,3,68,64
1655905853314,COGS 101B,A01,091572,Allen; Michael Gordon,1,0,65,64
1655905859339,COGS 101C,A01,083625,Delgado; Tania,8,0,35,27
1655905865367,COGS 107A,A01,083627,Boyle; Mary E. T.,0,1,60,60
1655905871390,COGS 118A,A01,083075,Gupta; Anjum,16,16,76,60
1655905877418,CSE 3,A50,083646,Miranda; Gregory Joseph,13,0,50,37
1655905883442,CSE 8A,A50,083650,Miranda; Gregory Joseph,3,11,56,53
1655905889470,CSE 11,A01,083080,Cao; Yingjun,0,69,40,40
1655905895567,CSE 12,A01,083652,Krause-Levy; Sophia Louisa,6,8,120,114
1655905901594,CSE 15L,A01,083654,Morris; Justin Loren,3,1,50,47
1655905901594,CSE 15L,A02,083655,Morris; Justin Loren,0,0,50,50
1655905907618,CSE 20,A01,083657,Tran; Khoa Dang,29,0,80,51
1655905913642,CSE 21,A01,095574,Bach; Quang Tran,23,0,48,25
1655905919670,CSE 30,A01,083084,Eldon; John,1,11,80,79
1655905919670,CSE 30,B01,095061,Bhaskar; Nishant,0,4,50,50
1655905925699,CSE 100,A01,083659,Cao; Yingjun,2,25,70,68
1655905931726,CSE 134B,A01,083661,Powell; Thomas Allan,4,6,100,96
1655905937748,CSE 140,A01,083663,Gungor; Onat,4,0,85,81
1655905943773,CSE 140L,A01,083088,Eldon; John,4,0,100,96
1655905949797,CSE 175,A01,083665,Kumar; Rakesh,1,0,25,24
1655905955837,CSE 190,A00,092507,Dubnov; Shlomo,1,0,20,19
1655905961865,ECE 45,A01,083139,Congero; Spencer William,0,1,75,75
1655905967889,ECE 65,A50,083695,Saad; Andrew S,6,0,30,24
1655905967889,ECE 65,A51,095125,Staff,23,0,26,3
1655905973913,ECE 109,A01,091882,Touri; Behrouz,1,3,70,69
1655905979937,ECE 180,A00,083140,Abi Samra; Nicholas Camill,1,0,30,29
1655905979937,ECE 180,B00,083141,Abi Samra; Nicholas Camill,0,8,28,28
1655905985968,MATH 10A,A01,083735,Patchell; Gregory David,0,0,30,30
1655905985968,MATH 10A,A02,083736,Patchell; Gregory David,21,0,30,9
1655905985968,MATH 10A,A03,083737,Patchell; Gregory David,16,0,30,14
1655905992000,MATH 10B,A01,083207,Lim; Seonhee,1,1,34,33
1655905992000,MATH 10B,A02,083208,Lim; Seonhee,0,1,35,35
1655905992000,MATH 10B,A03,093472,Staff,1,0,34,33
1655905992000,MATH 10B,B01,083739,Sinha; Shubham,10,0,30,20
1655905998024,MATH 18,A01,083743,Cinel; Cameron Alexander,4,0,30,26
1655905998024,MATH 18,A02,083744,Cinel; Cameron Alexander,11,0,30,19
1655905998024,MATH 18,A03,083745,Cinel; Cameron Alexander,0,0,30,30
1655905998024,MATH 18,B01,083748,Ma; Zilu,1,0,36,35
1655905998024,MATH 18,B02,083749,Ma; Zilu,0,0,36,36
1655905998024,MATH 18,B03,083750,Ma; Zilu,0,0,36,36
1655905998024,MATH 18,B04,083751,Ma; Zilu,0,0,36,36
1655905998024,MATH 18,B05,093473,Staff,0,0,36,36
1655905998024,MATH 18,B06,093474,Staff,0,0,36,36
1655906004048,MATH 20A,A01,083754,Zheng; Zequn,10,0,40,30
1655906010074,MATH 20B,A01,083756,Briones; Jor-el Thomas Caparas,0,1,36,36
1655906010074,MATH 20B,A02,083757,Briones; Jor-el Thomas Caparas,1,0,36,35
1655906010074,MATH 20B,A03,093475,Staff,1,0,36,35
1655906016111,MATH 20C,A01,083760,Briones; Jor-el Thomas Caparas,0,2,35,35
1655906016111,MATH 20C,A02,083761,Briones; Jor-el Thomas Caparas,6,1,35,29
1655906016111,MATH 20C,A03,093476,Staff,1,1,35,34
1655906016111,MATH 20C,B01,083762,Bach; Quang Tran,3,0,30,27
1655906022138,MATH 20D,A01,083765,Tran; Brian Kha,0,0,30,30
1655906022138,MATH 20D,A02,083766,Tran; Brian Kha,0,1,30,30
1655906022138,MATH 20D,A03,083767,Tran; Brian Kha,0,0,30,30
1655906028164,MATH 20E,A01,083771,Ganguly; Soumya,0,0,32,32
1655906028164,MATH 20E,A02,083772,Ganguly; Soumya,1,1,32,31
1655906028164,MATH 20E,B01,083773,Ciotti; Benjamin,14,0,35,21
1655906028164,MATH 20E,B02,083774,Ciotti; Benjamin,12,0,35,23
1655906034188,MATH 103A,A01,083777,Greenfeld; Be'Eri,2,1,36,34
1655906034188,MATH 103A,A02,083778,Greenfeld; Be'Eri,1,0,36,35
1655906034188,MATH 103A,A03,093561,Staff,0,1,36,36
1655906034188,MATH 103A,B01,083779,Greenfeld; Be'Eri,7,1,36,29
1655906034188,MATH 103A,B02,083780,Greenfeld; Be'Eri,1,0,36,35
1655906034188,MATH 103A,B03,093562,Staff,0,0,36,36
1655906040221,MATH 105,A01,085443,Carter; Anne Toulson,3,1,35,32
1655906040221,MATH 105,A02,093477,Staff,6,0,35,29
1655906046255,MATH 109,A01,083213,Ganzberger; Geoffrey Michael,0,1,34,34
1655906046255,MATH 109,A02,083214,Ganzberger; Geoffrey Michael,0,0,34,34
1655906046255,MATH 109,A03,093478,Staff,1,0,34,33
1655906046255,MATH 109,B01,083215,Ganzberger; Geoffrey Michael,2,0,32,30
1655906046255,MATH 109,B02,083216,Ganzberger; Geoffrey Michael,0,0,32,32
1655906046255,MATH 109,B03,093479,Staff,4,0,32,28
1655906052285,MATH 142A,A01,083219,Chow; Bennett,0,0,32,32
1655906052285,MATH 142A,A02,083220,Chow; Bennett,8,0,32,24
1655906052285,MATH 142A,A03,093480,Staff,4,0,32,28
1655906052285,MATH 142A,B03,093481,Staff,3,0,32,29
1655906052285,MATH 142A,B04,093558,Staff,6,0,32,26
1655906052285,MATH 142A,B05,093559,Staff,1,0,32,31
1655906058309,MATH 193A,A01,083224,Rotar; Vladimir,1,1,34,33
1655906058309,MATH 193A,A02,083225,Rotar; Vladimir,0,0,34,34
1655906058309,MATH 193A,A03,083781,Rotar; Vladimir,2,0,34,32
1655906058309,MATH 193A,A04,083782,Rotar; Vladimir,2,0,34,32
1655906058309,MATH 193A,A05,093482,Rotar; Vladimir,2,0,34,32
1655906064336,MATH 197,001,091859,McAuley; Julian John,9999,0,9999,0
1655906064336,MATH 197,002,095566,Kedlaya; Kiran S.,9997,0,9999,2
1655906064336,MATH 197,003,095567,Xiao; Ming,9999,0,9999,0
1655906064336,MATH 197,004,095571,Perols; Johan Lars,9998,0,9999,1
1655906071418,COGS 9,A01,083615,Shannon; Kyle Michael,1,1,75,74
1655906077439,COGS 11,A01,083617,Boyle; Mary E. T.,9,1,48,39
1655906083470,COGS 13,A01,083071,Bastos; Amalia Pinkusfeld,3,1,71,68
1655906089497,COGS 14A,A01,092681,Staff,2,26,100,98
1655906095523,COGS 14B,A01,083073,Cheng; Tzu-Han,7,0,63,56
1655906101551,COGS 17,A01,092677,Staff,8,6,81,73
1655906107574,COGS 100,A01,083619,Allen; Michael Gordon,2,2,70,68
1655906113597,COGS 101A,A01,083621,Davis; Joshua Daniel,4,3,68,64
1655906119621,COGS 101B,A01,091572,Allen; Michael Gordon,1,0,65,64
1655906125647,COGS 101C,A01,083625,Delgado; Tania,8,0,35,27
1655906131674,COGS 107A,A01,083627,Boyle; Mary E. T.,0,1,60,60
1655906137698,COGS 118A,A01,083075,Gupta; Anjum,16,16,76,60
1655906143731,CSE 3,A50,083646,Miranda; Gregory Joseph,13,0,50,37
1655906149756,CSE 8A,A50,083650,Miranda; Gregory Joseph,3,11,56,53
1655906155779,CSE 11,A01,083080,Cao; Yingjun,0,69,40,40
1655906161808,CSE 12,A01,083652,Krause-Levy; Sophia Louisa,6,8,120,114
1655906167831,CSE 15L,A01,083654,Morris; Justin Loren,3,1,50,47
1655906167831,CSE 15L,A02,083655,Morris; Justin Loren,0,0,50,50
1655906173859,CSE 20,A01,083657,Tran; Khoa Dang,29,0,80,51
1655906179886,CSE 21,A01,095574,Bach; Quang Tran,23,0,48,25
1655906185909,CSE 30,A01,083084,Eldon; John,1,11,80,79
1655906185909,CSE 30,B01,095061,Bhaskar; Nishant,0,4,50,50
1655906191936,CSE 100,A01,083659,Cao; Yingjun,2,25,70,68
1655906197963,CSE 134B,A01,083661,Powell; Thomas Allan,4,6,100,96
1655906203994,CSE 140,A01,083663,Gungor; Onat,4,0,85,81
1655906210024,CSE 140L,A01,083088,Eldon; John,4,0,100,96
1655906216049,CSE 175,A01,083665,Kumar; Rakesh,1,0,25,24
1655906222072,CSE 190,A00,092507,Dubnov; Shlomo,1,0,20,19
1655906228101,ECE 45,A01,083139,Congero; Spencer William,0,1,75,75
1655906234130,ECE 65,A50,083695,Saad; Andrew S,6,0,30,24
1655906234130,ECE 65,A51,095125,Staff,23,0,26,3
1655906240158,ECE 109,A01,091882,Touri; Behrouz,1,3,70,69
1655906246183,ECE 180,A00,083140,Abi Samra; Nicholas Camill,1,0,30,29
1655906246183,ECE 180,B00,083141,Abi Samra; Nicholas Camill,0,8,28,28
1655906252206,MATH 10A,A01,083735,Patchell; Gregory David,0,0,30,30
1655906252206,MATH 10A,A02,083736,Patchell; Gregory David,21,0,30,9
1655906252206,MATH 10A,A03,083737,Patchell; Gregory David,16,0,30,14
1655906258236,MATH 10B,A01,083207,Lim; Seonhee,1,1,34,33
1655906258236,MATH 10B,A02,083208,Lim; Seonhee,0,1,35,35
1655906258236,MATH 10B,A03,093472,Staff,1,0,34,33
1655906258236,MATH 10B,B01,083739,Sinha; Shubham,10,0,30,20
1655906264262,MATH 18,A01,083743,Cinel; Cameron Alexander,4,0,30,26
1655906264262,MATH 18,A02,083744,Cinel; Cameron Alexander,11,0,30,19
1655906264262,MATH 18,A03,083745,Cinel; Cameron Alexander,0,0,30,30
1655906264262,MATH 18,B01,083748,Ma; Zilu,1,0,36,35
1655906264262,MATH 18,B02,083749,Ma; Zilu,0,0,36,36
1655906264262,MATH 18,B03,083750,Ma; Zilu,0,0,36,36
1655906264262,MATH 18,B04,083751,Ma; Zilu,0,0,36,36
1655906264262,MATH 18,B05,093473,Staff,0,0,36,36
1655906264262,MATH 18,B06,093474,Staff,0,0,36,36
1655906270286,MATH 20A,A01,083754,Zheng; Zequn,10,0,40,30
1655906276314,MATH 20B,A01,083756,Briones; Jor-el Thomas Caparas,0,1,36,36
1655906276314,MATH 20B,A02,083757,Briones; Jor-el Thomas Caparas,1,0,36,35
1655906276314,MATH 20B,A03,093475,Staff,1,0,36,35
1655906282337,MATH 20C,A01,083760,Briones; Jor-el Thomas Caparas,0,2,35,35
1655906282337,MATH 20C,A02,083761,Briones; Jor-el Thomas Caparas,6,1,35,29
1655906282337,MATH 20C,A03,093476,Staff,1,1,35,34
1655906282337,MATH 20C,B01,083762,Bach; Quang Tran,3,0,30,27
1655906288363,MATH 20D,A01,083765,Tran; Brian Kha,0,0,30,30
1655906288363,MATH 20D,A02,083766,Tran; Brian Kha,0,1,30,30
1655906288363,MATH 20D,A03,083767,Tran; Brian Kha,0,0,30,30
1655906294392,MATH 20E,A01,083771,Ganguly; Soumya,0,0,32,32
1655906294392,MATH 20E,A02,083772,Ganguly; Soumya,1,1,32,31
1655906294392,MATH 20E,B01,083773,Ciotti; Benjamin,14,0,35,21
1655906294392,MATH 20E,B02,083774,Ciotti; Benjamin,12,0,35,23
1655906300418,MATH 103A,A01,083777,Greenfeld; Be'Eri,2,1,36,34
1655906300418,MATH 103A,A02,083778,Greenfeld; Be'Eri,1,0,36,35
1655906300418,MATH 103A,A03,093561,Staff,0,1,36,36
1655906300418,MATH 103A,B01,083779,Greenfeld; Be'Eri,7,1,36,29
1655906300418,MATH 103A,B02,083780,Greenfeld; Be'Eri,1,0,36,35
1655906300418,MATH 103A,B03,093562,Staff,0,0,36,36
1655906306476,MATH 105,A01,085443,Carter; Anne Toulson,3,1,35,32
1655906306476,MATH 105,A02,093477,Staff,6,0,35,29
1655906312502,MATH 109,A01,083213,Ganzberger; Geoffrey Michael,0,1,34,34
1655906312502,MATH 109,A02,083214,Ganzberger; Geoffrey Michael,0,0,34,34
1655906312502,MATH 109,A03,093478,Staff,1,0,34,33
1655906312502,MATH 109,B01,083215,Ganzberger; Geoffrey Michael,2,0,32,30
1655906312502,MATH 109,B02,083216,Ganzberger; Geoffrey Michael,0,0,32,32
1655906312502,MATH 109,B03,093479,Staff,4,0,32,28
1655906318540,MATH 142A,A01,083219,Chow; Bennett,0,0,32,32
1655906318540,MATH 142A,A02,083220,Chow; Bennett,8,0,32,24
1655906318540,MATH 142A,A03,093480,Staff,4,0,32,28
1655906318540,MATH 142A,B03,093481,Staff,3,0,32,29
1655906318540,MATH 142A,B04,093558,Staff,6,0,32,26
1655906318540,MATH 142A,B05,093559,Staff,1,0,32,31
1655906324569,MATH 193A,A01,083224,Rotar; Vladimir,1,1,34,33
1655906324569,MATH 193A,A02,083225,Rotar; Vladimir,0,0,34,34
1655906324569,MATH 193A,A03,083781,Rotar; Vladimir,2,0,34,32
1655906324569,MATH 193A,A04,083782,Rotar; Vladimir,2,0,34,32
1655906324569,MATH 193A,A05,093482,Rotar; Vladimir,2,0,34,32
1655906330594,MATH 197,001,091859,McAuley; Julian John,9999,0,9999,0
1655906330594,MATH 197,002,095566,Kedlaya; Kiran S.,9997,0,9999,2
1655906330594,MATH 197,003,095567,Xiao; Ming,9999,0,9999,0
1655906330594,MATH 197,004,095571,Perols; Johan Lars,9998,0,9999,1
1655906337667,COGS 9,A01,083615,Shannon; Kyle Michael,1,1,75,74
1655906343689,COGS 11,A01,083617,Boyle; Mary E. T.,9,1,48,39
1655906349715,COGS 13,A01,083071,Bastos; Amalia Pinkusfeld,3,1,71,68
1655906355742,COGS 14A,A01,092681,Staff,2,26,100,98
1655906361770,COGS 14B,A01,083073,Cheng; Tzu-Han,7,0,63,56
1655906367798,COGS 17,A01,092677,Staff,8,6,81,73
1655906373823,COGS 100,A01,083619,Allen; Michael Gordon,2,2,70,68
1655906379850,COGS 101A,A01,083621,Davis; Joshua Daniel,4,3,68,64
1655906385889,COGS 101B,A01,091572,Allen; Michael Gordon,1,0,65,64
1655906391916,COGS 101C,A01,083625,Delgado; Tania,8,0,35,27
1655906397940,COGS 107A,A01,083627,Boyle; Mary E. T.,0,1,60,60
1655906403968,COGS 118A,A01,083075,Gupta; Anjum,16,16,76,60
1655906409997,CSE 3,A50,083646,Miranda; Gregory Joseph,13,0,50,37
1655906416022,CSE 8A,A50,083650,Miranda; Gregory Joseph,3,11,56,53
1655906422047,CSE 11,A01,083080,Cao; Yingjun,0,69,40,40
1655906428074,CSE 12,A01,083652,Krause-Levy; Sophia Louisa,6,8,120,114
1655906434099,CSE 15L,A01,083654,Morris; Justin Loren,3,1,50,47
1655906434099,CSE 15L,A02,083655,Morris; Justin Loren,0,0,50,50
1655906440123,CSE 20,A01,083657,Tran; Khoa Dang,29,0,80,51
1655906446151,CSE 21,A01,095574,Bach; Quang Tran,23,0,48,25
1655906452186,CSE 30,A01,083084,Eldon; John,1,11,80,79
1655906452186,CSE 30,B01,095061,Bhaskar; Nishant,0,4,50,50
1655906458217,CSE 100,A01,083659,Cao; Yingjun,2,25,70,68
1655906464247,CSE 134B,A01,083661,Powell; Thomas Allan,4,6,100,96
1655906470275,CSE 140,A01,083663,Gungor; Onat,4,0,85,81
1655906476307,CSE 140L,A01,083088,Eldon; John,4,0,100,96
1655906482337,CSE 175,A01,083665,Kumar; Rakesh,1,0,25,24
1655906488362,CSE 190,A00,092507,Dubnov; Shlomo,1,0,20,19
1655906494464,ECE 45,A01,083139,Congero; Spencer William,0,1,75,75
1655906500835,ECE 65,A50,083695,Saad; Andrew S,6,0,30,24
1655906500835,ECE 65,A51,095125,Staff,23,0,26,3
1655906506862,ECE 109,A01,091882,Touri; Behrouz,1,3,70,69
1655906512890,ECE 180,A00,083140,Abi Samra; Nicholas Camill,1,0,30,29
1655906512890,ECE 180,B00,083141,Abi Samra; Nicholas Camill,0,8,28,28
1655906518921,MATH 10A,A01,083735,Patchell; Gregory David,0,0,30,30
1655906518921,MATH 10A,A02,083736,Patchell; Gregory David,21,0,30,9
1655906518921,MATH 10A,A03,083737,Patchell; Gregory David,16,0,30,14
1655906524950,MATH 10B,A01,083207,Lim; Seonhee,1,1,34,33
1655906524950,MATH 10B,A02,083208,Lim; Seonhee,1,1,35,34
1655906524950,MATH 10B,A03,093472,Staff,1,0,34,33
1655906524950,MATH 10B,B01,083739,Sinha; Shubham,10,0,30,20
1655906530997,MATH 18,A01,083743,Cinel; Cameron Alexander,4,0,30,26
1655906530997,MATH 18,A02,083744,Cinel; Cameron Alexander,11,0,30,19
1655906530997,MATH 18,A03,083745,Cinel; Cameron Alexander,0,0,30,30
1655906530997,MATH 18,B01,083748,Ma; Zilu,1,0,36,35
1655906530997,MATH 18,B02,083749,Ma; Zilu,0,0,36,36
1655906530997,MATH 18,B03,083750,Ma; Zilu,0,0,36,36
1655906530997,MATH 18,B04,083751,Ma; Zilu,0,0,36,36
1655906530997,MATH 18,B05,093473,Staff,0,0,36,36
1655906530997,MATH 18,B06,093474,Staff,0,0,36,36
1655906537022,MATH 20A,A01,083754,Zheng; Zequn,10,0,40,30
1655906543047,MATH 20B,A01,083756,Briones; Jor-el Thomas Caparas,0,1,36,36
1655906543047,MATH 20B,A02,083757,Briones; Jor-el Thomas Caparas,1,0,36,35
1655906543047,MATH 20B,A03,093475,Staff,1,0,36,35
1655906549075,MATH 20C,A01,083760,Briones; Jor-el Thomas Caparas,0,2,35,35
1655906549075,MATH 20C,A02,083761,Briones; Jor-el Thomas Caparas,6,1,35,29
1655906549075,MATH 20C,A03,093476,Staff,1,1,35,34
1655906549075,MATH 20C,B01,083762,Bach; Quang Tran,3,0,30,27
1655906555100,MATH 20D,A01,083765,Tran; Brian Kha,0,0,30,30
1655906555100,MATH 20D,A02,083766,Tran; Brian Kha,0,1,30,30
1655906555100,MATH 20D,A03,083767,Tran; Brian Kha,0,0,30,30
1655906561133,MATH 20E,A01,083771,Ganguly; Soumya,0,0,32,32
1655906561133,MATH 20E,A02,083772,Ganguly; Soumya,1,1,32,31
1655906561133,MATH 20E,B01,083773,Ciotti; Benjamin,14,0,35,21
1655906561133,MATH 20E,B02,083774,Ciotti; Benjamin,12,0,35,23
1655906567167,MATH 103A,A01,083777,Greenfeld; Be'Eri,2,1,36,34
1655906567167,MATH 103A,A02,083778,Greenfeld; Be'Eri,1,0,36,35
1655906567167,MATH 103A,A03,093561,Staff,0,1,36,36
1655906567167,MATH 103A,B01,083779,Greenfeld; Be'Eri,7,1,36,29
1655906567167,MATH 103A,B02,083780,Greenfeld; Be'Eri,1,0,36,35
1655906567167,MATH 103A,B03,093562,Staff,0,0,36,36
1655906573193,MATH 105,A01,085443,Carter; Anne Toulson,3,1,35,32
1655906573193,MATH 105,A02,093477,Staff,6,0,35,29
1655906579225,MATH 109,A01,083213,Ganzberger; Geoffrey Michael,0,1,34,34
1655906579225,MATH 109,A02,083214,Ganzberger; Geoffrey Michael,0,0,34,34
1655906579225,MATH 109,A03,093478,Staff,1,0,34,33
1655906579225,MATH 109,B01,083215,Ganzberger; Geoffrey Michael,2,0,32,30
1655906579225,MATH 109,B02,083216,Ganzberger; Geoffrey Michael,0,0,32,32
1655906579225,MATH 109,B03,093479,Staff,4,0,32,28
1655906585277,MATH 142A,A01,083219,Chow; Bennett,0,0,32,32
1655906585277,MATH 142A,A02,083220,Chow; Bennett,8,0,32,24
1655906585277,MATH 142A,A03,093480,Staff,4,0,32,28
1655906585277,MATH 142A,B03,093481,Staff,3,0,32,29
1655906585277,MATH 142A,B04,093558,Staff,6,0,32,26
1655906585277,MATH 142A,B05,093559,Staff,1,0,32,31
1655906591305,MATH 193A,A01,083224,Rotar; Vladimir,1,1,34,33
1655906591305,MATH 193A,A02,083225,Rotar; Vladimir,0,0,34,34
1655906591305,MATH 193A,A03,083781,Rotar; Vladimir,2,0,34,32
1655906591305,MATH 193A,A04,083782,Rotar; Vladimir,2,0,34,32
1655906591305,MATH 193A,A05,093482,Rotar; Vladimir,2,0,34,32
1655906597335,MATH 197,001,091859,McAuley; Julian John,9999,0,9999,0
1655906597335,MATH 197,002,095566,Kedlaya; Kiran S.,9997,0,9999,2
1655906597335,MATH 197,003,095567,Xiao; Ming,9999,0,9999,0
1655906597335,MATH 197,004,095571,Perols; Johan Lars,9998,0,9999,1
1655906604407,COGS 9,A01,083615,Shannon; Kyle Michael,1,1,75,74
1655906610432,COGS 11,A01,083617,Boyle; Mary E. T.,9,1,48,39
1655906616457,COGS 13,A01,083071,Bastos; Amalia Pinkusfeld,3,1,71,68
1655906622485,COGS 14A,A01,092681,Staff,2,26,100,98
1655906628511,COGS 14B,A01,083073,Cheng; Tzu-Han,7,0,63,56
1655906634539,COGS 17,A01,092677,Staff,8,6,81,73
1655906640567,COGS 100,A01,083619,Allen; Michael Gordon,2,2,70,68
1655906646608,COGS 101A,A01,083621,Davis; Joshua Daniel,4,3,68,64
1655906652634,COGS 101B,A01,091572,Allen; Michael Gordon,1,0,65,64
1655906658666,COGS 101C,A01,083625,Delgado; Tania,8,0,35,27
1655906664692,COGS 107A,A01,083627,Boyle; Mary E. T.,0,1,60,60
1655906670721,COGS 118A,A01,083075,Gupta; Anjum,16,16,76,60
1655906676745,CSE 3,A50,083646,Miranda; Gregory Joseph,13,0,50,37
1655906682773,CSE 8A,A50,083650,Miranda; Gregory Joseph,3,11,56,53
1655906688799,CSE 11,A01,083080,Cao; Yingjun,0,69,40,40
1655906694827,CSE 12,A01,083652,Krause-Levy; Sophia Louisa,6,8,120,114
1655906700854,CSE 15L,A01,083654,Morris; Justin Loren,3,1,50,47
1655906700854,CSE 15L,A02,083655,Morris; Justin Loren,0,0,50,50
1655906706881,CSE 20,A01,083657,Tran; Khoa Dang,29,0,80,51
1655906712909,CSE 21,A01,095574,Bach; Quang Tran,23,0,48,25
1655906718935,CSE 30,A01,083084,Eldon; John,1,11,80,79
1655906718935,CSE 30,B01,095061,Bhaskar; Nishant,0,4,50,50
1655906724963,CSE 100,A01,083659,Cao; Yingjun,2,25,70,68
1655906730987,CSE 134B,A01,083661,Powell; Thomas Allan,4,6,100,96
1655906737010,CSE 140,A01,083663,Gungor; Onat,4,0,85,81
1655906743037,CSE 140L,A01,083088,Eldon; John,4,0,100,96
1655906749087,CSE 175,A01,083665,Kumar; Rakesh,1,0,25,24
1655906755110,CSE 190,A00,092507,Dubnov; Shlomo,1,0,20,19
1655906761134,ECE 45,A01,083139,Congero; Spencer William,0,1,75,75
1655906767165,ECE 65,A50,083695,Saad; Andrew S,6,0,30,24
1655906767165,ECE 65,A51,095125,Staff,23,0,26,3
1655906773187,ECE 109,A01,091882,Touri; Behrouz,1,3,70,69
1655906779214,ECE 180,A00,083140,Abi Samra; Nicholas Camill,1,0,30,29
1655906779214,ECE 180,B00,083141,Abi Samra; Nicholas Camill,0,8,28,28
1655906785248,MATH 10A,A01,083735,Patchell; Gregory David,0,0,30,30
1655906785248,MATH 10A,A02,083736,Patchell; Gregory David,21,0,30,9
1655906785248,MATH 10A,A03,083737,Patchell; Gregory David,16,0,30,14
1655906791273,MATH 10B,A01,083207,Lim; Seonhee,1,1,34,33
1655906791273,MATH 10B,A02,083208,Lim; Seonhee,1,1,35,34
1655906791273,MATH 10B,A03,093472,Staff,1,0,34,33
1655906791273,MATH 10B,B01,083739,Sinha; Shubham,10,0,30,20
1655906797299,MATH 18,A01,083743,Cinel; Cameron Alexander,4,0,30,26
1655906797299,MATH 18,A02,083744,Cinel; Cameron Alexander,11,0,30,19
1655906797299,MATH 18,A03,083745,Cinel; Cameron Alexander,0,0,30,30
1655906797299,MATH 18,B01,083748,Ma; Zilu,1,0,36,35
1655906797299,MATH 18,B02,083749,Ma; Zilu,0,0,36,36
1655906797299,MATH 18,B03,083750,Ma; Zilu,0,0,36,36
1655906797299,MATH 18,B04,083751,Ma; Zilu,0,0,36,36
1655906797299,MATH 18,B05,093473,Staff,0,0,36,36
1655906797299,MATH 18,B06,093474,Staff,0,0,36,36
1655906803326,MATH 20A,A01,083754,Zheng; Zequn,10,0,40,30
1655906809350,MATH 20B,A01,083756,Briones; Jor-el Thomas Caparas,0,1,36,36
1655906809350,MATH 20B,A02,083757,Briones; Jor-el Thomas Caparas,1,0,36,35
1655906809350,MATH 20B,A03,093475,Staff,1,0,36,35
1655906815390,MATH 20C,A01,083760,Briones; Jor-el Thomas Caparas,0,2,35,35
1655906815390,MATH 20C,A02,083761,Briones; Jor-el Thomas Caparas,6,1,35,29
1655906815390,MATH 20C,A03,093476,Staff,1,1,35,34
1655906815390,MATH 20C,B01,083762,Bach; Quang Tran,3,0,30,27
1655906821414,MATH 20D,A01,083765,Tran; Brian Kha,0,0,30,30
1655906821414,MATH 20D,A02,083766,Tran; Brian Kha,0,1,30,30
1655906821414,MATH 20D,A03,083767,Tran; Brian Kha,0,0,30,30
1655906827440,MATH 20E,A01,083771,Ganguly; Soumya,0,0,32,32
1655906827440,MATH 20E,A02,083772,Ganguly; Soumya,1,1,32,31
1655906827440,MATH 20E,B01,083773,Ciotti; Benjamin,14,0,35,21
1655906827440,MATH 20E,B02,083774,Ciotti; Benjamin,12,0,35,23
1655906833465,MATH 103A,A01,083777,Greenfeld; Be'Eri,2,1,36,34
1655906833465,MATH 103A,A02,083778,Greenfeld; Be'Eri,1,0,36,35
1655906833465,MATH 103A,A03,093561,Staff,0,1,36,36
1655906833465,MATH 103A,B01,083779,Greenfeld; Be'Eri,7,1,36,29
1655906833465,MATH 103A,B02,083780,Greenfeld; Be'Eri,1,0,36,35
1655906833465,MATH 103A,B03,093562,Staff,0,0,36,36
1655906839489,MATH 105,A01,085443,Carter; Anne Toulson,3,1,35,32
1655906839489,MATH 105,A02,093477,Staff,6,0,35,29
1655906845525,MATH 109,A01,083213,Ganzberger; Geoffrey Michael,0,1,34,34
1655906845525,MATH 109,A02,083214,Ganzberger; Geoffrey Michael,0,0,34,34
1655906845525,MATH 109,A03,093478,Staff,1,0,34,33
1655906845525,MATH 109,B01,083215,Ganzberger; Geoffrey Michael,2,0,32,30
1655906845525,MATH 109,B02,083216,Ganzberger; Geoffrey Michael,0,0,32,32
1655906845525,MATH 109,B03,093479,Staff,4,0,32,28
1655906851549,MATH 142A,A01,083219,Chow; Bennett,0,0,32,32
1655906851549,MATH 142A,A02,083220,Chow; Bennett,8,0,32,24
1655906851549,MATH 142A,A03,093480,Staff,4,0,32,28
1655906851549,MATH 142A,B03,093481,Staff,3,0,32,29
1655906851549,MATH 142A,B04,093558,Staff,6,0,32,26
1655906851549,MATH 142A,B05,093559,Staff,1,0,32,31
1655906857572,MATH 193A,A01,083224,Rotar; Vladimir,1,1,34,33
1655906857572,MATH 193A,A02,083225,Rotar; Vladimir,0,0,34,34
1655906857572,MATH 193A,A03,083781,Rotar; Vladimir,2,0,34,32
1655906857572,MATH 193A,A04,083782,Rotar; Vladimir,2,0,34,32
1655906857572,MATH 193A,A05,093482,Rotar; Vladimir,2,0,34,32
1655906863595,MATH 197,001,091859,McAuley; Julian John,9999,0,9999,0
1655906863595,MATH 197,002,095566,Kedlaya; Kiran S.,9997,0,9999,2
1655906863595,MATH 197,003,095567,Xiao; Ming,9999,0,9999,0
1655906863595,MATH 197,004,095571,Perols; Johan Lars,9998,0,9999,1
1655906870658,COGS 9,A01,083615,Shannon; Kyle Michael,1,1,75,74
1655906876682,COGS 11,A01,083617,Boyle; Mary E. T.,9,1,48,39
1655906882712,COGS 13,A01,083071,Bastos; Amalia Pinkusfeld,3,1,71,68
1655906888739,COGS 14A,A01,092681,Staff,2,26,100,98
1655906894762,COGS 14B,A01,083073,Cheng; Tzu-Han,7,0,63,56
1655906900785,COGS 17,A01,092677,Staff,8,6,81,73
1655906906810,COGS 100,A01,083619,Allen; Michael Gordon,2,2,70,68
1655906912842,COGS 101A,A01,083621,Davis; Joshua Daniel,4,3,68,64
1655906918868,COGS 101B,A01,091572,Allen; Michael Gordon,1,0,65,64
1655906924895,COGS 101C,A01,083625,Delgado; Tania,8,0,35,27
1655906930931,COGS 107A,A01,083627,Boyle; Mary E. T.,0,1,60,60
1655906936958,COGS 118A,A01,083075,Gupta; Anjum,16,16,76,60
1655906942988,CSE 3,A50,083646,Miranda; Gregory Joseph,13,0,50,37
1655906949021,CSE 8A,A50,083650,Miranda; Gregory Joseph,3,11,56,53
1655906955046,CSE 11,A01,083080,Cao; Yingjun,0,69,40,40
1655906961069,CSE 12,A01,083652,Krause-Levy; Sophia Louisa,6,8,120,114
1655906967097,CSE 15L,A01,083654,Morris; Justin Loren,3,1,50,47
1655906967097,CSE 15L,A02,083655,Morris; Justin Loren,0,0,50,50
1655906973125,CSE 20,A01,083657,Tran; Khoa Dang,29,0,80,51
1655906979155,CSE 21,A01,095574,Bach; Quang Tran,23,0,48,25
1655906985186,CSE 30,A01,083084,Eldon; John,1,11,80,79
1655906985186,CSE 30,B01,095061,Bhaskar; Nishant,0,4,50,50
1655906991213,CSE 100,A01,083659,Cao; Yingjun,2,25,70,68
1655906997252,CSE 134B,A01,083661,Powell; Thomas Allan,4,6,100,96
1655907003280,CSE 140,A01,083663,Gungor; Onat,4,0,85,81
1655907009316,CSE 140L,A01,083088,Eldon; John,4,0,100,96
1655907015342,CSE 175,A01,083665,Kumar; Rakesh,1,0,25,24
1655907021366,CSE 190,A00,092507,Dubnov; Shlomo,1,0,20,19
1655907027394,ECE 45,A01,083139,Congero; Spencer William,0,1,75,75
1655907033422,ECE 65,A50,083695,Saad; Andrew S,6,0,30,24
1655907033422,ECE 65,A51,095125,Staff,23,0,26,3
1655907039445,ECE 109,A01,091882,Touri; Behrouz,1,3,70,69
1655907045474,ECE 180,A00,083140,Abi Samra; Nicholas Camill,1,0,30,29
1655907045474,ECE 180,B00,083141,Abi Samra; Nicholas Camill,0,8,28,28
1655907051504,MATH 10A,A01,083735,Patchell; Gregory David,0,0,30,30
1655907051504,MATH 10A,A02,083736,Patchell; Gregory David,21,0,30,9
1655907051504,MATH 10A,A03,083737,Patchell; Gregory David,16,0,30,14
1655907057527,MATH 10B,A01,083207,Lim; Seonhee,1,1,34,33
1655907057527,MATH 10B,A02,083208,Lim; Seonhee,1,1,35,34
1655907057527,MATH 10B,A03,093472,Staff,1,0,34,33
1655907057527,MATH 10B,B01,083739,Sinha; Shubham,10,0,30,20
1655907063553,MATH 18,A01,083743,Cinel; Cameron Alexander,4,0,30,26
1655907063553,MATH 18,A02,083744,Cinel; Cameron Alexander,11,0,30,19
1655907063553,MATH 18,A03,083745,Cinel; Cameron Alexander,0,0,30,30
1655907063553,MATH 18,B01,083748,Ma; Zilu,1,0,36,35
1655907063553,MATH 18,B02,083749,Ma; Zilu,0,0,36,36
1655907063553,MATH 18,B03,083750,Ma; Zilu,0,0,36,36
1655907063553,MATH 18,B04,083751,Ma; Zilu,0,0,36,36
1655907063553,MATH 18,B05,093473,Staff,0,0,36,36
1655907063553,MATH 18,B06,093474,Staff,0,0,36,36
1655907069577,MATH 20A,A01,083754,Zheng; Zequn,10,0,40,30
1655907075606,MATH 20B,A01,083756,Briones; Jor-el Thomas Caparas,0,1,36,36
1655907075606,MATH 20B,A02,083757,Briones; Jor-el Thomas Caparas,1,0,36,35
1655907075606,MATH 20B,A03,093475,Staff,1,0,36,35
1655907081634,MATH 20C,A01,083760,Briones; Jor-el Thomas Caparas,0,2,35,35
1655907081634,MATH 20C,A02,083761,Briones; Jor-el Thomas Caparas,6,1,35,29
1655907081634,MATH 20C,A03,093476,Staff,1,1,35,34
1655907081634,MATH 20C,B01,083762,Bach; Quang Tran,3,0,30,27
1655907087667,MATH 20D,A01,083765,Tran; Brian Kha,0,0,30,30
1655907087667,MATH 20D,A02,083766,Tran; Brian Kha,0,1,30,30
1655907087667,MATH 20D,A03,083767,Tran; Brian Kha,0,0,30,30
1655907093770,MATH 20E,A01,083771,Ganguly; Soumya,0,0,32,32
1655907093770,MATH 20E,A02,083772,Ganguly; Soumya,1,1,32,31
1655907093770,MATH 20E,B01,083773,Ciotti; Benjamin,14,0,35,21
1655907093770,MATH 20E,B02,083774,Ciotti; Benjamin,12,0,35,23
1655907099794,MATH 103A,A01,083777,Greenfeld; Be'Eri,2,1,36,34
1655907099794,MATH 103A,A02,083778,Greenfeld; Be'Eri,1,0,36,35
1655907099794,MATH 103A,A03,093561,Staff,0,1,36,36
1655907099794,MATH 103A,B01,083779,Greenfeld; Be'Eri,7,1,36,29
1655907099794,MATH 103A,B02,083780,Greenfeld; Be'Eri,1,0,36,35
1655907099794,MATH 103A,B03,093562,Staff,0,0,36,36
1655907105827,MATH 105,A01,085443,Carter; Anne Toulson,3,1,35,32
1655907105827,MATH 105,A02,093477,Staff,6,0,35,29
1655907111856,MATH 109,A01,083213,Ganzberger; Geoffrey Michael,0,1,34,34
1655907111856,MATH 109,A02,083214,Ganzberger; Geoffrey Michael,0,0,34,34
1655907111856,MATH 109,A03,093478,Staff,1,0,34,33
1655907111856,MATH 109,B01,083215,Ganzberger; Geoffrey Michael,2,0,32,30
1655907111856,MATH 109,B02,083216,Ganzberger; Geoffrey Michael,0,0,32,32
1655907111856,MATH 109,B03,093479,Staff,4,0,32,28
1655907117878,MATH 142A,A01,083219,Chow; Bennett,0,0,32,32
1655907117878,MATH 142A,A02,083220,Chow; Bennett,8,0,32,24
1655907117878,MATH 142A,A03,093480,Staff,4,0,32,28
1655907117878,MATH 142A,B03,093481,Staff,3,0,32,29
1655907117878,MATH 142A,B04,093558,Staff,6,0,32,26
1655907117878,MATH 142A,B05,093559,Staff,1,0,32,31
1655907123903,MATH 193A,A01,083224,Rotar; Vladimir,1,1,34,33
1655907123903,MATH 193A,A02,083225,Rotar; Vladimir,0,0,34,34
1655907123903,MATH 193A,A03,083781,Rotar; Vladimir,2,0,34,32
1655907123903,MATH 193A,A04,083782,Rotar; Vladimir,2,0,34,32
1655907123903,MATH 193A,A05,093482,Rotar; Vladimir,2,0,34,32
1655907129926,MATH 197,001,091859,McAuley; Julian John,9999,0,9999,0
1655907129926,MATH 197,002,095566,Kedlaya; Kiran S.,9997,0,9999,2
1655907129926,MATH 197,003,095567,Xiao; Ming,9999,0,9999,0
1655907129926,MATH 197,004,095571,Perols; Johan Lars,9998,0,9999,1
1655907136998,COGS 9,A01,083615,Shannon; Kyle Michael,1,1,75,74
1655907143026,COGS 11,A01,083617,Boyle; Mary E. T.,9,1,48,39
1655907149054,COGS 13,A01,083071,Bastos; Amalia Pinkusfeld,3,1,71,68
1655907155077,COGS 14A,A01,092681,Staff,2,26,100,98
1655907161108,COGS 14B,A01,083073,Cheng; Tzu-Han,7,0,63,56
1655907167146,COGS 17,A01,092677,Staff,8,6,81,73
1655907173170,COGS 100,A01,083619,Allen; Michael Gordon,2,2,70,68
1655907179198,COGS 101A,A01,083621,Davis; Joshua Daniel,4,3,68,64
1655907185226,COGS 101B,A01,091572,Allen; Michael Gordon,1,0,65,64
1655907191254,COGS 101C,A01,083625,Delgado; Tania,8,0,35,27
1655907197278,COGS 107A,A01,083627,Boyle; Mary E. T.,0,1,60,60
1655907203301,COGS 118A,A01,083075,Gupta; Anjum,16,16,76,60
1655907209330,CSE 3,A50,083646,Miranda; Gregory Joseph,13,0,50,37
1655907215361,CSE 8A,A50,083650,Miranda; Gregory Joseph,3,11,56,53
1655907221387,CSE 11,A01,083080,Cao; Yingjun,0,69,40,40
1655907227414,CSE 12,A01,083652,Krause-Levy; Sophia Louisa,6,8,120,114
1655907233450,CSE 15L,A01,083654,Morris; Justin Loren,3,1,50,47
1655907233450,CSE 15L,A02,083655,Morris; Justin Loren,0,0,50,50
1655907239476,CSE 20,A01,083657,Tran; Khoa Dang,29,0,80,51
1655907245501,CSE 21,A01,095574,Bach; Quang Tran,23,0,48,25
1655907251540,CSE 30,A01,083084,Eldon; John,2,11,80,78
1655907251540,CSE 30,B01,095061,Bhaskar; Nishant,0,4,50,50
1655907257567,CSE 100,A01,083659,Cao; Yingjun,2,25,70,68
1655907263591,CSE 134B,A01,083661,Powell; Thomas Allan,4,6,100,96
1655907269615,CSE 140,A01,083663,Gungor; Onat,4,0,85,81
1655907275639,CSE 140L,A01,083088,Eldon; John,4,0,100,96
1655907281668,CSE 175,A01,083665,Kumar; Rakesh,1,0,25,24
1655907287697,CSE 190,A00,092507,Dubnov; Shlomo,1,0,20,19
1655907293725,ECE 45,A01,083139,Congero; Spencer William,0,1,75,75
1655907299747,ECE 65,A50,083695,Saad; Andrew S,6,0,30,24
1655907299747,ECE 65,A51,095125,Staff,23,0,26,3
1655907305778,ECE 109,A01,091882,Touri; Behrouz,1,3,70,69
1655907311802,ECE 180,A00,083140,Abi Samra; Nicholas Camill,1,0,30,29
1655907311802,ECE 180,B00,083141,Abi Samra; Nicholas Camill,0,8,28,28
1655907317829,MATH 10A,A01,083735,Patchell; Gregory David,0,0,30,30
1655907317829,MATH 10A,A02,083736,Patchell; Gregory David,21,0,30,9
1655907317829,MATH 10A,A03,083737,Patchell; Gregory David,16,0,30,14
1655907323854,MATH 10B,A01,083207,Lim; Seonhee,1,1,34,33
1655907323854,MATH 10B,A02,083208,Lim; Seonhee,1,1,35,34
1655907323854,MATH 10B,A03,093472,Staff,1,0,34,33
1655907323854,MATH 10B,B01,083739,Sinha; Shubham,10,0,30,20
1655907329886,MATH 18,A01,083743,Cinel; Cameron Alexander,4,0,30,26
1655907329886,MATH 18,A02,083744,Cinel; Cameron Alexander,11,0,30,19
1655907329886,MATH 18,A03,083745,Cinel; Cameron Alexander,0,0,30,30
1655907329886,MATH 18,B01,083748,Ma; Zilu,1,0,36,35
1655907329886,MATH 18,B02,083749,Ma; Zilu,0,0,36,36
1655907329886,MATH 18,B03,083750,Ma; Zilu,0,0,36,36
1655907329886,MATH 18,B04,083751,Ma; Zilu,0,0,36,36
1655907329886,MATH 18,B05,093473,Staff,0,0,36,36
1655907329886,MATH 18,B06,093474,Staff,0,0,36,36
1655907335912,MATH 20A,A01,083754,Zheng; Zequn,10,0,40,30
1655907341938,MATH 20B,A01,083756,Briones; Jor-el Thomas Caparas,0,1,36,36
1655907341938,MATH 20B,A02,083757,Briones; Jor-el Thomas Caparas,1,0,36,35
1655907341938,MATH 20B,A03,093475,Staff,1,0,36,35
1655907347961,MATH 20C,A01,083760,Briones; Jor-el Thomas Caparas,0,2,35,35
1655907347961,MATH 20C,A02,083761,Briones; Jor-el Thomas Caparas,6,1,35,29
1655907347961,MATH 20C,A03,093476,Staff,1,1,35,34
1655907347961,MATH 20C,B01,083762,Bach; Quang Tran,3,0,30,27
1655907353986,MATH 20D,A01,083765,Tran; Brian Kha,0,0,30,30
1655907353986,MATH 20D,A02,083766,Tran; Brian Kha,0,1,30,30
1655907353986,MATH 20D,A03,083767,Tran; Brian Kha,0,0,30,30
1655907360011,MATH 20E,A01,083771,Ganguly; Soumya,0,0,32,32
1655907360011,MATH 20E,A02,083772,Ganguly; Soumya,1,1,32,31
1655907360011,MATH 20E,B01,083773,Ciotti; Benjamin,14,0,35,21
1655907360011,MATH 20E,B02,083774,Ciotti; Benjamin,12,0,35,23
1655907366041,MATH 103A,A01,083777,Greenfeld; Be'Eri,2,1,36,34
1655907366041,MATH 103A,A02,083778,Greenfeld; Be'Eri,1,0,36,35
1655907366041,MATH 103A,A03,093561,Staff,0,1,36,36
1655907366041,MATH 103A,B01,083779,Greenfeld; Be'Eri,7,1,36,29
1655907366041,MATH 103A,B02,083780,Greenfeld; Be'Eri,1,0,36,35
1655907366041,MATH 103A,B03,093562,Staff,0,0,36,36
1655907372069,MATH 105,A01,085443,Carter; Anne Toulson,3,1,35,32
1655907372069,MATH 105,A02,093477,Staff,6,0,35,29
1655907378098,MATH 109,A01,083213,Ganzberger; Geoffrey Michael,0,1,34,34
1655907378098,MATH 109,A02,083214,Ganzberger; Geoffrey Michael,0,0,34,34
1655907378098,MATH 109,A03,093478,Staff,1,0,34,33
1655907378098,MATH 109,B01,083215,Ganzberger; Geoffrey Michael,2,0,32,30
1655907378098,MATH 109,B02,083216,Ganzberger; Geoffrey Michael,0,0,32,32
1655907378098,MATH 109,B03,093479,Staff,4,0,32,28
1655907384124,MATH 142A,A01,083219,Chow; Bennett,0,0,32,32
1655907384124,MATH 142A,A02,083220,Chow; Bennett,8,0,32,24
1655907384124,MATH 142A,A03,093480,Staff,4,0,32,28
1655907384124,MATH 142A,B03,093481,Staff,3,0,32,29
1655907384124,MATH 142A,B04,093558,Staff,6,0,32,26
1655907384124,MATH 142A,B05,093559,Staff,1,0,32,31
1655907390148,MATH 193A,A01,083224,Rotar; Vladimir,1,1,34,33
1655907390148,MATH 193A,A02,083225,Rotar; Vladimir,0,0,34,34
1655907390148,MATH 193A,A03,083781,Rotar; Vladimir,2,0,34,32
1655907390148,MATH 193A,A04,083782,Rotar; Vladimir,2,0,34,32
1655907390148,MATH 193A,A05,093482,Rotar; Vladimir,2,0,34,32
1655907396177,MATH 197,001,091859,McAuley; Julian John,9999,0,9999,0
1655907396177,MATH 197,002,095566,Kedlaya; Kiran S.,9997,0,9999,2
1655907396177,MATH 197,003,095567,Xiao; Ming,9999,0,9999,0
1655907396177,MATH 197,004,095571,Perols; Johan Lars,9998,0,9999,1
1655907403242,COGS 9,A01,083615,Shannon; Kyle Michael,1,1,75,74
1655907409265,COGS 11,A01,083617,Boyle; Mary E. T.,9,1,48,39
1655907415294,COGS 13,A01,083071,Bastos; Amalia Pinkusfeld,3,1,71,68
1655907421319,COGS 14A,A01,092681,Staff,2,26,100,98
1655907427342,COGS 14B,A01,083073,Cheng; Tzu-Han,7,0,63,56
1655907433368,COGS 17,A01,092677,Staff,8,6,81,73
1655907439401,COGS 100,A01,083619,Allen; Michael Gordon,2,2,70,68
1655907445424,COGS 101A,A01,083621,Davis; Joshua Daniel,4,3,68,64
1655907451448,COGS 101B,A01,091572,Allen; Michael Gordon,1,0,65,64
1655907457471,COGS 101C,A01,083625,Delgado; Tania,8,0,35,27
1655907463497,COGS 107A,A01,083627,Boyle; Mary E. T.,0,1,60,60
1655907469519,COGS 118A,A01,083075,Gupta; Anjum,16,16,76,60
1655907475542,CSE 3,A50,083646,Miranda; Gregory Joseph,13,0,50,37
1655907481572,CSE 8A,A50,083650,Miranda; Gregory Joseph,3,11,56,53
1655907487603,CSE 11,A01,083080,Cao; Yingjun,0,68,40,40
1655907493631,CSE 12,A01,083652,Krause-Levy; Sophia Louisa,6,8,120,114
1655907499662,CSE 15L,A01,083654,Morris; Justin Loren,3,1,50,47
1655907499662,CSE 15L,A02,083655,Morris; Justin Loren,0,0,50,50
1655907505688,CSE 20,A01,083657,Tran; Khoa Dang,29,0,80,51
1655907511713,CSE 21,A01,095574,Bach; Quang Tran,23,0,48,25
1655907517737,CSE 30,A01,083084,Eldon; John,2,11,80,78
1655907517737,CSE 30,B01,095061,Bhaskar; Nishant,0,4,50,50
1655907523772,CSE 100,A01,083659,Cao; Yingjun,2,25,70,68
1655907529800,CSE 134B,A01,083661,Powell; Thomas Allan,4,6,100,96
1655907535824,CSE 140,A01,083663,Gungor; Onat,4,0,85,81
1655907541851,CSE 140L,A01,083088,Eldon; John,4,0,100,96
1655907547884,CSE 175,A01,083665,Kumar; Rakesh,1,0,25,24
1655907553906,CSE 190,A00,092507,Dubnov; Shlomo,1,0,20,19
1655907559930,ECE 45,A01,083139,Congero; Spencer William,0,1,75,75
1655907565955,ECE 65,A50,083695,Saad; Andrew S,6,0,30,24
1655907565955,ECE 65,A51,095125,Staff,23,0,26,3
1655907571992,ECE 109,A01,091882,Touri; Behrouz,1,3,70,69
1655907578022,ECE 180,A00,083140,Abi Samra; Nicholas Camill,1,0,30,29
1655907578022,ECE 180,B00,083141,Abi Samra; Nicholas Camill,0,8,28,28
1655907584053,MATH 10A,A01,083735,Patchell; Gregory David,0,0,30,30
1655907584053,MATH 10A,A02,083736,Patchell; Gregory David,21,0,30,9
1655907584053,MATH 10A,A03,083737,Patchell; Gregory David,16,0,30,14
1655907590078,MATH 10B,A01,083207,Lim; Seonhee,1,1,34,33
1655907590078,MATH 10B,A02,083208,Lim; Seonhee,1,1,35,34
1655907590078,MATH 10B,A03,093472,Staff,1,0,34,33
1655907590078,MATH 10B,B01,083739,Sinha; Shubham,10,0,30,20
1655907596105,MATH 18,A01,083743,Cinel; Cameron Alexander,4,0,30,26
1655907596105,MATH 18,A02,083744,Cinel; Cameron Alexander,11,0,30,19
1655907596105,MATH 18,A03,083745,Cinel; Cameron Alexander,0,0,30,30
1655907596105,MATH 18,B01,083748,Ma; Zilu,1,0,36,35
1655907596105,MATH 18,B02,083749,Ma; Zilu,0,0,36,36
1655907596105,MATH 18,B03,083750,Ma; Zilu,0,0,36,36
1655907596105,MATH 18,B04,083751,Ma; Zilu,0,0,36,36
1655907596105,MATH 18,B05,093473,Staff,0,0,36,36
1655907596105,MATH 18,B06,093474,Staff,0,0,36,36
1655907602128,MATH 20A,A01,083754,Zheng; Zequn,10,0,40,30
1655907608156,MATH 20B,A01,083756,Briones; Jor-el Thomas Caparas,0,1,36,36
1655907608156,MATH 20B,A02,083757,Briones; Jor-el Thomas Caparas,1,0,36,35
1655907608156,MATH 20B,A03,093475,Staff,1,0,36,35
1655907614181,MATH 20C,A01,083760,Briones; Jor-el Thomas Caparas,0,2,35,35
1655907614181,MATH 20C,A02,083761,Briones; Jor-el Thomas Caparas,6,1,35,29
1655907614181,MATH 20C,A03,093476,Staff,1,1,35,34
1655907614181,MATH 20C,B01,083762,Bach; Quang Tran,3,0,30,27
1655907620209,MATH 20D,A01,083765,Tran; Brian Kha,0,0,30,30
1655907620209,MATH 20D,A02,083766,Tran; Brian Kha,0,1,30,30
1655907620209,MATH 20D,A03,083767,Tran; Brian Kha,0,0,30,30
1655907626234,MATH 20E,A01,083771,Ganguly; Soumya,0,0,32,32
1655907626234,MATH 20E,A02,083772,Ganguly; Soumya,1,1,32,31
1655907626234,MATH 20E,B01,083773,Ciotti; Benjamin,14,0,35,21
1655907626234,MATH 20E,B02,083774,Ciotti; Benjamin,12,0,35,23
1655907632264,MATH 103A,A01,083777,Greenfeld; Be'Eri,2,1,36,34
1655907632264,MATH 103A,A02,083778,Greenfeld; Be'Eri,1,0,36,35
1655907632264,MATH 103A,A03,093561,Staff,0,1,36,36
1655907632264,MATH 103A,B01,083779,Greenfeld; Be'Eri,7,1,36,29
1655907632264,MATH 103A,B02,083780,Greenfeld; Be'Eri,1,0,36,35
1655907632264,MATH 103A,B03,093562,Staff,0,0,36,36
1655907638289,MATH 105,A01,085443,Carter; Anne Toulson,3,1,35,32
1655907638289,MATH 105,A02,093477,Staff,6,0,35,29
1655907644313,MATH 109,A01,083213,Ganzberger; Geoffrey Michael,0,1,34,34
1655907644313,MATH 109,A02,083214,Ganzberger; Geoffrey Michael,0,0,34,34
1655907644313,MATH 109,A03,093478,Staff,1,0,34,33
1655907644313,MATH 109,B01,083215,Ganzberger; Geoffrey Michael,2,0,32,30
1655907644313,MATH 109,B02,083216,Ganzberger; Geoffrey Michael,0,0,32,32
1655907644313,MATH 109,B03,093479,Staff,4,0,32,28
1655907650342,MATH 142A,A01,083219,Chow; Bennett,0,0,32,32
1655907650342,MATH 142A,A02,083220,Chow; Bennett,8,0,32,24
1655907650342,MATH 142A,A03,093480,Staff,4,0,32,28
1655907650342,MATH 142A,B03,093481,Staff,3,0,32,29
1655907650342,MATH 142A,B04,093558,Staff,6,0,32,26
1655907650342,MATH 142A,B05,093559,Staff,1,0,32,31
1655907656367,MATH 193A,A01,083224,Rotar; Vladimir,1,1,34,33
1655907656367,MATH 193A,A02,083225,Rotar; Vladimir,0,0,34,34
1655907656367,MATH 193A,A03,083781,Rotar; Vladimir,2,0,34,32
1655907656367,MATH 193A,A04,083782,Rotar; Vladimir,2,0,34,32
1655907656367,MATH 193A,A05,093482,Rotar; Vladimir,2,0,34,32
1655907662392,MATH 197,001,091859,McAuley; Julian John,9999,0,9999,0
1655907662392,MATH 197,002,095566,Kedlaya; Kiran S.,9997,0,9999,2
1655907662392,MATH 197,003,095567,Xiao; Ming,9999,0,9999,0
1655907662392,MATH 197,004,095571,Perols; Johan Lars,9998,0,9999,1
1655907669446,COGS 9,A01,083615,Shannon; Kyle Michael,1,1,75,74
1655907675469,COGS 11,A01,083617,Boyle; Mary E. T.,9,1,48,39
1655907681493,COGS 13,A01,083071,Bastos; Amalia Pinkusfeld,3,1,71,68
1655907687607,COGS 14A,A01,092681,Staff,2,26,100,98
1655907693643,COGS 14B,A01,083073,Cheng; Tzu-Han,7,0,63,56
1655907699667,COGS 17,A01,092677,Staff,8,6,81,73
1655907705690,COGS 100,A01,083619,Allen; Michael Gordon,2,2,70,68
1655907711712,COGS 101A,A01,083621,Davis; Joshua Daniel,4,3,68,64
1655907717744,COGS 101B,A01,091572,Allen; Michael Gordon,1,0,65,64
1655907723773,COGS 101C,A01,083625,Delgado; Tania,8,0,35,27
1655907729796,COGS 107A,A01,083627,Boyle; Mary E. T.,0,1,60,60
1655907735820,COGS 118A,A01,083075,Gupta; Anjum,16,16,76,60
1655907741845,CSE 3,A50,083646,Miranda; Gregory Joseph,13,0,50,37
1655907747870,CSE 8A,A50,083650,Miranda; Gregory Joseph,3,11,56,53
1655907753898,CSE 11,A01,083080,Cao; Yingjun,0,68,40,40
1655907759925,CSE 12,A01,083652,Krause-Levy; Sophia Louisa,6,8,120,114
1655907765951,CSE 15L,A01,083654,Morris; Justin Loren,3,1,50,47
1655907765951,CSE 15L,A02,083655,Morris; Justin Loren,0,0,50,50
1655907771976,CSE 20,A01,083657,Tran; Khoa Dang,29,0,80,51
1655907778001,CSE 21,A01,095574,Bach; Quang Tran,23,0,48,25
1655907784030,CSE 30,A01,083084,Eldon; John,2,11,80,78
1655907784030,CSE 30,B01,095061,Bhaskar; Nishant,0,4,50,50
1655907790053,CSE 100,A01,083659,Cao; Yingjun,2,25,70,68
1655907796076,CSE 134B,A01,083661,Powell; Thomas Allan,4,6,100,96
1655907802101,CSE 140,A01,083663,Gungor; Onat,4,0,85,81
1655907808138,CSE 140L,A01,083088,Eldon; John,4,0,100,96
1655907814166,CSE 175,A01,083665,Kumar; Rakesh,1,0,25,24
1655907820188,CSE 190,A00,092507,Dubnov; Shlomo,1,0,20,19
1655907826212,ECE 45,A01,083139,Congero; Spencer William,0,1,75,75
1655907832238,ECE 65,A50,083695,Saad; Andrew S,6,0,30,24
1655907832238,ECE 65,A51,095125,Staff,23,0,26,3
1655907838266,ECE 109,A01,091882,Touri; Behrouz,1,3,70,69
1655907844291,ECE 180,A00,083140,Abi Samra; Nicholas Camill,1,0,30,29
1655907844291,ECE 180,B00,083141,Abi Samra; Nicholas Camill,0,8,28,28
1655907850313,MATH 10A,A01,083735,Patchell; Gregory David,0,0,30,30
1655907850313,MATH 10A,A02,083736,Patchell; Gregory David,21,0,30,9
1655907850313,MATH 10A,A03,083737,Patchell; Gregory David,16,0,30,14
1655907856338,MATH 10B,A01,083207,Lim; Seonhee,1,1,34,33
1655907856338,MATH 10B,A02,083208,Lim; Seonhee,1,1,35,34
1655907856338,MATH 10B,A03,093472,Staff,1,0,34,33
1655907856338,MATH 10B,B01,083739,Sinha; Shubham,10,0,30,20
1655907862363,MATH 18,A01,083743,Cinel; Cameron Alexander,4,0,30,26
1655907862363,MATH 18,A02,083744,Cinel; Cameron Alexander,11,0,30,19
1655907862363,MATH 18,A03,083745,Cinel; Cameron Alexander,0,0,30,30
1655907862363,MATH 18,B01,083748,Ma; Zilu,1,0,36,35
1655907862363,MATH 18,B02,083749,Ma; Zilu,0,0,36,36
1655907862363,MATH 18,B03,083750,Ma; Zilu,0,0,36,36
1655907862363,MATH 18,B04,083751,Ma; Zilu,0,0,36,36
1655907862363,MATH 18,B05,093473,Staff,0,0,36,36
1655907862363,MATH 18,B06,093474,Staff,0,0,36,36
1655907868387,MATH 20A,A01,083754,Zheng; Zequn,10,0,40,30
1655907874411,MATH 20B,A01,083756,Briones; Jor-el Thomas Caparas,0,1,36,36
1655907874411,MATH 20B,A02,083757,Briones; Jor-el Thomas Caparas,1,0,36,35
1655907874411,MATH 20B,A03,093475,Staff,1,0,36,35
1655907880440,MATH 20C,A01,083760,Briones; Jor-el Thomas Caparas,0,2,35,35
1655907880440,MATH 20C,A02,083761,Briones; Jor-el Thomas Caparas,6,1,35,29
1655907880440,MATH 20C,A03,093476,Staff,1,1,35,34
1655907880440,MATH 20C,B01,083762,Bach; Quang Tran,3,0,30,27
1655907886462,MATH 20D,A01,083765,Tran; Brian Kha,0,0,30,30
1655907886462,MATH 20D,A02,083766,Tran; Brian Kha,0,1,30,30
1655907886462,MATH 20D,A03,083767,Tran; Brian Kha,0,0,30,30
1655907892489,MATH 20E,A01,083771,Ganguly; Soumya,0,0,32,32
1655907892489,MATH 20E,A02,083772,Ganguly; Soumya,1,1,32,31
1655907892489,MATH 20E,B01,083773,Ciotti; Benjamin,14,0,35,21
1655907892489,MATH 20E,B02,083774,Ciotti; Benjamin,12,0,35,23
1655907898512,MATH 103A,A01,083777,Greenfeld; Be'Eri,2,1,36,34
1655907898512,MATH 103A,A02,083778,Greenfeld; Be'Eri,1,0,36,35
1655907898512,MATH 103A,A03,093561,Staff,0,1,36,36
1655907898512,MATH 103A,B01,083779,Greenfeld; Be'Eri,7,1,36,29
1655907898512,MATH 103A,B02,083780,Greenfeld; Be'Eri,1,0,36,35
1655907898512,MATH 103A,B03,093562,Staff,0,0,36,36
1655907904537,MATH 105,A01,085443,Carter; Anne Toulson,3,1,35,32
1655907904537,MATH 105,A02,093477,Staff,6,0,35,29
1655907910569,MATH 109,A01,083213,Ganzberger; Geoffrey Michael,0,1,34,34
1655907910569,MATH 109,A02,083214,Ganzberger; Geoffrey Michael,0,0,34,34
1655907910569,MATH 109,A03,093478,Staff,1,0,34,33
1655907910569,MATH 109,B01,083215,Ganzberger; Geoffrey Michael,2,0,32,30
1655907910569,MATH 109,B02,083216,Ganzberger; Geoffrey Michael,0,0,32,32
1655907910569,MATH 109,B03,093479,Staff,4,0,32,28
1655907916598,MATH 142A,A01,083219,Chow; Bennett,0,0,32,32
1655907916598,MATH 142A,A02,083220,Chow; Bennett,8,0,32,24
1655907916598,MATH 142A,A03,093480,Staff,4,0,32,28
1655907916598,MATH 142A,B03,093481,Staff,3,0,32,29
1655907916598,MATH 142A,B04,093558,Staff,6,0,32,26
1655907916598,MATH 142A,B05,093559,Staff,1,0,32,31
1655907922622,MATH 193A,A01,083224,Rotar; Vladimir,1,1,34,33
1655907922622,MATH 193A,A02,083225,Rotar; Vladimir,0,0,34,34
1655907922622,MATH 193A,A03,083781,Rotar; Vladimir,2,0,34,32
1655907922622,MATH 193A,A04,083782,Rotar; Vladimir,2,0,34,32
1655907922622,MATH 193A,A05,093482,Rotar; Vladimir,2,0,34,32
1655907928646,MATH 197,001,091859,McAuley; Julian John,9999,0,9999,0
1655907928646,MATH 197,002,095566,Kedlaya; Kiran S.,9997,0,9999,2
1655907928646,MATH 197,003,095567,Xiao; Ming,9999,0,9999,0
1655907928646,MATH 197,004,095571,Perols; Johan Lars,9998,0,9999,1
1655907935702,COGS 9,A01,083615,Shannon; Kyle Michael,1,1,75,74
1655907941728,COGS 11,A01,083617,Boyle; Mary E. T.,9,1,48,39
1655907947753,COGS 13,A01,083071,Bastos; Amalia Pinkusfeld,3,1,71,68
1655907953779,COGS 14A,A01,092681,Staff,2,26,100,98
1655907959807,COGS 14B,A01,083073,Cheng; Tzu-Han,7,0,63,56
1655907965830,COGS 17,A01,092677,Staff,8,6,81,73
1655907971858,COGS 100,A01,083619,Allen; Michael Gordon,2,2,70,68
1655907977882,COGS 101A,A01,083621,Davis; Joshua Daniel,4,3,68,64
1655907983909,COGS 101B,A01,091572,Allen; Michael Gordon,1,0,65,64
1655907989933,COGS 101C,A01,083625,Delgado; Tania,8,0,35,27
1655907995960,COGS 107A,A01,083627,Boyle; Mary E. T.,0,1,60,60
1655908001984,COGS 118A,A01,083075,Gupta; Anjum,16,16,76,60
1655908008015,CSE 3,A50,083646,Miranda; Gregory Joseph,13,0,50,37
1655908014043,CSE 8A,A50,083650,Miranda; Gregory Joseph,3,11,56,53
1655908020072,CSE 11,A01,083080,Cao; Yingjun,0,68,40,40
1655908026095,CSE 12,A01,083652,Krause-Levy; Sophia Louisa,6,8,120,114
1655908032120,CSE 15L,A01,083654,Morris; Justin Loren,3,1,50,47
1655908032120,CSE 15L,A02,083655,Morris; Justin Loren,0,0,50,50
1655908038145,CSE 20,A01,083657,Tran; Khoa Dang,29,0,80,51
1655908044172,CSE 21,A01,095574,Bach; Quang Tran,23,0,48,25
1655908050200,CSE 30,A01,083084,Eldon; John,2,11,80,78
1655908050200,CSE 30,B01,095061,Bhaskar; Nishant,0,4,50,50
1655908056224,CSE 100,A01,083659,Cao; Yingjun,2,25,70,68
1655908062248,CSE 134B,A01,083661,Powell; Thomas Allan,4,6,100,96
1655908068271,CSE 140,A01,083663,Gungor; Onat,4,0,85,81
1655908074299,CSE 140L,A01,083088,Eldon; John,4,0,100,96
1655908080327,CSE 175,A01,083665,Kumar; Rakesh,1,0,25,24
1655908086357,CSE 190,A00,092507,Dubnov; Shlomo,1,0,20,19
1655908092381,ECE 45,A01,083139,Congero; Spencer William,0,1,75,75
1655908098408,ECE 65,A50,083695,Saad; Andrew S,6,0,30,24
1655908098408,ECE 65,A51,095125,Staff,23,0,26,3
1655908104431,ECE 109,A01,091882,Touri; Behrouz,1,3,70,69
1655908110454,ECE 180,A00,083140,Abi Samra; Nicholas Camill,1,0,30,29
1655908110454,ECE 180,B00,083141,Abi Samra; Nicholas Camill,0,8,28,28
1655908116479,MATH 10A,A01,083735,Patchell; Gregory David,0,0,30,30
1655908116479,MATH 10A,A02,083736,Patchell; Gregory David,21,0,30,9
1655908116479,MATH 10A,A03,083737,Patchell; Gregory David,16,0,30,14
1655908122509,MATH 10B,A01,083207,Lim; Seonhee,1,1,34,33
1655908122509,MATH 10B,A02,083208,Lim; Seonhee,1,1,35,34
1655908122509,MATH 10B,A03,093472,Staff,1,0,34,33
1655908122509,MATH 10B,B01,083739,Sinha; Shubham,10,0,30,20
1655908128535,MATH 18,A01,083743,Cinel; Cameron Alexander,4,0,30,26
1655908128535,MATH 18,A02,083744,Cinel; Cameron Alexander,11,0,30,19
1655908128535,MATH 18,A03,083745,Cinel; Cameron Alexander,0,0,30,30
1655908128535,MATH 18,B01,083748,Ma; Zilu,1,0,36,35
1655908128535,MATH 18,B02,083749,Ma; Zilu,0,0,36,36
1655908128535,MATH 18,B03,083750,Ma; Zilu,0,0,36,36
1655908128535,MATH 18,B04,083751,Ma; Zilu,0,0,36,36
1655908128535,MATH 18,B05,093473,Staff,0,0,36,36
1655908128535,MATH 18,B06,093474,Staff,0,0,36,36
1655908134568,MATH 20A,A01,083754,Zheng; Zequn,10,0,40,30
1655908140595,MATH 20B,A01,083756,Briones; Jor-el Thomas Caparas,0,1,36,36
1655908140595,MATH 20B,A02,083757,Briones; Jor-el Thomas Caparas,1,0,36,35
1655908140595,MATH 20B,A03,093475,Staff,1,0,36,35
1655908146633,MATH 20C,A01,083760,Briones; Jor-el Thomas Caparas,0,2,35,35
1655908146633,MATH 20C,A02,083761,Briones; Jor-el Thomas Caparas,6,1,35,29
1655908146633,MATH 20C,A03,093476,Staff,1,1,35,34
1655908146633,MATH 20C,B01,083762,Bach; Quang Tran,3,0,30,27
1655908152656,MATH 20D,A01,083765,Tran; Brian Kha,0,0,30,30
1655908152656,MATH 20D,A02,083766,Tran; Brian Kha,0,1,30,30
1655908152656,MATH 20D,A03,083767,Tran; Brian Kha,0,0,30,30
1655908158684,MATH 20E,A01,083771,Ganguly; Soumya,0,0,32,32
1655908158684,MATH 20E,A02,083772,Ganguly; Soumya,1,1,32,31
1655908158684,MATH 20E,B01,083773,Ciotti; Benjamin,14,0,35,21
1655908158684,MATH 20E,B02,083774,Ciotti; Benjamin,12,0,35,23
1655908164712,MATH 103A,A01,083777,Greenfeld; Be'Eri,2,1,36,34
1655908164712,MATH 103A,A02,083778,Greenfeld; Be'Eri,1,0,36,35
1655908164712,MATH 103A,A03,093561,Staff,0,1,36,36
1655908164712,MATH 103A,B01,083779,Greenfeld; Be'Eri,7,1,36,29
1655908164712,MATH 103A,B02,083780,Greenfeld; Be'Eri,1,0,36,35
1655908164712,MATH 103A,B03,093562,Staff,0,0,36,36
1655908170739,MATH 105,A01,085443,Carter; Anne Toulson,3,1,35,32
1655908170739,MATH 105,A02,093477,Staff,6,0,35,29
1655908176788,MATH 109,A01,083213,Ganzberger; Geoffrey Michael,0,1,34,34
1655908176788,MATH 109,A02,083214,Ganzberger; Geoffrey Michael,0,0,34,34
1655908176788,MATH 109,A03,093478,Staff,1,0,34,33
1655908176788,MATH 109,B01,083215,Ganzberger; Geoffrey Michael,2,0,32,30
1655908176788,MATH 109,B02,083216,Ganzberger; Geoffrey Michael,0,0,32,32
1655908176788,MATH 109,B03,093479,Staff,4,0,32,28
1655908182817,MATH 142A,A01,083219,Chow; Bennett,0,0,32,32
1655908182817,MATH 142A,A02,083220,Chow; Bennett,8,0,32,24
1655908182817,MATH 142A,A03,093480,Staff,4,0,32,28
1655908182817,MATH 142A,B03,093481,Staff,3,0,32,29
1655908182817,MATH 142A,B04,093558,Staff,6,0,32,26
1655908182817,MATH 142A,B05,093559,Staff,1,0,32,31
1655908188842,MATH 193A,A01,083224,Rotar; Vladimir,1,1,34,33
1655908188842,MATH 193A,A02,083225,Rotar; Vladimir,0,0,34,34
1655908188842,MATH 193A,A03,083781,Rotar; Vladimir,2,0,34,32
1655908188842,MATH 193A,A04,083782,Rotar; Vladimir,2,0,34,32
1655908188842,MATH 193A,A05,093482,Rotar; Vladimir,2,0,34,32
1655908194867,MATH 197,001,091859,McAuley; Julian John,9999,0,9999,0
1655908194867,MATH 197,002,095566,Kedlaya; Kiran S.,9997,0,9999,2
1655908194867,MATH 197,003,095567,Xiao; Ming,9999,0,9999,0
1655908194867,MATH 197,004,095571,Perols; Johan Lars,9998,0,9999,1
1655908201934,COGS 9,A01,083615,Shannon; Kyle Michael,1,1,75,74
1655908207958,COGS 11,A01,083617,Boyle; Mary E. T.,9,1,48,39
1655908213980,COGS 13,A01,083071,Bastos; Amalia Pinkusfeld,3,1,71,68
1655908220004,COGS 14A,A01,092681,Staff,2,26,100,98
1655908226027,COGS 14B,A01,083073,Cheng; Tzu-Han,7,0,63,56
1655908232054,COGS 17,A01,092677,Staff,8,6,81,73
1655908238084,COGS 100,A01,083619,Allen; Michael Gordon,2,2,70,68
1655908244113,COGS 101A,A01,083621,Davis; Joshua Daniel,4,3,68,64
1655908250141,COGS 101B,A01,091572,Allen; Michael Gordon,1,0,65,64
1655908256170,COGS 101C,A01,083625,Delgado; Tania,8,0,35,27
1655908262207,COGS 107A,A01,083627,Boyle; Mary E. T.,0,1,60,60
1655908268233,COGS 118A,A01,083075,Gupta; Anjum,16,16,76,60
1655908274264,CSE 3,A50,083646,Miranda; Gregory Joseph,13,0,50,37
1655908280294,CSE 8A,A50,083650,Miranda; Gregory Joseph,3,11,56,53
1655908286439,CSE 11,A01,083080,Cao; Yingjun,0,68,40,40
1655908292463,CSE 12,A01,083652,Krause-Levy; Sophia Louisa,6,8,120,114
1655908298493,CSE 15L,A01,083654,Morris; Justin Loren,3,1,50,47
1655908298493,CSE 15L,A02,083655,Morris; Justin Loren,0,0,50,50
1655908304518,CSE 20,A01,083657,Tran; Khoa Dang,29,0,80,51
1655908310545,CSE 21,A01,095574,Bach; Quang Tran,23,0,48,25
1655908316570,CSE 30,A01,083084,Eldon; John,2,11,80,78
1655908316570,CSE 30,B01,095061,Bhaskar; Nishant,0,4,50,50
1655908322605,CSE 100,A01,083659,Cao; Yingjun,2,25,70,68
1655908328637,CSE 134B,A01,083661,Powell; Thomas Allan,4,6,100,96
1655908334661,CSE 140,A01,083663,Gungor; Onat,4,0,85,81
1655908340687,CSE 140L,A01,083088,Eldon; John,4,0,100,96
1655908346714,CSE 175,A01,083665,Kumar; Rakesh,1,0,25,24
1655908352738,CSE 190,A00,092507,Dubnov; Shlomo,1,0,20,19
1655908358762,ECE 45,A01,083139,Congero; Spencer William,0,1,75,75
1655908364790,ECE 65,A50,083695,Saad; Andrew S,6,0,30,24
1655908364790,ECE 65,A51,095125,Staff,23,0,26,3
1655908370814,ECE 109,A01,091882,Touri; Behrouz,1,3,70,69
1655908376838,ECE 180,A00,083140,Abi Samra; Nicholas Camill,1,0,30,29
1655908376838,ECE 180,B00,083141,Abi Samra; Nicholas Camill,0,8,28,28
1655908382863,MATH 10A,A01,083735,Patchell; Gregory David,0,0,30,30
1655908382863,MATH 10A,A02,083736,Patchell; Gregory David,21,0,30,9
1655908382863,MATH 10A,A03,083737,Patchell; Gregory David,16,0,30,14
1655908388887,MATH 10B,A01,083207,Lim; Seonhee,1,1,34,33
1655908388887,MATH 10B,A02,083208,Lim; Seonhee,1,1,35,34
1655908388887,MATH 10B,A03,093472,Staff,1,0,34,33
1655908388887,MATH 10B,B01,083739,Sinha; Shubham,10,0,30,20
1655908394912,MATH 18,A01,083743,Cinel; Cameron Alexander,4,0,30,26
1655908394912,MATH 18,A02,083744,Cinel; Cameron Alexander,11,0,30,19
1655908394912,MATH 18,A03,083745,Cinel; Cameron Alexander,0,0,30,30
1655908394912,MATH 18,B01,083748,Ma; Zilu,1,0,36,35
1655908394912,MATH 18,B02,083749,Ma; Zilu,0,0,36,36
1655908394912,MATH 18,B03,083750,Ma; Zilu,0,0,36,36
1655908394912,MATH 18,B04,083751,Ma; Zilu,0,0,36,36
1655908394912,MATH 18,B05,093473,Staff,0,0,36,36
1655908394912,MATH 18,B06,093474,Staff,0,0,36,36
1655908400939,MATH 20A,A01,083754,Zheng; Zequn,10,0,40,30
1655908406970,MATH 20B,A01,083756,Briones; Jor-el Thomas Caparas,0,1,36,36
1655908406970,MATH 20B,A02,083757,Briones; Jor-el Thomas Caparas,1,0,36,35
1655908406970,MATH 20B,A03,093475,Staff,1,0,36,35
1655908412994,MATH 20C,A01,083760,Briones; Jor-el Thomas Caparas,0,2,35,35
1655908412994,MATH 20C,A02,083761,Briones; Jor-el Thomas Caparas,6,1,35,29
1655908412994,MATH 20C,A03,093476,Staff,1,1,35,34
1655908412994,MATH 20C,B01,083762,Bach; Quang Tran,3,0,30,27
1655908419021,MATH 20D,A01,083765,Tran; Brian Kha,0,0,30,30
1655908419021,MATH 20D,A02,083766,Tran; Brian Kha,0,1,30,30
1655908419021,MATH 20D,A03,083767,Tran; Brian Kha,0,0,30,30
1655908425049,MATH 20E,A01,083771,Ganguly; Soumya,0,0,32,32
1655908425049,MATH 20E,A02,083772,Ganguly; Soumya,1,1,32,31
1655908425049,MATH 20E,B01,083773,Ciotti; Benjamin,14,0,35,21
1655908425049,MATH 20E,B02,083774,Ciotti; Benjamin,12,0,35,23
1655908431075,MATH 103A,A01,083777,Greenfeld; Be'Eri,2,1,36,34
1655908431075,MATH 103A,A02,083778,Greenfeld; Be'Eri,1,0,36,35
1655908431075,MATH 103A,A03,093561,Staff,0,1,36,36
1655908431075,MATH 103A,B01,083779,Greenfeld; Be'Eri,7,1,36,29
1655908431075,MATH 103A,B02,083780,Greenfeld; Be'Eri,1,0,36,35
1655908431075,MATH 103A,B03,093562,Staff,0,0,36,36
1655908437113,MATH 105,A01,085443,Carter; Anne Toulson,3,1,35,32
1655908437113,MATH 105,A02,093477,Staff,6,0,35,29
1655908443141,MATH 109,A01,083213,Ganzberger; Geoffrey Michael,0,1,34,34
1655908443141,MATH 109,A02,083214,Ganzberger; Geoffrey Michael,0,0,34,34
1655908443141,MATH 109,A03,093478,Staff,1,0,34,33
1655908443141,MATH 109,B01,083215,Ganzberger; Geoffrey Michael,2,0,32,30
1655908443141,MATH 109,B02,083216,Ganzberger; Geoffrey Michael,0,0,32,32
1655908443141,MATH 109,B03,093479,Staff,4,0,32,28
1655908449166,MATH 142A,A01,083219,Chow; Bennett,0,0,32,32
1655908449166,MATH 142A,A02,083220,Chow; Bennett,8,0,32,24
1655908449166,MATH 142A,A03,093480,Staff,4,0,32,28
1655908449166,MATH 142A,B03,093481,Staff,3,0,32,29
1655908449166,MATH 142A,B04,093558,Staff,6,0,32,26
1655908449166,MATH 142A,B05,093559,Staff,1,0,32,31
1655908455195,MATH 193A,A01,083224,Rotar; Vladimir,1,1,34,33
1655908455195,MATH 193A,A02,083225,Rotar; Vladimir,0,0,34,34
1655908455195,MATH 193A,A03,083781,Rotar; Vladimir,2,0,34,32
1655908455195,MATH 193A,A04,083782,Rotar; Vladimir,2,0,34,32
1655908455195,MATH 193A,A05,093482,Rotar; Vladimir,2,0,34,32
1655908461222,MATH 197,001,091859,McAuley; Julian John,9999,0,9999,0
1655908461222,MATH 197,002,095566,Kedlaya; Kiran S.,9997,0,9999,2
1655908461222,MATH 197,003,095567,Xiao; Ming,9999,0,9999,0
1655908461222,MATH 197,004,095571,Perols; Johan Lars,9998,0,9999,1
1655908468283,COGS 9,A01,083615,Shannon; Kyle Michael,1,1,75,74
1655908474307,COGS 11,A01,083617,Boyle; Mary E. T.,9,1,48,39
1655908480332,COGS 13,A01,083071,Bastos; Amalia Pinkusfeld,3,1,71,68
1655908486355,COGS 14A,A01,092681,Staff,2,26,100,98
1655908492377,COGS 14B,A01,083073,Cheng; Tzu-Han,7,0,63,56
1655908498401,COGS 17,A01,092677,Staff,8,6,81,73
1655908504425,COGS 100,A01,083619,Allen; Michael Gordon,2,2,70,68
1655908510453,COGS 101A,A01,083621,Davis; Joshua Daniel,4,3,68,64
1655908516475,COGS 101B,A01,091572,Allen; Michael Gordon,1,0,65,64
1655908522505,COGS 101C,A01,083625,Delgado; Tania,8,0,35,27
1655908528533,COGS 107A,A01,083627,Boyle; Mary E. T.,0,1,60,60
1655908534557,COGS 118A,A01,083075,Gupta; Anjum,16,16,76,60
1655908540582,CSE 3,A50,083646,Miranda; Gregory Joseph,13,0,50,37
1655908546605,CSE 8A,A50,083650,Miranda; Gregory Joseph,3,11,56,53
1655908552632,CSE 11,A01,083080,Cao; Yingjun,0,68,40,40
1655908558659,CSE 12,A01,083652,Krause-Levy; Sophia Louisa,6,8,120,114
1655908564684,CSE 15L,A01,083654,Morris; Justin Loren,3,1,50,47
1655908564684,CSE 15L,A02,083655,Morris; Justin Loren,0,0,50,50
1655908570708,CSE 20,A01,083657,Tran; Khoa Dang,29,0,80,51
1655908576736,CSE 21,A01,095574,Bach; Quang Tran,23,0,48,25
1655908582760,CSE 30,A01,083084,Eldon; John,2,11,80,78
1655908582760,CSE 30,B01,095061,Bhaskar; Nishant,0,4,50,50
1655908588783,CSE 100,A01,083659,Cao; Yingjun,2,25,70,68
1655908594807,CSE 134B,A01,083661,Powell; Thomas Allan,4,6,100,96
1655908600834,CSE 140,A01,083663,Gungor; Onat,4,0,85,81
1655908606859,CSE 140L,A01,083088,Eldon; John,4,0,100,96
1655908612892,CSE 175,A01,083665,Kumar; Rakesh,1,0,25,24
1655908618929,CSE 190,A00,092507,Dubnov; Shlomo,1,0,20,19
1655908624956,ECE 45,A01,083139,Congero; Spencer William,0,1,75,75
1655908630984,ECE 65,A50,083695,Saad; Andrew S,6,0,30,24
1655908630984,ECE 65,A51,095125,Staff,23,0,26,3
1655908637016,ECE 109,A01,091882,Touri; Behrouz,1,3,70,69
1655908643040,ECE 180,A00,083140,Abi Samra; Nicholas Camill,1,0,30,29
1655908643040,ECE 180,B00,083141,Abi Samra; Nicholas Camill,0,8,28,28
1655908649066,MATH 10A,A01,083735,Patchell; Gregory David,0,0,30,30
1655908649066,MATH 10A,A02,083736,Patchell; Gregory David,21,0,30,9
1655908649066,MATH 10A,A03,083737,Patchell; Gregory David,16,0,30,14
1655908655089,MATH 10B,A01,083207,Lim; Seonhee,1,1,34,33
1655908655089,MATH 10B,A02,083208,Lim; Seonhee,1,1,35,34
1655908655089,MATH 10B,A03,093472,Staff,1,0,34,33
1655908655089,MATH 10B,B01,083739,Sinha; Shubham,10,0,30,20
1655908661112,MATH 18,A01,083743,Cinel; Cameron Alexander,4,0,30,26
1655908661112,MATH 18,A02,083744,Cinel; Cameron Alexander,11,0,30,19
1655908661112,MATH 18,A03,083745,Cinel; Cameron Alexander,0,0,30,30
1655908661112,MATH 18,B01,083748,Ma; Zilu,1,0,36,35
1655908661112,MATH 18,B02,083749,Ma; Zilu,0,0,36,36
1655908661112,MATH 18,B03,083750,Ma; Zilu,0,0,36,36
1655908661112,MATH 18,B04,083751,Ma; Zilu,0,0,36,36
1655908661112,MATH 18,B05,093473,Staff,0,0,36,36
1655908661112,MATH 18,B06,093474,Staff,0,0,36,36
1655908667140,MATH 20A,A01,083754,Zheng; Zequn,10,0,40,30
1655908673163,MATH 20B,A01,083756,Briones; Jor-el Thomas Caparas,0,1,36,36
1655908673163,MATH 20B,A02,083757,Briones; Jor-el Thomas Caparas,1,0,36,35
1655908673163,MATH 20B,A03,093475,Staff,1,0,36,35
1655908679191,MATH 20C,A01,083760,Briones; Jor-el Thomas Caparas,0,2,35,35
1655908679191,MATH 20C,A02,083761,Briones; Jor-el Thomas Caparas,6,1,35,29
1655908679191,MATH 20C,A03,093476,Staff,1,1,35,34
1655908679191,MATH 20C,B01,083762,Bach; Quang Tran,3,0,30,27
1655908685219,MATH 20D,A01,083765,Tran; Brian Kha,0,0,30,30
1655908685219,MATH 20D,A02,083766,Tran; Brian Kha,0,1,30,30
1655908685219,MATH 20D,A03,083767,Tran; Brian Kha,0,0,30,30
1655908691247,MATH 20E,A01,083771,Ganguly; Soumya,0,0,32,32
1655908691247,MATH 20E,A02,083772,Ganguly; Soumya,1,1,32,31
1655908691247,MATH 20E,B01,083773,Ciotti; Benjamin,14,0,35,21
1655908691247,MATH 20E,B02,083774,Ciotti; Benjamin,12,0,35,23
1655908697290,MATH 103A,A01,083777,Greenfeld; Be'Eri,2,1,36,34
1655908697290,MATH 103A,A02,083778,Greenfeld; Be'Eri,1,0,36,35
1655908697290,MATH 103A,A03,093561,Staff,0,1,36,36
1655908697290,MATH 103A,B01,083779,Greenfeld; Be'Eri,7,1,36,29
1655908697290,MATH 103A,B02,083780,Greenfeld; Be'Eri,1,0,36,35
1655908697290,MATH 103A,B03,093562,Staff,0,0,36,36
1655908703315,MATH 105,A01,085443,Carter; Anne Toulson,3,1,35,32
1655908703315,MATH 105,A02,093477,Staff,6,0,35,29
1655908709353,MATH 109,A01,083213,Ganzberger; Geoffrey Michael,0,1,34,34
1655908709353,MATH 109,A02,083214,Ganzberger; Geoffrey Michael,0,0,34,34
1655908709353,MATH 109,A03,093478,Staff,1,0,34,33
1655908709353,MATH 109,B01,083215,Ganzberger; Geoffrey Michael,2,0,32,30
1655908709353,MATH 109,B02,083216,Ganzberger; Geoffrey Michael,0,0,32,32
1655908709353,MATH 109,B03,093479,Staff,4,0,32,28
1655908715378,MATH 142A,A01,083219,Chow; Bennett,0,0,32,32
1655908715378,MATH 142A,A02,083220,Chow; Bennett,8,0,32,24
1655908715378,MATH 142A,A03,093480,Staff,4,0,32,28
1655908715378,MATH 142A,B03,093481,Staff,3,0,32,29
1655908715378,MATH 142A,B04,093558,Staff,6,0,32,26
1655908715378,MATH 142A,B05,093559,Staff,1,0,32,31
1655908721405,MATH 193A,A01,083224,Rotar; Vladimir,1,1,34,33
1655908721405,MATH 193A,A02,083225,Rotar; Vladimir,0,0,34,34
1655908721405,MATH 193A,A03,083781,Rotar; Vladimir,2,0,34,32
1655908721405,MATH 193A,A04,083782,Rotar; Vladimir,2,0,34,32
1655908721405,MATH 193A,A05,093482,Rotar; Vladimir,2,0,34,32
1655908727428,MATH 197,001,091859,McAuley; Julian John,9999,0,9999,0
1655908727428,MATH 197,002,095566,Kedlaya; Kiran S.,9997,0,9999,2
1655908727428,MATH 197,003,095567,Xiao; Ming,9999,0,9999,0
1655908727428,MATH 197,004,095571,Perols; Johan Lars,9998,0,9999,1
1655908734488,COGS 9,A01,083615,Shannon; Kyle Michael,1,1,75,74
1655908740510,COGS 11,A01,083617,Boyle; Mary E. T.,9,1,48,39
1655908746532,COGS 13,A01,083071,Bastos; Amalia Pinkusfeld,3,1,71,68
1655908752559,COGS 14A,A01,092681,Staff,2,26,100,98
1655908758583,COGS 14B,A01,083073,Cheng; Tzu-Han,7,0,63,56
1655908764609,COGS 17,A01,092677,Staff,8,6,81,73
1655908770636,COGS 100,A01,083619,Allen; Michael Gordon,2,2,70,68
1655908776674,COGS 101A,A01,083621,Davis; Joshua Daniel,4,3,68,64
1655908782704,COGS 101B,A01,091572,Allen; Michael Gordon,1,0,65,64
1655908788736,COGS 101C,A01,083625,Delgado; Tania,8,0,35,27
1655908794759,COGS 107A,A01,083627,Boyle; Mary E. T.,0,1,60,60
1655908800783,COGS 118A,A01,083075,Gupta; Anjum,16,16,76,60
1655908806806,CSE 3,A50,083646,Miranda; Gregory Joseph,13,0,50,37
1655908812829,CSE 8A,A50,083650,Miranda; Gregory Joseph,3,11,56,53
1655908818852,CSE 11,A01,083080,Cao; Yingjun,0,68,40,40
1655908824876,CSE 12,A01,083652,Krause-Levy; Sophia Louisa,6,8,120,114
1655908830899,CSE 15L,A01,083654,Morris; Justin Loren,3,1,50,47
1655908830899,CSE 15L,A02,083655,Morris; Justin Loren,0,0,50,50
1655908836923,CSE 20,A01,083657,Tran; Khoa Dang,29,0,80,51
1655908842950,CSE 21,A01,095574,Bach; Quang Tran,23,0,48,25
1655908848974,CSE 30,A01,083084,Eldon; John,2,11,80,78
1655908848974,CSE 30,B01,095061,Bhaskar; Nishant,0,4,50,50
1655908855001,CSE 100,A01,083659,Cao; Yingjun,2,25,70,68
1655908861032,CSE 134B,A01,083661,Powell; Thomas Allan,4,6,100,96
1655908867065,CSE 140,A01,083663,Gungor; Onat,4,0,85,81
1655908873093,CSE 140L,A01,083088,Eldon; John,4,0,100,96
1655908879119,CSE 175,A01,083665,Kumar; Rakesh,1,0,25,24
1655908885221,CSE 190,A00,092507,Dubnov; Shlomo,1,0,20,19
1655908891242,ECE 45,A01,083139,Congero; Spencer William,0,1,75,75
1655908897272,ECE 65,A50,083695,Saad; Andrew S,6,0,30,24
1655908897272,ECE 65,A51,095125,Staff,23,0,26,3
1655908903296,ECE 109,A01,091882,Touri; Behrouz,1,3,70,69
1655908909319,ECE 180,A00,083140,Abi Samra; Nicholas Camill,1,0,30,29
1655908909319,ECE 180,B00,083141,Abi Samra; Nicholas Camill,0,8,28,28
1655908915342,MATH 10A,A01,083735,Patchell; Gregory David,0,0,30,30
1655908915342,MATH 10A,A02,083736,Patchell; Gregory David,21,0,30,9
1655908915342,MATH 10A,A03,083737,Patchell; Gregory David,16,0,30,14
1655908921371,MATH 10B,A01,083207,Lim; Seonhee,1,1,34,33
1655908921371,MATH 10B,A02,083208,Lim; Seonhee,1,1,35,34
1655908921371,MATH 10B,A03,093472,Staff,1,0,34,33
1655908921371,MATH 10B,B01,083739,Sinha; Shubham,10,0,30,20
1655908927401,MATH 18,A01,083743,Cinel; Cameron Alexander,4,0,30,26
1655908927401,MATH 18,A02,083744,Cinel; Cameron Alexander,11,0,30,19
1655908927401,MATH 18,A03,083745,Cinel; Cameron Alexander,0,0,30,30
1655908927401,MATH 18,B01,083748,Ma; Zilu,1,0,36,35
1655908927401,MATH 18,B02,083749,Ma; Zilu,0,0,36,36
1655908927401,MATH 18,B03,083750,Ma; Zilu,0,0,36,36
1655908927401,MATH 18,B04,083751,Ma; Zilu,0,0,36,36
1655908927401,MATH 18,B05,093473,Staff,0,0,36,36
1655908927401,MATH 18,B06,093474,Staff,0,0,36,36
1655908933428,MATH 20A,A01,083754,Zheng; Zequn,10,0,40,30
1655908939454,MATH 20B,A01,083756,Briones; Jor-el Thomas Caparas,0,1,36,36
1655908939454,MATH 20B,A02,083757,Briones; Jor-el Thomas Caparas,1,0,36,35
1655908939454,MATH 20B,A03,093475,Staff,1,0,36,35
1655908945479,MATH 20C,A01,083760,Briones; Jor-el Thomas Caparas,0,2,35,35
1655908945479,MATH 20C,A02,083761,Briones; Jor-el Thomas Caparas,6,1,35,29
1655908945479,MATH 20C,A03,093476,Staff,1,1,35,34
1655908945479,MATH 20C,B01,083762,Bach; Quang Tran,3,0,30,27
1655908951506,MATH 20D,A01,083765,Tran; Brian Kha,0,0,30,30
1655908951506,MATH 20D,A02,083766,Tran; Brian Kha,0,1,30,30
1655908951506,MATH 20D,A03,083767,Tran; Brian Kha,0,0,30,30
1655908957532,MATH 20E,A01,083771,Ganguly; Soumya,0,0,32,32
1655908957532,MATH 20E,A02,083772,Ganguly; Soumya,1,1,32,31
1655908957532,MATH 20E,B01,083773,Ciotti; Benjamin,14,0,35,21
1655908957532,MATH 20E,B02,083774,Ciotti; Benjamin,12,0,35,23
1655908963556,MATH 103A,A01,083777,Greenfeld; Be'Eri,2,1,36,34
1655908963556,MATH 103A,A02,083778,Greenfeld; Be'Eri,1,0,36,35
1655908963556,MATH 103A,A03,093561,Staff,0,1,36,36
1655908963556,MATH 103A,B01,083779,Greenfeld; Be'Eri,7,1,36,29
1655908963556,MATH 103A,B02,083780,Greenfeld; Be'Eri,1,0,36,35
1655908963556,MATH 103A,B03,093562,Staff,0,0,36,36
1655908969584,MATH 105,A01,085443,Carter; Anne Toulson,3,1,35,32
1655908969584,MATH 105,A02,093477,Staff,6,0,35,29
1655908975606,MATH 109,A01,083213,Ganzberger; Geoffrey Michael,0,1,34,34
1655908975606,MATH 109,A02,083214,Ganzberger; Geoffrey Michael,0,0,34,34
1655908975606,MATH 109,A03,093478,Staff,1,0,34,33
1655908975606,MATH 109,B01,083215,Ganzberger; Geoffrey Michael,2,0,32,30
1655908975606,MATH 109,B02,083216,Ganzberger; Geoffrey Michael,0,0,32,32
1655908975606,MATH 109,B03,093479,Staff,4,0,32,28
1655908981630,MATH 142A,A01,083219,Chow; Bennett,0,0,32,32
1655908981630,MATH 142A,A02,083220,Chow; Bennett,8,0,32,24
1655908981630,MATH 142A,A03,093480,Staff,4,0,32,28
1655908981630,MATH 142A,B03,093481,Staff,3,0,32,29
1655908981630,MATH 142A,B04,093558,Staff,6,0,32,26
1655908981630,MATH 142A,B05,093559,Staff,1,0,32,31
1655908987653,MATH 193A,A01,083224,Rotar; Vladimir,1,1,34,33
1655908987653,MATH 193A,A02,083225,Rotar; Vladimir,0,0,34,34
1655908987653,MATH 193A,A03,083781,Rotar; Vladimir,2,0,34,32
1655908987653,MATH 193A,A04,083782,Rotar; Vladimir,2,0,34,32
1655908987653,MATH 193A,A05,093482,Rotar; Vladimir,2,0,34,32
1655908993681,MATH 197,001,091859,McAuley; Julian John,9999,0,9999,0
1655908993681,MATH 197,002,095566,Kedlaya; Kiran S.,9997,0,9999,2
1655908993681,MATH 197,003,095567,Xiao; Ming,9999,0,9999,0
1655908993681,MATH 197,004,095571,Perols; Johan Lars,9998,0,9999,1
1655909000732,COGS 9,A01,083615,Shannon; Kyle Michael,1,1,75,74
1655909006767,COGS 11,A01,083617,Boyle; Mary E. T.,9,1,48,39
1655909012795,COGS 13,A01,083071,Bastos; Amalia Pinkusfeld,3,1,71,68
1655909018821,COGS 14A,A01,092681,Staff,2,26,100,98
1655909024846,COGS 14B,A01,083073,Cheng; Tzu-Han,7,0,63,56
1655909030869,COGS 17,A01,092677,Staff,8,6,81,73
1655909036899,COGS 100,A01,083619,Allen; Michael Gordon,2,2,70,68
1655909042927,COGS 101A,A01,083621,Davis; Joshua Daniel,4,3,68,64
1655909048951,COGS 101B,A01,091572,Allen; Michael Gordon,1,0,65,64
1655909054977,COGS 101C,A01,083625,Delgado; Tania,8,0,35,27
1655909061006,COGS 107A,A01,083627,Boyle; Mary E. T.,0,1,60,60
1655909067034,COGS 118A,A01,083075,Gupta; Anjum,16,16,76,60
1655909073058,CSE 3,A50,083646,Miranda; Gregory Joseph,13,0,50,37
1655909079096,CSE 8A,A50,083650,Miranda; Gregory Joseph,3,11,56,53
1655909085119,CSE 11,A01,083080,Cao; Yingjun,0,68,40,40
1655909091143,CSE 12,A01,083652,Krause-Levy; Sophia Louisa,6,8,120,114
1655909097166,CSE 15L,A01,083654,Morris; Justin Loren,3,1,50,47
1655909097166,CSE 15L,A02,083655,Morris; Justin Loren,0,0,50,50
1655909103190,CSE 20,A01,083657,Tran; Khoa Dang,29,0,80,51
1655909109216,CSE 21,A01,095574,Bach; Quang Tran,23,0,48,25
1655909115240,CSE 30,A01,083084,Eldon; John,2,11,80,78
1655909115240,CSE 30,B01,095061,Bhaskar; Nishant,0,4,50,50
1655909121264,CSE 100,A01,083659,Cao; Yingjun,2,25,70,68
1655909127292,CSE 134B,A01,083661,Powell; Thomas Allan,4,6,100,96
1655909133316,CSE 140,A01,083663,Gungor; Onat,4,0,85,81
1655909139341,CSE 140L,A01,083088,Eldon; John,4,0,100,96
1655909145370,CSE 175,A01,083665,Kumar; Rakesh,1,0,25,24
1655909151394,CSE 190,A00,092507,Dubnov; Shlomo,1,0,20,19
1655909157418,ECE 45,A01,083139,Congero; Spencer William,0,1,75,75
1655909163443,ECE 65,A50,083695,Saad; Andrew S,6,0,30,24
1655909163443,ECE 65,A51,095125,Staff,23,0,26,3
1655909169466,ECE 109,A01,091882,Touri; Behrouz,1,3,70,69
1655909175494,ECE 180,A00,083140,Abi Samra; Nicholas Camill,1,0,30,29
1655909175494,ECE 180,B00,083141,Abi Samra; Nicholas Camill,0,8,28,28
1655909181517,MATH 10A,A01,083735,Patchell; Gregory David,0,0,30,30
1655909181517,MATH 10A,A02,083736,Patchell; Gregory David,21,0,30,9
1655909181517,MATH 10A,A03,083737,Patchell; Gregory David,16,0,30,14
1655909187545,MATH 10B,A01,083207,Lim; Seonhee,1,1,34,33
1655909187545,MATH 10B,A02,083208,Lim; Seonhee,1,1,35,34
1655909187545,MATH 10B,A03,093472,Staff,1,0,34,33
1655909187545,MATH 10B,B01,083739,Sinha; Shubham,10,0,30,20
1655909193577,MATH 18,A01,083743,Cinel; Cameron Alexander,4,0,30,26
1655909193577,MATH 18,A02,083744,Cinel; Cameron Alexander,11,0,30,19
1655909193577,MATH 18,A03,083745,Cinel; Cameron Alexander,0,0,30,30
1655909193577,MATH 18,B01,083748,Ma; Zilu,1,0,36,35
1655909193577,MATH 18,B02,083749,Ma; Zilu,0,0,36,36
1655909193577,MATH 18,B03,083750,Ma; Zilu,0,0,36,36
1655909193577,MATH 18,B04,083751,Ma; Zilu,0,0,36,36
1655909193577,MATH 18,B05,093473,Staff,0,0,36,36
1655909193577,MATH 18,B06,093474,Staff,0,0,36,36
1655909199601,MATH 20A,A01,083754,Zheng; Zequn,10,0,40,30
1655909205625,MATH 20B,A01,083756,Briones; Jor-el Thomas Caparas,0,1,36,36
1655909205625,MATH 20B,A02,083757,Briones; Jor-el Thomas Caparas,1,0,36,35
1655909205625,MATH 20B,A03,093475,Staff,1,0,36,35
1655909211651,MATH 20C,A01,083760,Briones; Jor-el Thomas Caparas,0,2,35,35
1655909211651,MATH 20C,A02,083761,Briones; Jor-el Thomas Caparas,6,1,35,29
1655909211651,MATH 20C,A03,093476,Staff,1,1,35,34
1655909211651,MATH 20C,B01,083762,Bach; Quang Tran,3,0,30,27
1655909217674,MATH 20D,A01,083765,Tran; Brian Kha,0,0,30,30
1655909217674,MATH 20D,A02,083766,Tran; Brian Kha,0,1,30,30
1655909217674,MATH 20D,A03,083767,Tran; Brian Kha,0,0,30,30
1655909223697,MATH 20E,A01,083771,Ganguly; Soumya,0,0,32,32
1655909223697,MATH 20E,A02,083772,Ganguly; Soumya,1,1,32,31
1655909223697,MATH 20E,B01,083773,Ciotti; Benjamin,14,0,35,21
1655909223697,MATH 20E,B02,083774,Ciotti; Benjamin,12,0,35,23
1655909229724,MATH 103A,A01,083777,Greenfeld; Be'Eri,2,1,36,34
1655909229724,MATH 103A,A02,083778,Greenfeld; Be'Eri,1,0,36,35
1655909229724,MATH 103A,A03,093561,Staff,0,1,36,36
1655909229724,MATH 103A,B01,083779,Greenfeld; Be'Eri,7,1,36,29
1655909229724,MATH 103A,B02,083780,Greenfeld; Be'Eri,1,0,36,35
1655909229724,MATH 103A,B03,093562,Staff,0,0,36,36
1655909235747,MATH 105,A01,085443,Carter; Anne Toulson,3,1,35,32
1655909235747,MATH 105,A02,093477,Staff,6,0,35,29
1655909241771,MATH 109,A01,083213,Ganzberger; Geoffrey Michael,0,1,34,34
1655909241771,MATH 109,A02,083214,Ganzberger; Geoffrey Michael,0,0,34,34
1655909241771,MATH 109,A03,093478,Staff,1,0,34,33
1655909241771,MATH 109,B01,083215,Ganzberger; Geoffrey Michael,2,0,32,30
1655909241771,MATH 109,B02,083216,Ganzberger; Geoffrey Michael,0,0,32,32
1655909241771,MATH 109,B03,093479,Staff,4,0,32,28
1655909247796,MATH 142A,A01,083219,Chow; Bennett,0,0,32,32
1655909247796,MATH 142A,A02,083220,Chow; Bennett,8,0,32,24
1655909247796,MATH 142A,A03,093480,Staff,4,0,32,28
1655909247796,MATH 142A,B03,093481,Staff,3,0,32,29
1655909247796,MATH 142A,B04,093558,Staff,6,0,32,26
1655909247796,MATH 142A,B05,093559,Staff,1,0,32,31
1655909253820,MATH 193A,A01,083224,Rotar; Vladimir,1,1,34,33
1655909253820,MATH 193A,A02,083225,Rotar; Vladimir,0,0,34,34
1655909253820,MATH 193A,A03,083781,Rotar; Vladimir,2,0,34,32
1655909253820,MATH 193A,A04,083782,Rotar; Vladimir,2,0,34,32
1655909253820,MATH 193A,A05,093482,Rotar; Vladimir,2,0,34,32
1655909259849,MATH 197,001,091859,McAuley; Julian John,9999,0,9999,0
1655909259849,MATH 197,002,095566,Kedlaya; Kiran S.,9997,0,9999,2
1655909259849,MATH 197,003,095567,Xiao; Ming,9999,0,9999,0
1655909259849,MATH 197,004,095571,Perols; Johan Lars,9998,0,9999,1
1655909266900,COGS 9,A01,083615,Shannon; Kyle Michael,1,1,75,74
1655909272924,COGS 11,A01,083617,Boyle; Mary E. T.,9,1,48,39
1655909278951,COGS 13,A01,083071,Bastos; Amalia Pinkusfeld,3,1,71,68
1655909284995,COGS 14A,A01,092681,Staff,2,26,100,98
1655909291021,COGS 14B,A01,083073,Cheng; Tzu-Han,7,0,63,56
1655909297048,COGS 17,A01,092677,Staff,8,6,81,73
1655909303070,COGS 100,A01,083619,Allen; Michael Gordon,2,2,70,68
1655909309099,COGS 101A,A01,083621,Davis; Joshua Daniel,4,3,68,64
1655909315133,COGS 101B,A01,091572,Allen; Michael Gordon,1,0,65,64
1655909321160,COGS 101C,A01,083625,Delgado; Tania,8,0,35,27
1655909327185,COGS 107A,A01,083627,Boyle; Mary E. T.,0,1,60,60
1655909333212,COGS 118A,A01,083075,Gupta; Anjum,16,16,76,60
1655909339239,CSE 3,A50,083646,Miranda; Gregory Joseph,13,0,50,37
1655909345269,CSE 8A,A50,083650,Miranda; Gregory Joseph,3,11,56,53
1655909351293,CSE 11,A01,083080,Cao; Yingjun,0,68,40,40
1655909357316,CSE 12,A01,083652,Krause-Levy; Sophia Louisa,6,8,120,114
1655909363344,CSE 15L,A01,083654,Morris; Justin Loren,3,1,50,47
1655909363344,CSE 15L,A02,083655,Morris; Justin Loren,0,0,50,50
1655909369367,CSE 20,A01,083657,Tran; Khoa Dang,29,0,80,51
1655909375390,CSE 21,A01,095574,Bach; Quang Tran,23,0,48,25
1655909381418,CSE 30,A01,083084,Eldon; John,2,11,80,78
1655909381418,CSE 30,B01,095061,Bhaskar; Nishant,0,4,50,50
1655909387442,CSE 100,A01,083659,Cao; Yingjun,2,25,70,68
1655909393467,CSE 134B,A01,083661,Powell; Thomas Allan,4,6,100,96
1655909399502,CSE 140,A01,083663,Gungor; Onat,4,0,85,81
1655909405525,CSE 140L,A01,083088,Eldon; John,4,0,100,96
1655909411552,CSE 175,A01,083665,Kumar; Rakesh,1,0,25,24
1655909417579,CSE 190,A00,092507,Dubnov; Shlomo,1,0,20,19
1655909423611,ECE 45,A01,083139,Congero; Spencer William,0,1,75,75
1655909429635,ECE 65,A50,083695,Saad; Andrew S,6,0,30,24
1655909429635,ECE 65,A51,095125,Staff,23,0,26,3
1655909435658,ECE 109,A01,091882,Touri; Behrouz,1,3,70,69
1655909441699,ECE 180,A00,083140,Abi Samra; Nicholas Camill,1,0,30,29
1655909441699,ECE 180,B00,083141,Abi Samra; Nicholas Camill,0,8,28,28
1655909447732,MATH 10A,A01,083735,Patchell; Gregory David,0,0,30,30
1655909447732,MATH 10A,A02,083736,Patchell; Gregory David,21,0,30,9
1655909447732,MATH 10A,A03,083737,Patchell; Gregory David,16,0,30,14
1655909453756,MATH 10B,A01,083207,Lim; Seonhee,1,1,34,33
1655909453756,MATH 10B,A02,083208,Lim; Seonhee,1,1,35,34
1655909453756,MATH 10B,A03,093472,Staff,1,0,34,33
1655909453756,MATH 10B,B01,083739,Sinha; Shubham,10,0,30,20
1655909459787,MATH 18,A01,083743,Cinel; Cameron Alexander,4,0,30,26
1655909459787,MATH 18,A02,083744,Cinel; Cameron Alexander,11,0,30,19
1655909459787,MATH 18,A03,083745,Cinel; Cameron Alexander,0,0,30,30
1655909459787,MATH 18,B01,083748,Ma; Zilu,1,0,36,35
1655909459787,MATH 18,B02,083749,Ma; Zilu,0,0,36,36
1655909459787,MATH 18,B03,083750,Ma; Zilu,0,0,36,36
1655909459787,MATH 18,B04,083751,Ma; Zilu,0,0,36,36
1655909459787,MATH 18,B05,093473,Staff,0,0,36,36
1655909459787,MATH 18,B06,093474,Staff,0,0,36,36
1655909465809,MATH 20A,A01,083754,Zheng; Zequn,10,0,40,30
1655909471834,MATH 20B,A01,083756,Briones; Jor-el Thomas Caparas,0,1,36,36
1655909471834,MATH 20B,A02,083757,Briones; Jor-el Thomas Caparas,1,0,36,35
1655909471834,MATH 20B,A03,093475,Staff,1,0,36,35
1655909477862,MATH 20C,A01,083760,Briones; Jor-el Thomas Caparas,0,2,35,35
1655909477862,MATH 20C,A02,083761,Briones; Jor-el Thomas Caparas,6,1,35,29
1655909477862,MATH 20C,A03,093476,Staff,1,1,35,34
1655909477862,MATH 20C,B01,083762,Bach; Quang Tran,3,0,30,27
1655909483957,MATH 20D,A01,083765,Tran; Brian Kha,0,0,30,30
1655909483957,MATH 20D,A02,083766,Tran; Brian Kha,0,1,30,30
1655909483957,MATH 20D,A03,083767,Tran; Brian Kha,0,0,30,30
1655909489982,MATH 20E,A01,083771,Ganguly; Soumya,0,0,32,32
1655909489982,MATH 20E,A02,083772,Ganguly; Soumya,1,1,32,31
1655909489982,MATH 20E,B01,083773,Ciotti; Benjamin,14,0,35,21
1655909489982,MATH 20E,B02,083774,Ciotti; Benjamin,12,0,35,23
1655909496006,MATH 103A,A01,083777,Greenfeld; Be'Eri,2,1,36,34
1655909496006,MATH 103A,A02,083778,Greenfeld; Be'Eri,1,0,36,35
1655909496006,MATH 103A,A03,093561,Staff,0,1,36,36
1655909496006,MATH 103A,B01,083779,Greenfeld; Be'Eri,7,1,36,29
1655909496006,MATH 103A,B02,083780,Greenfeld; Be'Eri,1,0,36,35
1655909496006,MATH 103A,B03,093562,Staff,0,0,36,36
1655909502034,MATH 105,A01,085443,Carter; Anne Toulson,3,1,35,32
1655909502034,MATH 105,A02,093477,Staff,6,0,35,29
1655909508058,MATH 109,A01,083213,Ganzberger; Geoffrey Michael,0,1,34,34
1655909508058,MATH 109,A02,083214,Ganzberger; Geoffrey Michael,0,0,34,34
1655909508058,MATH 109,A03,093478,Staff,1,0,34,33
1655909508058,MATH 109,B01,083215,Ganzberger; Geoffrey Michael,2,0,32,30
1655909508058,MATH 109,B02,083216,Ganzberger; Geoffrey Michael,0,0,32,32
1655909508058,MATH 109,B03,093479,Staff,4,0,32,28
1655909514084,MATH 142A,A01,083219,Chow; Bennett,0,0,32,32
1655909514084,MATH 142A,A02,083220,Chow; Bennett,8,0,32,24
1655909514084,MATH 142A,A03,093480,Staff,4,0,32,28
1655909514084,MATH 142A,B03,093481,Staff,3,0,32,29
1655909514084,MATH 142A,B04,093558,Staff,6,0,32,26
1655909514084,MATH 142A,B05,093559,Staff,1,0,32,31
1655909520110,MATH 193A,A01,083224,Rotar; Vladimir,1,1,34,33
1655909520110,MATH 193A,A02,083225,Rotar; Vladimir,0,0,34,34
1655909520110,MATH 193A,A03,083781,Rotar; Vladimir,2,0,34,32
1655909520110,MATH 193A,A04,083782,Rotar; Vladimir,2,0,34,32
1655909520110,MATH 193A,A05,093482,Rotar; Vladimir,2,0,34,32
1655909526133,MATH 197,001,091859,McAuley; Julian John,9999,0,9999,0
1655909526133,MATH 197,002,095566,Kedlaya; Kiran S.,9997,0,9999,2
1655909526133,MATH 197,003,095567,Xiao; Ming,9999,0,9999,0
1655909526133,MATH 197,004,095571,Perols; Johan Lars,9998,0,9999,1
1655909533194,COGS 9,A01,083615,Shannon; Kyle Michael,1,1,75,74
1655909539220,COGS 11,A01,083617,Boyle; Mary E. T.,9,1,48,39
1655909545244,COGS 13,A01,083071,Bastos; Amalia Pinkusfeld,3,1,71,68
1655909551272,COGS 14A,A01,092681,Staff,2,26,100,98
1655909557302,COGS 14B,A01,083073,Cheng; Tzu-Han,7,0,63,56
1655909563326,COGS 17,A01,092677,Staff,8,6,81,73
1655909569347,COGS 100,A01,083619,Allen; Michael Gordon,2,2,70,68
1655909575371,COGS 101A,A01,083621,Davis; Joshua Daniel,4,3,68,64
1655909581393,COGS 101B,A01,091572,Allen; Michael Gordon,1,0,65,64
1655909587417,COGS 101C,A01,083625,Delgado; Tania,8,0,35,27
1655909593445,COGS 107A,A01,083627,Boyle; Mary E. T.,0,1,60,60
1655909599467,COGS 118A,A01,083075,Gupta; Anjum,16,16,76,60
1655909605491,CSE 3,A50,083646,Miranda; Gregory Joseph,13,0,50,37
1655909611522,CSE 8A,A50,083650,Miranda; Gregory Joseph,3,11,56,53
1655909617543,CSE 11,A01,083080,Cao; Yingjun,0,68,40,40
1655909623571,CSE 12,A01,083652,Krause-Levy; Sophia Louisa,6,8,120,114
1655909629597,CSE 15L,A01,083654,Morris; Justin Loren,3,1,50,47
1655909629597,CSE 15L,A02,083655,Morris; Justin Loren,0,0,50,50
1655909635629,CSE 20,A01,083657,Tran; Khoa Dang,29,0,80,51
1655909641662,CSE 21,A01,095574,Bach; Quang Tran,23,0,48,25
1655909647690,CSE 30,A01,083084,Eldon; John,2,11,80,78
1655909647690,CSE 30,B01,095061,Bhaskar; Nishant,0,4,50,50
1655909653716,CSE 100,A01,083659,Cao; Yingjun,2,25,70,68
1655909659740,CSE 134B,A01,083661,Powell; Thomas Allan,4,6,100,96
1655909665776,CSE 140,A01,083663,Gungor; Onat,4,0,85,81
1655909671800,CSE 140L,A01,083088,Eldon; John,4,0,100,96
1655909677822,CSE 175,A01,083665,Kumar; Rakesh,1,0,25,24
1655909683845,CSE 190,A00,092507,Dubnov; Shlomo,1,0,20,19
1655909689872,ECE 45,A01,083139,Congero; Spencer William,0,1,75,75
1655909695905,ECE 65,A50,083695,Saad; Andrew S,6,0,30,24
1655909695905,ECE 65,A51,095125,Staff,23,0,26,3
1655909701932,ECE 109,A01,091882,Touri; Behrouz,1,3,70,69
1655909707956,ECE 180,A00,083140,Abi Samra; Nicholas Camill,1,0,30,29
1655909707956,ECE 180,B00,083141,Abi Samra; Nicholas Camill,0,8,28,28
1655909713979,MATH 10A,A01,083735,Patchell; Gregory David,0,0,30,30
1655909713979,MATH 10A,A02,083736,Patchell; Gregory David,21,0,30,9
1655909713979,MATH 10A,A03,083737,Patchell; Gregory David,16,0,30,14
1655909720008,MATH 10B,A01,083207,Lim; Seonhee,1,1,34,33
1655909720008,MATH 10B,A02,083208,Lim; Seonhee,1,1,35,34
1655909720008,MATH 10B,A03,093472,Staff,1,0,34,33
1655909720008,MATH 10B,B01,083739,Sinha; Shubham,10,0,30,20
1655909726034,MATH 18,A01,083743,Cinel; Cameron Alexander,4,0,30,26
1655909726034,MATH 18,A02,083744,Cinel; Cameron Alexander,11,0,30,19
1655909726034,MATH 18,A03,083745,Cinel; Cameron Alexander,0,0,30,30
1655909726034,MATH 18,B01,083748,Ma; Zilu,1,0,36,35
1655909726034,MATH 18,B02,083749,Ma; Zilu,0,0,36,36
1655909726034,MATH 18,B03,083750,Ma; Zilu,0,0,36,36
1655909726034,MATH 18,B04,083751,Ma; Zilu,0,0,36,36
1655909726034,MATH 18,B05,093473,Staff,0,0,36,36
1655909726034,MATH 18,B06,093474,Staff,0,0,36,36
1655909732057,MATH 20A,A01,083754,Zheng; Zequn,10,0,40,30
1655909738081,MATH 20B,A01,083756,Briones; Jor-el Thomas Caparas,0,1,36,36
1655909738081,MATH 20B,A02,083757,Briones; Jor-el Thomas Caparas,1,0,36,35
1655909738081,MATH 20B,A03,093475,Staff,1,0,36,35
1655909744105,MATH 20C,A01,083760,Briones; Jor-el Thomas Caparas,0,2,35,35
1655909744105,MATH 20C,A02,083761,Briones; Jor-el Thomas Caparas,6,1,35,29
1655909744105,MATH 20C,A03,093476,Staff,1,1,35,34
1655909744105,MATH 20C,B01,083762,Bach; Quang Tran,3,0,30,27
1655909750132,MATH 20D,A01,083765,Tran; Brian Kha,0,0,30,30
1655909750132,MATH 20D,A02,083766,Tran; Brian Kha,0,1,30,30
1655909750132,MATH 20D,A03,083767,Tran; Brian Kha,0,0,30,30
1655909756165,MATH 20E,A01,083771,Ganguly; Soumya,0,0,32,32
1655909756165,MATH 20E,A02,083772,Ganguly; Soumya,1,1,32,31
1655909756165,MATH 20E,B01,083773,Ciotti; Benjamin,14,0,35,21
1655909756165,MATH 20E,B02,083774,Ciotti; Benjamin,12,0,35,23
1655909762191,MATH 103A,A01,083777,Greenfeld; Be'Eri,2,1,36,34
1655909762191,MATH 103A,A02,083778,Greenfeld; Be'Eri,1,0,36,35
1655909762191,MATH 103A,A03,093561,Staff,0,1,36,36
1655909762191,MATH 103A,B01,083779,Greenfeld; Be'Eri,7,1,36,29
1655909762191,MATH 103A,B02,083780,Greenfeld; Be'Eri,1,0,36,35
1655909762191,MATH 103A,B03,093562,Staff,0,0,36,36
1655909768213,MATH 105,A01,085443,Carter; Anne Toulson,3,1,35,32
1655909768213,MATH 105,A02,093477,Staff,6,0,35,29
1655909774237,MATH 109,A01,083213,Ganzberger; Geoffrey Michael,0,1,34,34
1655909774237,MATH 109,A02,083214,Ganzberger; Geoffrey Michael,0,0,34,34
1655909774237,MATH 109,A03,093478,Staff,1,0,34,33
1655909774237,MATH 109,B01,083215,Ganzberger; Geoffrey Michael,2,0,32,30
1655909774237,MATH 109,B02,083216,Ganzberger; Geoffrey Michael,0,0,32,32
1655909774237,MATH 109,B03,093479,Staff,4,0,32,28
1655909780266,MATH 142A,A01,083219,Chow; Bennett,0,0,32,32
1655909780266,MATH 142A,A02,083220,Chow; Bennett,8,0,32,24
1655909780266,MATH 142A,A03,093480,Staff,4,0,32,28
1655909780266,MATH 142A,B03,093481,Staff,3,0,32,29
1655909780266,MATH 142A,B04,093558,Staff,6,0,32,26
1655909780266,MATH 142A,B05,093559,Staff,1,0,32,31
1655909786295,MATH 193A,A01,083224,Rotar; Vladimir,1,1,34,33
1655909786295,MATH 193A,A02,083225,Rotar; Vladimir,0,0,34,34
1655909786295,MATH 193A,A03,083781,Rotar; Vladimir,2,0,34,32
1655909786295,MATH 193A,A04,083782,Rotar; Vladimir,2,0,34,32
1655909786295,MATH 193A,A05,093482,Rotar; Vladimir,2,0,34,32
1655909792327,MATH 197,001,091859,McAuley; Julian John,9999,0,9999,0
1655909792327,MATH 197,002,095566,Kedlaya; Kiran S.,9997,0,9999,2
1655909792327,MATH 197,003,095567,Xiao; Ming,9999,0,9999,0
1655909792327,MATH 197,004,095571,Perols; Johan Lars,9998,0,9999,1
1655909799380,COGS 9,A01,083615,Shannon; Kyle Michael,1,1,75,74
1655909805403,COGS 11,A01,083617,Boyle; Mary E. T.,9,1,48,39
1655909811430,COGS 13,A01,083071,Bastos; Amalia Pinkusfeld,3,1,71,68
1655909817456,COGS 14A,A01,092681,Staff,2,26,100,98
1655909823478,COGS 14B,A01,083073,Cheng; Tzu-Han,7,0,63,56
1655909829502,COGS 17,A01,092677,Staff,8,6,81,73
1655909835525,COGS 100,A01,083619,Allen; Michael Gordon,2,2,70,68
1655909841556,COGS 101A,A01,083621,Davis; Joshua Daniel,4,3,68,64
1655909847587,COGS 101B,A01,091572,Allen; Michael Gordon,1,0,65,64
1655909853618,COGS 101C,A01,083625,Delgado; Tania,8,0,35,27
1655909859645,COGS 107A,A01,083627,Boyle; Mary E. T.,0,1,60,60
1655909865672,COGS 118A,A01,083075,Gupta; Anjum,17,16,76,59
1655909871695,CSE 3,A50,083646,Miranda; Gregory Joseph,13,0,50,37
1655909877722,CSE 8A,A50,083650,Miranda; Gregory Joseph,3,11,56,53
1655909883746,CSE 11,A01,083080,Cao; Yingjun,0,68,40,40
1655909889770,CSE 12,A01,083652,Krause-Levy; Sophia Louisa,6,8,120,114
1655909895804,CSE 15L,A01,083654,Morris; Justin Loren,3,1,50,47
1655909895804,CSE 15L,A02,083655,Morris; Justin Loren,0,0,50,50
1655909901832,CSE 20,A01,083657,Tran; Khoa Dang,29,0,80,51
1655909907855,CSE 21,A01,095574,Bach; Quang Tran,23,0,48,25
1655909913883,CSE 30,A01,083084,Eldon; John,2,11,80,78
1655909913883,CSE 30,B01,095061,Bhaskar; Nishant,0,4,50,50
1655909919912,CSE 100,A01,083659,Cao; Yingjun,2,25,70,68
1655909925940,CSE 134B,A01,083661,Powell; Thomas Allan,4,6,100,96
1655909931965,CSE 140,A01,083663,Gungor; Onat,4,0,85,81
1655909937989,CSE 140L,A01,083088,Eldon; John,4,0,100,96
1655909944013,CSE 175,A01,083665,Kumar; Rakesh,1,0,25,24
1655909950039,CSE 190,A00,092507,Dubnov; Shlomo,1,0,20,19
1655909956067,ECE 45,A01,083139,Congero; Spencer William,0,1,75,75
1655909962092,ECE 65,A50,083695,Saad; Andrew S,6,0,30,24
1655909962092,ECE 65,A51,095125,Staff,23,0,26,3
1655909968116,ECE 109,A01,091882,Touri; Behrouz,1,3,70,69
1655909974141,ECE 180,A00,083140,Abi Samra; Nicholas Camill,1,0,30,29
1655909974141,ECE 180,B00,083141,Abi Samra; Nicholas Camill,0,8,28,28
1655909980169,MATH 10A,A01,083735,Patchell; Gregory David,0,0,30,30
1655909980169,MATH 10A,A02,083736,Patchell; Gregory David,21,0,30,9
1655909980169,MATH 10A,A03,083737,Patchell; Gregory David,16,0,30,14
1655909986201,MATH 10B,A01,083207,Lim; Seonhee,1,1,34,33
1655909986201,MATH 10B,A02,083208,Lim; Seonhee,1,1,35,34
1655909986201,MATH 10B,A03,093472,Staff,1,0,34,33
1655909986201,MATH 10B,B01,083739,Sinha; Shubham,10,0,30,20
1655909992226,MATH 18,A01,083743,Cinel; Cameron Alexander,4,0,30,26
1655909992226,MATH 18,A02,083744,Cinel; Cameron Alexander,11,0,30,19
1655909992226,MATH 18,A03,083745,Cinel; Cameron Alexander,0,0,30,30
1655909992226,MATH 18,B01,083748,Ma; Zilu,1,0,36,35
1655909992226,MATH 18,B02,083749,Ma; Zilu,0,0,36,36
1655909992226,MATH 18,B03,083750,Ma; Zilu,0,0,36,36
1655909992226,MATH 18,B04,083751,Ma; Zilu,0,0,36,36
1655909992226,MATH 18,B05,093473,Staff,0,0,36,36
1655909992226,MATH 18,B06,093474,Staff,0,0,36,36
1655909998247,MATH 20A,A01,083754,Zheng; Zequn,10,0,40,30
1655910004277,MATH 20B,A01,083756,Briones; Jor-el Thomas Caparas,0,1,36,36
1655910004277,MATH 20B,A02,083757,Briones; Jor-el Thomas Caparas,1,0,36,35
1655910004277,MATH 20B,A03,093475,Staff,1,0,36,35
1655910010306,MATH 20C,A01,083760,Briones; Jor-el Thomas Caparas,0,2,35,35
1655910010306,MATH 20C,A02,083761,Briones; Jor-el Thomas Caparas,6,1,35,29
1655910010306,MATH 20C,A03,093476,Staff,1,1,35,34
1655910010306,MATH 20C,B01,083762,Bach; Quang Tran,3,0,30,27
1655910016329,MATH 20D,A01,083765,Tran; Brian Kha,0,0,30,30
1655910016329,MATH 20D,A02,083766,Tran; Brian Kha,0,1,30,30
1655910016329,MATH 20D,A03,083767,Tran; Brian Kha,0,0,30,30
1655910022350,MATH 20E,A01,083771,Ganguly; Soumya,0,0,32,32
1655910022350,MATH 20E,A02,083772,Ganguly; Soumya,1,1,32,31
1655910022350,MATH 20E,B01,083773,Ciotti; Benjamin,14,0,35,21
1655910022350,MATH 20E,B02,083774,Ciotti; Benjamin,12,0,35,23
1655910028374,MATH 103A,A01,083777,Greenfeld; Be'Eri,2,1,36,34
1655910028374,MATH 103A,A02,083778,Greenfeld; Be'Eri,1,0,36,35
1655910028374,MATH 103A,A03,093561,Staff,0,1,36,36
1655910028374,MATH 103A,B01,083779,Greenfeld; Be'Eri,7,1,36,29
1655910028374,MATH 103A,B02,083780,Greenfeld; Be'Eri,1,0,36,35
1655910028374,MATH 103A,B03,093562,Staff,0,0,36,36
1655910034397,MATH 105,A01,085443,Carter; Anne Toulson,3,1,35,32
1655910034397,MATH 105,A02,093477,Staff,6,0,35,29
1655910040425,MATH 109,A01,083213,Ganzberger; Geoffrey Michael,0,1,34,34
1655910040425,MATH 109,A02,083214,Ganzberger; Geoffrey Michael,0,0,34,34
1655910040425,MATH 109,A03,093478,Staff,1,0,34,33
1655910040425,MATH 109,B01,083215,Ganzberger; Geoffrey Michael,2,0,32,30
1655910040425,MATH 109,B02,083216,Ganzberger; Geoffrey Michael,0,0,32,32
1655910040425,MATH 109,B03,093479,Staff,4,0,32,28
1655910046448,MATH 142A,A01,083219,Chow; Bennett,0,0,32,32
1655910046448,MATH 142A,A02,083220,Chow; Bennett,8,0,32,24
1655910046448,MATH 142A,A03,093480,Staff,4,0,32,28
1655910046448,MATH 142A,B03,093481,Staff,3,0,32,29
1655910046448,MATH 142A,B04,093558,Staff,6,0,32,26
1655910046448,MATH 142A,B05,093559,Staff,1,0,32,31
1655910052476,MATH 193A,A01,083224,Rotar; Vladimir,1,1,34,33
1655910052476,MATH 193A,A02,083225,Rotar; Vladimir,0,0,34,34
1655910052476,MATH 193A,A03,083781,Rotar; Vladimir,2,0,34,32
1655910052476,MATH 193A,A04,083782,Rotar; Vladimir,2,0,34,32
1655910052476,MATH 193A,A05,093482,Rotar; Vladimir,2,0,34,32
1655910058505,MATH 197,001,091859,McAuley; Julian John,9999,0,9999,0
1655910058505,MATH 197,002,095566,Kedlaya; Kiran S.,9997,0,9999,2
1655910058505,MATH 197,003,095567,Xiao; Ming,9999,0,9999,0
1655910058505,MATH 197,004,095571,Perols; Johan Lars,9998,0,9999,1
1655910065578,COGS 9,A01,083615,Shannon; Kyle Michael,1,1,75,74
1655910071601,COGS 11,A01,083617,Boyle; Mary E. T.,9,1,48,39
1655910077709,COGS 13,A01,083071,Bastos; Amalia Pinkusfeld,3,1,71,68
1655910083738,COGS 14A,A01,092681,Staff,2,26,100,98
1655910089764,COGS 14B,A01,083073,Cheng; Tzu-Han,7,0,63,56
1655910095787,COGS 17,A01,092677,Staff,8,6,81,73
1655910101811,COGS 100,A01,083619,Allen; Michael Gordon,2,2,70,68
1655910107834,COGS 101A,A01,083621,Davis; Joshua Daniel,4,3,68,64
1655910113856,COGS 101B,A01,091572,Allen; Michael Gordon,1,0,65,64
1655910119884,COGS 101C,A01,083625,Delgado; Tania,8,0,35,27
1655910125915,COGS 107A,A01,083627,Boyle; Mary E. T.,0,1,60,60
1655910131938,COGS 118A,A01,083075,Gupta; Anjum,17,16,76,59
1655910137983,CSE 3,A50,083646,Miranda; Gregory Joseph,13,0,50,37
1655910144011,CSE 8A,A50,083650,Miranda; Gregory Joseph,3,11,56,53
1655910150037,CSE 11,A01,083080,Cao; Yingjun,0,68,40,40
1655910156060,CSE 12,A01,083652,Krause-Levy; Sophia Louisa,6,8,120,114
1655910162083,CSE 15L,A01,083654,Morris; Justin Loren,3,1,50,47
1655910162083,CSE 15L,A02,083655,Morris; Justin Loren,0,0,50,50
1655910168109,CSE 20,A01,083657,Tran; Khoa Dang,29,0,80,51
1655910174132,CSE 21,A01,095574,Bach; Quang Tran,23,0,48,25
1655910180171,CSE 30,A01,083084,Eldon; John,2,11,80,78
1655910180171,CSE 30,B01,095061,Bhaskar; Nishant,0,4,50,50
1655910186196,CSE 100,A01,083659,Cao; Yingjun,2,25,70,68
1655910192231,CSE 134B,A01,083661,Powell; Thomas Allan,4,6,100,96
1655910198258,CSE 140,A01,083663,Gungor; Onat,4,0,85,81
1655910204285,CSE 140L,A01,083088,Eldon; John,4,0,100,96
1655910210308,CSE 175,A01,083665,Kumar; Rakesh,1,0,25,24
1655910216331,CSE 190,A00,092507,Dubnov; Shlomo,1,0,20,19
1655910222354,ECE 45,A01,083139,Congero; Spencer William,0,1,75,75
1655910228382,ECE 65,A50,083695,Saad; Andrew S,6,0,30,24
1655910228382,ECE 65,A51,095125,Staff,23,0,26,3
1655910234431,ECE 109,A01,091882,Touri; Behrouz,1,3,70,69
1655910240464,ECE 180,A00,083140,Abi Samra; Nicholas Camill,1,0,30,29
1655910240464,ECE 180,B00,083141,Abi Samra; Nicholas Camill,0,8,28,28
1655910246488,MATH 10A,A01,083735,Patchell; Gregory David,0,0,30,30
1655910246488,MATH 10A,A02,083736,Patchell; Gregory David,21,0,30,9
1655910246488,MATH 10A,A03,083737,Patchell; Gregory David,16,0,30,14
1655910252511,MATH 10B,A01,083207,Lim; Seonhee,1,1,34,33
1655910252511,MATH 10B,A02,083208,Lim; Seonhee,1,1,35,34
1655910252511,MATH 10B,A03,093472,Staff,1,0,34,33
1655910252511,MATH 10B,B01,083739,Sinha; Shubham,10,0,30,20
1655910258540,MATH 18,A01,083743,Cinel; Cameron Alexander,4,0,30,26
1655910258540,MATH 18,A02,083744,Cinel; Cameron Alexander,11,0,30,19
1655910258540,MATH 18,A03,083745,Cinel; Cameron Alexander,0,0,30,30
1655910258540,MATH 18,B01,083748,Ma; Zilu,1,0,36,35
1655910258540,MATH 18,B02,083749,Ma; Zilu,0,0,36,36
1655910258540,MATH 18,B03,083750,Ma; Zilu,0,0,36,36
1655910258540,MATH 18,B04,083751,Ma; Zilu,0,0,36,36
1655910258540,MATH 18,B05,093473,Staff,0,0,36,36
1655910258540,MATH 18,B06,093474,Staff,0,0,36,36
1655910264570,MATH 20A,A01,083754,Zheng; Zequn,10,0,40,30
1655910270596,MATH 20B,A01,083756,Briones; Jor-el Thomas Caparas,0,1,36,36
1655910270596,MATH 20B,A02,083757,Briones; Jor-el Thomas Caparas,1,0,36,35
1655910270596,MATH 20B,A03,093475,Staff,1,0,36,35
1655910276624,MATH 20C,A01,083760,Briones; Jor-el Thomas Caparas,0,2,35,35
1655910276624,MATH 20C,A02,083761,Briones; Jor-el Thomas Caparas,6,1,35,29
1655910276624,MATH 20C,A03,093476,Staff,1,1,35,34
1655910276624,MATH 20C,B01,083762,Bach; Quang Tran,3,0,30,27
1655910282647,MATH 20D,A01,083765,Tran; Brian Kha,0,0,30,30
1655910282647,MATH 20D,A02,083766,Tran; Brian Kha,0,1,30,30
1655910282647,MATH 20D,A03,083767,Tran; Brian Kha,0,0,30,30
1655910288677,MATH 20E,A01,083771,Ganguly; Soumya,0,0,32,32
1655910288677,MATH 20E,A02,083772,Ganguly; Soumya,1,1,32,31
1655910288677,MATH 20E,B01,083773,Ciotti; Benjamin,14,0,35,21
1655910288677,MATH 20E,B02,083774,Ciotti; Benjamin,12,0,35,23
1655910294709,MATH 103A,A01,083777,Greenfeld; Be'Eri,2,1,36,34
1655910294709,MATH 103A,A02,083778,Greenfeld; Be'Eri,1,0,36,35
1655910294709,MATH 103A,A03,093561,Staff,0,1,36,36
1655910294709,MATH 103A,B01,083779,Greenfeld; Be'Eri,7,1,36,29
1655910294709,MATH 103A,B02,083780,Greenfeld; Be'Eri,1,0,36,35
1655910294709,MATH 103A,B03,093562,Staff,0,0,36,36
1655910300731,MATH 105,A01,085443,Carter; Anne Toulson,3,1,35,32
1655910300731,MATH 105,A02,093477,Staff,6,0,35,29
1655910306754,MATH 109,A01,083213,Ganzberger; Geoffrey Michael,0,1,34,34
1655910306754,MATH 109,A02,083214,Ganzberger; Geoffrey Michael,0,0,34,34
1655910306754,MATH 109,A03,093478,Staff,1,0,34,33
1655910306754,MATH 109,B01,083215,Ganzberger; Geoffrey Michael,2,0,32,30
1655910306754,MATH 109,B02,083216,Ganzberger; Geoffrey Michael,0,0,32,32
1655910306754,MATH 109,B03,093479,Staff,4,0,32,28
1655910312778,MATH 142A,A01,083219,Chow; Bennett,0,0,32,32
1655910312778,MATH 142A,A02,083220,Chow; Bennett,8,0,32,24
1655910312778,MATH 142A,A03,093480,Staff,4,0,32,28
1655910312778,MATH 142A,B03,093481,Staff,3,0,32,29
1655910312778,MATH 142A,B04,093558,Staff,6,0,32,26
1655910312778,MATH 142A,B05,093559,Staff,1,0,32,31
1655910318800,MATH 193A,A01,083224,Rotar; Vladimir,1,1,34,33
1655910318800,MATH 193A,A02,083225,Rotar; Vladimir,0,0,34,34
1655910318800,MATH 193A,A03,083781,Rotar; Vladimir,2,0,34,32
1655910318800,MATH 193A,A04,083782,Rotar; Vladimir,2,0,34,32
1655910318800,MATH 193A,A05,093482,Rotar; Vladimir,2,0,34,32
1655910324827,MATH 197,001,091859,McAuley; Julian John,9999,0,9999,0
1655910324827,MATH 197,002,095566,Kedlaya; Kiran S.,9997,0,9999,2
1655910324827,MATH 197,003,095567,Xiao; Ming,9999,0,9999,0
1655910324827,MATH 197,004,095571,Perols; Johan Lars,9998,0,9999,1
1655910331887,COGS 9,A01,083615,Shannon; Kyle Michael,1,1,75,74
1655910337919,COGS 11,A01,083617,Boyle; Mary E. T.,9,1,48,39
1655910343944,COGS 13,A01,083071,Bastos; Amalia Pinkusfeld,3,1,71,68
1655910349966,COGS 14A,A01,092681,Staff,2,26,100,98
1655910356002,COGS 14B,A01,083073,Cheng; Tzu-Han,7,0,63,56
1655910362025,COGS 17,A01,092677,Staff,8,6,81,73
1655910368071,COGS 100,A01,083619,Allen; Michael Gordon,2,2,70,68
1655910374096,COGS 101A,A01,083621,Davis; Joshua Daniel,4,3,68,64
1655910380119,COGS 101B,A01,091572,Allen; Michael Gordon,1,0,65,64
1655910386143,COGS 101C,A01,083625,Delgado; Tania,8,0,35,27
1655910392168,COGS 107A,A01,083627,Boyle; Mary E. T.,0,1,60,60
1655910398192,COGS 118A,A01,083075,Gupta; Anjum,17,16,76,59
1655910404214,CSE 3,A50,083646,Miranda; Gregory Joseph,13,0,50,37
1655910410237,CSE 8A,A50,083650,Miranda; Gregory Joseph,3,11,56,53
1655910416262,CSE 11,A01,083080,Cao; Yingjun,0,68,40,40
1655910422287,CSE 12,A01,083652,Krause-Levy; Sophia Louisa,6,8,120,114
1655910428310,CSE 15L,A01,083654,Morris; Justin Loren,3,1,50,47
1655910428310,CSE 15L,A02,083655,Morris; Justin Loren,0,0,50,50
1655910434337,CSE 20,A01,083657,Tran; Khoa Dang,29,0,80,51
1655910440371,CSE 21,A01,095574,Bach; Quang Tran,23,0,48,25
1655910446396,CSE 30,A01,083084,Eldon; John,2,11,80,78
1655910446396,CSE 30,B01,095061,Bhaskar; Nishant,0,4,50,50
1655910452417,CSE 100,A01,083659,Cao; Yingjun,2,25,70,68
1655910458445,CSE 134B,A01,083661,Powell; Thomas Allan,4,6,100,96
1655910464472,CSE 140,A01,083663,Gungor; Onat,4,0,85,81
1655910470498,CSE 140L,A01,083088,Eldon; John,4,0,100,96
1655910476520,CSE 175,A01,083665,Kumar; Rakesh,1,0,25,24
1655910482547,CSE 190,A00,092507,Dubnov; Shlomo,1,0,20,19
1655910488575,ECE 45,A01,083139,Congero; Spencer William,0,1,75,75
1655910494603,ECE 65,A50,083695,Saad; Andrew S,6,0,30,24
1655910494603,ECE 65,A51,095125,Staff,23,0,26,3
1655910500631,ECE 109,A01,091882,Touri; Behrouz,1,3,70,69
1655910506657,ECE 180,A00,083140,Abi Samra; Nicholas Camill,1,0,30,29
1655910506657,ECE 180,B00,083141,Abi Samra; Nicholas Camill,0,8,28,28
1655910512698,MATH 10A,A01,083735,Patchell; Gregory David,0,0,30,30
1655910512698,MATH 10A,A02,083736,Patchell; Gregory David,21,0,30,9
1655910512698,MATH 10A,A03,083737,Patchell; Gregory David,16,0,30,14
1655910518727,MATH 10B,A01,083207,Lim; Seonhee,1,1,34,33
1655910518727,MATH 10B,A02,083208,Lim; Seonhee,1,1,35,34
1655910518727,MATH 10B,A03,093472,Staff,1,0,34,33
1655910518727,MATH 10B,B01,083739,Sinha; Shubham,10,0,30,20
1655910524751,MATH 18,A01,083743,Cinel; Cameron Alexander,4,0,30,26
1655910524751,MATH 18,A02,083744,Cinel; Cameron Alexander,11,0,30,19
1655910524751,MATH 18,A03,083745,Cinel; Cameron Alexander,0,0,30,30
1655910524751,MATH 18,B01,083748,Ma; Zilu,1,0,36,35
1655910524751,MATH 18,B02,083749,Ma; Zilu,0,0,36,36
1655910524751,MATH 18,B03,083750,Ma; Zilu,0,0,36,36
1655910524751,MATH 18,B04,083751,Ma; Zilu,0,0,36,36
1655910524751,MATH 18,B05,093473,Staff,0,0,36,36
1655910524751,MATH 18,B06,093474,Staff,0,0,36,36
1655910530775,MATH 20A,A01,083754,Zheng; Zequn,10,0,40,30
1655910536813,MATH 20B,A01,083756,Briones; Jor-el Thomas Caparas,0,1,36,36
1655910536813,MATH 20B,A02,083757,Briones; Jor-el Thomas Caparas,1,0,36,35
1655910536813,MATH 20B,A03,093475,Staff,1,0,36,35
1655910542849,MATH 20C,A01,083760,Briones; Jor-el Thomas Caparas,0,2,35,35
1655910542849,MATH 20C,A02,083761,Briones; Jor-el Thomas Caparas,6,1,35,29
1655910542849,MATH 20C,A03,093476,Staff,1,1,35,34
1655910542849,MATH 20C,B01,083762,Bach; Quang Tran,3,0,30,27
1655910548878,MATH 20D,A01,083765,Tran; Brian Kha,0,0,30,30
1655910548878,MATH 20D,A02,083766,Tran; Brian Kha,0,1,30,30
1655910548878,MATH 20D,A03,083767,Tran; Brian Kha,0,0,30,30
1655910554910,MATH 20E,A01,083771,Ganguly; Soumya,0,0,32,32
1655910554910,MATH 20E,A02,083772,Ganguly; Soumya,1,1,32,31
1655910554910,MATH 20E,B01,083773,Ciotti; Benjamin,14,0,35,21
1655910554910,MATH 20E,B02,083774,Ciotti; Benjamin,12,0,35,23
1655910560939,MATH 103A,A01,083777,Greenfeld; Be'Eri,2,1,36,34
1655910560939,MATH 103A,A02,083778,Greenfeld; Be'Eri,1,0,36,35
1655910560939,MATH 103A,A03,093561,Staff,0,1,36,36
1655910560939,MATH 103A,B01,083779,Greenfeld; Be'Eri,7,1,36,29
1655910560939,MATH 103A,B02,083780,Greenfeld; Be'Eri,1,0,36,35
1655910560939,MATH 103A,B03,093562,Staff,0,0,36,36
1655910566968,MATH 105,A01,085443,Carter; Anne Toulson,3,1,35,32
1655910566968,MATH 105,A02,093477,Staff,6,0,35,29
1655910573007,MATH 109,A01,083213,Ganzberger; Geoffrey Michael,0,1,34,34
1655910573007,MATH 109,A02,083214,Ganzberger; Geoffrey Michael,0,0,34,34
1655910573007,MATH 109,A03,093478,Staff,1,0,34,33
1655910573007,MATH 109,B01,083215,Ganzberger; Geoffrey Michael,2,0,32,30
1655910573007,MATH 109,B02,083216,Ganzberger; Geoffrey Michael,0,0,32,32
1655910573007,MATH 109,B03,093479,Staff,4,0,32,28
1655910579037,MATH 142A,A01,083219,Chow; Bennett,0,0,32,32
1655910579037,MATH 142A,A02,083220,Chow; Bennett,8,0,32,24
1655910579037,MATH 142A,A03,093480,Staff,4,0,32,28
1655910579037,MATH 142A,B03,093481,Staff,3,0,32,29
1655910579037,MATH 142A,B04,093558,Staff,6,0,32,26
1655910579037,MATH 142A,B05,093559,Staff,1,0,32,31
1655910585065,MATH 193A,A01,083224,Rotar; Vladimir,1,1,34,33
1655910585065,MATH 193A,A02,083225,Rotar; Vladimir,0,0,34,34
1655910585065,MATH 193A,A03,083781,Rotar; Vladimir,2,0,34,32
1655910585065,MATH 193A,A04,083782,Rotar; Vladimir,2,0,34,32
1655910585065,MATH 193A,A05,093482,Rotar; Vladimir,2,0,34,32
1655910591091,MATH 197,001,091859,McAuley; Julian John,9999,0,9999,0
1655910591091,MATH 197,002,095566,Kedlaya; Kiran S.,9997,0,9999,2
1655910591091,MATH 197,003,095567,Xiao; Ming,9999,0,9999,0
1655910591091,MATH 197,004,095571,Perols; Johan Lars,9998,0,9999,1
1655910598154,COGS 9,A01,083615,Shannon; Kyle Michael,1,1,75,74
1655910604180,COGS 11,A01,083617,Boyle; Mary E. T.,9,1,48,39
1655910610204,COGS 13,A01,083071,Bastos; Amalia Pinkusfeld,3,1,71,68
1655910616233,COGS 14A,A01,092681,Staff,2,26,100,98
1655910622257,COGS 14B,A01,083073,Cheng; Tzu-Han,7,0,63,56
1655910628284,COGS 17,A01,092677,Staff,8,6,81,73
1655910634309,COGS 100,A01,083619,Allen; Michael Gordon,2,2,70,68
1655910640333,COGS 101A,A01,083621,Davis; Joshua Daniel,4,3,68,64
1655910646355,COGS 101B,A01,091572,Allen; Michael Gordon,1,0,65,64
1655910652378,COGS 101C,A01,083625,Delgado; Tania,8,0,35,27
1655910658438,COGS 107A,A01,083627,Boyle; Mary E. T.,0,1,60,60
1655910664466,COGS 118A,A01,083075,Gupta; Anjum,17,16,76,59
1655910670490,CSE 3,A50,083646,Miranda; Gregory Joseph,13,0,50,37
1655910676607,CSE 8A,A50,083650,Miranda; Gregory Joseph,3,11,56,53
1655910682629,CSE 11,A01,083080,Cao; Yingjun,0,68,40,40
1655910688652,CSE 12,A01,083652,Krause-Levy; Sophia Louisa,6,8,120,114
1655910694676,CSE 15L,A01,083654,Morris; Justin Loren,3,1,50,47
1655910694676,CSE 15L,A02,083655,Morris; Justin Loren,0,0,50,50
1655910700703,CSE 20,A01,083657,Tran; Khoa Dang,29,0,80,51
1655910706736,CSE 21,A01,095574,Bach; Quang Tran,23,0,48,25
1655910712761,CSE 30,A01,083084,Eldon; John,2,11,80,78
1655910712761,CSE 30,B01,095061,Bhaskar; Nishant,0,4,50,50
1655910718784,CSE 100,A01,083659,Cao; Yingjun,2,25,70,68
1655910724811,CSE 134B,A01,083661,Powell; Thomas Allan,4,6,100,96
1655910730838,CSE 140,A01,083663,Gungor; Onat,4,0,85,81
1655910736869,CSE 140L,A01,083088,Eldon; John,4,0,100,96
1655910742901,CSE 175,A01,083665,Kumar; Rakesh,1,0,25,24
1655910748927,CSE 190,A00,092507,Dubnov; Shlomo,1,0,20,19
1655910754951,ECE 45,A01,083139,Congero; Spencer William,0,1,75,75
1655910760974,ECE 65,A50,083695,Saad; Andrew S,6,0,30,24
1655910760974,ECE 65,A51,095125,Staff,23,0,26,3
1655910767004,ECE 109,A01,091882,Touri; Behrouz,1,3,70,69
1655910773032,ECE 180,A00,083140,Abi Samra; Nicholas Camill,1,0,30,29
1655910773032,ECE 180,B00,083141,Abi Samra; Nicholas Camill,0,8,28,28
1655910779056,MATH 10A,A01,083735,Patchell; Gregory David,0,0,30,30
1655910779056,MATH 10A,A02,083736,Patchell; Gregory David,21,0,30,9
1655910779056,MATH 10A,A03,083737,Patchell; Gregory David,16,0,30,14
1655910785085,MATH 10B,A01,083207,Lim; Seonhee,1,1,34,33
1655910785085,MATH 10B,A02,083208,Lim; Seonhee,1,1,35,34
1655910785085,MATH 10B,A03,093472,Staff,1,0,34,33
1655910785085,MATH 10B,B01,083739,Sinha; Shubham,10,0,30,20
1655910791117,MATH 18,A01,083743,Cinel; Cameron Alexander,4,0,30,26
1655910791117,MATH 18,A02,083744,Cinel; Cameron Alexander,11,0,30,19
1655910791117,MATH 18,A03,083745,Cinel; Cameron Alexander,0,0,30,30
1655910791117,MATH 18,B01,083748,Ma; Zilu,1,0,36,35
1655910791117,MATH 18,B02,083749,Ma; Zilu,0,0,36,36
1655910791117,MATH 18,B03,083750,Ma; Zilu,0,0,36,36
1655910791117,MATH 18,B04,083751,Ma; Zilu,0,0,36,36
1655910791117,MATH 18,B05,093473,Staff,0,0,36,36
1655910791117,MATH 18,B06,093474,Staff,0,0,36,36
1655910797141,MATH 20A,A01,083754,Zheng; Zequn,10,0,40,30
1655910803171,MATH 20B,A01,083756,Briones; Jor-el Thomas Caparas,0,1,36,36
1655910803171,MATH 20B,A02,083757,Briones; Jor-el Thomas Caparas,1,0,36,35
1655910803171,MATH 20B,A03,093475,Staff,1,0,36,35
1655910809196,MATH 20C,A01,083760,Briones; Jor-el Thomas Caparas,0,2,35,35
1655910809196,MATH 20C,A02,083761,Briones; Jor-el Thomas Caparas,6,1,35,29
1655910809196,MATH 20C,A03,093476,Staff,1,1,35,34
1655910809196,MATH 20C,B01,083762,Bach; Quang Tran,3,0,30,27
1655910815225,MATH 20D,A01,083765,Tran; Brian Kha,0,0,30,30
1655910815225,MATH 20D,A02,083766,Tran; Brian Kha,0,1,30,30
1655910815225,MATH 20D,A03,083767,Tran; Brian Kha,0,0,30,30
1655910821253,MATH 20E,A01,083771,Ganguly; Soumya,0,0,32,32
1655910821253,MATH 20E,A02,083772,Ganguly; Soumya,1,1,32,31
1655910821253,MATH 20E,B01,083773,Ciotti; Benjamin,14,0,35,21
1655910821253,MATH 20E,B02,083774,Ciotti; Benjamin,12,0,35,23
1655910827294,MATH 103A,A01,083777,Greenfeld; Be'Eri,2,1,36,34
1655910827294,MATH 103A,A02,083778,Greenfeld; Be'Eri,1,0,36,35
1655910827294,MATH 103A,A03,093561,Staff,0,1,36,36
1655910827294,MATH 103A,B01,083779,Greenfeld; Be'Eri,7,1,36,29
1655910827294,MATH 103A,B02,083780,Greenfeld; Be'Eri,1,0,36,35
1655910827294,MATH 103A,B03,093562,Staff,0,0,36,36
1655910833318,MATH 105,A01,085443,Carter; Anne Toulson,3,1,35,32
1655910833318,MATH 105,A02,093477,Staff,6,0,35,29
1655910839343,MATH 109,A01,083213,Ganzberger; Geoffrey Michael,0,1,34,34
1655910839343,MATH 109,A02,083214,Ganzberger; Geoffrey Michael,0,0,34,34
1655910839343,MATH 109,A03,093478,Staff,1,0,34,33
1655910839343,MATH 109,B01,083215,Ganzberger; Geoffrey Michael,2,0,32,30
1655910839343,MATH 109,B02,083216,Ganzberger; Geoffrey Michael,0,0,32,32
1655910839343,MATH 109,B03,093479,Staff,4,0,32,28
1655910845366,MATH 142A,A01,083219,Chow; Bennett,0,0,32,32
1655910845366,MATH 142A,A02,083220,Chow; Bennett,8,0,32,24
1655910845366,MATH 142A,A03,093480,Staff,4,0,32,28
1655910845366,MATH 142A,B03,093481,Staff,3,0,32,29
1655910845366,MATH 142A,B04,093558,Staff,6,0,32,26
1655910845366,MATH 142A,B05,093559,Staff,1,0,32,31
1655910851391,MATH 193A,A01,083224,Rotar; Vladimir,1,1,34,33
1655910851391,MATH 193A,A02,083225,Rotar; Vladimir,0,0,34,34
1655910851391,MATH 193A,A03,083781,Rotar; Vladimir,2,0,34,32
1655910851391,MATH 193A,A04,083782,Rotar; Vladimir,2,0,34,32
1655910851391,MATH 193A,A05,093482,Rotar; Vladimir,2,0,34,32
1655910857418,MATH 197,001,091859,McAuley; Julian John,9999,0,9999,0
1655910857418,MATH 197,002,095566,Kedlaya; Kiran S.,9997,0,9999,2
1655910857418,MATH 197,003,095567,Xiao; Ming,9999,0,9999,0
1655910857418,MATH 197,004,095571,Perols; Johan Lars,9998,0,9999,1
1655910864473,COGS 9,A01,083615,Shannon; Kyle Michael,1,1,75,74
1655910870501,COGS 11,A01,083617,Boyle; Mary E. T.,9,1,48,39
1655910876528,COGS 13,A01,083071,Bastos; Amalia Pinkusfeld,3,1,71,68
1655910882550,COGS 14A,A01,092681,Staff,2,26,100,98
1655910888574,COGS 14B,A01,083073,Cheng; Tzu-Han,7,0,63,56
1655910894597,COGS 17,A01,092677,Staff,8,6,81,73
1655910900621,COGS 100,A01,083619,Allen; Michael Gordon,2,2,70,68
1655910906648,COGS 101A,A01,083621,Davis; Joshua Daniel,4,3,68,64
1655910912670,COGS 101B,A01,091572,Allen; Michael Gordon,1,0,65,64
1655910918704,COGS 101C,A01,083625,Delgado; Tania,8,0,35,27
1655910924732,COGS 107A,A01,083627,Boyle; Mary E. T.,0,1,60,60
1655910930753,COGS 118A,A01,083075,Gupta; Anjum,17,16,76,59
1655910936775,CSE 3,A50,083646,Miranda; Gregory Joseph,13,0,50,37
1655910942801,CSE 8A,A50,083650,Miranda; Gregory Joseph,3,11,56,53
1655910948824,CSE 11,A01,083080,Cao; Yingjun,0,68,40,40
1655910954847,CSE 12,A01,083652,Krause-Levy; Sophia Louisa,6,8,120,114
1655910960873,CSE 15L,A01,083654,Morris; Justin Loren,3,1,50,47
1655910960873,CSE 15L,A02,083655,Morris; Justin Loren,0,0,50,50
1655910966909,CSE 20,A01,083657,Tran; Khoa Dang,29,0,80,51
1655910972935,CSE 21,A01,095574,Bach; Quang Tran,23,0,48,25
1655910978960,CSE 30,A01,083084,Eldon; John,2,11,80,78
1655910978960,CSE 30,B01,095061,Bhaskar; Nishant,0,4,50,50
1655910984989,CSE 100,A01,083659,Cao; Yingjun,2,25,70,68
1655910991013,CSE 134B,A01,083661,Powell; Thomas Allan,4,6,100,96
1655910997036,CSE 140,A01,083663,Gungor; Onat,4,0,85,81
1655911003067,CSE 140L,A01,083088,Eldon; John,4,0,100,96
1655911009093,CSE 175,A01,083665,Kumar; Rakesh,1,0,25,24
1655911015119,CSE 190,A00,092507,Dubnov; Shlomo,1,0,20,19
1655911021142,ECE 45,A01,083139,Congero; Spencer William,0,1,75,75
1655911027167,ECE 65,A50,083695,Saad; Andrew S,6,0,30,24
1655911027167,ECE 65,A51,095125,Staff,23,0,26,3
1655911033193,ECE 109,A01,091882,Touri; Behrouz,1,3,70,69
1655911039216,ECE 180,A00,083140,Abi Samra; Nicholas Camill,1,0,30,29
1655911039216,ECE 180,B00,083141,Abi Samra; Nicholas Camill,0,8,28,28
1655911045247,MATH 10A,A01,083735,Patchell; Gregory David,0,0,30,30
1655911045247,MATH 10A,A02,083736,Patchell; Gregory David,21,0,30,9
1655911045247,MATH 10A,A03,083737,Patchell; Gregory David,16,0,30,14
1655911051277,MATH 10B,A01,083207,Lim; Seonhee,1,1,34,33
1655911051277,MATH 10B,A02,083208,Lim; Seonhee,1,1,35,34
1655911051277,MATH 10B,A03,093472,Staff,1,0,34,33
1655911051277,MATH 10B,B01,083739,Sinha; Shubham,10,0,30,20
1655911057308,MATH 18,A01,083743,Cinel; Cameron Alexander,4,0,30,26
1655911057308,MATH 18,A02,083744,Cinel; Cameron Alexander,11,0,30,19
1655911057308,MATH 18,A03,083745,Cinel; Cameron Alexander,0,0,30,30
1655911057308,MATH 18,B01,083748,Ma; Zilu,1,0,36,35
1655911057308,MATH 18,B02,083749,Ma; Zilu,0,0,36,36
1655911057308,MATH 18,B03,083750,Ma; Zilu,0,0,36,36
1655911057308,MATH 18,B04,083751,Ma; Zilu,0,0,36,36
1655911057308,MATH 18,B05,093473,Staff,0,0,36,36
1655911057308,MATH 18,B06,093474,Staff,0,0,36,36
1655911063332,MATH 20A,A01,083754,Zheng; Zequn,10,0,40,30
1655911069358,MATH 20B,A01,083756,Briones; Jor-el Thomas Caparas,0,1,36,36
1655911069358,MATH 20B,A02,083757,Briones; Jor-el Thomas Caparas,1,0,36,35
1655911069358,MATH 20B,A03,093475,Staff,1,0,36,35
1655911075383,MATH 20C,A01,083760,Briones; Jor-el Thomas Caparas,0,2,35,35
1655911075383,MATH 20C,A02,083761,Briones; Jor-el Thomas Caparas,6,1,35,29
1655911075383,MATH 20C,A03,093476,Staff,1,1,35,34
1655911075383,MATH 20C,B01,083762,Bach; Quang Tran,3,0,30,27
1655911081407,MATH 20D,A01,083765,Tran; Brian Kha,0,0,30,30
1655911081407,MATH 20D,A02,083766,Tran; Brian Kha,0,1,30,30
1655911081407,MATH 20D,A03,083767,Tran; Brian Kha,0,0,30,30
1655911087430,MATH 20E,A01,083771,Ganguly; Soumya,0,0,32,32
1655911087430,MATH 20E,A02,083772,Ganguly; Soumya,1,1,32,31
1655911087430,MATH 20E,B01,083773,Ciotti; Benjamin,14,0,35,21
1655911087430,MATH 20E,B02,083774,Ciotti; Benjamin,12,0,35,23
1655911093453,MATH 103A,A01,083777,Greenfeld; Be'Eri,2,1,36,34
1655911093453,MATH 103A,A02,083778,Greenfeld; Be'Eri,1,0,36,35
1655911093453,MATH 103A,A03,093561,Staff,0,1,36,36
1655911093453,MATH 103A,B01,083779,Greenfeld; Be'Eri,7,1,36,29
1655911093453,MATH 103A,B02,083780,Greenfeld; Be'Eri,1,0,36,35
1655911093453,MATH 103A,B03,093562,Staff,0,0,36,36
1655911099481,MATH 105,A01,085443,Carter; Anne Toulson,3,1,35,32
1655911099481,MATH 105,A02,093477,Staff,6,0,35,29
1655911105507,MATH 109,A01,083213,Ganzberger; Geoffrey Michael,0,1,34,34
1655911105507,MATH 109,A02,083214,Ganzberger; Geoffrey Michael,0,0,34,34
1655911105507,MATH 109,A03,093478,Staff,1,0,34,33
1655911105507,MATH 109,B01,083215,Ganzberger; Geoffrey Michael,2,0,32,30
1655911105507,MATH 109,B02,083216,Ganzberger; Geoffrey Michael,0,0,32,32
1655911105507,MATH 109,B03,093479,Staff,4,0,32,28
1655911111532,MATH 142A,A01,083219,Chow; Bennett,0,0,32,32
1655911111532,MATH 142A,A02,083220,Chow; Bennett,8,0,32,24
1655911111532,MATH 142A,A03,093480,Staff,4,0,32,28
1655911111532,MATH 142A,B03,093481,Staff,3,0,32,29
1655911111532,MATH 142A,B04,093558,Staff,6,0,32,26
1655911111532,MATH 142A,B05,093559,Staff,1,0,32,31
1655911117570,MATH 193A,A01,083224,Rotar; Vladimir,1,1,34,33
1655911117570,MATH 193A,A02,083225,Rotar; Vladimir,0,0,34,34
1655911117570,MATH 193A,A03,083781,Rotar; Vladimir,2,0,34,32
1655911117570,MATH 193A,A04,083782,Rotar; Vladimir,2,0,34,32
1655911117570,MATH 193A,A05,093482,Rotar; Vladimir,2,0,34,32
1655911123605,MATH 197,001,091859,McAuley; Julian John,9999,0,9999,0
1655911123605,MATH 197,002,095566,Kedlaya; Kiran S.,9997,0,9999,2
1655911123605,MATH 197,003,095567,Xiao; Ming,9999,0,9999,0
1655911123605,MATH 197,004,095571,Perols; Johan Lars,9998,0,9999,1
1655911130662,COGS 9,A01,083615,Shannon; Kyle Michael,1,1,75,74
1655911136687,COGS 11,A01,083617,Boyle; Mary E. T.,9,1,48,39
1655911142713,COGS 13,A01,083071,Bastos; Amalia Pinkusfeld,3,1,71,68
1655911148737,COGS 14A,A01,092681,Staff,2,26,100,98
1655911154765,COGS 14B,A01,083073,Cheng; Tzu-Han,7,0,63,56
1655911160791,COGS 17,A01,092677,Staff,8,6,81,73
1655911166823,COGS 100,A01,083619,Allen; Michael Gordon,2,2,70,68
1655911172846,COGS 101A,A01,083621,Davis; Joshua Daniel,4,3,68,64
1655911178880,COGS 101B,A01,091572,Allen; Michael Gordon,1,0,65,64
1655911184909,COGS 101C,A01,083625,Delgado; Tania,8,0,35,27
1655911190931,COGS 107A,A01,083627,Boyle; Mary E. T.,0,1,60,60
1655911196959,COGS 118A,A01,083075,Gupta; Anjum,17,16,76,59
1655911202988,CSE 3,A50,083646,Miranda; Gregory Joseph,13,0,50,37
1655911209021,CSE 8A,A50,083650,Miranda; Gregory Joseph,3,11,56,53
1655911215046,CSE 11,A01,083080,Cao; Yingjun,0,68,40,40
1655911221509,CSE 12,A01,083652,Krause-Levy; Sophia Louisa,6,8,120,114
1655911227532,CSE 15L,A01,083654,Morris; Justin Loren,3,1,50,47
1655911227532,CSE 15L,A02,083655,Morris; Justin Loren,0,0,50,50
1655911233556,CSE 20,A01,083657,Tran; Khoa Dang,29,0,80,51
1655911239585,CSE 21,A01,095574,Bach; Quang Tran,23,0,48,25
1655911245620,CSE 30,A01,083084,Eldon; John,2,11,80,78
1655911245620,CSE 30,B01,095061,Bhaskar; Nishant,0,4,50,50
1655911251644,CSE 100,A01,083659,Cao; Yingjun,2,25,70,68
1655911257672,CSE 134B,A01,083661,Powell; Thomas Allan,4,6,100,96
1655911263695,CSE 140,A01,083663,Gungor; Onat,4,0,85,81
1655911269734,CSE 140L,A01,083088,Eldon; John,4,0,100,96
1655911275846,CSE 175,A01,083665,Kumar; Rakesh,1,0,25,24
1655911281874,CSE 190,A00,092507,Dubnov; Shlomo,1,0,20,19
1655911287903,ECE 45,A01,083139,Congero; Spencer William,0,1,75,75
1655911293927,ECE 65,A50,083695,Saad; Andrew S,6,0,30,24
1655911293927,ECE 65,A51,095125,Staff,23,0,26,3
1655911299951,ECE 109,A01,091882,Touri; Behrouz,1,3,70,69
1655911305986,ECE 180,A00,083140,Abi Samra; Nicholas Camill,1,0,30,29
1655911305986,ECE 180,B00,083141,Abi Samra; Nicholas Camill,0,8,28,28
1655911312011,MATH 10A,A01,083735,Patchell; Gregory David,0,0,30,30
1655911312011,MATH 10A,A02,083736,Patchell; Gregory David,21,0,30,9
1655911312011,MATH 10A,A03,083737,Patchell; Gregory David,16,0,30,14
1655911318039,MATH 10B,A01,083207,Lim; Seonhee,1,1,34,33
1655911318039,MATH 10B,A02,083208,Lim; Seonhee,1,1,35,34
1655911318039,MATH 10B,A03,093472,Staff,1,0,34,33
1655911318039,MATH 10B,B01,083739,Sinha; Shubham,10,0,30,20
1655911324065,MATH 18,A01,083743,Cinel; Cameron Alexander,4,0,30,26
1655911324065,MATH 18,A02,083744,Cinel; Cameron Alexander,11,0,30,19
1655911324065,MATH 18,A03,083745,Cinel; Cameron Alexander,0,0,30,30
1655911324065,MATH 18,B01,083748,Ma; Zilu,1,0,36,35
1655911324065,MATH 18,B02,083749,Ma; Zilu,0,0,36,36
1655911324065,MATH 18,B03,083750,Ma; Zilu,0,0,36,36
1655911324065,MATH 18,B04,083751,Ma; Zilu,0,0,36,36
1655911324065,MATH 18,B05,093473,Staff,0,0,36,36
1655911324065,MATH 18,B06,093474,Staff,0,0,36,36
1655911330094,MATH 20A,A01,083754,Zheng; Zequn,10,0,40,30
1655911336117,MATH 20B,A01,083756,Briones; Jor-el Thomas Caparas,0,1,36,36
1655911336117,MATH 20B,A02,083757,Briones; Jor-el Thomas Caparas,1,0,36,35
1655911336117,MATH 20B,A03,093475,Staff,1,0,36,35
1655911342146,MATH 20C,A01,083760,Briones; Jor-el Thomas Caparas,0,2,35,35
1655911342146,MATH 20C,A02,083761,Briones; Jor-el Thomas Caparas,6,1,35,29
1655911342146,MATH 20C,A03,093476,Staff,1,1,35,34
1655911342146,MATH 20C,B01,083762,Bach; Quang Tran,3,0,30,27
1655911348174,MATH 20D,A01,083765,Tran; Brian Kha,0,0,30,30
1655911348174,MATH 20D,A02,083766,Tran; Brian Kha,0,1,30,30
1655911348174,MATH 20D,A03,083767,Tran; Brian Kha,0,0,30,30
1655911354210,MATH 20E,A01,083771,Ganguly; Soumya,0,0,32,32
1655911354210,MATH 20E,A02,083772,Ganguly; Soumya,1,1,32,31
1655911354210,MATH 20E,B01,083773,Ciotti; Benjamin,14,0,35,21
1655911354210,MATH 20E,B02,083774,Ciotti; Benjamin,12,0,35,23
1655911360240,MATH 103A,A01,083777,Greenfeld; Be'Eri,2,1,36,34
1655911360240,MATH 103A,A02,083778,Greenfeld; Be'Eri,1,0,36,35
1655911360240,MATH 103A,A03,093561,Staff,0,1,36,36
1655911360240,MATH 103A,B01,083779,Greenfeld; Be'Eri,7,1,36,29
1655911360240,MATH 103A,B02,083780,Greenfeld; Be'Eri,1,0,36,35
1655911360240,MATH 103A,B03,093562,Staff,0,0,36,36
1655911366268,MATH 105,A01,085443,Carter; Anne Toulson,3,1,35,32
1655911366268,MATH 105,A02,093477,Staff,6,0,35,29
1655911372294,MATH 109,A01,083213,Ganzberger; Geoffrey Michael,0,1,34,34
1655911372294,MATH 109,A02,083214,Ganzberger; Geoffrey Michael,0,0,34,34
1655911372294,MATH 109,A03,093478,Staff,1,0,34,33
1655911372294,MATH 109,B01,083215,Ganzberger; Geoffrey Michael,2,0,32,30
1655911372294,MATH 109,B02,083216,Ganzberger; Geoffrey Michael,0,0,32,32
1655911372294,MATH 109,B03,093479,Staff,4,0,32,28
1655911378327,MATH 142A,A01,083219,Chow; Bennett,0,0,32,32
1655911378327,MATH 142A,A02,083220,Chow; Bennett,8,0,32,24
1655911378327,MATH 142A,A03,093480,Staff,4,0,32,28
1655911378327,MATH 142A,B03,093481,Staff,3,0,32,29
1655911378327,MATH 142A,B04,093558,Staff,6,0,32,26
1655911378327,MATH 142A,B05,093559,Staff,1,0,32,31
1655911384350,MATH 193A,A01,083224,Rotar; Vladimir,1,1,34,33
1655911384350,MATH 193A,A02,083225,Rotar; Vladimir,0,0,34,34
1655911384350,MATH 193A,A03,083781,Rotar; Vladimir,2,0,34,32
1655911384350,MATH 193A,A04,083782,Rotar; Vladimir,2,0,34,32
1655911384350,MATH 193A,A05,093482,Rotar; Vladimir,2,0,34,32
1655911390380,MATH 197,001,091859,McAuley; Julian John,9999,0,9999,0
1655911390380,MATH 197,002,095566,Kedlaya; Kiran S.,9997,0,9999,2
1655911390380,MATH 197,003,095567,Xiao; Ming,9999,0,9999,0
1655911390380,MATH 197,004,095571,Perols; Johan Lars,9998,0,9999,1
1655911397452,COGS 9,A01,083615,Shannon; Kyle Michael,1,1,75,74
1655911403487,COGS 11,A01,083617,Boyle; Mary E. T.,9,1,48,39
1655911409516,COGS 13,A01,083071,Bastos; Amalia Pinkusfeld,3,1,71,68
1655911415553,COGS 14A,A01,092681,Staff,2,26,100,98
1655911421578,COGS 14B,A01,083073,Cheng; Tzu-Han,7,0,63,56
1655911427604,COGS 17,A01,092677,Staff,8,6,81,73
1655911433632,COGS 100,A01,083619,Allen; Michael Gordon,2,2,70,68
1655911439661,COGS 101A,A01,083621,Davis; Joshua Daniel,4,3,68,64
1655911445688,COGS 101B,A01,091572,Allen; Michael Gordon,1,0,65,64
1655911451713,COGS 101C,A01,083625,Delgado; Tania,8,0,35,27
1655911457737,COGS 107A,A01,083627,Boyle; Mary E. T.,0,1,60,60
1655911463761,COGS 118A,A01,083075,Gupta; Anjum,17,16,76,59
1655911469787,CSE 3,A50,083646,Miranda; Gregory Joseph,13,0,50,37
1655911475820,CSE 8A,A50,083650,Miranda; Gregory Joseph,3,11,56,53
1655911481847,CSE 11,A01,083080,Cao; Yingjun,0,68,40,40
1655911487872,CSE 12,A01,083652,Krause-Levy; Sophia Louisa,6,8,120,114
1655911493899,CSE 15L,A01,083654,Morris; Justin Loren,3,1,50,47
1655911493899,CSE 15L,A02,083655,Morris; Justin Loren,0,0,50,50
1655911499939,CSE 20,A01,083657,Tran; Khoa Dang,29,0,80,51
1655911505963,CSE 21,A01,095574,Bach; Quang Tran,23,0,48,25
1655911511988,CSE 30,A01,083084,Eldon; John,2,11,80,78
1655911511988,CSE 30,B01,095061,Bhaskar; Nishant,0,4,50,50
1655911518027,CSE 100,A01,083659,Cao; Yingjun,2,25,70,68
1655911524060,CSE 134B,A01,083661,Powell; Thomas Allan,4,6,100,96
1655911530090,CSE 140,A01,083663,Gungor; Onat,4,0,85,81
1655911536118,CSE 140L,A01,083088,Eldon; John,4,0,100,96
1655911542143,CSE 175,A01,083665,Kumar; Rakesh,1,0,25,24
1655911548170,CSE 190,A00,092507,Dubnov; Shlomo,1,0,20,19
1655911554198,ECE 45,A01,083139,Congero; Spencer William,0,1,75,75
1655911560222,ECE 65,A50,083695,Saad; Andrew S,6,0,30,24
1655911560222,ECE 65,A51,095125,Staff,23,0,26,3
1655911566255,ECE 109,A01,091882,Touri; Behrouz,1,3,70,69
1655911572286,ECE 180,A00,083140,Abi Samra; Nicholas Camill,1,0,30,29
1655911572286,ECE 180,B00,083141,Abi Samra; Nicholas Camill,0,8,28,28
1655911578318,MATH 10A,A01,083735,Patchell; Gregory David,0,0,30,30
1655911578318,MATH 10A,A02,083736,Patchell; Gregory David,21,0,30,9
1655911578318,MATH 10A,A03,083737,Patchell; Gregory David,16,0,30,14
1655911584347,MATH 10B,A01,083207,Lim; Seonhee,1,1,34,33
1655911584347,MATH 10B,A02,083208,Lim; Seonhee,1,1,35,34
1655911584347,MATH 10B,A03,093472,Staff,1,0,34,33
1655911584347,MATH 10B,B01,083739,Sinha; Shubham,10,0,30,20
1655911590372,MATH 18,A01,083743,Cinel; Cameron Alexander,4,0,30,26
1655911590372,MATH 18,A02,083744,Cinel; Cameron Alexander,11,0,30,19
1655911590372,MATH 18,A03,083745,Cinel; Cameron Alexander,0,0,30,30
1655911590372,MATH 18,B01,083748,Ma; Zilu,1,0,36,35
1655911590372,MATH 18,B02,083749,Ma; Zilu,0,0,36,36
1655911590372,MATH 18,B03,083750,Ma; Zilu,0,0,36,36
1655911590372,MATH 18,B04,083751,Ma; Zilu,0,0,36,36
1655911590372,MATH 18,B05,093473,Staff,0,0,36,36
1655911590372,MATH 18,B06,093474,Staff,0,0,36,36
1655911596399,MATH 20A,A01,083754,Zheng; Zequn,10,0,40,30
1655911602431,MATH 20B,A01,083756,Briones; Jor-el Thomas Caparas,0,1,36,36
1655911602431,MATH 20B,A02,083757,Briones; Jor-el Thomas Caparas,1,0,36,35
1655911602431,MATH 20B,A03,093475,Staff,1,0,36,35
1655911608459,MATH 20C,A01,083760,Briones; Jor-el Thomas Caparas,0,2,35,35
1655911608459,MATH 20C,A02,083761,Briones; Jor-el Thomas Caparas,6,1,35,29
1655911608459,MATH 20C,A03,093476,Staff,1,1,35,34
1655911608459,MATH 20C,B01,083762,Bach; Quang Tran,3,0,30,27
1655911614487,MATH 20D,A01,083765,Tran; Brian Kha,0,0,30,30
1655911614487,MATH 20D,A02,083766,Tran; Brian Kha,0,1,30,30
1655911614487,MATH 20D,A03,083767,Tran; Brian Kha,0,0,30,30
1655911620517,MATH 20E,A01,083771,Ganguly; Soumya,0,0,32,32
1655911620517,MATH 20E,A02,083772,Ganguly; Soumya,1,1,32,31
1655911620517,MATH 20E,B01,083773,Ciotti; Benjamin,14,0,35,21
1655911620517,MATH 20E,B02,083774,Ciotti; Benjamin,12,0,35,23
1655911626547,MATH 103A,A01,083777,Greenfeld; Be'Eri,2,1,36,34
1655911626547,MATH 103A,A02,083778,Greenfeld; Be'Eri,1,0,36,35
1655911626547,MATH 103A,A03,093561,Staff,0,1,36,36
1655911626547,MATH 103A,B01,083779,Greenfeld; Be'Eri,7,1,36,29
1655911626547,MATH 103A,B02,083780,Greenfeld; Be'Eri,1,0,36,35
1655911626547,MATH 103A,B03,093562,Staff,0,0,36,36
1655911632572,MATH 105,A01,085443,Carter; Anne Toulson,3,1,35,32
1655911632572,MATH 105,A02,093477,Staff,6,0,35,29
1655911638597,MATH 109,A01,083213,Ganzberger; Geoffrey Michael,0,1,34,34
1655911638597,MATH 109,A02,083214,Ganzberger; Geoffrey Michael,0,0,34,34
1655911638597,MATH 109,A03,093478,Staff,1,0,34,33
1655911638597,MATH 109,B01,083215,Ganzberger; Geoffrey Michael,2,0,32,30
1655911638597,MATH 109,B02,083216,Ganzberger; Geoffrey Michael,0,0,32,32
1655911638597,MATH 109,B03,093479,Staff,4,0,32,28
1655911644627,MATH 142A,A01,083219,Chow; Bennett,0,0,32,32
1655911644627,MATH 142A,A02,083220,Chow; Bennett,8,0,32,24
1655911644627,MATH 142A,A03,093480,Staff,4,0,32,28
1655911644627,MATH 142A,B03,093481,Staff,3,0,32,29
1655911644627,MATH 142A,B04,093558,Staff,6,0,32,26
1655911644627,MATH 142A,B05,093559,Staff,1,0,32,31
1655911650653,MATH 193A,A01,083224,Rotar; Vladimir,1,1,34,33
1655911650653,MATH 193A,A02,083225,Rotar; Vladimir,0,0,34,34
1655911650653,MATH 193A,A03,083781,Rotar; Vladimir,2,0,34,32
1655911650653,MATH 193A,A04,083782,Rotar; Vladimir,2,0,34,32
1655911650653,MATH 193A,A05,093482,Rotar; Vladimir,2,0,34,32
1655911656681,MATH 197,001,091859,McAuley; Julian John,9999,0,9999,0
1655911656681,MATH 197,002,095566,Kedlaya; Kiran S.,9997,0,9999,2
1655911656681,MATH 197,003,095567,Xiao; Ming,9999,0,9999,0
1655911656681,MATH 197,004,095571,Perols; Johan Lars,9998,0,9999,1
1655911663743,COGS 9,A01,083615,Shannon; Kyle Michael,1,1,75,74
1655911669767,COGS 11,A01,083617,Boyle; Mary E. T.,9,1,48,39
1655911675794,COGS 13,A01,083071,Bastos; Amalia Pinkusfeld,3,1,71,68
1655911681819,COGS 14A,A01,092681,Staff,2,26,100,98
1655911687843,COGS 14B,A01,083073,Cheng; Tzu-Han,7,0,63,56
1655911693868,COGS 17,A01,092677,Staff,8,6,81,73
1655911699894,COGS 100,A01,083619,Allen; Michael Gordon,2,2,70,68
1655911705918,COGS 101A,A01,083621,Davis; Joshua Daniel,4,3,68,64
1655911711953,COGS 101B,A01,091572,Allen; Michael Gordon,1,0,65,64
1655911717976,COGS 101C,A01,083625,Delgado; Tania,8,0,35,27
1655911724003,COGS 107A,A01,083627,Boyle; Mary E. T.,0,1,60,60
1655911730026,COGS 118A,A01,083075,Gupta; Anjum,17,16,76,59
1655911736048,CSE 3,A50,083646,Miranda; Gregory Joseph,13,0,50,37
1655911742071,CSE 8A,A50,083650,Miranda; Gregory Joseph,3,11,56,53
1655911748097,CSE 11,A01,083080,Cao; Yingjun,0,68,40,40
1655911754132,CSE 12,A01,083652,Krause-Levy; Sophia Louisa,6,8,120,114
1655911760158,CSE 15L,A01,083654,Morris; Justin Loren,3,1,50,47
1655911760158,CSE 15L,A02,083655,Morris; Justin Loren,0,0,50,50
1655911766185,CSE 20,A01,083657,Tran; Khoa Dang,29,0,80,51
1655911772216,CSE 21,A01,095574,Bach; Quang Tran,23,0,48,25
1655911778253,CSE 30,A01,083084,Eldon; John,2,11,80,78
1655911778253,CSE 30,B01,095061,Bhaskar; Nishant,0,4,50,50
1655911784283,CSE 100,A01,083659,Cao; Yingjun,2,25,70,68
1655911790310,CSE 134B,A01,083661,Powell; Thomas Allan,4,6,100,96
1655911796340,CSE 140,A01,083663,Gungor; Onat,4,0,85,81
1655911802361,CSE 140L,A01,083088,Eldon; John,4,0,100,96
1655911808388,CSE 175,A01,083665,Kumar; Rakesh,1,0,25,24
1655911814419,CSE 190,A00,092507,Dubnov; Shlomo,1,0,20,19
1655911820443,ECE 45,A01,083139,Congero; Spencer William,0,1,75,75
1655911826475,ECE 65,A50,083695,Saad; Andrew S,6,0,30,24
1655911826475,ECE 65,A51,095125,Staff,23,0,26,3
1655911832498,ECE 109,A01,091882,Touri; Behrouz,1,3,70,69
1655911838527,ECE 180,A00,083140,Abi Samra; Nicholas Camill,1,0,30,29
1655911838527,ECE 180,B00,083141,Abi Samra; Nicholas Camill,0,8,28,28
1655911844556,MATH 10A,A01,083735,Patchell; Gregory David,0,0,30,30
1655911844556,MATH 10A,A02,083736,Patchell; Gregory David,21,0,30,9
1655911844556,MATH 10A,A03,083737,Patchell; Gregory David,16,0,30,14
1655911850586,MATH 10B,A01,083207,Lim; Seonhee,1,1,34,33
1655911850586,MATH 10B,A02,083208,Lim; Seonhee,1,1,35,34
1655911850586,MATH 10B,A03,093472,Staff,1,0,34,33
1655911850586,MATH 10B,B01,083739,Sinha; Shubham,10,0,30,20
1655911856630,MATH 18,A01,083743,Cinel; Cameron Alexander,4,0,30,26
1655911856630,MATH 18,A02,083744,Cinel; Cameron Alexander,11,0,30,19
1655911856630,MATH 18,A03,083745,Cinel; Cameron Alexander,0,0,30,30
1655911856630,MATH 18,B01,083748,Ma; Zilu,1,0,36,35
1655911856630,MATH 18,B02,083749,Ma; Zilu,0,0,36,36
1655911856630,MATH 18,B03,083750,Ma; Zilu,0,0,36,36
1655911856630,MATH 18,B04,083751,Ma; Zilu,0,0,36,36
1655911856630,MATH 18,B05,093473,Staff,0,0,36,36
1655911856630,MATH 18,B06,093474,Staff,0,0,36,36
1655911862657,MATH 20A,A01,083754,Zheng; Zequn,10,0,40,30
1655911868682,MATH 20B,A01,083756,Briones; Jor-el Thomas Caparas,0,1,36,36
1655911868682,MATH 20B,A02,083757,Briones; Jor-el Thomas Caparas,1,0,36,35
1655911868682,MATH 20B,A03,093475,Staff,1,0,36,35
1655911874785,MATH 20C,A01,083760,Briones; Jor-el Thomas Caparas,0,2,35,35
1655911874785,MATH 20C,A02,083761,Briones; Jor-el Thomas Caparas,6,1,35,29
1655911874785,MATH 20C,A03,093476,Staff,1,1,35,34
1655911874785,MATH 20C,B01,083762,Bach; Quang Tran,3,0,30,27
1655911880810,MATH 20D,A01,083765,Tran; Brian Kha,0,0,30,30
1655911880810,MATH 20D,A02,083766,Tran; Brian Kha,0,1,30,30
1655911880810,MATH 20D,A03,083767,Tran; Brian Kha,0,0,30,30
1655911886836,MATH 20E,A01,083771,Ganguly; Soumya,0,0,32,32
1655911886836,MATH 20E,A02,083772,Ganguly; Soumya,1,1,32,31
1655911886836,MATH 20E,B01,083773,Ciotti; Benjamin,14,0,35,21
1655911886836,MATH 20E,B02,083774,Ciotti; Benjamin,12,0,35,23
1655911892869,MATH 103A,A01,083777,Greenfeld; Be'Eri,2,1,36,34
1655911892869,MATH 103A,A02,083778,Greenfeld; Be'Eri,1,0,36,35
1655911892869,MATH 103A,A03,093561,Staff,0,1,36,36
1655911892869,MATH 103A,B01,083779,Greenfeld; Be'Eri,7,1,36,29
1655911892869,MATH 103A,B02,083780,Greenfeld; Be'Eri,1,0,36,35
1655911892869,MATH 103A,B03,093562,Staff,0,0,36,36
1655911898896,MATH 105,A01,085443,Carter; Anne Toulson,3,1,35,32
1655911898896,MATH 105,A02,093477,Staff,6,0,35,29
1655911904922,MATH 109,A01,083213,Ganzberger; Geoffrey Michael,0,1,34,34
1655911904922,MATH 109,A02,083214,Ganzberger; Geoffrey Michael,0,0,34,34
1655911904922,MATH 109,A03,093478,Staff,1,0,34,33
1655911904922,MATH 109,B01,083215,Ganzberger; Geoffrey Michael,2,0,32,30
1655911904922,MATH 109,B02,083216,Ganzberger; Geoffrey Michael,0,0,32,32
1655911904922,MATH 109,B03,093479,Staff,4,0,32,28
1655911910945,MATH 142A,A01,083219,Chow; Bennett,0,0,32,32
1655911910945,MATH 142A,A02,083220,Chow; Bennett,8,0,32,24
1655911910945,MATH 142A,A03,093480,Staff,4,0,32,28
1655911910945,MATH 142A,B03,093481,Staff,3,0,32,29
1655911910945,MATH 142A,B04,093558,Staff,6,0,32,26
1655911910945,MATH 142A,B05,093559,Staff,1,0,32,31
1655911916970,MATH 193A,A01,083224,Rotar; Vladimir,1,1,34,33
1655911916970,MATH 193A,A02,083225,Rotar; Vladimir,0,0,34,34
1655911916970,MATH 193A,A03,083781,Rotar; Vladimir,2,0,34,32
1655911916970,MATH 193A,A04,083782,Rotar; Vladimir,2,0,34,32
1655911916970,MATH 193A,A05,093482,Rotar; Vladimir,2,0,34,32
1655911923015,MATH 197,001,091859,McAuley; Julian John,9999,0,9999,0
1655911923015,MATH 197,002,095566,Kedlaya; Kiran S.,9997,0,9999,2
1655911923015,MATH 197,003,095567,Xiao; Ming,9999,0,9999,0
1655911923015,MATH 197,004,095571,Perols; Johan Lars,9998,0,9999,1
1655911930076,COGS 9,A01,083615,Shannon; Kyle Michael,1,1,75,74
1655911936103,COGS 11,A01,083617,Boyle; Mary E. T.,9,1,48,39
1655911942126,COGS 13,A01,083071,Bastos; Amalia Pinkusfeld,3,1,71,68
1655911948161,COGS 14A,A01,092681,Staff,2,26,100,98
1655911954183,COGS 14B,A01,083073,Cheng; Tzu-Han,7,0,63,56
1655911960210,COGS 17,A01,092677,Staff,8,6,81,73
1655911966235,COGS 100,A01,083619,Allen; Michael Gordon,2,2,70,68
1655911972259,COGS 101A,A01,083621,Davis; Joshua Daniel,4,3,68,64
1655911978283,COGS 101B,A01,091572,Allen; Michael Gordon,1,0,65,64
1655911984310,COGS 101C,A01,083625,Delgado; Tania,8,0,35,27
1655911990340,COGS 107A,A01,083627,Boyle; Mary E. T.,0,1,60,60
1655911996365,COGS 118A,A01,083075,Gupta; Anjum,17,16,76,59
1655912002395,CSE 3,A50,083646,Miranda; Gregory Joseph,13,0,50,37
1655912008418,CSE 8A,A50,083650,Miranda; Gregory Joseph,3,11,56,53
1655912014441,CSE 11,A01,083080,Cao; Yingjun,0,68,40,40
1655912020464,CSE 12,A01,083652,Krause-Levy; Sophia Louisa,6,8,120,114
1655912026489,CSE 15L,A01,083654,Morris; Justin Loren,3,1,50,47
1655912026489,CSE 15L,A02,083655,Morris; Justin Loren,0,0,50,50
1655912032514,CSE 20,A01,083657,Tran; Khoa Dang,29,0,80,51
1655912038550,CSE 21,A01,095574,Bach; Quang Tran,23,0,48,25
1655912044574,CSE 30,A01,083084,Eldon; John,2,11,80,78
1655912044574,CSE 30,B01,095061,Bhaskar; Nishant,0,4,50,50
1655912050605,CSE 100,A01,083659,Cao; Yingjun,2,25,70,68
1655912056637,CSE 134B,A01,083661,Powell; Thomas Allan,4,6,100,96
1655912062661,CSE 140,A01,083663,Gungor; Onat,4,0,85,81
1655912068689,CSE 140L,A01,083088,Eldon; John,4,0,100,96
1655912074713,CSE 175,A01,083665,Kumar; Rakesh,1,0,25,24
1655912080746,CSE 190,A00,092507,Dubnov; Shlomo,1,0,20,19
1655912086780,ECE 45,A01,083139,Congero; Spencer William,0,1,75,75
1655912092809,ECE 65,A50,083695,Saad; Andrew S,6,0,30,24
1655912092809,ECE 65,A51,095125,Staff,23,0,26,3
1655912098846,ECE 109,A01,091882,Touri; Behrouz,1,3,70,69
1655912104870,ECE 180,A00,083140,Abi Samra; Nicholas Camill,1,0,30,29
1655912104870,ECE 180,B00,083141,Abi Samra; Nicholas Camill,0,8,28,28
1655912110895,MATH 10A,A01,083735,Patchell; Gregory David,0,0,30,30
1655912110895,MATH 10A,A02,083736,Patchell; Gregory David,21,0,30,9
1655912110895,MATH 10A,A03,083737,Patchell; Gregory David,16,0,30,14
1655912116924,MATH 10B,A01,083207,Lim; Seonhee,1,1,34,33
1655912116924,MATH 10B,A02,083208,Lim; Seonhee,1,1,35,34
1655912116924,MATH 10B,A03,093472,Staff,1,0,34,33
1655912116924,MATH 10B,B01,083739,Sinha; Shubham,10,0,30,20
1655912122953,MATH 18,A01,083743,Cinel; Cameron Alexander,4,0,30,26
1655912122953,MATH 18,A02,083744,Cinel; Cameron Alexander,11,0,30,19
1655912122953,MATH 18,A03,083745,Cinel; Cameron Alexander,0,0,30,30
1655912122953,MATH 18,B01,083748,Ma; Zilu,1,0,36,35
1655912122953,MATH 18,B02,083749,Ma; Zilu,0,0,36,36
1655912122953,MATH 18,B03,083750,Ma; Zilu,0,0,36,36
1655912122953,MATH 18,B04,083751,Ma; Zilu,0,0,36,36
1655912122953,MATH 18,B05,093473,Staff,0,0,36,36
1655912122953,MATH 18,B06,093474,Staff,0,0,36,36
1655912128985,MATH 20A,A01,083754,Zheng; Zequn,10,0,40,30
1655912135009,MATH 20B,A01,083756,Briones; Jor-el Thomas Caparas,0,1,36,36
1655912135009,MATH 20B,A02,083757,Briones; Jor-el Thomas Caparas,1,0,36,35
1655912135009,MATH 20B,A03,093475,Staff,1,0,36,35
1655912141033,MATH 20C,A01,083760,Briones; Jor-el Thomas Caparas,0,2,35,35
1655912141033,MATH 20C,A02,083761,Briones; Jor-el Thomas Caparas,6,1,35,29
1655912141033,MATH 20C,A03,093476,Staff,1,1,35,34
1655912141033,MATH 20C,B01,083762,Bach; Quang Tran,3,0,30,27
1655912147057,MATH 20D,A01,083765,Tran; Brian Kha,0,0,30,30
1655912147057,MATH 20D,A02,083766,Tran; Brian Kha,0,1,30,30
1655912147057,MATH 20D,A03,083767,Tran; Brian Kha,0,0,30,30
1655912153088,MATH 20E,A01,083771,Ganguly; Soumya,0,0,32,32
1655912153088,MATH 20E,A02,083772,Ganguly; Soumya,1,1,32,31
1655912153088,MATH 20E,B01,083773,Ciotti; Benjamin,14,0,35,21
1655912153088,MATH 20E,B02,083774,Ciotti; Benjamin,12,0,35,23
1655912159118,MATH 103A,A01,083777,Greenfeld; Be'Eri,2,1,36,34
1655912159118,MATH 103A,A02,083778,Greenfeld; Be'Eri,1,0,36,35
1655912159118,MATH 103A,A03,093561,Staff,0,1,36,36
1655912159118,MATH 103A,B01,083779,Greenfeld; Be'Eri,7,1,36,29
1655912159118,MATH 103A,B02,083780,Greenfeld; Be'Eri,1,0,36,35
1655912159118,MATH 103A,B03,093562,Staff,0,0,36,36
1655912165142,MATH 105,A01,085443,Carter; Anne Toulson,3,1,35,32
1655912165142,MATH 105,A02,093477,Staff,6,0,35,29
1655912171173,MATH 109,A01,083213,Ganzberger; Geoffrey Michael,0,1,34,34
1655912171173,MATH 109,A02,083214,Ganzberger; Geoffrey Michael,0,0,34,34
1655912171173,MATH 109,A03,093478,Staff,1,0,34,33
1655912171173,MATH 109,B01,083215,Ganzberger; Geoffrey Michael,2,0,32,30
1655912171173,MATH 109,B02,083216,Ganzberger; Geoffrey Michael,0,0,32,32
1655912171173,MATH 109,B03,093479,Staff,4,0,32,28
1655912177202,MATH 142A,A01,083219,Chow; Bennett,0,0,32,32
1655912177202,MATH 142A,A02,083220,Chow; Bennett,8,0,32,24
1655912177202,MATH 142A,A03,093480,Staff,4,0,32,28
1655912177202,MATH 142A,B03,093481,Staff,3,0,32,29
1655912177202,MATH 142A,B04,093558,Staff,6,0,32,26
1655912177202,MATH 142A,B05,093559,Staff,1,0,32,31
1655912183230,MATH 193A,A01,083224,Rotar; Vladimir,1,1,34,33
1655912183230,MATH 193A,A02,083225,Rotar; Vladimir,0,0,34,34
1655912183230,MATH 193A,A03,083781,Rotar; Vladimir,2,0,34,32
1655912183230,MATH 193A,A04,083782,Rotar; Vladimir,2,0,34,32
1655912183230,MATH 193A,A05,093482,Rotar; Vladimir,2,0,34,32
1655912189257,MATH 197,001,091859,McAuley; Julian John,9999,0,9999,0
1655912189257,MATH 197,002,095566,Kedlaya; Kiran S.,9997,0,9999,2
1655912189257,MATH 197,003,095567,Xiao; Ming,9999,0,9999,0
1655912189257,MATH 197,004,095571,Perols; Johan Lars,9998,0,9999,1
1655912196310,COGS 9,A01,083615,Shannon; Kyle Michael,1,1,75,74
1655912202336,COGS 11,A01,083617,Boyle; Mary E. T.,9,1,48,39
1655912208367,COGS 13,A01,083071,Bastos; Amalia Pinkusfeld,3,1,71,68
1655912214398,COGS 14A,A01,092681,Staff,2,26,100,98
1655912220426,COGS 14B,A01,083073,Cheng; Tzu-Han,7,0,63,56
1655912226449,COGS 17,A01,092677,Staff,8,6,81,73
1655912232473,COGS 100,A01,083619,Allen; Michael Gordon,2,2,70,68
1655912238505,COGS 101A,A01,083621,Davis; Joshua Daniel,4,3,68,64
1655912244532,COGS 101B,A01,091572,Allen; Michael Gordon,1,0,65,64
1655912250555,COGS 101C,A01,083625,Delgado; Tania,8,0,35,27
1655912256579,COGS 107A,A01,083627,Boyle; Mary E. T.,1,1,60,59
1655912262605,COGS 118A,A01,083075,Gupta; Anjum,17,16,76,59
1655912268630,CSE 3,A50,083646,Miranda; Gregory Joseph,13,0,50,37
1655912274654,CSE 8A,A50,083650,Miranda; Gregory Joseph,3,11,56,53
1655912280693,CSE 11,A01,083080,Cao; Yingjun,0,68,40,40
1655912286716,CSE 12,A01,083652,Krause-Levy; Sophia Louisa,6,8,120,114
1655912292745,CSE 15L,A01,083654,Morris; Justin Loren,3,1,50,47
1655912292745,CSE 15L,A02,083655,Morris; Justin Loren,0,0,50,50
1655912298786,CSE 20,A01,083657,Tran; Khoa Dang,29,0,80,51
1655912304810,CSE 21,A01,095574,Bach; Quang Tran,23,0,48,25
1655912310838,CSE 30,A01,083084,Eldon; John,2,11,80,78
1655912310838,CSE 30,B01,095061,Bhaskar; Nishant,0,4,50,50
1655912316861,CSE 100,A01,083659,Cao; Yingjun,2,25,70,68
1655912322898,CSE 134B,A01,083661,Powell; Thomas Allan,4,6,100,96
1655912328919,CSE 140,A01,083663,Gungor; Onat,4,0,85,81
1655912334953,CSE 140L,A01,083088,Eldon; John,4,0,100,96
1655912340975,CSE 175,A01,083665,Kumar; Rakesh,1,0,25,24
1655912347006,CSE 190,A00,092507,Dubnov; Shlomo,1,0,20,19
1655912353042,ECE 45,A01,083139,Congero; Spencer William,0,1,75,75
1655912359066,ECE 65,A50,083695,Saad; Andrew S,6,0,30,24
1655912359066,ECE 65,A51,095125,Staff,23,0,26,3
1655912365088,ECE 109,A01,091882,Touri; Behrouz,1,3,70,69
1655912371112,ECE 180,A00,083140,Abi Samra; Nicholas Camill,1,0,30,29
1655912371112,ECE 180,B00,083141,Abi Samra; Nicholas Camill,0,8,28,28
1655912377136,MATH 10A,A01,083735,Patchell; Gregory David,0,0,30,30
1655912377136,MATH 10A,A02,083736,Patchell; Gregory David,21,0,30,9
1655912377136,MATH 10A,A03,083737,Patchell; Gregory David,16,0,30,14
1655912383160,MATH 10B,A01,083207,Lim; Seonhee,1,1,34,33
1655912383160,MATH 10B,A02,083208,Lim; Seonhee,1,1,35,34
1655912383160,MATH 10B,A03,093472,Staff,1,0,34,33
1655912383160,MATH 10B,B01,083739,Sinha; Shubham,10,0,30,20
1655912389200,MATH 18,A01,083743,Cinel; Cameron Alexander,4,0,30,26
1655912389200,MATH 18,A02,083744,Cinel; Cameron Alexander,11,0,30,19
1655912389200,MATH 18,A03,083745,Cinel; Cameron Alexander,0,0,30,30
1655912389200,MATH 18,B01,083748,Ma; Zilu,1,0,36,35
1655912389200,MATH 18,B02,083749,Ma; Zilu,0,0,36,36
1655912389200,MATH 18,B03,083750,Ma; Zilu,0,0,36,36
1655912389200,MATH 18,B04,083751,Ma; Zilu,0,0,36,36
1655912389200,MATH 18,B05,093473,Staff,0,0,36,36
1655912389200,MATH 18,B06,093474,Staff,0,0,36,36
1655912395226,MATH 20A,A01,083754,Zheng; Zequn,10,0,40,30
1655912401260,MATH 20B,A01,083756,Briones; Jor-el Thomas Caparas,0,1,36,36
1655912401260,MATH 20B,A02,083757,Briones; Jor-el Thomas Caparas,1,0,36,35
1655912401260,MATH 20B,A03,093475,Staff,1,0,36,35
1655912407297,MATH 20C,A01,083760,Briones; Jor-el Thomas Caparas,0,2,35,35
1655912407297,MATH 20C,A02,083761,Briones; Jor-el Thomas Caparas,6,1,35,29
1655912407297,MATH 20C,A03,093476,Staff,1,1,35,34
1655912407297,MATH 20C,B01,083762,Bach; Quang Tran,3,0,30,27
1655912413324,MATH 20D,A01,083765,Tran; Brian Kha,0,0,30,30
1655912413324,MATH 20D,A02,083766,Tran; Brian Kha,0,1,30,30
1655912413324,MATH 20D,A03,083767,Tran; Brian Kha,0,0,30,30
1655912419346,MATH 20E,A01,083771,Ganguly; Soumya,0,0,32,32
1655912419346,MATH 20E,A02,083772,Ganguly; Soumya,1,1,32,31
1655912419346,MATH 20E,B01,083773,Ciotti; Benjamin,14,0,35,21
1655912419346,MATH 20E,B02,083774,Ciotti; Benjamin,12,0,35,23
1655912425369,MATH 103A,A01,083777,Greenfeld; Be'Eri,2,1,36,34
1655912425369,MATH 103A,A02,083778,Greenfeld; Be'Eri,1,0,36,35
1655912425369,MATH 103A,A03,093561,Staff,0,1,36,36
1655912425369,MATH 103A,B01,083779,Greenfeld; Be'Eri,7,1,36,29
1655912425369,MATH 103A,B02,083780,Greenfeld; Be'Eri,1,0,36,35
1655912425369,MATH 103A,B03,093562,Staff,0,0,36,36
1655912431399,MATH 105,A01,085443,Carter; Anne Toulson,3,1,35,32
1655912431399,MATH 105,A02,093477,Staff,6,0,35,29
1655912437423,MATH 109,A01,083213,Ganzberger; Geoffrey Michael,0,1,34,34
1655912437423,MATH 109,A02,083214,Ganzberger; Geoffrey Michael,0,0,34,34
1655912437423,MATH 109,A03,093478,Staff,1,0,34,33
1655912437423,MATH 109,B01,083215,Ganzberger; Geoffrey Michael,2,0,32,30
1655912437423,MATH 109,B02,083216,Ganzberger; Geoffrey Michael,0,0,32,32
1655912437423,MATH 109,B03,093479,Staff,4,0,32,28
1655912443446,MATH 142A,A01,083219,Chow; Bennett,0,0,32,32
1655912443446,MATH 142A,A02,083220,Chow; Bennett,8,0,32,24
1655912443446,MATH 142A,A03,093480,Staff,4,0,32,28
1655912443446,MATH 142A,B03,093481,Staff,3,0,32,29
1655912443446,MATH 142A,B04,093558,Staff,6,0,32,26
1655912443446,MATH 142A,B05,093559,Staff,1,0,32,31
1655912449484,MATH 193A,A01,083224,Rotar; Vladimir,1,1,34,33
1655912449484,MATH 193A,A02,083225,Rotar; Vladimir,0,0,34,34
1655912449484,MATH 193A,A03,083781,Rotar; Vladimir,2,0,34,32
1655912449484,MATH 193A,A04,083782,Rotar; Vladimir,2,0,34,32
1655912449484,MATH 193A,A05,093482,Rotar; Vladimir,2,0,34,32
1655912455509,MATH 197,001,091859,McAuley; Julian John,9999,0,9999,0
1655912455509,MATH 197,002,095566,Kedlaya; Kiran S.,9997,0,9999,2
1655912455509,MATH 197,003,095567,Xiao; Ming,9999,0,9999,0
1655912455509,MATH 197,004,095571,Perols; Johan Lars,9998,0,9999,1
1655912462574,COGS 9,A01,083615,Shannon; Kyle Michael,1,1,75,74
1655912468681,COGS 11,A01,083617,Boyle; Mary E. T.,9,1,48,39
1655912474713,COGS 13,A01,083071,Bastos; Amalia Pinkusfeld,3,1,71,68
1655912480739,COGS 14A,A01,092681,Staff,2,26,100,98
1655912486766,COGS 14B,A01,083073,Cheng; Tzu-Han,7,0,63,56
1655912492789,COGS 17,A01,092677,Staff,8,6,81,73
1655912498814,COGS 100,A01,083619,Allen; Michael Gordon,2,2,70,68
1655912504841,COGS 101A,A01,083621,Davis; Joshua Daniel,4,3,68,64
1655912510863,COGS 101B,A01,091572,Allen; Michael Gordon,1,0,65,64
1655912516890,COGS 101C,A01,083625,Delgado; Tania,8,0,35,27
1655912522914,COGS 107A,A01,083627,Boyle; Mary E. T.,1,1,60,59
1655912528939,COGS 118A,A01,083075,Gupta; Anjum,17,16,76,59
1655912534963,CSE 3,A50,083646,Miranda; Gregory Joseph,13,0,50,37
1655912540987,CSE 8A,A50,083650,Miranda; Gregory Joseph,3,11,56,53
1655912547013,CSE 11,A01,083080,Cao; Yingjun,0,68,40,40
1655912553037,CSE 12,A01,083652,Krause-Levy; Sophia Louisa,6,8,120,114
1655912559060,CSE 15L,A01,083654,Morris; Justin Loren,3,1,50,47
1655912559060,CSE 15L,A02,083655,Morris; Justin Loren,0,0,50,50
1655912565099,CSE 20,A01,083657,Tran; Khoa Dang,29,0,80,51
1655912571125,CSE 21,A01,095574,Bach; Quang Tran,23,0,48,25
1655912577149,CSE 30,A01,083084,Eldon; John,2,11,80,78
1655912577149,CSE 30,B01,095061,Bhaskar; Nishant,0,4,50,50
1655912583172,CSE 100,A01,083659,Cao; Yingjun,2,25,70,68
1655912589196,CSE 134B,A01,083661,Powell; Thomas Allan,4,6,100,96
1655912595217,CSE 140,A01,083663,Gungor; Onat,4,0,85,81
1655912601240,CSE 140L,A01,083088,Eldon; John,4,0,100,96
1655912607267,CSE 175,A01,083665,Kumar; Rakesh,1,0,25,24
1655912613290,CSE 190,A00,092507,Dubnov; Shlomo,1,0,20,19
1655912619315,ECE 45,A01,083139,Congero; Spencer William,0,1,75,75
1655912625339,ECE 65,A50,083695,Saad; Andrew S,6,0,30,24
1655912625339,ECE 65,A51,095125,Staff,23,0,26,3
1655912631374,ECE 109,A01,091882,Touri; Behrouz,1,3,70,69
1655912637407,ECE 180,A00,083140,Abi Samra; Nicholas Camill,1,0,30,29
1655912637407,ECE 180,B00,083141,Abi Samra; Nicholas Camill,0,8,28,28
1655912643431,MATH 10A,A01,083735,Patchell; Gregory David,0,0,30,30
1655912643431,MATH 10A,A02,083736,Patchell; Gregory David,21,0,30,9
1655912643431,MATH 10A,A03,083737,Patchell; Gregory David,16,0,30,14
1655912649457,MATH 10B,A01,083207,Lim; Seonhee,1,1,34,33
1655912649457,MATH 10B,A02,083208,Lim; Seonhee,1,1,35,34
1655912649457,MATH 10B,A03,093472,Staff,1,0,34,33
1655912649457,MATH 10B,B01,083739,Sinha; Shubham,10,0,30,20
1655912655483,MATH 18,A01,083743,Cinel; Cameron Alexander,4,0,30,26
1655912655483,MATH 18,A02,083744,Cinel; Cameron Alexander,11,0,30,19
1655912655483,MATH 18,A03,083745,Cinel; Cameron Alexander,0,0,30,30
1655912655483,MATH 18,B01,083748,Ma; Zilu,1,0,36,35
1655912655483,MATH 18,B02,083749,Ma; Zilu,0,0,36,36
1655912655483,MATH 18,B03,083750,Ma; Zilu,0,0,36,36
1655912655483,MATH 18,B04,083751,Ma; Zilu,0,0,36,36
1655912655483,MATH 18,B05,093473,Staff,0,0,36,36
1655912655483,MATH 18,B06,093474,Staff,0,0,36,36
1655912661507,MATH 20A,A01,083754,Zheng; Zequn,10,0,40,30
1655912667541,MATH 20B,A01,083756,Briones; Jor-el Thomas Caparas,0,1,36,36
1655912667541,MATH 20B,A02,083757,Briones; Jor-el Thomas Caparas,1,0,36,35
1655912667541,MATH 20B,A03,093475,Staff,1,0,36,35
1655912673569,MATH 20C,A01,083760,Briones; Jor-el Thomas Caparas,0,2,35,35
1655912673569,MATH 20C,A02,083761,Briones; Jor-el Thomas Caparas,6,1,35,29
1655912673569,MATH 20C,A03,093476,Staff,1,1,35,34
1655912673569,MATH 20C,B01,083762,Bach; Quang Tran,3,0,30,27
1655912679593,MATH 20D,A01,083765,Tran; Brian Kha,0,0,30,30
1655912679593,MATH 20D,A02,083766,Tran; Brian Kha,0,1,30,30
1655912679593,MATH 20D,A03,083767,Tran; Brian Kha,0,0,30,30
1655912685618,MATH 20E,A01,083771,Ganguly; Soumya,0,0,32,32
1655912685618,MATH 20E,A02,083772,Ganguly; Soumya,1,1,32,31
1655912685618,MATH 20E,B01,083773,Ciotti; Benjamin,14,0,35,21
1655912685618,MATH 20E,B02,083774,Ciotti; Benjamin,12,0,35,23
1655912691643,MATH 103A,A01,083777,Greenfeld; Be'Eri,2,1,36,34
1655912691643,MATH 103A,A02,083778,Greenfeld; Be'Eri,1,0,36,35
1655912691643,MATH 103A,A03,093561,Staff,0,1,36,36
1655912691643,MATH 103A,B01,083779,Greenfeld; Be'Eri,7,1,36,29
1655912691643,MATH 103A,B02,083780,Greenfeld; Be'Eri,1,0,36,35
1655912691643,MATH 103A,B03,093562,Staff,0,0,36,36
1655912697668,MATH 105,A01,085443,Carter; Anne Toulson,3,1,35,32
1655912697668,MATH 105,A02,093477,Staff,6,0,35,29
1655912703705,MATH 109,A01,083213,Ganzberger; Geoffrey Michael,0,1,34,34
1655912703705,MATH 109,A02,083214,Ganzberger; Geoffrey Michael,0,0,34,34
1655912703705,MATH 109,A03,093478,Staff,1,0,34,33
1655912703705,MATH 109,B01,083215,Ganzberger; Geoffrey Michael,2,0,32,30
1655912703705,MATH 109,B02,083216,Ganzberger; Geoffrey Michael,0,0,32,32
1655912703705,MATH 109,B03,093479,Staff,4,0,32,28
1655912709730,MATH 142A,A01,083219,Chow; Bennett,0,0,32,32
1655912709730,MATH 142A,A02,083220,Chow; Bennett,8,0,32,24
1655912709730,MATH 142A,A03,093480,Staff,4,0,32,28
1655912709730,MATH 142A,B03,093481,Staff,3,0,32,29
1655912709730,MATH 142A,B04,093558,Staff,6,0,32,26
1655912709730,MATH 142A,B05,093559,Staff,1,0,32,31
1655912715759,MATH 193A,A01,083224,Rotar; Vladimir,1,1,34,33
1655912715759,MATH 193A,A02,083225,Rotar; Vladimir,0,0,34,34
1655912715759,MATH 193A,A03,083781,Rotar; Vladimir,2,0,34,32
1655912715759,MATH 193A,A04,083782,Rotar; Vladimir,2,0,34,32
1655912715759,MATH 193A,A05,093482,Rotar; Vladimir,2,0,34,32
1655912721784,MATH 197,001,091859,McAuley; Julian John,9999,0,9999,0
1655912721784,MATH 197,002,095566,Kedlaya; Kiran S.,9997,0,9999,2
1655912721784,MATH 197,003,095567,Xiao; Ming,9999,0,9999,0
1655912721784,MATH 197,004,095571,Perols; Johan Lars,9998,0,9999,1
1655912728838,COGS 9,A01,083615,Shannon; Kyle Michael,1,1,75,74
1655912734862,COGS 11,A01,083617,Boyle; Mary E. T.,9,1,48,39
1655912740884,COGS 13,A01,083071,Bastos; Amalia Pinkusfeld,3,1,71,68
1655912746908,COGS 14A,A01,092681,Staff,2,26,100,98
1655912752934,COGS 14B,A01,083073,Cheng; Tzu-Han,7,0,63,56
1655912758964,COGS 17,A01,092677,Staff,8,6,81,73
1655912764990,COGS 100,A01,083619,Allen; Michael Gordon,2,2,70,68
1655912771040,COGS 101A,A01,083621,Davis; Joshua Daniel,4,3,68,64
1655912777064,COGS 101B,A01,091572,Allen; Michael Gordon,1,0,65,64
1655912783095,COGS 101C,A01,083625,Delgado; Tania,8,0,35,27
1655912789119,COGS 107A,A01,083627,Boyle; Mary E. T.,1,1,60,59
1655912795146,COGS 118A,A01,083075,Gupta; Anjum,17,16,76,59
1655912801172,CSE 3,A50,083646,Miranda; Gregory Joseph,13,0,50,37
1655912807199,CSE 8A,A50,083650,Miranda; Gregory Joseph,3,11,56,53
1655912813223,CSE 11,A01,083080,Cao; Yingjun,0,68,40,40
1655912819247,CSE 12,A01,083652,Krause-Levy; Sophia Louisa,6,8,120,114
1655912825269,CSE 15L,A01,083654,Morris; Justin Loren,3,1,50,47
1655912825269,CSE 15L,A02,083655,Morris; Justin Loren,0,0,50,50
1655912831293,CSE 20,A01,083657,Tran; Khoa Dang,29,0,80,51
1655912837316,CSE 21,A01,095574,Bach; Quang Tran,23,0,48,25
1655912843359,CSE 30,A01,083084,Eldon; John,2,11,80,78
1655912843359,CSE 30,B01,095061,Bhaskar; Nishant,0,4,50,50
1655912849388,CSE 100,A01,083659,Cao; Yingjun,2,25,70,68
1655912855412,CSE 134B,A01,083661,Powell; Thomas Allan,4,6,100,96
1655912861434,CSE 140,A01,083663,Gungor; Onat,4,0,85,81
1655912867463,CSE 140L,A01,083088,Eldon; John,4,0,100,96
1655912873498,CSE 175,A01,083665,Kumar; Rakesh,1,0,25,24
1655912879522,CSE 190,A00,092507,Dubnov; Shlomo,1,0,20,19
1655912885546,ECE 45,A01,083139,Congero; Spencer William,0,1,75,75
1655912891575,ECE 65,A50,083695,Saad; Andrew S,6,0,30,24
1655912891575,ECE 65,A51,095125,Staff,23,0,26,3
1655912897602,ECE 109,A01,091882,Touri; Behrouz,1,3,70,69
1655912903625,ECE 180,A00,083140,Abi Samra; Nicholas Camill,1,0,30,29
1655912903625,ECE 180,B00,083141,Abi Samra; Nicholas Camill,0,8,28,28
1655912909653,MATH 10A,A01,083735,Patchell; Gregory David,0,0,30,30
1655912909653,MATH 10A,A02,083736,Patchell; Gregory David,21,0,30,9
1655912909653,MATH 10A,A03,083737,Patchell; Gregory David,16,0,30,14
1655912915677,MATH 10B,A01,083207,Lim; Seonhee,1,1,34,33
1655912915677,MATH 10B,A02,083208,Lim; Seonhee,1,1,35,34
1655912915677,MATH 10B,A03,093472,Staff,1,0,34,33
1655912915677,MATH 10B,B01,083739,Sinha; Shubham,10,0,30,20
1655912921702,MATH 18,A01,083743,Cinel; Cameron Alexander,4,0,30,26
1655912921702,MATH 18,A02,083744,Cinel; Cameron Alexander,11,0,30,19
1655912921702,MATH 18,A03,083745,Cinel; Cameron Alexander,0,0,30,30
1655912921702,MATH 18,B01,083748,Ma; Zilu,1,0,36,35
1655912921702,MATH 18,B02,083749,Ma; Zilu,0,0,36,36
1655912921702,MATH 18,B03,083750,Ma; Zilu,0,0,36,36
1655912921702,MATH 18,B04,083751,Ma; Zilu,0,0,36,36
1655912921702,MATH 18,B05,093473,Staff,0,0,36,36
1655912921702,MATH 18,B06,093474,Staff,0,0,36,36
1655912927726,MATH 20A,A01,083754,Zheng; Zequn,10,0,40,30
1655912933760,MATH 20B,A01,083756,Briones; Jor-el Thomas Caparas,0,1,36,36
1655912933760,MATH 20B,A02,083757,Briones; Jor-el Thomas Caparas,1,0,36,35
1655912933760,MATH 20B,A03,093475,Staff,1,0,36,35
1655912939786,MATH 20C,A01,083760,Briones; Jor-el Thomas Caparas,0,2,35,35
1655912939786,MATH 20C,A02,083761,Briones; Jor-el Thomas Caparas,6,1,35,29
1655912939786,MATH 20C,A03,093476,Staff,1,1,35,34
1655912939786,MATH 20C,B01,083762,Bach; Quang Tran,3,0,30,27
1655912945818,MATH 20D,A01,083765,Tran; Brian Kha,0,0,30,30
1655912945818,MATH 20D,A02,083766,Tran; Brian Kha,0,1,30,30
1655912945818,MATH 20D,A03,083767,Tran; Brian Kha,0,0,30,30
1655912951841,MATH 20E,A01,083771,Ganguly; Soumya,0,0,32,32
1655912951841,MATH 20E,A02,083772,Ganguly; Soumya,1,1,32,31
1655912951841,MATH 20E,B01,083773,Ciotti; Benjamin,14,0,35,21
1655912951841,MATH 20E,B02,083774,Ciotti; Benjamin,12,0,35,23
1655912957864,MATH 103A,A01,083777,Greenfeld; Be'Eri,2,1,36,34
1655912957864,MATH 103A,A02,083778,Greenfeld; Be'Eri,1,0,36,35
1655912957864,MATH 103A,A03,093561,Staff,0,1,36,36
1655912957864,MATH 103A,B01,083779,Greenfeld; Be'Eri,7,1,36,29
1655912957864,MATH 103A,B02,083780,Greenfeld; Be'Eri,1,0,36,35
1655912957864,MATH 103A,B03,093562,Staff,0,0,36,36
1655912963895,MATH 105,A01,085443,Carter; Anne Toulson,3,1,35,32
1655912963895,MATH 105,A02,093477,Staff,6,0,35,29
1655912969935,MATH 109,A01,083213,Ganzberger; Geoffrey Michael,0,1,34,34
1655912969935,MATH 109,A02,083214,Ganzberger; Geoffrey Michael,0,0,34,34
1655912969935,MATH 109,A03,093478,Staff,1,0,34,33
1655912969935,MATH 109,B01,083215,Ganzberger; Geoffrey Michael,2,0,32,30
1655912969935,MATH 109,B02,083216,Ganzberger; Geoffrey Michael,0,0,32,32
1655912969935,MATH 109,B03,093479,Staff,4,0,32,28
1655912975959,MATH 142A,A01,083219,Chow; Bennett,0,0,32,32
1655912975959,MATH 142A,A02,083220,Chow; Bennett,8,0,32,24
1655912975959,MATH 142A,A03,093480,Staff,4,0,32,28
1655912975959,MATH 142A,B03,093481,Staff,3,0,32,29
1655912975959,MATH 142A,B04,093558,Staff,6,0,32,26
1655912975959,MATH 142A,B05,093559,Staff,1,0,32,31
1655912981982,MATH 193A,A01,083224,Rotar; Vladimir,1,1,34,33
1655912981982,MATH 193A,A02,083225,Rotar; Vladimir,0,0,34,34
1655912981982,MATH 193A,A03,083781,Rotar; Vladimir,2,0,34,32
1655912981982,MATH 193A,A04,083782,Rotar; Vladimir,2,0,34,32
1655912981982,MATH 193A,A05,093482,Rotar; Vladimir,2,0,34,32
1655912988010,MATH 197,001,091859,McAuley; Julian John,9999,0,9999,0
1655912988010,MATH 197,002,095566,Kedlaya; Kiran S.,9997,0,9999,2
1655912988010,MATH 197,003,095567,Xiao; Ming,9999,0,9999,0
1655912988010,MATH 197,004,095571,Perols; Johan Lars,9998,0,9999,1
1655912995077,COGS 9,A01,083615,Shannon; Kyle Michael,1,1,75,74
1655913001112,COGS 11,A01,083617,Boyle; Mary E. T.,9,1,48,39
1655913007138,COGS 13,A01,083071,Bastos; Amalia Pinkusfeld,3,1,71,68
1655913013163,COGS 14A,A01,092681,Staff,2,26,100,98
1655913019199,COGS 14B,A01,083073,Cheng; Tzu-Han,7,0,63,56
1655913025221,COGS 17,A01,092677,Staff,8,6,81,73
1655913031251,COGS 100,A01,083619,Allen; Michael Gordon,2,2,70,68
1655913037278,COGS 101A,A01,083621,Davis; Joshua Daniel,4,3,68,64
1655913043301,COGS 101B,A01,091572,Allen; Michael Gordon,1,0,65,64
1655913049325,COGS 101C,A01,083625,Delgado; Tania,8,0,35,27
1655913055348,COGS 107A,A01,083627,Boyle; Mary E. T.,1,1,60,59
1655913061371,COGS 118A,A01,083075,Gupta; Anjum,17,16,76,59
1655913067467,CSE 3,A50,083646,Miranda; Gregory Joseph,13,0,50,37
1655913073491,CSE 8A,A50,083650,Miranda; Gregory Joseph,3,11,56,53
1655913079514,CSE 11,A01,083080,Cao; Yingjun,0,68,40,40
1655913085536,CSE 12,A01,083652,Krause-Levy; Sophia Louisa,6,8,120,114
1655913091562,CSE 15L,A01,083654,Morris; Justin Loren,3,1,50,47
1655913091562,CSE 15L,A02,083655,Morris; Justin Loren,0,0,50,50
1655913097585,CSE 20,A01,083657,Tran; Khoa Dang,29,0,80,51
1655913103607,CSE 21,A01,095574,Bach; Quang Tran,23,0,48,25
1655913109632,CSE 30,A01,083084,Eldon; John,2,11,80,78
1655913109632,CSE 30,B01,095061,Bhaskar; Nishant,0,4,50,50
1655913115657,CSE 100,A01,083659,Cao; Yingjun,2,25,70,68
1655913121680,CSE 134B,A01,083661,Powell; Thomas Allan,4,6,100,96
1655913127703,CSE 140,A01,083663,Gungor; Onat,4,0,85,81
1655913133731,CSE 140L,A01,083088,Eldon; John,4,0,100,96
1655913139754,CSE 175,A01,083665,Kumar; Rakesh,1,0,25,24
1655913145778,CSE 190,A00,092507,Dubnov; Shlomo,1,0,20,19
1655913151802,ECE 45,A01,083139,Congero; Spencer William,0,1,75,75
1655913157829,ECE 65,A50,083695,Saad; Andrew S,6,0,30,24
1655913157829,ECE 65,A51,095125,Staff,23,0,26,3
1655913163851,ECE 109,A01,091882,Touri; Behrouz,1,3,70,69
1655913169876,ECE 180,A00,083140,Abi Samra; Nicholas Camill,1,0,30,29
1655913169876,ECE 180,B00,083141,Abi Samra; Nicholas Camill,0,8,28,28
1655913175900,MATH 10A,A01,083735,Patchell; Gregory David,0,0,30,30
1655913175900,MATH 10A,A02,083736,Patchell; Gregory David,21,0,30,9
1655913175900,MATH 10A,A03,083737,Patchell; Gregory David,16,0,30,14
1655913181931,MATH 10B,A01,083207,Lim; Seonhee,1,1,34,33
1655913181931,MATH 10B,A02,083208,Lim; Seonhee,1,1,35,34
1655913181931,MATH 10B,A03,093472,Staff,1,0,34,33
1655913181931,MATH 10B,B01,083739,Sinha; Shubham,10,0,30,20
1655913187966,MATH 18,A01,083743,Cinel; Cameron Alexander,4,0,30,26
1655913187966,MATH 18,A02,083744,Cinel; Cameron Alexander,11,0,30,19
1655913187966,MATH 18,A03,083745,Cinel; Cameron Alexander,0,0,30,30
1655913187966,MATH 18,B01,083748,Ma; Zilu,1,0,36,35
1655913187966,MATH 18,B02,083749,Ma; Zilu,0,0,36,36
1655913187966,MATH 18,B03,083750,Ma; Zilu,0,0,36,36
1655913187966,MATH 18,B04,083751,Ma; Zilu,0,0,36,36
1655913187966,MATH 18,B05,093473,Staff,0,0,36,36
1655913187966,MATH 18,B06,093474,Staff,0,0,36,36
1655913193993,MATH 20A,A01,083754,Zheng; Zequn,10,0,40,30
1655913200015,MATH 20B,A01,083756,Briones; Jor-el Thomas Caparas,0,1,36,36
1655913200015,MATH 20B,A02,083757,Briones; Jor-el Thomas Caparas,1,0,36,35
1655913200015,MATH 20B,A03,093475,Staff,1,0,36,35
1655913206053,MATH 20C,A01,083760,Briones; Jor-el Thomas Caparas,0,2,35,35
1655913206053,MATH 20C,A02,083761,Briones; Jor-el Thomas Caparas,6,1,35,29
1655913206053,MATH 20C,A03,093476,Staff,1,1,35,34
1655913206053,MATH 20C,B01,083762,Bach; Quang Tran,3,0,30,27
1655913212092,MATH 20D,A01,083765,Tran; Brian Kha,0,0,30,30
1655913212092,MATH 20D,A02,083766,Tran; Brian Kha,0,1,30,30
1655913212092,MATH 20D,A03,083767,Tran; Brian Kha,0,0,30,30
1655913218117,MATH 20E,A01,083771,Ganguly; Soumya,0,0,32,32
1655913218117,MATH 20E,A02,083772,Ganguly; Soumya,1,1,32,31
1655913218117,MATH 20E,B01,083773,Ciotti; Benjamin,14,0,35,21
1655913218117,MATH 20E,B02,083774,Ciotti; Benjamin,12,0,35,23
1655913224141,MATH 103A,A01,083777,Greenfeld; Be'Eri,2,1,36,34
1655913224141,MATH 103A,A02,083778,Greenfeld; Be'Eri,1,0,36,35
1655913224141,MATH 103A,A03,093561,Staff,0,1,36,36
1655913224141,MATH 103A,B01,083779,Greenfeld; Be'Eri,7,1,36,29
1655913224141,MATH 103A,B02,083780,Greenfeld; Be'Eri,1,0,36,35
1655913224141,MATH 103A,B03,093562,Staff,0,0,36,36
1655913230166,MATH 105,A01,085443,Carter; Anne Toulson,3,1,35,32
1655913230166,MATH 105,A02,093477,Staff,6,0,35,29
1655913236194,MATH 109,A01,083213,Ganzberger; Geoffrey Michael,0,1,34,34
1655913236194,MATH 109,A02,083214,Ganzberger; Geoffrey Michael,0,0,34,34
1655913236194,MATH 109,A03,093478,Staff,1,0,34,33
1655913236194,MATH 109,B01,083215,Ganzberger; Geoffrey Michael,2,0,32,30
1655913236194,MATH 109,B02,083216,Ganzberger; Geoffrey Michael,0,0,32,32
1655913236194,MATH 109,B03,093479,Staff,4,0,32,28
1655913242227,MATH 142A,A01,083219,Chow; Bennett,0,0,32,32
1655913242227,MATH 142A,A02,083220,Chow; Bennett,8,0,32,24
1655913242227,MATH 142A,A03,093480,Staff,4,0,32,28
1655913242227,MATH 142A,B03,093481,Staff,3,0,32,29
1655913242227,MATH 142A,B04,093558,Staff,6,0,32,26
1655913242227,MATH 142A,B05,093559,Staff,1,0,32,31
1655913248257,MATH 193A,A01,083224,Rotar; Vladimir,1,1,34,33
1655913248257,MATH 193A,A02,083225,Rotar; Vladimir,0,0,34,34
1655913248257,MATH 193A,A03,083781,Rotar; Vladimir,2,0,34,32
1655913248257,MATH 193A,A04,083782,Rotar; Vladimir,2,0,34,32
1655913248257,MATH 193A,A05,093482,Rotar; Vladimir,2,0,34,32
1655913254285,MATH 197,001,091859,McAuley; Julian John,9999,0,9999,0
1655913254285,MATH 197,002,095566,Kedlaya; Kiran S.,9997,0,9999,2
1655913254285,MATH 197,003,095567,Xiao; Ming,9999,0,9999,0
1655913254285,MATH 197,004,095571,Perols; Johan Lars,9998,0,9999,1
1655913261351,COGS 9,A01,083615,Shannon; Kyle Michael,1,1,75,74
1655913267380,COGS 11,A01,083617,Boyle; Mary E. T.,9,1,48,39
1655913273404,COGS 13,A01,083071,Bastos; Amalia Pinkusfeld,3,1,71,68
1655913279428,COGS 14A,A01,092681,Staff,2,26,100,98
1655913285454,COGS 14B,A01,083073,Cheng; Tzu-Han,7,0,63,56
1655913291480,COGS 17,A01,092677,Staff,8,6,81,73
1655913297507,COGS 100,A01,083619,Allen; Michael Gordon,2,2,70,68
1655913303534,COGS 101A,A01,083621,Davis; Joshua Daniel,4,3,68,64
1655913309564,COGS 101B,A01,091572,Allen; Michael Gordon,1,0,65,64
1655913315588,COGS 101C,A01,083625,Delgado; Tania,8,0,35,27
1655913321614,COGS 107A,A01,083627,Boyle; Mary E. T.,1,1,60,59
1655913327643,COGS 118A,A01,083075,Gupta; Anjum,17,16,76,59
1655913333671,CSE 3,A50,083646,Miranda; Gregory Joseph,13,0,50,37
1655913339703,CSE 8A,A50,083650,Miranda; Gregory Joseph,3,11,56,53
1655913345729,CSE 11,A01,083080,Cao; Yingjun,0,68,40,40
1655913351755,CSE 12,A01,083652,Krause-Levy; Sophia Louisa,6,8,120,114
1655913357778,CSE 15L,A01,083654,Morris; Justin Loren,3,1,50,47
1655913357778,CSE 15L,A02,083655,Morris; Justin Loren,0,0,50,50
1655913363802,CSE 20,A01,083657,Tran; Khoa Dang,29,0,80,51
1655913369833,CSE 21,A01,095574,Bach; Quang Tran,23,0,48,25
1655913375857,CSE 30,A01,083084,Eldon; John,2,11,80,78
1655913375857,CSE 30,B01,095061,Bhaskar; Nishant,0,4,50,50
1655913381881,CSE 100,A01,083659,Cao; Yingjun,2,25,70,68
1655913387907,CSE 134B,A01,083661,Powell; Thomas Allan,4,6,100,96
1655913393942,CSE 140,A01,083663,Gungor; Onat,4,0,85,81
1655913399969,CSE 140L,A01,083088,Eldon; John,4,0,100,96
1655913405996,CSE 175,A01,083665,Kumar; Rakesh,1,0,25,24
1655913412023,CSE 190,A00,092507,Dubnov; Shlomo,1,0,20,19
1655913418047,ECE 45,A01,083139,Congero; Spencer William,0,1,75,75
1655913424074,ECE 65,A50,083695,Saad; Andrew S,6,0,30,24
1655913424074,ECE 65,A51,095125,Staff,23,0,26,3
1655913430105,ECE 109,A01,091882,Touri; Behrouz,1,3,70,69
1655913436128,ECE 180,A00,083140,Abi Samra; Nicholas Camill,1,0,30,29
1655913436128,ECE 180,B00,083141,Abi Samra; Nicholas Camill,0,8,28,28
1655913442152,MATH 10A,A01,083735,Patchell; Gregory David,0,0,30,30
1655913442152,MATH 10A,A02,083736,Patchell; Gregory David,21,0,30,9
1655913442152,MATH 10A,A03,083737,Patchell; Gregory David,16,0,30,14
1655913448181,MATH 10B,A01,083207,Lim; Seonhee,1,1,34,33
1655913448181,MATH 10B,A02,083208,Lim; Seonhee,1,1,35,34
1655913448181,MATH 10B,A03,093472,Staff,1,0,34,33
1655913448181,MATH 10B,B01,083739,Sinha; Shubham,10,0,30,20
1655913454208,MATH 18,A01,083743,Cinel; Cameron Alexander,4,0,30,26
1655913454208,MATH 18,A02,083744,Cinel; Cameron Alexander,11,0,30,19
1655913454208,MATH 18,A03,083745,Cinel; Cameron Alexander,0,0,30,30
1655913454208,MATH 18,B01,083748,Ma; Zilu,1,0,36,35
1655913454208,MATH 18,B02,083749,Ma; Zilu,0,0,36,36
1655913454208,MATH 18,B03,083750,Ma; Zilu,0,0,36,36
1655913454208,MATH 18,B04,083751,Ma; Zilu,0,0,36,36
1655913454208,MATH 18,B05,093473,Staff,0,0,36,36
1655913454208,MATH 18,B06,093474,Staff,0,0,36,36
1655913460235,MATH 20A,A01,083754,Zheng; Zequn,10,0,40,30
1655913466259,MATH 20B,A01,083756,Briones; Jor-el Thomas Caparas,0,1,36,36
1655913466259,MATH 20B,A02,083757,Briones; Jor-el Thomas Caparas,1,0,36,35
1655913466259,MATH 20B,A03,093475,Staff,1,0,36,35
1655913472287,MATH 20C,A01,083760,Briones; Jor-el Thomas Caparas,0,2,35,35
1655913472287,MATH 20C,A02,083761,Briones; Jor-el Thomas Caparas,6,1,35,29
1655913472287,MATH 20C,A03,093476,Staff,1,1,35,34
1655913472287,MATH 20C,B01,083762,Bach; Quang Tran,3,0,30,27
1655913478318,MATH 20D,A01,083765,Tran; Brian Kha,0,0,30,30
1655913478318,MATH 20D,A02,083766,Tran; Brian Kha,0,1,30,30
1655913478318,MATH 20D,A03,083767,Tran; Brian Kha,0,0,30,30
1655913484341,MATH 20E,A01,083771,Ganguly; Soumya,0,0,32,32
1655913484341,MATH 20E,A02,083772,Ganguly; Soumya,1,1,32,31
1655913484341,MATH 20E,B01,083773,Ciotti; Benjamin,14,0,35,21
1655913484341,MATH 20E,B02,083774,Ciotti; Benjamin,12,0,35,23
1655913490371,MATH 103A,A01,083777,Greenfeld; Be'Eri,2,1,36,34
1655913490371,MATH 103A,A02,083778,Greenfeld; Be'Eri,1,0,36,35
1655913490371,MATH 103A,A03,093561,Staff,0,1,36,36
1655913490371,MATH 103A,B01,083779,Greenfeld; Be'Eri,7,1,36,29
1655913490371,MATH 103A,B02,083780,Greenfeld; Be'Eri,1,0,36,35
1655913490371,MATH 103A,B03,093562,Staff,0,0,36,36
1655913496394,MATH 105,A01,085443,Carter; Anne Toulson,3,1,35,32
1655913496394,MATH 105,A02,093477,Staff,6,0,35,29
1655913502418,MATH 109,A01,083213,Ganzberger; Geoffrey Michael,0,1,34,34
1655913502418,MATH 109,A02,083214,Ganzberger; Geoffrey Michael,0,0,34,34
1655913502418,MATH 109,A03,093478,Staff,1,0,34,33
1655913502418,MATH 109,B01,083215,Ganzberger; Geoffrey Michael,2,0,32,30
1655913502418,MATH 109,B02,083216,Ganzberger; Geoffrey Michael,0,0,32,32
1655913502418,MATH 109,B03,093479,Staff,4,0,32,28
1655913508448,MATH 142A,A01,083219,Chow; Bennett,0,0,32,32
1655913508448,MATH 142A,A02,083220,Chow; Bennett,8,0,32,24
1655913508448,MATH 142A,A03,093480,Staff,4,0,32,28
1655913508448,MATH 142A,B03,093481,Staff,3,0,32,29
1655913508448,MATH 142A,B04,093558,Staff,6,0,32,26
1655913508448,MATH 142A,B05,093559,Staff,1,0,32,31
1655913514472,MATH 193A,A01,083224,Rotar; Vladimir,1,1,34,33
1655913514472,MATH 193A,A02,083225,Rotar; Vladimir,0,0,34,34
1655913514472,MATH 193A,A03,083781,Rotar; Vladimir,2,0,34,32
1655913514472,MATH 193A,A04,083782,Rotar; Vladimir,2,0,34,32
1655913514472,MATH 193A,A05,093482,Rotar; Vladimir,2,0,34,32
1655913520502,MATH 197,001,091859,McAuley; Julian John,9999,0,9999,0
1655913520502,MATH 197,002,095566,Kedlaya; Kiran S.,9997,0,9999,2
1655913520502,MATH 197,003,095567,Xiao; Ming,9999,0,9999,0
1655913520502,MATH 197,004,095571,Perols; Johan Lars,9998,0,9999,1
1655913527580,COGS 9,A01,083615,Shannon; Kyle Michael,1,1,75,74
1655913533604,COGS 11,A01,083617,Boyle; Mary E. T.,9,1,48,39
1655913539630,COGS 13,A01,083071,Bastos; Amalia Pinkusfeld,3,1,71,68
1655913545654,COGS 14A,A01,092681,Staff,2,26,100,98
1655913551677,COGS 14B,A01,083073,Cheng; Tzu-Han,7,0,63,56
1655913557704,COGS 17,A01,092677,Staff,8,6,81,73
1655913563727,COGS 100,A01,083619,Allen; Michael Gordon,2,2,70,68
1655913569761,COGS 101A,A01,083621,Davis; Joshua Daniel,4,3,68,64
1655913575786,COGS 101B,A01,091572,Allen; Michael Gordon,1,0,65,64
1655913581811,COGS 101C,A01,083625,Delgado; Tania,8,0,35,27
1655913587836,COGS 107A,A01,083627,Boyle; Mary E. T.,1,1,60,59
1655913593862,COGS 118A,A01,083075,Gupta; Anjum,17,16,76,59
1655913599885,CSE 3,A50,083646,Miranda; Gregory Joseph,13,0,50,37
1655913605914,CSE 8A,A50,083650,Miranda; Gregory Joseph,3,11,56,53
1655913611938,CSE 11,A01,083080,Cao; Yingjun,0,68,40,40
1655913617969,CSE 12,A01,083652,Krause-Levy; Sophia Louisa,6,8,120,114
1655913623991,CSE 15L,A01,083654,Morris; Justin Loren,3,1,50,47
1655913623991,CSE 15L,A02,083655,Morris; Justin Loren,0,0,50,50
1655913630022,CSE 20,A01,083657,Tran; Khoa Dang,29,0,80,51
1655913636049,CSE 21,A01,095574,Bach; Quang Tran,23,0,48,25
1655913642074,CSE 30,A01,083084,Eldon; John,2,11,80,78
1655913642074,CSE 30,B01,095061,Bhaskar; Nishant,0,4,50,50
1655913648098,CSE 100,A01,083659,Cao; Yingjun,2,25,70,68
1655913654125,CSE 134B,A01,083661,Powell; Thomas Allan,4,6,100,96
1655913660149,CSE 140,A01,083663,Gungor; Onat,4,0,85,81
1655913666257,CSE 140L,A01,083088,Eldon; John,4,0,100,96
1655913672282,CSE 175,A01,083665,Kumar; Rakesh,1,0,25,24
1655913678306,CSE 190,A00,092507,Dubnov; Shlomo,1,0,20,19
1655913684338,ECE 45,A01,083139,Congero; Spencer William,0,1,75,75
1655913690370,ECE 65,A50,083695,Saad; Andrew S,6,0,30,24
1655913690370,ECE 65,A51,095125,Staff,23,0,26,3
1655913696394,ECE 109,A01,091882,Touri; Behrouz,2,3,70,68
1655913702421,ECE 180,A00,083140,Abi Samra; Nicholas Camill,1,0,30,29
1655913702421,ECE 180,B00,083141,Abi Samra; Nicholas Camill,0,8,28,28
1655913708443,MATH 10A,A01,083735,Patchell; Gregory David,0,0,30,30
1655913708443,MATH 10A,A02,083736,Patchell; Gregory David,21,0,30,9
1655913708443,MATH 10A,A03,083737,Patchell; Gregory David,16,0,30,14
1655913714467,MATH 10B,A01,083207,Lim; Seonhee,1,1,34,33
1655913714467,MATH 10B,A02,083208,Lim; Seonhee,1,1,35,34
1655913714467,MATH 10B,A03,093472,Staff,1,0,34,33
1655913714467,MATH 10B,B01,083739,Sinha; Shubham,10,0,30,20
1655913720491,MATH 18,A01,083743,Cinel; Cameron Alexander,4,0,30,26
1655913720491,MATH 18,A02,083744,Cinel; Cameron Alexander,11,0,30,19
1655913720491,MATH 18,A03,083745,Cinel; Cameron Alexander,0,0,30,30
1655913720491,MATH 18,B01,083748,Ma; Zilu,1,0,36,35
1655913720491,MATH 18,B02,083749,Ma; Zilu,0,0,36,36
1655913720491,MATH 18,B03,083750,Ma; Zilu,0,0,36,36
1655913720491,MATH 18,B04,083751,Ma; Zilu,0,0,36,36
1655913720491,MATH 18,B05,093473,Staff,0,0,36,36
1655913720491,MATH 18,B06,093474,Staff,0,0,36,36
1655913726514,MATH 20A,A01,083754,Zheng; Zequn,10,0,40,30
1655913732545,MATH 20B,A01,083756,Briones; Jor-el Thomas Caparas,0,1,36,36
1655913732545,MATH 20B,A02,083757,Briones; Jor-el Thomas Caparas,1,0,36,35
1655913732545,MATH 20B,A03,093475,Staff,1,0,36,35
1655913738588,MATH 20C,A01,083760,Briones; Jor-el Thomas Caparas,0,2,35,35
1655913738588,MATH 20C,A02,083761,Briones; Jor-el Thomas Caparas,6,1,35,29
1655913738588,MATH 20C,A03,093476,Staff,1,1,35,34
1655913738588,MATH 20C,B01,083762,Bach; Quang Tran,3,0,30,27
1655913744612,MATH 20D,A01,083765,Tran; Brian Kha,0,0,30,30
1655913744612,MATH 20D,A02,083766,Tran; Brian Kha,0,1,30,30
1655913744612,MATH 20D,A03,083767,Tran; Brian Kha,0,0,30,30
1655913750641,MATH 20E,A01,083771,Ganguly; Soumya,0,0,32,32
1655913750641,MATH 20E,A02,083772,Ganguly; Soumya,1,1,32,31
1655913750641,MATH 20E,B01,083773,Ciotti; Benjamin,14,0,35,21
1655913750641,MATH 20E,B02,083774,Ciotti; Benjamin,12,0,35,23
1655913756679,MATH 103A,A01,083777,Greenfeld; Be'Eri,2,1,36,34
1655913756679,MATH 103A,A02,083778,Greenfeld; Be'Eri,1,0,36,35
1655913756679,MATH 103A,A03,093561,Staff,0,1,36,36
1655913756679,MATH 103A,B01,083779,Greenfeld; Be'Eri,7,1,36,29
1655913756679,MATH 103A,B02,083780,Greenfeld; Be'Eri,1,0,36,35
1655913756679,MATH 103A,B03,093562,Staff,0,0,36,36
1655913762710,MATH 105,A01,085443,Carter; Anne Toulson,3,1,35,32
1655913762710,MATH 105,A02,093477,Staff,6,0,35,29
1655913768734,MATH 109,A01,083213,Ganzberger; Geoffrey Michael,0,1,34,34
1655913768734,MATH 109,A02,083214,Ganzberger; Geoffrey Michael,0,0,34,34
1655913768734,MATH 109,A03,093478,Staff,1,0,34,33
1655913768734,MATH 109,B01,083215,Ganzberger; Geoffrey Michael,2,0,32,30
1655913768734,MATH 109,B02,083216,Ganzberger; Geoffrey Michael,0,0,32,32
1655913768734,MATH 109,B03,093479,Staff,4,0,32,28
1655913774765,MATH 142A,A01,083219,Chow; Bennett,0,0,32,32
1655913774765,MATH 142A,A02,083220,Chow; Bennett,8,0,32,24
1655913774765,MATH 142A,A03,093480,Staff,4,0,32,28
1655913774765,MATH 142A,B03,093481,Staff,3,0,32,29
1655913774765,MATH 142A,B04,093558,Staff,6,0,32,26
1655913774765,MATH 142A,B05,093559,Staff,1,0,32,31
1655913780789,MATH 193A,A01,083224,Rotar; Vladimir,1,1,34,33
1655913780789,MATH 193A,A02,083225,Rotar; Vladimir,0,0,34,34
1655913780789,MATH 193A,A03,083781,Rotar; Vladimir,2,0,34,32
1655913780789,MATH 193A,A04,083782,Rotar; Vladimir,2,0,34,32
1655913780789,MATH 193A,A05,093482,Rotar; Vladimir,2,0,34,32
1655913786814,MATH 197,001,091859,McAuley; Julian John,9999,0,9999,0
1655913786814,MATH 197,002,095566,Kedlaya; Kiran S.,9997,0,9999,2
1655913786814,MATH 197,003,095567,Xiao; Ming,9999,0,9999,0
1655913786814,MATH 197,004,095571,Perols; Johan Lars,9998,0,9999,1
1655913793883,COGS 9,A01,083615,Shannon; Kyle Michael,1,1,75,74
1655913799908,COGS 11,A01,083617,Boyle; Mary E. T.,9,1,48,39
1655913805936,COGS 13,A01,083071,Bastos; Amalia Pinkusfeld,3,1,71,68
1655913811965,COGS 14A,A01,092681,Staff,2,26,100,98
1655913817994,COGS 14B,A01,083073,Cheng; Tzu-Han,7,0,63,56
1655913824016,COGS 17,A01,092677,Staff,8,6,81,73
1655913830043,COGS 100,A01,083619,Allen; Michael Gordon,2,2,70,68
1655913836067,COGS 101A,A01,083621,Davis; Joshua Daniel,4,3,68,64
1655913842170,COGS 101B,A01,091572,Allen; Michael Gordon,1,0,65,64
1655913848211,COGS 101C,A01,083625,Delgado; Tania,8,0,35,27
1655913854238,COGS 107A,A01,083627,Boyle; Mary E. T.,1,1,60,59
1655913860267,COGS 118A,A01,083075,Gupta; Anjum,17,16,76,59
1655913866291,CSE 3,A50,083646,Miranda; Gregory Joseph,13,0,50,37
1655913872315,CSE 8A,A50,083650,Miranda; Gregory Joseph,3,11,56,53
1655913878338,CSE 11,A01,083080,Cao; Yingjun,0,68,40,40
1655913892091,CSE 12,A01,083652,Krause-Levy; Sophia Louisa,6,8,120,114
1655913898115,CSE 15L,A01,083654,Morris; Justin Loren,3,1,50,47
1655913898115,CSE 15L,A02,083655,Morris; Justin Loren,0,0,50,50
1655913904139,CSE 20,A01,083657,Tran; Khoa Dang,29,0,80,51
1655913910164,CSE 21,A01,095574,Bach; Quang Tran,23,0,48,25
1655913916193,CSE 30,A01,083084,Eldon; John,2,11,80,78
1655913916193,CSE 30,B01,095061,Bhaskar; Nishant,0,4,50,50
1655913922219,CSE 100,A01,083659,Cao; Yingjun,2,25,70,68
1655913928244,CSE 134B,A01,083661,Powell; Thomas Allan,4,6,100,96
1655913934270,CSE 140,A01,083663,Gungor; Onat,4,0,85,81
1655913940296,CSE 140L,A01,083088,Eldon; John,4,0,100,96
1655913946319,CSE 175,A01,083665,Kumar; Rakesh,1,0,25,24
1655913952344,CSE 190,A00,092507,Dubnov; Shlomo,1,0,20,19
1655913958366,ECE 45,A01,083139,Congero; Spencer William,0,1,75,75
1655913964396,ECE 65,A50,083695,Saad; Andrew S,6,0,30,24
1655913964396,ECE 65,A51,095125,Staff,23,0,26,3
1655913970421,ECE 109,A01,091882,Touri; Behrouz,2,3,70,68
1655913976444,ECE 180,A00,083140,Abi Samra; Nicholas Camill,1,0,30,29
1655913976444,ECE 180,B00,083141,Abi Samra; Nicholas Camill,0,8,28,28
1655913982475,MATH 10A,A01,083735,Patchell; Gregory David,0,0,30,30
1655913982475,MATH 10A,A02,083736,Patchell; Gregory David,21,0,30,9
1655913982475,MATH 10A,A03,083737,Patchell; Gregory David,16,0,30,14
1655913988503,MATH 10B,A01,083207,Lim; Seonhee,1,1,34,33
1655913988503,MATH 10B,A02,083208,Lim; Seonhee,1,1,35,34
1655913988503,MATH 10B,A03,093472,Staff,1,0,34,33
1655913988503,MATH 10B,B01,083739,Sinha; Shubham,10,0,30,20
1655913994527,MATH 18,A01,083743,Cinel; Cameron Alexander,4,0,30,26
1655913994527,MATH 18,A02,083744,Cinel; Cameron Alexander,11,0,30,19
1655913994527,MATH 18,A03,083745,Cinel; Cameron Alexander,0,0,30,30
1655913994527,MATH 18,B01,083748,Ma; Zilu,1,0,36,35
1655913994527,MATH 18,B02,083749,Ma; Zilu,0,0,36,36
1655913994527,MATH 18,B03,083750,Ma; Zilu,0,0,36,36
1655913994527,MATH 18,B04,083751,Ma; Zilu,0,0,36,36
1655913994527,MATH 18,B05,093473,Staff,0,0,36,36
1655913994527,MATH 18,B06,093474,Staff,0,0,36,36
1655914000550,MATH 20A,A01,083754,Zheng; Zequn,10,0,40,30
1655914006585,MATH 20B,A01,083756,Briones; Jor-el Thomas Caparas,0,1,36,36
1655914006585,MATH 20B,A02,083757,Briones; Jor-el Thomas Caparas,1,0,36,35
1655914006585,MATH 20B,A03,093475,Staff,1,0,36,35
1655914012616,MATH 20C,A01,083760,Briones; Jor-el Thomas Caparas,0,2,35,35
1655914012616,MATH 20C,A02,083761,Briones; Jor-el Thomas Caparas,6,1,35,29
1655914012616,MATH 20C,A03,093476,Staff,1,1,35,34
1655914012616,MATH 20C,B01,083762,Bach; Quang Tran,3,0,30,27
1655914018641,MATH 20D,A01,083765,Tran; Brian Kha,0,0,30,30
1655914018641,MATH 20D,A02,083766,Tran; Brian Kha,0,1,30,30
1655914018641,MATH 20D,A03,083767,Tran; Brian Kha,0,0,30,30
1655914024666,MATH 20E,A01,083771,Ganguly; Soumya,0,0,32,32
1655914024666,MATH 20E,A02,083772,Ganguly; Soumya,1,1,32,31
1655914024666,MATH 20E,B01,083773,Ciotti; Benjamin,14,0,35,21
1655914024666,MATH 20E,B02,083774,Ciotti; Benjamin,12,0,35,23
1655914030689,MATH 103A,A01,083777,Greenfeld; Be'Eri,2,1,36,34
1655914030689,MATH 103A,A02,083778,Greenfeld; Be'Eri,1,0,36,35
1655914030689,MATH 103A,A03,093561,Staff,0,1,36,36
1655914030689,MATH 103A,B01,083779,Greenfeld; Be'Eri,7,1,36,29
1655914030689,MATH 103A,B02,083780,Greenfeld; Be'Eri,1,0,36,35
1655914030689,MATH 103A,B03,093562,Staff,0,0,36,36
1655914036728,MATH 105,A01,085443,Carter; Anne Toulson,3,1,35,32
1655914036728,MATH 105,A02,093477,Staff,6,0,35,29
1655914042758,MATH 109,A01,083213,Ganzberger; Geoffrey Michael,0,1,34,34
1655914042758,MATH 109,A02,083214,Ganzberger; Geoffrey Michael,0,0,34,34
1655914042758,MATH 109,A03,093478,Staff,1,0,34,33
1655914042758,MATH 109,B01,083215,Ganzberger; Geoffrey Michael,2,0,32,30
1655914042758,MATH 109,B02,083216,Ganzberger; Geoffrey Michael,0,0,32,32
1655914042758,MATH 109,B03,093479,Staff,4,0,32,28
1655914048790,MATH 142A,A01,083219,Chow; Bennett,0,0,32,32
1655914048790,MATH 142A,A02,083220,Chow; Bennett,8,0,32,24
1655914048790,MATH 142A,A03,093480,Staff,4,0,32,28
1655914048790,MATH 142A,B03,093481,Staff,3,0,32,29
1655914048790,MATH 142A,B04,093558,Staff,6,0,32,26
1655914048790,MATH 142A,B05,093559,Staff,1,0,32,31
1655914054818,MATH 193A,A01,083224,Rotar; Vladimir,1,1,34,33
1655914054818,MATH 193A,A02,083225,Rotar; Vladimir,0,0,34,34
1655914054818,MATH 193A,A03,083781,Rotar; Vladimir,2,0,34,32
1655914054818,MATH 193A,A04,083782,Rotar; Vladimir,2,0,34,32
1655914054818,MATH 193A,A05,093482,Rotar; Vladimir,2,0,34,32
1655914060842,MATH 197,001,091859,McAuley; Julian John,9999,0,9999,0
1655914060842,MATH 197,002,095566,Kedlaya; Kiran S.,9997,0,9999,2
1655914060842,MATH 197,003,095567,Xiao; Ming,9999,0,9999,0
1655914060842,MATH 197,004,095571,Perols; Johan Lars,9998,0,9999,1
1655914067908,COGS 9,A01,083615,Shannon; Kyle Michael,1,1,75,74
1655914073932,COGS 11,A01,083617,Boyle; Mary E. T.,9,1,48,39
1655914079958,COGS 13,A01,083071,Bastos; Amalia Pinkusfeld,3,1,71,68
1655914085990,COGS 14A,A01,092681,Staff,2,26,100,98
1655914092014,COGS 14B,A01,083073,Cheng; Tzu-Han,7,0,63,56
1655914098055,COGS 17,A01,092677,Staff,8,6,81,73
1655914104077,COGS 100,A01,083619,Allen; Michael Gordon,2,2,70,68
1655914110101,COGS 101A,A01,083621,Davis; Joshua Daniel,4,3,68,64
1655914116126,COGS 101B,A01,091572,Allen; Michael Gordon,1,0,65,64
1655914122149,COGS 101C,A01,083625,Delgado; Tania,8,0,35,27
1655914128176,COGS 107A,A01,083627,Boyle; Mary E. T.,1,1,60,59
1655914134198,COGS 118A,A01,083075,Gupta; Anjum,17,16,76,59
1655914140227,CSE 3,A50,083646,Miranda; Gregory Joseph,13,0,50,37
1655914146251,CSE 8A,A50,083650,Miranda; Gregory Joseph,3,11,56,53
1655914152276,CSE 11,A01,083080,Cao; Yingjun,0,68,40,40
1655914158300,CSE 12,A01,083652,Krause-Levy; Sophia Louisa,6,8,120,114
1655914164349,CSE 15L,A01,083654,Morris; Justin Loren,3,1,50,47
1655914164349,CSE 15L,A02,083655,Morris; Justin Loren,0,0,50,50
1655914170373,CSE 20,A01,083657,Tran; Khoa Dang,29,0,80,51
1655914176396,CSE 21,A01,095574,Bach; Quang Tran,23,0,48,25
1655914182423,CSE 30,A01,083084,Eldon; John,2,11,80,78
1655914182423,CSE 30,B01,095061,Bhaskar; Nishant,0,4,50,50
1655914188446,CSE 100,A01,083659,Cao; Yingjun,2,25,70,68
1655914194475,CSE 134B,A01,083661,Powell; Thomas Allan,4,6,100,96
1655914200498,CSE 140,A01,083663,Gungor; Onat,4,0,85,81
1655914206522,CSE 140L,A01,083088,Eldon; John,4,0,100,96
1655914212547,CSE 175,A01,083665,Kumar; Rakesh,1,0,25,24
1655914218571,CSE 190,A00,092507,Dubnov; Shlomo,1,0,20,19
1655914224598,ECE 45,A01,083139,Congero; Spencer William,0,1,75,75
1655914230625,ECE 65,A50,083695,Saad; Andrew S,6,0,30,24
1655914230625,ECE 65,A51,095125,Staff,23,0,26,3
1655914236661,ECE 109,A01,091882,Touri; Behrouz,2,3,70,68
1655914242685,ECE 180,A00,083140,Abi Samra; Nicholas Camill,1,0,30,29
1655914242685,ECE 180,B00,083141,Abi Samra; Nicholas Camill,0,8,28,28
1655914248710,MATH 10A,A01,083735,Patchell; Gregory David,0,0,30,30
1655914248710,MATH 10A,A02,083736,Patchell; Gregory David,21,0,30,9
1655914248710,MATH 10A,A03,083737,Patchell; Gregory David,16,0,30,14
1655914254735,MATH 10B,A01,083207,Lim; Seonhee,1,1,34,33
1655914254735,MATH 10B,A02,083208,Lim; Seonhee,1,1,35,34
1655914254735,MATH 10B,A03,093472,Staff,1,0,34,33
1655914254735,MATH 10B,B01,083739,Sinha; Shubham,10,0,30,20
1655914260768,MATH 18,A01,083743,Cinel; Cameron Alexander,4,0,30,26
1655914260768,MATH 18,A02,083744,Cinel; Cameron Alexander,11,0,30,19
1655914260768,MATH 18,A03,083745,Cinel; Cameron Alexander,0,0,30,30
1655914260768,MATH 18,B01,083748,Ma; Zilu,2,0,36,34
1655914260768,MATH 18,B02,083749,Ma; Zilu,0,0,36,36
1655914260768,MATH 18,B03,083750,Ma; Zilu,0,0,36,36
1655914260768,MATH 18,B04,083751,Ma; Zilu,0,0,36,36
1655914260768,MATH 18,B05,093473,Staff,0,0,36,36
1655914260768,MATH 18,B06,093474,Staff,0,0,36,36
1655914266807,MATH 20A,A01,083754,Zheng; Zequn,10,0,40,30
1655914272929,MATH 20B,A01,083756,Briones; Jor-el Thomas Caparas,0,1,36,36
1655914272929,MATH 20B,A02,083757,Briones; Jor-el Thomas Caparas,1,0,36,35
1655914272929,MATH 20B,A03,093475,Staff,1,0,36,35
1655914278958,MATH 20C,A01,083760,Briones; Jor-el Thomas Caparas,0,2,35,35
1655914278958,MATH 20C,A02,083761,Briones; Jor-el Thomas Caparas,6,1,35,29
1655914278958,MATH 20C,A03,093476,Staff,1,1,35,34
1655914278958,MATH 20C,B01,083762,Bach; Quang Tran,3,0,30,27
1655914284981,MATH 20D,A01,083765,Tran; Brian Kha,0,0,30,30
1655914284981,MATH 20D,A02,083766,Tran; Brian Kha,0,1,30,30
1655914284981,MATH 20D,A03,083767,Tran; Brian Kha,0,0,30,30
1655914291007,MATH 20E,A01,083771,Ganguly; Soumya,0,0,32,32
1655914291007,MATH 20E,A02,083772,Ganguly; Soumya,1,1,32,31
1655914291007,MATH 20E,B01,083773,Ciotti; Benjamin,14,0,35,21
1655914291007,MATH 20E,B02,083774,Ciotti; Benjamin,12,0,35,23
1655914297036,MATH 103A,A01,083777,Greenfeld; Be'Eri,2,1,36,34
1655914297036,MATH 103A,A02,083778,Greenfeld; Be'Eri,1,0,36,35
1655914297036,MATH 103A,A03,093561,Staff,0,1,36,36
1655914297036,MATH 103A,B01,083779,Greenfeld; Be'Eri,7,1,36,29
1655914297036,MATH 103A,B02,083780,Greenfeld; Be'Eri,1,0,36,35
1655914297036,MATH 103A,B03,093562,Staff,0,0,36,36
1655914303059,MATH 105,A01,085443,Carter; Anne Toulson,3,1,35,32
1655914303059,MATH 105,A02,093477,Staff,6,0,35,29
1655914309103,MATH 109,A01,083213,Ganzberger; Geoffrey Michael,0,1,34,34
1655914309103,MATH 109,A02,083214,Ganzberger; Geoffrey Michael,0,0,34,34
1655914309103,MATH 109,A03,093478,Staff,1,0,34,33
1655914309103,MATH 109,B01,083215,Ganzberger; Geoffrey Michael,2,0,32,30
1655914309103,MATH 109,B02,083216,Ganzberger; Geoffrey Michael,0,0,32,32
1655914309103,MATH 109,B03,093479,Staff,4,0,32,28
1655914315140,MATH 142A,A01,083219,Chow; Bennett,0,0,32,32
1655914315140,MATH 142A,A02,083220,Chow; Bennett,8,0,32,24
1655914315140,MATH 142A,A03,093480,Staff,4,0,32,28
1655914315140,MATH 142A,B03,093481,Staff,3,0,32,29
1655914315140,MATH 142A,B04,093558,Staff,6,0,32,26
1655914315140,MATH 142A,B05,093559,Staff,1,0,32,31
1655914321167,MATH 193A,A01,083224,Rotar; Vladimir,1,1,34,33
1655914321167,MATH 193A,A02,083225,Rotar; Vladimir,0,0,34,34
1655914321167,MATH 193A,A03,083781,Rotar; Vladimir,2,0,34,32
1655914321167,MATH 193A,A04,083782,Rotar; Vladimir,2,0,34,32
1655914321167,MATH 193A,A05,093482,Rotar; Vladimir,2,0,34,32
1655914327200,MATH 197,001,091859,McAuley; Julian John,9999,0,9999,0
1655914327200,MATH 197,002,095566,Kedlaya; Kiran S.,9997,0,9999,2
1655914327200,MATH 197,003,095567,Xiao; Ming,9999,0,9999,0
1655914327200,MATH 197,004,095571,Perols; Johan Lars,9998,0,9999,1
1655914334257,COGS 9,A01,083615,Shannon; Kyle Michael,1,1,75,74
1655914340289,COGS 11,A01,083617,Boyle; Mary E. T.,9,1,48,39
1655914346321,COGS 13,A01,083071,Bastos; Amalia Pinkusfeld,3,1,71,68
1655914352346,COGS 14A,A01,092681,Staff,2,26,100,98
1655914358373,COGS 14B,A01,083073,Cheng; Tzu-Han,7,0,63,56
1655914364401,COGS 17,A01,092677,Staff,8,6,81,73
1655914370422,COGS 100,A01,083619,Allen; Michael Gordon,2,2,70,68
1655914376445,COGS 101A,A01,083621,Davis; Joshua Daniel,4,3,68,64
1655914382467,COGS 101B,A01,091572,Allen; Michael Gordon,1,0,65,64
1655914388493,COGS 101C,A01,083625,Delgado; Tania,8,0,35,27
1655914394515,COGS 107A,A01,083627,Boyle; Mary E. T.,1,1,60,59
1655914400543,COGS 118A,A01,083075,Gupta; Anjum,17,16,76,59
1655914406569,CSE 3,A50,083646,Miranda; Gregory Joseph,13,0,50,37
1655914412602,CSE 8A,A50,083650,Miranda; Gregory Joseph,3,11,56,53
1655914418632,CSE 11,A01,083080,Cao; Yingjun,0,68,40,40
1655914424667,CSE 12,A01,083652,Krause-Levy; Sophia Louisa,6,8,120,114
1655914430696,CSE 15L,A01,083654,Morris; Justin Loren,3,1,50,47
1655914430696,CSE 15L,A02,083655,Morris; Justin Loren,0,1,50,50
1655914436724,CSE 20,A01,083657,Tran; Khoa Dang,29,0,80,51
1655914442757,CSE 21,A01,095574,Bach; Quang Tran,23,0,48,25
1655914448781,CSE 30,A01,083084,Eldon; John,2,11,80,78
1655914448781,CSE 30,B01,095061,Bhaskar; Nishant,0,4,50,50
1655914454804,CSE 100,A01,083659,Cao; Yingjun,2,25,70,68
1655914460831,CSE 134B,A01,083661,Powell; Thomas Allan,4,6,100,96
1655914466857,CSE 140,A01,083663,Gungor; Onat,4,0,85,81
1655914472884,CSE 140L,A01,083088,Eldon; John,4,0,100,96
1655914478915,CSE 175,A01,083665,Kumar; Rakesh,1,0,25,24
1655914484939,CSE 190,A00,092507,Dubnov; Shlomo,1,0,20,19
1655914490979,ECE 45,A01,083139,Congero; Spencer William,0,1,75,75
1655914497017,ECE 65,A50,083695,Saad; Andrew S,6,0,30,24
1655914497017,ECE 65,A51,095125,Staff,23,0,26,3
1655914503047,ECE 109,A01,091882,Touri; Behrouz,2,3,70,68
1655914509070,ECE 180,A00,083140,Abi Samra; Nicholas Camill,1,0,30,29
1655914509070,ECE 180,B00,083141,Abi Samra; Nicholas Camill,0,8,28,28
1655914515094,MATH 10A,A01,083735,Patchell; Gregory David,0,0,30,30
1655914515094,MATH 10A,A02,083736,Patchell; Gregory David,21,0,30,9
1655914515094,MATH 10A,A03,083737,Patchell; Gregory David,16,0,30,14
1655914521118,MATH 10B,A01,083207,Lim; Seonhee,1,1,34,33
1655914521118,MATH 10B,A02,083208,Lim; Seonhee,1,1,35,34
1655914521118,MATH 10B,A03,093472,Staff,1,0,34,33
1655914521118,MATH 10B,B01,083739,Sinha; Shubham,10,0,30,20
1655914527148,MATH 18,A01,083743,Cinel; Cameron Alexander,4,0,30,26
1655914527148,MATH 18,A02,083744,Cinel; Cameron Alexander,11,0,30,19
1655914527148,MATH 18,A03,083745,Cinel; Cameron Alexander,0,0,30,30
1655914527148,MATH 18,B01,083748,Ma; Zilu,2,0,36,34
1655914527148,MATH 18,B02,083749,Ma; Zilu,0,0,36,36
1655914527148,MATH 18,B03,083750,Ma; Zilu,0,0,36,36
1655914527148,MATH 18,B04,083751,Ma; Zilu,0,0,36,36
1655914527148,MATH 18,B05,093473,Staff,0,0,36,36
1655914527148,MATH 18,B06,093474,Staff,0,0,36,36
1655914533175,MATH 20A,A01,083754,Zheng; Zequn,10,0,40,30
1655914539197,MATH 20B,A01,083756,Briones; Jor-el Thomas Caparas,0,1,36,36
1655914539197,MATH 20B,A02,083757,Briones; Jor-el Thomas Caparas,1,0,36,35
1655914539197,MATH 20B,A03,093475,Staff,1,0,36,35
1655914545230,MATH 20C,A01,083760,Briones; Jor-el Thomas Caparas,0,2,35,35
1655914545230,MATH 20C,A02,083761,Briones; Jor-el Thomas Caparas,6,1,35,29
1655914545230,MATH 20C,A03,093476,Staff,1,1,35,34
1655914545230,MATH 20C,B01,083762,Bach; Quang Tran,3,0,30,27
1655914551256,MATH 20D,A01,083765,Tran; Brian Kha,0,0,30,30
1655914551256,MATH 20D,A02,083766,Tran; Brian Kha,0,1,30,30
1655914551256,MATH 20D,A03,083767,Tran; Brian Kha,0,0,30,30
1655914557300,MATH 20E,A01,083771,Ganguly; Soumya,0,0,32,32
1655914557300,MATH 20E,A02,083772,Ganguly; Soumya,1,1,32,31
1655914557300,MATH 20E,B01,083773,Ciotti; Benjamin,14,0,35,21
1655914557300,MATH 20E,B02,083774,Ciotti; Benjamin,12,0,35,23
1655914563330,MATH 103A,A01,083777,Greenfeld; Be'Eri,2,1,36,34
1655914563330,MATH 103A,A02,083778,Greenfeld; Be'Eri,1,0,36,35
1655914563330,MATH 103A,A03,093561,Staff,0,1,36,36
1655914563330,MATH 103A,B01,083779,Greenfeld; Be'Eri,7,1,36,29
1655914563330,MATH 103A,B02,083780,Greenfeld; Be'Eri,1,0,36,35
1655914563330,MATH 103A,B03,093562,Staff,0,0,36,36
1655914569358,MATH 105,A01,085443,Carter; Anne Toulson,3,1,35,32
1655914569358,MATH 105,A02,093477,Staff,6,0,35,29
1655914575382,MATH 109,A01,083213,Ganzberger; Geoffrey Michael,0,1,34,34
1655914575382,MATH 109,A02,083214,Ganzberger; Geoffrey Michael,0,0,34,34
1655914575382,MATH 109,A03,093478,Staff,1,0,34,33
1655914575382,MATH 109,B01,083215,Ganzberger; Geoffrey Michael,2,0,32,30
1655914575382,MATH 109,B02,083216,Ganzberger; Geoffrey Michael,0,0,32,32
1655914575382,MATH 109,B03,093479,Staff,4,0,32,28
1655914581407,MATH 142A,A01,083219,Chow; Bennett,0,0,32,32
1655914581407,MATH 142A,A02,083220,Chow; Bennett,8,0,32,24
1655914581407,MATH 142A,A03,093480,Staff,4,0,32,28
1655914581407,MATH 142A,B03,093481,Staff,3,0,32,29
1655914581407,MATH 142A,B04,093558,Staff,6,0,32,26
1655914581407,MATH 142A,B05,093559,Staff,1,0,32,31
1655914587432,MATH 193A,A01,083224,Rotar; Vladimir,1,1,34,33
1655914587432,MATH 193A,A02,083225,Rotar; Vladimir,0,0,34,34
1655914587432,MATH 193A,A03,083781,Rotar; Vladimir,2,0,34,32
1655914587432,MATH 193A,A04,083782,Rotar; Vladimir,2,0,34,32
1655914587432,MATH 193A,A05,093482,Rotar; Vladimir,2,0,34,32
1655914593459,MATH 197,001,091859,McAuley; Julian John,9999,0,9999,0
1655914593459,MATH 197,002,095566,Kedlaya; Kiran S.,9997,0,9999,2
1655914593459,MATH 197,003,095567,Xiao; Ming,9999,0,9999,0
1655914593459,MATH 197,004,095571,Perols; Johan Lars,9998,0,9999,1
1655914600517,COGS 9,A01,083615,Shannon; Kyle Michael,1,1,75,74
1655914606543,COGS 11,A01,083617,Boyle; Mary E. T.,9,1,48,39
1655914612566,COGS 13,A01,083071,Bastos; Amalia Pinkusfeld,3,1,71,68
1655914618591,COGS 14A,A01,092681,Staff,2,26,100,98
1655914624617,COGS 14B,A01,083073,Cheng; Tzu-Han,7,0,63,56
1655914630642,COGS 17,A01,092677,Staff,8,6,81,73
1655914636665,COGS 100,A01,083619,Allen; Michael Gordon,2,2,70,68
1655914642694,COGS 101A,A01,083621,Davis; Joshua Daniel,4,3,68,64
1655914648718,COGS 101B,A01,091572,Allen; Michael Gordon,1,0,65,64
1655914654757,COGS 101C,A01,083625,Delgado; Tania,8,0,35,27
1655914660783,COGS 107A,A01,083627,Boyle; Mary E. T.,1,1,60,59
1655914666808,COGS 118A,A01,083075,Gupta; Anjum,17,16,76,59
1655914672834,CSE 3,A50,083646,Miranda; Gregory Joseph,13,0,50,37
1655914678860,CSE 8A,A50,083650,Miranda; Gregory Joseph,3,11,56,53
1655914684885,CSE 11,A01,083080,Cao; Yingjun,0,68,40,40
1655914690911,CSE 12,A01,083652,Krause-Levy; Sophia Louisa,6,8,120,114
1655914696946,CSE 15L,A01,083654,Morris; Justin Loren,3,1,50,47
1655914696946,CSE 15L,A02,083655,Morris; Justin Loren,0,1,50,50
1655914702979,CSE 20,A01,083657,Tran; Khoa Dang,29,0,80,51
1655914709007,CSE 21,A01,095574,Bach; Quang Tran,23,0,48,25
1655914715032,CSE 30,A01,083084,Eldon; John,2,11,80,78
1655914715032,CSE 30,B01,095061,Bhaskar; Nishant,0,4,50,50
1655914721065,CSE 100,A01,083659,Cao; Yingjun,2,25,70,68
1655914727093,CSE 134B,A01,083661,Powell; Thomas Allan,4,6,100,96
1655914733119,CSE 140,A01,083663,Gungor; Onat,4,0,85,81
1655914739143,CSE 140L,A01,083088,Eldon; John,4,0,100,96
1655914745169,CSE 175,A01,083665,Kumar; Rakesh,1,0,25,24
1655914751211,CSE 190,A00,092507,Dubnov; Shlomo,1,0,20,19
1655914757233,ECE 45,A01,083139,Congero; Spencer William,0,1,75,75
1655914763264,ECE 65,A50,083695,Saad; Andrew S,6,0,30,24
1655914763264,ECE 65,A51,095125,Staff,23,0,26,3
1655914769292,ECE 109,A01,091882,Touri; Behrouz,2,3,70,68
1655914775321,ECE 180,A00,083140,Abi Samra; Nicholas Camill,1,0,30,29
1655914775321,ECE 180,B00,083141,Abi Samra; Nicholas Camill,0,8,28,28
1655914781353,MATH 10A,A01,083735,Patchell; Gregory David,0,0,30,30
1655914781353,MATH 10A,A02,083736,Patchell; Gregory David,21,0,30,9
1655914781353,MATH 10A,A03,083737,Patchell; Gregory David,16,0,30,14
1655914787390,MATH 10B,A01,083207,Lim; Seonhee,1,1,34,33
1655914787390,MATH 10B,A02,083208,Lim; Seonhee,1,1,35,34
1655914787390,MATH 10B,A03,093472,Staff,1,0,34,33
1655914787390,MATH 10B,B01,083739,Sinha; Shubham,10,0,30,20
1655914793413,MATH 18,A01,083743,Cinel; Cameron Alexander,4,0,30,26
1655914793413,MATH 18,A02,083744,Cinel; Cameron Alexander,11,0,30,19
1655914793413,MATH 18,A03,083745,Cinel; Cameron Alexander,0,0,30,30
1655914793413,MATH 18,B01,083748,Ma; Zilu,2,0,36,34
1655914793413,MATH 18,B02,083749,Ma; Zilu,0,0,36,36
1655914793413,MATH 18,B03,083750,Ma; Zilu,0,0,36,36
1655914793413,MATH 18,B04,083751,Ma; Zilu,0,0,36,36
1655914793413,MATH 18,B05,093473,Staff,0,0,36,36
1655914793413,MATH 18,B06,093474,Staff,0,0,36,36
1655914799437,MATH 20A,A01,083754,Zheng; Zequn,10,0,40,30
1655914805465,MATH 20B,A01,083756,Briones; Jor-el Thomas Caparas,0,1,36,36
1655914805465,MATH 20B,A02,083757,Briones; Jor-el Thomas Caparas,1,0,36,35
1655914805465,MATH 20B,A03,093475,Staff,1,0,36,35
1655914811498,MATH 20C,A01,083760,Briones; Jor-el Thomas Caparas,0,2,35,35
1655914811498,MATH 20C,A02,083761,Briones; Jor-el Thomas Caparas,6,1,35,29
1655914811498,MATH 20C,A03,093476,Staff,1,1,35,34
1655914811498,MATH 20C,B01,083762,Bach; Quang Tran,3,0,30,27
1655914817522,MATH 20D,A01,083765,Tran; Brian Kha,0,0,30,30
1655914817522,MATH 20D,A02,083766,Tran; Brian Kha,0,1,30,30
1655914817522,MATH 20D,A03,083767,Tran; Brian Kha,0,0,30,30
1655914823563,MATH 20E,A01,083771,Ganguly; Soumya,0,0,32,32
1655914823563,MATH 20E,A02,083772,Ganguly; Soumya,1,1,32,31
1655914823563,MATH 20E,B01,083773,Ciotti; Benjamin,14,0,35,21
1655914823563,MATH 20E,B02,083774,Ciotti; Benjamin,12,0,35,23
1655914829606,MATH 103A,A01,083777,Greenfeld; Be'Eri,2,1,36,34
1655914829606,MATH 103A,A02,083778,Greenfeld; Be'Eri,1,0,36,35
1655914829606,MATH 103A,A03,093561,Staff,0,1,36,36
1655914829606,MATH 103A,B01,083779,Greenfeld; Be'Eri,7,1,36,29
1655914829606,MATH 103A,B02,083780,Greenfeld; Be'Eri,1,0,36,35
1655914829606,MATH 103A,B03,093562,Staff,0,0,36,36
1655914835634,MATH 105,A01,085443,Carter; Anne Toulson,3,1,35,32
1655914835634,MATH 105,A02,093477,Staff,6,0,35,29
1655914841662,MATH 109,A01,083213,Ganzberger; Geoffrey Michael,0,1,34,34
1655914841662,MATH 109,A02,083214,Ganzberger; Geoffrey Michael,0,0,34,34
1655914841662,MATH 109,A03,093478,Staff,1,0,34,33
1655914841662,MATH 109,B01,083215,Ganzberger; Geoffrey Michael,2,0,32,30
1655914841662,MATH 109,B02,083216,Ganzberger; Geoffrey Michael,0,0,32,32
1655914841662,MATH 109,B03,093479,Staff,4,0,32,28
1655914847687,MATH 142A,A01,083219,Chow; Bennett,0,0,32,32
1655914847687,MATH 142A,A02,083220,Chow; Bennett,8,0,32,24
1655914847687,MATH 142A,A03,093480,Staff,4,0,32,28
1655914847687,MATH 142A,B03,093481,Staff,3,0,32,29
1655914847687,MATH 142A,B04,093558,Staff,6,0,32,26
1655914847687,MATH 142A,B05,093559,Staff,1,0,32,31
1655914853712,MATH 193A,A01,083224,Rotar; Vladimir,1,1,34,33
1655914853712,MATH 193A,A02,083225,Rotar; Vladimir,0,0,34,34
1655914853712,MATH 193A,A03,083781,Rotar; Vladimir,2,0,34,32
1655914853712,MATH 193A,A04,083782,Rotar; Vladimir,2,0,34,32
1655914853712,MATH 193A,A05,093482,Rotar; Vladimir,2,0,34,32
1655914859742,MATH 197,001,091859,McAuley; Julian John,9999,0,9999,0
1655914859742,MATH 197,002,095566,Kedlaya; Kiran S.,9997,0,9999,2
1655914859742,MATH 197,003,095567,Xiao; Ming,9999,0,9999,0
1655914859742,MATH 197,004,095571,Perols; Johan Lars,9998,0,9999,1
1655914866911,COGS 9,A01,083615,Shannon; Kyle Michael,1,1,75,74
1655914872957,COGS 11,A01,083617,Boyle; Mary E. T.,9,1,48,39
1655914878987,COGS 13,A01,083071,Bastos; Amalia Pinkusfeld,3,1,71,68
1655914885018,COGS 14A,A01,092681,Staff,2,26,100,98
1655914891042,COGS 14B,A01,083073,Cheng; Tzu-Han,7,0,63,56
1655914897069,COGS 17,A01,092677,Staff,8,6,81,73
1655914903096,COGS 100,A01,083619,Allen; Michael Gordon,2,2,70,68
1655914909119,COGS 101A,A01,083621,Davis; Joshua Daniel,4,3,68,64
1655914915149,COGS 101B,A01,091572,Allen; Michael Gordon,1,0,65,64
1655914921173,COGS 101C,A01,083625,Delgado; Tania,8,0,35,27
1655914927198,COGS 107A,A01,083627,Boyle; Mary E. T.,1,1,60,59
1655914933220,COGS 118A,A01,083075,Gupta; Anjum,17,16,76,59
1655914939244,CSE 3,A50,083646,Miranda; Gregory Joseph,13,0,50,37
1655914945271,CSE 8A,A50,083650,Miranda; Gregory Joseph,3,11,56,53
1655914951295,CSE 11,A01,083080,Cao; Yingjun,0,68,40,40
1655914957323,CSE 12,A01,083652,Krause-Levy; Sophia Louisa,6,8,120,114
1655914963353,CSE 15L,A01,083654,Morris; Justin Loren,3,1,50,47
1655914963353,CSE 15L,A02,083655,Morris; Justin Loren,0,1,50,50
1655914969376,CSE 20,A01,083657,Tran; Khoa Dang,29,0,80,51
1655914975404,CSE 21,A01,095574,Bach; Quang Tran,23,0,48,25
1655914981427,CSE 30,A01,083084,Eldon; John,2,11,80,78
1655914981427,CSE 30,B01,095061,Bhaskar; Nishant,0,4,50,50
1655914987463,CSE 100,A01,083659,Cao; Yingjun,2,25,70,68
1655914993488,CSE 134B,A01,083661,Powell; Thomas Allan,4,6,100,96
1655914999517,CSE 140,A01,083663,Gungor; Onat,4,0,85,81
1655915005544,CSE 140L,A01,083088,Eldon; John,4,0,100,96
1655915011581,CSE 175,A01,083665,Kumar; Rakesh,1,0,25,24
1655915017612,CSE 190,A00,092507,Dubnov; Shlomo,1,0,20,19
1655915023637,ECE 45,A01,083139,Congero; Spencer William,0,1,75,75
1655915029676,ECE 65,A50,083695,Saad; Andrew S,6,0,30,24
1655915029676,ECE 65,A51,095125,Staff,23,0,26,3
1655915035709,ECE 109,A01,091882,Touri; Behrouz,2,3,70,68
1655915041740,ECE 180,A00,083140,Abi Samra; Nicholas Camill,1,0,30,29
1655915041740,ECE 180,B00,083141,Abi Samra; Nicholas Camill,0,8,28,28
1655915047771,MATH 10A,A01,083735,Patchell; Gregory David,0,0,30,30
1655915047771,MATH 10A,A02,083736,Patchell; Gregory David,21,0,30,9
1655915047771,MATH 10A,A03,083737,Patchell; Gregory David,16,0,30,14
1655915053796,MATH 10B,A01,083207,Lim; Seonhee,1,1,34,33
1655915053796,MATH 10B,A02,083208,Lim; Seonhee,1,1,35,34
1655915053796,MATH 10B,A03,093472,Staff,1,0,34,33
1655915053796,MATH 10B,B01,083739,Sinha; Shubham,10,0,30,20
1655915059825,MATH 18,A01,083743,Cinel; Cameron Alexander,4,0,30,26
1655915059825,MATH 18,A02,083744,Cinel; Cameron Alexander,11,0,30,19
1655915059825,MATH 18,A03,083745,Cinel; Cameron Alexander,0,0,30,30
1655915059825,MATH 18,B01,083748,Ma; Zilu,2,0,36,34
1655915059825,MATH 18,B02,083749,Ma; Zilu,0,0,36,36
1655915059825,MATH 18,B03,083750,Ma; Zilu,0,0,36,36
1655915059825,MATH 18,B04,083751,Ma; Zilu,0,0,36,36
1655915059825,MATH 18,B05,093473,Staff,0,0,36,36
1655915059825,MATH 18,B06,093474,Staff,0,0,36,36
1655915065862,MATH 20A,A01,083754,Zheng; Zequn,10,0,40,30
1655915071890,MATH 20B,A01,083756,Briones; Jor-el Thomas Caparas,0,1,36,36
1655915071890,MATH 20B,A02,083757,Briones; Jor-el Thomas Caparas,1,0,36,35
1655915071890,MATH 20B,A03,093475,Staff,1,0,36,35
1655915077915,MATH 20C,A01,083760,Briones; Jor-el Thomas Caparas,0,2,35,35
1655915077915,MATH 20C,A02,083761,Briones; Jor-el Thomas Caparas,6,1,35,29
1655915077915,MATH 20C,A03,093476,Staff,1,1,35,34
1655915077915,MATH 20C,B01,083762,Bach; Quang Tran,3,0,30,27
1655915083943,MATH 20D,A01,083765,Tran; Brian Kha,0,0,30,30
1655915083943,MATH 20D,A02,083766,Tran; Brian Kha,0,1,30,30
1655915083943,MATH 20D,A03,083767,Tran; Brian Kha,0,0,30,30
1655915089972,MATH 20E,A01,083771,Ganguly; Soumya,0,0,32,32
1655915089972,MATH 20E,A02,083772,Ganguly; Soumya,1,1,32,31
1655915089972,MATH 20E,B01,083773,Ciotti; Benjamin,14,0,35,21
1655915089972,MATH 20E,B02,083774,Ciotti; Benjamin,12,0,35,23
1655915095999,MATH 103A,A01,083777,Greenfeld; Be'Eri,2,1,36,34
1655915095999,MATH 103A,A02,083778,Greenfeld; Be'Eri,1,0,36,35
1655915095999,MATH 103A,A03,093561,Staff,0,1,36,36
1655915095999,MATH 103A,B01,083779,Greenfeld; Be'Eri,7,1,36,29
1655915095999,MATH 103A,B02,083780,Greenfeld; Be'Eri,1,0,36,35
1655915095999,MATH 103A,B03,093562,Staff,0,0,36,36
1655915102023,MATH 105,A01,085443,Carter; Anne Toulson,3,1,35,32
1655915102023,MATH 105,A02,093477,Staff,6,0,35,29
1655915108051,MATH 109,A01,083213,Ganzberger; Geoffrey Michael,0,1,34,34
1655915108051,MATH 109,A02,083214,Ganzberger; Geoffrey Michael,0,0,34,34
1655915108051,MATH 109,A03,093478,Staff,1,0,34,33
1655915108051,MATH 109,B01,083215,Ganzberger; Geoffrey Michael,2,0,32,30
1655915108051,MATH 109,B02,083216,Ganzberger; Geoffrey Michael,0,0,32,32
1655915108051,MATH 109,B03,093479,Staff,4,0,32,28
1655915114074,MATH 142A,A01,083219,Chow; Bennett,0,0,32,32
1655915114074,MATH 142A,A02,083220,Chow; Bennett,8,0,32,24
1655915114074,MATH 142A,A03,093480,Staff,4,0,32,28
1655915114074,MATH 142A,B03,093481,Staff,3,0,32,29
1655915114074,MATH 142A,B04,093558,Staff,6,0,32,26
1655915114074,MATH 142A,B05,093559,Staff,1,0,32,31
1655915120110,MATH 193A,A01,083224,Rotar; Vladimir,1,1,34,33
1655915120110,MATH 193A,A02,083225,Rotar; Vladimir,0,0,34,34
1655915120110,MATH 193A,A03,083781,Rotar; Vladimir,2,0,34,32
1655915120110,MATH 193A,A04,083782,Rotar; Vladimir,2,0,34,32
1655915120110,MATH 193A,A05,093482,Rotar; Vladimir,2,0,34,32
1655915126144,MATH 197,001,091859,McAuley; Julian John,9999,0,9999,0
1655915126144,MATH 197,002,095566,Kedlaya; Kiran S.,9997,0,9999,2
1655915126144,MATH 197,003,095567,Xiao; Ming,9999,0,9999,0
1655915126144,MATH 197,004,095571,Perols; Johan Lars,9998,0,9999,1
1655915133210,COGS 9,A01,083615,Shannon; Kyle Michael,1,1,75,74
1655915139243,COGS 11,A01,083617,Boyle; Mary E. T.,9,1,48,39
1655915145267,COGS 13,A01,083071,Bastos; Amalia Pinkusfeld,3,1,71,68
1655915151301,COGS 14A,A01,092681,Staff,2,26,100,98
1655915157334,COGS 14B,A01,083073,Cheng; Tzu-Han,7,0,63,56
1655915163358,COGS 17,A01,092677,Staff,8,6,81,73
1655915169379,COGS 100,A01,083619,Allen; Michael Gordon,2,2,70,68
1655915175403,COGS 101A,A01,083621,Davis; Joshua Daniel,4,3,68,64
1655915181431,COGS 101B,A01,091572,Allen; Michael Gordon,1,0,65,64
1655915187454,COGS 101C,A01,083625,Delgado; Tania,8,0,35,27
1655915193476,COGS 107A,A01,083627,Boyle; Mary E. T.,1,1,60,59
1655915199497,COGS 118A,A01,083075,Gupta; Anjum,17,16,76,59
1655915205521,CSE 3,A50,083646,Miranda; Gregory Joseph,13,0,50,37
1655915211548,CSE 8A,A50,083650,Miranda; Gregory Joseph,3,11,56,53
1655915217572,CSE 11,A01,083080,Cao; Yingjun,0,68,40,40
1655915223601,CSE 12,A01,083652,Krause-Levy; Sophia Louisa,6,8,120,114
1655915229624,CSE 15L,A01,083654,Morris; Justin Loren,3,1,50,47
1655915229624,CSE 15L,A02,083655,Morris; Justin Loren,0,1,50,50
1655915235650,CSE 20,A01,083657,Tran; Khoa Dang,29,0,80,51
1655915241688,CSE 21,A01,095574,Bach; Quang Tran,23,0,48,25
1655915247714,CSE 30,A01,083084,Eldon; John,2,11,80,78
1655915247714,CSE 30,B01,095061,Bhaskar; Nishant,0,4,50,50
1655915253738,CSE 100,A01,083659,Cao; Yingjun,2,25,70,68
1655915259768,CSE 134B,A01,083661,Powell; Thomas Allan,4,6,100,96
1655915265796,CSE 140,A01,083663,Gungor; Onat,4,0,85,81
1655915271824,CSE 140L,A01,083088,Eldon; John,4,0,100,96
1655915277851,CSE 175,A01,083665,Kumar; Rakesh,1,0,25,24
1655915283876,CSE 190,A00,092507,Dubnov; Shlomo,1,0,20,19
1655915289905,ECE 45,A01,083139,Congero; Spencer William,0,1,75,75
1655915295933,ECE 65,A50,083695,Saad; Andrew S,6,0,30,24
1655915295933,ECE 65,A51,095125,Staff,23,0,26,3
1655915301955,ECE 109,A01,091882,Touri; Behrouz,2,3,70,68
1655915307986,ECE 180,A00,083140,Abi Samra; Nicholas Camill,1,0,30,29
1655915307986,ECE 180,B00,083141,Abi Samra; Nicholas Camill,0,8,28,28
1655915314025,MATH 10A,A01,083735,Patchell; Gregory David,0,0,30,30
1655915314025,MATH 10A,A02,083736,Patchell; Gregory David,21,0,30,9
1655915314025,MATH 10A,A03,083737,Patchell; Gregory David,16,0,30,14
1655915320053,MATH 10B,A01,083207,Lim; Seonhee,1,1,34,33
1655915320053,MATH 10B,A02,083208,Lim; Seonhee,1,1,35,34
1655915320053,MATH 10B,A03,093472,Staff,1,0,34,33
1655915320053,MATH 10B,B01,083739,Sinha; Shubham,10,0,30,20
1655915326089,MATH 18,A01,083743,Cinel; Cameron Alexander,4,0,30,26
1655915326089,MATH 18,A02,083744,Cinel; Cameron Alexander,11,0,30,19
1655915326089,MATH 18,A03,083745,Cinel; Cameron Alexander,0,0,30,30
1655915326089,MATH 18,B01,083748,Ma; Zilu,2,0,36,34
1655915326089,MATH 18,B02,083749,Ma; Zilu,0,0,36,36
1655915326089,MATH 18,B03,083750,Ma; Zilu,0,0,36,36
1655915326089,MATH 18,B04,083751,Ma; Zilu,0,0,36,36
1655915326089,MATH 18,B05,093473,Staff,0,0,36,36
1655915326089,MATH 18,B06,093474,Staff,0,0,36,36
1655915332116,MATH 20A,A01,083754,Zheng; Zequn,10,0,40,30
1655915338152,MATH 20B,A01,083756,Briones; Jor-el Thomas Caparas,0,1,36,36
1655915338152,MATH 20B,A02,083757,Briones; Jor-el Thomas Caparas,1,0,36,35
1655915338152,MATH 20B,A03,093475,Staff,1,0,36,35
1655915344180,MATH 20C,A01,083760,Briones; Jor-el Thomas Caparas,0,2,35,35
1655915344180,MATH 20C,A02,083761,Briones; Jor-el Thomas Caparas,6,1,35,29
1655915344180,MATH 20C,A03,093476,Staff,1,1,35,34
1655915344180,MATH 20C,B01,083762,Bach; Quang Tran,3,0,30,27
1655915350205,MATH 20D,A01,083765,Tran; Brian Kha,0,0,30,30
1655915350205,MATH 20D,A02,083766,Tran; Brian Kha,0,1,30,30
1655915350205,MATH 20D,A03,083767,Tran; Brian Kha,0,0,30,30
1655915356233,MATH 20E,A01,083771,Ganguly; Soumya,0,0,32,32
1655915356233,MATH 20E,A02,083772,Ganguly; Soumya,1,1,32,31
1655915356233,MATH 20E,B01,083773,Ciotti; Benjamin,14,0,35,21
1655915356233,MATH 20E,B02,083774,Ciotti; Benjamin,12,0,35,23
1655915362257,MATH 103A,A01,083777,Greenfeld; Be'Eri,2,1,36,34
1655915362257,MATH 103A,A02,083778,Greenfeld; Be'Eri,1,0,36,35
1655915362257,MATH 103A,A03,093561,Staff,0,1,36,36
1655915362257,MATH 103A,B01,083779,Greenfeld; Be'Eri,7,1,36,29
1655915362257,MATH 103A,B02,083780,Greenfeld; Be'Eri,1,0,36,35
1655915362257,MATH 103A,B03,093562,Staff,0,0,36,36
1655915368285,MATH 105,A01,085443,Carter; Anne Toulson,3,1,35,32
1655915368285,MATH 105,A02,093477,Staff,6,0,35,29
1655915374309,MATH 109,A01,083213,Ganzberger; Geoffrey Michael,0,1,34,34
1655915374309,MATH 109,A02,083214,Ganzberger; Geoffrey Michael,0,0,34,34
1655915374309,MATH 109,A03,093478,Staff,1,0,34,33
1655915374309,MATH 109,B01,083215,Ganzberger; Geoffrey Michael,2,0,32,30
1655915374309,MATH 109,B02,083216,Ganzberger; Geoffrey Michael,0,0,32,32
1655915374309,MATH 109,B03,093479,Staff,4,0,32,28
1655915380339,MATH 142A,A01,083219,Chow; Bennett,0,0,32,32
1655915380339,MATH 142A,A02,083220,Chow; Bennett,8,0,32,24
1655915380339,MATH 142A,A03,093480,Staff,4,0,32,28
1655915380339,MATH 142A,B03,093481,Staff,3,0,32,29
1655915380339,MATH 142A,B04,093558,Staff,6,0,32,26
1655915380339,MATH 142A,B05,093559,Staff,1,0,32,31
1655915386367,MATH 193A,A01,083224,Rotar; Vladimir,1,1,34,33
1655915386367,MATH 193A,A02,083225,Rotar; Vladimir,0,0,34,34
1655915386367,MATH 193A,A03,083781,Rotar; Vladimir,2,0,34,32
1655915386367,MATH 193A,A04,083782,Rotar; Vladimir,2,0,34,32
1655915386367,MATH 193A,A05,093482,Rotar; Vladimir,2,0,34,32
1655915392390,MATH 197,001,091859,McAuley; Julian John,9999,0,9999,0
1655915392390,MATH 197,002,095566,Kedlaya; Kiran S.,9997,0,9999,2
1655915392390,MATH 197,003,095567,Xiao; Ming,9999,0,9999,0
1655915392390,MATH 197,004,095571,Perols; Johan Lars,9998,0,9999,1
1655915399464,COGS 9,A01,083615,Shannon; Kyle Michael,1,1,75,74
1655915405490,COGS 11,A01,083617,Boyle; Mary E. T.,9,1,48,39
1655915411516,COGS 13,A01,083071,Bastos; Amalia Pinkusfeld,3,1,71,68
1655915417539,COGS 14A,A01,092681,Staff,2,26,100,98
1655915423562,COGS 14B,A01,083073,Cheng; Tzu-Han,7,0,63,56
1655915429592,COGS 17,A01,092677,Staff,8,6,81,73
1655915435616,COGS 100,A01,083619,Allen; Michael Gordon,2,2,70,68
1655915441639,COGS 101A,A01,083621,Davis; Joshua Daniel,4,3,68,64
1655915447677,COGS 101B,A01,091572,Allen; Michael Gordon,1,0,65,64
1655915453701,COGS 101C,A01,083625,Delgado; Tania,8,0,35,27
1655915459727,COGS 107A,A01,083627,Boyle; Mary E. T.,1,1,60,59
1655915465832,COGS 118A,A01,083075,Gupta; Anjum,17,16,76,59
1655915471861,CSE 3,A50,083646,Miranda; Gregory Joseph,13,0,50,37
1655915477888,CSE 8A,A50,083650,Miranda; Gregory Joseph,3,11,56,53
1655915483913,CSE 11,A01,083080,Cao; Yingjun,0,68,40,40
1655915489946,CSE 12,A01,083652,Krause-Levy; Sophia Louisa,6,8,120,114
1655915495969,CSE 15L,A01,083654,Morris; Justin Loren,3,1,50,47
1655915495969,CSE 15L,A02,083655,Morris; Justin Loren,0,1,50,50
1655915501992,CSE 20,A01,083657,Tran; Khoa Dang,29,0,80,51
1655915508017,CSE 21,A01,095574,Bach; Quang Tran,23,0,48,25
1655915514049,CSE 30,A01,083084,Eldon; John,2,11,80,78
1655915514049,CSE 30,B01,095061,Bhaskar; Nishant,0,4,50,50
1655915520076,CSE 100,A01,083659,Cao; Yingjun,2,25,70,68
1655915526103,CSE 134B,A01,083661,Powell; Thomas Allan,4,6,100,96
1655915532126,CSE 140,A01,083663,Gungor; Onat,4,0,85,81
1655915538152,CSE 140L,A01,083088,Eldon; John,4,0,100,96
1655915544183,CSE 175,A01,083665,Kumar; Rakesh,1,0,25,24
1655915550210,CSE 190,A00,092507,Dubnov; Shlomo,1,0,20,19
1655915556236,ECE 45,A01,083139,Congero; Spencer William,0,1,75,75
1655915562265,ECE 65,A50,083695,Saad; Andrew S,6,0,30,24
1655915562265,ECE 65,A51,095125,Staff,23,0,26,3
1655915568293,ECE 109,A01,091882,Touri; Behrouz,2,3,70,68
1655915574317,ECE 180,A00,083140,Abi Samra; Nicholas Camill,1,0,30,29
1655915574317,ECE 180,B00,083141,Abi Samra; Nicholas Camill,0,8,28,28
1655915580352,MATH 10A,A01,083735,Patchell; Gregory David,0,0,30,30
1655915580352,MATH 10A,A02,083736,Patchell; Gregory David,21,0,30,9
1655915580352,MATH 10A,A03,083737,Patchell; Gregory David,16,0,30,14
1655915586376,MATH 10B,A01,083207,Lim; Seonhee,1,1,34,33
1655915586376,MATH 10B,A02,083208,Lim; Seonhee,1,1,35,34
1655915586376,MATH 10B,A03,093472,Staff,1,0,34,33
1655915586376,MATH 10B,B01,083739,Sinha; Shubham,10,0,30,20
1655915592400,MATH 18,A01,083743,Cinel; Cameron Alexander,4,0,30,26
1655915592400,MATH 18,A02,083744,Cinel; Cameron Alexander,11,0,30,19
1655915592400,MATH 18,A03,083745,Cinel; Cameron Alexander,0,0,30,30
1655915592400,MATH 18,B01,083748,Ma; Zilu,2,0,36,34
1655915592400,MATH 18,B02,083749,Ma; Zilu,0,0,36,36
1655915592400,MATH 18,B03,083750,Ma; Zilu,0,0,36,36
1655915592400,MATH 18,B04,083751,Ma; Zilu,0,0,36,36
1655915592400,MATH 18,B05,093473,Staff,0,0,36,36
1655915592400,MATH 18,B06,093474,Staff,0,0,36,36
1655915598423,MATH 20A,A01,083754,Zheng; Zequn,10,0,40,30
1655915604452,MATH 20B,A01,083756,Briones; Jor-el Thomas Caparas,0,1,36,36
1655915604452,MATH 20B,A02,083757,Briones; Jor-el Thomas Caparas,1,0,36,35
1655915604452,MATH 20B,A03,093475,Staff,1,0,36,35
1655915610476,MATH 20C,A01,083760,Briones; Jor-el Thomas Caparas,0,2,35,35
1655915610476,MATH 20C,A02,083761,Briones; Jor-el Thomas Caparas,6,1,35,29
1655915610476,MATH 20C,A03,093476,Staff,1,1,35,34
1655915610476,MATH 20C,B01,083762,Bach; Quang Tran,3,0,30,27
1655915616509,MATH 20D,A01,083765,Tran; Brian Kha,0,0,30,30
1655915616509,MATH 20D,A02,083766,Tran; Brian Kha,0,1,30,30
1655915616509,MATH 20D,A03,083767,Tran; Brian Kha,0,0,30,30
1655915622533,MATH 20E,A01,083771,Ganguly; Soumya,0,0,32,32
1655915622533,MATH 20E,A02,083772,Ganguly; Soumya,1,1,32,31
1655915622533,MATH 20E,B01,083773,Ciotti; Benjamin,14,0,35,21
1655915622533,MATH 20E,B02,083774,Ciotti; Benjamin,12,0,35,23
1655915628559,MATH 103A,A01,083777,Greenfeld; Be'Eri,2,1,36,34
1655915628559,MATH 103A,A02,083778,Greenfeld; Be'Eri,1,0,36,35
1655915628559,MATH 103A,A03,093561,Staff,0,1,36,36
1655915628559,MATH 103A,B01,083779,Greenfeld; Be'Eri,7,1,36,29
1655915628559,MATH 103A,B02,083780,Greenfeld; Be'Eri,1,0,36,35
1655915628559,MATH 103A,B03,093562,Staff,0,0,36,36
1655915634582,MATH 105,A01,085443,Carter; Anne Toulson,3,1,35,32
1655915634582,MATH 105,A02,093477,Staff,6,0,35,29
1655915640610,MATH 109,A01,083213,Ganzberger; Geoffrey Michael,0,1,34,34
1655915640610,MATH 109,A02,083214,Ganzberger; Geoffrey Michael,0,0,34,34
1655915640610,MATH 109,A03,093478,Staff,1,0,34,33
1655915640610,MATH 109,B01,083215,Ganzberger; Geoffrey Michael,2,0,32,30
1655915640610,MATH 109,B02,083216,Ganzberger; Geoffrey Michael,0,0,32,32
1655915640610,MATH 109,B03,093479,Staff,4,0,32,28
1655915646640,MATH 142A,A01,083219,Chow; Bennett,0,0,32,32
1655915646640,MATH 142A,A02,083220,Chow; Bennett,8,0,32,24
1655915646640,MATH 142A,A03,093480,Staff,4,0,32,28
1655915646640,MATH 142A,B03,093481,Staff,3,0,32,29
1655915646640,MATH 142A,B04,093558,Staff,6,0,32,26
1655915646640,MATH 142A,B05,093559,Staff,1,0,32,31
1655915652679,MATH 193A,A01,083224,Rotar; Vladimir,1,1,34,33
1655915652679,MATH 193A,A02,083225,Rotar; Vladimir,0,0,34,34
1655915652679,MATH 193A,A03,083781,Rotar; Vladimir,2,0,34,32
1655915652679,MATH 193A,A04,083782,Rotar; Vladimir,2,0,34,32
1655915652679,MATH 193A,A05,093482,Rotar; Vladimir,2,0,34,32
1655915658707,MATH 197,001,091859,McAuley; Julian John,9999,0,9999,0
1655915658707,MATH 197,002,095566,Kedlaya; Kiran S.,9997,0,9999,2
1655915658707,MATH 197,003,095567,Xiao; Ming,9999,0,9999,0
1655915658707,MATH 197,004,095571,Perols; Johan Lars,9998,0,9999,1
1655915665768,COGS 9,A01,083615,Shannon; Kyle Michael,1,1,75,74
1655915671794,COGS 11,A01,083617,Boyle; Mary E. T.,9,1,48,39
1655915677824,COGS 13,A01,083071,Bastos; Amalia Pinkusfeld,3,1,71,68
1655915683856,COGS 14A,A01,092681,Staff,2,26,100,98
1655915689884,COGS 14B,A01,083073,Cheng; Tzu-Han,7,0,63,56
1655915695921,COGS 17,A01,092677,Staff,8,6,81,73
1655915701944,COGS 100,A01,083619,Allen; Michael Gordon,2,2,70,68
1655915707967,COGS 101A,A01,083621,Davis; Joshua Daniel,4,3,68,64
1655915713993,COGS 101B,A01,091572,Allen; Michael Gordon,1,0,65,64
1655915720020,COGS 101C,A01,083625,Delgado; Tania,8,0,35,27
1655915726046,COGS 107A,A01,083627,Boyle; Mary E. T.,1,1,60,59
1655915732069,COGS 118A,A01,083075,Gupta; Anjum,17,16,76,59
1655915738093,CSE 3,A50,083646,Miranda; Gregory Joseph,13,0,50,37
1655915744123,CSE 8A,A50,083650,Miranda; Gregory Joseph,3,11,56,53
1655915750151,CSE 11,A01,083080,Cao; Yingjun,0,68,40,40
1655915756176,CSE 12,A01,083652,Krause-Levy; Sophia Louisa,6,8,120,114
1655915762198,CSE 15L,A01,083654,Morris; Justin Loren,3,1,50,47
1655915762198,CSE 15L,A02,083655,Morris; Justin Loren,0,1,50,50
1655915768222,CSE 20,A01,083657,Tran; Khoa Dang,29,0,80,51
1655915774257,CSE 21,A01,095574,Bach; Quang Tran,23,0,48,25
1655915780283,CSE 30,A01,083084,Eldon; John,2,11,80,78
1655915780283,CSE 30,B01,095061,Bhaskar; Nishant,0,4,50,50
1655915786306,CSE 100,A01,083659,Cao; Yingjun,2,25,70,68
1655915792332,CSE 134B,A01,083661,Powell; Thomas Allan,4,6,100,96
1655915798367,CSE 140,A01,083663,Gungor; Onat,4,0,85,81
1655915804390,CSE 140L,A01,083088,Eldon; John,4,0,100,96
1655915810421,CSE 175,A01,083665,Kumar; Rakesh,1,0,25,24
1655915816448,CSE 190,A00,092507,Dubnov; Shlomo,1,0,20,19
1655915822485,ECE 45,A01,083139,Congero; Spencer William,0,1,75,75
1655915828511,ECE 65,A50,083695,Saad; Andrew S,6,0,30,24
1655915828511,ECE 65,A51,095125,Staff,23,0,26,3
1655915834539,ECE 109,A01,091882,Touri; Behrouz,2,3,70,68
1655915840565,ECE 180,A00,083140,Abi Samra; Nicholas Camill,1,0,30,29
1655915840565,ECE 180,B00,083141,Abi Samra; Nicholas Camill,0,8,28,28
1655915846590,MATH 10A,A01,083735,Patchell; Gregory David,0,0,30,30
1655915846590,MATH 10A,A02,083736,Patchell; Gregory David,21,0,30,9
1655915846590,MATH 10A,A03,083737,Patchell; Gregory David,16,0,30,14
1655915852624,MATH 10B,A01,083207,Lim; Seonhee,1,1,34,33
1655915852624,MATH 10B,A02,083208,Lim; Seonhee,1,1,35,34
1655915852624,MATH 10B,A03,093472,Staff,1,0,34,33
1655915852624,MATH 10B,B01,083739,Sinha; Shubham,10,0,30,20
1655915858650,MATH 18,A01,083743,Cinel; Cameron Alexander,4,0,30,26
1655915858650,MATH 18,A02,083744,Cinel; Cameron Alexander,11,0,30,19
1655915858650,MATH 18,A03,083745,Cinel; Cameron Alexander,0,0,30,30
1655915858650,MATH 18,B01,083748,Ma; Zilu,2,0,36,34
1655915858650,MATH 18,B02,083749,Ma; Zilu,0,0,36,36
1655915858650,MATH 18,B03,083750,Ma; Zilu,0,0,36,36
1655915858650,MATH 18,B04,083751,Ma; Zilu,0,0,36,36
1655915858650,MATH 18,B05,093473,Staff,0,0,36,36
1655915858650,MATH 18,B06,093474,Staff,0,0,36,36
1655915864677,MATH 20A,A01,083754,Zheng; Zequn,10,0,40,30
1655915870699,MATH 20B,A01,083756,Briones; Jor-el Thomas Caparas,0,1,36,36
1655915870699,MATH 20B,A02,083757,Briones; Jor-el Thomas Caparas,1,0,36,35
1655915870699,MATH 20B,A03,093475,Staff,1,0,36,35
1655915876728,MATH 20C,A01,083760,Briones; Jor-el Thomas Caparas,0,2,35,35
1655915876728,MATH 20C,A02,083761,Briones; Jor-el Thomas Caparas,6,1,35,29
1655915876728,MATH 20C,A03,093476,Staff,1,1,35,34
1655915876728,MATH 20C,B01,083762,Bach; Quang Tran,3,0,30,27
1655915882752,MATH 20D,A01,083765,Tran; Brian Kha,0,0,30,30
1655915882752,MATH 20D,A02,083766,Tran; Brian Kha,0,1,30,30
1655915882752,MATH 20D,A03,083767,Tran; Brian Kha,0,0,30,30
1655915888781,MATH 20E,A01,083771,Ganguly; Soumya,0,0,32,32
1655915888781,MATH 20E,A02,083772,Ganguly; Soumya,1,1,32,31
1655915888781,MATH 20E,B01,083773,Ciotti; Benjamin,14,0,35,21
1655915888781,MATH 20E,B02,083774,Ciotti; Benjamin,12,0,35,23
1655915894804,MATH 103A,A01,083777,Greenfeld; Be'Eri,2,1,36,34
1655915894804,MATH 103A,A02,083778,Greenfeld; Be'Eri,1,0,36,35
1655915894804,MATH 103A,A03,093561,Staff,0,1,36,36
1655915894804,MATH 103A,B01,083779,Greenfeld; Be'Eri,7,1,36,29
1655915894804,MATH 103A,B02,083780,Greenfeld; Be'Eri,1,0,36,35
1655915894804,MATH 103A,B03,093562,Staff,0,0,36,36
1655915900833,MATH 105,A01,085443,Carter; Anne Toulson,3,1,35,32
1655915900833,MATH 105,A02,093477,Staff,6,0,35,29
1655915906857,MATH 109,A01,083213,Ganzberger; Geoffrey Michael,0,1,34,34
1655915906857,MATH 109,A02,083214,Ganzberger; Geoffrey Michael,0,0,34,34
1655915906857,MATH 109,A03,093478,Staff,1,0,34,33
1655915906857,MATH 109,B01,083215,Ganzberger; Geoffrey Michael,2,0,32,30
1655915906857,MATH 109,B02,083216,Ganzberger; Geoffrey Michael,0,0,32,32
1655915906857,MATH 109,B03,093479,Staff,4,0,32,28
1655915912886,MATH 142A,A01,083219,Chow; Bennett,0,0,32,32
1655915912886,MATH 142A,A02,083220,Chow; Bennett,8,0,32,24
1655915912886,MATH 142A,A03,093480,Staff,4,0,32,28
1655915912886,MATH 142A,B03,093481,Staff,3,0,32,29
1655915912886,MATH 142A,B04,093558,Staff,6,0,32,26
1655915912886,MATH 142A,B05,093559,Staff,1,0,32,31
1655915918909,MATH 193A,A01,083224,Rotar; Vladimir,1,1,34,33
1655915918909,MATH 193A,A02,083225,Rotar; Vladimir,0,0,34,34
1655915918909,MATH 193A,A03,083781,Rotar; Vladimir,2,0,34,32
1655915918909,MATH 193A,A04,083782,Rotar; Vladimir,2,0,34,32
1655915918909,MATH 193A,A05,093482,Rotar; Vladimir,2,0,34,32
1655915924940,MATH 197,001,091859,McAuley; Julian John,9999,0,9999,0
1655915924940,MATH 197,002,095566,Kedlaya; Kiran S.,9997,0,9999,2
1655915924940,MATH 197,003,095567,Xiao; Ming,9999,0,9999,0
1655915924940,MATH 197,004,095571,Perols; Johan Lars,9998,0,9999,1
1655915931990,COGS 9,A01,083615,Shannon; Kyle Michael,1,1,75,74
1655915938018,COGS 11,A01,083617,Boyle; Mary E. T.,10,1,48,38
1655915944044,COGS 13,A01,083071,Bastos; Amalia Pinkusfeld,3,1,71,68
1655915950068,COGS 14A,A01,092681,Staff,2,26,100,98
1655915956091,COGS 14B,A01,083073,Cheng; Tzu-Han,7,0,63,56
1655915962118,COGS 17,A01,092677,Staff,8,6,81,73
1655915968146,COGS 100,A01,083619,Allen; Michael Gordon,2,2,70,68
1655915974179,COGS 101A,A01,083621,Davis; Joshua Daniel,4,3,68,64
1655915980202,COGS 101B,A01,091572,Allen; Michael Gordon,1,0,65,64
1655915986231,COGS 101C,A01,083625,Delgado; Tania,8,0,35,27
1655915992255,COGS 107A,A01,083627,Boyle; Mary E. T.,1,1,60,59
1655915998278,COGS 118A,A01,083075,Gupta; Anjum,18,16,76,58
1655916004301,CSE 3,A50,083646,Miranda; Gregory Joseph,13,0,50,37
1655916010327,CSE 8A,A50,083650,Miranda; Gregory Joseph,3,11,56,53
1655916016349,CSE 11,A01,083080,Cao; Yingjun,0,68,40,40
1655916022376,CSE 12,A01,083652,Krause-Levy; Sophia Louisa,6,8,120,114
1655916028405,CSE 15L,A01,083654,Morris; Justin Loren,3,1,50,47
1655916028405,CSE 15L,A02,083655,Morris; Justin Loren,0,1,50,50
1655916034431,CSE 20,A01,083657,Tran; Khoa Dang,29,0,80,51
1655916040454,CSE 21,A01,095574,Bach; Quang Tran,23,0,48,25
1655916046477,CSE 30,A01,083084,Eldon; John,2,11,80,78
1655916046477,CSE 30,B01,095061,Bhaskar; Nishant,0,4,50,50
1655916052499,CSE 100,A01,083659,Cao; Yingjun,2,25,70,68
1655916058521,CSE 134B,A01,083661,Powell; Thomas Allan,4,6,100,96
1655916064637,CSE 140,A01,083663,Gungor; Onat,4,0,85,81
1655916070661,CSE 140L,A01,083088,Eldon; John,4,0,100,96
1655916076684,CSE 175,A01,083665,Kumar; Rakesh,1,0,25,24
1655916082745,CSE 190,A00,092507,Dubnov; Shlomo,1,0,20,19
1655916088775,ECE 45,A01,083139,Congero; Spencer William,0,1,75,75
1655916094799,ECE 65,A50,083695,Saad; Andrew S,6,0,30,24
1655916094799,ECE 65,A51,095125,Staff,23,0,26,3
1655916100823,ECE 109,A01,091882,Touri; Behrouz,2,3,70,68
1655916106851,ECE 180,A00,083140,Abi Samra; Nicholas Camill,1,0,30,29
1655916106851,ECE 180,B00,083141,Abi Samra; Nicholas Camill,0,8,28,28
1655916112878,MATH 10A,A01,083735,Patchell; Gregory David,0,0,30,30
1655916112878,MATH 10A,A02,083736,Patchell; Gregory David,21,0,30,9
1655916112878,MATH 10A,A03,083737,Patchell; Gregory David,16,0,30,14
1655916118907,MATH 10B,A01,083207,Lim; Seonhee,1,1,34,33
1655916118907,MATH 10B,A02,083208,Lim; Seonhee,1,1,35,34
1655916118907,MATH 10B,A03,093472,Staff,1,0,34,33
1655916118907,MATH 10B,B01,083739,Sinha; Shubham,10,0,30,20
1655916124931,MATH 18,A01,083743,Cinel; Cameron Alexander,4,0,30,26
1655916124931,MATH 18,A02,083744,Cinel; Cameron Alexander,11,0,30,19
1655916124931,MATH 18,A03,083745,Cinel; Cameron Alexander,0,0,30,30
1655916124931,MATH 18,B01,083748,Ma; Zilu,2,0,36,34
1655916124931,MATH 18,B02,083749,Ma; Zilu,0,0,36,36
1655916124931,MATH 18,B03,083750,Ma; Zilu,0,0,36,36
1655916124931,MATH 18,B04,083751,Ma; Zilu,0,0,36,36
1655916124931,MATH 18,B05,093473,Staff,0,0,36,36
1655916124931,MATH 18,B06,093474,Staff,0,0,36,36
1655916130954,MATH 20A,A01,083754,Zheng; Zequn,10,0,40,30
1655916136977,MATH 20B,A01,083756,Briones; Jor-el Thomas Caparas,0,1,36,36
1655916136977,MATH 20B,A02,083757,Briones; Jor-el Thomas Caparas,1,0,36,35
1655916136977,MATH 20B,A03,093475,Staff,1,0,36,35
1655916143002,MATH 20C,A01,083760,Briones; Jor-el Thomas Caparas,0,2,35,35
1655916143002,MATH 20C,A02,083761,Briones; Jor-el Thomas Caparas,6,1,35,29
1655916143002,MATH 20C,A03,093476,Staff,1,1,35,34
1655916143002,MATH 20C,B01,083762,Bach; Quang Tran,3,0,30,27
1655916149033,MATH 20D,A01,083765,Tran; Brian Kha,0,0,30,30
1655916149033,MATH 20D,A02,083766,Tran; Brian Kha,0,1,30,30
1655916149033,MATH 20D,A03,083767,Tran; Brian Kha,0,0,30,30
1655916155061,MATH 20E,A01,083771,Ganguly; Soumya,0,0,32,32
1655916155061,MATH 20E,A02,083772,Ganguly; Soumya,1,1,32,31
1655916155061,MATH 20E,B01,083773,Ciotti; Benjamin,14,0,35,21
1655916155061,MATH 20E,B02,083774,Ciotti; Benjamin,12,0,35,23
1655916161093,MATH 103A,A01,083777,Greenfeld; Be'Eri,2,1,36,34
1655916161093,MATH 103A,A02,083778,Greenfeld; Be'Eri,1,0,36,35
1655916161093,MATH 103A,A03,093561,Staff,0,1,36,36
1655916161093,MATH 103A,B01,083779,Greenfeld; Be'Eri,7,1,36,29
1655916161093,MATH 103A,B02,083780,Greenfeld; Be'Eri,1,0,36,35
1655916161093,MATH 103A,B03,093562,Staff,0,0,36,36
1655916167124,MATH 105,A01,085443,Carter; Anne Toulson,3,1,35,32
1655916167124,MATH 105,A02,093477,Staff,6,0,35,29
1655916173151,MATH 109,A01,083213,Ganzberger; Geoffrey Michael,0,1,34,34
1655916173151,MATH 109,A02,083214,Ganzberger; Geoffrey Michael,0,0,34,34
1655916173151,MATH 109,A03,093478,Staff,1,0,34,33
1655916173151,MATH 109,B01,083215,Ganzberger; Geoffrey Michael,2,0,32,30
1655916173151,MATH 109,B02,083216,Ganzberger; Geoffrey Michael,0,0,32,32
1655916173151,MATH 109,B03,093479,Staff,4,0,32,28
1655916179177,MATH 142A,A01,083219,Chow; Bennett,0,0,32,32
1655916179177,MATH 142A,A02,083220,Chow; Bennett,8,0,32,24
1655916179177,MATH 142A,A03,093480,Staff,4,0,32,28
1655916179177,MATH 142A,B03,093481,Staff,3,0,32,29
1655916179177,MATH 142A,B04,093558,Staff,6,0,32,26
1655916179177,MATH 142A,B05,093559,Staff,1,0,32,31
1655916185202,MATH 193A,A01,083224,Rotar; Vladimir,1,1,34,33
1655916185202,MATH 193A,A02,083225,Rotar; Vladimir,0,0,34,34
1655916185202,MATH 193A,A03,083781,Rotar; Vladimir,2,0,34,32
1655916185202,MATH 193A,A04,083782,Rotar; Vladimir,2,0,34,32
1655916185202,MATH 193A,A05,093482,Rotar; Vladimir,2,0,34,32
1655916191233,MATH 197,001,091859,McAuley; Julian John,9999,0,9999,0
1655916191233,MATH 197,002,095566,Kedlaya; Kiran S.,9997,0,9999,2
1655916191233,MATH 197,003,095567,Xiao; Ming,9999,0,9999,0
1655916191233,MATH 197,004,095571,Perols; Johan Lars,9998,0,9999,1
1655916198297,COGS 9,A01,083615,Shannon; Kyle Michael,1,1,75,74
1655916204326,COGS 11,A01,083617,Boyle; Mary E. T.,10,1,48,38
1655916210349,COGS 13,A01,083071,Bastos; Amalia Pinkusfeld,3,1,71,68
1655916216380,COGS 14A,A01,092681,Staff,2,26,100,98
1655916222407,COGS 14B,A01,083073,Cheng; Tzu-Han,7,0,63,56
1655916228429,COGS 17,A01,092677,Staff,8,6,81,73
1655916234452,COGS 100,A01,083619,Allen; Michael Gordon,2,2,70,68
1655916240476,COGS 101A,A01,083621,Davis; Joshua Daniel,4,3,68,64
1655916246504,COGS 101B,A01,091572,Allen; Michael Gordon,1,0,65,64
1655916252535,COGS 101C,A01,083625,Delgado; Tania,8,0,35,27
1655916258564,COGS 107A,A01,083627,Boyle; Mary E. T.,1,1,60,59
1655916264590,COGS 118A,A01,083075,Gupta; Anjum,18,16,76,58
1655916270630,CSE 3,A50,083646,Miranda; Gregory Joseph,13,0,50,37
1655916276657,CSE 8A,A50,083650,Miranda; Gregory Joseph,3,11,56,53
1655916282687,CSE 11,A01,083080,Cao; Yingjun,0,68,40,40
1655916288714,CSE 12,A01,083652,Krause-Levy; Sophia Louisa,6,8,120,114
1655916294740,CSE 15L,A01,083654,Morris; Justin Loren,3,1,50,47
1655916294740,CSE 15L,A02,083655,Morris; Justin Loren,0,1,50,50
1655916300764,CSE 20,A01,083657,Tran; Khoa Dang,29,0,80,51
1655916306799,CSE 21,A01,095574,Bach; Quang Tran,23,0,48,25
1655916312822,CSE 30,A01,083084,Eldon; John,2,11,80,78
1655916312822,CSE 30,B01,095061,Bhaskar; Nishant,0,4,50,50
1655916318850,CSE 100,A01,083659,Cao; Yingjun,2,25,70,68
1655916324885,CSE 134B,A01,083661,Powell; Thomas Allan,4,6,100,96
1655916330917,CSE 140,A01,083663,Gungor; Onat,4,0,85,81
1655916336944,CSE 140L,A01,083088,Eldon; John,4,0,100,96
1655916342971,CSE 175,A01,083665,Kumar; Rakesh,1,0,25,24
1655916348997,CSE 190,A00,092507,Dubnov; Shlomo,1,0,20,19
1655916355024,ECE 45,A01,083139,Congero; Spencer William,0,1,75,75
1655916361059,ECE 65,A50,083695,Saad; Andrew S,6,0,30,24
1655916361059,ECE 65,A51,095125,Staff,23,0,26,3
1655916367086,ECE 109,A01,091882,Touri; Behrouz,2,3,70,68
1655916373109,ECE 180,A00,083140,Abi Samra; Nicholas Camill,1,0,30,29
1655916373109,ECE 180,B00,083141,Abi Samra; Nicholas Camill,0,8,28,28
1655916379131,MATH 10A,A01,083735,Patchell; Gregory David,0,0,30,30
1655916379131,MATH 10A,A02,083736,Patchell; Gregory David,21,0,30,9
1655916379131,MATH 10A,A03,083737,Patchell; Gregory David,16,0,30,14
1655916385164,MATH 10B,A01,083207,Lim; Seonhee,1,1,34,33
1655916385164,MATH 10B,A02,083208,Lim; Seonhee,1,1,35,34
1655916385164,MATH 10B,A03,093472,Staff,1,0,34,33
1655916385164,MATH 10B,B01,083739,Sinha; Shubham,10,0,30,20
1655916391194,MATH 18,A01,083743,Cinel; Cameron Alexander,4,0,30,26
1655916391194,MATH 18,A02,083744,Cinel; Cameron Alexander,11,0,30,19
1655916391194,MATH 18,A03,083745,Cinel; Cameron Alexander,0,0,30,30
1655916391194,MATH 18,B01,083748,Ma; Zilu,2,0,36,34
1655916391194,MATH 18,B02,083749,Ma; Zilu,0,0,36,36
1655916391194,MATH 18,B03,083750,Ma; Zilu,0,0,36,36
1655916391194,MATH 18,B04,083751,Ma; Zilu,0,0,36,36
1655916391194,MATH 18,B05,093473,Staff,0,0,36,36
1655916391194,MATH 18,B06,093474,Staff,0,0,36,36
1655916397220,MATH 20A,A01,083754,Zheng; Zequn,10,0,40,30
1655916403261,MATH 20B,A01,083756,Briones; Jor-el Thomas Caparas,0,1,36,36
1655916403261,MATH 20B,A02,083757,Briones; Jor-el Thomas Caparas,1,0,36,35
1655916403261,MATH 20B,A03,093475,Staff,1,0,36,35
1655916409289,MATH 20C,A01,083760,Briones; Jor-el Thomas Caparas,0,2,35,35
1655916409289,MATH 20C,A02,083761,Briones; Jor-el Thomas Caparas,6,1,35,29
1655916409289,MATH 20C,A03,093476,Staff,1,1,35,34
1655916409289,MATH 20C,B01,083762,Bach; Quang Tran,3,0,30,27
1655916415317,MATH 20D,A01,083765,Tran; Brian Kha,0,0,30,30
1655916415317,MATH 20D,A02,083766,Tran; Brian Kha,0,1,30,30
1655916415317,MATH 20D,A03,083767,Tran; Brian Kha,0,0,30,30
1655916421342,MATH 20E,A01,083771,Ganguly; Soumya,0,0,32,32
1655916421342,MATH 20E,A02,083772,Ganguly; Soumya,1,1,32,31
1655916421342,MATH 20E,B01,083773,Ciotti; Benjamin,14,0,35,21
1655916421342,MATH 20E,B02,083774,Ciotti; Benjamin,12,0,35,23
1655916427370,MATH 103A,A01,083777,Greenfeld; Be'Eri,2,1,36,34
1655916427370,MATH 103A,A02,083778,Greenfeld; Be'Eri,1,0,36,35
1655916427370,MATH 103A,A03,093561,Staff,0,1,36,36
1655916427370,MATH 103A,B01,083779,Greenfeld; Be'Eri,7,1,36,29
1655916427370,MATH 103A,B02,083780,Greenfeld; Be'Eri,1,0,36,35
1655916427370,MATH 103A,B03,093562,Staff,0,0,36,36
1655916433395,MATH 105,A01,085443,Carter; Anne Toulson,3,1,35,32
1655916433395,MATH 105,A02,093477,Staff,6,0,35,29
1655916439419,MATH 109,A01,083213,Ganzberger; Geoffrey Michael,0,1,34,34
1655916439419,MATH 109,A02,083214,Ganzberger; Geoffrey Michael,0,0,34,34
1655916439419,MATH 109,A03,093478,Staff,1,0,34,33
1655916439419,MATH 109,B01,083215,Ganzberger; Geoffrey Michael,2,0,32,30
1655916439419,MATH 109,B02,083216,Ganzberger; Geoffrey Michael,0,0,32,32
1655916439419,MATH 109,B03,093479,Staff,4,0,32,28
1655916445452,MATH 142A,A01,083219,Chow; Bennett,0,0,32,32
1655916445452,MATH 142A,A02,083220,Chow; Bennett,8,0,32,24
1655916445452,MATH 142A,A03,093480,Staff,4,0,32,28
1655916445452,MATH 142A,B03,093481,Staff,3,0,32,29
1655916445452,MATH 142A,B04,093558,Staff,6,0,32,26
1655916445452,MATH 142A,B05,093559,Staff,1,0,32,31
1655916451474,MATH 193A,A01,083224,Rotar; Vladimir,1,1,34,33
1655916451474,MATH 193A,A02,083225,Rotar; Vladimir,0,0,34,34
1655916451474,MATH 193A,A03,083781,Rotar; Vladimir,2,0,34,32
1655916451474,MATH 193A,A04,083782,Rotar; Vladimir,2,0,34,32
1655916451474,MATH 193A,A05,093482,Rotar; Vladimir,2,0,34,32
1655916457498,MATH 197,001,091859,McAuley; Julian John,9999,0,9999,0
1655916457498,MATH 197,002,095566,Kedlaya; Kiran S.,9997,0,9999,2
1655916457498,MATH 197,003,095567,Xiao; Ming,9999,0,9999,0
1655916457498,MATH 197,004,095571,Perols; Johan Lars,9998,0,9999,1
1655916464573,COGS 9,A01,083615,Shannon; Kyle Michael,1,1,75,74
1655916470595,COGS 11,A01,083617,Boyle; Mary E. T.,10,1,48,38
1655916476624,COGS 13,A01,083071,Bastos; Amalia Pinkusfeld,3,1,71,68
1655916482650,COGS 14A,A01,092681,Staff,2,26,100,98
1655916488679,COGS 14B,A01,083073,Cheng; Tzu-Han,7,0,63,56
1655916494705,COGS 17,A01,092677,Staff,8,6,81,73
1655916500727,COGS 100,A01,083619,Allen; Michael Gordon,2,2,70,68
1655916506750,COGS 101A,A01,083621,Davis; Joshua Daniel,4,3,68,64
1655916512777,COGS 101B,A01,091572,Allen; Michael Gordon,1,0,65,64
1655916518800,COGS 101C,A01,083625,Delgado; Tania,8,0,35,27
1655916524822,COGS 107A,A01,083627,Boyle; Mary E. T.,1,1,60,59
1655916530861,COGS 118A,A01,083075,Gupta; Anjum,18,16,76,58
1655916536885,CSE 3,A50,083646,Miranda; Gregory Joseph,13,0,50,37
1655916542915,CSE 8A,A50,083650,Miranda; Gregory Joseph,3,11,56,53
1655916548938,CSE 11,A01,083080,Cao; Yingjun,0,68,40,40
1655916554967,CSE 12,A01,083652,Krause-Levy; Sophia Louisa,6,8,120,114
1655916560994,CSE 15L,A01,083654,Morris; Justin Loren,3,1,50,47
1655916560994,CSE 15L,A02,083655,Morris; Justin Loren,0,1,50,50
1655916567031,CSE 20,A01,083657,Tran; Khoa Dang,29,0,80,51
1655916573055,CSE 21,A01,095574,Bach; Quang Tran,23,0,48,25
1655916579081,CSE 30,A01,083084,Eldon; John,2,11,80,78
1655916579081,CSE 30,B01,095061,Bhaskar; Nishant,0,4,50,50
1655916585122,CSE 100,A01,083659,Cao; Yingjun,2,25,70,68
1655916591144,CSE 134B,A01,083661,Powell; Thomas Allan,4,6,100,96
1655916597169,CSE 140,A01,083663,Gungor; Onat,4,0,85,81
1655916603192,CSE 140L,A01,083088,Eldon; John,4,0,100,96
1655916609225,CSE 175,A01,083665,Kumar; Rakesh,1,0,25,24
1655916615248,CSE 190,A00,092507,Dubnov; Shlomo,1,0,20,19
1655916621277,ECE 45,A01,083139,Congero; Spencer William,0,1,75,75
1655916627302,ECE 65,A50,083695,Saad; Andrew S,6,0,30,24
1655916627302,ECE 65,A51,095125,Staff,23,0,26,3
1655916633335,ECE 109,A01,091882,Touri; Behrouz,2,3,70,68
1655916639357,ECE 180,A00,083140,Abi Samra; Nicholas Camill,1,0,30,29
1655916639357,ECE 180,B00,083141,Abi Samra; Nicholas Camill,0,8,28,28
1655916645380,MATH 10A,A01,083735,Patchell; Gregory David,0,0,30,30
1655916645380,MATH 10A,A02,083736,Patchell; Gregory David,21,0,30,9
1655916645380,MATH 10A,A03,083737,Patchell; Gregory David,16,0,30,14
1655916651405,MATH 10B,A01,083207,Lim; Seonhee,1,1,34,33
1655916651405,MATH 10B,A02,083208,Lim; Seonhee,1,1,35,34
1655916651405,MATH 10B,A03,093472,Staff,1,0,34,33
1655916651405,MATH 10B,B01,083739,Sinha; Shubham,10,0,30,20
1655916657438,MATH 18,A01,083743,Cinel; Cameron Alexander,4,0,30,26
1655916657438,MATH 18,A02,083744,Cinel; Cameron Alexander,11,0,30,19
1655916657438,MATH 18,A03,083745,Cinel; Cameron Alexander,0,0,30,30
1655916657438,MATH 18,B01,083748,Ma; Zilu,2,0,36,34
1655916657438,MATH 18,B02,083749,Ma; Zilu,0,0,36,36
1655916657438,MATH 18,B03,083750,Ma; Zilu,0,0,36,36
1655916657438,MATH 18,B04,083751,Ma; Zilu,0,0,36,36
1655916657438,MATH 18,B05,093473,Staff,0,0,36,36
1655916657438,MATH 18,B06,093474,Staff,0,0,36,36
1655916663553,MATH 20A,A01,083754,Zheng; Zequn,10,0,40,30
1655916669581,MATH 20B,A01,083756,Briones; Jor-el Thomas Caparas,0,1,36,36
1655916669581,MATH 20B,A02,083757,Briones; Jor-el Thomas Caparas,1,0,36,35
1655916669581,MATH 20B,A03,093475,Staff,1,0,36,35
1655916675610,MATH 20C,A01,083760,Briones; Jor-el Thomas Caparas,0,2,35,35
1655916675610,MATH 20C,A02,083761,Briones; Jor-el Thomas Caparas,6,1,35,29
1655916675610,MATH 20C,A03,093476,Staff,1,1,35,34
1655916675610,MATH 20C,B01,083762,Bach; Quang Tran,3,0,30,27
1655916681637,MATH 20D,A01,083765,Tran; Brian Kha,0,0,30,30
1655916681637,MATH 20D,A02,083766,Tran; Brian Kha,0,1,30,30
1655916681637,MATH 20D,A03,083767,Tran; Brian Kha,0,0,30,30
1655916687679,MATH 20E,A01,083771,Ganguly; Soumya,0,0,32,32
1655916687679,MATH 20E,A02,083772,Ganguly; Soumya,1,1,32,31
1655916687679,MATH 20E,B01,083773,Ciotti; Benjamin,14,0,35,21
1655916687679,MATH 20E,B02,083774,Ciotti; Benjamin,12,0,35,23
1655916693708,MATH 103A,A01,083777,Greenfeld; Be'Eri,2,1,36,34
1655916693708,MATH 103A,A02,083778,Greenfeld; Be'Eri,1,0,36,35
1655916693708,MATH 103A,A03,093561,Staff,0,1,36,36
1655916693708,MATH 103A,B01,083779,Greenfeld; Be'Eri,7,1,36,29
1655916693708,MATH 103A,B02,083780,Greenfeld; Be'Eri,1,0,36,35
1655916693708,MATH 103A,B03,093562,Staff,0,0,36,36
1655916699731,MATH 105,A01,085443,Carter; Anne Toulson,3,1,35,32
1655916699731,MATH 105,A02,093477,Staff,6,0,35,29
1655916705760,MATH 109,A01,083213,Ganzberger; Geoffrey Michael,0,1,34,34
1655916705760,MATH 109,A02,083214,Ganzberger; Geoffrey Michael,0,0,34,34
1655916705760,MATH 109,A03,093478,Staff,1,0,34,33
1655916705760,MATH 109,B01,083215,Ganzberger; Geoffrey Michael,2,0,32,30
1655916705760,MATH 109,B02,083216,Ganzberger; Geoffrey Michael,0,0,32,32
1655916705760,MATH 109,B03,093479,Staff,4,0,32,28
1655916711788,MATH 142A,A01,083219,Chow; Bennett,0,0,32,32
1655916711788,MATH 142A,A02,083220,Chow; Bennett,8,0,32,24
1655916711788,MATH 142A,A03,093480,Staff,4,0,32,28
1655916711788,MATH 142A,B03,093481,Staff,3,0,32,29
1655916711788,MATH 142A,B04,093558,Staff,6,0,32,26
1655916711788,MATH 142A,B05,093559,Staff,1,0,32,31
1655916717814,MATH 193A,A01,083224,Rotar; Vladimir,1,1,34,33
1655916717814,MATH 193A,A02,083225,Rotar; Vladimir,0,0,34,34
1655916717814,MATH 193A,A03,083781,Rotar; Vladimir,2,0,34,32
1655916717814,MATH 193A,A04,083782,Rotar; Vladimir,2,0,34,32
1655916717814,MATH 193A,A05,093482,Rotar; Vladimir,2,0,34,32
1655916723841,MATH 197,001,091859,McAuley; Julian John,9999,0,9999,0
1655916723841,MATH 197,002,095566,Kedlaya; Kiran S.,9997,0,9999,2
1655916723841,MATH 197,003,095567,Xiao; Ming,9999,0,9999,0
1655916723841,MATH 197,004,095571,Perols; Johan Lars,9998,0,9999,1
1655916730905,COGS 9,A01,083615,Shannon; Kyle Michael,1,1,75,74
1655916736929,COGS 11,A01,083617,Boyle; Mary E. T.,10,1,48,38
1655916742955,COGS 13,A01,083071,Bastos; Amalia Pinkusfeld,3,1,71,68
1655916748978,COGS 14A,A01,092681,Staff,2,26,100,98
1655916755003,COGS 14B,A01,083073,Cheng; Tzu-Han,7,0,63,56
1655916761029,COGS 17,A01,092677,Staff,8,6,81,73
1655916767056,COGS 100,A01,083619,Allen; Michael Gordon,2,2,70,68
1655916773080,COGS 101A,A01,083621,Davis; Joshua Daniel,4,3,68,64
1655916779107,COGS 101B,A01,091572,Allen; Michael Gordon,1,0,65,64
1655916785132,COGS 101C,A01,083625,Delgado; Tania,8,0,35,27
1655916791158,COGS 107A,A01,083627,Boyle; Mary E. T.,1,1,60,59
1655916797180,COGS 118A,A01,083075,Gupta; Anjum,18,16,76,58
1655916803203,CSE 3,A50,083646,Miranda; Gregory Joseph,13,0,50,37
1655916809237,CSE 8A,A50,083650,Miranda; Gregory Joseph,3,11,56,53
1655916815271,CSE 11,A01,083080,Cao; Yingjun,0,68,40,40
1655916821293,CSE 12,A01,083652,Krause-Levy; Sophia Louisa,6,8,120,114
1655916827319,CSE 15L,A01,083654,Morris; Justin Loren,3,1,50,47
1655916827319,CSE 15L,A02,083655,Morris; Justin Loren,0,1,50,50
1655916833355,CSE 20,A01,083657,Tran; Khoa Dang,29,0,80,51
1655916839378,CSE 21,A01,095574,Bach; Quang Tran,23,0,48,25
1655916845401,CSE 30,A01,083084,Eldon; John,2,11,80,78
1655916845401,CSE 30,B01,095061,Bhaskar; Nishant,0,4,50,50
1655916851431,CSE 100,A01,083659,Cao; Yingjun,2,25,70,68
1655916857469,CSE 134B,A01,083661,Powell; Thomas Allan,4,6,100,96
1655916863514,CSE 140,A01,083663,Gungor; Onat,4,0,85,81
1655916869538,CSE 140L,A01,083088,Eldon; John,4,0,100,96
1655916875571,CSE 175,A01,083665,Kumar; Rakesh,1,0,25,24
1655916881598,CSE 190,A00,092507,Dubnov; Shlomo,1,0,20,19
1655916887621,ECE 45,A01,083139,Congero; Spencer William,0,1,75,75
1655916893654,ECE 65,A50,083695,Saad; Andrew S,6,0,30,24
1655916893654,ECE 65,A51,095125,Staff,23,0,26,3
1655916899679,ECE 109,A01,091882,Touri; Behrouz,2,3,70,68
1655916905701,ECE 180,A00,083140,Abi Samra; Nicholas Camill,1,0,30,29
1655916905701,ECE 180,B00,083141,Abi Samra; Nicholas Camill,0,8,28,28
1655916911733,MATH 10A,A01,083735,Patchell; Gregory David,0,0,30,30
1655916911733,MATH 10A,A02,083736,Patchell; Gregory David,21,0,30,9
1655916911733,MATH 10A,A03,083737,Patchell; Gregory David,16,0,30,14
1655916917761,MATH 10B,A01,083207,Lim; Seonhee,1,1,34,33
1655916917761,MATH 10B,A02,083208,Lim; Seonhee,1,1,35,34
1655916917761,MATH 10B,A03,093472,Staff,1,0,34,33
1655916917761,MATH 10B,B01,083739,Sinha; Shubham,10,0,30,20
1655916923795,MATH 18,A01,083743,Cinel; Cameron Alexander,4,0,30,26
1655916923795,MATH 18,A02,083744,Cinel; Cameron Alexander,11,0,30,19
1655916923795,MATH 18,A03,083745,Cinel; Cameron Alexander,0,0,30,30
1655916923795,MATH 18,B01,083748,Ma; Zilu,2,0,36,34
1655916923795,MATH 18,B02,083749,Ma; Zilu,0,0,36,36
1655916923795,MATH 18,B03,083750,Ma; Zilu,0,0,36,36
1655916923795,MATH 18,B04,083751,Ma; Zilu,0,0,36,36
1655916923795,MATH 18,B05,093473,Staff,0,0,36,36
1655916923795,MATH 18,B06,093474,Staff,0,0,36,36
1655916929821,MATH 20A,A01,083754,Zheng; Zequn,10,0,40,30
1655916935849,MATH 20B,A01,083756,Briones; Jor-el Thomas Caparas,0,1,36,36
1655916935849,MATH 20B,A02,083757,Briones; Jor-el Thomas Caparas,1,0,36,35
1655916935849,MATH 20B,A03,093475,Staff,1,0,36,35
1655916941876,MATH 20C,A01,083760,Briones; Jor-el Thomas Caparas,0,2,35,35
1655916941876,MATH 20C,A02,083761,Briones; Jor-el Thomas Caparas,6,1,35,29
1655916941876,MATH 20C,A03,093476,Staff,1,1,35,34
1655916941876,MATH 20C,B01,083762,Bach; Quang Tran,3,0,30,27
1655916947901,MATH 20D,A01,083765,Tran; Brian Kha,0,0,30,30
1655916947901,MATH 20D,A02,083766,Tran; Brian Kha,0,1,30,30
1655916947901,MATH 20D,A03,083767,Tran; Brian Kha,0,0,30,30
1655916953929,MATH 20E,A01,083771,Ganguly; Soumya,0,0,32,32
1655916953929,MATH 20E,A02,083772,Ganguly; Soumya,1,1,32,31
1655916953929,MATH 20E,B01,083773,Ciotti; Benjamin,14,0,35,21
1655916953929,MATH 20E,B02,083774,Ciotti; Benjamin,12,0,35,23
1655916959952,MATH 103A,A01,083777,Greenfeld; Be'Eri,2,1,36,34
1655916959952,MATH 103A,A02,083778,Greenfeld; Be'Eri,1,0,36,35
1655916959952,MATH 103A,A03,093561,Staff,0,1,36,36
1655916959952,MATH 103A,B01,083779,Greenfeld; Be'Eri,7,1,36,29
1655916959952,MATH 103A,B02,083780,Greenfeld; Be'Eri,1,0,36,35
1655916959952,MATH 103A,B03,093562,Staff,0,0,36,36
1655916965976,MATH 105,A01,085443,Carter; Anne Toulson,3,1,35,32
1655916965976,MATH 105,A02,093477,Staff,6,0,35,29
1655916972005,MATH 109,A01,083213,Ganzberger; Geoffrey Michael,0,1,34,34
1655916972005,MATH 109,A02,083214,Ganzberger; Geoffrey Michael,0,0,34,34
1655916972005,MATH 109,A03,093478,Staff,1,0,34,33
1655916972005,MATH 109,B01,083215,Ganzberger; Geoffrey Michael,2,0,32,30
1655916972005,MATH 109,B02,083216,Ganzberger; Geoffrey Michael,0,0,32,32
1655916972005,MATH 109,B03,093479,Staff,4,0,32,28
1655916978029,MATH 142A,A01,083219,Chow; Bennett,0,0,32,32
1655916978029,MATH 142A,A02,083220,Chow; Bennett,8,0,32,24
1655916978029,MATH 142A,A03,093480,Staff,4,0,32,28
1655916978029,MATH 142A,B03,093481,Staff,3,0,32,29
1655916978029,MATH 142A,B04,093558,Staff,6,0,32,26
1655916978029,MATH 142A,B05,093559,Staff,1,0,32,31
1655916984053,MATH 193A,A01,083224,Rotar; Vladimir,1,1,34,33
1655916984053,MATH 193A,A02,083225,Rotar; Vladimir,0,0,34,34
1655916984053,MATH 193A,A03,083781,Rotar; Vladimir,2,0,34,32
1655916984053,MATH 193A,A04,083782,Rotar; Vladimir,2,0,34,32
1655916984053,MATH 193A,A05,093482,Rotar; Vladimir,2,0,34,32
1655916990092,MATH 197,001,091859,McAuley; Julian John,9999,0,9999,0
1655916990092,MATH 197,002,095566,Kedlaya; Kiran S.,9997,0,9999,2
1655916990092,MATH 197,003,095567,Xiao; Ming,9999,0,9999,0
1655916990092,MATH 197,004,095571,Perols; Johan Lars,9998,0,9999,1
1655916997162,COGS 9,A01,083615,Shannon; Kyle Michael,1,1,75,74
1655917003200,COGS 11,A01,083617,Boyle; Mary E. T.,10,1,48,38
1655917009239,COGS 13,A01,083071,Bastos; Amalia Pinkusfeld,3,1,71,68
1655917015265,COGS 14A,A01,092681,Staff,2,26,100,98
1655917021303,COGS 14B,A01,083073,Cheng; Tzu-Han,7,0,63,56
1655917027325,COGS 17,A01,092677,Staff,8,6,81,73
1655917033352,COGS 100,A01,083619,Allen; Michael Gordon,2,2,70,68
1655917039442,COGS 101A,A01,083621,Davis; Joshua Daniel,4,3,68,64
1655917045465,COGS 101B,A01,091572,Allen; Michael Gordon,1,0,65,64
1655917051493,COGS 101C,A01,083625,Delgado; Tania,8,0,35,27
1655917057521,COGS 107A,A01,083627,Boyle; Mary E. T.,1,1,60,59
1655917063552,COGS 118A,A01,083075,Gupta; Anjum,18,16,76,58
1655917069575,CSE 3,A50,083646,Miranda; Gregory Joseph,13,0,50,37
1655917075605,CSE 8A,A50,083650,Miranda; Gregory Joseph,3,11,56,53
1655917081632,CSE 11,A01,083080,Cao; Yingjun,0,68,40,40
1655917087654,CSE 12,A01,083652,Krause-Levy; Sophia Louisa,6,8,120,114
1655917093676,CSE 15L,A01,083654,Morris; Justin Loren,3,1,50,47
1655917093676,CSE 15L,A02,083655,Morris; Justin Loren,0,1,50,50
1655917099702,CSE 20,A01,083657,Tran; Khoa Dang,29,0,80,51
1655917105728,CSE 21,A01,095574,Bach; Quang Tran,23,0,48,25
1655917111749,CSE 30,A01,083084,Eldon; John,2,10,80,78
1655917111749,CSE 30,B01,095061,Bhaskar; Nishant,0,4,50,50
1655917117776,CSE 100,A01,083659,Cao; Yingjun,2,25,70,68
1655917123800,CSE 134B,A01,083661,Powell; Thomas Allan,4,6,100,96
1655917129831,CSE 140,A01,083663,Gungor; Onat,4,0,85,81
1655917135878,CSE 140L,A01,083088,Eldon; John,4,0,100,96
1655917141903,CSE 175,A01,083665,Kumar; Rakesh,1,0,25,24
1655917147932,CSE 190,A00,092507,Dubnov; Shlomo,1,0,20,19
1655917153960,ECE 45,A01,083139,Congero; Spencer William,0,1,75,75
1655917159986,ECE 65,A50,083695,Saad; Andrew S,6,0,30,24
1655917159986,ECE 65,A51,095125,Staff,23,0,26,3
1655917166011,ECE 109,A01,091882,Touri; Behrouz,2,3,70,68
1655917172050,ECE 180,A00,083140,Abi Samra; Nicholas Camill,1,0,30,29
1655917172050,ECE 180,B00,083141,Abi Samra; Nicholas Camill,0,8,28,28
1655917178086,MATH 10A,A01,083735,Patchell; Gregory David,0,0,30,30
1655917178086,MATH 10A,A02,083736,Patchell; Gregory David,21,0,30,9
1655917178086,MATH 10A,A03,083737,Patchell; Gregory David,16,0,30,14
1655917184114,MATH 10B,A01,083207,Lim; Seonhee,1,1,34,33
1655917184114,MATH 10B,A02,083208,Lim; Seonhee,1,1,35,34
1655917184114,MATH 10B,A03,093472,Staff,1,0,34,33
1655917184114,MATH 10B,B01,083739,Sinha; Shubham,10,0,30,20
1655917190143,MATH 18,A01,083743,Cinel; Cameron Alexander,4,0,30,26
1655917190143,MATH 18,A02,083744,Cinel; Cameron Alexander,11,0,30,19
1655917190143,MATH 18,A03,083745,Cinel; Cameron Alexander,0,0,30,30
1655917190143,MATH 18,B01,083748,Ma; Zilu,2,0,36,34
1655917190143,MATH 18,B02,083749,Ma; Zilu,0,0,36,36
1655917190143,MATH 18,B03,083750,Ma; Zilu,0,0,36,36
1655917190143,MATH 18,B04,083751,Ma; Zilu,0,0,36,36
1655917190143,MATH 18,B05,093473,Staff,0,0,36,36
1655917190143,MATH 18,B06,093474,Staff,0,0,36,36
1655917196166,MATH 20A,A01,083754,Zheng; Zequn,10,0,40,30
1655917202203,MATH 20B,A01,083756,Briones; Jor-el Thomas Caparas,0,1,36,36
1655917202203,MATH 20B,A02,083757,Briones; Jor-el Thomas Caparas,1,0,36,35
1655917202203,MATH 20B,A03,093475,Staff,1,0,36,35
1655917208227,MATH 20C,A01,083760,Briones; Jor-el Thomas Caparas,0,2,35,35
1655917208227,MATH 20C,A02,083761,Briones; Jor-el Thomas Caparas,6,1,35,29
1655917208227,MATH 20C,A03,093476,Staff,1,1,35,34
1655917208227,MATH 20C,B01,083762,Bach; Quang Tran,3,0,30,27
1655917214253,MATH 20D,A01,083765,Tran; Brian Kha,0,0,30,30
1655917214253,MATH 20D,A02,083766,Tran; Brian Kha,0,1,30,30
1655917214253,MATH 20D,A03,083767,Tran; Brian Kha,0,0,30,30
1655917220286,MATH 20E,A01,083771,Ganguly; Soumya,0,0,32,32
1655917220286,MATH 20E,A02,083772,Ganguly; Soumya,1,1,32,31
1655917220286,MATH 20E,B01,083773,Ciotti; Benjamin,14,0,35,21
1655917220286,MATH 20E,B02,083774,Ciotti; Benjamin,12,0,35,23
1655917226316,MATH 103A,A01,083777,Greenfeld; Be'Eri,2,1,36,34
1655917226316,MATH 103A,A02,083778,Greenfeld; Be'Eri,1,0,36,35
1655917226316,MATH 103A,A03,093561,Staff,0,1,36,36
1655917226316,MATH 103A,B01,083779,Greenfeld; Be'Eri,7,1,36,29
1655917226316,MATH 103A,B02,083780,Greenfeld; Be'Eri,1,0,36,35
1655917226316,MATH 103A,B03,093562,Staff,0,0,36,36
1655917232344,MATH 105,A01,085443,Carter; Anne Toulson,3,1,35,32
1655917232344,MATH 105,A02,093477,Staff,6,0,35,29
1655917238372,MATH 109,A01,083213,Ganzberger; Geoffrey Michael,0,1,34,34
1655917238372,MATH 109,A02,083214,Ganzberger; Geoffrey Michael,0,0,34,34
1655917238372,MATH 109,A03,093478,Staff,1,0,34,33
1655917238372,MATH 109,B01,083215,Ganzberger; Geoffrey Michael,2,0,32,30
1655917238372,MATH 109,B02,083216,Ganzberger; Geoffrey Michael,0,0,32,32
1655917238372,MATH 109,B03,093479,Staff,4,0,32,28
1655917244396,MATH 142A,A01,083219,Chow; Bennett,0,0,32,32
1655917244396,MATH 142A,A02,083220,Chow; Bennett,8,0,32,24
1655917244396,MATH 142A,A03,093480,Staff,4,0,32,28
1655917244396,MATH 142A,B03,093481,Staff,3,0,32,29
1655917244396,MATH 142A,B04,093558,Staff,6,0,32,26
1655917244396,MATH 142A,B05,093559,Staff,1,0,32,31
1655917250421,MATH 193A,A01,083224,Rotar; Vladimir,1,1,34,33
1655917250421,MATH 193A,A02,083225,Rotar; Vladimir,0,0,34,34
1655917250421,MATH 193A,A03,083781,Rotar; Vladimir,2,0,34,32
1655917250421,MATH 193A,A04,083782,Rotar; Vladimir,2,0,34,32
1655917250421,MATH 193A,A05,093482,Rotar; Vladimir,2,0,34,32
1655917256448,MATH 197,001,091859,McAuley; Julian John,9999,0,9999,0
1655917256448,MATH 197,002,095566,Kedlaya; Kiran S.,9997,0,9999,2
1655917256448,MATH 197,003,095567,Xiao; Ming,9999,0,9999,0
1655917256448,MATH 197,004,095571,Perols; Johan Lars,9998,0,9999,1
1655917263599,COGS 9,A01,083615,Shannon; Kyle Michael,1,1,75,74
1655917269624,COGS 11,A01,083617,Boyle; Mary E. T.,10,1,48,38
1655917275650,COGS 13,A01,083071,Bastos; Amalia Pinkusfeld,3,1,71,68
1655917281681,COGS 14A,A01,092681,Staff,2,26,100,98
1655917287713,COGS 14B,A01,083073,Cheng; Tzu-Han,7,0,63,56
1655917293738,COGS 17,A01,092677,Staff,8,6,81,73
1655917299766,COGS 100,A01,083619,Allen; Michael Gordon,2,2,70,68
1655917305794,COGS 101A,A01,083621,Davis; Joshua Daniel,4,3,68,64
1655917311817,COGS 101B,A01,091572,Allen; Michael Gordon,1,0,65,64
1655917317840,COGS 101C,A01,083625,Delgado; Tania,8,0,35,27
1655917323863,COGS 107A,A01,083627,Boyle; Mary E. T.,1,1,60,59
1655917329888,COGS 118A,A01,083075,Gupta; Anjum,18,16,76,58
1655917335916,CSE 3,A50,083646,Miranda; Gregory Joseph,13,0,50,37
1655917341940,CSE 8A,A50,083650,Miranda; Gregory Joseph,3,11,56,53
1655917347962,CSE 11,A01,083080,Cao; Yingjun,0,68,40,40
1655917353994,CSE 12,A01,083652,Krause-Levy; Sophia Louisa,6,8,120,114
1655917360022,CSE 15L,A01,083654,Morris; Justin Loren,3,1,50,47
1655917360022,CSE 15L,A02,083655,Morris; Justin Loren,0,1,50,50
1655917366045,CSE 20,A01,083657,Tran; Khoa Dang,29,0,80,51
1655917372069,CSE 21,A01,095574,Bach; Quang Tran,23,0,48,25
1655917378093,CSE 30,A01,083084,Eldon; John,2,10,80,78
1655917378093,CSE 30,B01,095061,Bhaskar; Nishant,0,4,50,50
1655917384117,CSE 100,A01,083659,Cao; Yingjun,2,25,70,68
1655917390146,CSE 134B,A01,083661,Powell; Thomas Allan,4,6,100,96
1655917396173,CSE 140,A01,083663,Gungor; Onat,4,0,85,81
1655917402197,CSE 140L,A01,083088,Eldon; John,4,0,100,96
1655917408223,CSE 175,A01,083665,Kumar; Rakesh,1,0,25,24
1655917414246,CSE 190,A00,092507,Dubnov; Shlomo,1,0,20,19
1655917420271,ECE 45,A01,083139,Congero; Spencer William,0,1,75,75
1655917426318,ECE 65,A50,083695,Saad; Andrew S,6,0,30,24
1655917426318,ECE 65,A51,095125,Staff,23,0,26,3
1655917432340,ECE 109,A01,091882,Touri; Behrouz,2,3,70,68
1655917438375,ECE 180,A00,083140,Abi Samra; Nicholas Camill,1,0,30,29
1655917438375,ECE 180,B00,083141,Abi Samra; Nicholas Camill,0,8,28,28
1655917444408,MATH 10A,A01,083735,Patchell; Gregory David,0,0,30,30
1655917444408,MATH 10A,A02,083736,Patchell; Gregory David,21,0,30,9
1655917444408,MATH 10A,A03,083737,Patchell; Gregory David,16,0,30,14
1655917450430,MATH 10B,A01,083207,Lim; Seonhee,1,1,34,33
1655917450430,MATH 10B,A02,083208,Lim; Seonhee,1,1,35,34
1655917450430,MATH 10B,A03,093472,Staff,1,0,34,33
1655917450430,MATH 10B,B01,083739,Sinha; Shubham,10,0,30,20
1655917456463,MATH 18,A01,083743,Cinel; Cameron Alexander,4,0,30,26
1655917456463,MATH 18,A02,083744,Cinel; Cameron Alexander,11,0,30,19
1655917456463,MATH 18,A03,083745,Cinel; Cameron Alexander,0,0,30,30
1655917456463,MATH 18,B01,083748,Ma; Zilu,2,0,36,34
1655917456463,MATH 18,B02,083749,Ma; Zilu,0,0,36,36
1655917456463,MATH 18,B03,083750,Ma; Zilu,0,0,36,36
1655917456463,MATH 18,B04,083751,Ma; Zilu,0,0,36,36
1655917456463,MATH 18,B05,093473,Staff,0,0,36,36
1655917456463,MATH 18,B06,093474,Staff,0,0,36,36
1655917462490,MATH 20A,A01,083754,Zheng; Zequn,10,0,40,30
1655917468512,MATH 20B,A01,083756,Briones; Jor-el Thomas Caparas,0,1,36,36
1655917468512,MATH 20B,A02,083757,Briones; Jor-el Thomas Caparas,1,0,36,35
1655917468512,MATH 20B,A03,093475,Staff,1,0,36,35
1655917474543,MATH 20C,A01,083760,Briones; Jor-el Thomas Caparas,0,2,35,35
1655917474543,MATH 20C,A02,083761,Briones; Jor-el Thomas Caparas,6,1,35,29
1655917474543,MATH 20C,A03,093476,Staff,1,1,35,34
1655917474543,MATH 20C,B01,083762,Bach; Quang Tran,3,0,30,27
1655917480569,MATH 20D,A01,083765,Tran; Brian Kha,0,0,30,30
1655917480569,MATH 20D,A02,083766,Tran; Brian Kha,0,1,30,30
1655917480569,MATH 20D,A03,083767,Tran; Brian Kha,0,0,30,30
1655917486599,MATH 20E,A01,083771,Ganguly; Soumya,0,0,32,32
1655917486599,MATH 20E,A02,083772,Ganguly; Soumya,1,1,32,31
1655917486599,MATH 20E,B01,083773,Ciotti; Benjamin,14,0,35,21
1655917486599,MATH 20E,B02,083774,Ciotti; Benjamin,12,0,35,23
1655917492624,MATH 103A,A01,083777,Greenfeld; Be'Eri,2,1,36,34
1655917492624,MATH 103A,A02,083778,Greenfeld; Be'Eri,1,0,36,35
1655917492624,MATH 103A,A03,093561,Staff,0,1,36,36
1655917492624,MATH 103A,B01,083779,Greenfeld; Be'Eri,7,1,36,29
1655917492624,MATH 103A,B02,083780,Greenfeld; Be'Eri,1,0,36,35
1655917492624,MATH 103A,B03,093562,Staff,0,0,36,36
1655917498649,MATH 105,A01,085443,Carter; Anne Toulson,3,1,35,32
1655917498649,MATH 105,A02,093477,Staff,6,0,35,29
1655917504686,MATH 109,A01,083213,Ganzberger; Geoffrey Michael,0,1,34,34
1655917504686,MATH 109,A02,083214,Ganzberger; Geoffrey Michael,0,0,34,34
1655917504686,MATH 109,A03,093478,Staff,1,0,34,33
1655917504686,MATH 109,B01,083215,Ganzberger; Geoffrey Michael,2,0,32,30
1655917504686,MATH 109,B02,083216,Ganzberger; Geoffrey Michael,0,0,32,32
1655917504686,MATH 109,B03,093479,Staff,4,0,32,28
1655917510733,MATH 142A,A01,083219,Chow; Bennett,0,0,32,32
1655917510733,MATH 142A,A02,083220,Chow; Bennett,8,0,32,24
1655917510733,MATH 142A,A03,093480,Staff,4,0,32,28
1655917510733,MATH 142A,B03,093481,Staff,3,0,32,29
1655917510733,MATH 142A,B04,093558,Staff,6,0,32,26
1655917510733,MATH 142A,B05,093559,Staff,1,0,32,31
1655917516765,MATH 193A,A01,083224,Rotar; Vladimir,1,1,34,33
1655917516765,MATH 193A,A02,083225,Rotar; Vladimir,0,0,34,34
1655917516765,MATH 193A,A03,083781,Rotar; Vladimir,2,0,34,32
1655917516765,MATH 193A,A04,083782,Rotar; Vladimir,2,0,34,32
1655917516765,MATH 193A,A05,093482,Rotar; Vladimir,2,0,34,32
1655917522788,MATH 197,001,091859,McAuley; Julian John,9999,0,9999,0
1655917522788,MATH 197,002,095566,Kedlaya; Kiran S.,9997,0,9999,2
1655917522788,MATH 197,003,095567,Xiao; Ming,9999,0,9999,0
1655917522788,MATH 197,004,095571,Perols; Johan Lars,9998,0,9999,1
1655917529848,COGS 9,A01,083615,Shannon; Kyle Michael,1,1,75,74
1655917535871,COGS 11,A01,083617,Boyle; Mary E. T.,10,1,48,38
1655917541912,COGS 13,A01,083071,Bastos; Amalia Pinkusfeld,3,1,71,68
1655917547938,COGS 14A,A01,092681,Staff,2,26,100,98
1655917553962,COGS 14B,A01,083073,Cheng; Tzu-Han,7,0,63,56
1655917559988,COGS 17,A01,092677,Staff,8,6,81,73
1655917566020,COGS 100,A01,083619,Allen; Michael Gordon,2,2,70,68
1655917572047,COGS 101A,A01,083621,Davis; Joshua Daniel,4,3,68,64
1655917578072,COGS 101B,A01,091572,Allen; Michael Gordon,1,0,65,64
1655917584100,COGS 101C,A01,083625,Delgado; Tania,8,0,35,27
1655917590126,COGS 107A,A01,083627,Boyle; Mary E. T.,1,1,60,59
1655917596149,COGS 118A,A01,083075,Gupta; Anjum,18,16,76,58
1655917602174,CSE 3,A50,083646,Miranda; Gregory Joseph,13,0,50,37
1655917608198,CSE 8A,A50,083650,Miranda; Gregory Joseph,3,11,56,53
1655917614221,CSE 11,A01,083080,Cao; Yingjun,0,68,40,40
1655917620254,CSE 12,A01,083652,Krause-Levy; Sophia Louisa,6,8,120,114
1655917626290,CSE 15L,A01,083654,Morris; Justin Loren,3,1,50,47
1655917626290,CSE 15L,A02,083655,Morris; Justin Loren,1,1,50,49
1655917632319,CSE 20,A01,083657,Tran; Khoa Dang,29,0,80,51
1655917638347,CSE 21,A01,095574,Bach; Quang Tran,23,0,48,25
1655917644375,CSE 30,A01,083084,Eldon; John,2,10,80,78
1655917644375,CSE 30,B01,095061,Bhaskar; Nishant,0,4,50,50
1655917650398,CSE 100,A01,083659,Cao; Yingjun,2,25,70,68
1655917656422,CSE 134B,A01,083661,Powell; Thomas Allan,4,6,100,96
1655917662446,CSE 140,A01,083663,Gungor; Onat,4,0,85,81
1655917668470,CSE 140L,A01,083088,Eldon; John,4,0,100,96
1655917674498,CSE 175,A01,083665,Kumar; Rakesh,1,0,25,24
1655917680526,CSE 190,A00,092507,Dubnov; Shlomo,1,0,20,19
1655917686556,ECE 45,A01,083139,Congero; Spencer William,0,1,75,75
1655917692580,ECE 65,A50,083695,Saad; Andrew S,6,0,30,24
1655917692580,ECE 65,A51,095125,Staff,23,0,26,3
1655917698608,ECE 109,A01,091882,Touri; Behrouz,2,3,70,68
1655917704648,ECE 180,A00,083140,Abi Samra; Nicholas Camill,1,0,30,29
1655917704648,ECE 180,B00,083141,Abi Samra; Nicholas Camill,0,8,28,28
1655917710676,MATH 10A,A01,083735,Patchell; Gregory David,0,0,30,30
1655917710676,MATH 10A,A02,083736,Patchell; Gregory David,21,0,30,9
1655917710676,MATH 10A,A03,083737,Patchell; Gregory David,16,0,30,14
1655917716702,MATH 10B,A01,083207,Lim; Seonhee,1,1,34,33
1655917716702,MATH 10B,A02,083208,Lim; Seonhee,1,1,35,34
1655917716702,MATH 10B,A03,093472,Staff,0,0,34,34
1655917716702,MATH 10B,B01,083739,Sinha; Shubham,10,0,30,20
1655917722736,MATH 18,A01,083743,Cinel; Cameron Alexander,4,0,30,26
1655917722736,MATH 18,A02,083744,Cinel; Cameron Alexander,11,0,30,19
1655917722736,MATH 18,A03,083745,Cinel; Cameron Alexander,0,0,30,30
1655917722736,MATH 18,B01,083748,Ma; Zilu,2,0,36,34
1655917722736,MATH 18,B02,083749,Ma; Zilu,0,0,36,36
1655917722736,MATH 18,B03,083750,Ma; Zilu,0,0,36,36
1655917722736,MATH 18,B04,083751,Ma; Zilu,0,0,36,36
1655917722736,MATH 18,B05,093473,Staff,0,0,36,36
1655917722736,MATH 18,B06,093474,Staff,0,0,36,36
1655917728775,MATH 20A,A01,083754,Zheng; Zequn,10,0,40,30
1655917734802,MATH 20B,A01,083756,Briones; Jor-el Thomas Caparas,0,1,36,36
1655917734802,MATH 20B,A02,083757,Briones; Jor-el Thomas Caparas,1,0,36,35
1655917734802,MATH 20B,A03,093475,Staff,1,0,36,35
1655917740825,MATH 20C,A01,083760,Briones; Jor-el Thomas Caparas,0,2,35,35
1655917740825,MATH 20C,A02,083761,Briones; Jor-el Thomas Caparas,6,1,35,29
1655917740825,MATH 20C,A03,093476,Staff,1,1,35,34
1655917740825,MATH 20C,B01,083762,Bach; Quang Tran,3,0,30,27
1655917746858,MATH 20D,A01,083765,Tran; Brian Kha,0,0,30,30
1655917746858,MATH 20D,A02,083766,Tran; Brian Kha,0,1,30,30
1655917746858,MATH 20D,A03,083767,Tran; Brian Kha,0,0,30,30
1655917752882,MATH 20E,A01,083771,Ganguly; Soumya,0,0,32,32
1655917752882,MATH 20E,A02,083772,Ganguly; Soumya,1,1,32,31
1655917752882,MATH 20E,B01,083773,Ciotti; Benjamin,14,0,35,21
1655917752882,MATH 20E,B02,083774,Ciotti; Benjamin,12,0,35,23
1655917758906,MATH 103A,A01,083777,Greenfeld; Be'Eri,2,1,36,34
1655917758906,MATH 103A,A02,083778,Greenfeld; Be'Eri,1,0,36,35
1655917758906,MATH 103A,A03,093561,Staff,0,1,36,36
1655917758906,MATH 103A,B01,083779,Greenfeld; Be'Eri,7,1,36,29
1655917758906,MATH 103A,B02,083780,Greenfeld; Be'Eri,1,0,36,35
1655917758906,MATH 103A,B03,093562,Staff,0,0,36,36
1655917764937,MATH 105,A01,085443,Carter; Anne Toulson,3,1,35,32
1655917764937,MATH 105,A02,093477,Staff,6,0,35,29
1655917770960,MATH 109,A01,083213,Ganzberger; Geoffrey Michael,0,1,34,34
1655917770960,MATH 109,A02,083214,Ganzberger; Geoffrey Michael,0,0,34,34
1655917770960,MATH 109,A03,093478,Staff,1,0,34,33
1655917770960,MATH 109,B01,083215,Ganzberger; Geoffrey Michael,2,0,32,30
1655917770960,MATH 109,B02,083216,Ganzberger; Geoffrey Michael,0,0,32,32
1655917770960,MATH 109,B03,093479,Staff,4,0,32,28
1655917776987,MATH 142A,A01,083219,Chow; Bennett,0,0,32,32
1655917776987,MATH 142A,A02,083220,Chow; Bennett,8,0,32,24
1655917776987,MATH 142A,A03,093480,Staff,4,0,32,28
1655917776987,MATH 142A,B03,093481,Staff,3,0,32,29
1655917776987,MATH 142A,B04,093558,Staff,6,0,32,26
1655917776987,MATH 142A,B05,093559,Staff,1,0,32,31
1655917783010,MATH 193A,A01,083224,Rotar; Vladimir,1,1,34,33
1655917783010,MATH 193A,A02,083225,Rotar; Vladimir,0,0,34,34
1655917783010,MATH 193A,A03,083781,Rotar; Vladimir,2,0,34,32
1655917783010,MATH 193A,A04,083782,Rotar; Vladimir,2,0,34,32
1655917783010,MATH 193A,A05,093482,Rotar; Vladimir,2,0,34,32
1655917789041,MATH 197,001,091859,McAuley; Julian John,9999,0,9999,0
1655917789041,MATH 197,002,095566,Kedlaya; Kiran S.,9997,0,9999,2
1655917789041,MATH 197,003,095567,Xiao; Ming,9999,0,9999,0
1655917789041,MATH 197,004,095571,Perols; Johan Lars,9998,0,9999,1
1655917796108,COGS 9,A01,083615,Shannon; Kyle Michael,1,1,75,74
1655917802131,COGS 11,A01,083617,Boyle; Mary E. T.,10,1,48,38
1655917808161,COGS 13,A01,083071,Bastos; Amalia Pinkusfeld,3,1,71,68
1655917814183,COGS 14A,A01,092681,Staff,2,26,100,98
1655917820209,COGS 14B,A01,083073,Cheng; Tzu-Han,7,0,63,56
1655917826232,COGS 17,A01,092677,Staff,8,6,81,73
1655917832259,COGS 100,A01,083619,Allen; Michael Gordon,2,2,70,68
1655917838281,COGS 101A,A01,083621,Davis; Joshua Daniel,4,3,68,64
1655917844315,COGS 101B,A01,091572,Allen; Michael Gordon,1,0,65,64
1655917850353,COGS 101C,A01,083625,Delgado; Tania,8,0,35,27
1655917856474,COGS 107A,A01,083627,Boyle; Mary E. T.,1,1,60,59
1655917862509,COGS 118A,A01,083075,Gupta; Anjum,18,16,76,58
1655917868534,CSE 3,A50,083646,Miranda; Gregory Joseph,13,0,50,37
1655917874559,CSE 8A,A50,083650,Miranda; Gregory Joseph,3,11,56,53
1655917880581,CSE 11,A01,083080,Cao; Yingjun,0,68,40,40
1655917886611,CSE 12,A01,083652,Krause-Levy; Sophia Louisa,6,8,120,114
1655917892637,CSE 15L,A01,083654,Morris; Justin Loren,3,1,50,47
1655917892637,CSE 15L,A02,083655,Morris; Justin Loren,1,1,50,49
1655917898666,CSE 20,A01,083657,Tran; Khoa Dang,29,0,80,51
1655917904690,CSE 21,A01,095574,Bach; Quang Tran,23,0,48,25
1655917910722,CSE 30,A01,083084,Eldon; John,2,10,80,78
1655917910722,CSE 30,B01,095061,Bhaskar; Nishant,0,4,50,50
1655917916751,CSE 100,A01,083659,Cao; Yingjun,2,25,70,68
1655917922776,CSE 134B,A01,083661,Powell; Thomas Allan,4,6,100,96
1655917928798,CSE 140,A01,083663,Gungor; Onat,4,0,85,81
1655917934825,CSE 140L,A01,083088,Eldon; John,4,0,100,96
1655917940864,CSE 175,A01,083665,Kumar; Rakesh,1,0,25,24
1655917946888,CSE 190,A00,092507,Dubnov; Shlomo,1,0,20,19
1655917952921,ECE 45,A01,083139,Congero; Spencer William,0,1,75,75
1655917958948,ECE 65,A50,083695,Saad; Andrew S,6,0,30,24
1655917958948,ECE 65,A51,095125,Staff,23,0,26,3
1655917964973,ECE 109,A01,091882,Touri; Behrouz,2,3,70,68
1655917970998,ECE 180,A00,083140,Abi Samra; Nicholas Camill,1,0,30,29
1655917970998,ECE 180,B00,083141,Abi Samra; Nicholas Camill,0,8,28,28
1655917977021,MATH 10A,A01,083735,Patchell; Gregory David,0,0,30,30
1655917977021,MATH 10A,A02,083736,Patchell; Gregory David,21,0,30,9
1655917977021,MATH 10A,A03,083737,Patchell; Gregory David,16,0,30,14
1655917983045,MATH 10B,A01,083207,Lim; Seonhee,1,1,34,33
1655917983045,MATH 10B,A02,083208,Lim; Seonhee,1,1,35,34
1655917983045,MATH 10B,A03,093472,Staff,0,0,34,34
1655917983045,MATH 10B,B01,083739,Sinha; Shubham,10,0,30,20
1655917989076,MATH 18,A01,083743,Cinel; Cameron Alexander,4,0,30,26
1655917989076,MATH 18,A02,083744,Cinel; Cameron Alexander,11,0,30,19
1655917989076,MATH 18,A03,083745,Cinel; Cameron Alexander,0,0,30,30
1655917989076,MATH 18,B01,083748,Ma; Zilu,2,0,36,34
1655917989076,MATH 18,B02,083749,Ma; Zilu,0,0,36,36
1655917989076,MATH 18,B03,083750,Ma; Zilu,0,0,36,36
1655917989076,MATH 18,B04,083751,Ma; Zilu,0,0,36,36
1655917989076,MATH 18,B05,093473,Staff,0,0,36,36
1655917989076,MATH 18,B06,093474,Staff,0,0,36,36
1655917995099,MATH 20A,A01,083754,Zheng; Zequn,10,0,40,30
1655918001126,MATH 20B,A01,083756,Briones; Jor-el Thomas Caparas,0,1,36,36
1655918001126,MATH 20B,A02,083757,Briones; Jor-el Thomas Caparas,1,0,36,35
1655918001126,MATH 20B,A03,093475,Staff,1,0,36,35
1655918007154,MATH 20C,A01,083760,Briones; Jor-el Thomas Caparas,0,2,35,35
1655918007154,MATH 20C,A02,083761,Briones; Jor-el Thomas Caparas,6,1,35,29
1655918007154,MATH 20C,A03,093476,Staff,1,1,35,34
1655918007154,MATH 20C,B01,083762,Bach; Quang Tran,3,0,30,27
1655918013186,MATH 20D,A01,083765,Tran; Brian Kha,0,0,30,30
1655918013186,MATH 20D,A02,083766,Tran; Brian Kha,0,1,30,30
1655918013186,MATH 20D,A03,083767,Tran; Brian Kha,0,0,30,30
1655918019214,MATH 20E,A01,083771,Ganguly; Soumya,0,0,32,32
1655918019214,MATH 20E,A02,083772,Ganguly; Soumya,1,1,32,31
1655918019214,MATH 20E,B01,083773,Ciotti; Benjamin,14,0,35,21
1655918019214,MATH 20E,B02,083774,Ciotti; Benjamin,12,0,35,23
1655918025237,MATH 103A,A01,083777,Greenfeld; Be'Eri,2,1,36,34
1655918025237,MATH 103A,A02,083778,Greenfeld; Be'Eri,1,0,36,35
1655918025237,MATH 103A,A03,093561,Staff,0,1,36,36
1655918025237,MATH 103A,B01,083779,Greenfeld; Be'Eri,7,1,36,29
1655918025237,MATH 103A,B02,083780,Greenfeld; Be'Eri,1,0,36,35
1655918025237,MATH 103A,B03,093562,Staff,0,0,36,36
1655918031264,MATH 105,A01,085443,Carter; Anne Toulson,3,1,35,32
1655918031264,MATH 105,A02,093477,Staff,6,0,35,29
1655918037288,MATH 109,A01,083213,Ganzberger; Geoffrey Michael,0,1,34,34
1655918037288,MATH 109,A02,083214,Ganzberger; Geoffrey Michael,0,0,34,34
1655918037288,MATH 109,A03,093478,Staff,1,0,34,33
1655918037288,MATH 109,B01,083215,Ganzberger; Geoffrey Michael,2,0,32,30
1655918037288,MATH 109,B02,083216,Ganzberger; Geoffrey Michael,0,0,32,32
1655918037288,MATH 109,B03,093479,Staff,4,0,32,28
1655918043317,MATH 142A,A01,083219,Chow; Bennett,0,0,32,32
1655918043317,MATH 142A,A02,083220,Chow; Bennett,8,0,32,24
1655918043317,MATH 142A,A03,093480,Staff,4,0,32,28
1655918043317,MATH 142A,B03,093481,Staff,3,0,32,29
1655918043317,MATH 142A,B04,093558,Staff,6,0,32,26
1655918043317,MATH 142A,B05,093559,Staff,1,0,32,31
1655918049343,MATH 193A,A01,083224,Rotar; Vladimir,1,1,34,33
1655918049343,MATH 193A,A02,083225,Rotar; Vladimir,0,0,34,34
1655918049343,MATH 193A,A03,083781,Rotar; Vladimir,2,0,34,32
1655918049343,MATH 193A,A04,083782,Rotar; Vladimir,2,0,34,32
1655918049343,MATH 193A,A05,093482,Rotar; Vladimir,2,0,34,32
1655918055378,MATH 197,001,091859,McAuley; Julian John,9999,0,9999,0
1655918055378,MATH 197,002,095566,Kedlaya; Kiran S.,9997,0,9999,2
1655918055378,MATH 197,003,095567,Xiao; Ming,9999,0,9999,0
1655918055378,MATH 197,004,095571,Perols; Johan Lars,9998,0,9999,1
1655918062448,COGS 9,A01,083615,Shannon; Kyle Michael,1,1,75,74
1655918068472,COGS 11,A01,083617,Boyle; Mary E. T.,10,1,48,38
1655918074498,COGS 13,A01,083071,Bastos; Amalia Pinkusfeld,3,1,71,68
1655918080520,COGS 14A,A01,092681,Staff,2,26,100,98
1655918086542,COGS 14B,A01,083073,Cheng; Tzu-Han,7,0,63,56
1655918092565,COGS 17,A01,092677,Staff,8,6,81,73
1655918098591,COGS 100,A01,083619,Allen; Michael Gordon,2,2,70,68
1655918104618,COGS 101A,A01,083621,Davis; Joshua Daniel,4,3,68,64
1655918110647,COGS 101B,A01,091572,Allen; Michael Gordon,1,0,65,64
1655918116683,COGS 101C,A01,083625,Delgado; Tania,8,0,35,27
1655918122716,COGS 107A,A01,083627,Boyle; Mary E. T.,1,1,60,59
1655918128744,COGS 118A,A01,083075,Gupta; Anjum,18,16,76,58
1655918134768,CSE 3,A50,083646,Miranda; Gregory Joseph,13,0,50,37
1655918140792,CSE 8A,A50,083650,Miranda; Gregory Joseph,3,11,56,53
1655918146820,CSE 11,A01,083080,Cao; Yingjun,0,68,40,40
1655918152848,CSE 12,A01,083652,Krause-Levy; Sophia Louisa,6,8,120,114
1655918158870,CSE 15L,A01,083654,Morris; Justin Loren,3,1,50,47
1655918158870,CSE 15L,A02,083655,Morris; Justin Loren,1,1,50,49
1655918164901,CSE 20,A01,083657,Tran; Khoa Dang,29,0,80,51
1655918170937,CSE 21,A01,095574,Bach; Quang Tran,23,0,48,25
1655918176966,CSE 30,A01,083084,Eldon; John,2,10,80,78
1655918176966,CSE 30,B01,095061,Bhaskar; Nishant,0,4,50,50
1655918182988,CSE 100,A01,083659,Cao; Yingjun,2,25,70,68
1655918189017,CSE 134B,A01,083661,Powell; Thomas Allan,4,6,100,96
1655918195041,CSE 140,A01,083663,Gungor; Onat,4,0,85,81
1655918201063,CSE 140L,A01,083088,Eldon; John,4,0,100,96
1655918207095,CSE 175,A01,083665,Kumar; Rakesh,1,0,25,24
1655918213123,CSE 190,A00,092507,Dubnov; Shlomo,1,0,20,19
1655918219149,ECE 45,A01,083139,Congero; Spencer William,0,1,75,75
1655918225179,ECE 65,A50,083695,Saad; Andrew S,6,0,30,24
1655918225179,ECE 65,A51,095125,Staff,23,0,26,3
1655918231205,ECE 109,A01,091882,Touri; Behrouz,2,3,70,68
1655918237227,ECE 180,A00,083140,Abi Samra; Nicholas Camill,1,0,30,29
1655918237227,ECE 180,B00,083141,Abi Samra; Nicholas Camill,0,8,28,28
1655918243255,MATH 10A,A01,083735,Patchell; Gregory David,0,0,30,30
1655918243255,MATH 10A,A02,083736,Patchell; Gregory David,21,0,30,9
1655918243255,MATH 10A,A03,083737,Patchell; Gregory David,16,0,30,14
1655918249280,MATH 10B,A01,083207,Lim; Seonhee,1,1,34,33
1655918249280,MATH 10B,A02,083208,Lim; Seonhee,1,1,35,34
1655918249280,MATH 10B,A03,093472,Staff,1,0,34,33
1655918249280,MATH 10B,B01,083739,Sinha; Shubham,10,0,30,20
1655918255309,MATH 18,A01,083743,Cinel; Cameron Alexander,4,0,30,26
1655918255309,MATH 18,A02,083744,Cinel; Cameron Alexander,11,0,30,19
1655918255309,MATH 18,A03,083745,Cinel; Cameron Alexander,0,0,30,30
1655918255309,MATH 18,B01,083748,Ma; Zilu,2,0,36,34
1655918255309,MATH 18,B02,083749,Ma; Zilu,0,0,36,36
1655918255309,MATH 18,B03,083750,Ma; Zilu,0,0,36,36
1655918255309,MATH 18,B04,083751,Ma; Zilu,0,0,36,36
1655918255309,MATH 18,B05,093473,Staff,0,0,36,36
1655918255309,MATH 18,B06,093474,Staff,0,0,36,36
1655918261334,MATH 20A,A01,083754,Zheng; Zequn,10,0,40,30
1655918267356,MATH 20B,A01,083756,Briones; Jor-el Thomas Caparas,0,1,36,36
1655918267356,MATH 20B,A02,083757,Briones; Jor-el Thomas Caparas,1,0,36,35
1655918267356,MATH 20B,A03,093475,Staff,1,0,36,35
1655918273380,MATH 20C,A01,083760,Briones; Jor-el Thomas Caparas,0,2,35,35
1655918273380,MATH 20C,A02,083761,Briones; Jor-el Thomas Caparas,6,1,35,29
1655918273380,MATH 20C,A03,093476,Staff,1,1,35,34
1655918273380,MATH 20C,B01,083762,Bach; Quang Tran,3,0,30,27
1655918279413,MATH 20D,A01,083765,Tran; Brian Kha,0,0,30,30
1655918279413,MATH 20D,A02,083766,Tran; Brian Kha,0,1,30,30
1655918279413,MATH 20D,A03,083767,Tran; Brian Kha,0,0,30,30
1655918285441,MATH 20E,A01,083771,Ganguly; Soumya,0,0,32,32
1655918285441,MATH 20E,A02,083772,Ganguly; Soumya,1,1,32,31
1655918285441,MATH 20E,B01,083773,Ciotti; Benjamin,14,0,35,21
1655918285441,MATH 20E,B02,083774,Ciotti; Benjamin,12,0,35,23
1655918291478,MATH 103A,A01,083777,Greenfeld; Be'Eri,2,1,36,34
1655918291478,MATH 103A,A02,083778,Greenfeld; Be'Eri,1,0,36,35
1655918291478,MATH 103A,A03,093561,Staff,0,1,36,36
1655918291478,MATH 103A,B01,083779,Greenfeld; Be'Eri,7,1,36,29
1655918291478,MATH 103A,B02,083780,Greenfeld; Be'Eri,1,0,36,35
1655918291478,MATH 103A,B03,093562,Staff,0,0,36,36
1655918297501,MATH 105,A01,085443,Carter; Anne Toulson,3,1,35,32
1655918297501,MATH 105,A02,093477,Staff,7,0,35,28
1655918303525,MATH 109,A01,083213,Ganzberger; Geoffrey Michael,0,1,34,34
1655918303525,MATH 109,A02,083214,Ganzberger; Geoffrey Michael,0,0,34,34
1655918303525,MATH 109,A03,093478,Staff,1,0,34,33
1655918303525,MATH 109,B01,083215,Ganzberger; Geoffrey Michael,2,0,32,30
1655918303525,MATH 109,B02,083216,Ganzberger; Geoffrey Michael,0,0,32,32
1655918303525,MATH 109,B03,093479,Staff,4,0,32,28
1655918309558,MATH 142A,A01,083219,Chow; Bennett,0,0,32,32
1655918309558,MATH 142A,A02,083220,Chow; Bennett,8,0,32,24
1655918309558,MATH 142A,A03,093480,Staff,4,0,32,28
1655918309558,MATH 142A,B03,093481,Staff,3,0,32,29
1655918309558,MATH 142A,B04,093558,Staff,6,0,32,26
1655918309558,MATH 142A,B05,093559,Staff,1,0,32,31
1655918315594,MATH 193A,A01,083224,Rotar; Vladimir,1,1,34,33
1655918315594,MATH 193A,A02,083225,Rotar; Vladimir,0,0,34,34
1655918315594,MATH 193A,A03,083781,Rotar; Vladimir,2,0,34,32
1655918315594,MATH 193A,A04,083782,Rotar; Vladimir,2,0,34,32
1655918315594,MATH 193A,A05,093482,Rotar; Vladimir,2,0,34,32
1655918321620,MATH 197,001,091859,McAuley; Julian John,9999,0,9999,0
1655918321620,MATH 197,002,095566,Kedlaya; Kiran S.,9997,0,9999,2
1655918321620,MATH 197,003,095567,Xiao; Ming,9999,0,9999,0
1655918321620,MATH 197,004,095571,Perols; Johan Lars,9998,0,9999,1
1655918328670,COGS 9,A01,083615,Shannon; Kyle Michael,1,1,75,74
1655918334692,COGS 11,A01,083617,Boyle; Mary E. T.,10,1,48,38
1655918340716,COGS 13,A01,083071,Bastos; Amalia Pinkusfeld,3,1,71,68
1655918346751,COGS 14A,A01,092681,Staff,2,26,100,98
1655918352778,COGS 14B,A01,083073,Cheng; Tzu-Han,7,0,63,56
1655918358809,COGS 17,A01,092677,Staff,8,6,81,73
1655918364835,COGS 100,A01,083619,Allen; Michael Gordon,2,2,70,68
1655918370870,COGS 101A,A01,083621,Davis; Joshua Daniel,4,3,68,64
1655918376897,COGS 101B,A01,091572,Allen; Michael Gordon,1,0,65,64
1655918382925,COGS 101C,A01,083625,Delgado; Tania,8,0,35,27
1655918388957,COGS 107A,A01,083627,Boyle; Mary E. T.,1,1,60,59
1655918394986,COGS 118A,A01,083075,Gupta; Anjum,18,16,76,58
1655918401010,CSE 3,A50,083646,Miranda; Gregory Joseph,13,0,50,37
1655918407033,CSE 8A,A50,083650,Miranda; Gregory Joseph,3,11,56,53
1655918413062,CSE 11,A01,083080,Cao; Yingjun,0,68,40,40
1655918419086,CSE 12,A01,083652,Krause-Levy; Sophia Louisa,6,8,120,114
1655918425117,CSE 15L,A01,083654,Morris; Justin Loren,3,1,50,47
1655918425117,CSE 15L,A02,083655,Morris; Justin Loren,1,1,50,49
1655918431140,CSE 20,A01,083657,Tran; Khoa Dang,29,0,80,51
1655918437167,CSE 21,A01,095574,Bach; Quang Tran,23,0,48,25
1655918443201,CSE 30,A01,083084,Eldon; John,2,10,80,78
1655918443201,CSE 30,B01,095061,Bhaskar; Nishant,0,4,50,50
1655918449227,CSE 100,A01,083659,Cao; Yingjun,2,25,70,68
1655918455359,CSE 134B,A01,083661,Powell; Thomas Allan,4,6,100,96
1655918461388,CSE 140,A01,083663,Gungor; Onat,4,0,85,81
1655918467419,CSE 140L,A01,083088,Eldon; John,5,0,100,95
1655918473441,CSE 175,A01,083665,Kumar; Rakesh,1,0,25,24
1655918479463,CSE 190,A00,092507,Dubnov; Shlomo,1,0,20,19
1655918485489,ECE 45,A01,083139,Congero; Spencer William,0,1,75,75
1655918491510,ECE 65,A50,083695,Saad; Andrew S,6,0,30,24
1655918491510,ECE 65,A51,095125,Staff,23,0,26,3
1655918497539,ECE 109,A01,091882,Touri; Behrouz,2,3,70,68
1655918503575,ECE 180,A00,083140,Abi Samra; Nicholas Camill,1,0,30,29
1655918503575,ECE 180,B00,083141,Abi Samra; Nicholas Camill,0,8,28,28
1655918509601,MATH 10A,A01,083735,Patchell; Gregory David,0,0,30,30
1655918509601,MATH 10A,A02,083736,Patchell; Gregory David,21,0,30,9
1655918509601,MATH 10A,A03,083737,Patchell; Gregory David,16,0,30,14
1655918515638,MATH 10B,A01,083207,Lim; Seonhee,1,1,34,33
1655918515638,MATH 10B,A02,083208,Lim; Seonhee,1,1,35,34
1655918515638,MATH 10B,A03,093472,Staff,1,0,34,33
1655918515638,MATH 10B,B01,083739,Sinha; Shubham,10,0,30,20
1655918521667,MATH 18,A01,083743,Cinel; Cameron Alexander,4,0,30,26
1655918521667,MATH 18,A02,083744,Cinel; Cameron Alexander,11,0,30,19
1655918521667,MATH 18,A03,083745,Cinel; Cameron Alexander,0,0,30,30
1655918521667,MATH 18,B01,083748,Ma; Zilu,2,0,36,34
1655918521667,MATH 18,B02,083749,Ma; Zilu,0,0,36,36
1655918521667,MATH 18,B03,083750,Ma; Zilu,0,0,36,36
1655918521667,MATH 18,B04,083751,Ma; Zilu,0,0,36,36
1655918521667,MATH 18,B05,093473,Staff,0,0,36,36
1655918521667,MATH 18,B06,093474,Staff,0,0,36,36
1655918527693,MATH 20A,A01,083754,Zheng; Zequn,10,0,40,30
1655918533720,MATH 20B,A01,083756,Briones; Jor-el Thomas Caparas,0,1,36,36
1655918533720,MATH 20B,A02,083757,Briones; Jor-el Thomas Caparas,1,0,36,35
1655918533720,MATH 20B,A03,093475,Staff,1,0,36,35
1655918539744,MATH 20C,A01,083760,Briones; Jor-el Thomas Caparas,0,2,35,35
1655918539744,MATH 20C,A02,083761,Briones; Jor-el Thomas Caparas,6,1,35,29
1655918539744,MATH 20C,A03,093476,Staff,1,1,35,34
1655918539744,MATH 20C,B01,083762,Bach; Quang Tran,3,0,30,27
1655918545778,MATH 20D,A01,083765,Tran; Brian Kha,0,0,30,30
1655918545778,MATH 20D,A02,083766,Tran; Brian Kha,0,1,30,30
1655918545778,MATH 20D,A03,083767,Tran; Brian Kha,0,0,30,30
1655918551806,MATH 20E,A01,083771,Ganguly; Soumya,0,0,32,32
1655918551806,MATH 20E,A02,083772,Ganguly; Soumya,1,1,32,31
1655918551806,MATH 20E,B01,083773,Ciotti; Benjamin,14,0,35,21
1655918551806,MATH 20E,B02,083774,Ciotti; Benjamin,12,0,35,23
1655918557838,MATH 103A,A01,083777,Greenfeld; Be'Eri,2,1,36,34
1655918557838,MATH 103A,A02,083778,Greenfeld; Be'Eri,1,0,36,35
1655918557838,MATH 103A,A03,093561,Staff,0,1,36,36
1655918557838,MATH 103A,B01,083779,Greenfeld; Be'Eri,7,1,36,29
1655918557838,MATH 103A,B02,083780,Greenfeld; Be'Eri,1,0,36,35
1655918557838,MATH 103A,B03,093562,Staff,0,0,36,36
1655918563875,MATH 105,A01,085443,Carter; Anne Toulson,3,1,35,32
1655918563875,MATH 105,A02,093477,Staff,7,0,35,28
1655918569896,MATH 109,A01,083213,Ganzberger; Geoffrey Michael,0,1,34,34
1655918569896,MATH 109,A02,083214,Ganzberger; Geoffrey Michael,0,0,34,34
1655918569896,MATH 109,A03,093478,Staff,1,0,34,33
1655918569896,MATH 109,B01,083215,Ganzberger; Geoffrey Michael,2,0,32,30
1655918569896,MATH 109,B02,083216,Ganzberger; Geoffrey Michael,0,0,32,32
1655918569896,MATH 109,B03,093479,Staff,4,0,32,28
1655918575920,MATH 142A,A01,083219,Chow; Bennett,0,0,32,32
1655918575920,MATH 142A,A02,083220,Chow; Bennett,8,0,32,24
1655918575920,MATH 142A,A03,093480,Staff,4,0,32,28
1655918575920,MATH 142A,B03,093481,Staff,3,0,32,29
1655918575920,MATH 142A,B04,093558,Staff,6,0,32,26
1655918575920,MATH 142A,B05,093559,Staff,1,0,32,31
1655918581949,MATH 193A,A01,083224,Rotar; Vladimir,1,1,34,33
1655918581949,MATH 193A,A02,083225,Rotar; Vladimir,0,0,34,34
1655918581949,MATH 193A,A03,083781,Rotar; Vladimir,2,0,34,32
1655918581949,MATH 193A,A04,083782,Rotar; Vladimir,2,0,34,32
1655918581949,MATH 193A,A05,093482,Rotar; Vladimir,2,0,34,32
1655918587976,MATH 197,001,091859,McAuley; Julian John,9999,0,9999,0
1655918587976,MATH 197,002,095566,Kedlaya; Kiran S.,9997,0,9999,2
1655918587976,MATH 197,003,095567,Xiao; Ming,9999,0,9999,0
1655918587976,MATH 197,004,095571,Perols; Johan Lars,9998,0,9999,1
1655918595035,COGS 9,A01,083615,Shannon; Kyle Michael,1,1,75,74
1655918601060,COGS 11,A01,083617,Boyle; Mary E. T.,10,1,48,38
1655918607087,COGS 13,A01,083071,Bastos; Amalia Pinkusfeld,3,1,71,68
1655918613115,COGS 14A,A01,092681,Staff,2,26,100,98
1655918619148,COGS 14B,A01,083073,Cheng; Tzu-Han,7,0,63,56
1655918625175,COGS 17,A01,092677,Staff,8,6,81,73
1655918631204,COGS 100,A01,083619,Allen; Michael Gordon,2,2,70,68
1655918637231,COGS 101A,A01,083621,Davis; Joshua Daniel,4,3,68,64
1655918643258,COGS 101B,A01,091572,Allen; Michael Gordon,1,0,65,64
1655918649288,COGS 101C,A01,083625,Delgado; Tania,8,0,35,27
1655918655313,COGS 107A,A01,083627,Boyle; Mary E. T.,1,1,60,59
1655918661340,COGS 118A,A01,083075,Gupta; Anjum,19,16,76,57
1655918667374,CSE 3,A50,083646,Miranda; Gregory Joseph,13,0,50,37
1655918673407,CSE 8A,A50,083650,Miranda; Gregory Joseph,3,12,56,53
1655918679430,CSE 11,A01,083080,Cao; Yingjun,0,68,40,40
1655918685469,CSE 12,A01,083652,Krause-Levy; Sophia Louisa,6,8,120,114
1655918691492,CSE 15L,A01,083654,Morris; Justin Loren,3,1,50,47
1655918691492,CSE 15L,A02,083655,Morris; Justin Loren,1,1,50,49
1655918697518,CSE 20,A01,083657,Tran; Khoa Dang,29,0,80,51
1655918703541,CSE 21,A01,095574,Bach; Quang Tran,23,0,48,25
1655918709569,CSE 30,A01,083084,Eldon; John,2,10,80,78
1655918709569,CSE 30,B01,095061,Bhaskar; Nishant,0,4,50,50
1655918715594,CSE 100,A01,083659,Cao; Yingjun,2,25,70,68
1655918721616,CSE 134B,A01,083661,Powell; Thomas Allan,4,6,100,96
1655918727643,CSE 140,A01,083663,Gungor; Onat,4,0,85,81
1655918733667,CSE 140L,A01,083088,Eldon; John,5,0,100,95
1655918739695,CSE 175,A01,083665,Kumar; Rakesh,1,0,25,24
1655918745718,CSE 190,A00,092507,Dubnov; Shlomo,1,0,20,19
1655918751743,ECE 45,A01,083139,Congero; Spencer William,0,1,75,75
1655918757773,ECE 65,A50,083695,Saad; Andrew S,6,0,30,24
1655918757773,ECE 65,A51,095125,Staff,23,0,26,3
1655918763807,ECE 109,A01,091882,Touri; Behrouz,2,3,70,68
1655918769831,ECE 180,A00,083140,Abi Samra; Nicholas Camill,1,0,30,29
1655918769831,ECE 180,B00,083141,Abi Samra; Nicholas Camill,0,8,28,28
1655918775866,MATH 10A,A01,083735,Patchell; Gregory David,0,0,30,30
1655918775866,MATH 10A,A02,083736,Patchell; Gregory David,21,0,30,9
1655918775866,MATH 10A,A03,083737,Patchell; Gregory David,16,0,30,14
1655918781904,MATH 10B,A01,083207,Lim; Seonhee,1,1,34,33
1655918781904,MATH 10B,A02,083208,Lim; Seonhee,1,1,35,34
1655918781904,MATH 10B,A03,093472,Staff,1,0,34,33
1655918781904,MATH 10B,B01,083739,Sinha; Shubham,10,0,30,20
1655918787929,MATH 18,A01,083743,Cinel; Cameron Alexander,4,0,30,26
1655918787929,MATH 18,A02,083744,Cinel; Cameron Alexander,11,0,30,19
1655918787929,MATH 18,A03,083745,Cinel; Cameron Alexander,0,0,30,30
1655918787929,MATH 18,B01,083748,Ma; Zilu,2,0,36,34
1655918787929,MATH 18,B02,083749,Ma; Zilu,0,0,36,36
1655918787929,MATH 18,B03,083750,Ma; Zilu,0,0,36,36
1655918787929,MATH 18,B04,083751,Ma; Zilu,0,0,36,36
1655918787929,MATH 18,B05,093473,Staff,0,0,36,36
1655918787929,MATH 18,B06,093474,Staff,0,0,36,36
1655918793964,MATH 20A,A01,083754,Zheng; Zequn,10,0,40,30
1655918799991,MATH 20B,A01,083756,Briones; Jor-el Thomas Caparas,0,1,36,36
1655918799991,MATH 20B,A02,083757,Briones; Jor-el Thomas Caparas,1,0,36,35
1655918799991,MATH 20B,A03,093475,Staff,1,0,36,35
1655918806016,MATH 20C,A01,083760,Briones; Jor-el Thomas Caparas,0,2,35,35
1655918806016,MATH 20C,A02,083761,Briones; Jor-el Thomas Caparas,6,1,35,29
1655918806016,MATH 20C,A03,093476,Staff,1,1,35,34
1655918806016,MATH 20C,B01,083762,Bach; Quang Tran,3,0,30,27
1655918812042,MATH 20D,A01,083765,Tran; Brian Kha,0,0,30,30
1655918812042,MATH 20D,A02,083766,Tran; Brian Kha,0,1,30,30
1655918812042,MATH 20D,A03,083767,Tran; Brian Kha,0,0,30,30
1655918818066,MATH 20E,A01,083771,Ganguly; Soumya,0,0,32,32
1655918818066,MATH 20E,A02,083772,Ganguly; Soumya,1,1,32,31
1655918818066,MATH 20E,B01,083773,Ciotti; Benjamin,14,0,35,21
1655918818066,MATH 20E,B02,083774,Ciotti; Benjamin,12,0,35,23
1655918824100,MATH 103A,A01,083777,Greenfeld; Be'Eri,2,1,36,34
1655918824100,MATH 103A,A02,083778,Greenfeld; Be'Eri,1,0,36,35
1655918824100,MATH 103A,A03,093561,Staff,0,1,36,36
1655918824100,MATH 103A,B01,083779,Greenfeld; Be'Eri,7,1,36,29
1655918824100,MATH 103A,B02,083780,Greenfeld; Be'Eri,1,0,36,35
1655918824100,MATH 103A,B03,093562,Staff,0,0,36,36
1655918830135,MATH 105,A01,085443,Carter; Anne Toulson,3,1,35,32
1655918830135,MATH 105,A02,093477,Staff,7,0,35,28
1655918836158,MATH 109,A01,083213,Ganzberger; Geoffrey Michael,0,1,34,34
1655918836158,MATH 109,A02,083214,Ganzberger; Geoffrey Michael,0,0,34,34
1655918836158,MATH 109,A03,093478,Staff,1,0,34,33
1655918836158,MATH 109,B01,083215,Ganzberger; Geoffrey Michael,2,0,32,30
1655918836158,MATH 109,B02,083216,Ganzberger; Geoffrey Michael,0,0,32,32
1655918836158,MATH 109,B03,093479,Staff,4,0,32,28
1655918842192,MATH 142A,A01,083219,Chow; Bennett,0,0,32,32
1655918842192,MATH 142A,A02,083220,Chow; Bennett,8,0,32,24
1655918842192,MATH 142A,A03,093480,Staff,4,0,32,28
1655918842192,MATH 142A,B03,093481,Staff,3,0,32,29
1655918842192,MATH 142A,B04,093558,Staff,6,0,32,26
1655918842192,MATH 142A,B05,093559,Staff,1,0,32,31
1655918848221,MATH 193A,A01,083224,Rotar; Vladimir,1,1,34,33
1655918848221,MATH 193A,A02,083225,Rotar; Vladimir,0,0,34,34
1655918848221,MATH 193A,A03,083781,Rotar; Vladimir,2,0,34,32
1655918848221,MATH 193A,A04,083782,Rotar; Vladimir,2,0,34,32
1655918848221,MATH 193A,A05,093482,Rotar; Vladimir,2,0,34,32
1655918854247,MATH 197,001,091859,McAuley; Julian John,9999,0,9999,0
1655918854247,MATH 197,002,095566,Kedlaya; Kiran S.,9997,0,9999,2
1655918854247,MATH 197,003,095567,Xiao; Ming,9999,0,9999,0
1655918854247,MATH 197,004,095571,Perols; Johan Lars,9998,0,9999,1
1655918861300,COGS 9,A01,083615,Shannon; Kyle Michael,1,1,75,74
1655918867326,COGS 11,A01,083617,Boyle; Mary E. T.,10,1,48,38
1655918873355,COGS 13,A01,083071,Bastos; Amalia Pinkusfeld,3,1,71,68
1655918879386,COGS 14A,A01,092681,Staff,2,26,100,98
1655918885410,COGS 14B,A01,083073,Cheng; Tzu-Han,7,0,63,56
1655918891441,COGS 17,A01,092677,Staff,8,6,81,73
1655918897465,COGS 100,A01,083619,Allen; Michael Gordon,2,2,70,68
1655918903487,COGS 101A,A01,083621,Davis; Joshua Daniel,4,3,68,64
1655918909515,COGS 101B,A01,091572,Allen; Michael Gordon,1,0,65,64
1655918915537,COGS 101C,A01,083625,Delgado; Tania,8,0,35,27
1655918921564,COGS 107A,A01,083627,Boyle; Mary E. T.,1,1,60,59
1655918927589,COGS 118A,A01,083075,Gupta; Anjum,19,16,76,57
1655918933624,CSE 3,A50,083646,Miranda; Gregory Joseph,13,0,50,37
1655918939666,CSE 8A,A50,083650,Miranda; Gregory Joseph,3,12,56,53
1655918945688,CSE 11,A01,083080,Cao; Yingjun,0,68,40,40
1655918951718,CSE 12,A01,083652,Krause-Levy; Sophia Louisa,6,8,120,114
1655918957742,CSE 15L,A01,083654,Morris; Justin Loren,3,1,50,47
1655918957742,CSE 15L,A02,083655,Morris; Justin Loren,1,1,50,49
1655918963774,CSE 20,A01,083657,Tran; Khoa Dang,29,0,80,51
1655918969806,CSE 21,A01,095574,Bach; Quang Tran,23,0,48,25
1655918975835,CSE 30,A01,083084,Eldon; John,2,10,80,78
1655918975835,CSE 30,B01,095061,Bhaskar; Nishant,0,4,50,50
1655918981867,CSE 100,A01,083659,Cao; Yingjun,2,25,70,68
1655918987890,CSE 134B,A01,083661,Powell; Thomas Allan,4,6,100,96
1655918993922,CSE 140,A01,083663,Gungor; Onat,4,0,85,81
1655918999949,CSE 140L,A01,083088,Eldon; John,5,0,100,95
1655919005975,CSE 175,A01,083665,Kumar; Rakesh,1,0,25,24
1655919011999,CSE 190,A00,092507,Dubnov; Shlomo,1,0,20,19
1655919018023,ECE 45,A01,083139,Congero; Spencer William,0,1,75,75
1655919024061,ECE 65,A50,083695,Saad; Andrew S,6,0,30,24
1655919024061,ECE 65,A51,095125,Staff,23,0,26,3
1655919030091,ECE 109,A01,091882,Touri; Behrouz,2,3,70,68
1655919036118,ECE 180,A00,083140,Abi Samra; Nicholas Camill,1,0,30,29
1655919036118,ECE 180,B00,083141,Abi Samra; Nicholas Camill,0,8,28,28
1655919042142,MATH 10A,A01,083735,Patchell; Gregory David,0,0,30,30
1655919042142,MATH 10A,A02,083736,Patchell; Gregory David,21,0,30,9
1655919042142,MATH 10A,A03,083737,Patchell; Gregory David,16,0,30,14
1655919048168,MATH 10B,A01,083207,Lim; Seonhee,1,1,34,33
1655919048168,MATH 10B,A02,083208,Lim; Seonhee,1,1,35,34
1655919048168,MATH 10B,A03,093472,Staff,1,0,34,33
1655919048168,MATH 10B,B01,083739,Sinha; Shubham,10,0,30,20
1655919054279,MATH 18,A01,083743,Cinel; Cameron Alexander,4,0,30,26
1655919054279,MATH 18,A02,083744,Cinel; Cameron Alexander,11,0,30,19
1655919054279,MATH 18,A03,083745,Cinel; Cameron Alexander,0,0,30,30
1655919054279,MATH 18,B01,083748,Ma; Zilu,2,0,36,34
1655919054279,MATH 18,B02,083749,Ma; Zilu,0,0,36,36
1655919054279,MATH 18,B03,083750,Ma; Zilu,0,0,36,36
1655919054279,MATH 18,B04,083751,Ma; Zilu,0,0,36,36
1655919054279,MATH 18,B05,093473,Staff,0,0,36,36
1655919054279,MATH 18,B06,093474,Staff,0,0,36,36
1655919060304,MATH 20A,A01,083754,Zheng; Zequn,10,0,40,30
1655919066332,MATH 20B,A01,083756,Briones; Jor-el Thomas Caparas,0,1,36,36
1655919066332,MATH 20B,A02,083757,Briones; Jor-el Thomas Caparas,1,0,36,35
1655919066332,MATH 20B,A03,093475,Staff,1,0,36,35
1655919072355,MATH 20C,A01,083760,Briones; Jor-el Thomas Caparas,0,2,35,35
1655919072355,MATH 20C,A02,083761,Briones; Jor-el Thomas Caparas,6,1,35,29
1655919072355,MATH 20C,A03,093476,Staff,1,1,35,34
1655919072355,MATH 20C,B01,083762,Bach; Quang Tran,3,0,30,27
1655919078384,MATH 20D,A01,083765,Tran; Brian Kha,0,0,30,30
1655919078384,MATH 20D,A02,083766,Tran; Brian Kha,0,1,30,30
1655919078384,MATH 20D,A03,083767,Tran; Brian Kha,0,0,30,30
1655919084419,MATH 20E,A01,083771,Ganguly; Soumya,0,0,32,32
1655919084419,MATH 20E,A02,083772,Ganguly; Soumya,1,1,32,31
1655919084419,MATH 20E,B01,083773,Ciotti; Benjamin,14,0,35,21
1655919084419,MATH 20E,B02,083774,Ciotti; Benjamin,12,0,35,23
1655919090443,MATH 103A,A01,083777,Greenfeld; Be'Eri,2,1,36,34
1655919090443,MATH 103A,A02,083778,Greenfeld; Be'Eri,1,0,36,35
1655919090443,MATH 103A,A03,093561,Staff,0,1,36,36
1655919090443,MATH 103A,B01,083779,Greenfeld; Be'Eri,7,1,36,29
1655919090443,MATH 103A,B02,083780,Greenfeld; Be'Eri,1,0,36,35
1655919090443,MATH 103A,B03,093562,Staff,0,0,36,36
1655919096465,MATH 105,A01,085443,Carter; Anne Toulson,3,1,35,32
1655919096465,MATH 105,A02,093477,Staff,7,0,35,28
1655919102493,MATH 109,A01,083213,Ganzberger; Geoffrey Michael,0,1,34,34
1655919102493,MATH 109,A02,083214,Ganzberger; Geoffrey Michael,0,0,34,34
1655919102493,MATH 109,A03,093478,Staff,1,0,34,33
1655919102493,MATH 109,B01,083215,Ganzberger; Geoffrey Michael,2,0,32,30
1655919102493,MATH 109,B02,083216,Ganzberger; Geoffrey Michael,0,0,32,32
1655919102493,MATH 109,B03,093479,Staff,4,0,32,28
1655919108527,MATH 142A,A01,083219,Chow; Bennett,0,0,32,32
1655919108527,MATH 142A,A02,083220,Chow; Bennett,8,0,32,24
1655919108527,MATH 142A,A03,093480,Staff,4,0,32,28
1655919108527,MATH 142A,B03,093481,Staff,3,0,32,29
1655919108527,MATH 142A,B04,093558,Staff,6,0,32,26
1655919108527,MATH 142A,B05,093559,Staff,1,0,32,31
1655919114560,MATH 193A,A01,083224,Rotar; Vladimir,1,1,34,33
1655919114560,MATH 193A,A02,083225,Rotar; Vladimir,0,0,34,34
1655919114560,MATH 193A,A03,083781,Rotar; Vladimir,2,0,34,32
1655919114560,MATH 193A,A04,083782,Rotar; Vladimir,2,0,34,32
1655919114560,MATH 193A,A05,093482,Rotar; Vladimir,2,0,34,32
1655919120582,MATH 197,001,091859,McAuley; Julian John,9999,0,9999,0
1655919120582,MATH 197,002,095566,Kedlaya; Kiran S.,9997,0,9999,2
1655919120582,MATH 197,003,095567,Xiao; Ming,9999,0,9999,0
1655919120582,MATH 197,004,095571,Perols; Johan Lars,9998,0,9999,1
1655919127631,COGS 9,A01,083615,Shannon; Kyle Michael,1,1,75,74
1655919133659,COGS 11,A01,083617,Boyle; Mary E. T.,10,1,48,38
1655919139682,COGS 13,A01,083071,Bastos; Amalia Pinkusfeld,3,1,71,68
1655919145706,COGS 14A,A01,092681,Staff,2,26,100,98
1655919151735,COGS 14B,A01,083073,Cheng; Tzu-Han,7,0,63,56
1655919157758,COGS 17,A01,092677,Staff,8,6,81,73
1655919163784,COGS 100,A01,083619,Allen; Michael Gordon,2,2,70,68
1655919169807,COGS 101A,A01,083621,Davis; Joshua Daniel,4,3,68,64
1655919175831,COGS 101B,A01,091572,Allen; Michael Gordon,1,0,65,64
1655919181854,COGS 101C,A01,083625,Delgado; Tania,8,0,35,27
1655919187893,COGS 107A,A01,083627,Boyle; Mary E. T.,1,1,60,59
1655919193917,COGS 118A,A01,083075,Gupta; Anjum,19,16,76,57
1655919199957,CSE 3,A50,083646,Miranda; Gregory Joseph,13,0,50,37
1655919205990,CSE 8A,A50,083650,Miranda; Gregory Joseph,3,12,56,53
1655919212019,CSE 11,A01,083080,Cao; Yingjun,0,68,40,40
1655919218050,CSE 12,A01,083652,Krause-Levy; Sophia Louisa,6,8,120,114
1655919224082,CSE 15L,A01,083654,Morris; Justin Loren,3,1,50,47
1655919224082,CSE 15L,A02,083655,Morris; Justin Loren,1,1,50,49
1655919230116,CSE 20,A01,083657,Tran; Khoa Dang,29,0,80,51
1655919236141,CSE 21,A01,095574,Bach; Quang Tran,23,0,48,25
1655919242166,CSE 30,A01,083084,Eldon; John,2,10,80,78
1655919242166,CSE 30,B01,095061,Bhaskar; Nishant,0,4,50,50
1655919248193,CSE 100,A01,083659,Cao; Yingjun,2,25,70,68
1655919254218,CSE 134B,A01,083661,Powell; Thomas Allan,4,6,100,96
1655919260240,CSE 140,A01,083663,Gungor; Onat,4,0,85,81
1655919266267,CSE 140L,A01,083088,Eldon; John,5,0,100,95
1655919272291,CSE 175,A01,083665,Kumar; Rakesh,1,0,25,24
1655919278313,CSE 190,A00,092507,Dubnov; Shlomo,1,0,20,19
1655919284336,ECE 45,A01,083139,Congero; Spencer William,0,1,75,75
1655919290364,ECE 65,A50,083695,Saad; Andrew S,6,0,30,24
1655919290364,ECE 65,A51,095125,Staff,23,0,26,3
1655919296390,ECE 109,A01,091882,Touri; Behrouz,2,3,70,68
1655919302429,ECE 180,A00,083140,Abi Samra; Nicholas Camill,1,0,30,29
1655919302429,ECE 180,B00,083141,Abi Samra; Nicholas Camill,0,8,28,28
1655919308453,MATH 10A,A01,083735,Patchell; Gregory David,0,0,30,30
1655919308453,MATH 10A,A02,083736,Patchell; Gregory David,21,0,30,9
1655919308453,MATH 10A,A03,083737,Patchell; Gregory David,16,0,30,14
1655919314480,MATH 10B,A01,083207,Lim; Seonhee,1,1,34,33
1655919314480,MATH 10B,A02,083208,Lim; Seonhee,1,1,35,34
1655919314480,MATH 10B,A03,093472,Staff,1,0,34,33
1655919314480,MATH 10B,B01,083739,Sinha; Shubham,10,0,30,20
1655919320505,MATH 18,A01,083743,Cinel; Cameron Alexander,4,0,30,26
1655919320505,MATH 18,A02,083744,Cinel; Cameron Alexander,11,0,30,19
1655919320505,MATH 18,A03,083745,Cinel; Cameron Alexander,0,0,30,30
1655919320505,MATH 18,B01,083748,Ma; Zilu,2,0,36,34
1655919320505,MATH 18,B02,083749,Ma; Zilu,0,0,36,36
1655919320505,MATH 18,B03,083750,Ma; Zilu,0,0,36,36
1655919320505,MATH 18,B04,083751,Ma; Zilu,0,0,36,36
1655919320505,MATH 18,B05,093473,Staff,0,0,36,36
1655919320505,MATH 18,B06,093474,Staff,0,0,36,36
1655919326535,MATH 20A,A01,083754,Zheng; Zequn,10,0,40,30
1655919332559,MATH 20B,A01,083756,Briones; Jor-el Thomas Caparas,0,1,36,36
1655919332559,MATH 20B,A02,083757,Briones; Jor-el Thomas Caparas,1,0,36,35
1655919332559,MATH 20B,A03,093475,Staff,1,0,36,35
1655919338588,MATH 20C,A01,083760,Briones; Jor-el Thomas Caparas,0,2,35,35
1655919338588,MATH 20C,A02,083761,Briones; Jor-el Thomas Caparas,6,1,35,29
1655919338588,MATH 20C,A03,093476,Staff,1,1,35,34
1655919338588,MATH 20C,B01,083762,Bach; Quang Tran,3,0,30,27
1655919344613,MATH 20D,A01,083765,Tran; Brian Kha,0,0,30,30
1655919344613,MATH 20D,A02,083766,Tran; Brian Kha,0,1,30,30
1655919344613,MATH 20D,A03,083767,Tran; Brian Kha,0,0,30,30
1655919350651,MATH 20E,A01,083771,Ganguly; Soumya,0,0,32,32
1655919350651,MATH 20E,A02,083772,Ganguly; Soumya,1,1,32,31
1655919350651,MATH 20E,B01,083773,Ciotti; Benjamin,14,0,35,21
1655919350651,MATH 20E,B02,083774,Ciotti; Benjamin,12,0,35,23
1655919356676,MATH 103A,A01,083777,Greenfeld; Be'Eri,2,1,36,34
1655919356676,MATH 103A,A02,083778,Greenfeld; Be'Eri,1,0,36,35
1655919356676,MATH 103A,A03,093561,Staff,0,1,36,36
1655919356676,MATH 103A,B01,083779,Greenfeld; Be'Eri,7,1,36,29
1655919356676,MATH 103A,B02,083780,Greenfeld; Be'Eri,1,0,36,35
1655919356676,MATH 103A,B03,093562,Staff,0,0,36,36
1655919362701,MATH 105,A01,085443,Carter; Anne Toulson,3,1,35,32
1655919362701,MATH 105,A02,093477,Staff,7,0,35,28
1655919368726,MATH 109,A01,083213,Ganzberger; Geoffrey Michael,0,1,34,34
1655919368726,MATH 109,A02,083214,Ganzberger; Geoffrey Michael,0,0,34,34
1655919368726,MATH 109,A03,093478,Staff,1,0,34,33
1655919368726,MATH 109,B01,083215,Ganzberger; Geoffrey Michael,2,0,32,30
1655919368726,MATH 109,B02,083216,Ganzberger; Geoffrey Michael,0,0,32,32
1655919368726,MATH 109,B03,093479,Staff,4,0,32,28
1655919374751,MATH 142A,A01,083219,Chow; Bennett,0,0,32,32
1655919374751,MATH 142A,A02,083220,Chow; Bennett,8,0,32,24
1655919374751,MATH 142A,A03,093480,Staff,4,0,32,28
1655919374751,MATH 142A,B03,093481,Staff,3,0,32,29
1655919374751,MATH 142A,B04,093558,Staff,6,0,32,26
1655919374751,MATH 142A,B05,093559,Staff,1,0,32,31
1655919380784,MATH 193A,A01,083224,Rotar; Vladimir,1,1,34,33
1655919380784,MATH 193A,A02,083225,Rotar; Vladimir,0,0,34,34
1655919380784,MATH 193A,A03,083781,Rotar; Vladimir,2,0,34,32
1655919380784,MATH 193A,A04,083782,Rotar; Vladimir,2,0,34,32
1655919380784,MATH 193A,A05,093482,Rotar; Vladimir,2,0,34,32
1655919386825,MATH 197,001,091859,McAuley; Julian John,9999,0,9999,0
1655919386825,MATH 197,002,095566,Kedlaya; Kiran S.,9997,0,9999,2
1655919386825,MATH 197,003,095567,Xiao; Ming,9999,0,9999,0
1655919386825,MATH 197,004,095571,Perols; Johan Lars,9998,0,9999,1
1655919393880,COGS 9,A01,083615,Shannon; Kyle Michael,1,1,75,74
1655919399913,COGS 11,A01,083617,Boyle; Mary E. T.,10,1,48,38
1655919405942,COGS 13,A01,083071,Bastos; Amalia Pinkusfeld,3,1,71,68
1655919411969,COGS 14A,A01,092681,Staff,2,26,100,98
1655919417993,COGS 14B,A01,083073,Cheng; Tzu-Han,7,0,63,56
1655919424028,COGS 17,A01,092677,Staff,8,6,81,73
1655919430066,COGS 100,A01,083619,Allen; Michael Gordon,2,2,70,68
1655919436103,COGS 101A,A01,083621,Davis; Joshua Daniel,4,3,68,64
1655919442125,COGS 101B,A01,091572,Allen; Michael Gordon,1,0,65,64
1655919448153,COGS 101C,A01,083625,Delgado; Tania,8,0,35,27
1655919454181,COGS 107A,A01,083627,Boyle; Mary E. T.,1,1,60,59
1655919460202,COGS 118A,A01,083075,Gupta; Anjum,19,16,76,57
1655919466231,CSE 3,A50,083646,Miranda; Gregory Joseph,13,0,50,37
1655919472258,CSE 8A,A50,083650,Miranda; Gregory Joseph,3,11,56,53
1655919478301,CSE 11,A01,083080,Cao; Yingjun,0,68,40,40
1655919484342,CSE 12,A01,083652,Krause-Levy; Sophia Louisa,6,8,120,114
1655919490366,CSE 15L,A01,083654,Morris; Justin Loren,3,1,50,47
1655919490366,CSE 15L,A02,083655,Morris; Justin Loren,1,1,50,49
1655919496392,CSE 20,A01,083657,Tran; Khoa Dang,29,0,80,51
1655919502415,CSE 21,A01,095574,Bach; Quang Tran,23,0,48,25
1655919508439,CSE 30,A01,083084,Eldon; John,2,10,80,78
1655919508439,CSE 30,B01,095061,Bhaskar; Nishant,0,4,50,50
1655919514466,CSE 100,A01,083659,Cao; Yingjun,2,25,70,68
1655919520492,CSE 134B,A01,083661,Powell; Thomas Allan,4,6,100,96
1655919526514,CSE 140,A01,083663,Gungor; Onat,4,0,85,81
1655919532537,CSE 140L,A01,083088,Eldon; John,5,0,100,95
1655919538577,CSE 175,A01,083665,Kumar; Rakesh,1,0,25,24
1655919544609,CSE 190,A00,092507,Dubnov; Shlomo,1,0,20,19
1655919550632,ECE 45,A01,083139,Congero; Spencer William,0,1,75,75
1655919556659,ECE 65,A50,083695,Saad; Andrew S,6,0,30,24
1655919556659,ECE 65,A51,095125,Staff,23,0,26,3
1655919562680,ECE 109,A01,091882,Touri; Behrouz,2,3,70,68
1655919568704,ECE 180,A00,083140,Abi Samra; Nicholas Camill,1,0,30,29
1655919568704,ECE 180,B00,083141,Abi Samra; Nicholas Camill,0,8,28,28
1655919574728,MATH 10A,A01,083735,Patchell; Gregory David,0,0,30,30
1655919574728,MATH 10A,A02,083736,Patchell; Gregory David,21,0,30,9
1655919574728,MATH 10A,A03,083737,Patchell; Gregory David,16,0,30,14
1655919580763,MATH 10B,A01,083207,Lim; Seonhee,1,1,34,33
1655919580763,MATH 10B,A02,083208,Lim; Seonhee,1,1,35,34
1655919580763,MATH 10B,A03,093472,Staff,1,0,34,33
1655919580763,MATH 10B,B01,083739,Sinha; Shubham,10,0,30,20
1655919586810,MATH 18,A01,083743,Cinel; Cameron Alexander,4,0,30,26
1655919586810,MATH 18,A02,083744,Cinel; Cameron Alexander,11,0,30,19
1655919586810,MATH 18,A03,083745,Cinel; Cameron Alexander,0,0,30,30
1655919586810,MATH 18,B01,083748,Ma; Zilu,2,0,36,34
1655919586810,MATH 18,B02,083749,Ma; Zilu,0,0,36,36
1655919586810,MATH 18,B03,083750,Ma; Zilu,0,0,36,36
1655919586810,MATH 18,B04,083751,Ma; Zilu,0,0,36,36
1655919586810,MATH 18,B05,093473,Staff,0,0,36,36
1655919586810,MATH 18,B06,093474,Staff,0,0,36,36
1655919592838,MATH 20A,A01,083754,Zheng; Zequn,10,0,40,30
1655919598866,MATH 20B,A01,083756,Briones; Jor-el Thomas Caparas,0,1,36,36
1655919598866,MATH 20B,A02,083757,Briones; Jor-el Thomas Caparas,1,0,36,35
1655919598866,MATH 20B,A03,093475,Staff,1,0,36,35
1655919604896,MATH 20C,A01,083760,Briones; Jor-el Thomas Caparas,0,2,35,35
1655919604896,MATH 20C,A02,083761,Briones; Jor-el Thomas Caparas,6,1,35,29
1655919604896,MATH 20C,A03,093476,Staff,1,1,35,34
1655919604896,MATH 20C,B01,083762,Bach; Quang Tran,3,0,30,27
1655919610920,MATH 20D,A01,083765,Tran; Brian Kha,0,0,30,30
1655919610920,MATH 20D,A02,083766,Tran; Brian Kha,0,1,30,30
1655919610920,MATH 20D,A03,083767,Tran; Brian Kha,0,0,30,30
1655919616945,MATH 20E,A01,083771,Ganguly; Soumya,0,0,32,32
1655919616945,MATH 20E,A02,083772,Ganguly; Soumya,1,1,32,31
1655919616945,MATH 20E,B01,083773,Ciotti; Benjamin,14,0,35,21
1655919616945,MATH 20E,B02,083774,Ciotti; Benjamin,12,0,35,23
1655919622968,MATH 103A,A01,083777,Greenfeld; Be'Eri,2,1,36,34
1655919622968,MATH 103A,A02,083778,Greenfeld; Be'Eri,1,0,36,35
1655919622968,MATH 103A,A03,093561,Staff,0,1,36,36
1655919622968,MATH 103A,B01,083779,Greenfeld; Be'Eri,7,1,36,29
1655919622968,MATH 103A,B02,083780,Greenfeld; Be'Eri,1,0,36,35
1655919622968,MATH 103A,B03,093562,Staff,0,0,36,36
1655919628991,MATH 105,A01,085443,Carter; Anne Toulson,3,1,35,32
1655919628991,MATH 105,A02,093477,Staff,7,0,35,28
1655919635019,MATH 109,A01,083213,Ganzberger; Geoffrey Michael,0,1,34,34
1655919635019,MATH 109,A02,083214,Ganzberger; Geoffrey Michael,0,0,34,34
1655919635019,MATH 109,A03,093478,Staff,1,0,34,33
1655919635019,MATH 109,B01,083215,Ganzberger; Geoffrey Michael,2,0,32,30
1655919635019,MATH 109,B02,083216,Ganzberger; Geoffrey Michael,0,0,32,32
1655919635019,MATH 109,B03,093479,Staff,4,0,32,28
1655919641052,MATH 142A,A01,083219,Chow; Bennett,0,0,32,32
1655919641052,MATH 142A,A02,083220,Chow; Bennett,8,0,32,24
1655919641052,MATH 142A,A03,093480,Staff,4,0,32,28
1655919641052,MATH 142A,B03,093481,Staff,3,0,32,29
1655919641052,MATH 142A,B04,093558,Staff,6,0,32,26
1655919641052,MATH 142A,B05,093559,Staff,1,0,32,31
1655919647089,MATH 193A,A01,083224,Rotar; Vladimir,1,1,34,33
1655919647089,MATH 193A,A02,083225,Rotar; Vladimir,0,0,34,34
1655919647089,MATH 193A,A03,083781,Rotar; Vladimir,2,0,34,32
1655919647089,MATH 193A,A04,083782,Rotar; Vladimir,2,0,34,32
1655919647089,MATH 193A,A05,093482,Rotar; Vladimir,1,0,34,33
1655919653185,MATH 197,001,091859,McAuley; Julian John,9999,0,9999,0
1655919653185,MATH 197,002,095566,Kedlaya; Kiran S.,9997,0,9999,2
1655919653185,MATH 197,003,095567,Xiao; Ming,9999,0,9999,0
1655919653185,MATH 197,004,095571,Perols; Johan Lars,9998,0,9999,1
1655919660237,COGS 9,A01,083615,Shannon; Kyle Michael,1,1,75,74
1655919666263,COGS 11,A01,083617,Boyle; Mary E. T.,10,1,48,38
1655919672293,COGS 13,A01,083071,Bastos; Amalia Pinkusfeld,3,1,71,68
1655919678326,COGS 14A,A01,092681,Staff,2,26,100,98
1655919684359,COGS 14B,A01,083073,Cheng; Tzu-Han,7,0,63,56
1655919690384,COGS 17,A01,092677,Staff,8,6,81,73
1655919696408,COGS 100,A01,083619,Allen; Michael Gordon,2,2,70,68
1655919702431,COGS 101A,A01,083621,Davis; Joshua Daniel,4,3,68,64
1655919708455,COGS 101B,A01,091572,Allen; Michael Gordon,1,0,65,64
1655919714481,COGS 101C,A01,083625,Delgado; Tania,8,0,35,27
1655919720504,COGS 107A,A01,083627,Boyle; Mary E. T.,1,1,60,59
1655919726530,COGS 118A,A01,083075,Gupta; Anjum,19,16,76,57
1655919732555,CSE 3,A50,083646,Miranda; Gregory Joseph,13,0,50,37
1655919738582,CSE 8A,A50,083650,Miranda; Gregory Joseph,3,11,56,53
1655919744613,CSE 11,A01,083080,Cao; Yingjun,0,68,40,40
1655919750640,CSE 12,A01,083652,Krause-Levy; Sophia Louisa,6,8,120,114
1655919756664,CSE 15L,A01,083654,Morris; Justin Loren,3,1,50,47
1655919756664,CSE 15L,A02,083655,Morris; Justin Loren,1,1,50,49
1655919762705,CSE 20,A01,083657,Tran; Khoa Dang,29,0,80,51
1655919768729,CSE 21,A01,095574,Bach; Quang Tran,23,0,48,25
1655919774753,CSE 30,A01,083084,Eldon; John,2,10,80,78
1655919774753,CSE 30,B01,095061,Bhaskar; Nishant,0,4,50,50
1655919780784,CSE 100,A01,083659,Cao; Yingjun,2,25,70,68
1655919786807,CSE 134B,A01,083661,Powell; Thomas Allan,4,6,100,96
1655919792834,CSE 140,A01,083663,Gungor; Onat,4,0,85,81
1655919798858,CSE 140L,A01,083088,Eldon; John,5,0,100,95
1655919804882,CSE 175,A01,083665,Kumar; Rakesh,1,0,25,24
1655919810905,CSE 190,A00,092507,Dubnov; Shlomo,1,0,20,19
1655919816932,ECE 45,A01,083139,Congero; Spencer William,0,1,75,75
1655919822964,ECE 65,A50,083695,Saad; Andrew S,6,0,30,24
1655919822964,ECE 65,A51,095125,Staff,23,0,26,3
1655919828989,ECE 109,A01,091882,Touri; Behrouz,2,3,70,68
1655919835016,ECE 180,A00,083140,Abi Samra; Nicholas Camill,1,0,30,29
1655919835016,ECE 180,B00,083141,Abi Samra; Nicholas Camill,0,8,28,28
1655919841052,MATH 10A,A01,083735,Patchell; Gregory David,0,0,30,30
1655919841052,MATH 10A,A02,083736,Patchell; Gregory David,21,0,30,9
1655919841052,MATH 10A,A03,083737,Patchell; Gregory David,16,0,30,14
1655919847076,MATH 10B,A01,083207,Lim; Seonhee,1,1,34,33
1655919847076,MATH 10B,A02,083208,Lim; Seonhee,1,1,35,34
1655919847076,MATH 10B,A03,093472,Staff,1,0,34,33
1655919847076,MATH 10B,B01,083739,Sinha; Shubham,10,0,30,20
1655919853112,MATH 18,A01,083743,Cinel; Cameron Alexander,4,0,30,26
1655919853112,MATH 18,A02,083744,Cinel; Cameron Alexander,11,0,30,19
1655919853112,MATH 18,A03,083745,Cinel; Cameron Alexander,0,0,30,30
1655919853112,MATH 18,B01,083748,Ma; Zilu,2,0,36,34
1655919853112,MATH 18,B02,083749,Ma; Zilu,0,0,36,36
1655919853112,MATH 18,B03,083750,Ma; Zilu,0,0,36,36
1655919853112,MATH 18,B04,083751,Ma; Zilu,0,0,36,36
1655919853112,MATH 18,B05,093473,Staff,0,0,36,36
1655919853112,MATH 18,B06,093474,Staff,0,0,36,36
1655919859136,MATH 20A,A01,083754,Zheng; Zequn,10,0,40,30
1655919865160,MATH 20B,A01,083756,Briones; Jor-el Thomas Caparas,0,1,36,36
1655919865160,MATH 20B,A02,083757,Briones; Jor-el Thomas Caparas,1,0,36,35
1655919865160,MATH 20B,A03,093475,Staff,1,0,36,35
1655919871189,MATH 20C,A01,083760,Briones; Jor-el Thomas Caparas,0,2,35,35
1655919871189,MATH 20C,A02,083761,Briones; Jor-el Thomas Caparas,6,1,35,29
1655919871189,MATH 20C,A03,093476,Staff,1,1,35,34
1655919871189,MATH 20C,B01,083762,Bach; Quang Tran,3,0,30,27
1655919877223,MATH 20D,A01,083765,Tran; Brian Kha,0,0,30,30
1655919877223,MATH 20D,A02,083766,Tran; Brian Kha,0,1,30,30
1655919877223,MATH 20D,A03,083767,Tran; Brian Kha,0,0,30,30
1655919883247,MATH 20E,A01,083771,Ganguly; Soumya,0,0,32,32
1655919883247,MATH 20E,A02,083772,Ganguly; Soumya,1,1,32,31
1655919883247,MATH 20E,B01,083773,Ciotti; Benjamin,14,0,35,21
1655919883247,MATH 20E,B02,083774,Ciotti; Benjamin,12,0,35,23
1655919889271,MATH 103A,A01,083777,Greenfeld; Be'Eri,2,1,36,34
1655919889271,MATH 103A,A02,083778,Greenfeld; Be'Eri,1,0,36,35
1655919889271,MATH 103A,A03,093561,Staff,0,1,36,36
1655919889271,MATH 103A,B01,083779,Greenfeld; Be'Eri,7,1,36,29
1655919889271,MATH 103A,B02,083780,Greenfeld; Be'Eri,1,0,36,35
1655919889271,MATH 103A,B03,093562,Staff,0,0,36,36
1655919895301,MATH 105,A01,085443,Carter; Anne Toulson,3,1,35,32
1655919895301,MATH 105,A02,093477,Staff,7,0,35,28
1655919901328,MATH 109,A01,083213,Ganzberger; Geoffrey Michael,0,1,34,34
1655919901328,MATH 109,A02,083214,Ganzberger; Geoffrey Michael,0,0,34,34
1655919901328,MATH 109,A03,093478,Staff,1,0,34,33
1655919901328,MATH 109,B01,083215,Ganzberger; Geoffrey Michael,2,0,32,30
1655919901328,MATH 109,B02,083216,Ganzberger; Geoffrey Michael,0,0,32,32
1655919901328,MATH 109,B03,093479,Staff,4,0,32,28
1655919907356,MATH 142A,A01,083219,Chow; Bennett,0,0,32,32
1655919907356,MATH 142A,A02,083220,Chow; Bennett,8,0,32,24
1655919907356,MATH 142A,A03,093480,Staff,4,0,32,28
1655919907356,MATH 142A,B03,093481,Staff,3,0,32,29
1655919907356,MATH 142A,B04,093558,Staff,6,0,32,26
1655919907356,MATH 142A,B05,093559,Staff,1,0,32,31
1655919913394,MATH 193A,A01,083224,Rotar; Vladimir,1,1,34,33
1655919913394,MATH 193A,A02,083225,Rotar; Vladimir,0,0,34,34
1655919913394,MATH 193A,A03,083781,Rotar; Vladimir,2,0,34,32
1655919913394,MATH 193A,A04,083782,Rotar; Vladimir,2,0,34,32
1655919913394,MATH 193A,A05,093482,Rotar; Vladimir,1,0,34,33
1655919919416,MATH 197,001,091859,McAuley; Julian John,9999,0,9999,0
1655919919416,MATH 197,002,095566,Kedlaya; Kiran S.,9997,0,9999,2
1655919919416,MATH 197,003,095567,Xiao; Ming,9999,0,9999,0
1655919919416,MATH 197,004,095571,Perols; Johan Lars,9998,0,9999,1
1655919926477,COGS 9,A01,083615,Shannon; Kyle Michael,1,1,75,74
1655919932508,COGS 11,A01,083617,Boyle; Mary E. T.,10,1,48,38
1655919938536,COGS 13,A01,083071,Bastos; Amalia Pinkusfeld,3,1,71,68
1655919944557,COGS 14A,A01,092681,Staff,2,26,100,98
1655919950595,COGS 14B,A01,083073,Cheng; Tzu-Han,7,0,63,56
1655919956620,COGS 17,A01,092677,Staff,8,6,81,73
1655919962654,COGS 100,A01,083619,Allen; Michael Gordon,2,2,70,68
1655919968678,COGS 101A,A01,083621,Davis; Joshua Daniel,4,3,68,64
1655919974701,COGS 101B,A01,091572,Allen; Michael Gordon,1,0,65,64
1655919980730,COGS 101C,A01,083625,Delgado; Tania,8,0,35,27
1655919986759,COGS 107A,A01,083627,Boyle; Mary E. T.,1,1,60,59
1655919992786,COGS 118A,A01,083075,Gupta; Anjum,19,16,76,57
1655919998822,CSE 3,A50,083646,Miranda; Gregory Joseph,13,0,50,37
1655920004850,CSE 8A,A50,083650,Miranda; Gregory Joseph,3,11,56,53
1655920010877,CSE 11,A01,083080,Cao; Yingjun,0,68,40,40
1655920016907,CSE 12,A01,083652,Krause-Levy; Sophia Louisa,6,8,120,114
1655920022945,CSE 15L,A01,083654,Morris; Justin Loren,3,1,50,47
1655920022945,CSE 15L,A02,083655,Morris; Justin Loren,1,1,50,49
1655920028978,CSE 20,A01,083657,Tran; Khoa Dang,29,0,80,51
1655920035006,CSE 21,A01,095574,Bach; Quang Tran,23,0,48,25
1655920041046,CSE 30,A01,083084,Eldon; John,2,10,80,78
1655920041046,CSE 30,B01,095061,Bhaskar; Nishant,0,4,50,50
1655920047072,CSE 100,A01,083659,Cao; Yingjun,2,25,70,68
1655920053095,CSE 134B,A01,083661,Powell; Thomas Allan,4,6,100,96
1655920059129,CSE 140,A01,083663,Gungor; Onat,4,0,85,81
1655920065151,CSE 140L,A01,083088,Eldon; John,5,0,100,95
1655920071186,CSE 175,A01,083665,Kumar; Rakesh,1,0,25,24
1655920077215,CSE 190,A00,092507,Dubnov; Shlomo,1,0,20,19
1655920083247,ECE 45,A01,083139,Congero; Spencer William,0,1,75,75
1655920089282,ECE 65,A50,083695,Saad; Andrew S,6,0,30,24
1655920089282,ECE 65,A51,095125,Staff,23,0,26,3
1655920095308,ECE 109,A01,091882,Touri; Behrouz,2,3,70,68
1655920101334,ECE 180,A00,083140,Abi Samra; Nicholas Camill,1,0,30,29
1655920101334,ECE 180,B00,083141,Abi Samra; Nicholas Camill,0,8,28,28
1655920107368,MATH 10A,A01,083735,Patchell; Gregory David,0,0,30,30
1655920107368,MATH 10A,A02,083736,Patchell; Gregory David,21,0,30,9
1655920107368,MATH 10A,A03,083737,Patchell; Gregory David,16,0,30,14
1655920113393,MATH 10B,A01,083207,Lim; Seonhee,1,1,34,33
1655920113393,MATH 10B,A02,083208,Lim; Seonhee,1,1,35,34
1655920113393,MATH 10B,A03,093472,Staff,1,0,34,33
1655920113393,MATH 10B,B01,083739,Sinha; Shubham,10,0,30,20
1655920119424,MATH 18,A01,083743,Cinel; Cameron Alexander,4,0,30,26
1655920119424,MATH 18,A02,083744,Cinel; Cameron Alexander,11,0,30,19
1655920119424,MATH 18,A03,083745,Cinel; Cameron Alexander,0,0,30,30
1655920119424,MATH 18,B01,083748,Ma; Zilu,2,0,36,34
1655920119424,MATH 18,B02,083749,Ma; Zilu,0,0,36,36
1655920119424,MATH 18,B03,083750,Ma; Zilu,0,0,36,36
1655920119424,MATH 18,B04,083751,Ma; Zilu,0,0,36,36
1655920119424,MATH 18,B05,093473,Staff,0,0,36,36
1655920119424,MATH 18,B06,093474,Staff,0,0,36,36
1655920125448,MATH 20A,A01,083754,Zheng; Zequn,10,0,40,30
1655920131477,MATH 20B,A01,083756,Briones; Jor-el Thomas Caparas,0,1,36,36
1655920131477,MATH 20B,A02,083757,Briones; Jor-el Thomas Caparas,1,0,36,35
1655920131477,MATH 20B,A03,093475,Staff,1,0,36,35
1655920137507,MATH 20C,A01,083760,Briones; Jor-el Thomas Caparas,0,2,35,35
1655920137507,MATH 20C,A02,083761,Briones; Jor-el Thomas Caparas,6,1,35,29
1655920137507,MATH 20C,A03,093476,Staff,1,1,35,34
1655920137507,MATH 20C,B01,083762,Bach; Quang Tran,3,0,30,27
1655920143538,MATH 20D,A01,083765,Tran; Brian Kha,0,0,30,30
1655920143538,MATH 20D,A02,083766,Tran; Brian Kha,0,1,30,30
1655920143538,MATH 20D,A03,083767,Tran; Brian Kha,0,0,30,30
1655920149562,MATH 20E,A01,083771,Ganguly; Soumya,0,0,32,32
1655920149562,MATH 20E,A02,083772,Ganguly; Soumya,1,1,32,31
1655920149562,MATH 20E,B01,083773,Ciotti; Benjamin,14,0,35,21
1655920149562,MATH 20E,B02,083774,Ciotti; Benjamin,12,0,35,23
1655920155594,MATH 103A,A01,083777,Greenfeld; Be'Eri,2,1,36,34
1655920155594,MATH 103A,A02,083778,Greenfeld; Be'Eri,1,0,36,35
1655920155594,MATH 103A,A03,093561,Staff,0,1,36,36
1655920155594,MATH 103A,B01,083779,Greenfeld; Be'Eri,7,1,36,29
1655920155594,MATH 103A,B02,083780,Greenfeld; Be'Eri,1,0,36,35
1655920155594,MATH 103A,B03,093562,Staff,0,0,36,36
1655920161626,MATH 105,A01,085443,Carter; Anne Toulson,3,1,35,32
1655920161626,MATH 105,A02,093477,Staff,6,0,35,29
1655920167654,MATH 109,A01,083213,Ganzberger; Geoffrey Michael,0,1,34,34
1655920167654,MATH 109,A02,083214,Ganzberger; Geoffrey Michael,0,0,34,34
1655920167654,MATH 109,A03,093478,Staff,1,0,34,33
1655920167654,MATH 109,B01,083215,Ganzberger; Geoffrey Michael,2,0,32,30
1655920167654,MATH 109,B02,083216,Ganzberger; Geoffrey Michael,0,0,32,32
1655920167654,MATH 109,B03,093479,Staff,4,0,32,28
1655920173683,MATH 142A,A01,083219,Chow; Bennett,0,0,32,32
1655920173683,MATH 142A,A02,083220,Chow; Bennett,8,0,32,24
1655920173683,MATH 142A,A03,093480,Staff,4,0,32,28
1655920173683,MATH 142A,B03,093481,Staff,3,0,32,29
1655920173683,MATH 142A,B04,093558,Staff,6,0,32,26
1655920173683,MATH 142A,B05,093559,Staff,1,0,32,31
1655920179708,MATH 193A,A01,083224,Rotar; Vladimir,1,1,34,33
1655920179708,MATH 193A,A02,083225,Rotar; Vladimir,0,0,34,34
1655920179708,MATH 193A,A03,083781,Rotar; Vladimir,2,0,34,32
1655920179708,MATH 193A,A04,083782,Rotar; Vladimir,2,0,34,32
1655920179708,MATH 193A,A05,093482,Rotar; Vladimir,1,0,34,33
1655920185732,MATH 197,001,091859,McAuley; Julian John,9999,0,9999,0
1655920185732,MATH 197,002,095566,Kedlaya; Kiran S.,9997,0,9999,2
1655920185732,MATH 197,003,095567,Xiao; Ming,9999,0,9999,0
1655920185732,MATH 197,004,095571,Perols; Johan Lars,9998,0,9999,1
1655920192790,COGS 9,A01,083615,Shannon; Kyle Michael,1,1,75,74
1655920198814,COGS 11,A01,083617,Boyle; Mary E. T.,10,1,48,38
1655920204840,COGS 13,A01,083071,Bastos; Amalia Pinkusfeld,3,1,71,68
1655920210871,COGS 14A,A01,092681,Staff,2,26,100,98
1655920216899,COGS 14B,A01,083073,Cheng; Tzu-Han,7,0,63,56
1655920222922,COGS 17,A01,092677,Staff,8,6,81,73
1655920228948,COGS 100,A01,083619,Allen; Michael Gordon,2,2,70,68
1655920234971,COGS 101A,A01,083621,Davis; Joshua Daniel,4,3,68,64
1655920240995,COGS 101B,A01,091572,Allen; Michael Gordon,1,0,65,64
1655920247112,COGS 101C,A01,083625,Delgado; Tania,8,0,35,27
1655920253139,COGS 107A,A01,083627,Boyle; Mary E. T.,1,1,60,59
1655920259169,COGS 118A,A01,083075,Gupta; Anjum,19,16,76,57
1655920265204,CSE 3,A50,083646,Miranda; Gregory Joseph,13,0,50,37
1655920271228,CSE 8A,A50,083650,Miranda; Gregory Joseph,3,11,56,53
1655920277252,CSE 11,A01,083080,Cao; Yingjun,0,68,40,40
1655920283278,CSE 12,A01,083652,Krause-Levy; Sophia Louisa,6,8,120,114
1655920289313,CSE 15L,A01,083654,Morris; Justin Loren,3,1,50,47
1655920289313,CSE 15L,A02,083655,Morris; Justin Loren,1,1,50,49
1655920295336,CSE 20,A01,083657,Tran; Khoa Dang,29,0,80,51
1655920301363,CSE 21,A01,095574,Bach; Quang Tran,23,0,48,25
1655920307387,CSE 30,A01,083084,Eldon; John,2,10,80,78
1655920307387,CSE 30,B01,095061,Bhaskar; Nishant,0,4,50,50
1655920313415,CSE 100,A01,083659,Cao; Yingjun,2,25,70,68
1655920319441,CSE 134B,A01,083661,Powell; Thomas Allan,4,6,100,96
1655920325468,CSE 140,A01,083663,Gungor; Onat,4,0,85,81
1655920331504,CSE 140L,A01,083088,Eldon; John,5,0,100,95
1655920337527,CSE 175,A01,083665,Kumar; Rakesh,1,0,25,24
1655920343553,CSE 190,A00,092507,Dubnov; Shlomo,1,0,20,19
1655920349580,ECE 45,A01,083139,Congero; Spencer William,0,1,75,75
1655920355611,ECE 65,A50,083695,Saad; Andrew S,6,0,30,24
1655920355611,ECE 65,A51,095125,Staff,23,0,26,3
1655920361634,ECE 109,A01,091882,Touri; Behrouz,2,3,70,68
1655920367664,ECE 180,A00,083140,Abi Samra; Nicholas Camill,1,0,30,29
1655920367664,ECE 180,B00,083141,Abi Samra; Nicholas Camill,0,8,28,28
1655920373689,MATH 10A,A01,083735,Patchell; Gregory David,0,0,30,30
1655920373689,MATH 10A,A02,083736,Patchell; Gregory David,21,0,30,9
1655920373689,MATH 10A,A03,083737,Patchell; Gregory David,16,0,30,14
1655920379724,MATH 10B,A01,083207,Lim; Seonhee,1,1,34,33
1655920379724,MATH 10B,A02,083208,Lim; Seonhee,1,1,35,34
1655920379724,MATH 10B,A03,093472,Staff,1,0,34,33
1655920379724,MATH 10B,B01,083739,Sinha; Shubham,10,0,30,20
1655920385755,MATH 18,A01,083743,Cinel; Cameron Alexander,4,0,30,26
1655920385755,MATH 18,A02,083744,Cinel; Cameron Alexander,11,0,30,19
1655920385755,MATH 18,A03,083745,Cinel; Cameron Alexander,0,0,30,30
1655920385755,MATH 18,B01,083748,Ma; Zilu,2,0,36,34
1655920385755,MATH 18,B02,083749,Ma; Zilu,0,0,36,36
1655920385755,MATH 18,B03,083750,Ma; Zilu,0,0,36,36
1655920385755,MATH 18,B04,083751,Ma; Zilu,0,0,36,36
1655920385755,MATH 18,B05,093473,Staff,0,0,36,36
1655920385755,MATH 18,B06,093474,Staff,0,0,36,36
1655920391796,MATH 20A,A01,083754,Zheng; Zequn,10,0,40,30
1655920397822,MATH 20B,A01,083756,Briones; Jor-el Thomas Caparas,0,1,36,36
1655920397822,MATH 20B,A02,083757,Briones; Jor-el Thomas Caparas,1,0,36,35
1655920397822,MATH 20B,A03,093475,Staff,1,0,36,35
1655920403851,MATH 20C,A01,083760,Briones; Jor-el Thomas Caparas,0,2,35,35
1655920403851,MATH 20C,A02,083761,Briones; Jor-el Thomas Caparas,6,1,35,29
1655920403851,MATH 20C,A03,093476,Staff,1,1,35,34
1655920403851,MATH 20C,B01,083762,Bach; Quang Tran,3,0,30,27
1655920409874,MATH 20D,A01,083765,Tran; Brian Kha,0,0,30,30
1655920409874,MATH 20D,A02,083766,Tran; Brian Kha,0,1,30,30
1655920409874,MATH 20D,A03,083767,Tran; Brian Kha,0,0,30,30
1655920415909,MATH 20E,A01,083771,Ganguly; Soumya,0,0,32,32
1655920415909,MATH 20E,A02,083772,Ganguly; Soumya,1,1,32,31
1655920415909,MATH 20E,B01,083773,Ciotti; Benjamin,14,0,35,21
1655920415909,MATH 20E,B02,083774,Ciotti; Benjamin,12,0,35,23
1655920421940,MATH 103A,A01,083777,Greenfeld; Be'Eri,2,1,36,34
1655920421940,MATH 103A,A02,083778,Greenfeld; Be'Eri,1,0,36,35
1655920421940,MATH 103A,A03,093561,Staff,0,1,36,36
1655920421940,MATH 103A,B01,083779,Greenfeld; Be'Eri,7,1,36,29
1655920421940,MATH 103A,B02,083780,Greenfeld; Be'Eri,1,0,36,35
1655920421940,MATH 103A,B03,093562,Staff,0,0,36,36
1655920427974,MATH 105,A01,085443,Carter; Anne Toulson,3,1,35,32
1655920427974,MATH 105,A02,093477,Staff,6,0,35,29
1655920434003,MATH 109,A01,083213,Ganzberger; Geoffrey Michael,0,1,34,34
1655920434003,MATH 109,A02,083214,Ganzberger; Geoffrey Michael,0,0,34,34
1655920434003,MATH 109,A03,093478,Staff,1,0,34,33
1655920434003,MATH 109,B01,083215,Ganzberger; Geoffrey Michael,2,0,32,30
1655920434003,MATH 109,B02,083216,Ganzberger; Geoffrey Michael,0,0,32,32
1655920434003,MATH 109,B03,093479,Staff,4,0,32,28
1655920440030,MATH 142A,A01,083219,Chow; Bennett,0,0,32,32
1655920440030,MATH 142A,A02,083220,Chow; Bennett,8,0,32,24
1655920440030,MATH 142A,A03,093480,Staff,4,0,32,28
1655920440030,MATH 142A,B03,093481,Staff,3,0,32,29
1655920440030,MATH 142A,B04,093558,Staff,6,0,32,26
1655920440030,MATH 142A,B05,093559,Staff,1,0,32,31
1655920446063,MATH 193A,A01,083224,Rotar; Vladimir,1,1,34,33
1655920446063,MATH 193A,A02,083225,Rotar; Vladimir,0,0,34,34
1655920446063,MATH 193A,A03,083781,Rotar; Vladimir,2,0,34,32
1655920446063,MATH 193A,A04,083782,Rotar; Vladimir,2,0,34,32
1655920446063,MATH 193A,A05,093482,Rotar; Vladimir,1,0,34,33
1655920452103,MATH 197,001,091859,McAuley; Julian John,9999,0,9999,0
1655920452103,MATH 197,002,095566,Kedlaya; Kiran S.,9997,0,9999,2
1655920452103,MATH 197,003,095567,Xiao; Ming,9999,0,9999,0
1655920452103,MATH 197,004,095571,Perols; Johan Lars,9998,0,9999,1
1655920459175,COGS 9,A01,083615,Shannon; Kyle Michael,1,1,75,74
1655920465224,COGS 11,A01,083617,Boyle; Mary E. T.,10,1,48,38
1655920471261,COGS 13,A01,083071,Bastos; Amalia Pinkusfeld,3,1,71,68
1655920477298,COGS 14A,A01,092681,Staff,2,26,100,98
1655920483321,COGS 14B,A01,083073,Cheng; Tzu-Han,7,0,63,56
1655920489343,COGS 17,A01,092677,Staff,8,6,81,73
1655920495367,COGS 100,A01,083619,Allen; Michael Gordon,2,2,70,68
1655920501393,COGS 101A,A01,083621,Davis; Joshua Daniel,4,3,68,64
1655920507421,COGS 101B,A01,091572,Allen; Michael Gordon,1,0,65,64
1655920513447,COGS 101C,A01,083625,Delgado; Tania,8,0,35,27
1655920519482,COGS 107A,A01,083627,Boyle; Mary E. T.,1,1,60,59
1655920525505,COGS 118A,A01,083075,Gupta; Anjum,19,16,76,57
1655920531529,CSE 3,A50,083646,Miranda; Gregory Joseph,13,0,50,37
1655920537550,CSE 8A,A50,083650,Miranda; Gregory Joseph,3,11,56,53
1655920543574,CSE 11,A01,083080,Cao; Yingjun,0,68,40,40
1655920549605,CSE 12,A01,083652,Krause-Levy; Sophia Louisa,6,8,120,114
1655920555632,CSE 15L,A01,083654,Morris; Justin Loren,3,1,50,47
1655920555632,CSE 15L,A02,083655,Morris; Justin Loren,1,1,50,49
1655920561658,CSE 20,A01,083657,Tran; Khoa Dang,29,0,80,51
1655920567681,CSE 21,A01,095574,Bach; Quang Tran,23,0,48,25
1655920573705,CSE 30,A01,083084,Eldon; John,2,10,80,78
1655920573705,CSE 30,B01,095061,Bhaskar; Nishant,0,4,50,50
1655920579728,CSE 100,A01,083659,Cao; Yingjun,2,25,70,68
1655920585750,CSE 134B,A01,083661,Powell; Thomas Allan,4,6,100,96
1655920591774,CSE 140,A01,083663,Gungor; Onat,4,0,85,81
1655920597803,CSE 140L,A01,083088,Eldon; John,5,0,100,95
1655920603843,CSE 175,A01,083665,Kumar; Rakesh,1,0,25,24
1655920609866,CSE 190,A00,092507,Dubnov; Shlomo,1,0,20,19
1655920615897,ECE 45,A01,083139,Congero; Spencer William,0,1,75,75
1655920621921,ECE 65,A50,083695,Saad; Andrew S,6,0,30,24
1655920621921,ECE 65,A51,095125,Staff,23,0,26,3
1655920627955,ECE 109,A01,091882,Touri; Behrouz,2,3,70,68
1655920633984,ECE 180,A00,083140,Abi Samra; Nicholas Camill,1,0,30,29
1655920633984,ECE 180,B00,083141,Abi Samra; Nicholas Camill,0,8,28,28
1655920640012,MATH 10A,A01,083735,Patchell; Gregory David,0,0,30,30
1655920640012,MATH 10A,A02,083736,Patchell; Gregory David,21,0,30,9
1655920640012,MATH 10A,A03,083737,Patchell; Gregory David,16,0,30,14
1655920646044,MATH 10B,A01,083207,Lim; Seonhee,1,1,34,33
1655920646044,MATH 10B,A02,083208,Lim; Seonhee,1,1,35,34
1655920646044,MATH 10B,A03,093472,Staff,1,0,34,33
1655920646044,MATH 10B,B01,083739,Sinha; Shubham,10,0,30,20
1655920652083,MATH 18,A01,083743,Cinel; Cameron Alexander,4,0,30,26
1655920652083,MATH 18,A02,083744,Cinel; Cameron Alexander,11,0,30,19
1655920652083,MATH 18,A03,083745,Cinel; Cameron Alexander,0,0,30,30
1655920652083,MATH 18,B01,083748,Ma; Zilu,2,0,36,34
1655920652083,MATH 18,B02,083749,Ma; Zilu,0,0,36,36
1655920652083,MATH 18,B03,083750,Ma; Zilu,0,0,36,36
1655920652083,MATH 18,B04,083751,Ma; Zilu,0,0,36,36
1655920652083,MATH 18,B05,093473,Staff,0,0,36,36
1655920652083,MATH 18,B06,093474,Staff,0,0,36,36
1655920658117,MATH 20A,A01,083754,Zheng; Zequn,10,0,40,30
1655920664146,MATH 20B,A01,083756,Briones; Jor-el Thomas Caparas,0,1,36,36
1655920664146,MATH 20B,A02,083757,Briones; Jor-el Thomas Caparas,1,0,36,35
1655920664146,MATH 20B,A03,093475,Staff,1,0,36,35
1655920670169,MATH 20C,A01,083760,Briones; Jor-el Thomas Caparas,0,2,35,35
1655920670169,MATH 20C,A02,083761,Briones; Jor-el Thomas Caparas,6,1,35,29
1655920670169,MATH 20C,A03,093476,Staff,1,1,35,34
1655920670169,MATH 20C,B01,083762,Bach; Quang Tran,3,0,30,27
1655920676198,MATH 20D,A01,083765,Tran; Brian Kha,0,0,30,30
1655920676198,MATH 20D,A02,083766,Tran; Brian Kha,0,1,30,30
1655920676198,MATH 20D,A03,083767,Tran; Brian Kha,0,0,30,30
1655920682221,MATH 20E,A01,083771,Ganguly; Soumya,0,0,32,32
1655920682221,MATH 20E,A02,083772,Ganguly; Soumya,1,1,32,31
1655920682221,MATH 20E,B01,083773,Ciotti; Benjamin,14,0,35,21
1655920682221,MATH 20E,B02,083774,Ciotti; Benjamin,12,0,35,23
1655920688250,MATH 103A,A01,083777,Greenfeld; Be'Eri,2,1,36,34
1655920688250,MATH 103A,A02,083778,Greenfeld; Be'Eri,1,0,36,35
1655920688250,MATH 103A,A03,093561,Staff,0,1,36,36
1655920688250,MATH 103A,B01,083779,Greenfeld; Be'Eri,7,1,36,29
1655920688250,MATH 103A,B02,083780,Greenfeld; Be'Eri,1,0,36,35
1655920688250,MATH 103A,B03,093562,Staff,0,0,36,36
1655920694272,MATH 105,A01,085443,Carter; Anne Toulson,3,1,35,32
1655920694272,MATH 105,A02,093477,Staff,6,0,35,29
1655920700307,MATH 109,A01,083213,Ganzberger; Geoffrey Michael,0,1,34,34
1655920700307,MATH 109,A02,083214,Ganzberger; Geoffrey Michael,0,0,34,34
1655920700307,MATH 109,A03,093478,Staff,1,0,34,33
1655920700307,MATH 109,B01,083215,Ganzberger; Geoffrey Michael,2,0,32,30
1655920700307,MATH 109,B02,083216,Ganzberger; Geoffrey Michael,0,0,32,32
1655920700307,MATH 109,B03,093479,Staff,4,0,32,28
1655920706335,MATH 142A,A01,083219,Chow; Bennett,0,0,32,32
1655920706335,MATH 142A,A02,083220,Chow; Bennett,8,0,32,24
1655920706335,MATH 142A,A03,093480,Staff,4,0,32,28
1655920706335,MATH 142A,B03,093481,Staff,3,0,32,29
1655920706335,MATH 142A,B04,093558,Staff,6,0,32,26
1655920706335,MATH 142A,B05,093559,Staff,1,0,32,31
1655920712366,MATH 193A,A01,083224,Rotar; Vladimir,1,1,34,33
1655920712366,MATH 193A,A02,083225,Rotar; Vladimir,0,0,34,34
1655920712366,MATH 193A,A03,083781,Rotar; Vladimir,2,0,34,32
1655920712366,MATH 193A,A04,083782,Rotar; Vladimir,2,0,34,32
1655920712366,MATH 193A,A05,093482,Rotar; Vladimir,1,0,34,33
1655920718395,MATH 197,001,091859,McAuley; Julian John,9999,0,9999,0
1655920718395,MATH 197,002,095566,Kedlaya; Kiran S.,9997,0,9999,2
1655920718395,MATH 197,003,095567,Xiao; Ming,9999,0,9999,0
1655920718395,MATH 197,004,095571,Perols; Johan Lars,9998,0,9999,1
1655920725459,COGS 9,A01,083615,Shannon; Kyle Michael,1,1,75,74
1655920731487,COGS 11,A01,083617,Boyle; Mary E. T.,10,1,48,38
1655920737510,COGS 13,A01,083071,Bastos; Amalia Pinkusfeld,3,1,71,68
1655920743532,COGS 14A,A01,092681,Staff,2,26,100,98
1655920749569,COGS 14B,A01,083073,Cheng; Tzu-Han,7,0,63,56
1655920755591,COGS 17,A01,092677,Staff,8,7,81,73
1655920761615,COGS 100,A01,083619,Allen; Michael Gordon,2,2,70,68
1655920767641,COGS 101A,A01,083621,Davis; Joshua Daniel,4,3,68,64
1655920773670,COGS 101B,A01,091572,Allen; Michael Gordon,1,0,65,64
1655920779696,COGS 101C,A01,083625,Delgado; Tania,8,0,35,27
1655920785720,COGS 107A,A01,083627,Boyle; Mary E. T.,1,1,60,59
1655920791750,COGS 118A,A01,083075,Gupta; Anjum,19,16,76,57
1655920797777,CSE 3,A50,083646,Miranda; Gregory Joseph,13,0,50,37
1655920803814,CSE 8A,A50,083650,Miranda; Gregory Joseph,3,11,56,53
1655920809840,CSE 11,A01,083080,Cao; Yingjun,0,68,40,40
1655920815867,CSE 12,A01,083652,Krause-Levy; Sophia Louisa,6,8,120,114
1655920821900,CSE 15L,A01,083654,Morris; Justin Loren,3,1,50,47
1655920821900,CSE 15L,A02,083655,Morris; Justin Loren,1,1,50,49
1655920827923,CSE 20,A01,083657,Tran; Khoa Dang,29,0,80,51
1655920833955,CSE 21,A01,095574,Bach; Quang Tran,23,0,48,25
1655920839978,CSE 30,A01,083084,Eldon; John,2,10,80,78
1655920839978,CSE 30,B01,095061,Bhaskar; Nishant,0,4,50,50
1655920846103,CSE 100,A01,083659,Cao; Yingjun,2,25,70,68
1655920852127,CSE 134B,A01,083661,Powell; Thomas Allan,4,6,100,96
1655920858153,CSE 140,A01,083663,Gungor; Onat,4,0,85,81
1655920864184,CSE 140L,A01,083088,Eldon; John,5,0,100,95
1655920870208,CSE 175,A01,083665,Kumar; Rakesh,1,0,25,24
1655920876235,CSE 190,A00,092507,Dubnov; Shlomo,1,0,20,19
1655920882258,ECE 45,A01,083139,Congero; Spencer William,0,1,75,75
1655920888294,ECE 65,A50,083695,Saad; Andrew S,6,0,30,24
1655920888294,ECE 65,A51,095125,Staff,23,0,26,3
1655920894321,ECE 109,A01,091882,Touri; Behrouz,2,3,70,68
1655920900348,ECE 180,A00,083140,Abi Samra; Nicholas Camill,1,0,30,29
1655920900348,ECE 180,B00,083141,Abi Samra; Nicholas Camill,0,8,28,28
1655920906383,MATH 10A,A01,083735,Patchell; Gregory David,0,0,30,30
1655920906383,MATH 10A,A02,083736,Patchell; Gregory David,21,0,30,9
1655920906383,MATH 10A,A03,083737,Patchell; Gregory David,16,0,30,14
1655920912407,MATH 10B,A01,083207,Lim; Seonhee,1,1,34,33
1655920912407,MATH 10B,A02,083208,Lim; Seonhee,1,1,35,34
1655920912407,MATH 10B,A03,093472,Staff,1,0,34,33
1655920912407,MATH 10B,B01,083739,Sinha; Shubham,10,0,30,20
1655920918447,MATH 18,A01,083743,Cinel; Cameron Alexander,4,0,30,26
1655920918447,MATH 18,A02,083744,Cinel; Cameron Alexander,11,0,30,19
1655920918447,MATH 18,A03,083745,Cinel; Cameron Alexander,1,0,30,29
1655920918447,MATH 18,B01,083748,Ma; Zilu,2,0,36,34
1655920918447,MATH 18,B02,083749,Ma; Zilu,0,0,36,36
1655920918447,MATH 18,B03,083750,Ma; Zilu,0,0,36,36
1655920918447,MATH 18,B04,083751,Ma; Zilu,0,0,36,36
1655920918447,MATH 18,B05,093473,Staff,0,0,36,36
1655920918447,MATH 18,B06,093474,Staff,0,0,36,36
1655920924473,MATH 20A,A01,083754,Zheng; Zequn,10,0,40,30
1655920930495,MATH 20B,A01,083756,Briones; Jor-el Thomas Caparas,0,1,36,36
1655920930495,MATH 20B,A02,083757,Briones; Jor-el Thomas Caparas,1,0,36,35
1655920930495,MATH 20B,A03,093475,Staff,1,0,36,35
1655920936522,MATH 20C,A01,083760,Briones; Jor-el Thomas Caparas,0,2,35,35
1655920936522,MATH 20C,A02,083761,Briones; Jor-el Thomas Caparas,6,1,35,29
1655920936522,MATH 20C,A03,093476,Staff,1,1,35,34
1655920936522,MATH 20C,B01,083762,Bach; Quang Tran,3,0,30,27
1655920942550,MATH 20D,A01,083765,Tran; Brian Kha,0,0,30,30
1655920942550,MATH 20D,A02,083766,Tran; Brian Kha,0,1,30,30
1655920942550,MATH 20D,A03,083767,Tran; Brian Kha,0,0,30,30
1655920948593,MATH 20E,A01,083771,Ganguly; Soumya,0,0,32,32
1655920948593,MATH 20E,A02,083772,Ganguly; Soumya,1,1,32,31
1655920948593,MATH 20E,B01,083773,Ciotti; Benjamin,14,0,35,21
1655920948593,MATH 20E,B02,083774,Ciotti; Benjamin,12,0,35,23
1655920954615,MATH 103A,A01,083777,Greenfeld; Be'Eri,2,1,36,34
1655920954615,MATH 103A,A02,083778,Greenfeld; Be'Eri,1,0,36,35
1655920954615,MATH 103A,A03,093561,Staff,0,1,36,36
1655920954615,MATH 103A,B01,083779,Greenfeld; Be'Eri,7,1,36,29
1655920954615,MATH 103A,B02,083780,Greenfeld; Be'Eri,1,0,36,35
1655920954615,MATH 103A,B03,093562,Staff,0,0,36,36
1655920960648,MATH 105,A01,085443,Carter; Anne Toulson,3,1,35,32
1655920960648,MATH 105,A02,093477,Staff,6,0,35,29
1655920966673,MATH 109,A01,083213,Ganzberger; Geoffrey Michael,0,1,34,34
1655920966673,MATH 109,A02,083214,Ganzberger; Geoffrey Michael,0,0,34,34
1655920966673,MATH 109,A03,093478,Staff,1,0,34,33
1655920966673,MATH 109,B01,083215,Ganzberger; Geoffrey Michael,2,0,32,30
1655920966673,MATH 109,B02,083216,Ganzberger; Geoffrey Michael,0,0,32,32
1655920966673,MATH 109,B03,093479,Staff,4,0,32,28
1655920972698,MATH 142A,A01,083219,Chow; Bennett,0,0,32,32
1655920972698,MATH 142A,A02,083220,Chow; Bennett,8,0,32,24
1655920972698,MATH 142A,A03,093480,Staff,4,0,32,28
1655920972698,MATH 142A,B03,093481,Staff,3,0,32,29
1655920972698,MATH 142A,B04,093558,Staff,6,0,32,26
1655920972698,MATH 142A,B05,093559,Staff,1,0,32,31
1655920978730,MATH 193A,A01,083224,Rotar; Vladimir,1,1,34,33
1655920978730,MATH 193A,A02,083225,Rotar; Vladimir,0,0,34,34
1655920978730,MATH 193A,A03,083781,Rotar; Vladimir,2,0,34,32
1655920978730,MATH 193A,A04,083782,Rotar; Vladimir,2,0,34,32
1655920978730,MATH 193A,A05,093482,Rotar; Vladimir,1,0,34,33
1655920984768,MATH 197,001,091859,McAuley; Julian John,9999,0,9999,0
1655920984768,MATH 197,002,095566,Kedlaya; Kiran S.,9997,0,9999,2
1655920984768,MATH 197,003,095567,Xiao; Ming,9999,0,9999,0
1655920984768,MATH 197,004,095571,Perols; Johan Lars,9998,0,9999,1
1655920991835,COGS 9,A01,083615,Shannon; Kyle Michael,1,1,75,74
1655920997862,COGS 11,A01,083617,Boyle; Mary E. T.,10,1,48,38
1655921003888,COGS 13,A01,083071,Bastos; Amalia Pinkusfeld,3,1,71,68
1655921009910,COGS 14A,A01,092681,Staff,2,26,100,98
1655921015938,COGS 14B,A01,083073,Cheng; Tzu-Han,7,0,63,56
1655921021968,COGS 17,A01,092677,Staff,8,7,81,73
1655921027991,COGS 100,A01,083619,Allen; Michael Gordon,2,2,70,68
1655921034026,COGS 101A,A01,083621,Davis; Joshua Daniel,4,3,68,64
1655921040060,COGS 101B,A01,091572,Allen; Michael Gordon,1,0,65,64
1655921046084,COGS 101C,A01,083625,Delgado; Tania,8,0,35,27
1655921052107,COGS 107A,A01,083627,Boyle; Mary E. T.,1,1,60,59
1655921058142,COGS 118A,A01,083075,Gupta; Anjum,19,16,76,57
1655921064170,CSE 3,A50,083646,Miranda; Gregory Joseph,13,0,50,37
1655921070214,CSE 8A,A50,083650,Miranda; Gregory Joseph,3,11,56,53
1655921076240,CSE 11,A01,083080,Cao; Yingjun,0,68,40,40
1655921082264,CSE 12,A01,083652,Krause-Levy; Sophia Louisa,6,8,120,114
1655921088289,CSE 15L,A01,083654,Morris; Justin Loren,3,1,50,47
1655921088289,CSE 15L,A02,083655,Morris; Justin Loren,1,1,50,49
1655921094311,CSE 20,A01,083657,Tran; Khoa Dang,29,0,80,51
1655921100340,CSE 21,A01,095574,Bach; Quang Tran,23,0,48,25
1655921106366,CSE 30,A01,083084,Eldon; John,2,10,80,78
1655921106366,CSE 30,B01,095061,Bhaskar; Nishant,0,4,50,50
1655921112392,CSE 100,A01,083659,Cao; Yingjun,2,25,70,68
1655921118436,CSE 134B,A01,083661,Powell; Thomas Allan,4,6,100,96
1655921124459,CSE 140,A01,083663,Gungor; Onat,4,0,85,81
1655921130482,CSE 140L,A01,083088,Eldon; John,5,0,100,95
1655921136513,CSE 175,A01,083665,Kumar; Rakesh,1,0,25,24
1655921142541,CSE 190,A00,092507,Dubnov; Shlomo,1,0,20,19
1655921148565,ECE 45,A01,083139,Congero; Spencer William,0,1,75,75
1655921154586,ECE 65,A50,083695,Saad; Andrew S,6,0,30,24
1655921154586,ECE 65,A51,095125,Staff,23,0,26,3
1655921160628,ECE 109,A01,091882,Touri; Behrouz,2,3,70,68
1655921166651,ECE 180,A00,083140,Abi Samra; Nicholas Camill,1,0,30,29
1655921166651,ECE 180,B00,083141,Abi Samra; Nicholas Camill,0,8,28,28
1655921172675,MATH 10A,A01,083735,Patchell; Gregory David,0,0,30,30
1655921172675,MATH 10A,A02,083736,Patchell; Gregory David,21,0,30,9
1655921172675,MATH 10A,A03,083737,Patchell; Gregory David,16,0,30,14
1655921178704,MATH 10B,A01,083207,Lim; Seonhee,1,1,34,33
1655921178704,MATH 10B,A02,083208,Lim; Seonhee,1,1,35,34
1655921178704,MATH 10B,A03,093472,Staff,1,0,34,33
1655921178704,MATH 10B,B01,083739,Sinha; Shubham,10,0,30,20
1655921184735,MATH 18,A01,083743,Cinel; Cameron Alexander,4,0,30,26
1655921184735,MATH 18,A02,083744,Cinel; Cameron Alexander,11,0,30,19
1655921184735,MATH 18,A03,083745,Cinel; Cameron Alexander,1,0,30,29
1655921184735,MATH 18,B01,083748,Ma; Zilu,2,0,36,34
1655921184735,MATH 18,B02,083749,Ma; Zilu,0,0,36,36
1655921184735,MATH 18,B03,083750,Ma; Zilu,0,0,36,36
1655921184735,MATH 18,B04,083751,Ma; Zilu,0,0,36,36
1655921184735,MATH 18,B05,093473,Staff,0,0,36,36
1655921184735,MATH 18,B06,093474,Staff,0,0,36,36
1655921190758,MATH 20A,A01,083754,Zheng; Zequn,10,0,40,30
1655921196790,MATH 20B,A01,083756,Briones; Jor-el Thomas Caparas,0,1,36,36
1655921196790,MATH 20B,A02,083757,Briones; Jor-el Thomas Caparas,1,0,36,35
1655921196790,MATH 20B,A03,093475,Staff,1,0,36,35
1655921202818,MATH 20C,A01,083760,Briones; Jor-el Thomas Caparas,0,2,35,35
1655921202818,MATH 20C,A02,083761,Briones; Jor-el Thomas Caparas,6,1,35,29
1655921202818,MATH 20C,A03,093476,Staff,1,1,35,34
1655921202818,MATH 20C,B01,083762,Bach; Quang Tran,3,0,30,27
1655921208846,MATH 20D,A01,083765,Tran; Brian Kha,0,0,30,30
1655921208846,MATH 20D,A02,083766,Tran; Brian Kha,0,1,30,30
1655921208846,MATH 20D,A03,083767,Tran; Brian Kha,0,0,30,30
1655921214874,MATH 20E,A01,083771,Ganguly; Soumya,0,0,32,32
1655921214874,MATH 20E,A02,083772,Ganguly; Soumya,1,1,32,31
1655921214874,MATH 20E,B01,083773,Ciotti; Benjamin,14,0,35,21
1655921214874,MATH 20E,B02,083774,Ciotti; Benjamin,12,0,35,23
1655921220903,MATH 103A,A01,083777,Greenfeld; Be'Eri,2,1,36,34
1655921220903,MATH 103A,A02,083778,Greenfeld; Be'Eri,1,0,36,35
1655921220903,MATH 103A,A03,093561,Staff,0,1,36,36
1655921220903,MATH 103A,B01,083779,Greenfeld; Be'Eri,7,1,36,29
1655921220903,MATH 103A,B02,083780,Greenfeld; Be'Eri,1,0,36,35
1655921220903,MATH 103A,B03,093562,Staff,0,0,36,36
1655921226927,MATH 105,A01,085443,Carter; Anne Toulson,3,1,35,32
1655921226927,MATH 105,A02,093477,Staff,6,0,35,29
1655921232964,MATH 109,A01,083213,Ganzberger; Geoffrey Michael,0,1,34,34
1655921232964,MATH 109,A02,083214,Ganzberger; Geoffrey Michael,0,0,34,34
1655921232964,MATH 109,A03,093478,Staff,1,0,34,33
1655921232964,MATH 109,B01,083215,Ganzberger; Geoffrey Michael,2,0,32,30
1655921232964,MATH 109,B02,083216,Ganzberger; Geoffrey Michael,0,0,32,32
1655921232964,MATH 109,B03,093479,Staff,4,0,32,28
1655921238989,MATH 142A,A01,083219,Chow; Bennett,0,0,32,32
1655921238989,MATH 142A,A02,083220,Chow; Bennett,8,0,32,24
1655921238989,MATH 142A,A03,093480,Staff,4,0,32,28
1655921238989,MATH 142A,B03,093481,Staff,3,0,32,29
1655921238989,MATH 142A,B04,093558,Staff,6,0,32,26
1655921238989,MATH 142A,B05,093559,Staff,1,0,32,31
1655921245012,MATH 193A,A01,083224,Rotar; Vladimir,1,1,34,33
1655921245012,MATH 193A,A02,083225,Rotar; Vladimir,0,0,34,34
1655921245012,MATH 193A,A03,083781,Rotar; Vladimir,2,0,34,32
1655921245012,MATH 193A,A04,083782,Rotar; Vladimir,2,0,34,32
1655921245012,MATH 193A,A05,093482,Rotar; Vladimir,1,0,34,33
1655921251038,MATH 197,001,091859,McAuley; Julian John,9999,0,9999,0
1655921251038,MATH 197,002,095566,Kedlaya; Kiran S.,9997,0,9999,2
1655921251038,MATH 197,003,095567,Xiao; Ming,9999,0,9999,0
1655921251038,MATH 197,004,095571,Perols; Johan Lars,9998,0,9999,1
1655921258116,COGS 9,A01,083615,Shannon; Kyle Michael,1,1,75,74
1655921264140,COGS 11,A01,083617,Boyle; Mary E. T.,10,1,48,38
1655921270165,COGS 13,A01,083071,Bastos; Amalia Pinkusfeld,3,1,71,68
1655921276193,COGS 14A,A01,092681,Staff,2,26,100,98
1655921282220,COGS 14B,A01,083073,Cheng; Tzu-Han,7,0,63,56
1655921288242,COGS 17,A01,092677,Staff,8,7,81,73
1655921294269,COGS 100,A01,083619,Allen; Michael Gordon,2,2,70,68
1655921300310,COGS 101A,A01,083621,Davis; Joshua Daniel,4,3,68,64
1655921306334,COGS 101B,A01,091572,Allen; Michael Gordon,1,0,65,64
1655921312359,COGS 101C,A01,083625,Delgado; Tania,8,0,35,27
1655921318395,COGS 107A,A01,083627,Boyle; Mary E. T.,1,2,60,59
1655921324425,COGS 118A,A01,083075,Gupta; Anjum,19,16,76,57
1655921330449,CSE 3,A50,083646,Miranda; Gregory Joseph,13,0,50,37
1655921336472,CSE 8A,A50,083650,Miranda; Gregory Joseph,3,11,56,53
1655921342502,CSE 11,A01,083080,Cao; Yingjun,0,68,40,40
1655921348525,CSE 12,A01,083652,Krause-Levy; Sophia Louisa,6,8,120,114
1655921354550,CSE 15L,A01,083654,Morris; Justin Loren,3,1,50,47
1655921354550,CSE 15L,A02,083655,Morris; Justin Loren,1,1,50,49
1655921360576,CSE 20,A01,083657,Tran; Khoa Dang,29,0,80,51
1655921366600,CSE 21,A01,095574,Bach; Quang Tran,23,0,48,25
1655921372627,CSE 30,A01,083084,Eldon; John,2,10,80,78
1655921372627,CSE 30,B01,095061,Bhaskar; Nishant,0,4,50,50
1655921378653,CSE 100,A01,083659,Cao; Yingjun,2,25,70,68
1655921384674,CSE 134B,A01,083661,Powell; Thomas Allan,5,6,100,95
1655921390697,CSE 140,A01,083663,Gungor; Onat,4,0,85,81
1655921396728,CSE 140L,A01,083088,Eldon; John,5,0,100,95
1655921402759,CSE 175,A01,083665,Kumar; Rakesh,1,0,25,24
1655921408786,CSE 190,A00,092507,Dubnov; Shlomo,1,0,20,19
1655921414817,ECE 45,A01,083139,Congero; Spencer William,0,1,75,75
1655921420844,ECE 65,A50,083695,Saad; Andrew S,6,0,30,24
1655921420844,ECE 65,A51,095125,Staff,23,0,26,3
1655921426873,ECE 109,A01,091882,Touri; Behrouz,2,3,70,68
1655921432898,ECE 180,A00,083140,Abi Samra; Nicholas Camill,1,0,30,29
1655921432898,ECE 180,B00,083141,Abi Samra; Nicholas Camill,0,8,28,28
1655921438922,MATH 10A,A01,083735,Patchell; Gregory David,0,0,30,30
1655921438922,MATH 10A,A02,083736,Patchell; Gregory David,21,0,30,9
1655921438922,MATH 10A,A03,083737,Patchell; Gregory David,16,0,30,14
1655921445025,MATH 10B,A01,083207,Lim; Seonhee,1,1,34,33
1655921445025,MATH 10B,A02,083208,Lim; Seonhee,1,1,35,34
1655921445025,MATH 10B,A03,093472,Staff,1,0,34,33
1655921445025,MATH 10B,B01,083739,Sinha; Shubham,10,0,30,20
1655921451052,MATH 18,A01,083743,Cinel; Cameron Alexander,4,0,30,26
1655921451052,MATH 18,A02,083744,Cinel; Cameron Alexander,11,0,30,19
1655921451052,MATH 18,A03,083745,Cinel; Cameron Alexander,1,0,30,29
1655921451052,MATH 18,B01,083748,Ma; Zilu,2,0,36,34
1655921451052,MATH 18,B02,083749,Ma; Zilu,0,0,36,36
1655921451052,MATH 18,B03,083750,Ma; Zilu,0,0,36,36
1655921451052,MATH 18,B04,083751,Ma; Zilu,0,0,36,36
1655921451052,MATH 18,B05,093473,Staff,0,0,36,36
1655921451052,MATH 18,B06,093474,Staff,0,0,36,36
1655921457076,MATH 20A,A01,083754,Zheng; Zequn,10,0,40,30
1655921463104,MATH 20B,A01,083756,Briones; Jor-el Thomas Caparas,0,1,36,36
1655921463104,MATH 20B,A02,083757,Briones; Jor-el Thomas Caparas,1,0,36,35
1655921463104,MATH 20B,A03,093475,Staff,1,0,36,35
1655921469129,MATH 20C,A01,083760,Briones; Jor-el Thomas Caparas,0,2,35,35
1655921469129,MATH 20C,A02,083761,Briones; Jor-el Thomas Caparas,6,1,35,29
1655921469129,MATH 20C,A03,093476,Staff,1,1,35,34
1655921469129,MATH 20C,B01,083762,Bach; Quang Tran,3,0,30,27
1655921475152,MATH 20D,A01,083765,Tran; Brian Kha,0,0,30,30
1655921475152,MATH 20D,A02,083766,Tran; Brian Kha,0,1,30,30
1655921475152,MATH 20D,A03,083767,Tran; Brian Kha,0,0,30,30
1655921481183,MATH 20E,A01,083771,Ganguly; Soumya,0,0,32,32
1655921481183,MATH 20E,A02,083772,Ganguly; Soumya,1,1,32,31
1655921481183,MATH 20E,B01,083773,Ciotti; Benjamin,14,0,35,21
1655921481183,MATH 20E,B02,083774,Ciotti; Benjamin,12,0,35,23
1655921487208,MATH 103A,A01,083777,Greenfeld; Be'Eri,2,1,36,34
1655921487208,MATH 103A,A02,083778,Greenfeld; Be'Eri,1,0,36,35
1655921487208,MATH 103A,A03,093561,Staff,0,1,36,36
1655921487208,MATH 103A,B01,083779,Greenfeld; Be'Eri,7,1,36,29
1655921487208,MATH 103A,B02,083780,Greenfeld; Be'Eri,1,0,36,35
1655921487208,MATH 103A,B03,093562,Staff,0,0,36,36
1655921493247,MATH 105,A01,085443,Carter; Anne Toulson,3,1,35,32
1655921493247,MATH 105,A02,093477,Staff,6,0,35,29
1655921499280,MATH 109,A01,083213,Ganzberger; Geoffrey Michael,0,1,34,34
1655921499280,MATH 109,A02,083214,Ganzberger; Geoffrey Michael,0,0,34,34
1655921499280,MATH 109,A03,093478,Staff,1,0,34,33
1655921499280,MATH 109,B01,083215,Ganzberger; Geoffrey Michael,2,0,32,30
1655921499280,MATH 109,B02,083216,Ganzberger; Geoffrey Michael,0,0,32,32
1655921499280,MATH 109,B03,093479,Staff,4,0,32,28
1655921505309,MATH 142A,A01,083219,Chow; Bennett,0,0,32,32
1655921505309,MATH 142A,A02,083220,Chow; Bennett,8,0,32,24
1655921505309,MATH 142A,A03,093480,Staff,4,0,32,28
1655921505309,MATH 142A,B03,093481,Staff,3,0,32,29
1655921505309,MATH 142A,B04,093558,Staff,6,0,32,26
1655921505309,MATH 142A,B05,093559,Staff,1,0,32,31
1655921511333,MATH 193A,A01,083224,Rotar; Vladimir,1,1,34,33
1655921511333,MATH 193A,A02,083225,Rotar; Vladimir,0,0,34,34
1655921511333,MATH 193A,A03,083781,Rotar; Vladimir,2,0,34,32
1655921511333,MATH 193A,A04,083782,Rotar; Vladimir,2,0,34,32
1655921511333,MATH 193A,A05,093482,Rotar; Vladimir,1,0,34,33
1655921517357,MATH 197,001,091859,McAuley; Julian John,9999,0,9999,0
1655921517357,MATH 197,002,095566,Kedlaya; Kiran S.,9997,0,9999,2
1655921517357,MATH 197,003,095567,Xiao; Ming,9999,0,9999,0
1655921517357,MATH 197,004,095571,Perols; Johan Lars,9998,0,9999,1
1655921524421,COGS 9,A01,083615,Shannon; Kyle Michael,1,1,75,74
1655921530446,COGS 11,A01,083617,Boyle; Mary E. T.,10,1,48,38
1655921536470,COGS 13,A01,083071,Bastos; Amalia Pinkusfeld,3,1,71,68
1655921542494,COGS 14A,A01,092681,Staff,2,26,100,98
1655921548517,COGS 14B,A01,083073,Cheng; Tzu-Han,7,0,63,56
1655921554539,COGS 17,A01,092677,Staff,8,7,81,73
1655921560574,COGS 100,A01,083619,Allen; Michael Gordon,2,2,70,68
1655921566600,COGS 101A,A01,083621,Davis; Joshua Daniel,4,3,68,64
1655921572632,COGS 101B,A01,091572,Allen; Michael Gordon,1,0,65,64
1655921578658,COGS 101C,A01,083625,Delgado; Tania,8,0,35,27
1655921584686,COGS 107A,A01,083627,Boyle; Mary E. T.,1,2,60,59
1655921590709,COGS 118A,A01,083075,Gupta; Anjum,19,16,76,57
1655921596733,CSE 3,A50,083646,Miranda; Gregory Joseph,13,0,50,37
1655921602761,CSE 8A,A50,083650,Miranda; Gregory Joseph,3,11,56,53
1655921608788,CSE 11,A01,083080,Cao; Yingjun,0,68,40,40
1655921614815,CSE 12,A01,083652,Krause-Levy; Sophia Louisa,6,8,120,114
1655921620839,CSE 15L,A01,083654,Morris; Justin Loren,3,1,50,47
1655921620839,CSE 15L,A02,083655,Morris; Justin Loren,1,1,50,49
1655921626875,CSE 20,A01,083657,Tran; Khoa Dang,29,0,80,51
1655921632897,CSE 21,A01,095574,Bach; Quang Tran,23,0,48,25
1655921638925,CSE 30,A01,083084,Eldon; John,2,10,80,78
1655921638925,CSE 30,B01,095061,Bhaskar; Nishant,0,4,50,50
1655921644951,CSE 100,A01,083659,Cao; Yingjun,2,25,70,68
1655921650979,CSE 134B,A01,083661,Powell; Thomas Allan,5,6,100,95
1655921657009,CSE 140,A01,083663,Gungor; Onat,4,0,85,81
1655921663042,CSE 140L,A01,083088,Eldon; John,5,0,100,95
1655921669069,CSE 175,A01,083665,Kumar; Rakesh,1,0,25,24
1655921675107,CSE 190,A00,092507,Dubnov; Shlomo,1,0,20,19
1655921681131,ECE 45,A01,083139,Congero; Spencer William,0,1,75,75
1655921687164,ECE 65,A50,083695,Saad; Andrew S,6,0,30,24
1655921687164,ECE 65,A51,095125,Staff,23,0,26,3
1655921693187,ECE 109,A01,091882,Touri; Behrouz,2,3,70,68
1655921699213,ECE 180,A00,083140,Abi Samra; Nicholas Camill,1,0,30,29
1655921699213,ECE 180,B00,083141,Abi Samra; Nicholas Camill,0,8,28,28
1655921705235,MATH 10A,A01,083735,Patchell; Gregory David,0,0,30,30
1655921705235,MATH 10A,A02,083736,Patchell; Gregory David,21,0,30,9
1655921705235,MATH 10A,A03,083737,Patchell; Gregory David,16,0,30,14
1655921711269,MATH 10B,A01,083207,Lim; Seonhee,1,1,34,33
1655921711269,MATH 10B,A02,083208,Lim; Seonhee,1,1,35,34
1655921711269,MATH 10B,A03,093472,Staff,1,0,34,33
1655921711269,MATH 10B,B01,083739,Sinha; Shubham,10,0,30,20
1655921717294,MATH 18,A01,083743,Cinel; Cameron Alexander,4,0,30,26
1655921717294,MATH 18,A02,083744,Cinel; Cameron Alexander,11,0,30,19
1655921717294,MATH 18,A03,083745,Cinel; Cameron Alexander,1,0,30,29
1655921717294,MATH 18,B01,083748,Ma; Zilu,2,0,36,34
1655921717294,MATH 18,B02,083749,Ma; Zilu,0,0,36,36
1655921717294,MATH 18,B03,083750,Ma; Zilu,0,0,36,36
1655921717294,MATH 18,B04,083751,Ma; Zilu,0,0,36,36
1655921717294,MATH 18,B05,093473,Staff,0,0,36,36
1655921717294,MATH 18,B06,093474,Staff,0,0,36,36
1655921723318,MATH 20A,A01,083754,Zheng; Zequn,10,0,40,30
1655921729352,MATH 20B,A01,083756,Briones; Jor-el Thomas Caparas,0,1,36,36
1655921729352,MATH 20B,A02,083757,Briones; Jor-el Thomas Caparas,1,0,36,35
1655921729352,MATH 20B,A03,093475,Staff,1,0,36,35
1655921735383,MATH 20C,A01,083760,Briones; Jor-el Thomas Caparas,0,2,35,35
1655921735383,MATH 20C,A02,083761,Briones; Jor-el Thomas Caparas,6,1,35,29
1655921735383,MATH 20C,A03,093476,Staff,1,1,35,34
1655921735383,MATH 20C,B01,083762,Bach; Quang Tran,3,0,30,27
1655921741414,MATH 20D,A01,083765,Tran; Brian Kha,0,0,30,30
1655921741414,MATH 20D,A02,083766,Tran; Brian Kha,0,1,30,30
1655921741414,MATH 20D,A03,083767,Tran; Brian Kha,0,0,30,30
1655921747438,MATH 20E,A01,083771,Ganguly; Soumya,0,0,32,32
1655921747438,MATH 20E,A02,083772,Ganguly; Soumya,1,1,32,31
1655921747438,MATH 20E,B01,083773,Ciotti; Benjamin,14,0,35,21
1655921747438,MATH 20E,B02,083774,Ciotti; Benjamin,12,0,35,23
1655921753463,MATH 103A,A01,083777,Greenfeld; Be'Eri,2,1,36,34
1655921753463,MATH 103A,A02,083778,Greenfeld; Be'Eri,1,0,36,35
1655921753463,MATH 103A,A03,093561,Staff,0,1,36,36
1655921753463,MATH 103A,B01,083779,Greenfeld; Be'Eri,7,1,36,29
1655921753463,MATH 103A,B02,083780,Greenfeld; Be'Eri,1,0,36,35
1655921753463,MATH 103A,B03,093562,Staff,0,0,36,36
1655921759489,MATH 105,A01,085443,Carter; Anne Toulson,3,1,35,32
1655921759489,MATH 105,A02,093477,Staff,6,0,35,29
1655921765513,MATH 109,A01,083213,Ganzberger; Geoffrey Michael,0,1,34,34
1655921765513,MATH 109,A02,083214,Ganzberger; Geoffrey Michael,0,0,34,34
1655921765513,MATH 109,A03,093478,Staff,1,0,34,33
1655921765513,MATH 109,B01,083215,Ganzberger; Geoffrey Michael,2,0,32,30
1655921765513,MATH 109,B02,083216,Ganzberger; Geoffrey Michael,0,0,32,32
1655921765513,MATH 109,B03,093479,Staff,4,0,32,28
1655921771539,MATH 142A,A01,083219,Chow; Bennett,0,0,32,32
1655921771539,MATH 142A,A02,083220,Chow; Bennett,8,0,32,24
1655921771539,MATH 142A,A03,093480,Staff,4,0,32,28
1655921771539,MATH 142A,B03,093481,Staff,3,0,32,29
1655921771539,MATH 142A,B04,093558,Staff,6,0,32,26
1655921771539,MATH 142A,B05,093559,Staff,1,0,32,31
1655921777568,MATH 193A,A01,083224,Rotar; Vladimir,1,1,34,33
1655921777568,MATH 193A,A02,083225,Rotar; Vladimir,0,0,34,34
1655921777568,MATH 193A,A03,083781,Rotar; Vladimir,2,0,34,32
1655921777568,MATH 193A,A04,083782,Rotar; Vladimir,2,0,34,32
1655921777568,MATH 193A,A05,093482,Rotar; Vladimir,1,0,34,33
1655921783599,MATH 197,001,091859,McAuley; Julian John,9999,0,9999,0
1655921783599,MATH 197,002,095566,Kedlaya; Kiran S.,9997,0,9999,2
1655921783599,MATH 197,003,095567,Xiao; Ming,9999,0,9999,0
1655921783599,MATH 197,004,095571,Perols; Johan Lars,9998,0,9999,1
1655921790651,COGS 9,A01,083615,Shannon; Kyle Michael,1,1,75,74
1655921796678,COGS 11,A01,083617,Boyle; Mary E. T.,10,1,48,38
1655921802712,COGS 13,A01,083071,Bastos; Amalia Pinkusfeld,3,1,71,68
1655921808736,COGS 14A,A01,092681,Staff,2,26,100,98
1655921814759,COGS 14B,A01,083073,Cheng; Tzu-Han,7,0,63,56
1655921820781,COGS 17,A01,092677,Staff,8,7,81,73
1655921826820,COGS 100,A01,083619,Allen; Michael Gordon,2,2,70,68
1655921832843,COGS 101A,A01,083621,Davis; Joshua Daniel,4,3,68,64
1655921838874,COGS 101B,A01,091572,Allen; Michael Gordon,1,0,65,64
1655921844897,COGS 101C,A01,083625,Delgado; Tania,8,0,35,27
1655921850925,COGS 107A,A01,083627,Boyle; Mary E. T.,1,2,60,59
1655921856948,COGS 118A,A01,083075,Gupta; Anjum,19,16,76,57
1655921862983,CSE 3,A50,083646,Miranda; Gregory Joseph,13,0,50,37
1655921869005,CSE 8A,A50,083650,Miranda; Gregory Joseph,3,11,56,53
1655921875033,CSE 11,A01,083080,Cao; Yingjun,0,68,40,40
1655921881056,CSE 12,A01,083652,Krause-Levy; Sophia Louisa,6,8,120,114
1655921887079,CSE 15L,A01,083654,Morris; Justin Loren,3,1,50,47
1655921887079,CSE 15L,A02,083655,Morris; Justin Loren,1,1,50,49
1655921893102,CSE 20,A01,083657,Tran; Khoa Dang,29,0,80,51
1655921899126,CSE 21,A01,095574,Bach; Quang Tran,23,0,48,25
1655921905154,CSE 30,A01,083084,Eldon; John,2,10,80,78
1655921905154,CSE 30,B01,095061,Bhaskar; Nishant,0,4,50,50
1655921911181,CSE 100,A01,083659,Cao; Yingjun,2,25,70,68
1655921917207,CSE 134B,A01,083661,Powell; Thomas Allan,5,6,100,95
1655921923233,CSE 140,A01,083663,Gungor; Onat,4,0,85,81
1655921929259,CSE 140L,A01,083088,Eldon; John,5,0,100,95
1655921935290,CSE 175,A01,083665,Kumar; Rakesh,1,0,25,24
1655921941315,CSE 190,A00,092507,Dubnov; Shlomo,1,0,20,19
1655921947339,ECE 45,A01,083139,Congero; Spencer William,0,1,75,75
1655921953363,ECE 65,A50,083695,Saad; Andrew S,6,0,30,24
1655921953363,ECE 65,A51,095125,Staff,23,0,26,3
1655921959386,ECE 109,A01,091882,Touri; Behrouz,2,3,70,68
1655921965411,ECE 180,A00,083140,Abi Samra; Nicholas Camill,1,0,30,29
1655921965411,ECE 180,B00,083141,Abi Samra; Nicholas Camill,0,8,28,28
1655921971457,MATH 10A,A01,083735,Patchell; Gregory David,0,0,30,30
1655921971457,MATH 10A,A02,083736,Patchell; Gregory David,21,0,30,9
1655921971457,MATH 10A,A03,083737,Patchell; Gregory David,16,0,30,14
1655921977478,MATH 10B,A01,083207,Lim; Seonhee,1,1,34,33
1655921977478,MATH 10B,A02,083208,Lim; Seonhee,1,1,35,34
1655921977478,MATH 10B,A03,093472,Staff,1,0,34,33
1655921977478,MATH 10B,B01,083739,Sinha; Shubham,10,0,30,20
1655921983509,MATH 18,A01,083743,Cinel; Cameron Alexander,4,0,30,26
1655921983509,MATH 18,A02,083744,Cinel; Cameron Alexander,11,0,30,19
1655921983509,MATH 18,A03,083745,Cinel; Cameron Alexander,1,0,30,29
1655921983509,MATH 18,B01,083748,Ma; Zilu,2,0,36,34
1655921983509,MATH 18,B02,083749,Ma; Zilu,0,0,36,36
1655921983509,MATH 18,B03,083750,Ma; Zilu,0,0,36,36
1655921983509,MATH 18,B04,083751,Ma; Zilu,0,0,36,36
1655921983509,MATH 18,B05,093473,Staff,0,0,36,36
1655921983509,MATH 18,B06,093474,Staff,0,0,36,36
1655921989544,MATH 20A,A01,083754,Zheng; Zequn,10,0,40,30
1655921995567,MATH 20B,A01,083756,Briones; Jor-el Thomas Caparas,0,1,36,36
1655921995567,MATH 20B,A02,083757,Briones; Jor-el Thomas Caparas,1,0,36,35
1655921995567,MATH 20B,A03,093475,Staff,1,0,36,35
1655922001594,MATH 20C,A01,083760,Briones; Jor-el Thomas Caparas,0,2,35,35
1655922001594,MATH 20C,A02,083761,Briones; Jor-el Thomas Caparas,6,1,35,29
1655922001594,MATH 20C,A03,093476,Staff,1,1,35,34
1655922001594,MATH 20C,B01,083762,Bach; Quang Tran,3,0,30,27
1655922007616,MATH 20D,A01,083765,Tran; Brian Kha,0,0,30,30
1655922007616,MATH 20D,A02,083766,Tran; Brian Kha,0,1,30,30
1655922007616,MATH 20D,A03,083767,Tran; Brian Kha,0,0,30,30
1655922013649,MATH 20E,A01,083771,Ganguly; Soumya,0,0,32,32
1655922013649,MATH 20E,A02,083772,Ganguly; Soumya,1,1,32,31
1655922013649,MATH 20E,B01,083773,Ciotti; Benjamin,14,0,35,21
1655922013649,MATH 20E,B02,083774,Ciotti; Benjamin,12,0,35,23
1655922019681,MATH 103A,A01,083777,Greenfeld; Be'Eri,2,1,36,34
1655922019681,MATH 103A,A02,083778,Greenfeld; Be'Eri,1,0,36,35
1655922019681,MATH 103A,A03,093561,Staff,0,1,36,36
1655922019681,MATH 103A,B01,083779,Greenfeld; Be'Eri,7,1,36,29
1655922019681,MATH 103A,B02,083780,Greenfeld; Be'Eri,1,0,36,35
1655922019681,MATH 103A,B03,093562,Staff,0,0,36,36
1655922025707,MATH 105,A01,085443,Carter; Anne Toulson,3,1,35,32
1655922025707,MATH 105,A02,093477,Staff,5,0,35,30
1655922031732,MATH 109,A01,083213,Ganzberger; Geoffrey Michael,0,1,34,34
1655922031732,MATH 109,A02,083214,Ganzberger; Geoffrey Michael,0,0,34,34
1655922031732,MATH 109,A03,093478,Staff,1,0,34,33
1655922031732,MATH 109,B01,083215,Ganzberger; Geoffrey Michael,2,0,32,30
1655922031732,MATH 109,B02,083216,Ganzberger; Geoffrey Michael,0,0,32,32
1655922031732,MATH 109,B03,093479,Staff,4,0,32,28
1655922037758,MATH 142A,A01,083219,Chow; Bennett,0,0,32,32
1655922037758,MATH 142A,A02,083220,Chow; Bennett,8,0,32,24
1655922037758,MATH 142A,A03,093480,Staff,4,0,32,28
1655922037758,MATH 142A,B03,093481,Staff,3,0,32,29
1655922037758,MATH 142A,B04,093558,Staff,6,0,32,26
1655922037758,MATH 142A,B05,093559,Staff,1,0,32,31
1655922043881,MATH 193A,A01,083224,Rotar; Vladimir,1,1,34,33
1655922043881,MATH 193A,A02,083225,Rotar; Vladimir,0,0,34,34
1655922043881,MATH 193A,A03,083781,Rotar; Vladimir,2,0,34,32
1655922043881,MATH 193A,A04,083782,Rotar; Vladimir,2,0,34,32
1655922043881,MATH 193A,A05,093482,Rotar; Vladimir,1,0,34,33
1655922049911,MATH 197,001,091859,McAuley; Julian John,9999,0,9999,0
1655922049911,MATH 197,002,095566,Kedlaya; Kiran S.,9997,0,9999,2
1655922049911,MATH 197,003,095567,Xiao; Ming,9999,0,9999,0
1655922049911,MATH 197,004,095571,Perols; Johan Lars,9998,0,9999,1
1655922056970,COGS 9,A01,083615,Shannon; Kyle Michael,1,1,75,74
1655922062992,COGS 11,A01,083617,Boyle; Mary E. T.,10,1,48,38
1655922069016,COGS 13,A01,083071,Bastos; Amalia Pinkusfeld,3,1,71,68
1655922075043,COGS 14A,A01,092681,Staff,2,26,100,98
1655922081074,COGS 14B,A01,083073,Cheng; Tzu-Han,7,0,63,56
1655922087104,COGS 17,A01,092677,Staff,8,7,81,73
1655922093128,COGS 100,A01,083619,Allen; Michael Gordon,2,2,70,68
1655922099155,COGS 101A,A01,083621,Davis; Joshua Daniel,4,3,68,64
1655922105180,COGS 101B,A01,091572,Allen; Michael Gordon,1,0,65,64
1655922111204,COGS 101C,A01,083625,Delgado; Tania,8,0,35,27
1655922117227,COGS 107A,A01,083627,Boyle; Mary E. T.,1,2,60,59
1655922123256,COGS 118A,A01,083075,Gupta; Anjum,19,16,76,57
1655922129279,CSE 3,A50,083646,Miranda; Gregory Joseph,13,0,50,37
1655922135304,CSE 8A,A50,083650,Miranda; Gregory Joseph,3,11,56,53
1655922141327,CSE 11,A01,083080,Cao; Yingjun,0,68,40,40
1655922147351,CSE 12,A01,083652,Krause-Levy; Sophia Louisa,6,8,120,114
1655922153388,CSE 15L,A01,083654,Morris; Justin Loren,3,1,50,47
1655922153388,CSE 15L,A02,083655,Morris; Justin Loren,1,1,50,49
1655922159417,CSE 20,A01,083657,Tran; Khoa Dang,29,0,80,51
1655922165448,CSE 21,A01,095574,Bach; Quang Tran,23,0,48,25
1655922171482,CSE 30,A01,083084,Eldon; John,2,10,80,78
1655922171482,CSE 30,B01,095061,Bhaskar; Nishant,0,4,50,50
1655922177505,CSE 100,A01,083659,Cao; Yingjun,2,25,70,68
1655922183533,CSE 134B,A01,083661,Powell; Thomas Allan,5,6,100,95
1655922189571,CSE 140,A01,083663,Gungor; Onat,5,0,85,80
1655922195598,CSE 140L,A01,083088,Eldon; John,5,0,100,95
1655922201621,CSE 175,A01,083665,Kumar; Rakesh,1,0,25,24
1655922207662,CSE 190,A00,092507,Dubnov; Shlomo,1,0,20,19
1655922213685,ECE 45,A01,083139,Congero; Spencer William,0,1,75,75
1655922219708,ECE 65,A50,083695,Saad; Andrew S,6,0,30,24
1655922219708,ECE 65,A51,095125,Staff,23,0,26,3
1655922225729,ECE 109,A01,091882,Touri; Behrouz,2,3,70,68
1655922231759,ECE 180,A00,083140,Abi Samra; Nicholas Camill,1,0,30,29
1655922231759,ECE 180,B00,083141,Abi Samra; Nicholas Camill,0,8,28,28
1655922237788,MATH 10A,A01,083735,Patchell; Gregory David,0,0,30,30
1655922237788,MATH 10A,A02,083736,Patchell; Gregory David,21,0,30,9
1655922237788,MATH 10A,A03,083737,Patchell; Gregory David,16,0,30,14
1655922243818,MATH 10B,A01,083207,Lim; Seonhee,1,1,34,33
1655922243818,MATH 10B,A02,083208,Lim; Seonhee,1,1,35,34
1655922243818,MATH 10B,A03,093472,Staff,1,0,34,33
1655922243818,MATH 10B,B01,083739,Sinha; Shubham,10,0,30,20
1655922249850,MATH 18,A01,083743,Cinel; Cameron Alexander,4,0,30,26
1655922249850,MATH 18,A02,083744,Cinel; Cameron Alexander,11,0,30,19
1655922249850,MATH 18,A03,083745,Cinel; Cameron Alexander,1,0,30,29
1655922249850,MATH 18,B01,083748,Ma; Zilu,2,0,36,34
1655922249850,MATH 18,B02,083749,Ma; Zilu,0,0,36,36
1655922249850,MATH 18,B03,083750,Ma; Zilu,0,0,36,36
1655922249850,MATH 18,B04,083751,Ma; Zilu,0,0,36,36
1655922249850,MATH 18,B05,093473,Staff,0,0,36,36
1655922249850,MATH 18,B06,093474,Staff,0,0,36,36
1655922255874,MATH 20A,A01,083754,Zheng; Zequn,10,0,40,30
1655922261897,MATH 20B,A01,083756,Briones; Jor-el Thomas Caparas,0,1,36,36
1655922261897,MATH 20B,A02,083757,Briones; Jor-el Thomas Caparas,1,0,36,35
1655922261897,MATH 20B,A03,093475,Staff,1,0,36,35
1655922267926,MATH 20C,A01,083760,Briones; Jor-el Thomas Caparas,0,2,35,35
1655922267926,MATH 20C,A02,083761,Briones; Jor-el Thomas Caparas,6,1,35,29
1655922267926,MATH 20C,A03,093476,Staff,1,1,35,34
1655922267926,MATH 20C,B01,083762,Bach; Quang Tran,3,0,30,27
1655922273954,MATH 20D,A01,083765,Tran; Brian Kha,0,0,30,30
1655922273954,MATH 20D,A02,083766,Tran; Brian Kha,0,1,30,30
1655922273954,MATH 20D,A03,083767,Tran; Brian Kha,0,0,30,30
1655922279988,MATH 20E,A01,083771,Ganguly; Soumya,0,0,32,32
1655922279988,MATH 20E,A02,083772,Ganguly; Soumya,1,1,32,31
1655922279988,MATH 20E,B01,083773,Ciotti; Benjamin,14,0,35,21
1655922279988,MATH 20E,B02,083774,Ciotti; Benjamin,12,0,35,23
1655922286030,MATH 103A,A01,083777,Greenfeld; Be'Eri,2,1,36,34
1655922286030,MATH 103A,A02,083778,Greenfeld; Be'Eri,1,0,36,35
1655922286030,MATH 103A,A03,093561,Staff,0,1,36,36
1655922286030,MATH 103A,B01,083779,Greenfeld; Be'Eri,7,1,36,29
1655922286030,MATH 103A,B02,083780,Greenfeld; Be'Eri,1,0,36,35
1655922286030,MATH 103A,B03,093562,Staff,0,0,36,36
1655922292053,MATH 105,A01,085443,Carter; Anne Toulson,3,1,35,32
1655922292053,MATH 105,A02,093477,Staff,5,0,35,30
1655922305514,MATH 109,A01,083213,Ganzberger; Geoffrey Michael,0,1,34,34
1655922305514,MATH 109,A02,083214,Ganzberger; Geoffrey Michael,0,0,34,34
1655922305514,MATH 109,A03,093478,Staff,1,0,34,33
1655922305514,MATH 109,B01,083215,Ganzberger; Geoffrey Michael,2,0,32,30
1655922305514,MATH 109,B02,083216,Ganzberger; Geoffrey Michael,0,0,32,32
1655922305514,MATH 109,B03,093479,Staff,4,0,32,28
1655922311538,MATH 142A,A01,083219,Chow; Bennett,0,0,32,32
1655922311538,MATH 142A,A02,083220,Chow; Bennett,8,0,32,24
1655922311538,MATH 142A,A03,093480,Staff,4,0,32,28
1655922311538,MATH 142A,B03,093481,Staff,3,0,32,29
1655922311538,MATH 142A,B04,093558,Staff,6,0,32,26
1655922311538,MATH 142A,B05,093559,Staff,1,0,32,31
1655922317562,MATH 193A,A01,083224,Rotar; Vladimir,1,1,34,33
1655922317562,MATH 193A,A02,083225,Rotar; Vladimir,0,0,34,34
1655922317562,MATH 193A,A03,083781,Rotar; Vladimir,2,0,34,32
1655922317562,MATH 193A,A04,083782,Rotar; Vladimir,2,0,34,32
1655922317562,MATH 193A,A05,093482,Rotar; Vladimir,1,0,34,33
1655922323587,MATH 197,001,091859,McAuley; Julian John,9999,0,9999,0
1655922323587,MATH 197,002,095566,Kedlaya; Kiran S.,9997,0,9999,2
1655922323587,MATH 197,003,095567,Xiao; Ming,9999,0,9999,0
1655922323587,MATH 197,004,095571,Perols; Johan Lars,9998,0,9999,1
1655922330646,COGS 9,A01,083615,Shannon; Kyle Michael,1,1,75,74
1655922336681,COGS 11,A01,083617,Boyle; Mary E. T.,10,1,48,38
1655922342709,COGS 13,A01,083071,Bastos; Amalia Pinkusfeld,3,1,71,68
1655922348749,COGS 14A,A01,092681,Staff,2,26,100,98
1655922354775,COGS 14B,A01,083073,Cheng; Tzu-Han,7,0,63,56
1655922360798,COGS 17,A01,092677,Staff,8,7,81,73
1655922366834,COGS 100,A01,083619,Allen; Michael Gordon,2,2,70,68
1655922372860,COGS 101A,A01,083621,Davis; Joshua Daniel,4,3,68,64
1655922378884,COGS 101B,A01,091572,Allen; Michael Gordon,1,0,65,64
1655922384913,COGS 101C,A01,083625,Delgado; Tania,8,0,35,27
1655922390944,COGS 107A,A01,083627,Boyle; Mary E. T.,1,2,60,59
1655922396970,COGS 118A,A01,083075,Gupta; Anjum,19,16,76,57
1655922402997,CSE 3,A50,083646,Miranda; Gregory Joseph,13,0,50,37
1655922409026,CSE 8A,A50,083650,Miranda; Gregory Joseph,3,11,56,53
1655922415052,CSE 11,A01,083080,Cao; Yingjun,0,68,40,40
1655922421081,CSE 12,A01,083652,Krause-Levy; Sophia Louisa,6,8,120,114
1655922427108,CSE 15L,A01,083654,Morris; Justin Loren,3,1,50,47
1655922427108,CSE 15L,A02,083655,Morris; Justin Loren,1,1,50,49
1655922433136,CSE 20,A01,083657,Tran; Khoa Dang,29,0,80,51
1655922439167,CSE 21,A01,095574,Bach; Quang Tran,23,0,48,25
1655922445195,CSE 30,A01,083084,Eldon; John,2,10,80,78
1655922445195,CSE 30,B01,095061,Bhaskar; Nishant,0,4,50,50
1655922451219,CSE 100,A01,083659,Cao; Yingjun,2,25,70,68
1655922457246,CSE 134B,A01,083661,Powell; Thomas Allan,5,6,100,95
1655922463268,CSE 140,A01,083663,Gungor; Onat,5,0,85,80
1655922469290,CSE 140L,A01,083088,Eldon; John,5,0,100,95
1655922475312,CSE 175,A01,083665,Kumar; Rakesh,1,0,25,24
1655922481339,CSE 190,A00,092507,Dubnov; Shlomo,1,0,20,19
1655922487365,ECE 45,A01,083139,Congero; Spencer William,0,1,75,75
1655922493394,ECE 65,A50,083695,Saad; Andrew S,6,0,30,24
1655922493394,ECE 65,A51,095125,Staff,23,0,26,3
1655922499420,ECE 109,A01,091882,Touri; Behrouz,2,3,70,68
1655922505446,ECE 180,A00,083140,Abi Samra; Nicholas Camill,1,0,30,29
1655922505446,ECE 180,B00,083141,Abi Samra; Nicholas Camill,0,8,28,28
1655922511481,MATH 10A,A01,083735,Patchell; Gregory David,0,0,30,30
1655922511481,MATH 10A,A02,083736,Patchell; Gregory David,21,0,30,9
1655922511481,MATH 10A,A03,083737,Patchell; Gregory David,16,0,30,14
1655922517507,MATH 10B,A01,083207,Lim; Seonhee,1,1,34,33
1655922517507,MATH 10B,A02,083208,Lim; Seonhee,1,1,35,34
1655922517507,MATH 10B,A03,093472,Staff,1,0,34,33
1655922517507,MATH 10B,B01,083739,Sinha; Shubham,10,0,30,20
1655922523541,MATH 18,A01,083743,Cinel; Cameron Alexander,4,0,30,26
1655922523541,MATH 18,A02,083744,Cinel; Cameron Alexander,11,0,30,19
1655922523541,MATH 18,A03,083745,Cinel; Cameron Alexander,1,0,30,29
1655922523541,MATH 18,B01,083748,Ma; Zilu,2,0,36,34
1655922523541,MATH 18,B02,083749,Ma; Zilu,0,0,36,36
1655922523541,MATH 18,B03,083750,Ma; Zilu,0,0,36,36
1655922523541,MATH 18,B04,083751,Ma; Zilu,0,0,36,36
1655922523541,MATH 18,B05,093473,Staff,0,0,36,36
1655922523541,MATH 18,B06,093474,Staff,0,0,36,36
1655922529569,MATH 20A,A01,083754,Zheng; Zequn,10,0,40,30
1655922535601,MATH 20B,A01,083756,Briones; Jor-el Thomas Caparas,0,1,36,36
1655922535601,MATH 20B,A02,083757,Briones; Jor-el Thomas Caparas,1,0,36,35
1655922535601,MATH 20B,A03,093475,Staff,1,0,36,35
1655922541625,MATH 20C,A01,083760,Briones; Jor-el Thomas Caparas,0,2,35,35
1655922541625,MATH 20C,A02,083761,Briones; Jor-el Thomas Caparas,6,1,35,29
1655922541625,MATH 20C,A03,093476,Staff,1,1,35,34
1655922541625,MATH 20C,B01,083762,Bach; Quang Tran,3,0,30,27
1655922547658,MATH 20D,A01,083765,Tran; Brian Kha,0,0,30,30
1655922547658,MATH 20D,A02,083766,Tran; Brian Kha,0,1,30,30
1655922547658,MATH 20D,A03,083767,Tran; Brian Kha,0,0,30,30
1655922553684,MATH 20E,A01,083771,Ganguly; Soumya,0,0,32,32
1655922553684,MATH 20E,A02,083772,Ganguly; Soumya,1,1,32,31
1655922553684,MATH 20E,B01,083773,Ciotti; Benjamin,14,0,35,21
1655922553684,MATH 20E,B02,083774,Ciotti; Benjamin,12,0,35,23
1655922559716,MATH 103A,A01,083777,Greenfeld; Be'Eri,2,1,36,34
1655922559716,MATH 103A,A02,083778,Greenfeld; Be'Eri,1,0,36,35
1655922559716,MATH 103A,A03,093561,Staff,0,1,36,36
1655922559716,MATH 103A,B01,083779,Greenfeld; Be'Eri,7,1,36,29
1655922559716,MATH 103A,B02,083780,Greenfeld; Be'Eri,1,0,36,35
1655922559716,MATH 103A,B03,093562,Staff,0,0,36,36
1655922565742,MATH 105,A01,085443,Carter; Anne Toulson,3,1,35,32
1655922565742,MATH 105,A02,093477,Staff,5,0,35,30
1655922571777,MATH 109,A01,083213,Ganzberger; Geoffrey Michael,0,1,34,34
1655922571777,MATH 109,A02,083214,Ganzberger; Geoffrey Michael,0,0,34,34
1655922571777,MATH 109,A03,093478,Staff,1,0,34,33
1655922571777,MATH 109,B01,083215,Ganzberger; Geoffrey Michael,2,0,32,30
1655922571777,MATH 109,B02,083216,Ganzberger; Geoffrey Michael,0,0,32,32
1655922571777,MATH 109,B03,093479,Staff,4,0,32,28
1655922577801,MATH 142A,A01,083219,Chow; Bennett,0,0,32,32
1655922577801,MATH 142A,A02,083220,Chow; Bennett,8,0,32,24
1655922577801,MATH 142A,A03,093480,Staff,4,0,32,28
1655922577801,MATH 142A,B03,093481,Staff,3,0,32,29
1655922577801,MATH 142A,B04,093558,Staff,6,0,32,26
1655922577801,MATH 142A,B05,093559,Staff,1,0,32,31
1655922583824,MATH 193A,A01,083224,Rotar; Vladimir,1,1,34,33
1655922583824,MATH 193A,A02,083225,Rotar; Vladimir,0,0,34,34
1655922583824,MATH 193A,A03,083781,Rotar; Vladimir,2,0,34,32
1655922583824,MATH 193A,A04,083782,Rotar; Vladimir,2,0,34,32
1655922583824,MATH 193A,A05,093482,Rotar; Vladimir,1,0,34,33
1655922589848,MATH 197,001,091859,McAuley; Julian John,9999,0,9999,0
1655922589848,MATH 197,002,095566,Kedlaya; Kiran S.,9997,0,9999,2
1655922589848,MATH 197,003,095567,Xiao; Ming,9999,0,9999,0
1655922589848,MATH 197,004,095571,Perols; Johan Lars,9998,0,9999,1
1655922596914,COGS 9,A01,083615,Shannon; Kyle Michael,1,1,75,74
1655922602937,COGS 11,A01,083617,Boyle; Mary E. T.,10,1,48,38
1655922608961,COGS 13,A01,083071,Bastos; Amalia Pinkusfeld,3,1,71,68
1655922614987,COGS 14A,A01,092681,Staff,2,26,100,98
1655922621024,COGS 14B,A01,083073,Cheng; Tzu-Han,7,0,63,56
1655922627047,COGS 17,A01,092677,Staff,8,7,81,73
1655922633071,COGS 100,A01,083619,Allen; Michael Gordon,2,2,70,68
1655922639096,COGS 101A,A01,083621,Davis; Joshua Daniel,4,3,68,64
1655922645193,COGS 101B,A01,091572,Allen; Michael Gordon,1,0,65,64
1655922651218,COGS 101C,A01,083625,Delgado; Tania,8,0,35,27
1655922657241,COGS 107A,A01,083627,Boyle; Mary E. T.,1,2,60,59
1655922663275,COGS 118A,A01,083075,Gupta; Anjum,19,16,76,57
1655922669300,CSE 3,A50,083646,Miranda; Gregory Joseph,13,0,50,37
1655922675324,CSE 8A,A50,083650,Miranda; Gregory Joseph,3,11,56,53
1655922681366,CSE 11,A01,083080,Cao; Yingjun,0,68,40,40
1655922687390,CSE 12,A01,083652,Krause-Levy; Sophia Louisa,6,8,120,114
1655922693417,CSE 15L,A01,083654,Morris; Justin Loren,3,1,50,47
1655922693417,CSE 15L,A02,083655,Morris; Justin Loren,1,1,50,49
1655922699447,CSE 20,A01,083657,Tran; Khoa Dang,29,0,80,51
1655922705473,CSE 21,A01,095574,Bach; Quang Tran,23,0,48,25
1655922711501,CSE 30,A01,083084,Eldon; John,2,10,80,78
1655922711501,CSE 30,B01,095061,Bhaskar; Nishant,0,4,50,50
1655922717536,CSE 100,A01,083659,Cao; Yingjun,2,25,70,68
1655922723560,CSE 134B,A01,083661,Powell; Thomas Allan,5,6,100,95
1655922729586,CSE 140,A01,083663,Gungor; Onat,5,0,85,80
1655922735609,CSE 140L,A01,083088,Eldon; John,5,0,100,95
1655922741634,CSE 175,A01,083665,Kumar; Rakesh,1,0,25,24
1655922747672,CSE 190,A00,092507,Dubnov; Shlomo,1,0,20,19
1655922753705,ECE 45,A01,083139,Congero; Spencer William,0,1,75,75
1655922759729,ECE 65,A50,083695,Saad; Andrew S,6,0,30,24
1655922759729,ECE 65,A51,095125,Staff,23,0,26,3
1655922765767,ECE 109,A01,091882,Touri; Behrouz,2,3,70,68
1655922771791,ECE 180,A00,083140,Abi Samra; Nicholas Camill,1,0,30,29
1655922771791,ECE 180,B00,083141,Abi Samra; Nicholas Camill,0,8,28,28
1655922777816,MATH 10A,A01,083735,Patchell; Gregory David,0,0,30,30
1655922777816,MATH 10A,A02,083736,Patchell; Gregory David,21,0,30,9
1655922777816,MATH 10A,A03,083737,Patchell; Gregory David,16,0,30,14
1655922783845,MATH 10B,A01,083207,Lim; Seonhee,1,1,34,33
1655922783845,MATH 10B,A02,083208,Lim; Seonhee,1,1,35,34
1655922783845,MATH 10B,A03,093472,Staff,1,0,34,33
1655922783845,MATH 10B,B01,083739,Sinha; Shubham,10,0,30,20
1655922789875,MATH 18,A01,083743,Cinel; Cameron Alexander,4,0,30,26
1655922789875,MATH 18,A02,083744,Cinel; Cameron Alexander,11,0,30,19
1655922789875,MATH 18,A03,083745,Cinel; Cameron Alexander,1,0,30,29
1655922789875,MATH 18,B01,083748,Ma; Zilu,2,0,36,34
1655922789875,MATH 18,B02,083749,Ma; Zilu,0,0,36,36
1655922789875,MATH 18,B03,083750,Ma; Zilu,0,0,36,36
1655922789875,MATH 18,B04,083751,Ma; Zilu,0,0,36,36
1655922789875,MATH 18,B05,093473,Staff,0,0,36,36
1655922789875,MATH 18,B06,093474,Staff,0,0,36,36
1655922795899,MATH 20A,A01,083754,Zheng; Zequn,10,0,40,30
1655922801927,MATH 20B,A01,083756,Briones; Jor-el Thomas Caparas,0,1,36,36
1655922801927,MATH 20B,A02,083757,Briones; Jor-el Thomas Caparas,1,0,36,35
1655922801927,MATH 20B,A03,093475,Staff,1,0,36,35
1655922807960,MATH 20C,A01,083760,Briones; Jor-el Thomas Caparas,0,2,35,35
1655922807960,MATH 20C,A02,083761,Briones; Jor-el Thomas Caparas,6,1,35,29
1655922807960,MATH 20C,A03,093476,Staff,1,1,35,34
1655922807960,MATH 20C,B01,083762,Bach; Quang Tran,3,0,30,27
1655922813988,MATH 20D,A01,083765,Tran; Brian Kha,0,0,30,30
1655922813988,MATH 20D,A02,083766,Tran; Brian Kha,0,1,30,30
1655922813988,MATH 20D,A03,083767,Tran; Brian Kha,0,0,30,30
1655922820012,MATH 20E,A01,083771,Ganguly; Soumya,0,0,32,32
1655922820012,MATH 20E,A02,083772,Ganguly; Soumya,1,1,32,31
1655922820012,MATH 20E,B01,083773,Ciotti; Benjamin,14,0,35,21
1655922820012,MATH 20E,B02,083774,Ciotti; Benjamin,12,0,35,23
1655922826048,MATH 103A,A01,083777,Greenfeld; Be'Eri,2,1,36,34
1655922826048,MATH 103A,A02,083778,Greenfeld; Be'Eri,1,0,36,35
1655922826048,MATH 103A,A03,093561,Staff,0,1,36,36
1655922826048,MATH 103A,B01,083779,Greenfeld; Be'Eri,7,1,36,29
1655922826048,MATH 103A,B02,083780,Greenfeld; Be'Eri,1,0,36,35
1655922826048,MATH 103A,B03,093562,Staff,0,0,36,36
1655922832075,MATH 105,A01,085443,Carter; Anne Toulson,3,1,35,32
1655922832075,MATH 105,A02,093477,Staff,5,0,35,30
1655922838111,MATH 109,A01,083213,Ganzberger; Geoffrey Michael,0,1,34,34
1655922838111,MATH 109,A02,083214,Ganzberger; Geoffrey Michael,0,0,34,34
1655922838111,MATH 109,A03,093478,Staff,1,0,34,33
1655922838111,MATH 109,B01,083215,Ganzberger; Geoffrey Michael,2,0,32,30
1655922838111,MATH 109,B02,083216,Ganzberger; Geoffrey Michael,0,0,32,32
1655922838111,MATH 109,B03,093479,Staff,4,0,32,28
1655922844143,MATH 142A,A01,083219,Chow; Bennett,0,0,32,32
1655922844143,MATH 142A,A02,083220,Chow; Bennett,8,0,32,24
1655922844143,MATH 142A,A03,093480,Staff,4,0,32,28
1655922844143,MATH 142A,B03,093481,Staff,3,0,32,29
1655922844143,MATH 142A,B04,093558,Staff,6,0,32,26
1655922844143,MATH 142A,B05,093559,Staff,1,0,32,31
1655922850172,MATH 193A,A01,083224,Rotar; Vladimir,1,1,34,33
1655922850172,MATH 193A,A02,083225,Rotar; Vladimir,0,0,34,34
1655922850172,MATH 193A,A03,083781,Rotar; Vladimir,2,0,34,32
1655922850172,MATH 193A,A04,083782,Rotar; Vladimir,2,0,34,32
1655922850172,MATH 193A,A05,093482,Rotar; Vladimir,1,0,34,33
1655922856200,MATH 197,001,091859,McAuley; Julian John,9999,0,9999,0
1655922856200,MATH 197,002,095566,Kedlaya; Kiran S.,9997,0,9999,2
1655922856200,MATH 197,003,095567,Xiao; Ming,9999,0,9999,0
1655922856200,MATH 197,004,095571,Perols; Johan Lars,9998,0,9999,1
1655922863256,COGS 9,A01,083615,Shannon; Kyle Michael,1,1,75,74
1655922869280,COGS 11,A01,083617,Boyle; Mary E. T.,10,1,48,38
1655922875316,COGS 13,A01,083071,Bastos; Amalia Pinkusfeld,3,1,71,68
1655922881339,COGS 14A,A01,092681,Staff,2,26,100,98
1655922887367,COGS 14B,A01,083073,Cheng; Tzu-Han,7,0,63,56
1655922893389,COGS 17,A01,092677,Staff,8,7,81,73
1655922899419,COGS 100,A01,083619,Allen; Michael Gordon,2,2,70,68
1655922905443,COGS 101A,A01,083621,Davis; Joshua Daniel,4,3,68,64
1655922911482,COGS 101B,A01,091572,Allen; Michael Gordon,1,0,65,64
1655922917510,COGS 101C,A01,083625,Delgado; Tania,8,0,35,27
1655922923539,COGS 107A,A01,083627,Boyle; Mary E. T.,1,2,60,59
1655922929562,COGS 118A,A01,083075,Gupta; Anjum,19,16,76,57
1655922935598,CSE 3,A50,083646,Miranda; Gregory Joseph,13,0,50,37
1655922941622,CSE 8A,A50,083650,Miranda; Gregory Joseph,3,11,56,53
1655922947648,CSE 11,A01,083080,Cao; Yingjun,0,68,40,40
1655922953671,CSE 12,A01,083652,Krause-Levy; Sophia Louisa,6,8,120,114
1655922959697,CSE 15L,A01,083654,Morris; Justin Loren,3,1,50,47
1655922959697,CSE 15L,A02,083655,Morris; Justin Loren,1,1,50,49
1655922965724,CSE 20,A01,083657,Tran; Khoa Dang,29,0,80,51
1655922971753,CSE 21,A01,095574,Bach; Quang Tran,23,0,48,25
1655922977782,CSE 30,A01,083084,Eldon; John,2,10,80,78
1655922977782,CSE 30,B01,095061,Bhaskar; Nishant,0,4,50,50
1655922983806,CSE 100,A01,083659,Cao; Yingjun,2,25,70,68
1655922989838,CSE 134B,A01,083661,Powell; Thomas Allan,5,6,100,95
1655922995866,CSE 140,A01,083663,Gungor; Onat,5,0,85,80
1655923001893,CSE 140L,A01,083088,Eldon; John,5,0,100,95
1655923007930,CSE 175,A01,083665,Kumar; Rakesh,1,0,25,24
1655923013962,CSE 190,A00,092507,Dubnov; Shlomo,1,0,20,19
1655923019987,ECE 45,A01,083139,Congero; Spencer William,0,1,75,75
1655923026027,ECE 65,A50,083695,Saad; Andrew S,6,0,30,24
1655923026027,ECE 65,A51,095125,Staff,23,0,26,3
1655923032050,ECE 109,A01,091882,Touri; Behrouz,2,3,70,68
1655923038077,ECE 180,A00,083140,Abi Samra; Nicholas Camill,1,0,30,29
1655923038077,ECE 180,B00,083141,Abi Samra; Nicholas Camill,0,8,28,28
1655923044107,MATH 10A,A01,083735,Patchell; Gregory David,0,0,30,30
1655923044107,MATH 10A,A02,083736,Patchell; Gregory David,21,0,30,9
1655923044107,MATH 10A,A03,083737,Patchell; Gregory David,16,0,30,14
1655923050138,MATH 10B,A01,083207,Lim; Seonhee,1,1,34,33
1655923050138,MATH 10B,A02,083208,Lim; Seonhee,1,1,35,34
1655923050138,MATH 10B,A03,093472,Staff,1,0,34,33
1655923050138,MATH 10B,B01,083739,Sinha; Shubham,10,0,30,20
1655923056168,MATH 18,A01,083743,Cinel; Cameron Alexander,4,0,30,26
1655923056168,MATH 18,A02,083744,Cinel; Cameron Alexander,11,0,30,19
1655923056168,MATH 18,A03,083745,Cinel; Cameron Alexander,1,0,30,29
1655923056168,MATH 18,B01,083748,Ma; Zilu,2,0,36,34
1655923056168,MATH 18,B02,083749,Ma; Zilu,0,0,36,36
1655923056168,MATH 18,B03,083750,Ma; Zilu,0,0,36,36
1655923056168,MATH 18,B04,083751,Ma; Zilu,0,0,36,36
1655923056168,MATH 18,B05,093473,Staff,0,0,36,36
1655923056168,MATH 18,B06,093474,Staff,0,0,36,36
1655923062196,MATH 20A,A01,083754,Zheng; Zequn,10,0,40,30
1655923068237,MATH 20B,A01,083756,Briones; Jor-el Thomas Caparas,0,1,36,36
1655923068237,MATH 20B,A02,083757,Briones; Jor-el Thomas Caparas,1,0,36,35
1655923068237,MATH 20B,A03,093475,Staff,1,0,36,35
1655923074266,MATH 20C,A01,083760,Briones; Jor-el Thomas Caparas,0,2,35,35
1655923074266,MATH 20C,A02,083761,Briones; Jor-el Thomas Caparas,6,1,35,29
1655923074266,MATH 20C,A03,093476,Staff,1,1,35,34
1655923074266,MATH 20C,B01,083762,Bach; Quang Tran,3,0,30,27
1655923080299,MATH 20D,A01,083765,Tran; Brian Kha,0,0,30,30
1655923080299,MATH 20D,A02,083766,Tran; Brian Kha,0,1,30,30
1655923080299,MATH 20D,A03,083767,Tran; Brian Kha,0,0,30,30
1655923086322,MATH 20E,A01,083771,Ganguly; Soumya,0,0,32,32
1655923086322,MATH 20E,A02,083772,Ganguly; Soumya,1,1,32,31
1655923086322,MATH 20E,B01,083773,Ciotti; Benjamin,14,0,35,21
1655923086322,MATH 20E,B02,083774,Ciotti; Benjamin,12,0,35,23
1655923092347,MATH 103A,A01,083777,Greenfeld; Be'Eri,2,1,36,34
1655923092347,MATH 103A,A02,083778,Greenfeld; Be'Eri,1,0,36,35
1655923092347,MATH 103A,A03,093561,Staff,0,1,36,36
1655923092347,MATH 103A,B01,083779,Greenfeld; Be'Eri,7,1,36,29
1655923092347,MATH 103A,B02,083780,Greenfeld; Be'Eri,1,0,36,35
1655923092347,MATH 103A,B03,093562,Staff,0,0,36,36
1655923098376,MATH 105,A01,085443,Carter; Anne Toulson,3,1,35,32
1655923098376,MATH 105,A02,093477,Staff,5,0,35,30
1655923104406,MATH 109,A01,083213,Ganzberger; Geoffrey Michael,0,1,34,34
1655923104406,MATH 109,A02,083214,Ganzberger; Geoffrey Michael,0,0,34,34
1655923104406,MATH 109,A03,093478,Staff,1,0,34,33
1655923104406,MATH 109,B01,083215,Ganzberger; Geoffrey Michael,2,0,32,30
1655923104406,MATH 109,B02,083216,Ganzberger; Geoffrey Michael,0,0,32,32
1655923104406,MATH 109,B03,093479,Staff,4,0,32,28
1655923110430,MATH 142A,A01,083219,Chow; Bennett,0,0,32,32
1655923110430,MATH 142A,A02,083220,Chow; Bennett,8,0,32,24
1655923110430,MATH 142A,A03,093480,Staff,4,0,32,28
1655923110430,MATH 142A,B03,093481,Staff,3,0,32,29
1655923110430,MATH 142A,B04,093558,Staff,6,0,32,26
1655923110430,MATH 142A,B05,093559,Staff,1,0,32,31
1655923116455,MATH 193A,A01,083224,Rotar; Vladimir,1,1,34,33
1655923116455,MATH 193A,A02,083225,Rotar; Vladimir,0,0,34,34
1655923116455,MATH 193A,A03,083781,Rotar; Vladimir,2,0,34,32
1655923116455,MATH 193A,A04,083782,Rotar; Vladimir,2,0,34,32
1655923116455,MATH 193A,A05,093482,Rotar; Vladimir,1,0,34,33
1655923122480,MATH 197,001,091859,McAuley; Julian John,9999,0,9999,0
1655923122480,MATH 197,002,095566,Kedlaya; Kiran S.,9997,0,9999,2
1655923122480,MATH 197,003,095567,Xiao; Ming,9999,0,9999,0
1655923122480,MATH 197,004,095571,Perols; Johan Lars,9998,0,9999,1
1655923129533,COGS 9,A01,083615,Shannon; Kyle Michael,1,1,75,74
1655923135565,COGS 11,A01,083617,Boyle; Mary E. T.,10,1,48,38
1655923141596,COGS 13,A01,083071,Bastos; Amalia Pinkusfeld,3,1,71,68
1655923147620,COGS 14A,A01,092681,Staff,2,26,100,98
1655923153649,COGS 14B,A01,083073,Cheng; Tzu-Han,7,0,63,56
1655923159672,COGS 17,A01,092677,Staff,8,7,81,73
1655923165703,COGS 100,A01,083619,Allen; Michael Gordon,2,2,70,68
1655923171730,COGS 101A,A01,083621,Davis; Joshua Daniel,4,3,68,64
1655923177753,COGS 101B,A01,091572,Allen; Michael Gordon,1,0,65,64
1655923183778,COGS 101C,A01,083625,Delgado; Tania,8,0,35,27
1655923189803,COGS 107A,A01,083627,Boyle; Mary E. T.,1,2,60,59
1655923195828,COGS 118A,A01,083075,Gupta; Anjum,19,16,76,57
1655923201852,CSE 3,A50,083646,Miranda; Gregory Joseph,13,0,50,37
1655923207879,CSE 8A,A50,083650,Miranda; Gregory Joseph,3,11,56,53
1655923213905,CSE 11,A01,083080,Cao; Yingjun,0,68,40,40
1655923219928,CSE 12,A01,083652,Krause-Levy; Sophia Louisa,6,8,120,114
1655923225956,CSE 15L,A01,083654,Morris; Justin Loren,3,1,50,47
1655923225956,CSE 15L,A02,083655,Morris; Justin Loren,1,1,50,49
1655923231982,CSE 20,A01,083657,Tran; Khoa Dang,29,0,80,51
1655923238005,CSE 21,A01,095574,Bach; Quang Tran,23,0,48,25
1655923244109,CSE 30,A01,083084,Eldon; John,2,10,80,78
1655923244109,CSE 30,B01,095061,Bhaskar; Nishant,0,4,50,50
1655923250135,CSE 100,A01,083659,Cao; Yingjun,2,25,70,68
1655923256169,CSE 134B,A01,083661,Powell; Thomas Allan,5,6,100,95
1655923262200,CSE 140,A01,083663,Gungor; Onat,5,0,85,80
1655923268232,CSE 140L,A01,083088,Eldon; John,5,0,100,95
1655923274255,CSE 175,A01,083665,Kumar; Rakesh,1,0,25,24
1655923280278,CSE 190,A00,092507,Dubnov; Shlomo,1,0,20,19
1655923286302,ECE 45,A01,083139,Congero; Spencer William,0,1,75,75
1655923292327,ECE 65,A50,083695,Saad; Andrew S,6,0,30,24
1655923292327,ECE 65,A51,095125,Staff,23,0,26,3
1655923298359,ECE 109,A01,091882,Touri; Behrouz,2,3,70,68
1655923304397,ECE 180,A00,083140,Abi Samra; Nicholas Camill,1,0,30,29
1655923304397,ECE 180,B00,083141,Abi Samra; Nicholas Camill,0,8,28,28
1655923310430,MATH 10A,A01,083735,Patchell; Gregory David,0,0,30,30
1655923310430,MATH 10A,A02,083736,Patchell; Gregory David,21,0,30,9
1655923310430,MATH 10A,A03,083737,Patchell; Gregory David,16,0,30,14
1655923316458,MATH 10B,A01,083207,Lim; Seonhee,1,1,34,33
1655923316458,MATH 10B,A02,083208,Lim; Seonhee,1,1,35,34
1655923316458,MATH 10B,A03,093472,Staff,1,0,34,33
1655923316458,MATH 10B,B01,083739,Sinha; Shubham,10,0,30,20
1655923322490,MATH 18,A01,083743,Cinel; Cameron Alexander,4,0,30,26
1655923322490,MATH 18,A02,083744,Cinel; Cameron Alexander,11,0,30,19
1655923322490,MATH 18,A03,083745,Cinel; Cameron Alexander,1,0,30,29
1655923322490,MATH 18,B01,083748,Ma; Zilu,2,0,36,34
1655923322490,MATH 18,B02,083749,Ma; Zilu,0,0,36,36
1655923322490,MATH 18,B03,083750,Ma; Zilu,0,0,36,36
1655923322490,MATH 18,B04,083751,Ma; Zilu,0,0,36,36
1655923322490,MATH 18,B05,093473,Staff,0,0,36,36
1655923322490,MATH 18,B06,093474,Staff,0,0,36,36
1655923328517,MATH 20A,A01,083754,Zheng; Zequn,10,0,40,30
1655923334541,MATH 20B,A01,083756,Briones; Jor-el Thomas Caparas,0,1,36,36
1655923334541,MATH 20B,A02,083757,Briones; Jor-el Thomas Caparas,1,0,36,35
1655923334541,MATH 20B,A03,093475,Staff,1,0,36,35
1655923340564,MATH 20C,A01,083760,Briones; Jor-el Thomas Caparas,0,2,35,35
1655923340564,MATH 20C,A02,083761,Briones; Jor-el Thomas Caparas,6,1,35,29
1655923340564,MATH 20C,A03,093476,Staff,1,1,35,34
1655923340564,MATH 20C,B01,083762,Bach; Quang Tran,3,0,30,27
1655923346592,MATH 20D,A01,083765,Tran; Brian Kha,0,0,30,30
1655923346592,MATH 20D,A02,083766,Tran; Brian Kha,0,1,30,30
1655923346592,MATH 20D,A03,083767,Tran; Brian Kha,0,0,30,30
1655923352620,MATH 20E,A01,083771,Ganguly; Soumya,0,0,32,32
1655923352620,MATH 20E,A02,083772,Ganguly; Soumya,1,1,32,31
1655923352620,MATH 20E,B01,083773,Ciotti; Benjamin,14,0,35,21
1655923352620,MATH 20E,B02,083774,Ciotti; Benjamin,12,0,35,23
1655923358647,MATH 103A,A01,083777,Greenfeld; Be'Eri,2,1,36,34
1655923358647,MATH 103A,A02,083778,Greenfeld; Be'Eri,1,0,36,35
1655923358647,MATH 103A,A03,093561,Staff,0,1,36,36
1655923358647,MATH 103A,B01,083779,Greenfeld; Be'Eri,7,1,36,29
1655923358647,MATH 103A,B02,083780,Greenfeld; Be'Eri,1,0,36,35
1655923358647,MATH 103A,B03,093562,Staff,0,0,36,36
1655923364671,MATH 105,A01,085443,Carter; Anne Toulson,3,1,35,32
1655923364671,MATH 105,A02,093477,Staff,5,0,35,30
1655923370699,MATH 109,A01,083213,Ganzberger; Geoffrey Michael,0,1,34,34
1655923370699,MATH 109,A02,083214,Ganzberger; Geoffrey Michael,0,0,34,34
1655923370699,MATH 109,A03,093478,Staff,1,0,34,33
1655923370699,MATH 109,B01,083215,Ganzberger; Geoffrey Michael,2,0,32,30
1655923370699,MATH 109,B02,083216,Ganzberger; Geoffrey Michael,0,0,32,32
1655923370699,MATH 109,B03,093479,Staff,4,0,32,28
1655923376735,MATH 142A,A01,083219,Chow; Bennett,0,0,32,32
1655923376735,MATH 142A,A02,083220,Chow; Bennett,8,0,32,24
1655923376735,MATH 142A,A03,093480,Staff,4,0,32,28
1655923376735,MATH 142A,B03,093481,Staff,3,0,32,29
1655923376735,MATH 142A,B04,093558,Staff,6,0,32,26
1655923376735,MATH 142A,B05,093559,Staff,1,0,32,31
1655923382767,MATH 193A,A01,083224,Rotar; Vladimir,1,1,34,33
1655923382767,MATH 193A,A02,083225,Rotar; Vladimir,0,0,34,34
1655923382767,MATH 193A,A03,083781,Rotar; Vladimir,2,0,34,32
1655923382767,MATH 193A,A04,083782,Rotar; Vladimir,2,0,34,32
1655923382767,MATH 193A,A05,093482,Rotar; Vladimir,1,0,34,33
1655923388793,MATH 197,001,091859,McAuley; Julian John,9999,0,9999,0
1655923388793,MATH 197,002,095566,Kedlaya; Kiran S.,9997,0,9999,2
1655923388793,MATH 197,003,095567,Xiao; Ming,9999,0,9999,0
1655923388793,MATH 197,004,095571,Perols; Johan Lars,9998,0,9999,1
1655923395854,COGS 9,A01,083615,Shannon; Kyle Michael,1,1,75,74
1655923401877,COGS 11,A01,083617,Boyle; Mary E. T.,10,1,48,38
1655923407914,COGS 13,A01,083071,Bastos; Amalia Pinkusfeld,3,1,71,68
1655923413945,COGS 14A,A01,092681,Staff,2,26,100,98
1655923419969,COGS 14B,A01,083073,Cheng; Tzu-Han,7,0,63,56
1655923425993,COGS 17,A01,092677,Staff,8,7,81,73
1655923432015,COGS 100,A01,083619,Allen; Michael Gordon,2,2,70,68
1655923438042,COGS 101A,A01,083621,Davis; Joshua Daniel,4,3,68,64
1655923444065,COGS 101B,A01,091572,Allen; Michael Gordon,1,0,65,64
1655923450091,COGS 101C,A01,083625,Delgado; Tania,8,0,35,27
1655923456124,COGS 107A,A01,083627,Boyle; Mary E. T.,1,2,60,59
1655923462151,COGS 118A,A01,083075,Gupta; Anjum,19,16,76,57
1655923468184,CSE 3,A50,083646,Miranda; Gregory Joseph,13,0,50,37
1655923474208,CSE 8A,A50,083650,Miranda; Gregory Joseph,3,11,56,53
1655923480233,CSE 11,A01,083080,Cao; Yingjun,0,68,40,40
1655923486256,CSE 12,A01,083652,Krause-Levy; Sophia Louisa,6,8,120,114
1655923492285,CSE 15L,A01,083654,Morris; Justin Loren,3,1,50,47
1655923492285,CSE 15L,A02,083655,Morris; Justin Loren,1,1,50,49
1655923498315,CSE 20,A01,083657,Tran; Khoa Dang,29,0,80,51
1655923504336,CSE 21,A01,095574,Bach; Quang Tran,23,0,48,25
1655923510361,CSE 30,A01,083084,Eldon; John,2,10,80,78
1655923510361,CSE 30,B01,095061,Bhaskar; Nishant,0,4,50,50
1655923516383,CSE 100,A01,083659,Cao; Yingjun,2,25,70,68
1655923522407,CSE 134B,A01,083661,Powell; Thomas Allan,5,6,100,95
1655923528431,CSE 140,A01,083663,Gungor; Onat,5,0,85,80
1655923534457,CSE 140L,A01,083088,Eldon; John,5,0,100,95
1655923540479,CSE 175,A01,083665,Kumar; Rakesh,1,0,25,24
1655923546507,CSE 190,A00,092507,Dubnov; Shlomo,1,0,20,19
1655923552546,ECE 45,A01,083139,Congero; Spencer William,0,1,75,75
1655923558568,ECE 65,A50,083695,Saad; Andrew S,6,0,30,24
1655923558568,ECE 65,A51,095125,Staff,23,0,26,3
1655923564590,ECE 109,A01,091882,Touri; Behrouz,2,3,70,68
1655923570613,ECE 180,A00,083140,Abi Samra; Nicholas Camill,1,0,30,29
1655923570613,ECE 180,B00,083141,Abi Samra; Nicholas Camill,0,8,28,28
1655923576641,MATH 10A,A01,083735,Patchell; Gregory David,0,0,30,30
1655923576641,MATH 10A,A02,083736,Patchell; Gregory David,21,0,30,9
1655923576641,MATH 10A,A03,083737,Patchell; Gregory David,16,0,30,14
1655923582667,MATH 10B,A01,083207,Lim; Seonhee,1,1,34,33
1655923582667,MATH 10B,A02,083208,Lim; Seonhee,1,1,35,34
1655923582667,MATH 10B,A03,093472,Staff,1,0,34,33
1655923582667,MATH 10B,B01,083739,Sinha; Shubham,10,0,30,20
1655923588701,MATH 18,A01,083743,Cinel; Cameron Alexander,4,0,30,26
1655923588701,MATH 18,A02,083744,Cinel; Cameron Alexander,11,0,30,19
1655923588701,MATH 18,A03,083745,Cinel; Cameron Alexander,1,0,30,29
1655923588701,MATH 18,B01,083748,Ma; Zilu,2,0,36,34
1655923588701,MATH 18,B02,083749,Ma; Zilu,0,0,36,36
1655923588701,MATH 18,B03,083750,Ma; Zilu,0,0,36,36
1655923588701,MATH 18,B04,083751,Ma; Zilu,0,0,36,36
1655923588701,MATH 18,B05,093473,Staff,0,0,36,36
1655923588701,MATH 18,B06,093474,Staff,0,0,36,36
1655923594738,MATH 20A,A01,083754,Zheng; Zequn,10,0,40,30
1655923600763,MATH 20B,A01,083756,Briones; Jor-el Thomas Caparas,0,1,36,36
1655923600763,MATH 20B,A02,083757,Briones; Jor-el Thomas Caparas,1,0,36,35
1655923600763,MATH 20B,A03,093475,Staff,1,0,36,35
1655923606800,MATH 20C,A01,083760,Briones; Jor-el Thomas Caparas,0,2,35,35
1655923606800,MATH 20C,A02,083761,Briones; Jor-el Thomas Caparas,6,1,35,29
1655923606800,MATH 20C,A03,093476,Staff,1,1,35,34
1655923606800,MATH 20C,B01,083762,Bach; Quang Tran,3,0,30,27
1655923612832,MATH 20D,A01,083765,Tran; Brian Kha,0,0,30,30
1655923612832,MATH 20D,A02,083766,Tran; Brian Kha,0,1,30,30
1655923612832,MATH 20D,A03,083767,Tran; Brian Kha,0,0,30,30
1655923618863,MATH 20E,A01,083771,Ganguly; Soumya,0,0,32,32
1655923618863,MATH 20E,A02,083772,Ganguly; Soumya,1,1,32,31
1655923618863,MATH 20E,B01,083773,Ciotti; Benjamin,14,0,35,21
1655923618863,MATH 20E,B02,083774,Ciotti; Benjamin,12,0,35,23
1655923624899,MATH 103A,A01,083777,Greenfeld; Be'Eri,2,1,36,34
1655923624899,MATH 103A,A02,083778,Greenfeld; Be'Eri,1,0,36,35
1655923624899,MATH 103A,A03,093561,Staff,0,1,36,36
1655923624899,MATH 103A,B01,083779,Greenfeld; Be'Eri,7,1,36,29
1655923624899,MATH 103A,B02,083780,Greenfeld; Be'Eri,1,0,36,35
1655923624899,MATH 103A,B03,093562,Staff,0,0,36,36
1655923630927,MATH 105,A01,085443,Carter; Anne Toulson,3,1,35,32
1655923630927,MATH 105,A02,093477,Staff,5,0,35,30
1655923636955,MATH 109,A01,083213,Ganzberger; Geoffrey Michael,0,1,34,34
1655923636955,MATH 109,A02,083214,Ganzberger; Geoffrey Michael,0,0,34,34
1655923636955,MATH 109,A03,093478,Staff,1,0,34,33
1655923636955,MATH 109,B01,083215,Ganzberger; Geoffrey Michael,2,0,32,30
1655923636955,MATH 109,B02,083216,Ganzberger; Geoffrey Michael,0,0,32,32
1655923636955,MATH 109,B03,093479,Staff,4,0,32,28
1655923642980,MATH 142A,A01,083219,Chow; Bennett,0,0,32,32
1655923642980,MATH 142A,A02,083220,Chow; Bennett,8,0,32,24
1655923642980,MATH 142A,A03,093480,Staff,4,0,32,28
1655923642980,MATH 142A,B03,093481,Staff,3,0,32,29
1655923642980,MATH 142A,B04,093558,Staff,6,0,32,26
1655923642980,MATH 142A,B05,093559,Staff,1,0,32,31
1655923649006,MATH 193A,A01,083224,Rotar; Vladimir,1,1,34,33
1655923649006,MATH 193A,A02,083225,Rotar; Vladimir,0,0,34,34
1655923649006,MATH 193A,A03,083781,Rotar; Vladimir,2,0,34,32
1655923649006,MATH 193A,A04,083782,Rotar; Vladimir,2,0,34,32
1655923649006,MATH 193A,A05,093482,Rotar; Vladimir,1,0,34,33
1655923655030,MATH 197,001,091859,McAuley; Julian John,9999,0,9999,0
1655923655030,MATH 197,002,095566,Kedlaya; Kiran S.,9997,0,9999,2
1655923655030,MATH 197,003,095567,Xiao; Ming,9999,0,9999,0
1655923655030,MATH 197,004,095571,Perols; Johan Lars,9998,0,9999,1
1655923662085,COGS 9,A01,083615,Shannon; Kyle Michael,1,1,75,74
1655923668112,COGS 11,A01,083617,Boyle; Mary E. T.,10,1,48,38
1655923674138,COGS 13,A01,083071,Bastos; Amalia Pinkusfeld,3,1,71,68
1655923680163,COGS 14A,A01,092681,Staff,2,26,100,98
1655923686198,COGS 14B,A01,083073,Cheng; Tzu-Han,7,0,63,56
1655923692226,COGS 17,A01,092677,Staff,8,7,81,73
1655923698251,COGS 100,A01,083619,Allen; Michael Gordon,2,2,70,68
1655923704283,COGS 101A,A01,083621,Davis; Joshua Daniel,4,3,68,64
1655923710310,COGS 101B,A01,091572,Allen; Michael Gordon,1,0,65,64
1655923716331,COGS 101C,A01,083625,Delgado; Tania,8,0,35,27
1655923722359,COGS 107A,A01,083627,Boyle; Mary E. T.,1,2,60,59
1655923728383,COGS 118A,A01,083075,Gupta; Anjum,19,16,76,57
1655923734407,CSE 3,A50,083646,Miranda; Gregory Joseph,13,0,50,37
1655923740443,CSE 8A,A50,083650,Miranda; Gregory Joseph,3,11,56,53
1655923746467,CSE 11,A01,083080,Cao; Yingjun,0,68,40,40
1655923752499,CSE 12,A01,083652,Krause-Levy; Sophia Louisa,6,8,120,114
1655923758523,CSE 15L,A01,083654,Morris; Justin Loren,3,1,50,47
1655923758523,CSE 15L,A02,083655,Morris; Justin Loren,1,1,50,49
1655923764550,CSE 20,A01,083657,Tran; Khoa Dang,29,0,80,51
1655923770572,CSE 21,A01,095574,Bach; Quang Tran,23,0,48,25
1655923776599,CSE 30,A01,083084,Eldon; John,2,10,80,78
1655923776599,CSE 30,B01,095061,Bhaskar; Nishant,0,4,50,50
1655923782621,CSE 100,A01,083659,Cao; Yingjun,2,25,70,68
1655923788645,CSE 134B,A01,083661,Powell; Thomas Allan,5,6,100,95
1655923794673,CSE 140,A01,083663,Gungor; Onat,5,0,85,80
1655923800697,CSE 140L,A01,083088,Eldon; John,5,0,100,95
1655923806723,CSE 175,A01,083665,Kumar; Rakesh,1,0,25,24
1655923812751,CSE 190,A00,092507,Dubnov; Shlomo,1,0,20,19
1655923818774,ECE 45,A01,083139,Congero; Spencer William,0,1,75,75
1655923824798,ECE 65,A50,083695,Saad; Andrew S,6,0,30,24
1655923824798,ECE 65,A51,095125,Staff,23,0,26,3
1655923830821,ECE 109,A01,091882,Touri; Behrouz,2,3,70,68
1655923836856,ECE 180,A00,083140,Abi Samra; Nicholas Camill,1,0,30,29
1655923836856,ECE 180,B00,083141,Abi Samra; Nicholas Camill,0,8,28,28
1655923842971,MATH 10A,A01,083735,Patchell; Gregory David,0,0,30,30
1655923842971,MATH 10A,A02,083736,Patchell; Gregory David,21,0,30,9
1655923842971,MATH 10A,A03,083737,Patchell; Gregory David,16,0,30,14
1655923848995,MATH 10B,A01,083207,Lim; Seonhee,1,1,34,33
1655923848995,MATH 10B,A02,083208,Lim; Seonhee,1,1,35,34
1655923848995,MATH 10B,A03,093472,Staff,1,0,34,33
1655923848995,MATH 10B,B01,083739,Sinha; Shubham,10,0,30,20
1655923855020,MATH 18,A01,083743,Cinel; Cameron Alexander,4,0,30,26
1655923855020,MATH 18,A02,083744,Cinel; Cameron Alexander,11,0,30,19
1655923855020,MATH 18,A03,083745,Cinel; Cameron Alexander,1,0,30,29
1655923855020,MATH 18,B01,083748,Ma; Zilu,2,0,36,34
1655923855020,MATH 18,B02,083749,Ma; Zilu,0,0,36,36
1655923855020,MATH 18,B03,083750,Ma; Zilu,0,0,36,36
1655923855020,MATH 18,B04,083751,Ma; Zilu,0,0,36,36
1655923855020,MATH 18,B05,093473,Staff,0,0,36,36
1655923855020,MATH 18,B06,093474,Staff,0,0,36,36
1655923861043,MATH 20A,A01,083754,Zheng; Zequn,10,0,40,30
1655923867066,MATH 20B,A01,083756,Briones; Jor-el Thomas Caparas,0,1,36,36
1655923867066,MATH 20B,A02,083757,Briones; Jor-el Thomas Caparas,1,0,36,35
1655923867066,MATH 20B,A03,093475,Staff,1,0,36,35
1655923873089,MATH 20C,A01,083760,Briones; Jor-el Thomas Caparas,0,2,35,35
1655923873089,MATH 20C,A02,083761,Briones; Jor-el Thomas Caparas,6,1,35,29
1655923873089,MATH 20C,A03,093476,Staff,1,1,35,34
1655923873089,MATH 20C,B01,083762,Bach; Quang Tran,3,0,30,27
1655923879112,MATH 20D,A01,083765,Tran; Brian Kha,0,0,30,30
1655923879112,MATH 20D,A02,083766,Tran; Brian Kha,0,1,30,30
1655923879112,MATH 20D,A03,083767,Tran; Brian Kha,0,0,30,30
1655923885143,MATH 20E,A01,083771,Ganguly; Soumya,0,0,32,32
1655923885143,MATH 20E,A02,083772,Ganguly; Soumya,1,1,32,31
1655923885143,MATH 20E,B01,083773,Ciotti; Benjamin,14,0,35,21
1655923885143,MATH 20E,B02,083774,Ciotti; Benjamin,12,0,35,23
1655923891168,MATH 103A,A01,083777,Greenfeld; Be'Eri,2,1,36,34
1655923891168,MATH 103A,A02,083778,Greenfeld; Be'Eri,1,0,36,35
1655923891168,MATH 103A,A03,093561,Staff,0,1,36,36
1655923891168,MATH 103A,B01,083779,Greenfeld; Be'Eri,7,1,36,29
1655923891168,MATH 103A,B02,083780,Greenfeld; Be'Eri,1,0,36,35
1655923891168,MATH 103A,B03,093562,Staff,0,0,36,36
1655923897198,MATH 105,A01,085443,Carter; Anne Toulson,3,1,35,32
1655923897198,MATH 105,A02,093477,Staff,5,0,35,30
1655923903235,MATH 109,A01,083213,Ganzberger; Geoffrey Michael,0,1,34,34
1655923903235,MATH 109,A02,083214,Ganzberger; Geoffrey Michael,0,0,34,34
1655923903235,MATH 109,A03,093478,Staff,1,0,34,33
1655923903235,MATH 109,B01,083215,Ganzberger; Geoffrey Michael,2,0,32,30
1655923903235,MATH 109,B02,083216,Ganzberger; Geoffrey Michael,0,0,32,32
1655923903235,MATH 109,B03,093479,Staff,4,0,32,28
1655923909269,MATH 142A,A01,083219,Chow; Bennett,0,0,32,32
1655923909269,MATH 142A,A02,083220,Chow; Bennett,8,0,32,24
1655923909269,MATH 142A,A03,093480,Staff,4,0,32,28
1655923909269,MATH 142A,B03,093481,Staff,3,0,32,29
1655923909269,MATH 142A,B04,093558,Staff,6,0,32,26
1655923909269,MATH 142A,B05,093559,Staff,1,0,32,31
1655923915307,MATH 193A,A01,083224,Rotar; Vladimir,1,1,34,33
1655923915307,MATH 193A,A02,083225,Rotar; Vladimir,0,0,34,34
1655923915307,MATH 193A,A03,083781,Rotar; Vladimir,2,0,34,32
1655923915307,MATH 193A,A04,083782,Rotar; Vladimir,2,0,34,32
1655923915307,MATH 193A,A05,093482,Rotar; Vladimir,1,0,34,33
1655923921331,MATH 197,001,091859,McAuley; Julian John,9999,0,9999,0
1655923921331,MATH 197,002,095566,Kedlaya; Kiran S.,9997,0,9999,2
1655923921331,MATH 197,003,095567,Xiao; Ming,9999,0,9999,0
1655923921331,MATH 197,004,095571,Perols; Johan Lars,9998,0,9999,1
1655923928389,COGS 9,A01,083615,Shannon; Kyle Michael,1,1,75,74
1655923934424,COGS 11,A01,083617,Boyle; Mary E. T.,10,1,48,38
1655923940446,COGS 13,A01,083071,Bastos; Amalia Pinkusfeld,3,1,71,68
1655923946478,COGS 14A,A01,092681,Staff,2,26,100,98
1655923952505,COGS 14B,A01,083073,Cheng; Tzu-Han,7,0,63,56
1655923958527,COGS 17,A01,092677,Staff,8,7,81,73
1655923964551,COGS 100,A01,083619,Allen; Michael Gordon,2,2,70,68
1655923970579,COGS 101A,A01,083621,Davis; Joshua Daniel,4,3,68,64
1655923976618,COGS 101B,A01,091572,Allen; Michael Gordon,1,0,65,64
1655923982641,COGS 101C,A01,083625,Delgado; Tania,8,0,35,27
1655923988663,COGS 107A,A01,083627,Boyle; Mary E. T.,1,2,60,59
1655923994686,COGS 118A,A01,083075,Gupta; Anjum,19,16,76,57
1655924000714,CSE 3,A50,083646,Miranda; Gregory Joseph,13,0,50,37
1655924006738,CSE 8A,A50,083650,Miranda; Gregory Joseph,3,11,56,53
1655924012761,CSE 11,A01,083080,Cao; Yingjun,0,68,40,40
1655924018787,CSE 12,A01,083652,Krause-Levy; Sophia Louisa,6,8,120,114
1655924024817,CSE 15L,A01,083654,Morris; Justin Loren,3,1,50,47
1655924024817,CSE 15L,A02,083655,Morris; Justin Loren,1,1,50,49
1655924030840,CSE 20,A01,083657,Tran; Khoa Dang,29,0,80,51
1655924036862,CSE 21,A01,095574,Bach; Quang Tran,23,0,48,25
1655924042885,CSE 30,A01,083084,Eldon; John,2,10,80,78
1655924042885,CSE 30,B01,095061,Bhaskar; Nishant,0,4,50,50
1655924048908,CSE 100,A01,083659,Cao; Yingjun,2,25,70,68
1655924054934,CSE 134B,A01,083661,Powell; Thomas Allan,5,7,100,95
1655924060960,CSE 140,A01,083663,Gungor; Onat,5,0,85,80
1655924066983,CSE 140L,A01,083088,Eldon; John,5,0,100,95
1655924073019,CSE 175,A01,083665,Kumar; Rakesh,1,0,25,24
1655924079046,CSE 190,A00,092507,Dubnov; Shlomo,1,0,20,19
1655924085078,ECE 45,A01,083139,Congero; Spencer William,0,1,75,75
1655924091108,ECE 65,A50,083695,Saad; Andrew S,6,0,30,24
1655924091108,ECE 65,A51,095125,Staff,23,0,26,3
1655924097130,ECE 109,A01,091882,Touri; Behrouz,2,3,70,68
1655924103153,ECE 180,A00,083140,Abi Samra; Nicholas Camill,1,0,30,29
1655924103153,ECE 180,B00,083141,Abi Samra; Nicholas Camill,0,8,28,28
1655924109176,MATH 10A,A01,083735,Patchell; Gregory David,0,0,30,30
1655924109176,MATH 10A,A02,083736,Patchell; Gregory David,21,0,30,9
1655924109176,MATH 10A,A03,083737,Patchell; Gregory David,16,0,30,14
1655924115200,MATH 10B,A01,083207,Lim; Seonhee,1,1,34,33
1655924115200,MATH 10B,A02,083208,Lim; Seonhee,1,1,35,34
1655924115200,MATH 10B,A03,093472,Staff,1,0,34,33
1655924115200,MATH 10B,B01,083739,Sinha; Shubham,10,0,30,20
1655924121246,MATH 18,A01,083743,Cinel; Cameron Alexander,4,0,30,26
1655924121246,MATH 18,A02,083744,Cinel; Cameron Alexander,11,0,30,19
1655924121246,MATH 18,A03,083745,Cinel; Cameron Alexander,1,0,30,29
1655924121246,MATH 18,B01,083748,Ma; Zilu,2,0,36,34
1655924121246,MATH 18,B02,083749,Ma; Zilu,0,0,36,36
1655924121246,MATH 18,B03,083750,Ma; Zilu,0,0,36,36
1655924121246,MATH 18,B04,083751,Ma; Zilu,0,0,36,36
1655924121246,MATH 18,B05,093473,Staff,0,0,36,36
1655924121246,MATH 18,B06,093474,Staff,0,0,36,36
1655924127270,MATH 20A,A01,083754,Zheng; Zequn,10,0,40,30
1655924133298,MATH 20B,A01,083756,Briones; Jor-el Thomas Caparas,0,1,36,36
1655924133298,MATH 20B,A02,083757,Briones; Jor-el Thomas Caparas,1,0,36,35
1655924133298,MATH 20B,A03,093475,Staff,1,0,36,35
1655924139326,MATH 20C,A01,083760,Briones; Jor-el Thomas Caparas,0,2,35,35
1655924139326,MATH 20C,A02,083761,Briones; Jor-el Thomas Caparas,6,1,35,29
1655924139326,MATH 20C,A03,093476,Staff,1,1,35,34
1655924139326,MATH 20C,B01,083762,Bach; Quang Tran,3,0,30,27
1655924145352,MATH 20D,A01,083765,Tran; Brian Kha,0,0,30,30
1655924145352,MATH 20D,A02,083766,Tran; Brian Kha,0,1,30,30
1655924145352,MATH 20D,A03,083767,Tran; Brian Kha,0,0,30,30
1655924151381,MATH 20E,A01,083771,Ganguly; Soumya,0,0,32,32
1655924151381,MATH 20E,A02,083772,Ganguly; Soumya,1,1,32,31
1655924151381,MATH 20E,B01,083773,Ciotti; Benjamin,14,0,35,21
1655924151381,MATH 20E,B02,083774,Ciotti; Benjamin,12,0,35,23
1655924157405,MATH 103A,A01,083777,Greenfeld; Be'Eri,2,1,36,34
1655924157405,MATH 103A,A02,083778,Greenfeld; Be'Eri,1,0,36,35
1655924157405,MATH 103A,A03,093561,Staff,0,1,36,36
1655924157405,MATH 103A,B01,083779,Greenfeld; Be'Eri,7,1,36,29
1655924157405,MATH 103A,B02,083780,Greenfeld; Be'Eri,1,0,36,35
1655924157405,MATH 103A,B03,093562,Staff,0,0,36,36
1655924163432,MATH 105,A01,085443,Carter; Anne Toulson,3,1,35,32
1655924163432,MATH 105,A02,093477,Staff,5,0,35,30
1655924169469,MATH 109,A01,083213,Ganzberger; Geoffrey Michael,0,1,34,34
1655924169469,MATH 109,A02,083214,Ganzberger; Geoffrey Michael,0,0,34,34
1655924169469,MATH 109,A03,093478,Staff,1,0,34,33
1655924169469,MATH 109,B01,083215,Ganzberger; Geoffrey Michael,2,0,32,30
1655924169469,MATH 109,B02,083216,Ganzberger; Geoffrey Michael,0,0,32,32
1655924169469,MATH 109,B03,093479,Staff,4,0,32,28
1655924175507,MATH 142A,A01,083219,Chow; Bennett,0,0,32,32
1655924175507,MATH 142A,A02,083220,Chow; Bennett,8,0,32,24
1655924175507,MATH 142A,A03,093480,Staff,4,0,32,28
1655924175507,MATH 142A,B03,093481,Staff,3,0,32,29
1655924175507,MATH 142A,B04,093558,Staff,6,0,32,26
1655924175507,MATH 142A,B05,093559,Staff,1,0,32,31
1655924181535,MATH 193A,A01,083224,Rotar; Vladimir,1,1,34,33
1655924181535,MATH 193A,A02,083225,Rotar; Vladimir,0,0,34,34
1655924181535,MATH 193A,A03,083781,Rotar; Vladimir,2,0,34,32
1655924181535,MATH 193A,A04,083782,Rotar; Vladimir,2,0,34,32
1655924181535,MATH 193A,A05,093482,Rotar; Vladimir,1,0,34,33
1655924187558,MATH 197,001,091859,McAuley; Julian John,9999,0,9999,0
1655924187558,MATH 197,002,095566,Kedlaya; Kiran S.,9997,0,9999,2
1655924187558,MATH 197,003,095567,Xiao; Ming,9999,0,9999,0
1655924187558,MATH 197,004,095571,Perols; Johan Lars,9998,0,9999,1
1655924194621,COGS 9,A01,083615,Shannon; Kyle Michael,1,1,75,74
1655924200657,COGS 11,A01,083617,Boyle; Mary E. T.,10,1,48,38
1655924206680,COGS 13,A01,083071,Bastos; Amalia Pinkusfeld,3,1,71,68
1655924212709,COGS 14A,A01,092681,Staff,2,26,100,98
1655924218735,COGS 14B,A01,083073,Cheng; Tzu-Han,7,0,63,56
1655924224759,COGS 17,A01,092677,Staff,8,7,81,73
1655924230782,COGS 100,A01,083619,Allen; Michael Gordon,2,2,70,68
1655924236813,COGS 101A,A01,083621,Davis; Joshua Daniel,4,3,68,64
1655924242861,COGS 101B,A01,091572,Allen; Michael Gordon,1,0,65,64
1655924248884,COGS 101C,A01,083625,Delgado; Tania,8,0,35,27
1655924254915,COGS 107A,A01,083627,Boyle; Mary E. T.,1,2,60,59
1655924260938,COGS 118A,A01,083075,Gupta; Anjum,19,16,76,57
1655924266963,CSE 3,A50,083646,Miranda; Gregory Joseph,13,0,50,37
1655924272987,CSE 8A,A50,083650,Miranda; Gregory Joseph,3,11,56,53
1655924279017,CSE 11,A01,083080,Cao; Yingjun,0,68,40,40
1655924285043,CSE 12,A01,083652,Krause-Levy; Sophia Louisa,6,8,120,114
1655924291075,CSE 15L,A01,083654,Morris; Justin Loren,3,1,50,47
1655924291075,CSE 15L,A02,083655,Morris; Justin Loren,1,1,50,49
1655924297098,CSE 20,A01,083657,Tran; Khoa Dang,29,0,80,51
1655924303120,CSE 21,A01,095574,Bach; Quang Tran,23,0,48,25
1655924309148,CSE 30,A01,083084,Eldon; John,2,10,80,78
1655924309148,CSE 30,B01,095061,Bhaskar; Nishant,0,4,50,50
1655924315172,CSE 100,A01,083659,Cao; Yingjun,2,25,70,68
1655924321199,CSE 134B,A01,083661,Powell; Thomas Allan,5,7,100,95
1655924327221,CSE 140,A01,083663,Gungor; Onat,5,0,85,80
1655924333252,CSE 140L,A01,083088,Eldon; John,5,0,100,95
1655924339278,CSE 175,A01,083665,Kumar; Rakesh,1,0,25,24
1655924345309,CSE 190,A00,092507,Dubnov; Shlomo,1,0,20,19
1655924351349,ECE 45,A01,083139,Congero; Spencer William,0,1,75,75
1655924357386,ECE 65,A50,083695,Saad; Andrew S,6,0,30,24
1655924357386,ECE 65,A51,095125,Staff,23,0,26,3
1655924363412,ECE 109,A01,091882,Touri; Behrouz,2,3,70,68
1655924369446,ECE 180,A00,083140,Abi Samra; Nicholas Camill,1,0,30,29
1655924369446,ECE 180,B00,083141,Abi Samra; Nicholas Camill,0,8,28,28
1655924375469,MATH 10A,A01,083735,Patchell; Gregory David,0,0,30,30
1655924375469,MATH 10A,A02,083736,Patchell; Gregory David,21,0,30,9
1655924375469,MATH 10A,A03,083737,Patchell; Gregory David,16,0,30,14
1655924381493,MATH 10B,A01,083207,Lim; Seonhee,1,1,34,33
1655924381493,MATH 10B,A02,083208,Lim; Seonhee,1,1,35,34
1655924381493,MATH 10B,A03,093472,Staff,1,0,34,33
1655924381493,MATH 10B,B01,083739,Sinha; Shubham,10,0,30,20
1655924387527,MATH 18,A01,083743,Cinel; Cameron Alexander,4,0,30,26
1655924387527,MATH 18,A02,083744,Cinel; Cameron Alexander,11,0,30,19
1655924387527,MATH 18,A03,083745,Cinel; Cameron Alexander,1,0,30,29
1655924387527,MATH 18,B01,083748,Ma; Zilu,2,0,36,34
1655924387527,MATH 18,B02,083749,Ma; Zilu,0,0,36,36
1655924387527,MATH 18,B03,083750,Ma; Zilu,0,0,36,36
1655924387527,MATH 18,B04,083751,Ma; Zilu,0,0,36,36
1655924387527,MATH 18,B05,093473,Staff,0,0,36,36
1655924387527,MATH 18,B06,093474,Staff,0,0,36,36
1655924393550,MATH 20A,A01,083754,Zheng; Zequn,10,0,40,30
1655924399578,MATH 20B,A01,083756,Briones; Jor-el Thomas Caparas,0,1,36,36
1655924399578,MATH 20B,A02,083757,Briones; Jor-el Thomas Caparas,1,0,36,35
1655924399578,MATH 20B,A03,093475,Staff,1,0,36,35
1655924405608,MATH 20C,A01,083760,Briones; Jor-el Thomas Caparas,0,2,35,35
1655924405608,MATH 20C,A02,083761,Briones; Jor-el Thomas Caparas,6,1,35,29
1655924405608,MATH 20C,A03,093476,Staff,1,1,35,34
1655924405608,MATH 20C,B01,083762,Bach; Quang Tran,3,0,30,27
1655924411637,MATH 20D,A01,083765,Tran; Brian Kha,0,0,30,30
1655924411637,MATH 20D,A02,083766,Tran; Brian Kha,0,1,30,30
1655924411637,MATH 20D,A03,083767,Tran; Brian Kha,0,0,30,30
1655924417663,MATH 20E,A01,083771,Ganguly; Soumya,0,0,32,32
1655924417663,MATH 20E,A02,083772,Ganguly; Soumya,1,1,32,31
1655924417663,MATH 20E,B01,083773,Ciotti; Benjamin,14,0,35,21
1655924417663,MATH 20E,B02,083774,Ciotti; Benjamin,12,0,35,23
1655924423696,MATH 103A,A01,083777,Greenfeld; Be'Eri,2,1,36,34
1655924423696,MATH 103A,A02,083778,Greenfeld; Be'Eri,1,0,36,35
1655924423696,MATH 103A,A03,093561,Staff,0,1,36,36
1655924423696,MATH 103A,B01,083779,Greenfeld; Be'Eri,7,1,36,29
1655924423696,MATH 103A,B02,083780,Greenfeld; Be'Eri,1,0,36,35
1655924423696,MATH 103A,B03,093562,Staff,0,0,36,36
1655924429720,MATH 105,A01,085443,Carter; Anne Toulson,3,1,35,32
1655924429720,MATH 105,A02,093477,Staff,5,0,35,30
1655924435750,MATH 109,A01,083213,Ganzberger; Geoffrey Michael,0,1,34,34
1655924435750,MATH 109,A02,083214,Ganzberger; Geoffrey Michael,0,0,34,34
1655924435750,MATH 109,A03,093478,Staff,1,0,34,33
1655924435750,MATH 109,B01,083215,Ganzberger; Geoffrey Michael,2,0,32,30
1655924435750,MATH 109,B02,083216,Ganzberger; Geoffrey Michael,0,0,32,32
1655924435750,MATH 109,B03,093479,Staff,4,0,32,28
1655924441868,MATH 142A,A01,083219,Chow; Bennett,0,0,32,32
1655924441868,MATH 142A,A02,083220,Chow; Bennett,8,0,32,24
1655924441868,MATH 142A,A03,093480,Staff,4,0,32,28
1655924441868,MATH 142A,B03,093481,Staff,3,0,32,29
1655924441868,MATH 142A,B04,093558,Staff,6,0,32,26
1655924441868,MATH 142A,B05,093559,Staff,1,0,32,31
1655924447892,MATH 193A,A01,083224,Rotar; Vladimir,1,1,34,33
1655924447892,MATH 193A,A02,083225,Rotar; Vladimir,0,0,34,34
1655924447892,MATH 193A,A03,083781,Rotar; Vladimir,2,0,34,32
1655924447892,MATH 193A,A04,083782,Rotar; Vladimir,2,0,34,32
1655924447892,MATH 193A,A05,093482,Rotar; Vladimir,1,0,34,33
1655924453923,MATH 197,001,091859,McAuley; Julian John,9999,0,9999,0
1655924453923,MATH 197,002,095566,Kedlaya; Kiran S.,9997,0,9999,2
1655924453923,MATH 197,003,095567,Xiao; Ming,9999,0,9999,0
1655924453923,MATH 197,004,095571,Perols; Johan Lars,9998,0,9999,1
1655924461019,COGS 9,A01,083615,Shannon; Kyle Michael,1,1,75,74
1655924467064,COGS 11,A01,083617,Boyle; Mary E. T.,10,1,48,38
1655924473095,COGS 13,A01,083071,Bastos; Amalia Pinkusfeld,3,1,71,68
1655924479117,COGS 14A,A01,092681,Staff,2,26,100,98
1655924485141,COGS 14B,A01,083073,Cheng; Tzu-Han,7,0,63,56
1655924491175,COGS 17,A01,092677,Staff,8,7,81,73
1655924497200,COGS 100,A01,083619,Allen; Michael Gordon,2,2,70,68
1655924503234,COGS 101A,A01,083621,Davis; Joshua Daniel,4,3,68,64
1655924509260,COGS 101B,A01,091572,Allen; Michael Gordon,1,0,65,64
1655924515285,COGS 101C,A01,083625,Delgado; Tania,8,0,35,27
1655924521310,COGS 107A,A01,083627,Boyle; Mary E. T.,1,2,60,59
1655924527332,COGS 118A,A01,083075,Gupta; Anjum,19,16,76,57
1655924533367,CSE 3,A50,083646,Miranda; Gregory Joseph,13,0,50,37
1655924539398,CSE 8A,A50,083650,Miranda; Gregory Joseph,3,11,56,53
1655924545427,CSE 11,A01,083080,Cao; Yingjun,0,68,40,40
1655924551455,CSE 12,A01,083652,Krause-Levy; Sophia Louisa,6,8,120,114
1655924557478,CSE 15L,A01,083654,Morris; Justin Loren,3,1,50,47
1655924557478,CSE 15L,A02,083655,Morris; Justin Loren,1,1,50,49
1655924563504,CSE 20,A01,083657,Tran; Khoa Dang,29,0,80,51
1655924569527,CSE 21,A01,095574,Bach; Quang Tran,23,0,48,25
1655924575555,CSE 30,A01,083084,Eldon; John,2,10,80,78
1655924575555,CSE 30,B01,095061,Bhaskar; Nishant,0,4,50,50
1655924581578,CSE 100,A01,083659,Cao; Yingjun,2,25,70,68
1655924587603,CSE 134B,A01,083661,Powell; Thomas Allan,5,7,100,95
1655924593625,CSE 140,A01,083663,Gungor; Onat,5,0,85,80
1655924599651,CSE 140L,A01,083088,Eldon; John,5,0,100,95
1655924605680,CSE 175,A01,083665,Kumar; Rakesh,1,0,25,24
1655924611704,CSE 190,A00,092507,Dubnov; Shlomo,1,0,20,19
1655924617726,ECE 45,A01,083139,Congero; Spencer William,0,1,75,75
1655924623757,ECE 65,A50,083695,Saad; Andrew S,6,0,30,24
1655924623757,ECE 65,A51,095125,Staff,23,0,26,3
1655924629785,ECE 109,A01,091882,Touri; Behrouz,2,3,70,68
1655924635808,ECE 180,A00,083140,Abi Samra; Nicholas Camill,1,0,30,29
1655924635808,ECE 180,B00,083141,Abi Samra; Nicholas Camill,0,8,28,28
1655924641833,MATH 10A,A01,083735,Patchell; Gregory David,0,0,30,30
1655924641833,MATH 10A,A02,083736,Patchell; Gregory David,21,0,30,9
1655924641833,MATH 10A,A03,083737,Patchell; Gregory David,16,0,30,14
1655924647860,MATH 10B,A01,083207,Lim; Seonhee,1,1,34,33
1655924647860,MATH 10B,A02,083208,Lim; Seonhee,1,1,35,34
1655924647860,MATH 10B,A03,093472,Staff,1,0,34,33
1655924647860,MATH 10B,B01,083739,Sinha; Shubham,10,0,30,20
1655924653895,MATH 18,A01,083743,Cinel; Cameron Alexander,4,0,30,26
1655924653895,MATH 18,A02,083744,Cinel; Cameron Alexander,11,0,30,19
1655924653895,MATH 18,A03,083745,Cinel; Cameron Alexander,1,0,30,29
1655924653895,MATH 18,B01,083748,Ma; Zilu,2,0,36,34
1655924653895,MATH 18,B02,083749,Ma; Zilu,0,0,36,36
1655924653895,MATH 18,B03,083750,Ma; Zilu,0,0,36,36
1655924653895,MATH 18,B04,083751,Ma; Zilu,0,0,36,36
1655924653895,MATH 18,B05,093473,Staff,0,0,36,36
1655924653895,MATH 18,B06,093474,Staff,0,0,36,36
1655924659917,MATH 20A,A01,083754,Zheng; Zequn,10,0,40,30
1655924665941,MATH 20B,A01,083756,Briones; Jor-el Thomas Caparas,0,1,36,36
1655924665941,MATH 20B,A02,083757,Briones; Jor-el Thomas Caparas,1,0,36,35
1655924665941,MATH 20B,A03,093475,Staff,1,0,36,35
1655924671976,MATH 20C,A01,083760,Briones; Jor-el Thomas Caparas,0,2,35,35
1655924671976,MATH 20C,A02,083761,Briones; Jor-el Thomas Caparas,6,1,35,29
1655924671976,MATH 20C,A03,093476,Staff,1,1,35,34
1655924671976,MATH 20C,B01,083762,Bach; Quang Tran,3,0,30,27
1655924678001,MATH 20D,A01,083765,Tran; Brian Kha,0,0,30,30
1655924678001,MATH 20D,A02,083766,Tran; Brian Kha,0,1,30,30
1655924678001,MATH 20D,A03,083767,Tran; Brian Kha,0,0,30,30
1655924684037,MATH 20E,A01,083771,Ganguly; Soumya,0,0,32,32
1655924684037,MATH 20E,A02,083772,Ganguly; Soumya,1,1,32,31
1655924684037,MATH 20E,B01,083773,Ciotti; Benjamin,14,0,35,21
1655924684037,MATH 20E,B02,083774,Ciotti; Benjamin,12,0,35,23
1655924690085,MATH 103A,A01,083777,Greenfeld; Be'Eri,2,1,36,34
1655924690085,MATH 103A,A02,083778,Greenfeld; Be'Eri,1,0,36,35
1655924690085,MATH 103A,A03,093561,Staff,0,1,36,36
1655924690085,MATH 103A,B01,083779,Greenfeld; Be'Eri,7,1,36,29
1655924690085,MATH 103A,B02,083780,Greenfeld; Be'Eri,1,0,36,35
1655924690085,MATH 103A,B03,093562,Staff,0,0,36,36
1655924696113,MATH 105,A01,085443,Carter; Anne Toulson,3,1,35,32
1655924696113,MATH 105,A02,093477,Staff,5,0,35,30
1655924702143,MATH 109,A01,083213,Ganzberger; Geoffrey Michael,0,1,34,34
1655924702143,MATH 109,A02,083214,Ganzberger; Geoffrey Michael,0,0,34,34
1655924702143,MATH 109,A03,093478,Staff,1,0,34,33
1655924702143,MATH 109,B01,083215,Ganzberger; Geoffrey Michael,2,0,32,30
1655924702143,MATH 109,B02,083216,Ganzberger; Geoffrey Michael,0,0,32,32
1655924702143,MATH 109,B03,093479,Staff,4,0,32,28
1655924708174,MATH 142A,A01,083219,Chow; Bennett,0,0,32,32
1655924708174,MATH 142A,A02,083220,Chow; Bennett,8,0,32,24
1655924708174,MATH 142A,A03,093480,Staff,4,0,32,28
1655924708174,MATH 142A,B03,093481,Staff,3,0,32,29
1655924708174,MATH 142A,B04,093558,Staff,6,0,32,26
1655924708174,MATH 142A,B05,093559,Staff,1,0,32,31
1655924714208,MATH 193A,A01,083224,Rotar; Vladimir,1,1,34,33
1655924714208,MATH 193A,A02,083225,Rotar; Vladimir,0,0,34,34
1655924714208,MATH 193A,A03,083781,Rotar; Vladimir,2,0,34,32
1655924714208,MATH 193A,A04,083782,Rotar; Vladimir,2,0,34,32
1655924714208,MATH 193A,A05,093482,Rotar; Vladimir,1,0,34,33
1655924720235,MATH 197,001,091859,McAuley; Julian John,9999,0,9999,0
1655924720235,MATH 197,002,095566,Kedlaya; Kiran S.,9997,0,9999,2
1655924720235,MATH 197,003,095567,Xiao; Ming,9999,0,9999,0
1655924720235,MATH 197,004,095571,Perols; Johan Lars,9998,0,9999,1
1655924727337,COGS 9,A01,083615,Shannon; Kyle Michael,1,1,75,74
1655924733364,COGS 11,A01,083617,Boyle; Mary E. T.,10,1,48,38
1655924739387,COGS 13,A01,083071,Bastos; Amalia Pinkusfeld,3,1,71,68
1655924745411,COGS 14A,A01,092681,Staff,2,26,100,98
1655924751436,COGS 14B,A01,083073,Cheng; Tzu-Han,7,0,63,56
1655924757464,COGS 17,A01,092677,Staff,8,7,81,73
1655924763494,COGS 100,A01,083619,Allen; Michael Gordon,2,2,70,68
1655924769518,COGS 101A,A01,083621,Davis; Joshua Daniel,4,3,68,64
1655924775556,COGS 101B,A01,091572,Allen; Michael Gordon,1,0,65,64
1655924781583,COGS 101C,A01,083625,Delgado; Tania,8,0,35,27
1655924787611,COGS 107A,A01,083627,Boyle; Mary E. T.,1,2,60,59
1655924793638,COGS 118A,A01,083075,Gupta; Anjum,19,16,76,57
1655924799664,CSE 3,A50,083646,Miranda; Gregory Joseph,13,0,50,37
1655924805688,CSE 8A,A50,083650,Miranda; Gregory Joseph,3,11,56,53
1655924811713,CSE 11,A01,083080,Cao; Yingjun,0,68,40,40
1655924817739,CSE 12,A01,083652,Krause-Levy; Sophia Louisa,6,8,120,114
1655924823766,CSE 15L,A01,083654,Morris; Justin Loren,3,1,50,47
1655924823766,CSE 15L,A02,083655,Morris; Justin Loren,1,1,50,49
1655924829788,CSE 20,A01,083657,Tran; Khoa Dang,29,0,80,51
1655924835823,CSE 21,A01,095574,Bach; Quang Tran,23,0,48,25
1655924841855,CSE 30,A01,083084,Eldon; John,2,10,80,78
1655924841855,CSE 30,B01,095061,Bhaskar; Nishant,0,4,50,50
1655924847883,CSE 100,A01,083659,Cao; Yingjun,2,25,70,68
1655924853911,CSE 134B,A01,083661,Powell; Thomas Allan,5,7,100,95
1655924859947,CSE 140,A01,083663,Gungor; Onat,5,0,85,80
1655924865975,CSE 140L,A01,083088,Eldon; John,5,0,100,95
1655924871999,CSE 175,A01,083665,Kumar; Rakesh,1,0,25,24
1655924878025,CSE 190,A00,092507,Dubnov; Shlomo,1,0,20,19
1655924884061,ECE 45,A01,083139,Congero; Spencer William,0,1,75,75
1655924890088,ECE 65,A50,083695,Saad; Andrew S,6,0,30,24
1655924890088,ECE 65,A51,095125,Staff,23,0,26,3
1655924896117,ECE 109,A01,091882,Touri; Behrouz,2,3,70,68
1655924902143,ECE 180,A00,083140,Abi Samra; Nicholas Camill,1,0,30,29
1655924902143,ECE 180,B00,083141,Abi Samra; Nicholas Camill,0,8,28,28
1655924908170,MATH 10A,A01,083735,Patchell; Gregory David,0,0,30,30
1655924908170,MATH 10A,A02,083736,Patchell; Gregory David,21,0,30,9
1655924908170,MATH 10A,A03,083737,Patchell; Gregory David,16,0,30,14
1655924914195,MATH 10B,A01,083207,Lim; Seonhee,1,1,34,33
1655924914195,MATH 10B,A02,083208,Lim; Seonhee,1,1,35,34
1655924914195,MATH 10B,A03,093472,Staff,1,0,34,33
1655924914195,MATH 10B,B01,083739,Sinha; Shubham,10,0,30,20
1655924920219,MATH 18,A01,083743,Cinel; Cameron Alexander,4,0,30,26
1655924920219,MATH 18,A02,083744,Cinel; Cameron Alexander,11,0,30,19
1655924920219,MATH 18,A03,083745,Cinel; Cameron Alexander,1,0,30,29
1655924920219,MATH 18,B01,083748,Ma; Zilu,2,0,36,34
1655924920219,MATH 18,B02,083749,Ma; Zilu,0,0,36,36
1655924920219,MATH 18,B03,083750,Ma; Zilu,0,0,36,36
1655924920219,MATH 18,B04,083751,Ma; Zilu,0,0,36,36
1655924920219,MATH 18,B05,093473,Staff,0,0,36,36
1655924920219,MATH 18,B06,093474,Staff,0,0,36,36
1655924926248,MATH 20A,A01,083754,Zheng; Zequn,10,0,40,30
1655924932271,MATH 20B,A01,083756,Briones; Jor-el Thomas Caparas,0,1,36,36
1655924932271,MATH 20B,A02,083757,Briones; Jor-el Thomas Caparas,1,0,36,35
1655924932271,MATH 20B,A03,093475,Staff,1,0,36,35
1655924938301,MATH 20C,A01,083760,Briones; Jor-el Thomas Caparas,0,2,35,35
1655924938301,MATH 20C,A02,083761,Briones; Jor-el Thomas Caparas,6,1,35,29
1655924938301,MATH 20C,A03,093476,Staff,1,1,35,34
1655924938301,MATH 20C,B01,083762,Bach; Quang Tran,3,0,30,27
1655924944327,MATH 20D,A01,083765,Tran; Brian Kha,1,0,30,29
1655924944327,MATH 20D,A02,083766,Tran; Brian Kha,0,1,30,30
1655924944327,MATH 20D,A03,083767,Tran; Brian Kha,1,0,30,29
1655924950350,MATH 20E,A01,083771,Ganguly; Soumya,0,0,32,32
1655924950350,MATH 20E,A02,083772,Ganguly; Soumya,1,1,32,31
1655924950350,MATH 20E,B01,083773,Ciotti; Benjamin,14,0,35,21
1655924950350,MATH 20E,B02,083774,Ciotti; Benjamin,12,0,35,23
1655924956380,MATH 103A,A01,083777,Greenfeld; Be'Eri,2,1,36,34
1655924956380,MATH 103A,A02,083778,Greenfeld; Be'Eri,1,0,36,35
1655924956380,MATH 103A,A03,093561,Staff,0,1,36,36
1655924956380,MATH 103A,B01,083779,Greenfeld; Be'Eri,7,1,36,29
1655924956380,MATH 103A,B02,083780,Greenfeld; Be'Eri,1,0,36,35
1655924956380,MATH 103A,B03,093562,Staff,0,0,36,36
1655924962401,MATH 105,A01,085443,Carter; Anne Toulson,3,1,35,32
1655924962401,MATH 105,A02,093477,Staff,5,0,35,30
1655924968436,MATH 109,A01,083213,Ganzberger; Geoffrey Michael,0,1,34,34
1655924968436,MATH 109,A02,083214,Ganzberger; Geoffrey Michael,0,0,34,34
1655924968436,MATH 109,A03,093478,Staff,1,0,34,33
1655924968436,MATH 109,B01,083215,Ganzberger; Geoffrey Michael,2,0,32,30
1655924968436,MATH 109,B02,083216,Ganzberger; Geoffrey Michael,0,0,32,32
1655924968436,MATH 109,B03,093479,Staff,4,0,32,28
1655924974471,MATH 142A,A01,083219,Chow; Bennett,0,0,32,32
1655924974471,MATH 142A,A02,083220,Chow; Bennett,8,0,32,24
1655924974471,MATH 142A,A03,093480,Staff,4,0,32,28
1655924974471,MATH 142A,B03,093481,Staff,3,0,32,29
1655924974471,MATH 142A,B04,093558,Staff,6,0,32,26
1655924974471,MATH 142A,B05,093559,Staff,1,0,32,31
1655924980495,MATH 193A,A01,083224,Rotar; Vladimir,1,1,34,33
1655924980495,MATH 193A,A02,083225,Rotar; Vladimir,0,0,34,34
1655924980495,MATH 193A,A03,083781,Rotar; Vladimir,2,0,34,32
1655924980495,MATH 193A,A04,083782,Rotar; Vladimir,2,0,34,32
1655924980495,MATH 193A,A05,093482,Rotar; Vladimir,1,0,34,33
1655924986520,MATH 197,001,091859,McAuley; Julian John,9999,0,9999,0
1655924986520,MATH 197,002,095566,Kedlaya; Kiran S.,9997,0,9999,2
1655924986520,MATH 197,003,095567,Xiao; Ming,9999,0,9999,0
1655924986520,MATH 197,004,095571,Perols; Johan Lars,9998,0,9999,1
1655924993589,COGS 9,A01,083615,Shannon; Kyle Michael,1,1,75,74
1655924999613,COGS 11,A01,083617,Boyle; Mary E. T.,10,1,48,38
1655925005638,COGS 13,A01,083071,Bastos; Amalia Pinkusfeld,3,1,71,68
1655925011667,COGS 14A,A01,092681,Staff,2,26,100,98
1655925017693,COGS 14B,A01,083073,Cheng; Tzu-Han,7,0,63,56
1655925023717,COGS 17,A01,092677,Staff,8,7,81,73
1655925029752,COGS 100,A01,083619,Allen; Michael Gordon,2,2,70,68
1655925035891,COGS 101A,A01,083621,Davis; Joshua Daniel,4,3,68,64
1655925041915,COGS 101B,A01,091572,Allen; Michael Gordon,1,0,65,64
1655925047938,COGS 101C,A01,083625,Delgado; Tania,8,0,35,27
1655925053962,COGS 107A,A01,083627,Boyle; Mary E. T.,1,2,60,59
1655925059987,COGS 118A,A01,083075,Gupta; Anjum,19,16,76,57
1655925066010,CSE 3,A50,083646,Miranda; Gregory Joseph,13,0,50,37
1655925072035,CSE 8A,A50,083650,Miranda; Gregory Joseph,3,11,56,53
1655925078075,CSE 11,A01,083080,Cao; Yingjun,0,68,40,40
1655925084113,CSE 12,A01,083652,Krause-Levy; Sophia Louisa,6,8,120,114
1655925090140,CSE 15L,A01,083654,Morris; Justin Loren,3,1,50,47
1655925090140,CSE 15L,A02,083655,Morris; Justin Loren,1,1,50,49
1655925096167,CSE 20,A01,083657,Tran; Khoa Dang,29,0,80,51
1655925102194,CSE 21,A01,095574,Bach; Quang Tran,23,0,48,25
1655925108220,CSE 30,A01,083084,Eldon; John,2,10,80,78
1655925108220,CSE 30,B01,095061,Bhaskar; Nishant,0,4,50,50
1655925114243,CSE 100,A01,083659,Cao; Yingjun,2,25,70,68
1655925120268,CSE 134B,A01,083661,Powell; Thomas Allan,5,7,100,95
1655925126293,CSE 140,A01,083663,Gungor; Onat,5,0,85,80
1655925132318,CSE 140L,A01,083088,Eldon; John,5,0,100,95
1655925138340,CSE 175,A01,083665,Kumar; Rakesh,1,0,25,24
1655925144369,CSE 190,A00,092507,Dubnov; Shlomo,1,0,20,19
1655925150400,ECE 45,A01,083139,Congero; Spencer William,0,1,75,75
1655925156426,ECE 65,A50,083695,Saad; Andrew S,6,0,30,24
1655925156426,ECE 65,A51,095125,Staff,23,0,26,3
1655925162453,ECE 109,A01,091882,Touri; Behrouz,2,3,70,68
1655925168482,ECE 180,A00,083140,Abi Samra; Nicholas Camill,1,0,30,29
1655925168482,ECE 180,B00,083141,Abi Samra; Nicholas Camill,0,8,28,28
1655925174504,MATH 10A,A01,083735,Patchell; Gregory David,0,0,30,30
1655925174504,MATH 10A,A02,083736,Patchell; Gregory David,21,0,30,9
1655925174504,MATH 10A,A03,083737,Patchell; Gregory David,16,0,30,14
1655925180538,MATH 10B,A01,083207,Lim; Seonhee,1,1,34,33
1655925180538,MATH 10B,A02,083208,Lim; Seonhee,1,1,35,34
1655925180538,MATH 10B,A03,093472,Staff,1,0,34,33
1655925180538,MATH 10B,B01,083739,Sinha; Shubham,10,0,30,20
1655925186563,MATH 18,A01,083743,Cinel; Cameron Alexander,4,0,30,26
1655925186563,MATH 18,A02,083744,Cinel; Cameron Alexander,11,0,30,19
1655925186563,MATH 18,A03,083745,Cinel; Cameron Alexander,1,0,30,29
1655925186563,MATH 18,B01,083748,Ma; Zilu,2,0,36,34
1655925186563,MATH 18,B02,083749,Ma; Zilu,0,0,36,36
1655925186563,MATH 18,B03,083750,Ma; Zilu,0,0,36,36
1655925186563,MATH 18,B04,083751,Ma; Zilu,0,0,36,36
1655925186563,MATH 18,B05,093473,Staff,0,0,36,36
1655925186563,MATH 18,B06,093474,Staff,0,0,36,36
1655925192587,MATH 20A,A01,083754,Zheng; Zequn,10,0,40,30
1655925198613,MATH 20B,A01,083756,Briones; Jor-el Thomas Caparas,0,1,36,36
1655925198613,MATH 20B,A02,083757,Briones; Jor-el Thomas Caparas,1,0,36,35
1655925198613,MATH 20B,A03,093475,Staff,1,0,36,35
1655925204640,MATH 20C,A01,083760,Briones; Jor-el Thomas Caparas,0,2,35,35
1655925204640,MATH 20C,A02,083761,Briones; Jor-el Thomas Caparas,6,1,35,29
1655925204640,MATH 20C,A03,093476,Staff,1,1,35,34
1655925204640,MATH 20C,B01,083762,Bach; Quang Tran,3,0,30,27
1655925210667,MATH 20D,A01,083765,Tran; Brian Kha,1,0,30,29
1655925210667,MATH 20D,A02,083766,Tran; Brian Kha,0,1,30,30
1655925210667,MATH 20D,A03,083767,Tran; Brian Kha,1,0,30,29
1655925216697,MATH 20E,A01,083771,Ganguly; Soumya,0,0,32,32
1655925216697,MATH 20E,A02,083772,Ganguly; Soumya,1,1,32,31
1655925216697,MATH 20E,B01,083773,Ciotti; Benjamin,14,0,35,21
1655925216697,MATH 20E,B02,083774,Ciotti; Benjamin,12,0,35,23
1655925222733,MATH 103A,A01,083777,Greenfeld; Be'Eri,2,1,36,34
1655925222733,MATH 103A,A02,083778,Greenfeld; Be'Eri,1,0,36,35
1655925222733,MATH 103A,A03,093561,Staff,0,1,36,36
1655925222733,MATH 103A,B01,083779,Greenfeld; Be'Eri,7,1,36,29
1655925222733,MATH 103A,B02,083780,Greenfeld; Be'Eri,1,0,36,35
1655925222733,MATH 103A,B03,093562,Staff,0,0,36,36
1655925228767,MATH 105,A01,085443,Carter; Anne Toulson,3,1,35,32
1655925228767,MATH 105,A02,093477,Staff,5,0,35,30
1655925234794,MATH 109,A01,083213,Ganzberger; Geoffrey Michael,0,1,34,34
1655925234794,MATH 109,A02,083214,Ganzberger; Geoffrey Michael,0,0,34,34
1655925234794,MATH 109,A03,093478,Staff,1,0,34,33
1655925234794,MATH 109,B01,083215,Ganzberger; Geoffrey Michael,2,0,32,30
1655925234794,MATH 109,B02,083216,Ganzberger; Geoffrey Michael,0,0,32,32
1655925234794,MATH 109,B03,093479,Staff,4,0,32,28
1655925240818,MATH 142A,A01,083219,Chow; Bennett,0,0,32,32
1655925240818,MATH 142A,A02,083220,Chow; Bennett,8,0,32,24
1655925240818,MATH 142A,A03,093480,Staff,4,0,32,28
1655925240818,MATH 142A,B03,093481,Staff,3,0,32,29
1655925240818,MATH 142A,B04,093558,Staff,6,0,32,26
1655925240818,MATH 142A,B05,093559,Staff,1,0,32,31
1655925246852,MATH 193A,A01,083224,Rotar; Vladimir,1,1,34,33
1655925246852,MATH 193A,A02,083225,Rotar; Vladimir,0,0,34,34
1655925246852,MATH 193A,A03,083781,Rotar; Vladimir,2,0,34,32
1655925246852,MATH 193A,A04,083782,Rotar; Vladimir,2,0,34,32
1655925246852,MATH 193A,A05,093482,Rotar; Vladimir,1,0,34,33
1655925252875,MATH 197,001,091859,McAuley; Julian John,9999,0,9999,0
1655925252875,MATH 197,002,095566,Kedlaya; Kiran S.,9997,0,9999,2
1655925252875,MATH 197,003,095567,Xiao; Ming,9999,0,9999,0
1655925252875,MATH 197,004,095571,Perols; Johan Lars,9998,0,9999,1
1655925259956,COGS 9,A01,083615,Shannon; Kyle Michael,1,1,75,74
1655925265983,COGS 11,A01,083617,Boyle; Mary E. T.,10,1,48,38
1655925272012,COGS 13,A01,083071,Bastos; Amalia Pinkusfeld,3,1,71,68
1655925278035,COGS 14A,A01,092681,Staff,2,26,100,98
1655925284060,COGS 14B,A01,083073,Cheng; Tzu-Han,7,0,63,56
1655925290088,COGS 17,A01,092677,Staff,8,7,81,73
1655925296116,COGS 100,A01,083619,Allen; Michael Gordon,2,2,70,68
1655925302139,COGS 101A,A01,083621,Davis; Joshua Daniel,4,3,68,64
1655925308163,COGS 101B,A01,091572,Allen; Michael Gordon,1,0,65,64
1655925314187,COGS 101C,A01,083625,Delgado; Tania,8,0,35,27
1655925320210,COGS 107A,A01,083627,Boyle; Mary E. T.,1,2,60,59
1655925326234,COGS 118A,A01,083075,Gupta; Anjum,19,16,76,57
1655925332266,CSE 3,A50,083646,Miranda; Gregory Joseph,13,0,50,37
1655925338290,CSE 8A,A50,083650,Miranda; Gregory Joseph,3,11,56,53
1655925344314,CSE 11,A01,083080,Cao; Yingjun,0,68,40,40
1655925350337,CSE 12,A01,083652,Krause-Levy; Sophia Louisa,6,8,120,114
1655925356373,CSE 15L,A01,083654,Morris; Justin Loren,3,1,50,47
1655925356373,CSE 15L,A02,083655,Morris; Justin Loren,1,1,50,49
1655925362402,CSE 20,A01,083657,Tran; Khoa Dang,29,0,80,51
1655925368425,CSE 21,A01,095574,Bach; Quang Tran,23,0,48,25
1655925374453,CSE 30,A01,083084,Eldon; John,2,10,80,78
1655925374453,CSE 30,B01,095061,Bhaskar; Nishant,0,4,50,50
1655925380480,CSE 100,A01,083659,Cao; Yingjun,2,25,70,68
1655925386516,CSE 134B,A01,083661,Powell; Thomas Allan,5,7,100,95
1655925392543,CSE 140,A01,083663,Gungor; Onat,5,0,85,80
1655925398569,CSE 140L,A01,083088,Eldon; John,5,0,100,95
1655925404596,CSE 175,A01,083665,Kumar; Rakesh,1,0,25,24
1655925410621,CSE 190,A00,092507,Dubnov; Shlomo,1,0,20,19
1655925416645,ECE 45,A01,083139,Congero; Spencer William,0,1,75,75
1655925422669,ECE 65,A50,083695,Saad; Andrew S,6,0,30,24
1655925422669,ECE 65,A51,095125,Staff,23,0,26,3
1655925428700,ECE 109,A01,091882,Touri; Behrouz,2,3,70,68
1655925434724,ECE 180,A00,083140,Abi Samra; Nicholas Camill,1,0,30,29
1655925434724,ECE 180,B00,083141,Abi Samra; Nicholas Camill,0,8,28,28
1655925440747,MATH 10A,A01,083735,Patchell; Gregory David,0,0,30,30
1655925440747,MATH 10A,A02,083736,Patchell; Gregory David,21,0,30,9
1655925440747,MATH 10A,A03,083737,Patchell; Gregory David,16,0,30,14
1655925446777,MATH 10B,A01,083207,Lim; Seonhee,1,1,34,33
1655925446777,MATH 10B,A02,083208,Lim; Seonhee,1,1,35,34
1655925446777,MATH 10B,A03,093472,Staff,1,0,34,33
1655925446777,MATH 10B,B01,083739,Sinha; Shubham,10,0,30,20
1655925452809,MATH 18,A01,083743,Cinel; Cameron Alexander,4,0,30,26
1655925452809,MATH 18,A02,083744,Cinel; Cameron Alexander,11,0,30,19
1655925452809,MATH 18,A03,083745,Cinel; Cameron Alexander,1,0,30,29
1655925452809,MATH 18,B01,083748,Ma; Zilu,2,0,36,34
1655925452809,MATH 18,B02,083749,Ma; Zilu,0,0,36,36
1655925452809,MATH 18,B03,083750,Ma; Zilu,0,0,36,36
1655925452809,MATH 18,B04,083751,Ma; Zilu,0,0,36,36
1655925452809,MATH 18,B05,093473,Staff,0,0,36,36
1655925452809,MATH 18,B06,093474,Staff,0,0,36,36
1655925458842,MATH 20A,A01,083754,Zheng; Zequn,10,0,40,30
1655925464865,MATH 20B,A01,083756,Briones; Jor-el Thomas Caparas,0,1,36,36
1655925464865,MATH 20B,A02,083757,Briones; Jor-el Thomas Caparas,1,0,36,35
1655925464865,MATH 20B,A03,093475,Staff,1,0,36,35
1655925470890,MATH 20C,A01,083760,Briones; Jor-el Thomas Caparas,0,2,35,35
1655925470890,MATH 20C,A02,083761,Briones; Jor-el Thomas Caparas,6,1,35,29
1655925470890,MATH 20C,A03,093476,Staff,1,1,35,34
1655925470890,MATH 20C,B01,083762,Bach; Quang Tran,3,0,30,27
1655925476934,MATH 20D,A01,083765,Tran; Brian Kha,1,0,30,29
1655925476934,MATH 20D,A02,083766,Tran; Brian Kha,0,1,30,30
1655925476934,MATH 20D,A03,083767,Tran; Brian Kha,1,0,30,29
1655925482965,MATH 20E,A01,083771,Ganguly; Soumya,0,0,32,32
1655925482965,MATH 20E,A02,083772,Ganguly; Soumya,1,1,32,31
1655925482965,MATH 20E,B01,083773,Ciotti; Benjamin,14,0,35,21
1655925482965,MATH 20E,B02,083774,Ciotti; Benjamin,12,0,35,23
1655925488991,MATH 103A,A01,083777,Greenfeld; Be'Eri,2,1,36,34
1655925488991,MATH 103A,A02,083778,Greenfeld; Be'Eri,1,0,36,35
1655925488991,MATH 103A,A03,093561,Staff,0,1,36,36
1655925488991,MATH 103A,B01,083779,Greenfeld; Be'Eri,7,1,36,29
1655925488991,MATH 103A,B02,083780,Greenfeld; Be'Eri,1,0,36,35
1655925488991,MATH 103A,B03,093562,Staff,0,0,36,36
1655925495023,MATH 105,A01,085443,Carter; Anne Toulson,3,1,35,32
1655925495023,MATH 105,A02,093477,Staff,5,0,35,30
1655925501055,MATH 109,A01,083213,Ganzberger; Geoffrey Michael,0,1,34,34
1655925501055,MATH 109,A02,083214,Ganzberger; Geoffrey Michael,0,0,34,34
1655925501055,MATH 109,A03,093478,Staff,1,0,34,33
1655925501055,MATH 109,B01,083215,Ganzberger; Geoffrey Michael,2,0,32,30
1655925501055,MATH 109,B02,083216,Ganzberger; Geoffrey Michael,0,0,32,32
1655925501055,MATH 109,B03,093479,Staff,4,0,32,28
1655925507078,MATH 142A,A01,083219,Chow; Bennett,0,0,32,32
1655925507078,MATH 142A,A02,083220,Chow; Bennett,8,0,32,24
1655925507078,MATH 142A,A03,093480,Staff,4,0,32,28
1655925507078,MATH 142A,B03,093481,Staff,3,0,32,29
1655925507078,MATH 142A,B04,093558,Staff,6,0,32,26
1655925507078,MATH 142A,B05,093559,Staff,1,0,32,31
1655925513112,MATH 193A,A01,083224,Rotar; Vladimir,1,1,34,33
1655925513112,MATH 193A,A02,083225,Rotar; Vladimir,0,0,34,34
1655925513112,MATH 193A,A03,083781,Rotar; Vladimir,2,0,34,32
1655925513112,MATH 193A,A04,083782,Rotar; Vladimir,2,0,34,32
1655925513112,MATH 193A,A05,093482,Rotar; Vladimir,1,0,34,33
1655925519148,MATH 197,001,091859,McAuley; Julian John,9999,0,9999,0
1655925519148,MATH 197,002,095566,Kedlaya; Kiran S.,9997,0,9999,2
1655925519148,MATH 197,003,095567,Xiao; Ming,9999,0,9999,0
1655925519148,MATH 197,004,095571,Perols; Johan Lars,9998,0,9999,1
1655925526215,COGS 9,A01,083615,Shannon; Kyle Michael,1,1,75,74
1655925532239,COGS 11,A01,083617,Boyle; Mary E. T.,10,1,48,38
1655925538271,COGS 13,A01,083071,Bastos; Amalia Pinkusfeld,3,1,71,68
1655925544295,COGS 14A,A01,092681,Staff,2,26,100,98
1655925550327,COGS 14B,A01,083073,Cheng; Tzu-Han,7,0,63,56
1655925556350,COGS 17,A01,092677,Staff,8,7,81,73
1655925562374,COGS 100,A01,083619,Allen; Michael Gordon,2,2,70,68
1655925568397,COGS 101A,A01,083621,Davis; Joshua Daniel,4,3,68,64
1655925574433,COGS 101B,A01,091572,Allen; Michael Gordon,1,0,65,64
1655925580460,COGS 101C,A01,083625,Delgado; Tania,8,0,35,27
1655925586482,COGS 107A,A01,083627,Boyle; Mary E. T.,1,2,60,59
1655925592505,COGS 118A,A01,083075,Gupta; Anjum,19,16,76,57
1655925598533,CSE 3,A50,083646,Miranda; Gregory Joseph,13,0,50,37
1655925604578,CSE 8A,A50,083650,Miranda; Gregory Joseph,3,11,56,53
1655925610606,CSE 11,A01,083080,Cao; Yingjun,0,68,40,40
1655925616630,CSE 12,A01,083652,Krause-Levy; Sophia Louisa,6,8,120,114
1655925622658,CSE 15L,A01,083654,Morris; Justin Loren,3,1,50,47
1655925622658,CSE 15L,A02,083655,Morris; Justin Loren,1,1,50,49
1655925628680,CSE 20,A01,083657,Tran; Khoa Dang,29,0,80,51
1655925634812,CSE 21,A01,095574,Bach; Quang Tran,23,0,48,25
1655925640836,CSE 30,A01,083084,Eldon; John,2,10,80,78
1655925640836,CSE 30,B01,095061,Bhaskar; Nishant,0,4,50,50
1655925646866,CSE 100,A01,083659,Cao; Yingjun,2,25,70,68
1655925652898,CSE 134B,A01,083661,Powell; Thomas Allan,5,7,100,95
1655925658937,CSE 140,A01,083663,Gungor; Onat,5,0,85,80
1655925664963,CSE 140L,A01,083088,Eldon; John,5,0,100,95
1655925670986,CSE 175,A01,083665,Kumar; Rakesh,1,0,25,24
1655925677012,CSE 190,A00,092507,Dubnov; Shlomo,1,0,20,19
1655925683035,ECE 45,A01,083139,Congero; Spencer William,0,1,75,75
1655925689059,ECE 65,A50,083695,Saad; Andrew S,6,0,30,24
1655925689059,ECE 65,A51,095125,Staff,23,0,26,3
1655925695083,ECE 109,A01,091882,Touri; Behrouz,2,3,70,68
1655925701107,ECE 180,A00,083140,Abi Samra; Nicholas Camill,1,0,30,29
1655925701107,ECE 180,B00,083141,Abi Samra; Nicholas Camill,0,8,28,28
1655925707134,MATH 10A,A01,083735,Patchell; Gregory David,0,0,30,30
1655925707134,MATH 10A,A02,083736,Patchell; Gregory David,21,0,30,9
1655925707134,MATH 10A,A03,083737,Patchell; Gregory David,16,0,30,14
1655925713160,MATH 10B,A01,083207,Lim; Seonhee,1,1,34,33
1655925713160,MATH 10B,A02,083208,Lim; Seonhee,1,1,35,34
1655925713160,MATH 10B,A03,093472,Staff,1,0,34,33
1655925713160,MATH 10B,B01,083739,Sinha; Shubham,10,0,30,20
1655925719202,MATH 18,A01,083743,Cinel; Cameron Alexander,4,0,30,26
1655925719202,MATH 18,A02,083744,Cinel; Cameron Alexander,11,0,30,19
1655925719202,MATH 18,A03,083745,Cinel; Cameron Alexander,1,0,30,29
1655925719202,MATH 18,B01,083748,Ma; Zilu,2,0,36,34
1655925719202,MATH 18,B02,083749,Ma; Zilu,0,0,36,36
1655925719202,MATH 18,B03,083750,Ma; Zilu,0,0,36,36
1655925719202,MATH 18,B04,083751,Ma; Zilu,0,0,36,36
1655925719202,MATH 18,B05,093473,Staff,0,0,36,36
1655925719202,MATH 18,B06,093474,Staff,0,0,36,36
1655925725227,MATH 20A,A01,083754,Zheng; Zequn,10,0,40,30
1655925731282,MATH 20B,A01,083756,Briones; Jor-el Thomas Caparas,0,1,36,36
1655925731282,MATH 20B,A02,083757,Briones; Jor-el Thomas Caparas,1,0,36,35
1655925731282,MATH 20B,A03,093475,Staff,1,0,36,35
1655925737306,MATH 20C,A01,083760,Briones; Jor-el Thomas Caparas,0,2,35,35
1655925737306,MATH 20C,A02,083761,Briones; Jor-el Thomas Caparas,6,1,35,29
1655925737306,MATH 20C,A03,093476,Staff,1,1,35,34
1655925737306,MATH 20C,B01,083762,Bach; Quang Tran,3,0,30,27
1655925743329,MATH 20D,A01,083765,Tran; Brian Kha,1,0,30,29
1655925743329,MATH 20D,A02,083766,Tran; Brian Kha,0,1,30,30
1655925743329,MATH 20D,A03,083767,Tran; Brian Kha,1,0,30,29
1655925749375,MATH 20E,A01,083771,Ganguly; Soumya,0,0,32,32
1655925749375,MATH 20E,A02,083772,Ganguly; Soumya,1,1,32,31
1655925749375,MATH 20E,B01,083773,Ciotti; Benjamin,14,0,35,21
1655925749375,MATH 20E,B02,083774,Ciotti; Benjamin,12,0,35,23
1655925755412,MATH 103A,A01,083777,Greenfeld; Be'Eri,2,1,36,34
1655925755412,MATH 103A,A02,083778,Greenfeld; Be'Eri,1,0,36,35
1655925755412,MATH 103A,A03,093561,Staff,0,1,36,36
1655925755412,MATH 103A,B01,083779,Greenfeld; Be'Eri,7,1,36,29
1655925755412,MATH 103A,B02,083780,Greenfeld; Be'Eri,1,0,36,35
1655925755412,MATH 103A,B03,093562,Staff,0,0,36,36
1655925761438,MATH 105,A01,085443,Carter; Anne Toulson,3,1,35,32
1655925761438,MATH 105,A02,093477,Staff,5,0,35,30
1655925767462,MATH 109,A01,083213,Ganzberger; Geoffrey Michael,0,1,34,34
1655925767462,MATH 109,A02,083214,Ganzberger; Geoffrey Michael,0,0,34,34
1655925767462,MATH 109,A03,093478,Staff,1,0,34,33
1655925767462,MATH 109,B01,083215,Ganzberger; Geoffrey Michael,2,0,32,30
1655925767462,MATH 109,B02,083216,Ganzberger; Geoffrey Michael,0,0,32,32
1655925767462,MATH 109,B03,093479,Staff,4,0,32,28
1655925773494,MATH 142A,A01,083219,Chow; Bennett,0,0,32,32
1655925773494,MATH 142A,A02,083220,Chow; Bennett,8,0,32,24
1655925773494,MATH 142A,A03,093480,Staff,4,0,32,28
1655925773494,MATH 142A,B03,093481,Staff,3,0,32,29
1655925773494,MATH 142A,B04,093558,Staff,6,0,32,26
1655925773494,MATH 142A,B05,093559,Staff,1,0,32,31
1655925779518,MATH 193A,A01,083224,Rotar; Vladimir,1,1,34,33
1655925779518,MATH 193A,A02,083225,Rotar; Vladimir,0,0,34,34
1655925779518,MATH 193A,A03,083781,Rotar; Vladimir,2,0,34,32
1655925779518,MATH 193A,A04,083782,Rotar; Vladimir,2,0,34,32
1655925779518,MATH 193A,A05,093482,Rotar; Vladimir,1,0,34,33
1655925785541,MATH 197,001,091859,McAuley; Julian John,9999,0,9999,0
1655925785541,MATH 197,002,095566,Kedlaya; Kiran S.,9997,0,9999,2
1655925785541,MATH 197,003,095567,Xiao; Ming,9999,0,9999,0
1655925785541,MATH 197,004,095571,Perols; Johan Lars,9998,0,9999,1
1655925792599,COGS 9,A01,083615,Shannon; Kyle Michael,1,1,75,74
1655925798631,COGS 11,A01,083617,Boyle; Mary E. T.,10,1,48,38
1655925804667,COGS 13,A01,083071,Bastos; Amalia Pinkusfeld,3,1,71,68
1655925810690,COGS 14A,A01,092681,Staff,2,26,100,98
1655925816717,COGS 14B,A01,083073,Cheng; Tzu-Han,7,0,63,56
1655925822740,COGS 17,A01,092677,Staff,8,7,81,73
1655925828774,COGS 100,A01,083619,Allen; Michael Gordon,2,2,70,68
1655925834803,COGS 101A,A01,083621,Davis; Joshua Daniel,4,3,68,64
1655925840830,COGS 101B,A01,091572,Allen; Michael Gordon,1,0,65,64
1655925846866,COGS 101C,A01,083625,Delgado; Tania,8,0,35,27
1655925852892,COGS 107A,A01,083627,Boyle; Mary E. T.,1,2,60,59
1655925858921,COGS 118A,A01,083075,Gupta; Anjum,19,16,76,57
1655925864948,CSE 3,A50,083646,Miranda; Gregory Joseph,13,0,50,37
1655925870970,CSE 8A,A50,083650,Miranda; Gregory Joseph,3,11,56,53
1655925876996,CSE 11,A01,083080,Cao; Yingjun,0,68,40,40
1655925883025,CSE 12,A01,083652,Krause-Levy; Sophia Louisa,6,8,120,114
1655925889055,CSE 15L,A01,083654,Morris; Justin Loren,3,1,50,47
1655925889055,CSE 15L,A02,083655,Morris; Justin Loren,1,1,50,49
1655925895081,CSE 20,A01,083657,Tran; Khoa Dang,29,0,80,51
1655925901110,CSE 21,A01,095574,Bach; Quang Tran,23,0,48,25
1655925907133,CSE 30,A01,083084,Eldon; John,2,10,80,78
1655925907133,CSE 30,B01,095061,Bhaskar; Nishant,0,4,50,50
1655925913161,CSE 100,A01,083659,Cao; Yingjun,2,25,70,68
1655925919192,CSE 134B,A01,083661,Powell; Thomas Allan,5,7,100,95
1655925925217,CSE 140,A01,083663,Gungor; Onat,5,0,85,80
1655925931244,CSE 140L,A01,083088,Eldon; John,5,0,100,95
1655925937270,CSE 175,A01,083665,Kumar; Rakesh,1,0,25,24
1655925943294,CSE 190,A00,092507,Dubnov; Shlomo,1,0,20,19
1655925949318,ECE 45,A01,083139,Congero; Spencer William,0,1,75,75
1655925955342,ECE 65,A50,083695,Saad; Andrew S,6,0,30,24
1655925955342,ECE 65,A51,095125,Staff,23,0,26,3
1655925961369,ECE 109,A01,091882,Touri; Behrouz,2,3,70,68
1655925967397,ECE 180,A00,083140,Abi Samra; Nicholas Camill,1,0,30,29
1655925967397,ECE 180,B00,083141,Abi Samra; Nicholas Camill,0,8,28,28
1655925973430,MATH 10A,A01,083735,Patchell; Gregory David,0,0,30,30
1655925973430,MATH 10A,A02,083736,Patchell; Gregory David,21,0,30,9
1655925973430,MATH 10A,A03,083737,Patchell; Gregory David,16,0,30,14
1655925979470,MATH 10B,A01,083207,Lim; Seonhee,1,1,34,33
1655925979470,MATH 10B,A02,083208,Lim; Seonhee,1,1,35,34
1655925979470,MATH 10B,A03,093472,Staff,1,0,34,33
1655925979470,MATH 10B,B01,083739,Sinha; Shubham,10,0,30,20
1655925985500,MATH 18,A01,083743,Cinel; Cameron Alexander,4,0,30,26
1655925985500,MATH 18,A02,083744,Cinel; Cameron Alexander,11,0,30,19
1655925985500,MATH 18,A03,083745,Cinel; Cameron Alexander,1,0,30,29
1655925985500,MATH 18,B01,083748,Ma; Zilu,2,0,36,34
1655925985500,MATH 18,B02,083749,Ma; Zilu,0,0,36,36
1655925985500,MATH 18,B03,083750,Ma; Zilu,0,0,36,36
1655925985500,MATH 18,B04,083751,Ma; Zilu,0,0,36,36
1655925985500,MATH 18,B05,093473,Staff,0,0,36,36
1655925985500,MATH 18,B06,093474,Staff,0,0,36,36
1655925991523,MATH 20A,A01,083754,Zheng; Zequn,10,0,40,30
1655925997545,MATH 20B,A01,083756,Briones; Jor-el Thomas Caparas,0,1,36,36
1655925997545,MATH 20B,A02,083757,Briones; Jor-el Thomas Caparas,1,0,36,35
1655925997545,MATH 20B,A03,093475,Staff,1,0,36,35
1655926003569,MATH 20C,A01,083760,Briones; Jor-el Thomas Caparas,0,2,35,35
1655926003569,MATH 20C,A02,083761,Briones; Jor-el Thomas Caparas,6,1,35,29
1655926003569,MATH 20C,A03,093476,Staff,1,1,35,34
1655926003569,MATH 20C,B01,083762,Bach; Quang Tran,3,0,30,27
1655926009596,MATH 20D,A01,083765,Tran; Brian Kha,1,0,30,29
1655926009596,MATH 20D,A02,083766,Tran; Brian Kha,0,1,30,30
1655926009596,MATH 20D,A03,083767,Tran; Brian Kha,1,0,30,29
1655926015622,MATH 20E,A01,083771,Ganguly; Soumya,0,0,32,32
1655926015622,MATH 20E,A02,083772,Ganguly; Soumya,1,1,32,31
1655926015622,MATH 20E,B01,083773,Ciotti; Benjamin,14,0,35,21
1655926015622,MATH 20E,B02,083774,Ciotti; Benjamin,12,0,35,23
1655926021659,MATH 103A,A01,083777,Greenfeld; Be'Eri,2,1,36,34
1655926021659,MATH 103A,A02,083778,Greenfeld; Be'Eri,1,0,36,35
1655926021659,MATH 103A,A03,093561,Staff,0,1,36,36
1655926021659,MATH 103A,B01,083779,Greenfeld; Be'Eri,7,1,36,29
1655926021659,MATH 103A,B02,083780,Greenfeld; Be'Eri,1,0,36,35
1655926021659,MATH 103A,B03,093562,Staff,0,0,36,36
1655926027690,MATH 105,A01,085443,Carter; Anne Toulson,3,1,35,32
1655926027690,MATH 105,A02,093477,Staff,5,0,35,30
1655926033721,MATH 109,A01,083213,Ganzberger; Geoffrey Michael,0,1,34,34
1655926033721,MATH 109,A02,083214,Ganzberger; Geoffrey Michael,0,0,34,34
1655926033721,MATH 109,A03,093478,Staff,0,0,34,34
1655926033721,MATH 109,B01,083215,Ganzberger; Geoffrey Michael,2,0,32,30
1655926033721,MATH 109,B02,083216,Ganzberger; Geoffrey Michael,0,0,32,32
1655926033721,MATH 109,B03,093479,Staff,4,0,32,28
1655926039752,MATH 142A,A01,083219,Chow; Bennett,0,0,32,32
1655926039752,MATH 142A,A02,083220,Chow; Bennett,8,0,32,24
1655926039752,MATH 142A,A03,093480,Staff,4,0,32,28
1655926039752,MATH 142A,B03,093481,Staff,3,0,32,29
1655926039752,MATH 142A,B04,093558,Staff,6,0,32,26
1655926039752,MATH 142A,B05,093559,Staff,1,0,32,31
1655926045788,MATH 193A,A01,083224,Rotar; Vladimir,1,1,34,33
1655926045788,MATH 193A,A02,083225,Rotar; Vladimir,0,0,34,34
1655926045788,MATH 193A,A03,083781,Rotar; Vladimir,2,0,34,32
1655926045788,MATH 193A,A04,083782,Rotar; Vladimir,2,0,34,32
1655926045788,MATH 193A,A05,093482,Rotar; Vladimir,1,0,34,33
1655926051815,MATH 197,001,091859,McAuley; Julian John,9999,0,9999,0
1655926051815,MATH 197,002,095566,Kedlaya; Kiran S.,9997,0,9999,2
1655926051815,MATH 197,003,095567,Xiao; Ming,9999,0,9999,0
1655926051815,MATH 197,004,095571,Perols; Johan Lars,9998,0,9999,1
1655926058870,COGS 9,A01,083615,Shannon; Kyle Michael,1,1,75,74
1655926064893,COGS 11,A01,083617,Boyle; Mary E. T.,10,1,48,38
1655926070921,COGS 13,A01,083071,Bastos; Amalia Pinkusfeld,3,1,71,68
1655926076943,COGS 14A,A01,092681,Staff,2,26,100,98
1655926082969,COGS 14B,A01,083073,Cheng; Tzu-Han,7,0,63,56
1655926088995,COGS 17,A01,092677,Staff,8,7,81,73
1655926095021,COGS 100,A01,083619,Allen; Michael Gordon,2,2,70,68
1655926101049,COGS 101A,A01,083621,Davis; Joshua Daniel,4,3,68,64
1655926107079,COGS 101B,A01,091572,Allen; Michael Gordon,1,0,65,64
1655926113106,COGS 101C,A01,083625,Delgado; Tania,8,0,35,27
1655926119130,COGS 107A,A01,083627,Boyle; Mary E. T.,1,2,60,59
1655926125154,COGS 118A,A01,083075,Gupta; Anjum,19,16,76,57
1655926131177,CSE 3,A50,083646,Miranda; Gregory Joseph,13,0,50,37
1655926137201,CSE 8A,A50,083650,Miranda; Gregory Joseph,3,11,56,53
1655926143227,CSE 11,A01,083080,Cao; Yingjun,0,68,40,40
1655926149254,CSE 12,A01,083652,Krause-Levy; Sophia Louisa,6,8,120,114
1655926155282,CSE 15L,A01,083654,Morris; Justin Loren,3,1,50,47
1655926155282,CSE 15L,A02,083655,Morris; Justin Loren,1,1,50,49
1655926161311,CSE 20,A01,083657,Tran; Khoa Dang,29,0,80,51
1655926167349,CSE 21,A01,095574,Bach; Quang Tran,23,0,48,25
1655926173371,CSE 30,A01,083084,Eldon; John,2,10,80,78
1655926173371,CSE 30,B01,095061,Bhaskar; Nishant,0,4,50,50
1655926179398,CSE 100,A01,083659,Cao; Yingjun,2,25,70,68
1655926185425,CSE 134B,A01,083661,Powell; Thomas Allan,5,7,100,95
1655926191448,CSE 140,A01,083663,Gungor; Onat,5,0,85,80
1655926197471,CSE 140L,A01,083088,Eldon; John,5,0,100,95
1655926203495,CSE 175,A01,083665,Kumar; Rakesh,1,0,25,24
1655926209519,CSE 190,A00,092507,Dubnov; Shlomo,1,0,20,19
1655926215548,ECE 45,A01,083139,Congero; Spencer William,0,1,75,75
1655926221581,ECE 65,A50,083695,Saad; Andrew S,6,0,30,24
1655926221581,ECE 65,A51,095125,Staff,23,0,26,3
1655926227604,ECE 109,A01,091882,Touri; Behrouz,2,3,70,68
1655926233724,ECE 180,A00,083140,Abi Samra; Nicholas Camill,1,0,30,29
1655926233724,ECE 180,B00,083141,Abi Samra; Nicholas Camill,0,8,28,28
1655926239759,MATH 10A,A01,083735,Patchell; Gregory David,0,0,30,30
1655926239759,MATH 10A,A02,083736,Patchell; Gregory David,21,0,30,9
1655926239759,MATH 10A,A03,083737,Patchell; Gregory David,16,0,30,14
1655926245782,MATH 10B,A01,083207,Lim; Seonhee,1,1,34,33
1655926245782,MATH 10B,A02,083208,Lim; Seonhee,1,1,35,34
1655926245782,MATH 10B,A03,093472,Staff,1,0,34,33
1655926245782,MATH 10B,B01,083739,Sinha; Shubham,10,0,30,20
1655926251825,MATH 18,A01,083743,Cinel; Cameron Alexander,4,0,30,26
1655926251825,MATH 18,A02,083744,Cinel; Cameron Alexander,11,0,30,19
1655926251825,MATH 18,A03,083745,Cinel; Cameron Alexander,1,0,30,29
1655926251825,MATH 18,B01,083748,Ma; Zilu,2,0,36,34
1655926251825,MATH 18,B02,083749,Ma; Zilu,0,0,36,36
1655926251825,MATH 18,B03,083750,Ma; Zilu,0,0,36,36
1655926251825,MATH 18,B04,083751,Ma; Zilu,0,0,36,36
1655926251825,MATH 18,B05,093473,Staff,0,0,36,36
1655926251825,MATH 18,B06,093474,Staff,0,0,36,36
1655926257851,MATH 20A,A01,083754,Zheng; Zequn,10,0,40,30
1655926263875,MATH 20B,A01,083756,Briones; Jor-el Thomas Caparas,0,1,36,36
1655926263875,MATH 20B,A02,083757,Briones; Jor-el Thomas Caparas,1,0,36,35
1655926263875,MATH 20B,A03,093475,Staff,1,0,36,35
1655926269906,MATH 20C,A01,083760,Briones; Jor-el Thomas Caparas,0,2,35,35
1655926269906,MATH 20C,A02,083761,Briones; Jor-el Thomas Caparas,6,1,35,29
1655926269906,MATH 20C,A03,093476,Staff,1,1,35,34
1655926269906,MATH 20C,B01,083762,Bach; Quang Tran,3,0,30,27
1655926275950,MATH 20D,A01,083765,Tran; Brian Kha,1,0,30,29
1655926275950,MATH 20D,A02,083766,Tran; Brian Kha,0,1,30,30
1655926275950,MATH 20D,A03,083767,Tran; Brian Kha,1,0,30,29
1655926281972,MATH 20E,A01,083771,Ganguly; Soumya,0,0,32,32
1655926281972,MATH 20E,A02,083772,Ganguly; Soumya,1,1,32,31
1655926281972,MATH 20E,B01,083773,Ciotti; Benjamin,14,0,35,21
1655926281972,MATH 20E,B02,083774,Ciotti; Benjamin,12,0,35,23
1655926287996,MATH 103A,A01,083777,Greenfeld; Be'Eri,2,1,36,34
1655926287996,MATH 103A,A02,083778,Greenfeld; Be'Eri,1,0,36,35
1655926287996,MATH 103A,A03,093561,Staff,0,1,36,36
1655926287996,MATH 103A,B01,083779,Greenfeld; Be'Eri,7,1,36,29
1655926287996,MATH 103A,B02,083780,Greenfeld; Be'Eri,1,0,36,35
1655926287996,MATH 103A,B03,093562,Staff,0,0,36,36
1655926294024,MATH 105,A01,085443,Carter; Anne Toulson,3,1,35,32
1655926294024,MATH 105,A02,093477,Staff,5,0,35,30
1655926300052,MATH 109,A01,083213,Ganzberger; Geoffrey Michael,0,1,34,34
1655926300052,MATH 109,A02,083214,Ganzberger; Geoffrey Michael,0,0,34,34
1655926300052,MATH 109,A03,093478,Staff,0,0,34,34
1655926300052,MATH 109,B01,083215,Ganzberger; Geoffrey Michael,1,0,32,31
1655926300052,MATH 109,B02,083216,Ganzberger; Geoffrey Michael,0,0,32,32
1655926300052,MATH 109,B03,093479,Staff,4,0,32,28
1655926306082,MATH 142A,A01,083219,Chow; Bennett,0,0,32,32
1655926306082,MATH 142A,A02,083220,Chow; Bennett,8,0,32,24
1655926306082,MATH 142A,A03,093480,Staff,4,0,32,28
1655926306082,MATH 142A,B03,093481,Staff,3,0,32,29
1655926306082,MATH 142A,B04,093558,Staff,6,0,32,26
1655926306082,MATH 142A,B05,093559,Staff,1,0,32,31
1655926312123,MATH 193A,A01,083224,Rotar; Vladimir,1,1,34,33
1655926312123,MATH 193A,A02,083225,Rotar; Vladimir,0,0,34,34
1655926312123,MATH 193A,A03,083781,Rotar; Vladimir,2,0,34,32
1655926312123,MATH 193A,A04,083782,Rotar; Vladimir,2,0,34,32
1655926312123,MATH 193A,A05,093482,Rotar; Vladimir,1,0,34,33
1655926318145,MATH 197,001,091859,McAuley; Julian John,9999,0,9999,0
1655926318145,MATH 197,002,095566,Kedlaya; Kiran S.,9997,0,9999,2
1655926318145,MATH 197,003,095567,Xiao; Ming,9999,0,9999,0
1655926318145,MATH 197,004,095571,Perols; Johan Lars,9998,0,9999,1
1655926325204,COGS 9,A01,083615,Shannon; Kyle Michael,1,1,75,74
1655926331231,COGS 11,A01,083617,Boyle; Mary E. T.,10,1,48,38
1655926337258,COGS 13,A01,083071,Bastos; Amalia Pinkusfeld,3,1,71,68
1655926343280,COGS 14A,A01,092681,Staff,2,26,100,98
1655926349305,COGS 14B,A01,083073,Cheng; Tzu-Han,7,0,63,56
1655926355328,COGS 17,A01,092677,Staff,8,7,81,73
1655926361352,COGS 100,A01,083619,Allen; Michael Gordon,2,2,70,68
1655926367390,COGS 101A,A01,083621,Davis; Joshua Daniel,4,3,68,64
1655926373413,COGS 101B,A01,091572,Allen; Michael Gordon,1,0,65,64
1655926379448,COGS 101C,A01,083625,Delgado; Tania,8,0,35,27
1655926385470,COGS 107A,A01,083627,Boyle; Mary E. T.,1,2,60,59
1655926391514,COGS 118A,A01,083075,Gupta; Anjum,19,16,76,57
1655926397546,CSE 3,A50,083646,Miranda; Gregory Joseph,13,0,50,37
1655926403583,CSE 8A,A50,083650,Miranda; Gregory Joseph,3,11,56,53
1655926409610,CSE 11,A01,083080,Cao; Yingjun,0,68,40,40
1655926415634,CSE 12,A01,083652,Krause-Levy; Sophia Louisa,6,8,120,114
1655926421662,CSE 15L,A01,083654,Morris; Justin Loren,3,1,50,47
1655926421662,CSE 15L,A02,083655,Morris; Justin Loren,1,1,50,49
1655926427691,CSE 20,A01,083657,Tran; Khoa Dang,29,0,80,51
1655926433718,CSE 21,A01,095574,Bach; Quang Tran,23,0,48,25
1655926439743,CSE 30,A01,083084,Eldon; John,2,10,80,78
1655926439743,CSE 30,B01,095061,Bhaskar; Nishant,0,4,50,50
1655926445767,CSE 100,A01,083659,Cao; Yingjun,2,25,70,68
1655926451790,CSE 134B,A01,083661,Powell; Thomas Allan,5,7,100,95
1655926457812,CSE 140,A01,083663,Gungor; Onat,5,0,85,80
1655926463836,CSE 140L,A01,083088,Eldon; John,5,0,100,95
1655926469861,CSE 175,A01,083665,Kumar; Rakesh,1,0,25,24
1655926475883,CSE 190,A00,092507,Dubnov; Shlomo,1,0,20,19
1655926481920,ECE 45,A01,083139,Congero; Spencer William,0,1,75,75
1655926487947,ECE 65,A50,083695,Saad; Andrew S,6,0,30,24
1655926487947,ECE 65,A51,095125,Staff,23,0,26,3
1655926493972,ECE 109,A01,091882,Touri; Behrouz,2,3,70,68
1655926500029,ECE 180,A00,083140,Abi Samra; Nicholas Camill,1,0,30,29
1655926500029,ECE 180,B00,083141,Abi Samra; Nicholas Camill,0,8,28,28
1655926506052,MATH 10A,A01,083735,Patchell; Gregory David,0,0,30,30
1655926506052,MATH 10A,A02,083736,Patchell; Gregory David,21,0,30,9
1655926506052,MATH 10A,A03,083737,Patchell; Gregory David,16,0,30,14
1655926512080,MATH 10B,A01,083207,Lim; Seonhee,1,1,34,33
1655926512080,MATH 10B,A02,083208,Lim; Seonhee,1,1,35,34
1655926512080,MATH 10B,A03,093472,Staff,1,0,34,33
1655926512080,MATH 10B,B01,083739,Sinha; Shubham,10,0,30,20
1655926518128,MATH 18,A01,083743,Cinel; Cameron Alexander,4,0,30,26
1655926518128,MATH 18,A02,083744,Cinel; Cameron Alexander,11,0,30,19
1655926518128,MATH 18,A03,083745,Cinel; Cameron Alexander,1,0,30,29
1655926518128,MATH 18,B01,083748,Ma; Zilu,2,0,36,34
1655926518128,MATH 18,B02,083749,Ma; Zilu,0,0,36,36
1655926518128,MATH 18,B03,083750,Ma; Zilu,0,0,36,36
1655926518128,MATH 18,B04,083751,Ma; Zilu,0,0,36,36
1655926518128,MATH 18,B05,093473,Staff,0,0,36,36
1655926518128,MATH 18,B06,093474,Staff,0,0,36,36
1655926524151,MATH 20A,A01,083754,Zheng; Zequn,10,0,40,30
1655926530179,MATH 20B,A01,083756,Briones; Jor-el Thomas Caparas,0,1,36,36
1655926530179,MATH 20B,A02,083757,Briones; Jor-el Thomas Caparas,1,0,36,35
1655926530179,MATH 20B,A03,093475,Staff,1,0,36,35
1655926536202,MATH 20C,A01,083760,Briones; Jor-el Thomas Caparas,0,2,35,35
1655926536202,MATH 20C,A02,083761,Briones; Jor-el Thomas Caparas,6,1,35,29
1655926536202,MATH 20C,A03,093476,Staff,1,1,35,34
1655926536202,MATH 20C,B01,083762,Bach; Quang Tran,3,0,30,27
1655926542226,MATH 20D,A01,083765,Tran; Brian Kha,1,0,30,29
1655926542226,MATH 20D,A02,083766,Tran; Brian Kha,0,1,30,30
1655926542226,MATH 20D,A03,083767,Tran; Brian Kha,1,0,30,29
1655926548252,MATH 20E,A01,083771,Ganguly; Soumya,0,0,32,32
1655926548252,MATH 20E,A02,083772,Ganguly; Soumya,1,1,32,31
1655926548252,MATH 20E,B01,083773,Ciotti; Benjamin,14,0,35,21
1655926548252,MATH 20E,B02,083774,Ciotti; Benjamin,12,0,35,23
1655926554285,MATH 103A,A01,083777,Greenfeld; Be'Eri,2,1,36,34
1655926554285,MATH 103A,A02,083778,Greenfeld; Be'Eri,1,0,36,35
1655926554285,MATH 103A,A03,093561,Staff,0,1,36,36
1655926554285,MATH 103A,B01,083779,Greenfeld; Be'Eri,7,1,36,29
1655926554285,MATH 103A,B02,083780,Greenfeld; Be'Eri,1,0,36,35
1655926554285,MATH 103A,B03,093562,Staff,0,0,36,36
1655926560327,MATH 105,A01,085443,Carter; Anne Toulson,3,1,35,32
1655926560327,MATH 105,A02,093477,Staff,5,0,35,30
1655926566355,MATH 109,A01,083213,Ganzberger; Geoffrey Michael,0,1,34,34
1655926566355,MATH 109,A02,083214,Ganzberger; Geoffrey Michael,0,0,34,34
1655926566355,MATH 109,A03,093478,Staff,0,0,34,34
1655926566355,MATH 109,B01,083215,Ganzberger; Geoffrey Michael,1,0,32,31
1655926566355,MATH 109,B02,083216,Ganzberger; Geoffrey Michael,0,0,32,32
1655926566355,MATH 109,B03,093479,Staff,4,0,32,28
1655926572386,MATH 142A,A01,083219,Chow; Bennett,0,0,32,32
1655926572386,MATH 142A,A02,083220,Chow; Bennett,8,0,32,24
1655926572386,MATH 142A,A03,093480,Staff,4,0,32,28
1655926572386,MATH 142A,B03,093481,Staff,3,0,32,29
1655926572386,MATH 142A,B04,093558,Staff,6,0,32,26
1655926572386,MATH 142A,B05,093559,Staff,1,0,32,31
1655926578415,MATH 193A,A01,083224,Rotar; Vladimir,1,1,34,33
1655926578415,MATH 193A,A02,083225,Rotar; Vladimir,0,0,34,34
1655926578415,MATH 193A,A03,083781,Rotar; Vladimir,2,0,34,32
1655926578415,MATH 193A,A04,083782,Rotar; Vladimir,2,0,34,32
1655926578415,MATH 193A,A05,093482,Rotar; Vladimir,1,0,34,33
1655926584439,MATH 197,001,091859,McAuley; Julian John,9999,0,9999,0
1655926584439,MATH 197,002,095566,Kedlaya; Kiran S.,9997,0,9999,2
1655926584439,MATH 197,003,095567,Xiao; Ming,9999,0,9999,0
1655926584439,MATH 197,004,095571,Perols; Johan Lars,9998,0,9999,1
1655926591508,COGS 9,A01,083615,Shannon; Kyle Michael,1,1,75,74
1655926597536,COGS 11,A01,083617,Boyle; Mary E. T.,10,1,48,38
1655926603558,COGS 13,A01,083071,Bastos; Amalia Pinkusfeld,3,1,71,68
1655926609589,COGS 14A,A01,092681,Staff,2,26,100,98
1655926615611,COGS 14B,A01,083073,Cheng; Tzu-Han,7,0,63,56
1655926621638,COGS 17,A01,092677,Staff,8,7,81,73
1655926627661,COGS 100,A01,083619,Allen; Michael Gordon,2,2,70,68
1655926633743,COGS 101A,A01,083621,Davis; Joshua Daniel,4,3,68,64
1655926639766,COGS 101B,A01,091572,Allen; Michael Gordon,1,0,65,64
1655926645797,COGS 101C,A01,083625,Delgado; Tania,8,0,35,27
1655926651820,COGS 107A,A01,083627,Boyle; Mary E. T.,1,2,60,59
1655926657844,COGS 118A,A01,083075,Gupta; Anjum,19,16,76,57
1655926663873,CSE 3,A50,083646,Miranda; Gregory Joseph,13,0,50,37
1655926669902,CSE 8A,A50,083650,Miranda; Gregory Joseph,3,11,56,53
1655926675925,CSE 11,A01,083080,Cao; Yingjun,0,68,40,40
1655926681952,CSE 12,A01,083652,Krause-Levy; Sophia Louisa,6,8,120,114
1655926687977,CSE 15L,A01,083654,Morris; Justin Loren,3,1,50,47
1655926687977,CSE 15L,A02,083655,Morris; Justin Loren,1,1,50,49
1655926694006,CSE 20,A01,083657,Tran; Khoa Dang,29,0,80,51
1655926700045,CSE 21,A01,095574,Bach; Quang Tran,23,0,48,25
1655926706072,CSE 30,A01,083084,Eldon; John,2,10,80,78
1655926706072,CSE 30,B01,095061,Bhaskar; Nishant,0,4,50,50
1655926712109,CSE 100,A01,083659,Cao; Yingjun,2,25,70,68
1655926718135,CSE 134B,A01,083661,Powell; Thomas Allan,5,7,100,95
1655926724168,CSE 140,A01,083663,Gungor; Onat,5,0,85,80
1655926730192,CSE 140L,A01,083088,Eldon; John,5,0,100,95
1655926736223,CSE 175,A01,083665,Kumar; Rakesh,1,0,25,24
1655926742256,CSE 190,A00,092507,Dubnov; Shlomo,1,0,20,19
1655926748280,ECE 45,A01,083139,Congero; Spencer William,0,1,75,75
1655926754316,ECE 65,A50,083695,Saad; Andrew S,6,0,30,24
1655926754316,ECE 65,A51,095125,Staff,23,0,26,3
1655926760343,ECE 109,A01,091882,Touri; Behrouz,2,3,70,68
1655926766370,ECE 180,A00,083140,Abi Samra; Nicholas Camill,1,0,30,29
1655926766370,ECE 180,B00,083141,Abi Samra; Nicholas Camill,0,8,28,28
1655926772403,MATH 10A,A01,083735,Patchell; Gregory David,0,0,30,30
1655926772403,MATH 10A,A02,083736,Patchell; Gregory David,21,0,30,9
1655926772403,MATH 10A,A03,083737,Patchell; Gregory David,16,0,30,14
1655926778435,MATH 10B,A01,083207,Lim; Seonhee,1,1,34,33
1655926778435,MATH 10B,A02,083208,Lim; Seonhee,1,1,35,34
1655926778435,MATH 10B,A03,093472,Staff,1,0,34,33
1655926778435,MATH 10B,B01,083739,Sinha; Shubham,10,0,30,20
1655926784460,MATH 18,A01,083743,Cinel; Cameron Alexander,4,0,30,26
1655926784460,MATH 18,A02,083744,Cinel; Cameron Alexander,11,0,30,19
1655926784460,MATH 18,A03,083745,Cinel; Cameron Alexander,1,0,30,29
1655926784460,MATH 18,B01,083748,Ma; Zilu,2,0,36,34
1655926784460,MATH 18,B02,083749,Ma; Zilu,0,0,36,36
1655926784460,MATH 18,B03,083750,Ma; Zilu,0,0,36,36
1655926784460,MATH 18,B04,083751,Ma; Zilu,0,0,36,36
1655926784460,MATH 18,B05,093473,Staff,0,0,36,36
1655926784460,MATH 18,B06,093474,Staff,0,0,36,36
1655926790489,MATH 20A,A01,083754,Zheng; Zequn,10,0,40,30
1655926796517,MATH 20B,A01,083756,Briones; Jor-el Thomas Caparas,0,1,36,36
1655926796517,MATH 20B,A02,083757,Briones; Jor-el Thomas Caparas,1,0,36,35
1655926796517,MATH 20B,A03,093475,Staff,1,0,36,35
1655926802548,MATH 20C,A01,083760,Briones; Jor-el Thomas Caparas,0,2,35,35
1655926802548,MATH 20C,A02,083761,Briones; Jor-el Thomas Caparas,6,1,35,29
1655926802548,MATH 20C,A03,093476,Staff,1,1,35,34
1655926802548,MATH 20C,B01,083762,Bach; Quang Tran,3,0,30,27
1655926808576,MATH 20D,A01,083765,Tran; Brian Kha,1,0,30,29
1655926808576,MATH 20D,A02,083766,Tran; Brian Kha,0,1,30,30
1655926808576,MATH 20D,A03,083767,Tran; Brian Kha,1,0,30,29
1655926814614,MATH 20E,A01,083771,Ganguly; Soumya,0,0,32,32
1655926814614,MATH 20E,A02,083772,Ganguly; Soumya,1,1,32,31
1655926814614,MATH 20E,B01,083773,Ciotti; Benjamin,14,0,35,21
1655926814614,MATH 20E,B02,083774,Ciotti; Benjamin,12,0,35,23
1655926820644,MATH 103A,A01,083777,Greenfeld; Be'Eri,2,1,36,34
1655926820644,MATH 103A,A02,083778,Greenfeld; Be'Eri,1,0,36,35
1655926820644,MATH 103A,A03,093561,Staff,0,1,36,36
1655926820644,MATH 103A,B01,083779,Greenfeld; Be'Eri,7,1,36,29
1655926820644,MATH 103A,B02,083780,Greenfeld; Be'Eri,1,0,36,35
1655926820644,MATH 103A,B03,093562,Staff,0,0,36,36
1655926826673,MATH 105,A01,085443,Carter; Anne Toulson,3,1,35,32
1655926826673,MATH 105,A02,093477,Staff,5,0,35,30
1655926832771,MATH 109,A01,083213,Ganzberger; Geoffrey Michael,0,1,34,34
1655926832771,MATH 109,A02,083214,Ganzberger; Geoffrey Michael,0,0,34,34
1655926832771,MATH 109,A03,093478,Staff,0,0,34,34
1655926832771,MATH 109,B01,083215,Ganzberger; Geoffrey Michael,1,0,32,31
1655926832771,MATH 109,B02,083216,Ganzberger; Geoffrey Michael,0,0,32,32
1655926832771,MATH 109,B03,093479,Staff,4,0,32,28
1655926838796,MATH 142A,A01,083219,Chow; Bennett,0,0,32,32
1655926838796,MATH 142A,A02,083220,Chow; Bennett,8,0,32,24
1655926838796,MATH 142A,A03,093480,Staff,4,0,32,28
1655926838796,MATH 142A,B03,093481,Staff,3,0,32,29
1655926838796,MATH 142A,B04,093558,Staff,6,0,32,26
1655926838796,MATH 142A,B05,093559,Staff,1,0,32,31
1655926844820,MATH 193A,A01,083224,Rotar; Vladimir,1,1,34,33
1655926844820,MATH 193A,A02,083225,Rotar; Vladimir,0,0,34,34
1655926844820,MATH 193A,A03,083781,Rotar; Vladimir,2,0,34,32
1655926844820,MATH 193A,A04,083782,Rotar; Vladimir,2,0,34,32
1655926844820,MATH 193A,A05,093482,Rotar; Vladimir,1,0,34,33
1655926850850,MATH 197,001,091859,McAuley; Julian John,9999,0,9999,0
1655926850850,MATH 197,002,095566,Kedlaya; Kiran S.,9997,0,9999,2
1655926850850,MATH 197,003,095567,Xiao; Ming,9999,0,9999,0
1655926850850,MATH 197,004,095571,Perols; Johan Lars,9998,0,9999,1
1655926857905,COGS 9,A01,083615,Shannon; Kyle Michael,1,1,75,74
1655926863926,COGS 11,A01,083617,Boyle; Mary E. T.,10,1,48,38
1655926869950,COGS 13,A01,083071,Bastos; Amalia Pinkusfeld,3,1,71,68
1655926875989,COGS 14A,A01,092681,Staff,2,26,100,98
1655926882016,COGS 14B,A01,083073,Cheng; Tzu-Han,7,0,63,56
1655926888048,COGS 17,A01,092677,Staff,8,7,81,73
1655926894071,COGS 100,A01,083619,Allen; Michael Gordon,2,2,70,68
1655926900107,COGS 101A,A01,083621,Davis; Joshua Daniel,4,3,68,64
1655926906133,COGS 101B,A01,091572,Allen; Michael Gordon,1,0,65,64
1655926912157,COGS 101C,A01,083625,Delgado; Tania,8,0,35,27
1655926918202,COGS 107A,A01,083627,Boyle; Mary E. T.,1,2,60,59
1655926924232,COGS 118A,A01,083075,Gupta; Anjum,19,16,76,57
1655926930262,CSE 3,A50,083646,Miranda; Gregory Joseph,13,0,50,37
1655926936286,CSE 8A,A50,083650,Miranda; Gregory Joseph,3,11,56,53
1655926942308,CSE 11,A01,083080,Cao; Yingjun,0,68,40,40
1655926948333,CSE 12,A01,083652,Krause-Levy; Sophia Louisa,6,8,120,114
1655926954362,CSE 15L,A01,083654,Morris; Justin Loren,3,1,50,47
1655926954362,CSE 15L,A02,083655,Morris; Justin Loren,1,1,50,49
1655926960391,CSE 20,A01,083657,Tran; Khoa Dang,29,0,80,51
1655926966418,CSE 21,A01,095574,Bach; Quang Tran,23,0,48,25
1655926972440,CSE 30,A01,083084,Eldon; John,2,10,80,78
1655926972440,CSE 30,B01,095061,Bhaskar; Nishant,0,4,50,50
1655926978466,CSE 100,A01,083659,Cao; Yingjun,2,25,70,68
1655926984489,CSE 134B,A01,083661,Powell; Thomas Allan,5,7,100,95
1655926990514,CSE 140,A01,083663,Gungor; Onat,5,0,85,80
1655926996541,CSE 140L,A01,083088,Eldon; John,5,0,100,95
1655927002565,CSE 175,A01,083665,Kumar; Rakesh,1,0,25,24
1655927008593,CSE 190,A00,092507,Dubnov; Shlomo,1,0,20,19
1655927014620,ECE 45,A01,083139,Congero; Spencer William,0,1,75,75
1655927020650,ECE 65,A50,083695,Saad; Andrew S,6,0,30,24
1655927020650,ECE 65,A51,095125,Staff,23,0,26,3
1655927026672,ECE 109,A01,091882,Touri; Behrouz,2,3,70,68
1655927032697,ECE 180,A00,083140,Abi Samra; Nicholas Camill,1,0,30,29
1655927032697,ECE 180,B00,083141,Abi Samra; Nicholas Camill,0,8,28,28
1655927038724,MATH 10A,A01,083735,Patchell; Gregory David,0,0,30,30
1655927038724,MATH 10A,A02,083736,Patchell; Gregory David,21,0,30,9
1655927038724,MATH 10A,A03,083737,Patchell; Gregory David,16,0,30,14
1655927044758,MATH 10B,A01,083207,Lim; Seonhee,1,1,34,33
1655927044758,MATH 10B,A02,083208,Lim; Seonhee,1,1,35,34
1655927044758,MATH 10B,A03,093472,Staff,1,0,34,33
1655927044758,MATH 10B,B01,083739,Sinha; Shubham,10,0,30,20
1655927050784,MATH 18,A01,083743,Cinel; Cameron Alexander,4,0,30,26
1655927050784,MATH 18,A02,083744,Cinel; Cameron Alexander,11,0,30,19
1655927050784,MATH 18,A03,083745,Cinel; Cameron Alexander,1,0,30,29
1655927050784,MATH 18,B01,083748,Ma; Zilu,2,0,36,34
1655927050784,MATH 18,B02,083749,Ma; Zilu,0,0,36,36
1655927050784,MATH 18,B03,083750,Ma; Zilu,0,0,36,36
1655927050784,MATH 18,B04,083751,Ma; Zilu,0,0,36,36
1655927050784,MATH 18,B05,093473,Staff,0,0,36,36
1655927050784,MATH 18,B06,093474,Staff,0,0,36,36
1655927056807,MATH 20A,A01,083754,Zheng; Zequn,10,0,40,30
1655927062842,MATH 20B,A01,083756,Briones; Jor-el Thomas Caparas,0,1,36,36
1655927062842,MATH 20B,A02,083757,Briones; Jor-el Thomas Caparas,1,0,36,35
1655927062842,MATH 20B,A03,093475,Staff,1,0,36,35
1655927068882,MATH 20C,A01,083760,Briones; Jor-el Thomas Caparas,0,2,35,35
1655927068882,MATH 20C,A02,083761,Briones; Jor-el Thomas Caparas,6,1,35,29
1655927068882,MATH 20C,A03,093476,Staff,1,1,35,34
1655927068882,MATH 20C,B01,083762,Bach; Quang Tran,3,0,30,27
1655927074910,MATH 20D,A01,083765,Tran; Brian Kha,1,0,30,29
1655927074910,MATH 20D,A02,083766,Tran; Brian Kha,0,1,30,30
1655927074910,MATH 20D,A03,083767,Tran; Brian Kha,1,0,30,29
1655927080933,MATH 20E,A01,083771,Ganguly; Soumya,0,0,32,32
1655927080933,MATH 20E,A02,083772,Ganguly; Soumya,1,1,32,31
1655927080933,MATH 20E,B01,083773,Ciotti; Benjamin,14,0,35,21
1655927080933,MATH 20E,B02,083774,Ciotti; Benjamin,12,0,35,23
1655927086963,MATH 103A,A01,083777,Greenfeld; Be'Eri,2,1,36,34
1655927086963,MATH 103A,A02,083778,Greenfeld; Be'Eri,1,0,36,35
1655927086963,MATH 103A,A03,093561,Staff,0,1,36,36
1655927086963,MATH 103A,B01,083779,Greenfeld; Be'Eri,7,1,36,29
1655927086963,MATH 103A,B02,083780,Greenfeld; Be'Eri,1,0,36,35
1655927086963,MATH 103A,B03,093562,Staff,0,0,36,36
1655927092989,MATH 105,A01,085443,Carter; Anne Toulson,3,1,35,32
1655927092989,MATH 105,A02,093477,Staff,5,0,35,30
1655927099034,MATH 109,A01,083213,Ganzberger; Geoffrey Michael,0,1,34,34
1655927099034,MATH 109,A02,083214,Ganzberger; Geoffrey Michael,0,0,34,34
1655927099034,MATH 109,A03,093478,Staff,0,0,34,34
1655927099034,MATH 109,B01,083215,Ganzberger; Geoffrey Michael,1,0,32,31
1655927099034,MATH 109,B02,083216,Ganzberger; Geoffrey Michael,0,0,32,32
1655927099034,MATH 109,B03,093479,Staff,4,0,32,28
1655927105060,MATH 142A,A01,083219,Chow; Bennett,0,0,32,32
1655927105060,MATH 142A,A02,083220,Chow; Bennett,8,0,32,24
1655927105060,MATH 142A,A03,093480,Staff,4,0,32,28
1655927105060,MATH 142A,B03,093481,Staff,3,0,32,29
1655927105060,MATH 142A,B04,093558,Staff,6,0,32,26
1655927105060,MATH 142A,B05,093559,Staff,1,0,32,31
1655927111101,MATH 193A,A01,083224,Rotar; Vladimir,1,1,34,33
1655927111101,MATH 193A,A02,083225,Rotar; Vladimir,0,0,34,34
1655927111101,MATH 193A,A03,083781,Rotar; Vladimir,2,0,34,32
1655927111101,MATH 193A,A04,083782,Rotar; Vladimir,2,0,34,32
1655927111101,MATH 193A,A05,093482,Rotar; Vladimir,1,0,34,33
1655927117124,MATH 197,001,091859,McAuley; Julian John,9999,0,9999,0
1655927117124,MATH 197,002,095566,Kedlaya; Kiran S.,9997,0,9999,2
1655927117124,MATH 197,003,095567,Xiao; Ming,9999,0,9999,0
1655927117124,MATH 197,004,095571,Perols; Johan Lars,9998,0,9999,1
1655927124182,COGS 9,A01,083615,Shannon; Kyle Michael,1,1,75,74
1655927130206,COGS 11,A01,083617,Boyle; Mary E. T.,10,1,48,38
1655927136235,COGS 13,A01,083071,Bastos; Amalia Pinkusfeld,3,1,71,68
1655927142267,COGS 14A,A01,092681,Staff,2,26,100,98
1655927148301,COGS 14B,A01,083073,Cheng; Tzu-Han,7,0,63,56
1655927154325,COGS 17,A01,092677,Staff,8,7,81,73
1655927160355,COGS 100,A01,083619,Allen; Michael Gordon,2,2,70,68
1655927166383,COGS 101A,A01,083621,Davis; Joshua Daniel,4,3,68,64
1655927172405,COGS 101B,A01,091572,Allen; Michael Gordon,1,0,65,64
1655927178435,COGS 101C,A01,083625,Delgado; Tania,8,0,35,27
1655927184460,COGS 107A,A01,083627,Boyle; Mary E. T.,1,2,60,59
1655927190484,COGS 118A,A01,083075,Gupta; Anjum,19,16,76,57
1655927196512,CSE 3,A50,083646,Miranda; Gregory Joseph,13,0,50,37
1655927202540,CSE 8A,A50,083650,Miranda; Gregory Joseph,3,11,56,53
1655927208566,CSE 11,A01,083080,Cao; Yingjun,0,68,40,40
1655927214594,CSE 12,A01,083652,Krause-Levy; Sophia Louisa,6,8,120,114
1655927220620,CSE 15L,A01,083654,Morris; Justin Loren,3,1,50,47
1655927220620,CSE 15L,A02,083655,Morris; Justin Loren,1,1,50,49
1655927226645,CSE 20,A01,083657,Tran; Khoa Dang,29,0,80,51
1655927232674,CSE 21,A01,095574,Bach; Quang Tran,23,0,48,25
1655927238701,CSE 30,A01,083084,Eldon; John,2,10,80,78
1655927238701,CSE 30,B01,095061,Bhaskar; Nishant,0,4,50,50
1655927244727,CSE 100,A01,083659,Cao; Yingjun,2,25,70,68
1655927250753,CSE 134B,A01,083661,Powell; Thomas Allan,5,7,100,95
1655927256783,CSE 140,A01,083663,Gungor; Onat,5,0,85,80
1655927262810,CSE 140L,A01,083088,Eldon; John,5,0,100,95
1655927268843,CSE 175,A01,083665,Kumar; Rakesh,1,0,25,24
1655927274870,CSE 190,A00,092507,Dubnov; Shlomo,1,0,20,19
1655927280897,ECE 45,A01,083139,Congero; Spencer William,0,1,75,75
1655927286920,ECE 65,A50,083695,Saad; Andrew S,6,0,30,24
1655927286920,ECE 65,A51,095125,Staff,23,0,26,3
1655927292944,ECE 109,A01,091882,Touri; Behrouz,2,3,70,68
1655927298971,ECE 180,A00,083140,Abi Samra; Nicholas Camill,1,0,30,29
1655927298971,ECE 180,B00,083141,Abi Samra; Nicholas Camill,0,8,28,28
1655927304998,MATH 10A,A01,083735,Patchell; Gregory David,0,0,30,30
1655927304998,MATH 10A,A02,083736,Patchell; Gregory David,21,0,30,9
1655927304998,MATH 10A,A03,083737,Patchell; Gregory David,16,0,30,14
1655927311027,MATH 10B,A01,083207,Lim; Seonhee,1,1,34,33
1655927311027,MATH 10B,A02,083208,Lim; Seonhee,1,1,35,34
1655927311027,MATH 10B,A03,093472,Staff,1,0,34,33
1655927311027,MATH 10B,B01,083739,Sinha; Shubham,10,0,30,20
1655927317057,MATH 18,A01,083743,Cinel; Cameron Alexander,4,0,30,26
1655927317057,MATH 18,A02,083744,Cinel; Cameron Alexander,11,0,30,19
1655927317057,MATH 18,A03,083745,Cinel; Cameron Alexander,1,0,30,29
1655927317057,MATH 18,B01,083748,Ma; Zilu,2,0,36,34
1655927317057,MATH 18,B02,083749,Ma; Zilu,0,0,36,36
1655927317057,MATH 18,B03,083750,Ma; Zilu,0,0,36,36
1655927317057,MATH 18,B04,083751,Ma; Zilu,0,0,36,36
1655927317057,MATH 18,B05,093473,Staff,0,0,36,36
1655927317057,MATH 18,B06,093474,Staff,0,0,36,36
1655927323081,MATH 20A,A01,083754,Zheng; Zequn,10,0,40,30
1655927329105,MATH 20B,A01,083756,Briones; Jor-el Thomas Caparas,0,1,36,36
1655927329105,MATH 20B,A02,083757,Briones; Jor-el Thomas Caparas,1,0,36,35
1655927329105,MATH 20B,A03,093475,Staff,1,0,36,35
1655927335129,MATH 20C,A01,083760,Briones; Jor-el Thomas Caparas,0,2,35,35
1655927335129,MATH 20C,A02,083761,Briones; Jor-el Thomas Caparas,6,1,35,29
1655927335129,MATH 20C,A03,093476,Staff,1,1,35,34
1655927335129,MATH 20C,B01,083762,Bach; Quang Tran,3,0,30,27
1655927341154,MATH 20D,A01,083765,Tran; Brian Kha,1,0,30,29
1655927341154,MATH 20D,A02,083766,Tran; Brian Kha,0,1,30,30
1655927341154,MATH 20D,A03,083767,Tran; Brian Kha,1,0,30,29
1655927347197,MATH 20E,A01,083771,Ganguly; Soumya,0,0,32,32
1655927347197,MATH 20E,A02,083772,Ganguly; Soumya,1,1,32,31
1655927347197,MATH 20E,B01,083773,Ciotti; Benjamin,14,0,35,21
1655927347197,MATH 20E,B02,083774,Ciotti; Benjamin,12,0,35,23
1655927353229,MATH 103A,A01,083777,Greenfeld; Be'Eri,2,1,36,34
1655927353229,MATH 103A,A02,083778,Greenfeld; Be'Eri,1,0,36,35
1655927353229,MATH 103A,A03,093561,Staff,0,1,36,36
1655927353229,MATH 103A,B01,083779,Greenfeld; Be'Eri,7,1,36,29
1655927353229,MATH 103A,B02,083780,Greenfeld; Be'Eri,1,0,36,35
1655927353229,MATH 103A,B03,093562,Staff,0,0,36,36
1655927359254,MATH 105,A01,085443,Carter; Anne Toulson,3,1,35,32
1655927359254,MATH 105,A02,093477,Staff,5,0,35,30
1655927365287,MATH 109,A01,083213,Ganzberger; Geoffrey Michael,0,1,34,34
1655927365287,MATH 109,A02,083214,Ganzberger; Geoffrey Michael,0,0,34,34
1655927365287,MATH 109,A03,093478,Staff,0,0,34,34
1655927365287,MATH 109,B01,083215,Ganzberger; Geoffrey Michael,1,0,32,31
1655927365287,MATH 109,B02,083216,Ganzberger; Geoffrey Michael,0,0,32,32
1655927365287,MATH 109,B03,093479,Staff,4,0,32,28
1655927371311,MATH 142A,A01,083219,Chow; Bennett,0,0,32,32
1655927371311,MATH 142A,A02,083220,Chow; Bennett,8,0,32,24
1655927371311,MATH 142A,A03,093480,Staff,4,0,32,28
1655927371311,MATH 142A,B03,093481,Staff,3,0,32,29
1655927371311,MATH 142A,B04,093558,Staff,6,0,32,26
1655927371311,MATH 142A,B05,093559,Staff,1,0,32,31
1655927377353,MATH 193A,A01,083224,Rotar; Vladimir,1,1,34,33
1655927377353,MATH 193A,A02,083225,Rotar; Vladimir,0,0,34,34
1655927377353,MATH 193A,A03,083781,Rotar; Vladimir,2,0,34,32
1655927377353,MATH 193A,A04,083782,Rotar; Vladimir,2,0,34,32
1655927377353,MATH 193A,A05,093482,Rotar; Vladimir,1,0,34,33
1655927383376,MATH 197,001,091859,McAuley; Julian John,9999,0,9999,0
1655927383376,MATH 197,002,095566,Kedlaya; Kiran S.,9997,0,9999,2
1655927383376,MATH 197,003,095567,Xiao; Ming,9999,0,9999,0
1655927383376,MATH 197,004,095571,Perols; Johan Lars,9998,0,9999,1
1655927390435,COGS 9,A01,083615,Shannon; Kyle Michael,1,1,75,74
1655927396456,COGS 11,A01,083617,Boyle; Mary E. T.,10,1,48,38
1655927402493,COGS 13,A01,083071,Bastos; Amalia Pinkusfeld,3,1,71,68
1655927408515,COGS 14A,A01,092681,Staff,2,26,100,98
1655927414547,COGS 14B,A01,083073,Cheng; Tzu-Han,7,0,63,56
1655927420570,COGS 17,A01,092677,Staff,8,7,81,73
1655927426798,COGS 100,A01,083619,Allen; Michael Gordon,2,2,70,68
1655927432822,COGS 101A,A01,083621,Davis; Joshua Daniel,4,3,68,64
1655927438849,COGS 101B,A01,091572,Allen; Michael Gordon,1,0,65,64
1655927444873,COGS 101C,A01,083625,Delgado; Tania,8,0,35,27
1655927450898,COGS 107A,A01,083627,Boyle; Mary E. T.,1,2,60,59
1655927456937,COGS 118A,A01,083075,Gupta; Anjum,19,16,76,57
1655927462962,CSE 3,A50,083646,Miranda; Gregory Joseph,13,0,50,37
1655927468986,CSE 8A,A50,083650,Miranda; Gregory Joseph,3,11,56,53
1655927475013,CSE 11,A01,083080,Cao; Yingjun,0,68,40,40
1655927481035,CSE 12,A01,083652,Krause-Levy; Sophia Louisa,6,8,120,114
1655927487058,CSE 15L,A01,083654,Morris; Justin Loren,3,1,50,47
1655927487058,CSE 15L,A02,083655,Morris; Justin Loren,1,1,50,49
1655927493081,CSE 20,A01,083657,Tran; Khoa Dang,29,0,80,51
1655927499104,CSE 21,A01,095574,Bach; Quang Tran,23,0,48,25
1655927505130,CSE 30,A01,083084,Eldon; John,2,10,80,78
1655927505130,CSE 30,B01,095061,Bhaskar; Nishant,0,4,50,50
1655927511156,CSE 100,A01,083659,Cao; Yingjun,2,25,70,68
1655927517179,CSE 134B,A01,083661,Powell; Thomas Allan,5,7,100,95
1655927523205,CSE 140,A01,083663,Gungor; Onat,5,0,85,80
1655927529274,CSE 140L,A01,083088,Eldon; John,5,0,100,95
1655927535312,CSE 175,A01,083665,Kumar; Rakesh,1,0,25,24
1655927541344,CSE 190,A00,092507,Dubnov; Shlomo,1,0,20,19
1655927547367,ECE 45,A01,083139,Congero; Spencer William,0,1,75,75
1655927553391,ECE 65,A50,083695,Saad; Andrew S,6,0,30,24
1655927553391,ECE 65,A51,095125,Staff,23,0,26,3
1655927559429,ECE 109,A01,091882,Touri; Behrouz,2,3,70,68
1655927565453,ECE 180,A00,083140,Abi Samra; Nicholas Camill,1,0,30,29
1655927565453,ECE 180,B00,083141,Abi Samra; Nicholas Camill,0,8,28,28
1655927571476,MATH 10A,A01,083735,Patchell; Gregory David,0,0,30,30
1655927571476,MATH 10A,A02,083736,Patchell; Gregory David,21,0,30,9
1655927571476,MATH 10A,A03,083737,Patchell; Gregory David,16,0,30,14
1655927577497,MATH 10B,A01,083207,Lim; Seonhee,1,1,34,33
1655927577497,MATH 10B,A02,083208,Lim; Seonhee,1,1,35,34
1655927577497,MATH 10B,A03,093472,Staff,1,0,34,33
1655927577497,MATH 10B,B01,083739,Sinha; Shubham,10,0,30,20
1655927583528,MATH 18,A01,083743,Cinel; Cameron Alexander,4,0,30,26
1655927583528,MATH 18,A02,083744,Cinel; Cameron Alexander,11,0,30,19
1655927583528,MATH 18,A03,083745,Cinel; Cameron Alexander,1,0,30,29
1655927583528,MATH 18,B01,083748,Ma; Zilu,2,0,36,34
1655927583528,MATH 18,B02,083749,Ma; Zilu,0,0,36,36
1655927583528,MATH 18,B03,083750,Ma; Zilu,0,0,36,36
1655927583528,MATH 18,B04,083751,Ma; Zilu,0,0,36,36
1655927583528,MATH 18,B05,093473,Staff,0,0,36,36
1655927583528,MATH 18,B06,093474,Staff,0,0,36,36
1655927589552,MATH 20A,A01,083754,Zheng; Zequn,10,0,40,30
1655927595575,MATH 20B,A01,083756,Briones; Jor-el Thomas Caparas,0,1,36,36
1655927595575,MATH 20B,A02,083757,Briones; Jor-el Thomas Caparas,1,0,36,35
1655927595575,MATH 20B,A03,093475,Staff,1,0,36,35
1655927601599,MATH 20C,A01,083760,Briones; Jor-el Thomas Caparas,0,2,35,35
1655927601599,MATH 20C,A02,083761,Briones; Jor-el Thomas Caparas,6,1,35,29
1655927601599,MATH 20C,A03,093476,Staff,1,1,35,34
1655927601599,MATH 20C,B01,083762,Bach; Quang Tran,3,0,30,27
1655927607623,MATH 20D,A01,083765,Tran; Brian Kha,1,0,30,29
1655927607623,MATH 20D,A02,083766,Tran; Brian Kha,0,1,30,30
1655927607623,MATH 20D,A03,083767,Tran; Brian Kha,1,0,30,29
1655927613646,MATH 20E,A01,083771,Ganguly; Soumya,0,0,32,32
1655927613646,MATH 20E,A02,083772,Ganguly; Soumya,1,1,32,31
1655927613646,MATH 20E,B01,083773,Ciotti; Benjamin,14,0,35,21
1655927613646,MATH 20E,B02,083774,Ciotti; Benjamin,12,0,35,23
1655927619670,MATH 103A,A01,083777,Greenfeld; Be'Eri,2,1,36,34
1655927619670,MATH 103A,A02,083778,Greenfeld; Be'Eri,1,0,36,35
1655927619670,MATH 103A,A03,093561,Staff,0,1,36,36
1655927619670,MATH 103A,B01,083779,Greenfeld; Be'Eri,7,1,36,29
1655927619670,MATH 103A,B02,083780,Greenfeld; Be'Eri,1,0,36,35
1655927619670,MATH 103A,B03,093562,Staff,0,0,36,36
1655927625693,MATH 105,A01,085443,Carter; Anne Toulson,3,1,35,32
1655927625693,MATH 105,A02,093477,Staff,5,0,35,30
1655927631726,MATH 109,A01,083213,Ganzberger; Geoffrey Michael,0,1,34,34
1655927631726,MATH 109,A02,083214,Ganzberger; Geoffrey Michael,0,0,34,34
1655927631726,MATH 109,A03,093478,Staff,0,0,34,34
1655927631726,MATH 109,B01,083215,Ganzberger; Geoffrey Michael,1,0,32,31
1655927631726,MATH 109,B02,083216,Ganzberger; Geoffrey Michael,0,0,32,32
1655927631726,MATH 109,B03,093479,Staff,4,0,32,28
1655927637750,MATH 142A,A01,083219,Chow; Bennett,0,0,32,32
1655927637750,MATH 142A,A02,083220,Chow; Bennett,8,0,32,24
1655927637750,MATH 142A,A03,093480,Staff,4,0,32,28
1655927637750,MATH 142A,B03,093481,Staff,3,0,32,29
1655927637750,MATH 142A,B04,093558,Staff,6,0,32,26
1655927637750,MATH 142A,B05,093559,Staff,1,0,32,31
1655927643779,MATH 193A,A01,083224,Rotar; Vladimir,1,1,34,33
1655927643779,MATH 193A,A02,083225,Rotar; Vladimir,0,0,34,34
1655927643779,MATH 193A,A03,083781,Rotar; Vladimir,2,0,34,32
1655927643779,MATH 193A,A04,083782,Rotar; Vladimir,2,0,34,32
1655927643779,MATH 193A,A05,093482,Rotar; Vladimir,1,0,34,33
1655927649803,MATH 197,001,091859,McAuley; Julian John,9999,0,9999,0
1655927649803,MATH 197,002,095566,Kedlaya; Kiran S.,9997,0,9999,2
1655927649803,MATH 197,003,095567,Xiao; Ming,9999,0,9999,0
1655927649803,MATH 197,004,095571,Perols; Johan Lars,9998,0,9999,1
1655927656868,COGS 9,A01,083615,Shannon; Kyle Michael,1,1,75,74
1655927662894,COGS 11,A01,083617,Boyle; Mary E. T.,10,1,48,38
1655927668929,COGS 13,A01,083071,Bastos; Amalia Pinkusfeld,3,1,71,68
1655927674955,COGS 14A,A01,092681,Staff,2,26,100,98
1655927680977,COGS 14B,A01,083073,Cheng; Tzu-Han,7,0,63,56
1655927687003,COGS 17,A01,092677,Staff,8,7,81,73
1655927693031,COGS 100,A01,083619,Allen; Michael Gordon,2,2,70,68
1655927699053,COGS 101A,A01,083621,Davis; Joshua Daniel,4,3,68,64
1655927705082,COGS 101B,A01,091572,Allen; Michael Gordon,1,0,65,64
1655927717878,COGS 101C,A01,083625,Delgado; Tania,8,0,35,27
1655927723906,COGS 107A,A01,083627,Boyle; Mary E. T.,1,2,60,59
1655927729929,COGS 118A,A01,083075,Gupta; Anjum,19,16,76,57
1655927735951,CSE 3,A50,083646,Miranda; Gregory Joseph,13,0,50,37
1655927741977,CSE 8A,A50,083650,Miranda; Gregory Joseph,3,11,56,53
1655927747999,CSE 11,A01,083080,Cao; Yingjun,0,68,40,40
1655927754028,CSE 12,A01,083652,Krause-Levy; Sophia Louisa,6,8,120,114
1655927760061,CSE 15L,A01,083654,Morris; Justin Loren,3,1,50,47
1655927760061,CSE 15L,A02,083655,Morris; Justin Loren,1,1,50,49
1655927766083,CSE 20,A01,083657,Tran; Khoa Dang,29,0,80,51
1655927772111,CSE 21,A01,095574,Bach; Quang Tran,23,0,48,25
1655927778134,CSE 30,A01,083084,Eldon; John,2,10,80,78
1655927778134,CSE 30,B01,095061,Bhaskar; Nishant,0,4,50,50
1655927784158,CSE 100,A01,083659,Cao; Yingjun,2,25,70,68
1655927790187,CSE 134B,A01,083661,Powell; Thomas Allan,5,7,100,95
1655927796224,CSE 140,A01,083663,Gungor; Onat,5,0,85,80
1655927802251,CSE 140L,A01,083088,Eldon; John,5,0,100,95
1655927808276,CSE 175,A01,083665,Kumar; Rakesh,1,0,25,24
1655927814298,CSE 190,A00,092507,Dubnov; Shlomo,1,0,20,19
1655927820322,ECE 45,A01,083139,Congero; Spencer William,0,1,75,75
1655927826356,ECE 65,A50,083695,Saad; Andrew S,6,0,30,24
1655927826356,ECE 65,A51,095125,Staff,23,0,26,3
1655927832378,ECE 109,A01,091882,Touri; Behrouz,2,3,70,68
1655927838400,ECE 180,A00,083140,Abi Samra; Nicholas Camill,1,0,30,29
1655927838400,ECE 180,B00,083141,Abi Samra; Nicholas Camill,0,8,28,28
1655927844429,MATH 10A,A01,083735,Patchell; Gregory David,0,0,30,30
1655927844429,MATH 10A,A02,083736,Patchell; Gregory David,21,0,30,9
1655927844429,MATH 10A,A03,083737,Patchell; Gregory David,16,0,30,14
1655927850452,MATH 10B,A01,083207,Lim; Seonhee,1,1,34,33
1655927850452,MATH 10B,A02,083208,Lim; Seonhee,1,1,35,34
1655927850452,MATH 10B,A03,093472,Staff,1,0,34,33
1655927850452,MATH 10B,B01,083739,Sinha; Shubham,10,0,30,20
1655927856483,MATH 18,A01,083743,Cinel; Cameron Alexander,4,0,30,26
1655927856483,MATH 18,A02,083744,Cinel; Cameron Alexander,11,0,30,19
1655927856483,MATH 18,A03,083745,Cinel; Cameron Alexander,1,0,30,29
1655927856483,MATH 18,B01,083748,Ma; Zilu,2,0,36,34
1655927856483,MATH 18,B02,083749,Ma; Zilu,0,0,36,36
1655927856483,MATH 18,B03,083750,Ma; Zilu,0,0,36,36
1655927856483,MATH 18,B04,083751,Ma; Zilu,0,0,36,36
1655927856483,MATH 18,B05,093473,Staff,0,0,36,36
1655927856483,MATH 18,B06,093474,Staff,0,0,36,36
1655927862514,MATH 20A,A01,083754,Zheng; Zequn,10,0,40,30
1655927868538,MATH 20B,A01,083756,Briones; Jor-el Thomas Caparas,0,1,36,36
1655927868538,MATH 20B,A02,083757,Briones; Jor-el Thomas Caparas,1,0,36,35
1655927868538,MATH 20B,A03,093475,Staff,1,0,36,35
1655927874569,MATH 20C,A01,083760,Briones; Jor-el Thomas Caparas,0,2,35,35
1655927874569,MATH 20C,A02,083761,Briones; Jor-el Thomas Caparas,6,1,35,29
1655927874569,MATH 20C,A03,093476,Staff,1,1,35,34
1655927874569,MATH 20C,B01,083762,Bach; Quang Tran,3,0,30,27
1655927880593,MATH 20D,A01,083765,Tran; Brian Kha,1,0,30,29
1655927880593,MATH 20D,A02,083766,Tran; Brian Kha,0,1,30,30
1655927880593,MATH 20D,A03,083767,Tran; Brian Kha,1,0,30,29
1655927886621,MATH 20E,A01,083771,Ganguly; Soumya,0,0,32,32
1655927886621,MATH 20E,A02,083772,Ganguly; Soumya,1,1,32,31
1655927886621,MATH 20E,B01,083773,Ciotti; Benjamin,14,0,35,21
1655927886621,MATH 20E,B02,083774,Ciotti; Benjamin,12,0,35,23
1655927892652,MATH 103A,A01,083777,Greenfeld; Be'Eri,2,1,36,34
1655927892652,MATH 103A,A02,083778,Greenfeld; Be'Eri,1,0,36,35
1655927892652,MATH 103A,A03,093561,Staff,0,1,36,36
1655927892652,MATH 103A,B01,083779,Greenfeld; Be'Eri,7,1,36,29
1655927892652,MATH 103A,B02,083780,Greenfeld; Be'Eri,1,0,36,35
1655927892652,MATH 103A,B03,093562,Staff,0,0,36,36
1655927898680,MATH 105,A01,085443,Carter; Anne Toulson,3,1,35,32
1655927898680,MATH 105,A02,093477,Staff,5,0,35,30
1655927904720,MATH 109,A01,083213,Ganzberger; Geoffrey Michael,0,1,34,34
1655927904720,MATH 109,A02,083214,Ganzberger; Geoffrey Michael,0,0,34,34
1655927904720,MATH 109,A03,093478,Staff,0,0,34,34
1655927904720,MATH 109,B01,083215,Ganzberger; Geoffrey Michael,1,0,32,31
1655927904720,MATH 109,B02,083216,Ganzberger; Geoffrey Michael,0,0,32,32
1655927904720,MATH 109,B03,093479,Staff,4,0,32,28
1655927910744,MATH 142A,A01,083219,Chow; Bennett,0,0,32,32
1655927910744,MATH 142A,A02,083220,Chow; Bennett,8,0,32,24
1655927910744,MATH 142A,A03,093480,Staff,4,0,32,28
1655927910744,MATH 142A,B03,093481,Staff,3,0,32,29
1655927910744,MATH 142A,B04,093558,Staff,6,0,32,26
1655927910744,MATH 142A,B05,093559,Staff,1,0,32,31
1655927916767,MATH 193A,A01,083224,Rotar; Vladimir,1,1,34,33
1655927916767,MATH 193A,A02,083225,Rotar; Vladimir,0,0,34,34
1655927916767,MATH 193A,A03,083781,Rotar; Vladimir,2,0,34,32
1655927916767,MATH 193A,A04,083782,Rotar; Vladimir,2,0,34,32
1655927916767,MATH 193A,A05,093482,Rotar; Vladimir,1,0,34,33
1655927922798,MATH 197,001,091859,McAuley; Julian John,9999,0,9999,0
1655927922798,MATH 197,002,095566,Kedlaya; Kiran S.,9997,0,9999,2
1655927922798,MATH 197,003,095567,Xiao; Ming,9999,0,9999,0
1655927922798,MATH 197,004,095571,Perols; Johan Lars,9998,0,9999,1
1655927929855,COGS 9,A01,083615,Shannon; Kyle Michael,1,1,75,74
1655927935881,COGS 11,A01,083617,Boyle; Mary E. T.,10,1,48,38
1655927941904,COGS 13,A01,083071,Bastos; Amalia Pinkusfeld,3,1,71,68
1655927947928,COGS 14A,A01,092681,Staff,2,26,100,98
1655927953952,COGS 14B,A01,083073,Cheng; Tzu-Han,7,0,63,56
1655927959976,COGS 17,A01,092677,Staff,8,7,81,73
1655927965998,COGS 100,A01,083619,Allen; Michael Gordon,2,2,70,68
1655927972023,COGS 101A,A01,083621,Davis; Joshua Daniel,4,3,68,64
1655927978046,COGS 101B,A01,091572,Allen; Michael Gordon,1,0,65,64
1655927984071,COGS 101C,A01,083625,Delgado; Tania,8,0,35,27
1655927990093,COGS 107A,A01,083627,Boyle; Mary E. T.,1,2,60,59
1655927996120,COGS 118A,A01,083075,Gupta; Anjum,19,16,76,57
1655928002143,CSE 3,A50,083646,Miranda; Gregory Joseph,13,0,50,37
1655928008167,CSE 8A,A50,083650,Miranda; Gregory Joseph,3,11,56,53
1655928014193,CSE 11,A01,083080,Cao; Yingjun,0,68,40,40
1655928020222,CSE 12,A01,083652,Krause-Levy; Sophia Louisa,6,8,120,114
1655928026248,CSE 15L,A01,083654,Morris; Justin Loren,3,1,50,47
1655928026248,CSE 15L,A02,083655,Morris; Justin Loren,1,1,50,49
1655928032368,CSE 20,A01,083657,Tran; Khoa Dang,29,0,80,51
1655928038393,CSE 21,A01,095574,Bach; Quang Tran,23,0,48,25
1655928044417,CSE 30,A01,083084,Eldon; John,2,10,80,78
1655928044417,CSE 30,B01,095061,Bhaskar; Nishant,0,4,50,50
1655928050443,CSE 100,A01,083659,Cao; Yingjun,2,25,70,68
1655928056475,CSE 134B,A01,083661,Powell; Thomas Allan,5,7,100,95
1655928062504,CSE 140,A01,083663,Gungor; Onat,5,0,85,80
1655928068535,CSE 140L,A01,083088,Eldon; John,5,0,100,95
1655928074558,CSE 175,A01,083665,Kumar; Rakesh,1,0,25,24
1655928080584,CSE 190,A00,092507,Dubnov; Shlomo,1,0,20,19
1655928086605,ECE 45,A01,083139,Congero; Spencer William,0,1,75,75
1655928092632,ECE 65,A50,083695,Saad; Andrew S,6,0,30,24
1655928092632,ECE 65,A51,095125,Staff,23,0,26,3
1655928098660,ECE 109,A01,091882,Touri; Behrouz,2,3,70,68
1655928104693,ECE 180,A00,083140,Abi Samra; Nicholas Camill,1,0,30,29
1655928104693,ECE 180,B00,083141,Abi Samra; Nicholas Camill,0,8,28,28
1655928110721,MATH 10A,A01,083735,Patchell; Gregory David,0,0,30,30
1655928110721,MATH 10A,A02,083736,Patchell; Gregory David,21,0,30,9
1655928110721,MATH 10A,A03,083737,Patchell; Gregory David,16,0,30,14
1655928116753,MATH 10B,A01,083207,Lim; Seonhee,1,1,34,33
1655928116753,MATH 10B,A02,083208,Lim; Seonhee,1,1,35,34
1655928116753,MATH 10B,A03,093472,Staff,1,0,34,33
1655928116753,MATH 10B,B01,083739,Sinha; Shubham,10,0,30,20
1655928122789,MATH 18,A01,083743,Cinel; Cameron Alexander,4,0,30,26
1655928122789,MATH 18,A02,083744,Cinel; Cameron Alexander,11,0,30,19
1655928122789,MATH 18,A03,083745,Cinel; Cameron Alexander,1,0,30,29
1655928122789,MATH 18,B01,083748,Ma; Zilu,2,0,36,34
1655928122789,MATH 18,B02,083749,Ma; Zilu,0,0,36,36
1655928122789,MATH 18,B03,083750,Ma; Zilu,0,0,36,36
1655928122789,MATH 18,B04,083751,Ma; Zilu,0,0,36,36
1655928122789,MATH 18,B05,093473,Staff,0,0,36,36
1655928122789,MATH 18,B06,093474,Staff,0,0,36,36
1655928128811,MATH 20A,A01,083754,Zheng; Zequn,10,0,40,30
1655928134833,MATH 20B,A01,083756,Briones; Jor-el Thomas Caparas,0,1,36,36
1655928134833,MATH 20B,A02,083757,Briones; Jor-el Thomas Caparas,1,0,36,35
1655928134833,MATH 20B,A03,093475,Staff,1,0,36,35
1655928140856,MATH 20C,A01,083760,Briones; Jor-el Thomas Caparas,0,2,35,35
1655928140856,MATH 20C,A02,083761,Briones; Jor-el Thomas Caparas,6,1,35,29
1655928140856,MATH 20C,A03,093476,Staff,1,1,35,34
1655928140856,MATH 20C,B01,083762,Bach; Quang Tran,3,0,30,27
1655928146883,MATH 20D,A01,083765,Tran; Brian Kha,1,0,30,29
1655928146883,MATH 20D,A02,083766,Tran; Brian Kha,0,1,30,30
1655928146883,MATH 20D,A03,083767,Tran; Brian Kha,1,0,30,29
1655928152914,MATH 20E,A01,083771,Ganguly; Soumya,0,0,32,32
1655928152914,MATH 20E,A02,083772,Ganguly; Soumya,1,1,32,31
1655928152914,MATH 20E,B01,083773,Ciotti; Benjamin,14,0,35,21
1655928152914,MATH 20E,B02,083774,Ciotti; Benjamin,12,0,35,23
1655928158943,MATH 103A,A01,083777,Greenfeld; Be'Eri,2,1,36,34
1655928158943,MATH 103A,A02,083778,Greenfeld; Be'Eri,1,0,36,35
1655928158943,MATH 103A,A03,093561,Staff,0,1,36,36
1655928158943,MATH 103A,B01,083779,Greenfeld; Be'Eri,7,1,36,29
1655928158943,MATH 103A,B02,083780,Greenfeld; Be'Eri,1,0,36,35
1655928158943,MATH 103A,B03,093562,Staff,0,0,36,36
1655928164970,MATH 105,A01,085443,Carter; Anne Toulson,3,1,35,32
1655928164970,MATH 105,A02,093477,Staff,5,0,35,30
1655928170994,MATH 109,A01,083213,Ganzberger; Geoffrey Michael,0,1,34,34
1655928170994,MATH 109,A02,083214,Ganzberger; Geoffrey Michael,0,0,34,34
1655928170994,MATH 109,A03,093478,Staff,0,0,34,34
1655928170994,MATH 109,B01,083215,Ganzberger; Geoffrey Michael,1,0,32,31
1655928170994,MATH 109,B02,083216,Ganzberger; Geoffrey Michael,0,0,32,32
1655928170994,MATH 109,B03,093479,Staff,4,0,32,28
1655928177020,MATH 142A,A01,083219,Chow; Bennett,0,0,32,32
1655928177020,MATH 142A,A02,083220,Chow; Bennett,8,0,32,24
1655928177020,MATH 142A,A03,093480,Staff,4,0,32,28
1655928177020,MATH 142A,B03,093481,Staff,3,0,32,29
1655928177020,MATH 142A,B04,093558,Staff,6,0,32,26
1655928177020,MATH 142A,B05,093559,Staff,1,0,32,31
1655928183043,MATH 193A,A01,083224,Rotar; Vladimir,1,1,34,33
1655928183043,MATH 193A,A02,083225,Rotar; Vladimir,0,0,34,34
1655928183043,MATH 193A,A03,083781,Rotar; Vladimir,2,0,34,32
1655928183043,MATH 193A,A04,083782,Rotar; Vladimir,2,0,34,32
1655928183043,MATH 193A,A05,093482,Rotar; Vladimir,1,0,34,33
1655928189068,MATH 197,001,091859,McAuley; Julian John,9999,0,9999,0
1655928189068,MATH 197,002,095566,Kedlaya; Kiran S.,9997,0,9999,2
1655928189068,MATH 197,003,095567,Xiao; Ming,9999,0,9999,0
1655928189068,MATH 197,004,095571,Perols; Johan Lars,9998,0,9999,1
1655928196128,COGS 9,A01,083615,Shannon; Kyle Michael,1,1,75,74
1655928202151,COGS 11,A01,083617,Boyle; Mary E. T.,10,1,48,38
1655928208175,COGS 13,A01,083071,Bastos; Amalia Pinkusfeld,3,1,71,68
1655928214212,COGS 14A,A01,092681,Staff,2,26,100,98
1655928220237,COGS 14B,A01,083073,Cheng; Tzu-Han,7,0,63,56
1655928226259,COGS 17,A01,092677,Staff,8,7,81,73
1655928232283,COGS 100,A01,083619,Allen; Michael Gordon,2,2,70,68
1655928238315,COGS 101A,A01,083621,Davis; Joshua Daniel,4,3,68,64
1655928244354,COGS 101B,A01,091572,Allen; Michael Gordon,1,0,65,64
1655928250382,COGS 101C,A01,083625,Delgado; Tania,8,0,35,27
1655928256404,COGS 107A,A01,083627,Boyle; Mary E. T.,1,2,60,59
1655928262431,COGS 118A,A01,083075,Gupta; Anjum,19,16,76,57
1655928268457,CSE 3,A50,083646,Miranda; Gregory Joseph,13,0,50,37
1655928274491,CSE 8A,A50,083650,Miranda; Gregory Joseph,3,11,56,53
1655928280517,CSE 11,A01,083080,Cao; Yingjun,0,68,40,40
1655928286544,CSE 12,A01,083652,Krause-Levy; Sophia Louisa,6,8,120,114
1655928292570,CSE 15L,A01,083654,Morris; Justin Loren,3,1,50,47
1655928292570,CSE 15L,A02,083655,Morris; Justin Loren,1,1,50,49
1655928298597,CSE 20,A01,083657,Tran; Khoa Dang,29,0,80,51
1655928304625,CSE 21,A01,095574,Bach; Quang Tran,23,0,48,25
1655928310660,CSE 30,A01,083084,Eldon; John,2,10,80,78
1655928310660,CSE 30,B01,095061,Bhaskar; Nishant,0,4,50,50
1655928316691,CSE 100,A01,083659,Cao; Yingjun,2,25,70,68
1655928322718,CSE 134B,A01,083661,Powell; Thomas Allan,5,7,100,95
1655928328745,CSE 140,A01,083663,Gungor; Onat,5,0,85,80
1655928334768,CSE 140L,A01,083088,Eldon; John,5,0,100,95
1655928340794,CSE 175,A01,083665,Kumar; Rakesh,1,0,25,24
1655928346825,CSE 190,A00,092507,Dubnov; Shlomo,1,0,20,19
1655928352855,ECE 45,A01,083139,Congero; Spencer William,0,1,75,75
1655928358879,ECE 65,A50,083695,Saad; Andrew S,6,0,30,24
1655928358879,ECE 65,A51,095125,Staff,23,0,26,3
1655928364903,ECE 109,A01,091882,Touri; Behrouz,2,3,70,68
1655928370926,ECE 180,A00,083140,Abi Samra; Nicholas Camill,1,0,30,29
1655928370926,ECE 180,B00,083141,Abi Samra; Nicholas Camill,0,8,28,28
1655928376958,MATH 10A,A01,083735,Patchell; Gregory David,0,0,30,30
1655928376958,MATH 10A,A02,083736,Patchell; Gregory David,21,0,30,9
1655928376958,MATH 10A,A03,083737,Patchell; Gregory David,16,0,30,14
1655928382989,MATH 10B,A01,083207,Lim; Seonhee,1,1,34,33
1655928382989,MATH 10B,A02,083208,Lim; Seonhee,1,1,35,34
1655928382989,MATH 10B,A03,093472,Staff,1,0,34,33
1655928382989,MATH 10B,B01,083739,Sinha; Shubham,10,0,30,20
1655928389014,MATH 18,A01,083743,Cinel; Cameron Alexander,4,0,30,26
1655928389014,MATH 18,A02,083744,Cinel; Cameron Alexander,11,0,30,19
1655928389014,MATH 18,A03,083745,Cinel; Cameron Alexander,1,0,30,29
1655928389014,MATH 18,B01,083748,Ma; Zilu,2,0,36,34
1655928389014,MATH 18,B02,083749,Ma; Zilu,0,0,36,36
1655928389014,MATH 18,B03,083750,Ma; Zilu,0,0,36,36
1655928389014,MATH 18,B04,083751,Ma; Zilu,0,0,36,36
1655928389014,MATH 18,B05,093473,Staff,0,0,36,36
1655928389014,MATH 18,B06,093474,Staff,0,0,36,36
1655928395047,MATH 20A,A01,083754,Zheng; Zequn,10,0,40,30
1655928401070,MATH 20B,A01,083756,Briones; Jor-el Thomas Caparas,0,1,36,36
1655928401070,MATH 20B,A02,083757,Briones; Jor-el Thomas Caparas,1,0,36,35
1655928401070,MATH 20B,A03,093475,Staff,1,0,36,35
1655928407095,MATH 20C,A01,083760,Briones; Jor-el Thomas Caparas,0,2,35,35
1655928407095,MATH 20C,A02,083761,Briones; Jor-el Thomas Caparas,6,1,35,29
1655928407095,MATH 20C,A03,093476,Staff,1,1,35,34
1655928407095,MATH 20C,B01,083762,Bach; Quang Tran,3,0,30,27
1655928413124,MATH 20D,A01,083765,Tran; Brian Kha,1,0,30,29
1655928413124,MATH 20D,A02,083766,Tran; Brian Kha,0,1,30,30
1655928413124,MATH 20D,A03,083767,Tran; Brian Kha,1,0,30,29
1655928419148,MATH 20E,A01,083771,Ganguly; Soumya,0,0,32,32
1655928419148,MATH 20E,A02,083772,Ganguly; Soumya,1,1,32,31
1655928419148,MATH 20E,B01,083773,Ciotti; Benjamin,14,0,35,21
1655928419148,MATH 20E,B02,083774,Ciotti; Benjamin,12,0,35,23
1655928425174,MATH 103A,A01,083777,Greenfeld; Be'Eri,2,1,36,34
1655928425174,MATH 103A,A02,083778,Greenfeld; Be'Eri,1,0,36,35
1655928425174,MATH 103A,A03,093561,Staff,0,1,36,36
1655928425174,MATH 103A,B01,083779,Greenfeld; Be'Eri,7,1,36,29
1655928425174,MATH 103A,B02,083780,Greenfeld; Be'Eri,1,0,36,35
1655928425174,MATH 103A,B03,093562,Staff,0,0,36,36
1655928431197,MATH 105,A01,085443,Carter; Anne Toulson,3,1,35,32
1655928431197,MATH 105,A02,093477,Staff,5,0,35,30
1655928437233,MATH 109,A01,083213,Ganzberger; Geoffrey Michael,0,1,34,34
1655928437233,MATH 109,A02,083214,Ganzberger; Geoffrey Michael,0,0,34,34
1655928437233,MATH 109,A03,093478,Staff,0,0,34,34
1655928437233,MATH 109,B01,083215,Ganzberger; Geoffrey Michael,1,0,32,31
1655928437233,MATH 109,B02,083216,Ganzberger; Geoffrey Michael,0,0,32,32
1655928437233,MATH 109,B03,093479,Staff,4,0,32,28
1655928443255,MATH 142A,A01,083219,Chow; Bennett,0,0,32,32
1655928443255,MATH 142A,A02,083220,Chow; Bennett,8,0,32,24
1655928443255,MATH 142A,A03,093480,Staff,4,0,32,28
1655928443255,MATH 142A,B03,093481,Staff,3,0,32,29
1655928443255,MATH 142A,B04,093558,Staff,6,0,32,26
1655928443255,MATH 142A,B05,093559,Staff,1,0,32,31
1655928449278,MATH 193A,A01,083224,Rotar; Vladimir,1,1,34,33
1655928449278,MATH 193A,A02,083225,Rotar; Vladimir,0,0,34,34
1655928449278,MATH 193A,A03,083781,Rotar; Vladimir,2,0,34,32
1655928449278,MATH 193A,A04,083782,Rotar; Vladimir,2,0,34,32
1655928449278,MATH 193A,A05,093482,Rotar; Vladimir,1,0,34,33
1655928455302,MATH 197,001,091859,McAuley; Julian John,9999,0,9999,0
1655928455302,MATH 197,002,095566,Kedlaya; Kiran S.,9997,0,9999,2
1655928455302,MATH 197,003,095567,Xiao; Ming,9999,0,9999,0
1655928455302,MATH 197,004,095571,Perols; Johan Lars,9998,0,9999,1
1655928462366,COGS 9,A01,083615,Shannon; Kyle Michael,1,1,75,74
1655928468393,COGS 11,A01,083617,Boyle; Mary E. T.,10,1,48,38
1655928474419,COGS 13,A01,083071,Bastos; Amalia Pinkusfeld,3,2,71,68
1655928480443,COGS 14A,A01,092681,Staff,2,26,100,98
1655928486470,COGS 14B,A01,083073,Cheng; Tzu-Han,7,0,63,56
1655928492497,COGS 17,A01,092677,Staff,8,7,81,73
1655928498521,COGS 100,A01,083619,Allen; Michael Gordon,2,2,70,68
1655928504545,COGS 101A,A01,083621,Davis; Joshua Daniel,4,3,68,64
1655928510570,COGS 101B,A01,091572,Allen; Michael Gordon,0,0,65,65
1655928516605,COGS 101C,A01,083625,Delgado; Tania,8,0,35,27
1655928522629,COGS 107A,A01,083627,Boyle; Mary E. T.,1,2,60,59
1655928528656,COGS 118A,A01,083075,Gupta; Anjum,19,16,76,57
1655928534695,CSE 3,A50,083646,Miranda; Gregory Joseph,13,0,50,37
1655928540719,CSE 8A,A50,083650,Miranda; Gregory Joseph,3,11,56,53
1655928546749,CSE 11,A01,083080,Cao; Yingjun,0,68,40,40
1655928552771,CSE 12,A01,083652,Krause-Levy; Sophia Louisa,6,8,120,114
1655928558802,CSE 15L,A01,083654,Morris; Justin Loren,3,1,50,47
1655928558802,CSE 15L,A02,083655,Morris; Justin Loren,1,1,50,49
1655928564825,CSE 20,A01,083657,Tran; Khoa Dang,29,0,80,51
1655928570848,CSE 21,A01,095574,Bach; Quang Tran,23,0,48,25
1655928576890,CSE 30,A01,083084,Eldon; John,2,10,80,78
1655928576890,CSE 30,B01,095061,Bhaskar; Nishant,0,4,50,50
1655928582918,CSE 100,A01,083659,Cao; Yingjun,2,25,70,68
1655928588946,CSE 134B,A01,083661,Powell; Thomas Allan,5,7,100,95
1655928594973,CSE 140,A01,083663,Gungor; Onat,5,0,85,80
1655928601012,CSE 140L,A01,083088,Eldon; John,5,0,100,95
1655928607039,CSE 175,A01,083665,Kumar; Rakesh,1,0,25,24
1655928613064,CSE 190,A00,092507,Dubnov; Shlomo,1,0,20,19
1655928619088,ECE 45,A01,083139,Congero; Spencer William,0,1,75,75
1655928625115,ECE 65,A50,083695,Saad; Andrew S,6,0,30,24
1655928625115,ECE 65,A51,095125,Staff,23,0,26,3
1655928631233,ECE 109,A01,091882,Touri; Behrouz,2,3,70,68
1655928637260,ECE 180,A00,083140,Abi Samra; Nicholas Camill,1,0,30,29
1655928637260,ECE 180,B00,083141,Abi Samra; Nicholas Camill,0,8,28,28
1655928643285,MATH 10A,A01,083735,Patchell; Gregory David,0,0,30,30
1655928643285,MATH 10A,A02,083736,Patchell; Gregory David,21,0,30,9
1655928643285,MATH 10A,A03,083737,Patchell; Gregory David,16,0,30,14
1655928649314,MATH 10B,A01,083207,Lim; Seonhee,1,1,34,33
1655928649314,MATH 10B,A02,083208,Lim; Seonhee,1,1,35,34
1655928649314,MATH 10B,A03,093472,Staff,1,0,34,33
1655928649314,MATH 10B,B01,083739,Sinha; Shubham,10,0,30,20
1655928655336,MATH 18,A01,083743,Cinel; Cameron Alexander,4,0,30,26
1655928655336,MATH 18,A02,083744,Cinel; Cameron Alexander,11,0,30,19
1655928655336,MATH 18,A03,083745,Cinel; Cameron Alexander,1,0,30,29
1655928655336,MATH 18,B01,083748,Ma; Zilu,2,0,36,34
1655928655336,MATH 18,B02,083749,Ma; Zilu,0,0,36,36
1655928655336,MATH 18,B03,083750,Ma; Zilu,0,0,36,36
1655928655336,MATH 18,B04,083751,Ma; Zilu,0,0,36,36
1655928655336,MATH 18,B05,093473,Staff,0,0,36,36
1655928655336,MATH 18,B06,093474,Staff,0,0,36,36
1655928661363,MATH 20A,A01,083754,Zheng; Zequn,10,0,40,30
1655928667387,MATH 20B,A01,083756,Briones; Jor-el Thomas Caparas,0,1,36,36
1655928667387,MATH 20B,A02,083757,Briones; Jor-el Thomas Caparas,1,0,36,35
1655928667387,MATH 20B,A03,093475,Staff,1,0,36,35
1655928673410,MATH 20C,A01,083760,Briones; Jor-el Thomas Caparas,0,2,35,35
1655928673410,MATH 20C,A02,083761,Briones; Jor-el Thomas Caparas,6,1,35,29
1655928673410,MATH 20C,A03,093476,Staff,1,1,35,34
1655928673410,MATH 20C,B01,083762,Bach; Quang Tran,3,0,30,27
1655928679432,MATH 20D,A01,083765,Tran; Brian Kha,1,0,30,29
1655928679432,MATH 20D,A02,083766,Tran; Brian Kha,0,1,30,30
1655928679432,MATH 20D,A03,083767,Tran; Brian Kha,1,0,30,29
1655928685461,MATH 20E,A01,083771,Ganguly; Soumya,0,0,32,32
1655928685461,MATH 20E,A02,083772,Ganguly; Soumya,1,1,32,31
1655928685461,MATH 20E,B01,083773,Ciotti; Benjamin,14,0,35,21
1655928685461,MATH 20E,B02,083774,Ciotti; Benjamin,12,0,35,23
1655928691485,MATH 103A,A01,083777,Greenfeld; Be'Eri,2,1,36,34
1655928691485,MATH 103A,A02,083778,Greenfeld; Be'Eri,1,0,36,35
1655928691485,MATH 103A,A03,093561,Staff,0,1,36,36
1655928691485,MATH 103A,B01,083779,Greenfeld; Be'Eri,7,1,36,29
1655928691485,MATH 103A,B02,083780,Greenfeld; Be'Eri,1,0,36,35
1655928691485,MATH 103A,B03,093562,Staff,0,0,36,36
1655928697506,MATH 105,A01,085443,Carter; Anne Toulson,3,1,35,32
1655928697506,MATH 105,A02,093477,Staff,5,0,35,30
1655928703542,MATH 109,A01,083213,Ganzberger; Geoffrey Michael,0,1,34,34
1655928703542,MATH 109,A02,083214,Ganzberger; Geoffrey Michael,0,0,34,34
1655928703542,MATH 109,A03,093478,Staff,0,0,34,34
1655928703542,MATH 109,B01,083215,Ganzberger; Geoffrey Michael,1,0,32,31
1655928703542,MATH 109,B02,083216,Ganzberger; Geoffrey Michael,0,0,32,32
1655928703542,MATH 109,B03,093479,Staff,4,0,32,28
1655928709566,MATH 142A,A01,083219,Chow; Bennett,0,0,32,32
1655928709566,MATH 142A,A02,083220,Chow; Bennett,8,0,32,24
1655928709566,MATH 142A,A03,093480,Staff,4,0,32,28
1655928709566,MATH 142A,B03,093481,Staff,3,0,32,29
1655928709566,MATH 142A,B04,093558,Staff,6,0,32,26
1655928709566,MATH 142A,B05,093559,Staff,1,0,32,31
1655928715589,MATH 193A,A01,083224,Rotar; Vladimir,1,1,34,33
1655928715589,MATH 193A,A02,083225,Rotar; Vladimir,0,0,34,34
1655928715589,MATH 193A,A03,083781,Rotar; Vladimir,2,0,34,32
1655928715589,MATH 193A,A04,083782,Rotar; Vladimir,2,0,34,32
1655928715589,MATH 193A,A05,093482,Rotar; Vladimir,1,0,34,33
1655928721615,MATH 197,001,091859,McAuley; Julian John,9999,0,9999,0
1655928721615,MATH 197,002,095566,Kedlaya; Kiran S.,9997,0,9999,2
1655928721615,MATH 197,003,095567,Xiao; Ming,9999,0,9999,0
1655928721615,MATH 197,004,095571,Perols; Johan Lars,9998,0,9999,1
1655928728673,COGS 9,A01,083615,Shannon; Kyle Michael,1,1,75,74
1655928734696,COGS 11,A01,083617,Boyle; Mary E. T.,10,1,48,38
1655928740732,COGS 13,A01,083071,Bastos; Amalia Pinkusfeld,3,2,71,68
1655928746758,COGS 14A,A01,092681,Staff,2,26,100,98
1655928752790,COGS 14B,A01,083073,Cheng; Tzu-Han,7,0,63,56
1655928758814,COGS 17,A01,092677,Staff,8,7,81,73
1655928764847,COGS 100,A01,083619,Allen; Michael Gordon,2,2,70,68
1655928770873,COGS 101A,A01,083621,Davis; Joshua Daniel,4,3,68,64
1655928776896,COGS 101B,A01,091572,Allen; Michael Gordon,0,0,65,65
1655928782923,COGS 101C,A01,083625,Delgado; Tania,8,0,35,27
1655928788952,COGS 107A,A01,083627,Boyle; Mary E. T.,1,2,60,59
1655928794980,COGS 118A,A01,083075,Gupta; Anjum,19,16,76,57
1655928801007,CSE 3,A50,083646,Miranda; Gregory Joseph,13,0,50,37
1655928807031,CSE 8A,A50,083650,Miranda; Gregory Joseph,3,11,56,53
1655928813054,CSE 11,A01,083080,Cao; Yingjun,0,68,40,40
1655928819078,CSE 12,A01,083652,Krause-Levy; Sophia Louisa,6,8,120,114
1655928825112,CSE 15L,A01,083654,Morris; Justin Loren,3,1,50,47
1655928825112,CSE 15L,A02,083655,Morris; Justin Loren,1,1,50,49
1655928831136,CSE 20,A01,083657,Tran; Khoa Dang,29,0,80,51
1655928837160,CSE 21,A01,095574,Bach; Quang Tran,23,0,48,25
1655928843191,CSE 30,A01,083084,Eldon; John,2,10,80,78
1655928843191,CSE 30,B01,095061,Bhaskar; Nishant,0,4,50,50
1655928849218,CSE 100,A01,083659,Cao; Yingjun,2,25,70,68
1655928855243,CSE 134B,A01,083661,Powell; Thomas Allan,5,7,100,95
1655928861266,CSE 140,A01,083663,Gungor; Onat,5,0,85,80
1655928867293,CSE 140L,A01,083088,Eldon; John,5,0,100,95
1655928873319,CSE 175,A01,083665,Kumar; Rakesh,1,0,25,24
1655928879344,CSE 190,A00,092507,Dubnov; Shlomo,1,0,20,19
1655928885367,ECE 45,A01,083139,Congero; Spencer William,0,1,75,75
1655928891401,ECE 65,A50,083695,Saad; Andrew S,6,0,30,24
1655928891401,ECE 65,A51,095125,Staff,23,0,26,3
1655928897435,ECE 109,A01,091882,Touri; Behrouz,2,3,70,68
1655928903459,ECE 180,A00,083140,Abi Samra; Nicholas Camill,1,0,30,29
1655928903459,ECE 180,B00,083141,Abi Samra; Nicholas Camill,0,8,28,28
1655928909490,MATH 10A,A01,083735,Patchell; Gregory David,0,0,30,30
1655928909490,MATH 10A,A02,083736,Patchell; Gregory David,21,0,30,9
1655928909490,MATH 10A,A03,083737,Patchell; Gregory David,16,0,30,14
1655928915516,MATH 10B,A01,083207,Lim; Seonhee,1,1,34,33
1655928915516,MATH 10B,A02,083208,Lim; Seonhee,1,1,35,34
1655928915516,MATH 10B,A03,093472,Staff,1,0,34,33
1655928915516,MATH 10B,B01,083739,Sinha; Shubham,10,0,30,20
1655928921546,MATH 18,A01,083743,Cinel; Cameron Alexander,4,0,30,26
1655928921546,MATH 18,A02,083744,Cinel; Cameron Alexander,11,0,30,19
1655928921546,MATH 18,A03,083745,Cinel; Cameron Alexander,1,0,30,29
1655928921546,MATH 18,B01,083748,Ma; Zilu,2,0,36,34
1655928921546,MATH 18,B02,083749,Ma; Zilu,0,0,36,36
1655928921546,MATH 18,B03,083750,Ma; Zilu,0,0,36,36
1655928921546,MATH 18,B04,083751,Ma; Zilu,0,0,36,36
1655928921546,MATH 18,B05,093473,Staff,0,0,36,36
1655928921546,MATH 18,B06,093474,Staff,0,0,36,36
1655928927571,MATH 20A,A01,083754,Zheng; Zequn,10,0,40,30
1655928933595,MATH 20B,A01,083756,Briones; Jor-el Thomas Caparas,0,1,36,36
1655928933595,MATH 20B,A02,083757,Briones; Jor-el Thomas Caparas,1,0,36,35
1655928933595,MATH 20B,A03,093475,Staff,1,0,36,35
1655928939630,MATH 20C,A01,083760,Briones; Jor-el Thomas Caparas,0,2,35,35
1655928939630,MATH 20C,A02,083761,Briones; Jor-el Thomas Caparas,6,1,35,29
1655928939630,MATH 20C,A03,093476,Staff,1,1,35,34
1655928939630,MATH 20C,B01,083762,Bach; Quang Tran,3,0,30,27
1655928945665,MATH 20D,A01,083765,Tran; Brian Kha,1,0,30,29
1655928945665,MATH 20D,A02,083766,Tran; Brian Kha,0,1,30,30
1655928945665,MATH 20D,A03,083767,Tran; Brian Kha,1,0,30,29
1655928951694,MATH 20E,A01,083771,Ganguly; Soumya,0,0,32,32
1655928951694,MATH 20E,A02,083772,Ganguly; Soumya,1,1,32,31
1655928951694,MATH 20E,B01,083773,Ciotti; Benjamin,14,0,35,21
1655928951694,MATH 20E,B02,083774,Ciotti; Benjamin,12,0,35,23
1655928957719,MATH 103A,A01,083777,Greenfeld; Be'Eri,2,1,36,34
1655928957719,MATH 103A,A02,083778,Greenfeld; Be'Eri,1,0,36,35
1655928957719,MATH 103A,A03,093561,Staff,0,1,36,36
1655928957719,MATH 103A,B01,083779,Greenfeld; Be'Eri,7,1,36,29
1655928957719,MATH 103A,B02,083780,Greenfeld; Be'Eri,1,0,36,35
1655928957719,MATH 103A,B03,093562,Staff,0,0,36,36
1655928963743,MATH 105,A01,085443,Carter; Anne Toulson,3,1,35,32
1655928963743,MATH 105,A02,093477,Staff,5,0,35,30
1655928969776,MATH 109,A01,083213,Ganzberger; Geoffrey Michael,0,1,34,34
1655928969776,MATH 109,A02,083214,Ganzberger; Geoffrey Michael,0,0,34,34
1655928969776,MATH 109,A03,093478,Staff,0,0,34,34
1655928969776,MATH 109,B01,083215,Ganzberger; Geoffrey Michael,1,0,32,31
1655928969776,MATH 109,B02,083216,Ganzberger; Geoffrey Michael,0,0,32,32
1655928969776,MATH 109,B03,093479,Staff,4,0,32,28
1655928975821,MATH 142A,A01,083219,Chow; Bennett,0,0,32,32
1655928975821,MATH 142A,A02,083220,Chow; Bennett,8,0,32,24
1655928975821,MATH 142A,A03,093480,Staff,4,0,32,28
1655928975821,MATH 142A,B03,093481,Staff,3,0,32,29
1655928975821,MATH 142A,B04,093558,Staff,6,0,32,26
1655928975821,MATH 142A,B05,093559,Staff,1,0,32,31
1655928981849,MATH 193A,A01,083224,Rotar; Vladimir,1,1,34,33
1655928981849,MATH 193A,A02,083225,Rotar; Vladimir,0,0,34,34
1655928981849,MATH 193A,A03,083781,Rotar; Vladimir,2,0,34,32
1655928981849,MATH 193A,A04,083782,Rotar; Vladimir,2,0,34,32
1655928981849,MATH 193A,A05,093482,Rotar; Vladimir,1,0,34,33
1655928987879,MATH 197,001,091859,McAuley; Julian John,9999,0,9999,0
1655928987879,MATH 197,002,095566,Kedlaya; Kiran S.,9997,0,9999,2
1655928987879,MATH 197,003,095567,Xiao; Ming,9999,0,9999,0
1655928987879,MATH 197,004,095571,Perols; Johan Lars,9998,0,9999,1
1655928994943,COGS 9,A01,083615,Shannon; Kyle Michael,1,1,75,74
1655929000967,COGS 11,A01,083617,Boyle; Mary E. T.,10,1,48,38
1655929006990,COGS 13,A01,083071,Bastos; Amalia Pinkusfeld,3,2,71,68
1655929013017,COGS 14A,A01,092681,Staff,2,26,100,98
1655929019043,COGS 14B,A01,083073,Cheng; Tzu-Han,7,0,63,56
1655929025073,COGS 17,A01,092677,Staff,8,7,81,73
1655929031104,COGS 100,A01,083619,Allen; Michael Gordon,2,2,70,68
1655929037126,COGS 101A,A01,083621,Davis; Joshua Daniel,4,3,68,64
1655929043152,COGS 101B,A01,091572,Allen; Michael Gordon,0,0,65,65
1655929049174,COGS 101C,A01,083625,Delgado; Tania,8,0,35,27
1655929055205,COGS 107A,A01,083627,Boyle; Mary E. T.,1,2,60,59
1655929061240,COGS 118A,A01,083075,Gupta; Anjum,19,16,76,57
1655929067267,CSE 3,A50,083646,Miranda; Gregory Joseph,13,0,50,37
1655929073301,CSE 8A,A50,083650,Miranda; Gregory Joseph,3,11,56,53
1655929079331,CSE 11,A01,083080,Cao; Yingjun,0,68,40,40
1655929085367,CSE 12,A01,083652,Krause-Levy; Sophia Louisa,6,8,120,114
1655929091393,CSE 15L,A01,083654,Morris; Justin Loren,3,1,50,47
1655929091393,CSE 15L,A02,083655,Morris; Justin Loren,1,1,50,49
1655929097418,CSE 20,A01,083657,Tran; Khoa Dang,29,0,80,51
1655929103444,CSE 21,A01,095574,Bach; Quang Tran,23,0,48,25
1655929109472,CSE 30,A01,083084,Eldon; John,2,10,80,78
1655929109472,CSE 30,B01,095061,Bhaskar; Nishant,0,4,50,50
1655929115497,CSE 100,A01,083659,Cao; Yingjun,2,25,70,68
1655929121523,CSE 134B,A01,083661,Powell; Thomas Allan,5,7,100,95
1655929127546,CSE 140,A01,083663,Gungor; Onat,5,0,85,80
1655929133572,CSE 140L,A01,083088,Eldon; John,5,0,100,95
1655929139598,CSE 175,A01,083665,Kumar; Rakesh,1,0,25,24
1655929145630,CSE 190,A00,092507,Dubnov; Shlomo,1,0,20,19
1655929151655,ECE 45,A01,083139,Congero; Spencer William,0,1,75,75
1655929157683,ECE 65,A50,083695,Saad; Andrew S,6,0,30,24
1655929157683,ECE 65,A51,095125,Staff,23,0,26,3
1655929163711,ECE 109,A01,091882,Touri; Behrouz,2,3,70,68
1655929169735,ECE 180,A00,083140,Abi Samra; Nicholas Camill,1,0,30,29
1655929169735,ECE 180,B00,083141,Abi Samra; Nicholas Camill,0,8,28,28
1655929175758,MATH 10A,A01,083735,Patchell; Gregory David,0,0,30,30
1655929175758,MATH 10A,A02,083736,Patchell; Gregory David,21,0,30,9
1655929175758,MATH 10A,A03,083737,Patchell; Gregory David,16,0,30,14
1655929181788,MATH 10B,A01,083207,Lim; Seonhee,1,1,34,33
1655929181788,MATH 10B,A02,083208,Lim; Seonhee,1,1,35,34
1655929181788,MATH 10B,A03,093472,Staff,1,0,34,33
1655929181788,MATH 10B,B01,083739,Sinha; Shubham,10,0,30,20
1655929187825,MATH 18,A01,083743,Cinel; Cameron Alexander,4,0,30,26
1655929187825,MATH 18,A02,083744,Cinel; Cameron Alexander,11,0,30,19
1655929187825,MATH 18,A03,083745,Cinel; Cameron Alexander,1,0,30,29
1655929187825,MATH 18,B01,083748,Ma; Zilu,2,0,36,34
1655929187825,MATH 18,B02,083749,Ma; Zilu,0,0,36,36
1655929187825,MATH 18,B03,083750,Ma; Zilu,0,0,36,36
1655929187825,MATH 18,B04,083751,Ma; Zilu,0,0,36,36
1655929187825,MATH 18,B05,093473,Staff,0,0,36,36
1655929187825,MATH 18,B06,093474,Staff,0,0,36,36
1655929193861,MATH 20A,A01,083754,Zheng; Zequn,10,0,40,30
1655929199889,MATH 20B,A01,083756,Briones; Jor-el Thomas Caparas,0,1,36,36
1655929199889,MATH 20B,A02,083757,Briones; Jor-el Thomas Caparas,1,0,36,35
1655929199889,MATH 20B,A03,093475,Staff,1,0,36,35
1655929205918,MATH 20C,A01,083760,Briones; Jor-el Thomas Caparas,0,2,35,35
1655929205918,MATH 20C,A02,083761,Briones; Jor-el Thomas Caparas,6,1,35,29
1655929205918,MATH 20C,A03,093476,Staff,1,1,35,34
1655929205918,MATH 20C,B01,083762,Bach; Quang Tran,3,0,30,27
1655929211945,MATH 20D,A01,083765,Tran; Brian Kha,1,0,30,29
1655929211945,MATH 20D,A02,083766,Tran; Brian Kha,0,1,30,30
1655929211945,MATH 20D,A03,083767,Tran; Brian Kha,1,0,30,29
1655929217973,MATH 20E,A01,083771,Ganguly; Soumya,0,0,32,32
1655929217973,MATH 20E,A02,083772,Ganguly; Soumya,1,1,32,31
1655929217973,MATH 20E,B01,083773,Ciotti; Benjamin,14,0,35,21
1655929217973,MATH 20E,B02,083774,Ciotti; Benjamin,12,0,35,23
1655929224005,MATH 103A,A01,083777,Greenfeld; Be'Eri,2,1,36,34
1655929224005,MATH 103A,A02,083778,Greenfeld; Be'Eri,1,0,36,35
1655929224005,MATH 103A,A03,093561,Staff,0,1,36,36
1655929224005,MATH 103A,B01,083779,Greenfeld; Be'Eri,7,1,36,29
1655929224005,MATH 103A,B02,083780,Greenfeld; Be'Eri,1,0,36,35
1655929224005,MATH 103A,B03,093562,Staff,0,0,36,36
1655929230129,MATH 105,A01,085443,Carter; Anne Toulson,3,1,35,32
1655929230129,MATH 105,A02,093477,Staff,5,0,35,30
1655929236161,MATH 109,A01,083213,Ganzberger; Geoffrey Michael,0,1,34,34
1655929236161,MATH 109,A02,083214,Ganzberger; Geoffrey Michael,0,0,34,34
1655929236161,MATH 109,A03,093478,Staff,0,0,34,34
1655929236161,MATH 109,B01,083215,Ganzberger; Geoffrey Michael,1,0,32,31
1655929236161,MATH 109,B02,083216,Ganzberger; Geoffrey Michael,0,0,32,32
1655929236161,MATH 109,B03,093479,Staff,4,0,32,28
1655929242190,MATH 142A,A01,083219,Chow; Bennett,0,0,32,32
1655929242190,MATH 142A,A02,083220,Chow; Bennett,8,0,32,24
1655929242190,MATH 142A,A03,093480,Staff,4,0,32,28
1655929242190,MATH 142A,B03,093481,Staff,3,0,32,29
1655929242190,MATH 142A,B04,093558,Staff,6,0,32,26
1655929242190,MATH 142A,B05,093559,Staff,1,0,32,31
1655929248213,MATH 193A,A01,083224,Rotar; Vladimir,1,1,34,33
1655929248213,MATH 193A,A02,083225,Rotar; Vladimir,0,0,34,34
1655929248213,MATH 193A,A03,083781,Rotar; Vladimir,2,0,34,32
1655929248213,MATH 193A,A04,083782,Rotar; Vladimir,2,0,34,32
1655929248213,MATH 193A,A05,093482,Rotar; Vladimir,1,0,34,33
1655929254236,MATH 197,001,091859,McAuley; Julian John,9999,0,9999,0
1655929254236,MATH 197,002,095566,Kedlaya; Kiran S.,9997,0,9999,2
1655929254236,MATH 197,003,095567,Xiao; Ming,9999,0,9999,0
1655929254236,MATH 197,004,095571,Perols; Johan Lars,9998,0,9999,1
1655929261308,COGS 9,A01,083615,Shannon; Kyle Michael,1,1,75,74
1655929267333,COGS 11,A01,083617,Boyle; Mary E. T.,10,1,48,38
1655929273365,COGS 13,A01,083071,Bastos; Amalia Pinkusfeld,3,2,71,68
1655929279391,COGS 14A,A01,092681,Staff,2,26,100,98
1655929285418,COGS 14B,A01,083073,Cheng; Tzu-Han,7,0,63,56
1655929291440,COGS 17,A01,092677,Staff,8,7,81,73
1655929297467,COGS 100,A01,083619,Allen; Michael Gordon,2,2,70,68
1655929303490,COGS 101A,A01,083621,Davis; Joshua Daniel,4,3,68,64
1655929309514,COGS 101B,A01,091572,Allen; Michael Gordon,0,0,65,65
1655929315549,COGS 101C,A01,083625,Delgado; Tania,8,0,35,27
1655929321574,COGS 107A,A01,083627,Boyle; Mary E. T.,1,2,60,59
1655929327599,COGS 118A,A01,083075,Gupta; Anjum,19,16,76,57
1655929333626,CSE 3,A50,083646,Miranda; Gregory Joseph,13,0,50,37
1655929339651,CSE 8A,A50,083650,Miranda; Gregory Joseph,3,11,56,53
1655929345674,CSE 11,A01,083080,Cao; Yingjun,0,68,40,40
1655929351697,CSE 12,A01,083652,Krause-Levy; Sophia Louisa,6,8,120,114
1655929357720,CSE 15L,A01,083654,Morris; Justin Loren,3,1,50,47
1655929357720,CSE 15L,A02,083655,Morris; Justin Loren,1,1,50,49
1655929363742,CSE 20,A01,083657,Tran; Khoa Dang,29,0,80,51
1655929369765,CSE 21,A01,095574,Bach; Quang Tran,23,0,48,25
1655929375796,CSE 30,A01,083084,Eldon; John,2,10,80,78
1655929375796,CSE 30,B01,095061,Bhaskar; Nishant,0,4,50,50
1655929381819,CSE 100,A01,083659,Cao; Yingjun,2,25,70,68
1655929387843,CSE 134B,A01,083661,Powell; Thomas Allan,5,7,100,95
1655929393870,CSE 140,A01,083663,Gungor; Onat,5,0,85,80
1655929399898,CSE 140L,A01,083088,Eldon; John,5,0,100,95
1655929405921,CSE 175,A01,083665,Kumar; Rakesh,1,0,25,24
1655929411944,CSE 190,A00,092507,Dubnov; Shlomo,1,0,20,19
1655929417967,ECE 45,A01,083139,Congero; Spencer William,0,1,75,75
1655929423995,ECE 65,A50,083695,Saad; Andrew S,6,0,30,24
1655929423995,ECE 65,A51,095125,Staff,23,0,26,3
1655929430021,ECE 109,A01,091882,Touri; Behrouz,2,3,70,68
1655929436043,ECE 180,A00,083140,Abi Samra; Nicholas Camill,1,0,30,29
1655929436043,ECE 180,B00,083141,Abi Samra; Nicholas Camill,0,8,28,28
1655929442075,MATH 10A,A01,083735,Patchell; Gregory David,0,0,30,30
1655929442075,MATH 10A,A02,083736,Patchell; Gregory David,21,0,30,9
1655929442075,MATH 10A,A03,083737,Patchell; Gregory David,16,0,30,14
1655929448105,MATH 10B,A01,083207,Lim; Seonhee,1,1,34,33
1655929448105,MATH 10B,A02,083208,Lim; Seonhee,1,1,35,34
1655929448105,MATH 10B,A03,093472,Staff,1,0,34,33
1655929448105,MATH 10B,B01,083739,Sinha; Shubham,10,0,30,20
1655929454130,MATH 18,A01,083743,Cinel; Cameron Alexander,4,0,30,26
1655929454130,MATH 18,A02,083744,Cinel; Cameron Alexander,11,0,30,19
1655929454130,MATH 18,A03,083745,Cinel; Cameron Alexander,1,0,30,29
1655929454130,MATH 18,B01,083748,Ma; Zilu,2,0,36,34
1655929454130,MATH 18,B02,083749,Ma; Zilu,0,0,36,36
1655929454130,MATH 18,B03,083750,Ma; Zilu,0,0,36,36
1655929454130,MATH 18,B04,083751,Ma; Zilu,0,0,36,36
1655929454130,MATH 18,B05,093473,Staff,0,0,36,36
1655929454130,MATH 18,B06,093474,Staff,0,0,36,36
1655929460164,MATH 20A,A01,083754,Zheng; Zequn,10,0,40,30
1655929466190,MATH 20B,A01,083756,Briones; Jor-el Thomas Caparas,0,1,36,36
1655929466190,MATH 20B,A02,083757,Briones; Jor-el Thomas Caparas,1,0,36,35
1655929466190,MATH 20B,A03,093475,Staff,1,0,36,35
1655929472218,MATH 20C,A01,083760,Briones; Jor-el Thomas Caparas,0,2,35,35
1655929472218,MATH 20C,A02,083761,Briones; Jor-el Thomas Caparas,6,1,35,29
1655929472218,MATH 20C,A03,093476,Staff,1,1,35,34
1655929472218,MATH 20C,B01,083762,Bach; Quang Tran,3,0,30,27
1655929478248,MATH 20D,A01,083765,Tran; Brian Kha,1,0,30,29
1655929478248,MATH 20D,A02,083766,Tran; Brian Kha,0,1,30,30
1655929478248,MATH 20D,A03,083767,Tran; Brian Kha,1,0,30,29
1655929484278,MATH 20E,A01,083771,Ganguly; Soumya,0,0,32,32
1655929484278,MATH 20E,A02,083772,Ganguly; Soumya,1,1,32,31
1655929484278,MATH 20E,B01,083773,Ciotti; Benjamin,14,0,35,21
1655929484278,MATH 20E,B02,083774,Ciotti; Benjamin,12,0,35,23
1655929490310,MATH 103A,A01,083777,Greenfeld; Be'Eri,2,1,36,34
1655929490310,MATH 103A,A02,083778,Greenfeld; Be'Eri,1,0,36,35
1655929490310,MATH 103A,A03,093561,Staff,0,1,36,36
1655929490310,MATH 103A,B01,083779,Greenfeld; Be'Eri,7,1,36,29
1655929490310,MATH 103A,B02,083780,Greenfeld; Be'Eri,1,0,36,35
1655929490310,MATH 103A,B03,093562,Staff,0,0,36,36
1655929496360,MATH 105,A01,085443,Carter; Anne Toulson,3,1,35,32
1655929496360,MATH 105,A02,093477,Staff,5,0,35,30
1655929502393,MATH 109,A01,083213,Ganzberger; Geoffrey Michael,0,1,34,34
1655929502393,MATH 109,A02,083214,Ganzberger; Geoffrey Michael,0,0,34,34
1655929502393,MATH 109,A03,093478,Staff,0,0,34,34
1655929502393,MATH 109,B01,083215,Ganzberger; Geoffrey Michael,1,0,32,31
1655929502393,MATH 109,B02,083216,Ganzberger; Geoffrey Michael,0,0,32,32
1655929502393,MATH 109,B03,093479,Staff,4,0,32,28
1655929508418,MATH 142A,A01,083219,Chow; Bennett,0,0,32,32
1655929508418,MATH 142A,A02,083220,Chow; Bennett,8,0,32,24
1655929508418,MATH 142A,A03,093480,Staff,4,0,32,28
1655929508418,MATH 142A,B03,093481,Staff,3,0,32,29
1655929508418,MATH 142A,B04,093558,Staff,6,0,32,26
1655929508418,MATH 142A,B05,093559,Staff,1,0,32,31
1655929514448,MATH 193A,A01,083224,Rotar; Vladimir,1,1,34,33
1655929514448,MATH 193A,A02,083225,Rotar; Vladimir,0,0,34,34
1655929514448,MATH 193A,A03,083781,Rotar; Vladimir,2,0,34,32
1655929514448,MATH 193A,A04,083782,Rotar; Vladimir,2,0,34,32
1655929514448,MATH 193A,A05,093482,Rotar; Vladimir,1,0,34,33
1655929520475,MATH 197,001,091859,McAuley; Julian John,9999,0,9999,0
1655929520475,MATH 197,002,095566,Kedlaya; Kiran S.,9997,0,9999,2
1655929520475,MATH 197,003,095567,Xiao; Ming,9999,0,9999,0
1655929520475,MATH 197,004,095571,Perols; Johan Lars,9998,0,9999,1
1655929527548,COGS 9,A01,083615,Shannon; Kyle Michael,1,1,75,74
1655929533570,COGS 11,A01,083617,Boyle; Mary E. T.,10,1,48,38
1655929539600,COGS 13,A01,083071,Bastos; Amalia Pinkusfeld,3,2,71,68
1655929545625,COGS 14A,A01,092681,Staff,2,26,100,98
1655929551647,COGS 14B,A01,083073,Cheng; Tzu-Han,7,0,63,56
1655929557669,COGS 17,A01,092677,Staff,8,7,81,73
1655929563691,COGS 100,A01,083619,Allen; Michael Gordon,2,2,70,68
1655929569714,COGS 101A,A01,083621,Davis; Joshua Daniel,4,3,68,64
1655929575751,COGS 101B,A01,091572,Allen; Michael Gordon,0,0,65,65
1655929581779,COGS 101C,A01,083625,Delgado; Tania,8,0,35,27
1655929587802,COGS 107A,A01,083627,Boyle; Mary E. T.,1,2,60,59
1655929593824,COGS 118A,A01,083075,Gupta; Anjum,19,16,76,57
1655929599856,CSE 3,A50,083646,Miranda; Gregory Joseph,13,0,50,37
1655929605902,CSE 8A,A50,083650,Miranda; Gregory Joseph,3,11,56,53
1655929611926,CSE 11,A01,083080,Cao; Yingjun,0,68,40,40
1655929617962,CSE 12,A01,083652,Krause-Levy; Sophia Louisa,6,8,120,114
1655929623987,CSE 15L,A01,083654,Morris; Justin Loren,3,1,50,47
1655929623987,CSE 15L,A02,083655,Morris; Justin Loren,1,1,50,49
1655929630013,CSE 20,A01,083657,Tran; Khoa Dang,29,0,80,51
1655929636035,CSE 21,A01,095574,Bach; Quang Tran,23,0,48,25
1655929642059,CSE 30,A01,083084,Eldon; John,2,10,80,78
1655929642059,CSE 30,B01,095061,Bhaskar; Nishant,0,4,50,50
1655929648082,CSE 100,A01,083659,Cao; Yingjun,2,25,70,68
1655929654104,CSE 134B,A01,083661,Powell; Thomas Allan,5,7,100,95
1655929660130,CSE 140,A01,083663,Gungor; Onat,5,0,85,80
1655929666159,CSE 140L,A01,083088,Eldon; John,5,0,100,95
1655929672196,CSE 175,A01,083665,Kumar; Rakesh,1,0,25,24
1655929678218,CSE 190,A00,092507,Dubnov; Shlomo,1,0,20,19
1655929684246,ECE 45,A01,083139,Congero; Spencer William,0,1,75,75
1655929690287,ECE 65,A50,083695,Saad; Andrew S,6,0,30,24
1655929690287,ECE 65,A51,095125,Staff,23,0,26,3
1655929696311,ECE 109,A01,091882,Touri; Behrouz,2,3,70,68
1655929702332,ECE 180,A00,083140,Abi Samra; Nicholas Camill,1,0,30,29
1655929702332,ECE 180,B00,083141,Abi Samra; Nicholas Camill,0,8,28,28
1655929708370,MATH 10A,A01,083735,Patchell; Gregory David,0,0,30,30
1655929708370,MATH 10A,A02,083736,Patchell; Gregory David,21,0,30,9
1655929708370,MATH 10A,A03,083737,Patchell; Gregory David,16,0,30,14
1655929714402,MATH 10B,A01,083207,Lim; Seonhee,1,1,34,33
1655929714402,MATH 10B,A02,083208,Lim; Seonhee,1,1,35,34
1655929714402,MATH 10B,A03,093472,Staff,1,0,34,33
1655929714402,MATH 10B,B01,083739,Sinha; Shubham,10,0,30,20
1655929720431,MATH 18,A01,083743,Cinel; Cameron Alexander,4,0,30,26
1655929720431,MATH 18,A02,083744,Cinel; Cameron Alexander,11,0,30,19
1655929720431,MATH 18,A03,083745,Cinel; Cameron Alexander,1,0,30,29
1655929720431,MATH 18,B01,083748,Ma; Zilu,2,0,36,34
1655929720431,MATH 18,B02,083749,Ma; Zilu,0,0,36,36
1655929720431,MATH 18,B03,083750,Ma; Zilu,0,0,36,36
1655929720431,MATH 18,B04,083751,Ma; Zilu,0,0,36,36
1655929720431,MATH 18,B05,093473,Staff,0,0,36,36
1655929720431,MATH 18,B06,093474,Staff,0,0,36,36
1655929726466,MATH 20A,A01,083754,Zheng; Zequn,10,0,40,30
1655929732492,MATH 20B,A01,083756,Briones; Jor-el Thomas Caparas,0,1,36,36
1655929732492,MATH 20B,A02,083757,Briones; Jor-el Thomas Caparas,1,0,36,35
1655929732492,MATH 20B,A03,093475,Staff,1,0,36,35
1655929738519,MATH 20C,A01,083760,Briones; Jor-el Thomas Caparas,0,2,35,35
1655929738519,MATH 20C,A02,083761,Briones; Jor-el Thomas Caparas,6,1,35,29
1655929738519,MATH 20C,A03,093476,Staff,1,1,35,34
1655929738519,MATH 20C,B01,083762,Bach; Quang Tran,3,0,30,27
1655929744543,MATH 20D,A01,083765,Tran; Brian Kha,1,0,30,29
1655929744543,MATH 20D,A02,083766,Tran; Brian Kha,0,1,30,30
1655929744543,MATH 20D,A03,083767,Tran; Brian Kha,1,0,30,29
1655929750567,MATH 20E,A01,083771,Ganguly; Soumya,0,0,32,32
1655929750567,MATH 20E,A02,083772,Ganguly; Soumya,1,1,32,31
1655929750567,MATH 20E,B01,083773,Ciotti; Benjamin,14,0,35,21
1655929750567,MATH 20E,B02,083774,Ciotti; Benjamin,12,0,35,23
1655929756591,MATH 103A,A01,083777,Greenfeld; Be'Eri,2,1,36,34
1655929756591,MATH 103A,A02,083778,Greenfeld; Be'Eri,1,0,36,35
1655929756591,MATH 103A,A03,093561,Staff,0,1,36,36
1655929756591,MATH 103A,B01,083779,Greenfeld; Be'Eri,7,1,36,29
1655929756591,MATH 103A,B02,083780,Greenfeld; Be'Eri,1,0,36,35
1655929756591,MATH 103A,B03,093562,Staff,0,0,36,36
1655929762624,MATH 105,A01,085443,Carter; Anne Toulson,3,1,35,32
1655929762624,MATH 105,A02,093477,Staff,5,0,35,30
1655929768648,MATH 109,A01,083213,Ganzberger; Geoffrey Michael,0,1,34,34
1655929768648,MATH 109,A02,083214,Ganzberger; Geoffrey Michael,0,0,34,34
1655929768648,MATH 109,A03,093478,Staff,0,0,34,34
1655929768648,MATH 109,B01,083215,Ganzberger; Geoffrey Michael,1,0,32,31
1655929768648,MATH 109,B02,083216,Ganzberger; Geoffrey Michael,0,0,32,32
1655929768648,MATH 109,B03,093479,Staff,4,0,32,28
1655929774671,MATH 142A,A01,083219,Chow; Bennett,0,0,32,32
1655929774671,MATH 142A,A02,083220,Chow; Bennett,8,0,32,24
1655929774671,MATH 142A,A03,093480,Staff,4,0,32,28
1655929774671,MATH 142A,B03,093481,Staff,3,0,32,29
1655929774671,MATH 142A,B04,093558,Staff,6,0,32,26
1655929774671,MATH 142A,B05,093559,Staff,1,0,32,31
1655929780699,MATH 193A,A01,083224,Rotar; Vladimir,1,1,34,33
1655929780699,MATH 193A,A02,083225,Rotar; Vladimir,0,0,34,34
1655929780699,MATH 193A,A03,083781,Rotar; Vladimir,2,0,34,32
1655929780699,MATH 193A,A04,083782,Rotar; Vladimir,2,0,34,32
1655929780699,MATH 193A,A05,093482,Rotar; Vladimir,1,0,34,33
1655929786725,MATH 197,001,091859,McAuley; Julian John,9999,0,9999,0
1655929786725,MATH 197,002,095566,Kedlaya; Kiran S.,9997,0,9999,2
1655929786725,MATH 197,003,095567,Xiao; Ming,9999,0,9999,0
1655929786725,MATH 197,004,095571,Perols; Johan Lars,9998,0,9999,1
1655929793801,COGS 9,A01,083615,Shannon; Kyle Michael,1,1,75,74
1655929799823,COGS 11,A01,083617,Boyle; Mary E. T.,10,1,48,38
1655929805846,COGS 13,A01,083071,Bastos; Amalia Pinkusfeld,3,2,71,68
1655929811868,COGS 14A,A01,092681,Staff,2,26,100,98
1655929817892,COGS 14B,A01,083073,Cheng; Tzu-Han,7,0,63,56
1655929823985,COGS 17,A01,092677,Staff,8,7,81,73
1655929830013,COGS 100,A01,083619,Allen; Michael Gordon,2,2,70,68
1655929836036,COGS 101A,A01,083621,Davis; Joshua Daniel,4,3,68,64
1655929842059,COGS 101B,A01,091572,Allen; Michael Gordon,0,0,65,65
1655929848089,COGS 101C,A01,083625,Delgado; Tania,8,0,35,27
1655929854113,COGS 107A,A01,083627,Boyle; Mary E. T.,1,2,60,59
1655929860140,COGS 118A,A01,083075,Gupta; Anjum,19,16,76,57
1655929866175,CSE 3,A50,083646,Miranda; Gregory Joseph,13,0,50,37
1655929872198,CSE 8A,A50,083650,Miranda; Gregory Joseph,3,11,56,53
1655929878224,CSE 11,A01,083080,Cao; Yingjun,0,68,40,40
1655929884247,CSE 12,A01,083652,Krause-Levy; Sophia Louisa,6,8,120,114
1655929890271,CSE 15L,A01,083654,Morris; Justin Loren,3,1,50,47
1655929890271,CSE 15L,A02,083655,Morris; Justin Loren,1,1,50,49
1655929896293,CSE 20,A01,083657,Tran; Khoa Dang,29,0,80,51
1655929902324,CSE 21,A01,095574,Bach; Quang Tran,23,0,48,25
1655929908352,CSE 30,A01,083084,Eldon; John,2,10,80,78
1655929908352,CSE 30,B01,095061,Bhaskar; Nishant,0,4,50,50
1655929914382,CSE 100,A01,083659,Cao; Yingjun,2,25,70,68
1655929920406,CSE 134B,A01,083661,Powell; Thomas Allan,5,7,100,95
1655929926431,CSE 140,A01,083663,Gungor; Onat,5,0,85,80
1655929932454,CSE 140L,A01,083088,Eldon; John,5,0,100,95
1655929938477,CSE 175,A01,083665,Kumar; Rakesh,1,0,25,24
1655929944500,CSE 190,A00,092507,Dubnov; Shlomo,1,0,20,19
1655929950539,ECE 45,A01,083139,Congero; Spencer William,0,1,75,75
1655929956572,ECE 65,A50,083695,Saad; Andrew S,6,0,30,24
1655929956572,ECE 65,A51,095125,Staff,23,0,26,3
1655929962608,ECE 109,A01,091882,Touri; Behrouz,2,4,70,68
1655929968635,ECE 180,A00,083140,Abi Samra; Nicholas Camill,1,0,30,29
1655929968635,ECE 180,B00,083141,Abi Samra; Nicholas Camill,0,8,28,28
1655929974660,MATH 10A,A01,083735,Patchell; Gregory David,0,0,30,30
1655929974660,MATH 10A,A02,083736,Patchell; Gregory David,21,0,30,9
1655929974660,MATH 10A,A03,083737,Patchell; Gregory David,16,0,30,14
1655929980683,MATH 10B,A01,083207,Lim; Seonhee,1,1,34,33
1655929980683,MATH 10B,A02,083208,Lim; Seonhee,1,1,35,34
1655929980683,MATH 10B,A03,093472,Staff,1,0,34,33
1655929980683,MATH 10B,B01,083739,Sinha; Shubham,10,0,30,20
1655929986720,MATH 18,A01,083743,Cinel; Cameron Alexander,4,0,30,26
1655929986720,MATH 18,A02,083744,Cinel; Cameron Alexander,11,0,30,19
1655929986720,MATH 18,A03,083745,Cinel; Cameron Alexander,1,0,30,29
1655929986720,MATH 18,B01,083748,Ma; Zilu,2,0,36,34
1655929986720,MATH 18,B02,083749,Ma; Zilu,0,0,36,36
1655929986720,MATH 18,B03,083750,Ma; Zilu,0,0,36,36
1655929986720,MATH 18,B04,083751,Ma; Zilu,0,0,36,36
1655929986720,MATH 18,B05,093473,Staff,0,0,36,36
1655929986720,MATH 18,B06,093474,Staff,0,0,36,36
1655929992746,MATH 20A,A01,083754,Zheng; Zequn,10,0,40,30
1655929998772,MATH 20B,A01,083756,Briones; Jor-el Thomas Caparas,0,1,36,36
1655929998772,MATH 20B,A02,083757,Briones; Jor-el Thomas Caparas,1,0,36,35
1655929998772,MATH 20B,A03,093475,Staff,1,0,36,35
1655930004810,MATH 20C,A01,083760,Briones; Jor-el Thomas Caparas,0,2,35,35
1655930004810,MATH 20C,A02,083761,Briones; Jor-el Thomas Caparas,6,1,35,29
1655930004810,MATH 20C,A03,093476,Staff,1,1,35,34
1655930004810,MATH 20C,B01,083762,Bach; Quang Tran,3,0,30,27
1655930010839,MATH 20D,A01,083765,Tran; Brian Kha,1,0,30,29
1655930010839,MATH 20D,A02,083766,Tran; Brian Kha,0,1,30,30
1655930010839,MATH 20D,A03,083767,Tran; Brian Kha,1,0,30,29
1655930016881,MATH 20E,A01,083771,Ganguly; Soumya,0,0,32,32
1655930016881,MATH 20E,A02,083772,Ganguly; Soumya,1,1,32,31
1655930016881,MATH 20E,B01,083773,Ciotti; Benjamin,14,0,35,21
1655930016881,MATH 20E,B02,083774,Ciotti; Benjamin,12,0,35,23
1655930022912,MATH 103A,A01,083777,Greenfeld; Be'Eri,2,1,36,34
1655930022912,MATH 103A,A02,083778,Greenfeld; Be'Eri,1,0,36,35
1655930022912,MATH 103A,A03,093561,Staff,0,1,36,36
1655930022912,MATH 103A,B01,083779,Greenfeld; Be'Eri,7,1,36,29
1655930022912,MATH 103A,B02,083780,Greenfeld; Be'Eri,1,0,36,35
1655930022912,MATH 103A,B03,093562,Staff,0,0,36,36
1655930028936,MATH 105,A01,085443,Carter; Anne Toulson,3,1,35,32
1655930028936,MATH 105,A02,093477,Staff,5,0,35,30
1655930034959,MATH 109,A01,083213,Ganzberger; Geoffrey Michael,0,1,34,34
1655930034959,MATH 109,A02,083214,Ganzberger; Geoffrey Michael,0,0,34,34
1655930034959,MATH 109,A03,093478,Staff,0,0,34,34
1655930034959,MATH 109,B01,083215,Ganzberger; Geoffrey Michael,1,0,32,31
1655930034959,MATH 109,B02,083216,Ganzberger; Geoffrey Michael,0,0,32,32
1655930034959,MATH 109,B03,093479,Staff,4,0,32,28
1655930040983,MATH 142A,A01,083219,Chow; Bennett,0,0,32,32
1655930040983,MATH 142A,A02,083220,Chow; Bennett,8,0,32,24
1655930040983,MATH 142A,A03,093480,Staff,4,0,32,28
1655930040983,MATH 142A,B03,093481,Staff,3,0,32,29
1655930040983,MATH 142A,B04,093558,Staff,6,0,32,26
1655930040983,MATH 142A,B05,093559,Staff,1,0,32,31
1655930047015,MATH 193A,A01,083224,Rotar; Vladimir,1,1,34,33
1655930047015,MATH 193A,A02,083225,Rotar; Vladimir,0,0,34,34
1655930047015,MATH 193A,A03,083781,Rotar; Vladimir,2,0,34,32
1655930047015,MATH 193A,A04,083782,Rotar; Vladimir,2,0,34,32
1655930047015,MATH 193A,A05,093482,Rotar; Vladimir,1,0,34,33
1655930053038,MATH 197,001,091859,McAuley; Julian John,9999,0,9999,0
1655930053038,MATH 197,002,095566,Kedlaya; Kiran S.,9997,0,9999,2
1655930053038,MATH 197,003,095567,Xiao; Ming,9999,0,9999,0
1655930053038,MATH 197,004,095571,Perols; Johan Lars,9998,0,9999,1
1655930060110,COGS 9,A01,083615,Shannon; Kyle Michael,1,1,75,74
1655930066136,COGS 11,A01,083617,Boyle; Mary E. T.,10,1,48,38
1655930072159,COGS 13,A01,083071,Bastos; Amalia Pinkusfeld,3,2,71,68
1655930078183,COGS 14A,A01,092681,Staff,2,26,100,98
1655930084206,COGS 14B,A01,083073,Cheng; Tzu-Han,7,0,63,56
1655930090231,COGS 17,A01,092677,Staff,8,7,81,73
1655930096257,COGS 100,A01,083619,Allen; Michael Gordon,2,2,70,68
1655930102283,COGS 101A,A01,083621,Davis; Joshua Daniel,4,3,68,64
1655930108310,COGS 101B,A01,091572,Allen; Michael Gordon,0,0,65,65
1655930114342,COGS 101C,A01,083625,Delgado; Tania,8,0,35,27
1655930120374,COGS 107A,A01,083627,Boyle; Mary E. T.,1,2,60,59
1655930126404,COGS 118A,A01,083075,Gupta; Anjum,19,16,76,57
1655930132429,CSE 3,A50,083646,Miranda; Gregory Joseph,13,0,50,37
1655930138456,CSE 8A,A50,083650,Miranda; Gregory Joseph,3,11,56,53
1655930144495,CSE 11,A01,083080,Cao; Yingjun,0,68,40,40
1655930150518,CSE 12,A01,083652,Krause-Levy; Sophia Louisa,6,8,120,114
1655930156542,CSE 15L,A01,083654,Morris; Justin Loren,3,1,50,47
1655930156542,CSE 15L,A02,083655,Morris; Justin Loren,1,1,50,49
1655930162572,CSE 20,A01,083657,Tran; Khoa Dang,29,0,80,51
1655930168595,CSE 21,A01,095574,Bach; Quang Tran,23,0,48,25
1655930174629,CSE 30,A01,083084,Eldon; John,2,10,80,78
1655930174629,CSE 30,B01,095061,Bhaskar; Nishant,0,4,50,50
1655930180655,CSE 100,A01,083659,Cao; Yingjun,2,25,70,68
1655930186677,CSE 134B,A01,083661,Powell; Thomas Allan,5,7,100,95
1655930192703,CSE 140,A01,083663,Gungor; Onat,5,0,85,80
1655930198734,CSE 140L,A01,083088,Eldon; John,5,0,100,95
1655930204765,CSE 175,A01,083665,Kumar; Rakesh,1,0,25,24
1655930210787,CSE 190,A00,092507,Dubnov; Shlomo,1,0,20,19
1655930216811,ECE 45,A01,083139,Congero; Spencer William,0,1,75,75
1655930222840,ECE 65,A50,083695,Saad; Andrew S,6,0,30,24
1655930222840,ECE 65,A51,095125,Staff,23,0,26,3
1655930228869,ECE 109,A01,091882,Touri; Behrouz,2,4,70,68
1655930234893,ECE 180,A00,083140,Abi Samra; Nicholas Camill,1,0,30,29
1655930234893,ECE 180,B00,083141,Abi Samra; Nicholas Camill,0,8,28,28
1655930240917,MATH 10A,A01,083735,Patchell; Gregory David,0,0,30,30
1655930240917,MATH 10A,A02,083736,Patchell; Gregory David,21,0,30,9
1655930240917,MATH 10A,A03,083737,Patchell; Gregory David,16,0,30,14
1655930246952,MATH 10B,A01,083207,Lim; Seonhee,1,1,34,33
1655930246952,MATH 10B,A02,083208,Lim; Seonhee,1,1,35,34
1655930246952,MATH 10B,A03,093472,Staff,1,0,34,33
1655930246952,MATH 10B,B01,083739,Sinha; Shubham,10,0,30,20
1655930252985,MATH 18,A01,083743,Cinel; Cameron Alexander,4,0,30,26
1655930252985,MATH 18,A02,083744,Cinel; Cameron Alexander,11,0,30,19
1655930252985,MATH 18,A03,083745,Cinel; Cameron Alexander,1,0,30,29
1655930252985,MATH 18,B01,083748,Ma; Zilu,2,0,36,34
1655930252985,MATH 18,B02,083749,Ma; Zilu,0,0,36,36
1655930252985,MATH 18,B03,083750,Ma; Zilu,0,0,36,36
1655930252985,MATH 18,B04,083751,Ma; Zilu,0,0,36,36
1655930252985,MATH 18,B05,093473,Staff,0,0,36,36
1655930252985,MATH 18,B06,093474,Staff,0,0,36,36
1655930259026,MATH 20A,A01,083754,Zheng; Zequn,10,0,40,30
1655930265048,MATH 20B,A01,083756,Briones; Jor-el Thomas Caparas,0,1,36,36
1655930265048,MATH 20B,A02,083757,Briones; Jor-el Thomas Caparas,1,0,36,35
1655930265048,MATH 20B,A03,093475,Staff,1,0,36,35
1655930271070,MATH 20C,A01,083760,Briones; Jor-el Thomas Caparas,0,2,35,35
1655930271070,MATH 20C,A02,083761,Briones; Jor-el Thomas Caparas,6,1,35,29
1655930271070,MATH 20C,A03,093476,Staff,1,1,35,34
1655930271070,MATH 20C,B01,083762,Bach; Quang Tran,3,0,30,27
1655930277098,MATH 20D,A01,083765,Tran; Brian Kha,1,0,30,29
1655930277098,MATH 20D,A02,083766,Tran; Brian Kha,0,1,30,30
1655930277098,MATH 20D,A03,083767,Tran; Brian Kha,1,0,30,29
1655930283129,MATH 20E,A01,083771,Ganguly; Soumya,0,0,32,32
1655930283129,MATH 20E,A02,083772,Ganguly; Soumya,1,1,32,31
1655930283129,MATH 20E,B01,083773,Ciotti; Benjamin,14,0,35,21
1655930283129,MATH 20E,B02,083774,Ciotti; Benjamin,12,0,35,23
1655930289153,MATH 103A,A01,083777,Greenfeld; Be'Eri,2,1,36,34
1655930289153,MATH 103A,A02,083778,Greenfeld; Be'Eri,1,0,36,35
1655930289153,MATH 103A,A03,093561,Staff,0,1,36,36
1655930289153,MATH 103A,B01,083779,Greenfeld; Be'Eri,7,1,36,29
1655930289153,MATH 103A,B02,083780,Greenfeld; Be'Eri,1,0,36,35
1655930289153,MATH 103A,B03,093562,Staff,0,0,36,36
1655930295177,MATH 105,A01,085443,Carter; Anne Toulson,3,1,35,32
1655930295177,MATH 105,A02,093477,Staff,5,0,35,30
1655930301200,MATH 109,A01,083213,Ganzberger; Geoffrey Michael,0,1,34,34
1655930301200,MATH 109,A02,083214,Ganzberger; Geoffrey Michael,0,0,34,34
1655930301200,MATH 109,A03,093478,Staff,0,0,34,34
1655930301200,MATH 109,B01,083215,Ganzberger; Geoffrey Michael,1,0,32,31
1655930301200,MATH 109,B02,083216,Ganzberger; Geoffrey Michael,0,0,32,32
1655930301200,MATH 109,B03,093479,Staff,4,0,32,28
1655930307229,MATH 142A,A01,083219,Chow; Bennett,0,0,32,32
1655930307229,MATH 142A,A02,083220,Chow; Bennett,8,0,32,24
1655930307229,MATH 142A,A03,093480,Staff,4,0,32,28
1655930307229,MATH 142A,B03,093481,Staff,3,0,32,29
1655930307229,MATH 142A,B04,093558,Staff,6,0,32,26
1655930307229,MATH 142A,B05,093559,Staff,1,0,32,31
1655930313252,MATH 193A,A01,083224,Rotar; Vladimir,1,1,34,33
1655930313252,MATH 193A,A02,083225,Rotar; Vladimir,0,0,34,34
1655930313252,MATH 193A,A03,083781,Rotar; Vladimir,2,0,34,32
1655930313252,MATH 193A,A04,083782,Rotar; Vladimir,2,0,34,32
1655930313252,MATH 193A,A05,093482,Rotar; Vladimir,1,0,34,33
1655930319283,MATH 197,001,091859,McAuley; Julian John,9999,0,9999,0
1655930319283,MATH 197,002,095566,Kedlaya; Kiran S.,9997,0,9999,2
1655930319283,MATH 197,003,095567,Xiao; Ming,9999,0,9999,0
1655930319283,MATH 197,004,095571,Perols; Johan Lars,9998,0,9999,1
1655930326354,COGS 9,A01,083615,Shannon; Kyle Michael,1,1,75,74
1655930332384,COGS 11,A01,083617,Boyle; Mary E. T.,10,1,48,38
1655930338406,COGS 13,A01,083071,Bastos; Amalia Pinkusfeld,3,2,71,68
1655930344428,COGS 14A,A01,092681,Staff,2,26,100,98
1655930350452,COGS 14B,A01,083073,Cheng; Tzu-Han,7,0,63,56
1655930356486,COGS 17,A01,092677,Staff,8,7,81,73
1655930362508,COGS 100,A01,083619,Allen; Michael Gordon,2,2,70,68
1655930368534,COGS 101A,A01,083621,Davis; Joshua Daniel,4,3,68,64
1655930374574,COGS 101B,A01,091572,Allen; Michael Gordon,0,0,65,65
1655930380599,COGS 101C,A01,083625,Delgado; Tania,8,0,35,27
1655930386628,COGS 107A,A01,083627,Boyle; Mary E. T.,1,2,60,59
1655930392662,COGS 118A,A01,083075,Gupta; Anjum,19,16,76,57
1655930398686,CSE 3,A50,083646,Miranda; Gregory Joseph,13,0,50,37
1655930404716,CSE 8A,A50,083650,Miranda; Gregory Joseph,3,11,56,53
1655930410743,CSE 11,A01,083080,Cao; Yingjun,0,68,40,40
1655930416771,CSE 12,A01,083652,Krause-Levy; Sophia Louisa,6,8,120,114
1655930422890,CSE 15L,A01,083654,Morris; Justin Loren,3,1,50,47
1655930422890,CSE 15L,A02,083655,Morris; Justin Loren,1,1,50,49
1655930428919,CSE 20,A01,083657,Tran; Khoa Dang,29,0,80,51
1655930434954,CSE 21,A01,095574,Bach; Quang Tran,23,0,48,25
1655930440982,CSE 30,A01,083084,Eldon; John,2,10,80,78
1655930440982,CSE 30,B01,095061,Bhaskar; Nishant,0,4,50,50
1655930447016,CSE 100,A01,083659,Cao; Yingjun,2,25,70,68
1655930453039,CSE 134B,A01,083661,Powell; Thomas Allan,5,7,100,95
1655930459064,CSE 140,A01,083663,Gungor; Onat,5,0,85,80
1655930465096,CSE 140L,A01,083088,Eldon; John,5,0,100,95
1655930471123,CSE 175,A01,083665,Kumar; Rakesh,1,0,25,24
1655930477145,CSE 190,A00,092507,Dubnov; Shlomo,1,0,20,19
1655930483170,ECE 45,A01,083139,Congero; Spencer William,0,1,75,75
1655930489216,ECE 65,A50,083695,Saad; Andrew S,6,0,30,24
1655930489216,ECE 65,A51,095125,Staff,23,0,26,3
1655930495247,ECE 109,A01,091882,Touri; Behrouz,2,4,70,68
1655930501275,ECE 180,A00,083140,Abi Samra; Nicholas Camill,1,0,30,29
1655930501275,ECE 180,B00,083141,Abi Samra; Nicholas Camill,0,9,28,28
1655930507304,MATH 10A,A01,083735,Patchell; Gregory David,0,0,30,30
1655930507304,MATH 10A,A02,083736,Patchell; Gregory David,21,0,30,9
1655930507304,MATH 10A,A03,083737,Patchell; Gregory David,16,0,30,14
1655930513342,MATH 10B,A01,083207,Lim; Seonhee,1,1,34,33
1655930513342,MATH 10B,A02,083208,Lim; Seonhee,1,1,35,34
1655930513342,MATH 10B,A03,093472,Staff,1,0,34,33
1655930513342,MATH 10B,B01,083739,Sinha; Shubham,10,0,30,20
1655930519373,MATH 18,A01,083743,Cinel; Cameron Alexander,4,0,30,26
1655930519373,MATH 18,A02,083744,Cinel; Cameron Alexander,11,0,30,19
1655930519373,MATH 18,A03,083745,Cinel; Cameron Alexander,1,0,30,29
1655930519373,MATH 18,B01,083748,Ma; Zilu,2,0,36,34
1655930519373,MATH 18,B02,083749,Ma; Zilu,0,0,36,36
1655930519373,MATH 18,B03,083750,Ma; Zilu,0,0,36,36
1655930519373,MATH 18,B04,083751,Ma; Zilu,0,0,36,36
1655930519373,MATH 18,B05,093473,Staff,0,0,36,36
1655930519373,MATH 18,B06,093474,Staff,0,0,36,36
1655930525396,MATH 20A,A01,083754,Zheng; Zequn,10,0,40,30
1655930531420,MATH 20B,A01,083756,Briones; Jor-el Thomas Caparas,0,1,36,36
1655930531420,MATH 20B,A02,083757,Briones; Jor-el Thomas Caparas,1,0,36,35
1655930531420,MATH 20B,A03,093475,Staff,1,0,36,35
1655930537457,MATH 20C,A01,083760,Briones; Jor-el Thomas Caparas,0,2,35,35
1655930537457,MATH 20C,A02,083761,Briones; Jor-el Thomas Caparas,6,1,35,29
1655930537457,MATH 20C,A03,093476,Staff,1,1,35,34
1655930537457,MATH 20C,B01,083762,Bach; Quang Tran,3,0,30,27
1655930543487,MATH 20D,A01,083765,Tran; Brian Kha,1,0,30,29
1655930543487,MATH 20D,A02,083766,Tran; Brian Kha,0,1,30,30
1655930543487,MATH 20D,A03,083767,Tran; Brian Kha,1,0,30,29
1655930549510,MATH 20E,A01,083771,Ganguly; Soumya,0,0,32,32
1655930549510,MATH 20E,A02,083772,Ganguly; Soumya,1,1,32,31
1655930549510,MATH 20E,B01,083773,Ciotti; Benjamin,14,0,35,21
1655930549510,MATH 20E,B02,083774,Ciotti; Benjamin,12,0,35,23
1655930555537,MATH 103A,A01,083777,Greenfeld; Be'Eri,2,1,36,34
1655930555537,MATH 103A,A02,083778,Greenfeld; Be'Eri,1,0,36,35
1655930555537,MATH 103A,A03,093561,Staff,0,1,36,36
1655930555537,MATH 103A,B01,083779,Greenfeld; Be'Eri,7,1,36,29
1655930555537,MATH 103A,B02,083780,Greenfeld; Be'Eri,1,0,36,35
1655930555537,MATH 103A,B03,093562,Staff,0,0,36,36
1655930561563,MATH 105,A01,085443,Carter; Anne Toulson,3,1,35,32
1655930561563,MATH 105,A02,093477,Staff,5,0,35,30
1655930567591,MATH 109,A01,083213,Ganzberger; Geoffrey Michael,0,1,34,34
1655930567591,MATH 109,A02,083214,Ganzberger; Geoffrey Michael,0,0,34,34
1655930567591,MATH 109,A03,093478,Staff,0,0,34,34
1655930567591,MATH 109,B01,083215,Ganzberger; Geoffrey Michael,1,0,32,31
1655930567591,MATH 109,B02,083216,Ganzberger; Geoffrey Michael,0,0,32,32
1655930567591,MATH 109,B03,093479,Staff,4,0,32,28
1655930573616,MATH 142A,A01,083219,Chow; Bennett,0,0,32,32
1655930573616,MATH 142A,A02,083220,Chow; Bennett,7,0,32,25
1655930573616,MATH 142A,A03,093480,Staff,4,0,32,28
1655930573616,MATH 142A,B03,093481,Staff,3,0,32,29
1655930573616,MATH 142A,B04,093558,Staff,6,0,32,26
1655930573616,MATH 142A,B05,093559,Staff,1,0,32,31
1655930579644,MATH 193A,A01,083224,Rotar; Vladimir,1,1,34,33
1655930579644,MATH 193A,A02,083225,Rotar; Vladimir,0,0,34,34
1655930579644,MATH 193A,A03,083781,Rotar; Vladimir,2,0,34,32
1655930579644,MATH 193A,A04,083782,Rotar; Vladimir,2,0,34,32
1655930579644,MATH 193A,A05,093482,Rotar; Vladimir,1,0,34,33
1655930585667,MATH 197,001,091859,McAuley; Julian John,9999,0,9999,0
1655930585667,MATH 197,002,095566,Kedlaya; Kiran S.,9997,0,9999,2
1655930585667,MATH 197,003,095567,Xiao; Ming,9999,0,9999,0
1655930585667,MATH 197,004,095571,Perols; Johan Lars,9998,0,9999,1
1655930592741,COGS 9,A01,083615,Shannon; Kyle Michael,1,1,75,74
1655930601238,COGS 11,A01,083617,Boyle; Mary E. T.,10,1,48,38
1655930607263,COGS 13,A01,083071,Bastos; Amalia Pinkusfeld,3,2,71,68
1655930613302,COGS 14A,A01,092681,Staff,2,26,100,98
1655930619329,COGS 14B,A01,083073,Cheng; Tzu-Han,7,0,63,56
1655930625366,COGS 17,A01,092677,Staff,8,7,81,73
1655930631393,COGS 100,A01,083619,Allen; Michael Gordon,2,2,70,68
1655930637422,COGS 101A,A01,083621,Davis; Joshua Daniel,4,3,68,64
1655930643461,COGS 101B,A01,091572,Allen; Michael Gordon,0,0,65,65
1655930649496,COGS 101C,A01,083625,Delgado; Tania,8,0,35,27
1655930655521,COGS 107A,A01,083627,Boyle; Mary E. T.,1,2,60,59
1655930661552,COGS 118A,A01,083075,Gupta; Anjum,19,16,76,57
1655930667587,CSE 3,A50,083646,Miranda; Gregory Joseph,13,0,50,37
1655930673621,CSE 8A,A50,083650,Miranda; Gregory Joseph,3,11,56,53
1655930679643,CSE 11,A01,083080,Cao; Yingjun,0,68,40,40
1655930685668,CSE 12,A01,083652,Krause-Levy; Sophia Louisa,6,8,120,114
1655930691694,CSE 15L,A01,083654,Morris; Justin Loren,3,1,50,47
1655930691694,CSE 15L,A02,083655,Morris; Justin Loren,1,1,50,49
1655930697749,CSE 20,A01,083657,Tran; Khoa Dang,29,0,80,51
1655930703780,CSE 21,A01,095574,Bach; Quang Tran,23,0,48,25
1655930709818,CSE 30,A01,083084,Eldon; John,2,10,80,78
1655930709818,CSE 30,B01,095061,Bhaskar; Nishant,0,4,50,50
1655930715852,CSE 100,A01,083659,Cao; Yingjun,2,25,70,68
1655930721891,CSE 134B,A01,083661,Powell; Thomas Allan,5,7,100,95
1655930727923,CSE 140,A01,083663,Gungor; Onat,5,0,85,80
1655930733945,CSE 140L,A01,083088,Eldon; John,5,0,100,95
1655930739968,CSE 175,A01,083665,Kumar; Rakesh,1,0,25,24
1655930745991,CSE 190,A00,092507,Dubnov; Shlomo,1,0,20,19
1655930752014,ECE 45,A01,083139,Congero; Spencer William,0,1,75,75
1655930758043,ECE 65,A50,083695,Saad; Andrew S,6,0,30,24
1655930758043,ECE 65,A51,095125,Staff,23,0,26,3
1655930764066,ECE 109,A01,091882,Touri; Behrouz,2,4,70,68
1655930770111,ECE 180,A00,083140,Abi Samra; Nicholas Camill,1,0,30,29
1655930770111,ECE 180,B00,083141,Abi Samra; Nicholas Camill,0,9,28,28
1655930776138,MATH 10A,A01,083735,Patchell; Gregory David,0,0,30,30
1655930776138,MATH 10A,A02,083736,Patchell; Gregory David,21,0,30,9
1655930776138,MATH 10A,A03,083737,Patchell; Gregory David,16,0,30,14
1655930782173,MATH 10B,A01,083207,Lim; Seonhee,1,1,34,33
1655930782173,MATH 10B,A02,083208,Lim; Seonhee,1,1,35,34
1655930782173,MATH 10B,A03,093472,Staff,1,0,34,33
1655930782173,MATH 10B,B01,083739,Sinha; Shubham,10,0,30,20
1655930788198,MATH 18,A01,083743,Cinel; Cameron Alexander,4,0,30,26
1655930788198,MATH 18,A02,083744,Cinel; Cameron Alexander,11,0,30,19
1655930788198,MATH 18,A03,083745,Cinel; Cameron Alexander,1,0,30,29
1655930788198,MATH 18,B01,083748,Ma; Zilu,2,0,36,34
1655930788198,MATH 18,B02,083749,Ma; Zilu,0,0,36,36
1655930788198,MATH 18,B03,083750,Ma; Zilu,0,0,36,36
1655930788198,MATH 18,B04,083751,Ma; Zilu,0,0,36,36
1655930788198,MATH 18,B05,093473,Staff,0,0,36,36
1655930788198,MATH 18,B06,093474,Staff,0,0,36,36
1655930794221,MATH 20A,A01,083754,Zheng; Zequn,10,0,40,30
1655930800251,MATH 20B,A01,083756,Briones; Jor-el Thomas Caparas,0,1,36,36
1655930800251,MATH 20B,A02,083757,Briones; Jor-el Thomas Caparas,1,0,36,35
1655930800251,MATH 20B,A03,093475,Staff,1,0,36,35
1655930806279,MATH 20C,A01,083760,Briones; Jor-el Thomas Caparas,0,2,35,35
1655930806279,MATH 20C,A02,083761,Briones; Jor-el Thomas Caparas,6,1,35,29
1655930806279,MATH 20C,A03,093476,Staff,1,1,35,34
1655930806279,MATH 20C,B01,083762,Bach; Quang Tran,3,0,30,27
1655930812304,MATH 20D,A01,083765,Tran; Brian Kha,1,0,30,29
1655930812304,MATH 20D,A02,083766,Tran; Brian Kha,0,1,30,30
1655930812304,MATH 20D,A03,083767,Tran; Brian Kha,1,0,30,29
1655930818329,MATH 20E,A01,083771,Ganguly; Soumya,0,0,32,32
1655930818329,MATH 20E,A02,083772,Ganguly; Soumya,1,1,32,31
1655930818329,MATH 20E,B01,083773,Ciotti; Benjamin,14,0,35,21
1655930818329,MATH 20E,B02,083774,Ciotti; Benjamin,12,0,35,23
1655930824353,MATH 103A,A01,083777,Greenfeld; Be'Eri,2,1,36,34
1655930824353,MATH 103A,A02,083778,Greenfeld; Be'Eri,1,0,36,35
1655930824353,MATH 103A,A03,093561,Staff,0,1,36,36
1655930824353,MATH 103A,B01,083779,Greenfeld; Be'Eri,7,1,36,29
1655930824353,MATH 103A,B02,083780,Greenfeld; Be'Eri,1,0,36,35
1655930824353,MATH 103A,B03,093562,Staff,0,0,36,36
1655930830379,MATH 105,A01,085443,Carter; Anne Toulson,3,1,35,32
1655930830379,MATH 105,A02,093477,Staff,5,0,35,30
1655930836409,MATH 109,A01,083213,Ganzberger; Geoffrey Michael,0,1,34,34
1655930836409,MATH 109,A02,083214,Ganzberger; Geoffrey Michael,0,0,34,34
1655930836409,MATH 109,A03,093478,Staff,0,0,34,34
1655930836409,MATH 109,B01,083215,Ganzberger; Geoffrey Michael,1,0,32,31
1655930836409,MATH 109,B02,083216,Ganzberger; Geoffrey Michael,0,0,32,32
1655930836409,MATH 109,B03,093479,Staff,4,0,32,28
1655930842442,MATH 142A,A01,083219,Chow; Bennett,0,0,32,32
1655930842442,MATH 142A,A02,083220,Chow; Bennett,7,0,32,25
1655930842442,MATH 142A,A03,093480,Staff,4,0,32,28
1655930842442,MATH 142A,B03,093481,Staff,3,0,32,29
1655930842442,MATH 142A,B04,093558,Staff,6,0,32,26
1655930842442,MATH 142A,B05,093559,Staff,1,0,32,31
1655930848464,MATH 193A,A01,083224,Rotar; Vladimir,1,1,34,33
1655930848464,MATH 193A,A02,083225,Rotar; Vladimir,0,0,34,34
1655930848464,MATH 193A,A03,083781,Rotar; Vladimir,2,0,34,32
1655930848464,MATH 193A,A04,083782,Rotar; Vladimir,2,0,34,32
1655930848464,MATH 193A,A05,093482,Rotar; Vladimir,1,0,34,33
1655930854489,MATH 197,001,091859,McAuley; Julian John,9999,0,9999,0
1655930854489,MATH 197,002,095566,Kedlaya; Kiran S.,9997,0,9999,2
1655930854489,MATH 197,003,095567,Xiao; Ming,9999,0,9999,0
1655930854489,MATH 197,004,095571,Perols; Johan Lars,9998,0,9999,1
1655930861540,COGS 9,A01,083615,Shannon; Kyle Michael,1,1,75,74
1655930867569,COGS 11,A01,083617,Boyle; Mary E. T.,10,1,48,38
1655930873594,COGS 13,A01,083071,Bastos; Amalia Pinkusfeld,3,2,71,68
1655930879621,COGS 14A,A01,092681,Staff,2,26,100,98
1655930885654,COGS 14B,A01,083073,Cheng; Tzu-Han,7,0,63,56
1655930891688,COGS 17,A01,092677,Staff,8,7,81,73
1655930897720,COGS 100,A01,083619,Allen; Michael Gordon,2,2,70,68
1655930903753,COGS 101A,A01,083621,Davis; Joshua Daniel,4,3,68,64
1655930909782,COGS 101B,A01,091572,Allen; Michael Gordon,0,0,65,65
1655930915815,COGS 101C,A01,083625,Delgado; Tania,8,0,35,27
1655930921847,COGS 107A,A01,083627,Boyle; Mary E. T.,1,2,60,59
1655930927870,COGS 118A,A01,083075,Gupta; Anjum,19,16,76,57
1655930933897,CSE 3,A50,083646,Miranda; Gregory Joseph,13,0,50,37
1655930939924,CSE 8A,A50,083650,Miranda; Gregory Joseph,3,11,56,53
1655930945952,CSE 11,A01,083080,Cao; Yingjun,0,68,40,40
1655930951982,CSE 12,A01,083652,Krause-Levy; Sophia Louisa,6,8,120,114
1655930958006,CSE 15L,A01,083654,Morris; Justin Loren,3,1,50,47
1655930958006,CSE 15L,A02,083655,Morris; Justin Loren,1,1,50,49
1655930964037,CSE 20,A01,083657,Tran; Khoa Dang,29,0,80,51
1655930970070,CSE 21,A01,095574,Bach; Quang Tran,23,0,48,25
1655930976102,CSE 30,A01,083084,Eldon; John,2,10,80,78
1655930976102,CSE 30,B01,095061,Bhaskar; Nishant,0,4,50,50
1655930982125,CSE 100,A01,083659,Cao; Yingjun,2,25,70,68
1655930988161,CSE 134B,A01,083661,Powell; Thomas Allan,5,7,100,95
1655930994194,CSE 140,A01,083663,Gungor; Onat,5,0,85,80
1655931000222,CSE 140L,A01,083088,Eldon; John,5,0,100,95
1655931006259,CSE 175,A01,083665,Kumar; Rakesh,1,0,25,24
1655931012285,CSE 190,A00,092507,Dubnov; Shlomo,1,0,20,19
1655931018311,ECE 45,A01,083139,Congero; Spencer William,0,1,75,75
1655931024429,ECE 65,A50,083695,Saad; Andrew S,6,0,30,24
1655931024429,ECE 65,A51,095125,Staff,23,0,26,3
1655931030452,ECE 109,A01,091882,Touri; Behrouz,2,4,70,68
1655931036477,ECE 180,A00,083140,Abi Samra; Nicholas Camill,1,0,30,29
1655931036477,ECE 180,B00,083141,Abi Samra; Nicholas Camill,0,9,28,28
1655931042517,MATH 10A,A01,083735,Patchell; Gregory David,0,0,30,30
1655931042517,MATH 10A,A02,083736,Patchell; Gregory David,21,0,30,9
1655931042517,MATH 10A,A03,083737,Patchell; Gregory David,16,0,30,14
1655931048551,MATH 10B,A01,083207,Lim; Seonhee,1,1,34,33
1655931048551,MATH 10B,A02,083208,Lim; Seonhee,1,1,35,34
1655931048551,MATH 10B,A03,093472,Staff,1,0,34,33
1655931048551,MATH 10B,B01,083739,Sinha; Shubham,10,0,30,20
1655931054575,MATH 18,A01,083743,Cinel; Cameron Alexander,4,0,30,26
1655931054575,MATH 18,A02,083744,Cinel; Cameron Alexander,11,0,30,19
1655931054575,MATH 18,A03,083745,Cinel; Cameron Alexander,1,0,30,29
1655931054575,MATH 18,B01,083748,Ma; Zilu,2,0,36,34
1655931054575,MATH 18,B02,083749,Ma; Zilu,0,0,36,36
1655931054575,MATH 18,B03,083750,Ma; Zilu,0,0,36,36
1655931054575,MATH 18,B04,083751,Ma; Zilu,0,0,36,36
1655931054575,MATH 18,B05,093473,Staff,0,0,36,36
1655931054575,MATH 18,B06,093474,Staff,0,0,36,36
1655931060606,MATH 20A,A01,083754,Zheng; Zequn,10,0,40,30
1655931066648,MATH 20B,A01,083756,Briones; Jor-el Thomas Caparas,0,1,36,36
1655931066648,MATH 20B,A02,083757,Briones; Jor-el Thomas Caparas,1,0,36,35
1655931066648,MATH 20B,A03,093475,Staff,1,0,36,35
1655931072672,MATH 20C,A01,083760,Briones; Jor-el Thomas Caparas,0,2,35,35
1655931072672,MATH 20C,A02,083761,Briones; Jor-el Thomas Caparas,6,1,35,29
1655931072672,MATH 20C,A03,093476,Staff,1,1,35,34
1655931072672,MATH 20C,B01,083762,Bach; Quang Tran,3,0,30,27
1655931078698,MATH 20D,A01,083765,Tran; Brian Kha,1,0,30,29
1655931078698,MATH 20D,A02,083766,Tran; Brian Kha,0,1,30,30
1655931078698,MATH 20D,A03,083767,Tran; Brian Kha,1,0,30,29
1655931084722,MATH 20E,A01,083771,Ganguly; Soumya,0,0,32,32
1655931084722,MATH 20E,A02,083772,Ganguly; Soumya,1,1,32,31
1655931084722,MATH 20E,B01,083773,Ciotti; Benjamin,14,0,35,21
1655931084722,MATH 20E,B02,083774,Ciotti; Benjamin,12,0,35,23
1655931090750,MATH 103A,A01,083777,Greenfeld; Be'Eri,2,1,36,34
1655931090750,MATH 103A,A02,083778,Greenfeld; Be'Eri,1,0,36,35
1655931090750,MATH 103A,A03,093561,Staff,0,1,36,36
1655931090750,MATH 103A,B01,083779,Greenfeld; Be'Eri,7,1,36,29
1655931090750,MATH 103A,B02,083780,Greenfeld; Be'Eri,1,0,36,35
1655931090750,MATH 103A,B03,093562,Staff,0,0,36,36
1655931096790,MATH 105,A01,085443,Carter; Anne Toulson,3,1,35,32
1655931096790,MATH 105,A02,093477,Staff,5,0,35,30
1655931102824,MATH 109,A01,083213,Ganzberger; Geoffrey Michael,0,1,34,34
1655931102824,MATH 109,A02,083214,Ganzberger; Geoffrey Michael,0,0,34,34
1655931102824,MATH 109,A03,093478,Staff,0,0,34,34
1655931102824,MATH 109,B01,083215,Ganzberger; Geoffrey Michael,1,0,32,31
1655931102824,MATH 109,B02,083216,Ganzberger; Geoffrey Michael,0,0,32,32
1655931102824,MATH 109,B03,093479,Staff,4,0,32,28
1655931108849,MATH 142A,A01,083219,Chow; Bennett,0,0,32,32
1655931108849,MATH 142A,A02,083220,Chow; Bennett,7,0,32,25
1655931108849,MATH 142A,A03,093480,Staff,4,0,32,28
1655931108849,MATH 142A,B03,093481,Staff,3,0,32,29
1655931108849,MATH 142A,B04,093558,Staff,6,0,32,26
1655931108849,MATH 142A,B05,093559,Staff,1,0,32,31
1655931114890,MATH 193A,A01,083224,Rotar; Vladimir,1,1,34,33
1655931114890,MATH 193A,A02,083225,Rotar; Vladimir,0,0,34,34
1655931114890,MATH 193A,A03,083781,Rotar; Vladimir,2,0,34,32
1655931114890,MATH 193A,A04,083782,Rotar; Vladimir,2,0,34,32
1655931114890,MATH 193A,A05,093482,Rotar; Vladimir,1,0,34,33
1655931120913,MATH 197,001,091859,McAuley; Julian John,9999,0,9999,0
1655931120913,MATH 197,002,095566,Kedlaya; Kiran S.,9997,0,9999,2
1655931120913,MATH 197,003,095567,Xiao; Ming,9999,0,9999,0
1655931120913,MATH 197,004,095571,Perols; Johan Lars,9998,0,9999,1
1655931127964,COGS 9,A01,083615,Shannon; Kyle Michael,1,1,75,74
1655931133987,COGS 11,A01,083617,Boyle; Mary E. T.,10,1,48,38
1655931140012,COGS 13,A01,083071,Bastos; Amalia Pinkusfeld,3,2,71,68
1655931146034,COGS 14A,A01,092681,Staff,2,26,100,98
1655931152058,COGS 14B,A01,083073,Cheng; Tzu-Han,7,0,63,56
1655931158081,COGS 17,A01,092677,Staff,8,7,81,73
1655931164106,COGS 100,A01,083619,Allen; Michael Gordon,2,2,70,68
1655931170131,COGS 101A,A01,083621,Davis; Joshua Daniel,4,3,68,64
1655931176155,COGS 101B,A01,091572,Allen; Michael Gordon,0,0,65,65
1655931182193,COGS 101C,A01,083625,Delgado; Tania,8,0,35,27
1655931188217,COGS 107A,A01,083627,Boyle; Mary E. T.,1,2,60,59
1655931194248,COGS 118A,A01,083075,Gupta; Anjum,19,16,76,57
1655931200272,CSE 3,A50,083646,Miranda; Gregory Joseph,13,0,50,37
1655931206301,CSE 8A,A50,083650,Miranda; Gregory Joseph,3,11,56,53
1655931212328,CSE 11,A01,083080,Cao; Yingjun,0,68,40,40
1655931218354,CSE 12,A01,083652,Krause-Levy; Sophia Louisa,6,8,120,114
1655931224376,CSE 15L,A01,083654,Morris; Justin Loren,3,1,50,47
1655931224376,CSE 15L,A02,083655,Morris; Justin Loren,1,1,50,49
1655931230400,CSE 20,A01,083657,Tran; Khoa Dang,29,0,80,51
1655931236422,CSE 21,A01,095574,Bach; Quang Tran,23,0,48,25
1655931242451,CSE 30,A01,083084,Eldon; John,2,10,80,78
1655931242451,CSE 30,B01,095061,Bhaskar; Nishant,0,4,50,50
1655931248474,CSE 100,A01,083659,Cao; Yingjun,2,25,70,68
1655931254497,CSE 134B,A01,083661,Powell; Thomas Allan,5,7,100,95
1655931260520,CSE 140,A01,083663,Gungor; Onat,5,0,85,80
1655931266550,CSE 140L,A01,083088,Eldon; John,5,0,100,95
1655931272585,CSE 175,A01,083665,Kumar; Rakesh,1,0,25,24
1655931278618,CSE 190,A00,092507,Dubnov; Shlomo,1,0,20,19
1655931284642,ECE 45,A01,083139,Congero; Spencer William,0,1,75,75
1655931290666,ECE 65,A50,083695,Saad; Andrew S,6,0,30,24
1655931290666,ECE 65,A51,095125,Staff,23,0,26,3
1655931296692,ECE 109,A01,091882,Touri; Behrouz,2,4,70,68
1655931302716,ECE 180,A00,083140,Abi Samra; Nicholas Camill,1,0,30,29
1655931302716,ECE 180,B00,083141,Abi Samra; Nicholas Camill,0,9,28,28
1655931308744,MATH 10A,A01,083735,Patchell; Gregory David,0,0,30,30
1655931308744,MATH 10A,A02,083736,Patchell; Gregory David,21,0,30,9
1655931308744,MATH 10A,A03,083737,Patchell; Gregory David,16,0,30,14
1655931314772,MATH 10B,A01,083207,Lim; Seonhee,1,1,34,33
1655931314772,MATH 10B,A02,083208,Lim; Seonhee,1,1,35,34
1655931314772,MATH 10B,A03,093472,Staff,1,0,34,33
1655931314772,MATH 10B,B01,083739,Sinha; Shubham,10,0,30,20
1655931320803,MATH 18,A01,083743,Cinel; Cameron Alexander,4,0,30,26
1655931320803,MATH 18,A02,083744,Cinel; Cameron Alexander,11,0,30,19
1655931320803,MATH 18,A03,083745,Cinel; Cameron Alexander,1,0,30,29
1655931320803,MATH 18,B01,083748,Ma; Zilu,2,0,36,34
1655931320803,MATH 18,B02,083749,Ma; Zilu,0,0,36,36
1655931320803,MATH 18,B03,083750,Ma; Zilu,0,0,36,36
1655931320803,MATH 18,B04,083751,Ma; Zilu,0,0,36,36
1655931320803,MATH 18,B05,093473,Staff,0,0,36,36
1655931320803,MATH 18,B06,093474,Staff,0,0,36,36
1655931326839,MATH 20A,A01,083754,Zheng; Zequn,10,0,40,30
1655931332875,MATH 20B,A01,083756,Briones; Jor-el Thomas Caparas,0,1,36,36
1655931332875,MATH 20B,A02,083757,Briones; Jor-el Thomas Caparas,1,0,36,35
1655931332875,MATH 20B,A03,093475,Staff,1,0,36,35
1655931338912,MATH 20C,A01,083760,Briones; Jor-el Thomas Caparas,0,2,35,35
1655931338912,MATH 20C,A02,083761,Briones; Jor-el Thomas Caparas,6,1,35,29
1655931338912,MATH 20C,A03,093476,Staff,1,1,35,34
1655931338912,MATH 20C,B01,083762,Bach; Quang Tran,3,0,30,27
1655931344934,MATH 20D,A01,083765,Tran; Brian Kha,1,0,30,29
1655931344934,MATH 20D,A02,083766,Tran; Brian Kha,0,1,30,30
1655931344934,MATH 20D,A03,083767,Tran; Brian Kha,1,0,30,29
1655931350958,MATH 20E,A01,083771,Ganguly; Soumya,0,0,32,32
1655931350958,MATH 20E,A02,083772,Ganguly; Soumya,1,1,32,31
1655931350958,MATH 20E,B01,083773,Ciotti; Benjamin,14,0,35,21
1655931350958,MATH 20E,B02,083774,Ciotti; Benjamin,12,0,35,23
1655931356983,MATH 103A,A01,083777,Greenfeld; Be'Eri,2,1,36,34
1655931356983,MATH 103A,A02,083778,Greenfeld; Be'Eri,1,0,36,35
1655931356983,MATH 103A,A03,093561,Staff,0,1,36,36
1655931356983,MATH 103A,B01,083779,Greenfeld; Be'Eri,7,1,36,29
1655931356983,MATH 103A,B02,083780,Greenfeld; Be'Eri,1,0,36,35
1655931356983,MATH 103A,B03,093562,Staff,0,0,36,36
1655931363012,MATH 105,A01,085443,Carter; Anne Toulson,3,1,35,32
1655931363012,MATH 105,A02,093477,Staff,5,0,35,30
1655931369049,MATH 109,A01,083213,Ganzberger; Geoffrey Michael,0,1,34,34
1655931369049,MATH 109,A02,083214,Ganzberger; Geoffrey Michael,0,0,34,34
1655931369049,MATH 109,A03,093478,Staff,0,0,34,34
1655931369049,MATH 109,B01,083215,Ganzberger; Geoffrey Michael,1,0,32,31
1655931369049,MATH 109,B02,083216,Ganzberger; Geoffrey Michael,0,0,32,32
1655931369049,MATH 109,B03,093479,Staff,4,0,32,28
1655931375074,MATH 142A,A01,083219,Chow; Bennett,0,0,32,32
1655931375074,MATH 142A,A02,083220,Chow; Bennett,7,0,32,25
1655931375074,MATH 142A,A03,093480,Staff,4,0,32,28
1655931375074,MATH 142A,B03,093481,Staff,3,0,32,29
1655931375074,MATH 142A,B04,093558,Staff,6,0,32,26
1655931375074,MATH 142A,B05,093559,Staff,1,0,32,31
1655931381102,MATH 193A,A01,083224,Rotar; Vladimir,1,1,34,33
1655931381102,MATH 193A,A02,083225,Rotar; Vladimir,0,0,34,34
1655931381102,MATH 193A,A03,083781,Rotar; Vladimir,2,0,34,32
1655931381102,MATH 193A,A04,083782,Rotar; Vladimir,2,0,34,32
1655931381102,MATH 193A,A05,093482,Rotar; Vladimir,1,0,34,33
1655931387125,MATH 197,001,091859,McAuley; Julian John,9999,0,9999,0
1655931387125,MATH 197,002,095566,Kedlaya; Kiran S.,9997,0,9999,2
1655931387125,MATH 197,003,095567,Xiao; Ming,9999,0,9999,0
1655931387125,MATH 197,004,095571,Perols; Johan Lars,9998,0,9999,1
1655931394194,COGS 9,A01,083615,Shannon; Kyle Michael,1,1,75,74
1655931400234,COGS 11,A01,083617,Boyle; Mary E. T.,10,1,48,38
1655931406272,COGS 13,A01,083071,Bastos; Amalia Pinkusfeld,3,2,71,68
1655931412300,COGS 14A,A01,092681,Staff,2,26,100,98
1655931418339,COGS 14B,A01,083073,Cheng; Tzu-Han,7,0,63,56
1655931424367,COGS 17,A01,092677,Staff,8,7,81,73
1655931430390,COGS 100,A01,083619,Allen; Michael Gordon,2,2,70,68
1655931436416,COGS 101A,A01,083621,Davis; Joshua Daniel,4,3,68,64
1655931442441,COGS 101B,A01,091572,Allen; Michael Gordon,0,0,65,65
1655931448462,COGS 101C,A01,083625,Delgado; Tania,8,0,35,27
1655931454492,COGS 107A,A01,083627,Boyle; Mary E. T.,1,2,60,59
1655931460519,COGS 118A,A01,083075,Gupta; Anjum,19,16,76,57
1655931466549,CSE 3,A50,083646,Miranda; Gregory Joseph,13,0,50,37
1655931472573,CSE 8A,A50,083650,Miranda; Gregory Joseph,3,11,56,53
1655931478604,CSE 11,A01,083080,Cao; Yingjun,0,68,40,40
1655931484637,CSE 12,A01,083652,Krause-Levy; Sophia Louisa,6,8,120,114
1655931490669,CSE 15L,A01,083654,Morris; Justin Loren,3,1,50,47
1655931490669,CSE 15L,A02,083655,Morris; Justin Loren,1,1,50,49
1655931496708,CSE 20,A01,083657,Tran; Khoa Dang,29,0,80,51
1655931502735,CSE 21,A01,095574,Bach; Quang Tran,23,0,48,25
1655931508774,CSE 30,A01,083084,Eldon; John,2,10,80,78
1655931508774,CSE 30,B01,095061,Bhaskar; Nishant,0,4,50,50
1655931514799,CSE 100,A01,083659,Cao; Yingjun,2,25,70,68
1655931520830,CSE 134B,A01,083661,Powell; Thomas Allan,5,7,100,95
1655931526856,CSE 140,A01,083663,Gungor; Onat,5,0,85,80
1655931532880,CSE 140L,A01,083088,Eldon; John,5,0,100,95
1655931538906,CSE 175,A01,083665,Kumar; Rakesh,1,0,25,24
1655931544932,CSE 190,A00,092507,Dubnov; Shlomo,1,0,20,19
1655931550958,ECE 45,A01,083139,Congero; Spencer William,0,1,75,75
1655931556991,ECE 65,A50,083695,Saad; Andrew S,6,0,30,24
1655931556991,ECE 65,A51,095125,Staff,23,0,26,3
1655931563020,ECE 109,A01,091882,Touri; Behrouz,2,4,70,68
1655931569047,ECE 180,A00,083140,Abi Samra; Nicholas Camill,1,0,30,29
1655931569047,ECE 180,B00,083141,Abi Samra; Nicholas Camill,0,9,28,28
1655931575071,MATH 10A,A01,083735,Patchell; Gregory David,0,0,30,30
1655931575071,MATH 10A,A02,083736,Patchell; Gregory David,21,0,30,9
1655931575071,MATH 10A,A03,083737,Patchell; Gregory David,16,0,30,14
1655931581113,MATH 10B,A01,083207,Lim; Seonhee,1,1,34,33
1655931581113,MATH 10B,A02,083208,Lim; Seonhee,1,1,35,34
1655931581113,MATH 10B,A03,093472,Staff,1,0,34,33
1655931581113,MATH 10B,B01,083739,Sinha; Shubham,10,0,30,20
1655931587151,MATH 18,A01,083743,Cinel; Cameron Alexander,4,0,30,26
1655931587151,MATH 18,A02,083744,Cinel; Cameron Alexander,11,0,30,19
1655931587151,MATH 18,A03,083745,Cinel; Cameron Alexander,1,0,30,29
1655931587151,MATH 18,B01,083748,Ma; Zilu,2,0,36,34
1655931587151,MATH 18,B02,083749,Ma; Zilu,0,0,36,36
1655931587151,MATH 18,B03,083750,Ma; Zilu,0,0,36,36
1655931587151,MATH 18,B04,083751,Ma; Zilu,0,0,36,36
1655931587151,MATH 18,B05,093473,Staff,0,0,36,36
1655931587151,MATH 18,B06,093474,Staff,0,0,36,36
1655931593181,MATH 20A,A01,083754,Zheng; Zequn,10,0,40,30
1655931599225,MATH 20B,A01,083756,Briones; Jor-el Thomas Caparas,0,1,36,36
1655931599225,MATH 20B,A02,083757,Briones; Jor-el Thomas Caparas,1,0,36,35
1655931599225,MATH 20B,A03,093475,Staff,1,0,36,35
1655931605249,MATH 20C,A01,083760,Briones; Jor-el Thomas Caparas,0,2,35,35
1655931605249,MATH 20C,A02,083761,Briones; Jor-el Thomas Caparas,6,1,35,29
1655931605249,MATH 20C,A03,093476,Staff,1,1,35,34
1655931605249,MATH 20C,B01,083762,Bach; Quang Tran,3,0,30,27
1655931611281,MATH 20D,A01,083765,Tran; Brian Kha,1,0,30,29
1655931611281,MATH 20D,A02,083766,Tran; Brian Kha,0,1,30,30
1655931611281,MATH 20D,A03,083767,Tran; Brian Kha,1,0,30,29
1655931617309,MATH 20E,A01,083771,Ganguly; Soumya,0,0,32,32
1655931617309,MATH 20E,A02,083772,Ganguly; Soumya,1,1,32,31
1655931617309,MATH 20E,B01,083773,Ciotti; Benjamin,14,0,35,21
1655931617309,MATH 20E,B02,083774,Ciotti; Benjamin,12,0,35,23
1655931623422,MATH 103A,A01,083777,Greenfeld; Be'Eri,2,1,36,34
1655931623422,MATH 103A,A02,083778,Greenfeld; Be'Eri,1,0,36,35
1655931623422,MATH 103A,A03,093561,Staff,0,1,36,36
1655931623422,MATH 103A,B01,083779,Greenfeld; Be'Eri,7,1,36,29
1655931623422,MATH 103A,B02,083780,Greenfeld; Be'Eri,1,0,36,35
1655931623422,MATH 103A,B03,093562,Staff,0,0,36,36
1655931629444,MATH 105,A01,085443,Carter; Anne Toulson,3,1,35,32
1655931629444,MATH 105,A02,093477,Staff,5,0,35,30
1655931635485,MATH 109,A01,083213,Ganzberger; Geoffrey Michael,0,1,34,34
1655931635485,MATH 109,A02,083214,Ganzberger; Geoffrey Michael,0,0,34,34
1655931635485,MATH 109,A03,093478,Staff,0,0,34,34
1655931635485,MATH 109,B01,083215,Ganzberger; Geoffrey Michael,1,0,32,31
1655931635485,MATH 109,B02,083216,Ganzberger; Geoffrey Michael,0,0,32,32
1655931635485,MATH 109,B03,093479,Staff,4,0,32,28
1655931641511,MATH 142A,A01,083219,Chow; Bennett,0,0,32,32
1655931641511,MATH 142A,A02,083220,Chow; Bennett,7,0,32,25
1655931641511,MATH 142A,A03,093480,Staff,4,0,32,28
1655931641511,MATH 142A,B03,093481,Staff,3,0,32,29
1655931641511,MATH 142A,B04,093558,Staff,6,0,32,26
1655931641511,MATH 142A,B05,093559,Staff,1,0,32,31
1655931647534,MATH 193A,A01,083224,Rotar; Vladimir,1,1,34,33
1655931647534,MATH 193A,A02,083225,Rotar; Vladimir,0,0,34,34
1655931647534,MATH 193A,A03,083781,Rotar; Vladimir,2,0,34,32
1655931647534,MATH 193A,A04,083782,Rotar; Vladimir,2,0,34,32
1655931647534,MATH 193A,A05,093482,Rotar; Vladimir,1,0,34,33
1655931653563,MATH 197,001,091859,McAuley; Julian John,9999,0,9999,0
1655931653563,MATH 197,002,095566,Kedlaya; Kiran S.,9997,0,9999,2
1655931653563,MATH 197,003,095567,Xiao; Ming,9999,0,9999,0
1655931653563,MATH 197,004,095571,Perols; Johan Lars,9998,0,9999,1
1655931660639,COGS 9,A01,083615,Shannon; Kyle Michael,1,1,75,74
1655931666661,COGS 11,A01,083617,Boyle; Mary E. T.,10,1,48,38
1655931672692,COGS 13,A01,083071,Bastos; Amalia Pinkusfeld,3,2,71,68
1655931678720,COGS 14A,A01,092681,Staff,2,26,100,98
1655931684744,COGS 14B,A01,083073,Cheng; Tzu-Han,7,0,63,56
1655931690777,COGS 17,A01,092677,Staff,8,7,81,73
1655931696809,COGS 100,A01,083619,Allen; Michael Gordon,2,2,70,68
1655931702832,COGS 101A,A01,083621,Davis; Joshua Daniel,4,3,68,64
1655931708859,COGS 101B,A01,091572,Allen; Michael Gordon,0,0,65,65
1655931714894,COGS 101C,A01,083625,Delgado; Tania,8,0,35,27
1655931720922,COGS 107A,A01,083627,Boyle; Mary E. T.,1,2,60,59
1655931726993,COGS 118A,A01,083075,Gupta; Anjum,19,16,76,57
1655931733022,CSE 3,A50,083646,Miranda; Gregory Joseph,13,0,50,37
1655931739059,CSE 8A,A50,083650,Miranda; Gregory Joseph,3,11,56,53
1655931745082,CSE 11,A01,083080,Cao; Yingjun,0,68,40,40
1655931751106,CSE 12,A01,083652,Krause-Levy; Sophia Louisa,6,8,120,114
1655931757137,CSE 15L,A01,083654,Morris; Justin Loren,3,1,50,47
1655931757137,CSE 15L,A02,083655,Morris; Justin Loren,1,1,50,49
1655931763160,CSE 20,A01,083657,Tran; Khoa Dang,29,0,80,51
1655931769185,CSE 21,A01,095574,Bach; Quang Tran,23,0,48,25
1655931775212,CSE 30,A01,083084,Eldon; John,2,10,80,78
1655931775212,CSE 30,B01,095061,Bhaskar; Nishant,0,4,50,50
1655931781240,CSE 100,A01,083659,Cao; Yingjun,2,25,70,68
1655931787266,CSE 134B,A01,083661,Powell; Thomas Allan,5,7,100,95
1655931793289,CSE 140,A01,083663,Gungor; Onat,5,0,85,80
1655931799327,CSE 140L,A01,083088,Eldon; John,5,0,100,95
1655931805353,CSE 175,A01,083665,Kumar; Rakesh,1,0,25,24
1655931811393,CSE 190,A00,092507,Dubnov; Shlomo,1,0,20,19
1655931817420,ECE 45,A01,083139,Congero; Spencer William,0,1,75,75
1655931823451,ECE 65,A50,083695,Saad; Andrew S,6,0,30,24
1655931823451,ECE 65,A51,095125,Staff,23,0,26,3
1655931829474,ECE 109,A01,091882,Touri; Behrouz,2,4,70,68
1655931835495,ECE 180,A00,083140,Abi Samra; Nicholas Camill,1,0,30,29
1655931835495,ECE 180,B00,083141,Abi Samra; Nicholas Camill,0,9,28,28
1655931841519,MATH 10A,A01,083735,Patchell; Gregory David,0,0,30,30
1655931841519,MATH 10A,A02,083736,Patchell; Gregory David,21,0,30,9
1655931841519,MATH 10A,A03,083737,Patchell; Gregory David,16,0,30,14
1655931847542,MATH 10B,A01,083207,Lim; Seonhee,1,1,34,33
1655931847542,MATH 10B,A02,083208,Lim; Seonhee,1,1,35,34
1655931847542,MATH 10B,A03,093472,Staff,1,0,34,33
1655931847542,MATH 10B,B01,083739,Sinha; Shubham,10,0,30,20
1655931853567,MATH 18,A01,083743,Cinel; Cameron Alexander,4,0,30,26
1655931853567,MATH 18,A02,083744,Cinel; Cameron Alexander,11,0,30,19
1655931853567,MATH 18,A03,083745,Cinel; Cameron Alexander,1,0,30,29
1655931853567,MATH 18,B01,083748,Ma; Zilu,2,0,36,34
1655931853567,MATH 18,B02,083749,Ma; Zilu,0,0,36,36
1655931853567,MATH 18,B03,083750,Ma; Zilu,0,0,36,36
1655931853567,MATH 18,B04,083751,Ma; Zilu,0,0,36,36
1655931853567,MATH 18,B05,093473,Staff,0,0,36,36
1655931853567,MATH 18,B06,093474,Staff,0,0,36,36
1655931859609,MATH 20A,A01,083754,Zheng; Zequn,10,0,40,30
1655931865638,MATH 20B,A01,083756,Briones; Jor-el Thomas Caparas,0,1,36,36
1655931865638,MATH 20B,A02,083757,Briones; Jor-el Thomas Caparas,1,0,36,35
1655931865638,MATH 20B,A03,093475,Staff,1,0,36,35
1655931871678,MATH 20C,A01,083760,Briones; Jor-el Thomas Caparas,0,2,35,35
1655931871678,MATH 20C,A02,083761,Briones; Jor-el Thomas Caparas,6,1,35,29
1655931871678,MATH 20C,A03,093476,Staff,1,1,35,34
1655931871678,MATH 20C,B01,083762,Bach; Quang Tran,3,0,30,27
1655931877702,MATH 20D,A01,083765,Tran; Brian Kha,1,0,30,29
1655931877702,MATH 20D,A02,083766,Tran; Brian Kha,0,1,30,30
1655931877702,MATH 20D,A03,083767,Tran; Brian Kha,1,0,30,29
1655931883754,MATH 20E,A01,083771,Ganguly; Soumya,0,0,32,32
1655931883754,MATH 20E,A02,083772,Ganguly; Soumya,1,1,32,31
1655931883754,MATH 20E,B01,083773,Ciotti; Benjamin,14,0,35,21
1655931883754,MATH 20E,B02,083774,Ciotti; Benjamin,12,0,35,23
1655931889775,MATH 103A,A01,083777,Greenfeld; Be'Eri,2,1,36,34
1655931889775,MATH 103A,A02,083778,Greenfeld; Be'Eri,1,0,36,35
1655931889775,MATH 103A,A03,093561,Staff,0,1,36,36
1655931889775,MATH 103A,B01,083779,Greenfeld; Be'Eri,7,1,36,29
1655931889775,MATH 103A,B02,083780,Greenfeld; Be'Eri,1,0,36,35
1655931889775,MATH 103A,B03,093562,Staff,0,0,36,36
1655931895807,MATH 105,A01,085443,Carter; Anne Toulson,3,1,35,32
1655931895807,MATH 105,A02,093477,Staff,6,0,35,29
1655931901832,MATH 109,A01,083213,Ganzberger; Geoffrey Michael,0,1,34,34
1655931901832,MATH 109,A02,083214,Ganzberger; Geoffrey Michael,0,0,34,34
1655931901832,MATH 109,A03,093478,Staff,0,0,34,34
1655931901832,MATH 109,B01,083215,Ganzberger; Geoffrey Michael,1,0,32,31
1655931901832,MATH 109,B02,083216,Ganzberger; Geoffrey Michael,0,0,32,32
1655931901832,MATH 109,B03,093479,Staff,4,0,32,28
1655931907862,MATH 142A,A01,083219,Chow; Bennett,0,0,32,32
1655931907862,MATH 142A,A02,083220,Chow; Bennett,7,0,32,25
1655931907862,MATH 142A,A03,093480,Staff,4,0,32,28
1655931907862,MATH 142A,B03,093481,Staff,3,0,32,29
1655931907862,MATH 142A,B04,093558,Staff,6,0,32,26
1655931907862,MATH 142A,B05,093559,Staff,1,0,32,31
1655931913887,MATH 193A,A01,083224,Rotar; Vladimir,1,1,34,33
1655931913887,MATH 193A,A02,083225,Rotar; Vladimir,0,0,34,34
1655931913887,MATH 193A,A03,083781,Rotar; Vladimir,2,0,34,32
1655931913887,MATH 193A,A04,083782,Rotar; Vladimir,2,0,34,32
1655931913887,MATH 193A,A05,093482,Rotar; Vladimir,1,0,34,33
1655931919914,MATH 197,001,091859,McAuley; Julian John,9999,0,9999,0
1655931919914,MATH 197,002,095566,Kedlaya; Kiran S.,9997,0,9999,2
1655931919914,MATH 197,003,095567,Xiao; Ming,9999,0,9999,0
1655931919914,MATH 197,004,095571,Perols; Johan Lars,9998,0,9999,1
1655931926974,COGS 9,A01,083615,Shannon; Kyle Michael,1,1,75,74
1655931933005,COGS 11,A01,083617,Boyle; Mary E. T.,10,1,48,38
1655931939029,COGS 13,A01,083071,Bastos; Amalia Pinkusfeld,3,2,71,68
1655931945069,COGS 14A,A01,092681,Staff,2,26,100,98
1655931951098,COGS 14B,A01,083073,Cheng; Tzu-Han,7,0,63,56
1655931957126,COGS 17,A01,092677,Staff,8,7,81,73
1655931963169,COGS 100,A01,083619,Allen; Michael Gordon,2,2,70,68
1655931969200,COGS 101A,A01,083621,Davis; Joshua Daniel,4,3,68,64
1655931975234,COGS 101B,A01,091572,Allen; Michael Gordon,0,0,65,65
1655931981258,COGS 101C,A01,083625,Delgado; Tania,8,0,35,27
1655931987285,COGS 107A,A01,083627,Boyle; Mary E. T.,1,2,60,59
1655931993320,COGS 118A,A01,083075,Gupta; Anjum,19,16,76,57
1655931999347,CSE 3,A50,083646,Miranda; Gregory Joseph,13,0,50,37
1655932005382,CSE 8A,A50,083650,Miranda; Gregory Joseph,3,11,56,53
1655932011406,CSE 11,A01,083080,Cao; Yingjun,0,68,40,40
1655932017432,CSE 12,A01,083652,Krause-Levy; Sophia Louisa,6,8,120,114
1655932023471,CSE 15L,A01,083654,Morris; Justin Loren,3,1,50,47
1655932023471,CSE 15L,A02,083655,Morris; Justin Loren,1,1,50,49
1655932029496,CSE 20,A01,083657,Tran; Khoa Dang,29,0,80,51
1655932035527,CSE 21,A01,095574,Bach; Quang Tran,23,0,48,25
1655932041558,CSE 30,A01,083084,Eldon; John,2,10,80,78
1655932041558,CSE 30,B01,095061,Bhaskar; Nishant,0,4,50,50
1655932047580,CSE 100,A01,083659,Cao; Yingjun,2,25,70,68
1655932053608,CSE 134B,A01,083661,Powell; Thomas Allan,5,7,100,95
1655932059633,CSE 140,A01,083663,Gungor; Onat,5,0,85,80
1655932065659,CSE 140L,A01,083088,Eldon; John,5,0,100,95
1655932071686,CSE 175,A01,083665,Kumar; Rakesh,1,0,25,24
1655932077708,CSE 190,A00,092507,Dubnov; Shlomo,1,0,20,19
1655932083731,ECE 45,A01,083139,Congero; Spencer William,0,1,75,75
1655932089769,ECE 65,A50,083695,Saad; Andrew S,6,0,30,24
1655932089769,ECE 65,A51,095125,Staff,23,0,26,3
1655932095812,ECE 109,A01,091882,Touri; Behrouz,2,4,70,68
1655932101842,ECE 180,A00,083140,Abi Samra; Nicholas Camill,1,0,30,29
1655932101842,ECE 180,B00,083141,Abi Samra; Nicholas Camill,0,9,28,28
1655932107884,MATH 10A,A01,083735,Patchell; Gregory David,0,0,30,30
1655932107884,MATH 10A,A02,083736,Patchell; Gregory David,21,0,30,9
1655932107884,MATH 10A,A03,083737,Patchell; Gregory David,16,0,30,14
1655932113905,MATH 10B,A01,083207,Lim; Seonhee,1,1,34,33
1655932113905,MATH 10B,A02,083208,Lim; Seonhee,1,1,35,34
1655932113905,MATH 10B,A03,093472,Staff,1,0,34,33
1655932113905,MATH 10B,B01,083739,Sinha; Shubham,10,0,30,20
1655932119938,MATH 18,A01,083743,Cinel; Cameron Alexander,4,0,30,26
1655932119938,MATH 18,A02,083744,Cinel; Cameron Alexander,11,0,30,19
1655932119938,MATH 18,A03,083745,Cinel; Cameron Alexander,1,0,30,29
1655932119938,MATH 18,B01,083748,Ma; Zilu,2,0,36,34
1655932119938,MATH 18,B02,083749,Ma; Zilu,0,0,36,36
1655932119938,MATH 18,B03,083750,Ma; Zilu,0,0,36,36
1655932119938,MATH 18,B04,083751,Ma; Zilu,0,0,36,36
1655932119938,MATH 18,B05,093473,Staff,0,0,36,36
1655932119938,MATH 18,B06,093474,Staff,0,0,36,36
1655932125962,MATH 20A,A01,083754,Zheng; Zequn,10,0,40,30
1655932131993,MATH 20B,A01,083756,Briones; Jor-el Thomas Caparas,0,1,36,36
1655932131993,MATH 20B,A02,083757,Briones; Jor-el Thomas Caparas,1,0,36,35
1655932131993,MATH 20B,A03,093475,Staff,1,0,36,35
1655932138021,MATH 20C,A01,083760,Briones; Jor-el Thomas Caparas,0,2,35,35
1655932138021,MATH 20C,A02,083761,Briones; Jor-el Thomas Caparas,6,1,35,29
1655932138021,MATH 20C,A03,093476,Staff,1,1,35,34
1655932138021,MATH 20C,B01,083762,Bach; Quang Tran,3,0,30,27
1655932144052,MATH 20D,A01,083765,Tran; Brian Kha,1,0,30,29
1655932144052,MATH 20D,A02,083766,Tran; Brian Kha,0,1,30,30
1655932144052,MATH 20D,A03,083767,Tran; Brian Kha,1,0,30,29
1655932150082,MATH 20E,A01,083771,Ganguly; Soumya,0,0,32,32
1655932150082,MATH 20E,A02,083772,Ganguly; Soumya,1,1,32,31
1655932150082,MATH 20E,B01,083773,Ciotti; Benjamin,14,0,35,21
1655932150082,MATH 20E,B02,083774,Ciotti; Benjamin,12,0,35,23
1655932156111,MATH 103A,A01,083777,Greenfeld; Be'Eri,2,1,36,34
1655932156111,MATH 103A,A02,083778,Greenfeld; Be'Eri,1,0,36,35
1655932156111,MATH 103A,A03,093561,Staff,0,1,36,36
1655932156111,MATH 103A,B01,083779,Greenfeld; Be'Eri,7,1,36,29
1655932156111,MATH 103A,B02,083780,Greenfeld; Be'Eri,1,0,36,35
1655932156111,MATH 103A,B03,093562,Staff,0,0,36,36
1655932162135,MATH 105,A01,085443,Carter; Anne Toulson,3,1,35,32
1655932162135,MATH 105,A02,093477,Staff,6,0,35,29
1655932168456,MATH 109,A01,083213,Ganzberger; Geoffrey Michael,0,1,34,34
1655932168456,MATH 109,A02,083214,Ganzberger; Geoffrey Michael,0,0,34,34
1655932168456,MATH 109,A03,093478,Staff,0,0,34,34
1655932168456,MATH 109,B01,083215,Ganzberger; Geoffrey Michael,1,0,32,31
1655932168456,MATH 109,B02,083216,Ganzberger; Geoffrey Michael,0,0,32,32
1655932168456,MATH 109,B03,093479,Staff,4,0,32,28
1655932174482,MATH 142A,A01,083219,Chow; Bennett,0,0,32,32
1655932174482,MATH 142A,A02,083220,Chow; Bennett,7,0,32,25
1655932174482,MATH 142A,A03,093480,Staff,4,0,32,28
1655932174482,MATH 142A,B03,093481,Staff,3,0,32,29
1655932174482,MATH 142A,B04,093558,Staff,6,0,32,26
1655932174482,MATH 142A,B05,093559,Staff,1,0,32,31
1655932180510,MATH 193A,A01,083224,Rotar; Vladimir,1,1,34,33
1655932180510,MATH 193A,A02,083225,Rotar; Vladimir,0,0,34,34
1655932180510,MATH 193A,A03,083781,Rotar; Vladimir,2,0,34,32
1655932180510,MATH 193A,A04,083782,Rotar; Vladimir,2,0,34,32
1655932180510,MATH 193A,A05,093482,Rotar; Vladimir,1,0,34,33
1655932186547,MATH 197,001,091859,McAuley; Julian John,9999,0,9999,0
1655932186547,MATH 197,002,095566,Kedlaya; Kiran S.,9997,0,9999,2
1655932186547,MATH 197,003,095567,Xiao; Ming,9999,0,9999,0
1655932186547,MATH 197,004,095571,Perols; Johan Lars,9998,0,9999,1
1655932193609,COGS 9,A01,083615,Shannon; Kyle Michael,1,1,75,74
1655932199652,COGS 11,A01,083617,Boyle; Mary E. T.,10,1,48,38
1655932205678,COGS 13,A01,083071,Bastos; Amalia Pinkusfeld,3,2,71,68
1655932211704,COGS 14A,A01,092681,Staff,2,26,100,98
1655932217820,COGS 14B,A01,083073,Cheng; Tzu-Han,7,0,63,56
1655932223843,COGS 17,A01,092677,Staff,8,7,81,73
1655932229867,COGS 100,A01,083619,Allen; Michael Gordon,2,2,70,68
1655932235906,COGS 101A,A01,083621,Davis; Joshua Daniel,4,3,68,64
1655932241931,COGS 101B,A01,091572,Allen; Michael Gordon,0,0,65,65
1655932247967,COGS 101C,A01,083625,Delgado; Tania,8,0,35,27
1655932253997,COGS 107A,A01,083627,Boyle; Mary E. T.,1,2,60,59
1655932260026,COGS 118A,A01,083075,Gupta; Anjum,19,16,76,57
1655932266057,CSE 3,A50,083646,Miranda; Gregory Joseph,13,0,50,37
1655932272089,CSE 8A,A50,083650,Miranda; Gregory Joseph,3,11,56,53
1655932278120,CSE 11,A01,083080,Cao; Yingjun,0,68,40,40
1655932284147,CSE 12,A01,083652,Krause-Levy; Sophia Louisa,6,8,120,114
1655932290183,CSE 15L,A01,083654,Morris; Justin Loren,3,1,50,47
1655932290183,CSE 15L,A02,083655,Morris; Justin Loren,1,1,50,49
1655932296208,CSE 20,A01,083657,Tran; Khoa Dang,29,0,80,51
1655932302236,CSE 21,A01,095574,Bach; Quang Tran,23,0,48,25
1655932308270,CSE 30,A01,083084,Eldon; John,2,10,80,78
1655932308270,CSE 30,B01,095061,Bhaskar; Nishant,0,4,50,50
1655932314292,CSE 100,A01,083659,Cao; Yingjun,2,25,70,68
1655932320320,CSE 134B,A01,083661,Powell; Thomas Allan,5,7,100,95
1655932326351,CSE 140,A01,083663,Gungor; Onat,5,0,85,80
1655932332375,CSE 140L,A01,083088,Eldon; John,5,0,100,95
1655932338400,CSE 175,A01,083665,Kumar; Rakesh,1,0,25,24
1655932344423,CSE 190,A00,092507,Dubnov; Shlomo,1,0,20,19
1655932350447,ECE 45,A01,083139,Congero; Spencer William,0,1,75,75
1655932356470,ECE 65,A50,083695,Saad; Andrew S,6,0,30,24
1655932356470,ECE 65,A51,095125,Staff,23,0,26,3
1655932362494,ECE 109,A01,091882,Touri; Behrouz,2,4,70,68
1655932368523,ECE 180,A00,083140,Abi Samra; Nicholas Camill,1,0,30,29
1655932368523,ECE 180,B00,083141,Abi Samra; Nicholas Camill,0,9,28,28
1655932374551,MATH 10A,A01,083735,Patchell; Gregory David,0,0,30,30
1655932374551,MATH 10A,A02,083736,Patchell; Gregory David,21,0,30,9
1655932374551,MATH 10A,A03,083737,Patchell; Gregory David,16,0,30,14
1655932380584,MATH 10B,A01,083207,Lim; Seonhee,1,1,34,33
1655932380584,MATH 10B,A02,083208,Lim; Seonhee,1,1,35,34
1655932380584,MATH 10B,A03,093472,Staff,1,0,34,33
1655932380584,MATH 10B,B01,083739,Sinha; Shubham,10,0,30,20
1655932386618,MATH 18,A01,083743,Cinel; Cameron Alexander,4,0,30,26
1655932386618,MATH 18,A02,083744,Cinel; Cameron Alexander,11,0,30,19
1655932386618,MATH 18,A03,083745,Cinel; Cameron Alexander,1,0,30,29
1655932386618,MATH 18,B01,083748,Ma; Zilu,2,0,36,34
1655932386618,MATH 18,B02,083749,Ma; Zilu,0,0,36,36
1655932386618,MATH 18,B03,083750,Ma; Zilu,0,0,36,36
1655932386618,MATH 18,B04,083751,Ma; Zilu,0,0,36,36
1655932386618,MATH 18,B05,093473,Staff,0,0,36,36
1655932386618,MATH 18,B06,093474,Staff,0,0,36,36
1655932392642,MATH 20A,A01,083754,Zheng; Zequn,10,0,40,30
1655932398669,MATH 20B,A01,083756,Briones; Jor-el Thomas Caparas,0,1,36,36
1655932398669,MATH 20B,A02,083757,Briones; Jor-el Thomas Caparas,1,0,36,35
1655932398669,MATH 20B,A03,093475,Staff,1,0,36,35
1655932404693,MATH 20C,A01,083760,Briones; Jor-el Thomas Caparas,0,2,35,35
1655932404693,MATH 20C,A02,083761,Briones; Jor-el Thomas Caparas,6,1,35,29
1655932404693,MATH 20C,A03,093476,Staff,1,1,35,34
1655932404693,MATH 20C,B01,083762,Bach; Quang Tran,3,0,30,27
1655932410724,MATH 20D,A01,083765,Tran; Brian Kha,1,0,30,29
1655932410724,MATH 20D,A02,083766,Tran; Brian Kha,0,1,30,30
1655932410724,MATH 20D,A03,083767,Tran; Brian Kha,1,0,30,29
1655932416747,MATH 20E,A01,083771,Ganguly; Soumya,0,0,32,32
1655932416747,MATH 20E,A02,083772,Ganguly; Soumya,1,1,32,31
1655932416747,MATH 20E,B01,083773,Ciotti; Benjamin,14,0,35,21
1655932416747,MATH 20E,B02,083774,Ciotti; Benjamin,12,0,35,23
1655932422794,MATH 103A,A01,083777,Greenfeld; Be'Eri,2,1,36,34
1655932422794,MATH 103A,A02,083778,Greenfeld; Be'Eri,1,0,36,35
1655932422794,MATH 103A,A03,093561,Staff,0,1,36,36
1655932422794,MATH 103A,B01,083779,Greenfeld; Be'Eri,7,1,36,29
1655932422794,MATH 103A,B02,083780,Greenfeld; Be'Eri,1,0,36,35
1655932422794,MATH 103A,B03,093562,Staff,0,0,36,36
1655932428823,MATH 105,A01,085443,Carter; Anne Toulson,3,1,35,32
1655932428823,MATH 105,A02,093477,Staff,6,0,35,29
1655932434859,MATH 109,A01,083213,Ganzberger; Geoffrey Michael,0,1,34,34
1655932434859,MATH 109,A02,083214,Ganzberger; Geoffrey Michael,0,0,34,34
1655932434859,MATH 109,A03,093478,Staff,0,0,34,34
1655932434859,MATH 109,B01,083215,Ganzberger; Geoffrey Michael,2,0,32,30
1655932434859,MATH 109,B02,083216,Ganzberger; Geoffrey Michael,0,0,32,32
1655932434859,MATH 109,B03,093479,Staff,4,0,32,28
1655932440885,MATH 142A,A01,083219,Chow; Bennett,0,0,32,32
1655932440885,MATH 142A,A02,083220,Chow; Bennett,7,0,32,25
1655932440885,MATH 142A,A03,093480,Staff,4,0,32,28
1655932440885,MATH 142A,B03,093481,Staff,3,0,32,29
1655932440885,MATH 142A,B04,093558,Staff,6,0,32,26
1655932440885,MATH 142A,B05,093559,Staff,0,0,32,32
1655932446914,MATH 193A,A01,083224,Rotar; Vladimir,1,1,34,33
1655932446914,MATH 193A,A02,083225,Rotar; Vladimir,0,0,34,34
1655932446914,MATH 193A,A03,083781,Rotar; Vladimir,2,0,34,32
1655932446914,MATH 193A,A04,083782,Rotar; Vladimir,2,0,34,32
1655932446914,MATH 193A,A05,093482,Rotar; Vladimir,1,0,34,33
1655932452945,MATH 197,001,091859,McAuley; Julian John,9999,0,9999,0
1655932452945,MATH 197,002,095566,Kedlaya; Kiran S.,9997,0,9999,2
1655932452945,MATH 197,003,095567,Xiao; Ming,9999,0,9999,0
1655932452945,MATH 197,004,095571,Perols; Johan Lars,9998,0,9999,1
1655932460011,COGS 9,A01,083615,Shannon; Kyle Michael,1,1,75,74
1655932466045,COGS 11,A01,083617,Boyle; Mary E. T.,10,1,48,38
1655932472081,COGS 13,A01,083071,Bastos; Amalia Pinkusfeld,3,2,71,68
1655932478112,COGS 14A,A01,092681,Staff,2,26,100,98
1655932484136,COGS 14B,A01,083073,Cheng; Tzu-Han,7,0,63,56
1655932490158,COGS 17,A01,092677,Staff,8,7,81,73
1655932496190,COGS 100,A01,083619,Allen; Michael Gordon,2,2,70,68
1655932502218,COGS 101A,A01,083621,Davis; Joshua Daniel,4,3,68,64
1655932508245,COGS 101B,A01,091572,Allen; Michael Gordon,0,0,65,65
1655932514272,COGS 101C,A01,083625,Delgado; Tania,8,0,35,27
1655932520302,COGS 107A,A01,083627,Boyle; Mary E. T.,1,2,60,59
1655932526325,COGS 118A,A01,083075,Gupta; Anjum,19,16,76,57
1655932532349,CSE 3,A50,083646,Miranda; Gregory Joseph,13,0,50,37
1655932538373,CSE 8A,A50,083650,Miranda; Gregory Joseph,3,11,56,53
1655932544400,CSE 11,A01,083080,Cao; Yingjun,0,68,40,40
1655932550424,CSE 12,A01,083652,Krause-Levy; Sophia Louisa,6,8,120,114
1655932556451,CSE 15L,A01,083654,Morris; Justin Loren,3,1,50,47
1655932556451,CSE 15L,A02,083655,Morris; Justin Loren,1,1,50,49
1655932562480,CSE 20,A01,083657,Tran; Khoa Dang,29,0,80,51
1655932568505,CSE 21,A01,095574,Bach; Quang Tran,23,0,48,25
1655932574536,CSE 30,A01,083084,Eldon; John,2,10,80,78
1655932574536,CSE 30,B01,095061,Bhaskar; Nishant,0,4,50,50
1655932580560,CSE 100,A01,083659,Cao; Yingjun,2,25,70,68
1655932586584,CSE 134B,A01,083661,Powell; Thomas Allan,5,7,100,95
1655932592612,CSE 140,A01,083663,Gungor; Onat,5,0,85,80
1655932598635,CSE 140L,A01,083088,Eldon; John,5,0,100,95
1655932604660,CSE 175,A01,083665,Kumar; Rakesh,1,0,25,24
1655932610686,CSE 190,A00,092507,Dubnov; Shlomo,1,0,20,19
1655932616714,ECE 45,A01,083139,Congero; Spencer William,0,1,75,75
1655932622741,ECE 65,A50,083695,Saad; Andrew S,6,0,30,24
1655932622741,ECE 65,A51,095125,Staff,23,0,26,3
1655932628764,ECE 109,A01,091882,Touri; Behrouz,2,4,70,68
1655932634791,ECE 180,A00,083140,Abi Samra; Nicholas Camill,1,0,30,29
1655932634791,ECE 180,B00,083141,Abi Samra; Nicholas Camill,0,9,28,28
1655932640815,MATH 10A,A01,083735,Patchell; Gregory David,0,0,30,30
1655932640815,MATH 10A,A02,083736,Patchell; Gregory David,21,0,30,9
1655932640815,MATH 10A,A03,083737,Patchell; Gregory David,16,0,30,14
1655932646838,MATH 10B,A01,083207,Lim; Seonhee,1,1,34,33
1655932646838,MATH 10B,A02,083208,Lim; Seonhee,1,1,35,34
1655932646838,MATH 10B,A03,093472,Staff,1,0,34,33
1655932646838,MATH 10B,B01,083739,Sinha; Shubham,10,0,30,20
1655932652870,MATH 18,A01,083743,Cinel; Cameron Alexander,4,0,30,26
1655932652870,MATH 18,A02,083744,Cinel; Cameron Alexander,11,0,30,19
1655932652870,MATH 18,A03,083745,Cinel; Cameron Alexander,1,0,30,29
1655932652870,MATH 18,B01,083748,Ma; Zilu,2,0,36,34
1655932652870,MATH 18,B02,083749,Ma; Zilu,0,0,36,36
1655932652870,MATH 18,B03,083750,Ma; Zilu,0,0,36,36
1655932652870,MATH 18,B04,083751,Ma; Zilu,0,0,36,36
1655932652870,MATH 18,B05,093473,Staff,0,0,36,36
1655932652870,MATH 18,B06,093474,Staff,0,0,36,36
1655932658892,MATH 20A,A01,083754,Zheng; Zequn,10,0,40,30
1655932664930,MATH 20B,A01,083756,Briones; Jor-el Thomas Caparas,0,1,36,36
1655932664930,MATH 20B,A02,083757,Briones; Jor-el Thomas Caparas,1,0,36,35
1655932664930,MATH 20B,A03,093475,Staff,1,0,36,35
1655932670953,MATH 20C,A01,083760,Briones; Jor-el Thomas Caparas,0,2,35,35
1655932670953,MATH 20C,A02,083761,Briones; Jor-el Thomas Caparas,6,1,35,29
1655932670953,MATH 20C,A03,093476,Staff,1,1,35,34
1655932670953,MATH 20C,B01,083762,Bach; Quang Tran,3,0,30,27
1655932676981,MATH 20D,A01,083765,Tran; Brian Kha,1,0,30,29
1655932676981,MATH 20D,A02,083766,Tran; Brian Kha,0,1,30,30
1655932676981,MATH 20D,A03,083767,Tran; Brian Kha,1,0,30,29
1655932683021,MATH 20E,A01,083771,Ganguly; Soumya,0,0,32,32
1655932683021,MATH 20E,A02,083772,Ganguly; Soumya,1,1,32,31
1655932683021,MATH 20E,B01,083773,Ciotti; Benjamin,14,0,35,21
1655932683021,MATH 20E,B02,083774,Ciotti; Benjamin,12,0,35,23
1655932689051,MATH 103A,A01,083777,Greenfeld; Be'Eri,2,1,36,34
1655932689051,MATH 103A,A02,083778,Greenfeld; Be'Eri,1,0,36,35
1655932689051,MATH 103A,A03,093561,Staff,0,1,36,36
1655932689051,MATH 103A,B01,083779,Greenfeld; Be'Eri,7,1,36,29
1655932689051,MATH 103A,B02,083780,Greenfeld; Be'Eri,1,0,36,35
1655932689051,MATH 103A,B03,093562,Staff,0,0,36,36
1655932695081,MATH 105,A01,085443,Carter; Anne Toulson,3,1,35,32
1655932695081,MATH 105,A02,093477,Staff,6,0,35,29
1655932701110,MATH 109,A01,083213,Ganzberger; Geoffrey Michael,0,1,34,34
1655932701110,MATH 109,A02,083214,Ganzberger; Geoffrey Michael,0,0,34,34
1655932701110,MATH 109,A03,093478,Staff,0,0,34,34
1655932701110,MATH 109,B01,083215,Ganzberger; Geoffrey Michael,2,0,32,30
1655932701110,MATH 109,B02,083216,Ganzberger; Geoffrey Michael,0,0,32,32
1655932701110,MATH 109,B03,093479,Staff,4,0,32,28
1655932707134,MATH 142A,A01,083219,Chow; Bennett,0,0,32,32
1655932707134,MATH 142A,A02,083220,Chow; Bennett,7,0,32,25
1655932707134,MATH 142A,A03,093480,Staff,4,0,32,28
1655932707134,MATH 142A,B03,093481,Staff,3,0,32,29
1655932707134,MATH 142A,B04,093558,Staff,6,0,32,26
1655932707134,MATH 142A,B05,093559,Staff,0,0,32,32
1655932713160,MATH 193A,A01,083224,Rotar; Vladimir,1,1,34,33
1655932713160,MATH 193A,A02,083225,Rotar; Vladimir,0,0,34,34
1655932713160,MATH 193A,A03,083781,Rotar; Vladimir,2,0,34,32
1655932713160,MATH 193A,A04,083782,Rotar; Vladimir,2,0,34,32
1655932713160,MATH 193A,A05,093482,Rotar; Vladimir,1,0,34,33
1655932719187,MATH 197,001,091859,McAuley; Julian John,9999,0,9999,0
1655932719187,MATH 197,002,095566,Kedlaya; Kiran S.,9997,0,9999,2
1655932719187,MATH 197,003,095567,Xiao; Ming,9999,0,9999,0
1655932719187,MATH 197,004,095571,Perols; Johan Lars,9998,0,9999,1
1655932726255,COGS 9,A01,083615,Shannon; Kyle Michael,1,1,75,74
1655932732277,COGS 11,A01,083617,Boyle; Mary E. T.,10,1,48,38
1655932738305,COGS 13,A01,083071,Bastos; Amalia Pinkusfeld,3,2,71,68
1655932744335,COGS 14A,A01,092681,Staff,2,26,100,98
1655932750359,COGS 14B,A01,083073,Cheng; Tzu-Han,7,0,63,56
1655932756387,COGS 17,A01,092677,Staff,8,7,81,73
1655932762410,COGS 100,A01,083619,Allen; Michael Gordon,2,2,70,68
1655932768440,COGS 101A,A01,083621,Davis; Joshua Daniel,4,3,68,64
1655932774462,COGS 101B,A01,091572,Allen; Michael Gordon,0,0,65,65
1655932780496,COGS 101C,A01,083625,Delgado; Tania,8,0,35,27
1655932786522,COGS 107A,A01,083627,Boyle; Mary E. T.,1,2,60,59
1655932792551,COGS 118A,A01,083075,Gupta; Anjum,19,16,76,57
1655932798582,CSE 3,A50,083646,Miranda; Gregory Joseph,13,0,50,37
1655932804605,CSE 8A,A50,083650,Miranda; Gregory Joseph,3,11,56,53
1655932810632,CSE 11,A01,083080,Cao; Yingjun,0,68,40,40
1655932816747,CSE 12,A01,083652,Krause-Levy; Sophia Louisa,6,8,120,114
1655932822771,CSE 15L,A01,083654,Morris; Justin Loren,3,1,50,47
1655932822771,CSE 15L,A02,083655,Morris; Justin Loren,1,1,50,49
1655932828800,CSE 20,A01,083657,Tran; Khoa Dang,29,0,80,51
1655932834825,CSE 21,A01,095574,Bach; Quang Tran,23,0,48,25
1655932840861,CSE 30,A01,083084,Eldon; John,2,10,80,78
1655932840861,CSE 30,B01,095061,Bhaskar; Nishant,0,4,50,50
1655932846887,CSE 100,A01,083659,Cao; Yingjun,2,25,70,68
1655932852909,CSE 134B,A01,083661,Powell; Thomas Allan,5,7,100,95
1655932858941,CSE 140,A01,083663,Gungor; Onat,5,0,85,80
1655932864967,CSE 140L,A01,083088,Eldon; John,5,0,100,95
1655932870999,CSE 175,A01,083665,Kumar; Rakesh,1,0,25,24
1655932877038,CSE 190,A00,092507,Dubnov; Shlomo,1,0,20,19
1655932883081,ECE 45,A01,083139,Congero; Spencer William,0,1,75,75
1655932889104,ECE 65,A50,083695,Saad; Andrew S,6,0,30,24
1655932889104,ECE 65,A51,095125,Staff,23,0,26,3
1655932895129,ECE 109,A01,091882,Touri; Behrouz,2,4,70,68
1655932901154,ECE 180,A00,083140,Abi Samra; Nicholas Camill,1,0,30,29
1655932901154,ECE 180,B00,083141,Abi Samra; Nicholas Camill,0,9,28,28
1655932907180,MATH 10A,A01,083735,Patchell; Gregory David,0,0,30,30
1655932907180,MATH 10A,A02,083736,Patchell; Gregory David,21,0,30,9
1655932907180,MATH 10A,A03,083737,Patchell; Gregory David,16,0,30,14
1655932913216,MATH 10B,A01,083207,Lim; Seonhee,1,1,34,33
1655932913216,MATH 10B,A02,083208,Lim; Seonhee,1,1,35,34
1655932913216,MATH 10B,A03,093472,Staff,1,0,34,33
1655932913216,MATH 10B,B01,083739,Sinha; Shubham,10,0,30,20
1655932919242,MATH 18,A01,083743,Cinel; Cameron Alexander,4,0,30,26
1655932919242,MATH 18,A02,083744,Cinel; Cameron Alexander,11,0,30,19
1655932919242,MATH 18,A03,083745,Cinel; Cameron Alexander,1,0,30,29
1655932919242,MATH 18,B01,083748,Ma; Zilu,2,0,36,34
1655932919242,MATH 18,B02,083749,Ma; Zilu,0,0,36,36
1655932919242,MATH 18,B03,083750,Ma; Zilu,0,0,36,36
1655932919242,MATH 18,B04,083751,Ma; Zilu,0,0,36,36
1655932919242,MATH 18,B05,093473,Staff,0,0,36,36
1655932919242,MATH 18,B06,093474,Staff,0,0,36,36
1655932925274,MATH 20A,A01,083754,Zheng; Zequn,10,0,40,30
1655932931311,MATH 20B,A01,083756,Briones; Jor-el Thomas Caparas,0,1,36,36
1655932931311,MATH 20B,A02,083757,Briones; Jor-el Thomas Caparas,1,0,36,35
1655932931311,MATH 20B,A03,093475,Staff,1,0,36,35
1655932937349,MATH 20C,A01,083760,Briones; Jor-el Thomas Caparas,0,2,35,35
1655932937349,MATH 20C,A02,083761,Briones; Jor-el Thomas Caparas,6,1,35,29
1655932937349,MATH 20C,A03,093476,Staff,1,1,35,34
1655932937349,MATH 20C,B01,083762,Bach; Quang Tran,3,0,30,27
1655932943386,MATH 20D,A01,083765,Tran; Brian Kha,1,0,30,29
1655932943386,MATH 20D,A02,083766,Tran; Brian Kha,0,1,30,30
1655932943386,MATH 20D,A03,083767,Tran; Brian Kha,1,0,30,29
1655932949413,MATH 20E,A01,083771,Ganguly; Soumya,0,0,32,32
1655932949413,MATH 20E,A02,083772,Ganguly; Soumya,1,1,32,31
1655932949413,MATH 20E,B01,083773,Ciotti; Benjamin,14,0,35,21
1655932949413,MATH 20E,B02,083774,Ciotti; Benjamin,12,0,35,23
1655932955439,MATH 103A,A01,083777,Greenfeld; Be'Eri,2,1,36,34
1655932955439,MATH 103A,A02,083778,Greenfeld; Be'Eri,1,0,36,35
1655932955439,MATH 103A,A03,093561,Staff,0,1,36,36
1655932955439,MATH 103A,B01,083779,Greenfeld; Be'Eri,7,1,36,29
1655932955439,MATH 103A,B02,083780,Greenfeld; Be'Eri,1,0,36,35
1655932955439,MATH 103A,B03,093562,Staff,0,0,36,36
1655932961484,MATH 105,A01,085443,Carter; Anne Toulson,3,1,35,32
1655932961484,MATH 105,A02,093477,Staff,6,0,35,29
1655932967507,MATH 109,A01,083213,Ganzberger; Geoffrey Michael,0,1,34,34
1655932967507,MATH 109,A02,083214,Ganzberger; Geoffrey Michael,0,0,34,34
1655932967507,MATH 109,A03,093478,Staff,0,0,34,34
1655932967507,MATH 109,B01,083215,Ganzberger; Geoffrey Michael,2,0,32,30
1655932967507,MATH 109,B02,083216,Ganzberger; Geoffrey Michael,0,0,32,32
1655932967507,MATH 109,B03,093479,Staff,4,0,32,28
1655932973546,MATH 142A,A01,083219,Chow; Bennett,0,0,32,32
1655932973546,MATH 142A,A02,083220,Chow; Bennett,7,0,32,25
1655932973546,MATH 142A,A03,093480,Staff,4,0,32,28
1655932973546,MATH 142A,B03,093481,Staff,3,0,32,29
1655932973546,MATH 142A,B04,093558,Staff,6,0,32,26
1655932973546,MATH 142A,B05,093559,Staff,0,0,32,32
1655932979575,MATH 193A,A01,083224,Rotar; Vladimir,1,1,34,33
1655932979575,MATH 193A,A02,083225,Rotar; Vladimir,0,0,34,34
1655932979575,MATH 193A,A03,083781,Rotar; Vladimir,2,0,34,32
1655932979575,MATH 193A,A04,083782,Rotar; Vladimir,2,0,34,32
1655932979575,MATH 193A,A05,093482,Rotar; Vladimir,1,0,34,33
1655932985599,MATH 197,001,091859,McAuley; Julian John,9999,0,9999,0
1655932985599,MATH 197,002,095566,Kedlaya; Kiran S.,9997,0,9999,2
1655932985599,MATH 197,003,095567,Xiao; Ming,9999,0,9999,0
1655932985599,MATH 197,004,095571,Perols; Johan Lars,9998,0,9999,1
1655932992651,COGS 9,A01,083615,Shannon; Kyle Michael,1,1,75,74
1655932998681,COGS 11,A01,083617,Boyle; Mary E. T.,10,1,48,38
1655933004714,COGS 13,A01,083071,Bastos; Amalia Pinkusfeld,3,2,71,68
1655933010743,COGS 14A,A01,092681,Staff,2,26,100,98
1655933016771,COGS 14B,A01,083073,Cheng; Tzu-Han,7,0,63,56
1655933022805,COGS 17,A01,092677,Staff,8,7,81,73
1655933028843,COGS 100,A01,083619,Allen; Michael Gordon,2,2,70,68
1655933034869,COGS 101A,A01,083621,Davis; Joshua Daniel,4,3,68,64
1655933040901,COGS 101B,A01,091572,Allen; Michael Gordon,0,0,65,65
1655933046923,COGS 101C,A01,083625,Delgado; Tania,8,0,35,27
1655933052953,COGS 107A,A01,083627,Boyle; Mary E. T.,1,2,60,59
1655933058980,COGS 118A,A01,083075,Gupta; Anjum,19,16,76,57
1655933065014,CSE 3,A50,083646,Miranda; Gregory Joseph,13,0,50,37
1655933071044,CSE 8A,A50,083650,Miranda; Gregory Joseph,3,11,56,53
1655933077074,CSE 11,A01,083080,Cao; Yingjun,0,68,40,40
1655933083104,CSE 12,A01,083652,Krause-Levy; Sophia Louisa,6,8,120,114
1655933089137,CSE 15L,A01,083654,Morris; Justin Loren,3,1,50,47
1655933089137,CSE 15L,A02,083655,Morris; Justin Loren,1,1,50,49
1655933095177,CSE 20,A01,083657,Tran; Khoa Dang,29,0,80,51
1655933101213,CSE 21,A01,095574,Bach; Quang Tran,23,0,48,25
1655933107238,CSE 30,A01,083084,Eldon; John,2,10,80,78
1655933107238,CSE 30,B01,095061,Bhaskar; Nishant,0,4,50,50
1655933113275,CSE 100,A01,083659,Cao; Yingjun,2,25,70,68
1655933119302,CSE 134B,A01,083661,Powell; Thomas Allan,5,7,100,95
1655933125334,CSE 140,A01,083663,Gungor; Onat,5,0,85,80
1655933131366,CSE 140L,A01,083088,Eldon; John,5,0,100,95
1655933137391,CSE 175,A01,083665,Kumar; Rakesh,1,0,25,24
1655933143416,CSE 190,A00,092507,Dubnov; Shlomo,1,0,20,19
1655933149441,ECE 45,A01,083139,Congero; Spencer William,0,1,75,75
1655933155469,ECE 65,A50,083695,Saad; Andrew S,6,0,30,24
1655933155469,ECE 65,A51,095125,Staff,23,0,26,3
1655933161495,ECE 109,A01,091882,Touri; Behrouz,2,4,70,68
1655933167526,ECE 180,A00,083140,Abi Samra; Nicholas Camill,1,0,30,29
1655933167526,ECE 180,B00,083141,Abi Samra; Nicholas Camill,0,9,28,28
1655933173555,MATH 10A,A01,083735,Patchell; Gregory David,0,0,30,30
1655933173555,MATH 10A,A02,083736,Patchell; Gregory David,21,0,30,9
1655933173555,MATH 10A,A03,083737,Patchell; Gregory David,16,0,30,14
1655933179591,MATH 10B,A01,083207,Lim; Seonhee,1,1,34,33
1655933179591,MATH 10B,A02,083208,Lim; Seonhee,1,1,35,34
1655933179591,MATH 10B,A03,093472,Staff,1,0,34,33
1655933179591,MATH 10B,B01,083739,Sinha; Shubham,10,0,30,20
1655933185623,MATH 18,A01,083743,Cinel; Cameron Alexander,4,0,30,26
1655933185623,MATH 18,A02,083744,Cinel; Cameron Alexander,11,0,30,19
1655933185623,MATH 18,A03,083745,Cinel; Cameron Alexander,1,0,30,29
1655933185623,MATH 18,B01,083748,Ma; Zilu,2,0,36,34
1655933185623,MATH 18,B02,083749,Ma; Zilu,0,0,36,36
1655933185623,MATH 18,B03,083750,Ma; Zilu,0,0,36,36
1655933185623,MATH 18,B04,083751,Ma; Zilu,0,0,36,36
1655933185623,MATH 18,B05,093473,Staff,0,0,36,36
1655933185623,MATH 18,B06,093474,Staff,0,0,36,36
1655933191650,MATH 20A,A01,083754,Zheng; Zequn,10,0,40,30
1655933197673,MATH 20B,A01,083756,Briones; Jor-el Thomas Caparas,0,1,36,36
1655933197673,MATH 20B,A02,083757,Briones; Jor-el Thomas Caparas,1,0,36,35
1655933197673,MATH 20B,A03,093475,Staff,1,0,36,35
1655933203697,MATH 20C,A01,083760,Briones; Jor-el Thomas Caparas,0,2,35,35
1655933203697,MATH 20C,A02,083761,Briones; Jor-el Thomas Caparas,6,1,35,29
1655933203697,MATH 20C,A03,093476,Staff,1,1,35,34
1655933203697,MATH 20C,B01,083762,Bach; Quang Tran,3,0,30,27
1655933209730,MATH 20D,A01,083765,Tran; Brian Kha,1,0,30,29
1655933209730,MATH 20D,A02,083766,Tran; Brian Kha,0,1,30,30
1655933209730,MATH 20D,A03,083767,Tran; Brian Kha,1,0,30,29
1655933215754,MATH 20E,A01,083771,Ganguly; Soumya,0,0,32,32
1655933215754,MATH 20E,A02,083772,Ganguly; Soumya,1,1,32,31
1655933215754,MATH 20E,B01,083773,Ciotti; Benjamin,14,0,35,21
1655933215754,MATH 20E,B02,083774,Ciotti; Benjamin,12,0,35,23
1655933221779,MATH 103A,A01,083777,Greenfeld; Be'Eri,2,1,36,34
1655933221779,MATH 103A,A02,083778,Greenfeld; Be'Eri,1,0,36,35
1655933221779,MATH 103A,A03,093561,Staff,0,1,36,36
1655933221779,MATH 103A,B01,083779,Greenfeld; Be'Eri,7,1,36,29
1655933221779,MATH 103A,B02,083780,Greenfeld; Be'Eri,1,0,36,35
1655933221779,MATH 103A,B03,093562,Staff,0,0,36,36
1655933227804,MATH 105,A01,085443,Carter; Anne Toulson,3,1,35,32
1655933227804,MATH 105,A02,093477,Staff,6,0,35,29
1655933233839,MATH 109,A01,083213,Ganzberger; Geoffrey Michael,0,1,34,34
1655933233839,MATH 109,A02,083214,Ganzberger; Geoffrey Michael,0,0,34,34
1655933233839,MATH 109,A03,093478,Staff,0,0,34,34
1655933233839,MATH 109,B01,083215,Ganzberger; Geoffrey Michael,2,0,32,30
1655933233839,MATH 109,B02,083216,Ganzberger; Geoffrey Michael,0,0,32,32
1655933233839,MATH 109,B03,093479,Staff,4,0,32,28
1655933239869,MATH 142A,A01,083219,Chow; Bennett,0,0,32,32
1655933239869,MATH 142A,A02,083220,Chow; Bennett,7,0,32,25
1655933239869,MATH 142A,A03,093480,Staff,4,0,32,28
1655933239869,MATH 142A,B03,093481,Staff,3,0,32,29
1655933239869,MATH 142A,B04,093558,Staff,6,0,32,26
1655933239869,MATH 142A,B05,093559,Staff,0,0,32,32
1655933245896,MATH 193A,A01,083224,Rotar; Vladimir,1,1,34,33
1655933245896,MATH 193A,A02,083225,Rotar; Vladimir,0,0,34,34
1655933245896,MATH 193A,A03,083781,Rotar; Vladimir,2,0,34,32
1655933245896,MATH 193A,A04,083782,Rotar; Vladimir,2,0,34,32
1655933245896,MATH 193A,A05,093482,Rotar; Vladimir,1,0,34,33
1655933251928,MATH 197,001,091859,McAuley; Julian John,9999,0,9999,0
1655933251928,MATH 197,002,095566,Kedlaya; Kiran S.,9997,0,9999,2
1655933251928,MATH 197,003,095567,Xiao; Ming,9999,0,9999,0
1655933251928,MATH 197,004,095571,Perols; Johan Lars,9998,0,9999,1
1655933258980,COGS 9,A01,083615,Shannon; Kyle Michael,1,1,75,74
1655933265003,COGS 11,A01,083617,Boyle; Mary E. T.,10,1,48,38
1655933271025,COGS 13,A01,083071,Bastos; Amalia Pinkusfeld,3,2,71,68
1655933277057,COGS 14A,A01,092681,Staff,2,26,100,98
1655933283092,COGS 14B,A01,083073,Cheng; Tzu-Han,7,0,63,56
1655933289128,COGS 17,A01,092677,Staff,8,7,81,73
1655933295161,COGS 100,A01,083619,Allen; Michael Gordon,2,2,70,68
1655933301188,COGS 101A,A01,083621,Davis; Joshua Daniel,4,3,68,64
1655933307212,COGS 101B,A01,091572,Allen; Michael Gordon,0,0,65,65
1655933313238,COGS 101C,A01,083625,Delgado; Tania,8,0,35,27
1655933319261,COGS 107A,A01,083627,Boyle; Mary E. T.,1,2,60,59
1655933325292,COGS 118A,A01,083075,Gupta; Anjum,19,16,76,57
1655933331319,CSE 3,A50,083646,Miranda; Gregory Joseph,13,0,50,37
1655933337341,CSE 8A,A50,083650,Miranda; Gregory Joseph,3,11,56,53
1655933343365,CSE 11,A01,083080,Cao; Yingjun,0,68,40,40
1655933349398,CSE 12,A01,083652,Krause-Levy; Sophia Louisa,6,8,120,114
1655933355424,CSE 15L,A01,083654,Morris; Justin Loren,3,1,50,47
1655933355424,CSE 15L,A02,083655,Morris; Justin Loren,1,1,50,49
1655933361452,CSE 20,A01,083657,Tran; Khoa Dang,29,0,80,51
1655933367481,CSE 21,A01,095574,Bach; Quang Tran,23,0,48,25
1655933373506,CSE 30,A01,083084,Eldon; John,2,10,80,78
1655933373506,CSE 30,B01,095061,Bhaskar; Nishant,0,4,50,50
1655933379533,CSE 100,A01,083659,Cao; Yingjun,2,25,70,68
1655933385559,CSE 134B,A01,083661,Powell; Thomas Allan,5,7,100,95
1655933391583,CSE 140,A01,083663,Gungor; Onat,5,0,85,80
1655933397614,CSE 140L,A01,083088,Eldon; John,5,0,100,95
1655933403637,CSE 175,A01,083665,Kumar; Rakesh,1,0,25,24
1655933409664,CSE 190,A00,092507,Dubnov; Shlomo,1,0,20,19
1655933415781,ECE 45,A01,083139,Congero; Spencer William,0,1,75,75
1655933421810,ECE 65,A50,083695,Saad; Andrew S,6,0,30,24
1655933421810,ECE 65,A51,095125,Staff,23,0,26,3
1655933427836,ECE 109,A01,091882,Touri; Behrouz,2,4,70,68
1655933433863,ECE 180,A00,083140,Abi Samra; Nicholas Camill,1,0,30,29
1655933433863,ECE 180,B00,083141,Abi Samra; Nicholas Camill,0,9,28,28
1655933439887,MATH 10A,A01,083735,Patchell; Gregory David,0,0,30,30
1655933439887,MATH 10A,A02,083736,Patchell; Gregory David,21,0,30,9
1655933439887,MATH 10A,A03,083737,Patchell; Gregory David,16,0,30,14
1655933445922,MATH 10B,A01,083207,Lim; Seonhee,1,1,34,33
1655933445922,MATH 10B,A02,083208,Lim; Seonhee,1,1,35,34
1655933445922,MATH 10B,A03,093472,Staff,1,0,34,33
1655933445922,MATH 10B,B01,083739,Sinha; Shubham,10,0,30,20
1655933451951,MATH 18,A01,083743,Cinel; Cameron Alexander,4,0,30,26
1655933451951,MATH 18,A02,083744,Cinel; Cameron Alexander,11,0,30,19
1655933451951,MATH 18,A03,083745,Cinel; Cameron Alexander,1,0,30,29
1655933451951,MATH 18,B01,083748,Ma; Zilu,2,0,36,34
1655933451951,MATH 18,B02,083749,Ma; Zilu,0,0,36,36
1655933451951,MATH 18,B03,083750,Ma; Zilu,0,0,36,36
1655933451951,MATH 18,B04,083751,Ma; Zilu,0,0,36,36
1655933451951,MATH 18,B05,093473,Staff,0,0,36,36
1655933451951,MATH 18,B06,093474,Staff,0,0,36,36
1655933457984,MATH 20A,A01,083754,Zheng; Zequn,10,0,40,30
1655933464012,MATH 20B,A01,083756,Briones; Jor-el Thomas Caparas,0,1,36,36
1655933464012,MATH 20B,A02,083757,Briones; Jor-el Thomas Caparas,1,0,36,35
1655933464012,MATH 20B,A03,093475,Staff,1,0,36,35
1655933470046,MATH 20C,A01,083760,Briones; Jor-el Thomas Caparas,0,2,35,35
1655933470046,MATH 20C,A02,083761,Briones; Jor-el Thomas Caparas,6,1,35,29
1655933470046,MATH 20C,A03,093476,Staff,1,1,35,34
1655933470046,MATH 20C,B01,083762,Bach; Quang Tran,3,0,30,27
1655933476072,MATH 20D,A01,083765,Tran; Brian Kha,1,0,30,29
1655933476072,MATH 20D,A02,083766,Tran; Brian Kha,0,1,30,30
1655933476072,MATH 20D,A03,083767,Tran; Brian Kha,1,0,30,29
1655933482096,MATH 20E,A01,083771,Ganguly; Soumya,0,0,32,32
1655933482096,MATH 20E,A02,083772,Ganguly; Soumya,1,1,32,31
1655933482096,MATH 20E,B01,083773,Ciotti; Benjamin,14,0,35,21
1655933482096,MATH 20E,B02,083774,Ciotti; Benjamin,12,0,35,23
1655933488121,MATH 103A,A01,083777,Greenfeld; Be'Eri,2,1,36,34
1655933488121,MATH 103A,A02,083778,Greenfeld; Be'Eri,1,0,36,35
1655933488121,MATH 103A,A03,093561,Staff,0,1,36,36
1655933488121,MATH 103A,B01,083779,Greenfeld; Be'Eri,7,1,36,29
1655933488121,MATH 103A,B02,083780,Greenfeld; Be'Eri,1,0,36,35
1655933488121,MATH 103A,B03,093562,Staff,0,0,36,36
1655933494147,MATH 105,A01,085443,Carter; Anne Toulson,3,1,35,32
1655933494147,MATH 105,A02,093477,Staff,6,0,35,29
1655933500176,MATH 109,A01,083213,Ganzberger; Geoffrey Michael,0,1,34,34
1655933500176,MATH 109,A02,083214,Ganzberger; Geoffrey Michael,0,0,34,34
1655933500176,MATH 109,A03,093478,Staff,0,0,34,34
1655933500176,MATH 109,B01,083215,Ganzberger; Geoffrey Michael,2,0,32,30
1655933500176,MATH 109,B02,083216,Ganzberger; Geoffrey Michael,0,0,32,32
1655933500176,MATH 109,B03,093479,Staff,4,0,32,28
1655933506200,MATH 142A,A01,083219,Chow; Bennett,0,0,32,32
1655933506200,MATH 142A,A02,083220,Chow; Bennett,7,0,32,25
1655933506200,MATH 142A,A03,093480,Staff,4,0,32,28
1655933506200,MATH 142A,B03,093481,Staff,3,0,32,29
1655933506200,MATH 142A,B04,093558,Staff,6,0,32,26
1655933506200,MATH 142A,B05,093559,Staff,0,0,32,32
1655933512228,MATH 193A,A01,083224,Rotar; Vladimir,1,1,34,33
1655933512228,MATH 193A,A02,083225,Rotar; Vladimir,0,0,34,34
1655933512228,MATH 193A,A03,083781,Rotar; Vladimir,2,0,34,32
1655933512228,MATH 193A,A04,083782,Rotar; Vladimir,2,0,34,32
1655933512228,MATH 193A,A05,093482,Rotar; Vladimir,1,0,34,33
1655933518263,MATH 197,001,091859,McAuley; Julian John,9999,0,9999,0
1655933518263,MATH 197,002,095566,Kedlaya; Kiran S.,9997,0,9999,2
1655933518263,MATH 197,003,095567,Xiao; Ming,9999,0,9999,0
1655933518263,MATH 197,004,095571,Perols; Johan Lars,9998,0,9999,1
1655933525326,COGS 9,A01,083615,Shannon; Kyle Michael,1,1,75,74
1655933531353,COGS 11,A01,083617,Boyle; Mary E. T.,10,1,48,38
1655933537375,COGS 13,A01,083071,Bastos; Amalia Pinkusfeld,3,2,71,68
1655933543405,COGS 14A,A01,092681,Staff,2,26,100,98
1655933549439,COGS 14B,A01,083073,Cheng; Tzu-Han,7,0,63,56
1655933555462,COGS 17,A01,092677,Staff,8,7,81,73
1655933561485,COGS 100,A01,083619,Allen; Michael Gordon,2,2,70,68
1655933567519,COGS 101A,A01,083621,Davis; Joshua Daniel,4,3,68,64
1655933573543,COGS 101B,A01,091572,Allen; Michael Gordon,0,0,65,65
1655933579575,COGS 101C,A01,083625,Delgado; Tania,8,0,35,27
1655933585599,COGS 107A,A01,083627,Boyle; Mary E. T.,1,2,60,59
1655933591623,COGS 118A,A01,083075,Gupta; Anjum,19,16,76,57
1655933597665,CSE 3,A50,083646,Miranda; Gregory Joseph,13,0,50,37
1655933603693,CSE 8A,A50,083650,Miranda; Gregory Joseph,3,11,56,53
1655933609723,CSE 11,A01,083080,Cao; Yingjun,0,68,40,40
1655933615756,CSE 12,A01,083652,Krause-Levy; Sophia Louisa,6,8,120,114
1655933621790,CSE 15L,A01,083654,Morris; Justin Loren,3,1,50,47
1655933621790,CSE 15L,A02,083655,Morris; Justin Loren,1,1,50,49
1655933627819,CSE 20,A01,083657,Tran; Khoa Dang,29,0,80,51
1655933633840,CSE 21,A01,095574,Bach; Quang Tran,23,0,48,25
1655933639867,CSE 30,A01,083084,Eldon; John,2,10,80,78
1655933639867,CSE 30,B01,095061,Bhaskar; Nishant,0,4,50,50
1655933645894,CSE 100,A01,083659,Cao; Yingjun,2,25,70,68
1655933651919,CSE 134B,A01,083661,Powell; Thomas Allan,5,7,100,95
1655933657948,CSE 140,A01,083663,Gungor; Onat,5,0,85,80
1655933663973,CSE 140L,A01,083088,Eldon; John,5,0,100,95
1655933669996,CSE 175,A01,083665,Kumar; Rakesh,1,0,25,24
1655933676019,CSE 190,A00,092507,Dubnov; Shlomo,1,0,20,19
1655933682052,ECE 45,A01,083139,Congero; Spencer William,0,1,75,75
1655933688084,ECE 65,A50,083695,Saad; Andrew S,6,0,30,24
1655933688084,ECE 65,A51,095125,Staff,23,0,26,3
1655933694110,ECE 109,A01,091882,Touri; Behrouz,2,4,70,68
1655933700135,ECE 180,A00,083140,Abi Samra; Nicholas Camill,1,0,30,29
1655933700135,ECE 180,B00,083141,Abi Samra; Nicholas Camill,0,9,28,28
1655933706158,MATH 10A,A01,083735,Patchell; Gregory David,0,0,30,30
1655933706158,MATH 10A,A02,083736,Patchell; Gregory David,21,0,30,9
1655933706158,MATH 10A,A03,083737,Patchell; Gregory David,16,0,30,14
1655933712187,MATH 10B,A01,083207,Lim; Seonhee,1,1,34,33
1655933712187,MATH 10B,A02,083208,Lim; Seonhee,1,1,35,34
1655933712187,MATH 10B,A03,093472,Staff,1,0,34,33
1655933712187,MATH 10B,B01,083739,Sinha; Shubham,10,0,30,20
1655933718211,MATH 18,A01,083743,Cinel; Cameron Alexander,4,0,30,26
1655933718211,MATH 18,A02,083744,Cinel; Cameron Alexander,11,0,30,19
1655933718211,MATH 18,A03,083745,Cinel; Cameron Alexander,1,0,30,29
1655933718211,MATH 18,B01,083748,Ma; Zilu,2,0,36,34
1655933718211,MATH 18,B02,083749,Ma; Zilu,0,0,36,36
1655933718211,MATH 18,B03,083750,Ma; Zilu,0,0,36,36
1655933718211,MATH 18,B04,083751,Ma; Zilu,0,0,36,36
1655933718211,MATH 18,B05,093473,Staff,0,0,36,36
1655933718211,MATH 18,B06,093474,Staff,0,0,36,36
1655933724239,MATH 20A,A01,083754,Zheng; Zequn,10,0,40,30
1655933730266,MATH 20B,A01,083756,Briones; Jor-el Thomas Caparas,0,1,36,36
1655933730266,MATH 20B,A02,083757,Briones; Jor-el Thomas Caparas,1,0,36,35
1655933730266,MATH 20B,A03,093475,Staff,1,0,36,35
1655933736300,MATH 20C,A01,083760,Briones; Jor-el Thomas Caparas,0,2,35,35
1655933736300,MATH 20C,A02,083761,Briones; Jor-el Thomas Caparas,6,1,35,29
1655933736300,MATH 20C,A03,093476,Staff,1,1,35,34
1655933736300,MATH 20C,B01,083762,Bach; Quang Tran,3,0,30,27
1655933742327,MATH 20D,A01,083765,Tran; Brian Kha,1,0,30,29
1655933742327,MATH 20D,A02,083766,Tran; Brian Kha,0,1,30,30
1655933742327,MATH 20D,A03,083767,Tran; Brian Kha,1,0,30,29
1655933748351,MATH 20E,A01,083771,Ganguly; Soumya,0,0,32,32
1655933748351,MATH 20E,A02,083772,Ganguly; Soumya,1,1,32,31
1655933748351,MATH 20E,B01,083773,Ciotti; Benjamin,14,0,35,21
1655933748351,MATH 20E,B02,083774,Ciotti; Benjamin,12,0,35,23
1655933754377,MATH 103A,A01,083777,Greenfeld; Be'Eri,2,1,36,34
1655933754377,MATH 103A,A02,083778,Greenfeld; Be'Eri,1,0,36,35
1655933754377,MATH 103A,A03,093561,Staff,0,1,36,36
1655933754377,MATH 103A,B01,083779,Greenfeld; Be'Eri,7,1,36,29
1655933754377,MATH 103A,B02,083780,Greenfeld; Be'Eri,1,0,36,35
1655933754377,MATH 103A,B03,093562,Staff,0,0,36,36
1655933760415,MATH 105,A01,085443,Carter; Anne Toulson,3,1,35,32
1655933760415,MATH 105,A02,093477,Staff,6,0,35,29
1655933766449,MATH 109,A01,083213,Ganzberger; Geoffrey Michael,0,1,34,34
1655933766449,MATH 109,A02,083214,Ganzberger; Geoffrey Michael,0,0,34,34
1655933766449,MATH 109,A03,093478,Staff,0,0,34,34
1655933766449,MATH 109,B01,083215,Ganzberger; Geoffrey Michael,2,0,32,30
1655933766449,MATH 109,B02,083216,Ganzberger; Geoffrey Michael,0,0,32,32
1655933766449,MATH 109,B03,093479,Staff,4,0,32,28
1655933772474,MATH 142A,A01,083219,Chow; Bennett,0,0,32,32
1655933772474,MATH 142A,A02,083220,Chow; Bennett,7,0,32,25
1655933772474,MATH 142A,A03,093480,Staff,4,0,32,28
1655933772474,MATH 142A,B03,093481,Staff,3,0,32,29
1655933772474,MATH 142A,B04,093558,Staff,6,0,32,26
1655933772474,MATH 142A,B05,093559,Staff,0,0,32,32
1655933778507,MATH 193A,A01,083224,Rotar; Vladimir,1,1,34,33
1655933778507,MATH 193A,A02,083225,Rotar; Vladimir,0,0,34,34
1655933778507,MATH 193A,A03,083781,Rotar; Vladimir,2,0,34,32
1655933778507,MATH 193A,A04,083782,Rotar; Vladimir,2,0,34,32
1655933778507,MATH 193A,A05,093482,Rotar; Vladimir,1,0,34,33
1655933792241,MATH 197,001,091859,McAuley; Julian John,9999,0,9999,0
1655933792241,MATH 197,002,095566,Kedlaya; Kiran S.,9997,0,9999,2
1655933792241,MATH 197,003,095567,Xiao; Ming,9999,0,9999,0
1655933792241,MATH 197,004,095571,Perols; Johan Lars,9998,0,9999,1
1655933799319,COGS 9,A01,083615,Shannon; Kyle Michael,1,1,75,74
1655933805344,COGS 11,A01,083617,Boyle; Mary E. T.,10,1,48,38
1655933811368,COGS 13,A01,083071,Bastos; Amalia Pinkusfeld,3,2,71,68
1655933817392,COGS 14A,A01,092681,Staff,2,26,100,98
1655933823417,COGS 14B,A01,083073,Cheng; Tzu-Han,7,0,63,56
1655933829440,COGS 17,A01,092677,Staff,8,7,81,73
1655933835469,COGS 100,A01,083619,Allen; Michael Gordon,2,2,70,68
1655933841496,COGS 101A,A01,083621,Davis; Joshua Daniel,4,3,68,64
1655933847519,COGS 101B,A01,091572,Allen; Michael Gordon,0,0,65,65
1655933853555,COGS 101C,A01,083625,Delgado; Tania,8,0,35,27
1655933859588,COGS 107A,A01,083627,Boyle; Mary E. T.,1,2,60,59
1655933865618,COGS 118A,A01,083075,Gupta; Anjum,19,16,76,57
1655933871651,CSE 3,A50,083646,Miranda; Gregory Joseph,13,0,50,37
1655933877677,CSE 8A,A50,083650,Miranda; Gregory Joseph,3,11,56,53
1655933883709,CSE 11,A01,083080,Cao; Yingjun,0,68,40,40
1655933889742,CSE 12,A01,083652,Krause-Levy; Sophia Louisa,6,8,120,114
1655933895783,CSE 15L,A01,083654,Morris; Justin Loren,3,1,50,47
1655933895783,CSE 15L,A02,083655,Morris; Justin Loren,1,1,50,49
1655933901805,CSE 20,A01,083657,Tran; Khoa Dang,29,0,80,51
1655933907837,CSE 21,A01,095574,Bach; Quang Tran,23,0,48,25
1655933913876,CSE 30,A01,083084,Eldon; John,2,10,80,78
1655933913876,CSE 30,B01,095061,Bhaskar; Nishant,0,4,50,50
1655933919909,CSE 100,A01,083659,Cao; Yingjun,2,25,70,68
1655933925932,CSE 134B,A01,083661,Powell; Thomas Allan,5,7,100,95
1655933931972,CSE 140,A01,083663,Gungor; Onat,5,0,85,80
1655933938015,CSE 140L,A01,083088,Eldon; John,5,0,100,95
1655933944055,CSE 175,A01,083665,Kumar; Rakesh,1,0,25,24
1655933950108,CSE 190,A00,092507,Dubnov; Shlomo,1,0,20,19
1655933956152,ECE 45,A01,083139,Congero; Spencer William,0,1,75,75
1655933962183,ECE 65,A50,083695,Saad; Andrew S,6,0,30,24
1655933962183,ECE 65,A51,095125,Staff,23,0,26,3
1655933968214,ECE 109,A01,091882,Touri; Behrouz,2,4,70,68
1655933974251,ECE 180,A00,083140,Abi Samra; Nicholas Camill,1,0,30,29
1655933974251,ECE 180,B00,083141,Abi Samra; Nicholas Camill,0,9,28,28
1655933980275,MATH 10A,A01,083735,Patchell; Gregory David,0,0,30,30
1655933980275,MATH 10A,A02,083736,Patchell; Gregory David,21,0,30,9
1655933980275,MATH 10A,A03,083737,Patchell; Gregory David,16,0,30,14
1655933986322,MATH 10B,A01,083207,Lim; Seonhee,1,1,34,33
1655933986322,MATH 10B,A02,083208,Lim; Seonhee,1,1,35,34
1655933986322,MATH 10B,A03,093472,Staff,1,0,34,33
1655933986322,MATH 10B,B01,083739,Sinha; Shubham,10,0,30,20
1655933992356,MATH 18,A01,083743,Cinel; Cameron Alexander,4,0,30,26
1655933992356,MATH 18,A02,083744,Cinel; Cameron Alexander,11,0,30,19
1655933992356,MATH 18,A03,083745,Cinel; Cameron Alexander,1,0,30,29
1655933992356,MATH 18,B01,083748,Ma; Zilu,2,0,36,34
1655933992356,MATH 18,B02,083749,Ma; Zilu,0,0,36,36
1655933992356,MATH 18,B03,083750,Ma; Zilu,0,0,36,36
1655933992356,MATH 18,B04,083751,Ma; Zilu,0,0,36,36
1655933992356,MATH 18,B05,093473,Staff,0,0,36,36
1655933992356,MATH 18,B06,093474,Staff,0,0,36,36
1655933998387,MATH 20A,A01,083754,Zheng; Zequn,10,0,40,30
1655934004415,MATH 20B,A01,083756,Briones; Jor-el Thomas Caparas,0,1,36,36
1655934004415,MATH 20B,A02,083757,Briones; Jor-el Thomas Caparas,1,0,36,35
1655934004415,MATH 20B,A03,093475,Staff,1,0,36,35
1655934010439,MATH 20C,A01,083760,Briones; Jor-el Thomas Caparas,0,2,35,35
1655934010439,MATH 20C,A02,083761,Briones; Jor-el Thomas Caparas,6,1,35,29
1655934010439,MATH 20C,A03,093476,Staff,1,1,35,34
1655934010439,MATH 20C,B01,083762,Bach; Quang Tran,3,0,30,27
1655934016462,MATH 20D,A01,083765,Tran; Brian Kha,1,0,30,29
1655934016462,MATH 20D,A02,083766,Tran; Brian Kha,0,1,30,30
1655934016462,MATH 20D,A03,083767,Tran; Brian Kha,1,0,30,29
1655934022571,MATH 20E,A01,083771,Ganguly; Soumya,0,0,32,32
1655934022571,MATH 20E,A02,083772,Ganguly; Soumya,1,1,32,31
1655934022571,MATH 20E,B01,083773,Ciotti; Benjamin,14,0,35,21
1655934022571,MATH 20E,B02,083774,Ciotti; Benjamin,12,0,35,23
1655934028600,MATH 103A,A01,083777,Greenfeld; Be'Eri,2,1,36,34
1655934028600,MATH 103A,A02,083778,Greenfeld; Be'Eri,1,0,36,35
1655934028600,MATH 103A,A03,093561,Staff,0,1,36,36
1655934028600,MATH 103A,B01,083779,Greenfeld; Be'Eri,7,1,36,29
1655934028600,MATH 103A,B02,083780,Greenfeld; Be'Eri,1,0,36,35
1655934028600,MATH 103A,B03,093562,Staff,0,0,36,36
1655934034630,MATH 105,A01,085443,Carter; Anne Toulson,3,1,35,32
1655934034630,MATH 105,A02,093477,Staff,6,0,35,29
1655934040654,MATH 109,A01,083213,Ganzberger; Geoffrey Michael,0,1,34,34
1655934040654,MATH 109,A02,083214,Ganzberger; Geoffrey Michael,0,0,34,34
1655934040654,MATH 109,A03,093478,Staff,0,0,34,34
1655934040654,MATH 109,B01,083215,Ganzberger; Geoffrey Michael,2,0,32,30
1655934040654,MATH 109,B02,083216,Ganzberger; Geoffrey Michael,0,0,32,32
1655934040654,MATH 109,B03,093479,Staff,4,0,32,28
1655934046689,MATH 142A,A01,083219,Chow; Bennett,0,0,32,32
1655934046689,MATH 142A,A02,083220,Chow; Bennett,7,0,32,25
1655934046689,MATH 142A,A03,093480,Staff,4,0,32,28
1655934046689,MATH 142A,B03,093481,Staff,3,0,32,29
1655934046689,MATH 142A,B04,093558,Staff,6,0,32,26
1655934046689,MATH 142A,B05,093559,Staff,0,0,32,32
1655934052719,MATH 193A,A01,083224,Rotar; Vladimir,1,1,34,33
1655934052719,MATH 193A,A02,083225,Rotar; Vladimir,0,0,34,34
1655934052719,MATH 193A,A03,083781,Rotar; Vladimir,2,0,34,32
1655934052719,MATH 193A,A04,083782,Rotar; Vladimir,2,0,34,32
1655934052719,MATH 193A,A05,093482,Rotar; Vladimir,1,0,34,33
1655934058742,MATH 197,001,091859,McAuley; Julian John,9999,0,9999,0
1655934058742,MATH 197,002,095566,Kedlaya; Kiran S.,9997,0,9999,2
1655934058742,MATH 197,003,095567,Xiao; Ming,9999,0,9999,0
1655934058742,MATH 197,004,095571,Perols; Johan Lars,9998,0,9999,1
1655934065809,COGS 9,A01,083615,Shannon; Kyle Michael,1,1,75,74
1655934071832,COGS 11,A01,083617,Boyle; Mary E. T.,10,1,48,38
1655934077855,COGS 13,A01,083071,Bastos; Amalia Pinkusfeld,3,2,71,68
1655934083891,COGS 14A,A01,092681,Staff,2,26,100,98
1655934089923,COGS 14B,A01,083073,Cheng; Tzu-Han,7,0,63,56
1655934095950,COGS 17,A01,092677,Staff,8,7,81,73
1655934101990,COGS 100,A01,083619,Allen; Michael Gordon,2,2,70,68
1655934108014,COGS 101A,A01,083621,Davis; Joshua Daniel,4,3,68,64
1655934114041,COGS 101B,A01,091572,Allen; Michael Gordon,0,0,65,65
1655934120068,COGS 101C,A01,083625,Delgado; Tania,8,0,35,27
1655934126097,COGS 107A,A01,083627,Boyle; Mary E. T.,1,2,60,59
1655934132120,COGS 118A,A01,083075,Gupta; Anjum,19,16,76,57
1655934138143,CSE 3,A50,083646,Miranda; Gregory Joseph,13,0,50,37
1655934144180,CSE 8A,A50,083650,Miranda; Gregory Joseph,3,11,56,53
1655934150222,CSE 11,A01,083080,Cao; Yingjun,0,68,40,40
1655934156251,CSE 12,A01,083652,Krause-Levy; Sophia Louisa,6,8,120,114
1655934162276,CSE 15L,A01,083654,Morris; Justin Loren,3,1,50,47
1655934162276,CSE 15L,A02,083655,Morris; Justin Loren,1,1,50,49
1655934168300,CSE 20,A01,083657,Tran; Khoa Dang,29,0,80,51
1655934174330,CSE 21,A01,095574,Bach; Quang Tran,23,0,48,25
1655934180378,CSE 30,A01,083084,Eldon; John,2,10,80,78
1655934180378,CSE 30,B01,095061,Bhaskar; Nishant,0,4,50,50
1655934186405,CSE 100,A01,083659,Cao; Yingjun,2,25,70,68
1655934192531,CSE 134B,A01,083661,Powell; Thomas Allan,5,7,100,95
1655934198558,CSE 140,A01,083663,Gungor; Onat,5,0,85,80
1655934204583,CSE 140L,A01,083088,Eldon; John,5,0,100,95
1655934210608,CSE 175,A01,083665,Kumar; Rakesh,1,0,25,24
1655934216640,CSE 190,A00,092507,Dubnov; Shlomo,1,0,20,19
1655934222674,ECE 45,A01,083139,Congero; Spencer William,0,1,75,75
1655934228718,ECE 65,A50,083695,Saad; Andrew S,6,0,30,24
1655934228718,ECE 65,A51,095125,Staff,23,0,26,3
1655934234751,ECE 109,A01,091882,Touri; Behrouz,2,4,70,68
1655934240777,ECE 180,A00,083140,Abi Samra; Nicholas Camill,1,0,30,29
1655934240777,ECE 180,B00,083141,Abi Samra; Nicholas Camill,0,9,28,28
1655934246807,MATH 10A,A01,083735,Patchell; Gregory David,0,0,30,30
1655934246807,MATH 10A,A02,083736,Patchell; Gregory David,21,0,30,9
1655934246807,MATH 10A,A03,083737,Patchell; Gregory David,16,0,30,14
1655934252835,MATH 10B,A01,083207,Lim; Seonhee,1,1,34,33
1655934252835,MATH 10B,A02,083208,Lim; Seonhee,1,1,35,34
1655934252835,MATH 10B,A03,093472,Staff,1,0,34,33
1655934252835,MATH 10B,B01,083739,Sinha; Shubham,10,0,30,20
1655934258874,MATH 18,A01,083743,Cinel; Cameron Alexander,4,0,30,26
1655934258874,MATH 18,A02,083744,Cinel; Cameron Alexander,11,0,30,19
1655934258874,MATH 18,A03,083745,Cinel; Cameron Alexander,1,0,30,29
1655934258874,MATH 18,B01,083748,Ma; Zilu,2,0,36,34
1655934258874,MATH 18,B02,083749,Ma; Zilu,0,0,36,36
1655934258874,MATH 18,B03,083750,Ma; Zilu,0,0,36,36
1655934258874,MATH 18,B04,083751,Ma; Zilu,0,0,36,36
1655934258874,MATH 18,B05,093473,Staff,0,0,36,36
1655934258874,MATH 18,B06,093474,Staff,0,0,36,36
1655934264911,MATH 20A,A01,083754,Zheng; Zequn,10,0,40,30
1655934270934,MATH 20B,A01,083756,Briones; Jor-el Thomas Caparas,0,1,36,36
1655934270934,MATH 20B,A02,083757,Briones; Jor-el Thomas Caparas,1,0,36,35
1655934270934,MATH 20B,A03,093475,Staff,1,0,36,35
1655934276970,MATH 20C,A01,083760,Briones; Jor-el Thomas Caparas,0,2,35,35
1655934276970,MATH 20C,A02,083761,Briones; Jor-el Thomas Caparas,6,1,35,29
1655934276970,MATH 20C,A03,093476,Staff,1,1,35,34
1655934276970,MATH 20C,B01,083762,Bach; Quang Tran,3,0,30,27
1655934283000,MATH 20D,A01,083765,Tran; Brian Kha,1,0,30,29
1655934283000,MATH 20D,A02,083766,Tran; Brian Kha,0,1,30,30
1655934283000,MATH 20D,A03,083767,Tran; Brian Kha,1,0,30,29
1655934289026,MATH 20E,A01,083771,Ganguly; Soumya,0,0,32,32
1655934289026,MATH 20E,A02,083772,Ganguly; Soumya,1,1,32,31
1655934289026,MATH 20E,B01,083773,Ciotti; Benjamin,14,0,35,21
1655934289026,MATH 20E,B02,083774,Ciotti; Benjamin,12,0,35,23
1655934295075,MATH 103A,A01,083777,Greenfeld; Be'Eri,2,1,36,34
1655934295075,MATH 103A,A02,083778,Greenfeld; Be'Eri,1,0,36,35
1655934295075,MATH 103A,A03,093561,Staff,0,1,36,36
1655934295075,MATH 103A,B01,083779,Greenfeld; Be'Eri,7,1,36,29
1655934295075,MATH 103A,B02,083780,Greenfeld; Be'Eri,1,0,36,35
1655934295075,MATH 103A,B03,093562,Staff,0,0,36,36
1655934301119,MATH 105,A01,085443,Carter; Anne Toulson,3,1,35,32
1655934301119,MATH 105,A02,093477,Staff,6,0,35,29
1655934307142,MATH 109,A01,083213,Ganzberger; Geoffrey Michael,0,1,34,34
1655934307142,MATH 109,A02,083214,Ganzberger; Geoffrey Michael,0,0,34,34
1655934307142,MATH 109,A03,093478,Staff,0,0,34,34
1655934307142,MATH 109,B01,083215,Ganzberger; Geoffrey Michael,2,0,32,30
1655934307142,MATH 109,B02,083216,Ganzberger; Geoffrey Michael,0,0,32,32
1655934307142,MATH 109,B03,093479,Staff,4,0,32,28
1655934313170,MATH 142A,A01,083219,Chow; Bennett,0,0,32,32
1655934313170,MATH 142A,A02,083220,Chow; Bennett,7,0,32,25
1655934313170,MATH 142A,A03,093480,Staff,4,0,32,28
1655934313170,MATH 142A,B03,093481,Staff,3,0,32,29
1655934313170,MATH 142A,B04,093558,Staff,6,0,32,26
1655934313170,MATH 142A,B05,093559,Staff,0,0,32,32
1655934319195,MATH 193A,A01,083224,Rotar; Vladimir,1,1,34,33
1655934319195,MATH 193A,A02,083225,Rotar; Vladimir,0,0,34,34
1655934319195,MATH 193A,A03,083781,Rotar; Vladimir,2,0,34,32
1655934319195,MATH 193A,A04,083782,Rotar; Vladimir,2,0,34,32
1655934319195,MATH 193A,A05,093482,Rotar; Vladimir,1,0,34,33
1655934325218,MATH 197,001,091859,McAuley; Julian John,9999,0,9999,0
1655934325218,MATH 197,002,095566,Kedlaya; Kiran S.,9997,0,9999,2
1655934325218,MATH 197,003,095567,Xiao; Ming,9999,0,9999,0
1655934325218,MATH 197,004,095571,Perols; Johan Lars,9998,0,9999,1
1655934332295,COGS 9,A01,083615,Shannon; Kyle Michael,1,1,75,74
1655934338325,COGS 11,A01,083617,Boyle; Mary E. T.,10,1,48,38
1655934344348,COGS 13,A01,083071,Bastos; Amalia Pinkusfeld,3,2,71,68
1655934350375,COGS 14A,A01,092681,Staff,2,26,100,98
1655934356398,COGS 14B,A01,083073,Cheng; Tzu-Han,7,0,63,56
1655934362424,COGS 17,A01,092677,Staff,8,7,81,73
1655934368449,COGS 100,A01,083619,Allen; Michael Gordon,2,2,70,68
1655934374472,COGS 101A,A01,083621,Davis; Joshua Daniel,4,3,68,64
1655934380509,COGS 101B,A01,091572,Allen; Michael Gordon,0,0,65,65
1655934386530,COGS 101C,A01,083625,Delgado; Tania,8,0,35,27
1655934392559,COGS 107A,A01,083627,Boyle; Mary E. T.,1,2,60,59
1655934398586,COGS 118A,A01,083075,Gupta; Anjum,19,16,76,57
1655934404622,CSE 3,A50,083646,Miranda; Gregory Joseph,13,0,50,37
1655934410645,CSE 8A,A50,083650,Miranda; Gregory Joseph,3,11,56,53
1655934416668,CSE 11,A01,083080,Cao; Yingjun,0,68,40,40
1655934422708,CSE 12,A01,083652,Krause-Levy; Sophia Louisa,6,8,120,114
1655934428736,CSE 15L,A01,083654,Morris; Justin Loren,3,1,50,47
1655934428736,CSE 15L,A02,083655,Morris; Justin Loren,1,1,50,49
1655934434764,CSE 20,A01,083657,Tran; Khoa Dang,29,0,80,51
1655934440791,CSE 21,A01,095574,Bach; Quang Tran,23,0,48,25
1655934446817,CSE 30,A01,083084,Eldon; John,2,10,80,78
1655934446817,CSE 30,B01,095061,Bhaskar; Nishant,0,4,50,50
1655934452851,CSE 100,A01,083659,Cao; Yingjun,2,25,70,68
1655934458883,CSE 134B,A01,083661,Powell; Thomas Allan,5,7,100,95
1655934464905,CSE 140,A01,083663,Gungor; Onat,5,0,85,80
1655934470930,CSE 140L,A01,083088,Eldon; John,5,0,100,95
1655934476969,CSE 175,A01,083665,Kumar; Rakesh,1,0,25,24
1655934482992,CSE 190,A00,092507,Dubnov; Shlomo,1,0,20,19
1655934489017,ECE 45,A01,083139,Congero; Spencer William,0,1,75,75
1655934495050,ECE 65,A50,083695,Saad; Andrew S,6,0,30,24
1655934495050,ECE 65,A51,095125,Staff,23,0,26,3
1655934501074,ECE 109,A01,091882,Touri; Behrouz,2,4,70,68
1655934507099,ECE 180,A00,083140,Abi Samra; Nicholas Camill,1,0,30,29
1655934507099,ECE 180,B00,083141,Abi Samra; Nicholas Camill,0,9,28,28
1655934513127,MATH 10A,A01,083735,Patchell; Gregory David,0,0,30,30
1655934513127,MATH 10A,A02,083736,Patchell; Gregory David,21,0,30,9
1655934513127,MATH 10A,A03,083737,Patchell; Gregory David,16,0,30,14
1655934519151,MATH 10B,A01,083207,Lim; Seonhee,1,1,34,33
1655934519151,MATH 10B,A02,083208,Lim; Seonhee,1,1,35,34
1655934519151,MATH 10B,A03,093472,Staff,1,0,34,33
1655934519151,MATH 10B,B01,083739,Sinha; Shubham,10,0,30,20
1655934525185,MATH 18,A01,083743,Cinel; Cameron Alexander,4,0,30,26
1655934525185,MATH 18,A02,083744,Cinel; Cameron Alexander,11,0,30,19
1655934525185,MATH 18,A03,083745,Cinel; Cameron Alexander,1,0,30,29
1655934525185,MATH 18,B01,083748,Ma; Zilu,2,0,36,34
1655934525185,MATH 18,B02,083749,Ma; Zilu,0,0,36,36
1655934525185,MATH 18,B03,083750,Ma; Zilu,0,0,36,36
1655934525185,MATH 18,B04,083751,Ma; Zilu,0,0,36,36
1655934525185,MATH 18,B05,093473,Staff,0,0,36,36
1655934525185,MATH 18,B06,093474,Staff,0,0,36,36
1655934531208,MATH 20A,A01,083754,Zheng; Zequn,10,0,40,30
1655934537250,MATH 20B,A01,083756,Briones; Jor-el Thomas Caparas,0,1,36,36
1655934537250,MATH 20B,A02,083757,Briones; Jor-el Thomas Caparas,1,0,36,35
1655934537250,MATH 20B,A03,093475,Staff,1,0,36,35
1655934543290,MATH 20C,A01,083760,Briones; Jor-el Thomas Caparas,0,2,35,35
1655934543290,MATH 20C,A02,083761,Briones; Jor-el Thomas Caparas,6,1,35,29
1655934543290,MATH 20C,A03,093476,Staff,1,1,35,34
1655934543290,MATH 20C,B01,083762,Bach; Quang Tran,3,0,30,27
1655934549327,MATH 20D,A01,083765,Tran; Brian Kha,1,0,30,29
1655934549327,MATH 20D,A02,083766,Tran; Brian Kha,0,1,30,30
1655934549327,MATH 20D,A03,083767,Tran; Brian Kha,1,0,30,29
1655934555355,MATH 20E,A01,083771,Ganguly; Soumya,0,0,32,32
1655934555355,MATH 20E,A02,083772,Ganguly; Soumya,1,1,32,31
1655934555355,MATH 20E,B01,083773,Ciotti; Benjamin,14,0,35,21
1655934555355,MATH 20E,B02,083774,Ciotti; Benjamin,12,0,35,23
1655934561378,MATH 103A,A01,083777,Greenfeld; Be'Eri,2,1,36,34
1655934561378,MATH 103A,A02,083778,Greenfeld; Be'Eri,1,0,36,35
1655934561378,MATH 103A,A03,093561,Staff,0,1,36,36
1655934561378,MATH 103A,B01,083779,Greenfeld; Be'Eri,7,1,36,29
1655934561378,MATH 103A,B02,083780,Greenfeld; Be'Eri,1,0,36,35
1655934561378,MATH 103A,B03,093562,Staff,0,0,36,36
1655934567402,MATH 105,A01,085443,Carter; Anne Toulson,3,1,35,32
1655934567402,MATH 105,A02,093477,Staff,6,0,35,29
1655934573449,MATH 109,A01,083213,Ganzberger; Geoffrey Michael,0,1,34,34
1655934573449,MATH 109,A02,083214,Ganzberger; Geoffrey Michael,0,0,34,34
1655934573449,MATH 109,A03,093478,Staff,0,0,34,34
1655934573449,MATH 109,B01,083215,Ganzberger; Geoffrey Michael,2,0,32,30
1655934573449,MATH 109,B02,083216,Ganzberger; Geoffrey Michael,0,0,32,32
1655934573449,MATH 109,B03,093479,Staff,4,0,32,28
1655934579473,MATH 142A,A01,083219,Chow; Bennett,0,0,32,32
1655934579473,MATH 142A,A02,083220,Chow; Bennett,7,0,32,25
1655934579473,MATH 142A,A03,093480,Staff,4,0,32,28
1655934579473,MATH 142A,B03,093481,Staff,3,0,32,29
1655934579473,MATH 142A,B04,093558,Staff,6,0,32,26
1655934579473,MATH 142A,B05,093559,Staff,0,0,32,32
1655934585508,MATH 193A,A01,083224,Rotar; Vladimir,1,1,34,33
1655934585508,MATH 193A,A02,083225,Rotar; Vladimir,0,0,34,34
1655934585508,MATH 193A,A03,083781,Rotar; Vladimir,2,0,34,32
1655934585508,MATH 193A,A04,083782,Rotar; Vladimir,2,0,34,32
1655934585508,MATH 193A,A05,093482,Rotar; Vladimir,1,0,34,33
1655934591531,MATH 197,001,091859,McAuley; Julian John,9999,0,9999,0
1655934591531,MATH 197,002,095566,Kedlaya; Kiran S.,9997,0,9999,2
1655934591531,MATH 197,003,095567,Xiao; Ming,9999,0,9999,0
1655934591531,MATH 197,004,095571,Perols; Johan Lars,9998,0,9999,1
1655934598608,COGS 9,A01,083615,Shannon; Kyle Michael,1,1,75,74
1655934604631,COGS 11,A01,083617,Boyle; Mary E. T.,10,1,48,38
1655934610661,COGS 13,A01,083071,Bastos; Amalia Pinkusfeld,3,2,71,68
1655934616768,COGS 14A,A01,092681,Staff,2,26,100,98
1655934622799,COGS 14B,A01,083073,Cheng; Tzu-Han,7,0,63,56
1655934628824,COGS 17,A01,092677,Staff,8,7,81,73
1655934634862,COGS 100,A01,083619,Allen; Michael Gordon,2,2,70,68
1655934640885,COGS 101A,A01,083621,Davis; Joshua Daniel,4,3,68,64
1655934646907,COGS 101B,A01,091572,Allen; Michael Gordon,0,0,65,65
1655934652938,COGS 101C,A01,083625,Delgado; Tania,8,0,35,27
1655934658980,COGS 107A,A01,083627,Boyle; Mary E. T.,1,2,60,59
1655934665003,COGS 118A,A01,083075,Gupta; Anjum,19,16,76,57
1655934671034,CSE 3,A50,083646,Miranda; Gregory Joseph,13,0,50,37
1655934677060,CSE 8A,A50,083650,Miranda; Gregory Joseph,3,11,56,53
1655934683082,CSE 11,A01,083080,Cao; Yingjun,0,68,40,40
1655934689107,CSE 12,A01,083652,Krause-Levy; Sophia Louisa,6,8,120,114
1655934695133,CSE 15L,A01,083654,Morris; Justin Loren,3,1,50,47
1655934695133,CSE 15L,A02,083655,Morris; Justin Loren,1,1,50,49
1655934701161,CSE 20,A01,083657,Tran; Khoa Dang,29,0,80,51
1655934707191,CSE 21,A01,095574,Bach; Quang Tran,23,0,48,25
1655934713226,CSE 30,A01,083084,Eldon; John,2,10,80,78
1655934713226,CSE 30,B01,095061,Bhaskar; Nishant,0,4,50,50
1655934719251,CSE 100,A01,083659,Cao; Yingjun,2,25,70,68
1655934725279,CSE 134B,A01,083661,Powell; Thomas Allan,5,7,100,95
1655934731302,CSE 140,A01,083663,Gungor; Onat,5,0,85,80
1655934737339,CSE 140L,A01,083088,Eldon; John,5,0,100,95
1655934743366,CSE 175,A01,083665,Kumar; Rakesh,1,0,25,24
1655934749391,CSE 190,A00,092507,Dubnov; Shlomo,1,0,20,19
1655934755423,ECE 45,A01,083139,Congero; Spencer William,0,1,75,75
1655934761459,ECE 65,A50,083695,Saad; Andrew S,6,0,30,24
1655934761459,ECE 65,A51,095125,Staff,23,0,26,3
1655934767498,ECE 109,A01,091882,Touri; Behrouz,2,4,70,68
1655934773533,ECE 180,A00,083140,Abi Samra; Nicholas Camill,1,0,30,29
1655934773533,ECE 180,B00,083141,Abi Samra; Nicholas Camill,0,9,28,28
1655934779576,MATH 10A,A01,083735,Patchell; Gregory David,0,0,30,30
1655934779576,MATH 10A,A02,083736,Patchell; Gregory David,21,0,30,9
1655934779576,MATH 10A,A03,083737,Patchell; Gregory David,16,0,30,14
1655934785606,MATH 10B,A01,083207,Lim; Seonhee,1,1,34,33
1655934785606,MATH 10B,A02,083208,Lim; Seonhee,1,1,35,34
1655934785606,MATH 10B,A03,093472,Staff,1,0,34,33
1655934785606,MATH 10B,B01,083739,Sinha; Shubham,10,0,30,20
1655934791636,MATH 18,A01,083743,Cinel; Cameron Alexander,4,0,30,26
1655934791636,MATH 18,A02,083744,Cinel; Cameron Alexander,11,0,30,19
1655934791636,MATH 18,A03,083745,Cinel; Cameron Alexander,1,0,30,29
1655934791636,MATH 18,B01,083748,Ma; Zilu,2,0,36,34
1655934791636,MATH 18,B02,083749,Ma; Zilu,0,0,36,36
1655934791636,MATH 18,B03,083750,Ma; Zilu,0,0,36,36
1655934791636,MATH 18,B04,083751,Ma; Zilu,0,0,36,36
1655934791636,MATH 18,B05,093473,Staff,0,0,36,36
1655934791636,MATH 18,B06,093474,Staff,0,0,36,36
1655934797673,MATH 20A,A01,083754,Zheng; Zequn,10,0,40,30
1655934803706,MATH 20B,A01,083756,Briones; Jor-el Thomas Caparas,0,1,36,36
1655934803706,MATH 20B,A02,083757,Briones; Jor-el Thomas Caparas,1,0,36,35
1655934803706,MATH 20B,A03,093475,Staff,1,0,36,35
1655934809740,MATH 20C,A01,083760,Briones; Jor-el Thomas Caparas,0,2,35,35
1655934809740,MATH 20C,A02,083761,Briones; Jor-el Thomas Caparas,6,1,35,29
1655934809740,MATH 20C,A03,093476,Staff,1,1,35,34
1655934809740,MATH 20C,B01,083762,Bach; Quang Tran,3,0,30,27
1655934815770,MATH 20D,A01,083765,Tran; Brian Kha,1,0,30,29
1655934815770,MATH 20D,A02,083766,Tran; Brian Kha,0,1,30,30
1655934815770,MATH 20D,A03,083767,Tran; Brian Kha,1,0,30,29
1655934821813,MATH 20E,A01,083771,Ganguly; Soumya,0,0,32,32
1655934821813,MATH 20E,A02,083772,Ganguly; Soumya,1,1,32,31
1655934821813,MATH 20E,B01,083773,Ciotti; Benjamin,14,0,35,21
1655934821813,MATH 20E,B02,083774,Ciotti; Benjamin,12,0,35,23
1655934827846,MATH 103A,A01,083777,Greenfeld; Be'Eri,2,1,36,34
1655934827846,MATH 103A,A02,083778,Greenfeld; Be'Eri,1,0,36,35
1655934827846,MATH 103A,A03,093561,Staff,0,1,36,36
1655934827846,MATH 103A,B01,083779,Greenfeld; Be'Eri,7,1,36,29
1655934827846,MATH 103A,B02,083780,Greenfeld; Be'Eri,1,0,36,35
1655934827846,MATH 103A,B03,093562,Staff,0,0,36,36
1655934833883,MATH 105,A01,085443,Carter; Anne Toulson,3,1,35,32
1655934833883,MATH 105,A02,093477,Staff,6,0,35,29
1655934839923,MATH 109,A01,083213,Ganzberger; Geoffrey Michael,0,1,34,34
1655934839923,MATH 109,A02,083214,Ganzberger; Geoffrey Michael,0,0,34,34
1655934839923,MATH 109,A03,093478,Staff,0,0,34,34
1655934839923,MATH 109,B01,083215,Ganzberger; Geoffrey Michael,2,0,32,30
1655934839923,MATH 109,B02,083216,Ganzberger; Geoffrey Michael,0,0,32,32
1655934839923,MATH 109,B03,093479,Staff,4,0,32,28
1655934845956,MATH 142A,A01,083219,Chow; Bennett,0,0,32,32
1655934845956,MATH 142A,A02,083220,Chow; Bennett,7,0,32,25
1655934845956,MATH 142A,A03,093480,Staff,4,0,32,28
1655934845956,MATH 142A,B03,093481,Staff,3,0,32,29
1655934845956,MATH 142A,B04,093558,Staff,6,0,32,26
1655934845956,MATH 142A,B05,093559,Staff,0,0,32,32
1655934851995,MATH 193A,A01,083224,Rotar; Vladimir,1,1,34,33
1655934851995,MATH 193A,A02,083225,Rotar; Vladimir,0,0,34,34
1655934851995,MATH 193A,A03,083781,Rotar; Vladimir,2,0,34,32
1655934851995,MATH 193A,A04,083782,Rotar; Vladimir,2,0,34,32
1655934851995,MATH 193A,A05,093482,Rotar; Vladimir,1,0,34,33
1655934858024,MATH 197,001,091859,McAuley; Julian John,9999,0,9999,0
1655934858024,MATH 197,002,095566,Kedlaya; Kiran S.,9997,0,9999,2
1655934858024,MATH 197,003,095567,Xiao; Ming,9999,0,9999,0
1655934858024,MATH 197,004,095571,Perols; Johan Lars,9998,0,9999,1
1655934865097,COGS 9,A01,083615,Shannon; Kyle Michael,1,1,75,74
1655934871138,COGS 11,A01,083617,Boyle; Mary E. T.,10,1,48,38
1655934877175,COGS 13,A01,083071,Bastos; Amalia Pinkusfeld,3,2,71,68
1655934883223,COGS 14A,A01,092681,Staff,2,26,100,98
1655934889258,COGS 14B,A01,083073,Cheng; Tzu-Han,7,0,63,56
1655934895284,COGS 17,A01,092677,Staff,8,7,81,73
1655934901327,COGS 100,A01,083619,Allen; Michael Gordon,2,2,70,68
1655934907355,COGS 101A,A01,083621,Davis; Joshua Daniel,4,3,68,64
1655934913402,COGS 101B,A01,091572,Allen; Michael Gordon,0,0,65,65
1655934919443,COGS 101C,A01,083625,Delgado; Tania,7,0,35,28
1655934925487,COGS 107A,A01,083627,Boyle; Mary E. T.,1,2,60,59
1655934931515,COGS 118A,A01,083075,Gupta; Anjum,19,16,76,57
1655934937543,CSE 3,A50,083646,Miranda; Gregory Joseph,13,0,50,37
1655934943570,CSE 8A,A50,083650,Miranda; Gregory Joseph,3,11,56,53
1655934949600,CSE 11,A01,083080,Cao; Yingjun,0,68,40,40
1655934955643,CSE 12,A01,083652,Krause-Levy; Sophia Louisa,6,8,120,114
1655934961676,CSE 15L,A01,083654,Morris; Justin Loren,3,1,50,47
1655934961676,CSE 15L,A02,083655,Morris; Justin Loren,1,1,50,49
1655934967703,CSE 20,A01,083657,Tran; Khoa Dang,29,0,80,51
1655934973730,CSE 21,A01,095574,Bach; Quang Tran,23,0,48,25
1655934979767,CSE 30,A01,083084,Eldon; John,2,10,80,78
1655934979767,CSE 30,B01,095061,Bhaskar; Nishant,0,4,50,50
1655934985790,CSE 100,A01,083659,Cao; Yingjun,2,25,70,68
1655934991818,CSE 134B,A01,083661,Powell; Thomas Allan,5,7,100,95
1655934997849,CSE 140,A01,083663,Gungor; Onat,5,0,85,80
1655935003895,CSE 140L,A01,083088,Eldon; John,5,0,100,95
1655935009929,CSE 175,A01,083665,Kumar; Rakesh,1,0,25,24
1655935015976,CSE 190,A00,092507,Dubnov; Shlomo,1,0,20,19
1655935021999,ECE 45,A01,083139,Congero; Spencer William,0,1,75,75
1655935028022,ECE 65,A50,083695,Saad; Andrew S,6,0,30,24
1655935028022,ECE 65,A51,095125,Staff,23,0,26,3
1655935034059,ECE 109,A01,091882,Touri; Behrouz,2,4,70,68
1655935040091,ECE 180,A00,083140,Abi Samra; Nicholas Camill,1,0,30,29
1655935040091,ECE 180,B00,083141,Abi Samra; Nicholas Camill,0,9,28,28
1655935046122,MATH 10A,A01,083735,Patchell; Gregory David,0,0,30,30
1655935046122,MATH 10A,A02,083736,Patchell; Gregory David,21,0,30,9
1655935046122,MATH 10A,A03,083737,Patchell; Gregory David,16,0,30,14
1655935052174,MATH 10B,A01,083207,Lim; Seonhee,1,1,34,33
1655935052174,MATH 10B,A02,083208,Lim; Seonhee,1,1,35,34
1655935052174,MATH 10B,A03,093472,Staff,1,0,34,33
1655935052174,MATH 10B,B01,083739,Sinha; Shubham,10,0,30,20
1655935058206,MATH 18,A01,083743,Cinel; Cameron Alexander,4,0,30,26
1655935058206,MATH 18,A02,083744,Cinel; Cameron Alexander,11,0,30,19
1655935058206,MATH 18,A03,083745,Cinel; Cameron Alexander,1,0,30,29
1655935058206,MATH 18,B01,083748,Ma; Zilu,2,0,36,34
1655935058206,MATH 18,B02,083749,Ma; Zilu,0,0,36,36
1655935058206,MATH 18,B03,083750,Ma; Zilu,0,0,36,36
1655935058206,MATH 18,B04,083751,Ma; Zilu,0,0,36,36
1655935058206,MATH 18,B05,093473,Staff,0,0,36,36
1655935058206,MATH 18,B06,093474,Staff,0,0,36,36
1655935064251,MATH 20A,A01,083754,Zheng; Zequn,10,0,40,30
1655935070279,MATH 20B,A01,083756,Briones; Jor-el Thomas Caparas,0,1,36,36
1655935070279,MATH 20B,A02,083757,Briones; Jor-el Thomas Caparas,1,0,36,35
1655935070279,MATH 20B,A03,093475,Staff,1,0,36,35
1655935076326,MATH 20C,A01,083760,Briones; Jor-el Thomas Caparas,0,2,35,35
1655935076326,MATH 20C,A02,083761,Briones; Jor-el Thomas Caparas,6,1,35,29
1655935076326,MATH 20C,A03,093476,Staff,1,1,35,34
1655935076326,MATH 20C,B01,083762,Bach; Quang Tran,3,0,30,27
1655935082365,MATH 20D,A01,083765,Tran; Brian Kha,1,0,30,29
1655935082365,MATH 20D,A02,083766,Tran; Brian Kha,0,1,30,30
1655935082365,MATH 20D,A03,083767,Tran; Brian Kha,1,0,30,29
1655935088404,MATH 20E,A01,083771,Ganguly; Soumya,0,0,32,32
1655935088404,MATH 20E,A02,083772,Ganguly; Soumya,1,1,32,31
1655935088404,MATH 20E,B01,083773,Ciotti; Benjamin,14,0,35,21
1655935088404,MATH 20E,B02,083774,Ciotti; Benjamin,12,0,35,23
1655935094429,MATH 103A,A01,083777,Greenfeld; Be'Eri,2,1,36,34
1655935094429,MATH 103A,A02,083778,Greenfeld; Be'Eri,1,0,36,35
1655935094429,MATH 103A,A03,093561,Staff,0,1,36,36
1655935094429,MATH 103A,B01,083779,Greenfeld; Be'Eri,7,1,36,29
1655935094429,MATH 103A,B02,083780,Greenfeld; Be'Eri,1,0,36,35
1655935094429,MATH 103A,B03,093562,Staff,0,0,36,36
1655935100456,MATH 105,A01,085443,Carter; Anne Toulson,3,1,35,32
1655935100456,MATH 105,A02,093477,Staff,6,0,35,29
1655935106495,MATH 109,A01,083213,Ganzberger; Geoffrey Michael,0,1,34,34
1655935106495,MATH 109,A02,083214,Ganzberger; Geoffrey Michael,0,0,34,34
1655935106495,MATH 109,A03,093478,Staff,0,0,34,34
1655935106495,MATH 109,B01,083215,Ganzberger; Geoffrey Michael,2,0,32,30
1655935106495,MATH 109,B02,083216,Ganzberger; Geoffrey Michael,0,0,32,32
1655935106495,MATH 109,B03,093479,Staff,4,0,32,28
1655935112525,MATH 142A,A01,083219,Chow; Bennett,0,0,32,32
1655935112525,MATH 142A,A02,083220,Chow; Bennett,7,0,32,25
1655935112525,MATH 142A,A03,093480,Staff,4,0,32,28
1655935112525,MATH 142A,B03,093481,Staff,3,0,32,29
1655935112525,MATH 142A,B04,093558,Staff,6,0,32,26
1655935112525,MATH 142A,B05,093559,Staff,0,0,32,32
1655935118579,MATH 193A,A01,083224,Rotar; Vladimir,1,1,34,33
1655935118579,MATH 193A,A02,083225,Rotar; Vladimir,0,0,34,34
1655935118579,MATH 193A,A03,083781,Rotar; Vladimir,2,0,34,32
1655935118579,MATH 193A,A04,083782,Rotar; Vladimir,2,0,34,32
1655935118579,MATH 193A,A05,093482,Rotar; Vladimir,1,0,34,33
1655935124626,MATH 197,001,091859,McAuley; Julian John,9999,0,9999,0
1655935124626,MATH 197,002,095566,Kedlaya; Kiran S.,9997,0,9999,2
1655935124626,MATH 197,003,095567,Xiao; Ming,9999,0,9999,0
1655935124626,MATH 197,004,095571,Perols; Johan Lars,9998,0,9999,1
1655935131695,COGS 9,A01,083615,Shannon; Kyle Michael,1,1,75,74
1655935137726,COGS 11,A01,083617,Boyle; Mary E. T.,10,1,48,38
1655935143749,COGS 13,A01,083071,Bastos; Amalia Pinkusfeld,3,2,71,68
1655935149778,COGS 14A,A01,092681,Staff,2,26,100,98
1655935155818,COGS 14B,A01,083073,Cheng; Tzu-Han,7,0,63,56
1655935161847,COGS 17,A01,092677,Staff,8,7,81,73
1655935167885,COGS 100,A01,083619,Allen; Michael Gordon,2,2,70,68
1655935173927,COGS 101A,A01,083621,Davis; Joshua Daniel,4,3,68,64
1655935179964,COGS 101B,A01,091572,Allen; Michael Gordon,0,0,65,65
1655935185991,COGS 101C,A01,083625,Delgado; Tania,7,0,35,28
1655935192014,COGS 107A,A01,083627,Boyle; Mary E. T.,1,2,60,59
1655935198037,COGS 118A,A01,083075,Gupta; Anjum,19,16,76,57
1655935204062,CSE 3,A50,083646,Miranda; Gregory Joseph,13,0,50,37
1655935210085,CSE 8A,A50,083650,Miranda; Gregory Joseph,3,11,56,53
1655935216220,CSE 11,A01,083080,Cao; Yingjun,0,68,40,40
1655935222243,CSE 12,A01,083652,Krause-Levy; Sophia Louisa,6,8,120,114
1655935228277,CSE 15L,A01,083654,Morris; Justin Loren,3,1,50,47
1655935228277,CSE 15L,A02,083655,Morris; Justin Loren,1,1,50,49
1655935234321,CSE 20,A01,083657,Tran; Khoa Dang,29,0,80,51
1655935240367,CSE 21,A01,095574,Bach; Quang Tran,23,0,48,25
1655935246413,CSE 30,A01,083084,Eldon; John,2,10,80,78
1655935246413,CSE 30,B01,095061,Bhaskar; Nishant,0,4,50,50
1655935252437,CSE 100,A01,083659,Cao; Yingjun,2,25,70,68
1655935258462,CSE 134B,A01,083661,Powell; Thomas Allan,5,7,100,95
1655935264507,CSE 140,A01,083663,Gungor; Onat,5,0,85,80
1655935270534,CSE 140L,A01,083088,Eldon; John,5,0,100,95
1655935276576,CSE 175,A01,083665,Kumar; Rakesh,1,0,25,24
1655935282613,CSE 190,A00,092507,Dubnov; Shlomo,1,0,20,19
1655935288660,ECE 45,A01,083139,Congero; Spencer William,0,1,75,75
1655935294695,ECE 65,A50,083695,Saad; Andrew S,6,0,30,24
1655935294695,ECE 65,A51,095125,Staff,23,0,26,3
1655935300732,ECE 109,A01,091882,Touri; Behrouz,2,4,70,68
1655935306771,ECE 180,A00,083140,Abi Samra; Nicholas Camill,1,0,30,29
1655935306771,ECE 180,B00,083141,Abi Samra; Nicholas Camill,0,9,28,28
1655935312798,MATH 10A,A01,083735,Patchell; Gregory David,0,0,30,30
1655935312798,MATH 10A,A02,083736,Patchell; Gregory David,21,0,30,9
1655935312798,MATH 10A,A03,083737,Patchell; Gregory David,16,0,30,14
1655935318826,MATH 10B,A01,083207,Lim; Seonhee,1,1,34,33
1655935318826,MATH 10B,A02,083208,Lim; Seonhee,1,1,35,34
1655935318826,MATH 10B,A03,093472,Staff,1,0,34,33
1655935318826,MATH 10B,B01,083739,Sinha; Shubham,10,0,30,20
1655935324863,MATH 18,A01,083743,Cinel; Cameron Alexander,4,0,30,26
1655935324863,MATH 18,A02,083744,Cinel; Cameron Alexander,11,0,30,19
1655935324863,MATH 18,A03,083745,Cinel; Cameron Alexander,1,0,30,29
1655935324863,MATH 18,B01,083748,Ma; Zilu,2,0,36,34
1655935324863,MATH 18,B02,083749,Ma; Zilu,0,0,36,36
1655935324863,MATH 18,B03,083750,Ma; Zilu,0,0,36,36
1655935324863,MATH 18,B04,083751,Ma; Zilu,0,0,36,36
1655935324863,MATH 18,B05,093473,Staff,0,0,36,36
1655935324863,MATH 18,B06,093474,Staff,0,0,36,36
1655935330890,MATH 20A,A01,083754,Zheng; Zequn,10,0,40,30
1655935336918,MATH 20B,A01,083756,Briones; Jor-el Thomas Caparas,0,1,36,36
1655935336918,MATH 20B,A02,083757,Briones; Jor-el Thomas Caparas,1,0,36,35
1655935336918,MATH 20B,A03,093475,Staff,1,0,36,35
1655935342942,MATH 20C,A01,083760,Briones; Jor-el Thomas Caparas,0,2,35,35
1655935342942,MATH 20C,A02,083761,Briones; Jor-el Thomas Caparas,6,1,35,29
1655935342942,MATH 20C,A03,093476,Staff,1,1,35,34
1655935342942,MATH 20C,B01,083762,Bach; Quang Tran,3,0,30,27
1655935348970,MATH 20D,A01,083765,Tran; Brian Kha,1,0,30,29
1655935348970,MATH 20D,A02,083766,Tran; Brian Kha,0,1,30,30
1655935348970,MATH 20D,A03,083767,Tran; Brian Kha,1,0,30,29
1655935355011,MATH 20E,A01,083771,Ganguly; Soumya,0,0,32,32
1655935355011,MATH 20E,A02,083772,Ganguly; Soumya,1,1,32,31
1655935355011,MATH 20E,B01,083773,Ciotti; Benjamin,14,0,35,21
1655935355011,MATH 20E,B02,083774,Ciotti; Benjamin,12,0,35,23
1655935361058,MATH 103A,A01,083777,Greenfeld; Be'Eri,2,1,36,34
1655935361058,MATH 103A,A02,083778,Greenfeld; Be'Eri,1,0,36,35
1655935361058,MATH 103A,A03,093561,Staff,0,1,36,36
1655935361058,MATH 103A,B01,083779,Greenfeld; Be'Eri,7,1,36,29
1655935361058,MATH 103A,B02,083780,Greenfeld; Be'Eri,1,0,36,35
1655935361058,MATH 103A,B03,093562,Staff,0,0,36,36
1655935367088,MATH 105,A01,085443,Carter; Anne Toulson,3,1,35,32
1655935367088,MATH 105,A02,093477,Staff,6,0,35,29
1655935373116,MATH 109,A01,083213,Ganzberger; Geoffrey Michael,0,1,34,34
1655935373116,MATH 109,A02,083214,Ganzberger; Geoffrey Michael,0,0,34,34
1655935373116,MATH 109,A03,093478,Staff,0,0,34,34
1655935373116,MATH 109,B01,083215,Ganzberger; Geoffrey Michael,2,0,32,30
1655935373116,MATH 109,B02,083216,Ganzberger; Geoffrey Michael,0,0,32,32
1655935373116,MATH 109,B03,093479,Staff,4,0,32,28
1655935379155,MATH 142A,A01,083219,Chow; Bennett,0,0,32,32
1655935379155,MATH 142A,A02,083220,Chow; Bennett,7,0,32,25
1655935379155,MATH 142A,A03,093480,Staff,4,0,32,28
1655935379155,MATH 142A,B03,093481,Staff,3,0,32,29
1655935379155,MATH 142A,B04,093558,Staff,6,0,32,26
1655935379155,MATH 142A,B05,093559,Staff,0,0,32,32
1655935385178,MATH 193A,A01,083224,Rotar; Vladimir,1,1,34,33
1655935385178,MATH 193A,A02,083225,Rotar; Vladimir,0,0,34,34
1655935385178,MATH 193A,A03,083781,Rotar; Vladimir,2,0,34,32
1655935385178,MATH 193A,A04,083782,Rotar; Vladimir,2,0,34,32
1655935385178,MATH 193A,A05,093482,Rotar; Vladimir,1,0,34,33
1655935391206,MATH 197,001,091859,McAuley; Julian John,9999,0,9999,0
1655935391206,MATH 197,002,095566,Kedlaya; Kiran S.,9997,0,9999,2
1655935391206,MATH 197,003,095567,Xiao; Ming,9999,0,9999,0
1655935391206,MATH 197,004,095571,Perols; Johan Lars,9998,0,9999,1
1655935398269,COGS 9,A01,083615,Shannon; Kyle Michael,1,1,75,74
1655935404293,COGS 11,A01,083617,Boyle; Mary E. T.,10,1,48,38
1655935410317,COGS 13,A01,083071,Bastos; Amalia Pinkusfeld,3,2,71,68
1655935416339,COGS 14A,A01,092681,Staff,2,26,100,98
1655935422366,COGS 14B,A01,083073,Cheng; Tzu-Han,7,0,63,56
1655935428408,COGS 17,A01,092677,Staff,8,7,81,73
1655935434430,COGS 100,A01,083619,Allen; Michael Gordon,2,2,70,68
1655935440460,COGS 101A,A01,083621,Davis; Joshua Daniel,4,3,68,64
1655935446491,COGS 101B,A01,091572,Allen; Michael Gordon,0,0,65,65
1655935452529,COGS 101C,A01,083625,Delgado; Tania,7,0,35,28
1655935458556,COGS 107A,A01,083627,Boyle; Mary E. T.,1,2,60,59
1655935464593,COGS 118A,A01,083075,Gupta; Anjum,19,16,76,57
1655935470616,CSE 3,A50,083646,Miranda; Gregory Joseph,13,0,50,37
1655935476648,CSE 8A,A50,083650,Miranda; Gregory Joseph,3,11,56,53
1655935482671,CSE 11,A01,083080,Cao; Yingjun,0,68,40,40
1655935488695,CSE 12,A01,083652,Krause-Levy; Sophia Louisa,6,8,120,114
1655935494722,CSE 15L,A01,083654,Morris; Justin Loren,3,1,50,47
1655935494722,CSE 15L,A02,083655,Morris; Justin Loren,1,1,50,49
1655935500746,CSE 20,A01,083657,Tran; Khoa Dang,29,0,80,51
1655935506777,CSE 21,A01,095574,Bach; Quang Tran,23,0,48,25
1655935512806,CSE 30,A01,083084,Eldon; John,2,10,80,78
1655935512806,CSE 30,B01,095061,Bhaskar; Nishant,0,4,50,50
1655935518829,CSE 100,A01,083659,Cao; Yingjun,2,25,70,68
1655935524856,CSE 134B,A01,083661,Powell; Thomas Allan,5,7,100,95
1655935530880,CSE 140,A01,083663,Gungor; Onat,5,0,85,80
1655935536903,CSE 140L,A01,083088,Eldon; John,5,0,100,95
1655935542941,CSE 175,A01,083665,Kumar; Rakesh,1,0,25,24
1655935549000,CSE 190,A00,092507,Dubnov; Shlomo,1,0,20,19
1655935555037,ECE 45,A01,083139,Congero; Spencer William,0,1,75,75
1655935561072,ECE 65,A50,083695,Saad; Andrew S,6,0,30,24
1655935561072,ECE 65,A51,095125,Staff,23,0,26,3
1655935567099,ECE 109,A01,091882,Touri; Behrouz,2,4,70,68
1655935573125,ECE 180,A00,083140,Abi Samra; Nicholas Camill,1,0,30,29
1655935573125,ECE 180,B00,083141,Abi Samra; Nicholas Camill,0,9,28,28
1655935579155,MATH 10A,A01,083735,Patchell; Gregory David,0,0,30,30
1655935579155,MATH 10A,A02,083736,Patchell; Gregory David,21,0,30,9
1655935579155,MATH 10A,A03,083737,Patchell; Gregory David,16,0,30,14
1655935585181,MATH 10B,A01,083207,Lim; Seonhee,1,1,34,33
1655935585181,MATH 10B,A02,083208,Lim; Seonhee,1,1,35,34
1655935585181,MATH 10B,A03,093472,Staff,1,0,34,33
1655935585181,MATH 10B,B01,083739,Sinha; Shubham,10,0,30,20
1655935591205,MATH 18,A01,083743,Cinel; Cameron Alexander,4,0,30,26
1655935591205,MATH 18,A02,083744,Cinel; Cameron Alexander,11,0,30,19
1655935591205,MATH 18,A03,083745,Cinel; Cameron Alexander,1,0,30,29
1655935591205,MATH 18,B01,083748,Ma; Zilu,2,0,36,34
1655935591205,MATH 18,B02,083749,Ma; Zilu,0,0,36,36
1655935591205,MATH 18,B03,083750,Ma; Zilu,0,0,36,36
1655935591205,MATH 18,B04,083751,Ma; Zilu,0,0,36,36
1655935591205,MATH 18,B05,093473,Staff,0,0,36,36
1655935591205,MATH 18,B06,093474,Staff,0,0,36,36
1655935597232,MATH 20A,A01,083754,Zheng; Zequn,10,0,40,30
1655935603261,MATH 20B,A01,083756,Briones; Jor-el Thomas Caparas,0,1,36,36
1655935603261,MATH 20B,A02,083757,Briones; Jor-el Thomas Caparas,1,0,36,35
1655935603261,MATH 20B,A03,093475,Staff,1,0,36,35
1655935609285,MATH 20C,A01,083760,Briones; Jor-el Thomas Caparas,0,2,35,35
1655935609285,MATH 20C,A02,083761,Briones; Jor-el Thomas Caparas,6,1,35,29
1655935609285,MATH 20C,A03,093476,Staff,1,1,35,34
1655935609285,MATH 20C,B01,083762,Bach; Quang Tran,3,0,30,27
1655935615306,MATH 20D,A01,083765,Tran; Brian Kha,1,0,30,29
1655935615306,MATH 20D,A02,083766,Tran; Brian Kha,0,1,30,30
1655935615306,MATH 20D,A03,083767,Tran; Brian Kha,1,0,30,29
1655935621341,MATH 20E,A01,083771,Ganguly; Soumya,0,0,32,32
1655935621341,MATH 20E,A02,083772,Ganguly; Soumya,1,1,32,31
1655935621341,MATH 20E,B01,083773,Ciotti; Benjamin,14,0,35,21
1655935621341,MATH 20E,B02,083774,Ciotti; Benjamin,12,0,35,23
1655935627370,MATH 103A,A01,083777,Greenfeld; Be'Eri,2,1,36,34
1655935627370,MATH 103A,A02,083778,Greenfeld; Be'Eri,1,0,36,35
1655935627370,MATH 103A,A03,093561,Staff,0,1,36,36
1655935627370,MATH 103A,B01,083779,Greenfeld; Be'Eri,7,1,36,29
1655935627370,MATH 103A,B02,083780,Greenfeld; Be'Eri,1,0,36,35
1655935627370,MATH 103A,B03,093562,Staff,0,0,36,36
1655935633403,MATH 105,A01,085443,Carter; Anne Toulson,3,1,35,32
1655935633403,MATH 105,A02,093477,Staff,6,0,35,29
1655935639428,MATH 109,A01,083213,Ganzberger; Geoffrey Michael,0,1,34,34
1655935639428,MATH 109,A02,083214,Ganzberger; Geoffrey Michael,0,0,34,34
1655935639428,MATH 109,A03,093478,Staff,0,0,34,34
1655935639428,MATH 109,B01,083215,Ganzberger; Geoffrey Michael,2,0,32,30
1655935639428,MATH 109,B02,083216,Ganzberger; Geoffrey Michael,0,0,32,32
1655935639428,MATH 109,B03,093479,Staff,4,0,32,28
1655935645464,MATH 142A,A01,083219,Chow; Bennett,0,0,32,32
1655935645464,MATH 142A,A02,083220,Chow; Bennett,7,0,32,25
1655935645464,MATH 142A,A03,093480,Staff,4,0,32,28
1655935645464,MATH 142A,B03,093481,Staff,3,0,32,29
1655935645464,MATH 142A,B04,093558,Staff,6,0,32,26
1655935645464,MATH 142A,B05,093559,Staff,0,0,32,32
1655935651487,MATH 193A,A01,083224,Rotar; Vladimir,1,1,34,33
1655935651487,MATH 193A,A02,083225,Rotar; Vladimir,0,0,34,34
1655935651487,MATH 193A,A03,083781,Rotar; Vladimir,2,0,34,32
1655935651487,MATH 193A,A04,083782,Rotar; Vladimir,2,0,34,32
1655935651487,MATH 193A,A05,093482,Rotar; Vladimir,1,0,34,33
1655935657508,MATH 197,001,091859,McAuley; Julian John,9999,0,9999,0
1655935657508,MATH 197,002,095566,Kedlaya; Kiran S.,9997,0,9999,2
1655935657508,MATH 197,003,095567,Xiao; Ming,9999,0,9999,0
1655935657508,MATH 197,004,095571,Perols; Johan Lars,9998,0,9999,1
1655935664577,COGS 9,A01,083615,Shannon; Kyle Michael,1,1,75,74
1655935670604,COGS 11,A01,083617,Boyle; Mary E. T.,10,1,48,38
1655935676629,COGS 13,A01,083071,Bastos; Amalia Pinkusfeld,3,2,71,68
1655935682658,COGS 14A,A01,092681,Staff,2,26,100,98
1655935688685,COGS 14B,A01,083073,Cheng; Tzu-Han,7,0,63,56
1655935694711,COGS 17,A01,092677,Staff,8,7,81,73
1655935700743,COGS 100,A01,083619,Allen; Michael Gordon,2,2,70,68
1655935706765,COGS 101A,A01,083621,Davis; Joshua Daniel,4,3,68,64
1655935712791,COGS 101B,A01,091572,Allen; Michael Gordon,0,0,65,65
1655935718815,COGS 101C,A01,083625,Delgado; Tania,7,0,35,28
1655935724851,COGS 107A,A01,083627,Boyle; Mary E. T.,1,2,60,59
1655935730874,COGS 118A,A01,083075,Gupta; Anjum,19,16,76,57
1655935736898,CSE 3,A50,083646,Miranda; Gregory Joseph,13,0,50,37
1655935742926,CSE 8A,A50,083650,Miranda; Gregory Joseph,3,11,56,53
1655935748963,CSE 11,A01,083080,Cao; Yingjun,0,68,40,40
1655935754987,CSE 12,A01,083652,Krause-Levy; Sophia Louisa,6,8,120,114
1655935761010,CSE 15L,A01,083654,Morris; Justin Loren,3,1,50,47
1655935761010,CSE 15L,A02,083655,Morris; Justin Loren,1,1,50,49
1655935767036,CSE 20,A01,083657,Tran; Khoa Dang,29,0,80,51
1655935773066,CSE 21,A01,095574,Bach; Quang Tran,23,0,48,25
1655935779107,CSE 30,A01,083084,Eldon; John,2,10,80,78
1655935779107,CSE 30,B01,095061,Bhaskar; Nishant,0,4,50,50
1655935785133,CSE 100,A01,083659,Cao; Yingjun,2,25,70,68
1655935791156,CSE 134B,A01,083661,Powell; Thomas Allan,5,7,100,95
1655935797181,CSE 140,A01,083663,Gungor; Onat,5,0,85,80
1655935803207,CSE 140L,A01,083088,Eldon; John,5,0,100,95
1655935809249,CSE 175,A01,083665,Kumar; Rakesh,1,0,25,24
1655935815381,CSE 190,A00,092507,Dubnov; Shlomo,1,0,20,19
1655935821404,ECE 45,A01,083139,Congero; Spencer William,0,1,75,75
1655935827427,ECE 65,A50,083695,Saad; Andrew S,6,0,30,24
1655935827427,ECE 65,A51,095125,Staff,23,0,26,3
1655935833468,ECE 109,A01,091882,Touri; Behrouz,2,4,70,68
1655935839508,ECE 180,A00,083140,Abi Samra; Nicholas Camill,1,0,30,29
1655935839508,ECE 180,B00,083141,Abi Samra; Nicholas Camill,0,9,28,28
1655935845544,MATH 10A,A01,083735,Patchell; Gregory David,0,0,30,30
1655935845544,MATH 10A,A02,083736,Patchell; Gregory David,21,0,30,9
1655935845544,MATH 10A,A03,083737,Patchell; Gregory David,16,0,30,14
1655935851575,MATH 10B,A01,083207,Lim; Seonhee,1,1,34,33
1655935851575,MATH 10B,A02,083208,Lim; Seonhee,1,1,35,34
1655935851575,MATH 10B,A03,093472,Staff,1,0,34,33
1655935851575,MATH 10B,B01,083739,Sinha; Shubham,10,0,30,20
1655935857611,MATH 18,A01,083743,Cinel; Cameron Alexander,4,0,30,26
1655935857611,MATH 18,A02,083744,Cinel; Cameron Alexander,11,0,30,19
1655935857611,MATH 18,A03,083745,Cinel; Cameron Alexander,1,0,30,29
1655935857611,MATH 18,B01,083748,Ma; Zilu,2,0,36,34
1655935857611,MATH 18,B02,083749,Ma; Zilu,0,0,36,36
1655935857611,MATH 18,B03,083750,Ma; Zilu,0,0,36,36
1655935857611,MATH 18,B04,083751,Ma; Zilu,0,0,36,36
1655935857611,MATH 18,B05,093473,Staff,0,0,36,36
1655935857611,MATH 18,B06,093474,Staff,0,0,36,36
1655935863663,MATH 20A,A01,083754,Zheng; Zequn,10,0,40,30
1655935869702,MATH 20B,A01,083756,Briones; Jor-el Thomas Caparas,0,1,36,36
1655935869702,MATH 20B,A02,083757,Briones; Jor-el Thomas Caparas,1,0,36,35
1655935869702,MATH 20B,A03,093475,Staff,1,0,36,35
1655935875734,MATH 20C,A01,083760,Briones; Jor-el Thomas Caparas,0,2,35,35
1655935875734,MATH 20C,A02,083761,Briones; Jor-el Thomas Caparas,6,1,35,29
1655935875734,MATH 20C,A03,093476,Staff,1,1,35,34
1655935875734,MATH 20C,B01,083762,Bach; Quang Tran,3,0,30,27
1655935881773,MATH 20D,A01,083765,Tran; Brian Kha,1,0,30,29
1655935881773,MATH 20D,A02,083766,Tran; Brian Kha,0,1,30,30
1655935881773,MATH 20D,A03,083767,Tran; Brian Kha,1,0,30,29
1655935887813,MATH 20E,A01,083771,Ganguly; Soumya,0,0,32,32
1655935887813,MATH 20E,A02,083772,Ganguly; Soumya,1,1,32,31
1655935887813,MATH 20E,B01,083773,Ciotti; Benjamin,14,0,35,21
1655935887813,MATH 20E,B02,083774,Ciotti; Benjamin,12,0,35,23
1655935893855,MATH 103A,A01,083777,Greenfeld; Be'Eri,2,1,36,34
1655935893855,MATH 103A,A02,083778,Greenfeld; Be'Eri,1,0,36,35
1655935893855,MATH 103A,A03,093561,Staff,0,1,36,36
1655935893855,MATH 103A,B01,083779,Greenfeld; Be'Eri,7,1,36,29
1655935893855,MATH 103A,B02,083780,Greenfeld; Be'Eri,1,0,36,35
1655935893855,MATH 103A,B03,093562,Staff,0,0,36,36
1655935899892,MATH 105,A01,085443,Carter; Anne Toulson,3,1,35,32
1655935899892,MATH 105,A02,093477,Staff,6,0,35,29
1655935905929,MATH 109,A01,083213,Ganzberger; Geoffrey Michael,0,1,34,34
1655935905929,MATH 109,A02,083214,Ganzberger; Geoffrey Michael,0,0,34,34
1655935905929,MATH 109,A03,093478,Staff,0,0,34,34
1655935905929,MATH 109,B01,083215,Ganzberger; Geoffrey Michael,2,0,32,30
1655935905929,MATH 109,B02,083216,Ganzberger; Geoffrey Michael,0,0,32,32
1655935905929,MATH 109,B03,093479,Staff,4,0,32,28
1655935911972,MATH 142A,A01,083219,Chow; Bennett,0,0,32,32
1655935911972,MATH 142A,A02,083220,Chow; Bennett,7,0,32,25
1655935911972,MATH 142A,A03,093480,Staff,4,0,32,28
1655935911972,MATH 142A,B03,093481,Staff,3,0,32,29
1655935911972,MATH 142A,B04,093558,Staff,6,0,32,26
1655935911972,MATH 142A,B05,093559,Staff,0,0,32,32
1655935918007,MATH 193A,A01,083224,Rotar; Vladimir,1,1,34,33
1655935918007,MATH 193A,A02,083225,Rotar; Vladimir,0,0,34,34
1655935918007,MATH 193A,A03,083781,Rotar; Vladimir,2,0,34,32
1655935918007,MATH 193A,A04,083782,Rotar; Vladimir,2,0,34,32
1655935918007,MATH 193A,A05,093482,Rotar; Vladimir,1,0,34,33
1655935924048,MATH 197,001,091859,McAuley; Julian John,9999,0,9999,0
1655935924048,MATH 197,002,095566,Kedlaya; Kiran S.,9997,0,9999,2
1655935924048,MATH 197,003,095567,Xiao; Ming,9999,0,9999,0
1655935924048,MATH 197,004,095571,Perols; Johan Lars,9998,0,9999,1
1655935931126,COGS 9,A01,083615,Shannon; Kyle Michael,1,1,75,74
1655935937150,COGS 11,A01,083617,Boyle; Mary E. T.,10,1,48,38
1655935943176,COGS 13,A01,083071,Bastos; Amalia Pinkusfeld,3,2,71,68
1655935949210,COGS 14A,A01,092681,Staff,2,26,100,98
1655935955254,COGS 14B,A01,083073,Cheng; Tzu-Han,7,0,63,56
1655935961283,COGS 17,A01,092677,Staff,8,7,81,73
1655935967310,COGS 100,A01,083619,Allen; Michael Gordon,2,2,70,68
1655935973338,COGS 101A,A01,083621,Davis; Joshua Daniel,4,3,68,64
1655935979363,COGS 101B,A01,091572,Allen; Michael Gordon,0,0,65,65
1655935985389,COGS 101C,A01,083625,Delgado; Tania,7,0,35,28
1655935991436,COGS 107A,A01,083627,Boyle; Mary E. T.,1,2,60,59
1655935997477,COGS 118A,A01,083075,Gupta; Anjum,19,16,76,57
1655936003507,CSE 3,A50,083646,Miranda; Gregory Joseph,13,0,50,37
1655936009531,CSE 8A,A50,083650,Miranda; Gregory Joseph,3,11,56,53
1655936015554,CSE 11,A01,083080,Cao; Yingjun,0,68,40,40
1655936021587,CSE 12,A01,083652,Krause-Levy; Sophia Louisa,6,8,120,114
1655936027625,CSE 15L,A01,083654,Morris; Justin Loren,3,1,50,47
1655936027625,CSE 15L,A02,083655,Morris; Justin Loren,1,1,50,49
1655936033665,CSE 20,A01,083657,Tran; Khoa Dang,29,0,80,51
1655936039697,CSE 21,A01,095574,Bach; Quang Tran,23,0,48,25
1655936045738,CSE 30,A01,083084,Eldon; John,2,10,80,78
1655936045738,CSE 30,B01,095061,Bhaskar; Nishant,0,4,50,50
1655936051773,CSE 100,A01,083659,Cao; Yingjun,2,25,70,68
1655936057810,CSE 134B,A01,083661,Powell; Thomas Allan,5,7,100,95
1655936063835,CSE 140,A01,083663,Gungor; Onat,5,0,85,80
1655936069893,CSE 140L,A01,083088,Eldon; John,5,0,100,95
1655936075919,CSE 175,A01,083665,Kumar; Rakesh,1,0,25,24
1655936081944,CSE 190,A00,092507,Dubnov; Shlomo,1,0,20,19
1655936087979,ECE 45,A01,083139,Congero; Spencer William,0,1,75,75
1655936094008,ECE 65,A50,083695,Saad; Andrew S,6,0,30,24
1655936094008,ECE 65,A51,095125,Staff,23,0,26,3
1655936100042,ECE 109,A01,091882,Touri; Behrouz,2,4,70,68
1655936106083,ECE 180,A00,083140,Abi Samra; Nicholas Camill,1,0,30,29
1655936106083,ECE 180,B00,083141,Abi Samra; Nicholas Camill,0,9,28,28
1655936112118,MATH 10A,A01,083735,Patchell; Gregory David,0,0,30,30
1655936112118,MATH 10A,A02,083736,Patchell; Gregory David,21,0,30,9
1655936112118,MATH 10A,A03,083737,Patchell; Gregory David,16,0,30,14
1655936118140,MATH 10B,A01,083207,Lim; Seonhee,1,1,34,33
1655936118140,MATH 10B,A02,083208,Lim; Seonhee,1,1,35,34
1655936118140,MATH 10B,A03,093472,Staff,1,0,34,33
1655936118140,MATH 10B,B01,083739,Sinha; Shubham,10,0,30,20
1655936124167,MATH 18,A01,083743,Cinel; Cameron Alexander,4,0,30,26
1655936124167,MATH 18,A02,083744,Cinel; Cameron Alexander,11,0,30,19
1655936124167,MATH 18,A03,083745,Cinel; Cameron Alexander,1,0,30,29
1655936124167,MATH 18,B01,083748,Ma; Zilu,2,0,36,34
1655936124167,MATH 18,B02,083749,Ma; Zilu,0,0,36,36
1655936124167,MATH 18,B03,083750,Ma; Zilu,0,0,36,36
1655936124167,MATH 18,B04,083751,Ma; Zilu,0,0,36,36
1655936124167,MATH 18,B05,093473,Staff,0,0,36,36
1655936124167,MATH 18,B06,093474,Staff,0,0,36,36
1655936130191,MATH 20A,A01,083754,Zheng; Zequn,10,0,40,30
1655936136215,MATH 20B,A01,083756,Briones; Jor-el Thomas Caparas,0,1,36,36
1655936136215,MATH 20B,A02,083757,Briones; Jor-el Thomas Caparas,1,0,36,35
1655936136215,MATH 20B,A03,093475,Staff,1,0,36,35
1655936142244,MATH 20C,A01,083760,Briones; Jor-el Thomas Caparas,0,2,35,35
1655936142244,MATH 20C,A02,083761,Briones; Jor-el Thomas Caparas,6,1,35,29
1655936142244,MATH 20C,A03,093476,Staff,1,1,35,34
1655936142244,MATH 20C,B01,083762,Bach; Quang Tran,3,0,30,27
1655936148271,MATH 20D,A01,083765,Tran; Brian Kha,1,0,30,29
1655936148271,MATH 20D,A02,083766,Tran; Brian Kha,0,1,30,30
1655936148271,MATH 20D,A03,083767,Tran; Brian Kha,1,0,30,29
1655936154301,MATH 20E,A01,083771,Ganguly; Soumya,0,0,32,32
1655936154301,MATH 20E,A02,083772,Ganguly; Soumya,1,1,32,31
1655936154301,MATH 20E,B01,083773,Ciotti; Benjamin,14,0,35,21
1655936154301,MATH 20E,B02,083774,Ciotti; Benjamin,12,0,35,23
1655936160339,MATH 103A,A01,083777,Greenfeld; Be'Eri,2,1,36,34
1655936160339,MATH 103A,A02,083778,Greenfeld; Be'Eri,1,0,36,35
1655936160339,MATH 103A,A03,093561,Staff,0,1,36,36
1655936160339,MATH 103A,B01,083779,Greenfeld; Be'Eri,7,1,36,29
1655936160339,MATH 103A,B02,083780,Greenfeld; Be'Eri,1,0,36,35
1655936160339,MATH 103A,B03,093562,Staff,0,0,36,36
1655936166364,MATH 105,A01,085443,Carter; Anne Toulson,3,1,35,32
1655936166364,MATH 105,A02,093477,Staff,6,0,35,29
1655936172411,MATH 109,A01,083213,Ganzberger; Geoffrey Michael,0,1,34,34
1655936172411,MATH 109,A02,083214,Ganzberger; Geoffrey Michael,0,0,34,34
1655936172411,MATH 109,A03,093478,Staff,0,0,34,34
1655936172411,MATH 109,B01,083215,Ganzberger; Geoffrey Michael,2,0,32,30
1655936172411,MATH 109,B02,083216,Ganzberger; Geoffrey Michael,0,0,32,32
1655936172411,MATH 109,B03,093479,Staff,4,0,32,28
1655936178453,MATH 142A,A01,083219,Chow; Bennett,0,0,32,32
1655936178453,MATH 142A,A02,083220,Chow; Bennett,7,0,32,25
1655936178453,MATH 142A,A03,093480,Staff,4,0,32,28
1655936178453,MATH 142A,B03,093481,Staff,3,0,32,29
1655936178453,MATH 142A,B04,093558,Staff,6,0,32,26
1655936178453,MATH 142A,B05,093559,Staff,0,0,32,32
1655936184491,MATH 193A,A01,083224,Rotar; Vladimir,1,1,34,33
1655936184491,MATH 193A,A02,083225,Rotar; Vladimir,0,0,34,34
1655936184491,MATH 193A,A03,083781,Rotar; Vladimir,2,0,34,32
1655936184491,MATH 193A,A04,083782,Rotar; Vladimir,2,0,34,32
1655936184491,MATH 193A,A05,093482,Rotar; Vladimir,1,0,34,33
1655936190519,MATH 197,001,091859,McAuley; Julian John,9999,0,9999,0
1655936190519,MATH 197,002,095566,Kedlaya; Kiran S.,9997,0,9999,2
1655936190519,MATH 197,003,095567,Xiao; Ming,9999,0,9999,0
1655936190519,MATH 197,004,095571,Perols; Johan Lars,9998,0,9999,1
1655936197597,COGS 9,A01,083615,Shannon; Kyle Michael,1,1,75,74
1655936203638,COGS 11,A01,083617,Boyle; Mary E. T.,10,1,48,38
1655936209661,COGS 13,A01,083071,Bastos; Amalia Pinkusfeld,3,2,71,68
1655936215685,COGS 14A,A01,092681,Staff,2,26,100,98
1655936221716,COGS 14B,A01,083073,Cheng; Tzu-Han,7,0,63,56
1655936227760,COGS 17,A01,092677,Staff,8,7,81,73
1655936233787,COGS 100,A01,083619,Allen; Michael Gordon,2,2,70,68
1655936239819,COGS 101A,A01,083621,Davis; Joshua Daniel,4,3,68,64
1655936245858,COGS 101B,A01,091572,Allen; Michael Gordon,0,0,65,65
1655936251889,COGS 101C,A01,083625,Delgado; Tania,7,0,35,28
1655936257916,COGS 107A,A01,083627,Boyle; Mary E. T.,1,2,60,59
1655936263945,COGS 118A,A01,083075,Gupta; Anjum,19,16,76,57
1655936269975,CSE 3,A50,083646,Miranda; Gregory Joseph,13,0,50,37
1655936276000,CSE 8A,A50,083650,Miranda; Gregory Joseph,3,11,56,53
1655936282042,CSE 11,A01,083080,Cao; Yingjun,0,68,40,40
1655936288073,CSE 12,A01,083652,Krause-Levy; Sophia Louisa,6,8,120,114
1655936294096,CSE 15L,A01,083654,Morris; Justin Loren,3,1,50,47
1655936294096,CSE 15L,A02,083655,Morris; Justin Loren,1,1,50,49
1655936300141,CSE 20,A01,083657,Tran; Khoa Dang,29,0,80,51
1655936306165,CSE 21,A01,095574,Bach; Quang Tran,23,0,48,25
1655936312190,CSE 30,A01,083084,Eldon; John,2,10,80,78
1655936312190,CSE 30,B01,095061,Bhaskar; Nishant,0,4,50,50
1655936318221,CSE 100,A01,083659,Cao; Yingjun,2,25,70,68
1655936324247,CSE 134B,A01,083661,Powell; Thomas Allan,5,7,100,95
1655936330280,CSE 140,A01,083663,Gungor; Onat,5,0,85,80
1655936336312,CSE 140L,A01,083088,Eldon; John,5,0,100,95
1655936342339,CSE 175,A01,083665,Kumar; Rakesh,1,0,25,24
1655936348381,CSE 190,A00,092507,Dubnov; Shlomo,1,0,20,19
1655936354423,ECE 45,A01,083139,Congero; Spencer William,0,1,75,75
1655936360446,ECE 65,A50,083695,Saad; Andrew S,6,0,30,24
1655936360446,ECE 65,A51,095125,Staff,23,0,26,3
1655936366470,ECE 109,A01,091882,Touri; Behrouz,2,4,70,68
1655936372506,ECE 180,A00,083140,Abi Samra; Nicholas Camill,1,0,30,29
1655936372506,ECE 180,B00,083141,Abi Samra; Nicholas Camill,0,9,28,28
1655936378544,MATH 10A,A01,083735,Patchell; Gregory David,0,0,30,30
1655936378544,MATH 10A,A02,083736,Patchell; Gregory David,21,0,30,9
1655936378544,MATH 10A,A03,083737,Patchell; Gregory David,16,0,30,14
1655936384572,MATH 10B,A01,083207,Lim; Seonhee,1,1,34,33
1655936384572,MATH 10B,A02,083208,Lim; Seonhee,1,1,35,34
1655936384572,MATH 10B,A03,093472,Staff,1,0,34,33
1655936384572,MATH 10B,B01,083739,Sinha; Shubham,10,0,30,20
1655936390603,MATH 18,A01,083743,Cinel; Cameron Alexander,4,0,30,26
1655936390603,MATH 18,A02,083744,Cinel; Cameron Alexander,11,0,30,19
1655936390603,MATH 18,A03,083745,Cinel; Cameron Alexander,1,0,30,29
1655936390603,MATH 18,B01,083748,Ma; Zilu,2,0,36,34
1655936390603,MATH 18,B02,083749,Ma; Zilu,0,0,36,36
1655936390603,MATH 18,B03,083750,Ma; Zilu,0,0,36,36
1655936390603,MATH 18,B04,083751,Ma; Zilu,0,0,36,36
1655936390603,MATH 18,B05,093473,Staff,0,0,36,36
1655936390603,MATH 18,B06,093474,Staff,0,0,36,36
1655936396631,MATH 20A,A01,083754,Zheng; Zequn,10,0,40,30
1655936402660,MATH 20B,A01,083756,Briones; Jor-el Thomas Caparas,0,1,36,36
1655936402660,MATH 20B,A02,083757,Briones; Jor-el Thomas Caparas,1,0,36,35
1655936402660,MATH 20B,A03,093475,Staff,1,0,36,35
1655936408684,MATH 20C,A01,083760,Briones; Jor-el Thomas Caparas,0,2,35,35
1655936408684,MATH 20C,A02,083761,Briones; Jor-el Thomas Caparas,6,1,35,29
1655936408684,MATH 20C,A03,093476,Staff,1,1,35,34
1655936408684,MATH 20C,B01,083762,Bach; Quang Tran,3,0,30,27
1655936414786,MATH 20D,A01,083765,Tran; Brian Kha,1,0,30,29
1655936414786,MATH 20D,A02,083766,Tran; Brian Kha,0,1,30,30
1655936414786,MATH 20D,A03,083767,Tran; Brian Kha,1,0,30,29
1655936420821,MATH 20E,A01,083771,Ganguly; Soumya,0,0,32,32
1655936420821,MATH 20E,A02,083772,Ganguly; Soumya,1,1,32,31
1655936420821,MATH 20E,B01,083773,Ciotti; Benjamin,14,0,35,21
1655936420821,MATH 20E,B02,083774,Ciotti; Benjamin,12,0,35,23
1655936426845,MATH 103A,A01,083777,Greenfeld; Be'Eri,2,1,36,34
1655936426845,MATH 103A,A02,083778,Greenfeld; Be'Eri,1,0,36,35
1655936426845,MATH 103A,A03,093561,Staff,0,1,36,36
1655936426845,MATH 103A,B01,083779,Greenfeld; Be'Eri,7,1,36,29
1655936426845,MATH 103A,B02,083780,Greenfeld; Be'Eri,1,0,36,35
1655936426845,MATH 103A,B03,093562,Staff,0,0,36,36
1655936432868,MATH 105,A01,085443,Carter; Anne Toulson,3,1,35,32
1655936432868,MATH 105,A02,093477,Staff,6,0,35,29
1655936438898,MATH 109,A01,083213,Ganzberger; Geoffrey Michael,0,1,34,34
1655936438898,MATH 109,A02,083214,Ganzberger; Geoffrey Michael,0,0,34,34
1655936438898,MATH 109,A03,093478,Staff,0,0,34,34
1655936438898,MATH 109,B01,083215,Ganzberger; Geoffrey Michael,2,0,32,30
1655936438898,MATH 109,B02,083216,Ganzberger; Geoffrey Michael,0,0,32,32
1655936438898,MATH 109,B03,093479,Staff,4,0,32,28
1655936444939,MATH 142A,A01,083219,Chow; Bennett,0,0,32,32
1655936444939,MATH 142A,A02,083220,Chow; Bennett,7,0,32,25
1655936444939,MATH 142A,A03,093480,Staff,4,0,32,28
1655936444939,MATH 142A,B03,093481,Staff,3,0,32,29
1655936444939,MATH 142A,B04,093558,Staff,6,0,32,26
1655936444939,MATH 142A,B05,093559,Staff,0,0,32,32
1655936450969,MATH 193A,A01,083224,Rotar; Vladimir,1,1,34,33
1655936450969,MATH 193A,A02,083225,Rotar; Vladimir,0,0,34,34
1655936450969,MATH 193A,A03,083781,Rotar; Vladimir,2,0,34,32
1655936450969,MATH 193A,A04,083782,Rotar; Vladimir,2,0,34,32
1655936450969,MATH 193A,A05,093482,Rotar; Vladimir,1,0,34,33
1655936457003,MATH 197,001,091859,McAuley; Julian John,9999,0,9999,0
1655936457003,MATH 197,002,095566,Kedlaya; Kiran S.,9997,0,9999,2
1655936457003,MATH 197,003,095567,Xiao; Ming,9999,0,9999,0
1655936457003,MATH 197,004,095571,Perols; Johan Lars,9998,0,9999,1
1655936464087,COGS 9,A01,083615,Shannon; Kyle Michael,1,1,75,74
1655936470141,COGS 11,A01,083617,Boyle; Mary E. T.,10,1,48,38
1655936476181,COGS 13,A01,083071,Bastos; Amalia Pinkusfeld,3,2,71,68
1655936482206,COGS 14A,A01,092681,Staff,2,26,100,98
1655936488227,COGS 14B,A01,083073,Cheng; Tzu-Han,7,0,63,56
1655936494265,COGS 17,A01,092677,Staff,8,7,81,73
1655936500288,COGS 100,A01,083619,Allen; Michael Gordon,2,2,70,68
1655936506316,COGS 101A,A01,083621,Davis; Joshua Daniel,4,3,68,64
1655936512354,COGS 101B,A01,091572,Allen; Michael Gordon,0,0,65,65
1655936518378,COGS 101C,A01,083625,Delgado; Tania,7,0,35,28
1655936524401,COGS 107A,A01,083627,Boyle; Mary E. T.,1,2,60,59
1655936530430,COGS 118A,A01,083075,Gupta; Anjum,19,16,76,57
1655936536455,CSE 3,A50,083646,Miranda; Gregory Joseph,13,0,50,37
1655936542489,CSE 8A,A50,083650,Miranda; Gregory Joseph,3,11,56,53
1655936548516,CSE 11,A01,083080,Cao; Yingjun,0,68,40,40
1655936554545,CSE 12,A01,083652,Krause-Levy; Sophia Louisa,6,8,120,114
1655936560570,CSE 15L,A01,083654,Morris; Justin Loren,3,1,50,47
1655936560570,CSE 15L,A02,083655,Morris; Justin Loren,1,1,50,49
1655936566614,CSE 20,A01,083657,Tran; Khoa Dang,29,0,80,51
1655936572655,CSE 21,A01,095574,Bach; Quang Tran,23,0,48,25
1655936578677,CSE 30,A01,083084,Eldon; John,2,10,80,78
1655936578677,CSE 30,B01,095061,Bhaskar; Nishant,0,4,50,50
1655936584711,CSE 100,A01,083659,Cao; Yingjun,2,25,70,68
1655936590735,CSE 134B,A01,083661,Powell; Thomas Allan,5,7,100,95
1655936596761,CSE 140,A01,083663,Gungor; Onat,5,0,85,80
1655936602784,CSE 140L,A01,083088,Eldon; John,5,0,100,95
1655936608817,CSE 175,A01,083665,Kumar; Rakesh,1,0,25,24
1655936614858,CSE 190,A00,092507,Dubnov; Shlomo,1,0,20,19
1655936620890,ECE 45,A01,083139,Congero; Spencer William,0,1,75,75
1655936626931,ECE 65,A50,083695,Saad; Andrew S,6,0,30,24
1655936626931,ECE 65,A51,095125,Staff,23,0,26,3
1655936632974,ECE 109,A01,091882,Touri; Behrouz,2,4,70,68
1655936638999,ECE 180,A00,083140,Abi Samra; Nicholas Camill,1,0,30,29
1655936638999,ECE 180,B00,083141,Abi Samra; Nicholas Camill,0,9,28,28
1655936645032,MATH 10A,A01,083735,Patchell; Gregory David,0,0,30,30
1655936645032,MATH 10A,A02,083736,Patchell; Gregory David,21,0,30,9
1655936645032,MATH 10A,A03,083737,Patchell; Gregory David,16,0,30,14
1655936651085,MATH 10B,A01,083207,Lim; Seonhee,1,1,34,33
1655936651085,MATH 10B,A02,083208,Lim; Seonhee,1,1,35,34
1655936651085,MATH 10B,A03,093472,Staff,1,0,34,33
1655936651085,MATH 10B,B01,083739,Sinha; Shubham,10,0,30,20
1655936657116,MATH 18,A01,083743,Cinel; Cameron Alexander,4,0,30,26
1655936657116,MATH 18,A02,083744,Cinel; Cameron Alexander,11,0,30,19
1655936657116,MATH 18,A03,083745,Cinel; Cameron Alexander,1,0,30,29
1655936657116,MATH 18,B01,083748,Ma; Zilu,2,0,36,34
1655936657116,MATH 18,B02,083749,Ma; Zilu,0,0,36,36
1655936657116,MATH 18,B03,083750,Ma; Zilu,0,0,36,36
1655936657116,MATH 18,B04,083751,Ma; Zilu,0,0,36,36
1655936657116,MATH 18,B05,093473,Staff,0,0,36,36
1655936657116,MATH 18,B06,093474,Staff,0,0,36,36
1655936663146,MATH 20A,A01,083754,Zheng; Zequn,10,0,40,30
1655936669175,MATH 20B,A01,083756,Briones; Jor-el Thomas Caparas,0,1,36,36
1655936669175,MATH 20B,A02,083757,Briones; Jor-el Thomas Caparas,1,0,36,35
1655936669175,MATH 20B,A03,093475,Staff,1,0,36,35
1655936675207,MATH 20C,A01,083760,Briones; Jor-el Thomas Caparas,0,2,35,35
1655936675207,MATH 20C,A02,083761,Briones; Jor-el Thomas Caparas,6,1,35,29
1655936675207,MATH 20C,A03,093476,Staff,1,1,35,34
1655936675207,MATH 20C,B01,083762,Bach; Quang Tran,3,0,30,27
1655936681231,MATH 20D,A01,083765,Tran; Brian Kha,1,0,30,29
1655936681231,MATH 20D,A02,083766,Tran; Brian Kha,0,1,30,30
1655936681231,MATH 20D,A03,083767,Tran; Brian Kha,1,0,30,29
1655936687254,MATH 20E,A01,083771,Ganguly; Soumya,0,0,32,32
1655936687254,MATH 20E,A02,083772,Ganguly; Soumya,1,1,32,31
1655936687254,MATH 20E,B01,083773,Ciotti; Benjamin,14,0,35,21
1655936687254,MATH 20E,B02,083774,Ciotti; Benjamin,12,0,35,23
1655936693293,MATH 103A,A01,083777,Greenfeld; Be'Eri,2,1,36,34
1655936693293,MATH 103A,A02,083778,Greenfeld; Be'Eri,1,0,36,35
1655936693293,MATH 103A,A03,093561,Staff,0,1,36,36
1655936693293,MATH 103A,B01,083779,Greenfeld; Be'Eri,7,1,36,29
1655936693293,MATH 103A,B02,083780,Greenfeld; Be'Eri,1,0,36,35
1655936693293,MATH 103A,B03,093562,Staff,0,0,36,36
1655936699332,MATH 105,A01,085443,Carter; Anne Toulson,3,1,35,32
1655936699332,MATH 105,A02,093477,Staff,6,0,35,29
1655936705360,MATH 109,A01,083213,Ganzberger; Geoffrey Michael,0,1,34,34
1655936705360,MATH 109,A02,083214,Ganzberger; Geoffrey Michael,0,0,34,34
1655936705360,MATH 109,A03,093478,Staff,0,0,34,34
1655936705360,MATH 109,B01,083215,Ganzberger; Geoffrey Michael,2,0,32,30
1655936705360,MATH 109,B02,083216,Ganzberger; Geoffrey Michael,0,0,32,32
1655936705360,MATH 109,B03,093479,Staff,4,0,32,28
1655936711384,MATH 142A,A01,083219,Chow; Bennett,0,0,32,32
1655936711384,MATH 142A,A02,083220,Chow; Bennett,7,0,32,25
1655936711384,MATH 142A,A03,093480,Staff,4,0,32,28
1655936711384,MATH 142A,B03,093481,Staff,3,0,32,29
1655936711384,MATH 142A,B04,093558,Staff,6,0,32,26
1655936711384,MATH 142A,B05,093559,Staff,0,0,32,32
1655936717407,MATH 193A,A01,083224,Rotar; Vladimir,1,1,34,33
1655936717407,MATH 193A,A02,083225,Rotar; Vladimir,0,0,34,34
1655936717407,MATH 193A,A03,083781,Rotar; Vladimir,2,0,34,32
1655936717407,MATH 193A,A04,083782,Rotar; Vladimir,2,0,34,32
1655936717407,MATH 193A,A05,093482,Rotar; Vladimir,1,0,34,33
1655936723439,MATH 197,001,091859,McAuley; Julian John,9999,0,9999,0
1655936723439,MATH 197,002,095566,Kedlaya; Kiran S.,9997,0,9999,2
1655936723439,MATH 197,003,095567,Xiao; Ming,9999,0,9999,0
1655936723439,MATH 197,004,095571,Perols; Johan Lars,9998,0,9999,1
1655936730500,COGS 9,A01,083615,Shannon; Kyle Michael,1,1,75,74
1655936736533,COGS 11,A01,083617,Boyle; Mary E. T.,10,1,48,38
1655936742565,COGS 13,A01,083071,Bastos; Amalia Pinkusfeld,3,2,71,68
1655936748593,COGS 14A,A01,092681,Staff,2,26,100,98
1655936754620,COGS 14B,A01,083073,Cheng; Tzu-Han,7,0,63,56
1655936760661,COGS 17,A01,092677,Staff,8,7,81,73
1655936766691,COGS 100,A01,083619,Allen; Michael Gordon,2,2,70,68
1655936772722,COGS 101A,A01,083621,Davis; Joshua Daniel,4,3,68,64
1655936778747,COGS 101B,A01,091572,Allen; Michael Gordon,0,0,65,65
1655936784784,COGS 101C,A01,083625,Delgado; Tania,7,0,35,28
1655936790808,COGS 107A,A01,083627,Boyle; Mary E. T.,1,2,60,59
1655936796843,COGS 118A,A01,083075,Gupta; Anjum,19,16,76,57
1655936802871,CSE 3,A50,083646,Miranda; Gregory Joseph,13,0,50,37
1655936808896,CSE 8A,A50,083650,Miranda; Gregory Joseph,3,11,56,53
1655936814922,CSE 11,A01,083080,Cao; Yingjun,0,68,40,40
1655936820963,CSE 12,A01,083652,Krause-Levy; Sophia Louisa,6,8,120,114
1655936826987,CSE 15L,A01,083654,Morris; Justin Loren,3,1,50,47
1655936826987,CSE 15L,A02,083655,Morris; Justin Loren,1,1,50,49
1655936833011,CSE 20,A01,083657,Tran; Khoa Dang,29,0,80,51
1655936839037,CSE 21,A01,095574,Bach; Quang Tran,23,0,48,25
1655936845071,CSE 30,A01,083084,Eldon; John,2,10,80,78
1655936845071,CSE 30,B01,095061,Bhaskar; Nishant,0,4,50,50
1655936851099,CSE 100,A01,083659,Cao; Yingjun,2,25,70,68
1655936857138,CSE 134B,A01,083661,Powell; Thomas Allan,5,7,100,95
1655936863175,CSE 140,A01,083663,Gungor; Onat,5,0,85,80
1655936869217,CSE 140L,A01,083088,Eldon; John,5,0,100,95
1655936875242,CSE 175,A01,083665,Kumar; Rakesh,1,0,25,24
1655936881280,CSE 190,A00,092507,Dubnov; Shlomo,1,0,20,19
1655936887303,ECE 45,A01,083139,Congero; Spencer William,0,1,75,75
1655936893343,ECE 65,A50,083695,Saad; Andrew S,6,0,30,24
1655936893343,ECE 65,A51,095125,Staff,23,0,26,3
1655936899369,ECE 109,A01,091882,Touri; Behrouz,2,4,70,68
1655936905393,ECE 180,A00,083140,Abi Samra; Nicholas Camill,1,0,30,29
1655936905393,ECE 180,B00,083141,Abi Samra; Nicholas Camill,0,9,28,28
1655936911418,MATH 10A,A01,083735,Patchell; Gregory David,0,0,30,30
1655936911418,MATH 10A,A02,083736,Patchell; Gregory David,21,0,30,9
1655936911418,MATH 10A,A03,083737,Patchell; Gregory David,16,0,30,14
1655936917456,MATH 10B,A01,083207,Lim; Seonhee,1,1,34,33
1655936917456,MATH 10B,A02,083208,Lim; Seonhee,1,1,35,34
1655936917456,MATH 10B,A03,093472,Staff,1,0,34,33
1655936917456,MATH 10B,B01,083739,Sinha; Shubham,10,0,30,20
1655936923486,MATH 18,A01,083743,Cinel; Cameron Alexander,4,0,30,26
1655936923486,MATH 18,A02,083744,Cinel; Cameron Alexander,11,0,30,19
1655936923486,MATH 18,A03,083745,Cinel; Cameron Alexander,1,0,30,29
1655936923486,MATH 18,B01,083748,Ma; Zilu,2,0,36,34
1655936923486,MATH 18,B02,083749,Ma; Zilu,0,0,36,36
1655936923486,MATH 18,B03,083750,Ma; Zilu,0,0,36,36
1655936923486,MATH 18,B04,083751,Ma; Zilu,0,0,36,36
1655936923486,MATH 18,B05,093473,Staff,0,0,36,36
1655936923486,MATH 18,B06,093474,Staff,0,0,36,36
1655936929508,MATH 20A,A01,083754,Zheng; Zequn,10,0,40,30
1655936935544,MATH 20B,A01,083756,Briones; Jor-el Thomas Caparas,0,1,36,36
1655936935544,MATH 20B,A02,083757,Briones; Jor-el Thomas Caparas,1,0,36,35
1655936935544,MATH 20B,A03,093475,Staff,1,0,36,35
1655936941566,MATH 20C,A01,083760,Briones; Jor-el Thomas Caparas,0,2,35,35
1655936941566,MATH 20C,A02,083761,Briones; Jor-el Thomas Caparas,6,1,35,29
1655936941566,MATH 20C,A03,093476,Staff,1,0,35,34
1655936941566,MATH 20C,B01,083762,Bach; Quang Tran,3,0,30,27
1655936947589,MATH 20D,A01,083765,Tran; Brian Kha,1,0,30,29
1655936947589,MATH 20D,A02,083766,Tran; Brian Kha,0,1,30,30
1655936947589,MATH 20D,A03,083767,Tran; Brian Kha,1,0,30,29
1655936953616,MATH 20E,A01,083771,Ganguly; Soumya,0,0,32,32
1655936953616,MATH 20E,A02,083772,Ganguly; Soumya,1,1,32,31
1655936953616,MATH 20E,B01,083773,Ciotti; Benjamin,14,0,35,21
1655936953616,MATH 20E,B02,083774,Ciotti; Benjamin,12,0,35,23
1655936959646,MATH 103A,A01,083777,Greenfeld; Be'Eri,2,1,36,34
1655936959646,MATH 103A,A02,083778,Greenfeld; Be'Eri,1,0,36,35
1655936959646,MATH 103A,A03,093561,Staff,0,1,36,36
1655936959646,MATH 103A,B01,083779,Greenfeld; Be'Eri,7,1,36,29
1655936959646,MATH 103A,B02,083780,Greenfeld; Be'Eri,1,0,36,35
1655936959646,MATH 103A,B03,093562,Staff,0,0,36,36
1655936965678,MATH 105,A01,085443,Carter; Anne Toulson,3,1,35,32
1655936965678,MATH 105,A02,093477,Staff,6,0,35,29
1655936971702,MATH 109,A01,083213,Ganzberger; Geoffrey Michael,0,1,34,34
1655936971702,MATH 109,A02,083214,Ganzberger; Geoffrey Michael,0,0,34,34
1655936971702,MATH 109,A03,093478,Staff,0,0,34,34
1655936971702,MATH 109,B01,083215,Ganzberger; Geoffrey Michael,2,0,32,30
1655936971702,MATH 109,B02,083216,Ganzberger; Geoffrey Michael,0,0,32,32
1655936971702,MATH 109,B03,093479,Staff,4,0,32,28
1655936977736,MATH 142A,A01,083219,Chow; Bennett,0,0,32,32
1655936977736,MATH 142A,A02,083220,Chow; Bennett,7,0,32,25
1655936977736,MATH 142A,A03,093480,Staff,4,0,32,28
1655936977736,MATH 142A,B03,093481,Staff,3,0,32,29
1655936977736,MATH 142A,B04,093558,Staff,6,0,32,26
1655936977736,MATH 142A,B05,093559,Staff,0,0,32,32
1655936983760,MATH 193A,A01,083224,Rotar; Vladimir,1,1,34,33
1655936983760,MATH 193A,A02,083225,Rotar; Vladimir,0,0,34,34
1655936983760,MATH 193A,A03,083781,Rotar; Vladimir,2,0,34,32
1655936983760,MATH 193A,A04,083782,Rotar; Vladimir,2,0,34,32
1655936983760,MATH 193A,A05,093482,Rotar; Vladimir,1,0,34,33
1655936989790,MATH 197,001,091859,McAuley; Julian John,9999,0,9999,0
1655936989790,MATH 197,002,095566,Kedlaya; Kiran S.,9997,0,9999,2
1655936989790,MATH 197,003,095567,Xiao; Ming,9999,0,9999,0
1655936989790,MATH 197,004,095571,Perols; Johan Lars,9998,0,9999,1
1655936996858,COGS 9,A01,083615,Shannon; Kyle Michael,1,1,75,74
1655937002894,COGS 11,A01,083617,Boyle; Mary E. T.,10,1,48,38
1655937009010,COGS 13,A01,083071,Bastos; Amalia Pinkusfeld,3,2,71,68
1655937015049,COGS 14A,A01,092681,Staff,2,26,100,98
1655937021090,COGS 14B,A01,083073,Cheng; Tzu-Han,7,0,63,56
1655937027112,COGS 17,A01,092677,Staff,8,7,81,73
1655937033136,COGS 100,A01,083619,Allen; Michael Gordon,2,2,70,68
1655937039161,COGS 101A,A01,083621,Davis; Joshua Daniel,4,3,68,64
1655937045201,COGS 101B,A01,091572,Allen; Michael Gordon,0,0,65,65
1655937051226,COGS 101C,A01,083625,Delgado; Tania,7,0,35,28
1655937057254,COGS 107A,A01,083627,Boyle; Mary E. T.,1,2,60,59
1655937063285,COGS 118A,A01,083075,Gupta; Anjum,19,16,76,57
1655937069312,CSE 3,A50,083646,Miranda; Gregory Joseph,13,0,50,37
1655937075361,CSE 8A,A50,083650,Miranda; Gregory Joseph,3,11,56,53
1655937081395,CSE 11,A01,083080,Cao; Yingjun,0,68,40,40
1655937087437,CSE 12,A01,083652,Krause-Levy; Sophia Louisa,6,8,120,114
1655937093470,CSE 15L,A01,083654,Morris; Justin Loren,3,1,50,47
1655937093470,CSE 15L,A02,083655,Morris; Justin Loren,1,1,50,49
1655937099499,CSE 20,A01,083657,Tran; Khoa Dang,29,0,80,51
1655937105531,CSE 21,A01,095574,Bach; Quang Tran,23,0,48,25
1655937111555,CSE 30,A01,083084,Eldon; John,2,10,80,78
1655937111555,CSE 30,B01,095061,Bhaskar; Nishant,0,4,50,50
1655937117586,CSE 100,A01,083659,Cao; Yingjun,2,25,70,68
1655937123609,CSE 134B,A01,083661,Powell; Thomas Allan,5,7,100,95
1655937129634,CSE 140,A01,083663,Gungor; Onat,5,0,85,80
1655937135674,CSE 140L,A01,083088,Eldon; John,5,0,100,95
1655937141698,CSE 175,A01,083665,Kumar; Rakesh,1,0,25,24
1655937147722,CSE 190,A00,092507,Dubnov; Shlomo,1,0,20,19
1655937153752,ECE 45,A01,083139,Congero; Spencer William,0,1,75,75
1655937159777,ECE 65,A50,083695,Saad; Andrew S,6,0,30,24
1655937159777,ECE 65,A51,095125,Staff,23,0,26,3
1655937165811,ECE 109,A01,091882,Touri; Behrouz,2,4,70,68
1655937171855,ECE 180,A00,083140,Abi Samra; Nicholas Camill,1,0,30,29
1655937171855,ECE 180,B00,083141,Abi Samra; Nicholas Camill,0,9,28,28
1655937177879,MATH 10A,A01,083735,Patchell; Gregory David,0,0,30,30
1655937177879,MATH 10A,A02,083736,Patchell; Gregory David,21,0,30,9
1655937177879,MATH 10A,A03,083737,Patchell; Gregory David,16,0,30,14
1655937183923,MATH 10B,A01,083207,Lim; Seonhee,1,1,34,33
1655937183923,MATH 10B,A02,083208,Lim; Seonhee,1,1,35,34
1655937183923,MATH 10B,A03,093472,Staff,1,0,34,33
1655937183923,MATH 10B,B01,083739,Sinha; Shubham,10,0,30,20
1655937189984,MATH 18,A01,083743,Cinel; Cameron Alexander,4,0,30,26
1655937189984,MATH 18,A02,083744,Cinel; Cameron Alexander,11,0,30,19
1655937189984,MATH 18,A03,083745,Cinel; Cameron Alexander,1,0,30,29
1655937189984,MATH 18,B01,083748,Ma; Zilu,2,0,36,34
1655937189984,MATH 18,B02,083749,Ma; Zilu,0,0,36,36
1655937189984,MATH 18,B03,083750,Ma; Zilu,0,0,36,36
1655937189984,MATH 18,B04,083751,Ma; Zilu,0,0,36,36
1655937189984,MATH 18,B05,093473,Staff,0,0,36,36
1655937189984,MATH 18,B06,093474,Staff,0,0,36,36
1655937196016,MATH 20A,A01,083754,Zheng; Zequn,10,0,40,30
1655937202047,MATH 20B,A01,083756,Briones; Jor-el Thomas Caparas,0,1,36,36
1655937202047,MATH 20B,A02,083757,Briones; Jor-el Thomas Caparas,1,0,36,35
1655937202047,MATH 20B,A03,093475,Staff,1,0,36,35
1655937208072,MATH 20C,A01,083760,Briones; Jor-el Thomas Caparas,0,2,35,35
1655937208072,MATH 20C,A02,083761,Briones; Jor-el Thomas Caparas,6,1,35,29
1655937208072,MATH 20C,A03,093476,Staff,1,0,35,34
1655937208072,MATH 20C,B01,083762,Bach; Quang Tran,3,0,30,27
1655937214101,MATH 20D,A01,083765,Tran; Brian Kha,1,0,30,29
1655937214101,MATH 20D,A02,083766,Tran; Brian Kha,0,1,30,30
1655937214101,MATH 20D,A03,083767,Tran; Brian Kha,1,0,30,29
1655937220139,MATH 20E,A01,083771,Ganguly; Soumya,0,0,32,32
1655937220139,MATH 20E,A02,083772,Ganguly; Soumya,1,1,32,31
1655937220139,MATH 20E,B01,083773,Ciotti; Benjamin,14,0,35,21
1655937220139,MATH 20E,B02,083774,Ciotti; Benjamin,12,0,35,23
1655937226173,MATH 103A,A01,083777,Greenfeld; Be'Eri,2,1,36,34
1655937226173,MATH 103A,A02,083778,Greenfeld; Be'Eri,1,0,36,35
1655937226173,MATH 103A,A03,093561,Staff,0,1,36,36
1655937226173,MATH 103A,B01,083779,Greenfeld; Be'Eri,7,1,36,29
1655937226173,MATH 103A,B02,083780,Greenfeld; Be'Eri,1,0,36,35
1655937226173,MATH 103A,B03,093562,Staff,0,0,36,36
1655937232201,MATH 105,A01,085443,Carter; Anne Toulson,3,1,35,32
1655937232201,MATH 105,A02,093477,Staff,6,0,35,29
1655937238230,MATH 109,A01,083213,Ganzberger; Geoffrey Michael,0,1,34,34
1655937238230,MATH 109,A02,083214,Ganzberger; Geoffrey Michael,0,0,34,34
1655937238230,MATH 109,A03,093478,Staff,0,0,34,34
1655937238230,MATH 109,B01,083215,Ganzberger; Geoffrey Michael,2,0,32,30
1655937238230,MATH 109,B02,083216,Ganzberger; Geoffrey Michael,0,0,32,32
1655937238230,MATH 109,B03,093479,Staff,4,0,32,28
1655937244265,MATH 142A,A01,083219,Chow; Bennett,0,0,32,32
1655937244265,MATH 142A,A02,083220,Chow; Bennett,7,0,32,25
1655937244265,MATH 142A,A03,093480,Staff,4,0,32,28
1655937244265,MATH 142A,B03,093481,Staff,3,0,32,29
1655937244265,MATH 142A,B04,093558,Staff,6,0,32,26
1655937244265,MATH 142A,B05,093559,Staff,0,0,32,32
1655937250292,MATH 193A,A01,083224,Rotar; Vladimir,1,1,34,33
1655937250292,MATH 193A,A02,083225,Rotar; Vladimir,0,0,34,34
1655937250292,MATH 193A,A03,083781,Rotar; Vladimir,2,0,34,32
1655937250292,MATH 193A,A04,083782,Rotar; Vladimir,2,0,34,32
1655937250292,MATH 193A,A05,093482,Rotar; Vladimir,1,0,34,33
1655937256315,MATH 197,001,091859,McAuley; Julian John,9999,0,9999,0
1655937256315,MATH 197,002,095566,Kedlaya; Kiran S.,9997,0,9999,2
1655937256315,MATH 197,003,095567,Xiao; Ming,9999,0,9999,0
1655937256315,MATH 197,004,095571,Perols; Johan Lars,9998,0,9999,1
1655937263392,COGS 9,A01,083615,Shannon; Kyle Michael,1,1,75,74
1655937269423,COGS 11,A01,083617,Boyle; Mary E. T.,10,1,48,38
1655937275459,COGS 13,A01,083071,Bastos; Amalia Pinkusfeld,3,2,71,68
1655937281496,COGS 14A,A01,092681,Staff,2,26,100,98
1655937287521,COGS 14B,A01,083073,Cheng; Tzu-Han,7,0,63,56
1655937293562,COGS 17,A01,092677,Staff,8,7,81,73
1655937299591,COGS 100,A01,083619,Allen; Michael Gordon,2,2,70,68
1655937305629,COGS 101A,A01,083621,Davis; Joshua Daniel,4,3,68,64
1655937311657,COGS 101B,A01,091572,Allen; Michael Gordon,0,0,65,65
1655937317695,COGS 101C,A01,083625,Delgado; Tania,7,0,35,28
1655937323741,COGS 107A,A01,083627,Boyle; Mary E. T.,1,2,60,59
1655937329767,COGS 118A,A01,083075,Gupta; Anjum,19,16,76,57
1655937335801,CSE 3,A50,083646,Miranda; Gregory Joseph,13,0,50,37
1655937341825,CSE 8A,A50,083650,Miranda; Gregory Joseph,3,11,56,53
1655937347875,CSE 11,A01,083080,Cao; Yingjun,0,68,40,40
1655937353914,CSE 12,A01,083652,Krause-Levy; Sophia Louisa,6,8,120,114
1655937359941,CSE 15L,A01,083654,Morris; Justin Loren,3,1,50,47
1655937359941,CSE 15L,A02,083655,Morris; Justin Loren,1,1,50,49
1655937365979,CSE 20,A01,083657,Tran; Khoa Dang,29,0,80,51
1655937372010,CSE 21,A01,095574,Bach; Quang Tran,23,0,48,25
1655937378038,CSE 30,A01,083084,Eldon; John,2,10,80,78
1655937378038,CSE 30,B01,095061,Bhaskar; Nishant,0,4,50,50
1655937384064,CSE 100,A01,083659,Cao; Yingjun,2,25,70,68
1655937390092,CSE 134B,A01,083661,Powell; Thomas Allan,5,7,100,95
1655937396126,CSE 140,A01,083663,Gungor; Onat,5,0,85,80
1655937402155,CSE 140L,A01,083088,Eldon; John,5,0,100,95
1655937408182,CSE 175,A01,083665,Kumar; Rakesh,1,0,25,24
1655937414206,CSE 190,A00,092507,Dubnov; Shlomo,1,0,20,19
1655937420238,ECE 45,A01,083139,Congero; Spencer William,0,1,75,75
1655937426266,ECE 65,A50,083695,Saad; Andrew S,6,0,30,24
1655937426266,ECE 65,A51,095125,Staff,23,0,26,3
1655937432308,ECE 109,A01,091882,Touri; Behrouz,2,4,70,68
1655937438338,ECE 180,A00,083140,Abi Samra; Nicholas Camill,1,0,30,29
1655937438338,ECE 180,B00,083141,Abi Samra; Nicholas Camill,0,9,28,28
1655937444364,MATH 10A,A01,083735,Patchell; Gregory David,0,0,30,30
1655937444364,MATH 10A,A02,083736,Patchell; Gregory David,21,0,30,9
1655937444364,MATH 10A,A03,083737,Patchell; Gregory David,16,0,30,14
1655937450397,MATH 10B,A01,083207,Lim; Seonhee,1,1,34,33
1655937450397,MATH 10B,A02,083208,Lim; Seonhee,1,1,35,34
1655937450397,MATH 10B,A03,093472,Staff,1,0,34,33
1655937450397,MATH 10B,B01,083739,Sinha; Shubham,10,0,30,20
1655937456433,MATH 18,A01,083743,Cinel; Cameron Alexander,4,0,30,26
1655937456433,MATH 18,A02,083744,Cinel; Cameron Alexander,11,0,30,19
1655937456433,MATH 18,A03,083745,Cinel; Cameron Alexander,1,0,30,29
1655937456433,MATH 18,B01,083748,Ma; Zilu,2,0,36,34
1655937456433,MATH 18,B02,083749,Ma; Zilu,0,0,36,36
1655937456433,MATH 18,B03,083750,Ma; Zilu,0,0,36,36
1655937456433,MATH 18,B04,083751,Ma; Zilu,0,0,36,36
1655937456433,MATH 18,B05,093473,Staff,0,0,36,36
1655937456433,MATH 18,B06,093474,Staff,0,0,36,36
1655937462472,MATH 20A,A01,083754,Zheng; Zequn,10,0,40,30
1655937468507,MATH 20B,A01,083756,Briones; Jor-el Thomas Caparas,0,1,36,36
1655937468507,MATH 20B,A02,083757,Briones; Jor-el Thomas Caparas,1,0,36,35
1655937468507,MATH 20B,A03,093475,Staff,1,0,36,35
1655937474552,MATH 20C,A01,083760,Briones; Jor-el Thomas Caparas,0,2,35,35
1655937474552,MATH 20C,A02,083761,Briones; Jor-el Thomas Caparas,6,1,35,29
1655937474552,MATH 20C,A03,093476,Staff,1,0,35,34
1655937474552,MATH 20C,B01,083762,Bach; Quang Tran,3,0,30,27
1655937480584,MATH 20D,A01,083765,Tran; Brian Kha,1,0,30,29
1655937480584,MATH 20D,A02,083766,Tran; Brian Kha,0,1,30,30
1655937480584,MATH 20D,A03,083767,Tran; Brian Kha,1,0,30,29
1655937486619,MATH 20E,A01,083771,Ganguly; Soumya,0,0,32,32
1655937486619,MATH 20E,A02,083772,Ganguly; Soumya,1,1,32,31
1655937486619,MATH 20E,B01,083773,Ciotti; Benjamin,14,0,35,21
1655937486619,MATH 20E,B02,083774,Ciotti; Benjamin,12,0,35,23
1655937492654,MATH 103A,A01,083777,Greenfeld; Be'Eri,2,1,36,34
1655937492654,MATH 103A,A02,083778,Greenfeld; Be'Eri,1,0,36,35
1655937492654,MATH 103A,A03,093561,Staff,0,1,36,36
1655937492654,MATH 103A,B01,083779,Greenfeld; Be'Eri,7,1,36,29
1655937492654,MATH 103A,B02,083780,Greenfeld; Be'Eri,1,0,36,35
1655937492654,MATH 103A,B03,093562,Staff,0,0,36,36
1655937498680,MATH 105,A01,085443,Carter; Anne Toulson,3,1,35,32
1655937498680,MATH 105,A02,093477,Staff,6,0,35,29
1655937504708,MATH 109,A01,083213,Ganzberger; Geoffrey Michael,0,1,34,34
1655937504708,MATH 109,A02,083214,Ganzberger; Geoffrey Michael,0,0,34,34
1655937504708,MATH 109,A03,093478,Staff,0,0,34,34
1655937504708,MATH 109,B01,083215,Ganzberger; Geoffrey Michael,2,0,32,30
1655937504708,MATH 109,B02,083216,Ganzberger; Geoffrey Michael,0,0,32,32
1655937504708,MATH 109,B03,093479,Staff,4,0,32,28
1655937510734,MATH 142A,A01,083219,Chow; Bennett,0,0,32,32
1655937510734,MATH 142A,A02,083220,Chow; Bennett,7,0,32,25
1655937510734,MATH 142A,A03,093480,Staff,4,0,32,28
1655937510734,MATH 142A,B03,093481,Staff,3,0,32,29
1655937510734,MATH 142A,B04,093558,Staff,6,0,32,26
1655937510734,MATH 142A,B05,093559,Staff,0,0,32,32
1655937516775,MATH 193A,A01,083224,Rotar; Vladimir,1,1,34,33
1655937516775,MATH 193A,A02,083225,Rotar; Vladimir,0,0,34,34
1655937516775,MATH 193A,A03,083781,Rotar; Vladimir,2,0,34,32
1655937516775,MATH 193A,A04,083782,Rotar; Vladimir,2,0,34,32
1655937516775,MATH 193A,A05,093482,Rotar; Vladimir,1,0,34,33
1655937522810,MATH 197,001,091859,McAuley; Julian John,9999,0,9999,0
1655937522810,MATH 197,002,095566,Kedlaya; Kiran S.,9997,0,9999,2
1655937522810,MATH 197,003,095567,Xiao; Ming,9999,0,9999,0
1655937522810,MATH 197,004,095571,Perols; Johan Lars,9998,0,9999,1
1655937529885,COGS 9,A01,083615,Shannon; Kyle Michael,1,1,75,74
1655937535934,COGS 11,A01,083617,Boyle; Mary E. T.,10,1,48,38
1655937541958,COGS 13,A01,083071,Bastos; Amalia Pinkusfeld,3,2,71,68
1655937547982,COGS 14A,A01,092681,Staff,2,26,100,98
1655937554029,COGS 14B,A01,083073,Cheng; Tzu-Han,7,0,63,56
1655937560067,COGS 17,A01,092677,Staff,8,7,81,73
1655937566102,COGS 100,A01,083619,Allen; Michael Gordon,2,2,70,68
1655937572148,COGS 101A,A01,083621,Davis; Joshua Daniel,4,3,68,64
1655937578176,COGS 101B,A01,091572,Allen; Michael Gordon,0,0,65,65
1655937584212,COGS 101C,A01,083625,Delgado; Tania,7,0,35,28
1655937590234,COGS 107A,A01,083627,Boyle; Mary E. T.,1,2,60,59
1655937596270,COGS 118A,A01,083075,Gupta; Anjum,19,16,76,57
1655937602299,CSE 3,A50,083646,Miranda; Gregory Joseph,13,0,50,37
1655937608412,CSE 8A,A50,083650,Miranda; Gregory Joseph,3,11,56,53
1655937614455,CSE 11,A01,083080,Cao; Yingjun,0,68,40,40
1655937620483,CSE 12,A01,083652,Krause-Levy; Sophia Louisa,6,8,120,114
1655937626507,CSE 15L,A01,083654,Morris; Justin Loren,3,1,50,47
1655937626507,CSE 15L,A02,083655,Morris; Justin Loren,1,1,50,49
1655937632536,CSE 20,A01,083657,Tran; Khoa Dang,29,0,80,51
1655937638574,CSE 21,A01,095574,Bach; Quang Tran,23,0,48,25
1655937644609,CSE 30,A01,083084,Eldon; John,2,10,80,78
1655937644609,CSE 30,B01,095061,Bhaskar; Nishant,0,4,50,50
1655937650640,CSE 100,A01,083659,Cao; Yingjun,2,25,70,68
1655937656674,CSE 134B,A01,083661,Powell; Thomas Allan,5,7,100,95
1655937662719,CSE 140,A01,083663,Gungor; Onat,5,0,85,80
1655937668744,CSE 140L,A01,083088,Eldon; John,5,0,100,95
1655937674778,CSE 175,A01,083665,Kumar; Rakesh,1,0,25,24
1655937680815,CSE 190,A00,092507,Dubnov; Shlomo,1,0,20,19
1655937686859,ECE 45,A01,083139,Congero; Spencer William,0,1,75,75
1655937692883,ECE 65,A50,083695,Saad; Andrew S,6,0,30,24
1655937692883,ECE 65,A51,095125,Staff,23,0,26,3
1655937698915,ECE 109,A01,091882,Touri; Behrouz,2,4,70,68
1655937704953,ECE 180,A00,083140,Abi Samra; Nicholas Camill,1,0,30,29
1655937704953,ECE 180,B00,083141,Abi Samra; Nicholas Camill,0,9,28,28
1655937710977,MATH 10A,A01,083735,Patchell; Gregory David,0,0,30,30
1655937710977,MATH 10A,A02,083736,Patchell; Gregory David,21,0,30,9
1655937710977,MATH 10A,A03,083737,Patchell; Gregory David,16,0,30,14
1655937717004,MATH 10B,A01,083207,Lim; Seonhee,1,1,34,33
1655937717004,MATH 10B,A02,083208,Lim; Seonhee,1,1,35,34
1655937717004,MATH 10B,A03,093472,Staff,1,0,34,33
1655937717004,MATH 10B,B01,083739,Sinha; Shubham,10,0,30,20
1655937723039,MATH 18,A01,083743,Cinel; Cameron Alexander,4,0,30,26
1655937723039,MATH 18,A02,083744,Cinel; Cameron Alexander,11,0,30,19
1655937723039,MATH 18,A03,083745,Cinel; Cameron Alexander,1,0,30,29
1655937723039,MATH 18,B01,083748,Ma; Zilu,2,0,36,34
1655937723039,MATH 18,B02,083749,Ma; Zilu,0,0,36,36
1655937723039,MATH 18,B03,083750,Ma; Zilu,0,0,36,36
1655937723039,MATH 18,B04,083751,Ma; Zilu,0,0,36,36
1655937723039,MATH 18,B05,093473,Staff,0,0,36,36
1655937723039,MATH 18,B06,093474,Staff,0,0,36,36
1655937729080,MATH 20A,A01,083754,Zheng; Zequn,10,0,40,30
1655937735105,MATH 20B,A01,083756,Briones; Jor-el Thomas Caparas,0,1,36,36
1655937735105,MATH 20B,A02,083757,Briones; Jor-el Thomas Caparas,1,0,36,35
1655937735105,MATH 20B,A03,093475,Staff,1,0,36,35
1655937741130,MATH 20C,A01,083760,Briones; Jor-el Thomas Caparas,0,2,35,35
1655937741130,MATH 20C,A02,083761,Briones; Jor-el Thomas Caparas,6,1,35,29
1655937741130,MATH 20C,A03,093476,Staff,1,0,35,34
1655937741130,MATH 20C,B01,083762,Bach; Quang Tran,3,0,30,27
1655937747175,MATH 20D,A01,083765,Tran; Brian Kha,1,0,30,29
1655937747175,MATH 20D,A02,083766,Tran; Brian Kha,0,1,30,30
1655937747175,MATH 20D,A03,083767,Tran; Brian Kha,1,0,30,29
1655937753221,MATH 20E,A01,083771,Ganguly; Soumya,0,0,32,32
1655937753221,MATH 20E,A02,083772,Ganguly; Soumya,1,1,32,31
1655937753221,MATH 20E,B01,083773,Ciotti; Benjamin,14,0,35,21
1655937753221,MATH 20E,B02,083774,Ciotti; Benjamin,12,0,35,23
1655937759247,MATH 103A,A01,083777,Greenfeld; Be'Eri,2,1,36,34
1655937759247,MATH 103A,A02,083778,Greenfeld; Be'Eri,1,0,36,35
1655937759247,MATH 103A,A03,093561,Staff,0,1,36,36
1655937759247,MATH 103A,B01,083779,Greenfeld; Be'Eri,7,1,36,29
1655937759247,MATH 103A,B02,083780,Greenfeld; Be'Eri,1,0,36,35
1655937759247,MATH 103A,B03,093562,Staff,0,0,36,36
1655937765288,MATH 105,A01,085443,Carter; Anne Toulson,3,1,35,32
1655937765288,MATH 105,A02,093477,Staff,6,0,35,29
1655937771312,MATH 109,A01,083213,Ganzberger; Geoffrey Michael,0,1,34,34
1655937771312,MATH 109,A02,083214,Ganzberger; Geoffrey Michael,0,0,34,34
1655937771312,MATH 109,A03,093478,Staff,0,0,34,34
1655937771312,MATH 109,B01,083215,Ganzberger; Geoffrey Michael,2,0,32,30
1655937771312,MATH 109,B02,083216,Ganzberger; Geoffrey Michael,0,0,32,32
1655937771312,MATH 109,B03,093479,Staff,4,0,32,28
1655937777335,MATH 142A,A01,083219,Chow; Bennett,0,0,32,32
1655937777335,MATH 142A,A02,083220,Chow; Bennett,7,0,32,25
1655937777335,MATH 142A,A03,093480,Staff,4,0,32,28
1655937777335,MATH 142A,B03,093481,Staff,3,0,32,29
1655937777335,MATH 142A,B04,093558,Staff,6,0,32,26
1655937777335,MATH 142A,B05,093559,Staff,0,0,32,32
1655937783370,MATH 193A,A01,083224,Rotar; Vladimir,1,1,34,33
1655937783370,MATH 193A,A02,083225,Rotar; Vladimir,0,0,34,34
1655937783370,MATH 193A,A03,083781,Rotar; Vladimir,2,0,34,32
1655937783370,MATH 193A,A04,083782,Rotar; Vladimir,2,0,34,32
1655937783370,MATH 193A,A05,093482,Rotar; Vladimir,1,0,34,33
1655937789394,MATH 197,001,091859,McAuley; Julian John,9999,0,9999,0
1655937789394,MATH 197,002,095566,Kedlaya; Kiran S.,9997,0,9999,2
1655937789394,MATH 197,003,095567,Xiao; Ming,9999,0,9999,0
1655937789394,MATH 197,004,095571,Perols; Johan Lars,9998,0,9999,1
1655937796462,COGS 9,A01,083615,Shannon; Kyle Michael,1,1,75,74
1655937802490,COGS 11,A01,083617,Boyle; Mary E. T.,10,1,48,38
1655937808515,COGS 13,A01,083071,Bastos; Amalia Pinkusfeld,3,2,71,68
1655937814541,COGS 14A,A01,092681,Staff,2,26,100,98
1655937820563,COGS 14B,A01,083073,Cheng; Tzu-Han,7,0,63,56
1655937826594,COGS 17,A01,092677,Staff,8,7,81,73
1655937832625,COGS 100,A01,083619,Allen; Michael Gordon,2,2,70,68
1655937838649,COGS 101A,A01,083621,Davis; Joshua Daniel,4,3,68,64
1655937844675,COGS 101B,A01,091572,Allen; Michael Gordon,0,0,65,65
1655937850734,COGS 101C,A01,083625,Delgado; Tania,7,0,35,28
1655937856761,COGS 107A,A01,083627,Boyle; Mary E. T.,1,2,60,59
1655937862785,COGS 118A,A01,083075,Gupta; Anjum,19,16,76,57
1655937868831,CSE 3,A50,083646,Miranda; Gregory Joseph,13,0,50,37
1655937874878,CSE 8A,A50,083650,Miranda; Gregory Joseph,3,11,56,53
1655937880920,CSE 11,A01,083080,Cao; Yingjun,0,68,40,40
1655937886949,CSE 12,A01,083652,Krause-Levy; Sophia Louisa,6,8,120,114
1655937892978,CSE 15L,A01,083654,Morris; Justin Loren,3,1,50,47
1655937892978,CSE 15L,A02,083655,Morris; Justin Loren,1,1,50,49
1655937899001,CSE 20,A01,083657,Tran; Khoa Dang,29,0,80,51
1655937905040,CSE 21,A01,095574,Bach; Quang Tran,23,0,48,25
1655937911089,CSE 30,A01,083084,Eldon; John,2,10,80,78
1655937911089,CSE 30,B01,095061,Bhaskar; Nishant,0,4,50,50
1655937917116,CSE 100,A01,083659,Cao; Yingjun,2,25,70,68
1655937923140,CSE 134B,A01,083661,Powell; Thomas Allan,5,7,100,95
1655937929165,CSE 140,A01,083663,Gungor; Onat,5,0,85,80
1655937935195,CSE 140L,A01,083088,Eldon; John,5,0,100,95
1655937941221,CSE 175,A01,083665,Kumar; Rakesh,1,0,25,24
1655937947245,CSE 190,A00,092507,Dubnov; Shlomo,1,0,20,19
1655937953272,ECE 45,A01,083139,Congero; Spencer William,0,1,75,75
1655937959300,ECE 65,A50,083695,Saad; Andrew S,6,0,30,24
1655937959300,ECE 65,A51,095125,Staff,23,0,26,3
1655937965326,ECE 109,A01,091882,Touri; Behrouz,2,4,70,68
1655937971368,ECE 180,A00,083140,Abi Samra; Nicholas Camill,1,0,30,29
1655937971368,ECE 180,B00,083141,Abi Samra; Nicholas Camill,0,9,28,28
1655937977409,MATH 10A,A01,083735,Patchell; Gregory David,0,0,30,30
1655937977409,MATH 10A,A02,083736,Patchell; Gregory David,21,0,30,9
1655937977409,MATH 10A,A03,083737,Patchell; Gregory David,16,0,30,14
1655937983438,MATH 10B,A01,083207,Lim; Seonhee,1,1,34,33
1655937983438,MATH 10B,A02,083208,Lim; Seonhee,1,1,35,34
1655937983438,MATH 10B,A03,093472,Staff,1,0,34,33
1655937983438,MATH 10B,B01,083739,Sinha; Shubham,10,0,30,20
1655937989463,MATH 18,A01,083743,Cinel; Cameron Alexander,4,0,30,26
1655937989463,MATH 18,A02,083744,Cinel; Cameron Alexander,11,0,30,19
1655937989463,MATH 18,A03,083745,Cinel; Cameron Alexander,1,0,30,29
1655937989463,MATH 18,B01,083748,Ma; Zilu,2,0,36,34
1655937989463,MATH 18,B02,083749,Ma; Zilu,0,0,36,36
1655937989463,MATH 18,B03,083750,Ma; Zilu,0,0,36,36
1655937989463,MATH 18,B04,083751,Ma; Zilu,0,0,36,36
1655937989463,MATH 18,B05,093473,Staff,0,0,36,36
1655937989463,MATH 18,B06,093474,Staff,0,0,36,36
1655937995501,MATH 20A,A01,083754,Zheng; Zequn,10,0,40,30
1655938001536,MATH 20B,A01,083756,Briones; Jor-el Thomas Caparas,0,1,36,36
1655938001536,MATH 20B,A02,083757,Briones; Jor-el Thomas Caparas,1,0,36,35
1655938001536,MATH 20B,A03,093475,Staff,1,0,36,35
1655938007571,MATH 20C,A01,083760,Briones; Jor-el Thomas Caparas,0,2,35,35
1655938007571,MATH 20C,A02,083761,Briones; Jor-el Thomas Caparas,6,1,35,29
1655938007571,MATH 20C,A03,093476,Staff,1,0,35,34
1655938007571,MATH 20C,B01,083762,Bach; Quang Tran,3,0,30,27
1655938013606,MATH 20D,A01,083765,Tran; Brian Kha,1,0,30,29
1655938013606,MATH 20D,A02,083766,Tran; Brian Kha,0,1,30,30
1655938013606,MATH 20D,A03,083767,Tran; Brian Kha,1,0,30,29
1655938019645,MATH 20E,A01,083771,Ganguly; Soumya,0,0,32,32
1655938019645,MATH 20E,A02,083772,Ganguly; Soumya,1,1,32,31
1655938019645,MATH 20E,B01,083773,Ciotti; Benjamin,14,0,35,21
1655938019645,MATH 20E,B02,083774,Ciotti; Benjamin,12,0,35,23
1655938025670,MATH 103A,A01,083777,Greenfeld; Be'Eri,2,1,36,34
1655938025670,MATH 103A,A02,083778,Greenfeld; Be'Eri,1,0,36,35
1655938025670,MATH 103A,A03,093561,Staff,0,1,36,36
1655938025670,MATH 103A,B01,083779,Greenfeld; Be'Eri,7,1,36,29
1655938025670,MATH 103A,B02,083780,Greenfeld; Be'Eri,1,0,36,35
1655938025670,MATH 103A,B03,093562,Staff,0,0,36,36
1655938031701,MATH 105,A01,085443,Carter; Anne Toulson,3,1,35,32
1655938031701,MATH 105,A02,093477,Staff,6,0,35,29
1655938037729,MATH 109,A01,083213,Ganzberger; Geoffrey Michael,0,1,34,34
1655938037729,MATH 109,A02,083214,Ganzberger; Geoffrey Michael,0,0,34,34
1655938037729,MATH 109,A03,093478,Staff,0,0,34,34
1655938037729,MATH 109,B01,083215,Ganzberger; Geoffrey Michael,2,0,32,30
1655938037729,MATH 109,B02,083216,Ganzberger; Geoffrey Michael,0,0,32,32
1655938037729,MATH 109,B03,093479,Staff,4,0,32,28
1655938043758,MATH 142A,A01,083219,Chow; Bennett,0,0,32,32
1655938043758,MATH 142A,A02,083220,Chow; Bennett,7,0,32,25
1655938043758,MATH 142A,A03,093480,Staff,4,0,32,28
1655938043758,MATH 142A,B03,093481,Staff,3,0,32,29
1655938043758,MATH 142A,B04,093558,Staff,6,0,32,26
1655938043758,MATH 142A,B05,093559,Staff,0,0,32,32
1655938049780,MATH 193A,A01,083224,Rotar; Vladimir,1,1,34,33
1655938049780,MATH 193A,A02,083225,Rotar; Vladimir,0,0,34,34
1655938049780,MATH 193A,A03,083781,Rotar; Vladimir,2,0,34,32
1655938049780,MATH 193A,A04,083782,Rotar; Vladimir,2,0,34,32
1655938049780,MATH 193A,A05,093482,Rotar; Vladimir,1,0,34,33
1655938055804,MATH 197,001,091859,McAuley; Julian John,9999,0,9999,0
1655938055804,MATH 197,002,095566,Kedlaya; Kiran S.,9997,0,9999,2
1655938055804,MATH 197,003,095567,Xiao; Ming,9999,0,9999,0
1655938055804,MATH 197,004,095571,Perols; Johan Lars,9998,0,9999,1
1655938062870,COGS 9,A01,083615,Shannon; Kyle Michael,1,1,75,74
1655938068908,COGS 11,A01,083617,Boyle; Mary E. T.,10,1,48,38
1655938074935,COGS 13,A01,083071,Bastos; Amalia Pinkusfeld,3,2,71,68
1655938080957,COGS 14A,A01,092681,Staff,2,26,100,98
1655938086992,COGS 14B,A01,083073,Cheng; Tzu-Han,7,0,63,56
1655938093027,COGS 17,A01,092677,Staff,8,7,81,73
1655938099062,COGS 100,A01,083619,Allen; Michael Gordon,2,2,70,68
1655938105086,COGS 101A,A01,083621,Davis; Joshua Daniel,4,3,68,64
1655938111131,COGS 101B,A01,091572,Allen; Michael Gordon,0,0,65,65
1655938117170,COGS 101C,A01,083625,Delgado; Tania,7,0,35,28
1655938123193,COGS 107A,A01,083627,Boyle; Mary E. T.,1,2,60,59
1655938129217,COGS 118A,A01,083075,Gupta; Anjum,19,16,76,57
1655938135257,CSE 3,A50,083646,Miranda; Gregory Joseph,13,0,50,37
1655938141279,CSE 8A,A50,083650,Miranda; Gregory Joseph,3,11,56,53
1655938147308,CSE 11,A01,083080,Cao; Yingjun,0,68,40,40
1655938153353,CSE 12,A01,083652,Krause-Levy; Sophia Louisa,6,8,120,114
1655938159377,CSE 15L,A01,083654,Morris; Justin Loren,3,1,50,47
1655938159377,CSE 15L,A02,083655,Morris; Justin Loren,1,1,50,49
1655938165416,CSE 20,A01,083657,Tran; Khoa Dang,29,0,80,51
1655938171440,CSE 21,A01,095574,Bach; Quang Tran,23,0,48,25
1655938177481,CSE 30,A01,083084,Eldon; John,2,10,80,78
1655938177481,CSE 30,B01,095061,Bhaskar; Nishant,0,4,50,50
1655938183520,CSE 100,A01,083659,Cao; Yingjun,2,25,70,68
1655938189543,CSE 134B,A01,083661,Powell; Thomas Allan,5,7,100,95
1655938195570,CSE 140,A01,083663,Gungor; Onat,5,0,85,80
1655938201593,CSE 140L,A01,083088,Eldon; John,5,0,100,95
1655938207707,CSE 175,A01,083665,Kumar; Rakesh,1,0,25,24
1655938213748,CSE 190,A00,092507,Dubnov; Shlomo,1,0,20,19
1655938219785,ECE 45,A01,083139,Congero; Spencer William,0,1,75,75
1655938225816,ECE 65,A50,083695,Saad; Andrew S,6,0,30,24
1655938225816,ECE 65,A51,095125,Staff,23,0,26,3
1655938231849,ECE 109,A01,091882,Touri; Behrouz,2,4,70,68
1655938237891,ECE 180,A00,083140,Abi Samra; Nicholas Camill,1,0,30,29
1655938237891,ECE 180,B00,083141,Abi Samra; Nicholas Camill,0,9,28,28
1655938243915,MATH 10A,A01,083735,Patchell; Gregory David,0,0,30,30
1655938243915,MATH 10A,A02,083736,Patchell; Gregory David,21,0,30,9
1655938243915,MATH 10A,A03,083737,Patchell; Gregory David,16,0,30,14
1655938249939,MATH 10B,A01,083207,Lim; Seonhee,1,1,34,33
1655938249939,MATH 10B,A02,083208,Lim; Seonhee,1,1,35,34
1655938249939,MATH 10B,A03,093472,Staff,1,0,34,33
1655938249939,MATH 10B,B01,083739,Sinha; Shubham,10,0,30,20
1655938255963,MATH 18,A01,083743,Cinel; Cameron Alexander,4,0,30,26
1655938255963,MATH 18,A02,083744,Cinel; Cameron Alexander,11,0,30,19
1655938255963,MATH 18,A03,083745,Cinel; Cameron Alexander,1,0,30,29
1655938255963,MATH 18,B01,083748,Ma; Zilu,2,0,36,34
1655938255963,MATH 18,B02,083749,Ma; Zilu,0,0,36,36
1655938255963,MATH 18,B03,083750,Ma; Zilu,0,0,36,36
1655938255963,MATH 18,B04,083751,Ma; Zilu,0,0,36,36
1655938255963,MATH 18,B05,093473,Staff,0,0,36,36
1655938255963,MATH 18,B06,093474,Staff,0,0,36,36
1655938261997,MATH 20A,A01,083754,Zheng; Zequn,10,0,40,30
1655938268033,MATH 20B,A01,083756,Briones; Jor-el Thomas Caparas,0,1,36,36
1655938268033,MATH 20B,A02,083757,Briones; Jor-el Thomas Caparas,1,0,36,35
1655938268033,MATH 20B,A03,093475,Staff,1,0,36,35
1655938274062,MATH 20C,A01,083760,Briones; Jor-el Thomas Caparas,0,2,35,35
1655938274062,MATH 20C,A02,083761,Briones; Jor-el Thomas Caparas,6,1,35,29
1655938274062,MATH 20C,A03,093476,Staff,1,0,35,34
1655938274062,MATH 20C,B01,083762,Bach; Quang Tran,3,0,30,27
1655938280097,MATH 20D,A01,083765,Tran; Brian Kha,1,0,30,29
1655938280097,MATH 20D,A02,083766,Tran; Brian Kha,0,1,30,30
1655938280097,MATH 20D,A03,083767,Tran; Brian Kha,1,0,30,29
1655938286149,MATH 20E,A01,083771,Ganguly; Soumya,0,0,32,32
1655938286149,MATH 20E,A02,083772,Ganguly; Soumya,1,1,32,31
1655938286149,MATH 20E,B01,083773,Ciotti; Benjamin,14,0,35,21
1655938286149,MATH 20E,B02,083774,Ciotti; Benjamin,12,0,35,23
1655938292174,MATH 103A,A01,083777,Greenfeld; Be'Eri,2,1,36,34
1655938292174,MATH 103A,A02,083778,Greenfeld; Be'Eri,1,0,36,35
1655938292174,MATH 103A,A03,093561,Staff,0,1,36,36
1655938292174,MATH 103A,B01,083779,Greenfeld; Be'Eri,7,1,36,29
1655938292174,MATH 103A,B02,083780,Greenfeld; Be'Eri,1,0,36,35
1655938292174,MATH 103A,B03,093562,Staff,0,0,36,36
1655938298219,MATH 105,A01,085443,Carter; Anne Toulson,3,1,35,32
1655938298219,MATH 105,A02,093477,Staff,6,0,35,29
1655938304254,MATH 109,A01,083213,Ganzberger; Geoffrey Michael,0,1,34,34
1655938304254,MATH 109,A02,083214,Ganzberger; Geoffrey Michael,0,0,34,34
1655938304254,MATH 109,A03,093478,Staff,0,0,34,34
1655938304254,MATH 109,B01,083215,Ganzberger; Geoffrey Michael,2,0,32,30
1655938304254,MATH 109,B02,083216,Ganzberger; Geoffrey Michael,0,0,32,32
1655938304254,MATH 109,B03,093479,Staff,4,0,32,28
1655938310277,MATH 142A,A01,083219,Chow; Bennett,0,0,32,32
1655938310277,MATH 142A,A02,083220,Chow; Bennett,7,0,32,25
1655938310277,MATH 142A,A03,093480,Staff,4,0,32,28
1655938310277,MATH 142A,B03,093481,Staff,3,0,32,29
1655938310277,MATH 142A,B04,093558,Staff,6,0,32,26
1655938310277,MATH 142A,B05,093559,Staff,0,0,32,32
1655938316301,MATH 193A,A01,083224,Rotar; Vladimir,1,1,34,33
1655938316301,MATH 193A,A02,083225,Rotar; Vladimir,0,0,34,34
1655938316301,MATH 193A,A03,083781,Rotar; Vladimir,2,0,34,32
1655938316301,MATH 193A,A04,083782,Rotar; Vladimir,2,0,34,32
1655938316301,MATH 193A,A05,093482,Rotar; Vladimir,1,0,34,33
1655938322325,MATH 197,001,091859,McAuley; Julian John,9999,0,9999,0
1655938322325,MATH 197,002,095566,Kedlaya; Kiran S.,9997,0,9999,2
1655938322325,MATH 197,003,095567,Xiao; Ming,9999,0,9999,0
1655938322325,MATH 197,004,095571,Perols; Johan Lars,9998,0,9999,1
1655938329394,COGS 9,A01,083615,Shannon; Kyle Michael,1,1,75,74
1655938335422,COGS 11,A01,083617,Boyle; Mary E. T.,10,1,48,38
1655938341458,COGS 13,A01,083071,Bastos; Amalia Pinkusfeld,3,2,71,68
1655938347506,COGS 14A,A01,092681,Staff,2,26,100,98
1655938353539,COGS 14B,A01,083073,Cheng; Tzu-Han,7,0,63,56
1655938359565,COGS 17,A01,092677,Staff,8,7,81,73
1655938365609,COGS 100,A01,083619,Allen; Michael Gordon,2,2,70,68
1655938371637,COGS 101A,A01,083621,Davis; Joshua Daniel,4,3,68,64
1655938377671,COGS 101B,A01,091572,Allen; Michael Gordon,0,0,65,65
1655938383698,COGS 101C,A01,083625,Delgado; Tania,7,0,35,28
1655938389732,COGS 107A,A01,083627,Boyle; Mary E. T.,1,2,60,59
1655938395755,COGS 118A,A01,083075,Gupta; Anjum,19,16,76,57
1655938401790,CSE 3,A50,083646,Miranda; Gregory Joseph,13,0,50,37
1655938407812,CSE 8A,A50,083650,Miranda; Gregory Joseph,3,11,56,53
1655938413839,CSE 11,A01,083080,Cao; Yingjun,0,68,40,40
1655938419866,CSE 12,A01,083652,Krause-Levy; Sophia Louisa,6,8,120,114
1655938425895,CSE 15L,A01,083654,Morris; Justin Loren,3,1,50,47
1655938425895,CSE 15L,A02,083655,Morris; Justin Loren,1,1,50,49
1655938431922,CSE 20,A01,083657,Tran; Khoa Dang,29,0,80,51
1655938437971,CSE 21,A01,095574,Bach; Quang Tran,23,0,48,25
1655938443995,CSE 30,A01,083084,Eldon; John,2,10,80,78
1655938443995,CSE 30,B01,095061,Bhaskar; Nishant,0,4,50,50
1655938450019,CSE 100,A01,083659,Cao; Yingjun,2,25,70,68
1655938456043,CSE 134B,A01,083661,Powell; Thomas Allan,5,7,100,95
1655938462075,CSE 140,A01,083663,Gungor; Onat,5,0,85,80
1655938468099,CSE 140L,A01,083088,Eldon; John,5,0,100,95
1655938474128,CSE 175,A01,083665,Kumar; Rakesh,1,0,25,24
1655938480154,CSE 190,A00,092507,Dubnov; Shlomo,1,0,20,19
1655938486188,ECE 45,A01,083139,Congero; Spencer William,0,1,75,75
1655938492216,ECE 65,A50,083695,Saad; Andrew S,6,0,30,24
1655938492216,ECE 65,A51,095125,Staff,23,0,26,3
1655938498251,ECE 109,A01,091882,Touri; Behrouz,2,4,70,68
1655938504276,ECE 180,A00,083140,Abi Samra; Nicholas Camill,1,0,30,29
1655938504276,ECE 180,B00,083141,Abi Samra; Nicholas Camill,0,9,28,28
1655938510304,MATH 10A,A01,083735,Patchell; Gregory David,0,0,30,30
1655938510304,MATH 10A,A02,083736,Patchell; Gregory David,21,0,30,9
1655938510304,MATH 10A,A03,083737,Patchell; Gregory David,16,0,30,14
1655938516354,MATH 10B,A01,083207,Lim; Seonhee,1,1,34,33
1655938516354,MATH 10B,A02,083208,Lim; Seonhee,1,1,35,34
1655938516354,MATH 10B,A03,093472,Staff,1,0,34,33
1655938516354,MATH 10B,B01,083739,Sinha; Shubham,10,0,30,20
1655938522384,MATH 18,A01,083743,Cinel; Cameron Alexander,4,0,30,26
1655938522384,MATH 18,A02,083744,Cinel; Cameron Alexander,11,0,30,19
1655938522384,MATH 18,A03,083745,Cinel; Cameron Alexander,1,0,30,29
1655938522384,MATH 18,B01,083748,Ma; Zilu,2,0,36,34
1655938522384,MATH 18,B02,083749,Ma; Zilu,0,0,36,36
1655938522384,MATH 18,B03,083750,Ma; Zilu,0,0,36,36
1655938522384,MATH 18,B04,083751,Ma; Zilu,0,0,36,36
1655938522384,MATH 18,B05,093473,Staff,0,0,36,36
1655938522384,MATH 18,B06,093474,Staff,0,0,36,36
1655938528414,MATH 20A,A01,083754,Zheng; Zequn,10,0,40,30
1655938534437,MATH 20B,A01,083756,Briones; Jor-el Thomas Caparas,0,1,36,36
1655938534437,MATH 20B,A02,083757,Briones; Jor-el Thomas Caparas,1,0,36,35
1655938534437,MATH 20B,A03,093475,Staff,1,0,36,35
1655938540463,MATH 20C,A01,083760,Briones; Jor-el Thomas Caparas,0,2,35,35
1655938540463,MATH 20C,A02,083761,Briones; Jor-el Thomas Caparas,6,1,35,29
1655938540463,MATH 20C,A03,093476,Staff,1,0,35,34
1655938540463,MATH 20C,B01,083762,Bach; Quang Tran,3,0,30,27
1655938546501,MATH 20D,A01,083765,Tran; Brian Kha,1,0,30,29
1655938546501,MATH 20D,A02,083766,Tran; Brian Kha,0,1,30,30
1655938546501,MATH 20D,A03,083767,Tran; Brian Kha,1,0,30,29
1655938552540,MATH 20E,A01,083771,Ganguly; Soumya,0,0,32,32
1655938552540,MATH 20E,A02,083772,Ganguly; Soumya,1,1,32,31
1655938552540,MATH 20E,B01,083773,Ciotti; Benjamin,14,0,35,21
1655938552540,MATH 20E,B02,083774,Ciotti; Benjamin,12,0,35,23
1655938558564,MATH 103A,A01,083777,Greenfeld; Be'Eri,2,1,36,34
1655938558564,MATH 103A,A02,083778,Greenfeld; Be'Eri,1,0,36,35
1655938558564,MATH 103A,A03,093561,Staff,0,1,36,36
1655938558564,MATH 103A,B01,083779,Greenfeld; Be'Eri,7,1,36,29
1655938558564,MATH 103A,B02,083780,Greenfeld; Be'Eri,1,0,36,35
1655938558564,MATH 103A,B03,093562,Staff,0,0,36,36
1655938564591,MATH 105,A01,085443,Carter; Anne Toulson,3,1,35,32
1655938564591,MATH 105,A02,093477,Staff,6,0,35,29
1655938570623,MATH 109,A01,083213,Ganzberger; Geoffrey Michael,0,1,34,34
1655938570623,MATH 109,A02,083214,Ganzberger; Geoffrey Michael,0,0,34,34
1655938570623,MATH 109,A03,093478,Staff,0,0,34,34
1655938570623,MATH 109,B01,083215,Ganzberger; Geoffrey Michael,2,0,32,30
1655938570623,MATH 109,B02,083216,Ganzberger; Geoffrey Michael,0,0,32,32
1655938570623,MATH 109,B03,093479,Staff,4,0,32,28
1655938576646,MATH 142A,A01,083219,Chow; Bennett,0,0,32,32
1655938576646,MATH 142A,A02,083220,Chow; Bennett,7,0,32,25
1655938576646,MATH 142A,A03,093480,Staff,4,0,32,28
1655938576646,MATH 142A,B03,093481,Staff,3,0,32,29
1655938576646,MATH 142A,B04,093558,Staff,6,0,32,26
1655938576646,MATH 142A,B05,093559,Staff,0,0,32,32
1655938582675,MATH 193A,A01,083224,Rotar; Vladimir,1,1,34,33
1655938582675,MATH 193A,A02,083225,Rotar; Vladimir,0,0,34,34
1655938582675,MATH 193A,A03,083781,Rotar; Vladimir,2,0,34,32
1655938582675,MATH 193A,A04,083782,Rotar; Vladimir,2,0,34,32
1655938582675,MATH 193A,A05,093482,Rotar; Vladimir,1,0,34,33
1655938588702,MATH 197,001,091859,McAuley; Julian John,9999,0,9999,0
1655938588702,MATH 197,002,095566,Kedlaya; Kiran S.,9997,0,9999,2
1655938588702,MATH 197,003,095567,Xiao; Ming,9999,0,9999,0
1655938588702,MATH 197,004,095571,Perols; Johan Lars,9998,0,9999,1
1655938595768,COGS 9,A01,083615,Shannon; Kyle Michael,1,1,75,74
1655938601791,COGS 11,A01,083617,Boyle; Mary E. T.,10,1,48,38
1655938607819,COGS 13,A01,083071,Bastos; Amalia Pinkusfeld,3,2,71,68
1655938613845,COGS 14A,A01,092681,Staff,2,26,100,98
1655938619879,COGS 14B,A01,083073,Cheng; Tzu-Han,7,0,63,56
1655938625903,COGS 17,A01,092677,Staff,8,7,81,73
1655938631939,COGS 100,A01,083619,Allen; Michael Gordon,2,2,70,68
1655938637962,COGS 101A,A01,083621,Davis; Joshua Daniel,4,3,68,64
1655938643994,COGS 101B,A01,091572,Allen; Michael Gordon,0,0,65,65
1655938650026,COGS 101C,A01,083625,Delgado; Tania,7,0,35,28
1655938656049,COGS 107A,A01,083627,Boyle; Mary E. T.,1,2,60,59
1655938662085,COGS 118A,A01,083075,Gupta; Anjum,19,16,76,57
1655938668114,CSE 3,A50,083646,Miranda; Gregory Joseph,13,0,50,37
1655938674148,CSE 8A,A50,083650,Miranda; Gregory Joseph,3,11,56,53
1655938680175,CSE 11,A01,083080,Cao; Yingjun,0,68,40,40
1655938686209,CSE 12,A01,083652,Krause-Levy; Sophia Louisa,6,8,120,114
1655938692237,CSE 15L,A01,083654,Morris; Justin Loren,3,1,50,47
1655938692237,CSE 15L,A02,083655,Morris; Justin Loren,1,1,50,49
1655938698260,CSE 20,A01,083657,Tran; Khoa Dang,29,0,80,51
1655938704287,CSE 21,A01,095574,Bach; Quang Tran,23,0,48,25
1655938710321,CSE 30,A01,083084,Eldon; John,2,10,80,78
1655938710321,CSE 30,B01,095061,Bhaskar; Nishant,0,4,50,50
1655938716365,CSE 100,A01,083659,Cao; Yingjun,2,25,70,68
1655938722397,CSE 134B,A01,083661,Powell; Thomas Allan,5,7,100,95
1655938728430,CSE 140,A01,083663,Gungor; Onat,5,0,85,80
1655938734453,CSE 140L,A01,083088,Eldon; John,5,0,100,95
1655938740481,CSE 175,A01,083665,Kumar; Rakesh,1,0,25,24
1655938746513,CSE 190,A00,092507,Dubnov; Shlomo,1,0,20,19
1655938752542,ECE 45,A01,083139,Congero; Spencer William,0,1,75,75
1655938758565,ECE 65,A50,083695,Saad; Andrew S,6,0,30,24
1655938758565,ECE 65,A51,095125,Staff,23,0,26,3
1655938764604,ECE 109,A01,091882,Touri; Behrouz,2,4,70,68
1655938770641,ECE 180,A00,083140,Abi Samra; Nicholas Camill,1,0,30,29
1655938770641,ECE 180,B00,083141,Abi Samra; Nicholas Camill,0,9,28,28
1655938776667,MATH 10A,A01,083735,Patchell; Gregory David,0,0,30,30
1655938776667,MATH 10A,A02,083736,Patchell; Gregory David,21,0,30,9
1655938776667,MATH 10A,A03,083737,Patchell; Gregory David,16,0,30,14
1655938782690,MATH 10B,A01,083207,Lim; Seonhee,1,1,34,33
1655938782690,MATH 10B,A02,083208,Lim; Seonhee,1,1,35,34
1655938782690,MATH 10B,A03,093472,Staff,1,0,34,33
1655938782690,MATH 10B,B01,083739,Sinha; Shubham,10,0,30,20
1655938788715,MATH 18,A01,083743,Cinel; Cameron Alexander,4,0,30,26
1655938788715,MATH 18,A02,083744,Cinel; Cameron Alexander,11,0,30,19
1655938788715,MATH 18,A03,083745,Cinel; Cameron Alexander,1,0,30,29
1655938788715,MATH 18,B01,083748,Ma; Zilu,2,0,36,34
1655938788715,MATH 18,B02,083749,Ma; Zilu,0,0,36,36
1655938788715,MATH 18,B03,083750,Ma; Zilu,0,0,36,36
1655938788715,MATH 18,B04,083751,Ma; Zilu,0,0,36,36
1655938788715,MATH 18,B05,093473,Staff,0,0,36,36
1655938788715,MATH 18,B06,093474,Staff,0,0,36,36
1655938794749,MATH 20A,A01,083754,Zheng; Zequn,10,0,40,30
1655938800777,MATH 20B,A01,083756,Briones; Jor-el Thomas Caparas,0,1,36,36
1655938800777,MATH 20B,A02,083757,Briones; Jor-el Thomas Caparas,1,0,36,35
1655938800777,MATH 20B,A03,093475,Staff,1,0,36,35
1655938806900,MATH 20C,A01,083760,Briones; Jor-el Thomas Caparas,0,2,35,35
1655938806900,MATH 20C,A02,083761,Briones; Jor-el Thomas Caparas,6,1,35,29
1655938806900,MATH 20C,A03,093476,Staff,1,0,35,34
1655938806900,MATH 20C,B01,083762,Bach; Quang Tran,3,0,30,27
1655938812929,MATH 20D,A01,083765,Tran; Brian Kha,1,0,30,29
1655938812929,MATH 20D,A02,083766,Tran; Brian Kha,0,1,30,30
1655938812929,MATH 20D,A03,083767,Tran; Brian Kha,1,0,30,29
1655938818968,MATH 20E,A01,083771,Ganguly; Soumya,0,0,32,32
1655938818968,MATH 20E,A02,083772,Ganguly; Soumya,1,1,32,31
1655938818968,MATH 20E,B01,083773,Ciotti; Benjamin,14,0,35,21
1655938818968,MATH 20E,B02,083774,Ciotti; Benjamin,12,0,35,23
1655938824998,MATH 103A,A01,083777,Greenfeld; Be'Eri,2,1,36,34
1655938824998,MATH 103A,A02,083778,Greenfeld; Be'Eri,1,0,36,35
1655938824998,MATH 103A,A03,093561,Staff,0,1,36,36
1655938824998,MATH 103A,B01,083779,Greenfeld; Be'Eri,7,1,36,29
1655938824998,MATH 103A,B02,083780,Greenfeld; Be'Eri,1,0,36,35
1655938824998,MATH 103A,B03,093562,Staff,0,0,36,36
1655938831031,MATH 105,A01,085443,Carter; Anne Toulson,3,1,35,32
1655938831031,MATH 105,A02,093477,Staff,6,0,35,29
1655938837069,MATH 109,A01,083213,Ganzberger; Geoffrey Michael,0,1,34,34
1655938837069,MATH 109,A02,083214,Ganzberger; Geoffrey Michael,0,0,34,34
1655938837069,MATH 109,A03,093478,Staff,0,0,34,34
1655938837069,MATH 109,B01,083215,Ganzberger; Geoffrey Michael,2,0,32,30
1655938837069,MATH 109,B02,083216,Ganzberger; Geoffrey Michael,0,0,32,32
1655938837069,MATH 109,B03,093479,Staff,4,0,32,28
1655938843109,MATH 142A,A01,083219,Chow; Bennett,0,0,32,32
1655938843109,MATH 142A,A02,083220,Chow; Bennett,7,0,32,25
1655938843109,MATH 142A,A03,093480,Staff,4,0,32,28
1655938843109,MATH 142A,B03,093481,Staff,3,0,32,29
1655938843109,MATH 142A,B04,093558,Staff,6,0,32,26
1655938843109,MATH 142A,B05,093559,Staff,0,0,32,32
1655938849133,MATH 193A,A01,083224,Rotar; Vladimir,1,1,34,33
1655938849133,MATH 193A,A02,083225,Rotar; Vladimir,0,0,34,34
1655938849133,MATH 193A,A03,083781,Rotar; Vladimir,2,0,34,32
1655938849133,MATH 193A,A04,083782,Rotar; Vladimir,2,0,34,32
1655938849133,MATH 193A,A05,093482,Rotar; Vladimir,1,0,34,33
1655938855173,MATH 197,001,091859,McAuley; Julian John,9999,0,9999,0
1655938855173,MATH 197,002,095566,Kedlaya; Kiran S.,9997,0,9999,2
1655938855173,MATH 197,003,095567,Xiao; Ming,9999,0,9999,0
1655938855173,MATH 197,004,095571,Perols; Johan Lars,9998,0,9999,1
1655938862256,COGS 9,A01,083615,Shannon; Kyle Michael,1,1,75,74
1655938868295,COGS 11,A01,083617,Boyle; Mary E. T.,10,1,48,38
1655938874320,COGS 13,A01,083071,Bastos; Amalia Pinkusfeld,3,2,71,68
1655938880342,COGS 14A,A01,092681,Staff,2,26,100,98
1655938886369,COGS 14B,A01,083073,Cheng; Tzu-Han,7,0,63,56
1655938892409,COGS 17,A01,092677,Staff,8,7,81,73
1655938898444,COGS 100,A01,083619,Allen; Michael Gordon,2,2,70,68
1655938904476,COGS 101A,A01,083621,Davis; Joshua Daniel,4,3,68,64
1655938910499,COGS 101B,A01,091572,Allen; Michael Gordon,0,0,65,65
1655938916538,COGS 101C,A01,083625,Delgado; Tania,7,0,35,28
1655938922583,COGS 107A,A01,083627,Boyle; Mary E. T.,1,2,60,59
1655938928628,COGS 118A,A01,083075,Gupta; Anjum,19,16,76,57
1655938934660,CSE 3,A50,083646,Miranda; Gregory Joseph,13,0,50,37
1655938940685,CSE 8A,A50,083650,Miranda; Gregory Joseph,3,11,56,53
1655938946715,CSE 11,A01,083080,Cao; Yingjun,0,68,40,40
1655938952753,CSE 12,A01,083652,Krause-Levy; Sophia Louisa,6,8,120,114
1655938958779,CSE 15L,A01,083654,Morris; Justin Loren,3,1,50,47
1655938958779,CSE 15L,A02,083655,Morris; Justin Loren,1,1,50,49
1655938964807,CSE 20,A01,083657,Tran; Khoa Dang,29,0,80,51
1655938970833,CSE 21,A01,095574,Bach; Quang Tran,23,0,48,25
1655938976869,CSE 30,A01,083084,Eldon; John,2,10,80,78
1655938976869,CSE 30,B01,095061,Bhaskar; Nishant,0,4,50,50
1655938982910,CSE 100,A01,083659,Cao; Yingjun,2,25,70,68
1655938988950,CSE 134B,A01,083661,Powell; Thomas Allan,5,7,100,95
1655938994989,CSE 140,A01,083663,Gungor; Onat,5,0,85,80
1655939001016,CSE 140L,A01,083088,Eldon; John,5,0,100,95
1655939007039,CSE 175,A01,083665,Kumar; Rakesh,1,0,25,24
1655939013075,CSE 190,A00,092507,Dubnov; Shlomo,1,0,20,19
1655939019099,ECE 45,A01,083139,Congero; Spencer William,0,1,75,75
1655939025133,ECE 65,A50,083695,Saad; Andrew S,6,0,30,24
1655939025133,ECE 65,A51,095125,Staff,23,0,26,3
1655939031183,ECE 109,A01,091882,Touri; Behrouz,2,4,70,68
1655939037229,ECE 180,A00,083140,Abi Samra; Nicholas Camill,1,0,30,29
1655939037229,ECE 180,B00,083141,Abi Samra; Nicholas Camill,0,9,28,28
1655939043261,MATH 10A,A01,083735,Patchell; Gregory David,0,0,30,30
1655939043261,MATH 10A,A02,083736,Patchell; Gregory David,21,0,30,9
1655939043261,MATH 10A,A03,083737,Patchell; Gregory David,16,0,30,14
1655939049287,MATH 10B,A01,083207,Lim; Seonhee,1,1,34,33
1655939049287,MATH 10B,A02,083208,Lim; Seonhee,1,1,35,34
1655939049287,MATH 10B,A03,093472,Staff,1,0,34,33
1655939049287,MATH 10B,B01,083739,Sinha; Shubham,10,0,30,20
1655939055335,MATH 18,A01,083743,Cinel; Cameron Alexander,4,0,30,26
1655939055335,MATH 18,A02,083744,Cinel; Cameron Alexander,11,0,30,19
1655939055335,MATH 18,A03,083745,Cinel; Cameron Alexander,1,0,30,29
1655939055335,MATH 18,B01,083748,Ma; Zilu,2,0,36,34
1655939055335,MATH 18,B02,083749,Ma; Zilu,0,0,36,36
1655939055335,MATH 18,B03,083750,Ma; Zilu,0,0,36,36
1655939055335,MATH 18,B04,083751,Ma; Zilu,0,0,36,36
1655939055335,MATH 18,B05,093473,Staff,0,0,36,36
1655939055335,MATH 18,B06,093474,Staff,0,0,36,36
1655939061372,MATH 20A,A01,083754,Zheng; Zequn,10,0,40,30
1655939067406,MATH 20B,A01,083756,Briones; Jor-el Thomas Caparas,0,1,36,36
1655939067406,MATH 20B,A02,083757,Briones; Jor-el Thomas Caparas,1,0,36,35
1655939067406,MATH 20B,A03,093475,Staff,1,0,36,35
1655939073447,MATH 20C,A01,083760,Briones; Jor-el Thomas Caparas,0,2,35,35
1655939073447,MATH 20C,A02,083761,Briones; Jor-el Thomas Caparas,6,1,35,29
1655939073447,MATH 20C,A03,093476,Staff,1,0,35,34
1655939073447,MATH 20C,B01,083762,Bach; Quang Tran,3,0,30,27
1655939079478,MATH 20D,A01,083765,Tran; Brian Kha,1,0,30,29
1655939079478,MATH 20D,A02,083766,Tran; Brian Kha,0,1,30,30
1655939079478,MATH 20D,A03,083767,Tran; Brian Kha,1,0,30,29
1655939085511,MATH 20E,A01,083771,Ganguly; Soumya,0,0,32,32
1655939085511,MATH 20E,A02,083772,Ganguly; Soumya,1,1,32,31
1655939085511,MATH 20E,B01,083773,Ciotti; Benjamin,14,0,35,21
1655939085511,MATH 20E,B02,083774,Ciotti; Benjamin,12,0,35,23
1655939091541,MATH 103A,A01,083777,Greenfeld; Be'Eri,2,1,36,34
1655939091541,MATH 103A,A02,083778,Greenfeld; Be'Eri,1,0,36,35
1655939091541,MATH 103A,A03,093561,Staff,0,1,36,36
1655939091541,MATH 103A,B01,083779,Greenfeld; Be'Eri,7,1,36,29
1655939091541,MATH 103A,B02,083780,Greenfeld; Be'Eri,1,0,36,35
1655939091541,MATH 103A,B03,093562,Staff,0,0,36,36
1655939097573,MATH 105,A01,085443,Carter; Anne Toulson,3,1,35,32
1655939097573,MATH 105,A02,093477,Staff,6,0,35,29
1655939103618,MATH 109,A01,083213,Ganzberger; Geoffrey Michael,0,1,34,34
1655939103618,MATH 109,A02,083214,Ganzberger; Geoffrey Michael,0,0,34,34
1655939103618,MATH 109,A03,093478,Staff,0,0,34,34
1655939103618,MATH 109,B01,083215,Ganzberger; Geoffrey Michael,2,0,32,30
1655939103618,MATH 109,B02,083216,Ganzberger; Geoffrey Michael,0,0,32,32
1655939103618,MATH 109,B03,093479,Staff,4,0,32,28
1655939109652,MATH 142A,A01,083219,Chow; Bennett,0,0,32,32
1655939109652,MATH 142A,A02,083220,Chow; Bennett,7,0,32,25
1655939109652,MATH 142A,A03,093480,Staff,4,0,32,28
1655939109652,MATH 142A,B03,093481,Staff,3,0,32,29
1655939109652,MATH 142A,B04,093558,Staff,6,0,32,26
1655939109652,MATH 142A,B05,093559,Staff,0,0,32,32
1655939115682,MATH 193A,A01,083224,Rotar; Vladimir,1,1,34,33
1655939115682,MATH 193A,A02,083225,Rotar; Vladimir,0,0,34,34
1655939115682,MATH 193A,A03,083781,Rotar; Vladimir,2,0,34,32
1655939115682,MATH 193A,A04,083782,Rotar; Vladimir,2,0,34,32
1655939115682,MATH 193A,A05,093482,Rotar; Vladimir,1,0,34,33
1655939121708,MATH 197,001,091859,McAuley; Julian John,9999,0,9999,0
1655939121708,MATH 197,002,095566,Kedlaya; Kiran S.,9997,0,9999,2
1655939121708,MATH 197,003,095567,Xiao; Ming,9999,0,9999,0
1655939121708,MATH 197,004,095571,Perols; Johan Lars,9998,0,9999,1
1655939128768,COGS 9,A01,083615,Shannon; Kyle Michael,1,1,75,74
1655939134809,COGS 11,A01,083617,Boyle; Mary E. T.,10,1,48,38
1655939140843,COGS 13,A01,083071,Bastos; Amalia Pinkusfeld,3,2,71,68
1655939146879,COGS 14A,A01,092681,Staff,2,26,100,98
1655939152920,COGS 14B,A01,083073,Cheng; Tzu-Han,7,0,63,56
1655939158943,COGS 17,A01,092677,Staff,8,7,81,73
1655939164977,COGS 100,A01,083619,Allen; Michael Gordon,2,2,70,68
1655939170999,COGS 101A,A01,083621,Davis; Joshua Daniel,4,3,68,64
1655939177037,COGS 101B,A01,091572,Allen; Michael Gordon,0,0,65,65
1655939183059,COGS 101C,A01,083625,Delgado; Tania,7,0,35,28
1655939189107,COGS 107A,A01,083627,Boyle; Mary E. T.,1,2,60,59
1655939195131,COGS 118A,A01,083075,Gupta; Anjum,19,16,76,57
1655939201170,CSE 3,A50,083646,Miranda; Gregory Joseph,13,0,50,37
1655939207205,CSE 8A,A50,083650,Miranda; Gregory Joseph,3,11,56,53
1655939213229,CSE 11,A01,083080,Cao; Yingjun,0,68,40,40
1655939219262,CSE 12,A01,083652,Krause-Levy; Sophia Louisa,6,8,120,114
1655939225293,CSE 15L,A01,083654,Morris; Justin Loren,3,1,50,47
1655939225293,CSE 15L,A02,083655,Morris; Justin Loren,1,1,50,49
1655939231340,CSE 20,A01,083657,Tran; Khoa Dang,29,0,80,51
1655939237376,CSE 21,A01,095574,Bach; Quang Tran,23,0,48,25
1655939243400,CSE 30,A01,083084,Eldon; John,2,10,80,78
1655939243400,CSE 30,B01,095061,Bhaskar; Nishant,0,4,50,50
1655939249431,CSE 100,A01,083659,Cao; Yingjun,2,25,70,68
1655939255454,CSE 134B,A01,083661,Powell; Thomas Allan,5,7,100,95
1655939261500,CSE 140,A01,083663,Gungor; Onat,5,0,85,80
1655939267545,CSE 140L,A01,083088,Eldon; John,5,0,100,95
1655939273577,CSE 175,A01,083665,Kumar; Rakesh,1,0,25,24
1655939279616,CSE 190,A00,092507,Dubnov; Shlomo,1,0,20,19
1655939285648,ECE 45,A01,083139,Congero; Spencer William,0,1,75,75
1655939291686,ECE 65,A50,083695,Saad; Andrew S,6,0,30,24
1655939291686,ECE 65,A51,095125,Staff,23,0,26,3
1655939297719,ECE 109,A01,091882,Touri; Behrouz,2,4,70,68
1655939303757,ECE 180,A00,083140,Abi Samra; Nicholas Camill,1,0,30,29
1655939303757,ECE 180,B00,083141,Abi Samra; Nicholas Camill,0,9,28,28
1655939309781,MATH 10A,A01,083735,Patchell; Gregory David,0,0,30,30
1655939309781,MATH 10A,A02,083736,Patchell; Gregory David,21,0,30,9
1655939309781,MATH 10A,A03,083737,Patchell; Gregory David,16,0,30,14
1655939315807,MATH 10B,A01,083207,Lim; Seonhee,1,1,34,33
1655939315807,MATH 10B,A02,083208,Lim; Seonhee,1,1,35,34
1655939315807,MATH 10B,A03,093472,Staff,1,0,34,33
1655939315807,MATH 10B,B01,083739,Sinha; Shubham,10,0,30,20
1655939321839,MATH 18,A01,083743,Cinel; Cameron Alexander,4,0,30,26
1655939321839,MATH 18,A02,083744,Cinel; Cameron Alexander,11,0,30,19
1655939321839,MATH 18,A03,083745,Cinel; Cameron Alexander,1,0,30,29
1655939321839,MATH 18,B01,083748,Ma; Zilu,2,0,36,34
1655939321839,MATH 18,B02,083749,Ma; Zilu,0,0,36,36
1655939321839,MATH 18,B03,083750,Ma; Zilu,0,0,36,36
1655939321839,MATH 18,B04,083751,Ma; Zilu,0,0,36,36
1655939321839,MATH 18,B05,093473,Staff,0,0,36,36
1655939321839,MATH 18,B06,093474,Staff,0,0,36,36
1655939327864,MATH 20A,A01,083754,Zheng; Zequn,10,0,40,30
1655939333902,MATH 20B,A01,083756,Briones; Jor-el Thomas Caparas,0,1,36,36
1655939333902,MATH 20B,A02,083757,Briones; Jor-el Thomas Caparas,1,0,36,35
1655939333902,MATH 20B,A03,093475,Staff,1,0,36,35
1655939339930,MATH 20C,A01,083760,Briones; Jor-el Thomas Caparas,0,2,35,35
1655939339930,MATH 20C,A02,083761,Briones; Jor-el Thomas Caparas,6,1,35,29
1655939339930,MATH 20C,A03,093476,Staff,1,0,35,34
1655939339930,MATH 20C,B01,083762,Bach; Quang Tran,3,0,30,27
1655939345975,MATH 20D,A01,083765,Tran; Brian Kha,1,0,30,29
1655939345975,MATH 20D,A02,083766,Tran; Brian Kha,0,1,30,30
1655939345975,MATH 20D,A03,083767,Tran; Brian Kha,1,0,30,29
1655939352005,MATH 20E,A01,083771,Ganguly; Soumya,0,0,32,32
1655939352005,MATH 20E,A02,083772,Ganguly; Soumya,1,1,32,31
1655939352005,MATH 20E,B01,083773,Ciotti; Benjamin,14,0,35,21
1655939352005,MATH 20E,B02,083774,Ciotti; Benjamin,12,0,35,23
1655939358029,MATH 103A,A01,083777,Greenfeld; Be'Eri,2,1,36,34
1655939358029,MATH 103A,A02,083778,Greenfeld; Be'Eri,1,0,36,35
1655939358029,MATH 103A,A03,093561,Staff,0,1,36,36
1655939358029,MATH 103A,B01,083779,Greenfeld; Be'Eri,7,1,36,29
1655939358029,MATH 103A,B02,083780,Greenfeld; Be'Eri,1,0,36,35
1655939358029,MATH 103A,B03,093562,Staff,0,0,36,36
1655939364057,MATH 105,A01,085443,Carter; Anne Toulson,3,1,35,32
1655939364057,MATH 105,A02,093477,Staff,6,0,35,29
1655939370090,MATH 109,A01,083213,Ganzberger; Geoffrey Michael,0,1,34,34
1655939370090,MATH 109,A02,083214,Ganzberger; Geoffrey Michael,0,0,34,34
1655939370090,MATH 109,A03,093478,Staff,0,0,34,34
1655939370090,MATH 109,B01,083215,Ganzberger; Geoffrey Michael,2,0,32,30
1655939370090,MATH 109,B02,083216,Ganzberger; Geoffrey Michael,0,0,32,32
1655939370090,MATH 109,B03,093479,Staff,4,0,32,28
1655939376126,MATH 142A,A01,083219,Chow; Bennett,0,0,32,32
1655939376126,MATH 142A,A02,083220,Chow; Bennett,7,0,32,25
1655939376126,MATH 142A,A03,093480,Staff,4,0,32,28
1655939376126,MATH 142A,B03,093481,Staff,3,0,32,29
1655939376126,MATH 142A,B04,093558,Staff,6,0,32,26
1655939376126,MATH 142A,B05,093559,Staff,0,0,32,32
1655939382164,MATH 193A,A01,083224,Rotar; Vladimir,1,1,34,33
1655939382164,MATH 193A,A02,083225,Rotar; Vladimir,0,0,34,34
1655939382164,MATH 193A,A03,083781,Rotar; Vladimir,2,0,34,32
1655939382164,MATH 193A,A04,083782,Rotar; Vladimir,2,0,34,32
1655939382164,MATH 193A,A05,093482,Rotar; Vladimir,1,0,34,33
1655939388194,MATH 197,001,091859,McAuley; Julian John,9999,0,9999,0
1655939388194,MATH 197,002,095566,Kedlaya; Kiran S.,9997,0,9999,2
1655939388194,MATH 197,003,095567,Xiao; Ming,9999,0,9999,0
1655939388194,MATH 197,004,095571,Perols; Johan Lars,9998,0,9999,1
1655939395285,COGS 9,A01,083615,Shannon; Kyle Michael,1,1,75,74
1655939401399,COGS 11,A01,083617,Boyle; Mary E. T.,10,1,48,38
1655939407425,COGS 13,A01,083071,Bastos; Amalia Pinkusfeld,3,2,71,68
1655939413457,COGS 14A,A01,092681,Staff,2,26,100,98
1655939419482,COGS 14B,A01,083073,Cheng; Tzu-Han,7,0,63,56
1655939425514,COGS 17,A01,092677,Staff,8,7,81,73
1655939431541,COGS 100,A01,083619,Allen; Michael Gordon,2,2,70,68
1655939437565,COGS 101A,A01,083621,Davis; Joshua Daniel,4,3,68,64
1655939443601,COGS 101B,A01,091572,Allen; Michael Gordon,0,0,65,65
1655939449636,COGS 101C,A01,083625,Delgado; Tania,7,0,35,28
1655939455662,COGS 107A,A01,083627,Boyle; Mary E. T.,1,2,60,59
1655939461685,COGS 118A,A01,083075,Gupta; Anjum,19,16,76,57
1655939467713,CSE 3,A50,083646,Miranda; Gregory Joseph,13,0,50,37
1655939473739,CSE 8A,A50,083650,Miranda; Gregory Joseph,3,11,56,53
1655939479762,CSE 11,A01,083080,Cao; Yingjun,0,68,40,40
1655939485788,CSE 12,A01,083652,Krause-Levy; Sophia Louisa,6,8,120,114
1655939491818,CSE 15L,A01,083654,Morris; Justin Loren,3,1,50,47
1655939491818,CSE 15L,A02,083655,Morris; Justin Loren,1,1,50,49
1655939497841,CSE 20,A01,083657,Tran; Khoa Dang,29,0,80,51
1655939503865,CSE 21,A01,095574,Bach; Quang Tran,23,0,48,25
1655939509893,CSE 30,A01,083084,Eldon; John,2,10,80,78
1655939509893,CSE 30,B01,095061,Bhaskar; Nishant,0,4,50,50
1655939515919,CSE 100,A01,083659,Cao; Yingjun,2,25,70,68
1655939521956,CSE 134B,A01,083661,Powell; Thomas Allan,5,7,100,95
1655939527984,CSE 140,A01,083663,Gungor; Onat,5,0,85,80
1655939534011,CSE 140L,A01,083088,Eldon; John,5,0,100,95
1655939540034,CSE 175,A01,083665,Kumar; Rakesh,1,0,25,24
1655939546057,CSE 190,A00,092507,Dubnov; Shlomo,1,0,20,19
1655939552081,ECE 45,A01,083139,Congero; Spencer William,0,1,75,75
1655939565575,ECE 65,A50,083695,Saad; Andrew S,6,0,30,24
1655939565575,ECE 65,A51,095125,Staff,23,0,26,3
1655939571614,ECE 109,A01,091882,Touri; Behrouz,2,4,70,68
1655939577645,ECE 180,A00,083140,Abi Samra; Nicholas Camill,1,0,30,29
1655939577645,ECE 180,B00,083141,Abi Samra; Nicholas Camill,0,9,28,28
1655939583696,MATH 10A,A01,083735,Patchell; Gregory David,0,0,30,30
1655939583696,MATH 10A,A02,083736,Patchell; Gregory David,21,0,30,9
1655939583696,MATH 10A,A03,083737,Patchell; Gregory David,16,0,30,14
1655939589723,MATH 10B,A01,083207,Lim; Seonhee,1,1,34,33
1655939589723,MATH 10B,A02,083208,Lim; Seonhee,1,1,35,34
1655939589723,MATH 10B,A03,093472,Staff,1,0,34,33
1655939589723,MATH 10B,B01,083739,Sinha; Shubham,10,0,30,20
1655939595755,MATH 18,A01,083743,Cinel; Cameron Alexander,4,0,30,26
1655939595755,MATH 18,A02,083744,Cinel; Cameron Alexander,11,0,30,19
1655939595755,MATH 18,A03,083745,Cinel; Cameron Alexander,1,0,30,29
1655939595755,MATH 18,B01,083748,Ma; Zilu,2,0,36,34
1655939595755,MATH 18,B02,083749,Ma; Zilu,0,0,36,36
1655939595755,MATH 18,B03,083750,Ma; Zilu,0,0,36,36
1655939595755,MATH 18,B04,083751,Ma; Zilu,0,0,36,36
1655939595755,MATH 18,B05,093473,Staff,0,0,36,36
1655939595755,MATH 18,B06,093474,Staff,0,0,36,36
1655939601788,MATH 20A,A01,083754,Zheng; Zequn,10,0,40,30
1655939607815,MATH 20B,A01,083756,Briones; Jor-el Thomas Caparas,0,1,36,36
1655939607815,MATH 20B,A02,083757,Briones; Jor-el Thomas Caparas,1,0,36,35
1655939607815,MATH 20B,A03,093475,Staff,1,0,36,35
1655939613850,MATH 20C,A01,083760,Briones; Jor-el Thomas Caparas,0,2,35,35
1655939613850,MATH 20C,A02,083761,Briones; Jor-el Thomas Caparas,6,1,35,29
1655939613850,MATH 20C,A03,093476,Staff,1,0,35,34
1655939613850,MATH 20C,B01,083762,Bach; Quang Tran,3,0,30,27
1655939619877,MATH 20D,A01,083765,Tran; Brian Kha,1,0,30,29
1655939619877,MATH 20D,A02,083766,Tran; Brian Kha,0,1,30,30
1655939619877,MATH 20D,A03,083767,Tran; Brian Kha,1,0,30,29
1655939625908,MATH 20E,A01,083771,Ganguly; Soumya,0,0,32,32
1655939625908,MATH 20E,A02,083772,Ganguly; Soumya,1,1,32,31
1655939625908,MATH 20E,B01,083773,Ciotti; Benjamin,14,0,35,21
1655939625908,MATH 20E,B02,083774,Ciotti; Benjamin,12,0,35,23
1655939631936,MATH 103A,A01,083777,Greenfeld; Be'Eri,2,1,36,34
1655939631936,MATH 103A,A02,083778,Greenfeld; Be'Eri,1,0,36,35
1655939631936,MATH 103A,A03,093561,Staff,0,1,36,36
1655939631936,MATH 103A,B01,083779,Greenfeld; Be'Eri,7,1,36,29
1655939631936,MATH 103A,B02,083780,Greenfeld; Be'Eri,1,0,36,35
1655939631936,MATH 103A,B03,093562,Staff,0,0,36,36
1655939637960,MATH 105,A01,085443,Carter; Anne Toulson,3,1,35,32
1655939637960,MATH 105,A02,093477,Staff,6,0,35,29
1655939643992,MATH 109,A01,083213,Ganzberger; Geoffrey Michael,0,1,34,34
1655939643992,MATH 109,A02,083214,Ganzberger; Geoffrey Michael,0,0,34,34
1655939643992,MATH 109,A03,093478,Staff,0,0,34,34
1655939643992,MATH 109,B01,083215,Ganzberger; Geoffrey Michael,2,0,32,30
1655939643992,MATH 109,B02,083216,Ganzberger; Geoffrey Michael,0,0,32,32
1655939643992,MATH 109,B03,093479,Staff,4,0,32,28
1655939650017,MATH 142A,A01,083219,Chow; Bennett,0,0,32,32
1655939650017,MATH 142A,A02,083220,Chow; Bennett,7,0,32,25
1655939650017,MATH 142A,A03,093480,Staff,4,0,32,28
1655939650017,MATH 142A,B03,093481,Staff,3,0,32,29
1655939650017,MATH 142A,B04,093558,Staff,6,0,32,26
1655939650017,MATH 142A,B05,093559,Staff,0,0,32,32
1655939656051,MATH 193A,A01,083224,Rotar; Vladimir,1,1,34,33
1655939656051,MATH 193A,A02,083225,Rotar; Vladimir,0,0,34,34
1655939656051,MATH 193A,A03,083781,Rotar; Vladimir,2,0,34,32
1655939656051,MATH 193A,A04,083782,Rotar; Vladimir,2,0,34,32
1655939656051,MATH 193A,A05,093482,Rotar; Vladimir,1,0,34,33
1655939662076,MATH 197,001,091859,McAuley; Julian John,9999,0,9999,0
1655939662076,MATH 197,002,095566,Kedlaya; Kiran S.,9997,0,9999,2
1655939662076,MATH 197,003,095567,Xiao; Ming,9999,0,9999,0
1655939662076,MATH 197,004,095571,Perols; Johan Lars,9998,0,9999,1
1655939669135,COGS 9,A01,083615,Shannon; Kyle Michael,1,1,75,74
1655939675167,COGS 11,A01,083617,Boyle; Mary E. T.,10,1,48,38
1655939681192,COGS 13,A01,083071,Bastos; Amalia Pinkusfeld,3,2,71,68
1655939687221,COGS 14A,A01,092681,Staff,2,26,100,98
1655939693243,COGS 14B,A01,083073,Cheng; Tzu-Han,7,0,63,56
1655939699271,COGS 17,A01,092677,Staff,8,7,81,73
1655939705295,COGS 100,A01,083619,Allen; Michael Gordon,2,2,70,68
1655939711322,COGS 101A,A01,083621,Davis; Joshua Daniel,4,3,68,64
1655939717349,COGS 101B,A01,091572,Allen; Michael Gordon,0,0,65,65
1655939723372,COGS 101C,A01,083625,Delgado; Tania,7,0,35,28
1655939729404,COGS 107A,A01,083627,Boyle; Mary E. T.,1,2,60,59
1655939735431,COGS 118A,A01,083075,Gupta; Anjum,19,16,76,57
1655939741455,CSE 3,A50,083646,Miranda; Gregory Joseph,13,0,50,37
1655939747484,CSE 8A,A50,083650,Miranda; Gregory Joseph,3,11,56,53
1655939753508,CSE 11,A01,083080,Cao; Yingjun,0,68,40,40
1655939759540,CSE 12,A01,083652,Krause-Levy; Sophia Louisa,6,8,120,114
1655939765585,CSE 15L,A01,083654,Morris; Justin Loren,3,1,50,47
1655939765585,CSE 15L,A02,083655,Morris; Justin Loren,1,1,50,49
1655939771616,CSE 20,A01,083657,Tran; Khoa Dang,29,0,80,51
1655939777647,CSE 21,A01,095574,Bach; Quang Tran,23,0,48,25
1655939783686,CSE 30,A01,083084,Eldon; John,2,10,80,78
1655939783686,CSE 30,B01,095061,Bhaskar; Nishant,0,4,50,50
1655939789734,CSE 100,A01,083659,Cao; Yingjun,2,25,70,68
1655939795770,CSE 134B,A01,083661,Powell; Thomas Allan,5,7,100,95
1655939801793,CSE 140,A01,083663,Gungor; Onat,5,0,85,80
1655939807832,CSE 140L,A01,083088,Eldon; John,5,0,100,95
1655939813869,CSE 175,A01,083665,Kumar; Rakesh,1,0,25,24
1655939819903,CSE 190,A00,092507,Dubnov; Shlomo,1,0,20,19
1655939825927,ECE 45,A01,083139,Congero; Spencer William,0,1,75,75
1655939831965,ECE 65,A50,083695,Saad; Andrew S,6,0,30,24
1655939831965,ECE 65,A51,095125,Staff,23,0,26,3
1655939838020,ECE 109,A01,091882,Touri; Behrouz,2,4,70,68
1655939844046,ECE 180,A00,083140,Abi Samra; Nicholas Camill,1,0,30,29
1655939844046,ECE 180,B00,083141,Abi Samra; Nicholas Camill,0,9,28,28
1655939850076,MATH 10A,A01,083735,Patchell; Gregory David,0,0,30,30
1655939850076,MATH 10A,A02,083736,Patchell; Gregory David,21,0,30,9
1655939850076,MATH 10A,A03,083737,Patchell; Gregory David,16,0,30,14
1655939856107,MATH 10B,A01,083207,Lim; Seonhee,1,1,34,33
1655939856107,MATH 10B,A02,083208,Lim; Seonhee,1,1,35,34
1655939856107,MATH 10B,A03,093472,Staff,1,0,34,33
1655939856107,MATH 10B,B01,083739,Sinha; Shubham,10,0,30,20
1655939862131,MATH 18,A01,083743,Cinel; Cameron Alexander,4,0,30,26
1655939862131,MATH 18,A02,083744,Cinel; Cameron Alexander,11,0,30,19
1655939862131,MATH 18,A03,083745,Cinel; Cameron Alexander,1,0,30,29
1655939862131,MATH 18,B01,083748,Ma; Zilu,2,0,36,34
1655939862131,MATH 18,B02,083749,Ma; Zilu,0,0,36,36
1655939862131,MATH 18,B03,083750,Ma; Zilu,0,0,36,36
1655939862131,MATH 18,B04,083751,Ma; Zilu,0,0,36,36
1655939862131,MATH 18,B05,093473,Staff,0,0,36,36
1655939862131,MATH 18,B06,093474,Staff,0,0,36,36
1655939868157,MATH 20A,A01,083754,Zheng; Zequn,10,0,40,30
1655939874185,MATH 20B,A01,083756,Briones; Jor-el Thomas Caparas,0,1,36,36
1655939874185,MATH 20B,A02,083757,Briones; Jor-el Thomas Caparas,1,0,36,35
1655939874185,MATH 20B,A03,093475,Staff,1,0,36,35
1655939880214,MATH 20C,A01,083760,Briones; Jor-el Thomas Caparas,0,2,35,35
1655939880214,MATH 20C,A02,083761,Briones; Jor-el Thomas Caparas,6,1,35,29
1655939880214,MATH 20C,A03,093476,Staff,1,0,35,34
1655939880214,MATH 20C,B01,083762,Bach; Quang Tran,3,0,30,27
1655939886252,MATH 20D,A01,083765,Tran; Brian Kha,1,0,30,29
1655939886252,MATH 20D,A02,083766,Tran; Brian Kha,0,1,30,30
1655939886252,MATH 20D,A03,083767,Tran; Brian Kha,1,0,30,29
1655939892286,MATH 20E,A01,083771,Ganguly; Soumya,0,0,32,32
1655939892286,MATH 20E,A02,083772,Ganguly; Soumya,1,1,32,31
1655939892286,MATH 20E,B01,083773,Ciotti; Benjamin,14,0,35,21
1655939892286,MATH 20E,B02,083774,Ciotti; Benjamin,12,0,35,23
1655939898314,MATH 103A,A01,083777,Greenfeld; Be'Eri,2,1,36,34
1655939898314,MATH 103A,A02,083778,Greenfeld; Be'Eri,1,0,36,35
1655939898314,MATH 103A,A03,093561,Staff,0,1,36,36
1655939898314,MATH 103A,B01,083779,Greenfeld; Be'Eri,7,1,36,29
1655939898314,MATH 103A,B02,083780,Greenfeld; Be'Eri,1,0,36,35
1655939898314,MATH 103A,B03,093562,Staff,0,0,36,36
1655939904362,MATH 105,A01,085443,Carter; Anne Toulson,3,1,35,32
1655939904362,MATH 105,A02,093477,Staff,6,0,35,29
1655939910387,MATH 109,A01,083213,Ganzberger; Geoffrey Michael,0,1,34,34
1655939910387,MATH 109,A02,083214,Ganzberger; Geoffrey Michael,0,0,34,34
1655939910387,MATH 109,A03,093478,Staff,0,0,34,34
1655939910387,MATH 109,B01,083215,Ganzberger; Geoffrey Michael,2,0,32,30
1655939910387,MATH 109,B02,083216,Ganzberger; Geoffrey Michael,0,0,32,32
1655939910387,MATH 109,B03,093479,Staff,4,0,32,28
1655939916419,MATH 142A,A01,083219,Chow; Bennett,0,0,32,32
1655939916419,MATH 142A,A02,083220,Chow; Bennett,7,0,32,25
1655939916419,MATH 142A,A03,093480,Staff,4,0,32,28
1655939916419,MATH 142A,B03,093481,Staff,3,0,32,29
1655939916419,MATH 142A,B04,093558,Staff,6,0,32,26
1655939916419,MATH 142A,B05,093559,Staff,0,0,32,32
1655939922446,MATH 193A,A01,083224,Rotar; Vladimir,1,1,34,33
1655939922446,MATH 193A,A02,083225,Rotar; Vladimir,0,0,34,34
1655939922446,MATH 193A,A03,083781,Rotar; Vladimir,2,0,34,32
1655939922446,MATH 193A,A04,083782,Rotar; Vladimir,2,0,34,32
1655939922446,MATH 193A,A05,093482,Rotar; Vladimir,1,0,34,33
1655939928474,MATH 197,001,091859,McAuley; Julian John,9999,0,9999,0
1655939928474,MATH 197,002,095566,Kedlaya; Kiran S.,9997,0,9999,2
1655939928474,MATH 197,003,095567,Xiao; Ming,9999,0,9999,0
1655939928474,MATH 197,004,095571,Perols; Johan Lars,9998,0,9999,1
1655939935565,COGS 9,A01,083615,Shannon; Kyle Michael,1,1,75,74
1655939941592,COGS 11,A01,083617,Boyle; Mary E. T.,10,1,48,38
1655939947622,COGS 13,A01,083071,Bastos; Amalia Pinkusfeld,3,2,71,68
1655939953678,COGS 14A,A01,092681,Staff,2,26,100,98
1655939959705,COGS 14B,A01,083073,Cheng; Tzu-Han,7,0,63,56
1655939965739,COGS 17,A01,092677,Staff,8,7,81,73
1655939971773,COGS 100,A01,083619,Allen; Michael Gordon,2,2,70,68
1655939977808,COGS 101A,A01,083621,Davis; Joshua Daniel,4,3,68,64
1655939983832,COGS 101B,A01,091572,Allen; Michael Gordon,0,0,65,65
1655939989875,COGS 101C,A01,083625,Delgado; Tania,7,0,35,28
1655939995925,COGS 107A,A01,083627,Boyle; Mary E. T.,1,2,60,59
1655940001957,COGS 118A,A01,083075,Gupta; Anjum,19,16,76,57
1655940008058,CSE 3,A50,083646,Miranda; Gregory Joseph,13,0,50,37
1655940014100,CSE 8A,A50,083650,Miranda; Gregory Joseph,3,11,56,53
1655940020140,CSE 11,A01,083080,Cao; Yingjun,0,68,40,40
1655940026170,CSE 12,A01,083652,Krause-Levy; Sophia Louisa,6,8,120,114
1655940032207,CSE 15L,A01,083654,Morris; Justin Loren,3,1,50,47
1655940032207,CSE 15L,A02,083655,Morris; Justin Loren,1,1,50,49
1655940038230,CSE 20,A01,083657,Tran; Khoa Dang,29,0,80,51
1655940044277,CSE 21,A01,095574,Bach; Quang Tran,23,0,48,25
1655940050303,CSE 30,A01,083084,Eldon; John,2,10,80,78
1655940050303,CSE 30,B01,095061,Bhaskar; Nishant,0,4,50,50
1655940056344,CSE 100,A01,083659,Cao; Yingjun,2,25,70,68
1655940062390,CSE 134B,A01,083661,Powell; Thomas Allan,5,7,100,95
1655940068427,CSE 140,A01,083663,Gungor; Onat,5,0,85,80
1655940074468,CSE 140L,A01,083088,Eldon; John,5,0,100,95
1655940080500,CSE 175,A01,083665,Kumar; Rakesh,1,0,25,24
1655940086529,CSE 190,A00,092507,Dubnov; Shlomo,1,0,20,19
1655940092562,ECE 45,A01,083139,Congero; Spencer William,0,1,75,75
1655940098586,ECE 65,A50,083695,Saad; Andrew S,6,0,30,24
1655940098586,ECE 65,A51,095125,Staff,23,0,26,3
1655940104618,ECE 109,A01,091882,Touri; Behrouz,2,4,70,68
1655940110650,ECE 180,A00,083140,Abi Samra; Nicholas Camill,1,0,30,29
1655940110650,ECE 180,B00,083141,Abi Samra; Nicholas Camill,0,9,28,28
1655940116672,MATH 10A,A01,083735,Patchell; Gregory David,0,0,30,30
1655940116672,MATH 10A,A02,083736,Patchell; Gregory David,21,0,30,9
1655940116672,MATH 10A,A03,083737,Patchell; Gregory David,16,0,30,14
1655940122707,MATH 10B,A01,083207,Lim; Seonhee,1,1,34,33
1655940122707,MATH 10B,A02,083208,Lim; Seonhee,1,1,35,34
1655940122707,MATH 10B,A03,093472,Staff,1,0,34,33
1655940122707,MATH 10B,B01,083739,Sinha; Shubham,10,0,30,20
1655940128731,MATH 18,A01,083743,Cinel; Cameron Alexander,4,0,30,26
1655940128731,MATH 18,A02,083744,Cinel; Cameron Alexander,11,0,30,19
1655940128731,MATH 18,A03,083745,Cinel; Cameron Alexander,1,0,30,29
1655940128731,MATH 18,B01,083748,Ma; Zilu,2,0,36,34
1655940128731,MATH 18,B02,083749,Ma; Zilu,0,0,36,36
1655940128731,MATH 18,B03,083750,Ma; Zilu,0,0,36,36
1655940128731,MATH 18,B04,083751,Ma; Zilu,0,0,36,36
1655940128731,MATH 18,B05,093473,Staff,0,0,36,36
1655940128731,MATH 18,B06,093474,Staff,0,0,36,36
1655940134768,MATH 20A,A01,083754,Zheng; Zequn,10,0,40,30
1655940140816,MATH 20B,A01,083756,Briones; Jor-el Thomas Caparas,0,1,36,36
1655940140816,MATH 20B,A02,083757,Briones; Jor-el Thomas Caparas,1,0,36,35
1655940140816,MATH 20B,A03,093475,Staff,1,0,36,35
1655940146875,MATH 20C,A01,083760,Briones; Jor-el Thomas Caparas,0,2,35,35
1655940146875,MATH 20C,A02,083761,Briones; Jor-el Thomas Caparas,6,1,35,29
1655940146875,MATH 20C,A03,093476,Staff,1,0,35,34
1655940146875,MATH 20C,B01,083762,Bach; Quang Tran,3,0,30,27
1655940152915,MATH 20D,A01,083765,Tran; Brian Kha,1,0,30,29
1655940152915,MATH 20D,A02,083766,Tran; Brian Kha,0,1,30,30
1655940152915,MATH 20D,A03,083767,Tran; Brian Kha,1,0,30,29
1655940158947,MATH 20E,A01,083771,Ganguly; Soumya,0,0,32,32
1655940158947,MATH 20E,A02,083772,Ganguly; Soumya,1,1,32,31
1655940158947,MATH 20E,B01,083773,Ciotti; Benjamin,14,0,35,21
1655940158947,MATH 20E,B02,083774,Ciotti; Benjamin,12,0,35,23
1655940164983,MATH 103A,A01,083777,Greenfeld; Be'Eri,2,1,36,34
1655940164983,MATH 103A,A02,083778,Greenfeld; Be'Eri,1,0,36,35
1655940164983,MATH 103A,A03,093561,Staff,0,1,36,36
1655940164983,MATH 103A,B01,083779,Greenfeld; Be'Eri,7,1,36,29
1655940164983,MATH 103A,B02,083780,Greenfeld; Be'Eri,1,0,36,35
1655940164983,MATH 103A,B03,093562,Staff,0,0,36,36
1655940171022,MATH 105,A01,085443,Carter; Anne Toulson,3,1,35,32
1655940171022,MATH 105,A02,093477,Staff,6,0,35,29
1655940177069,MATH 109,A01,083213,Ganzberger; Geoffrey Michael,0,1,34,34
1655940177069,MATH 109,A02,083214,Ganzberger; Geoffrey Michael,0,0,34,34
1655940177069,MATH 109,A03,093478,Staff,0,0,34,34
1655940177069,MATH 109,B01,083215,Ganzberger; Geoffrey Michael,2,0,32,30
1655940177069,MATH 109,B02,083216,Ganzberger; Geoffrey Michael,0,0,32,32
1655940177069,MATH 109,B03,093479,Staff,4,0,32,28
1655940183104,MATH 142A,A01,083219,Chow; Bennett,0,0,32,32
1655940183104,MATH 142A,A02,083220,Chow; Bennett,7,0,32,25
1655940183104,MATH 142A,A03,093480,Staff,4,0,32,28
1655940183104,MATH 142A,B03,093481,Staff,3,0,32,29
1655940183104,MATH 142A,B04,093558,Staff,6,0,32,26
1655940183104,MATH 142A,B05,093559,Staff,0,0,32,32
1655940189142,MATH 193A,A01,083224,Rotar; Vladimir,1,1,34,33
1655940189142,MATH 193A,A02,083225,Rotar; Vladimir,0,0,34,34
1655940189142,MATH 193A,A03,083781,Rotar; Vladimir,2,0,34,32
1655940189142,MATH 193A,A04,083782,Rotar; Vladimir,2,0,34,32
1655940189142,MATH 193A,A05,093482,Rotar; Vladimir,1,0,34,33
1655940195183,MATH 197,001,091859,McAuley; Julian John,9999,0,9999,0
1655940195183,MATH 197,002,095566,Kedlaya; Kiran S.,9997,0,9999,2
1655940195183,MATH 197,003,095567,Xiao; Ming,9999,0,9999,0
1655940195183,MATH 197,004,095571,Perols; Johan Lars,9998,0,9999,1
1655940202238,COGS 9,A01,083615,Shannon; Kyle Michael,1,1,75,74
1655940208260,COGS 11,A01,083617,Boyle; Mary E. T.,10,1,48,38
1655940214311,COGS 13,A01,083071,Bastos; Amalia Pinkusfeld,3,2,71,68
1655940220335,COGS 14A,A01,092681,Staff,2,26,100,98
1655940226371,COGS 14B,A01,083073,Cheng; Tzu-Han,7,0,63,56
1655940232396,COGS 17,A01,092677,Staff,8,7,81,73
1655940238429,COGS 100,A01,083619,Allen; Michael Gordon,2,2,70,68
1655940244480,COGS 101A,A01,083621,Davis; Joshua Daniel,4,3,68,64
1655940250508,COGS 101B,A01,091572,Allen; Michael Gordon,0,0,65,65
1655940256531,COGS 101C,A01,083625,Delgado; Tania,7,0,35,28
1655940262563,COGS 107A,A01,083627,Boyle; Mary E. T.,1,2,60,59
1655940268605,COGS 118A,A01,083075,Gupta; Anjum,19,16,76,57
1655940274627,CSE 3,A50,083646,Miranda; Gregory Joseph,13,0,50,37
1655940280680,CSE 8A,A50,083650,Miranda; Gregory Joseph,3,11,56,53
1655940286727,CSE 11,A01,083080,Cao; Yingjun,0,68,40,40
1655940292762,CSE 12,A01,083652,Krause-Levy; Sophia Louisa,6,8,120,114
1655940298790,CSE 15L,A01,083654,Morris; Justin Loren,3,1,50,47
1655940298790,CSE 15L,A02,083655,Morris; Justin Loren,1,1,50,49
1655940304822,CSE 20,A01,083657,Tran; Khoa Dang,29,0,80,51
1655940310851,CSE 21,A01,095574,Bach; Quang Tran,23,0,48,25
1655940316898,CSE 30,A01,083084,Eldon; John,2,10,80,78
1655940316898,CSE 30,B01,095061,Bhaskar; Nishant,0,4,50,50
1655940322947,CSE 100,A01,083659,Cao; Yingjun,2,25,70,68
1655940328988,CSE 134B,A01,083661,Powell; Thomas Allan,5,7,100,95
1655940335012,CSE 140,A01,083663,Gungor; Onat,5,0,85,80
1655940341057,CSE 140L,A01,083088,Eldon; John,5,0,100,95
1655940347090,CSE 175,A01,083665,Kumar; Rakesh,1,0,25,24
1655940353111,CSE 190,A00,092507,Dubnov; Shlomo,1,0,20,19
1655940359135,ECE 45,A01,083139,Congero; Spencer William,0,1,75,75
1655940365159,ECE 65,A50,083695,Saad; Andrew S,6,0,30,24
1655940365159,ECE 65,A51,095125,Staff,23,0,26,3
1655940371196,ECE 109,A01,091882,Touri; Behrouz,2,4,70,68
1655940377228,ECE 180,A00,083140,Abi Samra; Nicholas Camill,1,0,30,29
1655940377228,ECE 180,B00,083141,Abi Samra; Nicholas Camill,0,9,28,28
1655940383257,MATH 10A,A01,083735,Patchell; Gregory David,0,0,30,30
1655940383257,MATH 10A,A02,083736,Patchell; Gregory David,21,0,30,9
1655940383257,MATH 10A,A03,083737,Patchell; Gregory David,16,0,30,14
1655940389278,MATH 10B,A01,083207,Lim; Seonhee,1,1,34,33
1655940389278,MATH 10B,A02,083208,Lim; Seonhee,1,1,35,34
1655940389278,MATH 10B,A03,093472,Staff,1,0,34,33
1655940389278,MATH 10B,B01,083739,Sinha; Shubham,10,0,30,20
1655940395303,MATH 18,A01,083743,Cinel; Cameron Alexander,4,0,30,26
1655940395303,MATH 18,A02,083744,Cinel; Cameron Alexander,11,0,30,19
1655940395303,MATH 18,A03,083745,Cinel; Cameron Alexander,1,0,30,29
1655940395303,MATH 18,B01,083748,Ma; Zilu,2,0,36,34
1655940395303,MATH 18,B02,083749,Ma; Zilu,0,0,36,36
1655940395303,MATH 18,B03,083750,Ma; Zilu,0,0,36,36
1655940395303,MATH 18,B04,083751,Ma; Zilu,0,0,36,36
1655940395303,MATH 18,B05,093473,Staff,0,0,36,36
1655940395303,MATH 18,B06,093474,Staff,0,0,36,36
1655940401349,MATH 20A,A01,083754,Zheng; Zequn,10,0,40,30
1655940407405,MATH 20B,A01,083756,Briones; Jor-el Thomas Caparas,0,1,36,36
1655940407405,MATH 20B,A02,083757,Briones; Jor-el Thomas Caparas,1,0,36,35
1655940407405,MATH 20B,A03,093475,Staff,1,0,36,35
1655940413430,MATH 20C,A01,083760,Briones; Jor-el Thomas Caparas,0,2,35,35
1655940413430,MATH 20C,A02,083761,Briones; Jor-el Thomas Caparas,6,1,35,29
1655940413430,MATH 20C,A03,093476,Staff,1,0,35,34
1655940413430,MATH 20C,B01,083762,Bach; Quang Tran,3,0,30,27
1655940419486,MATH 20D,A01,083765,Tran; Brian Kha,1,0,30,29
1655940419486,MATH 20D,A02,083766,Tran; Brian Kha,0,1,30,30
1655940419486,MATH 20D,A03,083767,Tran; Brian Kha,1,0,30,29
1655940425532,MATH 20E,A01,083771,Ganguly; Soumya,0,0,32,32
1655940425532,MATH 20E,A02,083772,Ganguly; Soumya,1,1,32,31
1655940425532,MATH 20E,B01,083773,Ciotti; Benjamin,14,0,35,21
1655940425532,MATH 20E,B02,083774,Ciotti; Benjamin,12,0,35,23
1655940431555,MATH 103A,A01,083777,Greenfeld; Be'Eri,2,1,36,34
1655940431555,MATH 103A,A02,083778,Greenfeld; Be'Eri,2,0,36,34
1655940431555,MATH 103A,A03,093561,Staff,0,1,36,36
1655940431555,MATH 103A,B01,083779,Greenfeld; Be'Eri,7,1,36,29
1655940431555,MATH 103A,B02,083780,Greenfeld; Be'Eri,1,0,36,35
1655940431555,MATH 103A,B03,093562,Staff,0,0,36,36
1655940437598,MATH 105,A01,085443,Carter; Anne Toulson,3,1,35,32
1655940437598,MATH 105,A02,093477,Staff,6,0,35,29
1655940443638,MATH 109,A01,083213,Ganzberger; Geoffrey Michael,0,1,34,34
1655940443638,MATH 109,A02,083214,Ganzberger; Geoffrey Michael,0,0,34,34
1655940443638,MATH 109,A03,093478,Staff,0,0,34,34
1655940443638,MATH 109,B01,083215,Ganzberger; Geoffrey Michael,2,0,32,30
1655940443638,MATH 109,B02,083216,Ganzberger; Geoffrey Michael,0,0,32,32
1655940443638,MATH 109,B03,093479,Staff,4,0,32,28
1655940449675,MATH 142A,A01,083219,Chow; Bennett,0,0,32,32
1655940449675,MATH 142A,A02,083220,Chow; Bennett,7,0,32,25
1655940449675,MATH 142A,A03,093480,Staff,4,0,32,28
1655940449675,MATH 142A,B03,093481,Staff,3,0,32,29
1655940449675,MATH 142A,B04,093558,Staff,6,0,32,26
1655940449675,MATH 142A,B05,093559,Staff,0,0,32,32
1655940455698,MATH 193A,A01,083224,Rotar; Vladimir,1,1,34,33
1655940455698,MATH 193A,A02,083225,Rotar; Vladimir,0,0,34,34
1655940455698,MATH 193A,A03,083781,Rotar; Vladimir,2,0,34,32
1655940455698,MATH 193A,A04,083782,Rotar; Vladimir,2,0,34,32
1655940455698,MATH 193A,A05,093482,Rotar; Vladimir,1,0,34,33
1655940461735,MATH 197,001,091859,McAuley; Julian John,9999,0,9999,0
1655940461735,MATH 197,002,095566,Kedlaya; Kiran S.,9997,0,9999,2
1655940461735,MATH 197,003,095567,Xiao; Ming,9999,0,9999,0
1655940461735,MATH 197,004,095571,Perols; Johan Lars,9998,0,9999,1
1655940468817,COGS 9,A01,083615,Shannon; Kyle Michael,1,1,75,74
1655940474858,COGS 11,A01,083617,Boyle; Mary E. T.,10,1,48,38
1655940480909,COGS 13,A01,083071,Bastos; Amalia Pinkusfeld,3,2,71,68
1655940486946,COGS 14A,A01,092681,Staff,2,26,100,98
1655940493005,COGS 14B,A01,083073,Cheng; Tzu-Han,7,0,63,56
1655940499043,COGS 17,A01,092677,Staff,8,7,81,73
1655940505078,COGS 100,A01,083619,Allen; Michael Gordon,2,2,70,68
1655940511108,COGS 101A,A01,083621,Davis; Joshua Daniel,4,3,68,64
1655940517130,COGS 101B,A01,091572,Allen; Michael Gordon,0,0,65,65
1655940523153,COGS 101C,A01,083625,Delgado; Tania,7,0,35,28
1655940529179,COGS 107A,A01,083627,Boyle; Mary E. T.,1,2,60,59
1655940535201,COGS 118A,A01,083075,Gupta; Anjum,19,16,76,57
1655940541224,CSE 3,A50,083646,Miranda; Gregory Joseph,13,0,50,37
1655940547260,CSE 8A,A50,083650,Miranda; Gregory Joseph,3,11,56,53
1655940553289,CSE 11,A01,083080,Cao; Yingjun,0,68,40,40
1655940559320,CSE 12,A01,083652,Krause-Levy; Sophia Louisa,6,8,120,114
1655940565345,CSE 15L,A01,083654,Morris; Justin Loren,3,1,50,47
1655940565345,CSE 15L,A02,083655,Morris; Justin Loren,1,1,50,49
1655940571379,CSE 20,A01,083657,Tran; Khoa Dang,29,0,80,51
1655940577418,CSE 21,A01,095574,Bach; Quang Tran,23,0,48,25
1655940583447,CSE 30,A01,083084,Eldon; John,2,10,80,78
1655940583447,CSE 30,B01,095061,Bhaskar; Nishant,0,4,50,50
1655940589472,CSE 100,A01,083659,Cao; Yingjun,2,25,70,68
1655940595524,CSE 134B,A01,083661,Powell; Thomas Allan,5,7,100,95
1655940601565,CSE 140,A01,083663,Gungor; Onat,5,0,85,80
1655940607664,CSE 140L,A01,083088,Eldon; John,5,0,100,95
1655940613689,CSE 175,A01,083665,Kumar; Rakesh,1,0,25,24
1655940619766,CSE 190,A00,092507,Dubnov; Shlomo,1,0,20,19
1655940625803,ECE 45,A01,083139,Congero; Spencer William,0,1,75,75
1655940631826,ECE 65,A50,083695,Saad; Andrew S,6,0,30,24
1655940631826,ECE 65,A51,095125,Staff,23,0,26,3
1655940637860,ECE 109,A01,091882,Touri; Behrouz,2,4,70,68
1655940643900,ECE 180,A00,083140,Abi Samra; Nicholas Camill,1,0,30,29
1655940643900,ECE 180,B00,083141,Abi Samra; Nicholas Camill,0,9,28,28
1655940649925,MATH 10A,A01,083735,Patchell; Gregory David,0,0,30,30
1655940649925,MATH 10A,A02,083736,Patchell; Gregory David,21,0,30,9
1655940649925,MATH 10A,A03,083737,Patchell; Gregory David,16,0,30,14
1655940655963,MATH 10B,A01,083207,Lim; Seonhee,1,1,34,33
1655940655963,MATH 10B,A02,083208,Lim; Seonhee,1,1,35,34
1655940655963,MATH 10B,A03,093472,Staff,1,0,34,33
1655940655963,MATH 10B,B01,083739,Sinha; Shubham,10,0,30,20
1655940662008,MATH 18,A01,083743,Cinel; Cameron Alexander,4,0,30,26
1655940662008,MATH 18,A02,083744,Cinel; Cameron Alexander,11,0,30,19
1655940662008,MATH 18,A03,083745,Cinel; Cameron Alexander,1,0,30,29
1655940662008,MATH 18,B01,083748,Ma; Zilu,2,0,36,34
1655940662008,MATH 18,B02,083749,Ma; Zilu,0,0,36,36
1655940662008,MATH 18,B03,083750,Ma; Zilu,0,0,36,36
1655940662008,MATH 18,B04,083751,Ma; Zilu,0,0,36,36
1655940662008,MATH 18,B05,093473,Staff,0,0,36,36
1655940662008,MATH 18,B06,093474,Staff,0,0,36,36
1655940668043,MATH 20A,A01,083754,Zheng; Zequn,10,0,40,30
1655940674075,MATH 20B,A01,083756,Briones; Jor-el Thomas Caparas,0,1,36,36
1655940674075,MATH 20B,A02,083757,Briones; Jor-el Thomas Caparas,1,0,36,35
1655940674075,MATH 20B,A03,093475,Staff,1,0,36,35
1655940680113,MATH 20C,A01,083760,Briones; Jor-el Thomas Caparas,0,2,35,35
1655940680113,MATH 20C,A02,083761,Briones; Jor-el Thomas Caparas,6,1,35,29
1655940680113,MATH 20C,A03,093476,Staff,1,0,35,34
1655940680113,MATH 20C,B01,083762,Bach; Quang Tran,3,0,30,27
1655940686149,MATH 20D,A01,083765,Tran; Brian Kha,1,0,30,29
1655940686149,MATH 20D,A02,083766,Tran; Brian Kha,0,1,30,30
1655940686149,MATH 20D,A03,083767,Tran; Brian Kha,1,0,30,29
1655940692196,MATH 20E,A01,083771,Ganguly; Soumya,0,0,32,32
1655940692196,MATH 20E,A02,083772,Ganguly; Soumya,1,1,32,31
1655940692196,MATH 20E,B01,083773,Ciotti; Benjamin,14,0,35,21
1655940692196,MATH 20E,B02,083774,Ciotti; Benjamin,12,0,35,23
1655940698249,MATH 103A,A01,083777,Greenfeld; Be'Eri,2,1,36,34
1655940698249,MATH 103A,A02,083778,Greenfeld; Be'Eri,2,0,36,34
1655940698249,MATH 103A,A03,093561,Staff,0,1,36,36
1655940698249,MATH 103A,B01,083779,Greenfeld; Be'Eri,7,1,36,29
1655940698249,MATH 103A,B02,083780,Greenfeld; Be'Eri,1,0,36,35
1655940698249,MATH 103A,B03,093562,Staff,0,0,36,36
1655940704293,MATH 105,A01,085443,Carter; Anne Toulson,3,1,35,32
1655940704293,MATH 105,A02,093477,Staff,6,0,35,29
1655940710345,MATH 109,A01,083213,Ganzberger; Geoffrey Michael,0,1,34,34
1655940710345,MATH 109,A02,083214,Ganzberger; Geoffrey Michael,0,0,34,34
1655940710345,MATH 109,A03,093478,Staff,0,0,34,34
1655940710345,MATH 109,B01,083215,Ganzberger; Geoffrey Michael,2,0,32,30
1655940710345,MATH 109,B02,083216,Ganzberger; Geoffrey Michael,0,0,32,32
1655940710345,MATH 109,B03,093479,Staff,4,0,32,28
1655940716375,MATH 142A,A01,083219,Chow; Bennett,0,0,32,32
1655940716375,MATH 142A,A02,083220,Chow; Bennett,7,0,32,25
1655940716375,MATH 142A,A03,093480,Staff,4,0,32,28
1655940716375,MATH 142A,B03,093481,Staff,3,0,32,29
1655940716375,MATH 142A,B04,093558,Staff,6,0,32,26
1655940716375,MATH 142A,B05,093559,Staff,0,0,32,32
1655940722438,MATH 193A,A01,083224,Rotar; Vladimir,1,1,34,33
1655940722438,MATH 193A,A02,083225,Rotar; Vladimir,0,0,34,34
1655940722438,MATH 193A,A03,083781,Rotar; Vladimir,2,0,34,32
1655940722438,MATH 193A,A04,083782,Rotar; Vladimir,2,0,34,32
1655940722438,MATH 193A,A05,093482,Rotar; Vladimir,1,0,34,33
1655940728478,MATH 197,001,091859,McAuley; Julian John,9999,0,9999,0
1655940728478,MATH 197,002,095566,Kedlaya; Kiran S.,9997,0,9999,2
1655940728478,MATH 197,003,095567,Xiao; Ming,9999,0,9999,0
1655940728478,MATH 197,004,095571,Perols; Johan Lars,9998,0,9999,1
1655940735572,COGS 9,A01,083615,Shannon; Kyle Michael,1,1,75,74
1655940741619,COGS 11,A01,083617,Boyle; Mary E. T.,10,1,48,38
1655940747642,COGS 13,A01,083071,Bastos; Amalia Pinkusfeld,3,2,71,68
1655940753680,COGS 14A,A01,092681,Staff,2,26,100,98
1655940759735,COGS 14B,A01,083073,Cheng; Tzu-Han,7,0,63,56
1655940765779,COGS 17,A01,092677,Staff,8,7,81,73
1655940771807,COGS 100,A01,083619,Allen; Michael Gordon,2,2,70,68
1655940777836,COGS 101A,A01,083621,Davis; Joshua Daniel,4,3,68,64
1655940783860,COGS 101B,A01,091572,Allen; Michael Gordon,0,0,65,65
1655940789899,COGS 101C,A01,083625,Delgado; Tania,7,0,35,28
1655940795930,COGS 107A,A01,083627,Boyle; Mary E. T.,1,2,60,59
1655940801965,COGS 118A,A01,083075,Gupta; Anjum,19,16,76,57
1655940807994,CSE 3,A50,083646,Miranda; Gregory Joseph,13,0,50,37
1655940814049,CSE 8A,A50,083650,Miranda; Gregory Joseph,3,11,56,53
1655940820097,CSE 11,A01,083080,Cao; Yingjun,0,68,40,40
1655940826149,CSE 12,A01,083652,Krause-Levy; Sophia Louisa,6,8,120,114
1655940832207,CSE 15L,A01,083654,Morris; Justin Loren,3,1,50,47
1655940832207,CSE 15L,A02,083655,Morris; Justin Loren,1,1,50,49
1655940838253,CSE 20,A01,083657,Tran; Khoa Dang,29,0,80,51
1655940844276,CSE 21,A01,095574,Bach; Quang Tran,23,0,48,25
1655940850316,CSE 30,A01,083084,Eldon; John,2,10,80,78
1655940850316,CSE 30,B01,095061,Bhaskar; Nishant,0,4,50,50
1655940856370,CSE 100,A01,083659,Cao; Yingjun,2,25,70,68
1655940862401,CSE 134B,A01,083661,Powell; Thomas Allan,5,7,100,95
1655940868429,CSE 140,A01,083663,Gungor; Onat,5,0,85,80
1655940874468,CSE 140L,A01,083088,Eldon; John,5,0,100,95
1655940880526,CSE 175,A01,083665,Kumar; Rakesh,1,0,25,24
1655940886571,CSE 190,A00,092507,Dubnov; Shlomo,1,0,20,19
1655940892608,ECE 45,A01,083139,Congero; Spencer William,0,1,75,75
1655940898657,ECE 65,A50,083695,Saad; Andrew S,6,0,30,24
1655940898657,ECE 65,A51,095125,Staff,23,0,26,3
1655940904685,ECE 109,A01,091882,Touri; Behrouz,2,4,70,68
1655940910716,ECE 180,A00,083140,Abi Samra; Nicholas Camill,1,0,30,29
1655940910716,ECE 180,B00,083141,Abi Samra; Nicholas Camill,0,9,28,28
1655940916740,MATH 10A,A01,083735,Patchell; Gregory David,0,0,30,30
1655940916740,MATH 10A,A02,083736,Patchell; Gregory David,21,0,30,9
1655940916740,MATH 10A,A03,083737,Patchell; Gregory David,16,0,30,14
1655940922765,MATH 10B,A01,083207,Lim; Seonhee,1,1,34,33
1655940922765,MATH 10B,A02,083208,Lim; Seonhee,1,1,35,34
1655940922765,MATH 10B,A03,093472,Staff,1,0,34,33
1655940922765,MATH 10B,B01,083739,Sinha; Shubham,10,0,30,20
1655940928808,MATH 18,A01,083743,Cinel; Cameron Alexander,4,0,30,26
1655940928808,MATH 18,A02,083744,Cinel; Cameron Alexander,11,0,30,19
1655940928808,MATH 18,A03,083745,Cinel; Cameron Alexander,1,0,30,29
1655940928808,MATH 18,B01,083748,Ma; Zilu,2,0,36,34
1655940928808,MATH 18,B02,083749,Ma; Zilu,0,0,36,36
1655940928808,MATH 18,B03,083750,Ma; Zilu,0,0,36,36
1655940928808,MATH 18,B04,083751,Ma; Zilu,0,0,36,36
1655940928808,MATH 18,B05,093473,Staff,0,0,36,36
1655940928808,MATH 18,B06,093474,Staff,0,0,36,36
1655940934845,MATH 20A,A01,083754,Zheng; Zequn,10,0,40,30
1655940940876,MATH 20B,A01,083756,Briones; Jor-el Thomas Caparas,0,1,36,36
1655940940876,MATH 20B,A02,083757,Briones; Jor-el Thomas Caparas,1,0,36,35
1655940940876,MATH 20B,A03,093475,Staff,1,0,36,35
1655940946905,MATH 20C,A01,083760,Briones; Jor-el Thomas Caparas,0,2,35,35
1655940946905,MATH 20C,A02,083761,Briones; Jor-el Thomas Caparas,6,1,35,29
1655940946905,MATH 20C,A03,093476,Staff,1,0,35,34
1655940946905,MATH 20C,B01,083762,Bach; Quang Tran,3,0,30,27
1655940952943,MATH 20D,A01,083765,Tran; Brian Kha,1,0,30,29
1655940952943,MATH 20D,A02,083766,Tran; Brian Kha,0,1,30,30
1655940952943,MATH 20D,A03,083767,Tran; Brian Kha,1,0,30,29
1655940958982,MATH 20E,A01,083771,Ganguly; Soumya,0,0,32,32
1655940958982,MATH 20E,A02,083772,Ganguly; Soumya,1,1,32,31
1655940958982,MATH 20E,B01,083773,Ciotti; Benjamin,14,0,35,21
1655940958982,MATH 20E,B02,083774,Ciotti; Benjamin,12,0,35,23
1655940965005,MATH 103A,A01,083777,Greenfeld; Be'Eri,2,1,36,34
1655940965005,MATH 103A,A02,083778,Greenfeld; Be'Eri,2,0,36,34
1655940965005,MATH 103A,A03,093561,Staff,0,1,36,36
1655940965005,MATH 103A,B01,083779,Greenfeld; Be'Eri,7,1,36,29
1655940965005,MATH 103A,B02,083780,Greenfeld; Be'Eri,1,0,36,35
1655940965005,MATH 103A,B03,093562,Staff,0,0,36,36
1655940971047,MATH 105,A01,085443,Carter; Anne Toulson,3,1,35,32
1655940971047,MATH 105,A02,093477,Staff,6,0,35,29
1655940977079,MATH 109,A01,083213,Ganzberger; Geoffrey Michael,0,1,34,34
1655940977079,MATH 109,A02,083214,Ganzberger; Geoffrey Michael,0,0,34,34
1655940977079,MATH 109,A03,093478,Staff,0,0,34,34
1655940977079,MATH 109,B01,083215,Ganzberger; Geoffrey Michael,2,0,32,30
1655940977079,MATH 109,B02,083216,Ganzberger; Geoffrey Michael,0,0,32,32
1655940977079,MATH 109,B03,093479,Staff,4,0,32,28
1655940983111,MATH 142A,A01,083219,Chow; Bennett,0,0,32,32
1655940983111,MATH 142A,A02,083220,Chow; Bennett,7,0,32,25
1655940983111,MATH 142A,A03,093480,Staff,4,0,32,28
1655940983111,MATH 142A,B03,093481,Staff,3,0,32,29
1655940983111,MATH 142A,B04,093558,Staff,6,0,32,26
1655940983111,MATH 142A,B05,093559,Staff,0,0,32,32
1655940989161,MATH 193A,A01,083224,Rotar; Vladimir,1,1,34,33
1655940989161,MATH 193A,A02,083225,Rotar; Vladimir,0,0,34,34
1655940989161,MATH 193A,A03,083781,Rotar; Vladimir,2,0,34,32
1655940989161,MATH 193A,A04,083782,Rotar; Vladimir,2,0,34,32
1655940989161,MATH 193A,A05,093482,Rotar; Vladimir,1,0,34,33
1655940995205,MATH 197,001,091859,McAuley; Julian John,9999,0,9999,0
1655940995205,MATH 197,002,095566,Kedlaya; Kiran S.,9997,0,9999,2
1655940995205,MATH 197,003,095567,Xiao; Ming,9999,0,9999,0
1655940995205,MATH 197,004,095571,Perols; Johan Lars,9998,0,9999,1
1655941002288,COGS 9,A01,083615,Shannon; Kyle Michael,1,1,75,74
1655941008320,COGS 11,A01,083617,Boyle; Mary E. T.,10,1,48,38
1655941014364,COGS 13,A01,083071,Bastos; Amalia Pinkusfeld,3,2,71,68
1655941020388,COGS 14A,A01,092681,Staff,2,26,100,98
1655941026412,COGS 14B,A01,083073,Cheng; Tzu-Han,7,0,63,56
1655941032459,COGS 17,A01,092677,Staff,8,7,81,73
1655941038500,COGS 100,A01,083619,Allen; Michael Gordon,2,2,70,68
1655941044548,COGS 101A,A01,083621,Davis; Joshua Daniel,4,3,68,64
1655941050599,COGS 101B,A01,091572,Allen; Michael Gordon,0,0,65,65
1655941056621,COGS 101C,A01,083625,Delgado; Tania,7,0,35,28
1655941062655,COGS 107A,A01,083627,Boyle; Mary E. T.,1,2,60,59
1655941068682,COGS 118A,A01,083075,Gupta; Anjum,19,16,76,57
1655941074726,CSE 3,A50,083646,Miranda; Gregory Joseph,14,0,50,36
1655941080777,CSE 8A,A50,083650,Miranda; Gregory Joseph,3,11,56,53
1655941086836,CSE 11,A01,083080,Cao; Yingjun,0,68,40,40
1655941092869,CSE 12,A01,083652,Krause-Levy; Sophia Louisa,6,8,120,114
1655941098903,CSE 15L,A01,083654,Morris; Justin Loren,3,1,50,47
1655941098903,CSE 15L,A02,083655,Morris; Justin Loren,1,1,50,49
1655941104934,CSE 20,A01,083657,Tran; Khoa Dang,29,0,80,51
1655941110976,CSE 21,A01,095574,Bach; Quang Tran,23,0,48,25
1655941117025,CSE 30,A01,083084,Eldon; John,2,10,80,78
1655941117025,CSE 30,B01,095061,Bhaskar; Nishant,0,4,50,50
1655941123071,CSE 100,A01,083659,Cao; Yingjun,2,25,70,68
1655941129104,CSE 134B,A01,083661,Powell; Thomas Allan,5,7,100,95
1655941135147,CSE 140,A01,083663,Gungor; Onat,5,0,85,80
1655941141177,CSE 140L,A01,083088,Eldon; John,5,0,100,95
1655941147200,CSE 175,A01,083665,Kumar; Rakesh,1,0,25,24
1655941153235,CSE 190,A00,092507,Dubnov; Shlomo,1,0,20,19
1655941159282,ECE 45,A01,083139,Congero; Spencer William,0,1,75,75
1655941165322,ECE 65,A50,083695,Saad; Andrew S,6,0,30,24
1655941165322,ECE 65,A51,095125,Staff,23,0,26,3
1655941171362,ECE 109,A01,091882,Touri; Behrouz,2,4,70,68
1655941177396,ECE 180,A00,083140,Abi Samra; Nicholas Camill,1,0,30,29
1655941177396,ECE 180,B00,083141,Abi Samra; Nicholas Camill,0,9,28,28
1655941183424,MATH 10A,A01,083735,Patchell; Gregory David,0,0,30,30
1655941183424,MATH 10A,A02,083736,Patchell; Gregory David,21,0,30,9
1655941183424,MATH 10A,A03,083737,Patchell; Gregory David,16,0,30,14
1655941189462,MATH 10B,A01,083207,Lim; Seonhee,1,1,34,33
1655941189462,MATH 10B,A02,083208,Lim; Seonhee,1,1,35,34
1655941189462,MATH 10B,A03,093472,Staff,1,0,34,33
1655941189462,MATH 10B,B01,083739,Sinha; Shubham,10,0,30,20
1655941195506,MATH 18,A01,083743,Cinel; Cameron Alexander,4,0,30,26
1655941195506,MATH 18,A02,083744,Cinel; Cameron Alexander,11,0,30,19
1655941195506,MATH 18,A03,083745,Cinel; Cameron Alexander,1,0,30,29
1655941195506,MATH 18,B01,083748,Ma; Zilu,2,0,36,34
1655941195506,MATH 18,B02,083749,Ma; Zilu,0,0,36,36
1655941195506,MATH 18,B03,083750,Ma; Zilu,0,0,36,36
1655941195506,MATH 18,B04,083751,Ma; Zilu,0,0,36,36
1655941195506,MATH 18,B05,093473,Staff,0,0,36,36
1655941195506,MATH 18,B06,093474,Staff,0,0,36,36
1655941201558,MATH 20A,A01,083754,Zheng; Zequn,10,0,40,30
1655941207692,MATH 20B,A01,083756,Briones; Jor-el Thomas Caparas,0,1,36,36
1655941207692,MATH 20B,A02,083757,Briones; Jor-el Thomas Caparas,1,0,36,35
1655941207692,MATH 20B,A03,093475,Staff,1,0,36,35
1655941213727,MATH 20C,A01,083760,Briones; Jor-el Thomas Caparas,0,2,35,35
1655941213727,MATH 20C,A02,083761,Briones; Jor-el Thomas Caparas,6,1,35,29
1655941213727,MATH 20C,A03,093476,Staff,1,0,35,34
1655941213727,MATH 20C,B01,083762,Bach; Quang Tran,3,0,30,27
1655941219781,MATH 20D,A01,083765,Tran; Brian Kha,1,0,30,29
1655941219781,MATH 20D,A02,083766,Tran; Brian Kha,0,1,30,30
1655941219781,MATH 20D,A03,083767,Tran; Brian Kha,1,0,30,29
1655941225807,MATH 20E,A01,083771,Ganguly; Soumya,0,0,32,32
1655941225807,MATH 20E,A02,083772,Ganguly; Soumya,1,1,32,31
1655941225807,MATH 20E,B01,083773,Ciotti; Benjamin,14,0,35,21
1655941225807,MATH 20E,B02,083774,Ciotti; Benjamin,12,0,35,23
1655941231836,MATH 103A,A01,083777,Greenfeld; Be'Eri,2,1,36,34
1655941231836,MATH 103A,A02,083778,Greenfeld; Be'Eri,2,0,36,34
1655941231836,MATH 103A,A03,093561,Staff,0,1,36,36
1655941231836,MATH 103A,B01,083779,Greenfeld; Be'Eri,7,1,36,29
1655941231836,MATH 103A,B02,083780,Greenfeld; Be'Eri,1,0,36,35
1655941231836,MATH 103A,B03,093562,Staff,0,0,36,36
1655941237874,MATH 105,A01,085443,Carter; Anne Toulson,3,1,35,32
1655941237874,MATH 105,A02,093477,Staff,6,0,35,29
1655941243928,MATH 109,A01,083213,Ganzberger; Geoffrey Michael,0,1,34,34
1655941243928,MATH 109,A02,083214,Ganzberger; Geoffrey Michael,0,0,34,34
1655941243928,MATH 109,A03,093478,Staff,0,0,34,34
1655941243928,MATH 109,B01,083215,Ganzberger; Geoffrey Michael,2,0,32,30
1655941243928,MATH 109,B02,083216,Ganzberger; Geoffrey Michael,0,0,32,32
1655941243928,MATH 109,B03,093479,Staff,4,0,32,28
1655941249963,MATH 142A,A01,083219,Chow; Bennett,0,0,32,32
1655941249963,MATH 142A,A02,083220,Chow; Bennett,7,0,32,25
1655941249963,MATH 142A,A03,093480,Staff,4,0,32,28
1655941249963,MATH 142A,B03,093481,Staff,3,0,32,29
1655941249963,MATH 142A,B04,093558,Staff,6,0,32,26
1655941249963,MATH 142A,B05,093559,Staff,0,0,32,32
1655941256001,MATH 193A,A01,083224,Rotar; Vladimir,1,1,34,33
1655941256001,MATH 193A,A02,083225,Rotar; Vladimir,0,0,34,34
1655941256001,MATH 193A,A03,083781,Rotar; Vladimir,2,0,34,32
1655941256001,MATH 193A,A04,083782,Rotar; Vladimir,2,0,34,32
1655941256001,MATH 193A,A05,093482,Rotar; Vladimir,1,0,34,33
1655941262030,MATH 197,001,091859,McAuley; Julian John,9999,0,9999,0
1655941262030,MATH 197,002,095566,Kedlaya; Kiran S.,9997,0,9999,2
1655941262030,MATH 197,003,095567,Xiao; Ming,9999,0,9999,0
1655941262030,MATH 197,004,095571,Perols; Johan Lars,9998,0,9999,1
1655941269134,COGS 9,A01,083615,Shannon; Kyle Michael,1,1,75,74
1655941275162,COGS 11,A01,083617,Boyle; Mary E. T.,10,1,48,38
1655941281213,COGS 13,A01,083071,Bastos; Amalia Pinkusfeld,3,2,71,68
1655941287237,COGS 14A,A01,092681,Staff,2,26,100,98
1655941293283,COGS 14B,A01,083073,Cheng; Tzu-Han,7,0,63,56
1655941299317,COGS 17,A01,092677,Staff,8,7,81,73
1655941305351,COGS 100,A01,083619,Allen; Michael Gordon,2,2,70,68
1655941311393,COGS 101A,A01,083621,Davis; Joshua Daniel,4,3,68,64
1655941317417,COGS 101B,A01,091572,Allen; Michael Gordon,0,0,65,65
1655941323462,COGS 101C,A01,083625,Delgado; Tania,7,0,35,28
1655941329495,COGS 107A,A01,083627,Boyle; Mary E. T.,1,2,60,59
1655941335531,COGS 118A,A01,083075,Gupta; Anjum,19,16,76,57
1655941341560,CSE 3,A50,083646,Miranda; Gregory Joseph,14,0,50,36
1655941347595,CSE 8A,A50,083650,Miranda; Gregory Joseph,3,11,56,53
1655941353646,CSE 11,A01,083080,Cao; Yingjun,0,68,40,40
1655941359682,CSE 12,A01,083652,Krause-Levy; Sophia Louisa,6,8,120,114
1655941365714,CSE 15L,A01,083654,Morris; Justin Loren,3,1,50,47
1655941365714,CSE 15L,A02,083655,Morris; Justin Loren,1,1,50,49
1655941371756,CSE 20,A01,083657,Tran; Khoa Dang,29,0,80,51
1655941377793,CSE 21,A01,095574,Bach; Quang Tran,23,0,48,25
1655941383827,CSE 30,A01,083084,Eldon; John,2,10,80,78
1655941383827,CSE 30,B01,095061,Bhaskar; Nishant,0,4,50,50
1655941389861,CSE 100,A01,083659,Cao; Yingjun,2,25,70,68
1655941395906,CSE 134B,A01,083661,Powell; Thomas Allan,5,7,100,95
1655941401952,CSE 140,A01,083663,Gungor; Onat,5,0,85,80
1655941407998,CSE 140L,A01,083088,Eldon; John,5,0,100,95
1655941414022,CSE 175,A01,083665,Kumar; Rakesh,1,0,25,24
1655941420047,CSE 190,A00,092507,Dubnov; Shlomo,1,0,20,19
1655941426079,ECE 45,A01,083139,Congero; Spencer William,0,1,75,75
1655941432117,ECE 65,A50,083695,Saad; Andrew S,6,0,30,24
1655941432117,ECE 65,A51,095125,Staff,23,0,26,3
1655941438153,ECE 109,A01,091882,Touri; Behrouz,2,4,70,68
1655941444179,ECE 180,A00,083140,Abi Samra; Nicholas Camill,1,0,30,29
1655941444179,ECE 180,B00,083141,Abi Samra; Nicholas Camill,0,9,28,28
1655941450216,MATH 10A,A01,083735,Patchell; Gregory David,0,0,30,30
1655941450216,MATH 10A,A02,083736,Patchell; Gregory David,21,0,30,9
1655941450216,MATH 10A,A03,083737,Patchell; Gregory David,16,0,30,14
1655941456248,MATH 10B,A01,083207,Lim; Seonhee,1,1,34,33
1655941456248,MATH 10B,A02,083208,Lim; Seonhee,1,1,35,34
1655941456248,MATH 10B,A03,093472,Staff,1,0,34,33
1655941456248,MATH 10B,B01,083739,Sinha; Shubham,10,0,30,20
1655941462291,MATH 18,A01,083743,Cinel; Cameron Alexander,4,0,30,26
1655941462291,MATH 18,A02,083744,Cinel; Cameron Alexander,11,0,30,19
1655941462291,MATH 18,A03,083745,Cinel; Cameron Alexander,1,0,30,29
1655941462291,MATH 18,B01,083748,Ma; Zilu,2,0,36,34
1655941462291,MATH 18,B02,083749,Ma; Zilu,0,0,36,36
1655941462291,MATH 18,B03,083750,Ma; Zilu,0,0,36,36
1655941462291,MATH 18,B04,083751,Ma; Zilu,0,0,36,36
1655941462291,MATH 18,B05,093473,Staff,0,0,36,36
1655941462291,MATH 18,B06,093474,Staff,0,0,36,36
1655941468326,MATH 20A,A01,083754,Zheng; Zequn,10,0,40,30
1655941474364,MATH 20B,A01,083756,Briones; Jor-el Thomas Caparas,0,1,36,36
1655941474364,MATH 20B,A02,083757,Briones; Jor-el Thomas Caparas,1,0,36,35
1655941474364,MATH 20B,A03,093475,Staff,1,0,36,35
1655941480394,MATH 20C,A01,083760,Briones; Jor-el Thomas Caparas,0,2,35,35
1655941480394,MATH 20C,A02,083761,Briones; Jor-el Thomas Caparas,6,1,35,29
1655941480394,MATH 20C,A03,093476,Staff,1,0,35,34
1655941480394,MATH 20C,B01,083762,Bach; Quang Tran,3,0,30,27
1655941486419,MATH 20D,A01,083765,Tran; Brian Kha,1,0,30,29
1655941486419,MATH 20D,A02,083766,Tran; Brian Kha,0,1,30,30
1655941486419,MATH 20D,A03,083767,Tran; Brian Kha,1,0,30,29
1655941492456,MATH 20E,A01,083771,Ganguly; Soumya,0,0,32,32
1655941492456,MATH 20E,A02,083772,Ganguly; Soumya,1,1,32,31
1655941492456,MATH 20E,B01,083773,Ciotti; Benjamin,14,0,35,21
1655941492456,MATH 20E,B02,083774,Ciotti; Benjamin,12,0,35,23
1655941498490,MATH 103A,A01,083777,Greenfeld; Be'Eri,2,1,36,34
1655941498490,MATH 103A,A02,083778,Greenfeld; Be'Eri,2,0,36,34
1655941498490,MATH 103A,A03,093561,Staff,0,1,36,36
1655941498490,MATH 103A,B01,083779,Greenfeld; Be'Eri,7,1,36,29
1655941498490,MATH 103A,B02,083780,Greenfeld; Be'Eri,1,0,36,35
1655941498490,MATH 103A,B03,093562,Staff,0,0,36,36
1655941504534,MATH 105,A01,085443,Carter; Anne Toulson,3,1,35,32
1655941504534,MATH 105,A02,093477,Staff,6,0,35,29
1655941510561,MATH 109,A01,083213,Ganzberger; Geoffrey Michael,0,1,34,34
1655941510561,MATH 109,A02,083214,Ganzberger; Geoffrey Michael,0,0,34,34
1655941510561,MATH 109,A03,093478,Staff,0,0,34,34
1655941510561,MATH 109,B01,083215,Ganzberger; Geoffrey Michael,2,0,32,30
1655941510561,MATH 109,B02,083216,Ganzberger; Geoffrey Michael,0,0,32,32
1655941510561,MATH 109,B03,093479,Staff,4,0,32,28
1655941516601,MATH 142A,A01,083219,Chow; Bennett,0,0,32,32
1655941516601,MATH 142A,A02,083220,Chow; Bennett,7,0,32,25
1655941516601,MATH 142A,A03,093480,Staff,4,0,32,28
1655941516601,MATH 142A,B03,093481,Staff,3,0,32,29
1655941516601,MATH 142A,B04,093558,Staff,6,0,32,26
1655941516601,MATH 142A,B05,093559,Staff,0,0,32,32
1655941522626,MATH 193A,A01,083224,Rotar; Vladimir,1,1,34,33
1655941522626,MATH 193A,A02,083225,Rotar; Vladimir,0,0,34,34
1655941522626,MATH 193A,A03,083781,Rotar; Vladimir,2,0,34,32
1655941522626,MATH 193A,A04,083782,Rotar; Vladimir,2,0,34,32
1655941522626,MATH 193A,A05,093482,Rotar; Vladimir,1,0,34,33
1655941528654,MATH 197,001,091859,McAuley; Julian John,9999,0,9999,0
1655941528654,MATH 197,002,095566,Kedlaya; Kiran S.,9997,0,9999,2
1655941528654,MATH 197,003,095567,Xiao; Ming,9999,0,9999,0
1655941528654,MATH 197,004,095571,Perols; Johan Lars,9998,0,9999,1
1655941535744,COGS 9,A01,083615,Shannon; Kyle Michael,1,1,75,74
1655941541771,COGS 11,A01,083617,Boyle; Mary E. T.,10,1,48,38
1655941547793,COGS 13,A01,083071,Bastos; Amalia Pinkusfeld,3,2,71,68
1655941553826,COGS 14A,A01,092681,Staff,2,26,100,98
1655941559865,COGS 14B,A01,083073,Cheng; Tzu-Han,7,0,63,56
1655941565914,COGS 17,A01,092677,Staff,8,7,81,73
1655941571937,COGS 100,A01,083619,Allen; Michael Gordon,2,2,70,68
1655941577970,COGS 101A,A01,083621,Davis; Joshua Daniel,4,3,68,64
1655941583994,COGS 101B,A01,091572,Allen; Michael Gordon,0,0,65,65
1655941590017,COGS 101C,A01,083625,Delgado; Tania,7,0,35,28
1655941596050,COGS 107A,A01,083627,Boyle; Mary E. T.,1,2,60,59
1655941602077,COGS 118A,A01,083075,Gupta; Anjum,19,16,76,57
1655941608102,CSE 3,A50,083646,Miranda; Gregory Joseph,14,0,50,36
1655941614156,CSE 8A,A50,083650,Miranda; Gregory Joseph,3,11,56,53
1655941620182,CSE 11,A01,083080,Cao; Yingjun,0,68,40,40
1655941626213,CSE 12,A01,083652,Krause-Levy; Sophia Louisa,6,8,120,114
1655941632237,CSE 15L,A01,083654,Morris; Justin Loren,3,1,50,47
1655941632237,CSE 15L,A02,083655,Morris; Justin Loren,1,1,50,49
1655941638270,CSE 20,A01,083657,Tran; Khoa Dang,29,0,80,51
1655941644316,CSE 21,A01,095574,Bach; Quang Tran,23,0,48,25
1655941650357,CSE 30,A01,083084,Eldon; John,2,10,80,78
1655941650357,CSE 30,B01,095061,Bhaskar; Nishant,0,4,50,50
1655941656412,CSE 100,A01,083659,Cao; Yingjun,2,25,70,68
1655941662435,CSE 134B,A01,083661,Powell; Thomas Allan,5,7,100,95
1655941668480,CSE 140,A01,083663,Gungor; Onat,5,0,85,80
1655941674515,CSE 140L,A01,083088,Eldon; John,5,0,100,95
1655941680550,CSE 175,A01,083665,Kumar; Rakesh,1,0,25,24
1655941686580,CSE 190,A00,092507,Dubnov; Shlomo,1,0,20,19
1655941692607,ECE 45,A01,083139,Congero; Spencer William,0,1,75,75
1655941698651,ECE 65,A50,083695,Saad; Andrew S,6,0,30,24
1655941698651,ECE 65,A51,095125,Staff,23,0,26,3
1655941704685,ECE 109,A01,091882,Touri; Behrouz,2,4,70,68
1655941710709,ECE 180,A00,083140,Abi Samra; Nicholas Camill,1,0,30,29
1655941710709,ECE 180,B00,083141,Abi Samra; Nicholas Camill,0,9,28,28
1655941716750,MATH 10A,A01,083735,Patchell; Gregory David,0,0,30,30
1655941716750,MATH 10A,A02,083736,Patchell; Gregory David,21,0,30,9
1655941716750,MATH 10A,A03,083737,Patchell; Gregory David,16,0,30,14
1655941722781,MATH 10B,A01,083207,Lim; Seonhee,1,1,34,33
1655941722781,MATH 10B,A02,083208,Lim; Seonhee,1,1,35,34
1655941722781,MATH 10B,A03,093472,Staff,1,0,34,33
1655941722781,MATH 10B,B01,083739,Sinha; Shubham,10,0,30,20
1655941728827,MATH 18,A01,083743,Cinel; Cameron Alexander,4,0,30,26
1655941728827,MATH 18,A02,083744,Cinel; Cameron Alexander,11,0,30,19
1655941728827,MATH 18,A03,083745,Cinel; Cameron Alexander,1,0,30,29
1655941728827,MATH 18,B01,083748,Ma; Zilu,2,0,36,34
1655941728827,MATH 18,B02,083749,Ma; Zilu,0,0,36,36
1655941728827,MATH 18,B03,083750,Ma; Zilu,0,0,36,36
1655941728827,MATH 18,B04,083751,Ma; Zilu,0,0,36,36
1655941728827,MATH 18,B05,093473,Staff,0,0,36,36
1655941728827,MATH 18,B06,093474,Staff,0,0,36,36
1655941734887,MATH 20A,A01,083754,Zheng; Zequn,10,0,40,30
1655941740915,MATH 20B,A01,083756,Briones; Jor-el Thomas Caparas,0,1,36,36
1655941740915,MATH 20B,A02,083757,Briones; Jor-el Thomas Caparas,1,0,36,35
1655941740915,MATH 20B,A03,093475,Staff,1,0,36,35
1655941746950,MATH 20C,A01,083760,Briones; Jor-el Thomas Caparas,0,2,35,35
1655941746950,MATH 20C,A02,083761,Briones; Jor-el Thomas Caparas,6,1,35,29
1655941746950,MATH 20C,A03,093476,Staff,1,0,35,34
1655941746950,MATH 20C,B01,083762,Bach; Quang Tran,3,0,30,27
1655941752989,MATH 20D,A01,083765,Tran; Brian Kha,1,0,30,29
1655941752989,MATH 20D,A02,083766,Tran; Brian Kha,0,1,30,30
1655941752989,MATH 20D,A03,083767,Tran; Brian Kha,1,0,30,29
1655941759014,MATH 20E,A01,083771,Ganguly; Soumya,0,0,32,32
1655941759014,MATH 20E,A02,083772,Ganguly; Soumya,1,1,32,31
1655941759014,MATH 20E,B01,083773,Ciotti; Benjamin,14,0,35,21
1655941759014,MATH 20E,B02,083774,Ciotti; Benjamin,12,0,35,23
1655941765062,MATH 103A,A01,083777,Greenfeld; Be'Eri,2,1,36,34
1655941765062,MATH 103A,A02,083778,Greenfeld; Be'Eri,2,0,36,34
1655941765062,MATH 103A,A03,093561,Staff,0,1,36,36
1655941765062,MATH 103A,B01,083779,Greenfeld; Be'Eri,7,1,36,29
1655941765062,MATH 103A,B02,083780,Greenfeld; Be'Eri,1,0,36,35
1655941765062,MATH 103A,B03,093562,Staff,0,0,36,36
1655941771103,MATH 105,A01,085443,Carter; Anne Toulson,3,1,35,32
1655941771103,MATH 105,A02,093477,Staff,6,0,35,29
1655941777160,MATH 109,A01,083213,Ganzberger; Geoffrey Michael,0,1,34,34
1655941777160,MATH 109,A02,083214,Ganzberger; Geoffrey Michael,0,0,34,34
1655941777160,MATH 109,A03,093478,Staff,0,0,34,34
1655941777160,MATH 109,B01,083215,Ganzberger; Geoffrey Michael,2,0,32,30
1655941777160,MATH 109,B02,083216,Ganzberger; Geoffrey Michael,0,0,32,32
1655941777160,MATH 109,B03,093479,Staff,4,0,32,28
1655941783214,MATH 142A,A01,083219,Chow; Bennett,0,0,32,32
1655941783214,MATH 142A,A02,083220,Chow; Bennett,7,0,32,25
1655941783214,MATH 142A,A03,093480,Staff,4,0,32,28
1655941783214,MATH 142A,B03,093481,Staff,3,0,32,29
1655941783214,MATH 142A,B04,093558,Staff,6,0,32,26
1655941783214,MATH 142A,B05,093559,Staff,0,0,32,32
1655941789236,MATH 193A,A01,083224,Rotar; Vladimir,1,1,34,33
1655941789236,MATH 193A,A02,083225,Rotar; Vladimir,0,0,34,34
1655941789236,MATH 193A,A03,083781,Rotar; Vladimir,2,0,34,32
1655941789236,MATH 193A,A04,083782,Rotar; Vladimir,2,0,34,32
1655941789236,MATH 193A,A05,093482,Rotar; Vladimir,1,0,34,33
1655941795288,MATH 197,001,091859,McAuley; Julian John,9999,0,9999,0
1655941795288,MATH 197,002,095566,Kedlaya; Kiran S.,9997,0,9999,2
1655941795288,MATH 197,003,095567,Xiao; Ming,9999,0,9999,0
1655941795288,MATH 197,004,095571,Perols; Johan Lars,9998,0,9999,1
1655941802475,COGS 9,A01,083615,Shannon; Kyle Michael,1,1,75,74
1655941808500,COGS 11,A01,083617,Boyle; Mary E. T.,10,1,48,38
1655941814542,COGS 13,A01,083071,Bastos; Amalia Pinkusfeld,3,2,71,68
1655941820571,COGS 14A,A01,092681,Staff,2,26,100,98
1655941826593,COGS 14B,A01,083073,Cheng; Tzu-Han,7,0,63,56
1655941832636,COGS 17,A01,092677,Staff,8,7,81,73
1655941838664,COGS 100,A01,083619,Allen; Michael Gordon,2,2,70,68
1655941844694,COGS 101A,A01,083621,Davis; Joshua Daniel,4,3,68,64
1655941850736,COGS 101B,A01,091572,Allen; Michael Gordon,0,0,65,65
1655941856787,COGS 101C,A01,083625,Delgado; Tania,7,0,35,28
1655941862829,COGS 107A,A01,083627,Boyle; Mary E. T.,1,2,60,59
1655941868852,COGS 118A,A01,083075,Gupta; Anjum,19,16,76,57
1655941874892,CSE 3,A50,083646,Miranda; Gregory Joseph,14,0,50,36
1655941880924,CSE 8A,A50,083650,Miranda; Gregory Joseph,3,11,56,53
1655941886971,CSE 11,A01,083080,Cao; Yingjun,0,68,40,40
1655941893001,CSE 12,A01,083652,Krause-Levy; Sophia Louisa,6,8,120,114
1655941899029,CSE 15L,A01,083654,Morris; Justin Loren,3,1,50,47
1655941899029,CSE 15L,A02,083655,Morris; Justin Loren,1,1,50,49
1655941905056,CSE 20,A01,083657,Tran; Khoa Dang,29,0,80,51
1655941911096,CSE 21,A01,095574,Bach; Quang Tran,23,0,48,25
1655941917133,CSE 30,A01,083084,Eldon; John,2,10,80,78
1655941917133,CSE 30,B01,095061,Bhaskar; Nishant,0,4,50,50
1655941923166,CSE 100,A01,083659,Cao; Yingjun,2,25,70,68
1655941929202,CSE 134B,A01,083661,Powell; Thomas Allan,5,7,100,95
1655941935247,CSE 140,A01,083663,Gungor; Onat,5,0,85,80
1655941941273,CSE 140L,A01,083088,Eldon; John,5,0,100,95
1655941947333,CSE 175,A01,083665,Kumar; Rakesh,1,0,25,24
1655941953366,CSE 190,A00,092507,Dubnov; Shlomo,1,0,20,19
1655941959392,ECE 45,A01,083139,Congero; Spencer William,0,1,75,75
1655941965425,ECE 65,A50,083695,Saad; Andrew S,6,0,30,24
1655941965425,ECE 65,A51,095125,Staff,23,0,26,3
1655941971451,ECE 109,A01,091882,Touri; Behrouz,2,4,70,68
1655941977484,ECE 180,A00,083140,Abi Samra; Nicholas Camill,1,0,30,29
1655941977484,ECE 180,B00,083141,Abi Samra; Nicholas Camill,0,9,28,28
1655941983531,MATH 10A,A01,083735,Patchell; Gregory David,0,0,30,30
1655941983531,MATH 10A,A02,083736,Patchell; Gregory David,21,0,30,9
1655941983531,MATH 10A,A03,083737,Patchell; Gregory David,16,0,30,14
1655941989565,MATH 10B,A01,083207,Lim; Seonhee,1,1,34,33
1655941989565,MATH 10B,A02,083208,Lim; Seonhee,1,1,35,34
1655941989565,MATH 10B,A03,093472,Staff,1,0,34,33
1655941989565,MATH 10B,B01,083739,Sinha; Shubham,10,0,30,20
1655941995597,MATH 18,A01,083743,Cinel; Cameron Alexander,4,0,30,26
1655941995597,MATH 18,A02,083744,Cinel; Cameron Alexander,11,0,30,19
1655941995597,MATH 18,A03,083745,Cinel; Cameron Alexander,1,0,30,29
1655941995597,MATH 18,B01,083748,Ma; Zilu,2,0,36,34
1655941995597,MATH 18,B02,083749,Ma; Zilu,0,0,36,36
1655941995597,MATH 18,B03,083750,Ma; Zilu,0,0,36,36
1655941995597,MATH 18,B04,083751,Ma; Zilu,0,0,36,36
1655941995597,MATH 18,B05,093473,Staff,0,0,36,36
1655941995597,MATH 18,B06,093474,Staff,0,0,36,36
1655942001630,MATH 20A,A01,083754,Zheng; Zequn,10,0,40,30
1655942007682,MATH 20B,A01,083756,Briones; Jor-el Thomas Caparas,0,1,36,36
1655942007682,MATH 20B,A02,083757,Briones; Jor-el Thomas Caparas,1,0,36,35
1655942007682,MATH 20B,A03,093475,Staff,1,0,36,35
1655942013717,MATH 20C,A01,083760,Briones; Jor-el Thomas Caparas,0,2,35,35
1655942013717,MATH 20C,A02,083761,Briones; Jor-el Thomas Caparas,6,1,35,29
1655942013717,MATH 20C,A03,093476,Staff,1,0,35,34
1655942013717,MATH 20C,B01,083762,Bach; Quang Tran,3,0,30,27
1655942019755,MATH 20D,A01,083765,Tran; Brian Kha,1,0,30,29
1655942019755,MATH 20D,A02,083766,Tran; Brian Kha,0,1,30,30
1655942019755,MATH 20D,A03,083767,Tran; Brian Kha,1,0,30,29
1655942025789,MATH 20E,A01,083771,Ganguly; Soumya,0,0,32,32
1655942025789,MATH 20E,A02,083772,Ganguly; Soumya,1,1,32,31
1655942025789,MATH 20E,B01,083773,Ciotti; Benjamin,14,0,35,21
1655942025789,MATH 20E,B02,083774,Ciotti; Benjamin,12,0,35,23
1655942031814,MATH 103A,A01,083777,Greenfeld; Be'Eri,2,1,36,34
1655942031814,MATH 103A,A02,083778,Greenfeld; Be'Eri,2,0,36,34
1655942031814,MATH 103A,A03,093561,Staff,0,1,36,36
1655942031814,MATH 103A,B01,083779,Greenfeld; Be'Eri,7,1,36,29
1655942031814,MATH 103A,B02,083780,Greenfeld; Be'Eri,1,0,36,35
1655942031814,MATH 103A,B03,093562,Staff,0,0,36,36
1655942037847,MATH 105,A01,085443,Carter; Anne Toulson,3,1,35,32
1655942037847,MATH 105,A02,093477,Staff,6,0,35,29
1655942043877,MATH 109,A01,083213,Ganzberger; Geoffrey Michael,0,1,34,34
1655942043877,MATH 109,A02,083214,Ganzberger; Geoffrey Michael,0,0,34,34
1655942043877,MATH 109,A03,093478,Staff,0,0,34,34
1655942043877,MATH 109,B01,083215,Ganzberger; Geoffrey Michael,2,0,32,30
1655942043877,MATH 109,B02,083216,Ganzberger; Geoffrey Michael,0,0,32,32
1655942043877,MATH 109,B03,093479,Staff,4,0,32,28
1655942049899,MATH 142A,A01,083219,Chow; Bennett,0,0,32,32
1655942049899,MATH 142A,A02,083220,Chow; Bennett,7,0,32,25
1655942049899,MATH 142A,A03,093480,Staff,4,0,32,28
1655942049899,MATH 142A,B03,093481,Staff,3,0,32,29
1655942049899,MATH 142A,B04,093558,Staff,6,0,32,26
1655942049899,MATH 142A,B05,093559,Staff,0,0,32,32
1655942055926,MATH 193A,A01,083224,Rotar; Vladimir,1,1,34,33
1655942055926,MATH 193A,A02,083225,Rotar; Vladimir,0,0,34,34
1655942055926,MATH 193A,A03,083781,Rotar; Vladimir,2,0,34,32
1655942055926,MATH 193A,A04,083782,Rotar; Vladimir,2,0,34,32
1655942055926,MATH 193A,A05,093482,Rotar; Vladimir,1,0,34,33
1655942061948,MATH 197,001,091859,McAuley; Julian John,9999,0,9999,0
1655942061948,MATH 197,002,095566,Kedlaya; Kiran S.,9997,0,9999,2
1655942061948,MATH 197,003,095567,Xiao; Ming,9999,0,9999,0
1655942061948,MATH 197,004,095571,Perols; Johan Lars,9998,0,9999,1
1655942069013,COGS 9,A01,083615,Shannon; Kyle Michael,1,1,75,74
1655942075066,COGS 11,A01,083617,Boyle; Mary E. T.,10,1,48,38
1655942081097,COGS 13,A01,083071,Bastos; Amalia Pinkusfeld,3,2,71,68
1655942087120,COGS 14A,A01,092681,Staff,2,26,100,98
1655942093143,COGS 14B,A01,083073,Cheng; Tzu-Han,7,0,63,56
1655942099174,COGS 17,A01,092677,Staff,8,7,81,73
1655942105224,COGS 100,A01,083619,Allen; Michael Gordon,2,2,70,68
1655942111267,COGS 101A,A01,083621,Davis; Joshua Daniel,4,3,68,64
1655942117300,COGS 101B,A01,091572,Allen; Michael Gordon,0,0,65,65
1655942123335,COGS 101C,A01,083625,Delgado; Tania,7,0,35,28
1655942129365,COGS 107A,A01,083627,Boyle; Mary E. T.,1,2,60,59
1655942135401,COGS 118A,A01,083075,Gupta; Anjum,19,16,76,57
1655942141452,CSE 3,A50,083646,Miranda; Gregory Joseph,14,0,50,36
1655942147480,CSE 8A,A50,083650,Miranda; Gregory Joseph,3,11,56,53
1655942153507,CSE 11,A01,083080,Cao; Yingjun,0,68,40,40
1655942159534,CSE 12,A01,083652,Krause-Levy; Sophia Louisa,6,8,120,114
1655942165581,CSE 15L,A01,083654,Morris; Justin Loren,3,1,50,47
1655942165581,CSE 15L,A02,083655,Morris; Justin Loren,1,1,50,49
1655942171627,CSE 20,A01,083657,Tran; Khoa Dang,29,0,80,51
1655942177650,CSE 21,A01,095574,Bach; Quang Tran,23,0,48,25
1655942183677,CSE 30,A01,083084,Eldon; John,2,10,80,78
1655942183677,CSE 30,B01,095061,Bhaskar; Nishant,0,4,50,50
1655942189715,CSE 100,A01,083659,Cao; Yingjun,2,25,70,68
1655942195742,CSE 134B,A01,083661,Powell; Thomas Allan,5,7,100,95
1655942201775,CSE 140,A01,083663,Gungor; Onat,5,0,85,80
1655942207814,CSE 140L,A01,083088,Eldon; John,5,0,100,95
1655942213837,CSE 175,A01,083665,Kumar; Rakesh,1,0,25,24
1655942219860,CSE 190,A00,092507,Dubnov; Shlomo,1,0,20,19
1655942225883,ECE 45,A01,083139,Congero; Spencer William,0,1,75,75
1655942231932,ECE 65,A50,083695,Saad; Andrew S,6,0,30,24
1655942231932,ECE 65,A51,095125,Staff,23,0,26,3
1655942237964,ECE 109,A01,091882,Touri; Behrouz,2,4,70,68
1655942243988,ECE 180,A00,083140,Abi Samra; Nicholas Camill,1,0,30,29
1655942243988,ECE 180,B00,083141,Abi Samra; Nicholas Camill,0,9,28,28
1655942250031,MATH 10A,A01,083735,Patchell; Gregory David,0,0,30,30
1655942250031,MATH 10A,A02,083736,Patchell; Gregory David,21,0,30,9
1655942250031,MATH 10A,A03,083737,Patchell; Gregory David,16,0,30,14
1655942256075,MATH 10B,A01,083207,Lim; Seonhee,1,1,34,33
1655942256075,MATH 10B,A02,083208,Lim; Seonhee,1,1,35,34
1655942256075,MATH 10B,A03,093472,Staff,1,0,34,33
1655942256075,MATH 10B,B01,083739,Sinha; Shubham,10,0,30,20
1655942262122,MATH 18,A01,083743,Cinel; Cameron Alexander,4,0,30,26
1655942262122,MATH 18,A02,083744,Cinel; Cameron Alexander,11,0,30,19
1655942262122,MATH 18,A03,083745,Cinel; Cameron Alexander,1,0,30,29
1655942262122,MATH 18,B01,083748,Ma; Zilu,2,0,36,34
1655942262122,MATH 18,B02,083749,Ma; Zilu,0,0,36,36
1655942262122,MATH 18,B03,083750,Ma; Zilu,0,0,36,36
1655942262122,MATH 18,B04,083751,Ma; Zilu,0,0,36,36
1655942262122,MATH 18,B05,093473,Staff,0,0,36,36
1655942262122,MATH 18,B06,093474,Staff,0,0,36,36
1655942268146,MATH 20A,A01,083754,Zheng; Zequn,10,0,40,30
1655942274168,MATH 20B,A01,083756,Briones; Jor-el Thomas Caparas,0,1,36,36
1655942274168,MATH 20B,A02,083757,Briones; Jor-el Thomas Caparas,1,0,36,35
1655942274168,MATH 20B,A03,093475,Staff,1,0,36,35
1655942280192,MATH 20C,A01,083760,Briones; Jor-el Thomas Caparas,0,2,35,35
1655942280192,MATH 20C,A02,083761,Briones; Jor-el Thomas Caparas,6,1,35,29
1655942280192,MATH 20C,A03,093476,Staff,1,0,35,34
1655942280192,MATH 20C,B01,083762,Bach; Quang Tran,3,0,30,27
1655942286224,MATH 20D,A01,083765,Tran; Brian Kha,1,0,30,29
1655942286224,MATH 20D,A02,083766,Tran; Brian Kha,0,1,30,30
1655942286224,MATH 20D,A03,083767,Tran; Brian Kha,1,0,30,29
1655942292272,MATH 20E,A01,083771,Ganguly; Soumya,0,0,32,32
1655942292272,MATH 20E,A02,083772,Ganguly; Soumya,1,1,32,31
1655942292272,MATH 20E,B01,083773,Ciotti; Benjamin,14,0,35,21
1655942292272,MATH 20E,B02,083774,Ciotti; Benjamin,12,0,35,23
1655942298314,MATH 103A,A01,083777,Greenfeld; Be'Eri,2,1,36,34
1655942298314,MATH 103A,A02,083778,Greenfeld; Be'Eri,2,0,36,34
1655942298314,MATH 103A,A03,093561,Staff,0,1,36,36
1655942298314,MATH 103A,B01,083779,Greenfeld; Be'Eri,7,1,36,29
1655942298314,MATH 103A,B02,083780,Greenfeld; Be'Eri,1,0,36,35
1655942298314,MATH 103A,B03,093562,Staff,0,0,36,36
1655942304340,MATH 105,A01,085443,Carter; Anne Toulson,3,1,35,32
1655942304340,MATH 105,A02,093477,Staff,6,0,35,29
1655942310363,MATH 109,A01,083213,Ganzberger; Geoffrey Michael,0,1,34,34
1655942310363,MATH 109,A02,083214,Ganzberger; Geoffrey Michael,1,0,34,33
1655942310363,MATH 109,A03,093478,Staff,0,0,34,34
1655942310363,MATH 109,B01,083215,Ganzberger; Geoffrey Michael,2,0,32,30
1655942310363,MATH 109,B02,083216,Ganzberger; Geoffrey Michael,0,0,32,32
1655942310363,MATH 109,B03,093479,Staff,4,0,32,28
1655942316410,MATH 142A,A01,083219,Chow; Bennett,0,0,32,32
1655942316410,MATH 142A,A02,083220,Chow; Bennett,7,0,32,25
1655942316410,MATH 142A,A03,093480,Staff,4,0,32,28
1655942316410,MATH 142A,B03,093481,Staff,3,0,32,29
1655942316410,MATH 142A,B04,093558,Staff,6,0,32,26
1655942316410,MATH 142A,B05,093559,Staff,0,0,32,32
1655942322444,MATH 193A,A01,083224,Rotar; Vladimir,1,1,34,33
1655942322444,MATH 193A,A02,083225,Rotar; Vladimir,0,0,34,34
1655942322444,MATH 193A,A03,083781,Rotar; Vladimir,2,0,34,32
1655942322444,MATH 193A,A04,083782,Rotar; Vladimir,2,0,34,32
1655942322444,MATH 193A,A05,093482,Rotar; Vladimir,1,0,34,33
1655942328496,MATH 197,001,091859,McAuley; Julian John,9999,0,9999,0
1655942328496,MATH 197,002,095566,Kedlaya; Kiran S.,9997,0,9999,2
1655942328496,MATH 197,003,095567,Xiao; Ming,9999,0,9999,0
1655942328496,MATH 197,004,095571,Perols; Johan Lars,9998,0,9999,1
1655942335565,COGS 9,A01,083615,Shannon; Kyle Michael,1,1,75,74
1655942341588,COGS 11,A01,083617,Boyle; Mary E. T.,10,1,48,38
1655942347617,COGS 13,A01,083071,Bastos; Amalia Pinkusfeld,3,2,71,68
1655942353655,COGS 14A,A01,092681,Staff,2,26,100,98
1655942359676,COGS 14B,A01,083073,Cheng; Tzu-Han,7,0,63,56
1655942365724,COGS 17,A01,092677,Staff,8,7,81,73
1655942371749,COGS 100,A01,083619,Allen; Michael Gordon,2,2,70,68
1655942377787,COGS 101A,A01,083621,Davis; Joshua Daniel,4,3,68,64
1655942383820,COGS 101B,A01,091572,Allen; Michael Gordon,0,0,65,65
1655942389855,COGS 101C,A01,083625,Delgado; Tania,7,0,35,28
1655942395882,COGS 107A,A01,083627,Boyle; Mary E. T.,1,2,60,59
1655942402030,COGS 118A,A01,083075,Gupta; Anjum,19,16,76,57
1655942408057,CSE 3,A50,083646,Miranda; Gregory Joseph,14,0,50,36
1655942414079,CSE 8A,A50,083650,Miranda; Gregory Joseph,3,11,56,53
1655942420105,CSE 11,A01,083080,Cao; Yingjun,0,68,40,40
1655942426131,CSE 12,A01,083652,Krause-Levy; Sophia Louisa,6,8,120,114
1655942432173,CSE 15L,A01,083654,Morris; Justin Loren,3,1,50,47
1655942432173,CSE 15L,A02,083655,Morris; Justin Loren,1,1,50,49
1655942438221,CSE 20,A01,083657,Tran; Khoa Dang,29,0,80,51
1655942444271,CSE 21,A01,095574,Bach; Quang Tran,23,0,48,25
1655942450299,CSE 30,A01,083084,Eldon; John,2,10,80,78
1655942450299,CSE 30,B01,095061,Bhaskar; Nishant,0,4,50,50
1655942456322,CSE 100,A01,083659,Cao; Yingjun,2,25,70,68
1655942462354,CSE 134B,A01,083661,Powell; Thomas Allan,5,7,100,95
1655942468389,CSE 140,A01,083663,Gungor; Onat,5,0,85,80
1655942474416,CSE 140L,A01,083088,Eldon; John,5,0,100,95
1655942480443,CSE 175,A01,083665,Kumar; Rakesh,1,0,25,24
1655942486467,CSE 190,A00,092507,Dubnov; Shlomo,1,0,20,19
1655942492495,ECE 45,A01,083139,Congero; Spencer William,0,1,75,75
1655942498522,ECE 65,A50,083695,Saad; Andrew S,6,0,30,24
1655942498522,ECE 65,A51,095125,Staff,23,0,26,3
1655942504550,ECE 109,A01,091882,Touri; Behrouz,2,4,70,68
1655942510577,ECE 180,A00,083140,Abi Samra; Nicholas Camill,1,0,30,29
1655942510577,ECE 180,B00,083141,Abi Samra; Nicholas Camill,0,9,28,28
1655942516601,MATH 10A,A01,083735,Patchell; Gregory David,0,0,30,30
1655942516601,MATH 10A,A02,083736,Patchell; Gregory David,21,0,30,9
1655942516601,MATH 10A,A03,083737,Patchell; Gregory David,16,0,30,14
1655942522633,MATH 10B,A01,083207,Lim; Seonhee,1,1,34,33
1655942522633,MATH 10B,A02,083208,Lim; Seonhee,1,1,35,34
1655942522633,MATH 10B,A03,093472,Staff,1,0,34,33
1655942522633,MATH 10B,B01,083739,Sinha; Shubham,10,0,30,20
1655942528678,MATH 18,A01,083743,Cinel; Cameron Alexander,4,0,30,26
1655942528678,MATH 18,A02,083744,Cinel; Cameron Alexander,11,0,30,19
1655942528678,MATH 18,A03,083745,Cinel; Cameron Alexander,1,0,30,29
1655942528678,MATH 18,B01,083748,Ma; Zilu,2,0,36,34
1655942528678,MATH 18,B02,083749,Ma; Zilu,0,0,36,36
1655942528678,MATH 18,B03,083750,Ma; Zilu,0,0,36,36
1655942528678,MATH 18,B04,083751,Ma; Zilu,0,0,36,36
1655942528678,MATH 18,B05,093473,Staff,0,0,36,36
1655942528678,MATH 18,B06,093474,Staff,0,0,36,36
1655942534703,MATH 20A,A01,083754,Zheng; Zequn,10,0,40,30
1655942540732,MATH 20B,A01,083756,Briones; Jor-el Thomas Caparas,0,1,36,36
1655942540732,MATH 20B,A02,083757,Briones; Jor-el Thomas Caparas,1,0,36,35
1655942540732,MATH 20B,A03,093475,Staff,1,0,36,35
1655942546774,MATH 20C,A01,083760,Briones; Jor-el Thomas Caparas,0,2,35,35
1655942546774,MATH 20C,A02,083761,Briones; Jor-el Thomas Caparas,6,1,35,29
1655942546774,MATH 20C,A03,093476,Staff,1,0,35,34
1655942546774,MATH 20C,B01,083762,Bach; Quang Tran,3,0,30,27
1655942552798,MATH 20D,A01,083765,Tran; Brian Kha,1,0,30,29
1655942552798,MATH 20D,A02,083766,Tran; Brian Kha,0,1,30,30
1655942552798,MATH 20D,A03,083767,Tran; Brian Kha,1,0,30,29
1655942558846,MATH 20E,A01,083771,Ganguly; Soumya,0,0,32,32
1655942558846,MATH 20E,A02,083772,Ganguly; Soumya,1,1,32,31
1655942558846,MATH 20E,B01,083773,Ciotti; Benjamin,14,0,35,21
1655942558846,MATH 20E,B02,083774,Ciotti; Benjamin,12,0,35,23
1655942564879,MATH 103A,A01,083777,Greenfeld; Be'Eri,2,1,36,34
1655942564879,MATH 103A,A02,083778,Greenfeld; Be'Eri,2,0,36,34
1655942564879,MATH 103A,A03,093561,Staff,0,1,36,36
1655942564879,MATH 103A,B01,083779,Greenfeld; Be'Eri,7,1,36,29
1655942564879,MATH 103A,B02,083780,Greenfeld; Be'Eri,1,0,36,35
1655942564879,MATH 103A,B03,093562,Staff,0,0,36,36
1655942570906,MATH 105,A01,085443,Carter; Anne Toulson,3,1,35,32
1655942570906,MATH 105,A02,093477,Staff,6,0,35,29
1655942576934,MATH 109,A01,083213,Ganzberger; Geoffrey Michael,0,1,34,34
1655942576934,MATH 109,A02,083214,Ganzberger; Geoffrey Michael,1,0,34,33
1655942576934,MATH 109,A03,093478,Staff,0,0,34,34
1655942576934,MATH 109,B01,083215,Ganzberger; Geoffrey Michael,2,0,32,30
1655942576934,MATH 109,B02,083216,Ganzberger; Geoffrey Michael,0,0,32,32
1655942576934,MATH 109,B03,093479,Staff,4,0,32,28
1655942582961,MATH 142A,A01,083219,Chow; Bennett,0,0,32,32
1655942582961,MATH 142A,A02,083220,Chow; Bennett,7,0,32,25
1655942582961,MATH 142A,A03,093480,Staff,4,0,32,28
1655942582961,MATH 142A,B03,093481,Staff,3,0,32,29
1655942582961,MATH 142A,B04,093558,Staff,6,0,32,26
1655942582961,MATH 142A,B05,093559,Staff,0,0,32,32
1655942589005,MATH 193A,A01,083224,Rotar; Vladimir,1,1,34,33
1655942589005,MATH 193A,A02,083225,Rotar; Vladimir,0,0,34,34
1655942589005,MATH 193A,A03,083781,Rotar; Vladimir,2,0,34,32
1655942589005,MATH 193A,A04,083782,Rotar; Vladimir,2,0,34,32
1655942589005,MATH 193A,A05,093482,Rotar; Vladimir,1,0,34,33
1655942595048,MATH 197,001,091859,McAuley; Julian John,9999,0,9999,0
1655942595048,MATH 197,002,095566,Kedlaya; Kiran S.,9997,0,9999,2
1655942595048,MATH 197,003,095567,Xiao; Ming,9999,0,9999,0
1655942595048,MATH 197,004,095571,Perols; Johan Lars,9998,0,9999,1
1655942602147,COGS 9,A01,083615,Shannon; Kyle Michael,1,1,75,74
1655942608173,COGS 11,A01,083617,Boyle; Mary E. T.,10,1,48,38
1655942614209,COGS 13,A01,083071,Bastos; Amalia Pinkusfeld,3,2,71,68
1655942620237,COGS 14A,A01,092681,Staff,2,26,100,98
1655942626268,COGS 14B,A01,083073,Cheng; Tzu-Han,7,0,63,56
1655942632322,COGS 17,A01,092677,Staff,8,7,81,73
1655942638363,COGS 100,A01,083619,Allen; Michael Gordon,2,2,70,68
1655942644401,COGS 101A,A01,083621,Davis; Joshua Daniel,4,3,68,64
1655942650448,COGS 101B,A01,091572,Allen; Michael Gordon,0,0,65,65
1655942656486,COGS 101C,A01,083625,Delgado; Tania,7,0,35,28
1655942662550,COGS 107A,A01,083627,Boyle; Mary E. T.,1,2,60,59
1655942668616,COGS 118A,A01,083075,Gupta; Anjum,19,16,76,57
1655942674665,CSE 3,A50,083646,Miranda; Gregory Joseph,14,0,50,36
1655942680715,CSE 8A,A50,083650,Miranda; Gregory Joseph,3,11,56,53
1655942686760,CSE 11,A01,083080,Cao; Yingjun,0,68,40,40
1655942692810,CSE 12,A01,083652,Krause-Levy; Sophia Louisa,6,8,120,114
1655942698855,CSE 15L,A01,083654,Morris; Justin Loren,3,1,50,47
1655942698855,CSE 15L,A02,083655,Morris; Justin Loren,1,1,50,49
1655942704913,CSE 20,A01,083657,Tran; Khoa Dang,29,0,80,51
1655942710958,CSE 21,A01,095574,Bach; Quang Tran,23,0,48,25
1655942716993,CSE 30,A01,083084,Eldon; John,2,10,80,78
1655942716993,CSE 30,B01,095061,Bhaskar; Nishant,0,4,50,50
1655942723033,CSE 100,A01,083659,Cao; Yingjun,2,25,70,68
1655942729092,CSE 134B,A01,083661,Powell; Thomas Allan,5,7,100,95
1655942735136,CSE 140,A01,083663,Gungor; Onat,5,0,85,80
1655942741173,CSE 140L,A01,083088,Eldon; John,5,0,100,95
1655942747212,CSE 175,A01,083665,Kumar; Rakesh,1,0,25,24
1655942753238,CSE 190,A00,092507,Dubnov; Shlomo,1,0,20,19
1655942759283,ECE 45,A01,083139,Congero; Spencer William,0,1,75,75
1655942765307,ECE 65,A50,083695,Saad; Andrew S,6,0,30,24
1655942765307,ECE 65,A51,095125,Staff,23,0,26,3
1655942771331,ECE 109,A01,091882,Touri; Behrouz,2,4,70,68
1655942777364,ECE 180,A00,083140,Abi Samra; Nicholas Camill,1,0,30,29
1655942777364,ECE 180,B00,083141,Abi Samra; Nicholas Camill,0,9,28,28
1655942783415,MATH 10A,A01,083735,Patchell; Gregory David,0,0,30,30
1655942783415,MATH 10A,A02,083736,Patchell; Gregory David,21,0,30,9
1655942783415,MATH 10A,A03,083737,Patchell; Gregory David,16,0,30,14
1655942789471,MATH 10B,A01,083207,Lim; Seonhee,1,1,34,33
1655942789471,MATH 10B,A02,083208,Lim; Seonhee,1,1,35,34
1655942789471,MATH 10B,A03,093472,Staff,1,0,34,33
1655942789471,MATH 10B,B01,083739,Sinha; Shubham,10,0,30,20
1655942795501,MATH 18,A01,083743,Cinel; Cameron Alexander,4,0,30,26
1655942795501,MATH 18,A02,083744,Cinel; Cameron Alexander,11,0,30,19
1655942795501,MATH 18,A03,083745,Cinel; Cameron Alexander,1,0,30,29
1655942795501,MATH 18,B01,083748,Ma; Zilu,2,0,36,34
1655942795501,MATH 18,B02,083749,Ma; Zilu,0,0,36,36
1655942795501,MATH 18,B03,083750,Ma; Zilu,0,0,36,36
1655942795501,MATH 18,B04,083751,Ma; Zilu,0,0,36,36
1655942795501,MATH 18,B05,093473,Staff,0,0,36,36
1655942795501,MATH 18,B06,093474,Staff,0,0,36,36
1655942801539,MATH 20A,A01,083754,Zheng; Zequn,10,0,40,30
1655942807564,MATH 20B,A01,083756,Briones; Jor-el Thomas Caparas,0,1,36,36
1655942807564,MATH 20B,A02,083757,Briones; Jor-el Thomas Caparas,1,0,36,35
1655942807564,MATH 20B,A03,093475,Staff,1,0,36,35
1655942813619,MATH 20C,A01,083760,Briones; Jor-el Thomas Caparas,0,2,35,35
1655942813619,MATH 20C,A02,083761,Briones; Jor-el Thomas Caparas,6,1,35,29
1655942813619,MATH 20C,A03,093476,Staff,1,0,35,34
1655942813619,MATH 20C,B01,083762,Bach; Quang Tran,3,0,30,27
1655942819648,MATH 20D,A01,083765,Tran; Brian Kha,1,0,30,29
1655942819648,MATH 20D,A02,083766,Tran; Brian Kha,0,1,30,30
1655942819648,MATH 20D,A03,083767,Tran; Brian Kha,1,0,30,29
1655942825699,MATH 20E,A01,083771,Ganguly; Soumya,0,0,32,32
1655942825699,MATH 20E,A02,083772,Ganguly; Soumya,1,1,32,31
1655942825699,MATH 20E,B01,083773,Ciotti; Benjamin,14,0,35,21
1655942825699,MATH 20E,B02,083774,Ciotti; Benjamin,12,0,35,23
1655942831745,MATH 103A,A01,083777,Greenfeld; Be'Eri,2,1,36,34
1655942831745,MATH 103A,A02,083778,Greenfeld; Be'Eri,2,0,36,34
1655942831745,MATH 103A,A03,093561,Staff,0,1,36,36
1655942831745,MATH 103A,B01,083779,Greenfeld; Be'Eri,7,1,36,29
1655942831745,MATH 103A,B02,083780,Greenfeld; Be'Eri,1,0,36,35
1655942831745,MATH 103A,B03,093562,Staff,0,0,36,36
1655942837770,MATH 105,A01,085443,Carter; Anne Toulson,3,1,35,32
1655942837770,MATH 105,A02,093477,Staff,6,0,35,29
1655942843825,MATH 109,A01,083213,Ganzberger; Geoffrey Michael,0,1,34,34
1655942843825,MATH 109,A02,083214,Ganzberger; Geoffrey Michael,1,0,34,33
1655942843825,MATH 109,A03,093478,Staff,0,0,34,34
1655942843825,MATH 109,B01,083215,Ganzberger; Geoffrey Michael,2,0,32,30
1655942843825,MATH 109,B02,083216,Ganzberger; Geoffrey Michael,0,0,32,32
1655942843825,MATH 109,B03,093479,Staff,4,0,32,28
1655942849878,MATH 142A,A01,083219,Chow; Bennett,0,0,32,32
1655942849878,MATH 142A,A02,083220,Chow; Bennett,7,0,32,25
1655942849878,MATH 142A,A03,093480,Staff,4,0,32,28
1655942849878,MATH 142A,B03,093481,Staff,3,0,32,29
1655942849878,MATH 142A,B04,093558,Staff,6,0,32,26
1655942849878,MATH 142A,B05,093559,Staff,0,0,32,32
1655942855928,MATH 193A,A01,083224,Rotar; Vladimir,1,1,34,33
1655942855928,MATH 193A,A02,083225,Rotar; Vladimir,0,0,34,34
1655942855928,MATH 193A,A03,083781,Rotar; Vladimir,2,0,34,32
1655942855928,MATH 193A,A04,083782,Rotar; Vladimir,2,0,34,32
1655942855928,MATH 193A,A05,093482,Rotar; Vladimir,1,0,34,33
1655942861966,MATH 197,001,091859,McAuley; Julian John,9999,0,9999,0
1655942861966,MATH 197,002,095566,Kedlaya; Kiran S.,9997,0,9999,2
1655942861966,MATH 197,003,095567,Xiao; Ming,9999,0,9999,0
1655942861966,MATH 197,004,095571,Perols; Johan Lars,9998,0,9999,1
1655942869051,COGS 9,A01,083615,Shannon; Kyle Michael,1,1,75,74
1655942875088,COGS 11,A01,083617,Boyle; Mary E. T.,10,1,48,38
1655942881134,COGS 13,A01,083071,Bastos; Amalia Pinkusfeld,3,2,71,68
1655942887186,COGS 14A,A01,092681,Staff,2,26,100,98
1655942893222,COGS 14B,A01,083073,Cheng; Tzu-Han,7,0,63,56
1655942899267,COGS 17,A01,092677,Staff,8,7,81,73
1655942905299,COGS 100,A01,083619,Allen; Michael Gordon,2,2,70,68
1655942911322,COGS 101A,A01,083621,Davis; Joshua Daniel,4,3,68,64
1655942917345,COGS 101B,A01,091572,Allen; Michael Gordon,0,0,65,65
1655942923405,COGS 101C,A01,083625,Delgado; Tania,7,0,35,28
1655942929426,COGS 107A,A01,083627,Boyle; Mary E. T.,1,2,60,59
1655942935465,COGS 118A,A01,083075,Gupta; Anjum,19,16,76,57
1655942941511,CSE 3,A50,083646,Miranda; Gregory Joseph,14,0,50,36
1655942947565,CSE 8A,A50,083650,Miranda; Gregory Joseph,3,11,56,53
1655942953591,CSE 11,A01,083080,Cao; Yingjun,0,68,40,40
1655942959631,CSE 12,A01,083652,Krause-Levy; Sophia Louisa,6,8,120,114
1655942965657,CSE 15L,A01,083654,Morris; Justin Loren,3,1,50,47
1655942965657,CSE 15L,A02,083655,Morris; Justin Loren,1,1,50,49
1655942971685,CSE 20,A01,083657,Tran; Khoa Dang,29,0,80,51
1655942977709,CSE 21,A01,095574,Bach; Quang Tran,23,0,48,25
1655942983740,CSE 30,A01,083084,Eldon; John,2,10,80,78
1655942983740,CSE 30,B01,095061,Bhaskar; Nishant,0,4,50,50
1655942989767,CSE 100,A01,083659,Cao; Yingjun,2,25,70,68
1655942995796,CSE 134B,A01,083661,Powell; Thomas Allan,5,7,100,95
1655943001928,CSE 140,A01,083663,Gungor; Onat,5,0,85,80
1655943007956,CSE 140L,A01,083088,Eldon; John,5,0,100,95
1655943013984,CSE 175,A01,083665,Kumar; Rakesh,1,0,25,24
1655943020022,CSE 190,A00,092507,Dubnov; Shlomo,1,0,20,19
1655943026083,ECE 45,A01,083139,Congero; Spencer William,0,1,75,75
1655943032135,ECE 65,A50,083695,Saad; Andrew S,6,0,30,24
1655943032135,ECE 65,A51,095125,Staff,23,0,26,3
1655943038179,ECE 109,A01,091882,Touri; Behrouz,2,4,70,68
1655943044202,ECE 180,A00,083140,Abi Samra; Nicholas Camill,1,0,30,29
1655943044202,ECE 180,B00,083141,Abi Samra; Nicholas Camill,0,9,28,28
1655943050247,MATH 10A,A01,083735,Patchell; Gregory David,0,0,30,30
1655943050247,MATH 10A,A02,083736,Patchell; Gregory David,21,0,30,9
1655943050247,MATH 10A,A03,083737,Patchell; Gregory David,16,0,30,14
1655943056280,MATH 10B,A01,083207,Lim; Seonhee,1,1,34,33
1655943056280,MATH 10B,A02,083208,Lim; Seonhee,1,1,35,34
1655943056280,MATH 10B,A03,093472,Staff,1,0,34,33
1655943056280,MATH 10B,B01,083739,Sinha; Shubham,10,0,30,20
1655943062308,MATH 18,A01,083743,Cinel; Cameron Alexander,4,0,30,26
1655943062308,MATH 18,A02,083744,Cinel; Cameron Alexander,11,0,30,19
1655943062308,MATH 18,A03,083745,Cinel; Cameron Alexander,1,0,30,29
1655943062308,MATH 18,B01,083748,Ma; Zilu,2,0,36,34
1655943062308,MATH 18,B02,083749,Ma; Zilu,0,0,36,36
1655943062308,MATH 18,B03,083750,Ma; Zilu,0,0,36,36
1655943062308,MATH 18,B04,083751,Ma; Zilu,0,0,36,36
1655943062308,MATH 18,B05,093473,Staff,0,0,36,36
1655943062308,MATH 18,B06,093474,Staff,0,0,36,36
1655943068344,MATH 20A,A01,083754,Zheng; Zequn,10,0,40,30
1655943074375,MATH 20B,A01,083756,Briones; Jor-el Thomas Caparas,0,1,36,36
1655943074375,MATH 20B,A02,083757,Briones; Jor-el Thomas Caparas,1,0,36,35
1655943074375,MATH 20B,A03,093475,Staff,1,0,36,35
1655943080399,MATH 20C,A01,083760,Briones; Jor-el Thomas Caparas,0,2,35,35
1655943080399,MATH 20C,A02,083761,Briones; Jor-el Thomas Caparas,6,1,35,29
1655943080399,MATH 20C,A03,093476,Staff,1,0,35,34
1655943080399,MATH 20C,B01,083762,Bach; Quang Tran,3,0,30,27
1655943086424,MATH 20D,A01,083765,Tran; Brian Kha,1,0,30,29
1655943086424,MATH 20D,A02,083766,Tran; Brian Kha,0,1,30,30
1655943086424,MATH 20D,A03,083767,Tran; Brian Kha,1,0,30,29
1655943092448,MATH 20E,A01,083771,Ganguly; Soumya,0,0,32,32
1655943092448,MATH 20E,A02,083772,Ganguly; Soumya,1,1,32,31
1655943092448,MATH 20E,B01,083773,Ciotti; Benjamin,14,0,35,21
1655943092448,MATH 20E,B02,083774,Ciotti; Benjamin,12,0,35,23
1655943098493,MATH 103A,A01,083777,Greenfeld; Be'Eri,2,1,36,34
1655943098493,MATH 103A,A02,083778,Greenfeld; Be'Eri,2,0,36,34
1655943098493,MATH 103A,A03,093561,Staff,0,1,36,36
1655943098493,MATH 103A,B01,083779,Greenfeld; Be'Eri,7,1,36,29
1655943098493,MATH 103A,B02,083780,Greenfeld; Be'Eri,1,0,36,35
1655943098493,MATH 103A,B03,093562,Staff,0,0,36,36
1655943104530,MATH 105,A01,085443,Carter; Anne Toulson,3,1,35,32
1655943104530,MATH 105,A02,093477,Staff,6,0,35,29
1655943110567,MATH 109,A01,083213,Ganzberger; Geoffrey Michael,0,1,34,34
1655943110567,MATH 109,A02,083214,Ganzberger; Geoffrey Michael,1,0,34,33
1655943110567,MATH 109,A03,093478,Staff,0,0,34,34
1655943110567,MATH 109,B01,083215,Ganzberger; Geoffrey Michael,2,0,32,30
1655943110567,MATH 109,B02,083216,Ganzberger; Geoffrey Michael,0,0,32,32
1655943110567,MATH 109,B03,093479,Staff,4,0,32,28
1655943116593,MATH 142A,A01,083219,Chow; Bennett,0,0,32,32
1655943116593,MATH 142A,A02,083220,Chow; Bennett,7,0,32,25
1655943116593,MATH 142A,A03,093480,Staff,4,0,32,28
1655943116593,MATH 142A,B03,093481,Staff,3,0,32,29
1655943116593,MATH 142A,B04,093558,Staff,6,0,32,26
1655943116593,MATH 142A,B05,093559,Staff,0,0,32,32
1655943122635,MATH 193A,A01,083224,Rotar; Vladimir,1,1,34,33
1655943122635,MATH 193A,A02,083225,Rotar; Vladimir,0,0,34,34
1655943122635,MATH 193A,A03,083781,Rotar; Vladimir,2,0,34,32
1655943122635,MATH 193A,A04,083782,Rotar; Vladimir,2,0,34,32
1655943122635,MATH 193A,A05,093482,Rotar; Vladimir,1,0,34,33
1655943128682,MATH 197,001,091859,McAuley; Julian John,9999,0,9999,0
1655943128682,MATH 197,002,095566,Kedlaya; Kiran S.,9997,0,9999,2
1655943128682,MATH 197,003,095567,Xiao; Ming,9999,0,9999,0
1655943128682,MATH 197,004,095571,Perols; Johan Lars,9998,0,9999,1
1655943135776,COGS 9,A01,083615,Shannon; Kyle Michael,1,1,75,74
1655943141800,COGS 11,A01,083617,Boyle; Mary E. T.,10,1,48,38
1655943147830,COGS 13,A01,083071,Bastos; Amalia Pinkusfeld,3,2,71,68
1655943153880,COGS 14A,A01,092681,Staff,2,26,100,98
1655943159924,COGS 14B,A01,083073,Cheng; Tzu-Han,7,0,63,56
1655943165957,COGS 17,A01,092677,Staff,8,7,81,73
1655943172000,COGS 100,A01,083619,Allen; Michael Gordon,2,2,70,68
1655943178049,COGS 101A,A01,083621,Davis; Joshua Daniel,4,3,68,64
1655943184084,COGS 101B,A01,091572,Allen; Michael Gordon,0,0,65,65
1655943190141,COGS 101C,A01,083625,Delgado; Tania,7,0,35,28
1655943196170,COGS 107A,A01,083627,Boyle; Mary E. T.,1,2,60,59
1655943202217,COGS 118A,A01,083075,Gupta; Anjum,19,16,76,57
1655943208253,CSE 3,A50,083646,Miranda; Gregory Joseph,14,0,50,36
1655943214277,CSE 8A,A50,083650,Miranda; Gregory Joseph,3,11,56,53
1655943220301,CSE 11,A01,083080,Cao; Yingjun,0,68,40,40
1655943226356,CSE 12,A01,083652,Krause-Levy; Sophia Louisa,6,8,120,114
1655943232384,CSE 15L,A01,083654,Morris; Justin Loren,3,1,50,47
1655943232384,CSE 15L,A02,083655,Morris; Justin Loren,1,1,50,49
1655943238410,CSE 20,A01,083657,Tran; Khoa Dang,29,0,80,51
1655943244433,CSE 21,A01,095574,Bach; Quang Tran,23,0,48,25
1655943250493,CSE 30,A01,083084,Eldon; John,2,10,80,78
1655943250493,CSE 30,B01,095061,Bhaskar; Nishant,0,4,50,50
1655943256517,CSE 100,A01,083659,Cao; Yingjun,2,25,70,68
1655943262555,CSE 134B,A01,083661,Powell; Thomas Allan,5,7,100,95
1655943268578,CSE 140,A01,083663,Gungor; Onat,5,0,85,80
1655943274603,CSE 140L,A01,083088,Eldon; John,5,0,100,95
1655943280659,CSE 175,A01,083665,Kumar; Rakesh,1,0,25,24
1655943286693,CSE 190,A00,092507,Dubnov; Shlomo,1,0,20,19
1655943292714,ECE 45,A01,083139,Congero; Spencer William,0,1,75,75
1655943298749,ECE 65,A50,083695,Saad; Andrew S,6,0,30,24
1655943298749,ECE 65,A51,095125,Staff,23,0,26,3
1655943304771,ECE 109,A01,091882,Touri; Behrouz,2,4,70,68
1655943310794,ECE 180,A00,083140,Abi Samra; Nicholas Camill,1,0,30,29
1655943310794,ECE 180,B00,083141,Abi Samra; Nicholas Camill,0,9,28,28
1655943316830,MATH 10A,A01,083735,Patchell; Gregory David,0,0,30,30
1655943316830,MATH 10A,A02,083736,Patchell; Gregory David,21,0,30,9
1655943316830,MATH 10A,A03,083737,Patchell; Gregory David,16,0,30,14
1655943322872,MATH 10B,A01,083207,Lim; Seonhee,1,1,34,33
1655943322872,MATH 10B,A02,083208,Lim; Seonhee,1,1,35,34
1655943322872,MATH 10B,A03,093472,Staff,1,0,34,33
1655943322872,MATH 10B,B01,083739,Sinha; Shubham,10,0,30,20
1655943328912,MATH 18,A01,083743,Cinel; Cameron Alexander,4,0,30,26
1655943328912,MATH 18,A02,083744,Cinel; Cameron Alexander,11,0,30,19
1655943328912,MATH 18,A03,083745,Cinel; Cameron Alexander,1,0,30,29
1655943328912,MATH 18,B01,083748,Ma; Zilu,2,0,36,34
1655943328912,MATH 18,B02,083749,Ma; Zilu,0,0,36,36
1655943328912,MATH 18,B03,083750,Ma; Zilu,0,0,36,36
1655943328912,MATH 18,B04,083751,Ma; Zilu,0,0,36,36
1655943328912,MATH 18,B05,093473,Staff,0,0,36,36
1655943328912,MATH 18,B06,093474,Staff,0,0,36,36
1655943334946,MATH 20A,A01,083754,Zheng; Zequn,10,0,40,30
1655943340994,MATH 20B,A01,083756,Briones; Jor-el Thomas Caparas,0,1,36,36
1655943340994,MATH 20B,A02,083757,Briones; Jor-el Thomas Caparas,1,0,36,35
1655943340994,MATH 20B,A03,093475,Staff,1,0,36,35
1655943347022,MATH 20C,A01,083760,Briones; Jor-el Thomas Caparas,0,2,35,35
1655943347022,MATH 20C,A02,083761,Briones; Jor-el Thomas Caparas,6,1,35,29
1655943347022,MATH 20C,A03,093476,Staff,1,0,35,34
1655943347022,MATH 20C,B01,083762,Bach; Quang Tran,3,0,30,27
1655943353058,MATH 20D,A01,083765,Tran; Brian Kha,1,0,30,29
1655943353058,MATH 20D,A02,083766,Tran; Brian Kha,0,1,30,30
1655943353058,MATH 20D,A03,083767,Tran; Brian Kha,1,0,30,29
1655943359087,MATH 20E,A01,083771,Ganguly; Soumya,0,0,32,32
1655943359087,MATH 20E,A02,083772,Ganguly; Soumya,1,1,32,31
1655943359087,MATH 20E,B01,083773,Ciotti; Benjamin,14,0,35,21
1655943359087,MATH 20E,B02,083774,Ciotti; Benjamin,12,0,35,23
1655943365117,MATH 103A,A01,083777,Greenfeld; Be'Eri,2,1,36,34
1655943365117,MATH 103A,A02,083778,Greenfeld; Be'Eri,2,0,36,34
1655943365117,MATH 103A,A03,093561,Staff,0,1,36,36
1655943365117,MATH 103A,B01,083779,Greenfeld; Be'Eri,7,1,36,29
1655943365117,MATH 103A,B02,083780,Greenfeld; Be'Eri,1,0,36,35
1655943365117,MATH 103A,B03,093562,Staff,0,0,36,36
1655943371145,MATH 105,A01,085443,Carter; Anne Toulson,3,1,35,32
1655943371145,MATH 105,A02,093477,Staff,6,0,35,29
1655943377169,MATH 109,A01,083213,Ganzberger; Geoffrey Michael,0,1,34,34
1655943377169,MATH 109,A02,083214,Ganzberger; Geoffrey Michael,1,0,34,33
1655943377169,MATH 109,A03,093478,Staff,0,0,34,34
1655943377169,MATH 109,B01,083215,Ganzberger; Geoffrey Michael,2,0,32,30
1655943377169,MATH 109,B02,083216,Ganzberger; Geoffrey Michael,0,0,32,32
1655943377169,MATH 109,B03,093479,Staff,4,0,32,28
1655943383194,MATH 142A,A01,083219,Chow; Bennett,0,0,32,32
1655943383194,MATH 142A,A02,083220,Chow; Bennett,7,0,32,25
1655943383194,MATH 142A,A03,093480,Staff,4,0,32,28
1655943383194,MATH 142A,B03,093481,Staff,3,0,32,29
1655943383194,MATH 142A,B04,093558,Staff,6,0,32,26
1655943383194,MATH 142A,B05,093559,Staff,0,0,32,32
1655943389219,MATH 193A,A01,083224,Rotar; Vladimir,1,1,34,33
1655943389219,MATH 193A,A02,083225,Rotar; Vladimir,0,0,34,34
1655943389219,MATH 193A,A03,083781,Rotar; Vladimir,2,0,34,32
1655943389219,MATH 193A,A04,083782,Rotar; Vladimir,2,0,34,32
1655943389219,MATH 193A,A05,093482,Rotar; Vladimir,1,0,34,33
1655943395244,MATH 197,001,091859,McAuley; Julian John,9999,0,9999,0
1655943395244,MATH 197,002,095566,Kedlaya; Kiran S.,9997,0,9999,2
1655943395244,MATH 197,003,095567,Xiao; Ming,9999,0,9999,0
1655943395244,MATH 197,004,095571,Perols; Johan Lars,9998,0,9999,1
1655943402313,COGS 9,A01,083615,Shannon; Kyle Michael,1,1,75,74
1655943408342,COGS 11,A01,083617,Boyle; Mary E. T.,10,1,48,38
1655943414382,COGS 13,A01,083071,Bastos; Amalia Pinkusfeld,3,2,71,68
1655943420404,COGS 14A,A01,092681,Staff,2,26,100,98
1655943426440,COGS 14B,A01,083073,Cheng; Tzu-Han,7,0,63,56
1655943432466,COGS 17,A01,092677,Staff,8,7,81,73
1655943438494,COGS 100,A01,083619,Allen; Michael Gordon,2,2,70,68
1655943444545,COGS 101A,A01,083621,Davis; Joshua Daniel,4,3,68,64
1655943450571,COGS 101B,A01,091572,Allen; Michael Gordon,0,0,65,65
1655943456601,COGS 101C,A01,083625,Delgado; Tania,7,0,35,28
1655943462640,COGS 107A,A01,083627,Boyle; Mary E. T.,1,2,60,59
1655943468682,COGS 118A,A01,083075,Gupta; Anjum,19,16,76,57
1655943474709,CSE 3,A50,083646,Miranda; Gregory Joseph,14,0,50,36
1655943480752,CSE 8A,A50,083650,Miranda; Gregory Joseph,3,11,56,53
1655943486793,CSE 11,A01,083080,Cao; Yingjun,0,68,40,40
1655943492831,CSE 12,A01,083652,Krause-Levy; Sophia Louisa,6,8,120,114
1655943498855,CSE 15L,A01,083654,Morris; Justin Loren,3,1,50,47
1655943498855,CSE 15L,A02,083655,Morris; Justin Loren,1,1,50,49
1655943504882,CSE 20,A01,083657,Tran; Khoa Dang,29,0,80,51
1655943510913,CSE 21,A01,095574,Bach; Quang Tran,23,0,48,25
1655943516956,CSE 30,A01,083084,Eldon; John,2,10,80,78
1655943516956,CSE 30,B01,095061,Bhaskar; Nishant,0,4,50,50
1655943522993,CSE 100,A01,083659,Cao; Yingjun,2,25,70,68
1655943529032,CSE 134B,A01,083661,Powell; Thomas Allan,5,7,100,95
1655943535075,CSE 140,A01,083663,Gungor; Onat,5,0,85,80
1655943541110,CSE 140L,A01,083088,Eldon; John,5,0,100,95
1655943547167,CSE 175,A01,083665,Kumar; Rakesh,1,0,25,24
1655943553213,CSE 190,A00,092507,Dubnov; Shlomo,1,0,20,19
1655943559263,ECE 45,A01,083139,Congero; Spencer William,0,1,75,75
1655943565294,ECE 65,A50,083695,Saad; Andrew S,6,0,30,24
1655943565294,ECE 65,A51,095125,Staff,23,0,26,3
1655943571327,ECE 109,A01,091882,Touri; Behrouz,2,4,70,68
1655943577352,ECE 180,A00,083140,Abi Samra; Nicholas Camill,1,0,30,29
1655943577352,ECE 180,B00,083141,Abi Samra; Nicholas Camill,0,9,28,28
1655943583386,MATH 10A,A01,083735,Patchell; Gregory David,0,0,30,30
1655943583386,MATH 10A,A02,083736,Patchell; Gregory David,21,0,30,9
1655943583386,MATH 10A,A03,083737,Patchell; Gregory David,16,0,30,14
1655943589409,MATH 10B,A01,083207,Lim; Seonhee,1,1,34,33
1655943589409,MATH 10B,A02,083208,Lim; Seonhee,1,1,35,34
1655943589409,MATH 10B,A03,093472,Staff,1,0,34,33
1655943589409,MATH 10B,B01,083739,Sinha; Shubham,10,0,30,20
1655943595439,MATH 18,A01,083743,Cinel; Cameron Alexander,4,0,30,26
1655943595439,MATH 18,A02,083744,Cinel; Cameron Alexander,11,0,30,19
1655943595439,MATH 18,A03,083745,Cinel; Cameron Alexander,1,0,30,29
1655943595439,MATH 18,B01,083748,Ma; Zilu,2,0,36,34
1655943595439,MATH 18,B02,083749,Ma; Zilu,0,0,36,36
1655943595439,MATH 18,B03,083750,Ma; Zilu,0,0,36,36
1655943595439,MATH 18,B04,083751,Ma; Zilu,0,0,36,36
1655943595439,MATH 18,B05,093473,Staff,0,0,36,36
1655943595439,MATH 18,B06,093474,Staff,0,0,36,36
1655943601553,MATH 20A,A01,083754,Zheng; Zequn,10,0,40,30
1655943607579,MATH 20B,A01,083756,Briones; Jor-el Thomas Caparas,0,1,36,36
1655943607579,MATH 20B,A02,083757,Briones; Jor-el Thomas Caparas,1,0,36,35
1655943607579,MATH 20B,A03,093475,Staff,1,0,36,35
1655943613631,MATH 20C,A01,083760,Briones; Jor-el Thomas Caparas,0,2,35,35
1655943613631,MATH 20C,A02,083761,Briones; Jor-el Thomas Caparas,6,1,35,29
1655943613631,MATH 20C,A03,093476,Staff,1,0,35,34
1655943613631,MATH 20C,B01,083762,Bach; Quang Tran,3,0,30,27
1655943619664,MATH 20D,A01,083765,Tran; Brian Kha,1,0,30,29
1655943619664,MATH 20D,A02,083766,Tran; Brian Kha,0,1,30,30
1655943619664,MATH 20D,A03,083767,Tran; Brian Kha,1,0,30,29
1655943625710,MATH 20E,A01,083771,Ganguly; Soumya,0,0,32,32
1655943625710,MATH 20E,A02,083772,Ganguly; Soumya,1,1,32,31
1655943625710,MATH 20E,B01,083773,Ciotti; Benjamin,14,0,35,21
1655943625710,MATH 20E,B02,083774,Ciotti; Benjamin,12,0,35,23
1655943631767,MATH 103A,A01,083777,Greenfeld; Be'Eri,2,1,36,34
1655943631767,MATH 103A,A02,083778,Greenfeld; Be'Eri,2,0,36,34
1655943631767,MATH 103A,A03,093561,Staff,0,1,36,36
1655943631767,MATH 103A,B01,083779,Greenfeld; Be'Eri,7,1,36,29
1655943631767,MATH 103A,B02,083780,Greenfeld; Be'Eri,1,0,36,35
1655943631767,MATH 103A,B03,093562,Staff,0,0,36,36
1655943637810,MATH 105,A01,085443,Carter; Anne Toulson,3,1,35,32
1655943637810,MATH 105,A02,093477,Staff,6,0,35,29
1655943643934,MATH 109,A01,083213,Ganzberger; Geoffrey Michael,0,1,34,34
1655943643934,MATH 109,A02,083214,Ganzberger; Geoffrey Michael,1,0,34,33
1655943643934,MATH 109,A03,093478,Staff,0,0,34,34
1655943643934,MATH 109,B01,083215,Ganzberger; Geoffrey Michael,2,0,32,30
1655943643934,MATH 109,B02,083216,Ganzberger; Geoffrey Michael,0,0,32,32
1655943643934,MATH 109,B03,093479,Staff,4,0,32,28
1655943649960,MATH 142A,A01,083219,Chow; Bennett,0,0,32,32
1655943649960,MATH 142A,A02,083220,Chow; Bennett,7,0,32,25
1655943649960,MATH 142A,A03,093480,Staff,4,0,32,28
1655943649960,MATH 142A,B03,093481,Staff,3,0,32,29
1655943649960,MATH 142A,B04,093558,Staff,6,0,32,26
1655943649960,MATH 142A,B05,093559,Staff,0,0,32,32
1655943656006,MATH 193A,A01,083224,Rotar; Vladimir,1,1,34,33
1655943656006,MATH 193A,A02,083225,Rotar; Vladimir,0,0,34,34
1655943656006,MATH 193A,A03,083781,Rotar; Vladimir,2,0,34,32
1655943656006,MATH 193A,A04,083782,Rotar; Vladimir,2,0,34,32
1655943656006,MATH 193A,A05,093482,Rotar; Vladimir,1,0,34,33
1655943662032,MATH 197,001,091859,McAuley; Julian John,9999,0,9999,0
1655943662032,MATH 197,002,095566,Kedlaya; Kiran S.,9997,0,9999,2
1655943662032,MATH 197,003,095567,Xiao; Ming,9999,0,9999,0
1655943662032,MATH 197,004,095571,Perols; Johan Lars,9998,0,9999,1
1655943669085,COGS 9,A01,083615,Shannon; Kyle Michael,1,1,75,74
1655943675111,COGS 11,A01,083617,Boyle; Mary E. T.,10,1,48,38
1655943681146,COGS 13,A01,083071,Bastos; Amalia Pinkusfeld,3,2,71,68
1655943687184,COGS 14A,A01,092681,Staff,2,26,100,98
1655943693207,COGS 14B,A01,083073,Cheng; Tzu-Han,7,0,63,56
1655943699231,COGS 17,A01,092677,Staff,8,7,81,73
1655943705266,COGS 100,A01,083619,Allen; Michael Gordon,2,2,70,68
1655943711292,COGS 101A,A01,083621,Davis; Joshua Daniel,4,3,68,64
1655943717315,COGS 101B,A01,091572,Allen; Michael Gordon,0,0,65,65
1655943723342,COGS 101C,A01,083625,Delgado; Tania,7,0,35,28
1655943729375,COGS 107A,A01,083627,Boyle; Mary E. T.,1,2,60,59
1655943735403,COGS 118A,A01,083075,Gupta; Anjum,19,16,76,57
1655943741432,CSE 3,A50,083646,Miranda; Gregory Joseph,14,0,50,36
1655943747488,CSE 8A,A50,083650,Miranda; Gregory Joseph,3,11,56,53
1655943753530,CSE 11,A01,083080,Cao; Yingjun,0,68,40,40
1655943759555,CSE 12,A01,083652,Krause-Levy; Sophia Louisa,6,8,120,114
1655943765592,CSE 15L,A01,083654,Morris; Justin Loren,3,1,50,47
1655943765592,CSE 15L,A02,083655,Morris; Justin Loren,1,1,50,49
1655943771616,CSE 20,A01,083657,Tran; Khoa Dang,29,0,80,51
1655943777653,CSE 21,A01,095574,Bach; Quang Tran,23,0,48,25
1655943783694,CSE 30,A01,083084,Eldon; John,2,10,80,78
1655943783694,CSE 30,B01,095061,Bhaskar; Nishant,0,4,50,50
1655943789720,CSE 100,A01,083659,Cao; Yingjun,2,25,70,68
1655943795777,CSE 134B,A01,083661,Powell; Thomas Allan,5,7,100,95
1655943801804,CSE 140,A01,083663,Gungor; Onat,5,0,85,80
1655943807843,CSE 140L,A01,083088,Eldon; John,5,0,100,95
1655943813867,CSE 175,A01,083665,Kumar; Rakesh,1,0,25,24
1655943819911,CSE 190,A00,092507,Dubnov; Shlomo,1,0,20,19
1655943825950,ECE 45,A01,083139,Congero; Spencer William,0,1,75,75
1655943831975,ECE 65,A50,083695,Saad; Andrew S,6,0,30,24
1655943831975,ECE 65,A51,095125,Staff,23,0,26,3
1655943838004,ECE 109,A01,091882,Touri; Behrouz,2,4,70,68
1655943844050,ECE 180,A00,083140,Abi Samra; Nicholas Camill,1,0,30,29
1655943844050,ECE 180,B00,083141,Abi Samra; Nicholas Camill,0,9,28,28
1655943850074,MATH 10A,A01,083735,Patchell; Gregory David,0,0,30,30
1655943850074,MATH 10A,A02,083736,Patchell; Gregory David,21,0,30,9
1655943850074,MATH 10A,A03,083737,Patchell; Gregory David,16,0,30,14
1655943856105,MATH 10B,A01,083207,Lim; Seonhee,1,1,34,33
1655943856105,MATH 10B,A02,083208,Lim; Seonhee,1,1,35,34
1655943856105,MATH 10B,A03,093472,Staff,1,0,34,33
1655943856105,MATH 10B,B01,083739,Sinha; Shubham,10,0,30,20
1655943862140,MATH 18,A01,083743,Cinel; Cameron Alexander,4,0,30,26
1655943862140,MATH 18,A02,083744,Cinel; Cameron Alexander,11,0,30,19
1655943862140,MATH 18,A03,083745,Cinel; Cameron Alexander,1,0,30,29
1655943862140,MATH 18,B01,083748,Ma; Zilu,2,0,36,34
1655943862140,MATH 18,B02,083749,Ma; Zilu,0,0,36,36
1655943862140,MATH 18,B03,083750,Ma; Zilu,0,0,36,36
1655943862140,MATH 18,B04,083751,Ma; Zilu,0,0,36,36
1655943862140,MATH 18,B05,093473,Staff,0,0,36,36
1655943862140,MATH 18,B06,093474,Staff,0,0,36,36
1655943868165,MATH 20A,A01,083754,Zheng; Zequn,10,0,40,30
1655943874212,MATH 20B,A01,083756,Briones; Jor-el Thomas Caparas,0,1,36,36
1655943874212,MATH 20B,A02,083757,Briones; Jor-el Thomas Caparas,1,0,36,35
1655943874212,MATH 20B,A03,093475,Staff,1,0,36,35
1655943880239,MATH 20C,A01,083760,Briones; Jor-el Thomas Caparas,0,2,35,35
1655943880239,MATH 20C,A02,083761,Briones; Jor-el Thomas Caparas,6,1,35,29
1655943880239,MATH 20C,A03,093476,Staff,1,0,35,34
1655943880239,MATH 20C,B01,083762,Bach; Quang Tran,3,0,30,27
1655943886278,MATH 20D,A01,083765,Tran; Brian Kha,1,0,30,29
1655943886278,MATH 20D,A02,083766,Tran; Brian Kha,0,1,30,30
1655943886278,MATH 20D,A03,083767,Tran; Brian Kha,1,0,30,29
1655943892305,MATH 20E,A01,083771,Ganguly; Soumya,0,0,32,32
1655943892305,MATH 20E,A02,083772,Ganguly; Soumya,1,1,32,31
1655943892305,MATH 20E,B01,083773,Ciotti; Benjamin,14,0,35,21
1655943892305,MATH 20E,B02,083774,Ciotti; Benjamin,12,0,35,23
1655943898333,MATH 103A,A01,083777,Greenfeld; Be'Eri,2,1,36,34
1655943898333,MATH 103A,A02,083778,Greenfeld; Be'Eri,2,0,36,34
1655943898333,MATH 103A,A03,093561,Staff,0,1,36,36
1655943898333,MATH 103A,B01,083779,Greenfeld; Be'Eri,7,1,36,29
1655943898333,MATH 103A,B02,083780,Greenfeld; Be'Eri,1,0,36,35
1655943898333,MATH 103A,B03,093562,Staff,0,0,36,36
1655943904368,MATH 105,A01,085443,Carter; Anne Toulson,3,1,35,32
1655943904368,MATH 105,A02,093477,Staff,6,0,35,29
1655943910392,MATH 109,A01,083213,Ganzberger; Geoffrey Michael,0,1,34,34
1655943910392,MATH 109,A02,083214,Ganzberger; Geoffrey Michael,1,0,34,33
1655943910392,MATH 109,A03,093478,Staff,0,0,34,34
1655943910392,MATH 109,B01,083215,Ganzberger; Geoffrey Michael,2,0,32,30
1655943910392,MATH 109,B02,083216,Ganzberger; Geoffrey Michael,0,0,32,32
1655943910392,MATH 109,B03,093479,Staff,4,0,32,28
1655943916426,MATH 142A,A01,083219,Chow; Bennett,0,0,32,32
1655943916426,MATH 142A,A02,083220,Chow; Bennett,7,0,32,25
1655943916426,MATH 142A,A03,093480,Staff,4,0,32,28
1655943916426,MATH 142A,B03,093481,Staff,3,0,32,29
1655943916426,MATH 142A,B04,093558,Staff,6,0,32,26
1655943916426,MATH 142A,B05,093559,Staff,0,0,32,32
1655943922477,MATH 193A,A01,083224,Rotar; Vladimir,1,1,34,33
1655943922477,MATH 193A,A02,083225,Rotar; Vladimir,0,0,34,34
1655943922477,MATH 193A,A03,083781,Rotar; Vladimir,2,0,34,32
1655943922477,MATH 193A,A04,083782,Rotar; Vladimir,2,0,34,32
1655943922477,MATH 193A,A05,093482,Rotar; Vladimir,1,0,34,33
1655943928501,MATH 197,001,091859,McAuley; Julian John,9999,0,9999,0
1655943928501,MATH 197,002,095566,Kedlaya; Kiran S.,9997,0,9999,2
1655943928501,MATH 197,003,095567,Xiao; Ming,9999,0,9999,0
1655943928501,MATH 197,004,095571,Perols; Johan Lars,9998,0,9999,1
1655943935577,COGS 9,A01,083615,Shannon; Kyle Michael,1,1,75,74
1655943941601,COGS 11,A01,083617,Boyle; Mary E. T.,10,1,48,38
1655943947645,COGS 13,A01,083071,Bastos; Amalia Pinkusfeld,3,2,71,68
1655943953697,COGS 14A,A01,092681,Staff,2,26,100,98
1655943959720,COGS 14B,A01,083073,Cheng; Tzu-Han,7,0,63,56
1655943965767,COGS 17,A01,092677,Staff,8,7,81,73
1655943971794,COGS 100,A01,083619,Allen; Michael Gordon,2,2,70,68
1655943977833,COGS 101A,A01,083621,Davis; Joshua Daniel,4,3,68,64
1655943983857,COGS 101B,A01,091572,Allen; Michael Gordon,0,0,65,65
1655943989908,COGS 101C,A01,083625,Delgado; Tania,7,0,35,28
1655943995941,COGS 107A,A01,083627,Boyle; Mary E. T.,1,2,60,59
1655944001963,COGS 118A,A01,083075,Gupta; Anjum,19,16,76,57
1655944007988,CSE 3,A50,083646,Miranda; Gregory Joseph,14,0,50,36
1655944014028,CSE 8A,A50,083650,Miranda; Gregory Joseph,3,11,56,53
1655944020074,CSE 11,A01,083080,Cao; Yingjun,0,68,40,40
1655944026103,CSE 12,A01,083652,Krause-Levy; Sophia Louisa,6,8,120,114
1655944032128,CSE 15L,A01,083654,Morris; Justin Loren,3,1,50,47
1655944032128,CSE 15L,A02,083655,Morris; Justin Loren,1,1,50,49
1655944038152,CSE 20,A01,083657,Tran; Khoa Dang,29,0,80,51
1655944044174,CSE 21,A01,095574,Bach; Quang Tran,23,0,48,25
1655944050198,CSE 30,A01,083084,Eldon; John,2,10,80,78
1655944050198,CSE 30,B01,095061,Bhaskar; Nishant,0,4,50,50
1655944056225,CSE 100,A01,083659,Cao; Yingjun,2,25,70,68
1655944062252,CSE 134B,A01,083661,Powell; Thomas Allan,5,7,100,95
1655944068276,CSE 140,A01,083663,Gungor; Onat,5,0,85,80
1655944074321,CSE 140L,A01,083088,Eldon; John,5,0,100,95
1655944080345,CSE 175,A01,083665,Kumar; Rakesh,1,0,25,24
1655944086380,CSE 190,A00,092507,Dubnov; Shlomo,1,0,20,19
1655944092407,ECE 45,A01,083139,Congero; Spencer William,0,1,75,75
1655944098448,ECE 65,A50,083695,Saad; Andrew S,6,0,30,24
1655944098448,ECE 65,A51,095125,Staff,23,0,26,3
1655944104491,ECE 109,A01,091882,Touri; Behrouz,2,4,70,68
1655944110515,ECE 180,A00,083140,Abi Samra; Nicholas Camill,1,0,30,29
1655944110515,ECE 180,B00,083141,Abi Samra; Nicholas Camill,0,9,28,28
1655944116556,MATH 10A,A01,083735,Patchell; Gregory David,0,0,30,30
1655944116556,MATH 10A,A02,083736,Patchell; Gregory David,21,0,30,9
1655944116556,MATH 10A,A03,083737,Patchell; Gregory David,16,0,30,14
1655944122586,MATH 10B,A01,083207,Lim; Seonhee,1,1,34,33
1655944122586,MATH 10B,A02,083208,Lim; Seonhee,1,1,35,34
1655944122586,MATH 10B,A03,093472,Staff,1,0,34,33
1655944122586,MATH 10B,B01,083739,Sinha; Shubham,10,0,30,20
1655944128611,MATH 18,A01,083743,Cinel; Cameron Alexander,4,0,30,26
1655944128611,MATH 18,A02,083744,Cinel; Cameron Alexander,11,0,30,19
1655944128611,MATH 18,A03,083745,Cinel; Cameron Alexander,1,0,30,29
1655944128611,MATH 18,B01,083748,Ma; Zilu,2,0,36,34
1655944128611,MATH 18,B02,083749,Ma; Zilu,0,0,36,36
1655944128611,MATH 18,B03,083750,Ma; Zilu,0,0,36,36
1655944128611,MATH 18,B04,083751,Ma; Zilu,0,0,36,36
1655944128611,MATH 18,B05,093473,Staff,0,0,36,36
1655944128611,MATH 18,B06,093474,Staff,0,0,36,36
1655944134661,MATH 20A,A01,083754,Zheng; Zequn,10,0,40,30
1655944140689,MATH 20B,A01,083756,Briones; Jor-el Thomas Caparas,0,1,36,36
1655944140689,MATH 20B,A02,083757,Briones; Jor-el Thomas Caparas,1,0,36,35
1655944140689,MATH 20B,A03,093475,Staff,1,0,36,35
1655944146713,MATH 20C,A01,083760,Briones; Jor-el Thomas Caparas,0,2,35,35
1655944146713,MATH 20C,A02,083761,Briones; Jor-el Thomas Caparas,6,1,35,29
1655944146713,MATH 20C,A03,093476,Staff,1,0,35,34
1655944146713,MATH 20C,B01,083762,Bach; Quang Tran,3,0,30,27
1655944152751,MATH 20D,A01,083765,Tran; Brian Kha,1,0,30,29
1655944152751,MATH 20D,A02,083766,Tran; Brian Kha,0,1,30,30
1655944152751,MATH 20D,A03,083767,Tran; Brian Kha,1,0,30,29
1655944158780,MATH 20E,A01,083771,Ganguly; Soumya,0,0,32,32
1655944158780,MATH 20E,A02,083772,Ganguly; Soumya,1,1,32,31
1655944158780,MATH 20E,B01,083773,Ciotti; Benjamin,14,0,35,21
1655944158780,MATH 20E,B02,083774,Ciotti; Benjamin,12,0,35,23
1655944164805,MATH 103A,A01,083777,Greenfeld; Be'Eri,2,1,36,34
1655944164805,MATH 103A,A02,083778,Greenfeld; Be'Eri,2,0,36,34
1655944164805,MATH 103A,A03,093561,Staff,0,1,36,36
1655944164805,MATH 103A,B01,083779,Greenfeld; Be'Eri,7,1,36,29
1655944164805,MATH 103A,B02,083780,Greenfeld; Be'Eri,1,0,36,35
1655944164805,MATH 103A,B03,093562,Staff,0,0,36,36
1655944170832,MATH 105,A01,085443,Carter; Anne Toulson,3,1,35,32
1655944170832,MATH 105,A02,093477,Staff,6,0,35,29
1655944176875,MATH 109,A01,083213,Ganzberger; Geoffrey Michael,0,1,34,34
1655944176875,MATH 109,A02,083214,Ganzberger; Geoffrey Michael,1,0,34,33
1655944176875,MATH 109,A03,093478,Staff,0,0,34,34
1655944176875,MATH 109,B01,083215,Ganzberger; Geoffrey Michael,2,0,32,30
1655944176875,MATH 109,B02,083216,Ganzberger; Geoffrey Michael,0,0,32,32
1655944176875,MATH 109,B03,093479,Staff,4,0,32,28
1655944182901,MATH 142A,A01,083219,Chow; Bennett,0,0,32,32
1655944182901,MATH 142A,A02,083220,Chow; Bennett,7,0,32,25
1655944182901,MATH 142A,A03,093480,Staff,4,0,32,28
1655944182901,MATH 142A,B03,093481,Staff,3,0,32,29
1655944182901,MATH 142A,B04,093558,Staff,6,0,32,26
1655944182901,MATH 142A,B05,093559,Staff,0,0,32,32
1655944188924,MATH 193A,A01,083224,Rotar; Vladimir,1,1,34,33
1655944188924,MATH 193A,A02,083225,Rotar; Vladimir,0,0,34,34
1655944188924,MATH 193A,A03,083781,Rotar; Vladimir,2,0,34,32
1655944188924,MATH 193A,A04,083782,Rotar; Vladimir,2,0,34,32
1655944188924,MATH 193A,A05,093482,Rotar; Vladimir,1,0,34,33
1655944194950,MATH 197,001,091859,McAuley; Julian John,9999,0,9999,0
1655944194950,MATH 197,002,095566,Kedlaya; Kiran S.,9997,0,9999,2
1655944194950,MATH 197,003,095567,Xiao; Ming,9999,0,9999,0
1655944194950,MATH 197,004,095571,Perols; Johan Lars,9998,0,9999,1
1655944202073,COGS 9,A01,083615,Shannon; Kyle Michael,1,1,75,74
1655944208105,COGS 11,A01,083617,Boyle; Mary E. T.,10,1,48,38
1655944214131,COGS 13,A01,083071,Bastos; Amalia Pinkusfeld,3,2,71,68
1655944220160,COGS 14A,A01,092681,Staff,2,26,100,98
1655944226191,COGS 14B,A01,083073,Cheng; Tzu-Han,7,0,63,56
1655944232224,COGS 17,A01,092677,Staff,8,7,81,73
1655944238262,COGS 100,A01,083619,Allen; Michael Gordon,2,2,70,68
1655944244292,COGS 101A,A01,083621,Davis; Joshua Daniel,4,3,68,64
1655944250319,COGS 101B,A01,091572,Allen; Michael Gordon,0,0,65,65
1655944256342,COGS 101C,A01,083625,Delgado; Tania,7,0,35,28
1655944262370,COGS 107A,A01,083627,Boyle; Mary E. T.,1,2,60,59
1655944268399,COGS 118A,A01,083075,Gupta; Anjum,19,16,76,57
1655944274428,CSE 3,A50,083646,Miranda; Gregory Joseph,14,0,50,36
1655944280451,CSE 8A,A50,083650,Miranda; Gregory Joseph,3,11,56,53
1655944286482,CSE 11,A01,083080,Cao; Yingjun,0,68,40,40
1655944292506,CSE 12,A01,083652,Krause-Levy; Sophia Louisa,6,8,120,114
1655944298551,CSE 15L,A01,083654,Morris; Justin Loren,3,1,50,47
1655944298551,CSE 15L,A02,083655,Morris; Justin Loren,1,1,50,49
1655944304575,CSE 20,A01,083657,Tran; Khoa Dang,29,0,80,51
1655944310619,CSE 21,A01,095574,Bach; Quang Tran,23,0,48,25
1655944316643,CSE 30,A01,083084,Eldon; John,2,10,80,78
1655944316643,CSE 30,B01,095061,Bhaskar; Nishant,0,4,50,50
1655944322672,CSE 100,A01,083659,Cao; Yingjun,2,25,70,68
1655944328700,CSE 134B,A01,083661,Powell; Thomas Allan,5,7,100,95
1655944334730,CSE 140,A01,083663,Gungor; Onat,5,0,85,80
1655944340770,CSE 140L,A01,083088,Eldon; John,5,0,100,95
1655944346794,CSE 175,A01,083665,Kumar; Rakesh,1,0,25,24
1655944352835,CSE 190,A00,092507,Dubnov; Shlomo,1,0,20,19
1655944358859,ECE 45,A01,083139,Congero; Spencer William,0,1,75,75
1655944364888,ECE 65,A50,083695,Saad; Andrew S,6,0,30,24
1655944364888,ECE 65,A51,095125,Staff,23,0,26,3
1655944370924,ECE 109,A01,091882,Touri; Behrouz,2,4,70,68
1655944376961,ECE 180,A00,083140,Abi Samra; Nicholas Camill,1,0,30,29
1655944376961,ECE 180,B00,083141,Abi Samra; Nicholas Camill,0,9,28,28
1655944383008,MATH 10A,A01,083735,Patchell; Gregory David,0,0,30,30
1655944383008,MATH 10A,A02,083736,Patchell; Gregory David,21,0,30,9
1655944383008,MATH 10A,A03,083737,Patchell; Gregory David,16,0,30,14
1655944389032,MATH 10B,A01,083207,Lim; Seonhee,1,1,34,33
1655944389032,MATH 10B,A02,083208,Lim; Seonhee,1,1,35,34
1655944389032,MATH 10B,A03,093472,Staff,1,0,34,33
1655944389032,MATH 10B,B01,083739,Sinha; Shubham,10,0,30,20
1655944395071,MATH 18,A01,083743,Cinel; Cameron Alexander,4,0,30,26
1655944395071,MATH 18,A02,083744,Cinel; Cameron Alexander,11,0,30,19
1655944395071,MATH 18,A03,083745,Cinel; Cameron Alexander,1,0,30,29
1655944395071,MATH 18,B01,083748,Ma; Zilu,2,0,36,34
1655944395071,MATH 18,B02,083749,Ma; Zilu,0,0,36,36
1655944395071,MATH 18,B03,083750,Ma; Zilu,0,0,36,36
1655944395071,MATH 18,B04,083751,Ma; Zilu,0,0,36,36
1655944395071,MATH 18,B05,093473,Staff,0,0,36,36
1655944395071,MATH 18,B06,093474,Staff,0,0,36,36
1655944401096,MATH 20A,A01,083754,Zheng; Zequn,10,0,40,30
1655944407139,MATH 20B,A01,083756,Briones; Jor-el Thomas Caparas,0,1,36,36
1655944407139,MATH 20B,A02,083757,Briones; Jor-el Thomas Caparas,1,0,36,35
1655944407139,MATH 20B,A03,093475,Staff,1,0,36,35
1655944413182,MATH 20C,A01,083760,Briones; Jor-el Thomas Caparas,0,2,35,35
1655944413182,MATH 20C,A02,083761,Briones; Jor-el Thomas Caparas,6,1,35,29
1655944413182,MATH 20C,A03,093476,Staff,1,0,35,34
1655944413182,MATH 20C,B01,083762,Bach; Quang Tran,3,0,30,27
1655944419210,MATH 20D,A01,083765,Tran; Brian Kha,1,0,30,29
1655944419210,MATH 20D,A02,083766,Tran; Brian Kha,0,1,30,30
1655944419210,MATH 20D,A03,083767,Tran; Brian Kha,1,0,30,29
1655944425239,MATH 20E,A01,083771,Ganguly; Soumya,0,0,32,32
1655944425239,MATH 20E,A02,083772,Ganguly; Soumya,1,1,32,31
1655944425239,MATH 20E,B01,083773,Ciotti; Benjamin,14,0,35,21
1655944425239,MATH 20E,B02,083774,Ciotti; Benjamin,12,0,35,23
1655944431264,MATH 103A,A01,083777,Greenfeld; Be'Eri,2,1,36,34
1655944431264,MATH 103A,A02,083778,Greenfeld; Be'Eri,2,0,36,34
1655944431264,MATH 103A,A03,093561,Staff,0,1,36,36
1655944431264,MATH 103A,B01,083779,Greenfeld; Be'Eri,7,1,36,29
1655944431264,MATH 103A,B02,083780,Greenfeld; Be'Eri,1,0,36,35
1655944431264,MATH 103A,B03,093562,Staff,0,0,36,36
1655944437287,MATH 105,A01,085443,Carter; Anne Toulson,3,1,35,32
1655944437287,MATH 105,A02,093477,Staff,6,0,35,29
1655944443324,MATH 109,A01,083213,Ganzberger; Geoffrey Michael,0,1,34,34
1655944443324,MATH 109,A02,083214,Ganzberger; Geoffrey Michael,1,0,34,33
1655944443324,MATH 109,A03,093478,Staff,0,0,34,34
1655944443324,MATH 109,B01,083215,Ganzberger; Geoffrey Michael,2,0,32,30
1655944443324,MATH 109,B02,083216,Ganzberger; Geoffrey Michael,0,0,32,32
1655944443324,MATH 109,B03,093479,Staff,4,0,32,28
1655944449349,MATH 142A,A01,083219,Chow; Bennett,0,0,32,32
1655944449349,MATH 142A,A02,083220,Chow; Bennett,7,0,32,25
1655944449349,MATH 142A,A03,093480,Staff,4,0,32,28
1655944449349,MATH 142A,B03,093481,Staff,3,0,32,29
1655944449349,MATH 142A,B04,093558,Staff,6,0,32,26
1655944449349,MATH 142A,B05,093559,Staff,0,0,32,32
1655944455373,MATH 193A,A01,083224,Rotar; Vladimir,1,1,34,33
1655944455373,MATH 193A,A02,083225,Rotar; Vladimir,0,0,34,34
1655944455373,MATH 193A,A03,083781,Rotar; Vladimir,2,0,34,32
1655944455373,MATH 193A,A04,083782,Rotar; Vladimir,2,0,34,32
1655944455373,MATH 193A,A05,093482,Rotar; Vladimir,1,0,34,33
1655944461411,MATH 197,001,091859,McAuley; Julian John,9999,0,9999,0
1655944461411,MATH 197,002,095566,Kedlaya; Kiran S.,9997,0,9999,2
1655944461411,MATH 197,003,095567,Xiao; Ming,9999,0,9999,0
1655944461411,MATH 197,004,095571,Perols; Johan Lars,9998,0,9999,1
1655944468460,COGS 9,A01,083615,Shannon; Kyle Michael,1,1,75,74
1655944474513,COGS 11,A01,083617,Boyle; Mary E. T.,10,1,48,38
1655944480535,COGS 13,A01,083071,Bastos; Amalia Pinkusfeld,3,2,71,68
1655944486568,COGS 14A,A01,092681,Staff,2,26,100,98
1655944492591,COGS 14B,A01,083073,Cheng; Tzu-Han,7,0,63,56
1655944498619,COGS 17,A01,092677,Staff,8,7,81,73
1655944504642,COGS 100,A01,083619,Allen; Michael Gordon,2,2,70,68
1655944510667,COGS 101A,A01,083621,Davis; Joshua Daniel,4,3,68,64
1655944516692,COGS 101B,A01,091572,Allen; Michael Gordon,0,0,65,65
1655944522727,COGS 101C,A01,083625,Delgado; Tania,7,0,35,28
1655944528751,COGS 107A,A01,083627,Boyle; Mary E. T.,1,2,60,59
1655944534773,COGS 118A,A01,083075,Gupta; Anjum,19,16,76,57
1655944540819,CSE 3,A50,083646,Miranda; Gregory Joseph,14,0,50,36
1655944546860,CSE 8A,A50,083650,Miranda; Gregory Joseph,3,11,56,53
1655944552895,CSE 11,A01,083080,Cao; Yingjun,0,68,40,40
1655944558922,CSE 12,A01,083652,Krause-Levy; Sophia Louisa,6,8,120,114
1655944564956,CSE 15L,A01,083654,Morris; Justin Loren,3,1,50,47
1655944564956,CSE 15L,A02,083655,Morris; Justin Loren,1,1,50,49
1655944570995,CSE 20,A01,083657,Tran; Khoa Dang,29,0,80,51
1655944577027,CSE 21,A01,095574,Bach; Quang Tran,23,0,48,25
1655944583063,CSE 30,A01,083084,Eldon; John,2,10,80,78
1655944583063,CSE 30,B01,095061,Bhaskar; Nishant,0,4,50,50
1655944589104,CSE 100,A01,083659,Cao; Yingjun,2,25,70,68
1655944595136,CSE 134B,A01,083661,Powell; Thomas Allan,5,7,100,95
1655944601163,CSE 140,A01,083663,Gungor; Onat,5,0,85,80
1655944607195,CSE 140L,A01,083088,Eldon; John,5,0,100,95
1655944613221,CSE 175,A01,083665,Kumar; Rakesh,1,0,25,24
1655944619247,CSE 190,A00,092507,Dubnov; Shlomo,1,0,20,19
1655944625272,ECE 45,A01,083139,Congero; Spencer William,0,1,75,75
1655944631302,ECE 65,A50,083695,Saad; Andrew S,6,0,30,24
1655944631302,ECE 65,A51,095125,Staff,23,0,26,3
1655944637333,ECE 109,A01,091882,Touri; Behrouz,2,4,70,68
1655944643380,ECE 180,A00,083140,Abi Samra; Nicholas Camill,1,0,30,29
1655944643380,ECE 180,B00,083141,Abi Samra; Nicholas Camill,0,9,28,28
1655944649415,MATH 10A,A01,083735,Patchell; Gregory David,0,0,30,30
1655944649415,MATH 10A,A02,083736,Patchell; Gregory David,21,0,30,9
1655944649415,MATH 10A,A03,083737,Patchell; Gregory David,16,0,30,14
1655944655443,MATH 10B,A01,083207,Lim; Seonhee,1,1,34,33
1655944655443,MATH 10B,A02,083208,Lim; Seonhee,1,1,35,34
1655944655443,MATH 10B,A03,093472,Staff,1,0,34,33
1655944655443,MATH 10B,B01,083739,Sinha; Shubham,10,0,30,20
1655944661474,MATH 18,A01,083743,Cinel; Cameron Alexander,4,0,30,26
1655944661474,MATH 18,A02,083744,Cinel; Cameron Alexander,11,0,30,19
1655944661474,MATH 18,A03,083745,Cinel; Cameron Alexander,1,0,30,29
1655944661474,MATH 18,B01,083748,Ma; Zilu,2,0,36,34
1655944661474,MATH 18,B02,083749,Ma; Zilu,0,0,36,36
1655944661474,MATH 18,B03,083750,Ma; Zilu,0,0,36,36
1655944661474,MATH 18,B04,083751,Ma; Zilu,0,0,36,36
1655944661474,MATH 18,B05,093473,Staff,0,0,36,36
1655944661474,MATH 18,B06,093474,Staff,0,0,36,36
1655944667500,MATH 20A,A01,083754,Zheng; Zequn,10,0,40,30
1655944673535,MATH 20B,A01,083756,Briones; Jor-el Thomas Caparas,0,1,36,36
1655944673535,MATH 20B,A02,083757,Briones; Jor-el Thomas Caparas,1,0,36,35
1655944673535,MATH 20B,A03,093475,Staff,1,0,36,35
1655944679560,MATH 20C,A01,083760,Briones; Jor-el Thomas Caparas,0,2,35,35
1655944679560,MATH 20C,A02,083761,Briones; Jor-el Thomas Caparas,6,1,35,29
1655944679560,MATH 20C,A03,093476,Staff,1,0,35,34
1655944679560,MATH 20C,B01,083762,Bach; Quang Tran,3,0,30,27
1655944685600,MATH 20D,A01,083765,Tran; Brian Kha,1,0,30,29
1655944685600,MATH 20D,A02,083766,Tran; Brian Kha,0,1,30,30
1655944685600,MATH 20D,A03,083767,Tran; Brian Kha,1,0,30,29
1655944691633,MATH 20E,A01,083771,Ganguly; Soumya,0,0,32,32
1655944691633,MATH 20E,A02,083772,Ganguly; Soumya,1,1,32,31
1655944691633,MATH 20E,B01,083773,Ciotti; Benjamin,14,0,35,21
1655944691633,MATH 20E,B02,083774,Ciotti; Benjamin,12,0,35,23
1655944697658,MATH 103A,A01,083777,Greenfeld; Be'Eri,2,1,36,34
1655944697658,MATH 103A,A02,083778,Greenfeld; Be'Eri,2,0,36,34
1655944697658,MATH 103A,A03,093561,Staff,0,1,36,36
1655944697658,MATH 103A,B01,083779,Greenfeld; Be'Eri,7,1,36,29
1655944697658,MATH 103A,B02,083780,Greenfeld; Be'Eri,1,0,36,35
1655944697658,MATH 103A,B03,093562,Staff,0,0,36,36
1655944703697,MATH 105,A01,085443,Carter; Anne Toulson,3,1,35,32
1655944703697,MATH 105,A02,093477,Staff,6,0,35,29
1655944709723,MATH 109,A01,083213,Ganzberger; Geoffrey Michael,0,1,34,34
1655944709723,MATH 109,A02,083214,Ganzberger; Geoffrey Michael,1,0,34,33
1655944709723,MATH 109,A03,093478,Staff,0,0,34,34
1655944709723,MATH 109,B01,083215,Ganzberger; Geoffrey Michael,2,0,32,30
1655944709723,MATH 109,B02,083216,Ganzberger; Geoffrey Michael,0,0,32,32
1655944709723,MATH 109,B03,093479,Staff,4,0,32,28
1655944715762,MATH 142A,A01,083219,Chow; Bennett,0,0,32,32
1655944715762,MATH 142A,A02,083220,Chow; Bennett,7,0,32,25
1655944715762,MATH 142A,A03,093480,Staff,4,0,32,28
1655944715762,MATH 142A,B03,093481,Staff,3,0,32,29
1655944715762,MATH 142A,B04,093558,Staff,6,0,32,26
1655944715762,MATH 142A,B05,093559,Staff,0,0,32,32
1655944721787,MATH 193A,A01,083224,Rotar; Vladimir,1,1,34,33
1655944721787,MATH 193A,A02,083225,Rotar; Vladimir,0,0,34,34
1655944721787,MATH 193A,A03,083781,Rotar; Vladimir,2,0,34,32
1655944721787,MATH 193A,A04,083782,Rotar; Vladimir,2,0,34,32
1655944721787,MATH 193A,A05,093482,Rotar; Vladimir,1,0,34,33
1655944727814,MATH 197,001,091859,McAuley; Julian John,9999,0,9999,0
1655944727814,MATH 197,002,095566,Kedlaya; Kiran S.,9997,0,9999,2
1655944727814,MATH 197,003,095567,Xiao; Ming,9999,0,9999,0
1655944727814,MATH 197,004,095571,Perols; Johan Lars,9998,0,9999,1
1655944734978,COGS 9,A01,083615,Shannon; Kyle Michael,1,1,75,74
1655944741025,COGS 11,A01,083617,Boyle; Mary E. T.,10,1,48,38
1655944747052,COGS 13,A01,083071,Bastos; Amalia Pinkusfeld,3,2,71,68
1655944753078,COGS 14A,A01,092681,Staff,2,26,100,98
1655944759127,COGS 14B,A01,083073,Cheng; Tzu-Han,7,0,63,56
1655944765152,COGS 17,A01,092677,Staff,8,7,81,73
1655944771176,COGS 100,A01,083619,Allen; Michael Gordon,2,2,70,68
1655944777201,COGS 101A,A01,083621,Davis; Joshua Daniel,4,3,68,64
1655944783227,COGS 101B,A01,091572,Allen; Michael Gordon,0,0,65,65
1655944789252,COGS 101C,A01,083625,Delgado; Tania,7,0,35,28
1655944795366,COGS 107A,A01,083627,Boyle; Mary E. T.,1,2,60,59
1655944801391,COGS 118A,A01,083075,Gupta; Anjum,19,16,76,57
1655944807436,CSE 3,A50,083646,Miranda; Gregory Joseph,14,0,50,36
1655944813459,CSE 8A,A50,083650,Miranda; Gregory Joseph,3,11,56,53
1655944819485,CSE 11,A01,083080,Cao; Yingjun,0,68,40,40
1655944825519,CSE 12,A01,083652,Krause-Levy; Sophia Louisa,6,8,120,114
1655944831547,CSE 15L,A01,083654,Morris; Justin Loren,3,1,50,47
1655944831547,CSE 15L,A02,083655,Morris; Justin Loren,1,1,50,49
1655944837595,CSE 20,A01,083657,Tran; Khoa Dang,29,0,80,51
1655944843624,CSE 21,A01,095574,Bach; Quang Tran,23,0,48,25
1655944849662,CSE 30,A01,083084,Eldon; John,2,10,80,78
1655944849662,CSE 30,B01,095061,Bhaskar; Nishant,0,4,50,50
1655944855687,CSE 100,A01,083659,Cao; Yingjun,2,25,70,68
1655944861723,CSE 134B,A01,083661,Powell; Thomas Allan,5,7,100,95
1655944867772,CSE 140,A01,083663,Gungor; Onat,5,0,85,80
1655944873798,CSE 140L,A01,083088,Eldon; John,5,0,100,95
1655944879841,CSE 175,A01,083665,Kumar; Rakesh,1,0,25,24
1655944885868,CSE 190,A00,092507,Dubnov; Shlomo,1,0,20,19
1655944891894,ECE 45,A01,083139,Congero; Spencer William,0,1,75,75
1655944897941,ECE 65,A50,083695,Saad; Andrew S,6,0,30,24
1655944897941,ECE 65,A51,095125,Staff,23,0,26,3
1655944903964,ECE 109,A01,091882,Touri; Behrouz,2,4,70,68
1655944909992,ECE 180,A00,083140,Abi Samra; Nicholas Camill,1,0,30,29
1655944909992,ECE 180,B00,083141,Abi Samra; Nicholas Camill,0,9,28,28
1655944916016,MATH 10A,A01,083735,Patchell; Gregory David,0,0,30,30
1655944916016,MATH 10A,A02,083736,Patchell; Gregory David,21,0,30,9
1655944916016,MATH 10A,A03,083737,Patchell; Gregory David,16,0,30,14
1655944922052,MATH 10B,A01,083207,Lim; Seonhee,1,1,34,33
1655944922052,MATH 10B,A02,083208,Lim; Seonhee,1,1,35,34
1655944922052,MATH 10B,A03,093472,Staff,1,0,34,33
1655944922052,MATH 10B,B01,083739,Sinha; Shubham,10,0,30,20
1655944928088,MATH 18,A01,083743,Cinel; Cameron Alexander,4,0,30,26
1655944928088,MATH 18,A02,083744,Cinel; Cameron Alexander,11,0,30,19
1655944928088,MATH 18,A03,083745,Cinel; Cameron Alexander,1,0,30,29
1655944928088,MATH 18,B01,083748,Ma; Zilu,2,0,36,34
1655944928088,MATH 18,B02,083749,Ma; Zilu,0,0,36,36
1655944928088,MATH 18,B03,083750,Ma; Zilu,0,0,36,36
1655944928088,MATH 18,B04,083751,Ma; Zilu,0,0,36,36
1655944928088,MATH 18,B05,093473,Staff,0,0,36,36
1655944928088,MATH 18,B06,093474,Staff,0,0,36,36
1655944934116,MATH 20A,A01,083754,Zheng; Zequn,10,0,40,30
1655944940158,MATH 20B,A01,083756,Briones; Jor-el Thomas Caparas,0,1,36,36
1655944940158,MATH 20B,A02,083757,Briones; Jor-el Thomas Caparas,1,0,36,35
1655944940158,MATH 20B,A03,093475,Staff,1,0,36,35
1655944946188,MATH 20C,A01,083760,Briones; Jor-el Thomas Caparas,0,2,35,35
1655944946188,MATH 20C,A02,083761,Briones; Jor-el Thomas Caparas,6,1,35,29
1655944946188,MATH 20C,A03,093476,Staff,1,0,35,34
1655944946188,MATH 20C,B01,083762,Bach; Quang Tran,3,0,30,27
1655944952212,MATH 20D,A01,083765,Tran; Brian Kha,1,0,30,29
1655944952212,MATH 20D,A02,083766,Tran; Brian Kha,0,1,30,30
1655944952212,MATH 20D,A03,083767,Tran; Brian Kha,1,0,30,29
1655944958250,MATH 20E,A01,083771,Ganguly; Soumya,0,0,32,32
1655944958250,MATH 20E,A02,083772,Ganguly; Soumya,1,1,32,31
1655944958250,MATH 20E,B01,083773,Ciotti; Benjamin,14,0,35,21
1655944958250,MATH 20E,B02,083774,Ciotti; Benjamin,12,0,35,23
1655944964291,MATH 103A,A01,083777,Greenfeld; Be'Eri,2,1,36,34
1655944964291,MATH 103A,A02,083778,Greenfeld; Be'Eri,2,0,36,34
1655944964291,MATH 103A,A03,093561,Staff,0,1,36,36
1655944964291,MATH 103A,B01,083779,Greenfeld; Be'Eri,7,1,36,29
1655944964291,MATH 103A,B02,083780,Greenfeld; Be'Eri,1,0,36,35
1655944964291,MATH 103A,B03,093562,Staff,0,0,36,36
1655944970330,MATH 105,A01,085443,Carter; Anne Toulson,3,1,35,32
1655944970330,MATH 105,A02,093477,Staff,6,0,35,29
1655944976362,MATH 109,A01,083213,Ganzberger; Geoffrey Michael,0,1,34,34
1655944976362,MATH 109,A02,083214,Ganzberger; Geoffrey Michael,1,0,34,33
1655944976362,MATH 109,A03,093478,Staff,0,0,34,34
1655944976362,MATH 109,B01,083215,Ganzberger; Geoffrey Michael,2,0,32,30
1655944976362,MATH 109,B02,083216,Ganzberger; Geoffrey Michael,0,0,32,32
1655944976362,MATH 109,B03,093479,Staff,4,0,32,28
1655944982392,MATH 142A,A01,083219,Chow; Bennett,0,0,32,32
1655944982392,MATH 142A,A02,083220,Chow; Bennett,7,0,32,25
1655944982392,MATH 142A,A03,093480,Staff,4,0,32,28
1655944982392,MATH 142A,B03,093481,Staff,3,0,32,29
1655944982392,MATH 142A,B04,093558,Staff,6,0,32,26
1655944982392,MATH 142A,B05,093559,Staff,0,0,32,32
1655944988421,MATH 193A,A01,083224,Rotar; Vladimir,1,1,34,33
1655944988421,MATH 193A,A02,083225,Rotar; Vladimir,0,0,34,34
1655944988421,MATH 193A,A03,083781,Rotar; Vladimir,2,0,34,32
1655944988421,MATH 193A,A04,083782,Rotar; Vladimir,2,0,34,32
1655944988421,MATH 193A,A05,093482,Rotar; Vladimir,1,0,34,33
1655944994455,MATH 197,001,091859,McAuley; Julian John,9999,0,9999,0
1655944994455,MATH 197,002,095566,Kedlaya; Kiran S.,9997,0,9999,2
1655944994455,MATH 197,003,095567,Xiao; Ming,9999,0,9999,0
1655944994455,MATH 197,004,095571,Perols; Johan Lars,9998,0,9999,1
1655945001508,COGS 9,A01,083615,Shannon; Kyle Michael,1,1,75,74
1655945007537,COGS 11,A01,083617,Boyle; Mary E. T.,10,1,48,38
1655945013583,COGS 13,A01,083071,Bastos; Amalia Pinkusfeld,3,2,71,68
1655945019617,COGS 14A,A01,092681,Staff,2,26,100,98
1655945025640,COGS 14B,A01,083073,Cheng; Tzu-Han,7,0,63,56
1655945031666,COGS 17,A01,092677,Staff,8,7,81,73
1655945037708,COGS 100,A01,083619,Allen; Michael Gordon,2,2,70,68
1655945043751,COGS 101A,A01,083621,Davis; Joshua Daniel,4,3,68,64
1655945049791,COGS 101B,A01,091572,Allen; Michael Gordon,0,0,65,65
1655945055819,COGS 101C,A01,083625,Delgado; Tania,7,0,35,28
1655945061882,COGS 107A,A01,083627,Boyle; Mary E. T.,1,2,60,59
1655945067906,COGS 118A,A01,083075,Gupta; Anjum,19,16,76,57
1655945073931,CSE 3,A50,083646,Miranda; Gregory Joseph,14,0,50,36
1655945079958,CSE 8A,A50,083650,Miranda; Gregory Joseph,3,11,56,53
1655945085994,CSE 11,A01,083080,Cao; Yingjun,0,68,40,40
1655945092033,CSE 12,A01,083652,Krause-Levy; Sophia Louisa,6,8,120,114
1655945098060,CSE 15L,A01,083654,Morris; Justin Loren,3,1,50,47
1655945098060,CSE 15L,A02,083655,Morris; Justin Loren,1,1,50,49
1655945104093,CSE 20,A01,083657,Tran; Khoa Dang,29,0,80,51
1655945110133,CSE 21,A01,095574,Bach; Quang Tran,23,0,48,25
1655945116158,CSE 30,A01,083084,Eldon; John,2,10,80,78
1655945116158,CSE 30,B01,095061,Bhaskar; Nishant,0,4,50,50
1655945122191,CSE 100,A01,083659,Cao; Yingjun,2,25,70,68
1655945128217,CSE 134B,A01,083661,Powell; Thomas Allan,5,7,100,95
1655945134244,CSE 140,A01,083663,Gungor; Onat,5,0,85,80
1655945140289,CSE 140L,A01,083088,Eldon; John,5,0,100,95
1655945146319,CSE 175,A01,083665,Kumar; Rakesh,1,0,25,24
1655945152341,CSE 190,A00,092507,Dubnov; Shlomo,1,0,20,19
1655945158366,ECE 45,A01,083139,Congero; Spencer William,0,1,75,75
1655945164406,ECE 65,A50,083695,Saad; Andrew S,6,0,30,24
1655945164406,ECE 65,A51,095125,Staff,23,0,26,3
1655945170428,ECE 109,A01,091882,Touri; Behrouz,2,4,70,68
1655945176468,ECE 180,A00,083140,Abi Samra; Nicholas Camill,1,0,30,29
1655945176468,ECE 180,B00,083141,Abi Samra; Nicholas Camill,0,9,28,28
1655945182490,MATH 10A,A01,083735,Patchell; Gregory David,0,0,30,30
1655945182490,MATH 10A,A02,083736,Patchell; Gregory David,21,0,30,9
1655945182490,MATH 10A,A03,083737,Patchell; Gregory David,16,0,30,14
1655945188512,MATH 10B,A01,083207,Lim; Seonhee,1,1,34,33
1655945188512,MATH 10B,A02,083208,Lim; Seonhee,1,1,35,34
1655945188512,MATH 10B,A03,093472,Staff,1,0,34,33
1655945188512,MATH 10B,B01,083739,Sinha; Shubham,10,0,30,20
1655945194534,MATH 18,A01,083743,Cinel; Cameron Alexander,4,0,30,26
1655945194534,MATH 18,A02,083744,Cinel; Cameron Alexander,11,0,30,19
1655945194534,MATH 18,A03,083745,Cinel; Cameron Alexander,1,0,30,29
1655945194534,MATH 18,B01,083748,Ma; Zilu,2,0,36,34
1655945194534,MATH 18,B02,083749,Ma; Zilu,0,0,36,36
1655945194534,MATH 18,B03,083750,Ma; Zilu,0,0,36,36
1655945194534,MATH 18,B04,083751,Ma; Zilu,0,0,36,36
1655945194534,MATH 18,B05,093473,Staff,0,0,36,36
1655945194534,MATH 18,B06,093474,Staff,0,0,36,36
1655945200558,MATH 20A,A01,083754,Zheng; Zequn,10,0,40,30
1655945206581,MATH 20B,A01,083756,Briones; Jor-el Thomas Caparas,0,1,36,36
1655945206581,MATH 20B,A02,083757,Briones; Jor-el Thomas Caparas,1,0,36,35
1655945206581,MATH 20B,A03,093475,Staff,1,0,36,35
1655945212627,MATH 20C,A01,083760,Briones; Jor-el Thomas Caparas,0,2,35,35
1655945212627,MATH 20C,A02,083761,Briones; Jor-el Thomas Caparas,6,1,35,29
1655945212627,MATH 20C,A03,093476,Staff,1,0,35,34
1655945212627,MATH 20C,B01,083762,Bach; Quang Tran,3,0,30,27
1655945218662,MATH 20D,A01,083765,Tran; Brian Kha,1,0,30,29
1655945218662,MATH 20D,A02,083766,Tran; Brian Kha,0,1,30,30
1655945218662,MATH 20D,A03,083767,Tran; Brian Kha,1,0,30,29
1655945224700,MATH 20E,A01,083771,Ganguly; Soumya,0,0,32,32
1655945224700,MATH 20E,A02,083772,Ganguly; Soumya,1,1,32,31
1655945224700,MATH 20E,B01,083773,Ciotti; Benjamin,14,0,35,21
1655945224700,MATH 20E,B02,083774,Ciotti; Benjamin,12,0,35,23
1655945230725,MATH 103A,A01,083777,Greenfeld; Be'Eri,2,1,36,34
1655945230725,MATH 103A,A02,083778,Greenfeld; Be'Eri,2,0,36,34
1655945230725,MATH 103A,A03,093561,Staff,0,1,36,36
1655945230725,MATH 103A,B01,083779,Greenfeld; Be'Eri,7,1,36,29
1655945230725,MATH 103A,B02,083780,Greenfeld; Be'Eri,1,0,36,35
1655945230725,MATH 103A,B03,093562,Staff,0,0,36,36
1655945236762,MATH 105,A01,085443,Carter; Anne Toulson,3,1,35,32
1655945236762,MATH 105,A02,093477,Staff,6,0,35,29
1655945242790,MATH 109,A01,083213,Ganzberger; Geoffrey Michael,0,1,34,34
1655945242790,MATH 109,A02,083214,Ganzberger; Geoffrey Michael,1,0,34,33
1655945242790,MATH 109,A03,093478,Staff,0,0,34,34
1655945242790,MATH 109,B01,083215,Ganzberger; Geoffrey Michael,2,0,32,30
1655945242790,MATH 109,B02,083216,Ganzberger; Geoffrey Michael,0,0,32,32
1655945242790,MATH 109,B03,093479,Staff,4,0,32,28
1655945248828,MATH 142A,A01,083219,Chow; Bennett,0,0,32,32
1655945248828,MATH 142A,A02,083220,Chow; Bennett,7,0,32,25
1655945248828,MATH 142A,A03,093480,Staff,4,0,32,28
1655945248828,MATH 142A,B03,093481,Staff,3,0,32,29
1655945248828,MATH 142A,B04,093558,Staff,6,0,32,26
1655945248828,MATH 142A,B05,093559,Staff,0,0,32,32
1655945254875,MATH 193A,A01,083224,Rotar; Vladimir,1,1,34,33
1655945254875,MATH 193A,A02,083225,Rotar; Vladimir,0,0,34,34
1655945254875,MATH 193A,A03,083781,Rotar; Vladimir,2,0,34,32
1655945254875,MATH 193A,A04,083782,Rotar; Vladimir,2,0,34,32
1655945254875,MATH 193A,A05,093482,Rotar; Vladimir,1,0,34,33
1655945260899,MATH 197,001,091859,McAuley; Julian John,9999,0,9999,0
1655945260899,MATH 197,002,095566,Kedlaya; Kiran S.,9997,0,9999,2
1655945260899,MATH 197,003,095567,Xiao; Ming,9999,0,9999,0
1655945260899,MATH 197,004,095571,Perols; Johan Lars,9998,0,9999,1
1655945267981,COGS 9,A01,083615,Shannon; Kyle Michael,3,1,75,72
1655945274014,COGS 11,A01,083617,Boyle; Mary E. T.,10,1,48,38
1655945280039,COGS 13,A01,083071,Bastos; Amalia Pinkusfeld,3,2,71,68
1655945286090,COGS 14A,A01,092681,Staff,2,26,100,98
1655945292121,COGS 14B,A01,083073,Cheng; Tzu-Han,7,0,63,56
1655945298162,COGS 17,A01,092677,Staff,8,7,81,73
1655945304195,COGS 100,A01,083619,Allen; Michael Gordon,2,2,70,68
1655945310219,COGS 101A,A01,083621,Davis; Joshua Daniel,4,3,68,64
1655945316244,COGS 101B,A01,091572,Allen; Michael Gordon,0,0,65,65
1655945322287,COGS 101C,A01,083625,Delgado; Tania,7,0,35,28
1655945328317,COGS 107A,A01,083627,Boyle; Mary E. T.,1,2,60,59
1655945334345,COGS 118A,A01,083075,Gupta; Anjum,19,16,76,57
1655945340372,CSE 3,A50,083646,Miranda; Gregory Joseph,14,0,50,36
1655945346399,CSE 8A,A50,083650,Miranda; Gregory Joseph,3,11,56,53
1655945352434,CSE 11,A01,083080,Cao; Yingjun,0,68,40,40
1655945358458,CSE 12,A01,083652,Krause-Levy; Sophia Louisa,6,8,120,114
1655945364482,CSE 15L,A01,083654,Morris; Justin Loren,3,1,50,47
1655945364482,CSE 15L,A02,083655,Morris; Justin Loren,1,1,50,49
1655945370510,CSE 20,A01,083657,Tran; Khoa Dang,29,0,80,51
1655945376536,CSE 21,A01,095574,Bach; Quang Tran,23,0,48,25
1655945382560,CSE 30,A01,083084,Eldon; John,2,10,80,78
1655945382560,CSE 30,B01,095061,Bhaskar; Nishant,0,4,50,50
1655945388582,CSE 100,A01,083659,Cao; Yingjun,2,25,70,68
1655945394682,CSE 134B,A01,083661,Powell; Thomas Allan,5,7,100,95
1655945400723,CSE 140,A01,083663,Gungor; Onat,5,0,85,80
1655945406750,CSE 140L,A01,083088,Eldon; John,5,0,100,95
1655945412772,CSE 175,A01,083665,Kumar; Rakesh,1,0,25,24
1655945418796,CSE 190,A00,092507,Dubnov; Shlomo,1,0,20,19
1655945424827,ECE 45,A01,083139,Congero; Spencer William,0,1,75,75
1655945430853,ECE 65,A50,083695,Saad; Andrew S,6,0,30,24
1655945430853,ECE 65,A51,095125,Staff,23,0,26,3
1655945436880,ECE 109,A01,091882,Touri; Behrouz,2,4,70,68
1655945442904,ECE 180,A00,083140,Abi Samra; Nicholas Camill,1,0,30,29
1655945442904,ECE 180,B00,083141,Abi Samra; Nicholas Camill,0,9,28,28
1655945448931,MATH 10A,A01,083735,Patchell; Gregory David,0,0,30,30
1655945448931,MATH 10A,A02,083736,Patchell; Gregory David,21,0,30,9
1655945448931,MATH 10A,A03,083737,Patchell; Gregory David,16,0,30,14
1655945454959,MATH 10B,A01,083207,Lim; Seonhee,1,1,34,33
1655945454959,MATH 10B,A02,083208,Lim; Seonhee,1,1,35,34
1655945454959,MATH 10B,A03,093472,Staff,1,0,34,33
1655945454959,MATH 10B,B01,083739,Sinha; Shubham,10,0,30,20
1655945460985,MATH 18,A01,083743,Cinel; Cameron Alexander,4,0,30,26
1655945460985,MATH 18,A02,083744,Cinel; Cameron Alexander,11,0,30,19
1655945460985,MATH 18,A03,083745,Cinel; Cameron Alexander,1,0,30,29
1655945460985,MATH 18,B01,083748,Ma; Zilu,2,0,36,34
1655945460985,MATH 18,B02,083749,Ma; Zilu,0,0,36,36
1655945460985,MATH 18,B03,083750,Ma; Zilu,0,0,36,36
1655945460985,MATH 18,B04,083751,Ma; Zilu,0,0,36,36
1655945460985,MATH 18,B05,093473,Staff,0,0,36,36
1655945460985,MATH 18,B06,093474,Staff,0,0,36,36
1655945467010,MATH 20A,A01,083754,Zheng; Zequn,10,0,40,30
1655945473042,MATH 20B,A01,083756,Briones; Jor-el Thomas Caparas,0,1,36,36
1655945473042,MATH 20B,A02,083757,Briones; Jor-el Thomas Caparas,1,0,36,35
1655945473042,MATH 20B,A03,093475,Staff,1,0,36,35
1655945479066,MATH 20C,A01,083760,Briones; Jor-el Thomas Caparas,0,2,35,35
1655945479066,MATH 20C,A02,083761,Briones; Jor-el Thomas Caparas,6,1,35,29
1655945479066,MATH 20C,A03,093476,Staff,1,0,35,34
1655945479066,MATH 20C,B01,083762,Bach; Quang Tran,3,0,30,27
1655945485094,MATH 20D,A01,083765,Tran; Brian Kha,1,0,30,29
1655945485094,MATH 20D,A02,083766,Tran; Brian Kha,0,1,30,30
1655945485094,MATH 20D,A03,083767,Tran; Brian Kha,1,0,30,29
1655945491124,MATH 20E,A01,083771,Ganguly; Soumya,0,0,32,32
1655945491124,MATH 20E,A02,083772,Ganguly; Soumya,1,1,32,31
1655945491124,MATH 20E,B01,083773,Ciotti; Benjamin,14,0,35,21
1655945491124,MATH 20E,B02,083774,Ciotti; Benjamin,12,0,35,23
1655945497149,MATH 103A,A01,083777,Greenfeld; Be'Eri,2,1,36,34
1655945497149,MATH 103A,A02,083778,Greenfeld; Be'Eri,2,0,36,34
1655945497149,MATH 103A,A03,093561,Staff,0,1,36,36
1655945497149,MATH 103A,B01,083779,Greenfeld; Be'Eri,7,1,36,29
1655945497149,MATH 103A,B02,083780,Greenfeld; Be'Eri,1,0,36,35
1655945497149,MATH 103A,B03,093562,Staff,0,0,36,36
1655945503176,MATH 105,A01,085443,Carter; Anne Toulson,3,1,35,32
1655945503176,MATH 105,A02,093477,Staff,6,0,35,29
1655945509204,MATH 109,A01,083213,Ganzberger; Geoffrey Michael,0,1,34,34
1655945509204,MATH 109,A02,083214,Ganzberger; Geoffrey Michael,1,0,34,33
1655945509204,MATH 109,A03,093478,Staff,0,0,34,34
1655945509204,MATH 109,B01,083215,Ganzberger; Geoffrey Michael,2,0,32,30
1655945509204,MATH 109,B02,083216,Ganzberger; Geoffrey Michael,0,0,32,32
1655945509204,MATH 109,B03,093479,Staff,4,0,32,28
1655945515229,MATH 142A,A01,083219,Chow; Bennett,0,0,32,32
1655945515229,MATH 142A,A02,083220,Chow; Bennett,7,0,32,25
1655945515229,MATH 142A,A03,093480,Staff,4,0,32,28
1655945515229,MATH 142A,B03,093481,Staff,3,0,32,29
1655945515229,MATH 142A,B04,093558,Staff,6,0,32,26
1655945515229,MATH 142A,B05,093559,Staff,0,0,32,32
1655945521259,MATH 193A,A01,083224,Rotar; Vladimir,1,1,34,33
1655945521259,MATH 193A,A02,083225,Rotar; Vladimir,0,0,34,34
1655945521259,MATH 193A,A03,083781,Rotar; Vladimir,2,0,34,32
1655945521259,MATH 193A,A04,083782,Rotar; Vladimir,2,0,34,32
1655945521259,MATH 193A,A05,093482,Rotar; Vladimir,1,0,34,33
1655945527285,MATH 197,001,091859,McAuley; Julian John,9999,0,9999,0
1655945527285,MATH 197,002,095566,Kedlaya; Kiran S.,9997,0,9999,2
1655945527285,MATH 197,003,095567,Xiao; Ming,9999,0,9999,0
1655945527285,MATH 197,004,095571,Perols; Johan Lars,9998,0,9999,1
1655945534354,COGS 9,A01,083615,Shannon; Kyle Michael,3,1,75,72
1655945540377,COGS 11,A01,083617,Boyle; Mary E. T.,10,1,48,38
1655945546419,COGS 13,A01,083071,Bastos; Amalia Pinkusfeld,3,2,71,68
1655945552445,COGS 14A,A01,092681,Staff,2,26,100,98
1655945558471,COGS 14B,A01,083073,Cheng; Tzu-Han,7,0,63,56
1655945564497,COGS 17,A01,092677,Staff,8,7,81,73
1655945570525,COGS 100,A01,083619,Allen; Michael Gordon,2,2,70,68
1655945576552,COGS 101A,A01,083621,Davis; Joshua Daniel,4,3,68,64
1655945582585,COGS 101B,A01,091572,Allen; Michael Gordon,0,0,65,65
1655945588622,COGS 101C,A01,083625,Delgado; Tania,7,0,35,28
1655945594660,COGS 107A,A01,083627,Boyle; Mary E. T.,1,2,60,59
1655945600690,COGS 118A,A01,083075,Gupta; Anjum,19,16,76,57
1655945606726,CSE 3,A50,083646,Miranda; Gregory Joseph,14,0,50,36
1655945612759,CSE 8A,A50,083650,Miranda; Gregory Joseph,3,11,56,53
1655945618791,CSE 11,A01,083080,Cao; Yingjun,0,68,40,40
1655945624815,CSE 12,A01,083652,Krause-Levy; Sophia Louisa,6,8,120,114
1655945637542,CSE 15L,A01,083654,Morris; Justin Loren,3,1,50,47
1655945637542,CSE 15L,A02,083655,Morris; Justin Loren,1,1,50,49
1655945643575,CSE 20,A01,083657,Tran; Khoa Dang,29,0,80,51
1655945649608,CSE 21,A01,095574,Bach; Quang Tran,23,0,48,25
1655945655637,CSE 30,A01,083084,Eldon; John,2,10,80,78
1655945655637,CSE 30,B01,095061,Bhaskar; Nishant,0,4,50,50
1655945661662,CSE 100,A01,083659,Cao; Yingjun,2,25,70,68
1655945667696,CSE 134B,A01,083661,Powell; Thomas Allan,5,7,100,95
1655945673721,CSE 140,A01,083663,Gungor; Onat,5,0,85,80
1655945679748,CSE 140L,A01,083088,Eldon; John,5,0,100,95
1655945685771,CSE 175,A01,083665,Kumar; Rakesh,1,0,25,24
1655945691794,CSE 190,A00,092507,Dubnov; Shlomo,1,0,20,19
1655945697832,ECE 45,A01,083139,Congero; Spencer William,0,1,75,75
1655945703856,ECE 65,A50,083695,Saad; Andrew S,6,0,30,24
1655945703856,ECE 65,A51,095125,Staff,23,0,26,3
1655945709881,ECE 109,A01,091882,Touri; Behrouz,2,4,70,68
1655945715909,ECE 180,A00,083140,Abi Samra; Nicholas Camill,1,0,30,29
1655945715909,ECE 180,B00,083141,Abi Samra; Nicholas Camill,0,9,28,28
1655945721949,MATH 10A,A01,083735,Patchell; Gregory David,0,0,30,30
1655945721949,MATH 10A,A02,083736,Patchell; Gregory David,21,0,30,9
1655945721949,MATH 10A,A03,083737,Patchell; Gregory David,16,0,30,14
1655945727974,MATH 10B,A01,083207,Lim; Seonhee,1,1,34,33
1655945727974,MATH 10B,A02,083208,Lim; Seonhee,1,1,35,34
1655945727974,MATH 10B,A03,093472,Staff,1,0,34,33
1655945727974,MATH 10B,B01,083739,Sinha; Shubham,10,0,30,20
1655945734018,MATH 18,A01,083743,Cinel; Cameron Alexander,4,0,30,26
1655945734018,MATH 18,A02,083744,Cinel; Cameron Alexander,11,0,30,19
1655945734018,MATH 18,A03,083745,Cinel; Cameron Alexander,1,0,30,29
1655945734018,MATH 18,B01,083748,Ma; Zilu,2,0,36,34
1655945734018,MATH 18,B02,083749,Ma; Zilu,0,0,36,36
1655945734018,MATH 18,B03,083750,Ma; Zilu,0,0,36,36
1655945734018,MATH 18,B04,083751,Ma; Zilu,0,0,36,36
1655945734018,MATH 18,B05,093473,Staff,0,0,36,36
1655945734018,MATH 18,B06,093474,Staff,0,0,36,36
1655945740058,MATH 20A,A01,083754,Zheng; Zequn,10,0,40,30
1655945746087,MATH 20B,A01,083756,Briones; Jor-el Thomas Caparas,0,1,36,36
1655945746087,MATH 20B,A02,083757,Briones; Jor-el Thomas Caparas,1,0,36,35
1655945746087,MATH 20B,A03,093475,Staff,1,0,36,35
1655945752115,MATH 20C,A01,083760,Briones; Jor-el Thomas Caparas,0,2,35,35
1655945752115,MATH 20C,A02,083761,Briones; Jor-el Thomas Caparas,6,1,35,29
1655945752115,MATH 20C,A03,093476,Staff,1,0,35,34
1655945752115,MATH 20C,B01,083762,Bach; Quang Tran,3,0,30,27
1655945758141,MATH 20D,A01,083765,Tran; Brian Kha,1,0,30,29
1655945758141,MATH 20D,A02,083766,Tran; Brian Kha,0,1,30,30
1655945758141,MATH 20D,A03,083767,Tran; Brian Kha,1,0,30,29
1655945764162,MATH 20E,A01,083771,Ganguly; Soumya,0,0,32,32
1655945764162,MATH 20E,A02,083772,Ganguly; Soumya,1,1,32,31
1655945764162,MATH 20E,B01,083773,Ciotti; Benjamin,13,0,35,22
1655945764162,MATH 20E,B02,083774,Ciotti; Benjamin,12,0,35,23
1655945770213,MATH 103A,A01,083777,Greenfeld; Be'Eri,2,1,36,34
1655945770213,MATH 103A,A02,083778,Greenfeld; Be'Eri,2,0,36,34
1655945770213,MATH 103A,A03,093561,Staff,0,1,36,36
1655945770213,MATH 103A,B01,083779,Greenfeld; Be'Eri,7,1,36,29
1655945770213,MATH 103A,B02,083780,Greenfeld; Be'Eri,1,0,36,35
1655945770213,MATH 103A,B03,093562,Staff,0,0,36,36
1655945776235,MATH 105,A01,085443,Carter; Anne Toulson,3,1,35,32
1655945776235,MATH 105,A02,093477,Staff,6,0,35,29
1655945782259,MATH 109,A01,083213,Ganzberger; Geoffrey Michael,0,1,34,34
1655945782259,MATH 109,A02,083214,Ganzberger; Geoffrey Michael,1,0,34,33
1655945782259,MATH 109,A03,093478,Staff,0,0,34,34
1655945782259,MATH 109,B01,083215,Ganzberger; Geoffrey Michael,2,0,32,30
1655945782259,MATH 109,B02,083216,Ganzberger; Geoffrey Michael,0,0,32,32
1655945782259,MATH 109,B03,093479,Staff,4,0,32,28
1655945788288,MATH 142A,A01,083219,Chow; Bennett,0,0,32,32
1655945788288,MATH 142A,A02,083220,Chow; Bennett,7,0,32,25
1655945788288,MATH 142A,A03,093480,Staff,4,0,32,28
1655945788288,MATH 142A,B03,093481,Staff,3,0,32,29
1655945788288,MATH 142A,B04,093558,Staff,6,0,32,26
1655945788288,MATH 142A,B05,093559,Staff,0,0,32,32
1655945794324,MATH 193A,A01,083224,Rotar; Vladimir,1,1,34,33
1655945794324,MATH 193A,A02,083225,Rotar; Vladimir,0,0,34,34
1655945794324,MATH 193A,A03,083781,Rotar; Vladimir,2,0,34,32
1655945794324,MATH 193A,A04,083782,Rotar; Vladimir,2,0,34,32
1655945794324,MATH 193A,A05,093482,Rotar; Vladimir,1,0,34,33
1655945800346,MATH 197,001,091859,McAuley; Julian John,9999,0,9999,0
1655945800346,MATH 197,002,095566,Kedlaya; Kiran S.,9997,0,9999,2
1655945800346,MATH 197,003,095567,Xiao; Ming,9999,0,9999,0
1655945800346,MATH 197,004,095571,Perols; Johan Lars,9998,0,9999,1
1655945807419,COGS 9,A01,083615,Shannon; Kyle Michael,3,1,75,72
1655945813443,COGS 11,A01,083617,Boyle; Mary E. T.,10,1,48,38
1655945819468,COGS 13,A01,083071,Bastos; Amalia Pinkusfeld,3,2,71,68
1655945825496,COGS 14A,A01,092681,Staff,2,25,100,98
1655945831519,COGS 14B,A01,083073,Cheng; Tzu-Han,7,0,63,56
1655945837542,COGS 17,A01,092677,Staff,8,7,81,73
1655945843567,COGS 100,A01,083619,Allen; Michael Gordon,2,2,70,68
1655945849592,COGS 101A,A01,083621,Davis; Joshua Daniel,4,3,68,64
1655945855624,COGS 101B,A01,091572,Allen; Michael Gordon,0,0,65,65
1655945861647,COGS 101C,A01,083625,Delgado; Tania,7,0,35,28
1655945867673,COGS 107A,A01,083627,Boyle; Mary E. T.,1,2,60,59
1655945873698,COGS 118A,A01,083075,Gupta; Anjum,19,16,76,57
1655945879724,CSE 3,A50,083646,Miranda; Gregory Joseph,14,0,50,36
1655945885753,CSE 8A,A50,083650,Miranda; Gregory Joseph,3,11,56,53
1655945891778,CSE 11,A01,083080,Cao; Yingjun,0,68,40,40
1655945897814,CSE 12,A01,083652,Krause-Levy; Sophia Louisa,6,8,120,114
1655945903857,CSE 15L,A01,083654,Morris; Justin Loren,3,1,50,47
1655945903857,CSE 15L,A02,083655,Morris; Justin Loren,1,1,50,49
1655945909883,CSE 20,A01,083657,Tran; Khoa Dang,29,0,80,51
1655945915910,CSE 21,A01,095574,Bach; Quang Tran,23,0,48,25
1655945921933,CSE 30,A01,083084,Eldon; John,2,10,80,78
1655945921933,CSE 30,B01,095061,Bhaskar; Nishant,0,4,50,50
1655945927955,CSE 100,A01,083659,Cao; Yingjun,2,25,70,68
1655945933993,CSE 134B,A01,083661,Powell; Thomas Allan,5,7,100,95
1655945940031,CSE 140,A01,083663,Gungor; Onat,5,0,85,80
1655945946054,CSE 140L,A01,083088,Eldon; John,5,0,100,95
1655945952077,CSE 175,A01,083665,Kumar; Rakesh,1,0,25,24
1655945958099,CSE 190,A00,092507,Dubnov; Shlomo,1,0,20,19
1655945964128,ECE 45,A01,083139,Congero; Spencer William,0,1,75,75
1655945970150,ECE 65,A50,083695,Saad; Andrew S,6,0,30,24
1655945970150,ECE 65,A51,095125,Staff,23,0,26,3
1655945976188,ECE 109,A01,091882,Touri; Behrouz,2,4,70,68
1655945982216,ECE 180,A00,083140,Abi Samra; Nicholas Camill,1,0,30,29
1655945982216,ECE 180,B00,083141,Abi Samra; Nicholas Camill,0,9,28,28
1655945988245,MATH 10A,A01,083735,Patchell; Gregory David,0,0,30,30
1655945988245,MATH 10A,A02,083736,Patchell; Gregory David,21,0,30,9
1655945988245,MATH 10A,A03,083737,Patchell; Gregory David,16,0,30,14
1655945994272,MATH 10B,A01,083207,Lim; Seonhee,1,1,34,33
1655945994272,MATH 10B,A02,083208,Lim; Seonhee,1,1,35,34
1655945994272,MATH 10B,A03,093472,Staff,1,0,34,33
1655945994272,MATH 10B,B01,083739,Sinha; Shubham,10,0,30,20
1655946000383,MATH 18,A01,083743,Cinel; Cameron Alexander,4,0,30,26
1655946000383,MATH 18,A02,083744,Cinel; Cameron Alexander,11,0,30,19
1655946000383,MATH 18,A03,083745,Cinel; Cameron Alexander,1,0,30,29
1655946000383,MATH 18,B01,083748,Ma; Zilu,2,0,36,34
1655946000383,MATH 18,B02,083749,Ma; Zilu,0,0,36,36
1655946000383,MATH 18,B03,083750,Ma; Zilu,0,0,36,36
1655946000383,MATH 18,B04,083751,Ma; Zilu,0,0,36,36
1655946000383,MATH 18,B05,093473,Staff,0,0,36,36
1655946000383,MATH 18,B06,093474,Staff,0,0,36,36
1655946006406,MATH 20A,A01,083754,Zheng; Zequn,10,0,40,30
1655946012435,MATH 20B,A01,083756,Briones; Jor-el Thomas Caparas,0,1,36,36
1655946012435,MATH 20B,A02,083757,Briones; Jor-el Thomas Caparas,1,0,36,35
1655946012435,MATH 20B,A03,093475,Staff,1,0,36,35
1655946018470,MATH 20C,A01,083760,Briones; Jor-el Thomas Caparas,0,2,35,35
1655946018470,MATH 20C,A02,083761,Briones; Jor-el Thomas Caparas,6,1,35,29
1655946018470,MATH 20C,A03,093476,Staff,1,0,35,34
1655946018470,MATH 20C,B01,083762,Bach; Quang Tran,3,0,30,27
1655946024499,MATH 20D,A01,083765,Tran; Brian Kha,1,0,30,29
1655946024499,MATH 20D,A02,083766,Tran; Brian Kha,0,1,30,30
1655946024499,MATH 20D,A03,083767,Tran; Brian Kha,1,0,30,29
1655946030527,MATH 20E,A01,083771,Ganguly; Soumya,0,0,32,32
1655946030527,MATH 20E,A02,083772,Ganguly; Soumya,1,1,32,31
1655946030527,MATH 20E,B01,083773,Ciotti; Benjamin,13,0,35,22
1655946030527,MATH 20E,B02,083774,Ciotti; Benjamin,12,0,35,23
1655946036551,MATH 103A,A01,083777,Greenfeld; Be'Eri,2,1,36,34
1655946036551,MATH 103A,A02,083778,Greenfeld; Be'Eri,2,0,36,34
1655946036551,MATH 103A,A03,093561,Staff,0,1,36,36
1655946036551,MATH 103A,B01,083779,Greenfeld; Be'Eri,7,1,36,29
1655946036551,MATH 103A,B02,083780,Greenfeld; Be'Eri,1,0,36,35
1655946036551,MATH 103A,B03,093562,Staff,0,0,36,36
1655946042576,MATH 105,A01,085443,Carter; Anne Toulson,3,1,35,32
1655946042576,MATH 105,A02,093477,Staff,6,0,35,29
1655946048601,MATH 109,A01,083213,Ganzberger; Geoffrey Michael,0,1,34,34
1655946048601,MATH 109,A02,083214,Ganzberger; Geoffrey Michael,1,0,34,33
1655946048601,MATH 109,A03,093478,Staff,0,0,34,34
1655946048601,MATH 109,B01,083215,Ganzberger; Geoffrey Michael,2,0,32,30
1655946048601,MATH 109,B02,083216,Ganzberger; Geoffrey Michael,0,0,32,32
1655946048601,MATH 109,B03,093479,Staff,4,0,32,28
1655946054630,MATH 142A,A01,083219,Chow; Bennett,0,0,32,32
1655946054630,MATH 142A,A02,083220,Chow; Bennett,7,0,32,25
1655946054630,MATH 142A,A03,093480,Staff,4,0,32,28
1655946054630,MATH 142A,B03,093481,Staff,3,0,32,29
1655946054630,MATH 142A,B04,093558,Staff,6,0,32,26
1655946054630,MATH 142A,B05,093559,Staff,0,0,32,32
1655946060654,MATH 193A,A01,083224,Rotar; Vladimir,1,1,34,33
1655946060654,MATH 193A,A02,083225,Rotar; Vladimir,0,0,34,34
1655946060654,MATH 193A,A03,083781,Rotar; Vladimir,2,0,34,32
1655946060654,MATH 193A,A04,083782,Rotar; Vladimir,2,0,34,32
1655946060654,MATH 193A,A05,093482,Rotar; Vladimir,1,0,34,33
1655946066684,MATH 197,001,091859,McAuley; Julian John,9999,0,9999,0
1655946066684,MATH 197,002,095566,Kedlaya; Kiran S.,9997,0,9999,2
1655946066684,MATH 197,003,095567,Xiao; Ming,9999,0,9999,0
1655946066684,MATH 197,004,095571,Perols; Johan Lars,9998,0,9999,1
1655946073762,COGS 9,A01,083615,Shannon; Kyle Michael,3,1,75,72
1655946079800,COGS 11,A01,083617,Boyle; Mary E. T.,10,1,48,38
1655946085827,COGS 13,A01,083071,Bastos; Amalia Pinkusfeld,3,2,71,68
1655946091853,COGS 14A,A01,092681,Staff,2,25,100,98
1655946097879,COGS 14B,A01,083073,Cheng; Tzu-Han,7,0,63,56
1655946103908,COGS 17,A01,092677,Staff,8,7,81,73
1655946109932,COGS 100,A01,083619,Allen; Michael Gordon,2,2,70,68
1655946115959,COGS 101A,A01,083621,Davis; Joshua Daniel,4,3,68,64
1655946121992,COGS 101B,A01,091572,Allen; Michael Gordon,0,0,65,65
1655946128014,COGS 101C,A01,083625,Delgado; Tania,7,0,35,28
1655946134063,COGS 107A,A01,083627,Boyle; Mary E. T.,1,2,60,59
1655946140088,COGS 118A,A01,083075,Gupta; Anjum,19,16,76,57
1655946146128,CSE 3,A50,083646,Miranda; Gregory Joseph,14,0,50,36
1655946152153,CSE 8A,A50,083650,Miranda; Gregory Joseph,3,11,56,53
1655946158186,CSE 11,A01,083080,Cao; Yingjun,0,68,40,40
1655946164210,CSE 12,A01,083652,Krause-Levy; Sophia Louisa,6,8,120,114
1655946170233,CSE 15L,A01,083654,Morris; Justin Loren,3,1,50,47
1655946170233,CSE 15L,A02,083655,Morris; Justin Loren,1,1,50,49
1655946176267,CSE 20,A01,083657,Tran; Khoa Dang,29,0,80,51
1655946182296,CSE 21,A01,095574,Bach; Quang Tran,23,0,48,25
1655946188320,CSE 30,A01,083084,Eldon; John,2,10,80,78
1655946188320,CSE 30,B01,095061,Bhaskar; Nishant,0,4,50,50
1655946194347,CSE 100,A01,083659,Cao; Yingjun,2,25,70,68
1655946200373,CSE 134B,A01,083661,Powell; Thomas Allan,5,7,100,95
1655946206402,CSE 140,A01,083663,Gungor; Onat,5,0,85,80
1655946212429,CSE 140L,A01,083088,Eldon; John,5,0,100,95
1655946218455,CSE 175,A01,083665,Kumar; Rakesh,1,0,25,24
1655946224481,CSE 190,A00,092507,Dubnov; Shlomo,1,0,20,19
1655946230514,ECE 45,A01,083139,Congero; Spencer William,0,1,75,75
1655946236542,ECE 65,A50,083695,Saad; Andrew S,6,0,30,24
1655946236542,ECE 65,A51,095125,Staff,23,0,26,3
1655946242568,ECE 109,A01,091882,Touri; Behrouz,2,4,70,68
1655946248597,ECE 180,A00,083140,Abi Samra; Nicholas Camill,1,0,30,29
1655946248597,ECE 180,B00,083141,Abi Samra; Nicholas Camill,0,9,28,28
1655946254652,MATH 10A,A01,083735,Patchell; Gregory David,0,0,30,30
1655946254652,MATH 10A,A02,083736,Patchell; Gregory David,21,0,30,9
1655946254652,MATH 10A,A03,083737,Patchell; Gregory David,16,0,30,14
1655946260676,MATH 10B,A01,083207,Lim; Seonhee,1,1,34,33
1655946260676,MATH 10B,A02,083208,Lim; Seonhee,1,1,35,34
1655946260676,MATH 10B,A03,093472,Staff,1,0,34,33
1655946260676,MATH 10B,B01,083739,Sinha; Shubham,10,0,30,20
1655946266709,MATH 18,A01,083743,Cinel; Cameron Alexander,4,0,30,26
1655946266709,MATH 18,A02,083744,Cinel; Cameron Alexander,11,0,30,19
1655946266709,MATH 18,A03,083745,Cinel; Cameron Alexander,1,0,30,29
1655946266709,MATH 18,B01,083748,Ma; Zilu,2,0,36,34
1655946266709,MATH 18,B02,083749,Ma; Zilu,0,0,36,36
1655946266709,MATH 18,B03,083750,Ma; Zilu,0,0,36,36
1655946266709,MATH 18,B04,083751,Ma; Zilu,0,0,36,36
1655946266709,MATH 18,B05,093473,Staff,0,0,36,36
1655946266709,MATH 18,B06,093474,Staff,0,0,36,36
1655946272732,MATH 20A,A01,083754,Zheng; Zequn,10,0,40,30
1655946278765,MATH 20B,A01,083756,Briones; Jor-el Thomas Caparas,0,1,36,36
1655946278765,MATH 20B,A02,083757,Briones; Jor-el Thomas Caparas,1,0,36,35
1655946278765,MATH 20B,A03,093475,Staff,1,0,36,35
1655946284803,MATH 20C,A01,083760,Briones; Jor-el Thomas Caparas,0,2,35,35
1655946284803,MATH 20C,A02,083761,Briones; Jor-el Thomas Caparas,6,1,35,29
1655946284803,MATH 20C,A03,093476,Staff,1,0,35,34
1655946284803,MATH 20C,B01,083762,Bach; Quang Tran,3,0,30,27
1655946290858,MATH 20D,A01,083765,Tran; Brian Kha,1,0,30,29
1655946290858,MATH 20D,A02,083766,Tran; Brian Kha,0,1,30,30
1655946290858,MATH 20D,A03,083767,Tran; Brian Kha,1,0,30,29
1655946296886,MATH 20E,A01,083771,Ganguly; Soumya,0,0,32,32
1655946296886,MATH 20E,A02,083772,Ganguly; Soumya,1,1,32,31
1655946296886,MATH 20E,B01,083773,Ciotti; Benjamin,13,0,35,22
1655946296886,MATH 20E,B02,083774,Ciotti; Benjamin,12,0,35,23
1655946302909,MATH 103A,A01,083777,Greenfeld; Be'Eri,2,1,36,34
1655946302909,MATH 103A,A02,083778,Greenfeld; Be'Eri,2,0,36,34
1655946302909,MATH 103A,A03,093561,Staff,0,1,36,36
1655946302909,MATH 103A,B01,083779,Greenfeld; Be'Eri,7,1,36,29
1655946302909,MATH 103A,B02,083780,Greenfeld; Be'Eri,1,0,36,35
1655946302909,MATH 103A,B03,093562,Staff,0,0,36,36
1655946308938,MATH 105,A01,085443,Carter; Anne Toulson,3,1,35,32
1655946308938,MATH 105,A02,093477,Staff,6,0,35,29
1655946314975,MATH 109,A01,083213,Ganzberger; Geoffrey Michael,0,1,34,34
1655946314975,MATH 109,A02,083214,Ganzberger; Geoffrey Michael,1,0,34,33
1655946314975,MATH 109,A03,093478,Staff,0,0,34,34
1655946314975,MATH 109,B01,083215,Ganzberger; Geoffrey Michael,2,0,32,30
1655946314975,MATH 109,B02,083216,Ganzberger; Geoffrey Michael,0,0,32,32
1655946314975,MATH 109,B03,093479,Staff,4,0,32,28
1655946321005,MATH 142A,A01,083219,Chow; Bennett,0,0,32,32
1655946321005,MATH 142A,A02,083220,Chow; Bennett,7,0,32,25
1655946321005,MATH 142A,A03,093480,Staff,4,0,32,28
1655946321005,MATH 142A,B03,093481,Staff,3,0,32,29
1655946321005,MATH 142A,B04,093558,Staff,6,0,32,26
1655946321005,MATH 142A,B05,093559,Staff,0,0,32,32
1655946327039,MATH 193A,A01,083224,Rotar; Vladimir,1,1,34,33
1655946327039,MATH 193A,A02,083225,Rotar; Vladimir,0,0,34,34
1655946327039,MATH 193A,A03,083781,Rotar; Vladimir,2,0,34,32
1655946327039,MATH 193A,A04,083782,Rotar; Vladimir,2,0,34,32
1655946327039,MATH 193A,A05,093482,Rotar; Vladimir,1,0,34,33
1655946333062,MATH 197,001,091859,McAuley; Julian John,9999,0,9999,0
1655946333062,MATH 197,002,095566,Kedlaya; Kiran S.,9997,0,9999,2
1655946333062,MATH 197,003,095567,Xiao; Ming,9999,0,9999,0
1655946333062,MATH 197,004,095571,Perols; Johan Lars,9998,0,9999,1
1655946340127,COGS 9,A01,083615,Shannon; Kyle Michael,3,1,75,72
1655946346150,COGS 11,A01,083617,Boyle; Mary E. T.,10,1,48,38
1655946352185,COGS 13,A01,083071,Bastos; Amalia Pinkusfeld,3,2,71,68
1655946358222,COGS 14A,A01,092681,Staff,2,25,100,98
1655946364248,COGS 14B,A01,083073,Cheng; Tzu-Han,7,0,63,56
1655946370289,COGS 17,A01,092677,Staff,8,7,81,73
1655946376323,COGS 100,A01,083619,Allen; Michael Gordon,2,2,70,68
1655946382347,COGS 101A,A01,083621,Davis; Joshua Daniel,4,3,68,64
1655946388370,COGS 101B,A01,091572,Allen; Michael Gordon,0,0,65,65
1655946394404,COGS 101C,A01,083625,Delgado; Tania,7,0,35,28
1655946400439,COGS 107A,A01,083627,Boyle; Mary E. T.,1,2,60,59
1655946406475,COGS 118A,A01,083075,Gupta; Anjum,19,16,76,57
1655946412509,CSE 3,A50,083646,Miranda; Gregory Joseph,14,0,50,36
1655946418531,CSE 8A,A50,083650,Miranda; Gregory Joseph,3,11,56,53
1655946424556,CSE 11,A01,083080,Cao; Yingjun,0,68,40,40
1655946430577,CSE 12,A01,083652,Krause-Levy; Sophia Louisa,6,8,120,114
1655946436611,CSE 15L,A01,083654,Morris; Justin Loren,3,1,50,47
1655946436611,CSE 15L,A02,083655,Morris; Justin Loren,1,1,50,49
1655946442638,CSE 20,A01,083657,Tran; Khoa Dang,29,0,80,51
1655946448673,CSE 21,A01,095574,Bach; Quang Tran,23,0,48,25
1655946454707,CSE 30,A01,083084,Eldon; John,2,10,80,78
1655946454707,CSE 30,B01,095061,Bhaskar; Nishant,0,4,50,50
1655946460747,CSE 100,A01,083659,Cao; Yingjun,2,25,70,68
1655946466774,CSE 134B,A01,083661,Powell; Thomas Allan,5,7,100,95
1655946472795,CSE 140,A01,083663,Gungor; Onat,5,0,85,80
1655946478818,CSE 140L,A01,083088,Eldon; John,5,0,100,95
1655946484841,CSE 175,A01,083665,Kumar; Rakesh,1,0,25,24
1655946490867,CSE 190,A00,092507,Dubnov; Shlomo,1,0,20,19
1655946496902,ECE 45,A01,083139,Congero; Spencer William,0,1,75,75
1655946502930,ECE 65,A50,083695,Saad; Andrew S,6,0,30,24
1655946502930,ECE 65,A51,095125,Staff,23,0,26,3
1655946508963,ECE 109,A01,091882,Touri; Behrouz,2,4,70,68
1655946514990,ECE 180,A00,083140,Abi Samra; Nicholas Camill,1,0,30,29
1655946514990,ECE 180,B00,083141,Abi Samra; Nicholas Camill,0,9,28,28
1655946521029,MATH 10A,A01,083735,Patchell; Gregory David,0,0,30,30
1655946521029,MATH 10A,A02,083736,Patchell; Gregory David,21,0,30,9
1655946521029,MATH 10A,A03,083737,Patchell; Gregory David,16,0,30,14
1655946527059,MATH 10B,A01,083207,Lim; Seonhee,1,1,34,33
1655946527059,MATH 10B,A02,083208,Lim; Seonhee,1,1,35,34
1655946527059,MATH 10B,A03,093472,Staff,1,0,34,33
1655946527059,MATH 10B,B01,083739,Sinha; Shubham,10,0,30,20
1655946533089,MATH 18,A01,083743,Cinel; Cameron Alexander,4,0,30,26
1655946533089,MATH 18,A02,083744,Cinel; Cameron Alexander,11,0,30,19
1655946533089,MATH 18,A03,083745,Cinel; Cameron Alexander,1,0,30,29
1655946533089,MATH 18,B01,083748,Ma; Zilu,2,0,36,34
1655946533089,MATH 18,B02,083749,Ma; Zilu,0,0,36,36
1655946533089,MATH 18,B03,083750,Ma; Zilu,0,0,36,36
1655946533089,MATH 18,B04,083751,Ma; Zilu,0,0,36,36
1655946533089,MATH 18,B05,093473,Staff,0,0,36,36
1655946533089,MATH 18,B06,093474,Staff,0,0,36,36
1655946539118,MATH 20A,A01,083754,Zheng; Zequn,10,0,40,30
1655946545147,MATH 20B,A01,083756,Briones; Jor-el Thomas Caparas,0,1,36,36
1655946545147,MATH 20B,A02,083757,Briones; Jor-el Thomas Caparas,1,0,36,35
1655946545147,MATH 20B,A03,093475,Staff,1,0,36,35
1655946551180,MATH 20C,A01,083760,Briones; Jor-el Thomas Caparas,0,2,35,35
1655946551180,MATH 20C,A02,083761,Briones; Jor-el Thomas Caparas,6,1,35,29
1655946551180,MATH 20C,A03,093476,Staff,1,0,35,34
1655946551180,MATH 20C,B01,083762,Bach; Quang Tran,3,0,30,27
1655946557209,MATH 20D,A01,083765,Tran; Brian Kha,1,0,30,29
1655946557209,MATH 20D,A02,083766,Tran; Brian Kha,0,1,30,30
1655946557209,MATH 20D,A03,083767,Tran; Brian Kha,1,0,30,29
1655946563232,MATH 20E,A01,083771,Ganguly; Soumya,0,0,32,32
1655946563232,MATH 20E,A02,083772,Ganguly; Soumya,1,1,32,31
1655946563232,MATH 20E,B01,083773,Ciotti; Benjamin,13,0,35,22
1655946563232,MATH 20E,B02,083774,Ciotti; Benjamin,12,0,35,23
1655946569261,MATH 103A,A01,083777,Greenfeld; Be'Eri,2,1,36,34
1655946569261,MATH 103A,A02,083778,Greenfeld; Be'Eri,2,0,36,34
1655946569261,MATH 103A,A03,093561,Staff,0,1,36,36
1655946569261,MATH 103A,B01,083779,Greenfeld; Be'Eri,7,1,36,29
1655946569261,MATH 103A,B02,083780,Greenfeld; Be'Eri,1,0,36,35
1655946569261,MATH 103A,B03,093562,Staff,0,0,36,36
1655946575284,MATH 105,A01,085443,Carter; Anne Toulson,3,1,35,32
1655946575284,MATH 105,A02,093477,Staff,6,0,35,29
1655946581309,MATH 109,A01,083213,Ganzberger; Geoffrey Michael,0,1,34,34
1655946581309,MATH 109,A02,083214,Ganzberger; Geoffrey Michael,1,0,34,33
1655946581309,MATH 109,A03,093478,Staff,0,0,34,34
1655946581309,MATH 109,B01,083215,Ganzberger; Geoffrey Michael,2,0,32,30
1655946581309,MATH 109,B02,083216,Ganzberger; Geoffrey Michael,0,0,32,32
1655946581309,MATH 109,B03,093479,Staff,4,0,32,28
1655946587342,MATH 142A,A01,083219,Chow; Bennett,0,0,32,32
1655946587342,MATH 142A,A02,083220,Chow; Bennett,7,0,32,25
1655946587342,MATH 142A,A03,093480,Staff,4,0,32,28
1655946587342,MATH 142A,B03,093481,Staff,3,0,32,29
1655946587342,MATH 142A,B04,093558,Staff,6,0,32,26
1655946587342,MATH 142A,B05,093559,Staff,0,0,32,32
1655946593379,MATH 193A,A01,083224,Rotar; Vladimir,1,1,34,33
1655946593379,MATH 193A,A02,083225,Rotar; Vladimir,0,0,34,34
1655946593379,MATH 193A,A03,083781,Rotar; Vladimir,2,0,34,32
1655946593379,MATH 193A,A04,083782,Rotar; Vladimir,2,0,34,32
1655946593379,MATH 193A,A05,093482,Rotar; Vladimir,1,0,34,33
1655946599487,MATH 197,001,091859,McAuley; Julian John,9999,0,9999,0
1655946599487,MATH 197,002,095566,Kedlaya; Kiran S.,9997,0,9999,2
1655946599487,MATH 197,003,095567,Xiao; Ming,9999,0,9999,0
1655946599487,MATH 197,004,095571,Perols; Johan Lars,9998,0,9999,1
1655946606552,COGS 9,A01,083615,Shannon; Kyle Michael,3,1,75,72
1655946612575,COGS 11,A01,083617,Boyle; Mary E. T.,10,1,48,38
1655946618602,COGS 13,A01,083071,Bastos; Amalia Pinkusfeld,3,2,71,68
1655946624635,COGS 14A,A01,092681,Staff,2,25,100,98
1655946630658,COGS 14B,A01,083073,Cheng; Tzu-Han,7,0,63,56
1655946636696,COGS 17,A01,092677,Staff,8,7,81,73
1655946642725,COGS 100,A01,083619,Allen; Michael Gordon,2,2,70,68
1655946648749,COGS 101A,A01,083621,Davis; Joshua Daniel,4,3,68,64
1655946654779,COGS 101B,A01,091572,Allen; Michael Gordon,0,0,65,65
1655946660806,COGS 101C,A01,083625,Delgado; Tania,7,0,35,28
1655946666846,COGS 107A,A01,083627,Boyle; Mary E. T.,1,2,60,59
1655946672885,COGS 118A,A01,083075,Gupta; Anjum,19,16,76,57
1655946678916,CSE 3,A50,083646,Miranda; Gregory Joseph,14,0,50,36
1655946684939,CSE 8A,A50,083650,Miranda; Gregory Joseph,3,11,56,53
1655946690962,CSE 11,A01,083080,Cao; Yingjun,0,68,40,40
1655946696988,CSE 12,A01,083652,Krause-Levy; Sophia Louisa,6,8,120,114
1655946703012,CSE 15L,A01,083654,Morris; Justin Loren,3,1,50,47
1655946703012,CSE 15L,A02,083655,Morris; Justin Loren,1,1,50,49
1655946709042,CSE 20,A01,083657,Tran; Khoa Dang,29,0,80,51
1655946715065,CSE 21,A01,095574,Bach; Quang Tran,23,0,48,25
1655946721089,CSE 30,A01,083084,Eldon; John,2,10,80,78
1655946721089,CSE 30,B01,095061,Bhaskar; Nishant,0,4,50,50
1655946727112,CSE 100,A01,083659,Cao; Yingjun,2,25,70,68
1655946733147,CSE 134B,A01,083661,Powell; Thomas Allan,5,7,100,95
1655946739183,CSE 140,A01,083663,Gungor; Onat,5,0,85,80
1655946745224,CSE 140L,A01,083088,Eldon; John,5,0,100,95
1655946751250,CSE 175,A01,083665,Kumar; Rakesh,1,0,25,24
1655946757277,CSE 190,A00,092507,Dubnov; Shlomo,1,0,20,19
1655946763304,ECE 45,A01,083139,Congero; Spencer William,0,1,75,75
1655946769327,ECE 65,A50,083695,Saad; Andrew S,6,0,30,24
1655946769327,ECE 65,A51,095125,Staff,23,0,26,3
1655946775350,ECE 109,A01,091882,Touri; Behrouz,2,4,70,68
1655946781371,ECE 180,A00,083140,Abi Samra; Nicholas Camill,1,0,30,29
1655946781371,ECE 180,B00,083141,Abi Samra; Nicholas Camill,0,9,28,28
1655946787395,MATH 10A,A01,083735,Patchell; Gregory David,0,0,30,30
1655946787395,MATH 10A,A02,083736,Patchell; Gregory David,21,0,30,9
1655946787395,MATH 10A,A03,083737,Patchell; Gregory David,16,0,30,14
1655946793432,MATH 10B,A01,083207,Lim; Seonhee,1,1,34,33
1655946793432,MATH 10B,A02,083208,Lim; Seonhee,1,1,35,34
1655946793432,MATH 10B,A03,093472,Staff,1,0,34,33
1655946793432,MATH 10B,B01,083739,Sinha; Shubham,10,0,30,20
1655946799473,MATH 18,A01,083743,Cinel; Cameron Alexander,4,0,30,26
1655946799473,MATH 18,A02,083744,Cinel; Cameron Alexander,11,0,30,19
1655946799473,MATH 18,A03,083745,Cinel; Cameron Alexander,1,0,30,29
1655946799473,MATH 18,B01,083748,Ma; Zilu,2,0,36,34
1655946799473,MATH 18,B02,083749,Ma; Zilu,0,0,36,36
1655946799473,MATH 18,B03,083750,Ma; Zilu,0,0,36,36
1655946799473,MATH 18,B04,083751,Ma; Zilu,0,0,36,36
1655946799473,MATH 18,B05,093473,Staff,0,0,36,36
1655946799473,MATH 18,B06,093474,Staff,0,0,36,36
1655946805499,MATH 20A,A01,083754,Zheng; Zequn,10,0,40,30
1655946811523,MATH 20B,A01,083756,Briones; Jor-el Thomas Caparas,0,1,36,36
1655946811523,MATH 20B,A02,083757,Briones; Jor-el Thomas Caparas,1,0,36,35
1655946811523,MATH 20B,A03,093475,Staff,1,0,36,35
1655946817544,MATH 20C,A01,083760,Briones; Jor-el Thomas Caparas,0,2,35,35
1655946817544,MATH 20C,A02,083761,Briones; Jor-el Thomas Caparas,6,1,35,29
1655946817544,MATH 20C,A03,093476,Staff,1,0,35,34
1655946817544,MATH 20C,B01,083762,Bach; Quang Tran,3,0,30,27
1655946823572,MATH 20D,A01,083765,Tran; Brian Kha,1,0,30,29
1655946823572,MATH 20D,A02,083766,Tran; Brian Kha,0,1,30,30
1655946823572,MATH 20D,A03,083767,Tran; Brian Kha,1,0,30,29
1655946829595,MATH 20E,A01,083771,Ganguly; Soumya,0,0,32,32
1655946829595,MATH 20E,A02,083772,Ganguly; Soumya,1,1,32,31
1655946829595,MATH 20E,B01,083773,Ciotti; Benjamin,13,0,35,22
1655946829595,MATH 20E,B02,083774,Ciotti; Benjamin,12,0,35,23
1655946835624,MATH 103A,A01,083777,Greenfeld; Be'Eri,2,1,36,34
1655946835624,MATH 103A,A02,083778,Greenfeld; Be'Eri,2,0,36,34
1655946835624,MATH 103A,A03,093561,Staff,0,1,36,36
1655946835624,MATH 103A,B01,083779,Greenfeld; Be'Eri,7,1,36,29
1655946835624,MATH 103A,B02,083780,Greenfeld; Be'Eri,1,0,36,35
1655946835624,MATH 103A,B03,093562,Staff,0,0,36,36
1655946841648,MATH 105,A01,085443,Carter; Anne Toulson,3,1,35,32
1655946841648,MATH 105,A02,093477,Staff,6,0,35,29
1655946847686,MATH 109,A01,083213,Ganzberger; Geoffrey Michael,0,1,34,34
1655946847686,MATH 109,A02,083214,Ganzberger; Geoffrey Michael,1,0,34,33
1655946847686,MATH 109,A03,093478,Staff,0,0,34,34
1655946847686,MATH 109,B01,083215,Ganzberger; Geoffrey Michael,2,0,32,30
1655946847686,MATH 109,B02,083216,Ganzberger; Geoffrey Michael,0,0,32,32
1655946847686,MATH 109,B03,093479,Staff,4,0,32,28
1655946853710,MATH 142A,A01,083219,Chow; Bennett,0,0,32,32
1655946853710,MATH 142A,A02,083220,Chow; Bennett,7,0,32,25
1655946853710,MATH 142A,A03,093480,Staff,4,0,32,28
1655946853710,MATH 142A,B03,093481,Staff,3,0,32,29
1655946853710,MATH 142A,B04,093558,Staff,6,0,32,26
1655946853710,MATH 142A,B05,093559,Staff,0,0,32,32
1655946859736,MATH 193A,A01,083224,Rotar; Vladimir,1,1,34,33
1655946859736,MATH 193A,A02,083225,Rotar; Vladimir,0,0,34,34
1655946859736,MATH 193A,A03,083781,Rotar; Vladimir,2,0,34,32
1655946859736,MATH 193A,A04,083782,Rotar; Vladimir,2,0,34,32
1655946859736,MATH 193A,A05,093482,Rotar; Vladimir,1,0,34,33
1655946865766,MATH 197,001,091859,McAuley; Julian John,9999,0,9999,0
1655946865766,MATH 197,002,095566,Kedlaya; Kiran S.,9997,0,9999,2
1655946865766,MATH 197,003,095567,Xiao; Ming,9999,0,9999,0
1655946865766,MATH 197,004,095571,Perols; Johan Lars,9998,0,9999,1
1655946872818,COGS 9,A01,083615,Shannon; Kyle Michael,3,1,75,72
1655946878842,COGS 11,A01,083617,Boyle; Mary E. T.,10,1,48,38
1655946884865,COGS 13,A01,083071,Bastos; Amalia Pinkusfeld,3,2,71,68
1655946890887,COGS 14A,A01,092681,Staff,2,25,100,98
1655946896921,COGS 14B,A01,083073,Cheng; Tzu-Han,7,0,63,56
1655946902946,COGS 17,A01,092677,Staff,8,7,81,73
1655946908972,COGS 100,A01,083619,Allen; Michael Gordon,2,2,70,68
1655946914998,COGS 101A,A01,083621,Davis; Joshua Daniel,4,3,68,64
1655946921022,COGS 101B,A01,091572,Allen; Michael Gordon,0,0,65,65
1655946927061,COGS 101C,A01,083625,Delgado; Tania,7,0,35,28
1655946933084,COGS 107A,A01,083627,Boyle; Mary E. T.,1,2,60,59
1655946939110,COGS 118A,A01,083075,Gupta; Anjum,19,16,76,57
1655946945137,CSE 3,A50,083646,Miranda; Gregory Joseph,14,0,50,36
1655946951162,CSE 8A,A50,083650,Miranda; Gregory Joseph,3,11,56,53
1655946957187,CSE 11,A01,083080,Cao; Yingjun,0,68,40,40
1655946963213,CSE 12,A01,083652,Krause-Levy; Sophia Louisa,6,8,120,114
1655946969241,CSE 15L,A01,083654,Morris; Justin Loren,3,1,50,47
1655946969241,CSE 15L,A02,083655,Morris; Justin Loren,1,1,50,49
1655946975276,CSE 20,A01,083657,Tran; Khoa Dang,29,0,80,51
1655946981304,CSE 21,A01,095574,Bach; Quang Tran,23,0,48,25
1655946987328,CSE 30,A01,083084,Eldon; John,2,10,80,78
1655946987328,CSE 30,B01,095061,Bhaskar; Nishant,0,4,50,50
1655946993355,CSE 100,A01,083659,Cao; Yingjun,2,25,70,68
1655946999387,CSE 134B,A01,083661,Powell; Thomas Allan,5,7,100,95
1655947005411,CSE 140,A01,083663,Gungor; Onat,5,0,85,80
1655947011434,CSE 140L,A01,083088,Eldon; John,5,0,100,95
1655947017476,CSE 175,A01,083665,Kumar; Rakesh,1,0,25,24
1655947023506,CSE 190,A00,092507,Dubnov; Shlomo,1,0,20,19
1655947029533,ECE 45,A01,083139,Congero; Spencer William,0,1,75,75
1655947035567,ECE 65,A50,083695,Saad; Andrew S,6,0,30,24
1655947035567,ECE 65,A51,095125,Staff,23,0,26,3
1655947041591,ECE 109,A01,091882,Touri; Behrouz,2,4,70,68
1655947047621,ECE 180,A00,083140,Abi Samra; Nicholas Camill,1,0,30,29
1655947047621,ECE 180,B00,083141,Abi Samra; Nicholas Camill,0,9,28,28
1655947053643,MATH 10A,A01,083735,Patchell; Gregory David,0,0,30,30
1655947053643,MATH 10A,A02,083736,Patchell; Gregory David,21,0,30,9
1655947053643,MATH 10A,A03,083737,Patchell; Gregory David,16,0,30,14
1655947059674,MATH 10B,A01,083207,Lim; Seonhee,1,1,34,33
1655947059674,MATH 10B,A02,083208,Lim; Seonhee,1,1,35,34
1655947059674,MATH 10B,A03,093472,Staff,1,0,34,33
1655947059674,MATH 10B,B01,083739,Sinha; Shubham,9,0,30,21
1655947065706,MATH 18,A01,083743,Cinel; Cameron Alexander,4,0,30,26
1655947065706,MATH 18,A02,083744,Cinel; Cameron Alexander,11,0,30,19
1655947065706,MATH 18,A03,083745,Cinel; Cameron Alexander,1,0,30,29
1655947065706,MATH 18,B01,083748,Ma; Zilu,2,0,36,34
1655947065706,MATH 18,B02,083749,Ma; Zilu,0,0,36,36
1655947065706,MATH 18,B03,083750,Ma; Zilu,0,0,36,36
1655947065706,MATH 18,B04,083751,Ma; Zilu,0,0,36,36
1655947065706,MATH 18,B05,093473,Staff,0,0,36,36
1655947065706,MATH 18,B06,093474,Staff,0,0,36,36
1655947071733,MATH 20A,A01,083754,Zheng; Zequn,10,0,40,30
1655947077756,MATH 20B,A01,083756,Briones; Jor-el Thomas Caparas,0,1,36,36
1655947077756,MATH 20B,A02,083757,Briones; Jor-el Thomas Caparas,1,0,36,35
1655947077756,MATH 20B,A03,093475,Staff,1,0,36,35
1655947083778,MATH 20C,A01,083760,Briones; Jor-el Thomas Caparas,0,2,35,35
1655947083778,MATH 20C,A02,083761,Briones; Jor-el Thomas Caparas,6,1,35,29
1655947083778,MATH 20C,A03,093476,Staff,1,0,35,34
1655947083778,MATH 20C,B01,083762,Bach; Quang Tran,3,0,30,27
1655947089806,MATH 20D,A01,083765,Tran; Brian Kha,1,0,30,29
1655947089806,MATH 20D,A02,083766,Tran; Brian Kha,0,1,30,30
1655947089806,MATH 20D,A03,083767,Tran; Brian Kha,1,0,30,29
1655947095844,MATH 20E,A01,083771,Ganguly; Soumya,0,0,32,32
1655947095844,MATH 20E,A02,083772,Ganguly; Soumya,1,1,32,31
1655947095844,MATH 20E,B01,083773,Ciotti; Benjamin,13,0,35,22
1655947095844,MATH 20E,B02,083774,Ciotti; Benjamin,12,0,35,23
1655947101869,MATH 103A,A01,083777,Greenfeld; Be'Eri,2,1,36,34
1655947101869,MATH 103A,A02,083778,Greenfeld; Be'Eri,2,0,36,34
1655947101869,MATH 103A,A03,093561,Staff,0,1,36,36
1655947101869,MATH 103A,B01,083779,Greenfeld; Be'Eri,7,1,36,29
1655947101869,MATH 103A,B02,083780,Greenfeld; Be'Eri,1,0,36,35
1655947101869,MATH 103A,B03,093562,Staff,0,0,36,36
1655947107892,MATH 105,A01,085443,Carter; Anne Toulson,3,1,35,32
1655947107892,MATH 105,A02,093477,Staff,6,0,35,29
1655947113921,MATH 109,A01,083213,Ganzberger; Geoffrey Michael,0,1,34,34
1655947113921,MATH 109,A02,083214,Ganzberger; Geoffrey Michael,1,0,34,33
1655947113921,MATH 109,A03,093478,Staff,0,0,34,34
1655947113921,MATH 109,B01,083215,Ganzberger; Geoffrey Michael,2,0,32,30
1655947113921,MATH 109,B02,083216,Ganzberger; Geoffrey Michael,0,0,32,32
1655947113921,MATH 109,B03,093479,Staff,4,0,32,28
1655947119955,MATH 142A,A01,083219,Chow; Bennett,0,0,32,32
1655947119955,MATH 142A,A02,083220,Chow; Bennett,7,0,32,25
1655947119955,MATH 142A,A03,093480,Staff,4,0,32,28
1655947119955,MATH 142A,B03,093481,Staff,3,0,32,29
1655947119955,MATH 142A,B04,093558,Staff,6,0,32,26
1655947119955,MATH 142A,B05,093559,Staff,0,0,32,32
1655947125979,MATH 193A,A01,083224,Rotar; Vladimir,1,1,34,33
1655947125979,MATH 193A,A02,083225,Rotar; Vladimir,0,0,34,34
1655947125979,MATH 193A,A03,083781,Rotar; Vladimir,2,0,34,32
1655947125979,MATH 193A,A04,083782,Rotar; Vladimir,2,0,34,32
1655947125979,MATH 193A,A05,093482,Rotar; Vladimir,1,0,34,33
1655947132003,MATH 197,001,091859,McAuley; Julian John,9999,0,9999,0
1655947132003,MATH 197,002,095566,Kedlaya; Kiran S.,9997,0,9999,2
1655947132003,MATH 197,003,095567,Xiao; Ming,9999,0,9999,0
1655947132003,MATH 197,004,095571,Perols; Johan Lars,9998,0,9999,1
1655947139055,COGS 9,A01,083615,Shannon; Kyle Michael,3,1,75,72
1655947145097,COGS 11,A01,083617,Boyle; Mary E. T.,10,1,48,38
1655947151134,COGS 13,A01,083071,Bastos; Amalia Pinkusfeld,3,2,71,68
1655947157160,COGS 14A,A01,092681,Staff,2,25,100,98
1655947163186,COGS 14B,A01,083073,Cheng; Tzu-Han,7,0,63,56
1655947169215,COGS 17,A01,092677,Staff,8,7,81,73
1655947175244,COGS 100,A01,083619,Allen; Michael Gordon,2,2,70,68
1655947181267,COGS 101A,A01,083621,Davis; Joshua Daniel,4,3,68,64
1655947187293,COGS 101B,A01,091572,Allen; Michael Gordon,0,0,65,65
1655947193418,COGS 101C,A01,083625,Delgado; Tania,7,0,35,28
1655947199445,COGS 107A,A01,083627,Boyle; Mary E. T.,1,2,60,59
1655947205478,COGS 118A,A01,083075,Gupta; Anjum,19,16,76,57
1655947211503,CSE 3,A50,083646,Miranda; Gregory Joseph,14,0,50,36
1655947217527,CSE 8A,A50,083650,Miranda; Gregory Joseph,3,11,56,53
1655947223554,CSE 11,A01,083080,Cao; Yingjun,0,68,40,40
1655947229578,CSE 12,A01,083652,Krause-Levy; Sophia Louisa,6,8,120,114
1655947235605,CSE 15L,A01,083654,Morris; Justin Loren,3,1,50,47
1655947235605,CSE 15L,A02,083655,Morris; Justin Loren,1,1,50,49
1655947241629,CSE 20,A01,083657,Tran; Khoa Dang,29,0,80,51
1655947247652,CSE 21,A01,095574,Bach; Quang Tran,23,0,48,25
1655947253680,CSE 30,A01,083084,Eldon; John,2,10,80,78
1655947253680,CSE 30,B01,095061,Bhaskar; Nishant,0,4,50,50
1655947259704,CSE 100,A01,083659,Cao; Yingjun,2,25,70,68
1655947265728,CSE 134B,A01,083661,Powell; Thomas Allan,5,7,100,95
1655947271757,CSE 140,A01,083663,Gungor; Onat,5,0,85,80
1655947277783,CSE 140L,A01,083088,Eldon; John,5,0,100,95
1655947283811,CSE 175,A01,083665,Kumar; Rakesh,1,0,25,24
1655947289838,CSE 190,A00,092507,Dubnov; Shlomo,1,0,20,19
1655947295861,ECE 45,A01,083139,Congero; Spencer William,0,1,75,75
1655947301889,ECE 65,A50,083695,Saad; Andrew S,6,0,30,24
1655947301889,ECE 65,A51,095125,Staff,23,0,26,3
1655947307916,ECE 109,A01,091882,Touri; Behrouz,2,4,70,68
1655947313953,ECE 180,A00,083140,Abi Samra; Nicholas Camill,1,0,30,29
1655947313953,ECE 180,B00,083141,Abi Samra; Nicholas Camill,0,9,28,28
1655947319980,MATH 10A,A01,083735,Patchell; Gregory David,0,0,30,30
1655947319980,MATH 10A,A02,083736,Patchell; Gregory David,21,0,30,9
1655947319980,MATH 10A,A03,083737,Patchell; Gregory David,16,0,30,14
1655947326009,MATH 10B,A01,083207,Lim; Seonhee,1,1,34,33
1655947326009,MATH 10B,A02,083208,Lim; Seonhee,1,1,35,34
1655947326009,MATH 10B,A03,093472,Staff,1,0,34,33
1655947326009,MATH 10B,B01,083739,Sinha; Shubham,9,0,30,21
1655947332034,MATH 18,A01,083743,Cinel; Cameron Alexander,4,0,30,26
1655947332034,MATH 18,A02,083744,Cinel; Cameron Alexander,11,0,30,19
1655947332034,MATH 18,A03,083745,Cinel; Cameron Alexander,1,0,30,29
1655947332034,MATH 18,B01,083748,Ma; Zilu,2,0,36,34
1655947332034,MATH 18,B02,083749,Ma; Zilu,0,0,36,36
1655947332034,MATH 18,B03,083750,Ma; Zilu,0,0,36,36
1655947332034,MATH 18,B04,083751,Ma; Zilu,0,0,36,36
1655947332034,MATH 18,B05,093473,Staff,0,0,36,36
1655947332034,MATH 18,B06,093474,Staff,0,0,36,36
1655947338057,MATH 20A,A01,083754,Zheng; Zequn,10,0,40,30
1655947344081,MATH 20B,A01,083756,Briones; Jor-el Thomas Caparas,0,1,36,36
1655947344081,MATH 20B,A02,083757,Briones; Jor-el Thomas Caparas,1,0,36,35
1655947344081,MATH 20B,A03,093475,Staff,1,0,36,35
1655947350118,MATH 20C,A01,083760,Briones; Jor-el Thomas Caparas,0,2,35,35
1655947350118,MATH 20C,A02,083761,Briones; Jor-el Thomas Caparas,6,1,35,29
1655947350118,MATH 20C,A03,093476,Staff,1,0,35,34
1655947350118,MATH 20C,B01,083762,Bach; Quang Tran,3,0,30,27
1655947356147,MATH 20D,A01,083765,Tran; Brian Kha,1,0,30,29
1655947356147,MATH 20D,A02,083766,Tran; Brian Kha,0,1,30,30
1655947356147,MATH 20D,A03,083767,Tran; Brian Kha,1,0,30,29
1655947362171,MATH 20E,A01,083771,Ganguly; Soumya,0,0,32,32
1655947362171,MATH 20E,A02,083772,Ganguly; Soumya,1,1,32,31
1655947362171,MATH 20E,B01,083773,Ciotti; Benjamin,13,0,35,22
1655947362171,MATH 20E,B02,083774,Ciotti; Benjamin,12,0,35,23
1655947368212,MATH 103A,A01,083777,Greenfeld; Be'Eri,2,1,36,34
1655947368212,MATH 103A,A02,083778,Greenfeld; Be'Eri,2,0,36,34
1655947368212,MATH 103A,A03,093561,Staff,0,1,36,36
1655947368212,MATH 103A,B01,083779,Greenfeld; Be'Eri,7,1,36,29
1655947368212,MATH 103A,B02,083780,Greenfeld; Be'Eri,1,0,36,35
1655947368212,MATH 103A,B03,093562,Staff,0,0,36,36
1655947374242,MATH 105,A01,085443,Carter; Anne Toulson,3,1,35,32
1655947374242,MATH 105,A02,093477,Staff,6,0,35,29
1655947380273,MATH 109,A01,083213,Ganzberger; Geoffrey Michael,0,1,34,34
1655947380273,MATH 109,A02,083214,Ganzberger; Geoffrey Michael,1,0,34,33
1655947380273,MATH 109,A03,093478,Staff,0,0,34,34
1655947380273,MATH 109,B01,083215,Ganzberger; Geoffrey Michael,2,0,32,30
1655947380273,MATH 109,B02,083216,Ganzberger; Geoffrey Michael,0,0,32,32
1655947380273,MATH 109,B03,093479,Staff,4,0,32,28
1655947386297,MATH 142A,A01,083219,Chow; Bennett,0,0,32,32
1655947386297,MATH 142A,A02,083220,Chow; Bennett,7,0,32,25
1655947386297,MATH 142A,A03,093480,Staff,4,0,32,28
1655947386297,MATH 142A,B03,093481,Staff,3,0,32,29
1655947386297,MATH 142A,B04,093558,Staff,6,0,32,26
1655947386297,MATH 142A,B05,093559,Staff,0,0,32,32
1655947392324,MATH 193A,A01,083224,Rotar; Vladimir,1,1,34,33
1655947392324,MATH 193A,A02,083225,Rotar; Vladimir,0,0,34,34
1655947392324,MATH 193A,A03,083781,Rotar; Vladimir,2,0,34,32
1655947392324,MATH 193A,A04,083782,Rotar; Vladimir,2,0,34,32
1655947392324,MATH 193A,A05,093482,Rotar; Vladimir,1,0,34,33
1655947398358,MATH 197,001,091859,McAuley; Julian John,9999,0,9999,0
1655947398358,MATH 197,002,095566,Kedlaya; Kiran S.,9997,0,9999,2
1655947398358,MATH 197,003,095567,Xiao; Ming,9999,0,9999,0
1655947398358,MATH 197,004,095571,Perols; Johan Lars,9998,0,9999,1
1655947405411,COGS 9,A01,083615,Shannon; Kyle Michael,3,1,75,72
1655947411433,COGS 11,A01,083617,Boyle; Mary E. T.,10,1,48,38
1655947417459,COGS 13,A01,083071,Bastos; Amalia Pinkusfeld,3,2,71,68
1655947423489,COGS 14A,A01,092681,Staff,2,25,100,98
1655947429513,COGS 14B,A01,083073,Cheng; Tzu-Han,7,0,63,56
1655947435539,COGS 17,A01,092677,Staff,8,7,81,73
1655947441563,COGS 100,A01,083619,Allen; Michael Gordon,2,2,70,68
1655947447585,COGS 101A,A01,083621,Davis; Joshua Daniel,4,3,68,64
1655947453607,COGS 101B,A01,091572,Allen; Michael Gordon,0,0,65,65
1655947459630,COGS 101C,A01,083625,Delgado; Tania,7,0,35,28
1655947465654,COGS 107A,A01,083627,Boyle; Mary E. T.,1,2,60,59
1655947471677,COGS 118A,A01,083075,Gupta; Anjum,19,16,76,57
1655947477706,CSE 3,A50,083646,Miranda; Gregory Joseph,14,0,50,36
1655947483733,CSE 8A,A50,083650,Miranda; Gregory Joseph,3,11,56,53
1655947489759,CSE 11,A01,083080,Cao; Yingjun,0,68,40,40
1655947495795,CSE 12,A01,083652,Krause-Levy; Sophia Louisa,6,8,120,114
1655947501820,CSE 15L,A01,083654,Morris; Justin Loren,3,1,50,47
1655947501820,CSE 15L,A02,083655,Morris; Justin Loren,1,1,50,49
1655947507848,CSE 20,A01,083657,Tran; Khoa Dang,29,0,80,51
1655947513870,CSE 21,A01,095574,Bach; Quang Tran,23,0,48,25
1655947519897,CSE 30,A01,083084,Eldon; John,2,10,80,78
1655947519897,CSE 30,B01,095061,Bhaskar; Nishant,0,4,50,50
1655947525920,CSE 100,A01,083659,Cao; Yingjun,2,25,70,68
1655947531949,CSE 134B,A01,083661,Powell; Thomas Allan,5,7,100,95
1655947537973,CSE 140,A01,083663,Gungor; Onat,5,0,85,80
1655947544001,CSE 140L,A01,083088,Eldon; John,5,0,100,95
1655947550024,CSE 175,A01,083665,Kumar; Rakesh,1,0,25,24
1655947556047,CSE 190,A00,092507,Dubnov; Shlomo,1,0,20,19
1655947562073,ECE 45,A01,083139,Congero; Spencer William,0,1,75,75
1655947568102,ECE 65,A50,083695,Saad; Andrew S,6,0,30,24
1655947568102,ECE 65,A51,095125,Staff,23,0,26,3
1655947574132,ECE 109,A01,091882,Touri; Behrouz,2,4,70,68
1655947580154,ECE 180,A00,083140,Abi Samra; Nicholas Camill,1,0,30,29
1655947580154,ECE 180,B00,083141,Abi Samra; Nicholas Camill,0,9,28,28
1655947586180,MATH 10A,A01,083735,Patchell; Gregory David,0,0,30,30
1655947586180,MATH 10A,A02,083736,Patchell; Gregory David,21,0,30,9
1655947586180,MATH 10A,A03,083737,Patchell; Gregory David,16,0,30,14
1655947592208,MATH 10B,A01,083207,Lim; Seonhee,1,1,34,33
1655947592208,MATH 10B,A02,083208,Lim; Seonhee,1,1,35,34
1655947592208,MATH 10B,A03,093472,Staff,1,0,34,33
1655947592208,MATH 10B,B01,083739,Sinha; Shubham,9,0,30,21
1655947598233,MATH 18,A01,083743,Cinel; Cameron Alexander,4,0,30,26
1655947598233,MATH 18,A02,083744,Cinel; Cameron Alexander,11,0,30,19
1655947598233,MATH 18,A03,083745,Cinel; Cameron Alexander,1,0,30,29
1655947598233,MATH 18,B01,083748,Ma; Zilu,2,0,36,34
1655947598233,MATH 18,B02,083749,Ma; Zilu,0,0,36,36
1655947598233,MATH 18,B03,083750,Ma; Zilu,0,0,36,36
1655947598233,MATH 18,B04,083751,Ma; Zilu,0,0,36,36
1655947598233,MATH 18,B05,093473,Staff,0,0,36,36
1655947598233,MATH 18,B06,093474,Staff,0,0,36,36
1655947604260,MATH 20A,A01,083754,Zheng; Zequn,10,0,40,30
1655947610284,MATH 20B,A01,083756,Briones; Jor-el Thomas Caparas,0,1,36,36
1655947610284,MATH 20B,A02,083757,Briones; Jor-el Thomas Caparas,1,0,36,35
1655947610284,MATH 20B,A03,093475,Staff,1,0,36,35
1655947616308,MATH 20C,A01,083760,Briones; Jor-el Thomas Caparas,0,2,35,35
1655947616308,MATH 20C,A02,083761,Briones; Jor-el Thomas Caparas,6,1,35,29
1655947616308,MATH 20C,A03,093476,Staff,1,0,35,34
1655947616308,MATH 20C,B01,083762,Bach; Quang Tran,3,0,30,27
1655947622335,MATH 20D,A01,083765,Tran; Brian Kha,1,0,30,29
1655947622335,MATH 20D,A02,083766,Tran; Brian Kha,0,1,30,30
1655947622335,MATH 20D,A03,083767,Tran; Brian Kha,1,0,30,29
1655947628359,MATH 20E,A01,083771,Ganguly; Soumya,0,0,32,32
1655947628359,MATH 20E,A02,083772,Ganguly; Soumya,1,1,32,31
1655947628359,MATH 20E,B01,083773,Ciotti; Benjamin,13,0,35,22
1655947628359,MATH 20E,B02,083774,Ciotti; Benjamin,12,0,35,23
1655947634383,MATH 103A,A01,083777,Greenfeld; Be'Eri,2,1,36,34
1655947634383,MATH 103A,A02,083778,Greenfeld; Be'Eri,2,0,36,34
1655947634383,MATH 103A,A03,093561,Staff,0,1,36,36
1655947634383,MATH 103A,B01,083779,Greenfeld; Be'Eri,7,1,36,29
1655947634383,MATH 103A,B02,083780,Greenfeld; Be'Eri,1,0,36,35
1655947634383,MATH 103A,B03,093562,Staff,0,0,36,36
1655947640411,MATH 105,A01,085443,Carter; Anne Toulson,3,1,35,32
1655947640411,MATH 105,A02,093477,Staff,6,0,35,29
1655947646436,MATH 109,A01,083213,Ganzberger; Geoffrey Michael,0,1,34,34
1655947646436,MATH 109,A02,083214,Ganzberger; Geoffrey Michael,1,0,34,33
1655947646436,MATH 109,A03,093478,Staff,0,0,34,34
1655947646436,MATH 109,B01,083215,Ganzberger; Geoffrey Michael,2,0,32,30
1655947646436,MATH 109,B02,083216,Ganzberger; Geoffrey Michael,0,0,32,32
1655947646436,MATH 109,B03,093479,Staff,4,0,32,28
1655947652461,MATH 142A,A01,083219,Chow; Bennett,0,0,32,32
1655947652461,MATH 142A,A02,083220,Chow; Bennett,7,0,32,25
1655947652461,MATH 142A,A03,093480,Staff,4,0,32,28
1655947652461,MATH 142A,B03,093481,Staff,3,0,32,29
1655947652461,MATH 142A,B04,093558,Staff,6,0,32,26
1655947652461,MATH 142A,B05,093559,Staff,0,0,32,32
1655947658489,MATH 193A,A01,083224,Rotar; Vladimir,1,1,34,33
1655947658489,MATH 193A,A02,083225,Rotar; Vladimir,0,0,34,34
1655947658489,MATH 193A,A03,083781,Rotar; Vladimir,2,0,34,32
1655947658489,MATH 193A,A04,083782,Rotar; Vladimir,2,0,34,32
1655947658489,MATH 193A,A05,093482,Rotar; Vladimir,1,0,34,33
1655947664516,MATH 197,001,091859,McAuley; Julian John,9999,0,9999,0
1655947664516,MATH 197,002,095566,Kedlaya; Kiran S.,9997,0,9999,2
1655947664516,MATH 197,003,095567,Xiao; Ming,9999,0,9999,0
1655947664516,MATH 197,004,095571,Perols; Johan Lars,9998,0,9999,1
1655947671580,COGS 9,A01,083615,Shannon; Kyle Michael,3,1,75,72
1655947677608,COGS 11,A01,083617,Boyle; Mary E. T.,10,1,48,38
1655947683643,COGS 13,A01,083071,Bastos; Amalia Pinkusfeld,3,2,71,68
1655947689669,COGS 14A,A01,092681,Staff,2,25,100,98
1655947695696,COGS 14B,A01,083073,Cheng; Tzu-Han,7,0,63,56
1655947701718,COGS 17,A01,092677,Staff,8,7,81,73
1655947707742,COGS 100,A01,083619,Allen; Michael Gordon,2,2,70,68
1655947713770,COGS 101A,A01,083621,Davis; Joshua Daniel,4,3,68,64
1655947719816,COGS 101B,A01,091572,Allen; Michael Gordon,0,0,65,65
1655947725843,COGS 101C,A01,083625,Delgado; Tania,7,0,35,28
1655947731866,COGS 107A,A01,083627,Boyle; Mary E. T.,1,2,60,59
1655947737888,COGS 118A,A01,083075,Gupta; Anjum,19,16,76,57
1655947743912,CSE 3,A50,083646,Miranda; Gregory Joseph,14,0,50,36
1655947749937,CSE 8A,A50,083650,Miranda; Gregory Joseph,3,11,56,53
1655947755965,CSE 11,A01,083080,Cao; Yingjun,0,68,40,40
1655947761989,CSE 12,A01,083652,Krause-Levy; Sophia Louisa,6,8,120,114
1655947768012,CSE 15L,A01,083654,Morris; Justin Loren,3,1,50,47
1655947768012,CSE 15L,A02,083655,Morris; Justin Loren,1,1,50,49
1655947774041,CSE 20,A01,083657,Tran; Khoa Dang,29,0,80,51
1655947780068,CSE 21,A01,095574,Bach; Quang Tran,23,0,48,25
1655947786098,CSE 30,A01,083084,Eldon; John,2,10,80,78
1655947786098,CSE 30,B01,095061,Bhaskar; Nishant,0,4,50,50
1655947792192,CSE 100,A01,083659,Cao; Yingjun,2,25,70,68
1655947798215,CSE 134B,A01,083661,Powell; Thomas Allan,5,7,100,95
1655947804238,CSE 140,A01,083663,Gungor; Onat,5,0,85,80
1655947810259,CSE 140L,A01,083088,Eldon; John,5,0,100,95
1655947816284,CSE 175,A01,083665,Kumar; Rakesh,1,0,25,24
1655947822309,CSE 190,A00,092507,Dubnov; Shlomo,1,0,20,19
1655947828333,ECE 45,A01,083139,Congero; Spencer William,0,1,75,75
1655947834361,ECE 65,A50,083695,Saad; Andrew S,6,0,30,24
1655947834361,ECE 65,A51,095125,Staff,23,0,26,3
1655947840406,ECE 109,A01,091882,Touri; Behrouz,2,4,70,68
1655947846437,ECE 180,A00,083140,Abi Samra; Nicholas Camill,1,0,30,29
1655947846437,ECE 180,B00,083141,Abi Samra; Nicholas Camill,0,9,28,28
1655947852464,MATH 10A,A01,083735,Patchell; Gregory David,0,0,30,30
1655947852464,MATH 10A,A02,083736,Patchell; Gregory David,21,0,30,9
1655947852464,MATH 10A,A03,083737,Patchell; Gregory David,16,0,30,14
1655947858489,MATH 10B,A01,083207,Lim; Seonhee,1,1,34,33
1655947858489,MATH 10B,A02,083208,Lim; Seonhee,1,1,35,34
1655947858489,MATH 10B,A03,093472,Staff,1,0,34,33
1655947858489,MATH 10B,B01,083739,Sinha; Shubham,9,0,30,21
1655947864511,MATH 18,A01,083743,Cinel; Cameron Alexander,4,0,30,26
1655947864511,MATH 18,A02,083744,Cinel; Cameron Alexander,11,0,30,19
1655947864511,MATH 18,A03,083745,Cinel; Cameron Alexander,1,0,30,29
1655947864511,MATH 18,B01,083748,Ma; Zilu,2,0,36,34
1655947864511,MATH 18,B02,083749,Ma; Zilu,0,0,36,36
1655947864511,MATH 18,B03,083750,Ma; Zilu,0,0,36,36
1655947864511,MATH 18,B04,083751,Ma; Zilu,0,0,36,36
1655947864511,MATH 18,B05,093473,Staff,0,0,36,36
1655947864511,MATH 18,B06,093474,Staff,0,0,36,36
1655947870533,MATH 20A,A01,083754,Zheng; Zequn,10,0,40,30
1655947876565,MATH 20B,A01,083756,Briones; Jor-el Thomas Caparas,0,1,36,36
1655947876565,MATH 20B,A02,083757,Briones; Jor-el Thomas Caparas,1,0,36,35
1655947876565,MATH 20B,A03,093475,Staff,1,0,36,35
1655947882594,MATH 20C,A01,083760,Briones; Jor-el Thomas Caparas,0,2,35,35
1655947882594,MATH 20C,A02,083761,Briones; Jor-el Thomas Caparas,6,1,35,29
1655947882594,MATH 20C,A03,093476,Staff,1,0,35,34
1655947882594,MATH 20C,B01,083762,Bach; Quang Tran,3,0,30,27
1655947888625,MATH 20D,A01,083765,Tran; Brian Kha,1,0,30,29
1655947888625,MATH 20D,A02,083766,Tran; Brian Kha,0,1,30,30
1655947888625,MATH 20D,A03,083767,Tran; Brian Kha,1,0,30,29
1655947894655,MATH 20E,A01,083771,Ganguly; Soumya,0,0,32,32
1655947894655,MATH 20E,A02,083772,Ganguly; Soumya,1,1,32,31
1655947894655,MATH 20E,B01,083773,Ciotti; Benjamin,13,0,35,22
1655947894655,MATH 20E,B02,083774,Ciotti; Benjamin,12,0,35,23
1655947900678,MATH 103A,A01,083777,Greenfeld; Be'Eri,2,1,36,34
1655947900678,MATH 103A,A02,083778,Greenfeld; Be'Eri,2,0,36,34
1655947900678,MATH 103A,A03,093561,Staff,0,1,36,36
1655947900678,MATH 103A,B01,083779,Greenfeld; Be'Eri,7,1,36,29
1655947900678,MATH 103A,B02,083780,Greenfeld; Be'Eri,1,0,36,35
1655947900678,MATH 103A,B03,093562,Staff,0,0,36,36
1655947906704,MATH 105,A01,085443,Carter; Anne Toulson,3,1,35,32
1655947906704,MATH 105,A02,093477,Staff,6,0,35,29
1655947912729,MATH 109,A01,083213,Ganzberger; Geoffrey Michael,0,1,34,34
1655947912729,MATH 109,A02,083214,Ganzberger; Geoffrey Michael,1,0,34,33
1655947912729,MATH 109,A03,093478,Staff,0,0,34,34
1655947912729,MATH 109,B01,083215,Ganzberger; Geoffrey Michael,2,0,32,30
1655947912729,MATH 109,B02,083216,Ganzberger; Geoffrey Michael,0,0,32,32
1655947912729,MATH 109,B03,093479,Staff,4,0,32,28
1655947918754,MATH 142A,A01,083219,Chow; Bennett,0,0,32,32
1655947918754,MATH 142A,A02,083220,Chow; Bennett,7,0,32,25
1655947918754,MATH 142A,A03,093480,Staff,4,0,32,28
1655947918754,MATH 142A,B03,093481,Staff,3,0,32,29
1655947918754,MATH 142A,B04,093558,Staff,6,0,32,26
1655947918754,MATH 142A,B05,093559,Staff,0,0,32,32
1655947924779,MATH 193A,A01,083224,Rotar; Vladimir,1,1,34,33
1655947924779,MATH 193A,A02,083225,Rotar; Vladimir,0,0,34,34
1655947924779,MATH 193A,A03,083781,Rotar; Vladimir,2,0,34,32
1655947924779,MATH 193A,A04,083782,Rotar; Vladimir,2,0,34,32
1655947924779,MATH 193A,A05,093482,Rotar; Vladimir,1,0,34,33
1655947930810,MATH 197,001,091859,McAuley; Julian John,9999,0,9999,0
1655947930810,MATH 197,002,095566,Kedlaya; Kiran S.,9997,0,9999,2
1655947930810,MATH 197,003,095567,Xiao; Ming,9999,0,9999,0
1655947930810,MATH 197,004,095571,Perols; Johan Lars,9998,0,9999,1
1655947937862,COGS 9,A01,083615,Shannon; Kyle Michael,3,1,75,72
1655947943888,COGS 11,A01,083617,Boyle; Mary E. T.,10,1,48,38
1655947949917,COGS 13,A01,083071,Bastos; Amalia Pinkusfeld,3,2,71,68
1655947955948,COGS 14A,A01,092681,Staff,2,25,100,98
1655947961975,COGS 14B,A01,083073,Cheng; Tzu-Han,7,0,63,56
1655947967998,COGS 17,A01,092677,Staff,8,7,81,73
1655947974021,COGS 100,A01,083619,Allen; Michael Gordon,2,2,70,68
1655947980046,COGS 101A,A01,083621,Davis; Joshua Daniel,4,3,68,64
1655947986073,COGS 101B,A01,091572,Allen; Michael Gordon,0,0,65,65
1655947992106,COGS 101C,A01,083625,Delgado; Tania,7,0,35,28
1655947998133,COGS 107A,A01,083627,Boyle; Mary E. T.,1,2,60,59
1655948004163,COGS 118A,A01,083075,Gupta; Anjum,19,16,76,57
1655948010191,CSE 3,A50,083646,Miranda; Gregory Joseph,14,0,50,36
1655948016213,CSE 8A,A50,083650,Miranda; Gregory Joseph,3,11,56,53
1655948022239,CSE 11,A01,083080,Cao; Yingjun,0,68,40,40
1655948028271,CSE 12,A01,083652,Krause-Levy; Sophia Louisa,6,8,120,114
1655948034294,CSE 15L,A01,083654,Morris; Justin Loren,3,1,50,47
1655948034294,CSE 15L,A02,083655,Morris; Justin Loren,1,1,50,49
1655948040324,CSE 20,A01,083657,Tran; Khoa Dang,29,0,80,51
1655948046351,CSE 21,A01,095574,Bach; Quang Tran,23,0,48,25
1655948052384,CSE 30,A01,083084,Eldon; John,2,10,80,78
1655948052384,CSE 30,B01,095061,Bhaskar; Nishant,0,4,50,50
1655948058408,CSE 100,A01,083659,Cao; Yingjun,2,25,70,68
1655948064431,CSE 134B,A01,083661,Powell; Thomas Allan,5,7,100,95
1655948070455,CSE 140,A01,083663,Gungor; Onat,5,0,85,80
1655948076478,CSE 140L,A01,083088,Eldon; John,5,0,100,95
1655948082502,CSE 175,A01,083665,Kumar; Rakesh,1,0,25,24
1655948088527,CSE 190,A00,092507,Dubnov; Shlomo,1,0,20,19
1655948094551,ECE 45,A01,083139,Congero; Spencer William,0,1,75,75
1655948100576,ECE 65,A50,083695,Saad; Andrew S,6,0,30,24
1655948100576,ECE 65,A51,095125,Staff,23,0,26,3
1655948106603,ECE 109,A01,091882,Touri; Behrouz,2,4,70,68
1655948112629,ECE 180,A00,083140,Abi Samra; Nicholas Camill,1,0,30,29
1655948112629,ECE 180,B00,083141,Abi Samra; Nicholas Camill,0,9,28,28
1655948118670,MATH 10A,A01,083735,Patchell; Gregory David,0,0,30,30
1655948118670,MATH 10A,A02,083736,Patchell; Gregory David,21,0,30,9
1655948118670,MATH 10A,A03,083737,Patchell; Gregory David,16,0,30,14
1655948124693,MATH 10B,A01,083207,Lim; Seonhee,1,1,34,33
1655948124693,MATH 10B,A02,083208,Lim; Seonhee,1,1,35,34
1655948124693,MATH 10B,A03,093472,Staff,1,0,34,33
1655948124693,MATH 10B,B01,083739,Sinha; Shubham,9,0,30,21
1655948130725,MATH 18,A01,083743,Cinel; Cameron Alexander,4,0,30,26
1655948130725,MATH 18,A02,083744,Cinel; Cameron Alexander,11,0,30,19
1655948130725,MATH 18,A03,083745,Cinel; Cameron Alexander,1,0,30,29
1655948130725,MATH 18,B01,083748,Ma; Zilu,2,0,36,34
1655948130725,MATH 18,B02,083749,Ma; Zilu,0,0,36,36
1655948130725,MATH 18,B03,083750,Ma; Zilu,0,0,36,36
1655948130725,MATH 18,B04,083751,Ma; Zilu,0,0,36,36
1655948130725,MATH 18,B05,093473,Staff,0,0,36,36
1655948130725,MATH 18,B06,093474,Staff,0,0,36,36
1655948136747,MATH 20A,A01,083754,Zheng; Zequn,10,0,40,30
1655948142775,MATH 20B,A01,083756,Briones; Jor-el Thomas Caparas,0,1,36,36
1655948142775,MATH 20B,A02,083757,Briones; Jor-el Thomas Caparas,1,0,36,35
1655948142775,MATH 20B,A03,093475,Staff,1,0,36,35
1655948148810,MATH 20C,A01,083760,Briones; Jor-el Thomas Caparas,0,2,35,35
1655948148810,MATH 20C,A02,083761,Briones; Jor-el Thomas Caparas,6,1,35,29
1655948148810,MATH 20C,A03,093476,Staff,1,0,35,34
1655948148810,MATH 20C,B01,083762,Bach; Quang Tran,3,0,30,27
1655948154838,MATH 20D,A01,083765,Tran; Brian Kha,1,0,30,29
1655948154838,MATH 20D,A02,083766,Tran; Brian Kha,0,1,30,30
1655948154838,MATH 20D,A03,083767,Tran; Brian Kha,1,0,30,29
1655948160867,MATH 20E,A01,083771,Ganguly; Soumya,0,0,32,32
1655948160867,MATH 20E,A02,083772,Ganguly; Soumya,1,1,32,31
1655948160867,MATH 20E,B01,083773,Ciotti; Benjamin,13,0,35,22
1655948160867,MATH 20E,B02,083774,Ciotti; Benjamin,12,0,35,23
1655948166896,MATH 103A,A01,083777,Greenfeld; Be'Eri,2,1,36,34
1655948166896,MATH 103A,A02,083778,Greenfeld; Be'Eri,2,0,36,34
1655948166896,MATH 103A,A03,093561,Staff,0,1,36,36
1655948166896,MATH 103A,B01,083779,Greenfeld; Be'Eri,7,1,36,29
1655948166896,MATH 103A,B02,083780,Greenfeld; Be'Eri,1,0,36,35
1655948166896,MATH 103A,B03,093562,Staff,0,0,36,36
1655948172919,MATH 105,A01,085443,Carter; Anne Toulson,3,1,35,32
1655948172919,MATH 105,A02,093477,Staff,6,0,35,29
1655948178948,MATH 109,A01,083213,Ganzberger; Geoffrey Michael,0,1,34,34
1655948178948,MATH 109,A02,083214,Ganzberger; Geoffrey Michael,1,0,34,33
1655948178948,MATH 109,A03,093478,Staff,0,0,34,34
1655948178948,MATH 109,B01,083215,Ganzberger; Geoffrey Michael,2,0,32,30
1655948178948,MATH 109,B02,083216,Ganzberger; Geoffrey Michael,0,0,32,32
1655948178948,MATH 109,B03,093479,Staff,4,0,32,28
1655948184972,MATH 142A,A01,083219,Chow; Bennett,0,0,32,32
1655948184972,MATH 142A,A02,083220,Chow; Bennett,7,0,32,25
1655948184972,MATH 142A,A03,093480,Staff,4,0,32,28
1655948184972,MATH 142A,B03,093481,Staff,3,0,32,29
1655948184972,MATH 142A,B04,093558,Staff,6,0,32,26
1655948184972,MATH 142A,B05,093559,Staff,0,0,32,32
1655948190996,MATH 193A,A01,083224,Rotar; Vladimir,1,1,34,33
1655948190996,MATH 193A,A02,083225,Rotar; Vladimir,0,0,34,34
1655948190996,MATH 193A,A03,083781,Rotar; Vladimir,2,0,34,32
1655948190996,MATH 193A,A04,083782,Rotar; Vladimir,2,0,34,32
1655948190996,MATH 193A,A05,093482,Rotar; Vladimir,1,0,34,33
1655948197025,MATH 197,001,091859,McAuley; Julian John,9999,0,9999,0
1655948197025,MATH 197,002,095566,Kedlaya; Kiran S.,9997,0,9999,2
1655948197025,MATH 197,003,095567,Xiao; Ming,9999,0,9999,0
1655948197025,MATH 197,004,095571,Perols; Johan Lars,9998,0,9999,1
1655948204081,COGS 9,A01,083615,Shannon; Kyle Michael,3,1,75,72
1655948210103,COGS 11,A01,083617,Boyle; Mary E. T.,10,1,48,38
1655948216130,COGS 13,A01,083071,Bastos; Amalia Pinkusfeld,3,2,71,68
1655948222153,COGS 14A,A01,092681,Staff,2,25,100,98
1655948228176,COGS 14B,A01,083073,Cheng; Tzu-Han,7,0,63,56
1655948234219,COGS 17,A01,092677,Staff,8,7,81,73
1655948240250,COGS 100,A01,083619,Allen; Michael Gordon,2,2,70,68
1655948246281,COGS 101A,A01,083621,Davis; Joshua Daniel,4,3,68,64
1655948252304,COGS 101B,A01,091572,Allen; Michael Gordon,0,0,65,65
1655948258335,COGS 101C,A01,083625,Delgado; Tania,7,0,35,28
1655948264361,COGS 107A,A01,083627,Boyle; Mary E. T.,1,2,60,59
1655948270385,COGS 118A,A01,083075,Gupta; Anjum,19,16,76,57
1655948276410,CSE 3,A50,083646,Miranda; Gregory Joseph,14,0,50,36
1655948282435,CSE 8A,A50,083650,Miranda; Gregory Joseph,3,11,56,53
1655948288459,CSE 11,A01,083080,Cao; Yingjun,0,68,40,40
1655948294497,CSE 12,A01,083652,Krause-Levy; Sophia Louisa,6,8,120,114
1655948300520,CSE 15L,A01,083654,Morris; Justin Loren,3,1,50,47
1655948300520,CSE 15L,A02,083655,Morris; Justin Loren,1,1,50,49
1655948306581,CSE 20,A01,083657,Tran; Khoa Dang,29,0,80,51
1655948312603,CSE 21,A01,095574,Bach; Quang Tran,23,0,48,25
1655948318630,CSE 30,A01,083084,Eldon; John,2,10,80,78
1655948318630,CSE 30,B01,095061,Bhaskar; Nishant,0,4,50,50
1655948324687,CSE 100,A01,083659,Cao; Yingjun,2,25,70,68
1655948330743,CSE 134B,A01,083661,Powell; Thomas Allan,5,7,100,95
1655948336772,CSE 140,A01,083663,Gungor; Onat,5,0,85,80
1655948342798,CSE 140L,A01,083088,Eldon; John,5,0,100,95
1655948348878,CSE 175,A01,083665,Kumar; Rakesh,1,0,25,24
1655948354919,CSE 190,A00,092507,Dubnov; Shlomo,1,0,20,19
1655948360984,ECE 45,A01,083139,Congero; Spencer William,0,1,75,75
1655948367013,ECE 65,A50,083695,Saad; Andrew S,6,0,30,24
1655948367013,ECE 65,A51,095125,Staff,23,0,26,3
1655948373041,ECE 109,A01,091882,Touri; Behrouz,2,4,70,68
1655948379065,ECE 180,A00,083140,Abi Samra; Nicholas Camill,1,0,30,29
1655948379065,ECE 180,B00,083141,Abi Samra; Nicholas Camill,0,9,28,28
1655948385093,MATH 10A,A01,083735,Patchell; Gregory David,0,0,30,30
1655948385093,MATH 10A,A02,083736,Patchell; Gregory David,21,0,30,9
1655948385093,MATH 10A,A03,083737,Patchell; Gregory David,16,0,30,14
1655948391265,MATH 10B,A01,083207,Lim; Seonhee,1,1,34,33
1655948391265,MATH 10B,A02,083208,Lim; Seonhee,1,1,35,34
1655948391265,MATH 10B,A03,093472,Staff,1,0,34,33
1655948391265,MATH 10B,B01,083739,Sinha; Shubham,9,0,30,21
1655948397300,MATH 18,A01,083743,Cinel; Cameron Alexander,4,0,30,26
1655948397300,MATH 18,A02,083744,Cinel; Cameron Alexander,11,0,30,19
1655948397300,MATH 18,A03,083745,Cinel; Cameron Alexander,1,0,30,29
1655948397300,MATH 18,B01,083748,Ma; Zilu,2,0,36,34
1655948397300,MATH 18,B02,083749,Ma; Zilu,0,0,36,36
1655948397300,MATH 18,B03,083750,Ma; Zilu,0,0,36,36
1655948397300,MATH 18,B04,083751,Ma; Zilu,0,0,36,36
1655948397300,MATH 18,B05,093473,Staff,0,0,36,36
1655948397300,MATH 18,B06,093474,Staff,0,0,36,36
1655948403406,MATH 20A,A01,083754,Zheng; Zequn,10,0,40,30
1655948409483,MATH 20B,A01,083756,Briones; Jor-el Thomas Caparas,0,1,36,36
1655948409483,MATH 20B,A02,083757,Briones; Jor-el Thomas Caparas,1,0,36,35
1655948409483,MATH 20B,A03,093475,Staff,1,0,36,35
1655948415644,MATH 20C,A01,083760,Briones; Jor-el Thomas Caparas,0,2,35,35
1655948415644,MATH 20C,A02,083761,Briones; Jor-el Thomas Caparas,6,1,35,29
1655948415644,MATH 20C,A03,093476,Staff,1,0,35,34
1655948415644,MATH 20C,B01,083762,Bach; Quang Tran,3,0,30,27
1655948421857,MATH 20D,A01,083765,Tran; Brian Kha,1,0,30,29
1655948421857,MATH 20D,A02,083766,Tran; Brian Kha,0,1,30,30
1655948421857,MATH 20D,A03,083767,Tran; Brian Kha,1,0,30,29
1655948427974,MATH 20E,A01,083771,Ganguly; Soumya,0,0,32,32
1655948427974,MATH 20E,A02,083772,Ganguly; Soumya,1,1,32,31
1655948427974,MATH 20E,B01,083773,Ciotti; Benjamin,13,0,35,22
1655948427974,MATH 20E,B02,083774,Ciotti; Benjamin,12,0,35,23
1655948433998,MATH 103A,A01,083777,Greenfeld; Be'Eri,2,1,36,34
1655948433998,MATH 103A,A02,083778,Greenfeld; Be'Eri,2,0,36,34
1655948433998,MATH 103A,A03,093561,Staff,0,1,36,36
1655948433998,MATH 103A,B01,083779,Greenfeld; Be'Eri,7,1,36,29
1655948433998,MATH 103A,B02,083780,Greenfeld; Be'Eri,1,0,36,35
1655948433998,MATH 103A,B03,093562,Staff,0,0,36,36
1655948440084,MATH 105,A01,085443,Carter; Anne Toulson,3,1,35,32
1655948440084,MATH 105,A02,093477,Staff,6,0,35,29
1655948446112,MATH 109,A01,083213,Ganzberger; Geoffrey Michael,0,1,34,34
1655948446112,MATH 109,A02,083214,Ganzberger; Geoffrey Michael,1,0,34,33
1655948446112,MATH 109,A03,093478,Staff,0,0,34,34
1655948446112,MATH 109,B01,083215,Ganzberger; Geoffrey Michael,2,0,32,30
1655948446112,MATH 109,B02,083216,Ganzberger; Geoffrey Michael,0,0,32,32
1655948446112,MATH 109,B03,093479,Staff,4,0,32,28
1655948452170,MATH 142A,A01,083219,Chow; Bennett,0,0,32,32
1655948452170,MATH 142A,A02,083220,Chow; Bennett,7,0,32,25
1655948452170,MATH 142A,A03,093480,Staff,4,0,32,28
1655948452170,MATH 142A,B03,093481,Staff,3,0,32,29
1655948452170,MATH 142A,B04,093558,Staff,6,0,32,26
1655948452170,MATH 142A,B05,093559,Staff,0,0,32,32
1655948458244,MATH 193A,A01,083224,Rotar; Vladimir,1,1,34,33
1655948458244,MATH 193A,A02,083225,Rotar; Vladimir,0,0,34,34
1655948458244,MATH 193A,A03,083781,Rotar; Vladimir,2,0,34,32
1655948458244,MATH 193A,A04,083782,Rotar; Vladimir,2,0,34,32
1655948458244,MATH 193A,A05,093482,Rotar; Vladimir,1,0,34,33
1655948464385,MATH 197,001,091859,McAuley; Julian John,9999,0,9999,0
1655948464385,MATH 197,002,095566,Kedlaya; Kiran S.,9997,0,9999,2
1655948464385,MATH 197,003,095567,Xiao; Ming,9999,0,9999,0
1655948464385,MATH 197,004,095571,Perols; Johan Lars,9998,0,9999,1
1655948471449,COGS 9,A01,083615,Shannon; Kyle Michael,3,1,75,72
1655948477580,COGS 11,A01,083617,Boyle; Mary E. T.,10,1,48,38
1655948483686,COGS 13,A01,083071,Bastos; Amalia Pinkusfeld,3,2,71,68
1655948489782,COGS 14A,A01,092681,Staff,2,25,100,98
1655948495834,COGS 14B,A01,083073,Cheng; Tzu-Han,7,0,63,56
1655948501913,COGS 17,A01,092677,Staff,8,7,81,73
1655948507949,COGS 100,A01,083619,Allen; Michael Gordon,2,2,70,68
1655948513977,COGS 101A,A01,083621,Davis; Joshua Daniel,4,3,68,64
1655948520033,COGS 101B,A01,091572,Allen; Michael Gordon,0,0,65,65
1655948526139,COGS 101C,A01,083625,Delgado; Tania,7,0,35,28
1655948532169,COGS 107A,A01,083627,Boyle; Mary E. T.,1,2,60,59
1655948538249,COGS 118A,A01,083075,Gupta; Anjum,19,16,76,57
1655948544370,CSE 3,A50,083646,Miranda; Gregory Joseph,14,0,50,36
1655948550486,CSE 8A,A50,083650,Miranda; Gregory Joseph,3,11,56,53
1655948556582,CSE 11,A01,083080,Cao; Yingjun,0,68,40,40
1655948562746,CSE 12,A01,083652,Krause-Levy; Sophia Louisa,6,8,120,114
1655948568774,CSE 15L,A01,083654,Morris; Justin Loren,3,1,50,47
1655948568774,CSE 15L,A02,083655,Morris; Justin Loren,1,1,50,49
1655948574901,CSE 20,A01,083657,Tran; Khoa Dang,29,0,80,51
1655948581015,CSE 21,A01,095574,Bach; Quang Tran,23,0,48,25
1655948587070,CSE 30,A01,083084,Eldon; John,2,10,80,78
1655948587070,CSE 30,B01,095061,Bhaskar; Nishant,0,4,50,50
1655948593198,CSE 100,A01,083659,Cao; Yingjun,2,25,70,68
1655948599314,CSE 134B,A01,083661,Powell; Thomas Allan,5,7,100,95
1655948605338,CSE 140,A01,083663,Gungor; Onat,5,0,85,80
1655948611455,CSE 140L,A01,083088,Eldon; John,5,0,100,95
1655948617536,CSE 175,A01,083665,Kumar; Rakesh,1,0,25,24
1655948623672,CSE 190,A00,092507,Dubnov; Shlomo,1,0,20,19
1655948629766,ECE 45,A01,083139,Congero; Spencer William,0,1,75,75
1655948635804,ECE 65,A50,083695,Saad; Andrew S,6,0,30,24
1655948635804,ECE 65,A51,095125,Staff,23,0,26,3
1655948642033,ECE 109,A01,091882,Touri; Behrouz,2,4,70,68
1655948648080,ECE 180,A00,083140,Abi Samra; Nicholas Camill,1,0,30,29
1655948648080,ECE 180,B00,083141,Abi Samra; Nicholas Camill,0,9,28,28
1655948654108,MATH 10A,A01,083735,Patchell; Gregory David,0,0,30,30
1655948654108,MATH 10A,A02,083736,Patchell; Gregory David,21,0,30,9
1655948654108,MATH 10A,A03,083737,Patchell; Gregory David,16,0,30,14
1655948660179,MATH 10B,A01,083207,Lim; Seonhee,1,1,34,33
1655948660179,MATH 10B,A02,083208,Lim; Seonhee,1,1,35,34
1655948660179,MATH 10B,A03,093472,Staff,1,0,34,33
1655948660179,MATH 10B,B01,083739,Sinha; Shubham,9,0,30,21
1655948666309,MATH 18,A01,083743,Cinel; Cameron Alexander,4,0,30,26
1655948666309,MATH 18,A02,083744,Cinel; Cameron Alexander,11,0,30,19
1655948666309,MATH 18,A03,083745,Cinel; Cameron Alexander,1,0,30,29
1655948666309,MATH 18,B01,083748,Ma; Zilu,2,0,36,34
1655948666309,MATH 18,B02,083749,Ma; Zilu,0,0,36,36
1655948666309,MATH 18,B03,083750,Ma; Zilu,0,0,36,36
1655948666309,MATH 18,B04,083751,Ma; Zilu,0,0,36,36
1655948666309,MATH 18,B05,093473,Staff,0,0,36,36
1655948666309,MATH 18,B06,093474,Staff,0,0,36,36
1655948672472,MATH 20A,A01,083754,Zheng; Zequn,10,0,40,30
1655948678630,MATH 20B,A01,083756,Briones; Jor-el Thomas Caparas,0,1,36,36
1655948678630,MATH 20B,A02,083757,Briones; Jor-el Thomas Caparas,1,0,36,35
1655948678630,MATH 20B,A03,093475,Staff,1,0,36,35
1655948684657,MATH 20C,A01,083760,Briones; Jor-el Thomas Caparas,0,2,35,35
1655948684657,MATH 20C,A02,083761,Briones; Jor-el Thomas Caparas,6,1,35,29
1655948684657,MATH 20C,A03,093476,Staff,1,0,35,34
1655948684657,MATH 20C,B01,083762,Bach; Quang Tran,3,0,30,27
1655948690812,MATH 20D,A01,083765,Tran; Brian Kha,1,0,30,29
1655948690812,MATH 20D,A02,083766,Tran; Brian Kha,0,1,30,30
1655948690812,MATH 20D,A03,083767,Tran; Brian Kha,1,0,30,29
1655948696896,MATH 20E,A01,083771,Ganguly; Soumya,0,0,32,32
1655948696896,MATH 20E,A02,083772,Ganguly; Soumya,1,1,32,31
1655948696896,MATH 20E,B01,083773,Ciotti; Benjamin,13,0,35,22
1655948696896,MATH 20E,B02,083774,Ciotti; Benjamin,12,0,35,23
1655948702985,MATH 103A,A01,083777,Greenfeld; Be'Eri,2,1,36,34
1655948702985,MATH 103A,A02,083778,Greenfeld; Be'Eri,2,0,36,34
1655948702985,MATH 103A,A03,093561,Staff,0,1,36,36
1655948702985,MATH 103A,B01,083779,Greenfeld; Be'Eri,7,1,36,29
1655948702985,MATH 103A,B02,083780,Greenfeld; Be'Eri,1,0,36,35
1655948702985,MATH 103A,B03,093562,Staff,0,0,36,36
1655948709073,MATH 105,A01,085443,Carter; Anne Toulson,3,1,35,32
1655948709073,MATH 105,A02,093477,Staff,6,0,35,29
1655948715104,MATH 109,A01,083213,Ganzberger; Geoffrey Michael,0,1,34,34
1655948715104,MATH 109,A02,083214,Ganzberger; Geoffrey Michael,1,0,34,33
1655948715104,MATH 109,A03,093478,Staff,0,0,34,34
1655948715104,MATH 109,B01,083215,Ganzberger; Geoffrey Michael,2,0,32,30
1655948715104,MATH 109,B02,083216,Ganzberger; Geoffrey Michael,0,0,32,32
1655948715104,MATH 109,B03,093479,Staff,4,0,32,28
1655948721162,MATH 142A,A01,083219,Chow; Bennett,0,0,32,32
1655948721162,MATH 142A,A02,083220,Chow; Bennett,7,0,32,25
1655948721162,MATH 142A,A03,093480,Staff,4,0,32,28
1655948721162,MATH 142A,B03,093481,Staff,3,0,32,29
1655948721162,MATH 142A,B04,093558,Staff,6,0,32,26
1655948721162,MATH 142A,B05,093559,Staff,0,0,32,32
1655948727250,MATH 193A,A01,083224,Rotar; Vladimir,1,1,34,33
1655948727250,MATH 193A,A02,083225,Rotar; Vladimir,0,0,34,34
1655948727250,MATH 193A,A03,083781,Rotar; Vladimir,2,0,34,32
1655948727250,MATH 193A,A04,083782,Rotar; Vladimir,2,0,34,32
1655948727250,MATH 193A,A05,093482,Rotar; Vladimir,1,0,34,33
1655948733279,MATH 197,001,091859,McAuley; Julian John,9999,0,9999,0
1655948733279,MATH 197,002,095566,Kedlaya; Kiran S.,9997,0,9999,2
1655948733279,MATH 197,003,095567,Xiao; Ming,9999,0,9999,0
1655948733279,MATH 197,004,095571,Perols; Johan Lars,9998,0,9999,1
1655948740526,COGS 9,A01,083615,Shannon; Kyle Michael,3,1,75,72
1655948746621,COGS 11,A01,083617,Boyle; Mary E. T.,10,1,48,38
1655948752698,COGS 13,A01,083071,Bastos; Amalia Pinkusfeld,3,2,71,68
1655948758726,COGS 14A,A01,092681,Staff,2,25,100,98
1655948764851,COGS 14B,A01,083073,Cheng; Tzu-Han,7,0,63,56
1655948770970,COGS 17,A01,092677,Staff,8,7,81,73
1655948777072,COGS 100,A01,083619,Allen; Michael Gordon,2,2,70,68
1655948783110,COGS 101A,A01,083621,Davis; Joshua Daniel,4,3,68,64
1655948789238,COGS 101B,A01,091572,Allen; Michael Gordon,0,0,65,65
1655948795260,COGS 101C,A01,083625,Delgado; Tania,7,0,35,28
1655948801446,COGS 107A,A01,083627,Boyle; Mary E. T.,1,2,60,59
1655948807472,COGS 118A,A01,083075,Gupta; Anjum,19,16,76,57
1655948813560,CSE 3,A50,083646,Miranda; Gregory Joseph,14,0,50,36
1655948819712,CSE 8A,A50,083650,Miranda; Gregory Joseph,3,11,56,53
1655948825739,CSE 11,A01,083080,Cao; Yingjun,0,68,40,40
1655948831767,CSE 12,A01,083652,Krause-Levy; Sophia Louisa,6,8,120,114
1655948837849,CSE 15L,A01,083654,Morris; Justin Loren,3,1,50,47
1655948837849,CSE 15L,A02,083655,Morris; Justin Loren,1,1,50,49
1655948843968,CSE 20,A01,083657,Tran; Khoa Dang,29,0,80,51
1655948850077,CSE 21,A01,095574,Bach; Quang Tran,23,0,48,25
1655948856169,CSE 30,A01,083084,Eldon; John,2,10,80,78
1655948856169,CSE 30,B01,095061,Bhaskar; Nishant,0,4,50,50
1655948862203,CSE 100,A01,083659,Cao; Yingjun,2,25,70,68
1655948868302,CSE 134B,A01,083661,Powell; Thomas Allan,5,7,100,95
1655948874328,CSE 140,A01,083663,Gungor; Onat,5,0,85,80
1655948880356,CSE 140L,A01,083088,Eldon; John,5,0,100,95
1655948886429,CSE 175,A01,083665,Kumar; Rakesh,1,0,25,24
1655948892595,CSE 190,A00,092507,Dubnov; Shlomo,1,0,20,19
1655948898619,ECE 45,A01,083139,Congero; Spencer William,0,1,75,75
1655948904647,ECE 65,A50,083695,Saad; Andrew S,6,0,30,24
1655948904647,ECE 65,A51,095125,Staff,23,0,26,3
1655948910720,ECE 109,A01,091882,Touri; Behrouz,2,4,70,68
1655948916799,ECE 180,A00,083140,Abi Samra; Nicholas Camill,1,0,30,29
1655948916799,ECE 180,B00,083141,Abi Samra; Nicholas Camill,0,9,28,28
1655948922926,MATH 10A,A01,083735,Patchell; Gregory David,0,0,30,30
1655948922926,MATH 10A,A02,083736,Patchell; Gregory David,21,0,30,9
1655948922926,MATH 10A,A03,083737,Patchell; Gregory David,16,0,30,14
1655948929051,MATH 10B,A01,083207,Lim; Seonhee,1,1,34,33
1655948929051,MATH 10B,A02,083208,Lim; Seonhee,1,1,35,34
1655948929051,MATH 10B,A03,093472,Staff,1,0,34,33
1655948929051,MATH 10B,B01,083739,Sinha; Shubham,9,0,30,21
1655948935219,MATH 18,A01,083743,Cinel; Cameron Alexander,4,0,30,26
1655948935219,MATH 18,A02,083744,Cinel; Cameron Alexander,11,0,30,19
1655948935219,MATH 18,A03,083745,Cinel; Cameron Alexander,1,0,30,29
1655948935219,MATH 18,B01,083748,Ma; Zilu,2,0,36,34
1655948935219,MATH 18,B02,083749,Ma; Zilu,0,0,36,36
1655948935219,MATH 18,B03,083750,Ma; Zilu,0,0,36,36
1655948935219,MATH 18,B04,083751,Ma; Zilu,0,0,36,36
1655948935219,MATH 18,B05,093473,Staff,0,0,36,36
1655948935219,MATH 18,B06,093474,Staff,0,0,36,36
1655948941251,MATH 20A,A01,083754,Zheng; Zequn,10,0,40,30
1655948947274,MATH 20B,A01,083756,Briones; Jor-el Thomas Caparas,0,1,36,36
1655948947274,MATH 20B,A02,083757,Briones; Jor-el Thomas Caparas,1,0,36,35
1655948947274,MATH 20B,A03,093475,Staff,1,0,36,35
1655948953302,MATH 20C,A01,083760,Briones; Jor-el Thomas Caparas,0,2,35,35
1655948953302,MATH 20C,A02,083761,Briones; Jor-el Thomas Caparas,6,1,35,29
1655948953302,MATH 20C,A03,093476,Staff,1,0,35,34
1655948953302,MATH 20C,B01,083762,Bach; Quang Tran,3,0,30,27
1655948959361,MATH 20D,A01,083765,Tran; Brian Kha,1,0,30,29
1655948959361,MATH 20D,A02,083766,Tran; Brian Kha,0,1,30,30
1655948959361,MATH 20D,A03,083767,Tran; Brian Kha,1,0,30,29
1655948965436,MATH 20E,A01,083771,Ganguly; Soumya,0,0,32,32
1655948965436,MATH 20E,A02,083772,Ganguly; Soumya,1,1,32,31
1655948965436,MATH 20E,B01,083773,Ciotti; Benjamin,13,0,35,22
1655948965436,MATH 20E,B02,083774,Ciotti; Benjamin,12,0,35,23
1655948971515,MATH 103A,A01,083777,Greenfeld; Be'Eri,2,1,36,34
1655948971515,MATH 103A,A02,083778,Greenfeld; Be'Eri,2,0,36,34
1655948971515,MATH 103A,A03,093561,Staff,0,1,36,36
1655948971515,MATH 103A,B01,083779,Greenfeld; Be'Eri,7,1,36,29
1655948971515,MATH 103A,B02,083780,Greenfeld; Be'Eri,1,0,36,35
1655948971515,MATH 103A,B03,093562,Staff,0,0,36,36
1655948977665,MATH 105,A01,085443,Carter; Anne Toulson,3,1,35,32
1655948977665,MATH 105,A02,093477,Staff,6,0,35,29
1655948983773,MATH 109,A01,083213,Ganzberger; Geoffrey Michael,0,1,34,34
1655948983773,MATH 109,A02,083214,Ganzberger; Geoffrey Michael,1,0,34,33
1655948983773,MATH 109,A03,093478,Staff,0,0,34,34
1655948983773,MATH 109,B01,083215,Ganzberger; Geoffrey Michael,2,0,32,30
1655948983773,MATH 109,B02,083216,Ganzberger; Geoffrey Michael,0,0,32,32
1655948983773,MATH 109,B03,093479,Staff,4,0,32,28
1655948989827,MATH 142A,A01,083219,Chow; Bennett,0,0,32,32
1655948989827,MATH 142A,A02,083220,Chow; Bennett,7,0,32,25
1655948989827,MATH 142A,A03,093480,Staff,4,0,32,28
1655948989827,MATH 142A,B03,093481,Staff,3,0,32,29
1655948989827,MATH 142A,B04,093558,Staff,6,0,32,26
1655948989827,MATH 142A,B05,093559,Staff,0,0,32,32
1655948995966,MATH 193A,A01,083224,Rotar; Vladimir,1,1,34,33
1655948995966,MATH 193A,A02,083225,Rotar; Vladimir,0,0,34,34
1655948995966,MATH 193A,A03,083781,Rotar; Vladimir,2,0,34,32
1655948995966,MATH 193A,A04,083782,Rotar; Vladimir,2,0,34,32
1655948995966,MATH 193A,A05,093482,Rotar; Vladimir,1,0,34,33
1655949002013,MATH 197,001,091859,McAuley; Julian John,9999,0,9999,0
1655949002013,MATH 197,002,095566,Kedlaya; Kiran S.,9997,0,9999,2
1655949002013,MATH 197,003,095567,Xiao; Ming,9999,0,9999,0
1655949002013,MATH 197,004,095571,Perols; Johan Lars,9998,0,9999,1
1655949009067,COGS 9,A01,083615,Shannon; Kyle Michael,3,1,75,72
1655949015175,COGS 11,A01,083617,Boyle; Mary E. T.,11,1,48,37
1655949021205,COGS 13,A01,083071,Bastos; Amalia Pinkusfeld,3,2,71,68
1655949027272,COGS 14A,A01,092681,Staff,2,25,100,98
1655949033422,COGS 14B,A01,083073,Cheng; Tzu-Han,7,0,63,56
1655949039574,COGS 17,A01,092677,Staff,8,7,81,73
1655949045597,COGS 100,A01,083619,Allen; Michael Gordon,2,2,70,68
1655949051661,COGS 101A,A01,083621,Davis; Joshua Daniel,4,3,68,64
1655949057683,COGS 101B,A01,091572,Allen; Michael Gordon,0,0,65,65
1655949063732,COGS 101C,A01,083625,Delgado; Tania,7,0,35,28
1655949069768,COGS 107A,A01,083627,Boyle; Mary E. T.,1,2,60,59
1655949075849,COGS 118A,A01,083075,Gupta; Anjum,20,16,76,56
1655949082026,CSE 3,A50,083646,Miranda; Gregory Joseph,14,0,50,36
1655949088159,CSE 8A,A50,083650,Miranda; Gregory Joseph,3,11,56,53
1655949094306,CSE 11,A01,083080,Cao; Yingjun,0,68,40,40
1655949100498,CSE 12,A01,083652,Krause-Levy; Sophia Louisa,6,8,120,114
1655949106568,CSE 15L,A01,083654,Morris; Justin Loren,3,1,50,47
1655949106568,CSE 15L,A02,083655,Morris; Justin Loren,1,1,50,49
1655949112716,CSE 20,A01,083657,Tran; Khoa Dang,29,0,80,51
1655949118764,CSE 21,A01,095574,Bach; Quang Tran,23,0,48,25
1655949124835,CSE 30,A01,083084,Eldon; John,2,10,80,78
1655949124835,CSE 30,B01,095061,Bhaskar; Nishant,0,4,50,50
1655949130899,CSE 100,A01,083659,Cao; Yingjun,2,25,70,68
1655949136921,CSE 134B,A01,083661,Powell; Thomas Allan,5,7,100,95
1655949143010,CSE 140,A01,083663,Gungor; Onat,5,0,85,80
1655949149082,CSE 140L,A01,083088,Eldon; John,5,0,100,95
1655949155105,CSE 175,A01,083665,Kumar; Rakesh,1,0,25,24
1655949161177,CSE 190,A00,092507,Dubnov; Shlomo,1,0,20,19
1655949167339,ECE 45,A01,083139,Congero; Spencer William,0,1,75,75
1655949173483,ECE 65,A50,083695,Saad; Andrew S,6,0,30,24
1655949173483,ECE 65,A51,095125,Staff,23,0,26,3
1655949179528,ECE 109,A01,091882,Touri; Behrouz,2,4,70,68
1655949185619,ECE 180,A00,083140,Abi Samra; Nicholas Camill,1,0,30,29
1655949185619,ECE 180,B00,083141,Abi Samra; Nicholas Camill,0,9,28,28
1655949191802,MATH 10A,A01,083735,Patchell; Gregory David,0,0,30,30
1655949191802,MATH 10A,A02,083736,Patchell; Gregory David,21,0,30,9
1655949191802,MATH 10A,A03,083737,Patchell; Gregory David,16,0,30,14
1655949197873,MATH 10B,A01,083207,Lim; Seonhee,1,1,34,33
1655949197873,MATH 10B,A02,083208,Lim; Seonhee,1,1,35,34
1655949197873,MATH 10B,A03,093472,Staff,1,0,34,33
1655949197873,MATH 10B,B01,083739,Sinha; Shubham,9,0,30,21
1655949203901,MATH 18,A01,083743,Cinel; Cameron Alexander,4,0,30,26
1655949203901,MATH 18,A02,083744,Cinel; Cameron Alexander,11,0,30,19
1655949203901,MATH 18,A03,083745,Cinel; Cameron Alexander,1,0,30,29
1655949203901,MATH 18,B01,083748,Ma; Zilu,2,0,36,34
1655949203901,MATH 18,B02,083749,Ma; Zilu,0,0,36,36
1655949203901,MATH 18,B03,083750,Ma; Zilu,0,0,36,36
1655949203901,MATH 18,B04,083751,Ma; Zilu,0,0,36,36
1655949203901,MATH 18,B05,093473,Staff,0,0,36,36
1655949203901,MATH 18,B06,093474,Staff,0,0,36,36
1655949209934,MATH 20A,A01,083754,Zheng; Zequn,10,0,40,30
1655949216012,MATH 20B,A01,083756,Briones; Jor-el Thomas Caparas,0,1,36,36
1655949216012,MATH 20B,A02,083757,Briones; Jor-el Thomas Caparas,1,0,36,35
1655949216012,MATH 20B,A03,093475,Staff,1,0,36,35
1655949222038,MATH 20C,A01,083760,Briones; Jor-el Thomas Caparas,0,2,35,35
1655949222038,MATH 20C,A02,083761,Briones; Jor-el Thomas Caparas,6,1,35,29
1655949222038,MATH 20C,A03,093476,Staff,1,0,35,34
1655949222038,MATH 20C,B01,083762,Bach; Quang Tran,3,0,30,27
1655949228193,MATH 20D,A01,083765,Tran; Brian Kha,1,0,30,29
1655949228193,MATH 20D,A02,083766,Tran; Brian Kha,0,1,30,30
1655949228193,MATH 20D,A03,083767,Tran; Brian Kha,1,0,30,29
1655949234272,MATH 20E,A01,083771,Ganguly; Soumya,0,0,32,32
1655949234272,MATH 20E,A02,083772,Ganguly; Soumya,1,1,32,31
1655949234272,MATH 20E,B01,083773,Ciotti; Benjamin,13,0,35,22
1655949234272,MATH 20E,B02,083774,Ciotti; Benjamin,12,0,35,23
1655949240323,MATH 103A,A01,083777,Greenfeld; Be'Eri,2,1,36,34
1655949240323,MATH 103A,A02,083778,Greenfeld; Be'Eri,2,0,36,34
1655949240323,MATH 103A,A03,093561,Staff,0,1,36,36
1655949240323,MATH 103A,B01,083779,Greenfeld; Be'Eri,7,1,36,29
1655949240323,MATH 103A,B02,083780,Greenfeld; Be'Eri,1,0,36,35
1655949240323,MATH 103A,B03,093562,Staff,0,0,36,36
1655949246490,MATH 105,A01,085443,Carter; Anne Toulson,3,1,35,32
1655949246490,MATH 105,A02,093477,Staff,6,0,35,29
1655949252565,MATH 109,A01,083213,Ganzberger; Geoffrey Michael,0,1,34,34
1655949252565,MATH 109,A02,083214,Ganzberger; Geoffrey Michael,1,0,34,33
1655949252565,MATH 109,A03,093478,Staff,1,0,34,33
1655949252565,MATH 109,B01,083215,Ganzberger; Geoffrey Michael,2,0,32,30
1655949252565,MATH 109,B02,083216,Ganzberger; Geoffrey Michael,0,0,32,32
1655949252565,MATH 109,B03,093479,Staff,4,0,32,28
1655949258674,MATH 142A,A01,083219,Chow; Bennett,0,0,32,32
1655949258674,MATH 142A,A02,083220,Chow; Bennett,7,0,32,25
1655949258674,MATH 142A,A03,093480,Staff,4,0,32,28
1655949258674,MATH 142A,B03,093481,Staff,3,0,32,29
1655949258674,MATH 142A,B04,093558,Staff,6,0,32,26
1655949258674,MATH 142A,B05,093559,Staff,0,0,32,32
1655949264833,MATH 193A,A01,083224,Rotar; Vladimir,1,1,34,33
1655949264833,MATH 193A,A02,083225,Rotar; Vladimir,0,0,34,34
1655949264833,MATH 193A,A03,083781,Rotar; Vladimir,2,0,34,32
1655949264833,MATH 193A,A04,083782,Rotar; Vladimir,2,0,34,32
1655949264833,MATH 193A,A05,093482,Rotar; Vladimir,1,0,34,33
1655949270873,MATH 197,001,091859,McAuley; Julian John,9999,0,9999,0
1655949270873,MATH 197,002,095566,Kedlaya; Kiran S.,9997,0,9999,2
1655949270873,MATH 197,003,095567,Xiao; Ming,9999,0,9999,0
1655949270873,MATH 197,004,095571,Perols; Johan Lars,9998,0,9999,1
1655949278074,COGS 9,A01,083615,Shannon; Kyle Michael,3,1,75,72
1655949284128,COGS 11,A01,083617,Boyle; Mary E. T.,11,1,48,37
1655949290150,COGS 13,A01,083071,Bastos; Amalia Pinkusfeld,3,2,71,68
1655949296341,COGS 14A,A01,092681,Staff,2,25,100,98
1655949302435,COGS 14B,A01,083073,Cheng; Tzu-Han,7,0,63,56
1655949308537,COGS 17,A01,092677,Staff,8,7,81,73
1655949314660,COGS 100,A01,083619,Allen; Michael Gordon,2,2,70,68
1655949320843,COGS 101A,A01,083621,Davis; Joshua Daniel,4,3,68,64
1655949326889,COGS 101B,A01,091572,Allen; Michael Gordon,0,0,65,65
1655949332912,COGS 101C,A01,083625,Delgado; Tania,7,0,35,28
1655949339059,COGS 107A,A01,083627,Boyle; Mary E. T.,1,2,60,59
1655949345250,COGS 118A,A01,083075,Gupta; Anjum,20,16,76,56
1655949351316,CSE 3,A50,083646,Miranda; Gregory Joseph,14,0,50,36
1655949357343,CSE 8A,A50,083650,Miranda; Gregory Joseph,3,11,56,53
1655949363365,CSE 11,A01,083080,Cao; Yingjun,0,68,40,40
1655949369434,CSE 12,A01,083652,Krause-Levy; Sophia Louisa,6,8,120,114
1655949375519,CSE 15L,A01,083654,Morris; Justin Loren,3,1,50,47
1655949375519,CSE 15L,A02,083655,Morris; Justin Loren,1,1,50,49
1655949381635,CSE 20,A01,083657,Tran; Khoa Dang,29,0,80,51
1655949387738,CSE 21,A01,095574,Bach; Quang Tran,23,0,48,25
1655949393806,CSE 30,A01,083084,Eldon; John,2,10,80,78
1655949393806,CSE 30,B01,095061,Bhaskar; Nishant,0,4,50,50
1655949399901,CSE 100,A01,083659,Cao; Yingjun,2,25,70,68
1655949405981,CSE 134B,A01,083661,Powell; Thomas Allan,5,7,100,95
1655949412067,CSE 140,A01,083663,Gungor; Onat,5,0,85,80
1655949418094,CSE 140L,A01,083088,Eldon; John,5,0,100,95
1655949424123,CSE 175,A01,083665,Kumar; Rakesh,1,0,25,24
1655949430200,CSE 190,A00,092507,Dubnov; Shlomo,1,0,20,19
1655949436227,ECE 45,A01,083139,Congero; Spencer William,0,1,75,75
1655949442324,ECE 65,A50,083695,Saad; Andrew S,6,0,30,24
1655949442324,ECE 65,A51,095125,Staff,23,0,26,3
1655949448358,ECE 109,A01,091882,Touri; Behrouz,2,4,70,68
1655949454410,ECE 180,A00,083140,Abi Samra; Nicholas Camill,1,0,30,29
1655949454410,ECE 180,B00,083141,Abi Samra; Nicholas Camill,0,9,28,28
1655949460514,MATH 10A,A01,083735,Patchell; Gregory David,0,0,30,30
1655949460514,MATH 10A,A02,083736,Patchell; Gregory David,21,0,30,9
1655949460514,MATH 10A,A03,083737,Patchell; Gregory David,16,0,30,14
1655949466537,MATH 10B,A01,083207,Lim; Seonhee,1,1,34,33
1655949466537,MATH 10B,A02,083208,Lim; Seonhee,1,1,35,34
1655949466537,MATH 10B,A03,093472,Staff,1,0,34,33
1655949466537,MATH 10B,B01,083739,Sinha; Shubham,9,0,30,21
1655949472641,MATH 18,A01,083743,Cinel; Cameron Alexander,4,0,30,26
1655949472641,MATH 18,A02,083744,Cinel; Cameron Alexander,11,0,30,19
1655949472641,MATH 18,A03,083745,Cinel; Cameron Alexander,1,0,30,29
1655949472641,MATH 18,B01,083748,Ma; Zilu,2,0,36,34
1655949472641,MATH 18,B02,083749,Ma; Zilu,0,0,36,36
1655949472641,MATH 18,B03,083750,Ma; Zilu,0,0,36,36
1655949472641,MATH 18,B04,083751,Ma; Zilu,0,0,36,36
1655949472641,MATH 18,B05,093473,Staff,0,0,36,36
1655949472641,MATH 18,B06,093474,Staff,0,0,36,36
1655949478712,MATH 20A,A01,083754,Zheng; Zequn,10,0,40,30
1655949484798,MATH 20B,A01,083756,Briones; Jor-el Thomas Caparas,0,1,36,36
1655949484798,MATH 20B,A02,083757,Briones; Jor-el Thomas Caparas,1,0,36,35
1655949484798,MATH 20B,A03,093475,Staff,1,0,36,35
1655949490899,MATH 20C,A01,083760,Briones; Jor-el Thomas Caparas,0,2,35,35
1655949490899,MATH 20C,A02,083761,Briones; Jor-el Thomas Caparas,6,1,35,29
1655949490899,MATH 20C,A03,093476,Staff,1,0,35,34
1655949490899,MATH 20C,B01,083762,Bach; Quang Tran,3,0,30,27
1655949497004,MATH 20D,A01,083765,Tran; Brian Kha,1,0,30,29
1655949497004,MATH 20D,A02,083766,Tran; Brian Kha,0,1,30,30
1655949497004,MATH 20D,A03,083767,Tran; Brian Kha,1,0,30,29
1655949503057,MATH 20E,A01,083771,Ganguly; Soumya,0,0,32,32
1655949503057,MATH 20E,A02,083772,Ganguly; Soumya,1,1,32,31
1655949503057,MATH 20E,B01,083773,Ciotti; Benjamin,13,0,35,22
1655949503057,MATH 20E,B02,083774,Ciotti; Benjamin,12,0,35,23
1655949509080,MATH 103A,A01,083777,Greenfeld; Be'Eri,2,1,36,34
1655949509080,MATH 103A,A02,083778,Greenfeld; Be'Eri,2,0,36,34
1655949509080,MATH 103A,A03,093561,Staff,0,1,36,36
1655949509080,MATH 103A,B01,083779,Greenfeld; Be'Eri,7,1,36,29
1655949509080,MATH 103A,B02,083780,Greenfeld; Be'Eri,1,0,36,35
1655949509080,MATH 103A,B03,093562,Staff,0,0,36,36
1655949515152,MATH 105,A01,085443,Carter; Anne Toulson,3,1,35,32
1655949515152,MATH 105,A02,093477,Staff,6,0,35,29
1655949521253,MATH 109,A01,083213,Ganzberger; Geoffrey Michael,0,1,34,34
1655949521253,MATH 109,A02,083214,Ganzberger; Geoffrey Michael,1,0,34,33
1655949521253,MATH 109,A03,093478,Staff,1,0,34,33
1655949521253,MATH 109,B01,083215,Ganzberger; Geoffrey Michael,2,0,32,30
1655949521253,MATH 109,B02,083216,Ganzberger; Geoffrey Michael,0,0,32,32
1655949521253,MATH 109,B03,093479,Staff,4,0,32,28
1655949527403,MATH 142A,A01,083219,Chow; Bennett,0,0,32,32
1655949527403,MATH 142A,A02,083220,Chow; Bennett,7,0,32,25
1655949527403,MATH 142A,A03,093480,Staff,4,0,32,28
1655949527403,MATH 142A,B03,093481,Staff,3,0,32,29
1655949527403,MATH 142A,B04,093558,Staff,6,0,32,26
1655949527403,MATH 142A,B05,093559,Staff,0,0,32,32
1655949533561,MATH 193A,A01,083224,Rotar; Vladimir,1,1,34,33
1655949533561,MATH 193A,A02,083225,Rotar; Vladimir,0,0,34,34
1655949533561,MATH 193A,A03,083781,Rotar; Vladimir,2,0,34,32
1655949533561,MATH 193A,A04,083782,Rotar; Vladimir,2,0,34,32
1655949533561,MATH 193A,A05,093482,Rotar; Vladimir,1,0,34,33
1655949539668,MATH 197,001,091859,McAuley; Julian John,9999,0,9999,0
1655949539668,MATH 197,002,095566,Kedlaya; Kiran S.,9997,0,9999,2
1655949539668,MATH 197,003,095567,Xiao; Ming,9999,0,9999,0
1655949539668,MATH 197,004,095571,Perols; Johan Lars,9998,0,9999,1
1655949546865,COGS 9,A01,083615,Shannon; Kyle Michael,3,1,75,72
1655949552991,COGS 11,A01,083617,Boyle; Mary E. T.,11,1,48,37
1655949559013,COGS 13,A01,083071,Bastos; Amalia Pinkusfeld,3,2,71,68
1655949565170,COGS 14A,A01,092681,Staff,2,25,100,98
1655949571200,COGS 14B,A01,083073,Cheng; Tzu-Han,7,0,63,56
1655949577225,COGS 17,A01,092677,Staff,8,7,81,73
1655949583425,COGS 100,A01,083619,Allen; Michael Gordon,2,2,70,68
1655949589451,COGS 101A,A01,083621,Davis; Joshua Daniel,4,3,68,64
1655949595596,COGS 101B,A01,091572,Allen; Michael Gordon,0,0,65,65
1655949601700,COGS 101C,A01,083625,Delgado; Tania,7,0,35,28
1655949607863,COGS 107A,A01,083627,Boyle; Mary E. T.,1,2,60,59
1655949613908,COGS 118A,A01,083075,Gupta; Anjum,20,16,76,56
1655949619954,CSE 3,A50,083646,Miranda; Gregory Joseph,14,0,50,36
1655949626082,CSE 8A,A50,083650,Miranda; Gregory Joseph,3,11,56,53
1655949632231,CSE 11,A01,083080,Cao; Yingjun,0,68,40,40
1655949638328,CSE 12,A01,083652,Krause-Levy; Sophia Louisa,6,8,120,114
1655949644382,CSE 15L,A01,083654,Morris; Justin Loren,3,1,50,47
1655949644382,CSE 15L,A02,083655,Morris; Justin Loren,1,1,50,49
1655949650530,CSE 20,A01,083657,Tran; Khoa Dang,29,0,80,51
1655949656649,CSE 21,A01,095574,Bach; Quang Tran,23,0,48,25
1655949662742,CSE 30,A01,083084,Eldon; John,2,10,80,78
1655949662742,CSE 30,B01,095061,Bhaskar; Nishant,0,4,50,50
1655949668774,CSE 100,A01,083659,Cao; Yingjun,2,25,70,68
1655949674944,CSE 134B,A01,083661,Powell; Thomas Allan,5,7,100,95
1655949681016,CSE 140,A01,083663,Gungor; Onat,5,0,85,80
1655949687037,CSE 140L,A01,083088,Eldon; John,5,0,100,95
1655949693241,CSE 175,A01,083665,Kumar; Rakesh,1,0,25,24
1655949699291,CSE 190,A00,092507,Dubnov; Shlomo,1,0,20,19
1655949705315,ECE 45,A01,083139,Congero; Spencer William,0,1,75,75
1655949711355,ECE 65,A50,083695,Saad; Andrew S,6,0,30,24
1655949711355,ECE 65,A51,095125,Staff,23,0,26,3
1655949717415,ECE 109,A01,091882,Touri; Behrouz,2,4,70,68
1655949723557,ECE 180,A00,083140,Abi Samra; Nicholas Camill,1,0,30,29
1655949723557,ECE 180,B00,083141,Abi Samra; Nicholas Camill,0,9,28,28
1655949729665,MATH 10A,A01,083735,Patchell; Gregory David,0,0,30,30
1655949729665,MATH 10A,A02,083736,Patchell; Gregory David,21,0,30,9
1655949729665,MATH 10A,A03,083737,Patchell; Gregory David,16,0,30,14
1655949735720,MATH 10B,A01,083207,Lim; Seonhee,1,1,34,33
1655949735720,MATH 10B,A02,083208,Lim; Seonhee,1,1,35,34
1655949735720,MATH 10B,A03,093472,Staff,1,0,34,33
1655949735720,MATH 10B,B01,083739,Sinha; Shubham,9,0,30,21
1655949741744,MATH 18,A01,083743,Cinel; Cameron Alexander,4,0,30,26
1655949741744,MATH 18,A02,083744,Cinel; Cameron Alexander,11,0,30,19
1655949741744,MATH 18,A03,083745,Cinel; Cameron Alexander,1,0,30,29
1655949741744,MATH 18,B01,083748,Ma; Zilu,2,0,36,34
1655949741744,MATH 18,B02,083749,Ma; Zilu,0,0,36,36
1655949741744,MATH 18,B03,083750,Ma; Zilu,0,0,36,36
1655949741744,MATH 18,B04,083751,Ma; Zilu,0,0,36,36
1655949741744,MATH 18,B05,093473,Staff,0,0,36,36
1655949741744,MATH 18,B06,093474,Staff,0,0,36,36
1655949747840,MATH 20A,A01,083754,Zheng; Zequn,10,0,40,30
1655949753948,MATH 20B,A01,083756,Briones; Jor-el Thomas Caparas,0,1,36,36
1655949753948,MATH 20B,A02,083757,Briones; Jor-el Thomas Caparas,1,0,36,35
1655949753948,MATH 20B,A03,093475,Staff,1,0,36,35
1655949759976,MATH 20C,A01,083760,Briones; Jor-el Thomas Caparas,0,2,35,35
1655949759976,MATH 20C,A02,083761,Briones; Jor-el Thomas Caparas,6,1,35,29
1655949759976,MATH 20C,A03,093476,Staff,1,0,35,34
1655949759976,MATH 20C,B01,083762,Bach; Quang Tran,3,0,30,27
1655949766066,MATH 20D,A01,083765,Tran; Brian Kha,1,0,30,29
1655949766066,MATH 20D,A02,083766,Tran; Brian Kha,0,1,30,30
1655949766066,MATH 20D,A03,083767,Tran; Brian Kha,1,0,30,29
1655949772224,MATH 20E,A01,083771,Ganguly; Soumya,0,0,32,32
1655949772224,MATH 20E,A02,083772,Ganguly; Soumya,1,1,32,31
1655949772224,MATH 20E,B01,083773,Ciotti; Benjamin,13,0,35,22
1655949772224,MATH 20E,B02,083774,Ciotti; Benjamin,12,0,35,23
1655949778275,MATH 103A,A01,083777,Greenfeld; Be'Eri,2,1,36,34
1655949778275,MATH 103A,A02,083778,Greenfeld; Be'Eri,2,0,36,34
1655949778275,MATH 103A,A03,093561,Staff,0,1,36,36
1655949778275,MATH 103A,B01,083779,Greenfeld; Be'Eri,7,1,36,29
1655949778275,MATH 103A,B02,083780,Greenfeld; Be'Eri,1,0,36,35
1655949778275,MATH 103A,B03,093562,Staff,0,0,36,36
1655949784438,MATH 105,A01,085443,Carter; Anne Toulson,3,1,35,32
1655949784438,MATH 105,A02,093477,Staff,7,0,35,28
1655949790534,MATH 109,A01,083213,Ganzberger; Geoffrey Michael,0,1,34,34
1655949790534,MATH 109,A02,083214,Ganzberger; Geoffrey Michael,1,0,34,33
1655949790534,MATH 109,A03,093478,Staff,1,0,34,33
1655949790534,MATH 109,B01,083215,Ganzberger; Geoffrey Michael,2,0,32,30
1655949790534,MATH 109,B02,083216,Ganzberger; Geoffrey Michael,0,0,32,32
1655949790534,MATH 109,B03,093479,Staff,4,0,32,28
1655949796589,MATH 142A,A01,083219,Chow; Bennett,0,0,32,32
1655949796589,MATH 142A,A02,083220,Chow; Bennett,7,0,32,25
1655949796589,MATH 142A,A03,093480,Staff,4,0,32,28
1655949796589,MATH 142A,B03,093481,Staff,3,0,32,29
1655949796589,MATH 142A,B04,093558,Staff,6,0,32,26
1655949796589,MATH 142A,B05,093559,Staff,0,0,32,32
1655949802769,MATH 193A,A01,083224,Rotar; Vladimir,1,1,34,33
1655949802769,MATH 193A,A02,083225,Rotar; Vladimir,0,0,34,34
1655949802769,MATH 193A,A03,083781,Rotar; Vladimir,2,0,34,32
1655949802769,MATH 193A,A04,083782,Rotar; Vladimir,2,0,34,32
1655949802769,MATH 193A,A05,093482,Rotar; Vladimir,1,0,34,33
1655949808853,MATH 197,001,091859,McAuley; Julian John,9999,0,9999,0
1655949808853,MATH 197,002,095566,Kedlaya; Kiran S.,9997,0,9999,2
1655949808853,MATH 197,003,095567,Xiao; Ming,9999,0,9999,0
1655949808853,MATH 197,004,095571,Perols; Johan Lars,9998,0,9999,1
1655949816093,COGS 9,A01,083615,Shannon; Kyle Michael,3,1,75,72
1655949822150,COGS 11,A01,083617,Boyle; Mary E. T.,11,1,48,37
1655949828232,COGS 13,A01,083071,Bastos; Amalia Pinkusfeld,3,2,71,68
1655949834396,COGS 14A,A01,092681,Staff,2,25,100,98
1655949840492,COGS 14B,A01,083073,Cheng; Tzu-Han,7,0,63,56
1655949846583,COGS 17,A01,092677,Staff,8,7,81,73
1655949852733,COGS 100,A01,083619,Allen; Michael Gordon,2,2,70,68
1655949858879,COGS 101A,A01,083621,Davis; Joshua Daniel,4,3,68,64
1655949864972,COGS 101B,A01,091572,Allen; Michael Gordon,0,0,65,65
1655949871096,COGS 101C,A01,083625,Delgado; Tania,7,0,35,28
1655949877248,COGS 107A,A01,083627,Boyle; Mary E. T.,1,2,60,59
1655949883315,COGS 118A,A01,083075,Gupta; Anjum,20,16,76,56
1655949889382,CSE 3,A50,083646,Miranda; Gregory Joseph,14,0,50,36
1655949895426,CSE 8A,A50,083650,Miranda; Gregory Joseph,3,11,56,53
1655949901457,CSE 11,A01,083080,Cao; Yingjun,0,68,40,40
1655949907633,CSE 12,A01,083652,Krause-Levy; Sophia Louisa,6,8,120,114
1655949913769,CSE 15L,A01,083654,Morris; Justin Loren,3,1,50,47
1655949913769,CSE 15L,A02,083655,Morris; Justin Loren,1,1,50,49
1655949919792,CSE 20,A01,083657,Tran; Khoa Dang,29,0,80,51
1655949925901,CSE 21,A01,095574,Bach; Quang Tran,23,0,48,25
1655949931934,CSE 30,A01,083084,Eldon; John,2,10,80,78
1655949931934,CSE 30,B01,095061,Bhaskar; Nishant,0,4,50,50
1655949938058,CSE 100,A01,083659,Cao; Yingjun,2,25,70,68
1655949944100,CSE 134B,A01,083661,Powell; Thomas Allan,5,7,100,95
1655949950192,CSE 140,A01,083663,Gungor; Onat,5,0,85,80
1655949956217,CSE 140L,A01,083088,Eldon; John,5,0,100,95
1655949962342,CSE 175,A01,083665,Kumar; Rakesh,1,0,25,24
1655949968401,CSE 190,A00,092507,Dubnov; Shlomo,1,0,20,19
1655949974434,ECE 45,A01,083139,Congero; Spencer William,0,1,75,75
1655949980459,ECE 65,A50,083695,Saad; Andrew S,6,0,30,24
1655949980459,ECE 65,A51,095125,Staff,23,0,26,3
1655949986499,ECE 109,A01,091882,Touri; Behrouz,2,4,70,68
1655949992574,ECE 180,A00,083140,Abi Samra; Nicholas Camill,1,0,30,29
1655949992574,ECE 180,B00,083141,Abi Samra; Nicholas Camill,0,9,28,28
1655949998645,MATH 10A,A01,083735,Patchell; Gregory David,0,0,30,30
1655949998645,MATH 10A,A02,083736,Patchell; Gregory David,21,0,30,9
1655949998645,MATH 10A,A03,083737,Patchell; Gregory David,16,0,30,14
1655950004693,MATH 10B,A01,083207,Lim; Seonhee,1,1,34,33
1655950004693,MATH 10B,A02,083208,Lim; Seonhee,1,1,35,34
1655950004693,MATH 10B,A03,093472,Staff,1,0,34,33
1655950004693,MATH 10B,B01,083739,Sinha; Shubham,9,0,30,21
1655950010798,MATH 18,A01,083743,Cinel; Cameron Alexander,4,0,30,26
1655950010798,MATH 18,A02,083744,Cinel; Cameron Alexander,11,0,30,19
1655950010798,MATH 18,A03,083745,Cinel; Cameron Alexander,1,0,30,29
1655950010798,MATH 18,B01,083748,Ma; Zilu,2,0,36,34
1655950010798,MATH 18,B02,083749,Ma; Zilu,0,0,36,36
1655950010798,MATH 18,B03,083750,Ma; Zilu,0,0,36,36
1655950010798,MATH 18,B04,083751,Ma; Zilu,0,0,36,36
1655950010798,MATH 18,B05,093473,Staff,0,0,36,36
1655950010798,MATH 18,B06,093474,Staff,0,0,36,36
1655950016899,MATH 20A,A01,083754,Zheng; Zequn,10,0,40,30
1655950022937,MATH 20B,A01,083756,Briones; Jor-el Thomas Caparas,0,1,36,36
1655950022937,MATH 20B,A02,083757,Briones; Jor-el Thomas Caparas,1,0,36,35
1655950022937,MATH 20B,A03,093475,Staff,1,0,36,35
1655950029068,MATH 20C,A01,083760,Briones; Jor-el Thomas Caparas,0,2,35,35
1655950029068,MATH 20C,A02,083761,Briones; Jor-el Thomas Caparas,6,1,35,29
1655950029068,MATH 20C,A03,093476,Staff,1,0,35,34
1655950029068,MATH 20C,B01,083762,Bach; Quang Tran,3,0,30,27
1655950035271,MATH 20D,A01,083765,Tran; Brian Kha,1,0,30,29
1655950035271,MATH 20D,A02,083766,Tran; Brian Kha,0,1,30,30
1655950035271,MATH 20D,A03,083767,Tran; Brian Kha,1,0,30,29
1655950041303,MATH 20E,A01,083771,Ganguly; Soumya,0,0,32,32
1655950041303,MATH 20E,A02,083772,Ganguly; Soumya,1,1,32,31
1655950041303,MATH 20E,B01,083773,Ciotti; Benjamin,13,0,35,22
1655950041303,MATH 20E,B02,083774,Ciotti; Benjamin,12,0,35,23
1655950047378,MATH 103A,A01,083777,Greenfeld; Be'Eri,2,1,36,34
1655950047378,MATH 103A,A02,083778,Greenfeld; Be'Eri,2,0,36,34
1655950047378,MATH 103A,A03,093561,Staff,0,1,36,36
1655950047378,MATH 103A,B01,083779,Greenfeld; Be'Eri,7,1,36,29
1655950047378,MATH 103A,B02,083780,Greenfeld; Be'Eri,1,0,36,35
1655950047378,MATH 103A,B03,093562,Staff,0,0,36,36
1655950053549,MATH 105,A01,085443,Carter; Anne Toulson,3,1,35,32
1655950053549,MATH 105,A02,093477,Staff,7,0,35,28
1655950059629,MATH 109,A01,083213,Ganzberger; Geoffrey Michael,0,1,34,34
1655950059629,MATH 109,A02,083214,Ganzberger; Geoffrey Michael,1,0,34,33
1655950059629,MATH 109,A03,093478,Staff,1,0,34,33
1655950059629,MATH 109,B01,083215,Ganzberger; Geoffrey Michael,2,0,32,30
1655950059629,MATH 109,B02,083216,Ganzberger; Geoffrey Michael,0,0,32,32
1655950059629,MATH 109,B03,093479,Staff,4,0,32,28
1655950065672,MATH 142A,A01,083219,Chow; Bennett,0,0,32,32
1655950065672,MATH 142A,A02,083220,Chow; Bennett,7,0,32,25
1655950065672,MATH 142A,A03,093480,Staff,4,0,32,28
1655950065672,MATH 142A,B03,093481,Staff,3,0,32,29
1655950065672,MATH 142A,B04,093558,Staff,6,0,32,26
1655950065672,MATH 142A,B05,093559,Staff,0,0,32,32
1655950071819,MATH 193A,A01,083224,Rotar; Vladimir,1,1,34,33
1655950071819,MATH 193A,A02,083225,Rotar; Vladimir,0,0,34,34
1655950071819,MATH 193A,A03,083781,Rotar; Vladimir,2,0,34,32
1655950071819,MATH 193A,A04,083782,Rotar; Vladimir,2,0,34,32
1655950071819,MATH 193A,A05,093482,Rotar; Vladimir,1,0,34,33
1655950077913,MATH 197,001,091859,McAuley; Julian John,9999,0,9999,0
1655950077913,MATH 197,002,095566,Kedlaya; Kiran S.,9997,0,9999,2
1655950077913,MATH 197,003,095567,Xiao; Ming,9999,0,9999,0
1655950077913,MATH 197,004,095571,Perols; Johan Lars,9998,0,9999,1
1655950085260,COGS 9,A01,083615,Shannon; Kyle Michael,3,1,75,72
1655950091303,COGS 11,A01,083617,Boyle; Mary E. T.,11,1,48,37
1655950097332,COGS 13,A01,083071,Bastos; Amalia Pinkusfeld,3,2,71,68
1655950103367,COGS 14A,A01,092681,Staff,2,25,100,98
1655950109400,COGS 14B,A01,083073,Cheng; Tzu-Han,7,0,63,56
1655950115423,COGS 17,A01,092677,Staff,8,7,81,73
1655950121448,COGS 100,A01,083619,Allen; Michael Gordon,2,2,70,68
1655950127533,COGS 101A,A01,083621,Davis; Joshua Daniel,4,3,68,64
1655950133693,COGS 101B,A01,091572,Allen; Michael Gordon,0,0,65,65
1655950139786,COGS 101C,A01,083625,Delgado; Tania,7,0,35,28
1655950145835,COGS 107A,A01,083627,Boyle; Mary E. T.,1,2,60,59
1655950151866,COGS 118A,A01,083075,Gupta; Anjum,20,16,76,56
1655950158020,CSE 3,A50,083646,Miranda; Gregory Joseph,14,0,50,36
1655950164150,CSE 8A,A50,083650,Miranda; Gregory Joseph,3,11,56,53
1655950170303,CSE 11,A01,083080,Cao; Yingjun,0,68,40,40
1655950176335,CSE 12,A01,083652,Krause-Levy; Sophia Louisa,6,8,120,114
1655950182358,CSE 15L,A01,083654,Morris; Justin Loren,3,1,50,47
1655950182358,CSE 15L,A02,083655,Morris; Justin Loren,1,1,50,49
1655950188434,CSE 20,A01,083657,Tran; Khoa Dang,29,0,80,51
1655950194459,CSE 21,A01,095574,Bach; Quang Tran,23,0,48,25
1655950200570,CSE 30,A01,083084,Eldon; John,2,10,80,78
1655950200570,CSE 30,B01,095061,Bhaskar; Nishant,0,4,50,50
1655950206718,CSE 100,A01,083659,Cao; Yingjun,2,25,70,68
1655950212819,CSE 134B,A01,083661,Powell; Thomas Allan,5,7,100,95
1655950218845,CSE 140,A01,083663,Gungor; Onat,5,0,85,80
1655950224978,CSE 140L,A01,083088,Eldon; John,5,0,100,95
1655950231106,CSE 175,A01,083665,Kumar; Rakesh,1,0,25,24
1655950237156,CSE 190,A00,092507,Dubnov; Shlomo,1,0,20,19
1655950243216,ECE 45,A01,083139,Congero; Spencer William,0,1,75,75
1655950249297,ECE 65,A50,083695,Saad; Andrew S,6,0,30,24
1655950249297,ECE 65,A51,095125,Staff,23,0,26,3
1655950255411,ECE 109,A01,091882,Touri; Behrouz,2,4,70,68
1655950261511,ECE 180,A00,083140,Abi Samra; Nicholas Camill,1,0,30,29
1655950261511,ECE 180,B00,083141,Abi Samra; Nicholas Camill,0,9,28,28
1655950267552,MATH 10A,A01,083735,Patchell; Gregory David,0,0,30,30
1655950267552,MATH 10A,A02,083736,Patchell; Gregory David,21,0,30,9
1655950267552,MATH 10A,A03,083737,Patchell; Gregory David,16,0,30,14
1655950273575,MATH 10B,A01,083207,Lim; Seonhee,1,1,34,33
1655950273575,MATH 10B,A02,083208,Lim; Seonhee,1,1,35,34
1655950273575,MATH 10B,A03,093472,Staff,1,0,34,33
1655950273575,MATH 10B,B01,083739,Sinha; Shubham,9,0,30,21
1655950279714,MATH 18,A01,083743,Cinel; Cameron Alexander,4,0,30,26
1655950279714,MATH 18,A02,083744,Cinel; Cameron Alexander,11,0,30,19
1655950279714,MATH 18,A03,083745,Cinel; Cameron Alexander,1,0,30,29
1655950279714,MATH 18,B01,083748,Ma; Zilu,2,0,36,34
1655950279714,MATH 18,B02,083749,Ma; Zilu,0,0,36,36
1655950279714,MATH 18,B03,083750,Ma; Zilu,0,0,36,36
1655950279714,MATH 18,B04,083751,Ma; Zilu,0,0,36,36
1655950279714,MATH 18,B05,093473,Staff,0,0,36,36
1655950279714,MATH 18,B06,093474,Staff,0,0,36,36
1655950285745,MATH 20A,A01,083754,Zheng; Zequn,10,0,40,30
1655950291840,MATH 20B,A01,083756,Briones; Jor-el Thomas Caparas,0,1,36,36
1655950291840,MATH 20B,A02,083757,Briones; Jor-el Thomas Caparas,1,0,36,35
1655950291840,MATH 20B,A03,093475,Staff,1,0,36,35
1655950297881,MATH 20C,A01,083760,Briones; Jor-el Thomas Caparas,0,2,35,35
1655950297881,MATH 20C,A02,083761,Briones; Jor-el Thomas Caparas,6,1,35,29
1655950297881,MATH 20C,A03,093476,Staff,1,0,35,34
1655950297881,MATH 20C,B01,083762,Bach; Quang Tran,3,0,30,27
1655950304048,MATH 20D,A01,083765,Tran; Brian Kha,1,0,30,29
1655950304048,MATH 20D,A02,083766,Tran; Brian Kha,0,1,30,30
1655950304048,MATH 20D,A03,083767,Tran; Brian Kha,1,0,30,29
1655950310164,MATH 20E,A01,083771,Ganguly; Soumya,0,0,32,32
1655950310164,MATH 20E,A02,083772,Ganguly; Soumya,1,1,32,31
1655950310164,MATH 20E,B01,083773,Ciotti; Benjamin,13,0,35,22
1655950310164,MATH 20E,B02,083774,Ciotti; Benjamin,12,0,35,23
1655950316191,MATH 103A,A01,083777,Greenfeld; Be'Eri,2,1,36,34
1655950316191,MATH 103A,A02,083778,Greenfeld; Be'Eri,2,0,36,34
1655950316191,MATH 103A,A03,093561,Staff,0,1,36,36
1655950316191,MATH 103A,B01,083779,Greenfeld; Be'Eri,7,1,36,29
1655950316191,MATH 103A,B02,083780,Greenfeld; Be'Eri,1,0,36,35
1655950316191,MATH 103A,B03,093562,Staff,0,0,36,36
1655950322215,MATH 105,A01,085443,Carter; Anne Toulson,3,1,35,32
1655950322215,MATH 105,A02,093477,Staff,7,0,35,28
1655950328239,MATH 109,A01,083213,Ganzberger; Geoffrey Michael,0,1,34,34
1655950328239,MATH 109,A02,083214,Ganzberger; Geoffrey Michael,1,0,34,33
1655950328239,MATH 109,A03,093478,Staff,1,0,34,33
1655950328239,MATH 109,B01,083215,Ganzberger; Geoffrey Michael,2,0,32,30
1655950328239,MATH 109,B02,083216,Ganzberger; Geoffrey Michael,0,0,32,32
1655950328239,MATH 109,B03,093479,Staff,4,0,32,28
1655950334280,MATH 142A,A01,083219,Chow; Bennett,0,0,32,32
1655950334280,MATH 142A,A02,083220,Chow; Bennett,7,0,32,25
1655950334280,MATH 142A,A03,093480,Staff,4,0,32,28
1655950334280,MATH 142A,B03,093481,Staff,3,0,32,29
1655950334280,MATH 142A,B04,093558,Staff,6,0,32,26
1655950334280,MATH 142A,B05,093559,Staff,0,0,32,32
1655950340302,MATH 193A,A01,083224,Rotar; Vladimir,1,1,34,33
1655950340302,MATH 193A,A02,083225,Rotar; Vladimir,0,0,34,34
1655950340302,MATH 193A,A03,083781,Rotar; Vladimir,2,0,34,32
1655950340302,MATH 193A,A04,083782,Rotar; Vladimir,2,0,34,32
1655950340302,MATH 193A,A05,093482,Rotar; Vladimir,1,0,34,33
1655950346334,MATH 197,001,091859,McAuley; Julian John,9999,0,9999,0
1655950346334,MATH 197,002,095566,Kedlaya; Kiran S.,9997,0,9999,2
1655950346334,MATH 197,003,095567,Xiao; Ming,9999,0,9999,0
1655950346334,MATH 197,004,095571,Perols; Johan Lars,9998,0,9999,1
1655950353396,COGS 9,A01,083615,Shannon; Kyle Michael,3,1,75,72
1655950359422,COGS 11,A01,083617,Boyle; Mary E. T.,11,1,48,37
1655950365464,COGS 13,A01,083071,Bastos; Amalia Pinkusfeld,3,2,71,68
1655950371491,COGS 14A,A01,092681,Staff,2,25,100,98
1655950377580,COGS 14B,A01,083073,Cheng; Tzu-Han,7,0,63,56
1655950383603,COGS 17,A01,092677,Staff,8,7,81,73
1655950389631,COGS 100,A01,083619,Allen; Michael Gordon,2,2,70,68
1655950395653,COGS 101A,A01,083621,Davis; Joshua Daniel,4,3,68,64
1655950401680,COGS 101B,A01,091572,Allen; Michael Gordon,0,0,65,65
1655950407704,COGS 101C,A01,083625,Delgado; Tania,7,0,35,28
1655950413731,COGS 107A,A01,083627,Boyle; Mary E. T.,1,2,60,59
1655950419763,COGS 118A,A01,083075,Gupta; Anjum,20,16,76,56
1655950425787,CSE 3,A50,083646,Miranda; Gregory Joseph,14,0,50,36
1655950431817,CSE 8A,A50,083650,Miranda; Gregory Joseph,3,11,56,53
1655950437841,CSE 11,A01,083080,Cao; Yingjun,0,68,40,40
1655950443870,CSE 12,A01,083652,Krause-Levy; Sophia Louisa,6,8,120,114
1655950449901,CSE 15L,A01,083654,Morris; Justin Loren,3,1,50,47
1655950449901,CSE 15L,A02,083655,Morris; Justin Loren,1,1,50,49
1655950455926,CSE 20,A01,083657,Tran; Khoa Dang,29,0,80,51
1655950461950,CSE 21,A01,095574,Bach; Quang Tran,23,0,48,25
1655950467972,CSE 30,A01,083084,Eldon; John,2,10,80,78
1655950467972,CSE 30,B01,095061,Bhaskar; Nishant,0,4,50,50
1655950474002,CSE 100,A01,083659,Cao; Yingjun,2,25,70,68
1655950480029,CSE 134B,A01,083661,Powell; Thomas Allan,5,7,100,95
1655950486057,CSE 140,A01,083663,Gungor; Onat,5,0,85,80
1655950492086,CSE 140L,A01,083088,Eldon; John,5,0,100,95
1655950498110,CSE 175,A01,083665,Kumar; Rakesh,1,0,25,24
1655950504135,CSE 190,A00,092507,Dubnov; Shlomo,1,0,20,19
1655950510166,ECE 45,A01,083139,Congero; Spencer William,0,1,75,75
1655950516189,ECE 65,A50,083695,Saad; Andrew S,6,0,30,24
1655950516189,ECE 65,A51,095125,Staff,23,0,26,3
1655950522216,ECE 109,A01,091882,Touri; Behrouz,2,4,70,68
1655950528252,ECE 180,A00,083140,Abi Samra; Nicholas Camill,1,0,30,29
1655950528252,ECE 180,B00,083141,Abi Samra; Nicholas Camill,0,9,28,28
1655950534275,MATH 10A,A01,083735,Patchell; Gregory David,0,0,30,30
1655950534275,MATH 10A,A02,083736,Patchell; Gregory David,21,0,30,9
1655950534275,MATH 10A,A03,083737,Patchell; Gregory David,16,0,30,14
1655950540301,MATH 10B,A01,083207,Lim; Seonhee,1,1,34,33
1655950540301,MATH 10B,A02,083208,Lim; Seonhee,1,1,35,34
1655950540301,MATH 10B,A03,093472,Staff,1,0,34,33
1655950540301,MATH 10B,B01,083739,Sinha; Shubham,9,0,30,21
1655950546326,MATH 18,A01,083743,Cinel; Cameron Alexander,4,0,30,26
1655950546326,MATH 18,A02,083744,Cinel; Cameron Alexander,11,0,30,19
1655950546326,MATH 18,A03,083745,Cinel; Cameron Alexander,1,0,30,29
1655950546326,MATH 18,B01,083748,Ma; Zilu,2,0,36,34
1655950546326,MATH 18,B02,083749,Ma; Zilu,0,0,36,36
1655950546326,MATH 18,B03,083750,Ma; Zilu,0,0,36,36
1655950546326,MATH 18,B04,083751,Ma; Zilu,0,0,36,36
1655950546326,MATH 18,B05,093473,Staff,0,0,36,36
1655950546326,MATH 18,B06,093474,Staff,0,0,36,36
1655950552349,MATH 20A,A01,083754,Zheng; Zequn,10,0,40,30
1655950558379,MATH 20B,A01,083756,Briones; Jor-el Thomas Caparas,0,1,36,36
1655950558379,MATH 20B,A02,083757,Briones; Jor-el Thomas Caparas,1,0,36,35
1655950558379,MATH 20B,A03,093475,Staff,1,0,36,35
1655950564406,MATH 20C,A01,083760,Briones; Jor-el Thomas Caparas,0,2,35,35
1655950564406,MATH 20C,A02,083761,Briones; Jor-el Thomas Caparas,6,1,35,29
1655950564406,MATH 20C,A03,093476,Staff,1,0,35,34
1655950564406,MATH 20C,B01,083762,Bach; Quang Tran,3,0,30,27
1655950570428,MATH 20D,A01,083765,Tran; Brian Kha,1,0,30,29
1655950570428,MATH 20D,A02,083766,Tran; Brian Kha,0,1,30,30
1655950570428,MATH 20D,A03,083767,Tran; Brian Kha,1,0,30,29
1655950576457,MATH 20E,A01,083771,Ganguly; Soumya,0,0,32,32
1655950576457,MATH 20E,A02,083772,Ganguly; Soumya,1,1,32,31
1655950576457,MATH 20E,B01,083773,Ciotti; Benjamin,13,0,35,22
1655950576457,MATH 20E,B02,083774,Ciotti; Benjamin,12,0,35,23
1655950582481,MATH 103A,A01,083777,Greenfeld; Be'Eri,2,1,36,34
1655950582481,MATH 103A,A02,083778,Greenfeld; Be'Eri,2,0,36,34
1655950582481,MATH 103A,A03,093561,Staff,0,1,36,36
1655950582481,MATH 103A,B01,083779,Greenfeld; Be'Eri,7,1,36,29
1655950582481,MATH 103A,B02,083780,Greenfeld; Be'Eri,1,0,36,35
1655950582481,MATH 103A,B03,093562,Staff,0,0,36,36
1655950588503,MATH 105,A01,085443,Carter; Anne Toulson,3,1,35,32
1655950588503,MATH 105,A02,093477,Staff,7,0,35,28
1655950594527,MATH 109,A01,083213,Ganzberger; Geoffrey Michael,0,1,34,34
1655950594527,MATH 109,A02,083214,Ganzberger; Geoffrey Michael,1,0,34,33
1655950594527,MATH 109,A03,093478,Staff,1,0,34,33
1655950594527,MATH 109,B01,083215,Ganzberger; Geoffrey Michael,2,0,32,30
1655950594527,MATH 109,B02,083216,Ganzberger; Geoffrey Michael,0,0,32,32
1655950594527,MATH 109,B03,093479,Staff,4,0,32,28
1655950600549,MATH 142A,A01,083219,Chow; Bennett,0,0,32,32
1655950600549,MATH 142A,A02,083220,Chow; Bennett,7,0,32,25
1655950600549,MATH 142A,A03,093480,Staff,4,0,32,28
1655950600549,MATH 142A,B03,093481,Staff,3,0,32,29
1655950600549,MATH 142A,B04,093558,Staff,6,0,32,26
1655950600549,MATH 142A,B05,093559,Staff,0,0,32,32
1655950606573,MATH 193A,A01,083224,Rotar; Vladimir,1,1,34,33
1655950606573,MATH 193A,A02,083225,Rotar; Vladimir,0,0,34,34
1655950606573,MATH 193A,A03,083781,Rotar; Vladimir,2,0,34,32
1655950606573,MATH 193A,A04,083782,Rotar; Vladimir,2,0,34,32
1655950606573,MATH 193A,A05,093482,Rotar; Vladimir,1,0,34,33
1655950612596,MATH 197,001,091859,McAuley; Julian John,9999,0,9999,0
1655950612596,MATH 197,002,095566,Kedlaya; Kiran S.,9997,0,9999,2
1655950612596,MATH 197,003,095567,Xiao; Ming,9999,0,9999,0
1655950612596,MATH 197,004,095571,Perols; Johan Lars,9998,0,9999,1
1655950619661,COGS 9,A01,083615,Shannon; Kyle Michael,3,1,75,72
1655950625689,COGS 11,A01,083617,Boyle; Mary E. T.,11,1,48,37
1655950631713,COGS 13,A01,083071,Bastos; Amalia Pinkusfeld,3,2,71,68
1655950637740,COGS 14A,A01,092681,Staff,2,25,100,98
1655950643780,COGS 14B,A01,083073,Cheng; Tzu-Han,7,0,63,56
1655950649803,COGS 17,A01,092677,Staff,8,7,81,73
1655950655826,COGS 100,A01,083619,Allen; Michael Gordon,2,2,70,68
1655950661847,COGS 101A,A01,083621,Davis; Joshua Daniel,4,3,68,64
1655950667880,COGS 101B,A01,091572,Allen; Michael Gordon,0,0,65,65
1655950673903,COGS 101C,A01,083625,Delgado; Tania,7,0,35,28
1655950679931,COGS 107A,A01,083627,Boyle; Mary E. T.,1,2,60,59
1655950685956,COGS 118A,A01,083075,Gupta; Anjum,20,16,76,56
1655950691979,CSE 3,A50,083646,Miranda; Gregory Joseph,14,0,50,36
1655950698007,CSE 8A,A50,083650,Miranda; Gregory Joseph,3,11,56,53
1655950704030,CSE 11,A01,083080,Cao; Yingjun,0,68,40,40
1655950710054,CSE 12,A01,083652,Krause-Levy; Sophia Louisa,6,8,120,114
1655950716080,CSE 15L,A01,083654,Morris; Justin Loren,3,1,50,47
1655950716080,CSE 15L,A02,083655,Morris; Justin Loren,1,1,50,49
1655950722103,CSE 20,A01,083657,Tran; Khoa Dang,29,0,80,51
1655950728129,CSE 21,A01,095574,Bach; Quang Tran,23,0,48,25
1655950734157,CSE 30,A01,083084,Eldon; John,2,10,80,78
1655950734157,CSE 30,B01,095061,Bhaskar; Nishant,0,4,50,50
1655950740181,CSE 100,A01,083659,Cao; Yingjun,2,25,70,68
1655950746205,CSE 134B,A01,083661,Powell; Thomas Allan,5,7,100,95
1655950752228,CSE 140,A01,083663,Gungor; Onat,5,0,85,80
1655950758252,CSE 140L,A01,083088,Eldon; John,5,0,100,95
1655950764280,CSE 175,A01,083665,Kumar; Rakesh,1,0,25,24
1655950770305,CSE 190,A00,092507,Dubnov; Shlomo,1,0,20,19
1655950776338,ECE 45,A01,083139,Congero; Spencer William,0,1,75,75
1655950782365,ECE 65,A50,083695,Saad; Andrew S,6,0,30,24
1655950782365,ECE 65,A51,095125,Staff,23,0,26,3
1655950788392,ECE 109,A01,091882,Touri; Behrouz,2,4,70,68
1655950794420,ECE 180,A00,083140,Abi Samra; Nicholas Camill,1,0,30,29
1655950794420,ECE 180,B00,083141,Abi Samra; Nicholas Camill,0,9,28,28
1655950800530,MATH 10A,A01,083735,Patchell; Gregory David,0,0,30,30
1655950800530,MATH 10A,A02,083736,Patchell; Gregory David,21,0,30,9
1655950800530,MATH 10A,A03,083737,Patchell; Gregory David,16,0,30,14
1655950806556,MATH 10B,A01,083207,Lim; Seonhee,1,1,34,33
1655950806556,MATH 10B,A02,083208,Lim; Seonhee,1,1,35,34
1655950806556,MATH 10B,A03,093472,Staff,1,0,34,33
1655950806556,MATH 10B,B01,083739,Sinha; Shubham,9,0,30,21
1655950812589,MATH 18,A01,083743,Cinel; Cameron Alexander,4,0,30,26
1655950812589,MATH 18,A02,083744,Cinel; Cameron Alexander,11,0,30,19
1655950812589,MATH 18,A03,083745,Cinel; Cameron Alexander,1,0,30,29
1655950812589,MATH 18,B01,083748,Ma; Zilu,2,0,36,34
1655950812589,MATH 18,B02,083749,Ma; Zilu,0,0,36,36
1655950812589,MATH 18,B03,083750,Ma; Zilu,0,0,36,36
1655950812589,MATH 18,B04,083751,Ma; Zilu,0,0,36,36
1655950812589,MATH 18,B05,093473,Staff,0,0,36,36
1655950812589,MATH 18,B06,093474,Staff,0,0,36,36
1655950818613,MATH 20A,A01,083754,Zheng; Zequn,10,0,40,30
1655950824637,MATH 20B,A01,083756,Briones; Jor-el Thomas Caparas,0,1,36,36
1655950824637,MATH 20B,A02,083757,Briones; Jor-el Thomas Caparas,1,0,36,35
1655950824637,MATH 20B,A03,093475,Staff,1,0,36,35
1655950830668,MATH 20C,A01,083760,Briones; Jor-el Thomas Caparas,0,2,35,35
1655950830668,MATH 20C,A02,083761,Briones; Jor-el Thomas Caparas,6,1,35,29
1655950830668,MATH 20C,A03,093476,Staff,1,0,35,34
1655950830668,MATH 20C,B01,083762,Bach; Quang Tran,3,0,30,27
1655950836692,MATH 20D,A01,083765,Tran; Brian Kha,1,0,30,29
1655950836692,MATH 20D,A02,083766,Tran; Brian Kha,0,1,30,30
1655950836692,MATH 20D,A03,083767,Tran; Brian Kha,1,0,30,29
1655950842718,MATH 20E,A01,083771,Ganguly; Soumya,0,0,32,32
1655950842718,MATH 20E,A02,083772,Ganguly; Soumya,1,1,32,31
1655950842718,MATH 20E,B01,083773,Ciotti; Benjamin,13,0,35,22
1655950842718,MATH 20E,B02,083774,Ciotti; Benjamin,12,0,35,23
1655950848750,MATH 103A,A01,083777,Greenfeld; Be'Eri,2,1,36,34
1655950848750,MATH 103A,A02,083778,Greenfeld; Be'Eri,2,0,36,34
1655950848750,MATH 103A,A03,093561,Staff,0,1,36,36
1655950848750,MATH 103A,B01,083779,Greenfeld; Be'Eri,7,1,36,29
1655950848750,MATH 103A,B02,083780,Greenfeld; Be'Eri,1,0,36,35
1655950848750,MATH 103A,B03,093562,Staff,0,0,36,36
1655950854774,MATH 105,A01,085443,Carter; Anne Toulson,3,1,35,32
1655950854774,MATH 105,A02,093477,Staff,7,0,35,28
1655950860797,MATH 109,A01,083213,Ganzberger; Geoffrey Michael,0,1,34,34
1655950860797,MATH 109,A02,083214,Ganzberger; Geoffrey Michael,1,0,34,33
1655950860797,MATH 109,A03,093478,Staff,1,0,34,33
1655950860797,MATH 109,B01,083215,Ganzberger; Geoffrey Michael,2,0,32,30
1655950860797,MATH 109,B02,083216,Ganzberger; Geoffrey Michael,0,0,32,32
1655950860797,MATH 109,B03,093479,Staff,4,0,32,28
1655950866822,MATH 142A,A01,083219,Chow; Bennett,0,0,32,32
1655950866822,MATH 142A,A02,083220,Chow; Bennett,7,0,32,25
1655950866822,MATH 142A,A03,093480,Staff,4,0,32,28
1655950866822,MATH 142A,B03,093481,Staff,3,0,32,29
1655950866822,MATH 142A,B04,093558,Staff,6,0,32,26
1655950866822,MATH 142A,B05,093559,Staff,0,0,32,32
1655950872862,MATH 193A,A01,083224,Rotar; Vladimir,1,1,34,33
1655950872862,MATH 193A,A02,083225,Rotar; Vladimir,0,0,34,34
1655950872862,MATH 193A,A03,083781,Rotar; Vladimir,2,0,34,32
1655950872862,MATH 193A,A04,083782,Rotar; Vladimir,2,0,34,32
1655950872862,MATH 193A,A05,093482,Rotar; Vladimir,1,0,34,33
1655950878889,MATH 197,001,091859,McAuley; Julian John,9999,0,9999,0
1655950878889,MATH 197,002,095566,Kedlaya; Kiran S.,9997,0,9999,2
1655950878889,MATH 197,003,095567,Xiao; Ming,9999,0,9999,0
1655950878889,MATH 197,004,095571,Perols; Johan Lars,9998,0,9999,1
1655950885964,COGS 9,A01,083615,Shannon; Kyle Michael,3,1,75,72
1655950891991,COGS 11,A01,083617,Boyle; Mary E. T.,11,1,48,37
1655950898013,COGS 13,A01,083071,Bastos; Amalia Pinkusfeld,3,2,71,68
1655950904039,COGS 14A,A01,092681,Staff,2,25,100,98
1655950910068,COGS 14B,A01,083073,Cheng; Tzu-Han,7,0,63,56
1655950916098,COGS 17,A01,092677,Staff,8,7,81,73
1655950922122,COGS 100,A01,083619,Allen; Michael Gordon,2,2,70,68
1655950928150,COGS 101A,A01,083621,Davis; Joshua Daniel,4,3,68,64
1655950934185,COGS 101B,A01,091572,Allen; Michael Gordon,0,0,65,65
1655950940208,COGS 101C,A01,083625,Delgado; Tania,7,0,35,28
1655950946234,COGS 107A,A01,083627,Boyle; Mary E. T.,1,2,60,59
1655950952259,COGS 118A,A01,083075,Gupta; Anjum,20,16,76,56
1655950958288,CSE 3,A50,083646,Miranda; Gregory Joseph,14,0,50,36
1655950964312,CSE 8A,A50,083650,Miranda; Gregory Joseph,3,11,56,53
1655950970342,CSE 11,A01,083080,Cao; Yingjun,0,68,40,40
1655950976365,CSE 12,A01,083652,Krause-Levy; Sophia Louisa,6,8,120,114
1655950982390,CSE 15L,A01,083654,Morris; Justin Loren,3,1,50,47
1655950982390,CSE 15L,A02,083655,Morris; Justin Loren,1,1,50,49
1655950988416,CSE 20,A01,083657,Tran; Khoa Dang,29,0,80,51
1655950994440,CSE 21,A01,095574,Bach; Quang Tran,23,0,48,25
1655951000468,CSE 30,A01,083084,Eldon; John,2,10,80,78
1655951000468,CSE 30,B01,095061,Bhaskar; Nishant,0,4,50,50
1655951006491,CSE 100,A01,083659,Cao; Yingjun,2,25,70,68
1655951012513,CSE 134B,A01,083661,Powell; Thomas Allan,5,7,100,95
1655951018546,CSE 140,A01,083663,Gungor; Onat,5,0,85,80
1655951024582,CSE 140L,A01,083088,Eldon; John,5,0,100,95
1655951030605,CSE 175,A01,083665,Kumar; Rakesh,1,0,25,24
1655951036629,CSE 190,A00,092507,Dubnov; Shlomo,1,0,20,19
1655951042652,ECE 45,A01,083139,Congero; Spencer William,0,1,75,75
1655951048676,ECE 65,A50,083695,Saad; Andrew S,6,0,30,24
1655951048676,ECE 65,A51,095125,Staff,23,0,26,3
1655951054698,ECE 109,A01,091882,Touri; Behrouz,2,4,70,68
1655951060725,ECE 180,A00,083140,Abi Samra; Nicholas Camill,1,0,30,29
1655951060725,ECE 180,B00,083141,Abi Samra; Nicholas Camill,0,9,28,28
1655951066748,MATH 10A,A01,083735,Patchell; Gregory David,0,0,30,30
1655951066748,MATH 10A,A02,083736,Patchell; Gregory David,21,0,30,9
1655951066748,MATH 10A,A03,083737,Patchell; Gregory David,16,0,30,14
1655951072778,MATH 10B,A01,083207,Lim; Seonhee,1,1,34,33
1655951072778,MATH 10B,A02,083208,Lim; Seonhee,1,1,35,34
1655951072778,MATH 10B,A03,093472,Staff,1,0,34,33
1655951072778,MATH 10B,B01,083739,Sinha; Shubham,9,0,30,21
1655951078803,MATH 18,A01,083743,Cinel; Cameron Alexander,4,0,30,26
1655951078803,MATH 18,A02,083744,Cinel; Cameron Alexander,11,0,30,19
1655951078803,MATH 18,A03,083745,Cinel; Cameron Alexander,1,0,30,29
1655951078803,MATH 18,B01,083748,Ma; Zilu,2,0,36,34
1655951078803,MATH 18,B02,083749,Ma; Zilu,0,0,36,36
1655951078803,MATH 18,B03,083750,Ma; Zilu,0,0,36,36
1655951078803,MATH 18,B04,083751,Ma; Zilu,0,0,36,36
1655951078803,MATH 18,B05,093473,Staff,0,0,36,36
1655951078803,MATH 18,B06,093474,Staff,0,0,36,36
1655951084827,MATH 20A,A01,083754,Zheng; Zequn,10,0,40,30
1655951090861,MATH 20B,A01,083756,Briones; Jor-el Thomas Caparas,0,1,36,36
1655951090861,MATH 20B,A02,083757,Briones; Jor-el Thomas Caparas,1,0,36,35
1655951090861,MATH 20B,A03,093475,Staff,1,0,36,35
1655951096884,MATH 20C,A01,083760,Briones; Jor-el Thomas Caparas,0,2,35,35
1655951096884,MATH 20C,A02,083761,Briones; Jor-el Thomas Caparas,6,1,35,29
1655951096884,MATH 20C,A03,093476,Staff,1,0,35,34
1655951096884,MATH 20C,B01,083762,Bach; Quang Tran,3,0,30,27
1655951102908,MATH 20D,A01,083765,Tran; Brian Kha,1,0,30,29
1655951102908,MATH 20D,A02,083766,Tran; Brian Kha,0,1,30,30
1655951102908,MATH 20D,A03,083767,Tran; Brian Kha,1,0,30,29
1655951108936,MATH 20E,A01,083771,Ganguly; Soumya,0,0,32,32
1655951108936,MATH 20E,A02,083772,Ganguly; Soumya,1,1,32,31
1655951108936,MATH 20E,B01,083773,Ciotti; Benjamin,13,0,35,22
1655951108936,MATH 20E,B02,083774,Ciotti; Benjamin,12,0,35,23
1655951114974,MATH 103A,A01,083777,Greenfeld; Be'Eri,2,1,36,34
1655951114974,MATH 103A,A02,083778,Greenfeld; Be'Eri,2,0,36,34
1655951114974,MATH 103A,A03,093561,Staff,0,1,36,36
1655951114974,MATH 103A,B01,083779,Greenfeld; Be'Eri,7,1,36,29
1655951114974,MATH 103A,B02,083780,Greenfeld; Be'Eri,1,0,36,35
1655951114974,MATH 103A,B03,093562,Staff,0,0,36,36
1655951121003,MATH 105,A01,085443,Carter; Anne Toulson,3,1,35,32
1655951121003,MATH 105,A02,093477,Staff,7,0,35,28
1655951127027,MATH 109,A01,083213,Ganzberger; Geoffrey Michael,0,1,34,34
1655951127027,MATH 109,A02,083214,Ganzberger; Geoffrey Michael,1,0,34,33
1655951127027,MATH 109,A03,093478,Staff,1,0,34,33
1655951127027,MATH 109,B01,083215,Ganzberger; Geoffrey Michael,2,0,32,30
1655951127027,MATH 109,B02,083216,Ganzberger; Geoffrey Michael,0,0,32,32
1655951127027,MATH 109,B03,093479,Staff,4,0,32,28
1655951133056,MATH 142A,A01,083219,Chow; Bennett,0,0,32,32
1655951133056,MATH 142A,A02,083220,Chow; Bennett,7,0,32,25
1655951133056,MATH 142A,A03,093480,Staff,4,0,32,28
1655951133056,MATH 142A,B03,093481,Staff,3,0,32,29
1655951133056,MATH 142A,B04,093558,Staff,6,0,32,26
1655951133056,MATH 142A,B05,093559,Staff,0,0,32,32
1655951139089,MATH 193A,A01,083224,Rotar; Vladimir,1,1,34,33
1655951139089,MATH 193A,A02,083225,Rotar; Vladimir,0,0,34,34
1655951139089,MATH 193A,A03,083781,Rotar; Vladimir,2,0,34,32
1655951139089,MATH 193A,A04,083782,Rotar; Vladimir,2,0,34,32
1655951139089,MATH 193A,A05,093482,Rotar; Vladimir,1,0,34,33
1655951145118,MATH 197,001,091859,McAuley; Julian John,9999,0,9999,0
1655951145118,MATH 197,002,095566,Kedlaya; Kiran S.,9997,0,9999,2
1655951145118,MATH 197,003,095567,Xiao; Ming,9999,0,9999,0
1655951145118,MATH 197,004,095571,Perols; Johan Lars,9998,0,9999,1
1655951152189,COGS 9,A01,083615,Shannon; Kyle Michael,3,1,75,72
1655951158211,COGS 11,A01,083617,Boyle; Mary E. T.,11,1,48,37
1655951164235,COGS 13,A01,083071,Bastos; Amalia Pinkusfeld,3,2,71,68
1655951170257,COGS 14A,A01,092681,Staff,2,25,100,98
1655951176289,COGS 14B,A01,083073,Cheng; Tzu-Han,7,0,63,56
1655951182310,COGS 17,A01,092677,Staff,8,7,81,73
1655951188335,COGS 100,A01,083619,Allen; Michael Gordon,2,2,70,68
1655951194358,COGS 101A,A01,083621,Davis; Joshua Daniel,4,3,68,64
1655951200380,COGS 101B,A01,091572,Allen; Michael Gordon,0,0,65,65
1655951206426,COGS 101C,A01,083625,Delgado; Tania,7,0,35,28
1655951212449,COGS 107A,A01,083627,Boyle; Mary E. T.,1,2,60,59
1655951218476,COGS 118A,A01,083075,Gupta; Anjum,20,16,76,56
1655951224498,CSE 3,A50,083646,Miranda; Gregory Joseph,14,0,50,36
1655951230525,CSE 8A,A50,083650,Miranda; Gregory Joseph,3,11,56,53
1655951236550,CSE 11,A01,083080,Cao; Yingjun,0,68,40,40
1655951242575,CSE 12,A01,083652,Krause-Levy; Sophia Louisa,6,8,120,114
1655951248603,CSE 15L,A01,083654,Morris; Justin Loren,3,1,50,47
1655951248603,CSE 15L,A02,083655,Morris; Justin Loren,1,1,50,49
1655951254630,CSE 20,A01,083657,Tran; Khoa Dang,29,0,80,51
1655951260656,CSE 21,A01,095574,Bach; Quang Tran,23,0,48,25
1655951266691,CSE 30,A01,083084,Eldon; John,2,10,80,78
1655951266691,CSE 30,B01,095061,Bhaskar; Nishant,0,4,50,50
1655951272716,CSE 100,A01,083659,Cao; Yingjun,2,25,70,68
1655951278739,CSE 134B,A01,083661,Powell; Thomas Allan,5,7,100,95
1655951284764,CSE 140,A01,083663,Gungor; Onat,5,0,85,80
1655951290791,CSE 140L,A01,083088,Eldon; John,5,0,100,95
1655951296814,CSE 175,A01,083665,Kumar; Rakesh,1,0,25,24
1655951302842,CSE 190,A00,092507,Dubnov; Shlomo,1,0,20,19
1655951308870,ECE 45,A01,083139,Congero; Spencer William,0,1,75,75
1655951314896,ECE 65,A50,083695,Saad; Andrew S,6,0,30,24
1655951314896,ECE 65,A51,095125,Staff,23,0,26,3
1655951320924,ECE 109,A01,091882,Touri; Behrouz,2,4,70,68
1655951326947,ECE 180,A00,083140,Abi Samra; Nicholas Camill,1,0,30,29
1655951326947,ECE 180,B00,083141,Abi Samra; Nicholas Camill,0,9,28,28
1655951332976,MATH 10A,A01,083735,Patchell; Gregory David,0,0,30,30
1655951332976,MATH 10A,A02,083736,Patchell; Gregory David,21,0,30,9
1655951332976,MATH 10A,A03,083737,Patchell; Gregory David,16,0,30,14
1655951339001,MATH 10B,A01,083207,Lim; Seonhee,1,1,34,33
1655951339001,MATH 10B,A02,083208,Lim; Seonhee,1,1,35,34
1655951339001,MATH 10B,A03,093472,Staff,1,0,34,33
1655951339001,MATH 10B,B01,083739,Sinha; Shubham,9,0,30,21
1655951345032,MATH 18,A01,083743,Cinel; Cameron Alexander,4,0,30,26
1655951345032,MATH 18,A02,083744,Cinel; Cameron Alexander,11,0,30,19
1655951345032,MATH 18,A03,083745,Cinel; Cameron Alexander,1,0,30,29
1655951345032,MATH 18,B01,083748,Ma; Zilu,2,0,36,34
1655951345032,MATH 18,B02,083749,Ma; Zilu,0,0,36,36
1655951345032,MATH 18,B03,083750,Ma; Zilu,0,0,36,36
1655951345032,MATH 18,B04,083751,Ma; Zilu,0,0,36,36
1655951345032,MATH 18,B05,093473,Staff,0,0,36,36
1655951345032,MATH 18,B06,093474,Staff,0,0,36,36
1655951351065,MATH 20A,A01,083754,Zheng; Zequn,10,0,40,30
1655951357089,MATH 20B,A01,083756,Briones; Jor-el Thomas Caparas,0,1,36,36
1655951357089,MATH 20B,A02,083757,Briones; Jor-el Thomas Caparas,1,0,36,35
1655951357089,MATH 20B,A03,093475,Staff,1,0,36,35
1655951363113,MATH 20C,A01,083760,Briones; Jor-el Thomas Caparas,0,2,35,35
1655951363113,MATH 20C,A02,083761,Briones; Jor-el Thomas Caparas,6,1,35,29
1655951363113,MATH 20C,A03,093476,Staff,1,0,35,34
1655951363113,MATH 20C,B01,083762,Bach; Quang Tran,3,0,30,27
1655951369136,MATH 20D,A01,083765,Tran; Brian Kha,1,0,30,29
1655951369136,MATH 20D,A02,083766,Tran; Brian Kha,0,1,30,30
1655951369136,MATH 20D,A03,083767,Tran; Brian Kha,1,0,30,29
1655951375164,MATH 20E,A01,083771,Ganguly; Soumya,0,0,32,32
1655951375164,MATH 20E,A02,083772,Ganguly; Soumya,1,1,32,31
1655951375164,MATH 20E,B01,083773,Ciotti; Benjamin,13,0,35,22
1655951375164,MATH 20E,B02,083774,Ciotti; Benjamin,12,0,35,23
1655951381197,MATH 103A,A01,083777,Greenfeld; Be'Eri,2,1,36,34
1655951381197,MATH 103A,A02,083778,Greenfeld; Be'Eri,2,0,36,34
1655951381197,MATH 103A,A03,093561,Staff,0,1,36,36
1655951381197,MATH 103A,B01,083779,Greenfeld; Be'Eri,7,1,36,29
1655951381197,MATH 103A,B02,083780,Greenfeld; Be'Eri,1,0,36,35
1655951381197,MATH 103A,B03,093562,Staff,0,0,36,36
1655951387221,MATH 105,A01,085443,Carter; Anne Toulson,3,1,35,32
1655951387221,MATH 105,A02,093477,Staff,7,0,35,28
1655951393245,MATH 109,A01,083213,Ganzberger; Geoffrey Michael,0,1,34,34
1655951393245,MATH 109,A02,083214,Ganzberger; Geoffrey Michael,1,0,34,33
1655951393245,MATH 109,A03,093478,Staff,1,0,34,33
1655951393245,MATH 109,B01,083215,Ganzberger; Geoffrey Michael,2,0,32,30
1655951393245,MATH 109,B02,083216,Ganzberger; Geoffrey Michael,0,0,32,32
1655951393245,MATH 109,B03,093479,Staff,4,0,32,28
1655951399347,MATH 142A,A01,083219,Chow; Bennett,0,0,32,32
1655951399347,MATH 142A,A02,083220,Chow; Bennett,7,0,32,25
1655951399347,MATH 142A,A03,093480,Staff,4,0,32,28
1655951399347,MATH 142A,B03,093481,Staff,3,0,32,29
1655951399347,MATH 142A,B04,093558,Staff,6,0,32,26
1655951399347,MATH 142A,B05,093559,Staff,0,0,32,32
1655951405382,MATH 193A,A01,083224,Rotar; Vladimir,1,1,34,33
1655951405382,MATH 193A,A02,083225,Rotar; Vladimir,0,0,34,34
1655951405382,MATH 193A,A03,083781,Rotar; Vladimir,2,0,34,32
1655951405382,MATH 193A,A04,083782,Rotar; Vladimir,2,0,34,32
1655951405382,MATH 193A,A05,093482,Rotar; Vladimir,1,0,34,33
1655951411407,MATH 197,001,091859,McAuley; Julian John,9999,0,9999,0
1655951411407,MATH 197,002,095566,Kedlaya; Kiran S.,9997,0,9999,2
1655951411407,MATH 197,003,095567,Xiao; Ming,9999,0,9999,0
1655951411407,MATH 197,004,095571,Perols; Johan Lars,9998,0,9999,1
1655951418462,COGS 9,A01,083615,Shannon; Kyle Michael,3,1,75,72
1655951424486,COGS 11,A01,083617,Boyle; Mary E. T.,11,1,48,37
1655951430523,COGS 13,A01,083071,Bastos; Amalia Pinkusfeld,3,2,71,68
1655951436547,COGS 14A,A01,092681,Staff,2,25,100,98
1655951442588,COGS 14B,A01,083073,Cheng; Tzu-Han,7,0,63,56
1655951448613,COGS 17,A01,092677,Staff,8,7,81,73
1655951454636,COGS 100,A01,083619,Allen; Michael Gordon,2,2,70,68
1655951460659,COGS 101A,A01,083621,Davis; Joshua Daniel,4,3,68,64
1655951466683,COGS 101B,A01,091572,Allen; Michael Gordon,0,0,65,65
1655951472709,COGS 101C,A01,083625,Delgado; Tania,7,0,35,28
1655951478733,COGS 107A,A01,083627,Boyle; Mary E. T.,1,2,60,59
1655951484758,COGS 118A,A01,083075,Gupta; Anjum,20,16,76,56
1655951490784,CSE 3,A50,083646,Miranda; Gregory Joseph,14,0,50,36
1655951496811,CSE 8A,A50,083650,Miranda; Gregory Joseph,3,11,56,53
1655951502834,CSE 11,A01,083080,Cao; Yingjun,0,68,40,40
1655951508862,CSE 12,A01,083652,Krause-Levy; Sophia Louisa,6,8,120,114
1655951514886,CSE 15L,A01,083654,Morris; Justin Loren,3,1,50,47
1655951514886,CSE 15L,A02,083655,Morris; Justin Loren,1,1,50,49
1655951520913,CSE 20,A01,083657,Tran; Khoa Dang,29,0,80,51
1655951526937,CSE 21,A01,095574,Bach; Quang Tran,23,0,48,25
1655951532961,CSE 30,A01,083084,Eldon; John,2,10,80,78
1655951532961,CSE 30,B01,095061,Bhaskar; Nishant,0,4,50,50
1655951538985,CSE 100,A01,083659,Cao; Yingjun,2,25,70,68
1655951545017,CSE 134B,A01,083661,Powell; Thomas Allan,5,7,100,95
1655951551040,CSE 140,A01,083663,Gungor; Onat,5,0,85,80
1655951557072,CSE 140L,A01,083088,Eldon; John,5,0,100,95
1655951563101,CSE 175,A01,083665,Kumar; Rakesh,1,0,25,24
1655951569123,CSE 190,A00,092507,Dubnov; Shlomo,1,0,20,19
1655951575150,ECE 45,A01,083139,Congero; Spencer William,0,1,75,75
1655951581177,ECE 65,A50,083695,Saad; Andrew S,6,0,30,24
1655951581177,ECE 65,A51,095125,Staff,23,0,26,3
1655951587198,ECE 109,A01,091882,Touri; Behrouz,2,4,70,68
1655951593222,ECE 180,A00,083140,Abi Samra; Nicholas Camill,1,0,30,29
1655951593222,ECE 180,B00,083141,Abi Samra; Nicholas Camill,0,9,28,28
1655951599249,MATH 10A,A01,083735,Patchell; Gregory David,0,0,30,30
1655951599249,MATH 10A,A02,083736,Patchell; Gregory David,21,0,30,9
1655951599249,MATH 10A,A03,083737,Patchell; Gregory David,16,0,30,14
1655951605274,MATH 10B,A01,083207,Lim; Seonhee,1,1,34,33
1655951605274,MATH 10B,A02,083208,Lim; Seonhee,1,1,35,34
1655951605274,MATH 10B,A03,093472,Staff,1,0,34,33
1655951605274,MATH 10B,B01,083739,Sinha; Shubham,9,0,30,21
1655951611299,MATH 18,A01,083743,Cinel; Cameron Alexander,4,0,30,26
1655951611299,MATH 18,A02,083744,Cinel; Cameron Alexander,11,0,30,19
1655951611299,MATH 18,A03,083745,Cinel; Cameron Alexander,1,0,30,29
1655951611299,MATH 18,B01,083748,Ma; Zilu,2,0,36,34
1655951611299,MATH 18,B02,083749,Ma; Zilu,0,0,36,36
1655951611299,MATH 18,B03,083750,Ma; Zilu,0,0,36,36
1655951611299,MATH 18,B04,083751,Ma; Zilu,0,0,36,36
1655951611299,MATH 18,B05,093473,Staff,0,0,36,36
1655951611299,MATH 18,B06,093474,Staff,0,0,36,36
1655951617325,MATH 20A,A01,083754,Zheng; Zequn,10,0,40,30
1655951623351,MATH 20B,A01,083756,Briones; Jor-el Thomas Caparas,0,1,36,36
1655951623351,MATH 20B,A02,083757,Briones; Jor-el Thomas Caparas,1,0,36,35
1655951623351,MATH 20B,A03,093475,Staff,1,0,36,35
1655951629384,MATH 20C,A01,083760,Briones; Jor-el Thomas Caparas,0,2,35,35
1655951629384,MATH 20C,A02,083761,Briones; Jor-el Thomas Caparas,6,1,35,29
1655951629384,MATH 20C,A03,093476,Staff,1,0,35,34
1655951629384,MATH 20C,B01,083762,Bach; Quang Tran,3,0,30,27
1655951635409,MATH 20D,A01,083765,Tran; Brian Kha,1,0,30,29
1655951635409,MATH 20D,A02,083766,Tran; Brian Kha,0,1,30,30
1655951635409,MATH 20D,A03,083767,Tran; Brian Kha,1,0,30,29
1655951641437,MATH 20E,A01,083771,Ganguly; Soumya,0,0,32,32
1655951641437,MATH 20E,A02,083772,Ganguly; Soumya,1,1,32,31
1655951641437,MATH 20E,B01,083773,Ciotti; Benjamin,13,0,35,22
1655951641437,MATH 20E,B02,083774,Ciotti; Benjamin,12,0,35,23
1655951647467,MATH 103A,A01,083777,Greenfeld; Be'Eri,2,1,36,34
1655951647467,MATH 103A,A02,083778,Greenfeld; Be'Eri,2,0,36,34
1655951647467,MATH 103A,A03,093561,Staff,0,1,36,36
1655951647467,MATH 103A,B01,083779,Greenfeld; Be'Eri,7,1,36,29
1655951647467,MATH 103A,B02,083780,Greenfeld; Be'Eri,1,0,36,35
1655951647467,MATH 103A,B03,093562,Staff,0,0,36,36
1655951653497,MATH 105,A01,085443,Carter; Anne Toulson,3,1,35,32
1655951653497,MATH 105,A02,093477,Staff,7,0,35,28
1655951659520,MATH 109,A01,083213,Ganzberger; Geoffrey Michael,0,1,34,34
1655951659520,MATH 109,A02,083214,Ganzberger; Geoffrey Michael,1,0,34,33
1655951659520,MATH 109,A03,093478,Staff,1,0,34,33
1655951659520,MATH 109,B01,083215,Ganzberger; Geoffrey Michael,2,0,32,30
1655951659520,MATH 109,B02,083216,Ganzberger; Geoffrey Michael,0,0,32,32
1655951659520,MATH 109,B03,093479,Staff,4,0,32,28
1655951665550,MATH 142A,A01,083219,Chow; Bennett,0,0,32,32
1655951665550,MATH 142A,A02,083220,Chow; Bennett,7,0,32,25
1655951665550,MATH 142A,A03,093480,Staff,4,0,32,28
1655951665550,MATH 142A,B03,093481,Staff,3,0,32,29
1655951665550,MATH 142A,B04,093558,Staff,6,0,32,26
1655951665550,MATH 142A,B05,093559,Staff,0,0,32,32
1655951671575,MATH 193A,A01,083224,Rotar; Vladimir,1,1,34,33
1655951671575,MATH 193A,A02,083225,Rotar; Vladimir,0,0,34,34
1655951671575,MATH 193A,A03,083781,Rotar; Vladimir,2,0,34,32
1655951671575,MATH 193A,A04,083782,Rotar; Vladimir,2,0,34,32
1655951671575,MATH 193A,A05,093482,Rotar; Vladimir,1,0,34,33
1655951677600,MATH 197,001,091859,McAuley; Julian John,9999,0,9999,0
1655951677600,MATH 197,002,095566,Kedlaya; Kiran S.,9997,0,9999,2
1655951677600,MATH 197,003,095567,Xiao; Ming,9999,0,9999,0
1655951677600,MATH 197,004,095571,Perols; Johan Lars,9998,0,9999,1
1655951684658,COGS 9,A01,083615,Shannon; Kyle Michael,3,1,75,72
1655951690684,COGS 11,A01,083617,Boyle; Mary E. T.,11,1,48,37
1655951696707,COGS 13,A01,083071,Bastos; Amalia Pinkusfeld,3,2,71,68
1655951702730,COGS 14A,A01,092681,Staff,2,25,100,98
1655951708771,COGS 14B,A01,083073,Cheng; Tzu-Han,7,0,63,56
1655951714795,COGS 17,A01,092677,Staff,8,7,81,73
1655951720818,COGS 100,A01,083619,Allen; Michael Gordon,2,2,70,68
1655951726841,COGS 101A,A01,083621,Davis; Joshua Daniel,4,3,68,64
1655951732868,COGS 101B,A01,091572,Allen; Michael Gordon,0,0,65,65
1655951738903,COGS 101C,A01,083625,Delgado; Tania,7,0,35,28
1655951744927,COGS 107A,A01,083627,Boyle; Mary E. T.,1,2,60,59
1655951750954,COGS 118A,A01,083075,Gupta; Anjum,20,16,76,56
1655951756977,CSE 3,A50,083646,Miranda; Gregory Joseph,14,0,50,36
1655951763004,CSE 8A,A50,083650,Miranda; Gregory Joseph,3,11,56,53
1655951769032,CSE 11,A01,083080,Cao; Yingjun,0,68,40,40
1655951775060,CSE 12,A01,083652,Krause-Levy; Sophia Louisa,6,8,120,114
1655951781085,CSE 15L,A01,083654,Morris; Justin Loren,3,1,50,47
1655951781085,CSE 15L,A02,083655,Morris; Justin Loren,1,1,50,49
1655951787111,CSE 20,A01,083657,Tran; Khoa Dang,29,0,80,51
1655951793139,CSE 21,A01,095574,Bach; Quang Tran,23,0,48,25
1655951799163,CSE 30,A01,083084,Eldon; John,2,10,80,78
1655951799163,CSE 30,B01,095061,Bhaskar; Nishant,0,4,50,50
1655951805186,CSE 100,A01,083659,Cao; Yingjun,2,25,70,68
1655951811208,CSE 134B,A01,083661,Powell; Thomas Allan,5,7,100,95
1655951817233,CSE 140,A01,083663,Gungor; Onat,5,0,85,80
1655951823322,CSE 140L,A01,083088,Eldon; John,5,0,100,95
1655951829345,CSE 175,A01,083665,Kumar; Rakesh,1,0,25,24
1655951835375,CSE 190,A00,092507,Dubnov; Shlomo,1,0,20,19
1655951841402,ECE 45,A01,083139,Congero; Spencer William,0,1,75,75
1655951847425,ECE 65,A50,083695,Saad; Andrew S,6,0,30,24
1655951847425,ECE 65,A51,095125,Staff,23,0,26,3
1655951853448,ECE 109,A01,091882,Touri; Behrouz,2,4,70,68
1655951859472,ECE 180,A00,083140,Abi Samra; Nicholas Camill,1,0,30,29
1655951859472,ECE 180,B00,083141,Abi Samra; Nicholas Camill,0,9,28,28
1655951865506,MATH 10A,A01,083735,Patchell; Gregory David,0,0,30,30
1655951865506,MATH 10A,A02,083736,Patchell; Gregory David,21,0,30,9
1655951865506,MATH 10A,A03,083737,Patchell; Gregory David,16,0,30,14
1655951871536,MATH 10B,A01,083207,Lim; Seonhee,1,1,34,33
1655951871536,MATH 10B,A02,083208,Lim; Seonhee,1,1,35,34
1655951871536,MATH 10B,A03,093472,Staff,1,0,34,33
1655951871536,MATH 10B,B01,083739,Sinha; Shubham,9,0,30,21
1655951877561,MATH 18,A01,083743,Cinel; Cameron Alexander,4,0,30,26
1655951877561,MATH 18,A02,083744,Cinel; Cameron Alexander,11,0,30,19
1655951877561,MATH 18,A03,083745,Cinel; Cameron Alexander,1,0,30,29
1655951877561,MATH 18,B01,083748,Ma; Zilu,2,0,36,34
1655951877561,MATH 18,B02,083749,Ma; Zilu,0,0,36,36
1655951877561,MATH 18,B03,083750,Ma; Zilu,0,0,36,36
1655951877561,MATH 18,B04,083751,Ma; Zilu,0,0,36,36
1655951877561,MATH 18,B05,093473,Staff,0,0,36,36
1655951877561,MATH 18,B06,093474,Staff,0,0,36,36
1655951883584,MATH 20A,A01,083754,Zheng; Zequn,10,0,40,30
1655951889608,MATH 20B,A01,083756,Briones; Jor-el Thomas Caparas,0,1,36,36
1655951889608,MATH 20B,A02,083757,Briones; Jor-el Thomas Caparas,1,0,36,35
1655951889608,MATH 20B,A03,093475,Staff,1,0,36,35
1655951895650,MATH 20C,A01,083760,Briones; Jor-el Thomas Caparas,0,2,35,35
1655951895650,MATH 20C,A02,083761,Briones; Jor-el Thomas Caparas,6,1,35,29
1655951895650,MATH 20C,A03,093476,Staff,1,0,35,34
1655951895650,MATH 20C,B01,083762,Bach; Quang Tran,3,0,30,27
1655951901673,MATH 20D,A01,083765,Tran; Brian Kha,1,0,30,29
1655951901673,MATH 20D,A02,083766,Tran; Brian Kha,0,1,30,30
1655951901673,MATH 20D,A03,083767,Tran; Brian Kha,1,0,30,29
1655951907701,MATH 20E,A01,083771,Ganguly; Soumya,0,0,32,32
1655951907701,MATH 20E,A02,083772,Ganguly; Soumya,1,1,32,31
1655951907701,MATH 20E,B01,083773,Ciotti; Benjamin,13,0,35,22
1655951907701,MATH 20E,B02,083774,Ciotti; Benjamin,12,0,35,23
1655951913724,MATH 103A,A01,083777,Greenfeld; Be'Eri,2,1,36,34
1655951913724,MATH 103A,A02,083778,Greenfeld; Be'Eri,2,0,36,34
1655951913724,MATH 103A,A03,093561,Staff,0,1,36,36
1655951913724,MATH 103A,B01,083779,Greenfeld; Be'Eri,7,1,36,29
1655951913724,MATH 103A,B02,083780,Greenfeld; Be'Eri,1,0,36,35
1655951913724,MATH 103A,B03,093562,Staff,0,0,36,36
1655951919748,MATH 105,A01,085443,Carter; Anne Toulson,3,1,35,32
1655951919748,MATH 105,A02,093477,Staff,7,0,35,28
1655951925771,MATH 109,A01,083213,Ganzberger; Geoffrey Michael,0,1,34,34
1655951925771,MATH 109,A02,083214,Ganzberger; Geoffrey Michael,1,0,34,33
1655951925771,MATH 109,A03,093478,Staff,1,0,34,33
1655951925771,MATH 109,B01,083215,Ganzberger; Geoffrey Michael,2,0,32,30
1655951925771,MATH 109,B02,083216,Ganzberger; Geoffrey Michael,0,0,32,32
1655951925771,MATH 109,B03,093479,Staff,4,0,32,28
1655951931796,MATH 142A,A01,083219,Chow; Bennett,0,0,32,32
1655951931796,MATH 142A,A02,083220,Chow; Bennett,7,0,32,25
1655951931796,MATH 142A,A03,093480,Staff,4,0,32,28
1655951931796,MATH 142A,B03,093481,Staff,3,0,32,29
1655951931796,MATH 142A,B04,093558,Staff,6,0,32,26
1655951931796,MATH 142A,B05,093559,Staff,0,0,32,32
1655951937820,MATH 193A,A01,083224,Rotar; Vladimir,1,1,34,33
1655951937820,MATH 193A,A02,083225,Rotar; Vladimir,0,0,34,34
1655951937820,MATH 193A,A03,083781,Rotar; Vladimir,2,0,34,32
1655951937820,MATH 193A,A04,083782,Rotar; Vladimir,2,0,34,32
1655951937820,MATH 193A,A05,093482,Rotar; Vladimir,1,0,34,33
1655951943843,MATH 197,001,091859,McAuley; Julian John,9999,0,9999,0
1655951943843,MATH 197,002,095566,Kedlaya; Kiran S.,9997,0,9999,2
1655951943843,MATH 197,003,095567,Xiao; Ming,9999,0,9999,0
1655951943843,MATH 197,004,095571,Perols; Johan Lars,9998,0,9999,1
1655951950901,COGS 9,A01,083615,Shannon; Kyle Michael,3,1,75,72
1655951956927,COGS 11,A01,083617,Boyle; Mary E. T.,11,1,48,37
1655951962958,COGS 13,A01,083071,Bastos; Amalia Pinkusfeld,3,2,71,68
1655951968984,COGS 14A,A01,092681,Staff,2,25,100,98
1655951975008,COGS 14B,A01,083073,Cheng; Tzu-Han,7,0,63,56
1655951981031,COGS 17,A01,092677,Staff,8,7,81,73
1655951987058,COGS 100,A01,083619,Allen; Michael Gordon,2,2,70,68
1655951993158,COGS 101A,A01,083621,Davis; Joshua Daniel,4,3,68,64
1655951999181,COGS 101B,A01,091572,Allen; Michael Gordon,0,0,65,65
1655952005207,COGS 101C,A01,083625,Delgado; Tania,7,0,35,28
1655952011231,COGS 107A,A01,083627,Boyle; Mary E. T.,1,2,60,59
1655952017258,COGS 118A,A01,083075,Gupta; Anjum,20,16,76,56
1655952023286,CSE 3,A50,083646,Miranda; Gregory Joseph,14,0,50,36
1655952029308,CSE 8A,A50,083650,Miranda; Gregory Joseph,3,11,56,53
1655952035333,CSE 11,A01,083080,Cao; Yingjun,0,68,40,40
1655952041356,CSE 12,A01,083652,Krause-Levy; Sophia Louisa,6,8,120,114
1655952047380,CSE 15L,A01,083654,Morris; Justin Loren,3,1,50,47
1655952047380,CSE 15L,A02,083655,Morris; Justin Loren,1,1,50,49
1655952053402,CSE 20,A01,083657,Tran; Khoa Dang,29,0,80,51
1655952059425,CSE 21,A01,095574,Bach; Quang Tran,23,0,48,25
1655952065449,CSE 30,A01,083084,Eldon; John,2,10,80,78
1655952065449,CSE 30,B01,095061,Bhaskar; Nishant,0,4,50,50
1655952071480,CSE 100,A01,083659,Cao; Yingjun,2,25,70,68
1655952077507,CSE 134B,A01,083661,Powell; Thomas Allan,5,7,100,95
1655952083530,CSE 140,A01,083663,Gungor; Onat,5,0,85,80
1655952089553,CSE 140L,A01,083088,Eldon; John,5,0,100,95
1655952095584,CSE 175,A01,083665,Kumar; Rakesh,1,0,25,24
1655952101615,CSE 190,A00,092507,Dubnov; Shlomo,1,0,20,19
1655952107645,ECE 45,A01,083139,Congero; Spencer William,0,1,75,75
1655952113669,ECE 65,A50,083695,Saad; Andrew S,6,0,30,24
1655952113669,ECE 65,A51,095125,Staff,23,0,26,3
1655952119692,ECE 109,A01,091882,Touri; Behrouz,2,4,70,68
1655952125721,ECE 180,A00,083140,Abi Samra; Nicholas Camill,1,0,30,29
1655952125721,ECE 180,B00,083141,Abi Samra; Nicholas Camill,0,9,28,28
1655952131750,MATH 10A,A01,083735,Patchell; Gregory David,0,0,30,30
1655952131750,MATH 10A,A02,083736,Patchell; Gregory David,21,0,30,9
1655952131750,MATH 10A,A03,083737,Patchell; Gregory David,16,0,30,14
1655952137779,MATH 10B,A01,083207,Lim; Seonhee,1,1,34,33
1655952137779,MATH 10B,A02,083208,Lim; Seonhee,1,1,35,34
1655952137779,MATH 10B,A03,093472,Staff,1,0,34,33
1655952137779,MATH 10B,B01,083739,Sinha; Shubham,9,0,30,21
1655952143805,MATH 18,A01,083743,Cinel; Cameron Alexander,4,0,30,26
1655952143805,MATH 18,A02,083744,Cinel; Cameron Alexander,11,0,30,19
1655952143805,MATH 18,A03,083745,Cinel; Cameron Alexander,1,0,30,29
1655952143805,MATH 18,B01,083748,Ma; Zilu,2,0,36,34
1655952143805,MATH 18,B02,083749,Ma; Zilu,0,0,36,36
1655952143805,MATH 18,B03,083750,Ma; Zilu,0,0,36,36
1655952143805,MATH 18,B04,083751,Ma; Zilu,0,0,36,36
1655952143805,MATH 18,B05,093473,Staff,0,0,36,36
1655952143805,MATH 18,B06,093474,Staff,0,0,36,36
1655952149827,MATH 20A,A01,083754,Zheng; Zequn,10,0,40,30
1655952155851,MATH 20B,A01,083756,Briones; Jor-el Thomas Caparas,0,1,36,36
1655952155851,MATH 20B,A02,083757,Briones; Jor-el Thomas Caparas,1,0,36,35
1655952155851,MATH 20B,A03,093475,Staff,1,0,36,35
1655952161878,MATH 20C,A01,083760,Briones; Jor-el Thomas Caparas,0,2,35,35
1655952161878,MATH 20C,A02,083761,Briones; Jor-el Thomas Caparas,6,1,35,29
1655952161878,MATH 20C,A03,093476,Staff,1,0,35,34
1655952161878,MATH 20C,B01,083762,Bach; Quang Tran,3,0,30,27
1655952167902,MATH 20D,A01,083765,Tran; Brian Kha,1,0,30,29
1655952167902,MATH 20D,A02,083766,Tran; Brian Kha,0,1,30,30
1655952167902,MATH 20D,A03,083767,Tran; Brian Kha,1,0,30,29
1655952173931,MATH 20E,A01,083771,Ganguly; Soumya,0,0,32,32
1655952173931,MATH 20E,A02,083772,Ganguly; Soumya,1,1,32,31
1655952173931,MATH 20E,B01,083773,Ciotti; Benjamin,13,0,35,22
1655952173931,MATH 20E,B02,083774,Ciotti; Benjamin,12,0,35,23
1655952179956,MATH 103A,A01,083777,Greenfeld; Be'Eri,2,1,36,34
1655952179956,MATH 103A,A02,083778,Greenfeld; Be'Eri,2,0,36,34
1655952179956,MATH 103A,A03,093561,Staff,0,1,36,36
1655952179956,MATH 103A,B01,083779,Greenfeld; Be'Eri,7,1,36,29
1655952179956,MATH 103A,B02,083780,Greenfeld; Be'Eri,1,0,36,35
1655952179956,MATH 103A,B03,093562,Staff,0,0,36,36
1655952185979,MATH 105,A01,085443,Carter; Anne Toulson,3,1,35,32
1655952185979,MATH 105,A02,093477,Staff,7,0,35,28
1655952192003,MATH 109,A01,083213,Ganzberger; Geoffrey Michael,0,1,34,34
1655952192003,MATH 109,A02,083214,Ganzberger; Geoffrey Michael,1,0,34,33
1655952192003,MATH 109,A03,093478,Staff,1,0,34,33
1655952192003,MATH 109,B01,083215,Ganzberger; Geoffrey Michael,2,0,32,30
1655952192003,MATH 109,B02,083216,Ganzberger; Geoffrey Michael,0,0,32,32
1655952192003,MATH 109,B03,093479,Staff,4,0,32,28
1655952198032,MATH 142A,A01,083219,Chow; Bennett,0,0,32,32
1655952198032,MATH 142A,A02,083220,Chow; Bennett,7,0,32,25
1655952198032,MATH 142A,A03,093480,Staff,4,0,32,28
1655952198032,MATH 142A,B03,093481,Staff,3,0,32,29
1655952198032,MATH 142A,B04,093558,Staff,6,0,32,26
1655952198032,MATH 142A,B05,093559,Staff,0,0,32,32
1655952204057,MATH 193A,A01,083224,Rotar; Vladimir,1,1,34,33
1655952204057,MATH 193A,A02,083225,Rotar; Vladimir,0,0,34,34
1655952204057,MATH 193A,A03,083781,Rotar; Vladimir,2,0,34,32
1655952204057,MATH 193A,A04,083782,Rotar; Vladimir,2,0,34,32
1655952204057,MATH 193A,A05,093482,Rotar; Vladimir,1,0,34,33
1655952210081,MATH 197,001,091859,McAuley; Julian John,9999,0,9999,0
1655952210081,MATH 197,002,095566,Kedlaya; Kiran S.,9997,0,9999,2
1655952210081,MATH 197,003,095567,Xiao; Ming,9999,0,9999,0
1655952210081,MATH 197,004,095571,Perols; Johan Lars,9998,0,9999,1
1655952217136,COGS 9,A01,083615,Shannon; Kyle Michael,3,1,75,72
1655952223160,COGS 11,A01,083617,Boyle; Mary E. T.,11,1,48,37
1655952229187,COGS 13,A01,083071,Bastos; Amalia Pinkusfeld,3,2,71,68
1655952235214,COGS 14A,A01,092681,Staff,2,25,100,98
1655952241239,COGS 14B,A01,083073,Cheng; Tzu-Han,7,0,63,56
1655952247265,COGS 17,A01,092677,Staff,8,7,81,73
1655952253288,COGS 100,A01,083619,Allen; Michael Gordon,2,2,70,68
1655952259311,COGS 101A,A01,083621,Davis; Joshua Daniel,4,3,68,64
1655952265335,COGS 101B,A01,091572,Allen; Michael Gordon,0,0,65,65
1655952271361,COGS 101C,A01,083625,Delgado; Tania,7,0,35,28
1655952277387,COGS 107A,A01,083627,Boyle; Mary E. T.,1,2,60,59
1655952283413,COGS 118A,A01,083075,Gupta; Anjum,20,16,76,56
1655952289435,CSE 3,A50,083646,Miranda; Gregory Joseph,14,0,50,36
1655952295459,CSE 8A,A50,083650,Miranda; Gregory Joseph,3,11,56,53
1655952301481,CSE 11,A01,083080,Cao; Yingjun,0,68,40,40
1655952307503,CSE 12,A01,083652,Krause-Levy; Sophia Louisa,6,8,120,114
1655952313525,CSE 15L,A01,083654,Morris; Justin Loren,3,1,50,47
1655952313525,CSE 15L,A02,083655,Morris; Justin Loren,1,1,50,49
1655952319548,CSE 20,A01,083657,Tran; Khoa Dang,29,0,80,51
1655952325571,CSE 21,A01,095574,Bach; Quang Tran,23,0,48,25
1655952331600,CSE 30,A01,083084,Eldon; John,2,10,80,78
1655952331600,CSE 30,B01,095061,Bhaskar; Nishant,0,4,50,50
1655952337627,CSE 100,A01,083659,Cao; Yingjun,2,25,70,68
1655952343653,CSE 134B,A01,083661,Powell; Thomas Allan,5,7,100,95
1655952349681,CSE 140,A01,083663,Gungor; Onat,5,0,85,80
1655952355709,CSE 140L,A01,083088,Eldon; John,5,0,100,95
1655952361733,CSE 175,A01,083665,Kumar; Rakesh,1,0,25,24
1655952367765,CSE 190,A00,092507,Dubnov; Shlomo,1,0,20,19
1655952373798,ECE 45,A01,083139,Congero; Spencer William,0,1,75,75
1655952379821,ECE 65,A50,083695,Saad; Andrew S,6,0,30,24
1655952379821,ECE 65,A51,095125,Staff,23,0,26,3
1655952385850,ECE 109,A01,091882,Touri; Behrouz,2,4,70,68
1655952391873,ECE 180,A00,083140,Abi Samra; Nicholas Camill,1,0,30,29
1655952391873,ECE 180,B00,083141,Abi Samra; Nicholas Camill,0,9,28,28
1655952397896,MATH 10A,A01,083735,Patchell; Gregory David,0,0,30,30
1655952397896,MATH 10A,A02,083736,Patchell; Gregory David,21,0,30,9
1655952397896,MATH 10A,A03,083737,Patchell; Gregory David,16,0,30,14
1655952403919,MATH 10B,A01,083207,Lim; Seonhee,1,1,34,33
1655952403919,MATH 10B,A02,083208,Lim; Seonhee,1,1,35,34
1655952403919,MATH 10B,A03,093472,Staff,1,0,34,33
1655952403919,MATH 10B,B01,083739,Sinha; Shubham,9,0,30,21
1655952409950,MATH 18,A01,083743,Cinel; Cameron Alexander,4,0,30,26
1655952409950,MATH 18,A02,083744,Cinel; Cameron Alexander,11,0,30,19
1655952409950,MATH 18,A03,083745,Cinel; Cameron Alexander,1,0,30,29
1655952409950,MATH 18,B01,083748,Ma; Zilu,2,0,36,34
1655952409950,MATH 18,B02,083749,Ma; Zilu,0,0,36,36
1655952409950,MATH 18,B03,083750,Ma; Zilu,0,0,36,36
1655952409950,MATH 18,B04,083751,Ma; Zilu,0,0,36,36
1655952409950,MATH 18,B05,093473,Staff,0,0,36,36
1655952409950,MATH 18,B06,093474,Staff,0,0,36,36
1655952415979,MATH 20A,A01,083754,Zheng; Zequn,10,0,40,30
1655952422003,MATH 20B,A01,083756,Briones; Jor-el Thomas Caparas,0,1,36,36
1655952422003,MATH 20B,A02,083757,Briones; Jor-el Thomas Caparas,1,0,36,35
1655952422003,MATH 20B,A03,093475,Staff,1,0,36,35
1655952428033,MATH 20C,A01,083760,Briones; Jor-el Thomas Caparas,0,2,35,35
1655952428033,MATH 20C,A02,083761,Briones; Jor-el Thomas Caparas,6,1,35,29
1655952428033,MATH 20C,A03,093476,Staff,1,0,35,34
1655952428033,MATH 20C,B01,083762,Bach; Quang Tran,3,0,30,27
1655952434057,MATH 20D,A01,083765,Tran; Brian Kha,1,0,30,29
1655952434057,MATH 20D,A02,083766,Tran; Brian Kha,0,1,30,30
1655952434057,MATH 20D,A03,083767,Tran; Brian Kha,1,0,30,29
1655952440088,MATH 20E,A01,083771,Ganguly; Soumya,0,0,32,32
1655952440088,MATH 20E,A02,083772,Ganguly; Soumya,1,1,32,31
1655952440088,MATH 20E,B01,083773,Ciotti; Benjamin,13,0,35,22
1655952440088,MATH 20E,B02,083774,Ciotti; Benjamin,12,0,35,23
1655952446118,MATH 103A,A01,083777,Greenfeld; Be'Eri,2,1,36,34
1655952446118,MATH 103A,A02,083778,Greenfeld; Be'Eri,2,0,36,34
1655952446118,MATH 103A,A03,093561,Staff,0,1,36,36
1655952446118,MATH 103A,B01,083779,Greenfeld; Be'Eri,7,1,36,29
1655952446118,MATH 103A,B02,083780,Greenfeld; Be'Eri,1,0,36,35
1655952446118,MATH 103A,B03,093562,Staff,0,0,36,36
1655952452146,MATH 105,A01,085443,Carter; Anne Toulson,3,1,35,32
1655952452146,MATH 105,A02,093477,Staff,7,0,35,28
1655952458175,MATH 109,A01,083213,Ganzberger; Geoffrey Michael,0,1,34,34
1655952458175,MATH 109,A02,083214,Ganzberger; Geoffrey Michael,1,0,34,33
1655952458175,MATH 109,A03,093478,Staff,1,0,34,33
1655952458175,MATH 109,B01,083215,Ganzberger; Geoffrey Michael,2,0,32,30
1655952458175,MATH 109,B02,083216,Ganzberger; Geoffrey Michael,0,0,32,32
1655952458175,MATH 109,B03,093479,Staff,4,0,32,28
1655952464204,MATH 142A,A01,083219,Chow; Bennett,0,0,32,32
1655952464204,MATH 142A,A02,083220,Chow; Bennett,7,0,32,25
1655952464204,MATH 142A,A03,093480,Staff,4,0,32,28
1655952464204,MATH 142A,B03,093481,Staff,3,0,32,29
1655952464204,MATH 142A,B04,093558,Staff,6,0,32,26
1655952464204,MATH 142A,B05,093559,Staff,0,0,32,32
1655952470235,MATH 193A,A01,083224,Rotar; Vladimir,1,1,34,33
1655952470235,MATH 193A,A02,083225,Rotar; Vladimir,0,0,34,34
1655952470235,MATH 193A,A03,083781,Rotar; Vladimir,2,0,34,32
1655952470235,MATH 193A,A04,083782,Rotar; Vladimir,2,0,34,32
1655952470235,MATH 193A,A05,093482,Rotar; Vladimir,1,0,34,33
1655952476259,MATH 197,001,091859,McAuley; Julian John,9999,0,9999,0
1655952476259,MATH 197,002,095566,Kedlaya; Kiran S.,9997,0,9999,2
1655952476259,MATH 197,003,095567,Xiao; Ming,9999,0,9999,0
1655952476259,MATH 197,004,095571,Perols; Johan Lars,9998,0,9999,1
1655952483321,COGS 9,A01,083615,Shannon; Kyle Michael,3,1,75,72
1655952489348,COGS 11,A01,083617,Boyle; Mary E. T.,11,1,48,37
1655952495371,COGS 13,A01,083071,Bastos; Amalia Pinkusfeld,3,2,71,68
1655952501396,COGS 14A,A01,092681,Staff,2,25,100,98
1655952507421,COGS 14B,A01,083073,Cheng; Tzu-Han,7,0,63,56
1655952513446,COGS 17,A01,092677,Staff,8,7,81,73
1655952519467,COGS 100,A01,083619,Allen; Michael Gordon,2,2,70,68
1655952525494,COGS 101A,A01,083621,Davis; Joshua Daniel,4,3,68,64
1655952531521,COGS 101B,A01,091572,Allen; Michael Gordon,0,0,65,65
1655952537544,COGS 101C,A01,083625,Delgado; Tania,7,0,35,28
1655952543568,COGS 107A,A01,083627,Boyle; Mary E. T.,1,2,60,59
1655952549594,COGS 118A,A01,083075,Gupta; Anjum,20,16,76,56
1655952555621,CSE 3,A50,083646,Miranda; Gregory Joseph,14,0,50,36
1655952561652,CSE 8A,A50,083650,Miranda; Gregory Joseph,3,11,56,53
1655952567678,CSE 11,A01,083080,Cao; Yingjun,0,68,40,40
1655952573702,CSE 12,A01,083652,Krause-Levy; Sophia Louisa,6,8,120,114
1655952579724,CSE 15L,A01,083654,Morris; Justin Loren,3,1,50,47
1655952579724,CSE 15L,A02,083655,Morris; Justin Loren,1,1,50,49
1655952585748,CSE 20,A01,083657,Tran; Khoa Dang,29,0,80,51
1655952591860,CSE 21,A01,095574,Bach; Quang Tran,23,0,48,25
1655952597884,CSE 30,A01,083084,Eldon; John,2,10,80,78
1655952597884,CSE 30,B01,095061,Bhaskar; Nishant,0,4,50,50
1655952603911,CSE 100,A01,083659,Cao; Yingjun,2,25,70,68
1655952609940,CSE 134B,A01,083661,Powell; Thomas Allan,5,7,100,95
1655952615963,CSE 140,A01,083663,Gungor; Onat,5,0,85,80
1655952621986,CSE 140L,A01,083088,Eldon; John,5,0,100,95
1655952628010,CSE 175,A01,083665,Kumar; Rakesh,1,0,25,24
1655952634032,CSE 190,A00,092507,Dubnov; Shlomo,1,0,20,19
1655952640053,ECE 45,A01,083139,Congero; Spencer William,0,1,75,75
1655952646077,ECE 65,A50,083695,Saad; Andrew S,6,0,30,24
1655952646077,ECE 65,A51,095125,Staff,23,0,26,3
1655952652101,ECE 109,A01,091882,Touri; Behrouz,2,4,70,68
1655952658123,ECE 180,A00,083140,Abi Samra; Nicholas Camill,1,0,30,29
1655952658123,ECE 180,B00,083141,Abi Samra; Nicholas Camill,0,9,28,28
1655952664147,MATH 10A,A01,083735,Patchell; Gregory David,0,0,30,30
1655952664147,MATH 10A,A02,083736,Patchell; Gregory David,21,0,30,9
1655952664147,MATH 10A,A03,083737,Patchell; Gregory David,16,0,30,14
1655952670177,MATH 10B,A01,083207,Lim; Seonhee,1,1,34,33
1655952670177,MATH 10B,A02,083208,Lim; Seonhee,1,1,35,34
1655952670177,MATH 10B,A03,093472,Staff,1,0,34,33
1655952670177,MATH 10B,B01,083739,Sinha; Shubham,9,0,30,21
1655952676202,MATH 18,A01,083743,Cinel; Cameron Alexander,4,0,30,26
1655952676202,MATH 18,A02,083744,Cinel; Cameron Alexander,11,0,30,19
1655952676202,MATH 18,A03,083745,Cinel; Cameron Alexander,1,0,30,29
1655952676202,MATH 18,B01,083748,Ma; Zilu,2,0,36,34
1655952676202,MATH 18,B02,083749,Ma; Zilu,0,0,36,36
1655952676202,MATH 18,B03,083750,Ma; Zilu,0,0,36,36
1655952676202,MATH 18,B04,083751,Ma; Zilu,0,0,36,36
1655952676202,MATH 18,B05,093473,Staff,0,0,36,36
1655952676202,MATH 18,B06,093474,Staff,0,0,36,36
1655952682223,MATH 20A,A01,083754,Zheng; Zequn,10,0,40,30
1655952688248,MATH 20B,A01,083756,Briones; Jor-el Thomas Caparas,0,1,36,36
1655952688248,MATH 20B,A02,083757,Briones; Jor-el Thomas Caparas,1,0,36,35
1655952688248,MATH 20B,A03,093475,Staff,1,0,36,35
1655952694272,MATH 20C,A01,083760,Briones; Jor-el Thomas Caparas,0,2,35,35
1655952694272,MATH 20C,A02,083761,Briones; Jor-el Thomas Caparas,6,1,35,29
1655952694272,MATH 20C,A03,093476,Staff,1,0,35,34
1655952694272,MATH 20C,B01,083762,Bach; Quang Tran,3,0,30,27
1655952700295,MATH 20D,A01,083765,Tran; Brian Kha,1,0,30,29
1655952700295,MATH 20D,A02,083766,Tran; Brian Kha,0,1,30,30
1655952700295,MATH 20D,A03,083767,Tran; Brian Kha,1,0,30,29
1655952706324,MATH 20E,A01,083771,Ganguly; Soumya,0,0,32,32
1655952706324,MATH 20E,A02,083772,Ganguly; Soumya,1,1,32,31
1655952706324,MATH 20E,B01,083773,Ciotti; Benjamin,13,0,35,22
1655952706324,MATH 20E,B02,083774,Ciotti; Benjamin,12,0,35,23
1655952712353,MATH 103A,A01,083777,Greenfeld; Be'Eri,2,1,36,34
1655952712353,MATH 103A,A02,083778,Greenfeld; Be'Eri,2,0,36,34
1655952712353,MATH 103A,A03,093561,Staff,0,1,36,36
1655952712353,MATH 103A,B01,083779,Greenfeld; Be'Eri,7,1,36,29
1655952712353,MATH 103A,B02,083780,Greenfeld; Be'Eri,1,0,36,35
1655952712353,MATH 103A,B03,093562,Staff,0,0,36,36
1655952718378,MATH 105,A01,085443,Carter; Anne Toulson,3,1,35,32
1655952718378,MATH 105,A02,093477,Staff,7,0,35,28
1655952724410,MATH 109,A01,083213,Ganzberger; Geoffrey Michael,0,1,34,34
1655952724410,MATH 109,A02,083214,Ganzberger; Geoffrey Michael,1,0,34,33
1655952724410,MATH 109,A03,093478,Staff,1,0,34,33
1655952724410,MATH 109,B01,083215,Ganzberger; Geoffrey Michael,2,0,32,30
1655952724410,MATH 109,B02,083216,Ganzberger; Geoffrey Michael,0,0,32,32
1655952724410,MATH 109,B03,093479,Staff,4,0,32,28
1655952730438,MATH 142A,A01,083219,Chow; Bennett,0,0,32,32
1655952730438,MATH 142A,A02,083220,Chow; Bennett,7,0,32,25
1655952730438,MATH 142A,A03,093480,Staff,4,0,32,28
1655952730438,MATH 142A,B03,093481,Staff,3,0,32,29
1655952730438,MATH 142A,B04,093558,Staff,6,0,32,26
1655952730438,MATH 142A,B05,093559,Staff,0,0,32,32
1655952736460,MATH 193A,A01,083224,Rotar; Vladimir,1,1,34,33
1655952736460,MATH 193A,A02,083225,Rotar; Vladimir,0,0,34,34
1655952736460,MATH 193A,A03,083781,Rotar; Vladimir,2,0,34,32
1655952736460,MATH 193A,A04,083782,Rotar; Vladimir,2,0,34,32
1655952736460,MATH 193A,A05,093482,Rotar; Vladimir,1,0,34,33
1655952742485,MATH 197,001,091859,McAuley; Julian John,9999,0,9999,0
1655952742485,MATH 197,002,095566,Kedlaya; Kiran S.,9997,0,9999,2
1655952742485,MATH 197,003,095567,Xiao; Ming,9999,0,9999,0
1655952742485,MATH 197,004,095571,Perols; Johan Lars,9998,0,9999,1
1655952749538,COGS 9,A01,083615,Shannon; Kyle Michael,3,1,75,72
1655952755562,COGS 11,A01,083617,Boyle; Mary E. T.,11,1,48,37
1655952761588,COGS 13,A01,083071,Bastos; Amalia Pinkusfeld,3,2,71,68
1655952767610,COGS 14A,A01,092681,Staff,2,25,100,98
1655952773641,COGS 14B,A01,083073,Cheng; Tzu-Han,7,0,63,56
1655952779671,COGS 17,A01,092677,Staff,8,7,81,73
1655952785693,COGS 100,A01,083619,Allen; Michael Gordon,2,2,70,68
1655952791726,COGS 101A,A01,083621,Davis; Joshua Daniel,4,3,68,64
1655952797753,COGS 101B,A01,091572,Allen; Michael Gordon,0,0,65,65
1655952803782,COGS 101C,A01,083625,Delgado; Tania,7,0,35,28
1655952809804,COGS 107A,A01,083627,Boyle; Mary E. T.,1,2,60,59
1655952815831,COGS 118A,A01,083075,Gupta; Anjum,20,16,76,56
1655952821854,CSE 3,A50,083646,Miranda; Gregory Joseph,14,0,50,36
1655952827877,CSE 8A,A50,083650,Miranda; Gregory Joseph,3,11,56,53
1655952833904,CSE 11,A01,083080,Cao; Yingjun,0,68,40,40
1655952839930,CSE 12,A01,083652,Krause-Levy; Sophia Louisa,6,8,120,114
1655952845953,CSE 15L,A01,083654,Morris; Justin Loren,3,1,50,47
1655952845953,CSE 15L,A02,083655,Morris; Justin Loren,1,1,50,49
1655952851976,CSE 20,A01,083657,Tran; Khoa Dang,29,0,80,51
1655952858004,CSE 21,A01,095574,Bach; Quang Tran,23,0,48,25
1655952864029,CSE 30,A01,083084,Eldon; John,2,10,80,78
1655952864029,CSE 30,B01,095061,Bhaskar; Nishant,0,4,50,50
1655952870054,CSE 100,A01,083659,Cao; Yingjun,2,25,70,68
1655952876080,CSE 134B,A01,083661,Powell; Thomas Allan,5,7,100,95
1655952882111,CSE 140,A01,083663,Gungor; Onat,5,0,85,80
1655952888142,CSE 140L,A01,083088,Eldon; John,5,0,100,95
1655952894165,CSE 175,A01,083665,Kumar; Rakesh,1,0,25,24
1655952900193,CSE 190,A00,092507,Dubnov; Shlomo,1,0,20,19
1655952906220,ECE 45,A01,083139,Congero; Spencer William,0,1,75,75
1655952912247,ECE 65,A50,083695,Saad; Andrew S,6,0,30,24
1655952912247,ECE 65,A51,095125,Staff,23,0,26,3
1655952918270,ECE 109,A01,091882,Touri; Behrouz,2,4,70,68
1655952924295,ECE 180,A00,083140,Abi Samra; Nicholas Camill,1,0,30,29
1655952924295,ECE 180,B00,083141,Abi Samra; Nicholas Camill,0,9,28,28
1655952930322,MATH 10A,A01,083735,Patchell; Gregory David,0,0,30,30
1655952930322,MATH 10A,A02,083736,Patchell; Gregory David,21,0,30,9
1655952930322,MATH 10A,A03,083737,Patchell; Gregory David,16,0,30,14
1655952936347,MATH 10B,A01,083207,Lim; Seonhee,1,1,34,33
1655952936347,MATH 10B,A02,083208,Lim; Seonhee,1,1,35,34
1655952936347,MATH 10B,A03,093472,Staff,1,0,34,33
1655952936347,MATH 10B,B01,083739,Sinha; Shubham,9,0,30,21
1655952942378,MATH 18,A01,083743,Cinel; Cameron Alexander,4,0,30,26
1655952942378,MATH 18,A02,083744,Cinel; Cameron Alexander,11,0,30,19
1655952942378,MATH 18,A03,083745,Cinel; Cameron Alexander,1,0,30,29
1655952942378,MATH 18,B01,083748,Ma; Zilu,2,0,36,34
1655952942378,MATH 18,B02,083749,Ma; Zilu,0,0,36,36
1655952942378,MATH 18,B03,083750,Ma; Zilu,0,0,36,36
1655952942378,MATH 18,B04,083751,Ma; Zilu,0,0,36,36
1655952942378,MATH 18,B05,093473,Staff,0,0,36,36
1655952942378,MATH 18,B06,093474,Staff,0,0,36,36
1655952948401,MATH 20A,A01,083754,Zheng; Zequn,10,0,40,30
1655952954425,MATH 20B,A01,083756,Briones; Jor-el Thomas Caparas,0,1,36,36
1655952954425,MATH 20B,A02,083757,Briones; Jor-el Thomas Caparas,1,0,36,35
1655952954425,MATH 20B,A03,093475,Staff,1,0,36,35
1655952960448,MATH 20C,A01,083760,Briones; Jor-el Thomas Caparas,0,2,35,35
1655952960448,MATH 20C,A02,083761,Briones; Jor-el Thomas Caparas,6,1,35,29
1655952960448,MATH 20C,A03,093476,Staff,1,0,35,34
1655952960448,MATH 20C,B01,083762,Bach; Quang Tran,3,0,30,27
1655952966476,MATH 20D,A01,083765,Tran; Brian Kha,1,0,30,29
1655952966476,MATH 20D,A02,083766,Tran; Brian Kha,0,1,30,30
1655952966476,MATH 20D,A03,083767,Tran; Brian Kha,1,0,30,29
1655952972504,MATH 20E,A01,083771,Ganguly; Soumya,0,0,32,32
1655952972504,MATH 20E,A02,083772,Ganguly; Soumya,1,1,32,31
1655952972504,MATH 20E,B01,083773,Ciotti; Benjamin,13,0,35,22
1655952972504,MATH 20E,B02,083774,Ciotti; Benjamin,12,0,35,23
1655952978529,MATH 103A,A01,083777,Greenfeld; Be'Eri,2,1,36,34
1655952978529,MATH 103A,A02,083778,Greenfeld; Be'Eri,2,0,36,34
1655952978529,MATH 103A,A03,093561,Staff,0,1,36,36
1655952978529,MATH 103A,B01,083779,Greenfeld; Be'Eri,7,1,36,29
1655952978529,MATH 103A,B02,083780,Greenfeld; Be'Eri,1,0,36,35
1655952978529,MATH 103A,B03,093562,Staff,0,0,36,36
1655952984554,MATH 105,A01,085443,Carter; Anne Toulson,3,1,35,32
1655952984554,MATH 105,A02,093477,Staff,7,0,35,28
1655952990585,MATH 109,A01,083213,Ganzberger; Geoffrey Michael,0,1,34,34
1655952990585,MATH 109,A02,083214,Ganzberger; Geoffrey Michael,1,0,34,33
1655952990585,MATH 109,A03,093478,Staff,1,0,34,33
1655952990585,MATH 109,B01,083215,Ganzberger; Geoffrey Michael,2,0,32,30
1655952990585,MATH 109,B02,083216,Ganzberger; Geoffrey Michael,0,0,32,32
1655952990585,MATH 109,B03,093479,Staff,4,0,32,28
1655952996615,MATH 142A,A01,083219,Chow; Bennett,0,0,32,32
1655952996615,MATH 142A,A02,083220,Chow; Bennett,7,0,32,25
1655952996615,MATH 142A,A03,093480,Staff,4,0,32,28
1655952996615,MATH 142A,B03,093481,Staff,3,0,32,29
1655952996615,MATH 142A,B04,093558,Staff,6,0,32,26
1655952996615,MATH 142A,B05,093559,Staff,0,0,32,32
1655953002639,MATH 193A,A01,083224,Rotar; Vladimir,1,1,34,33
1655953002639,MATH 193A,A02,083225,Rotar; Vladimir,0,0,34,34
1655953002639,MATH 193A,A03,083781,Rotar; Vladimir,2,0,34,32
1655953002639,MATH 193A,A04,083782,Rotar; Vladimir,2,0,34,32
1655953002639,MATH 193A,A05,093482,Rotar; Vladimir,1,0,34,33
1655953008662,MATH 197,001,091859,McAuley; Julian John,9999,0,9999,0
1655953008662,MATH 197,002,095566,Kedlaya; Kiran S.,9997,0,9999,2
1655953008662,MATH 197,003,095567,Xiao; Ming,9999,0,9999,0
1655953008662,MATH 197,004,095571,Perols; Johan Lars,9998,0,9999,1
1655953015712,COGS 9,A01,083615,Shannon; Kyle Michael,3,1,75,72
1655953030371,COGS 11,A01,083617,Boyle; Mary E. T.,11,1,48,37
1655953036392,COGS 13,A01,083071,Bastos; Amalia Pinkusfeld,3,2,71,68
1655953042419,COGS 14A,A01,092681,Staff,2,25,100,98
1655953048444,COGS 14B,A01,083073,Cheng; Tzu-Han,7,0,63,56
1655953054465,COGS 17,A01,092677,Staff,8,7,81,73
1655953060488,COGS 100,A01,083619,Allen; Michael Gordon,2,2,70,68
1655953066524,COGS 101A,A01,083621,Davis; Joshua Daniel,4,3,68,64
1655953072545,COGS 101B,A01,091572,Allen; Michael Gordon,0,0,65,65
1655953078568,COGS 101C,A01,083625,Delgado; Tania,7,0,35,28
1655953084593,COGS 107A,A01,083627,Boyle; Mary E. T.,1,2,60,59
1655953090615,COGS 118A,A01,083075,Gupta; Anjum,20,16,76,56
1655953096648,CSE 3,A50,083646,Miranda; Gregory Joseph,14,0,50,36
1655953102684,CSE 8A,A50,083650,Miranda; Gregory Joseph,3,11,56,53
1655953108708,CSE 11,A01,083080,Cao; Yingjun,0,68,40,40
1655953114734,CSE 12,A01,083652,Krause-Levy; Sophia Louisa,6,8,120,114
1655953120759,CSE 15L,A01,083654,Morris; Justin Loren,3,1,50,47
1655953120759,CSE 15L,A02,083655,Morris; Justin Loren,1,1,50,49
1655953126789,CSE 20,A01,083657,Tran; Khoa Dang,29,0,80,51
1655953132817,CSE 21,A01,095574,Bach; Quang Tran,23,0,48,25
1655953138840,CSE 30,A01,083084,Eldon; John,2,10,80,78
1655953138840,CSE 30,B01,095061,Bhaskar; Nishant,0,4,50,50
1655953144864,CSE 100,A01,083659,Cao; Yingjun,2,25,70,68
1655953150887,CSE 134B,A01,083661,Powell; Thomas Allan,5,7,100,95
1655953156920,CSE 140,A01,083663,Gungor; Onat,5,0,85,80
1655953162958,CSE 140L,A01,083088,Eldon; John,5,0,100,95
1655953168984,CSE 175,A01,083665,Kumar; Rakesh,1,0,25,24
1655953175007,CSE 190,A00,092507,Dubnov; Shlomo,1,0,20,19
1655953181034,ECE 45,A01,083139,Congero; Spencer William,0,1,75,75
1655953187078,ECE 65,A50,083695,Saad; Andrew S,6,0,30,24
1655953187078,ECE 65,A51,095125,Staff,23,0,26,3
1655953193107,ECE 109,A01,091882,Touri; Behrouz,2,4,70,68
1655953199206,ECE 180,A00,083140,Abi Samra; Nicholas Camill,1,0,30,29
1655953199206,ECE 180,B00,083141,Abi Samra; Nicholas Camill,0,9,28,28
1655953205228,MATH 10A,A01,083735,Patchell; Gregory David,0,0,30,30
1655953205228,MATH 10A,A02,083736,Patchell; Gregory David,21,0,30,9
1655953205228,MATH 10A,A03,083737,Patchell; Gregory David,16,0,30,14
1655953211258,MATH 10B,A01,083207,Lim; Seonhee,1,1,34,33
1655953211258,MATH 10B,A02,083208,Lim; Seonhee,1,1,35,34
1655953211258,MATH 10B,A03,093472,Staff,1,0,34,33
1655953211258,MATH 10B,B01,083739,Sinha; Shubham,9,0,30,21
1655953217296,MATH 18,A01,083743,Cinel; Cameron Alexander,4,0,30,26
1655953217296,MATH 18,A02,083744,Cinel; Cameron Alexander,11,0,30,19
1655953217296,MATH 18,A03,083745,Cinel; Cameron Alexander,1,0,30,29
1655953217296,MATH 18,B01,083748,Ma; Zilu,2,0,36,34
1655953217296,MATH 18,B02,083749,Ma; Zilu,0,0,36,36
1655953217296,MATH 18,B03,083750,Ma; Zilu,0,0,36,36
1655953217296,MATH 18,B04,083751,Ma; Zilu,0,0,36,36
1655953217296,MATH 18,B05,093473,Staff,0,0,36,36
1655953217296,MATH 18,B06,093474,Staff,0,0,36,36
1655953223321,MATH 20A,A01,083754,Zheng; Zequn,10,0,40,30
1655953229347,MATH 20B,A01,083756,Briones; Jor-el Thomas Caparas,0,1,36,36
1655953229347,MATH 20B,A02,083757,Briones; Jor-el Thomas Caparas,1,0,36,35
1655953229347,MATH 20B,A03,093475,Staff,1,0,36,35
1655953235371,MATH 20C,A01,083760,Briones; Jor-el Thomas Caparas,0,2,35,35
1655953235371,MATH 20C,A02,083761,Briones; Jor-el Thomas Caparas,6,1,35,29
1655953235371,MATH 20C,A03,093476,Staff,1,0,35,34
1655953235371,MATH 20C,B01,083762,Bach; Quang Tran,3,0,30,27
1655953241395,MATH 20D,A01,083765,Tran; Brian Kha,1,0,30,29
1655953241395,MATH 20D,A02,083766,Tran; Brian Kha,0,1,30,30
1655953241395,MATH 20D,A03,083767,Tran; Brian Kha,1,0,30,29
1655953247424,MATH 20E,A01,083771,Ganguly; Soumya,0,0,32,32
1655953247424,MATH 20E,A02,083772,Ganguly; Soumya,1,1,32,31
1655953247424,MATH 20E,B01,083773,Ciotti; Benjamin,13,0,35,22
1655953247424,MATH 20E,B02,083774,Ciotti; Benjamin,12,0,35,23
1655953253453,MATH 103A,A01,083777,Greenfeld; Be'Eri,2,1,36,34
1655953253453,MATH 103A,A02,083778,Greenfeld; Be'Eri,2,0,36,34
1655953253453,MATH 103A,A03,093561,Staff,0,1,36,36
1655953253453,MATH 103A,B01,083779,Greenfeld; Be'Eri,7,1,36,29
1655953253453,MATH 103A,B02,083780,Greenfeld; Be'Eri,1,0,36,35
1655953253453,MATH 103A,B03,093562,Staff,0,0,36,36
1655953259477,MATH 105,A01,085443,Carter; Anne Toulson,3,1,35,32
1655953259477,MATH 105,A02,093477,Staff,7,0,35,28
1655953265518,MATH 109,A01,083213,Ganzberger; Geoffrey Michael,0,1,34,34
1655953265518,MATH 109,A02,083214,Ganzberger; Geoffrey Michael,1,0,34,33
1655953265518,MATH 109,A03,093478,Staff,1,0,34,33
1655953265518,MATH 109,B01,083215,Ganzberger; Geoffrey Michael,2,0,32,30
1655953265518,MATH 109,B02,083216,Ganzberger; Geoffrey Michael,0,0,32,32
1655953265518,MATH 109,B03,093479,Staff,4,0,32,28
1655953271546,MATH 142A,A01,083219,Chow; Bennett,0,0,32,32
1655953271546,MATH 142A,A02,083220,Chow; Bennett,7,0,32,25
1655953271546,MATH 142A,A03,093480,Staff,4,0,32,28
1655953271546,MATH 142A,B03,093481,Staff,3,0,32,29
1655953271546,MATH 142A,B04,093558,Staff,6,0,32,26
1655953271546,MATH 142A,B05,093559,Staff,0,0,32,32
1655953277574,MATH 193A,A01,083224,Rotar; Vladimir,1,1,34,33
1655953277574,MATH 193A,A02,083225,Rotar; Vladimir,0,0,34,34
1655953277574,MATH 193A,A03,083781,Rotar; Vladimir,2,0,34,32
1655953277574,MATH 193A,A04,083782,Rotar; Vladimir,2,0,34,32
1655953277574,MATH 193A,A05,093482,Rotar; Vladimir,1,0,34,33
1655953283605,MATH 197,001,091859,McAuley; Julian John,9999,0,9999,0
1655953283605,MATH 197,002,095566,Kedlaya; Kiran S.,9997,0,9999,2
1655953283605,MATH 197,003,095567,Xiao; Ming,9999,0,9999,0
1655953283605,MATH 197,004,095571,Perols; Johan Lars,9998,0,9999,1
1655953290658,COGS 9,A01,083615,Shannon; Kyle Michael,3,1,75,72
1655953296684,COGS 11,A01,083617,Boyle; Mary E. T.,11,1,48,37
1655953302713,COGS 13,A01,083071,Bastos; Amalia Pinkusfeld,3,2,71,68
1655953308737,COGS 14A,A01,092681,Staff,2,25,100,98
1655953314761,COGS 14B,A01,083073,Cheng; Tzu-Han,7,0,63,56
1655953320786,COGS 17,A01,092677,Staff,8,7,81,73
1655953326810,COGS 100,A01,083619,Allen; Michael Gordon,2,2,70,68
1655953332836,COGS 101A,A01,083621,Davis; Joshua Daniel,4,3,68,64
1655953338859,COGS 101B,A01,091572,Allen; Michael Gordon,0,0,65,65
1655953344886,COGS 101C,A01,083625,Delgado; Tania,7,0,35,28
1655953350911,COGS 107A,A01,083627,Boyle; Mary E. T.,1,2,60,59
1655953356934,COGS 118A,A01,083075,Gupta; Anjum,20,16,76,56
1655953362957,CSE 3,A50,083646,Miranda; Gregory Joseph,14,0,50,36
1655953368983,CSE 8A,A50,083650,Miranda; Gregory Joseph,3,11,56,53
1655953375008,CSE 11,A01,083080,Cao; Yingjun,0,68,40,40
1655953381031,CSE 12,A01,083652,Krause-Levy; Sophia Louisa,6,8,120,114
1655953387056,CSE 15L,A01,083654,Morris; Justin Loren,3,1,50,47
1655953387056,CSE 15L,A02,083655,Morris; Justin Loren,1,1,50,49
1655953393084,CSE 20,A01,083657,Tran; Khoa Dang,29,0,80,51
1655953399112,CSE 21,A01,095574,Bach; Quang Tran,23,0,48,25
1655953405141,CSE 30,A01,083084,Eldon; John,2,10,80,78
1655953405141,CSE 30,B01,095061,Bhaskar; Nishant,0,4,50,50
1655953411173,CSE 100,A01,083659,Cao; Yingjun,2,25,70,68
1655953417195,CSE 134B,A01,083661,Powell; Thomas Allan,5,7,100,95
1655953423217,CSE 140,A01,083663,Gungor; Onat,5,0,85,80
1655953429245,CSE 140L,A01,083088,Eldon; John,5,0,100,95
1655953435267,CSE 175,A01,083665,Kumar; Rakesh,1,0,25,24
1655953441291,CSE 190,A00,092507,Dubnov; Shlomo,1,0,20,19
1655953447312,ECE 45,A01,083139,Congero; Spencer William,0,1,75,75
1655953453339,ECE 65,A50,083695,Saad; Andrew S,6,0,30,24
1655953453339,ECE 65,A51,095125,Staff,23,0,26,3
1655953459362,ECE 109,A01,091882,Touri; Behrouz,2,4,70,68
1655953465395,ECE 180,A00,083140,Abi Samra; Nicholas Camill,1,0,30,29
1655953465395,ECE 180,B00,083141,Abi Samra; Nicholas Camill,0,9,28,28
1655953471417,MATH 10A,A01,083735,Patchell; Gregory David,0,0,30,30
1655953471417,MATH 10A,A02,083736,Patchell; Gregory David,21,0,30,9
1655953471417,MATH 10A,A03,083737,Patchell; Gregory David,16,0,30,14
1655953477444,MATH 10B,A01,083207,Lim; Seonhee,1,1,34,33
1655953477444,MATH 10B,A02,083208,Lim; Seonhee,1,1,35,34
1655953477444,MATH 10B,A03,093472,Staff,1,0,34,33
1655953477444,MATH 10B,B01,083739,Sinha; Shubham,9,0,30,21
1655953483477,MATH 18,A01,083743,Cinel; Cameron Alexander,4,0,30,26
1655953483477,MATH 18,A02,083744,Cinel; Cameron Alexander,11,0,30,19
1655953483477,MATH 18,A03,083745,Cinel; Cameron Alexander,1,0,30,29
1655953483477,MATH 18,B01,083748,Ma; Zilu,2,0,36,34
1655953483477,MATH 18,B02,083749,Ma; Zilu,0,0,36,36
1655953483477,MATH 18,B03,083750,Ma; Zilu,0,0,36,36
1655953483477,MATH 18,B04,083751,Ma; Zilu,0,0,36,36
1655953483477,MATH 18,B05,093473,Staff,0,0,36,36
1655953483477,MATH 18,B06,093474,Staff,0,0,36,36
1655953489499,MATH 20A,A01,083754,Zheng; Zequn,10,0,40,30
1655953495527,MATH 20B,A01,083756,Briones; Jor-el Thomas Caparas,0,1,36,36
1655953495527,MATH 20B,A02,083757,Briones; Jor-el Thomas Caparas,1,0,36,35
1655953495527,MATH 20B,A03,093475,Staff,1,0,36,35
1655953501554,MATH 20C,A01,083760,Briones; Jor-el Thomas Caparas,0,2,35,35
1655953501554,MATH 20C,A02,083761,Briones; Jor-el Thomas Caparas,6,1,35,29
1655953501554,MATH 20C,A03,093476,Staff,1,0,35,34
1655953501554,MATH 20C,B01,083762,Bach; Quang Tran,3,0,30,27
1655953507579,MATH 20D,A01,083765,Tran; Brian Kha,1,0,30,29
1655953507579,MATH 20D,A02,083766,Tran; Brian Kha,0,1,30,30
1655953507579,MATH 20D,A03,083767,Tran; Brian Kha,1,0,30,29
1655953513602,MATH 20E,A01,083771,Ganguly; Soumya,0,0,32,32
1655953513602,MATH 20E,A02,083772,Ganguly; Soumya,1,1,32,31
1655953513602,MATH 20E,B01,083773,Ciotti; Benjamin,13,0,35,22
1655953513602,MATH 20E,B02,083774,Ciotti; Benjamin,12,0,35,23
1655953519632,MATH 103A,A01,083777,Greenfeld; Be'Eri,2,1,36,34
1655953519632,MATH 103A,A02,083778,Greenfeld; Be'Eri,2,0,36,34
1655953519632,MATH 103A,A03,093561,Staff,0,1,36,36
1655953519632,MATH 103A,B01,083779,Greenfeld; Be'Eri,7,1,36,29
1655953519632,MATH 103A,B02,083780,Greenfeld; Be'Eri,1,0,36,35
1655953519632,MATH 103A,B03,093562,Staff,0,0,36,36
1655953525660,MATH 105,A01,085443,Carter; Anne Toulson,3,1,35,32
1655953525660,MATH 105,A02,093477,Staff,7,0,35,28
1655953531689,MATH 109,A01,083213,Ganzberger; Geoffrey Michael,0,1,34,34
1655953531689,MATH 109,A02,083214,Ganzberger; Geoffrey Michael,1,0,34,33
1655953531689,MATH 109,A03,093478,Staff,1,0,34,33
1655953531689,MATH 109,B01,083215,Ganzberger; Geoffrey Michael,2,0,32,30
1655953531689,MATH 109,B02,083216,Ganzberger; Geoffrey Michael,0,0,32,32
1655953531689,MATH 109,B03,093479,Staff,4,0,32,28
1655953537717,MATH 142A,A01,083219,Chow; Bennett,0,0,32,32
1655953537717,MATH 142A,A02,083220,Chow; Bennett,7,0,32,25
1655953537717,MATH 142A,A03,093480,Staff,4,0,32,28
1655953537717,MATH 142A,B03,093481,Staff,3,0,32,29
1655953537717,MATH 142A,B04,093558,Staff,6,0,32,26
1655953537717,MATH 142A,B05,093559,Staff,0,0,32,32
1655953543744,MATH 193A,A01,083224,Rotar; Vladimir,1,1,34,33
1655953543744,MATH 193A,A02,083225,Rotar; Vladimir,0,0,34,34
1655953543744,MATH 193A,A03,083781,Rotar; Vladimir,2,0,34,32
1655953543744,MATH 193A,A04,083782,Rotar; Vladimir,2,0,34,32
1655953543744,MATH 193A,A05,093482,Rotar; Vladimir,1,0,34,33
1655953549769,MATH 197,001,091859,McAuley; Julian John,9999,0,9999,0
1655953549769,MATH 197,002,095566,Kedlaya; Kiran S.,9997,0,9999,2
1655953549769,MATH 197,003,095567,Xiao; Ming,9999,0,9999,0
1655953549769,MATH 197,004,095571,Perols; Johan Lars,9998,0,9999,1
1655953556826,COGS 9,A01,083615,Shannon; Kyle Michael,3,1,75,72
1655953562854,COGS 11,A01,083617,Boyle; Mary E. T.,11,1,48,37
1655953568877,COGS 13,A01,083071,Bastos; Amalia Pinkusfeld,3,2,71,68
1655953574904,COGS 14A,A01,092681,Staff,2,25,100,98
1655953580931,COGS 14B,A01,083073,Cheng; Tzu-Han,7,0,63,56
1655953586957,COGS 17,A01,092677,Staff,8,7,81,73
1655953592983,COGS 100,A01,083619,Allen; Michael Gordon,2,2,70,68
1655953599008,COGS 101A,A01,083621,Davis; Joshua Daniel,4,3,68,64
1655953605045,COGS 101B,A01,091572,Allen; Michael Gordon,0,0,65,65
1655953611070,COGS 101C,A01,083625,Delgado; Tania,7,0,35,28
1655953617095,COGS 107A,A01,083627,Boyle; Mary E. T.,1,2,60,59
1655953623132,COGS 118A,A01,083075,Gupta; Anjum,20,16,76,56
1655953629160,CSE 3,A50,083646,Miranda; Gregory Joseph,14,0,50,36
1655953635183,CSE 8A,A50,083650,Miranda; Gregory Joseph,3,11,56,53
1655953641208,CSE 11,A01,083080,Cao; Yingjun,0,68,40,40
1655953647234,CSE 12,A01,083652,Krause-Levy; Sophia Louisa,6,8,120,114
1655953653266,CSE 15L,A01,083654,Morris; Justin Loren,3,1,50,47
1655953653266,CSE 15L,A02,083655,Morris; Justin Loren,1,1,50,49
1655953659297,CSE 20,A01,083657,Tran; Khoa Dang,29,0,80,51
1655953665324,CSE 21,A01,095574,Bach; Quang Tran,23,0,48,25
1655953671353,CSE 30,A01,083084,Eldon; John,2,10,80,78
1655953671353,CSE 30,B01,095061,Bhaskar; Nishant,0,4,50,50
1655953677380,CSE 100,A01,083659,Cao; Yingjun,2,25,70,68
1655953683405,CSE 134B,A01,083661,Powell; Thomas Allan,5,7,100,95
1655953689429,CSE 140,A01,083663,Gungor; Onat,5,0,85,80
1655953695454,CSE 140L,A01,083088,Eldon; John,5,0,100,95
1655953701477,CSE 175,A01,083665,Kumar; Rakesh,1,0,25,24
1655953707501,CSE 190,A00,092507,Dubnov; Shlomo,1,0,20,19
1655953713524,ECE 45,A01,083139,Congero; Spencer William,0,1,75,75
1655953719546,ECE 65,A50,083695,Saad; Andrew S,6,0,30,24
1655953719546,ECE 65,A51,095125,Staff,23,0,26,3
1655953725574,ECE 109,A01,091882,Touri; Behrouz,2,4,70,68
1655953731601,ECE 180,A00,083140,Abi Samra; Nicholas Camill,1,0,30,29
1655953731601,ECE 180,B00,083141,Abi Samra; Nicholas Camill,0,9,28,28
1655953737625,MATH 10A,A01,083735,Patchell; Gregory David,0,0,30,30
1655953737625,MATH 10A,A02,083736,Patchell; Gregory David,21,0,30,9
1655953737625,MATH 10A,A03,083737,Patchell; Gregory David,16,0,30,14
1655953743649,MATH 10B,A01,083207,Lim; Seonhee,1,1,34,33
1655953743649,MATH 10B,A02,083208,Lim; Seonhee,1,1,35,34
1655953743649,MATH 10B,A03,093472,Staff,1,0,34,33
1655953743649,MATH 10B,B01,083739,Sinha; Shubham,9,0,30,21
1655953749681,MATH 18,A01,083743,Cinel; Cameron Alexander,4,0,30,26
1655953749681,MATH 18,A02,083744,Cinel; Cameron Alexander,11,0,30,19
1655953749681,MATH 18,A03,083745,Cinel; Cameron Alexander,1,0,30,29
1655953749681,MATH 18,B01,083748,Ma; Zilu,2,0,36,34
1655953749681,MATH 18,B02,083749,Ma; Zilu,0,0,36,36
1655953749681,MATH 18,B03,083750,Ma; Zilu,0,0,36,36
1655953749681,MATH 18,B04,083751,Ma; Zilu,0,0,36,36
1655953749681,MATH 18,B05,093473,Staff,0,0,36,36
1655953749681,MATH 18,B06,093474,Staff,0,0,36,36
1655953755704,MATH 20A,A01,083754,Zheng; Zequn,10,0,40,30
1655953761732,MATH 20B,A01,083756,Briones; Jor-el Thomas Caparas,0,1,36,36
1655953761732,MATH 20B,A02,083757,Briones; Jor-el Thomas Caparas,1,0,36,35
1655953761732,MATH 20B,A03,093475,Staff,1,0,36,35
1655953767761,MATH 20C,A01,083760,Briones; Jor-el Thomas Caparas,0,2,35,35
1655953767761,MATH 20C,A02,083761,Briones; Jor-el Thomas Caparas,6,1,35,29
1655953767761,MATH 20C,A03,093476,Staff,1,0,35,34
1655953767761,MATH 20C,B01,083762,Bach; Quang Tran,3,0,30,27
1655953773789,MATH 20D,A01,083765,Tran; Brian Kha,1,0,30,29
1655953773789,MATH 20D,A02,083766,Tran; Brian Kha,0,1,30,30
1655953773789,MATH 20D,A03,083767,Tran; Brian Kha,1,0,30,29
1655953779819,MATH 20E,A01,083771,Ganguly; Soumya,0,0,32,32
1655953779819,MATH 20E,A02,083772,Ganguly; Soumya,1,1,32,31
1655953779819,MATH 20E,B01,083773,Ciotti; Benjamin,13,0,35,22
1655953779819,MATH 20E,B02,083774,Ciotti; Benjamin,12,0,35,23
1655953785851,MATH 103A,A01,083777,Greenfeld; Be'Eri,2,1,36,34
1655953785851,MATH 103A,A02,083778,Greenfeld; Be'Eri,2,0,36,34
1655953785851,MATH 103A,A03,093561,Staff,0,1,36,36
1655953785851,MATH 103A,B01,083779,Greenfeld; Be'Eri,7,1,36,29
1655953785851,MATH 103A,B02,083780,Greenfeld; Be'Eri,1,0,36,35
1655953785851,MATH 103A,B03,093562,Staff,0,0,36,36
1655953791879,MATH 105,A01,085443,Carter; Anne Toulson,3,1,35,32
1655953791879,MATH 105,A02,093477,Staff,7,0,35,28
1655953797975,MATH 109,A01,083213,Ganzberger; Geoffrey Michael,0,1,34,34
1655953797975,MATH 109,A02,083214,Ganzberger; Geoffrey Michael,1,0,34,33
1655953797975,MATH 109,A03,093478,Staff,1,0,34,33
1655953797975,MATH 109,B01,083215,Ganzberger; Geoffrey Michael,2,0,32,30
1655953797975,MATH 109,B02,083216,Ganzberger; Geoffrey Michael,0,0,32,32
1655953797975,MATH 109,B03,093479,Staff,4,0,32,28
1655953804006,MATH 142A,A01,083219,Chow; Bennett,0,0,32,32
1655953804006,MATH 142A,A02,083220,Chow; Bennett,7,0,32,25
1655953804006,MATH 142A,A03,093480,Staff,4,0,32,28
1655953804006,MATH 142A,B03,093481,Staff,3,0,32,29
1655953804006,MATH 142A,B04,093558,Staff,6,0,32,26
1655953804006,MATH 142A,B05,093559,Staff,0,0,32,32
1655953810029,MATH 193A,A01,083224,Rotar; Vladimir,1,1,34,33
1655953810029,MATH 193A,A02,083225,Rotar; Vladimir,0,0,34,34
1655953810029,MATH 193A,A03,083781,Rotar; Vladimir,2,0,34,32
1655953810029,MATH 193A,A04,083782,Rotar; Vladimir,2,0,34,32
1655953810029,MATH 193A,A05,093482,Rotar; Vladimir,1,0,34,33
1655953816052,MATH 197,001,091859,McAuley; Julian John,9999,0,9999,0
1655953816052,MATH 197,002,095566,Kedlaya; Kiran S.,9997,0,9999,2
1655953816052,MATH 197,003,095567,Xiao; Ming,9999,0,9999,0
1655953816052,MATH 197,004,095571,Perols; Johan Lars,9998,0,9999,1
1655953823102,COGS 9,A01,083615,Shannon; Kyle Michael,3,1,75,72
1655953829125,COGS 11,A01,083617,Boyle; Mary E. T.,11,1,48,37
1655953835149,COGS 13,A01,083071,Bastos; Amalia Pinkusfeld,3,2,71,68
1655953841175,COGS 14A,A01,092681,Staff,2,25,100,98
1655953847200,COGS 14B,A01,083073,Cheng; Tzu-Han,7,0,63,56
1655953853225,COGS 17,A01,092677,Staff,8,7,81,73
1655953859261,COGS 100,A01,083619,Allen; Michael Gordon,2,2,70,68
1655953865289,COGS 101A,A01,083621,Davis; Joshua Daniel,4,3,68,64
1655953871313,COGS 101B,A01,091572,Allen; Michael Gordon,0,0,65,65
1655953877336,COGS 101C,A01,083625,Delgado; Tania,7,0,35,28
1655953883363,COGS 107A,A01,083627,Boyle; Mary E. T.,1,2,60,59
1655953889389,COGS 118A,A01,083075,Gupta; Anjum,20,16,76,56
1655953895415,CSE 3,A50,083646,Miranda; Gregory Joseph,14,0,50,36
1655953901443,CSE 8A,A50,083650,Miranda; Gregory Joseph,3,11,56,53
1655953907467,CSE 11,A01,083080,Cao; Yingjun,0,68,40,40
1655953913491,CSE 12,A01,083652,Krause-Levy; Sophia Louisa,6,8,120,114
1655953919515,CSE 15L,A01,083654,Morris; Justin Loren,3,1,50,47
1655953919515,CSE 15L,A02,083655,Morris; Justin Loren,1,1,50,49
1655953925540,CSE 20,A01,083657,Tran; Khoa Dang,29,0,80,51
1655953931587,CSE 21,A01,095574,Bach; Quang Tran,23,0,48,25
1655953937610,CSE 30,A01,083084,Eldon; John,2,10,80,78
1655953937610,CSE 30,B01,095061,Bhaskar; Nishant,0,4,50,50
1655953943649,CSE 100,A01,083659,Cao; Yingjun,2,25,70,68
1655953949672,CSE 134B,A01,083661,Powell; Thomas Allan,5,7,100,95
1655953955698,CSE 140,A01,083663,Gungor; Onat,5,0,85,80
1655953961725,CSE 140L,A01,083088,Eldon; John,5,0,100,95
1655953967747,CSE 175,A01,083665,Kumar; Rakesh,1,0,25,24
1655953973780,CSE 190,A00,092507,Dubnov; Shlomo,1,0,20,19
1655953979804,ECE 45,A01,083139,Congero; Spencer William,0,1,75,75
1655953985832,ECE 65,A50,083695,Saad; Andrew S,6,0,30,24
1655953985832,ECE 65,A51,095125,Staff,23,0,26,3
1655953991855,ECE 109,A01,091882,Touri; Behrouz,2,4,70,68
1655953997880,ECE 180,A00,083140,Abi Samra; Nicholas Camill,1,0,30,29
1655953997880,ECE 180,B00,083141,Abi Samra; Nicholas Camill,0,9,28,28
1655954003907,MATH 10A,A01,083735,Patchell; Gregory David,0,0,30,30
1655954003907,MATH 10A,A02,083736,Patchell; Gregory David,21,0,30,9
1655954003907,MATH 10A,A03,083737,Patchell; Gregory David,16,0,30,14
1655954009931,MATH 10B,A01,083207,Lim; Seonhee,1,1,34,33
1655954009931,MATH 10B,A02,083208,Lim; Seonhee,1,1,35,34
1655954009931,MATH 10B,A03,093472,Staff,1,0,34,33
1655954009931,MATH 10B,B01,083739,Sinha; Shubham,9,0,30,21
1655954015968,MATH 18,A01,083743,Cinel; Cameron Alexander,4,0,30,26
1655954015968,MATH 18,A02,083744,Cinel; Cameron Alexander,11,0,30,19
1655954015968,MATH 18,A03,083745,Cinel; Cameron Alexander,1,0,30,29
1655954015968,MATH 18,B01,083748,Ma; Zilu,2,0,36,34
1655954015968,MATH 18,B02,083749,Ma; Zilu,0,0,36,36
1655954015968,MATH 18,B03,083750,Ma; Zilu,0,0,36,36
1655954015968,MATH 18,B04,083751,Ma; Zilu,0,0,36,36
1655954015968,MATH 18,B05,093473,Staff,0,0,36,36
1655954015968,MATH 18,B06,093474,Staff,0,0,36,36
1655954021994,MATH 20A,A01,083754,Zheng; Zequn,10,0,40,30
1655954028022,MATH 20B,A01,083756,Briones; Jor-el Thomas Caparas,0,1,36,36
1655954028022,MATH 20B,A02,083757,Briones; Jor-el Thomas Caparas,1,0,36,35
1655954028022,MATH 20B,A03,093475,Staff,1,0,36,35
1655954034046,MATH 20C,A01,083760,Briones; Jor-el Thomas Caparas,0,2,35,35
1655954034046,MATH 20C,A02,083761,Briones; Jor-el Thomas Caparas,6,1,35,29
1655954034046,MATH 20C,A03,093476,Staff,1,0,35,34
1655954034046,MATH 20C,B01,083762,Bach; Quang Tran,3,0,30,27
1655954040069,MATH 20D,A01,083765,Tran; Brian Kha,1,0,30,29
1655954040069,MATH 20D,A02,083766,Tran; Brian Kha,0,1,30,30
1655954040069,MATH 20D,A03,083767,Tran; Brian Kha,1,0,30,29
1655954046100,MATH 20E,A01,083771,Ganguly; Soumya,0,0,32,32
1655954046100,MATH 20E,A02,083772,Ganguly; Soumya,1,1,32,31
1655954046100,MATH 20E,B01,083773,Ciotti; Benjamin,13,0,35,22
1655954046100,MATH 20E,B02,083774,Ciotti; Benjamin,12,0,35,23
1655954052123,MATH 103A,A01,083777,Greenfeld; Be'Eri,2,1,36,34
1655954052123,MATH 103A,A02,083778,Greenfeld; Be'Eri,2,0,36,34
1655954052123,MATH 103A,A03,093561,Staff,0,1,36,36
1655954052123,MATH 103A,B01,083779,Greenfeld; Be'Eri,7,1,36,29
1655954052123,MATH 103A,B02,083780,Greenfeld; Be'Eri,1,0,36,35
1655954052123,MATH 103A,B03,093562,Staff,0,0,36,36
1655954058147,MATH 105,A01,085443,Carter; Anne Toulson,3,1,35,32
1655954058147,MATH 105,A02,093477,Staff,7,0,35,28
1655954064169,MATH 109,A01,083213,Ganzberger; Geoffrey Michael,0,1,34,34
1655954064169,MATH 109,A02,083214,Ganzberger; Geoffrey Michael,1,0,34,33
1655954064169,MATH 109,A03,093478,Staff,1,0,34,33
1655954064169,MATH 109,B01,083215,Ganzberger; Geoffrey Michael,2,0,32,30
1655954064169,MATH 109,B02,083216,Ganzberger; Geoffrey Michael,0,0,32,32
1655954064169,MATH 109,B03,093479,Staff,4,0,32,28
1655954070194,MATH 142A,A01,083219,Chow; Bennett,0,0,32,32
1655954070194,MATH 142A,A02,083220,Chow; Bennett,7,0,32,25
1655954070194,MATH 142A,A03,093480,Staff,4,0,32,28
1655954070194,MATH 142A,B03,093481,Staff,3,0,32,29
1655954070194,MATH 142A,B04,093558,Staff,6,0,32,26
1655954070194,MATH 142A,B05,093559,Staff,0,0,32,32
1655954076219,MATH 193A,A01,083224,Rotar; Vladimir,1,1,34,33
1655954076219,MATH 193A,A02,083225,Rotar; Vladimir,0,0,34,34
1655954076219,MATH 193A,A03,083781,Rotar; Vladimir,2,0,34,32
1655954076219,MATH 193A,A04,083782,Rotar; Vladimir,2,0,34,32
1655954076219,MATH 193A,A05,093482,Rotar; Vladimir,1,0,34,33
1655954082243,MATH 197,001,091859,McAuley; Julian John,9999,0,9999,0
1655954082243,MATH 197,002,095566,Kedlaya; Kiran S.,9997,0,9999,2
1655954082243,MATH 197,003,095567,Xiao; Ming,9999,0,9999,0
1655954082243,MATH 197,004,095571,Perols; Johan Lars,9998,0,9999,1
1655954089296,COGS 9,A01,083615,Shannon; Kyle Michael,3,1,75,72
1655954095321,COGS 11,A01,083617,Boyle; Mary E. T.,11,1,48,37
1655954101360,COGS 13,A01,083071,Bastos; Amalia Pinkusfeld,3,2,71,68
1655954107382,COGS 14A,A01,092681,Staff,2,25,100,98
1655954113408,COGS 14B,A01,083073,Cheng; Tzu-Han,7,0,63,56
1655954119432,COGS 17,A01,092677,Staff,8,7,81,73
1655954125457,COGS 100,A01,083619,Allen; Michael Gordon,2,2,70,68
1655954131481,COGS 101A,A01,083621,Davis; Joshua Daniel,4,3,68,64
1655954137513,COGS 101B,A01,091572,Allen; Michael Gordon,0,0,65,65
1655954143561,COGS 101C,A01,083625,Delgado; Tania,7,0,35,28
1655954149583,COGS 107A,A01,083627,Boyle; Mary E. T.,1,2,60,59
1655954155611,COGS 118A,A01,083075,Gupta; Anjum,20,16,76,56
1655954161635,CSE 3,A50,083646,Miranda; Gregory Joseph,14,0,50,36
1655954167659,CSE 8A,A50,083650,Miranda; Gregory Joseph,3,11,56,53
1655954173684,CSE 11,A01,083080,Cao; Yingjun,0,68,40,40
1655954179711,CSE 12,A01,083652,Krause-Levy; Sophia Louisa,6,8,120,114
1655954185734,CSE 15L,A01,083654,Morris; Justin Loren,3,1,50,47
1655954185734,CSE 15L,A02,083655,Morris; Justin Loren,1,1,50,49
1655954191760,CSE 20,A01,083657,Tran; Khoa Dang,29,0,80,51
1655954197782,CSE 21,A01,095574,Bach; Quang Tran,23,0,48,25
1655954203805,CSE 30,A01,083084,Eldon; John,2,10,80,78
1655954203805,CSE 30,B01,095061,Bhaskar; Nishant,0,4,50,50
1655954209829,CSE 100,A01,083659,Cao; Yingjun,2,25,70,68
1655954215855,CSE 134B,A01,083661,Powell; Thomas Allan,5,7,100,95
1655954221879,CSE 140,A01,083663,Gungor; Onat,5,0,85,80
1655954227909,CSE 140L,A01,083088,Eldon; John,5,0,100,95
1655954233934,CSE 175,A01,083665,Kumar; Rakesh,1,0,25,24
1655954239960,CSE 190,A00,092507,Dubnov; Shlomo,1,0,20,19
1655954245987,ECE 45,A01,083139,Congero; Spencer William,0,1,75,75
1655954252013,ECE 65,A50,083695,Saad; Andrew S,6,0,30,24
1655954252013,ECE 65,A51,095125,Staff,23,0,26,3
1655954258038,ECE 109,A01,091882,Touri; Behrouz,2,4,70,68
1655954264064,ECE 180,A00,083140,Abi Samra; Nicholas Camill,1,0,30,29
1655954264064,ECE 180,B00,083141,Abi Samra; Nicholas Camill,0,9,28,28
1655954270091,MATH 10A,A01,083735,Patchell; Gregory David,0,0,30,30
1655954270091,MATH 10A,A02,083736,Patchell; Gregory David,21,0,30,9
1655954270091,MATH 10A,A03,083737,Patchell; Gregory David,16,0,30,14
1655954276119,MATH 10B,A01,083207,Lim; Seonhee,1,1,34,33
1655954276119,MATH 10B,A02,083208,Lim; Seonhee,1,1,35,34
1655954276119,MATH 10B,A03,093472,Staff,1,0,34,33
1655954276119,MATH 10B,B01,083739,Sinha; Shubham,9,0,30,21
1655954282145,MATH 18,A01,083743,Cinel; Cameron Alexander,4,0,30,26
1655954282145,MATH 18,A02,083744,Cinel; Cameron Alexander,11,0,30,19
1655954282145,MATH 18,A03,083745,Cinel; Cameron Alexander,1,0,30,29
1655954282145,MATH 18,B01,083748,Ma; Zilu,2,0,36,34
1655954282145,MATH 18,B02,083749,Ma; Zilu,0,0,36,36
1655954282145,MATH 18,B03,083750,Ma; Zilu,0,0,36,36
1655954282145,MATH 18,B04,083751,Ma; Zilu,0,0,36,36
1655954282145,MATH 18,B05,093473,Staff,0,0,36,36
1655954282145,MATH 18,B06,093474,Staff,0,0,36,36
1655954288170,MATH 20A,A01,083754,Zheng; Zequn,10,0,40,30
1655954294203,MATH 20B,A01,083756,Briones; Jor-el Thomas Caparas,0,1,36,36
1655954294203,MATH 20B,A02,083757,Briones; Jor-el Thomas Caparas,1,0,36,35
1655954294203,MATH 20B,A03,093475,Staff,1,0,36,35
1655954300227,MATH 20C,A01,083760,Briones; Jor-el Thomas Caparas,0,2,35,35
1655954300227,MATH 20C,A02,083761,Briones; Jor-el Thomas Caparas,6,1,35,29
1655954300227,MATH 20C,A03,093476,Staff,1,0,35,34
1655954300227,MATH 20C,B01,083762,Bach; Quang Tran,3,0,30,27
1655954306254,MATH 20D,A01,083765,Tran; Brian Kha,1,0,30,29
1655954306254,MATH 20D,A02,083766,Tran; Brian Kha,0,1,30,30
1655954306254,MATH 20D,A03,083767,Tran; Brian Kha,1,0,30,29
1655954312283,MATH 20E,A01,083771,Ganguly; Soumya,0,0,32,32
1655954312283,MATH 20E,A02,083772,Ganguly; Soumya,1,1,32,31
1655954312283,MATH 20E,B01,083773,Ciotti; Benjamin,13,0,35,22
1655954312283,MATH 20E,B02,083774,Ciotti; Benjamin,12,0,35,23
1655954318312,MATH 103A,A01,083777,Greenfeld; Be'Eri,2,1,36,34
1655954318312,MATH 103A,A02,083778,Greenfeld; Be'Eri,2,0,36,34
1655954318312,MATH 103A,A03,093561,Staff,0,1,36,36
1655954318312,MATH 103A,B01,083779,Greenfeld; Be'Eri,7,1,36,29
1655954318312,MATH 103A,B02,083780,Greenfeld; Be'Eri,1,0,36,35
1655954318312,MATH 103A,B03,093562,Staff,0,0,36,36
1655954324339,MATH 105,A01,085443,Carter; Anne Toulson,3,1,35,32
1655954324339,MATH 105,A02,093477,Staff,7,0,35,28
1655954330362,MATH 109,A01,083213,Ganzberger; Geoffrey Michael,0,1,34,34
1655954330362,MATH 109,A02,083214,Ganzberger; Geoffrey Michael,1,0,34,33
1655954330362,MATH 109,A03,093478,Staff,1,0,34,33
1655954330362,MATH 109,B01,083215,Ganzberger; Geoffrey Michael,2,0,32,30
1655954330362,MATH 109,B02,083216,Ganzberger; Geoffrey Michael,0,0,32,32
1655954330362,MATH 109,B03,093479,Staff,4,0,32,28
1655954336387,MATH 142A,A01,083219,Chow; Bennett,0,0,32,32
1655954336387,MATH 142A,A02,083220,Chow; Bennett,7,0,32,25
1655954336387,MATH 142A,A03,093480,Staff,4,0,32,28
1655954336387,MATH 142A,B03,093481,Staff,3,0,32,29
1655954336387,MATH 142A,B04,093558,Staff,6,0,32,26
1655954336387,MATH 142A,B05,093559,Staff,0,0,32,32
1655954342416,MATH 193A,A01,083224,Rotar; Vladimir,1,1,34,33
1655954342416,MATH 193A,A02,083225,Rotar; Vladimir,0,0,34,34
1655954342416,MATH 193A,A03,083781,Rotar; Vladimir,2,0,34,32
1655954342416,MATH 193A,A04,083782,Rotar; Vladimir,2,0,34,32
1655954342416,MATH 193A,A05,093482,Rotar; Vladimir,1,0,34,33
1655954348442,MATH 197,001,091859,McAuley; Julian John,9999,0,9999,0
1655954348442,MATH 197,002,095566,Kedlaya; Kiran S.,9997,0,9999,2
1655954348442,MATH 197,003,095567,Xiao; Ming,9999,0,9999,0
1655954348442,MATH 197,004,095571,Perols; Johan Lars,9998,0,9999,1
1655954355506,COGS 9,A01,083615,Shannon; Kyle Michael,3,1,75,72
1655954361532,COGS 11,A01,083617,Boyle; Mary E. T.,11,1,48,37
1655954367560,COGS 13,A01,083071,Bastos; Amalia Pinkusfeld,3,2,71,68
1655954373584,COGS 14A,A01,092681,Staff,2,25,100,98
1655954379612,COGS 14B,A01,083073,Cheng; Tzu-Han,7,0,63,56
1655954385637,COGS 17,A01,092677,Staff,8,7,81,73
1655954391760,COGS 100,A01,083619,Allen; Michael Gordon,2,2,70,68
1655954397783,COGS 101A,A01,083621,Davis; Joshua Daniel,4,3,68,64
1655954403807,COGS 101B,A01,091572,Allen; Michael Gordon,0,0,65,65
1655954409834,COGS 101C,A01,083625,Delgado; Tania,7,0,35,28
1655954415862,COGS 107A,A01,083627,Boyle; Mary E. T.,1,2,60,59
1655954421885,COGS 118A,A01,083075,Gupta; Anjum,20,16,76,56
1655954427915,CSE 3,A50,083646,Miranda; Gregory Joseph,14,0,50,36
1655954433937,CSE 8A,A50,083650,Miranda; Gregory Joseph,3,11,56,53
1655954439967,CSE 11,A01,083080,Cao; Yingjun,0,68,40,40
1655954445995,CSE 12,A01,083652,Krause-Levy; Sophia Louisa,6,8,120,114
1655954452018,CSE 15L,A01,083654,Morris; Justin Loren,3,1,50,47
1655954452018,CSE 15L,A02,083655,Morris; Justin Loren,1,1,50,49
1655954458041,CSE 20,A01,083657,Tran; Khoa Dang,29,0,80,51
1655954464064,CSE 21,A01,095574,Bach; Quang Tran,23,0,48,25
1655954470097,CSE 30,A01,083084,Eldon; John,2,10,80,78
1655954470097,CSE 30,B01,095061,Bhaskar; Nishant,0,4,50,50
1655954476119,CSE 100,A01,083659,Cao; Yingjun,2,25,70,68
1655954482146,CSE 134B,A01,083661,Powell; Thomas Allan,5,7,100,95
1655954488170,CSE 140,A01,083663,Gungor; Onat,5,0,85,80
1655954494197,CSE 140L,A01,083088,Eldon; John,5,0,100,95
1655954500225,CSE 175,A01,083665,Kumar; Rakesh,1,0,25,24
1655954506252,CSE 190,A00,092507,Dubnov; Shlomo,1,0,20,19
1655954512277,ECE 45,A01,083139,Congero; Spencer William,0,1,75,75
1655954518299,ECE 65,A50,083695,Saad; Andrew S,6,0,30,24
1655954518299,ECE 65,A51,095125,Staff,23,0,26,3
1655954524326,ECE 109,A01,091882,Touri; Behrouz,2,4,70,68
1655954530351,ECE 180,A00,083140,Abi Samra; Nicholas Camill,1,0,30,29
1655954530351,ECE 180,B00,083141,Abi Samra; Nicholas Camill,0,9,28,28
1655954536374,MATH 10A,A01,083735,Patchell; Gregory David,0,0,30,30
1655954536374,MATH 10A,A02,083736,Patchell; Gregory David,21,0,30,9
1655954536374,MATH 10A,A03,083737,Patchell; Gregory David,16,0,30,14
1655954542399,MATH 10B,A01,083207,Lim; Seonhee,1,1,34,33
1655954542399,MATH 10B,A02,083208,Lim; Seonhee,1,1,35,34
1655954542399,MATH 10B,A03,093472,Staff,1,0,34,33
1655954542399,MATH 10B,B01,083739,Sinha; Shubham,9,0,30,21
1655954548425,MATH 18,A01,083743,Cinel; Cameron Alexander,4,0,30,26
1655954548425,MATH 18,A02,083744,Cinel; Cameron Alexander,11,0,30,19
1655954548425,MATH 18,A03,083745,Cinel; Cameron Alexander,1,0,30,29
1655954548425,MATH 18,B01,083748,Ma; Zilu,2,0,36,34
1655954548425,MATH 18,B02,083749,Ma; Zilu,0,0,36,36
1655954548425,MATH 18,B03,083750,Ma; Zilu,0,0,36,36
1655954548425,MATH 18,B04,083751,Ma; Zilu,0,0,36,36
1655954548425,MATH 18,B05,093473,Staff,0,0,36,36
1655954548425,MATH 18,B06,093474,Staff,0,0,36,36
1655954554448,MATH 20A,A01,083754,Zheng; Zequn,10,0,40,30
1655954560469,MATH 20B,A01,083756,Briones; Jor-el Thomas Caparas,0,1,36,36
1655954560469,MATH 20B,A02,083757,Briones; Jor-el Thomas Caparas,1,0,36,35
1655954560469,MATH 20B,A03,093475,Staff,1,0,36,35
1655954566492,MATH 20C,A01,083760,Briones; Jor-el Thomas Caparas,0,2,35,35
1655954566492,MATH 20C,A02,083761,Briones; Jor-el Thomas Caparas,6,1,35,29
1655954566492,MATH 20C,A03,093476,Staff,1,0,35,34
1655954566492,MATH 20C,B01,083762,Bach; Quang Tran,3,0,30,27
1655954572517,MATH 20D,A01,083765,Tran; Brian Kha,1,0,30,29
1655954572517,MATH 20D,A02,083766,Tran; Brian Kha,0,1,30,30
1655954572517,MATH 20D,A03,083767,Tran; Brian Kha,1,0,30,29
1655954578541,MATH 20E,A01,083771,Ganguly; Soumya,0,0,32,32
1655954578541,MATH 20E,A02,083772,Ganguly; Soumya,1,1,32,31
1655954578541,MATH 20E,B01,083773,Ciotti; Benjamin,13,0,35,22
1655954578541,MATH 20E,B02,083774,Ciotti; Benjamin,12,0,35,23
1655954584572,MATH 103A,A01,083777,Greenfeld; Be'Eri,2,1,36,34
1655954584572,MATH 103A,A02,083778,Greenfeld; Be'Eri,2,0,36,34
1655954584572,MATH 103A,A03,093561,Staff,0,1,36,36
1655954584572,MATH 103A,B01,083779,Greenfeld; Be'Eri,7,1,36,29
1655954584572,MATH 103A,B02,083780,Greenfeld; Be'Eri,1,0,36,35
1655954584572,MATH 103A,B03,093562,Staff,0,0,36,36
1655954590596,MATH 105,A01,085443,Carter; Anne Toulson,3,1,35,32
1655954590596,MATH 105,A02,093477,Staff,7,0,35,28
1655954596619,MATH 109,A01,083213,Ganzberger; Geoffrey Michael,0,1,34,34
1655954596619,MATH 109,A02,083214,Ganzberger; Geoffrey Michael,1,0,34,33
1655954596619,MATH 109,A03,093478,Staff,1,0,34,33
1655954596619,MATH 109,B01,083215,Ganzberger; Geoffrey Michael,2,0,32,30
1655954596619,MATH 109,B02,083216,Ganzberger; Geoffrey Michael,0,0,32,32
1655954596619,MATH 109,B03,093479,Staff,4,0,32,28
1655954602651,MATH 142A,A01,083219,Chow; Bennett,0,0,32,32
1655954602651,MATH 142A,A02,083220,Chow; Bennett,7,0,32,25
1655954602651,MATH 142A,A03,093480,Staff,4,0,32,28
1655954602651,MATH 142A,B03,093481,Staff,3,0,32,29
1655954602651,MATH 142A,B04,093558,Staff,6,0,32,26
1655954602651,MATH 142A,B05,093559,Staff,0,0,32,32
1655954608676,MATH 193A,A01,083224,Rotar; Vladimir,1,1,34,33
1655954608676,MATH 193A,A02,083225,Rotar; Vladimir,0,0,34,34
1655954608676,MATH 193A,A03,083781,Rotar; Vladimir,2,0,34,32
1655954608676,MATH 193A,A04,083782,Rotar; Vladimir,2,0,34,32
1655954608676,MATH 193A,A05,093482,Rotar; Vladimir,1,0,34,33
1655954614704,MATH 197,001,091859,McAuley; Julian John,9999,0,9999,0
1655954614704,MATH 197,002,095566,Kedlaya; Kiran S.,9997,0,9999,2
1655954614704,MATH 197,003,095567,Xiao; Ming,9999,0,9999,0
1655954614704,MATH 197,004,095571,Perols; Johan Lars,9998,0,9999,1
1655954621773,COGS 9,A01,083615,Shannon; Kyle Michael,3,1,75,72
1655954627797,COGS 11,A01,083617,Boyle; Mary E. T.,11,1,48,37
1655954633820,COGS 13,A01,083071,Bastos; Amalia Pinkusfeld,3,2,71,68
1655954639847,COGS 14A,A01,092681,Staff,2,25,100,98
1655954645872,COGS 14B,A01,083073,Cheng; Tzu-Han,7,0,63,56
1655954651898,COGS 17,A01,092677,Staff,8,7,81,73
1655954657924,COGS 100,A01,083619,Allen; Michael Gordon,2,2,70,68
1655954663953,COGS 101A,A01,083621,Davis; Joshua Daniel,4,3,68,64
1655954669979,COGS 101B,A01,091572,Allen; Michael Gordon,0,0,65,65
1655954676002,COGS 101C,A01,083625,Delgado; Tania,7,0,35,28
1655954682026,COGS 107A,A01,083627,Boyle; Mary E. T.,1,2,60,59
1655954688051,COGS 118A,A01,083075,Gupta; Anjum,20,16,76,56
1655954694079,CSE 3,A50,083646,Miranda; Gregory Joseph,14,0,50,36
1655954700101,CSE 8A,A50,083650,Miranda; Gregory Joseph,3,11,56,53
1655954706126,CSE 11,A01,083080,Cao; Yingjun,0,68,40,40
1655954712151,CSE 12,A01,083652,Krause-Levy; Sophia Louisa,6,8,120,114
1655954718184,CSE 15L,A01,083654,Morris; Justin Loren,3,1,50,47
1655954718184,CSE 15L,A02,083655,Morris; Justin Loren,1,1,50,49
1655954724216,CSE 20,A01,083657,Tran; Khoa Dang,29,0,80,51
1655954730238,CSE 21,A01,095574,Bach; Quang Tran,23,0,48,25
1655954736261,CSE 30,A01,083084,Eldon; John,2,10,80,78
1655954736261,CSE 30,B01,095061,Bhaskar; Nishant,0,4,50,50
1655954742292,CSE 100,A01,083659,Cao; Yingjun,2,25,70,68
1655954748324,CSE 134B,A01,083661,Powell; Thomas Allan,5,7,100,95
1655954754348,CSE 140,A01,083663,Gungor; Onat,5,0,85,80
1655954760371,CSE 140L,A01,083088,Eldon; John,5,0,100,95
1655954766397,CSE 175,A01,083665,Kumar; Rakesh,1,0,25,24
1655954772419,CSE 190,A00,092507,Dubnov; Shlomo,1,0,20,19
1655954778444,ECE 45,A01,083139,Congero; Spencer William,0,1,75,75
1655954784468,ECE 65,A50,083695,Saad; Andrew S,6,0,30,24
1655954784468,ECE 65,A51,095125,Staff,23,0,26,3
1655954790491,ECE 109,A01,091882,Touri; Behrouz,2,4,70,68
1655954796525,ECE 180,A00,083140,Abi Samra; Nicholas Camill,1,0,30,29
1655954796525,ECE 180,B00,083141,Abi Samra; Nicholas Camill,0,9,28,28
1655954802552,MATH 10A,A01,083735,Patchell; Gregory David,0,0,30,30
1655954802552,MATH 10A,A02,083736,Patchell; Gregory David,21,0,30,9
1655954802552,MATH 10A,A03,083737,Patchell; Gregory David,16,0,30,14
1655954808580,MATH 10B,A01,083207,Lim; Seonhee,1,1,34,33
1655954808580,MATH 10B,A02,083208,Lim; Seonhee,1,1,35,34
1655954808580,MATH 10B,A03,093472,Staff,1,0,34,33
1655954808580,MATH 10B,B01,083739,Sinha; Shubham,9,0,30,21
1655954814605,MATH 18,A01,083743,Cinel; Cameron Alexander,4,0,30,26
1655954814605,MATH 18,A02,083744,Cinel; Cameron Alexander,11,0,30,19
1655954814605,MATH 18,A03,083745,Cinel; Cameron Alexander,1,0,30,29
1655954814605,MATH 18,B01,083748,Ma; Zilu,2,0,36,34
1655954814605,MATH 18,B02,083749,Ma; Zilu,0,0,36,36
1655954814605,MATH 18,B03,083750,Ma; Zilu,0,0,36,36
1655954814605,MATH 18,B04,083751,Ma; Zilu,0,0,36,36
1655954814605,MATH 18,B05,093473,Staff,0,0,36,36
1655954814605,MATH 18,B06,093474,Staff,0,0,36,36
1655954820628,MATH 20A,A01,083754,Zheng; Zequn,10,0,40,30
1655954826663,MATH 20B,A01,083756,Briones; Jor-el Thomas Caparas,0,1,36,36
1655954826663,MATH 20B,A02,083757,Briones; Jor-el Thomas Caparas,1,0,36,35
1655954826663,MATH 20B,A03,093475,Staff,1,0,36,35
1655954832692,MATH 20C,A01,083760,Briones; Jor-el Thomas Caparas,0,2,35,35
1655954832692,MATH 20C,A02,083761,Briones; Jor-el Thomas Caparas,6,1,35,29
1655954832692,MATH 20C,A03,093476,Staff,1,0,35,34
1655954832692,MATH 20C,B01,083762,Bach; Quang Tran,3,0,30,27
1655954838714,MATH 20D,A01,083765,Tran; Brian Kha,1,0,30,29
1655954838714,MATH 20D,A02,083766,Tran; Brian Kha,0,1,30,30
1655954838714,MATH 20D,A03,083767,Tran; Brian Kha,1,0,30,29
1655954844743,MATH 20E,A01,083771,Ganguly; Soumya,0,0,32,32
1655954844743,MATH 20E,A02,083772,Ganguly; Soumya,1,1,32,31
1655954844743,MATH 20E,B01,083773,Ciotti; Benjamin,13,0,35,22
1655954844743,MATH 20E,B02,083774,Ciotti; Benjamin,12,0,35,23
1655954850769,MATH 103A,A01,083777,Greenfeld; Be'Eri,2,1,36,34
1655954850769,MATH 103A,A02,083778,Greenfeld; Be'Eri,2,0,36,34
1655954850769,MATH 103A,A03,093561,Staff,0,1,36,36
1655954850769,MATH 103A,B01,083779,Greenfeld; Be'Eri,7,1,36,29
1655954850769,MATH 103A,B02,083780,Greenfeld; Be'Eri,1,0,36,35
1655954850769,MATH 103A,B03,093562,Staff,0,0,36,36
1655954856797,MATH 105,A01,085443,Carter; Anne Toulson,3,1,35,32
1655954856797,MATH 105,A02,093477,Staff,7,0,35,28
1655954862823,MATH 109,A01,083213,Ganzberger; Geoffrey Michael,0,1,34,34
1655954862823,MATH 109,A02,083214,Ganzberger; Geoffrey Michael,1,0,34,33
1655954862823,MATH 109,A03,093478,Staff,1,0,34,33
1655954862823,MATH 109,B01,083215,Ganzberger; Geoffrey Michael,2,0,32,30
1655954862823,MATH 109,B02,083216,Ganzberger; Geoffrey Michael,0,0,32,32
1655954862823,MATH 109,B03,093479,Staff,4,0,32,28
1655954868847,MATH 142A,A01,083219,Chow; Bennett,0,0,32,32
1655954868847,MATH 142A,A02,083220,Chow; Bennett,7,0,32,25
1655954868847,MATH 142A,A03,093480,Staff,4,0,32,28
1655954868847,MATH 142A,B03,093481,Staff,3,0,32,29
1655954868847,MATH 142A,B04,093558,Staff,6,0,32,26
1655954868847,MATH 142A,B05,093559,Staff,0,0,32,32
1655954874872,MATH 193A,A01,083224,Rotar; Vladimir,1,1,34,33
1655954874872,MATH 193A,A02,083225,Rotar; Vladimir,0,0,34,34
1655954874872,MATH 193A,A03,083781,Rotar; Vladimir,2,0,34,32
1655954874872,MATH 193A,A04,083782,Rotar; Vladimir,2,0,34,32
1655954874872,MATH 193A,A05,093482,Rotar; Vladimir,1,0,34,33
1655954880902,MATH 197,001,091859,McAuley; Julian John,9999,0,9999,0
1655954880902,MATH 197,002,095566,Kedlaya; Kiran S.,9997,0,9999,2
1655954880902,MATH 197,003,095567,Xiao; Ming,9999,0,9999,0
1655954880902,MATH 197,004,095571,Perols; Johan Lars,9998,0,9999,1
1655954887967,COGS 9,A01,083615,Shannon; Kyle Michael,3,1,75,72
1655954893995,COGS 11,A01,083617,Boyle; Mary E. T.,11,1,48,37
1655954900019,COGS 13,A01,083071,Bastos; Amalia Pinkusfeld,3,2,71,68
1655954906051,COGS 14A,A01,092681,Staff,2,25,100,98
1655954912075,COGS 14B,A01,083073,Cheng; Tzu-Han,7,0,63,56
1655954918104,COGS 17,A01,092677,Staff,8,7,81,73
1655954924128,COGS 100,A01,083619,Allen; Michael Gordon,2,2,70,68
1655954930153,COGS 101A,A01,083621,Davis; Joshua Daniel,4,3,68,64
1655954936178,COGS 101B,A01,091572,Allen; Michael Gordon,0,0,65,65
1655954942204,COGS 101C,A01,083625,Delgado; Tania,7,0,35,28
1655954948227,COGS 107A,A01,083627,Boyle; Mary E. T.,1,2,60,59
1655954954266,COGS 118A,A01,083075,Gupta; Anjum,20,16,76,56
1655954960290,CSE 3,A50,083646,Miranda; Gregory Joseph,14,0,50,36
1655954966327,CSE 8A,A50,083650,Miranda; Gregory Joseph,3,11,56,53
1655954972352,CSE 11,A01,083080,Cao; Yingjun,0,68,40,40
1655954978380,CSE 12,A01,083652,Krause-Levy; Sophia Louisa,6,8,120,114
1655954984414,CSE 15L,A01,083654,Morris; Justin Loren,3,1,50,47
1655954984414,CSE 15L,A02,083655,Morris; Justin Loren,1,1,50,49
1655954990526,CSE 20,A01,083657,Tran; Khoa Dang,29,0,80,51
1655954996550,CSE 21,A01,095574,Bach; Quang Tran,23,0,48,25
1655955002571,CSE 30,A01,083084,Eldon; John,2,10,80,78
1655955002571,CSE 30,B01,095061,Bhaskar; Nishant,0,4,50,50
1655955008593,CSE 100,A01,083659,Cao; Yingjun,2,25,70,68
1655955014621,CSE 134B,A01,083661,Powell; Thomas Allan,5,7,100,95
1655955020645,CSE 140,A01,083663,Gungor; Onat,5,0,85,80
1655955026670,CSE 140L,A01,083088,Eldon; John,5,0,100,95
1655955032693,CSE 175,A01,083665,Kumar; Rakesh,1,0,25,24
1655955038716,CSE 190,A00,092507,Dubnov; Shlomo,1,0,20,19
1655955044744,ECE 45,A01,083139,Congero; Spencer William,0,1,75,75
1655955050773,ECE 65,A50,083695,Saad; Andrew S,6,0,30,24
1655955050773,ECE 65,A51,095125,Staff,23,0,26,3
1655955056797,ECE 109,A01,091882,Touri; Behrouz,2,4,70,68
1655955062829,ECE 180,A00,083140,Abi Samra; Nicholas Camill,1,0,30,29
1655955062829,ECE 180,B00,083141,Abi Samra; Nicholas Camill,0,9,28,28
1655955068857,MATH 10A,A01,083735,Patchell; Gregory David,0,0,30,30
1655955068857,MATH 10A,A02,083736,Patchell; Gregory David,21,0,30,9
1655955068857,MATH 10A,A03,083737,Patchell; Gregory David,16,0,30,14
1655955074881,MATH 10B,A01,083207,Lim; Seonhee,1,1,34,33
1655955074881,MATH 10B,A02,083208,Lim; Seonhee,1,1,35,34
1655955074881,MATH 10B,A03,093472,Staff,1,0,34,33
1655955074881,MATH 10B,B01,083739,Sinha; Shubham,9,0,30,21
1655955080911,MATH 18,A01,083743,Cinel; Cameron Alexander,4,0,30,26
1655955080911,MATH 18,A02,083744,Cinel; Cameron Alexander,11,0,30,19
1655955080911,MATH 18,A03,083745,Cinel; Cameron Alexander,1,0,30,29
1655955080911,MATH 18,B01,083748,Ma; Zilu,2,0,36,34
1655955080911,MATH 18,B02,083749,Ma; Zilu,0,0,36,36
1655955080911,MATH 18,B03,083750,Ma; Zilu,0,0,36,36
1655955080911,MATH 18,B04,083751,Ma; Zilu,0,0,36,36
1655955080911,MATH 18,B05,093473,Staff,0,0,36,36
1655955080911,MATH 18,B06,093474,Staff,0,0,36,36
1655955086940,MATH 20A,A01,083754,Zheng; Zequn,10,0,40,30
1655955092964,MATH 20B,A01,083756,Briones; Jor-el Thomas Caparas,0,1,36,36
1655955092964,MATH 20B,A02,083757,Briones; Jor-el Thomas Caparas,1,0,36,35
1655955092964,MATH 20B,A03,093475,Staff,1,0,36,35
1655955098996,MATH 20C,A01,083760,Briones; Jor-el Thomas Caparas,0,2,35,35
1655955098996,MATH 20C,A02,083761,Briones; Jor-el Thomas Caparas,6,1,35,29
1655955098996,MATH 20C,A03,093476,Staff,1,0,35,34
1655955098996,MATH 20C,B01,083762,Bach; Quang Tran,3,0,30,27
1655955105023,MATH 20D,A01,083765,Tran; Brian Kha,1,0,30,29
1655955105023,MATH 20D,A02,083766,Tran; Brian Kha,0,1,30,30
1655955105023,MATH 20D,A03,083767,Tran; Brian Kha,1,0,30,29
1655955111051,MATH 20E,A01,083771,Ganguly; Soumya,0,0,32,32
1655955111051,MATH 20E,A02,083772,Ganguly; Soumya,1,1,32,31
1655955111051,MATH 20E,B01,083773,Ciotti; Benjamin,13,0,35,22
1655955111051,MATH 20E,B02,083774,Ciotti; Benjamin,12,0,35,23
1655955117084,MATH 103A,A01,083777,Greenfeld; Be'Eri,2,1,36,34
1655955117084,MATH 103A,A02,083778,Greenfeld; Be'Eri,2,0,36,34
1655955117084,MATH 103A,A03,093561,Staff,0,1,36,36
1655955117084,MATH 103A,B01,083779,Greenfeld; Be'Eri,7,1,36,29
1655955117084,MATH 103A,B02,083780,Greenfeld; Be'Eri,1,0,36,35
1655955117084,MATH 103A,B03,093562,Staff,0,0,36,36
1655955123108,MATH 105,A01,085443,Carter; Anne Toulson,3,1,35,32
1655955123108,MATH 105,A02,093477,Staff,7,0,35,28
1655955129139,MATH 109,A01,083213,Ganzberger; Geoffrey Michael,0,1,34,34
1655955129139,MATH 109,A02,083214,Ganzberger; Geoffrey Michael,1,0,34,33
1655955129139,MATH 109,A03,093478,Staff,1,0,34,33
1655955129139,MATH 109,B01,083215,Ganzberger; Geoffrey Michael,2,0,32,30
1655955129139,MATH 109,B02,083216,Ganzberger; Geoffrey Michael,0,0,32,32
1655955129139,MATH 109,B03,093479,Staff,4,0,32,28
1655955135170,MATH 142A,A01,083219,Chow; Bennett,0,0,32,32
1655955135170,MATH 142A,A02,083220,Chow; Bennett,7,0,32,25
1655955135170,MATH 142A,A03,093480,Staff,4,0,32,28
1655955135170,MATH 142A,B03,093481,Staff,3,0,32,29
1655955135170,MATH 142A,B04,093558,Staff,6,0,32,26
1655955135170,MATH 142A,B05,093559,Staff,0,0,32,32
1655955141193,MATH 193A,A01,083224,Rotar; Vladimir,1,1,34,33
1655955141193,MATH 193A,A02,083225,Rotar; Vladimir,0,0,34,34
1655955141193,MATH 193A,A03,083781,Rotar; Vladimir,2,0,34,32
1655955141193,MATH 193A,A04,083782,Rotar; Vladimir,2,0,34,32
1655955141193,MATH 193A,A05,093482,Rotar; Vladimir,1,0,34,33
1655955147218,MATH 197,001,091859,McAuley; Julian John,9999,0,9999,0
1655955147218,MATH 197,002,095566,Kedlaya; Kiran S.,9997,0,9999,2
1655955147218,MATH 197,003,095567,Xiao; Ming,9999,0,9999,0
1655955147218,MATH 197,004,095571,Perols; Johan Lars,9998,0,9999,1
1655955154295,COGS 9,A01,083615,Shannon; Kyle Michael,3,1,75,72
1655955160318,COGS 11,A01,083617,Boyle; Mary E. T.,11,1,48,37
1655955166345,COGS 13,A01,083071,Bastos; Amalia Pinkusfeld,3,2,71,68
1655955172382,COGS 14A,A01,092681,Staff,2,25,100,98
1655955178408,COGS 14B,A01,083073,Cheng; Tzu-Han,7,0,63,56
1655955184429,COGS 17,A01,092677,Staff,8,7,81,73
1655955190460,COGS 100,A01,083619,Allen; Michael Gordon,2,2,70,68
1655955196482,COGS 101A,A01,083621,Davis; Joshua Daniel,4,3,68,64
1655955202504,COGS 101B,A01,091572,Allen; Michael Gordon,0,0,65,65
1655955208529,COGS 101C,A01,083625,Delgado; Tania,7,0,35,28
1655955214558,COGS 107A,A01,083627,Boyle; Mary E. T.,1,2,60,59
1655955220580,COGS 118A,A01,083075,Gupta; Anjum,20,16,76,56
1655955226616,CSE 3,A50,083646,Miranda; Gregory Joseph,14,0,50,36
1655955232641,CSE 8A,A50,083650,Miranda; Gregory Joseph,3,11,56,53
1655955238666,CSE 11,A01,083080,Cao; Yingjun,0,68,40,40
1655955244700,CSE 12,A01,083652,Krause-Levy; Sophia Louisa,6,8,120,114
1655955250728,CSE 15L,A01,083654,Morris; Justin Loren,3,1,50,47
1655955250728,CSE 15L,A02,083655,Morris; Justin Loren,1,1,50,49
1655955256752,CSE 20,A01,083657,Tran; Khoa Dang,29,0,80,51
1655955262776,CSE 21,A01,095574,Bach; Quang Tran,23,0,48,25
1655955268803,CSE 30,A01,083084,Eldon; John,2,10,80,78
1655955268803,CSE 30,B01,095061,Bhaskar; Nishant,0,4,50,50
1655955274825,CSE 100,A01,083659,Cao; Yingjun,2,25,70,68
1655955280851,CSE 134B,A01,083661,Powell; Thomas Allan,5,7,100,95
1655955286882,CSE 140,A01,083663,Gungor; Onat,5,0,85,80
1655955292904,CSE 140L,A01,083088,Eldon; John,5,0,100,95
1655955298927,CSE 175,A01,083665,Kumar; Rakesh,1,0,25,24
1655955304953,CSE 190,A00,092507,Dubnov; Shlomo,1,0,20,19
1655955310977,ECE 45,A01,083139,Congero; Spencer William,0,1,75,75
1655955317013,ECE 65,A50,083695,Saad; Andrew S,6,0,30,24
1655955317013,ECE 65,A51,095125,Staff,23,0,26,3
1655955323036,ECE 109,A01,091882,Touri; Behrouz,2,4,70,68
1655955329061,ECE 180,A00,083140,Abi Samra; Nicholas Camill,1,0,30,29
1655955329061,ECE 180,B00,083141,Abi Samra; Nicholas Camill,0,9,28,28
1655955335087,MATH 10A,A01,083735,Patchell; Gregory David,0,0,30,30
1655955335087,MATH 10A,A02,083736,Patchell; Gregory David,21,0,30,9
1655955335087,MATH 10A,A03,083737,Patchell; Gregory David,16,0,30,14
1655955341119,MATH 10B,A01,083207,Lim; Seonhee,1,1,34,33
1655955341119,MATH 10B,A02,083208,Lim; Seonhee,1,1,35,34
1655955341119,MATH 10B,A03,093472,Staff,1,0,34,33
1655955341119,MATH 10B,B01,083739,Sinha; Shubham,9,0,30,21
1655955347156,MATH 18,A01,083743,Cinel; Cameron Alexander,4,0,30,26
1655955347156,MATH 18,A02,083744,Cinel; Cameron Alexander,11,0,30,19
1655955347156,MATH 18,A03,083745,Cinel; Cameron Alexander,1,0,30,29
1655955347156,MATH 18,B01,083748,Ma; Zilu,2,0,36,34
1655955347156,MATH 18,B02,083749,Ma; Zilu,0,0,36,36
1655955347156,MATH 18,B03,083750,Ma; Zilu,0,0,36,36
1655955347156,MATH 18,B04,083751,Ma; Zilu,0,0,36,36
1655955347156,MATH 18,B05,093473,Staff,0,0,36,36
1655955347156,MATH 18,B06,093474,Staff,0,0,36,36
1655955353179,MATH 20A,A01,083754,Zheng; Zequn,10,0,40,30
1655955359203,MATH 20B,A01,083756,Briones; Jor-el Thomas Caparas,0,1,36,36
1655955359203,MATH 20B,A02,083757,Briones; Jor-el Thomas Caparas,1,0,36,35
1655955359203,MATH 20B,A03,093475,Staff,1,0,36,35
1655955365233,MATH 20C,A01,083760,Briones; Jor-el Thomas Caparas,0,2,35,35
1655955365233,MATH 20C,A02,083761,Briones; Jor-el Thomas Caparas,6,1,35,29
1655955365233,MATH 20C,A03,093476,Staff,1,0,35,34
1655955365233,MATH 20C,B01,083762,Bach; Quang Tran,3,0,30,27
1655955371260,MATH 20D,A01,083765,Tran; Brian Kha,1,0,30,29
1655955371260,MATH 20D,A02,083766,Tran; Brian Kha,0,1,30,30
1655955371260,MATH 20D,A03,083767,Tran; Brian Kha,1,0,30,29
1655955377287,MATH 20E,A01,083771,Ganguly; Soumya,0,0,32,32
1655955377287,MATH 20E,A02,083772,Ganguly; Soumya,1,1,32,31
1655955377287,MATH 20E,B01,083773,Ciotti; Benjamin,13,0,35,22
1655955377287,MATH 20E,B02,083774,Ciotti; Benjamin,12,0,35,23
1655955383324,MATH 103A,A01,083777,Greenfeld; Be'Eri,2,1,36,34
1655955383324,MATH 103A,A02,083778,Greenfeld; Be'Eri,2,0,36,34
1655955383324,MATH 103A,A03,093561,Staff,0,1,36,36
1655955383324,MATH 103A,B01,083779,Greenfeld; Be'Eri,7,1,36,29
1655955383324,MATH 103A,B02,083780,Greenfeld; Be'Eri,1,0,36,35
1655955383324,MATH 103A,B03,093562,Staff,0,0,36,36
1655955389351,MATH 105,A01,085443,Carter; Anne Toulson,3,1,35,32
1655955389351,MATH 105,A02,093477,Staff,7,0,35,28
1655955395375,MATH 109,A01,083213,Ganzberger; Geoffrey Michael,0,1,34,34
1655955395375,MATH 109,A02,083214,Ganzberger; Geoffrey Michael,1,0,34,33
1655955395375,MATH 109,A03,093478,Staff,1,0,34,33
1655955395375,MATH 109,B01,083215,Ganzberger; Geoffrey Michael,2,0,32,30
1655955395375,MATH 109,B02,083216,Ganzberger; Geoffrey Michael,0,0,32,32
1655955395375,MATH 109,B03,093479,Staff,4,0,32,28
1655955401398,MATH 142A,A01,083219,Chow; Bennett,0,0,32,32
1655955401398,MATH 142A,A02,083220,Chow; Bennett,7,0,32,25
1655955401398,MATH 142A,A03,093480,Staff,4,0,32,28
1655955401398,MATH 142A,B03,093481,Staff,3,0,32,29
1655955401398,MATH 142A,B04,093558,Staff,6,0,32,26
1655955401398,MATH 142A,B05,093559,Staff,0,0,32,32
1655955407422,MATH 193A,A01,083224,Rotar; Vladimir,1,1,34,33
1655955407422,MATH 193A,A02,083225,Rotar; Vladimir,0,0,34,34
1655955407422,MATH 193A,A03,083781,Rotar; Vladimir,2,0,34,32
1655955407422,MATH 193A,A04,083782,Rotar; Vladimir,2,0,34,32
1655955407422,MATH 193A,A05,093482,Rotar; Vladimir,1,0,34,33
1655955413449,MATH 197,001,091859,McAuley; Julian John,9999,0,9999,0
1655955413449,MATH 197,002,095566,Kedlaya; Kiran S.,9997,0,9999,2
1655955413449,MATH 197,003,095567,Xiao; Ming,9999,0,9999,0
1655955413449,MATH 197,004,095571,Perols; Johan Lars,9998,0,9999,1
1655955420507,COGS 9,A01,083615,Shannon; Kyle Michael,3,1,75,72
1655955426531,COGS 11,A01,083617,Boyle; Mary E. T.,11,1,48,37
1655955432564,COGS 13,A01,083071,Bastos; Amalia Pinkusfeld,3,2,71,68
1655955438593,COGS 14A,A01,092681,Staff,2,25,100,98
1655955444617,COGS 14B,A01,083073,Cheng; Tzu-Han,7,0,63,56
1655955450642,COGS 17,A01,092677,Staff,8,7,81,73
1655955456673,COGS 100,A01,083619,Allen; Michael Gordon,2,2,70,68
1655955462697,COGS 101A,A01,083621,Davis; Joshua Daniel,4,3,68,64
1655955468721,COGS 101B,A01,091572,Allen; Michael Gordon,0,0,65,65
1655955474746,COGS 101C,A01,083625,Delgado; Tania,7,0,35,28
1655955480769,COGS 107A,A01,083627,Boyle; Mary E. T.,1,2,60,59
1655955486798,COGS 118A,A01,083075,Gupta; Anjum,20,16,76,56
1655955492823,CSE 3,A50,083646,Miranda; Gregory Joseph,14,0,50,36
1655955498850,CSE 8A,A50,083650,Miranda; Gregory Joseph,3,11,56,53
1655955504873,CSE 11,A01,083080,Cao; Yingjun,0,68,40,40
1655955510897,CSE 12,A01,083652,Krause-Levy; Sophia Louisa,6,8,120,114
1655955516929,CSE 15L,A01,083654,Morris; Justin Loren,3,1,50,47
1655955516929,CSE 15L,A02,083655,Morris; Justin Loren,1,1,50,49
1655955522957,CSE 20,A01,083657,Tran; Khoa Dang,29,0,80,51
1655955528979,CSE 21,A01,095574,Bach; Quang Tran,23,0,48,25
1655955535002,CSE 30,A01,083084,Eldon; John,2,10,80,78
1655955535002,CSE 30,B01,095061,Bhaskar; Nishant,0,4,50,50
1655955541029,CSE 100,A01,083659,Cao; Yingjun,2,25,70,68
1655955547070,CSE 134B,A01,083661,Powell; Thomas Allan,5,7,100,95
1655955553098,CSE 140,A01,083663,Gungor; Onat,5,0,85,80
1655955559120,CSE 140L,A01,083088,Eldon; John,5,0,100,95
1655955565159,CSE 175,A01,083665,Kumar; Rakesh,1,0,25,24
1655955571185,CSE 190,A00,092507,Dubnov; Shlomo,1,0,20,19
1655955577209,ECE 45,A01,083139,Congero; Spencer William,0,1,75,75
1655955583233,ECE 65,A50,083695,Saad; Andrew S,6,0,30,24
1655955583233,ECE 65,A51,095125,Staff,23,0,26,3
1655955589370,ECE 109,A01,091882,Touri; Behrouz,2,4,70,68
1655955595392,ECE 180,A00,083140,Abi Samra; Nicholas Camill,1,0,30,29
1655955595392,ECE 180,B00,083141,Abi Samra; Nicholas Camill,0,9,28,28
1655955601416,MATH 10A,A01,083735,Patchell; Gregory David,0,0,30,30
1655955601416,MATH 10A,A02,083736,Patchell; Gregory David,21,0,30,9
1655955601416,MATH 10A,A03,083737,Patchell; Gregory David,16,0,30,14
1655955607484,MATH 10B,A01,083207,Lim; Seonhee,1,1,34,33
1655955607484,MATH 10B,A02,083208,Lim; Seonhee,1,1,35,34
1655955607484,MATH 10B,A03,093472,Staff,1,0,34,33
1655955607484,MATH 10B,B01,083739,Sinha; Shubham,9,0,30,21
1655955613515,MATH 18,A01,083743,Cinel; Cameron Alexander,4,0,30,26
1655955613515,MATH 18,A02,083744,Cinel; Cameron Alexander,11,0,30,19
1655955613515,MATH 18,A03,083745,Cinel; Cameron Alexander,1,0,30,29
1655955613515,MATH 18,B01,083748,Ma; Zilu,2,0,36,34
1655955613515,MATH 18,B02,083749,Ma; Zilu,0,0,36,36
1655955613515,MATH 18,B03,083750,Ma; Zilu,0,0,36,36
1655955613515,MATH 18,B04,083751,Ma; Zilu,0,0,36,36
1655955613515,MATH 18,B05,093473,Staff,0,0,36,36
1655955613515,MATH 18,B06,093474,Staff,0,0,36,36
1655955619540,MATH 20A,A01,083754,Zheng; Zequn,10,0,40,30
1655955625573,MATH 20B,A01,083756,Briones; Jor-el Thomas Caparas,0,1,36,36
1655955625573,MATH 20B,A02,083757,Briones; Jor-el Thomas Caparas,1,0,36,35
1655955625573,MATH 20B,A03,093475,Staff,1,0,36,35
1655955631596,MATH 20C,A01,083760,Briones; Jor-el Thomas Caparas,0,2,35,35
1655955631596,MATH 20C,A02,083761,Briones; Jor-el Thomas Caparas,6,1,35,29
1655955631596,MATH 20C,A03,093476,Staff,1,0,35,34
1655955631596,MATH 20C,B01,083762,Bach; Quang Tran,3,0,30,27
1655955637618,MATH 20D,A01,083765,Tran; Brian Kha,1,0,30,29
1655955637618,MATH 20D,A02,083766,Tran; Brian Kha,0,1,30,30
1655955637618,MATH 20D,A03,083767,Tran; Brian Kha,1,0,30,29
1655955643646,MATH 20E,A01,083771,Ganguly; Soumya,0,0,32,32
1655955643646,MATH 20E,A02,083772,Ganguly; Soumya,1,1,32,31
1655955643646,MATH 20E,B01,083773,Ciotti; Benjamin,13,0,35,22
1655955643646,MATH 20E,B02,083774,Ciotti; Benjamin,12,0,35,23
1655955649697,MATH 103A,A01,083777,Greenfeld; Be'Eri,2,1,36,34
1655955649697,MATH 103A,A02,083778,Greenfeld; Be'Eri,2,0,36,34
1655955649697,MATH 103A,A03,093561,Staff,0,1,36,36
1655955649697,MATH 103A,B01,083779,Greenfeld; Be'Eri,7,1,36,29
1655955649697,MATH 103A,B02,083780,Greenfeld; Be'Eri,1,0,36,35
1655955649697,MATH 103A,B03,093562,Staff,0,0,36,36
1655955655721,MATH 105,A01,085443,Carter; Anne Toulson,3,1,35,32
1655955655721,MATH 105,A02,093477,Staff,7,0,35,28
1655955661750,MATH 109,A01,083213,Ganzberger; Geoffrey Michael,0,1,34,34
1655955661750,MATH 109,A02,083214,Ganzberger; Geoffrey Michael,1,0,34,33
1655955661750,MATH 109,A03,093478,Staff,1,0,34,33
1655955661750,MATH 109,B01,083215,Ganzberger; Geoffrey Michael,2,0,32,30
1655955661750,MATH 109,B02,083216,Ganzberger; Geoffrey Michael,0,0,32,32
1655955661750,MATH 109,B03,093479,Staff,4,0,32,28
1655955667774,MATH 142A,A01,083219,Chow; Bennett,0,0,32,32
1655955667774,MATH 142A,A02,083220,Chow; Bennett,7,0,32,25
1655955667774,MATH 142A,A03,093480,Staff,4,0,32,28
1655955667774,MATH 142A,B03,093481,Staff,3,0,32,29
1655955667774,MATH 142A,B04,093558,Staff,6,0,32,26
1655955667774,MATH 142A,B05,093559,Staff,0,0,32,32
1655955673799,MATH 193A,A01,083224,Rotar; Vladimir,1,1,34,33
1655955673799,MATH 193A,A02,083225,Rotar; Vladimir,0,0,34,34
1655955673799,MATH 193A,A03,083781,Rotar; Vladimir,2,0,34,32
1655955673799,MATH 193A,A04,083782,Rotar; Vladimir,3,0,34,31
1655955673799,MATH 193A,A05,093482,Rotar; Vladimir,0,0,34,34
1655955679827,MATH 197,001,091859,McAuley; Julian John,9999,0,9999,0
1655955679827,MATH 197,002,095566,Kedlaya; Kiran S.,9997,0,9999,2
1655955679827,MATH 197,003,095567,Xiao; Ming,9999,0,9999,0
1655955679827,MATH 197,004,095571,Perols; Johan Lars,9998,0,9999,1
1655955686885,COGS 9,A01,083615,Shannon; Kyle Michael,3,1,75,72
1655955692909,COGS 11,A01,083617,Boyle; Mary E. T.,11,1,48,37
1655955698933,COGS 13,A01,083071,Bastos; Amalia Pinkusfeld,3,2,71,68
1655955704958,COGS 14A,A01,092681,Staff,2,25,100,98
1655955710984,COGS 14B,A01,083073,Cheng; Tzu-Han,7,0,63,56
1655955717011,COGS 17,A01,092677,Staff,8,7,81,73
1655955723032,COGS 100,A01,083619,Allen; Michael Gordon,2,2,70,68
1655955729056,COGS 101A,A01,083621,Davis; Joshua Daniel,4,3,68,64
1655955735082,COGS 101B,A01,091572,Allen; Michael Gordon,0,0,65,65
1655955741107,COGS 101C,A01,083625,Delgado; Tania,7,0,35,28
1655955747139,COGS 107A,A01,083627,Boyle; Mary E. T.,1,2,60,59
1655955753163,COGS 118A,A01,083075,Gupta; Anjum,20,16,76,56
1655955759187,CSE 3,A50,083646,Miranda; Gregory Joseph,14,0,50,36
1655955765220,CSE 8A,A50,083650,Miranda; Gregory Joseph,3,11,56,53
1655955771243,CSE 11,A01,083080,Cao; Yingjun,0,68,40,40
1655955777267,CSE 12,A01,083652,Krause-Levy; Sophia Louisa,6,8,120,114
1655955783292,CSE 15L,A01,083654,Morris; Justin Loren,3,1,50,47
1655955783292,CSE 15L,A02,083655,Morris; Justin Loren,1,1,50,49
1655955789314,CSE 20,A01,083657,Tran; Khoa Dang,29,0,80,51
1655955795342,CSE 21,A01,095574,Bach; Quang Tran,23,0,48,25
1655955801370,CSE 30,A01,083084,Eldon; John,2,10,80,78
1655955801370,CSE 30,B01,095061,Bhaskar; Nishant,0,4,50,50
1655955807398,CSE 100,A01,083659,Cao; Yingjun,2,25,70,68
1655955813425,CSE 134B,A01,083661,Powell; Thomas Allan,5,7,100,95
1655955819449,CSE 140,A01,083663,Gungor; Onat,5,0,85,80
1655955825476,CSE 140L,A01,083088,Eldon; John,5,0,100,95
1655955831502,CSE 175,A01,083665,Kumar; Rakesh,1,0,25,24
1655955837528,CSE 190,A00,092507,Dubnov; Shlomo,1,0,20,19
1655955843552,ECE 45,A01,083139,Congero; Spencer William,0,1,75,75
1655955849578,ECE 65,A50,083695,Saad; Andrew S,6,0,30,24
1655955849578,ECE 65,A51,095125,Staff,23,0,26,3
1655955855602,ECE 109,A01,091882,Touri; Behrouz,2,4,70,68
1655955861625,ECE 180,A00,083140,Abi Samra; Nicholas Camill,1,0,30,29
1655955861625,ECE 180,B00,083141,Abi Samra; Nicholas Camill,0,9,28,28
1655955867649,MATH 10A,A01,083735,Patchell; Gregory David,0,0,30,30
1655955867649,MATH 10A,A02,083736,Patchell; Gregory David,21,0,30,9
1655955867649,MATH 10A,A03,083737,Patchell; Gregory David,16,0,30,14
1655955873679,MATH 10B,A01,083207,Lim; Seonhee,1,1,34,33
1655955873679,MATH 10B,A02,083208,Lim; Seonhee,1,1,35,34
1655955873679,MATH 10B,A03,093472,Staff,1,0,34,33
1655955873679,MATH 10B,B01,083739,Sinha; Shubham,9,0,30,21
1655955879710,MATH 18,A01,083743,Cinel; Cameron Alexander,4,0,30,26
1655955879710,MATH 18,A02,083744,Cinel; Cameron Alexander,11,0,30,19
1655955879710,MATH 18,A03,083745,Cinel; Cameron Alexander,1,0,30,29
1655955879710,MATH 18,B01,083748,Ma; Zilu,2,0,36,34
1655955879710,MATH 18,B02,083749,Ma; Zilu,0,0,36,36
1655955879710,MATH 18,B03,083750,Ma; Zilu,0,0,36,36
1655955879710,MATH 18,B04,083751,Ma; Zilu,0,0,36,36
1655955879710,MATH 18,B05,093473,Staff,0,0,36,36
1655955879710,MATH 18,B06,093474,Staff,0,0,36,36
1655955885737,MATH 20A,A01,083754,Zheng; Zequn,10,0,40,30
1655955891765,MATH 20B,A01,083756,Briones; Jor-el Thomas Caparas,0,1,36,36
1655955891765,MATH 20B,A02,083757,Briones; Jor-el Thomas Caparas,1,0,36,35
1655955891765,MATH 20B,A03,093475,Staff,1,0,36,35
1655955897793,MATH 20C,A01,083760,Briones; Jor-el Thomas Caparas,0,2,35,35
1655955897793,MATH 20C,A02,083761,Briones; Jor-el Thomas Caparas,6,1,35,29
1655955897793,MATH 20C,A03,093476,Staff,1,0,35,34
1655955897793,MATH 20C,B01,083762,Bach; Quang Tran,3,0,30,27
1655955903821,MATH 20D,A01,083765,Tran; Brian Kha,1,0,30,29
1655955903821,MATH 20D,A02,083766,Tran; Brian Kha,0,1,30,30
1655955903821,MATH 20D,A03,083767,Tran; Brian Kha,1,0,30,29
1655955909851,MATH 20E,A01,083771,Ganguly; Soumya,0,0,32,32
1655955909851,MATH 20E,A02,083772,Ganguly; Soumya,1,1,32,31
1655955909851,MATH 20E,B01,083773,Ciotti; Benjamin,13,0,35,22
1655955909851,MATH 20E,B02,083774,Ciotti; Benjamin,12,0,35,23
1655955915876,MATH 103A,A01,083777,Greenfeld; Be'Eri,2,1,36,34
1655955915876,MATH 103A,A02,083778,Greenfeld; Be'Eri,2,0,36,34
1655955915876,MATH 103A,A03,093561,Staff,0,1,36,36
1655955915876,MATH 103A,B01,083779,Greenfeld; Be'Eri,7,1,36,29
1655955915876,MATH 103A,B02,083780,Greenfeld; Be'Eri,1,0,36,35
1655955915876,MATH 103A,B03,093562,Staff,0,0,36,36
1655955921900,MATH 105,A01,085443,Carter; Anne Toulson,3,1,35,32
1655955921900,MATH 105,A02,093477,Staff,7,0,35,28
1655955927932,MATH 109,A01,083213,Ganzberger; Geoffrey Michael,0,1,34,34
1655955927932,MATH 109,A02,083214,Ganzberger; Geoffrey Michael,1,0,34,33
1655955927932,MATH 109,A03,093478,Staff,1,0,34,33
1655955927932,MATH 109,B01,083215,Ganzberger; Geoffrey Michael,2,0,32,30
1655955927932,MATH 109,B02,083216,Ganzberger; Geoffrey Michael,0,0,32,32
1655955927932,MATH 109,B03,093479,Staff,4,0,32,28
1655955933958,MATH 142A,A01,083219,Chow; Bennett,0,0,32,32
1655955933958,MATH 142A,A02,083220,Chow; Bennett,7,0,32,25
1655955933958,MATH 142A,A03,093480,Staff,4,0,32,28
1655955933958,MATH 142A,B03,093481,Staff,3,0,32,29
1655955933958,MATH 142A,B04,093558,Staff,6,0,32,26
1655955933958,MATH 142A,B05,093559,Staff,0,0,32,32
1655955939986,MATH 193A,A01,083224,Rotar; Vladimir,1,1,34,33
1655955939986,MATH 193A,A02,083225,Rotar; Vladimir,0,0,34,34
1655955939986,MATH 193A,A03,083781,Rotar; Vladimir,2,0,34,32
1655955939986,MATH 193A,A04,083782,Rotar; Vladimir,3,0,34,31
1655955939986,MATH 193A,A05,093482,Rotar; Vladimir,0,0,34,34
1655955946011,MATH 197,001,091859,McAuley; Julian John,9999,0,9999,0
1655955946011,MATH 197,002,095566,Kedlaya; Kiran S.,9997,0,9999,2
1655955946011,MATH 197,003,095567,Xiao; Ming,9999,0,9999,0
1655955946011,MATH 197,004,095571,Perols; Johan Lars,9998,0,9999,1
1655955953066,COGS 9,A01,083615,Shannon; Kyle Michael,3,1,75,72
1655955959089,COGS 11,A01,083617,Boyle; Mary E. T.,11,1,48,37
1655955965116,COGS 13,A01,083071,Bastos; Amalia Pinkusfeld,3,2,71,68
1655955971139,COGS 14A,A01,092681,Staff,2,25,100,98
1655955977174,COGS 14B,A01,083073,Cheng; Tzu-Han,7,0,63,56
1655955983200,COGS 17,A01,092677,Staff,8,7,81,73
1655955989222,COGS 100,A01,083619,Allen; Michael Gordon,2,2,70,68
1655955995246,COGS 101A,A01,083621,Davis; Joshua Daniel,4,3,68,64
1655956001270,COGS 101B,A01,091572,Allen; Michael Gordon,0,0,65,65
1655956007293,COGS 101C,A01,083625,Delgado; Tania,7,0,35,28
1655956013324,COGS 107A,A01,083627,Boyle; Mary E. T.,1,2,60,59
1655956019357,COGS 118A,A01,083075,Gupta; Anjum,20,16,76,56
1655956025396,CSE 3,A50,083646,Miranda; Gregory Joseph,14,0,50,36
1655956031424,CSE 8A,A50,083650,Miranda; Gregory Joseph,3,11,56,53
1655956037447,CSE 11,A01,083080,Cao; Yingjun,0,68,40,40
1655956043469,CSE 12,A01,083652,Krause-Levy; Sophia Louisa,6,8,120,114
1655956049493,CSE 15L,A01,083654,Morris; Justin Loren,3,1,50,47
1655956049493,CSE 15L,A02,083655,Morris; Justin Loren,1,1,50,49
1655956055516,CSE 20,A01,083657,Tran; Khoa Dang,29,0,80,51
1655956061543,CSE 21,A01,095574,Bach; Quang Tran,23,0,48,25
1655956067566,CSE 30,A01,083084,Eldon; John,2,10,80,78
1655956067566,CSE 30,B01,095061,Bhaskar; Nishant,0,4,50,50
1655956073590,CSE 100,A01,083659,Cao; Yingjun,2,25,70,68
1655956079614,CSE 134B,A01,083661,Powell; Thomas Allan,5,7,100,95
1655956085643,CSE 140,A01,083663,Gungor; Onat,5,0,85,80
1655956091669,CSE 140L,A01,083088,Eldon; John,5,0,100,95
1655956097706,CSE 175,A01,083665,Kumar; Rakesh,1,0,25,24
1655956103735,CSE 190,A00,092507,Dubnov; Shlomo,1,0,20,19
1655956109762,ECE 45,A01,083139,Congero; Spencer William,0,1,75,75
1655956115790,ECE 65,A50,083695,Saad; Andrew S,6,0,30,24
1655956115790,ECE 65,A51,095125,Staff,23,0,26,3
1655956121825,ECE 109,A01,091882,Touri; Behrouz,2,4,70,68
1655956127848,ECE 180,A00,083140,Abi Samra; Nicholas Camill,1,0,30,29
1655956127848,ECE 180,B00,083141,Abi Samra; Nicholas Camill,0,9,28,28
1655956133877,MATH 10A,A01,083735,Patchell; Gregory David,0,0,30,30
1655956133877,MATH 10A,A02,083736,Patchell; Gregory David,21,0,30,9
1655956133877,MATH 10A,A03,083737,Patchell; Gregory David,16,0,30,14
1655956139913,MATH 10B,A01,083207,Lim; Seonhee,1,1,34,33
1655956139913,MATH 10B,A02,083208,Lim; Seonhee,1,1,35,34
1655956139913,MATH 10B,A03,093472,Staff,1,0,34,33
1655956139913,MATH 10B,B01,083739,Sinha; Shubham,9,0,30,21
1655956145938,MATH 18,A01,083743,Cinel; Cameron Alexander,4,0,30,26
1655956145938,MATH 18,A02,083744,Cinel; Cameron Alexander,11,0,30,19
1655956145938,MATH 18,A03,083745,Cinel; Cameron Alexander,1,0,30,29
1655956145938,MATH 18,B01,083748,Ma; Zilu,2,0,36,34
1655956145938,MATH 18,B02,083749,Ma; Zilu,0,0,36,36
1655956145938,MATH 18,B03,083750,Ma; Zilu,0,0,36,36
1655956145938,MATH 18,B04,083751,Ma; Zilu,0,0,36,36
1655956145938,MATH 18,B05,093473,Staff,0,0,36,36
1655956145938,MATH 18,B06,093474,Staff,0,0,36,36
1655956151964,MATH 20A,A01,083754,Zheng; Zequn,10,0,40,30
1655956157986,MATH 20B,A01,083756,Briones; Jor-el Thomas Caparas,0,1,36,36
1655956157986,MATH 20B,A02,083757,Briones; Jor-el Thomas Caparas,1,0,36,35
1655956157986,MATH 20B,A03,093475,Staff,1,0,36,35
1655956164010,MATH 20C,A01,083760,Briones; Jor-el Thomas Caparas,0,2,35,35
1655956164010,MATH 20C,A02,083761,Briones; Jor-el Thomas Caparas,6,1,35,29
1655956164010,MATH 20C,A03,093476,Staff,1,0,35,34
1655956164010,MATH 20C,B01,083762,Bach; Quang Tran,3,0,30,27
1655956170040,MATH 20D,A01,083765,Tran; Brian Kha,1,0,30,29
1655956170040,MATH 20D,A02,083766,Tran; Brian Kha,0,1,30,30
1655956170040,MATH 20D,A03,083767,Tran; Brian Kha,1,0,30,29
1655956176064,MATH 20E,A01,083771,Ganguly; Soumya,0,0,32,32
1655956176064,MATH 20E,A02,083772,Ganguly; Soumya,1,1,32,31
1655956176064,MATH 20E,B01,083773,Ciotti; Benjamin,13,0,35,22
1655956176064,MATH 20E,B02,083774,Ciotti; Benjamin,12,0,35,23
1655956182088,MATH 103A,A01,083777,Greenfeld; Be'Eri,2,1,36,34
1655956182088,MATH 103A,A02,083778,Greenfeld; Be'Eri,2,0,36,34
1655956182088,MATH 103A,A03,093561,Staff,0,1,36,36
1655956182088,MATH 103A,B01,083779,Greenfeld; Be'Eri,7,1,36,29
1655956182088,MATH 103A,B02,083780,Greenfeld; Be'Eri,1,0,36,35
1655956182088,MATH 103A,B03,093562,Staff,0,0,36,36
1655956188203,MATH 105,A01,085443,Carter; Anne Toulson,3,1,35,32
1655956188203,MATH 105,A02,093477,Staff,7,0,35,28
1655956194226,MATH 109,A01,083213,Ganzberger; Geoffrey Michael,0,1,34,34
1655956194226,MATH 109,A02,083214,Ganzberger; Geoffrey Michael,1,0,34,33
1655956194226,MATH 109,A03,093478,Staff,1,0,34,33
1655956194226,MATH 109,B01,083215,Ganzberger; Geoffrey Michael,2,0,32,30
1655956194226,MATH 109,B02,083216,Ganzberger; Geoffrey Michael,0,0,32,32
1655956194226,MATH 109,B03,093479,Staff,4,0,32,28
1655956200259,MATH 142A,A01,083219,Chow; Bennett,0,0,32,32
1655956200259,MATH 142A,A02,083220,Chow; Bennett,7,0,32,25
1655956200259,MATH 142A,A03,093480,Staff,4,0,32,28
1655956200259,MATH 142A,B03,093481,Staff,3,0,32,29
1655956200259,MATH 142A,B04,093558,Staff,6,0,32,26
1655956200259,MATH 142A,B05,093559,Staff,0,0,32,32
1655956206287,MATH 193A,A01,083224,Rotar; Vladimir,1,1,34,33
1655956206287,MATH 193A,A02,083225,Rotar; Vladimir,0,0,34,34
1655956206287,MATH 193A,A03,083781,Rotar; Vladimir,2,0,34,32
1655956206287,MATH 193A,A04,083782,Rotar; Vladimir,3,0,34,31
1655956206287,MATH 193A,A05,093482,Rotar; Vladimir,0,0,34,34
1655956212315,MATH 197,001,091859,McAuley; Julian John,9999,0,9999,0
1655956212315,MATH 197,002,095566,Kedlaya; Kiran S.,9997,0,9999,2
1655956212315,MATH 197,003,095567,Xiao; Ming,9999,0,9999,0
1655956212315,MATH 197,004,095571,Perols; Johan Lars,9998,0,9999,1
1655956219375,COGS 9,A01,083615,Shannon; Kyle Michael,3,1,75,72
1655956225401,COGS 11,A01,083617,Boyle; Mary E. T.,11,1,48,37
1655956231440,COGS 13,A01,083071,Bastos; Amalia Pinkusfeld,3,2,71,68
1655956237461,COGS 14A,A01,092681,Staff,2,25,100,98
1655956243488,COGS 14B,A01,083073,Cheng; Tzu-Han,7,0,63,56
1655956249510,COGS 17,A01,092677,Staff,8,7,81,73
1655956255532,COGS 100,A01,083619,Allen; Michael Gordon,2,2,70,68
1655956261554,COGS 101A,A01,083621,Davis; Joshua Daniel,4,3,68,64
1655956267577,COGS 101B,A01,091572,Allen; Michael Gordon,0,0,65,65
1655956273603,COGS 101C,A01,083625,Delgado; Tania,7,0,35,28
1655956279628,COGS 107A,A01,083627,Boyle; Mary E. T.,1,2,60,59
1655956285653,COGS 118A,A01,083075,Gupta; Anjum,20,16,76,56
1655956291685,CSE 3,A50,083646,Miranda; Gregory Joseph,14,0,50,36
1655956297708,CSE 8A,A50,083650,Miranda; Gregory Joseph,3,11,56,53
1655956303731,CSE 11,A01,083080,Cao; Yingjun,0,67,40,40
1655956309763,CSE 12,A01,083652,Krause-Levy; Sophia Louisa,6,8,120,114
1655956315786,CSE 15L,A01,083654,Morris; Justin Loren,3,1,50,47
1655956315786,CSE 15L,A02,083655,Morris; Justin Loren,1,1,50,49
1655956321809,CSE 20,A01,083657,Tran; Khoa Dang,29,0,80,51
1655956327833,CSE 21,A01,095574,Bach; Quang Tran,23,0,48,25
1655956333856,CSE 30,A01,083084,Eldon; John,2,10,80,78
1655956333856,CSE 30,B01,095061,Bhaskar; Nishant,0,4,50,50
1655956339892,CSE 100,A01,083659,Cao; Yingjun,2,25,70,68
1655956345921,CSE 134B,A01,083661,Powell; Thomas Allan,5,7,100,95
1655956351946,CSE 140,A01,083663,Gungor; Onat,5,0,85,80
1655956357982,CSE 140L,A01,083088,Eldon; John,5,0,100,95
1655956364007,CSE 175,A01,083665,Kumar; Rakesh,1,0,25,24
1655956370030,CSE 190,A00,092507,Dubnov; Shlomo,1,0,20,19
1655956376058,ECE 45,A01,083139,Congero; Spencer William,0,1,75,75
1655956382092,ECE 65,A50,083695,Saad; Andrew S,6,0,30,24
1655956382092,ECE 65,A51,095125,Staff,23,0,26,3
1655956388114,ECE 109,A01,091882,Touri; Behrouz,2,4,70,68
1655956394139,ECE 180,A00,083140,Abi Samra; Nicholas Camill,1,0,30,29
1655956394139,ECE 180,B00,083141,Abi Samra; Nicholas Camill,0,9,28,28
1655956400167,MATH 10A,A01,083735,Patchell; Gregory David,0,0,30,30
1655956400167,MATH 10A,A02,083736,Patchell; Gregory David,21,0,30,9
1655956400167,MATH 10A,A03,083737,Patchell; Gregory David,16,0,30,14
1655956406196,MATH 10B,A01,083207,Lim; Seonhee,1,1,34,33
1655956406196,MATH 10B,A02,083208,Lim; Seonhee,1,1,35,34
1655956406196,MATH 10B,A03,093472,Staff,1,0,34,33
1655956406196,MATH 10B,B01,083739,Sinha; Shubham,9,0,30,21
1655956412222,MATH 18,A01,083743,Cinel; Cameron Alexander,4,0,30,26
1655956412222,MATH 18,A02,083744,Cinel; Cameron Alexander,11,0,30,19
1655956412222,MATH 18,A03,083745,Cinel; Cameron Alexander,1,0,30,29
1655956412222,MATH 18,B01,083748,Ma; Zilu,2,0,36,34
1655956412222,MATH 18,B02,083749,Ma; Zilu,0,0,36,36
1655956412222,MATH 18,B03,083750,Ma; Zilu,0,0,36,36
1655956412222,MATH 18,B04,083751,Ma; Zilu,0,0,36,36
1655956412222,MATH 18,B05,093473,Staff,0,0,36,36
1655956412222,MATH 18,B06,093474,Staff,0,0,36,36
1655956418247,MATH 20A,A01,083754,Zheng; Zequn,10,0,40,30
1655956424273,MATH 20B,A01,083756,Briones; Jor-el Thomas Caparas,0,1,36,36
1655956424273,MATH 20B,A02,083757,Briones; Jor-el Thomas Caparas,1,0,36,35
1655956424273,MATH 20B,A03,093475,Staff,1,0,36,35
1655956430298,MATH 20C,A01,083760,Briones; Jor-el Thomas Caparas,0,2,35,35
1655956430298,MATH 20C,A02,083761,Briones; Jor-el Thomas Caparas,6,1,35,29
1655956430298,MATH 20C,A03,093476,Staff,1,0,35,34
1655956430298,MATH 20C,B01,083762,Bach; Quang Tran,3,0,30,27
1655956436325,MATH 20D,A01,083765,Tran; Brian Kha,1,0,30,29
1655956436325,MATH 20D,A02,083766,Tran; Brian Kha,0,1,30,30
1655956436325,MATH 20D,A03,083767,Tran; Brian Kha,1,0,30,29
1655956442348,MATH 20E,A01,083771,Ganguly; Soumya,0,0,32,32
1655956442348,MATH 20E,A02,083772,Ganguly; Soumya,1,1,32,31
1655956442348,MATH 20E,B01,083773,Ciotti; Benjamin,13,0,35,22
1655956442348,MATH 20E,B02,083774,Ciotti; Benjamin,12,0,35,23
1655956448373,MATH 103A,A01,083777,Greenfeld; Be'Eri,2,1,36,34
1655956448373,MATH 103A,A02,083778,Greenfeld; Be'Eri,2,0,36,34
1655956448373,MATH 103A,A03,093561,Staff,0,1,36,36
1655956448373,MATH 103A,B01,083779,Greenfeld; Be'Eri,7,1,36,29
1655956448373,MATH 103A,B02,083780,Greenfeld; Be'Eri,1,0,36,35
1655956448373,MATH 103A,B03,093562,Staff,0,0,36,36
1655956454397,MATH 105,A01,085443,Carter; Anne Toulson,3,1,35,32
1655956454397,MATH 105,A02,093477,Staff,7,0,35,28
1655956460433,MATH 109,A01,083213,Ganzberger; Geoffrey Michael,0,1,34,34
1655956460433,MATH 109,A02,083214,Ganzberger; Geoffrey Michael,1,0,34,33
1655956460433,MATH 109,A03,093478,Staff,1,0,34,33
1655956460433,MATH 109,B01,083215,Ganzberger; Geoffrey Michael,2,0,32,30
1655956460433,MATH 109,B02,083216,Ganzberger; Geoffrey Michael,0,0,32,32
1655956460433,MATH 109,B03,093479,Staff,4,0,32,28
1655956466458,MATH 142A,A01,083219,Chow; Bennett,0,0,32,32
1655956466458,MATH 142A,A02,083220,Chow; Bennett,7,0,32,25
1655956466458,MATH 142A,A03,093480,Staff,4,0,32,28
1655956466458,MATH 142A,B03,093481,Staff,3,0,32,29
1655956466458,MATH 142A,B04,093558,Staff,6,0,32,26
1655956466458,MATH 142A,B05,093559,Staff,0,0,32,32
1655956472486,MATH 193A,A01,083224,Rotar; Vladimir,1,1,34,33
1655956472486,MATH 193A,A02,083225,Rotar; Vladimir,0,0,34,34
1655956472486,MATH 193A,A03,083781,Rotar; Vladimir,2,0,34,32
1655956472486,MATH 193A,A04,083782,Rotar; Vladimir,3,0,34,31
1655956472486,MATH 193A,A05,093482,Rotar; Vladimir,0,0,34,34
1655956478513,MATH 197,001,091859,McAuley; Julian John,9999,0,9999,0
1655956478513,MATH 197,002,095566,Kedlaya; Kiran S.,9997,0,9999,2
1655956478513,MATH 197,003,095567,Xiao; Ming,9999,0,9999,0
1655956478513,MATH 197,004,095571,Perols; Johan Lars,9998,0,9999,1
1655956485572,COGS 9,A01,083615,Shannon; Kyle Michael,3,1,75,72
1655956491596,COGS 11,A01,083617,Boyle; Mary E. T.,11,1,48,37
1655956497624,COGS 13,A01,083071,Bastos; Amalia Pinkusfeld,3,2,71,68
1655956503649,COGS 14A,A01,092681,Staff,2,25,100,98
1655956509675,COGS 14B,A01,083073,Cheng; Tzu-Han,7,0,63,56
1655956515702,COGS 17,A01,092677,Staff,8,7,81,73
1655956521729,COGS 100,A01,083619,Allen; Michael Gordon,2,2,70,68
1655956527756,COGS 101A,A01,083621,Davis; Joshua Daniel,4,3,68,64
1655956533789,COGS 101B,A01,091572,Allen; Michael Gordon,0,0,65,65
1655956539812,COGS 101C,A01,083625,Delgado; Tania,7,0,35,28
1655956545837,COGS 107A,A01,083627,Boyle; Mary E. T.,1,2,60,59
1655956551863,COGS 118A,A01,083075,Gupta; Anjum,20,16,76,56
1655956557891,CSE 3,A50,083646,Miranda; Gregory Joseph,14,0,50,36
1655956563919,CSE 8A,A50,083650,Miranda; Gregory Joseph,3,11,56,53
1655956569943,CSE 11,A01,083080,Cao; Yingjun,0,66,40,40
1655956575972,CSE 12,A01,083652,Krause-Levy; Sophia Louisa,6,8,120,114
1655956581993,CSE 15L,A01,083654,Morris; Justin Loren,3,1,50,47
1655956581993,CSE 15L,A02,083655,Morris; Justin Loren,1,1,50,49
1655956588020,CSE 20,A01,083657,Tran; Khoa Dang,29,0,80,51
1655956594047,CSE 21,A01,095574,Bach; Quang Tran,23,0,48,25
1655956600072,CSE 30,A01,083084,Eldon; John,2,10,80,78
1655956600072,CSE 30,B01,095061,Bhaskar; Nishant,0,4,50,50
1655956606095,CSE 100,A01,083659,Cao; Yingjun,2,25,70,68
1655956612130,CSE 134B,A01,083661,Powell; Thomas Allan,5,7,100,95
1655956618154,CSE 140,A01,083663,Gungor; Onat,5,0,85,80
1655956624186,CSE 140L,A01,083088,Eldon; John,5,0,100,95
1655956630209,CSE 175,A01,083665,Kumar; Rakesh,1,0,25,24
1655956636231,CSE 190,A00,092507,Dubnov; Shlomo,1,0,20,19
1655956642256,ECE 45,A01,083139,Congero; Spencer William,0,1,75,75
1655956648280,ECE 65,A50,083695,Saad; Andrew S,6,0,30,24
1655956648280,ECE 65,A51,095125,Staff,23,0,26,3
1655956654303,ECE 109,A01,091882,Touri; Behrouz,2,4,70,68
1655956660326,ECE 180,A00,083140,Abi Samra; Nicholas Camill,1,0,30,29
1655956660326,ECE 180,B00,083141,Abi Samra; Nicholas Camill,0,9,28,28
1655956666356,MATH 10A,A01,083735,Patchell; Gregory David,0,0,30,30
1655956666356,MATH 10A,A02,083736,Patchell; Gregory David,21,0,30,9
1655956666356,MATH 10A,A03,083737,Patchell; Gregory David,16,0,30,14
1655956672377,MATH 10B,A01,083207,Lim; Seonhee,1,1,34,33
1655956672377,MATH 10B,A02,083208,Lim; Seonhee,1,1,35,34
1655956672377,MATH 10B,A03,093472,Staff,1,0,34,33
1655956672377,MATH 10B,B01,083739,Sinha; Shubham,9,0,30,21
1655956678407,MATH 18,A01,083743,Cinel; Cameron Alexander,4,0,30,26
1655956678407,MATH 18,A02,083744,Cinel; Cameron Alexander,11,0,30,19
1655956678407,MATH 18,A03,083745,Cinel; Cameron Alexander,1,0,30,29
1655956678407,MATH 18,B01,083748,Ma; Zilu,2,0,36,34
1655956678407,MATH 18,B02,083749,Ma; Zilu,0,0,36,36
1655956678407,MATH 18,B03,083750,Ma; Zilu,0,0,36,36
1655956678407,MATH 18,B04,083751,Ma; Zilu,0,0,36,36
1655956678407,MATH 18,B05,093473,Staff,0,0,36,36
1655956678407,MATH 18,B06,093474,Staff,0,0,36,36
1655956684432,MATH 20A,A01,083754,Zheng; Zequn,10,0,40,30
1655956690458,MATH 20B,A01,083756,Briones; Jor-el Thomas Caparas,0,1,36,36
1655956690458,MATH 20B,A02,083757,Briones; Jor-el Thomas Caparas,1,0,36,35
1655956690458,MATH 20B,A03,093475,Staff,1,0,36,35
1655956696491,MATH 20C,A01,083760,Briones; Jor-el Thomas Caparas,0,2,35,35
1655956696491,MATH 20C,A02,083761,Briones; Jor-el Thomas Caparas,6,1,35,29
1655956696491,MATH 20C,A03,093476,Staff,1,0,35,34
1655956696491,MATH 20C,B01,083762,Bach; Quang Tran,3,0,30,27
1655956702518,MATH 20D,A01,083765,Tran; Brian Kha,1,0,30,29
1655956702518,MATH 20D,A02,083766,Tran; Brian Kha,0,1,30,30
1655956702518,MATH 20D,A03,083767,Tran; Brian Kha,1,0,30,29
1655956708542,MATH 20E,A01,083771,Ganguly; Soumya,0,0,32,32
1655956708542,MATH 20E,A02,083772,Ganguly; Soumya,1,1,32,31
1655956708542,MATH 20E,B01,083773,Ciotti; Benjamin,13,0,35,22
1655956708542,MATH 20E,B02,083774,Ciotti; Benjamin,12,0,35,23
1655956714566,MATH 103A,A01,083777,Greenfeld; Be'Eri,2,1,36,34
1655956714566,MATH 103A,A02,083778,Greenfeld; Be'Eri,2,0,36,34
1655956714566,MATH 103A,A03,093561,Staff,0,1,36,36
1655956714566,MATH 103A,B01,083779,Greenfeld; Be'Eri,7,1,36,29
1655956714566,MATH 103A,B02,083780,Greenfeld; Be'Eri,1,0,36,35
1655956714566,MATH 103A,B03,093562,Staff,0,0,36,36
1655956720610,MATH 105,A01,085443,Carter; Anne Toulson,3,1,35,32
1655956720610,MATH 105,A02,093477,Staff,8,0,35,27
1655956726633,MATH 109,A01,083213,Ganzberger; Geoffrey Michael,0,1,34,34
1655956726633,MATH 109,A02,083214,Ganzberger; Geoffrey Michael,1,0,34,33
1655956726633,MATH 109,A03,093478,Staff,1,0,34,33
1655956726633,MATH 109,B01,083215,Ganzberger; Geoffrey Michael,2,0,32,30
1655956726633,MATH 109,B02,083216,Ganzberger; Geoffrey Michael,0,0,32,32
1655956726633,MATH 109,B03,093479,Staff,4,0,32,28
1655956732657,MATH 142A,A01,083219,Chow; Bennett,0,0,32,32
1655956732657,MATH 142A,A02,083220,Chow; Bennett,7,0,32,25
1655956732657,MATH 142A,A03,093480,Staff,4,0,32,28
1655956732657,MATH 142A,B03,093481,Staff,3,0,32,29
1655956732657,MATH 142A,B04,093558,Staff,6,0,32,26
1655956732657,MATH 142A,B05,093559,Staff,0,0,32,32
1655956738684,MATH 193A,A01,083224,Rotar; Vladimir,1,1,34,33
1655956738684,MATH 193A,A02,083225,Rotar; Vladimir,0,0,34,34
1655956738684,MATH 193A,A03,083781,Rotar; Vladimir,2,0,34,32
1655956738684,MATH 193A,A04,083782,Rotar; Vladimir,3,0,34,31
1655956738684,MATH 193A,A05,093482,Rotar; Vladimir,0,0,34,34
1655956744706,MATH 197,001,091859,McAuley; Julian John,9999,0,9999,0
1655956744706,MATH 197,002,095566,Kedlaya; Kiran S.,9997,0,9999,2
1655956744706,MATH 197,003,095567,Xiao; Ming,9999,0,9999,0
1655956744706,MATH 197,004,095571,Perols; Johan Lars,9998,0,9999,1
1655956751766,COGS 9,A01,083615,Shannon; Kyle Michael,3,1,75,72
1655956757790,COGS 11,A01,083617,Boyle; Mary E. T.,11,1,48,37
1655956763813,COGS 13,A01,083071,Bastos; Amalia Pinkusfeld,3,2,71,68
1655956769835,COGS 14A,A01,092681,Staff,2,25,100,98
1655956775860,COGS 14B,A01,083073,Cheng; Tzu-Han,7,0,63,56
1655956781976,COGS 17,A01,092677,Staff,8,7,81,73
1655956787999,COGS 100,A01,083619,Allen; Michael Gordon,2,2,70,68
1655956794024,COGS 101A,A01,083621,Davis; Joshua Daniel,4,3,68,64
1655956800048,COGS 101B,A01,091572,Allen; Michael Gordon,0,0,65,65
1655956806071,COGS 101C,A01,083625,Delgado; Tania,7,0,35,28
1655956812094,COGS 107A,A01,083627,Boyle; Mary E. T.,1,2,60,59
1655956818122,COGS 118A,A01,083075,Gupta; Anjum,20,16,76,56
1655956824151,CSE 3,A50,083646,Miranda; Gregory Joseph,14,0,50,36
1655956830182,CSE 8A,A50,083650,Miranda; Gregory Joseph,3,11,56,53
1655956836210,CSE 11,A01,083080,Cao; Yingjun,0,66,40,40
1655956842233,CSE 12,A01,083652,Krause-Levy; Sophia Louisa,6,8,120,114
1655956848257,CSE 15L,A01,083654,Morris; Justin Loren,3,1,50,47
1655956848257,CSE 15L,A02,083655,Morris; Justin Loren,1,1,50,49
1655956854283,CSE 20,A01,083657,Tran; Khoa Dang,29,0,80,51
1655956860310,CSE 21,A01,095574,Bach; Quang Tran,23,0,48,25
1655956866335,CSE 30,A01,083084,Eldon; John,2,10,80,78
1655956866335,CSE 30,B01,095061,Bhaskar; Nishant,0,4,50,50
1655956872358,CSE 100,A01,083659,Cao; Yingjun,2,25,70,68
1655956878382,CSE 134B,A01,083661,Powell; Thomas Allan,5,7,100,95
1655956884408,CSE 140,A01,083663,Gungor; Onat,5,0,85,80
1655956890432,CSE 140L,A01,083088,Eldon; John,5,0,100,95
1655956896463,CSE 175,A01,083665,Kumar; Rakesh,1,0,25,24
1655956902491,CSE 190,A00,092507,Dubnov; Shlomo,1,0,20,19
1655956908515,ECE 45,A01,083139,Congero; Spencer William,0,1,75,75
1655956914550,ECE 65,A50,083695,Saad; Andrew S,6,0,30,24
1655956914550,ECE 65,A51,095125,Staff,23,0,26,3
1655956920573,ECE 109,A01,091882,Touri; Behrouz,2,4,70,68
1655956926598,ECE 180,A00,083140,Abi Samra; Nicholas Camill,1,0,30,29
1655956926598,ECE 180,B00,083141,Abi Samra; Nicholas Camill,0,9,28,28
1655956932622,MATH 10A,A01,083735,Patchell; Gregory David,0,0,30,30
1655956932622,MATH 10A,A02,083736,Patchell; Gregory David,21,0,30,9
1655956932622,MATH 10A,A03,083737,Patchell; Gregory David,16,0,30,14
1655956938649,MATH 10B,A01,083207,Lim; Seonhee,1,1,34,33
1655956938649,MATH 10B,A02,083208,Lim; Seonhee,1,1,35,34
1655956938649,MATH 10B,A03,093472,Staff,1,0,34,33
1655956938649,MATH 10B,B01,083739,Sinha; Shubham,9,0,30,21
1655956944681,MATH 18,A01,083743,Cinel; Cameron Alexander,4,0,30,26
1655956944681,MATH 18,A02,083744,Cinel; Cameron Alexander,11,0,30,19
1655956944681,MATH 18,A03,083745,Cinel; Cameron Alexander,1,0,30,29
1655956944681,MATH 18,B01,083748,Ma; Zilu,2,0,36,34
1655956944681,MATH 18,B02,083749,Ma; Zilu,0,0,36,36
1655956944681,MATH 18,B03,083750,Ma; Zilu,0,0,36,36
1655956944681,MATH 18,B04,083751,Ma; Zilu,0,0,36,36
1655956944681,MATH 18,B05,093473,Staff,0,0,36,36
1655956944681,MATH 18,B06,093474,Staff,0,0,36,36
1655956950705,MATH 20A,A01,083754,Zheng; Zequn,10,0,40,30
1655956956737,MATH 20B,A01,083756,Briones; Jor-el Thomas Caparas,0,1,36,36
1655956956737,MATH 20B,A02,083757,Briones; Jor-el Thomas Caparas,1,0,36,35
1655956956737,MATH 20B,A03,093475,Staff,1,0,36,35
1655956962766,MATH 20C,A01,083760,Briones; Jor-el Thomas Caparas,0,2,35,35
1655956962766,MATH 20C,A02,083761,Briones; Jor-el Thomas Caparas,6,1,35,29
1655956962766,MATH 20C,A03,093476,Staff,1,0,35,34
1655956962766,MATH 20C,B01,083762,Bach; Quang Tran,3,0,30,27
1655956968789,MATH 20D,A01,083765,Tran; Brian Kha,1,0,30,29
1655956968789,MATH 20D,A02,083766,Tran; Brian Kha,0,1,30,30
1655956968789,MATH 20D,A03,083767,Tran; Brian Kha,1,0,30,29
1655956974813,MATH 20E,A01,083771,Ganguly; Soumya,0,0,32,32
1655956974813,MATH 20E,A02,083772,Ganguly; Soumya,1,1,32,31
1655956974813,MATH 20E,B01,083773,Ciotti; Benjamin,13,0,35,22
1655956974813,MATH 20E,B02,083774,Ciotti; Benjamin,12,0,35,23
1655956980843,MATH 103A,A01,083777,Greenfeld; Be'Eri,2,1,36,34
1655956980843,MATH 103A,A02,083778,Greenfeld; Be'Eri,2,0,36,34
1655956980843,MATH 103A,A03,093561,Staff,0,1,36,36
1655956980843,MATH 103A,B01,083779,Greenfeld; Be'Eri,7,1,36,29
1655956980843,MATH 103A,B02,083780,Greenfeld; Be'Eri,1,0,36,35
1655956980843,MATH 103A,B03,093562,Staff,0,0,36,36
1655956986876,MATH 105,A01,085443,Carter; Anne Toulson,3,1,35,32
1655956986876,MATH 105,A02,093477,Staff,8,0,35,27
1655956992899,MATH 109,A01,083213,Ganzberger; Geoffrey Michael,0,1,34,34
1655956992899,MATH 109,A02,083214,Ganzberger; Geoffrey Michael,1,0,34,33
1655956992899,MATH 109,A03,093478,Staff,1,0,34,33
1655956992899,MATH 109,B01,083215,Ganzberger; Geoffrey Michael,2,0,32,30
1655956992899,MATH 109,B02,083216,Ganzberger; Geoffrey Michael,0,0,32,32
1655956992899,MATH 109,B03,093479,Staff,4,0,32,28
1655956998929,MATH 142A,A01,083219,Chow; Bennett,0,0,32,32
1655956998929,MATH 142A,A02,083220,Chow; Bennett,7,0,32,25
1655956998929,MATH 142A,A03,093480,Staff,4,0,32,28
1655956998929,MATH 142A,B03,093481,Staff,3,0,32,29
1655956998929,MATH 142A,B04,093558,Staff,6,0,32,26
1655956998929,MATH 142A,B05,093559,Staff,0,0,32,32
1655957004958,MATH 193A,A01,083224,Rotar; Vladimir,1,1,34,33
1655957004958,MATH 193A,A02,083225,Rotar; Vladimir,0,0,34,34
1655957004958,MATH 193A,A03,083781,Rotar; Vladimir,2,0,34,32
1655957004958,MATH 193A,A04,083782,Rotar; Vladimir,3,0,34,31
1655957004958,MATH 193A,A05,093482,Rotar; Vladimir,0,0,34,34
1655957010985,MATH 197,001,091859,McAuley; Julian John,9999,0,9999,0
1655957010985,MATH 197,002,095566,Kedlaya; Kiran S.,9997,0,9999,2
1655957010985,MATH 197,003,095567,Xiao; Ming,9999,0,9999,0
1655957010985,MATH 197,004,095571,Perols; Johan Lars,9998,0,9999,1
1655957018048,COGS 9,A01,083615,Shannon; Kyle Michael,3,1,75,72
1655957024075,COGS 11,A01,083617,Boyle; Mary E. T.,11,1,48,37
1655957030103,COGS 13,A01,083071,Bastos; Amalia Pinkusfeld,3,2,71,68
1655957036127,COGS 14A,A01,092681,Staff,2,25,100,98
1655957042151,COGS 14B,A01,083073,Cheng; Tzu-Han,7,0,63,56
1655957048178,COGS 17,A01,092677,Staff,8,7,81,73
1655957054204,COGS 100,A01,083619,Allen; Michael Gordon,2,2,70,68
1655957060241,COGS 101A,A01,083621,Davis; Joshua Daniel,4,3,68,64
1655957066268,COGS 101B,A01,091572,Allen; Michael Gordon,0,0,65,65
1655957072296,COGS 101C,A01,083625,Delgado; Tania,7,0,35,28
1655957078322,COGS 107A,A01,083627,Boyle; Mary E. T.,1,2,60,59
1655957084343,COGS 118A,A01,083075,Gupta; Anjum,20,16,76,56
1655957090367,CSE 3,A50,083646,Miranda; Gregory Joseph,14,0,50,36
1655957096392,CSE 8A,A50,083650,Miranda; Gregory Joseph,3,11,56,53
1655957102415,CSE 11,A01,083080,Cao; Yingjun,0,66,40,40
1655957108441,CSE 12,A01,083652,Krause-Levy; Sophia Louisa,6,8,120,114
1655957114465,CSE 15L,A01,083654,Morris; Justin Loren,3,1,50,47
1655957114465,CSE 15L,A02,083655,Morris; Justin Loren,1,1,50,49
1655957120491,CSE 20,A01,083657,Tran; Khoa Dang,29,0,80,51
1655957126515,CSE 21,A01,095574,Bach; Quang Tran,23,0,48,25
1655957132551,CSE 30,A01,083084,Eldon; John,2,10,80,78
1655957132551,CSE 30,B01,095061,Bhaskar; Nishant,0,4,50,50
1655957138575,CSE 100,A01,083659,Cao; Yingjun,2,25,70,68
1655957144598,CSE 134B,A01,083661,Powell; Thomas Allan,5,7,100,95
1655957150629,CSE 140,A01,083663,Gungor; Onat,5,0,85,80
1655957156655,CSE 140L,A01,083088,Eldon; John,5,0,100,95
1655957162680,CSE 175,A01,083665,Kumar; Rakesh,1,0,25,24
1655957168714,CSE 190,A00,092507,Dubnov; Shlomo,1,0,20,19
1655957174736,ECE 45,A01,083139,Congero; Spencer William,0,1,75,75
1655957180761,ECE 65,A50,083695,Saad; Andrew S,6,0,30,24
1655957180761,ECE 65,A51,095125,Staff,23,0,26,3
1655957186785,ECE 109,A01,091882,Touri; Behrouz,2,4,70,68
1655957192807,ECE 180,A00,083140,Abi Samra; Nicholas Camill,1,0,30,29
1655957192807,ECE 180,B00,083141,Abi Samra; Nicholas Camill,0,9,28,28
1655957198830,MATH 10A,A01,083735,Patchell; Gregory David,0,0,30,30
1655957198830,MATH 10A,A02,083736,Patchell; Gregory David,21,0,30,9
1655957198830,MATH 10A,A03,083737,Patchell; Gregory David,16,0,30,14
1655957204859,MATH 10B,A01,083207,Lim; Seonhee,1,1,34,33
1655957204859,MATH 10B,A02,083208,Lim; Seonhee,1,1,35,34
1655957204859,MATH 10B,A03,093472,Staff,1,0,34,33
1655957204859,MATH 10B,B01,083739,Sinha; Shubham,9,0,30,21
1655957210889,MATH 18,A01,083743,Cinel; Cameron Alexander,4,0,30,26
1655957210889,MATH 18,A02,083744,Cinel; Cameron Alexander,11,0,30,19
1655957210889,MATH 18,A03,083745,Cinel; Cameron Alexander,1,0,30,29
1655957210889,MATH 18,B01,083748,Ma; Zilu,2,0,36,34
1655957210889,MATH 18,B02,083749,Ma; Zilu,0,0,36,36
1655957210889,MATH 18,B03,083750,Ma; Zilu,0,0,36,36
1655957210889,MATH 18,B04,083751,Ma; Zilu,0,0,36,36
1655957210889,MATH 18,B05,093473,Staff,0,0,36,36
1655957210889,MATH 18,B06,093474,Staff,0,0,36,36
1655957216919,MATH 20A,A01,083754,Zheng; Zequn,10,0,40,30
1655957222946,MATH 20B,A01,083756,Briones; Jor-el Thomas Caparas,0,1,36,36
1655957222946,MATH 20B,A02,083757,Briones; Jor-el Thomas Caparas,1,0,36,35
1655957222946,MATH 20B,A03,093475,Staff,1,0,36,35
1655957228974,MATH 20C,A01,083760,Briones; Jor-el Thomas Caparas,0,2,35,35
1655957228974,MATH 20C,A02,083761,Briones; Jor-el Thomas Caparas,6,1,35,29
1655957228974,MATH 20C,A03,093476,Staff,1,0,35,34
1655957228974,MATH 20C,B01,083762,Bach; Quang Tran,3,0,30,27
1655957235002,MATH 20D,A01,083765,Tran; Brian Kha,1,0,30,29
1655957235002,MATH 20D,A02,083766,Tran; Brian Kha,0,1,30,30
1655957235002,MATH 20D,A03,083767,Tran; Brian Kha,1,0,30,29
1655957241031,MATH 20E,A01,083771,Ganguly; Soumya,0,0,32,32
1655957241031,MATH 20E,A02,083772,Ganguly; Soumya,1,1,32,31
1655957241031,MATH 20E,B01,083773,Ciotti; Benjamin,13,0,35,22
1655957241031,MATH 20E,B02,083774,Ciotti; Benjamin,12,0,35,23
1655957247053,MATH 103A,A01,083777,Greenfeld; Be'Eri,2,1,36,34
1655957247053,MATH 103A,A02,083778,Greenfeld; Be'Eri,2,0,36,34
1655957247053,MATH 103A,A03,093561,Staff,0,1,36,36
1655957247053,MATH 103A,B01,083779,Greenfeld; Be'Eri,7,1,36,29
1655957247053,MATH 103A,B02,083780,Greenfeld; Be'Eri,1,0,36,35
1655957247053,MATH 103A,B03,093562,Staff,0,0,36,36
1655957253079,MATH 105,A01,085443,Carter; Anne Toulson,3,1,35,32
1655957253079,MATH 105,A02,093477,Staff,8,0,35,27
1655957259103,MATH 109,A01,083213,Ganzberger; Geoffrey Michael,0,1,34,34
1655957259103,MATH 109,A02,083214,Ganzberger; Geoffrey Michael,1,0,34,33
1655957259103,MATH 109,A03,093478,Staff,1,0,34,33
1655957259103,MATH 109,B01,083215,Ganzberger; Geoffrey Michael,2,0,32,30
1655957259103,MATH 109,B02,083216,Ganzberger; Geoffrey Michael,0,0,32,32
1655957259103,MATH 109,B03,093479,Staff,4,0,32,28
1655957265128,MATH 142A,A01,083219,Chow; Bennett,0,0,32,32
1655957265128,MATH 142A,A02,083220,Chow; Bennett,7,0,32,25
1655957265128,MATH 142A,A03,093480,Staff,4,0,32,28
1655957265128,MATH 142A,B03,093481,Staff,3,0,32,29
1655957265128,MATH 142A,B04,093558,Staff,6,0,32,26
1655957265128,MATH 142A,B05,093559,Staff,0,0,32,32
1655957271157,MATH 193A,A01,083224,Rotar; Vladimir,1,1,34,33
1655957271157,MATH 193A,A02,083225,Rotar; Vladimir,0,0,34,34
1655957271157,MATH 193A,A03,083781,Rotar; Vladimir,2,0,34,32
1655957271157,MATH 193A,A04,083782,Rotar; Vladimir,3,0,34,31
1655957271157,MATH 193A,A05,093482,Rotar; Vladimir,0,0,34,34
1655957277180,MATH 197,001,091859,McAuley; Julian John,9999,0,9999,0
1655957277180,MATH 197,002,095566,Kedlaya; Kiran S.,9997,0,9999,2
1655957277180,MATH 197,003,095567,Xiao; Ming,9999,0,9999,0
1655957277180,MATH 197,004,095571,Perols; Johan Lars,9998,0,9999,1
1655957284245,COGS 9,A01,083615,Shannon; Kyle Michael,3,1,75,72
1655957290272,COGS 11,A01,083617,Boyle; Mary E. T.,11,1,48,37
1655957296295,COGS 13,A01,083071,Bastos; Amalia Pinkusfeld,3,2,71,68
1655957302320,COGS 14A,A01,092681,Staff,3,25,100,97
1655957308342,COGS 14B,A01,083073,Cheng; Tzu-Han,7,0,63,56
1655957314366,COGS 17,A01,092677,Staff,8,7,81,73
1655957320393,COGS 100,A01,083619,Allen; Michael Gordon,2,2,70,68
1655957326422,COGS 101A,A01,083621,Davis; Joshua Daniel,4,3,68,64
1655957332446,COGS 101B,A01,091572,Allen; Michael Gordon,0,0,65,65
1655957338471,COGS 101C,A01,083625,Delgado; Tania,7,0,35,28
1655957344493,COGS 107A,A01,083627,Boyle; Mary E. T.,1,2,60,59
1655957350531,COGS 118A,A01,083075,Gupta; Anjum,20,16,76,56
1655957356560,CSE 3,A50,083646,Miranda; Gregory Joseph,14,0,50,36
1655957362618,CSE 8A,A50,083650,Miranda; Gregory Joseph,3,11,56,53
1655957368644,CSE 11,A01,083080,Cao; Yingjun,0,66,40,40
1655957374672,CSE 12,A01,083652,Krause-Levy; Sophia Louisa,6,8,120,114
1655957380787,CSE 15L,A01,083654,Morris; Justin Loren,3,1,50,47
1655957380787,CSE 15L,A02,083655,Morris; Justin Loren,1,1,50,49
1655957386820,CSE 20,A01,083657,Tran; Khoa Dang,29,0,80,51
1655957392848,CSE 21,A01,095574,Bach; Quang Tran,23,0,48,25
1655957398874,CSE 30,A01,083084,Eldon; John,2,10,80,78
1655957398874,CSE 30,B01,095061,Bhaskar; Nishant,0,4,50,50
1655957404902,CSE 100,A01,083659,Cao; Yingjun,2,25,70,68
1655957410929,CSE 134B,A01,083661,Powell; Thomas Allan,5,7,100,95
1655957416956,CSE 140,A01,083663,Gungor; Onat,5,0,85,80
1655957422977,CSE 140L,A01,083088,Eldon; John,5,0,100,95
1655957429003,CSE 175,A01,083665,Kumar; Rakesh,1,0,25,24
1655957435030,CSE 190,A00,092507,Dubnov; Shlomo,1,0,20,19
1655957441058,ECE 45,A01,083139,Congero; Spencer William,0,1,75,75
1655957447085,ECE 65,A50,083695,Saad; Andrew S,6,0,30,24
1655957447085,ECE 65,A51,095125,Staff,23,0,26,3
1655957453108,ECE 109,A01,091882,Touri; Behrouz,2,4,70,68
1655957459132,ECE 180,A00,083140,Abi Samra; Nicholas Camill,1,0,30,29
1655957459132,ECE 180,B00,083141,Abi Samra; Nicholas Camill,0,9,28,28
1655957465157,MATH 10A,A01,083735,Patchell; Gregory David,0,0,30,30
1655957465157,MATH 10A,A02,083736,Patchell; Gregory David,21,0,30,9
1655957465157,MATH 10A,A03,083737,Patchell; Gregory David,16,0,30,14
1655957471181,MATH 10B,A01,083207,Lim; Seonhee,1,1,34,33
1655957471181,MATH 10B,A02,083208,Lim; Seonhee,1,1,35,34
1655957471181,MATH 10B,A03,093472,Staff,1,0,34,33
1655957471181,MATH 10B,B01,083739,Sinha; Shubham,9,0,30,21
1655957477205,MATH 18,A01,083743,Cinel; Cameron Alexander,4,0,30,26
1655957477205,MATH 18,A02,083744,Cinel; Cameron Alexander,11,0,30,19
1655957477205,MATH 18,A03,083745,Cinel; Cameron Alexander,1,0,30,29
1655957477205,MATH 18,B01,083748,Ma; Zilu,2,0,36,34
1655957477205,MATH 18,B02,083749,Ma; Zilu,0,0,36,36
1655957477205,MATH 18,B03,083750,Ma; Zilu,0,0,36,36
1655957477205,MATH 18,B04,083751,Ma; Zilu,0,0,36,36
1655957477205,MATH 18,B05,093473,Staff,0,0,36,36
1655957477205,MATH 18,B06,093474,Staff,0,0,36,36
1655957483228,MATH 20A,A01,083754,Zheng; Zequn,10,0,40,30
1655957489252,MATH 20B,A01,083756,Briones; Jor-el Thomas Caparas,0,1,36,36
1655957489252,MATH 20B,A02,083757,Briones; Jor-el Thomas Caparas,1,0,36,35
1655957489252,MATH 20B,A03,093475,Staff,1,0,36,35
1655957495280,MATH 20C,A01,083760,Briones; Jor-el Thomas Caparas,0,2,35,35
1655957495280,MATH 20C,A02,083761,Briones; Jor-el Thomas Caparas,6,1,35,29
1655957495280,MATH 20C,A03,093476,Staff,1,0,35,34
1655957495280,MATH 20C,B01,083762,Bach; Quang Tran,3,0,30,27
1655957501308,MATH 20D,A01,083765,Tran; Brian Kha,1,0,30,29
1655957501308,MATH 20D,A02,083766,Tran; Brian Kha,0,1,30,30
1655957501308,MATH 20D,A03,083767,Tran; Brian Kha,1,0,30,29
1655957507332,MATH 20E,A01,083771,Ganguly; Soumya,0,0,32,32
1655957507332,MATH 20E,A02,083772,Ganguly; Soumya,1,1,32,31
1655957507332,MATH 20E,B01,083773,Ciotti; Benjamin,13,0,35,22
1655957507332,MATH 20E,B02,083774,Ciotti; Benjamin,12,0,35,23
1655957513360,MATH 103A,A01,083777,Greenfeld; Be'Eri,2,1,36,34
1655957513360,MATH 103A,A02,083778,Greenfeld; Be'Eri,2,0,36,34
1655957513360,MATH 103A,A03,093561,Staff,0,1,36,36
1655957513360,MATH 103A,B01,083779,Greenfeld; Be'Eri,7,1,36,29
1655957513360,MATH 103A,B02,083780,Greenfeld; Be'Eri,1,0,36,35
1655957513360,MATH 103A,B03,093562,Staff,0,0,36,36
1655957519383,MATH 105,A01,085443,Carter; Anne Toulson,3,1,35,32
1655957519383,MATH 105,A02,093477,Staff,8,0,35,27
1655957525407,MATH 109,A01,083213,Ganzberger; Geoffrey Michael,0,1,34,34
1655957525407,MATH 109,A02,083214,Ganzberger; Geoffrey Michael,1,0,34,33
1655957525407,MATH 109,A03,093478,Staff,1,0,34,33
1655957525407,MATH 109,B01,083215,Ganzberger; Geoffrey Michael,2,0,32,30
1655957525407,MATH 109,B02,083216,Ganzberger; Geoffrey Michael,0,0,32,32
1655957525407,MATH 109,B03,093479,Staff,4,0,32,28
1655957531431,MATH 142A,A01,083219,Chow; Bennett,0,0,32,32
1655957531431,MATH 142A,A02,083220,Chow; Bennett,7,0,32,25
1655957531431,MATH 142A,A03,093480,Staff,4,0,32,28
1655957531431,MATH 142A,B03,093481,Staff,3,0,32,29
1655957531431,MATH 142A,B04,093558,Staff,6,0,32,26
1655957531431,MATH 142A,B05,093559,Staff,0,0,32,32
1655957537461,MATH 193A,A01,083224,Rotar; Vladimir,1,1,34,33
1655957537461,MATH 193A,A02,083225,Rotar; Vladimir,0,0,34,34
1655957537461,MATH 193A,A03,083781,Rotar; Vladimir,2,0,34,32
1655957537461,MATH 193A,A04,083782,Rotar; Vladimir,3,0,34,31
1655957537461,MATH 193A,A05,093482,Rotar; Vladimir,0,0,34,34
1655957543485,MATH 197,001,091859,McAuley; Julian John,9999,0,9999,0
1655957543485,MATH 197,002,095566,Kedlaya; Kiran S.,9997,0,9999,2
1655957543485,MATH 197,003,095567,Xiao; Ming,9999,0,9999,0
1655957543485,MATH 197,004,095571,Perols; Johan Lars,9998,0,9999,1
1655957550547,COGS 9,A01,083615,Shannon; Kyle Michael,3,1,75,72
1655957556574,COGS 11,A01,083617,Boyle; Mary E. T.,11,1,48,37
1655957562601,COGS 13,A01,083071,Bastos; Amalia Pinkusfeld,3,2,71,68
1655957568624,COGS 14A,A01,092681,Staff,3,25,100,97
1655957574649,COGS 14B,A01,083073,Cheng; Tzu-Han,7,0,63,56
1655957580674,COGS 17,A01,092677,Staff,8,7,81,73
1655957586702,COGS 100,A01,083619,Allen; Michael Gordon,2,2,70,68
1655957592730,COGS 101A,A01,083621,Davis; Joshua Daniel,4,3,68,64
1655957598753,COGS 101B,A01,091572,Allen; Michael Gordon,0,0,65,65
1655957604785,COGS 101C,A01,083625,Delgado; Tania,7,0,35,28
1655957610811,COGS 107A,A01,083627,Boyle; Mary E. T.,1,2,60,59
1655957616838,COGS 118A,A01,083075,Gupta; Anjum,20,16,76,56
1655957622877,CSE 3,A50,083646,Miranda; Gregory Joseph,14,0,50,36
1655957628900,CSE 8A,A50,083650,Miranda; Gregory Joseph,3,11,56,53
1655957634923,CSE 11,A01,083080,Cao; Yingjun,0,66,40,40
1655957640953,CSE 12,A01,083652,Krause-Levy; Sophia Louisa,6,8,120,114
1655957646977,CSE 15L,A01,083654,Morris; Justin Loren,3,1,50,47
1655957646977,CSE 15L,A02,083655,Morris; Justin Loren,1,1,50,49
1655957653000,CSE 20,A01,083657,Tran; Khoa Dang,29,0,80,51
1655957659029,CSE 21,A01,095574,Bach; Quang Tran,23,0,48,25
1655957665058,CSE 30,A01,083084,Eldon; John,2,10,80,78
1655957665058,CSE 30,B01,095061,Bhaskar; Nishant,0,4,50,50
1655957671095,CSE 100,A01,083659,Cao; Yingjun,2,25,70,68
1655957677122,CSE 134B,A01,083661,Powell; Thomas Allan,5,7,100,95
1655957683145,CSE 140,A01,083663,Gungor; Onat,5,0,85,80
1655957689176,CSE 140L,A01,083088,Eldon; John,5,0,100,95
1655957695200,CSE 175,A01,083665,Kumar; Rakesh,1,0,25,24
1655957701224,CSE 190,A00,092507,Dubnov; Shlomo,1,0,20,19
1655957707247,ECE 45,A01,083139,Congero; Spencer William,0,1,75,75
1655957713272,ECE 65,A50,083695,Saad; Andrew S,6,0,30,24
1655957713272,ECE 65,A51,095125,Staff,23,0,26,3
1655957719298,ECE 109,A01,091882,Touri; Behrouz,2,4,70,68
1655957725321,ECE 180,A00,083140,Abi Samra; Nicholas Camill,1,0,30,29
1655957725321,ECE 180,B00,083141,Abi Samra; Nicholas Camill,0,9,28,28
1655957731344,MATH 10A,A01,083735,Patchell; Gregory David,0,0,30,30
1655957731344,MATH 10A,A02,083736,Patchell; Gregory David,21,0,30,9
1655957731344,MATH 10A,A03,083737,Patchell; Gregory David,16,0,30,14
1655957737367,MATH 10B,A01,083207,Lim; Seonhee,1,1,34,33
1655957737367,MATH 10B,A02,083208,Lim; Seonhee,1,1,35,34
1655957737367,MATH 10B,A03,093472,Staff,1,0,34,33
1655957737367,MATH 10B,B01,083739,Sinha; Shubham,9,0,30,21
1655957743390,MATH 18,A01,083743,Cinel; Cameron Alexander,4,0,30,26
1655957743390,MATH 18,A02,083744,Cinel; Cameron Alexander,11,0,30,19
1655957743390,MATH 18,A03,083745,Cinel; Cameron Alexander,1,0,30,29
1655957743390,MATH 18,B01,083748,Ma; Zilu,2,0,36,34
1655957743390,MATH 18,B02,083749,Ma; Zilu,0,0,36,36
1655957743390,MATH 18,B03,083750,Ma; Zilu,0,0,36,36
1655957743390,MATH 18,B04,083751,Ma; Zilu,0,0,36,36
1655957743390,MATH 18,B05,093473,Staff,0,0,36,36
1655957743390,MATH 18,B06,093474,Staff,0,0,36,36
1655957749413,MATH 20A,A01,083754,Zheng; Zequn,10,0,40,30
1655957755435,MATH 20B,A01,083756,Briones; Jor-el Thomas Caparas,0,1,36,36
1655957755435,MATH 20B,A02,083757,Briones; Jor-el Thomas Caparas,1,0,36,35
1655957755435,MATH 20B,A03,093475,Staff,1,0,36,35
1655957761459,MATH 20C,A01,083760,Briones; Jor-el Thomas Caparas,0,2,35,35
1655957761459,MATH 20C,A02,083761,Briones; Jor-el Thomas Caparas,6,1,35,29
1655957761459,MATH 20C,A03,093476,Staff,1,0,35,34
1655957761459,MATH 20C,B01,083762,Bach; Quang Tran,3,0,30,27
1655957767485,MATH 20D,A01,083765,Tran; Brian Kha,1,0,30,29
1655957767485,MATH 20D,A02,083766,Tran; Brian Kha,0,1,30,30
1655957767485,MATH 20D,A03,083767,Tran; Brian Kha,1,0,30,29
1655957773511,MATH 20E,A01,083771,Ganguly; Soumya,0,0,32,32
1655957773511,MATH 20E,A02,083772,Ganguly; Soumya,1,1,32,31
1655957773511,MATH 20E,B01,083773,Ciotti; Benjamin,13,0,35,22
1655957773511,MATH 20E,B02,083774,Ciotti; Benjamin,12,0,35,23
1655957779534,MATH 103A,A01,083777,Greenfeld; Be'Eri,2,1,36,34
1655957779534,MATH 103A,A02,083778,Greenfeld; Be'Eri,2,0,36,34
1655957779534,MATH 103A,A03,093561,Staff,0,1,36,36
1655957779534,MATH 103A,B01,083779,Greenfeld; Be'Eri,7,1,36,29
1655957779534,MATH 103A,B02,083780,Greenfeld; Be'Eri,1,0,36,35
1655957779534,MATH 103A,B03,093562,Staff,0,0,36,36
1655957785561,MATH 105,A01,085443,Carter; Anne Toulson,3,1,35,32
1655957785561,MATH 105,A02,093477,Staff,7,0,35,28
1655957791594,MATH 109,A01,083213,Ganzberger; Geoffrey Michael,0,1,34,34
1655957791594,MATH 109,A02,083214,Ganzberger; Geoffrey Michael,1,0,34,33
1655957791594,MATH 109,A03,093478,Staff,1,0,34,33
1655957791594,MATH 109,B01,083215,Ganzberger; Geoffrey Michael,2,0,32,30
1655957791594,MATH 109,B02,083216,Ganzberger; Geoffrey Michael,0,0,32,32
1655957791594,MATH 109,B03,093479,Staff,4,0,32,28
1655957797617,MATH 142A,A01,083219,Chow; Bennett,0,0,32,32
1655957797617,MATH 142A,A02,083220,Chow; Bennett,7,0,32,25
1655957797617,MATH 142A,A03,093480,Staff,4,0,32,28
1655957797617,MATH 142A,B03,093481,Staff,3,0,32,29
1655957797617,MATH 142A,B04,093558,Staff,6,0,32,26
1655957797617,MATH 142A,B05,093559,Staff,0,0,32,32
1655957803645,MATH 193A,A01,083224,Rotar; Vladimir,1,1,34,33
1655957803645,MATH 193A,A02,083225,Rotar; Vladimir,0,0,34,34
1655957803645,MATH 193A,A03,083781,Rotar; Vladimir,2,0,34,32
1655957803645,MATH 193A,A04,083782,Rotar; Vladimir,3,0,34,31
1655957803645,MATH 193A,A05,093482,Rotar; Vladimir,0,0,34,34
1655957809669,MATH 197,001,091859,McAuley; Julian John,9999,0,9999,0
1655957809669,MATH 197,002,095566,Kedlaya; Kiran S.,9997,0,9999,2
1655957809669,MATH 197,003,095567,Xiao; Ming,9999,0,9999,0
1655957809669,MATH 197,004,095571,Perols; Johan Lars,9998,0,9999,1
1655957816733,COGS 9,A01,083615,Shannon; Kyle Michael,3,1,75,72
1655957822761,COGS 11,A01,083617,Boyle; Mary E. T.,11,1,48,37
1655957828784,COGS 13,A01,083071,Bastos; Amalia Pinkusfeld,3,2,71,68
1655957834809,COGS 14A,A01,092681,Staff,3,25,100,97
1655957840836,COGS 14B,A01,083073,Cheng; Tzu-Han,7,0,63,56
1655957846862,COGS 17,A01,092677,Staff,8,7,81,73
1655957852885,COGS 100,A01,083619,Allen; Michael Gordon,2,2,70,68
1655957858928,COGS 101A,A01,083621,Davis; Joshua Daniel,4,3,68,64
1655957864952,COGS 101B,A01,091572,Allen; Michael Gordon,0,0,65,65
1655957870990,COGS 101C,A01,083625,Delgado; Tania,7,0,35,28
1655957877012,COGS 107A,A01,083627,Boyle; Mary E. T.,1,2,60,59
1655957883047,COGS 118A,A01,083075,Gupta; Anjum,20,16,76,56
1655957889072,CSE 3,A50,083646,Miranda; Gregory Joseph,14,0,50,36
1655957895100,CSE 8A,A50,083650,Miranda; Gregory Joseph,3,11,56,53
1655957901124,CSE 11,A01,083080,Cao; Yingjun,0,66,40,40
1655957907151,CSE 12,A01,083652,Krause-Levy; Sophia Louisa,6,8,120,114
1655957913175,CSE 15L,A01,083654,Morris; Justin Loren,3,1,50,47
1655957913175,CSE 15L,A02,083655,Morris; Justin Loren,1,1,50,49
1655957919209,CSE 20,A01,083657,Tran; Khoa Dang,29,0,80,51
1655957925247,CSE 21,A01,095574,Bach; Quang Tran,23,0,48,25
1655957931270,CSE 30,A01,083084,Eldon; John,2,10,80,78
1655957931270,CSE 30,B01,095061,Bhaskar; Nishant,0,4,50,50
1655957937294,CSE 100,A01,083659,Cao; Yingjun,2,25,70,68
1655957943319,CSE 134B,A01,083661,Powell; Thomas Allan,5,7,100,95
1655957949341,CSE 140,A01,083663,Gungor; Onat,5,0,85,80
1655957955369,CSE 140L,A01,083088,Eldon; John,5,0,100,95
1655957961391,CSE 175,A01,083665,Kumar; Rakesh,1,0,25,24
1655957967418,CSE 190,A00,092507,Dubnov; Shlomo,1,0,20,19
1655957973446,ECE 45,A01,083139,Congero; Spencer William,0,1,75,75
1655957979562,ECE 65,A50,083695,Saad; Andrew S,6,0,30,24
1655957979562,ECE 65,A51,095125,Staff,23,0,26,3
1655957985588,ECE 109,A01,091882,Touri; Behrouz,2,4,70,68
1655957991612,ECE 180,A00,083140,Abi Samra; Nicholas Camill,1,0,30,29
1655957991612,ECE 180,B00,083141,Abi Samra; Nicholas Camill,0,9,28,28
1655957997640,MATH 10A,A01,083735,Patchell; Gregory David,0,0,30,30
1655957997640,MATH 10A,A02,083736,Patchell; Gregory David,21,0,30,9
1655957997640,MATH 10A,A03,083737,Patchell; Gregory David,16,0,30,14
1655958003663,MATH 10B,A01,083207,Lim; Seonhee,1,1,34,33
1655958003663,MATH 10B,A02,083208,Lim; Seonhee,1,1,35,34
1655958003663,MATH 10B,A03,093472,Staff,1,0,34,33
1655958003663,MATH 10B,B01,083739,Sinha; Shubham,9,0,30,21
1655958009694,MATH 18,A01,083743,Cinel; Cameron Alexander,4,0,30,26
1655958009694,MATH 18,A02,083744,Cinel; Cameron Alexander,11,0,30,19
1655958009694,MATH 18,A03,083745,Cinel; Cameron Alexander,1,0,30,29
1655958009694,MATH 18,B01,083748,Ma; Zilu,2,0,36,34
1655958009694,MATH 18,B02,083749,Ma; Zilu,0,0,36,36
1655958009694,MATH 18,B03,083750,Ma; Zilu,0,0,36,36
1655958009694,MATH 18,B04,083751,Ma; Zilu,0,0,36,36
1655958009694,MATH 18,B05,093473,Staff,0,0,36,36
1655958009694,MATH 18,B06,093474,Staff,0,0,36,36
1655958015720,MATH 20A,A01,083754,Zheng; Zequn,10,0,40,30
1655958021748,MATH 20B,A01,083756,Briones; Jor-el Thomas Caparas,0,1,36,36
1655958021748,MATH 20B,A02,083757,Briones; Jor-el Thomas Caparas,1,0,36,35
1655958021748,MATH 20B,A03,093475,Staff,1,0,36,35
1655958027770,MATH 20C,A01,083760,Briones; Jor-el Thomas Caparas,0,2,35,35
1655958027770,MATH 20C,A02,083761,Briones; Jor-el Thomas Caparas,6,1,35,29
1655958027770,MATH 20C,A03,093476,Staff,1,0,35,34
1655958027770,MATH 20C,B01,083762,Bach; Quang Tran,3,0,30,27
1655958033795,MATH 20D,A01,083765,Tran; Brian Kha,1,0,30,29
1655958033795,MATH 20D,A02,083766,Tran; Brian Kha,0,1,30,30
1655958033795,MATH 20D,A03,083767,Tran; Brian Kha,1,0,30,29
1655958039819,MATH 20E,A01,083771,Ganguly; Soumya,0,0,32,32
1655958039819,MATH 20E,A02,083772,Ganguly; Soumya,1,1,32,31
1655958039819,MATH 20E,B01,083773,Ciotti; Benjamin,13,0,35,22
1655958039819,MATH 20E,B02,083774,Ciotti; Benjamin,12,0,35,23
1655958045844,MATH 103A,A01,083777,Greenfeld; Be'Eri,2,1,36,34
1655958045844,MATH 103A,A02,083778,Greenfeld; Be'Eri,2,0,36,34
1655958045844,MATH 103A,A03,093561,Staff,0,1,36,36
1655958045844,MATH 103A,B01,083779,Greenfeld; Be'Eri,7,1,36,29
1655958045844,MATH 103A,B02,083780,Greenfeld; Be'Eri,1,0,36,35
1655958045844,MATH 103A,B03,093562,Staff,0,0,36,36
1655958051866,MATH 105,A01,085443,Carter; Anne Toulson,3,1,35,32
1655958051866,MATH 105,A02,093477,Staff,7,0,35,28
1655958057896,MATH 109,A01,083213,Ganzberger; Geoffrey Michael,0,1,34,34
1655958057896,MATH 109,A02,083214,Ganzberger; Geoffrey Michael,1,0,34,33
1655958057896,MATH 109,A03,093478,Staff,1,0,34,33
1655958057896,MATH 109,B01,083215,Ganzberger; Geoffrey Michael,2,0,32,30
1655958057896,MATH 109,B02,083216,Ganzberger; Geoffrey Michael,0,0,32,32
1655958057896,MATH 109,B03,093479,Staff,4,0,32,28
1655958063920,MATH 142A,A01,083219,Chow; Bennett,0,0,32,32
1655958063920,MATH 142A,A02,083220,Chow; Bennett,7,0,32,25
1655958063920,MATH 142A,A03,093480,Staff,4,0,32,28
1655958063920,MATH 142A,B03,093481,Staff,3,0,32,29
1655958063920,MATH 142A,B04,093558,Staff,6,0,32,26
1655958063920,MATH 142A,B05,093559,Staff,0,0,32,32
1655958069949,MATH 193A,A01,083224,Rotar; Vladimir,1,1,34,33
1655958069949,MATH 193A,A02,083225,Rotar; Vladimir,0,0,34,34
1655958069949,MATH 193A,A03,083781,Rotar; Vladimir,2,0,34,32
1655958069949,MATH 193A,A04,083782,Rotar; Vladimir,3,0,34,31
1655958069949,MATH 193A,A05,093482,Rotar; Vladimir,0,0,34,34
1655958075980,MATH 197,001,091859,McAuley; Julian John,9999,0,9999,0
1655958075980,MATH 197,002,095566,Kedlaya; Kiran S.,9997,0,9999,2
1655958075980,MATH 197,003,095567,Xiao; Ming,9999,0,9999,0
1655958075980,MATH 197,004,095571,Perols; Johan Lars,9998,0,9999,1
1655958083042,COGS 9,A01,083615,Shannon; Kyle Michael,3,1,75,72
1655958089070,COGS 11,A01,083617,Boyle; Mary E. T.,11,1,48,37
1655958095094,COGS 13,A01,083071,Bastos; Amalia Pinkusfeld,3,2,71,68
1655958101117,COGS 14A,A01,092681,Staff,3,25,100,97
1655958107141,COGS 14B,A01,083073,Cheng; Tzu-Han,7,0,63,56
1655958113165,COGS 17,A01,092677,Staff,8,7,81,73
1655958119196,COGS 100,A01,083619,Allen; Michael Gordon,2,2,70,68
1655958125225,COGS 101A,A01,083621,Davis; Joshua Daniel,4,3,68,64
1655958131251,COGS 101B,A01,091572,Allen; Michael Gordon,0,0,65,65
1655958137279,COGS 101C,A01,083625,Delgado; Tania,7,0,35,28
1655958143312,COGS 107A,A01,083627,Boyle; Mary E. T.,1,2,60,59
1655958149336,COGS 118A,A01,083075,Gupta; Anjum,20,16,76,56
1655958155377,CSE 3,A50,083646,Miranda; Gregory Joseph,14,0,50,36
1655958161401,CSE 8A,A50,083650,Miranda; Gregory Joseph,3,11,56,53
1655958167423,CSE 11,A01,083080,Cao; Yingjun,0,66,40,40
1655958173449,CSE 12,A01,083652,Krause-Levy; Sophia Louisa,6,8,120,114
1655958179472,CSE 15L,A01,083654,Morris; Justin Loren,3,1,50,47
1655958179472,CSE 15L,A02,083655,Morris; Justin Loren,1,1,50,49
1655958185494,CSE 20,A01,083657,Tran; Khoa Dang,29,0,80,51
1655958191518,CSE 21,A01,095574,Bach; Quang Tran,23,0,48,25
1655958197555,CSE 30,A01,083084,Eldon; John,2,10,80,78
1655958197555,CSE 30,B01,095061,Bhaskar; Nishant,0,4,50,50
1655958203580,CSE 100,A01,083659,Cao; Yingjun,2,25,70,68
1655958209606,CSE 134B,A01,083661,Powell; Thomas Allan,5,7,100,95
1655958215629,CSE 140,A01,083663,Gungor; Onat,5,0,85,80
1655958221656,CSE 140L,A01,083088,Eldon; John,5,0,100,95
1655958227679,CSE 175,A01,083665,Kumar; Rakesh,1,0,25,24
1655958233700,CSE 190,A00,092507,Dubnov; Shlomo,1,0,20,19
1655958239730,ECE 45,A01,083139,Congero; Spencer William,0,1,75,75
1655958245758,ECE 65,A50,083695,Saad; Andrew S,6,0,30,24
1655958245758,ECE 65,A51,095125,Staff,23,0,26,3
1655958251800,ECE 109,A01,091882,Touri; Behrouz,2,4,70,68
1655958257826,ECE 180,A00,083140,Abi Samra; Nicholas Camill,1,0,30,29
1655958257826,ECE 180,B00,083141,Abi Samra; Nicholas Camill,0,9,28,28
1655958263855,MATH 10A,A01,083735,Patchell; Gregory David,0,0,30,30
1655958263855,MATH 10A,A02,083736,Patchell; Gregory David,21,0,30,9
1655958263855,MATH 10A,A03,083737,Patchell; Gregory David,16,0,30,14
1655958269892,MATH 10B,A01,083207,Lim; Seonhee,1,1,34,33
1655958269892,MATH 10B,A02,083208,Lim; Seonhee,1,1,35,34
1655958269892,MATH 10B,A03,093472,Staff,1,0,34,33
1655958269892,MATH 10B,B01,083739,Sinha; Shubham,9,0,30,21
1655958275916,MATH 18,A01,083743,Cinel; Cameron Alexander,4,0,30,26
1655958275916,MATH 18,A02,083744,Cinel; Cameron Alexander,11,0,30,19
1655958275916,MATH 18,A03,083745,Cinel; Cameron Alexander,1,0,30,29
1655958275916,MATH 18,B01,083748,Ma; Zilu,2,0,36,34
1655958275916,MATH 18,B02,083749,Ma; Zilu,0,0,36,36
1655958275916,MATH 18,B03,083750,Ma; Zilu,0,0,36,36
1655958275916,MATH 18,B04,083751,Ma; Zilu,0,0,36,36
1655958275916,MATH 18,B05,093473,Staff,0,0,36,36
1655958275916,MATH 18,B06,093474,Staff,0,0,36,36
1655958281939,MATH 20A,A01,083754,Zheng; Zequn,10,0,40,30
1655958287966,MATH 20B,A01,083756,Briones; Jor-el Thomas Caparas,0,1,36,36
1655958287966,MATH 20B,A02,083757,Briones; Jor-el Thomas Caparas,1,0,36,35
1655958287966,MATH 20B,A03,093475,Staff,1,0,36,35
1655958293994,MATH 20C,A01,083760,Briones; Jor-el Thomas Caparas,0,2,35,35
1655958293994,MATH 20C,A02,083761,Briones; Jor-el Thomas Caparas,6,1,35,29
1655958293994,MATH 20C,A03,093476,Staff,1,0,35,34
1655958293994,MATH 20C,B01,083762,Bach; Quang Tran,3,0,30,27
1655958300018,MATH 20D,A01,083765,Tran; Brian Kha,1,0,30,29
1655958300018,MATH 20D,A02,083766,Tran; Brian Kha,0,1,30,30
1655958300018,MATH 20D,A03,083767,Tran; Brian Kha,1,0,30,29
1655958306042,MATH 20E,A01,083771,Ganguly; Soumya,0,0,32,32
1655958306042,MATH 20E,A02,083772,Ganguly; Soumya,1,1,32,31
1655958306042,MATH 20E,B01,083773,Ciotti; Benjamin,13,0,35,22
1655958306042,MATH 20E,B02,083774,Ciotti; Benjamin,12,0,35,23
1655958312065,MATH 103A,A01,083777,Greenfeld; Be'Eri,2,1,36,34
1655958312065,MATH 103A,A02,083778,Greenfeld; Be'Eri,2,0,36,34
1655958312065,MATH 103A,A03,093561,Staff,0,1,36,36
1655958312065,MATH 103A,B01,083779,Greenfeld; Be'Eri,7,1,36,29
1655958312065,MATH 103A,B02,083780,Greenfeld; Be'Eri,1,0,36,35
1655958312065,MATH 103A,B03,093562,Staff,0,0,36,36
1655958318093,MATH 105,A01,085443,Carter; Anne Toulson,3,1,35,32
1655958318093,MATH 105,A02,093477,Staff,7,0,35,28
1655958324117,MATH 109,A01,083213,Ganzberger; Geoffrey Michael,0,1,34,34
1655958324117,MATH 109,A02,083214,Ganzberger; Geoffrey Michael,1,0,34,33
1655958324117,MATH 109,A03,093478,Staff,1,0,34,33
1655958324117,MATH 109,B01,083215,Ganzberger; Geoffrey Michael,2,0,32,30
1655958324117,MATH 109,B02,083216,Ganzberger; Geoffrey Michael,0,0,32,32
1655958324117,MATH 109,B03,093479,Staff,4,0,32,28
1655958330142,MATH 142A,A01,083219,Chow; Bennett,0,0,32,32
1655958330142,MATH 142A,A02,083220,Chow; Bennett,7,0,32,25
1655958330142,MATH 142A,A03,093480,Staff,4,0,32,28
1655958330142,MATH 142A,B03,093481,Staff,3,0,32,29
1655958330142,MATH 142A,B04,093558,Staff,6,0,32,26
1655958330142,MATH 142A,B05,093559,Staff,0,0,32,32
1655958336171,MATH 193A,A01,083224,Rotar; Vladimir,1,1,34,33
1655958336171,MATH 193A,A02,083225,Rotar; Vladimir,0,0,34,34
1655958336171,MATH 193A,A03,083781,Rotar; Vladimir,2,0,34,32
1655958336171,MATH 193A,A04,083782,Rotar; Vladimir,3,0,34,31
1655958336171,MATH 193A,A05,093482,Rotar; Vladimir,0,0,34,34
1655958342194,MATH 197,001,091859,McAuley; Julian John,9999,0,9999,0
1655958342194,MATH 197,002,095566,Kedlaya; Kiran S.,9997,0,9999,2
1655958342194,MATH 197,003,095567,Xiao; Ming,9999,0,9999,0
1655958342194,MATH 197,004,095571,Perols; Johan Lars,9998,0,9999,1
1655958349255,COGS 9,A01,083615,Shannon; Kyle Michael,3,1,75,72
1655958355279,COGS 11,A01,083617,Boyle; Mary E. T.,11,1,48,37
1655958361306,COGS 13,A01,083071,Bastos; Amalia Pinkusfeld,3,2,71,68
1655958367328,COGS 14A,A01,092681,Staff,3,25,100,97
1655958373355,COGS 14B,A01,083073,Cheng; Tzu-Han,7,0,63,56
1655958379379,COGS 17,A01,092677,Staff,8,7,81,73
1655958385403,COGS 100,A01,083619,Allen; Michael Gordon,2,2,70,68
1655958391429,COGS 101A,A01,083621,Davis; Joshua Daniel,4,3,68,64
1655958397450,COGS 101B,A01,091572,Allen; Michael Gordon,0,0,65,65
1655958403472,COGS 101C,A01,083625,Delgado; Tania,7,0,35,28
1655958409494,COGS 107A,A01,083627,Boyle; Mary E. T.,1,2,60,59
1655958415515,COGS 118A,A01,083075,Gupta; Anjum,20,16,76,56
1655958421539,CSE 3,A50,083646,Miranda; Gregory Joseph,14,0,50,36
1655958427562,CSE 8A,A50,083650,Miranda; Gregory Joseph,3,11,56,53
1655958433586,CSE 11,A01,083080,Cao; Yingjun,0,66,40,40
1655958439621,CSE 12,A01,083652,Krause-Levy; Sophia Louisa,6,8,120,114
1655958445649,CSE 15L,A01,083654,Morris; Justin Loren,3,1,50,47
1655958445649,CSE 15L,A02,083655,Morris; Justin Loren,1,1,50,49
1655958451674,CSE 20,A01,083657,Tran; Khoa Dang,29,0,80,51
1655958457701,CSE 21,A01,095574,Bach; Quang Tran,23,0,48,25
1655958463727,CSE 30,A01,083084,Eldon; John,2,10,80,78
1655958463727,CSE 30,B01,095061,Bhaskar; Nishant,0,4,50,50
1655958469756,CSE 100,A01,083659,Cao; Yingjun,2,25,70,68
1655958475780,CSE 134B,A01,083661,Powell; Thomas Allan,5,7,100,95
1655958481817,CSE 140,A01,083663,Gungor; Onat,5,0,85,80
1655958487843,CSE 140L,A01,083088,Eldon; John,5,0,100,95
1655958493871,CSE 175,A01,083665,Kumar; Rakesh,1,0,25,24
1655958499908,CSE 190,A00,092507,Dubnov; Shlomo,1,0,20,19
1655958505931,ECE 45,A01,083139,Congero; Spencer William,0,1,75,75
1655958511953,ECE 65,A50,083695,Saad; Andrew S,6,0,30,24
1655958511953,ECE 65,A51,095125,Staff,23,0,26,3
1655958517977,ECE 109,A01,091882,Touri; Behrouz,2,4,70,68
1655958524002,ECE 180,A00,083140,Abi Samra; Nicholas Camill,1,0,30,29
1655958524002,ECE 180,B00,083141,Abi Samra; Nicholas Camill,0,9,28,28
1655958530032,MATH 10A,A01,083735,Patchell; Gregory David,0,0,30,30
1655958530032,MATH 10A,A02,083736,Patchell; Gregory David,21,0,30,9
1655958530032,MATH 10A,A03,083737,Patchell; Gregory David,16,0,30,14
1655958536056,MATH 10B,A01,083207,Lim; Seonhee,1,1,34,33
1655958536056,MATH 10B,A02,083208,Lim; Seonhee,1,1,35,34
1655958536056,MATH 10B,A03,093472,Staff,1,0,34,33
1655958536056,MATH 10B,B01,083739,Sinha; Shubham,9,0,30,21
1655958542080,MATH 18,A01,083743,Cinel; Cameron Alexander,4,0,30,26
1655958542080,MATH 18,A02,083744,Cinel; Cameron Alexander,11,0,30,19
1655958542080,MATH 18,A03,083745,Cinel; Cameron Alexander,1,0,30,29
1655958542080,MATH 18,B01,083748,Ma; Zilu,2,0,36,34
1655958542080,MATH 18,B02,083749,Ma; Zilu,0,0,36,36
1655958542080,MATH 18,B03,083750,Ma; Zilu,0,0,36,36
1655958542080,MATH 18,B04,083751,Ma; Zilu,0,0,36,36
1655958542080,MATH 18,B05,093473,Staff,0,0,36,36
1655958542080,MATH 18,B06,093474,Staff,1,0,36,35
1655958548103,MATH 20A,A01,083754,Zheng; Zequn,10,0,40,30
1655958554129,MATH 20B,A01,083756,Briones; Jor-el Thomas Caparas,0,1,36,36
1655958554129,MATH 20B,A02,083757,Briones; Jor-el Thomas Caparas,1,0,36,35
1655958554129,MATH 20B,A03,093475,Staff,1,0,36,35
1655958560164,MATH 20C,A01,083760,Briones; Jor-el Thomas Caparas,0,2,35,35
1655958560164,MATH 20C,A02,083761,Briones; Jor-el Thomas Caparas,6,1,35,29
1655958560164,MATH 20C,A03,093476,Staff,1,0,35,34
1655958560164,MATH 20C,B01,083762,Bach; Quang Tran,3,0,30,27
1655958566187,MATH 20D,A01,083765,Tran; Brian Kha,1,0,30,29
1655958566187,MATH 20D,A02,083766,Tran; Brian Kha,0,1,30,30
1655958566187,MATH 20D,A03,083767,Tran; Brian Kha,1,0,30,29
1655958572210,MATH 20E,A01,083771,Ganguly; Soumya,0,0,32,32
1655958572210,MATH 20E,A02,083772,Ganguly; Soumya,1,1,32,31
1655958572210,MATH 20E,B01,083773,Ciotti; Benjamin,13,0,35,22
1655958572210,MATH 20E,B02,083774,Ciotti; Benjamin,12,0,35,23
1655958578336,MATH 103A,A01,083777,Greenfeld; Be'Eri,2,1,36,34
1655958578336,MATH 103A,A02,083778,Greenfeld; Be'Eri,2,0,36,34
1655958578336,MATH 103A,A03,093561,Staff,0,1,36,36
1655958578336,MATH 103A,B01,083779,Greenfeld; Be'Eri,7,1,36,29
1655958578336,MATH 103A,B02,083780,Greenfeld; Be'Eri,1,0,36,35
1655958578336,MATH 103A,B03,093562,Staff,0,0,36,36
1655958584361,MATH 105,A01,085443,Carter; Anne Toulson,3,1,35,32
1655958584361,MATH 105,A02,093477,Staff,7,0,35,28
1655958590384,MATH 109,A01,083213,Ganzberger; Geoffrey Michael,0,1,34,34
1655958590384,MATH 109,A02,083214,Ganzberger; Geoffrey Michael,1,0,34,33
1655958590384,MATH 109,A03,093478,Staff,1,0,34,33
1655958590384,MATH 109,B01,083215,Ganzberger; Geoffrey Michael,2,0,32,30
1655958590384,MATH 109,B02,083216,Ganzberger; Geoffrey Michael,0,0,32,32
1655958590384,MATH 109,B03,093479,Staff,4,0,32,28
1655958596408,MATH 142A,A01,083219,Chow; Bennett,0,0,32,32
1655958596408,MATH 142A,A02,083220,Chow; Bennett,7,0,32,25
1655958596408,MATH 142A,A03,093480,Staff,4,0,32,28
1655958596408,MATH 142A,B03,093481,Staff,3,0,32,29
1655958596408,MATH 142A,B04,093558,Staff,6,0,32,26
1655958596408,MATH 142A,B05,093559,Staff,0,0,32,32
1655958602436,MATH 193A,A01,083224,Rotar; Vladimir,1,1,34,33
1655958602436,MATH 193A,A02,083225,Rotar; Vladimir,0,0,34,34
1655958602436,MATH 193A,A03,083781,Rotar; Vladimir,2,0,34,32
1655958602436,MATH 193A,A04,083782,Rotar; Vladimir,3,0,34,31
1655958602436,MATH 193A,A05,093482,Rotar; Vladimir,0,0,34,34
1655958608458,MATH 197,001,091859,McAuley; Julian John,9999,0,9999,0
1655958608458,MATH 197,002,095566,Kedlaya; Kiran S.,9997,0,9999,2
1655958608458,MATH 197,003,095567,Xiao; Ming,9999,0,9999,0
1655958608458,MATH 197,004,095571,Perols; Johan Lars,9998,0,9999,1
1655958615511,COGS 9,A01,083615,Shannon; Kyle Michael,3,1,75,72
1655958621538,COGS 11,A01,083617,Boyle; Mary E. T.,11,1,48,37
1655958627562,COGS 13,A01,083071,Bastos; Amalia Pinkusfeld,3,2,71,68
1655958633588,COGS 14A,A01,092681,Staff,3,25,100,97
1655958639616,COGS 14B,A01,083073,Cheng; Tzu-Han,7,0,63,56
1655958645657,COGS 17,A01,092677,Staff,8,7,81,73
1655958651683,COGS 100,A01,083619,Allen; Michael Gordon,2,2,70,68
1655958657710,COGS 101A,A01,083621,Davis; Joshua Daniel,4,3,68,64
1655958663738,COGS 101B,A01,091572,Allen; Michael Gordon,0,0,65,65
1655958669761,COGS 101C,A01,083625,Delgado; Tania,7,0,35,28
1655958675790,COGS 107A,A01,083627,Boyle; Mary E. T.,1,2,60,59
1655958681814,COGS 118A,A01,083075,Gupta; Anjum,20,16,76,56
1655958687838,CSE 3,A50,083646,Miranda; Gregory Joseph,14,0,50,36
1655958693865,CSE 8A,A50,083650,Miranda; Gregory Joseph,3,11,56,53
1655958699891,CSE 11,A01,083080,Cao; Yingjun,0,66,40,40
1655958705915,CSE 12,A01,083652,Krause-Levy; Sophia Louisa,6,8,120,114
1655958711939,CSE 15L,A01,083654,Morris; Justin Loren,3,1,50,47
1655958711939,CSE 15L,A02,083655,Morris; Justin Loren,1,1,50,49
1655958717964,CSE 20,A01,083657,Tran; Khoa Dang,29,0,80,51
1655958723988,CSE 21,A01,095574,Bach; Quang Tran,23,0,48,25
1655958730011,CSE 30,A01,083084,Eldon; John,2,10,80,78
1655958730011,CSE 30,B01,095061,Bhaskar; Nishant,0,4,50,50
1655958736038,CSE 100,A01,083659,Cao; Yingjun,2,25,70,68
1655958742062,CSE 134B,A01,083661,Powell; Thomas Allan,5,7,100,95
1655958748089,CSE 140,A01,083663,Gungor; Onat,5,0,85,80
1655958754115,CSE 140L,A01,083088,Eldon; John,5,0,100,95
1655958760138,CSE 175,A01,083665,Kumar; Rakesh,1,0,25,24
1655958766164,CSE 190,A00,092507,Dubnov; Shlomo,1,0,20,19
1655958772192,ECE 45,A01,083139,Congero; Spencer William,0,1,75,75
1655958778215,ECE 65,A50,083695,Saad; Andrew S,6,0,30,24
1655958778215,ECE 65,A51,095125,Staff,23,0,26,3
1655958784239,ECE 109,A01,091882,Touri; Behrouz,2,4,70,68
1655958790266,ECE 180,A00,083140,Abi Samra; Nicholas Camill,1,0,30,29
1655958790266,ECE 180,B00,083141,Abi Samra; Nicholas Camill,0,9,28,28
1655958796289,MATH 10A,A01,083735,Patchell; Gregory David,0,0,30,30
1655958796289,MATH 10A,A02,083736,Patchell; Gregory David,21,0,30,9
1655958796289,MATH 10A,A03,083737,Patchell; Gregory David,16,0,30,14
1655958802312,MATH 10B,A01,083207,Lim; Seonhee,1,1,34,33
1655958802312,MATH 10B,A02,083208,Lim; Seonhee,1,1,35,34
1655958802312,MATH 10B,A03,093472,Staff,1,0,34,33
1655958802312,MATH 10B,B01,083739,Sinha; Shubham,9,0,30,21
1655958808336,MATH 18,A01,083743,Cinel; Cameron Alexander,4,0,30,26
1655958808336,MATH 18,A02,083744,Cinel; Cameron Alexander,11,0,30,19
1655958808336,MATH 18,A03,083745,Cinel; Cameron Alexander,1,0,30,29
1655958808336,MATH 18,B01,083748,Ma; Zilu,2,0,36,34
1655958808336,MATH 18,B02,083749,Ma; Zilu,0,0,36,36
1655958808336,MATH 18,B03,083750,Ma; Zilu,0,0,36,36
1655958808336,MATH 18,B04,083751,Ma; Zilu,0,0,36,36
1655958808336,MATH 18,B05,093473,Staff,0,0,36,36
1655958808336,MATH 18,B06,093474,Staff,1,0,36,35
1655958814358,MATH 20A,A01,083754,Zheng; Zequn,10,0,40,30
1655958820382,MATH 20B,A01,083756,Briones; Jor-el Thomas Caparas,0,1,36,36
1655958820382,MATH 20B,A02,083757,Briones; Jor-el Thomas Caparas,1,0,36,35
1655958820382,MATH 20B,A03,093475,Staff,1,0,36,35
1655958826405,MATH 20C,A01,083760,Briones; Jor-el Thomas Caparas,0,2,35,35
1655958826405,MATH 20C,A02,083761,Briones; Jor-el Thomas Caparas,6,1,35,29
1655958826405,MATH 20C,A03,093476,Staff,1,0,35,34
1655958826405,MATH 20C,B01,083762,Bach; Quang Tran,3,0,30,27
1655958832433,MATH 20D,A01,083765,Tran; Brian Kha,1,0,30,29
1655958832433,MATH 20D,A02,083766,Tran; Brian Kha,0,1,30,30
1655958832433,MATH 20D,A03,083767,Tran; Brian Kha,1,0,30,29
1655958838460,MATH 20E,A01,083771,Ganguly; Soumya,0,0,32,32
1655958838460,MATH 20E,A02,083772,Ganguly; Soumya,1,1,32,31
1655958838460,MATH 20E,B01,083773,Ciotti; Benjamin,13,0,35,22
1655958838460,MATH 20E,B02,083774,Ciotti; Benjamin,12,0,35,23
1655958844487,MATH 103A,A01,083777,Greenfeld; Be'Eri,2,1,36,34
1655958844487,MATH 103A,A02,083778,Greenfeld; Be'Eri,2,0,36,34
1655958844487,MATH 103A,A03,093561,Staff,0,1,36,36
1655958844487,MATH 103A,B01,083779,Greenfeld; Be'Eri,7,1,36,29
1655958844487,MATH 103A,B02,083780,Greenfeld; Be'Eri,1,0,36,35
1655958844487,MATH 103A,B03,093562,Staff,0,0,36,36
1655958850509,MATH 105,A01,085443,Carter; Anne Toulson,3,1,35,32
1655958850509,MATH 105,A02,093477,Staff,7,0,35,28
1655958856540,MATH 109,A01,083213,Ganzberger; Geoffrey Michael,0,1,34,34
1655958856540,MATH 109,A02,083214,Ganzberger; Geoffrey Michael,1,0,34,33
1655958856540,MATH 109,A03,093478,Staff,1,0,34,33
1655958856540,MATH 109,B01,083215,Ganzberger; Geoffrey Michael,2,0,32,30
1655958856540,MATH 109,B02,083216,Ganzberger; Geoffrey Michael,0,0,32,32
1655958856540,MATH 109,B03,093479,Staff,4,0,32,28
1655958862581,MATH 142A,A01,083219,Chow; Bennett,0,0,32,32
1655958862581,MATH 142A,A02,083220,Chow; Bennett,7,0,32,25
1655958862581,MATH 142A,A03,093480,Staff,4,0,32,28
1655958862581,MATH 142A,B03,093481,Staff,3,0,32,29
1655958862581,MATH 142A,B04,093558,Staff,6,0,32,26
1655958862581,MATH 142A,B05,093559,Staff,0,0,32,32
1655958868604,MATH 193A,A01,083224,Rotar; Vladimir,1,1,34,33
1655958868604,MATH 193A,A02,083225,Rotar; Vladimir,0,0,34,34
1655958868604,MATH 193A,A03,083781,Rotar; Vladimir,2,0,34,32
1655958868604,MATH 193A,A04,083782,Rotar; Vladimir,3,0,34,31
1655958868604,MATH 193A,A05,093482,Rotar; Vladimir,0,0,34,34
1655958874635,MATH 197,001,091859,McAuley; Julian John,9999,0,9999,0
1655958874635,MATH 197,002,095566,Kedlaya; Kiran S.,9997,0,9999,2
1655958874635,MATH 197,003,095567,Xiao; Ming,9999,0,9999,0
1655958874635,MATH 197,004,095571,Perols; Johan Lars,9998,0,9999,1
1655958881693,COGS 9,A01,083615,Shannon; Kyle Michael,3,1,75,72
1655958887720,COGS 11,A01,083617,Boyle; Mary E. T.,11,1,48,37
1655958893753,COGS 13,A01,083071,Bastos; Amalia Pinkusfeld,3,2,71,68
1655958899777,COGS 14A,A01,092681,Staff,3,25,100,97
1655958905802,COGS 14B,A01,083073,Cheng; Tzu-Han,7,0,63,56
1655958911827,COGS 17,A01,092677,Staff,8,7,81,73
1655958917853,COGS 100,A01,083619,Allen; Michael Gordon,2,2,70,68
1655958923880,COGS 101A,A01,083621,Davis; Joshua Daniel,4,3,68,64
1655958929904,COGS 101B,A01,091572,Allen; Michael Gordon,0,0,65,65
1655958935928,COGS 101C,A01,083625,Delgado; Tania,7,0,35,28
1655958941952,COGS 107A,A01,083627,Boyle; Mary E. T.,1,2,60,59
1655958947984,COGS 118A,A01,083075,Gupta; Anjum,21,16,76,55
1655958954008,CSE 3,A50,083646,Miranda; Gregory Joseph,14,0,50,36
1655958960030,CSE 8A,A50,083650,Miranda; Gregory Joseph,3,11,56,53
1655958966054,CSE 11,A01,083080,Cao; Yingjun,0,66,40,40
1655958972082,CSE 12,A01,083652,Krause-Levy; Sophia Louisa,6,8,120,114
1655958978117,CSE 15L,A01,083654,Morris; Justin Loren,3,1,50,47
1655958978117,CSE 15L,A02,083655,Morris; Justin Loren,1,1,50,49
1655958984144,CSE 20,A01,083657,Tran; Khoa Dang,29,0,80,51
1655958990172,CSE 21,A01,095574,Bach; Quang Tran,23,0,48,25
1655958996201,CSE 30,A01,083084,Eldon; John,2,10,80,78
1655958996201,CSE 30,B01,095061,Bhaskar; Nishant,0,4,50,50
1655959002224,CSE 100,A01,083659,Cao; Yingjun,2,25,70,68
1655959008250,CSE 134B,A01,083661,Powell; Thomas Allan,5,7,100,95
1655959014274,CSE 140,A01,083663,Gungor; Onat,5,0,85,80
1655959020301,CSE 140L,A01,083088,Eldon; John,5,0,100,95
1655959026328,CSE 175,A01,083665,Kumar; Rakesh,1,0,25,24
1655959032353,CSE 190,A00,092507,Dubnov; Shlomo,1,0,20,19
1655959038377,ECE 45,A01,083139,Congero; Spencer William,0,1,75,75
1655959044405,ECE 65,A50,083695,Saad; Andrew S,6,0,30,24
1655959044405,ECE 65,A51,095125,Staff,23,0,26,3
1655959050429,ECE 109,A01,091882,Touri; Behrouz,2,4,70,68
1655959056453,ECE 180,A00,083140,Abi Samra; Nicholas Camill,1,0,30,29
1655959056453,ECE 180,B00,083141,Abi Samra; Nicholas Camill,0,9,28,28
1655959062481,MATH 10A,A01,083735,Patchell; Gregory David,0,0,30,30
1655959062481,MATH 10A,A02,083736,Patchell; Gregory David,21,0,30,9
1655959062481,MATH 10A,A03,083737,Patchell; Gregory David,16,0,30,14
1655959068511,MATH 10B,A01,083207,Lim; Seonhee,1,1,34,33
1655959068511,MATH 10B,A02,083208,Lim; Seonhee,1,1,35,34
1655959068511,MATH 10B,A03,093472,Staff,1,0,34,33
1655959068511,MATH 10B,B01,083739,Sinha; Shubham,9,0,30,21
1655959074541,MATH 18,A01,083743,Cinel; Cameron Alexander,4,0,30,26
1655959074541,MATH 18,A02,083744,Cinel; Cameron Alexander,11,0,30,19
1655959074541,MATH 18,A03,083745,Cinel; Cameron Alexander,1,0,30,29
1655959074541,MATH 18,B01,083748,Ma; Zilu,2,0,36,34
1655959074541,MATH 18,B02,083749,Ma; Zilu,0,0,36,36
1655959074541,MATH 18,B03,083750,Ma; Zilu,0,0,36,36
1655959074541,MATH 18,B04,083751,Ma; Zilu,0,0,36,36
1655959074541,MATH 18,B05,093473,Staff,0,0,36,36
1655959074541,MATH 18,B06,093474,Staff,1,0,36,35
1655959080566,MATH 20A,A01,083754,Zheng; Zequn,10,0,40,30
1655959086594,MATH 20B,A01,083756,Briones; Jor-el Thomas Caparas,0,1,36,36
1655959086594,MATH 20B,A02,083757,Briones; Jor-el Thomas Caparas,1,0,36,35
1655959086594,MATH 20B,A03,093475,Staff,1,0,36,35
1655959092618,MATH 20C,A01,083760,Briones; Jor-el Thomas Caparas,0,2,35,35
1655959092618,MATH 20C,A02,083761,Briones; Jor-el Thomas Caparas,6,1,35,29
1655959092618,MATH 20C,A03,093476,Staff,1,0,35,34
1655959092618,MATH 20C,B01,083762,Bach; Quang Tran,3,0,30,27
1655959098642,MATH 20D,A01,083765,Tran; Brian Kha,1,0,30,29
1655959098642,MATH 20D,A02,083766,Tran; Brian Kha,0,1,30,30
1655959098642,MATH 20D,A03,083767,Tran; Brian Kha,1,0,30,29
1655959104666,MATH 20E,A01,083771,Ganguly; Soumya,0,0,32,32
1655959104666,MATH 20E,A02,083772,Ganguly; Soumya,1,1,32,31
1655959104666,MATH 20E,B01,083773,Ciotti; Benjamin,13,0,35,22
1655959104666,MATH 20E,B02,083774,Ciotti; Benjamin,12,0,35,23
1655959110693,MATH 103A,A01,083777,Greenfeld; Be'Eri,2,1,36,34
1655959110693,MATH 103A,A02,083778,Greenfeld; Be'Eri,2,0,36,34
1655959110693,MATH 103A,A03,093561,Staff,0,1,36,36
1655959110693,MATH 103A,B01,083779,Greenfeld; Be'Eri,7,1,36,29
1655959110693,MATH 103A,B02,083780,Greenfeld; Be'Eri,1,0,36,35
1655959110693,MATH 103A,B03,093562,Staff,0,0,36,36
1655959116721,MATH 105,A01,085443,Carter; Anne Toulson,3,1,35,32
1655959116721,MATH 105,A02,093477,Staff,7,0,35,28
1655959122745,MATH 109,A01,083213,Ganzberger; Geoffrey Michael,0,1,34,34
1655959122745,MATH 109,A02,083214,Ganzberger; Geoffrey Michael,1,0,34,33
1655959122745,MATH 109,A03,093478,Staff,1,0,34,33
1655959122745,MATH 109,B01,083215,Ganzberger; Geoffrey Michael,2,0,32,30
1655959122745,MATH 109,B02,083216,Ganzberger; Geoffrey Michael,0,0,32,32
1655959122745,MATH 109,B03,093479,Staff,4,0,32,28
1655959128769,MATH 142A,A01,083219,Chow; Bennett,0,0,32,32
1655959128769,MATH 142A,A02,083220,Chow; Bennett,7,0,32,25
1655959128769,MATH 142A,A03,093480,Staff,4,0,32,28
1655959128769,MATH 142A,B03,093481,Staff,3,0,32,29
1655959128769,MATH 142A,B04,093558,Staff,6,0,32,26
1655959128769,MATH 142A,B05,093559,Staff,0,0,32,32
1655959134795,MATH 193A,A01,083224,Rotar; Vladimir,1,1,34,33
1655959134795,MATH 193A,A02,083225,Rotar; Vladimir,0,0,34,34
1655959134795,MATH 193A,A03,083781,Rotar; Vladimir,2,0,34,32
1655959134795,MATH 193A,A04,083782,Rotar; Vladimir,3,0,34,31
1655959134795,MATH 193A,A05,093482,Rotar; Vladimir,0,0,34,34
1655959140821,MATH 197,001,091859,McAuley; Julian John,9999,0,9999,0
1655959140821,MATH 197,002,095566,Kedlaya; Kiran S.,9997,0,9999,2
1655959140821,MATH 197,003,095567,Xiao; Ming,9999,0,9999,0
1655959140821,MATH 197,004,095571,Perols; Johan Lars,9998,0,9999,1
1655959147888,COGS 9,A01,083615,Shannon; Kyle Michael,3,1,75,72
1655959153916,COGS 11,A01,083617,Boyle; Mary E. T.,11,1,48,37
1655959159943,COGS 13,A01,083071,Bastos; Amalia Pinkusfeld,3,2,71,68
1655959165984,COGS 14A,A01,092681,Staff,3,25,100,97
1655959172102,COGS 14B,A01,083073,Cheng; Tzu-Han,7,0,63,56
1655959178126,COGS 17,A01,092677,Staff,8,7,81,73
1655959184153,COGS 100,A01,083619,Allen; Michael Gordon,2,2,70,68
1655959190181,COGS 101A,A01,083621,Davis; Joshua Daniel,4,3,68,64
1655959196204,COGS 101B,A01,091572,Allen; Michael Gordon,0,0,65,65
1655959202228,COGS 101C,A01,083625,Delgado; Tania,7,0,35,28
1655959208254,COGS 107A,A01,083627,Boyle; Mary E. T.,1,2,60,59
1655959214285,COGS 118A,A01,083075,Gupta; Anjum,21,16,76,55
1655959220314,CSE 3,A50,083646,Miranda; Gregory Joseph,14,0,50,36
1655959226338,CSE 8A,A50,083650,Miranda; Gregory Joseph,3,11,56,53
1655959232361,CSE 11,A01,083080,Cao; Yingjun,0,66,40,40
1655959238385,CSE 12,A01,083652,Krause-Levy; Sophia Louisa,6,8,120,114
1655959244408,CSE 15L,A01,083654,Morris; Justin Loren,3,1,50,47
1655959244408,CSE 15L,A02,083655,Morris; Justin Loren,1,1,50,49
1655959250432,CSE 20,A01,083657,Tran; Khoa Dang,29,0,80,51
1655959256459,CSE 21,A01,095574,Bach; Quang Tran,23,0,48,25
1655959262487,CSE 30,A01,083084,Eldon; John,2,10,80,78
1655959262487,CSE 30,B01,095061,Bhaskar; Nishant,0,4,50,50
1655959268514,CSE 100,A01,083659,Cao; Yingjun,2,25,70,68
1655959274536,CSE 134B,A01,083661,Powell; Thomas Allan,5,7,100,95
1655959280564,CSE 140,A01,083663,Gungor; Onat,5,0,85,80
1655959286588,CSE 140L,A01,083088,Eldon; John,5,0,100,95
1655959292617,CSE 175,A01,083665,Kumar; Rakesh,1,0,25,24
1655959298640,CSE 190,A00,092507,Dubnov; Shlomo,1,0,20,19
1655959304673,ECE 45,A01,083139,Congero; Spencer William,0,1,75,75
1655959310700,ECE 65,A50,083695,Saad; Andrew S,6,0,30,24
1655959310700,ECE 65,A51,095125,Staff,23,0,26,3
1655959316722,ECE 109,A01,091882,Touri; Behrouz,2,4,70,68
1655959322749,ECE 180,A00,083140,Abi Samra; Nicholas Camill,1,0,30,29
1655959322749,ECE 180,B00,083141,Abi Samra; Nicholas Camill,0,9,28,28
1655959328781,MATH 10A,A01,083735,Patchell; Gregory David,0,0,30,30
1655959328781,MATH 10A,A02,083736,Patchell; Gregory David,21,0,30,9
1655959328781,MATH 10A,A03,083737,Patchell; Gregory David,16,0,30,14
1655959334810,MATH 10B,A01,083207,Lim; Seonhee,1,1,34,33
1655959334810,MATH 10B,A02,083208,Lim; Seonhee,1,1,35,34
1655959334810,MATH 10B,A03,093472,Staff,1,0,34,33
1655959334810,MATH 10B,B01,083739,Sinha; Shubham,9,0,30,21
1655959340834,MATH 18,A01,083743,Cinel; Cameron Alexander,4,0,30,26
1655959340834,MATH 18,A02,083744,Cinel; Cameron Alexander,11,0,30,19
1655959340834,MATH 18,A03,083745,Cinel; Cameron Alexander,1,0,30,29
1655959340834,MATH 18,B01,083748,Ma; Zilu,2,0,36,34
1655959340834,MATH 18,B02,083749,Ma; Zilu,0,0,36,36
1655959340834,MATH 18,B03,083750,Ma; Zilu,0,0,36,36
1655959340834,MATH 18,B04,083751,Ma; Zilu,0,0,36,36
1655959340834,MATH 18,B05,093473,Staff,0,0,36,36
1655959340834,MATH 18,B06,093474,Staff,1,0,36,35
1655959346865,MATH 20A,A01,083754,Zheng; Zequn,10,0,40,30
1655959352891,MATH 20B,A01,083756,Briones; Jor-el Thomas Caparas,0,1,36,36
1655959352891,MATH 20B,A02,083757,Briones; Jor-el Thomas Caparas,1,0,36,35
1655959352891,MATH 20B,A03,093475,Staff,1,0,36,35
1655959358919,MATH 20C,A01,083760,Briones; Jor-el Thomas Caparas,0,2,35,35
1655959358919,MATH 20C,A02,083761,Briones; Jor-el Thomas Caparas,6,1,35,29
1655959358919,MATH 20C,A03,093476,Staff,1,0,35,34
1655959358919,MATH 20C,B01,083762,Bach; Quang Tran,3,0,30,27
1655959364944,MATH 20D,A01,083765,Tran; Brian Kha,1,0,30,29
1655959364944,MATH 20D,A02,083766,Tran; Brian Kha,0,1,30,30
1655959364944,MATH 20D,A03,083767,Tran; Brian Kha,1,0,30,29
1655959370967,MATH 20E,A01,083771,Ganguly; Soumya,0,0,32,32
1655959370967,MATH 20E,A02,083772,Ganguly; Soumya,1,1,32,31
1655959370967,MATH 20E,B01,083773,Ciotti; Benjamin,13,0,35,22
1655959370967,MATH 20E,B02,083774,Ciotti; Benjamin,12,0,35,23
1655959376997,MATH 103A,A01,083777,Greenfeld; Be'Eri,2,1,36,34
1655959376997,MATH 103A,A02,083778,Greenfeld; Be'Eri,2,0,36,34
1655959376997,MATH 103A,A03,093561,Staff,0,1,36,36
1655959376997,MATH 103A,B01,083779,Greenfeld; Be'Eri,7,1,36,29
1655959376997,MATH 103A,B02,083780,Greenfeld; Be'Eri,1,0,36,35
1655959376997,MATH 103A,B03,093562,Staff,0,0,36,36
1655959383021,MATH 105,A01,085443,Carter; Anne Toulson,3,1,35,32
1655959383021,MATH 105,A02,093477,Staff,7,0,35,28
1655959389055,MATH 109,A01,083213,Ganzberger; Geoffrey Michael,0,1,34,34
1655959389055,MATH 109,A02,083214,Ganzberger; Geoffrey Michael,1,0,34,33
1655959389055,MATH 109,A03,093478,Staff,1,0,34,33
1655959389055,MATH 109,B01,083215,Ganzberger; Geoffrey Michael,2,0,32,30
1655959389055,MATH 109,B02,083216,Ganzberger; Geoffrey Michael,0,0,32,32
1655959389055,MATH 109,B03,093479,Staff,4,0,32,28
1655959395083,MATH 142A,A01,083219,Chow; Bennett,0,0,32,32
1655959395083,MATH 142A,A02,083220,Chow; Bennett,7,0,32,25
1655959395083,MATH 142A,A03,093480,Staff,4,0,32,28
1655959395083,MATH 142A,B03,093481,Staff,3,0,32,29
1655959395083,MATH 142A,B04,093558,Staff,6,0,32,26
1655959395083,MATH 142A,B05,093559,Staff,0,0,32,32
1655959401121,MATH 193A,A01,083224,Rotar; Vladimir,1,1,34,33
1655959401121,MATH 193A,A02,083225,Rotar; Vladimir,0,0,34,34
1655959401121,MATH 193A,A03,083781,Rotar; Vladimir,2,0,34,32
1655959401121,MATH 193A,A04,083782,Rotar; Vladimir,3,0,34,31
1655959401121,MATH 193A,A05,093482,Rotar; Vladimir,0,0,34,34
1655959407148,MATH 197,001,091859,McAuley; Julian John,9999,0,9999,0
1655959407148,MATH 197,002,095566,Kedlaya; Kiran S.,9997,0,9999,2
1655959407148,MATH 197,003,095567,Xiao; Ming,9999,0,9999,0
1655959407148,MATH 197,004,095571,Perols; Johan Lars,9998,0,9999,1
1655959414199,COGS 9,A01,083615,Shannon; Kyle Michael,3,1,75,72
1655959420223,COGS 11,A01,083617,Boyle; Mary E. T.,11,1,48,37
1655959426246,COGS 13,A01,083071,Bastos; Amalia Pinkusfeld,3,2,71,68
1655959432270,COGS 14A,A01,092681,Staff,3,25,100,97
1655959438293,COGS 14B,A01,083073,Cheng; Tzu-Han,7,0,63,56
1655959444317,COGS 17,A01,092677,Staff,8,7,81,73
1655959450342,COGS 100,A01,083619,Allen; Michael Gordon,2,2,70,68
1655959456369,COGS 101A,A01,083621,Davis; Joshua Daniel,4,3,68,64
1655959462392,COGS 101B,A01,091572,Allen; Michael Gordon,0,0,65,65
1655959468417,COGS 101C,A01,083625,Delgado; Tania,7,0,35,28
1655959474438,COGS 107A,A01,083627,Boyle; Mary E. T.,1,2,60,59
1655959480481,COGS 118A,A01,083075,Gupta; Anjum,21,16,76,55
1655959486504,CSE 3,A50,083646,Miranda; Gregory Joseph,14,0,50,36
1655959492528,CSE 8A,A50,083650,Miranda; Gregory Joseph,3,11,56,53
1655959498551,CSE 11,A01,083080,Cao; Yingjun,0,66,40,40
1655959504577,CSE 12,A01,083652,Krause-Levy; Sophia Louisa,6,8,120,114
1655959510603,CSE 15L,A01,083654,Morris; Justin Loren,3,1,50,47
1655959510603,CSE 15L,A02,083655,Morris; Justin Loren,1,1,50,49
1655959516627,CSE 20,A01,083657,Tran; Khoa Dang,29,0,80,51
1655959522650,CSE 21,A01,095574,Bach; Quang Tran,23,0,48,25
1655959528672,CSE 30,A01,083084,Eldon; John,2,10,80,78
1655959528672,CSE 30,B01,095061,Bhaskar; Nishant,0,4,50,50
1655959534696,CSE 100,A01,083659,Cao; Yingjun,2,25,70,68
1655959540723,CSE 134B,A01,083661,Powell; Thomas Allan,5,7,100,95
1655959546749,CSE 140,A01,083663,Gungor; Onat,5,0,85,80
1655959552773,CSE 140L,A01,083088,Eldon; John,5,0,100,95
1655959558799,CSE 175,A01,083665,Kumar; Rakesh,1,0,25,24
1655959564823,CSE 190,A00,092507,Dubnov; Shlomo,1,0,20,19
1655959570847,ECE 45,A01,083139,Congero; Spencer William,0,1,75,75
1655959576869,ECE 65,A50,083695,Saad; Andrew S,6,0,30,24
1655959576869,ECE 65,A51,095125,Staff,23,0,26,3
1655959582900,ECE 109,A01,091882,Touri; Behrouz,2,4,70,68
1655959588922,ECE 180,A00,083140,Abi Samra; Nicholas Camill,1,0,30,29
1655959588922,ECE 180,B00,083141,Abi Samra; Nicholas Camill,0,9,28,28
1655959594947,MATH 10A,A01,083735,Patchell; Gregory David,0,0,30,30
1655959594947,MATH 10A,A02,083736,Patchell; Gregory David,21,0,30,9
1655959594947,MATH 10A,A03,083737,Patchell; Gregory David,16,0,30,14
1655959600979,MATH 10B,A01,083207,Lim; Seonhee,1,1,34,33
1655959600979,MATH 10B,A02,083208,Lim; Seonhee,1,1,35,34
1655959600979,MATH 10B,A03,093472,Staff,1,0,34,33
1655959600979,MATH 10B,B01,083739,Sinha; Shubham,9,0,30,21
1655959607008,MATH 18,A01,083743,Cinel; Cameron Alexander,4,0,30,26
1655959607008,MATH 18,A02,083744,Cinel; Cameron Alexander,11,0,30,19
1655959607008,MATH 18,A03,083745,Cinel; Cameron Alexander,1,0,30,29
1655959607008,MATH 18,B01,083748,Ma; Zilu,2,0,36,34
1655959607008,MATH 18,B02,083749,Ma; Zilu,0,0,36,36
1655959607008,MATH 18,B03,083750,Ma; Zilu,0,0,36,36
1655959607008,MATH 18,B04,083751,Ma; Zilu,0,0,36,36
1655959607008,MATH 18,B05,093473,Staff,0,0,36,36
1655959607008,MATH 18,B06,093474,Staff,1,0,36,35
1655959613030,MATH 20A,A01,083754,Zheng; Zequn,10,0,40,30
1655959619058,MATH 20B,A01,083756,Briones; Jor-el Thomas Caparas,0,1,36,36
1655959619058,MATH 20B,A02,083757,Briones; Jor-el Thomas Caparas,1,0,36,35
1655959619058,MATH 20B,A03,093475,Staff,1,0,36,35
1655959625082,MATH 20C,A01,083760,Briones; Jor-el Thomas Caparas,0,2,35,35
1655959625082,MATH 20C,A02,083761,Briones; Jor-el Thomas Caparas,6,1,35,29
1655959625082,MATH 20C,A03,093476,Staff,1,0,35,34
1655959625082,MATH 20C,B01,083762,Bach; Quang Tran,3,0,30,27
1655959631113,MATH 20D,A01,083765,Tran; Brian Kha,1,0,30,29
1655959631113,MATH 20D,A02,083766,Tran; Brian Kha,0,1,30,30
1655959631113,MATH 20D,A03,083767,Tran; Brian Kha,1,0,30,29
1655959637137,MATH 20E,A01,083771,Ganguly; Soumya,0,0,32,32
1655959637137,MATH 20E,A02,083772,Ganguly; Soumya,1,1,32,31
1655959637137,MATH 20E,B01,083773,Ciotti; Benjamin,13,0,35,22
1655959637137,MATH 20E,B02,083774,Ciotti; Benjamin,12,0,35,23
1655959643166,MATH 103A,A01,083777,Greenfeld; Be'Eri,2,1,36,34
1655959643166,MATH 103A,A02,083778,Greenfeld; Be'Eri,2,0,36,34
1655959643166,MATH 103A,A03,093561,Staff,0,1,36,36
1655959643166,MATH 103A,B01,083779,Greenfeld; Be'Eri,7,1,36,29
1655959643166,MATH 103A,B02,083780,Greenfeld; Be'Eri,1,0,36,35
1655959643166,MATH 103A,B03,093562,Staff,0,0,36,36
1655959649193,MATH 105,A01,085443,Carter; Anne Toulson,3,1,35,32
1655959649193,MATH 105,A02,093477,Staff,7,0,35,28
1655959655231,MATH 109,A01,083213,Ganzberger; Geoffrey Michael,0,1,34,34
1655959655231,MATH 109,A02,083214,Ganzberger; Geoffrey Michael,1,0,34,33
1655959655231,MATH 109,A03,093478,Staff,1,0,34,33
1655959655231,MATH 109,B01,083215,Ganzberger; Geoffrey Michael,2,0,32,30
1655959655231,MATH 109,B02,083216,Ganzberger; Geoffrey Michael,0,0,32,32
1655959655231,MATH 109,B03,093479,Staff,4,0,32,28
1655959661255,MATH 142A,A01,083219,Chow; Bennett,0,0,32,32
1655959661255,MATH 142A,A02,083220,Chow; Bennett,7,0,32,25
1655959661255,MATH 142A,A03,093480,Staff,4,0,32,28
1655959661255,MATH 142A,B03,093481,Staff,3,0,32,29
1655959661255,MATH 142A,B04,093558,Staff,6,0,32,26
1655959661255,MATH 142A,B05,093559,Staff,0,0,32,32
1655959667283,MATH 193A,A01,083224,Rotar; Vladimir,1,1,34,33
1655959667283,MATH 193A,A02,083225,Rotar; Vladimir,0,0,34,34
1655959667283,MATH 193A,A03,083781,Rotar; Vladimir,2,0,34,32
1655959667283,MATH 193A,A04,083782,Rotar; Vladimir,3,0,34,31
1655959667283,MATH 193A,A05,093482,Rotar; Vladimir,0,0,34,34
1655959673308,MATH 197,001,091859,McAuley; Julian John,9999,0,9999,0
1655959673308,MATH 197,002,095566,Kedlaya; Kiran S.,9997,0,9999,2
1655959673308,MATH 197,003,095567,Xiao; Ming,9999,0,9999,0
1655959673308,MATH 197,004,095571,Perols; Johan Lars,9998,0,9999,1
1655959680370,COGS 9,A01,083615,Shannon; Kyle Michael,3,1,75,72
1655959686397,COGS 11,A01,083617,Boyle; Mary E. T.,11,1,48,37
1655959692421,COGS 13,A01,083071,Bastos; Amalia Pinkusfeld,3,2,71,68
1655959698461,COGS 14A,A01,092681,Staff,3,25,100,97
1655959704489,COGS 14B,A01,083073,Cheng; Tzu-Han,7,0,63,56
1655959710511,COGS 17,A01,092677,Staff,8,7,81,73
1655959716536,COGS 100,A01,083619,Allen; Michael Gordon,2,2,70,68
1655959722570,COGS 101A,A01,083621,Davis; Joshua Daniel,4,3,68,64
1655959728607,COGS 101B,A01,091572,Allen; Michael Gordon,0,0,65,65
1655959734635,COGS 101C,A01,083625,Delgado; Tania,7,0,35,28
1655959740664,COGS 107A,A01,083627,Boyle; Mary E. T.,1,2,60,59
1655959746697,COGS 118A,A01,083075,Gupta; Anjum,21,16,76,55
1655959752721,CSE 3,A50,083646,Miranda; Gregory Joseph,14,0,50,36
1655959758749,CSE 8A,A50,083650,Miranda; Gregory Joseph,3,11,56,53
1655959764776,CSE 11,A01,083080,Cao; Yingjun,0,66,40,40
1655959770898,CSE 12,A01,083652,Krause-Levy; Sophia Louisa,6,8,120,114
1655959776921,CSE 15L,A01,083654,Morris; Justin Loren,3,1,50,47
1655959776921,CSE 15L,A02,083655,Morris; Justin Loren,1,1,50,49
1655959782950,CSE 20,A01,083657,Tran; Khoa Dang,29,0,80,51
1655959788971,CSE 21,A01,095574,Bach; Quang Tran,23,0,48,25
1655959794998,CSE 30,A01,083084,Eldon; John,2,10,80,78
1655959794998,CSE 30,B01,095061,Bhaskar; Nishant,0,4,50,50
1655959801023,CSE 100,A01,083659,Cao; Yingjun,2,25,70,68
1655959807049,CSE 134B,A01,083661,Powell; Thomas Allan,5,7,100,95
1655959813082,CSE 140,A01,083663,Gungor; Onat,5,0,85,80
1655959819107,CSE 140L,A01,083088,Eldon; John,5,0,100,95
1655959825132,CSE 175,A01,083665,Kumar; Rakesh,1,0,25,24
1655959831154,CSE 190,A00,092507,Dubnov; Shlomo,1,0,20,19
1655959837180,ECE 45,A01,083139,Congero; Spencer William,0,1,75,75
1655959843207,ECE 65,A50,083695,Saad; Andrew S,6,0,30,24
1655959843207,ECE 65,A51,095125,Staff,23,0,26,3
1655959849232,ECE 109,A01,091882,Touri; Behrouz,2,4,70,68
1655959855256,ECE 180,A00,083140,Abi Samra; Nicholas Camill,1,0,30,29
1655959855256,ECE 180,B00,083141,Abi Samra; Nicholas Camill,0,9,28,28
1655959861280,MATH 10A,A01,083735,Patchell; Gregory David,0,0,30,30
1655959861280,MATH 10A,A02,083736,Patchell; Gregory David,21,0,30,9
1655959861280,MATH 10A,A03,083737,Patchell; Gregory David,16,0,30,14
1655959867303,MATH 10B,A01,083207,Lim; Seonhee,1,1,34,33
1655959867303,MATH 10B,A02,083208,Lim; Seonhee,1,1,35,34
1655959867303,MATH 10B,A03,093472,Staff,1,0,34,33
1655959867303,MATH 10B,B01,083739,Sinha; Shubham,9,0,30,21
1655959873326,MATH 18,A01,083743,Cinel; Cameron Alexander,4,0,30,26
1655959873326,MATH 18,A02,083744,Cinel; Cameron Alexander,11,0,30,19
1655959873326,MATH 18,A03,083745,Cinel; Cameron Alexander,1,0,30,29
1655959873326,MATH 18,B01,083748,Ma; Zilu,2,0,36,34
1655959873326,MATH 18,B02,083749,Ma; Zilu,0,0,36,36
1655959873326,MATH 18,B03,083750,Ma; Zilu,0,0,36,36
1655959873326,MATH 18,B04,083751,Ma; Zilu,0,0,36,36
1655959873326,MATH 18,B05,093473,Staff,0,0,36,36
1655959873326,MATH 18,B06,093474,Staff,1,0,36,35
1655959879348,MATH 20A,A01,083754,Zheng; Zequn,10,0,40,30
1655959885373,MATH 20B,A01,083756,Briones; Jor-el Thomas Caparas,0,1,36,36
1655959885373,MATH 20B,A02,083757,Briones; Jor-el Thomas Caparas,1,0,36,35
1655959885373,MATH 20B,A03,093475,Staff,1,0,36,35
1655959891396,MATH 20C,A01,083760,Briones; Jor-el Thomas Caparas,0,2,35,35
1655959891396,MATH 20C,A02,083761,Briones; Jor-el Thomas Caparas,6,1,35,29
1655959891396,MATH 20C,A03,093476,Staff,1,0,35,34
1655959891396,MATH 20C,B01,083762,Bach; Quang Tran,3,0,30,27
1655959897419,MATH 20D,A01,083765,Tran; Brian Kha,1,0,30,29
1655959897419,MATH 20D,A02,083766,Tran; Brian Kha,0,1,30,30
1655959897419,MATH 20D,A03,083767,Tran; Brian Kha,1,0,30,29
1655959903442,MATH 20E,A01,083771,Ganguly; Soumya,0,0,32,32
1655959903442,MATH 20E,A02,083772,Ganguly; Soumya,1,1,32,31
1655959903442,MATH 20E,B01,083773,Ciotti; Benjamin,13,0,35,22
1655959903442,MATH 20E,B02,083774,Ciotti; Benjamin,12,0,35,23
1655959909464,MATH 103A,A01,083777,Greenfeld; Be'Eri,2,1,36,34
1655959909464,MATH 103A,A02,083778,Greenfeld; Be'Eri,2,0,36,34
1655959909464,MATH 103A,A03,093561,Staff,0,1,36,36
1655959909464,MATH 103A,B01,083779,Greenfeld; Be'Eri,7,1,36,29
1655959909464,MATH 103A,B02,083780,Greenfeld; Be'Eri,1,0,36,35
1655959909464,MATH 103A,B03,093562,Staff,0,0,36,36
1655959915485,MATH 105,A01,085443,Carter; Anne Toulson,3,1,35,32
1655959915485,MATH 105,A02,093477,Staff,7,0,35,28
1655959921508,MATH 109,A01,083213,Ganzberger; Geoffrey Michael,0,1,34,34
1655959921508,MATH 109,A02,083214,Ganzberger; Geoffrey Michael,1,0,34,33
1655959921508,MATH 109,A03,093478,Staff,1,0,34,33
1655959921508,MATH 109,B01,083215,Ganzberger; Geoffrey Michael,2,0,32,30
1655959921508,MATH 109,B02,083216,Ganzberger; Geoffrey Michael,0,0,32,32
1655959921508,MATH 109,B03,093479,Staff,4,0,32,28
1655959927531,MATH 142A,A01,083219,Chow; Bennett,0,0,32,32
1655959927531,MATH 142A,A02,083220,Chow; Bennett,7,0,32,25
1655959927531,MATH 142A,A03,093480,Staff,4,0,32,28
1655959927531,MATH 142A,B03,093481,Staff,3,0,32,29
1655959927531,MATH 142A,B04,093558,Staff,6,0,32,26
1655959927531,MATH 142A,B05,093559,Staff,0,0,32,32
1655959933560,MATH 193A,A01,083224,Rotar; Vladimir,1,1,34,33
1655959933560,MATH 193A,A02,083225,Rotar; Vladimir,0,0,34,34
1655959933560,MATH 193A,A03,083781,Rotar; Vladimir,2,0,34,32
1655959933560,MATH 193A,A04,083782,Rotar; Vladimir,3,0,34,31
1655959933560,MATH 193A,A05,093482,Rotar; Vladimir,0,0,34,34
1655959939580,MATH 197,001,091859,McAuley; Julian John,9999,0,9999,0
1655959939580,MATH 197,002,095566,Kedlaya; Kiran S.,9997,0,9999,2
1655959939580,MATH 197,003,095567,Xiao; Ming,9999,0,9999,0
1655959939580,MATH 197,004,095571,Perols; Johan Lars,9998,0,9999,1
1655959946638,COGS 9,A01,083615,Shannon; Kyle Michael,3,1,75,72
1655959952661,COGS 11,A01,083617,Boyle; Mary E. T.,11,1,48,37
1655959958688,COGS 13,A01,083071,Bastos; Amalia Pinkusfeld,3,2,71,68
1655959964712,COGS 14A,A01,092681,Staff,3,25,100,97
1655959970734,COGS 14B,A01,083073,Cheng; Tzu-Han,7,0,63,56
1655959976768,COGS 17,A01,092677,Staff,8,7,81,73
1655959982790,COGS 100,A01,083619,Allen; Michael Gordon,2,2,70,68
1655959988813,COGS 101A,A01,083621,Davis; Joshua Daniel,4,3,68,64
1655959994835,COGS 101B,A01,091572,Allen; Michael Gordon,0,0,65,65
1655960000859,COGS 101C,A01,083625,Delgado; Tania,7,0,35,28
1655960006882,COGS 107A,A01,083627,Boyle; Mary E. T.,1,2,60,59
1655960012904,COGS 118A,A01,083075,Gupta; Anjum,21,16,76,55
1655960018928,CSE 3,A50,083646,Miranda; Gregory Joseph,14,0,50,36
1655960024957,CSE 8A,A50,083650,Miranda; Gregory Joseph,3,11,56,53
1655960030985,CSE 11,A01,083080,Cao; Yingjun,0,66,40,40
1655960037007,CSE 12,A01,083652,Krause-Levy; Sophia Louisa,6,8,120,114
1655960043030,CSE 15L,A01,083654,Morris; Justin Loren,3,1,50,47
1655960043030,CSE 15L,A02,083655,Morris; Justin Loren,1,1,50,49
1655960049057,CSE 20,A01,083657,Tran; Khoa Dang,29,0,80,51
1655960055083,CSE 21,A01,095574,Bach; Quang Tran,23,0,48,25
1655960061111,CSE 30,A01,083084,Eldon; John,2,10,80,78
1655960061111,CSE 30,B01,095061,Bhaskar; Nishant,0,4,50,50
1655960067145,CSE 100,A01,083659,Cao; Yingjun,2,25,70,68
1655960073167,CSE 134B,A01,083661,Powell; Thomas Allan,5,7,100,95
1655960079200,CSE 140,A01,083663,Gungor; Onat,5,0,85,80
1655960085226,CSE 140L,A01,083088,Eldon; John,5,0,100,95
1655960091252,CSE 175,A01,083665,Kumar; Rakesh,1,0,25,24
1655960097280,CSE 190,A00,092507,Dubnov; Shlomo,1,0,20,19
1655960103306,ECE 45,A01,083139,Congero; Spencer William,0,1,75,75
1655960109340,ECE 65,A50,083695,Saad; Andrew S,6,0,30,24
1655960109340,ECE 65,A51,095125,Staff,23,0,26,3
1655960115366,ECE 109,A01,091882,Touri; Behrouz,2,4,70,68
1655960121394,ECE 180,A00,083140,Abi Samra; Nicholas Camill,1,0,30,29
1655960121394,ECE 180,B00,083141,Abi Samra; Nicholas Camill,0,9,28,28
1655960127420,MATH 10A,A01,083735,Patchell; Gregory David,0,0,30,30
1655960127420,MATH 10A,A02,083736,Patchell; Gregory David,21,0,30,9
1655960127420,MATH 10A,A03,083737,Patchell; Gregory David,16,0,30,14
1655960133450,MATH 10B,A01,083207,Lim; Seonhee,1,1,34,33
1655960133450,MATH 10B,A02,083208,Lim; Seonhee,1,1,35,34
1655960133450,MATH 10B,A03,093472,Staff,1,0,34,33
1655960133450,MATH 10B,B01,083739,Sinha; Shubham,9,0,30,21
1655960139474,MATH 18,A01,083743,Cinel; Cameron Alexander,4,0,30,26
1655960139474,MATH 18,A02,083744,Cinel; Cameron Alexander,11,0,30,19
1655960139474,MATH 18,A03,083745,Cinel; Cameron Alexander,1,0,30,29
1655960139474,MATH 18,B01,083748,Ma; Zilu,2,0,36,34
1655960139474,MATH 18,B02,083749,Ma; Zilu,0,0,36,36
1655960139474,MATH 18,B03,083750,Ma; Zilu,0,0,36,36
1655960139474,MATH 18,B04,083751,Ma; Zilu,0,0,36,36
1655960139474,MATH 18,B05,093473,Staff,0,0,36,36
1655960139474,MATH 18,B06,093474,Staff,1,0,36,35
1655960145498,MATH 20A,A01,083754,Zheng; Zequn,10,0,40,30
1655960151521,MATH 20B,A01,083756,Briones; Jor-el Thomas Caparas,0,1,36,36
1655960151521,MATH 20B,A02,083757,Briones; Jor-el Thomas Caparas,1,0,36,35
1655960151521,MATH 20B,A03,093475,Staff,1,0,36,35
1655960157545,MATH 20C,A01,083760,Briones; Jor-el Thomas Caparas,0,2,35,35
1655960157545,MATH 20C,A02,083761,Briones; Jor-el Thomas Caparas,6,1,35,29
1655960157545,MATH 20C,A03,093476,Staff,1,0,35,34
1655960157545,MATH 20C,B01,083762,Bach; Quang Tran,3,0,30,27
1655960163569,MATH 20D,A01,083765,Tran; Brian Kha,1,0,30,29
1655960163569,MATH 20D,A02,083766,Tran; Brian Kha,0,1,30,30
1655960163569,MATH 20D,A03,083767,Tran; Brian Kha,1,0,30,29
1655960169597,MATH 20E,A01,083771,Ganguly; Soumya,0,0,32,32
1655960169597,MATH 20E,A02,083772,Ganguly; Soumya,1,1,32,31
1655960169597,MATH 20E,B01,083773,Ciotti; Benjamin,13,0,35,22
1655960169597,MATH 20E,B02,083774,Ciotti; Benjamin,12,0,35,23
1655960175627,MATH 103A,A01,083777,Greenfeld; Be'Eri,2,1,36,34
1655960175627,MATH 103A,A02,083778,Greenfeld; Be'Eri,2,0,36,34
1655960175627,MATH 103A,A03,093561,Staff,0,1,36,36
1655960175627,MATH 103A,B01,083779,Greenfeld; Be'Eri,7,1,36,29
1655960175627,MATH 103A,B02,083780,Greenfeld; Be'Eri,1,0,36,35
1655960175627,MATH 103A,B03,093562,Staff,0,0,36,36
1655960181658,MATH 105,A01,085443,Carter; Anne Toulson,3,1,35,32
1655960181658,MATH 105,A02,093477,Staff,7,0,35,28
1655960187683,MATH 109,A01,083213,Ganzberger; Geoffrey Michael,0,1,34,34
1655960187683,MATH 109,A02,083214,Ganzberger; Geoffrey Michael,1,0,34,33
1655960187683,MATH 109,A03,093478,Staff,1,0,34,33
1655960187683,MATH 109,B01,083215,Ganzberger; Geoffrey Michael,2,0,32,30
1655960187683,MATH 109,B02,083216,Ganzberger; Geoffrey Michael,0,0,32,32
1655960187683,MATH 109,B03,093479,Staff,4,0,32,28
1655960193712,MATH 142A,A01,083219,Chow; Bennett,0,0,32,32
1655960193712,MATH 142A,A02,083220,Chow; Bennett,7,0,32,25
1655960193712,MATH 142A,A03,093480,Staff,4,0,32,28
1655960193712,MATH 142A,B03,093481,Staff,3,0,32,29
1655960193712,MATH 142A,B04,093558,Staff,6,0,32,26
1655960193712,MATH 142A,B05,093559,Staff,0,0,32,32
1655960199741,MATH 193A,A01,083224,Rotar; Vladimir,1,1,34,33
1655960199741,MATH 193A,A02,083225,Rotar; Vladimir,0,0,34,34
1655960199741,MATH 193A,A03,083781,Rotar; Vladimir,2,0,34,32
1655960199741,MATH 193A,A04,083782,Rotar; Vladimir,3,0,34,31
1655960199741,MATH 193A,A05,093482,Rotar; Vladimir,0,0,34,34
1655960205778,MATH 197,001,091859,McAuley; Julian John,9999,0,9999,0
1655960205778,MATH 197,002,095566,Kedlaya; Kiran S.,9997,0,9999,2
1655960205778,MATH 197,003,095567,Xiao; Ming,9999,0,9999,0
1655960205778,MATH 197,004,095571,Perols; Johan Lars,9998,0,9999,1
1655960212840,COGS 9,A01,083615,Shannon; Kyle Michael,3,1,75,72
1655960218877,COGS 11,A01,083617,Boyle; Mary E. T.,11,1,48,37
1655960224902,COGS 13,A01,083071,Bastos; Amalia Pinkusfeld,3,2,71,68
1655960230926,COGS 14A,A01,092681,Staff,3,25,100,97
1655960236950,COGS 14B,A01,083073,Cheng; Tzu-Han,7,0,63,56
1655960242976,COGS 17,A01,092677,Staff,8,7,81,73
1655960249003,COGS 100,A01,083619,Allen; Michael Gordon,2,2,70,68
1655960255027,COGS 101A,A01,083621,Davis; Joshua Daniel,4,3,68,64
1655960261050,COGS 101B,A01,091572,Allen; Michael Gordon,0,0,65,65
1655960267073,COGS 101C,A01,083625,Delgado; Tania,7,0,35,28
1655960273096,COGS 107A,A01,083627,Boyle; Mary E. T.,1,2,60,59
1655960279120,COGS 118A,A01,083075,Gupta; Anjum,21,16,76,55
1655960285144,CSE 3,A50,083646,Miranda; Gregory Joseph,14,0,50,36
1655960291169,CSE 8A,A50,083650,Miranda; Gregory Joseph,3,11,56,53
1655960297195,CSE 11,A01,083080,Cao; Yingjun,0,66,40,40
1655960303225,CSE 12,A01,083652,Krause-Levy; Sophia Louisa,6,8,120,114
1655960309252,CSE 15L,A01,083654,Morris; Justin Loren,3,1,50,47
1655960309252,CSE 15L,A02,083655,Morris; Justin Loren,1,1,50,49
1655960315274,CSE 20,A01,083657,Tran; Khoa Dang,29,0,80,51
1655960321299,CSE 21,A01,095574,Bach; Quang Tran,23,0,48,25
1655960327330,CSE 30,A01,083084,Eldon; John,2,10,80,78
1655960327330,CSE 30,B01,095061,Bhaskar; Nishant,0,4,50,50
1655960333364,CSE 100,A01,083659,Cao; Yingjun,2,25,70,68
1655960339391,CSE 134B,A01,083661,Powell; Thomas Allan,5,7,100,95
1655960345414,CSE 140,A01,083663,Gungor; Onat,5,0,85,80
1655960351437,CSE 140L,A01,083088,Eldon; John,5,0,100,95
1655960357461,CSE 175,A01,083665,Kumar; Rakesh,1,0,25,24
1655960363484,CSE 190,A00,092507,Dubnov; Shlomo,1,0,20,19
1655960369582,ECE 45,A01,083139,Congero; Spencer William,0,1,75,75
1655960375609,ECE 65,A50,083695,Saad; Andrew S,6,0,30,24
1655960375609,ECE 65,A51,095125,Staff,23,0,26,3
1655960381643,ECE 109,A01,091882,Touri; Behrouz,2,4,70,68
1655960387669,ECE 180,A00,083140,Abi Samra; Nicholas Camill,1,0,30,29
1655960387669,ECE 180,B00,083141,Abi Samra; Nicholas Camill,0,9,28,28
1655960393697,MATH 10A,A01,083735,Patchell; Gregory David,0,0,30,30
1655960393697,MATH 10A,A02,083736,Patchell; Gregory David,21,0,30,9
1655960393697,MATH 10A,A03,083737,Patchell; Gregory David,16,0,30,14
1655960399727,MATH 10B,A01,083207,Lim; Seonhee,1,1,34,33
1655960399727,MATH 10B,A02,083208,Lim; Seonhee,1,1,35,34
1655960399727,MATH 10B,A03,093472,Staff,1,0,34,33
1655960399727,MATH 10B,B01,083739,Sinha; Shubham,9,0,30,21
1655960405757,MATH 18,A01,083743,Cinel; Cameron Alexander,4,0,30,26
1655960405757,MATH 18,A02,083744,Cinel; Cameron Alexander,11,0,30,19
1655960405757,MATH 18,A03,083745,Cinel; Cameron Alexander,1,0,30,29
1655960405757,MATH 18,B01,083748,Ma; Zilu,2,0,36,34
1655960405757,MATH 18,B02,083749,Ma; Zilu,0,0,36,36
1655960405757,MATH 18,B03,083750,Ma; Zilu,0,0,36,36
1655960405757,MATH 18,B04,083751,Ma; Zilu,0,0,36,36
1655960405757,MATH 18,B05,093473,Staff,0,0,36,36
1655960405757,MATH 18,B06,093474,Staff,1,0,36,35
1655960411783,MATH 20A,A01,083754,Zheng; Zequn,10,0,40,30
1655960417806,MATH 20B,A01,083756,Briones; Jor-el Thomas Caparas,0,1,36,36
1655960417806,MATH 20B,A02,083757,Briones; Jor-el Thomas Caparas,1,0,36,35
1655960417806,MATH 20B,A03,093475,Staff,1,0,36,35
1655960423834,MATH 20C,A01,083760,Briones; Jor-el Thomas Caparas,0,2,35,35
1655960423834,MATH 20C,A02,083761,Briones; Jor-el Thomas Caparas,6,1,35,29
1655960423834,MATH 20C,A03,093476,Staff,1,0,35,34
1655960423834,MATH 20C,B01,083762,Bach; Quang Tran,3,0,30,27
1655960429862,MATH 20D,A01,083765,Tran; Brian Kha,1,0,30,29
1655960429862,MATH 20D,A02,083766,Tran; Brian Kha,0,1,30,30
1655960429862,MATH 20D,A03,083767,Tran; Brian Kha,1,0,30,29
1655960435891,MATH 20E,A01,083771,Ganguly; Soumya,0,0,32,32
1655960435891,MATH 20E,A02,083772,Ganguly; Soumya,1,1,32,31
1655960435891,MATH 20E,B01,083773,Ciotti; Benjamin,13,0,35,22
1655960435891,MATH 20E,B02,083774,Ciotti; Benjamin,12,0,35,23
1655960441916,MATH 103A,A01,083777,Greenfeld; Be'Eri,2,1,36,34
1655960441916,MATH 103A,A02,083778,Greenfeld; Be'Eri,2,0,36,34
1655960441916,MATH 103A,A03,093561,Staff,0,1,36,36
1655960441916,MATH 103A,B01,083779,Greenfeld; Be'Eri,7,1,36,29
1655960441916,MATH 103A,B02,083780,Greenfeld; Be'Eri,1,0,36,35
1655960441916,MATH 103A,B03,093562,Staff,0,0,36,36
1655960447940,MATH 105,A01,085443,Carter; Anne Toulson,3,1,35,32
1655960447940,MATH 105,A02,093477,Staff,7,0,35,28
1655960453964,MATH 109,A01,083213,Ganzberger; Geoffrey Michael,0,1,34,34
1655960453964,MATH 109,A02,083214,Ganzberger; Geoffrey Michael,1,0,34,33
1655960453964,MATH 109,A03,093478,Staff,1,0,34,33
1655960453964,MATH 109,B01,083215,Ganzberger; Geoffrey Michael,2,0,32,30
1655960453964,MATH 109,B02,083216,Ganzberger; Geoffrey Michael,0,0,32,32
1655960453964,MATH 109,B03,093479,Staff,4,0,32,28
1655960459988,MATH 142A,A01,083219,Chow; Bennett,0,0,32,32
1655960459988,MATH 142A,A02,083220,Chow; Bennett,7,0,32,25
1655960459988,MATH 142A,A03,093480,Staff,4,0,32,28
1655960459988,MATH 142A,B03,093481,Staff,3,0,32,29
1655960459988,MATH 142A,B04,093558,Staff,6,0,32,26
1655960459988,MATH 142A,B05,093559,Staff,0,0,32,32
1655960466028,MATH 193A,A01,083224,Rotar; Vladimir,1,1,34,33
1655960466028,MATH 193A,A02,083225,Rotar; Vladimir,0,0,34,34
1655960466028,MATH 193A,A03,083781,Rotar; Vladimir,2,0,34,32
1655960466028,MATH 193A,A04,083782,Rotar; Vladimir,3,0,34,31
1655960466028,MATH 193A,A05,093482,Rotar; Vladimir,0,0,34,34
1655960472052,MATH 197,001,091859,McAuley; Julian John,9999,0,9999,0
1655960472052,MATH 197,002,095566,Kedlaya; Kiran S.,9997,0,9999,2
1655960472052,MATH 197,003,095567,Xiao; Ming,9999,0,9999,0
1655960472052,MATH 197,004,095571,Perols; Johan Lars,9998,0,9999,1
1655960479113,COGS 9,A01,083615,Shannon; Kyle Michael,3,1,75,72
1655960485138,COGS 11,A01,083617,Boyle; Mary E. T.,11,1,48,37
1655960491161,COGS 13,A01,083071,Bastos; Amalia Pinkusfeld,3,2,71,68
1655960497185,COGS 14A,A01,092681,Staff,3,25,100,97
1655960503227,COGS 14B,A01,083073,Cheng; Tzu-Han,7,0,63,56
1655960509263,COGS 17,A01,092677,Staff,8,7,81,73
1655960515288,COGS 100,A01,083619,Allen; Michael Gordon,2,2,70,68
1655960521309,COGS 101A,A01,083621,Davis; Joshua Daniel,4,3,68,64
1655960527344,COGS 101B,A01,091572,Allen; Michael Gordon,0,0,65,65
1655960533370,COGS 101C,A01,083625,Delgado; Tania,7,0,35,28
1655960539396,COGS 107A,A01,083627,Boyle; Mary E. T.,1,2,60,59
1655960545420,COGS 118A,A01,083075,Gupta; Anjum,21,16,76,55
1655960551447,CSE 3,A50,083646,Miranda; Gregory Joseph,14,0,50,36
1655960557478,CSE 8A,A50,083650,Miranda; Gregory Joseph,3,11,56,53
1655960563500,CSE 11,A01,083080,Cao; Yingjun,0,66,40,40
1655960569522,CSE 12,A01,083652,Krause-Levy; Sophia Louisa,6,8,120,114
1655960575548,CSE 15L,A01,083654,Morris; Justin Loren,3,1,50,47
1655960575548,CSE 15L,A02,083655,Morris; Justin Loren,1,1,50,49
1655960581574,CSE 20,A01,083657,Tran; Khoa Dang,29,0,80,51
1655960587599,CSE 21,A01,095574,Bach; Quang Tran,23,0,48,25
1655960593627,CSE 30,A01,083084,Eldon; John,2,10,80,78
1655960593627,CSE 30,B01,095061,Bhaskar; Nishant,0,4,50,50
1655960599651,CSE 100,A01,083659,Cao; Yingjun,2,25,70,68
1655960605679,CSE 134B,A01,083661,Powell; Thomas Allan,5,7,100,95
1655960611706,CSE 140,A01,083663,Gungor; Onat,5,0,85,80
1655960617731,CSE 140L,A01,083088,Eldon; John,5,0,100,95
1655960623754,CSE 175,A01,083665,Kumar; Rakesh,1,0,25,24
1655960629781,CSE 190,A00,092507,Dubnov; Shlomo,1,0,20,19
1655960635808,ECE 45,A01,083139,Congero; Spencer William,0,1,75,75
1655960641831,ECE 65,A50,083695,Saad; Andrew S,6,0,30,24
1655960641831,ECE 65,A51,095125,Staff,23,0,26,3
1655960647855,ECE 109,A01,091882,Touri; Behrouz,2,4,70,68
1655960653880,ECE 180,A00,083140,Abi Samra; Nicholas Camill,1,0,30,29
1655960653880,ECE 180,B00,083141,Abi Samra; Nicholas Camill,0,9,28,28
1655960659907,MATH 10A,A01,083735,Patchell; Gregory David,0,0,30,30
1655960659907,MATH 10A,A02,083736,Patchell; Gregory David,21,0,30,9
1655960659907,MATH 10A,A03,083737,Patchell; Gregory David,16,0,30,14
1655960665933,MATH 10B,A01,083207,Lim; Seonhee,1,1,34,33
1655960665933,MATH 10B,A02,083208,Lim; Seonhee,1,1,35,34
1655960665933,MATH 10B,A03,093472,Staff,1,0,34,33
1655960665933,MATH 10B,B01,083739,Sinha; Shubham,9,0,30,21
1655960671958,MATH 18,A01,083743,Cinel; Cameron Alexander,4,0,30,26
1655960671958,MATH 18,A02,083744,Cinel; Cameron Alexander,11,0,30,19
1655960671958,MATH 18,A03,083745,Cinel; Cameron Alexander,1,0,30,29
1655960671958,MATH 18,B01,083748,Ma; Zilu,2,0,36,34
1655960671958,MATH 18,B02,083749,Ma; Zilu,0,0,36,36
1655960671958,MATH 18,B03,083750,Ma; Zilu,0,0,36,36
1655960671958,MATH 18,B04,083751,Ma; Zilu,0,0,36,36
1655960671958,MATH 18,B05,093473,Staff,0,0,36,36
1655960671958,MATH 18,B06,093474,Staff,1,0,36,35
1655960677982,MATH 20A,A01,083754,Zheng; Zequn,10,0,40,30
1655960684006,MATH 20B,A01,083756,Briones; Jor-el Thomas Caparas,0,1,36,36
1655960684006,MATH 20B,A02,083757,Briones; Jor-el Thomas Caparas,1,0,36,35
1655960684006,MATH 20B,A03,093475,Staff,1,0,36,35
1655960690033,MATH 20C,A01,083760,Briones; Jor-el Thomas Caparas,0,2,35,35
1655960690033,MATH 20C,A02,083761,Briones; Jor-el Thomas Caparas,6,1,35,29
1655960690033,MATH 20C,A03,093476,Staff,1,0,35,34
1655960690033,MATH 20C,B01,083762,Bach; Quang Tran,3,0,30,27
1655960696063,MATH 20D,A01,083765,Tran; Brian Kha,1,0,30,29
1655960696063,MATH 20D,A02,083766,Tran; Brian Kha,0,1,30,30
1655960696063,MATH 20D,A03,083767,Tran; Brian Kha,1,0,30,29
1655960702088,MATH 20E,A01,083771,Ganguly; Soumya,0,0,32,32
1655960702088,MATH 20E,A02,083772,Ganguly; Soumya,1,1,32,31
1655960702088,MATH 20E,B01,083773,Ciotti; Benjamin,13,0,35,22
1655960702088,MATH 20E,B02,083774,Ciotti; Benjamin,12,0,35,23
1655960708123,MATH 103A,A01,083777,Greenfeld; Be'Eri,2,1,36,34
1655960708123,MATH 103A,A02,083778,Greenfeld; Be'Eri,2,0,36,34
1655960708123,MATH 103A,A03,093561,Staff,0,1,36,36
1655960708123,MATH 103A,B01,083779,Greenfeld; Be'Eri,7,1,36,29
1655960708123,MATH 103A,B02,083780,Greenfeld; Be'Eri,1,0,36,35
1655960708123,MATH 103A,B03,093562,Staff,0,0,36,36
1655960714153,MATH 105,A01,085443,Carter; Anne Toulson,3,1,35,32
1655960714153,MATH 105,A02,093477,Staff,7,0,35,28
1655960720177,MATH 109,A01,083213,Ganzberger; Geoffrey Michael,0,1,34,34
1655960720177,MATH 109,A02,083214,Ganzberger; Geoffrey Michael,1,0,34,33
1655960720177,MATH 109,A03,093478,Staff,1,0,34,33
1655960720177,MATH 109,B01,083215,Ganzberger; Geoffrey Michael,2,0,32,30
1655960720177,MATH 109,B02,083216,Ganzberger; Geoffrey Michael,0,0,32,32
1655960720177,MATH 109,B03,093479,Staff,4,0,32,28
1655960726203,MATH 142A,A01,083219,Chow; Bennett,0,0,32,32
1655960726203,MATH 142A,A02,083220,Chow; Bennett,7,0,32,25
1655960726203,MATH 142A,A03,093480,Staff,4,0,32,28
1655960726203,MATH 142A,B03,093481,Staff,3,0,32,29
1655960726203,MATH 142A,B04,093558,Staff,6,0,32,26
1655960726203,MATH 142A,B05,093559,Staff,0,0,32,32
1655960732228,MATH 193A,A01,083224,Rotar; Vladimir,1,1,34,33
1655960732228,MATH 193A,A02,083225,Rotar; Vladimir,0,0,34,34
1655960732228,MATH 193A,A03,083781,Rotar; Vladimir,2,0,34,32
1655960732228,MATH 193A,A04,083782,Rotar; Vladimir,3,0,34,31
1655960732228,MATH 193A,A05,093482,Rotar; Vladimir,0,0,34,34
1655960738256,MATH 197,001,091859,McAuley; Julian John,9999,0,9999,0
1655960738256,MATH 197,002,095566,Kedlaya; Kiran S.,9997,0,9999,2
1655960738256,MATH 197,003,095567,Xiao; Ming,9999,0,9999,0
1655960738256,MATH 197,004,095571,Perols; Johan Lars,9998,0,9999,1
1655960745311,COGS 9,A01,083615,Shannon; Kyle Michael,3,1,75,72
1655960751334,COGS 11,A01,083617,Boyle; Mary E. T.,11,1,48,37
1655960757362,COGS 13,A01,083071,Bastos; Amalia Pinkusfeld,3,2,71,68
1655960763385,COGS 14A,A01,092681,Staff,3,25,100,97
1655960769409,COGS 14B,A01,083073,Cheng; Tzu-Han,7,0,63,56
1655960775432,COGS 17,A01,092677,Staff,8,7,81,73
1655960781455,COGS 100,A01,083619,Allen; Michael Gordon,2,2,70,68
1655960787478,COGS 101A,A01,083621,Davis; Joshua Daniel,4,3,68,64
1655960793505,COGS 101B,A01,091572,Allen; Michael Gordon,0,0,65,65
1655960799530,COGS 101C,A01,083625,Delgado; Tania,7,0,35,28
1655960805562,COGS 107A,A01,083627,Boyle; Mary E. T.,1,2,60,59
1655960811594,COGS 118A,A01,083075,Gupta; Anjum,21,16,76,55
1655960817623,CSE 3,A50,083646,Miranda; Gregory Joseph,14,0,50,36
1655960823645,CSE 8A,A50,083650,Miranda; Gregory Joseph,3,11,56,53
1655960829669,CSE 11,A01,083080,Cao; Yingjun,0,66,40,40
1655960835697,CSE 12,A01,083652,Krause-Levy; Sophia Louisa,6,8,120,114
1655960841721,CSE 15L,A01,083654,Morris; Justin Loren,3,1,50,47
1655960841721,CSE 15L,A02,083655,Morris; Justin Loren,1,1,50,49
1655960847745,CSE 20,A01,083657,Tran; Khoa Dang,29,0,80,51
1655960853768,CSE 21,A01,095574,Bach; Quang Tran,23,0,48,25
1655960859796,CSE 30,A01,083084,Eldon; John,2,10,80,78
1655960859796,CSE 30,B01,095061,Bhaskar; Nishant,0,4,50,50
1655960865824,CSE 100,A01,083659,Cao; Yingjun,2,25,70,68
1655960871850,CSE 134B,A01,083661,Powell; Thomas Allan,5,7,100,95
1655960877873,CSE 140,A01,083663,Gungor; Onat,5,0,85,80
1655960883900,CSE 140L,A01,083088,Eldon; John,5,0,100,95
1655960889935,CSE 175,A01,083665,Kumar; Rakesh,1,0,25,24
1655960895959,CSE 190,A00,092507,Dubnov; Shlomo,1,0,20,19
1655960901985,ECE 45,A01,083139,Congero; Spencer William,0,1,75,75
1655960908010,ECE 65,A50,083695,Saad; Andrew S,6,0,30,24
1655960908010,ECE 65,A51,095125,Staff,23,0,26,3
1655960914035,ECE 109,A01,091882,Touri; Behrouz,2,4,70,68
1655960920057,ECE 180,A00,083140,Abi Samra; Nicholas Camill,1,0,30,29
1655960920057,ECE 180,B00,083141,Abi Samra; Nicholas Camill,0,9,28,28
1655960926084,MATH 10A,A01,083735,Patchell; Gregory David,0,0,30,30
1655960926084,MATH 10A,A02,083736,Patchell; Gregory David,21,0,30,9
1655960926084,MATH 10A,A03,083737,Patchell; Gregory David,16,0,30,14
1655960932109,MATH 10B,A01,083207,Lim; Seonhee,1,1,34,33
1655960932109,MATH 10B,A02,083208,Lim; Seonhee,1,1,35,34
1655960932109,MATH 10B,A03,093472,Staff,1,0,34,33
1655960932109,MATH 10B,B01,083739,Sinha; Shubham,9,0,30,21
1655960938135,MATH 18,A01,083743,Cinel; Cameron Alexander,4,0,30,26
1655960938135,MATH 18,A02,083744,Cinel; Cameron Alexander,11,0,30,19
1655960938135,MATH 18,A03,083745,Cinel; Cameron Alexander,1,0,30,29
1655960938135,MATH 18,B01,083748,Ma; Zilu,2,0,36,34
1655960938135,MATH 18,B02,083749,Ma; Zilu,0,0,36,36
1655960938135,MATH 18,B03,083750,Ma; Zilu,0,0,36,36
1655960938135,MATH 18,B04,083751,Ma; Zilu,0,0,36,36
1655960938135,MATH 18,B05,093473,Staff,0,0,36,36
1655960938135,MATH 18,B06,093474,Staff,1,0,36,35
1655960944169,MATH 20A,A01,083754,Zheng; Zequn,10,0,40,30
1655960950194,MATH 20B,A01,083756,Briones; Jor-el Thomas Caparas,0,1,36,36
1655960950194,MATH 20B,A02,083757,Briones; Jor-el Thomas Caparas,1,0,36,35
1655960950194,MATH 20B,A03,093475,Staff,1,0,36,35
1655960956222,MATH 20C,A01,083760,Briones; Jor-el Thomas Caparas,0,2,35,35
1655960956222,MATH 20C,A02,083761,Briones; Jor-el Thomas Caparas,6,1,35,29
1655960956222,MATH 20C,A03,093476,Staff,1,0,35,34
1655960956222,MATH 20C,B01,083762,Bach; Quang Tran,3,0,30,27
1655960962246,MATH 20D,A01,083765,Tran; Brian Kha,1,0,30,29
1655960962246,MATH 20D,A02,083766,Tran; Brian Kha,0,1,30,30
1655960962246,MATH 20D,A03,083767,Tran; Brian Kha,1,0,30,29
1655960968368,MATH 20E,A01,083771,Ganguly; Soumya,0,0,32,32
1655960968368,MATH 20E,A02,083772,Ganguly; Soumya,1,1,32,31
1655960968368,MATH 20E,B01,083773,Ciotti; Benjamin,13,0,35,22
1655960968368,MATH 20E,B02,083774,Ciotti; Benjamin,12,0,35,23
1655960974391,MATH 103A,A01,083777,Greenfeld; Be'Eri,2,1,36,34
1655960974391,MATH 103A,A02,083778,Greenfeld; Be'Eri,2,0,36,34
1655960974391,MATH 103A,A03,093561,Staff,0,1,36,36
1655960974391,MATH 103A,B01,083779,Greenfeld; Be'Eri,7,1,36,29
1655960974391,MATH 103A,B02,083780,Greenfeld; Be'Eri,1,0,36,35
1655960974391,MATH 103A,B03,093562,Staff,0,0,36,36
1655960980416,MATH 105,A01,085443,Carter; Anne Toulson,3,1,35,32
1655960980416,MATH 105,A02,093477,Staff,7,0,35,28
1655960986438,MATH 109,A01,083213,Ganzberger; Geoffrey Michael,0,1,34,34
1655960986438,MATH 109,A02,083214,Ganzberger; Geoffrey Michael,1,0,34,33
1655960986438,MATH 109,A03,093478,Staff,1,0,34,33
1655960986438,MATH 109,B01,083215,Ganzberger; Geoffrey Michael,2,0,32,30
1655960986438,MATH 109,B02,083216,Ganzberger; Geoffrey Michael,0,0,32,32
1655960986438,MATH 109,B03,093479,Staff,4,0,32,28
1655960992466,MATH 142A,A01,083219,Chow; Bennett,0,0,32,32
1655960992466,MATH 142A,A02,083220,Chow; Bennett,7,0,32,25
1655960992466,MATH 142A,A03,093480,Staff,4,0,32,28
1655960992466,MATH 142A,B03,093481,Staff,3,0,32,29
1655960992466,MATH 142A,B04,093558,Staff,6,0,32,26
1655960992466,MATH 142A,B05,093559,Staff,0,0,32,32
1655960998494,MATH 193A,A01,083224,Rotar; Vladimir,1,1,34,33
1655960998494,MATH 193A,A02,083225,Rotar; Vladimir,0,0,34,34
1655960998494,MATH 193A,A03,083781,Rotar; Vladimir,2,0,34,32
1655960998494,MATH 193A,A04,083782,Rotar; Vladimir,3,0,34,31
1655960998494,MATH 193A,A05,093482,Rotar; Vladimir,0,0,34,34
1655961004520,MATH 197,001,091859,McAuley; Julian John,9999,0,9999,0
1655961004520,MATH 197,002,095566,Kedlaya; Kiran S.,9997,0,9999,2
1655961004520,MATH 197,003,095567,Xiao; Ming,9999,0,9999,0
1655961004520,MATH 197,004,095571,Perols; Johan Lars,9998,0,9999,1
1655961011580,COGS 9,A01,083615,Shannon; Kyle Michael,3,1,75,72
1655961017609,COGS 11,A01,083617,Boyle; Mary E. T.,11,1,48,37
1655961023634,COGS 13,A01,083071,Bastos; Amalia Pinkusfeld,3,2,71,68
1655961029671,COGS 14A,A01,092681,Staff,3,25,100,97
1655961035698,COGS 14B,A01,083073,Cheng; Tzu-Han,7,0,63,56
1655961041723,COGS 17,A01,092677,Staff,8,7,81,73
1655961047751,COGS 100,A01,083619,Allen; Michael Gordon,2,2,70,68
1655961053778,COGS 101A,A01,083621,Davis; Joshua Daniel,4,3,68,64
1655961059805,COGS 101B,A01,091572,Allen; Michael Gordon,0,0,65,65
1655961065828,COGS 101C,A01,083625,Delgado; Tania,7,0,35,28
1655961071852,COGS 107A,A01,083627,Boyle; Mary E. T.,1,2,60,59
1655961077880,COGS 118A,A01,083075,Gupta; Anjum,21,16,76,55
1655961083910,CSE 3,A50,083646,Miranda; Gregory Joseph,14,0,50,36
1655961089933,CSE 8A,A50,083650,Miranda; Gregory Joseph,3,11,56,53
1655961095956,CSE 11,A01,083080,Cao; Yingjun,0,66,40,40
1655961101982,CSE 12,A01,083652,Krause-Levy; Sophia Louisa,6,8,120,114
1655961108007,CSE 15L,A01,083654,Morris; Justin Loren,3,1,50,47
1655961108007,CSE 15L,A02,083655,Morris; Justin Loren,1,1,50,49
1655961114036,CSE 20,A01,083657,Tran; Khoa Dang,29,0,80,51
1655961120060,CSE 21,A01,095574,Bach; Quang Tran,23,0,48,25
1655961126084,CSE 30,A01,083084,Eldon; John,2,10,80,78
1655961126084,CSE 30,B01,095061,Bhaskar; Nishant,0,4,50,50
1655961132111,CSE 100,A01,083659,Cao; Yingjun,2,25,70,68
1655961138139,CSE 134B,A01,083661,Powell; Thomas Allan,5,7,100,95
1655961144163,CSE 140,A01,083663,Gungor; Onat,5,0,85,80
1655961150190,CSE 140L,A01,083088,Eldon; John,5,0,100,95
1655961156214,CSE 175,A01,083665,Kumar; Rakesh,1,0,25,24
1655961162238,CSE 190,A00,092507,Dubnov; Shlomo,1,0,20,19
1655961168271,ECE 45,A01,083139,Congero; Spencer William,0,1,75,75
1655961174296,ECE 65,A50,083695,Saad; Andrew S,6,0,30,24
1655961174296,ECE 65,A51,095125,Staff,23,0,26,3
1655961180332,ECE 109,A01,091882,Touri; Behrouz,2,4,70,68
1655961186355,ECE 180,A00,083140,Abi Samra; Nicholas Camill,1,0,30,29
1655961186355,ECE 180,B00,083141,Abi Samra; Nicholas Camill,0,9,28,28
1655961192380,MATH 10A,A01,083735,Patchell; Gregory David,0,0,30,30
1655961192380,MATH 10A,A02,083736,Patchell; Gregory David,21,0,30,9
1655961192380,MATH 10A,A03,083737,Patchell; Gregory David,16,0,30,14
1655961198416,MATH 10B,A01,083207,Lim; Seonhee,1,1,34,33
1655961198416,MATH 10B,A02,083208,Lim; Seonhee,1,1,35,34
1655961198416,MATH 10B,A03,093472,Staff,1,0,34,33
1655961198416,MATH 10B,B01,083739,Sinha; Shubham,9,0,30,21
1655961204441,MATH 18,A01,083743,Cinel; Cameron Alexander,4,0,30,26
1655961204441,MATH 18,A02,083744,Cinel; Cameron Alexander,11,0,30,19
1655961204441,MATH 18,A03,083745,Cinel; Cameron Alexander,1,0,30,29
1655961204441,MATH 18,B01,083748,Ma; Zilu,2,0,36,34
1655961204441,MATH 18,B02,083749,Ma; Zilu,0,0,36,36
1655961204441,MATH 18,B03,083750,Ma; Zilu,0,0,36,36
1655961204441,MATH 18,B04,083751,Ma; Zilu,0,0,36,36
1655961204441,MATH 18,B05,093473,Staff,0,0,36,36
1655961204441,MATH 18,B06,093474,Staff,1,0,36,35
1655961210469,MATH 20A,A01,083754,Zheng; Zequn,10,0,40,30
1655961216495,MATH 20B,A01,083756,Briones; Jor-el Thomas Caparas,0,1,36,36
1655961216495,MATH 20B,A02,083757,Briones; Jor-el Thomas Caparas,1,0,36,35
1655961216495,MATH 20B,A03,093475,Staff,1,0,36,35
1655961222520,MATH 20C,A01,083760,Briones; Jor-el Thomas Caparas,0,2,35,35
1655961222520,MATH 20C,A02,083761,Briones; Jor-el Thomas Caparas,6,1,35,29
1655961222520,MATH 20C,A03,093476,Staff,1,0,35,34
1655961222520,MATH 20C,B01,083762,Bach; Quang Tran,3,0,30,27
1655961228547,MATH 20D,A01,083765,Tran; Brian Kha,1,0,30,29
1655961228547,MATH 20D,A02,083766,Tran; Brian Kha,0,1,30,30
1655961228547,MATH 20D,A03,083767,Tran; Brian Kha,1,0,30,29
1655961234571,MATH 20E,A01,083771,Ganguly; Soumya,0,0,32,32
1655961234571,MATH 20E,A02,083772,Ganguly; Soumya,1,1,32,31
1655961234571,MATH 20E,B01,083773,Ciotti; Benjamin,13,0,35,22
1655961234571,MATH 20E,B02,083774,Ciotti; Benjamin,12,0,35,23
1655961240596,MATH 103A,A01,083777,Greenfeld; Be'Eri,2,1,36,34
1655961240596,MATH 103A,A02,083778,Greenfeld; Be'Eri,2,0,36,34
1655961240596,MATH 103A,A03,093561,Staff,0,1,36,36
1655961240596,MATH 103A,B01,083779,Greenfeld; Be'Eri,7,1,36,29
1655961240596,MATH 103A,B02,083780,Greenfeld; Be'Eri,1,0,36,35
1655961240596,MATH 103A,B03,093562,Staff,0,0,36,36
1655961246624,MATH 105,A01,085443,Carter; Anne Toulson,3,1,35,32
1655961246624,MATH 105,A02,093477,Staff,7,0,35,28
1655961252650,MATH 109,A01,083213,Ganzberger; Geoffrey Michael,0,1,34,34
1655961252650,MATH 109,A02,083214,Ganzberger; Geoffrey Michael,1,0,34,33
1655961252650,MATH 109,A03,093478,Staff,1,0,34,33
1655961252650,MATH 109,B01,083215,Ganzberger; Geoffrey Michael,2,0,32,30
1655961252650,MATH 109,B02,083216,Ganzberger; Geoffrey Michael,0,0,32,32
1655961252650,MATH 109,B03,093479,Staff,4,0,32,28
1655961258676,MATH 142A,A01,083219,Chow; Bennett,0,0,32,32
1655961258676,MATH 142A,A02,083220,Chow; Bennett,7,0,32,25
1655961258676,MATH 142A,A03,093480,Staff,4,0,32,28
1655961258676,MATH 142A,B03,093481,Staff,3,0,32,29
1655961258676,MATH 142A,B04,093558,Staff,6,0,32,26
1655961258676,MATH 142A,B05,093559,Staff,0,0,32,32
1655961264719,MATH 193A,A01,083224,Rotar; Vladimir,1,1,34,33
1655961264719,MATH 193A,A02,083225,Rotar; Vladimir,0,0,34,34
1655961264719,MATH 193A,A03,083781,Rotar; Vladimir,2,0,34,32
1655961264719,MATH 193A,A04,083782,Rotar; Vladimir,3,0,34,31
1655961264719,MATH 193A,A05,093482,Rotar; Vladimir,0,0,34,34
1655961270741,MATH 197,001,091859,McAuley; Julian John,9999,0,9999,0
1655961270741,MATH 197,002,095566,Kedlaya; Kiran S.,9997,0,9999,2
1655961270741,MATH 197,003,095567,Xiao; Ming,9999,0,9999,0
1655961270741,MATH 197,004,095571,Perols; Johan Lars,9998,0,9999,1
1655961277802,COGS 9,A01,083615,Shannon; Kyle Michael,3,1,75,72
1655961283826,COGS 11,A01,083617,Boyle; Mary E. T.,11,1,48,37
1655961289855,COGS 13,A01,083071,Bastos; Amalia Pinkusfeld,3,2,71,68
1655961295882,COGS 14A,A01,092681,Staff,3,25,100,97
1655961301905,COGS 14B,A01,083073,Cheng; Tzu-Han,7,0,63,56
1655961307931,COGS 17,A01,092677,Staff,8,7,81,73
1655961313955,COGS 100,A01,083619,Allen; Michael Gordon,2,2,70,68
1655961319980,COGS 101A,A01,083621,Davis; Joshua Daniel,4,3,68,64
1655961326007,COGS 101B,A01,091572,Allen; Michael Gordon,0,0,65,65
1655961332036,COGS 101C,A01,083625,Delgado; Tania,7,0,35,28
1655961338060,COGS 107A,A01,083627,Boyle; Mary E. T.,1,2,60,59
1655961344088,COGS 118A,A01,083075,Gupta; Anjum,21,16,76,55
1655961350113,CSE 3,A50,083646,Miranda; Gregory Joseph,14,0,50,36
1655961356140,CSE 8A,A50,083650,Miranda; Gregory Joseph,3,11,56,53
1655961362197,CSE 11,A01,083080,Cao; Yingjun,0,66,40,40
1655961368222,CSE 12,A01,083652,Krause-Levy; Sophia Louisa,6,8,120,114
1655961374248,CSE 15L,A01,083654,Morris; Justin Loren,3,1,50,47
1655961374248,CSE 15L,A02,083655,Morris; Justin Loren,1,1,50,49
1655961380275,CSE 20,A01,083657,Tran; Khoa Dang,29,0,80,51
1655961386310,CSE 21,A01,095574,Bach; Quang Tran,23,0,48,25
1655961392333,CSE 30,A01,083084,Eldon; John,2,10,80,78
1655961392333,CSE 30,B01,095061,Bhaskar; Nishant,0,4,50,50
1655961398361,CSE 100,A01,083659,Cao; Yingjun,2,25,70,68
1655961404387,CSE 134B,A01,083661,Powell; Thomas Allan,5,7,100,95
1655961410413,CSE 140,A01,083663,Gungor; Onat,5,0,85,80
1655961416441,CSE 140L,A01,083088,Eldon; John,5,0,100,95
1655961422465,CSE 175,A01,083665,Kumar; Rakesh,1,0,25,24
1655961428492,CSE 190,A00,092507,Dubnov; Shlomo,1,0,20,19
1655961434516,ECE 45,A01,083139,Congero; Spencer William,0,1,75,75
1655961440540,ECE 65,A50,083695,Saad; Andrew S,6,0,30,24
1655961440540,ECE 65,A51,095125,Staff,23,0,26,3
1655961446567,ECE 109,A01,091882,Touri; Behrouz,2,4,70,68
1655961452592,ECE 180,A00,083140,Abi Samra; Nicholas Camill,1,0,30,29
1655961452592,ECE 180,B00,083141,Abi Samra; Nicholas Camill,0,9,28,28
1655961458620,MATH 10A,A01,083735,Patchell; Gregory David,0,0,30,30
1655961458620,MATH 10A,A02,083736,Patchell; Gregory David,21,0,30,9
1655961458620,MATH 10A,A03,083737,Patchell; Gregory David,16,0,30,14
1655961464645,MATH 10B,A01,083207,Lim; Seonhee,1,1,34,33
1655961464645,MATH 10B,A02,083208,Lim; Seonhee,1,1,35,34
1655961464645,MATH 10B,A03,093472,Staff,1,0,34,33
1655961464645,MATH 10B,B01,083739,Sinha; Shubham,9,0,30,21
1655961470680,MATH 18,A01,083743,Cinel; Cameron Alexander,4,0,30,26
1655961470680,MATH 18,A02,083744,Cinel; Cameron Alexander,11,0,30,19
1655961470680,MATH 18,A03,083745,Cinel; Cameron Alexander,1,0,30,29
1655961470680,MATH 18,B01,083748,Ma; Zilu,2,0,36,34
1655961470680,MATH 18,B02,083749,Ma; Zilu,0,0,36,36
1655961470680,MATH 18,B03,083750,Ma; Zilu,0,0,36,36
1655961470680,MATH 18,B04,083751,Ma; Zilu,0,0,36,36
1655961470680,MATH 18,B05,093473,Staff,0,0,36,36
1655961470680,MATH 18,B06,093474,Staff,1,0,36,35
1655961476707,MATH 20A,A01,083754,Zheng; Zequn,10,0,40,30
1655961482740,MATH 20B,A01,083756,Briones; Jor-el Thomas Caparas,0,1,36,36
1655961482740,MATH 20B,A02,083757,Briones; Jor-el Thomas Caparas,1,0,36,35
1655961482740,MATH 20B,A03,093475,Staff,1,0,36,35
1655961488768,MATH 20C,A01,083760,Briones; Jor-el Thomas Caparas,0,2,35,35
1655961488768,MATH 20C,A02,083761,Briones; Jor-el Thomas Caparas,6,1,35,29
1655961488768,MATH 20C,A03,093476,Staff,1,0,35,34
1655961488768,MATH 20C,B01,083762,Bach; Quang Tran,3,0,30,27
1655961494796,MATH 20D,A01,083765,Tran; Brian Kha,1,0,30,29
1655961494796,MATH 20D,A02,083766,Tran; Brian Kha,0,1,30,30
1655961494796,MATH 20D,A03,083767,Tran; Brian Kha,1,0,30,29
1655961500821,MATH 20E,A01,083771,Ganguly; Soumya,0,0,32,32
1655961500821,MATH 20E,A02,083772,Ganguly; Soumya,1,1,32,31
1655961500821,MATH 20E,B01,083773,Ciotti; Benjamin,13,0,35,22
1655961500821,MATH 20E,B02,083774,Ciotti; Benjamin,12,0,35,23
1655961506846,MATH 103A,A01,083777,Greenfeld; Be'Eri,2,1,36,34
1655961506846,MATH 103A,A02,083778,Greenfeld; Be'Eri,2,0,36,34
1655961506846,MATH 103A,A03,093561,Staff,0,1,36,36
1655961506846,MATH 103A,B01,083779,Greenfeld; Be'Eri,7,1,36,29
1655961506846,MATH 103A,B02,083780,Greenfeld; Be'Eri,1,0,36,35
1655961506846,MATH 103A,B03,093562,Staff,0,0,36,36
1655961512869,MATH 105,A01,085443,Carter; Anne Toulson,3,1,35,32
1655961512869,MATH 105,A02,093477,Staff,7,0,35,28
1655961518902,MATH 109,A01,083213,Ganzberger; Geoffrey Michael,0,1,34,34
1655961518902,MATH 109,A02,083214,Ganzberger; Geoffrey Michael,1,0,34,33
1655961518902,MATH 109,A03,093478,Staff,1,0,34,33
1655961518902,MATH 109,B01,083215,Ganzberger; Geoffrey Michael,2,0,32,30
1655961518902,MATH 109,B02,083216,Ganzberger; Geoffrey Michael,0,0,32,32
1655961518902,MATH 109,B03,093479,Staff,4,0,32,28
1655961524929,MATH 142A,A01,083219,Chow; Bennett,0,0,32,32
1655961524929,MATH 142A,A02,083220,Chow; Bennett,7,0,32,25
1655961524929,MATH 142A,A03,093480,Staff,4,0,32,28
1655961524929,MATH 142A,B03,093481,Staff,3,0,32,29
1655961524929,MATH 142A,B04,093558,Staff,6,0,32,26
1655961524929,MATH 142A,B05,093559,Staff,0,0,32,32
1655961530954,MATH 193A,A01,083224,Rotar; Vladimir,1,1,34,33
1655961530954,MATH 193A,A02,083225,Rotar; Vladimir,0,0,34,34
1655961530954,MATH 193A,A03,083781,Rotar; Vladimir,2,0,34,32
1655961530954,MATH 193A,A04,083782,Rotar; Vladimir,3,0,34,31
1655961530954,MATH 193A,A05,093482,Rotar; Vladimir,0,0,34,34
1655961536981,MATH 197,001,091859,McAuley; Julian John,9999,0,9999,0
1655961536981,MATH 197,002,095566,Kedlaya; Kiran S.,9997,0,9999,2
1655961536981,MATH 197,003,095567,Xiao; Ming,9999,0,9999,0
1655961536981,MATH 197,004,095571,Perols; Johan Lars,9998,0,9999,1
1655961544045,COGS 9,A01,083615,Shannon; Kyle Michael,3,1,75,72
1655961550075,COGS 11,A01,083617,Boyle; Mary E. T.,11,1,48,37
1655961556099,COGS 13,A01,083071,Bastos; Amalia Pinkusfeld,3,2,71,68
1655961562193,COGS 14A,A01,092681,Staff,3,25,100,97
1655961568222,COGS 14B,A01,083073,Cheng; Tzu-Han,7,0,63,56
1655961574249,COGS 17,A01,092677,Staff,8,7,81,73
1655961580273,COGS 100,A01,083619,Allen; Michael Gordon,2,2,70,68
1655961586295,COGS 101A,A01,083621,Davis; Joshua Daniel,4,3,68,64
1655961592321,COGS 101B,A01,091572,Allen; Michael Gordon,0,0,65,65
1655961598348,COGS 101C,A01,083625,Delgado; Tania,7,0,35,28
1655961604375,COGS 107A,A01,083627,Boyle; Mary E. T.,1,2,60,59
1655961610396,COGS 118A,A01,083075,Gupta; Anjum,21,16,76,55
1655961616422,CSE 3,A50,083646,Miranda; Gregory Joseph,14,0,50,36
1655961622448,CSE 8A,A50,083650,Miranda; Gregory Joseph,3,11,56,53
1655961628474,CSE 11,A01,083080,Cao; Yingjun,0,66,40,40
1655961634501,CSE 12,A01,083652,Krause-Levy; Sophia Louisa,6,8,120,114
1655961640522,CSE 15L,A01,083654,Morris; Justin Loren,3,1,50,47
1655961640522,CSE 15L,A02,083655,Morris; Justin Loren,1,1,50,49
1655961646543,CSE 20,A01,083657,Tran; Khoa Dang,29,0,80,51
1655961652570,CSE 21,A01,095574,Bach; Quang Tran,23,0,48,25
1655961658600,CSE 30,A01,083084,Eldon; John,2,10,80,78
1655961658600,CSE 30,B01,095061,Bhaskar; Nishant,0,4,50,50
1655961664625,CSE 100,A01,083659,Cao; Yingjun,2,25,70,68
1655961670653,CSE 134B,A01,083661,Powell; Thomas Allan,5,7,100,95
1655961676678,CSE 140,A01,083663,Gungor; Onat,5,0,85,80
1655961682705,CSE 140L,A01,083088,Eldon; John,5,0,100,95
1655961688732,CSE 175,A01,083665,Kumar; Rakesh,1,0,25,24
1655961694760,CSE 190,A00,092507,Dubnov; Shlomo,1,0,20,19
1655961700784,ECE 45,A01,083139,Congero; Spencer William,0,1,75,75
1655961706806,ECE 65,A50,083695,Saad; Andrew S,6,0,30,24
1655961706806,ECE 65,A51,095125,Staff,23,0,26,3
1655961712830,ECE 109,A01,091882,Touri; Behrouz,2,4,70,68
1655961718852,ECE 180,A00,083140,Abi Samra; Nicholas Camill,1,0,30,29
1655961718852,ECE 180,B00,083141,Abi Samra; Nicholas Camill,0,9,28,28
1655961724878,MATH 10A,A01,083735,Patchell; Gregory David,0,0,30,30
1655961724878,MATH 10A,A02,083736,Patchell; Gregory David,21,0,30,9
1655961724878,MATH 10A,A03,083737,Patchell; Gregory David,16,0,30,14
1655961730906,MATH 10B,A01,083207,Lim; Seonhee,1,1,34,33
1655961730906,MATH 10B,A02,083208,Lim; Seonhee,1,1,35,34
1655961730906,MATH 10B,A03,093472,Staff,1,0,34,33
1655961730906,MATH 10B,B01,083739,Sinha; Shubham,9,0,30,21
1655961736937,MATH 18,A01,083743,Cinel; Cameron Alexander,4,0,30,26
1655961736937,MATH 18,A02,083744,Cinel; Cameron Alexander,11,0,30,19
1655961736937,MATH 18,A03,083745,Cinel; Cameron Alexander,1,0,30,29
1655961736937,MATH 18,B01,083748,Ma; Zilu,2,0,36,34
1655961736937,MATH 18,B02,083749,Ma; Zilu,0,0,36,36
1655961736937,MATH 18,B03,083750,Ma; Zilu,0,0,36,36
1655961736937,MATH 18,B04,083751,Ma; Zilu,0,0,36,36
1655961736937,MATH 18,B05,093473,Staff,0,0,36,36
1655961736937,MATH 18,B06,093474,Staff,1,0,36,35
1655961742963,MATH 20A,A01,083754,Zheng; Zequn,10,0,40,30
1655961748986,MATH 20B,A01,083756,Briones; Jor-el Thomas Caparas,0,1,36,36
1655961748986,MATH 20B,A02,083757,Briones; Jor-el Thomas Caparas,1,0,36,35
1655961748986,MATH 20B,A03,093475,Staff,1,0,36,35
1655961755010,MATH 20C,A01,083760,Briones; Jor-el Thomas Caparas,0,2,35,35
1655961755010,MATH 20C,A02,083761,Briones; Jor-el Thomas Caparas,6,1,35,29
1655961755010,MATH 20C,A03,093476,Staff,1,0,35,34
1655961755010,MATH 20C,B01,083762,Bach; Quang Tran,3,0,30,27
1655961761035,MATH 20D,A01,083765,Tran; Brian Kha,1,0,30,29
1655961761035,MATH 20D,A02,083766,Tran; Brian Kha,0,1,30,30
1655961761035,MATH 20D,A03,083767,Tran; Brian Kha,1,0,30,29
1655961767065,MATH 20E,A01,083771,Ganguly; Soumya,0,0,32,32
1655961767065,MATH 20E,A02,083772,Ganguly; Soumya,1,1,32,31
1655961767065,MATH 20E,B01,083773,Ciotti; Benjamin,13,0,35,22
1655961767065,MATH 20E,B02,083774,Ciotti; Benjamin,12,0,35,23
1655961773094,MATH 103A,A01,083777,Greenfeld; Be'Eri,2,1,36,34
1655961773094,MATH 103A,A02,083778,Greenfeld; Be'Eri,2,0,36,34
1655961773094,MATH 103A,A03,093561,Staff,0,1,36,36
1655961773094,MATH 103A,B01,083779,Greenfeld; Be'Eri,7,1,36,29
1655961773094,MATH 103A,B02,083780,Greenfeld; Be'Eri,1,0,36,35
1655961773094,MATH 103A,B03,093562,Staff,0,0,36,36
1655961779118,MATH 105,A01,085443,Carter; Anne Toulson,3,1,35,32
1655961779118,MATH 105,A02,093477,Staff,7,0,35,28
1655961785142,MATH 109,A01,083213,Ganzberger; Geoffrey Michael,0,1,34,34
1655961785142,MATH 109,A02,083214,Ganzberger; Geoffrey Michael,1,0,34,33
1655961785142,MATH 109,A03,093478,Staff,1,0,34,33
1655961785142,MATH 109,B01,083215,Ganzberger; Geoffrey Michael,2,0,32,30
1655961785142,MATH 109,B02,083216,Ganzberger; Geoffrey Michael,0,0,32,32
1655961785142,MATH 109,B03,093479,Staff,4,0,32,28
1655961791171,MATH 142A,A01,083219,Chow; Bennett,0,0,32,32
1655961791171,MATH 142A,A02,083220,Chow; Bennett,7,0,32,25
1655961791171,MATH 142A,A03,093480,Staff,4,0,32,28
1655961791171,MATH 142A,B03,093481,Staff,3,0,32,29
1655961791171,MATH 142A,B04,093558,Staff,6,0,32,26
1655961791171,MATH 142A,B05,093559,Staff,0,0,32,32
1655961797200,MATH 193A,A01,083224,Rotar; Vladimir,1,1,34,33
1655961797200,MATH 193A,A02,083225,Rotar; Vladimir,0,0,34,34
1655961797200,MATH 193A,A03,083781,Rotar; Vladimir,2,0,34,32
1655961797200,MATH 193A,A04,083782,Rotar; Vladimir,3,0,34,31
1655961797200,MATH 193A,A05,093482,Rotar; Vladimir,0,0,34,34
1655961803224,MATH 197,001,091859,McAuley; Julian John,9999,0,9999,0
1655961803224,MATH 197,002,095566,Kedlaya; Kiran S.,9997,0,9999,2
1655961803224,MATH 197,003,095567,Xiao; Ming,9999,0,9999,0
1655961803224,MATH 197,004,095571,Perols; Johan Lars,9998,0,9999,1
1655961810275,COGS 9,A01,083615,Shannon; Kyle Michael,3,1,75,72
1655961816301,COGS 11,A01,083617,Boyle; Mary E. T.,11,1,48,37
1655961822328,COGS 13,A01,083071,Bastos; Amalia Pinkusfeld,3,2,71,68
1655961828350,COGS 14A,A01,092681,Staff,3,25,100,97
1655961834373,COGS 14B,A01,083073,Cheng; Tzu-Han,7,0,63,56
1655961840397,COGS 17,A01,092677,Staff,8,7,81,73
1655961846424,COGS 100,A01,083619,Allen; Michael Gordon,2,2,70,68
1655961852452,COGS 101A,A01,083621,Davis; Joshua Daniel,4,3,68,64
1655961858478,COGS 101B,A01,091572,Allen; Michael Gordon,0,0,65,65
1655961864506,COGS 101C,A01,083625,Delgado; Tania,7,0,35,28
1655961870533,COGS 107A,A01,083627,Boyle; Mary E. T.,1,2,60,59
1655961876560,COGS 118A,A01,083075,Gupta; Anjum,21,16,76,55
1655961882584,CSE 3,A50,083646,Miranda; Gregory Joseph,14,0,50,36
1655961888606,CSE 8A,A50,083650,Miranda; Gregory Joseph,3,11,56,53
1655961894630,CSE 11,A01,083080,Cao; Yingjun,0,66,40,40
1655961900657,CSE 12,A01,083652,Krause-Levy; Sophia Louisa,6,8,120,114
1655961906680,CSE 15L,A01,083654,Morris; Justin Loren,3,1,50,47
1655961906680,CSE 15L,A02,083655,Morris; Justin Loren,1,1,50,49
1655961912709,CSE 20,A01,083657,Tran; Khoa Dang,29,0,80,51
1655961918732,CSE 21,A01,095574,Bach; Quang Tran,23,0,48,25
1655961924760,CSE 30,A01,083084,Eldon; John,2,10,80,78
1655961924760,CSE 30,B01,095061,Bhaskar; Nishant,0,4,50,50
1655961930796,CSE 100,A01,083659,Cao; Yingjun,2,25,70,68
1655961936820,CSE 134B,A01,083661,Powell; Thomas Allan,5,7,100,95
1655961942844,CSE 140,A01,083663,Gungor; Onat,5,0,85,80
1655961948874,CSE 140L,A01,083088,Eldon; John,5,0,100,95
1655961954906,CSE 175,A01,083665,Kumar; Rakesh,1,0,25,24
1655961960931,CSE 190,A00,092507,Dubnov; Shlomo,1,0,20,19
1655961966954,ECE 45,A01,083139,Congero; Spencer William,0,1,75,75
1655961972976,ECE 65,A50,083695,Saad; Andrew S,6,0,30,24
1655961972976,ECE 65,A51,095125,Staff,23,0,26,3
1655961978999,ECE 109,A01,091882,Touri; Behrouz,2,4,70,68
1655961985023,ECE 180,A00,083140,Abi Samra; Nicholas Camill,1,0,30,29
1655961985023,ECE 180,B00,083141,Abi Samra; Nicholas Camill,0,9,28,28
1655961991046,MATH 10A,A01,083735,Patchell; Gregory David,0,0,30,30
1655961991046,MATH 10A,A02,083736,Patchell; Gregory David,21,0,30,9
1655961991046,MATH 10A,A03,083737,Patchell; Gregory David,16,0,30,14
1655961997071,MATH 10B,A01,083207,Lim; Seonhee,1,1,34,33
1655961997071,MATH 10B,A02,083208,Lim; Seonhee,1,1,35,34
1655961997071,MATH 10B,A03,093472,Staff,1,0,34,33
1655961997071,MATH 10B,B01,083739,Sinha; Shubham,9,0,30,21
1655962003097,MATH 18,A01,083743,Cinel; Cameron Alexander,4,0,30,26
1655962003097,MATH 18,A02,083744,Cinel; Cameron Alexander,11,0,30,19
1655962003097,MATH 18,A03,083745,Cinel; Cameron Alexander,1,0,30,29
1655962003097,MATH 18,B01,083748,Ma; Zilu,2,0,36,34
1655962003097,MATH 18,B02,083749,Ma; Zilu,0,0,36,36
1655962003097,MATH 18,B03,083750,Ma; Zilu,0,0,36,36
1655962003097,MATH 18,B04,083751,Ma; Zilu,0,0,36,36
1655962003097,MATH 18,B05,093473,Staff,0,0,36,36
1655962003097,MATH 18,B06,093474,Staff,1,0,36,35
1655962009119,MATH 20A,A01,083754,Zheng; Zequn,10,0,40,30
1655962015148,MATH 20B,A01,083756,Briones; Jor-el Thomas Caparas,0,1,36,36
1655962015148,MATH 20B,A02,083757,Briones; Jor-el Thomas Caparas,1,0,36,35
1655962015148,MATH 20B,A03,093475,Staff,1,0,36,35
1655962021172,MATH 20C,A01,083760,Briones; Jor-el Thomas Caparas,0,2,35,35
1655962021172,MATH 20C,A02,083761,Briones; Jor-el Thomas Caparas,6,1,35,29
1655962021172,MATH 20C,A03,093476,Staff,1,0,35,34
1655962021172,MATH 20C,B01,083762,Bach; Quang Tran,3,0,30,27
1655962027196,MATH 20D,A01,083765,Tran; Brian Kha,1,0,30,29
1655962027196,MATH 20D,A02,083766,Tran; Brian Kha,0,1,30,30
1655962027196,MATH 20D,A03,083767,Tran; Brian Kha,1,0,30,29
1655962033220,MATH 20E,A01,083771,Ganguly; Soumya,0,0,32,32
1655962033220,MATH 20E,A02,083772,Ganguly; Soumya,1,1,32,31
1655962033220,MATH 20E,B01,083773,Ciotti; Benjamin,13,0,35,22
1655962033220,MATH 20E,B02,083774,Ciotti; Benjamin,12,0,35,23
1655962039252,MATH 103A,A01,083777,Greenfeld; Be'Eri,2,1,36,34
1655962039252,MATH 103A,A02,083778,Greenfeld; Be'Eri,2,0,36,34
1655962039252,MATH 103A,A03,093561,Staff,0,1,36,36
1655962039252,MATH 103A,B01,083779,Greenfeld; Be'Eri,7,1,36,29
1655962039252,MATH 103A,B02,083780,Greenfeld; Be'Eri,1,0,36,35
1655962039252,MATH 103A,B03,093562,Staff,0,0,36,36
1655962045275,MATH 105,A01,085443,Carter; Anne Toulson,3,1,35,32
1655962045275,MATH 105,A02,093477,Staff,7,0,35,28
1655962051300,MATH 109,A01,083213,Ganzberger; Geoffrey Michael,0,1,34,34
1655962051300,MATH 109,A02,083214,Ganzberger; Geoffrey Michael,1,0,34,33
1655962051300,MATH 109,A03,093478,Staff,1,0,34,33
1655962051300,MATH 109,B01,083215,Ganzberger; Geoffrey Michael,2,0,32,30
1655962051300,MATH 109,B02,083216,Ganzberger; Geoffrey Michael,0,0,32,32
1655962051300,MATH 109,B03,093479,Staff,4,0,32,28
1655962057331,MATH 142A,A01,083219,Chow; Bennett,0,0,32,32
1655962057331,MATH 142A,A02,083220,Chow; Bennett,7,0,32,25
1655962057331,MATH 142A,A03,093480,Staff,4,0,32,28
1655962057331,MATH 142A,B03,093481,Staff,3,0,32,29
1655962057331,MATH 142A,B04,093558,Staff,6,0,32,26
1655962057331,MATH 142A,B05,093559,Staff,0,0,32,32
1655962063360,MATH 193A,A01,083224,Rotar; Vladimir,1,1,34,33
1655962063360,MATH 193A,A02,083225,Rotar; Vladimir,0,0,34,34
1655962063360,MATH 193A,A03,083781,Rotar; Vladimir,2,0,34,32
1655962063360,MATH 193A,A04,083782,Rotar; Vladimir,3,0,34,31
1655962063360,MATH 193A,A05,093482,Rotar; Vladimir,0,0,34,34
1655962069384,MATH 197,001,091859,McAuley; Julian John,9999,0,9999,0
1655962069384,MATH 197,002,095566,Kedlaya; Kiran S.,9997,0,9999,2
1655962069384,MATH 197,003,095567,Xiao; Ming,9999,0,9999,0
1655962069384,MATH 197,004,095571,Perols; Johan Lars,9998,0,9999,1
1655962076459,COGS 9,A01,083615,Shannon; Kyle Michael,3,1,75,72
1655962082486,COGS 11,A01,083617,Boyle; Mary E. T.,11,1,48,37
1655962088510,COGS 13,A01,083071,Bastos; Amalia Pinkusfeld,3,2,71,68
1655962094533,COGS 14A,A01,092681,Staff,3,25,100,97
1655962100558,COGS 14B,A01,083073,Cheng; Tzu-Han,7,0,63,56
1655962106588,COGS 17,A01,092677,Staff,8,7,81,73
1655962112612,COGS 100,A01,083619,Allen; Michael Gordon,2,2,70,68
1655962118639,COGS 101A,A01,083621,Davis; Joshua Daniel,4,3,68,64
1655962124662,COGS 101B,A01,091572,Allen; Michael Gordon,0,0,65,65
1655962130685,COGS 101C,A01,083625,Delgado; Tania,7,0,35,28
1655962136708,COGS 107A,A01,083627,Boyle; Mary E. T.,1,2,60,59
1655962142736,COGS 118A,A01,083075,Gupta; Anjum,21,16,76,55
1655962148762,CSE 3,A50,083646,Miranda; Gregory Joseph,14,0,50,36
1655962154786,CSE 8A,A50,083650,Miranda; Gregory Joseph,3,11,56,53
1655962160900,CSE 11,A01,083080,Cao; Yingjun,0,66,40,40
1655962166927,CSE 12,A01,083652,Krause-Levy; Sophia Louisa,6,8,120,114
1655962172951,CSE 15L,A01,083654,Morris; Justin Loren,3,1,50,47
1655962172951,CSE 15L,A02,083655,Morris; Justin Loren,1,1,50,49
1655962178974,CSE 20,A01,083657,Tran; Khoa Dang,29,0,80,51
1655962184997,CSE 21,A01,095574,Bach; Quang Tran,23,0,48,25
1655962191020,CSE 30,A01,083084,Eldon; John,2,10,80,78
1655962191020,CSE 30,B01,095061,Bhaskar; Nishant,0,4,50,50
1655962197044,CSE 100,A01,083659,Cao; Yingjun,2,25,70,68
1655962203071,CSE 134B,A01,083661,Powell; Thomas Allan,5,7,100,95
1655962209097,CSE 140,A01,083663,Gungor; Onat,5,0,85,80
1655962215127,CSE 140L,A01,083088,Eldon; John,5,0,100,95
1655962221155,CSE 175,A01,083665,Kumar; Rakesh,1,0,25,24
1655962227178,CSE 190,A00,092507,Dubnov; Shlomo,1,0,20,19
1655962233205,ECE 45,A01,083139,Congero; Spencer William,0,1,75,75
1655962239233,ECE 65,A50,083695,Saad; Andrew S,6,0,30,24
1655962239233,ECE 65,A51,095125,Staff,23,0,26,3
1655962245257,ECE 109,A01,091882,Touri; Behrouz,2,4,70,68
1655962251286,ECE 180,A00,083140,Abi Samra; Nicholas Camill,1,0,30,29
1655962251286,ECE 180,B00,083141,Abi Samra; Nicholas Camill,0,9,28,28
1655962257314,MATH 10A,A01,083735,Patchell; Gregory David,0,0,30,30
1655962257314,MATH 10A,A02,083736,Patchell; Gregory David,21,0,30,9
1655962257314,MATH 10A,A03,083737,Patchell; Gregory David,16,0,30,14
1655962263348,MATH 10B,A01,083207,Lim; Seonhee,1,1,34,33
1655962263348,MATH 10B,A02,083208,Lim; Seonhee,1,1,35,34
1655962263348,MATH 10B,A03,093472,Staff,1,0,34,33
1655962263348,MATH 10B,B01,083739,Sinha; Shubham,9,0,30,21
1655962269383,MATH 18,A01,083743,Cinel; Cameron Alexander,4,0,30,26
1655962269383,MATH 18,A02,083744,Cinel; Cameron Alexander,11,0,30,19
1655962269383,MATH 18,A03,083745,Cinel; Cameron Alexander,1,0,30,29
1655962269383,MATH 18,B01,083748,Ma; Zilu,2,0,36,34
1655962269383,MATH 18,B02,083749,Ma; Zilu,0,0,36,36
1655962269383,MATH 18,B03,083750,Ma; Zilu,0,0,36,36
1655962269383,MATH 18,B04,083751,Ma; Zilu,0,0,36,36
1655962269383,MATH 18,B05,093473,Staff,0,0,36,36
1655962269383,MATH 18,B06,093474,Staff,1,0,36,35
1655962275407,MATH 20A,A01,083754,Zheng; Zequn,10,0,40,30
1655962281431,MATH 20B,A01,083756,Briones; Jor-el Thomas Caparas,0,1,36,36
1655962281431,MATH 20B,A02,083757,Briones; Jor-el Thomas Caparas,1,0,36,35
1655962281431,MATH 20B,A03,093475,Staff,1,0,36,35
1655962287470,MATH 20C,A01,083760,Briones; Jor-el Thomas Caparas,0,2,35,35
1655962287470,MATH 20C,A02,083761,Briones; Jor-el Thomas Caparas,6,1,35,29
1655962287470,MATH 20C,A03,093476,Staff,1,0,35,34
1655962287470,MATH 20C,B01,083762,Bach; Quang Tran,3,0,30,27
1655962293508,MATH 20D,A01,083765,Tran; Brian Kha,1,0,30,29
1655962293508,MATH 20D,A02,083766,Tran; Brian Kha,0,1,30,30
1655962293508,MATH 20D,A03,083767,Tran; Brian Kha,1,0,30,29
1655962299537,MATH 20E,A01,083771,Ganguly; Soumya,0,0,32,32
1655962299537,MATH 20E,A02,083772,Ganguly; Soumya,1,1,32,31
1655962299537,MATH 20E,B01,083773,Ciotti; Benjamin,13,0,35,22
1655962299537,MATH 20E,B02,083774,Ciotti; Benjamin,12,0,35,23
1655962305566,MATH 103A,A01,083777,Greenfeld; Be'Eri,2,1,36,34
1655962305566,MATH 103A,A02,083778,Greenfeld; Be'Eri,2,0,36,34
1655962305566,MATH 103A,A03,093561,Staff,0,1,36,36
1655962305566,MATH 103A,B01,083779,Greenfeld; Be'Eri,7,1,36,29
1655962305566,MATH 103A,B02,083780,Greenfeld; Be'Eri,1,0,36,35
1655962305566,MATH 103A,B03,093562,Staff,0,0,36,36
1655962311590,MATH 105,A01,085443,Carter; Anne Toulson,3,1,35,32
1655962311590,MATH 105,A02,093477,Staff,8,0,35,27
1655962317622,MATH 109,A01,083213,Ganzberger; Geoffrey Michael,0,1,34,34
1655962317622,MATH 109,A02,083214,Ganzberger; Geoffrey Michael,1,0,34,33
1655962317622,MATH 109,A03,093478,Staff,1,0,34,33
1655962317622,MATH 109,B01,083215,Ganzberger; Geoffrey Michael,2,0,32,30
1655962317622,MATH 109,B02,083216,Ganzberger; Geoffrey Michael,0,0,32,32
1655962317622,MATH 109,B03,093479,Staff,4,0,32,28
1655962323652,MATH 142A,A01,083219,Chow; Bennett,0,0,32,32
1655962323652,MATH 142A,A02,083220,Chow; Bennett,7,0,32,25
1655962323652,MATH 142A,A03,093480,Staff,4,0,32,28
1655962323652,MATH 142A,B03,093481,Staff,3,0,32,29
1655962323652,MATH 142A,B04,093558,Staff,6,0,32,26
1655962323652,MATH 142A,B05,093559,Staff,0,0,32,32
1655962329692,MATH 193A,A01,083224,Rotar; Vladimir,1,1,34,33
1655962329692,MATH 193A,A02,083225,Rotar; Vladimir,0,0,34,34
1655962329692,MATH 193A,A03,083781,Rotar; Vladimir,2,0,34,32
1655962329692,MATH 193A,A04,083782,Rotar; Vladimir,3,0,34,31
1655962329692,MATH 193A,A05,093482,Rotar; Vladimir,0,0,34,34
1655962335715,MATH 197,001,091859,McAuley; Julian John,9999,0,9999,0
1655962335715,MATH 197,002,095566,Kedlaya; Kiran S.,9997,0,9999,2
1655962335715,MATH 197,003,095567,Xiao; Ming,9999,0,9999,0
1655962335715,MATH 197,004,095571,Perols; Johan Lars,9998,0,9999,1
1655962342770,COGS 9,A01,083615,Shannon; Kyle Michael,3,1,75,72
1655962348794,COGS 11,A01,083617,Boyle; Mary E. T.,11,1,48,37
1655962354825,COGS 13,A01,083071,Bastos; Amalia Pinkusfeld,3,2,71,68
1655962360851,COGS 14A,A01,092681,Staff,3,25,100,97
1655962366875,COGS 14B,A01,083073,Cheng; Tzu-Han,7,0,63,56
1655962372901,COGS 17,A01,092677,Staff,8,7,81,73
1655962378925,COGS 100,A01,083619,Allen; Michael Gordon,2,2,70,68
1655962384950,COGS 101A,A01,083621,Davis; Joshua Daniel,4,3,68,64
1655962390976,COGS 101B,A01,091572,Allen; Michael Gordon,0,0,65,65
1655962397005,COGS 101C,A01,083625,Delgado; Tania,7,0,35,28
1655962403032,COGS 107A,A01,083627,Boyle; Mary E. T.,1,2,60,59
1655962409058,COGS 118A,A01,083075,Gupta; Anjum,21,16,76,55
1655962415091,CSE 3,A50,083646,Miranda; Gregory Joseph,14,0,50,36
1655962421115,CSE 8A,A50,083650,Miranda; Gregory Joseph,3,11,56,53
1655962427145,CSE 11,A01,083080,Cao; Yingjun,0,66,40,40
1655962433177,CSE 12,A01,083652,Krause-Levy; Sophia Louisa,6,8,120,114
1655962439213,CSE 15L,A01,083654,Morris; Justin Loren,3,1,50,47
1655962439213,CSE 15L,A02,083655,Morris; Justin Loren,1,1,50,49
1655962445243,CSE 20,A01,083657,Tran; Khoa Dang,29,0,80,51
1655962451264,CSE 21,A01,095574,Bach; Quang Tran,23,0,48,25
1655962457286,CSE 30,A01,083084,Eldon; John,2,10,80,78
1655962457286,CSE 30,B01,095061,Bhaskar; Nishant,0,4,50,50
1655962463309,CSE 100,A01,083659,Cao; Yingjun,2,25,70,68
1655962469335,CSE 134B,A01,083661,Powell; Thomas Allan,5,7,100,95
1655962475367,CSE 140,A01,083663,Gungor; Onat,5,0,85,80
1655962481390,CSE 140L,A01,083088,Eldon; John,5,0,100,95
1655962487420,CSE 175,A01,083665,Kumar; Rakesh,1,0,25,24
1655962493443,CSE 190,A00,092507,Dubnov; Shlomo,1,0,20,19
1655962499465,ECE 45,A01,083139,Congero; Spencer William,0,1,75,75
1655962505493,ECE 65,A50,083695,Saad; Andrew S,6,0,30,24
1655962505493,ECE 65,A51,095125,Staff,23,0,26,3
1655962511519,ECE 109,A01,091882,Touri; Behrouz,2,4,70,68
1655962517546,ECE 180,A00,083140,Abi Samra; Nicholas Camill,1,0,30,29
1655962517546,ECE 180,B00,083141,Abi Samra; Nicholas Camill,0,8,28,28
1655962523569,MATH 10A,A01,083735,Patchell; Gregory David,0,0,30,30
1655962523569,MATH 10A,A02,083736,Patchell; Gregory David,21,0,30,9
1655962523569,MATH 10A,A03,083737,Patchell; Gregory David,16,0,30,14
1655962529598,MATH 10B,A01,083207,Lim; Seonhee,1,1,34,33
1655962529598,MATH 10B,A02,083208,Lim; Seonhee,1,1,35,34
1655962529598,MATH 10B,A03,093472,Staff,1,0,34,33
1655962529598,MATH 10B,B01,083739,Sinha; Shubham,9,0,30,21
1655962535629,MATH 18,A01,083743,Cinel; Cameron Alexander,4,0,30,26
1655962535629,MATH 18,A02,083744,Cinel; Cameron Alexander,11,0,30,19
1655962535629,MATH 18,A03,083745,Cinel; Cameron Alexander,1,0,30,29
1655962535629,MATH 18,B01,083748,Ma; Zilu,2,0,36,34
1655962535629,MATH 18,B02,083749,Ma; Zilu,0,0,36,36
1655962535629,MATH 18,B03,083750,Ma; Zilu,0,0,36,36
1655962535629,MATH 18,B04,083751,Ma; Zilu,0,0,36,36
1655962535629,MATH 18,B05,093473,Staff,0,0,36,36
1655962535629,MATH 18,B06,093474,Staff,1,0,36,35
1655962541652,MATH 20A,A01,083754,Zheng; Zequn,10,0,40,30
1655962547675,MATH 20B,A01,083756,Briones; Jor-el Thomas Caparas,0,1,36,36
1655962547675,MATH 20B,A02,083757,Briones; Jor-el Thomas Caparas,1,0,36,35
1655962547675,MATH 20B,A03,093475,Staff,1,0,36,35
1655962553703,MATH 20C,A01,083760,Briones; Jor-el Thomas Caparas,0,2,35,35
1655962553703,MATH 20C,A02,083761,Briones; Jor-el Thomas Caparas,6,1,35,29
1655962553703,MATH 20C,A03,093476,Staff,1,0,35,34
1655962553703,MATH 20C,B01,083762,Bach; Quang Tran,3,0,30,27
1655962559726,MATH 20D,A01,083765,Tran; Brian Kha,1,0,30,29
1655962559726,MATH 20D,A02,083766,Tran; Brian Kha,0,1,30,30
1655962559726,MATH 20D,A03,083767,Tran; Brian Kha,1,0,30,29
1655962565755,MATH 20E,A01,083771,Ganguly; Soumya,0,0,32,32
1655962565755,MATH 20E,A02,083772,Ganguly; Soumya,1,1,32,31
1655962565755,MATH 20E,B01,083773,Ciotti; Benjamin,13,0,35,22
1655962565755,MATH 20E,B02,083774,Ciotti; Benjamin,12,0,35,23
1655962571784,MATH 103A,A01,083777,Greenfeld; Be'Eri,2,1,36,34
1655962571784,MATH 103A,A02,083778,Greenfeld; Be'Eri,2,0,36,34
1655962571784,MATH 103A,A03,093561,Staff,0,1,36,36
1655962571784,MATH 103A,B01,083779,Greenfeld; Be'Eri,7,1,36,29
1655962571784,MATH 103A,B02,083780,Greenfeld; Be'Eri,1,0,36,35
1655962571784,MATH 103A,B03,093562,Staff,0,0,36,36
1655962577811,MATH 105,A01,085443,Carter; Anne Toulson,3,1,35,32
1655962577811,MATH 105,A02,093477,Staff,8,0,35,27
1655962583836,MATH 109,A01,083213,Ganzberger; Geoffrey Michael,0,1,34,34
1655962583836,MATH 109,A02,083214,Ganzberger; Geoffrey Michael,1,0,34,33
1655962583836,MATH 109,A03,093478,Staff,1,0,34,33
1655962583836,MATH 109,B01,083215,Ganzberger; Geoffrey Michael,2,0,32,30
1655962583836,MATH 109,B02,083216,Ganzberger; Geoffrey Michael,0,0,32,32
1655962583836,MATH 109,B03,093479,Staff,4,0,32,28
1655962589872,MATH 142A,A01,083219,Chow; Bennett,0,0,32,32
1655962589872,MATH 142A,A02,083220,Chow; Bennett,7,0,32,25
1655962589872,MATH 142A,A03,093480,Staff,4,0,32,28
1655962589872,MATH 142A,B03,093481,Staff,3,0,32,29
1655962589872,MATH 142A,B04,093558,Staff,6,0,32,26
1655962589872,MATH 142A,B05,093559,Staff,0,0,32,32
1655962595903,MATH 193A,A01,083224,Rotar; Vladimir,1,1,34,33
1655962595903,MATH 193A,A02,083225,Rotar; Vladimir,0,0,34,34
1655962595903,MATH 193A,A03,083781,Rotar; Vladimir,2,0,34,32
1655962595903,MATH 193A,A04,083782,Rotar; Vladimir,3,0,34,31
1655962595903,MATH 193A,A05,093482,Rotar; Vladimir,0,0,34,34
1655962601925,MATH 197,001,091859,McAuley; Julian John,9999,0,9999,0
1655962601925,MATH 197,002,095566,Kedlaya; Kiran S.,9997,0,9999,2
1655962601925,MATH 197,003,095567,Xiao; Ming,9999,0,9999,0
1655962601925,MATH 197,004,095571,Perols; Johan Lars,9998,0,9999,1
1655962608978,COGS 9,A01,083615,Shannon; Kyle Michael,3,1,75,72
1655962615006,COGS 11,A01,083617,Boyle; Mary E. T.,11,1,48,37
1655962621031,COGS 13,A01,083071,Bastos; Amalia Pinkusfeld,3,2,71,68
1655962627054,COGS 14A,A01,092681,Staff,3,25,100,97
1655962645741,COGS 14B,A01,083073,Cheng; Tzu-Han,7,0,63,56
1655962651762,COGS 17,A01,092677,Staff,8,7,81,73
1655962657787,COGS 100,A01,083619,Allen; Michael Gordon,2,2,70,68
1655962663871,COGS 101A,A01,083621,Davis; Joshua Daniel,4,3,68,64
1655962669900,COGS 101B,A01,091572,Allen; Michael Gordon,0,0,65,65
1655962675927,COGS 101C,A01,083625,Delgado; Tania,7,0,35,28
1655962681986,COGS 107A,A01,083627,Boyle; Mary E. T.,1,2,60,59
1655962688018,COGS 118A,A01,083075,Gupta; Anjum,21,16,76,55
1655962694044,CSE 3,A50,083646,Miranda; Gregory Joseph,14,0,50,36
1655962700067,CSE 8A,A50,083650,Miranda; Gregory Joseph,3,11,56,53
1655962706097,CSE 11,A01,083080,Cao; Yingjun,0,65,40,40
1655962712118,CSE 12,A01,083652,Krause-Levy; Sophia Louisa,6,8,120,114
1655962718148,CSE 15L,A01,083654,Morris; Justin Loren,3,1,50,47
1655962718148,CSE 15L,A02,083655,Morris; Justin Loren,1,1,50,49
1655962724175,CSE 20,A01,083657,Tran; Khoa Dang,29,0,80,51
1655962730203,CSE 21,A01,095574,Bach; Quang Tran,23,0,48,25
1655962736228,CSE 30,A01,083084,Eldon; John,2,10,80,78
1655962736228,CSE 30,B01,095061,Bhaskar; Nishant,0,4,50,50
1655962742255,CSE 100,A01,083659,Cao; Yingjun,2,25,70,68
1655962748278,CSE 134B,A01,083661,Powell; Thomas Allan,5,7,100,95
1655962754306,CSE 140,A01,083663,Gungor; Onat,5,0,85,80
1655962760329,CSE 140L,A01,083088,Eldon; John,5,0,100,95
1655962766350,CSE 175,A01,083665,Kumar; Rakesh,1,0,25,24
1655962772447,CSE 190,A00,092507,Dubnov; Shlomo,1,0,20,19
1655962778471,ECE 45,A01,083139,Congero; Spencer William,0,1,75,75
1655962784494,ECE 65,A50,083695,Saad; Andrew S,6,0,30,24
1655962784494,ECE 65,A51,095125,Staff,23,0,26,3
1655962790521,ECE 109,A01,091882,Touri; Behrouz,2,4,70,68
1655962796548,ECE 180,A00,083140,Abi Samra; Nicholas Camill,1,0,30,29
1655962796548,ECE 180,B00,083141,Abi Samra; Nicholas Camill,0,8,28,28
1655962802571,MATH 10A,A01,083735,Patchell; Gregory David,0,0,30,30
1655962802571,MATH 10A,A02,083736,Patchell; Gregory David,21,0,30,9
1655962802571,MATH 10A,A03,083737,Patchell; Gregory David,16,0,30,14
1655962808594,MATH 10B,A01,083207,Lim; Seonhee,1,1,34,33
1655962808594,MATH 10B,A02,083208,Lim; Seonhee,1,1,35,34
1655962808594,MATH 10B,A03,093472,Staff,1,0,34,33
1655962808594,MATH 10B,B01,083739,Sinha; Shubham,9,0,30,21
1655962814624,MATH 18,A01,083743,Cinel; Cameron Alexander,4,0,30,26
1655962814624,MATH 18,A02,083744,Cinel; Cameron Alexander,11,0,30,19
1655962814624,MATH 18,A03,083745,Cinel; Cameron Alexander,1,0,30,29
1655962814624,MATH 18,B01,083748,Ma; Zilu,2,0,36,34
1655962814624,MATH 18,B02,083749,Ma; Zilu,0,0,36,36
1655962814624,MATH 18,B03,083750,Ma; Zilu,0,0,36,36
1655962814624,MATH 18,B04,083751,Ma; Zilu,0,0,36,36
1655962814624,MATH 18,B05,093473,Staff,0,0,36,36
1655962814624,MATH 18,B06,093474,Staff,1,0,36,35
1655962820648,MATH 20A,A01,083754,Zheng; Zequn,10,0,40,30
1655962826673,MATH 20B,A01,083756,Briones; Jor-el Thomas Caparas,0,1,36,36
1655962826673,MATH 20B,A02,083757,Briones; Jor-el Thomas Caparas,1,0,36,35
1655962826673,MATH 20B,A03,093475,Staff,1,0,36,35
1655962832700,MATH 20C,A01,083760,Briones; Jor-el Thomas Caparas,0,2,35,35
1655962832700,MATH 20C,A02,083761,Briones; Jor-el Thomas Caparas,6,1,35,29
1655962832700,MATH 20C,A03,093476,Staff,1,0,35,34
1655962832700,MATH 20C,B01,083762,Bach; Quang Tran,3,0,30,27
1655962838723,MATH 20D,A01,083765,Tran; Brian Kha,1,0,30,29
1655962838723,MATH 20D,A02,083766,Tran; Brian Kha,0,1,30,30
1655962838723,MATH 20D,A03,083767,Tran; Brian Kha,1,0,30,29
1655962844746,MATH 20E,A01,083771,Ganguly; Soumya,0,0,32,32
1655962844746,MATH 20E,A02,083772,Ganguly; Soumya,1,1,32,31
1655962844746,MATH 20E,B01,083773,Ciotti; Benjamin,13,0,35,22
1655962844746,MATH 20E,B02,083774,Ciotti; Benjamin,12,0,35,23
1655962850774,MATH 103A,A01,083777,Greenfeld; Be'Eri,2,1,36,34
1655962850774,MATH 103A,A02,083778,Greenfeld; Be'Eri,2,0,36,34
1655962850774,MATH 103A,A03,093561,Staff,0,1,36,36
1655962850774,MATH 103A,B01,083779,Greenfeld; Be'Eri,7,1,36,29
1655962850774,MATH 103A,B02,083780,Greenfeld; Be'Eri,1,0,36,35
1655962850774,MATH 103A,B03,093562,Staff,0,0,36,36
1655962856802,MATH 105,A01,085443,Carter; Anne Toulson,3,1,35,32
1655962856802,MATH 105,A02,093477,Staff,8,0,35,27
1655962862829,MATH 109,A01,083213,Ganzberger; Geoffrey Michael,0,1,34,34
1655962862829,MATH 109,A02,083214,Ganzberger; Geoffrey Michael,1,0,34,33
1655962862829,MATH 109,A03,093478,Staff,1,0,34,33
1655962862829,MATH 109,B01,083215,Ganzberger; Geoffrey Michael,2,0,32,30
1655962862829,MATH 109,B02,083216,Ganzberger; Geoffrey Michael,0,0,32,32
1655962862829,MATH 109,B03,093479,Staff,4,0,32,28
1655962868859,MATH 142A,A01,083219,Chow; Bennett,0,0,32,32
1655962868859,MATH 142A,A02,083220,Chow; Bennett,7,0,32,25
1655962868859,MATH 142A,A03,093480,Staff,4,0,32,28
1655962868859,MATH 142A,B03,093481,Staff,3,0,32,29
1655962868859,MATH 142A,B04,093558,Staff,6,0,32,26
1655962868859,MATH 142A,B05,093559,Staff,0,0,32,32
1655962874884,MATH 193A,A01,083224,Rotar; Vladimir,1,1,34,33
1655962874884,MATH 193A,A02,083225,Rotar; Vladimir,0,0,34,34
1655962874884,MATH 193A,A03,083781,Rotar; Vladimir,2,0,34,32
1655962874884,MATH 193A,A04,083782,Rotar; Vladimir,3,0,34,31
1655962874884,MATH 193A,A05,093482,Rotar; Vladimir,0,0,34,34
1655962880907,MATH 197,001,091859,McAuley; Julian John,9999,0,9999,0
1655962880907,MATH 197,002,095566,Kedlaya; Kiran S.,9997,0,9999,2
1655962880907,MATH 197,003,095567,Xiao; Ming,9999,0,9999,0
1655962880907,MATH 197,004,095571,Perols; Johan Lars,9998,0,9999,1
1655962887978,COGS 9,A01,083615,Shannon; Kyle Michael,3,1,75,72
1655962894003,COGS 11,A01,083617,Boyle; Mary E. T.,11,1,48,37
1655962900032,COGS 13,A01,083071,Bastos; Amalia Pinkusfeld,3,2,71,68
1655962906055,COGS 14A,A01,092681,Staff,3,25,100,97
1655962912082,COGS 14B,A01,083073,Cheng; Tzu-Han,7,0,63,56
1655962918106,COGS 17,A01,092677,Staff,8,7,81,73
1655962924133,COGS 100,A01,083619,Allen; Michael Gordon,2,2,70,68
1655962930161,COGS 101A,A01,083621,Davis; Joshua Daniel,4,3,68,64
1655962936187,COGS 101B,A01,091572,Allen; Michael Gordon,0,0,65,65
1655962942209,COGS 101C,A01,083625,Delgado; Tania,7,0,35,28
1655962948231,COGS 107A,A01,083627,Boyle; Mary E. T.,1,2,60,59
1655962954254,COGS 118A,A01,083075,Gupta; Anjum,21,16,76,55
1655962960279,CSE 3,A50,083646,Miranda; Gregory Joseph,14,0,50,36
1655962966301,CSE 8A,A50,083650,Miranda; Gregory Joseph,3,11,56,53
1655962972322,CSE 11,A01,083080,Cao; Yingjun,0,65,40,40
1655962978346,CSE 12,A01,083652,Krause-Levy; Sophia Louisa,6,8,120,114
1655962984369,CSE 15L,A01,083654,Morris; Justin Loren,3,1,50,47
1655962984369,CSE 15L,A02,083655,Morris; Justin Loren,1,1,50,49
1655962990395,CSE 20,A01,083657,Tran; Khoa Dang,29,0,80,51
1655962996427,CSE 21,A01,095574,Bach; Quang Tran,23,0,48,25
1655963002450,CSE 30,A01,083084,Eldon; John,2,10,80,78
1655963002450,CSE 30,B01,095061,Bhaskar; Nishant,0,4,50,50
1655963008478,CSE 100,A01,083659,Cao; Yingjun,2,25,70,68
1655963014501,CSE 134B,A01,083661,Powell; Thomas Allan,5,7,100,95
1655963020528,CSE 140,A01,083663,Gungor; Onat,5,0,85,80
1655963026550,CSE 140L,A01,083088,Eldon; John,5,0,100,95
1655963032574,CSE 175,A01,083665,Kumar; Rakesh,1,0,25,24
1655963038598,CSE 190,A00,092507,Dubnov; Shlomo,1,0,20,19
1655963044625,ECE 45,A01,083139,Congero; Spencer William,0,1,75,75
1655963050651,ECE 65,A50,083695,Saad; Andrew S,6,0,30,24
1655963050651,ECE 65,A51,095125,Staff,23,0,26,3
1655963056676,ECE 109,A01,091882,Touri; Behrouz,2,4,70,68
1655963062704,ECE 180,A00,083140,Abi Samra; Nicholas Camill,1,0,30,29
1655963062704,ECE 180,B00,083141,Abi Samra; Nicholas Camill,0,8,28,28
1655963068729,MATH 10A,A01,083735,Patchell; Gregory David,0,0,30,30
1655963068729,MATH 10A,A02,083736,Patchell; Gregory David,21,0,30,9
1655963068729,MATH 10A,A03,083737,Patchell; Gregory David,16,0,30,14
1655963074753,MATH 10B,A01,083207,Lim; Seonhee,1,1,34,33
1655963074753,MATH 10B,A02,083208,Lim; Seonhee,1,1,35,34
1655963074753,MATH 10B,A03,093472,Staff,1,0,34,33
1655963074753,MATH 10B,B01,083739,Sinha; Shubham,9,0,30,21
1655963080787,MATH 18,A01,083743,Cinel; Cameron Alexander,4,0,30,26
1655963080787,MATH 18,A02,083744,Cinel; Cameron Alexander,11,0,30,19
1655963080787,MATH 18,A03,083745,Cinel; Cameron Alexander,1,0,30,29
1655963080787,MATH 18,B01,083748,Ma; Zilu,2,0,36,34
1655963080787,MATH 18,B02,083749,Ma; Zilu,0,0,36,36
1655963080787,MATH 18,B03,083750,Ma; Zilu,0,0,36,36
1655963080787,MATH 18,B04,083751,Ma; Zilu,0,0,36,36
1655963080787,MATH 18,B05,093473,Staff,0,0,36,36
1655963080787,MATH 18,B06,093474,Staff,1,0,36,35
1655963086814,MATH 20A,A01,083754,Zheng; Zequn,10,0,40,30
1655963092839,MATH 20B,A01,083756,Briones; Jor-el Thomas Caparas,0,1,36,36
1655963092839,MATH 20B,A02,083757,Briones; Jor-el Thomas Caparas,1,0,36,35
1655963092839,MATH 20B,A03,093475,Staff,1,0,36,35
1655963098863,MATH 20C,A01,083760,Briones; Jor-el Thomas Caparas,0,2,35,35
1655963098863,MATH 20C,A02,083761,Briones; Jor-el Thomas Caparas,6,1,35,29
1655963098863,MATH 20C,A03,093476,Staff,1,0,35,34
1655963098863,MATH 20C,B01,083762,Bach; Quang Tran,3,0,30,27
1655963104897,MATH 20D,A01,083765,Tran; Brian Kha,1,0,30,29
1655963104897,MATH 20D,A02,083766,Tran; Brian Kha,0,1,30,30
1655963104897,MATH 20D,A03,083767,Tran; Brian Kha,1,0,30,29
1655963110926,MATH 20E,A01,083771,Ganguly; Soumya,0,0,32,32
1655963110926,MATH 20E,A02,083772,Ganguly; Soumya,1,1,32,31
1655963110926,MATH 20E,B01,083773,Ciotti; Benjamin,13,0,35,22
1655963110926,MATH 20E,B02,083774,Ciotti; Benjamin,12,0,35,23
1655963116955,MATH 103A,A01,083777,Greenfeld; Be'Eri,2,1,36,34
1655963116955,MATH 103A,A02,083778,Greenfeld; Be'Eri,2,0,36,34
1655963116955,MATH 103A,A03,093561,Staff,0,1,36,36
1655963116955,MATH 103A,B01,083779,Greenfeld; Be'Eri,7,1,36,29
1655963116955,MATH 103A,B02,083780,Greenfeld; Be'Eri,1,0,36,35
1655963116955,MATH 103A,B03,093562,Staff,0,0,36,36
1655963122982,MATH 105,A01,085443,Carter; Anne Toulson,3,1,35,32
1655963122982,MATH 105,A02,093477,Staff,8,0,35,27
1655963129015,MATH 109,A01,083213,Ganzberger; Geoffrey Michael,0,1,34,34
1655963129015,MATH 109,A02,083214,Ganzberger; Geoffrey Michael,1,0,34,33
1655963129015,MATH 109,A03,093478,Staff,1,0,34,33
1655963129015,MATH 109,B01,083215,Ganzberger; Geoffrey Michael,2,0,32,30
1655963129015,MATH 109,B02,083216,Ganzberger; Geoffrey Michael,0,0,32,32
1655963129015,MATH 109,B03,093479,Staff,4,0,32,28
1655963135043,MATH 142A,A01,083219,Chow; Bennett,0,0,32,32
1655963135043,MATH 142A,A02,083220,Chow; Bennett,7,0,32,25
1655963135043,MATH 142A,A03,093480,Staff,4,0,32,28
1655963135043,MATH 142A,B03,093481,Staff,3,0,32,29
1655963135043,MATH 142A,B04,093558,Staff,6,0,32,26
1655963135043,MATH 142A,B05,093559,Staff,0,0,32,32
1655963141071,MATH 193A,A01,083224,Rotar; Vladimir,1,1,34,33
1655963141071,MATH 193A,A02,083225,Rotar; Vladimir,0,0,34,34
1655963141071,MATH 193A,A03,083781,Rotar; Vladimir,2,0,34,32
1655963141071,MATH 193A,A04,083782,Rotar; Vladimir,3,0,34,31
1655963141071,MATH 193A,A05,093482,Rotar; Vladimir,0,0,34,34
1655963147107,MATH 197,001,091859,McAuley; Julian John,9999,0,9999,0
1655963147107,MATH 197,002,095566,Kedlaya; Kiran S.,9997,0,9999,2
1655963147107,MATH 197,003,095567,Xiao; Ming,9999,0,9999,0
1655963147107,MATH 197,004,095571,Perols; Johan Lars,9998,0,9999,1
1655963154164,COGS 9,A01,083615,Shannon; Kyle Michael,3,1,75,72
1655963160197,COGS 11,A01,083617,Boyle; Mary E. T.,11,1,48,37
1655963166223,COGS 13,A01,083071,Bastos; Amalia Pinkusfeld,3,2,71,68
1655963172246,COGS 14A,A01,092681,Staff,3,25,100,97
1655963178272,COGS 14B,A01,083073,Cheng; Tzu-Han,7,0,63,56
1655963184298,COGS 17,A01,092677,Staff,8,7,81,73
1655963190325,COGS 100,A01,083619,Allen; Michael Gordon,2,2,70,68
1655963196348,COGS 101A,A01,083621,Davis; Joshua Daniel,4,3,68,64
1655963202372,COGS 101B,A01,091572,Allen; Michael Gordon,0,0,65,65
1655963208402,COGS 101C,A01,083625,Delgado; Tania,7,0,35,28
1655963214429,COGS 107A,A01,083627,Boyle; Mary E. T.,1,2,60,59
1655963220457,COGS 118A,A01,083075,Gupta; Anjum,21,16,76,55
1655963226480,CSE 3,A50,083646,Miranda; Gregory Joseph,14,0,50,36
1655963232502,CSE 8A,A50,083650,Miranda; Gregory Joseph,3,11,56,53
1655963238525,CSE 11,A01,083080,Cao; Yingjun,0,65,40,40
1655963244552,CSE 12,A01,083652,Krause-Levy; Sophia Louisa,6,8,120,114
1655963250579,CSE 15L,A01,083654,Morris; Justin Loren,3,1,50,47
1655963250579,CSE 15L,A02,083655,Morris; Justin Loren,1,1,50,49
1655963256606,CSE 20,A01,083657,Tran; Khoa Dang,29,0,80,51
1655963262631,CSE 21,A01,095574,Bach; Quang Tran,23,0,48,25
1655963268659,CSE 30,A01,083084,Eldon; John,2,10,80,78
1655963268659,CSE 30,B01,095061,Bhaskar; Nishant,0,4,50,50
1655963274685,CSE 100,A01,083659,Cao; Yingjun,2,25,70,68
1655963280709,CSE 134B,A01,083661,Powell; Thomas Allan,5,7,100,95
1655963286731,CSE 140,A01,083663,Gungor; Onat,5,0,85,80
1655963292755,CSE 140L,A01,083088,Eldon; John,5,0,100,95
1655963298778,CSE 175,A01,083665,Kumar; Rakesh,1,0,25,24
1655963304801,CSE 190,A00,092507,Dubnov; Shlomo,1,0,20,19
1655963310829,ECE 45,A01,083139,Congero; Spencer William,0,1,75,75
1655963316853,ECE 65,A50,083695,Saad; Andrew S,6,0,30,24
1655963316853,ECE 65,A51,095125,Staff,23,0,26,3
1655963322880,ECE 109,A01,091882,Touri; Behrouz,2,4,70,68
1655963328903,ECE 180,A00,083140,Abi Samra; Nicholas Camill,1,0,30,29
1655963328903,ECE 180,B00,083141,Abi Samra; Nicholas Camill,0,8,28,28
1655963334926,MATH 10A,A01,083735,Patchell; Gregory David,0,0,30,30
1655963334926,MATH 10A,A02,083736,Patchell; Gregory David,21,0,30,9
1655963334926,MATH 10A,A03,083737,Patchell; Gregory David,16,0,30,14
1655963340957,MATH 10B,A01,083207,Lim; Seonhee,1,1,34,33
1655963340957,MATH 10B,A02,083208,Lim; Seonhee,1,1,35,34
1655963340957,MATH 10B,A03,093472,Staff,1,0,34,33
1655963340957,MATH 10B,B01,083739,Sinha; Shubham,9,0,30,21
1655963346988,MATH 18,A01,083743,Cinel; Cameron Alexander,4,0,30,26
1655963346988,MATH 18,A02,083744,Cinel; Cameron Alexander,11,0,30,19
1655963346988,MATH 18,A03,083745,Cinel; Cameron Alexander,1,0,30,29
1655963346988,MATH 18,B01,083748,Ma; Zilu,2,0,36,34
1655963346988,MATH 18,B02,083749,Ma; Zilu,0,0,36,36
1655963346988,MATH 18,B03,083750,Ma; Zilu,0,0,36,36
1655963346988,MATH 18,B04,083751,Ma; Zilu,0,0,36,36
1655963346988,MATH 18,B05,093473,Staff,0,0,36,36
1655963346988,MATH 18,B06,093474,Staff,1,0,36,35
1655963353011,MATH 20A,A01,083754,Zheng; Zequn,10,0,40,30
1655963359038,MATH 20B,A01,083756,Briones; Jor-el Thomas Caparas,0,1,36,36
1655963359038,MATH 20B,A02,083757,Briones; Jor-el Thomas Caparas,1,0,36,35
1655963359038,MATH 20B,A03,093475,Staff,1,0,36,35
1655963365067,MATH 20C,A01,083760,Briones; Jor-el Thomas Caparas,0,2,35,35
1655963365067,MATH 20C,A02,083761,Briones; Jor-el Thomas Caparas,6,1,35,29
1655963365067,MATH 20C,A03,093476,Staff,1,0,35,34
1655963365067,MATH 20C,B01,083762,Bach; Quang Tran,3,0,30,27
1655963371227,MATH 20D,A01,083765,Tran; Brian Kha,1,0,30,29
1655963371227,MATH 20D,A02,083766,Tran; Brian Kha,0,1,30,30
1655963371227,MATH 20D,A03,083767,Tran; Brian Kha,1,0,30,29
1655963377256,MATH 20E,A01,083771,Ganguly; Soumya,0,0,32,32
1655963377256,MATH 20E,A02,083772,Ganguly; Soumya,1,1,32,31
1655963377256,MATH 20E,B01,083773,Ciotti; Benjamin,13,0,35,22
1655963377256,MATH 20E,B02,083774,Ciotti; Benjamin,12,0,35,23
1655963383285,MATH 103A,A01,083777,Greenfeld; Be'Eri,2,1,36,34
1655963383285,MATH 103A,A02,083778,Greenfeld; Be'Eri,2,0,36,34
1655963383285,MATH 103A,A03,093561,Staff,0,1,36,36
1655963383285,MATH 103A,B01,083779,Greenfeld; Be'Eri,7,1,36,29
1655963383285,MATH 103A,B02,083780,Greenfeld; Be'Eri,1,0,36,35
1655963383285,MATH 103A,B03,093562,Staff,0,0,36,36
1655963389307,MATH 105,A01,085443,Carter; Anne Toulson,3,1,35,32
1655963389307,MATH 105,A02,093477,Staff,8,0,35,27
1655963395330,MATH 109,A01,083213,Ganzberger; Geoffrey Michael,0,1,34,34
1655963395330,MATH 109,A02,083214,Ganzberger; Geoffrey Michael,1,0,34,33
1655963395330,MATH 109,A03,093478,Staff,1,0,34,33
1655963395330,MATH 109,B01,083215,Ganzberger; Geoffrey Michael,2,0,32,30
1655963395330,MATH 109,B02,083216,Ganzberger; Geoffrey Michael,0,0,32,32
1655963395330,MATH 109,B03,093479,Staff,4,0,32,28
1655963401355,MATH 142A,A01,083219,Chow; Bennett,0,0,32,32
1655963401355,MATH 142A,A02,083220,Chow; Bennett,7,0,32,25
1655963401355,MATH 142A,A03,093480,Staff,4,0,32,28
1655963401355,MATH 142A,B03,093481,Staff,3,0,32,29
1655963401355,MATH 142A,B04,093558,Staff,6,0,32,26
1655963401355,MATH 142A,B05,093559,Staff,0,0,32,32
1655963407384,MATH 193A,A01,083224,Rotar; Vladimir,1,1,34,33
1655963407384,MATH 193A,A02,083225,Rotar; Vladimir,0,0,34,34
1655963407384,MATH 193A,A03,083781,Rotar; Vladimir,2,0,34,32
1655963407384,MATH 193A,A04,083782,Rotar; Vladimir,3,0,34,31
1655963407384,MATH 193A,A05,093482,Rotar; Vladimir,0,0,34,34
1655963413409,MATH 197,001,091859,McAuley; Julian John,9999,0,9999,0
1655963413409,MATH 197,002,095566,Kedlaya; Kiran S.,9997,0,9999,2
1655963413409,MATH 197,003,095567,Xiao; Ming,9999,0,9999,0
1655963413409,MATH 197,004,095571,Perols; Johan Lars,9998,0,9999,1
1655963420474,COGS 9,A01,083615,Shannon; Kyle Michael,3,1,75,72
1655963426502,COGS 11,A01,083617,Boyle; Mary E. T.,11,1,48,37
1655963432527,COGS 13,A01,083071,Bastos; Amalia Pinkusfeld,3,2,71,68
1655963438556,COGS 14A,A01,092681,Staff,3,25,100,97
1655963444588,COGS 14B,A01,083073,Cheng; Tzu-Han,7,0,63,56
1655963450614,COGS 17,A01,092677,Staff,8,7,81,73
1655963456648,COGS 100,A01,083619,Allen; Michael Gordon,2,2,70,68
1655963462686,COGS 101A,A01,083621,Davis; Joshua Daniel,4,3,68,64
1655963468713,COGS 101B,A01,091572,Allen; Michael Gordon,0,0,65,65
1655963474738,COGS 101C,A01,083625,Delgado; Tania,7,0,35,28
1655963480762,COGS 107A,A01,083627,Boyle; Mary E. T.,1,2,60,59
1655963486793,COGS 118A,A01,083075,Gupta; Anjum,21,16,76,55
1655963492822,CSE 3,A50,083646,Miranda; Gregory Joseph,14,0,50,36
1655963498852,CSE 8A,A50,083650,Miranda; Gregory Joseph,3,11,56,53
1655963504876,CSE 11,A01,083080,Cao; Yingjun,0,65,40,40
1655963510898,CSE 12,A01,083652,Krause-Levy; Sophia Louisa,6,8,120,114
1655963516925,CSE 15L,A01,083654,Morris; Justin Loren,3,1,50,47
1655963516925,CSE 15L,A02,083655,Morris; Justin Loren,1,1,50,49
1655963522950,CSE 20,A01,083657,Tran; Khoa Dang,29,0,80,51
1655963528976,CSE 21,A01,095574,Bach; Quang Tran,23,0,48,25
1655963534999,CSE 30,A01,083084,Eldon; John,2,10,80,78
1655963534999,CSE 30,B01,095061,Bhaskar; Nishant,0,4,50,50
1655963541025,CSE 100,A01,083659,Cao; Yingjun,2,25,70,68
1655963547054,CSE 134B,A01,083661,Powell; Thomas Allan,5,7,100,95
1655963553076,CSE 140,A01,083663,Gungor; Onat,5,0,85,80
1655963559100,CSE 140L,A01,083088,Eldon; John,5,0,100,95
1655963565126,CSE 175,A01,083665,Kumar; Rakesh,1,0,25,24
1655963571157,CSE 190,A00,092507,Dubnov; Shlomo,1,0,20,19
1655963577193,ECE 45,A01,083139,Congero; Spencer William,0,1,75,75
1655963583220,ECE 65,A50,083695,Saad; Andrew S,6,0,30,24
1655963583220,ECE 65,A51,095125,Staff,23,0,26,3
1655963589256,ECE 109,A01,091882,Touri; Behrouz,2,4,70,68
1655963595282,ECE 180,A00,083140,Abi Samra; Nicholas Camill,1,0,30,29
1655963595282,ECE 180,B00,083141,Abi Samra; Nicholas Camill,0,8,28,28
1655963601311,MATH 10A,A01,083735,Patchell; Gregory David,0,0,30,30
1655963601311,MATH 10A,A02,083736,Patchell; Gregory David,21,0,30,9
1655963601311,MATH 10A,A03,083737,Patchell; Gregory David,16,0,30,14
1655963607336,MATH 10B,A01,083207,Lim; Seonhee,1,1,34,33
1655963607336,MATH 10B,A02,083208,Lim; Seonhee,1,1,35,34
1655963607336,MATH 10B,A03,093472,Staff,1,0,34,33
1655963607336,MATH 10B,B01,083739,Sinha; Shubham,9,0,30,21
1655963613361,MATH 18,A01,083743,Cinel; Cameron Alexander,4,0,30,26
1655963613361,MATH 18,A02,083744,Cinel; Cameron Alexander,11,0,30,19
1655963613361,MATH 18,A03,083745,Cinel; Cameron Alexander,1,0,30,29
1655963613361,MATH 18,B01,083748,Ma; Zilu,2,0,36,34
1655963613361,MATH 18,B02,083749,Ma; Zilu,0,0,36,36
1655963613361,MATH 18,B03,083750,Ma; Zilu,0,0,36,36
1655963613361,MATH 18,B04,083751,Ma; Zilu,0,0,36,36
1655963613361,MATH 18,B05,093473,Staff,0,0,36,36
1655963613361,MATH 18,B06,093474,Staff,1,0,36,35
1655963619384,MATH 20A,A01,083754,Zheng; Zequn,10,0,40,30
1655963625406,MATH 20B,A01,083756,Briones; Jor-el Thomas Caparas,0,1,36,36
1655963625406,MATH 20B,A02,083757,Briones; Jor-el Thomas Caparas,1,0,36,35
1655963625406,MATH 20B,A03,093475,Staff,1,0,36,35
1655963631435,MATH 20C,A01,083760,Briones; Jor-el Thomas Caparas,0,2,35,35
1655963631435,MATH 20C,A02,083761,Briones; Jor-el Thomas Caparas,6,1,35,29
1655963631435,MATH 20C,A03,093476,Staff,1,0,35,34
1655963631435,MATH 20C,B01,083762,Bach; Quang Tran,3,0,30,27
1655963637469,MATH 20D,A01,083765,Tran; Brian Kha,1,0,30,29
1655963637469,MATH 20D,A02,083766,Tran; Brian Kha,0,1,30,30
1655963637469,MATH 20D,A03,083767,Tran; Brian Kha,1,0,30,29
1655963643496,MATH 20E,A01,083771,Ganguly; Soumya,0,0,32,32
1655963643496,MATH 20E,A02,083772,Ganguly; Soumya,1,1,32,31
1655963643496,MATH 20E,B01,083773,Ciotti; Benjamin,14,0,35,21
1655963643496,MATH 20E,B02,083774,Ciotti; Benjamin,12,0,35,23
1655963649520,MATH 103A,A01,083777,Greenfeld; Be'Eri,2,1,36,34
1655963649520,MATH 103A,A02,083778,Greenfeld; Be'Eri,2,0,36,34
1655963649520,MATH 103A,A03,093561,Staff,0,1,36,36
1655963649520,MATH 103A,B01,083779,Greenfeld; Be'Eri,7,1,36,29
1655963649520,MATH 103A,B02,083780,Greenfeld; Be'Eri,1,0,36,35
1655963649520,MATH 103A,B03,093562,Staff,0,0,36,36
1655963655544,MATH 105,A01,085443,Carter; Anne Toulson,3,1,35,32
1655963655544,MATH 105,A02,093477,Staff,8,0,35,27
1655963661575,MATH 109,A01,083213,Ganzberger; Geoffrey Michael,0,1,34,34
1655963661575,MATH 109,A02,083214,Ganzberger; Geoffrey Michael,1,0,34,33
1655963661575,MATH 109,A03,093478,Staff,1,0,34,33
1655963661575,MATH 109,B01,083215,Ganzberger; Geoffrey Michael,2,0,32,30
1655963661575,MATH 109,B02,083216,Ganzberger; Geoffrey Michael,0,0,32,32
1655963661575,MATH 109,B03,093479,Staff,4,0,32,28
1655963667598,MATH 142A,A01,083219,Chow; Bennett,0,0,32,32
1655963667598,MATH 142A,A02,083220,Chow; Bennett,7,0,32,25
1655963667598,MATH 142A,A03,093480,Staff,4,0,32,28
1655963667598,MATH 142A,B03,093481,Staff,3,0,32,29
1655963667598,MATH 142A,B04,093558,Staff,6,0,32,26
1655963667598,MATH 142A,B05,093559,Staff,0,0,32,32
1655963673636,MATH 193A,A01,083224,Rotar; Vladimir,1,1,34,33
1655963673636,MATH 193A,A02,083225,Rotar; Vladimir,0,0,34,34
1655963673636,MATH 193A,A03,083781,Rotar; Vladimir,2,0,34,32
1655963673636,MATH 193A,A04,083782,Rotar; Vladimir,3,0,34,31
1655963673636,MATH 193A,A05,093482,Rotar; Vladimir,0,0,34,34
1655963679663,MATH 197,001,091859,McAuley; Julian John,9999,0,9999,0
1655963679663,MATH 197,002,095566,Kedlaya; Kiran S.,9997,0,9999,2
1655963679663,MATH 197,003,095567,Xiao; Ming,9999,0,9999,0
1655963679663,MATH 197,004,095571,Perols; Johan Lars,9998,0,9999,1
1655963686723,COGS 9,A01,083615,Shannon; Kyle Michael,3,1,75,72
1655963692751,COGS 11,A01,083617,Boyle; Mary E. T.,11,1,48,37
1655963698777,COGS 13,A01,083071,Bastos; Amalia Pinkusfeld,3,2,71,68
1655963704805,COGS 14A,A01,092681,Staff,3,25,100,97
1655963710834,COGS 14B,A01,083073,Cheng; Tzu-Han,7,0,63,56
1655963716860,COGS 17,A01,092677,Staff,8,7,81,73
1655963722888,COGS 100,A01,083619,Allen; Michael Gordon,2,2,70,68
1655963728915,COGS 101A,A01,083621,Davis; Joshua Daniel,4,3,68,64
1655963734938,COGS 101B,A01,091572,Allen; Michael Gordon,0,0,65,65
1655963740971,COGS 101C,A01,083625,Delgado; Tania,7,0,35,28
1655963746994,COGS 107A,A01,083627,Boyle; Mary E. T.,1,2,60,59
1655963753018,COGS 118A,A01,083075,Gupta; Anjum,21,16,76,55
1655963759047,CSE 3,A50,083646,Miranda; Gregory Joseph,14,0,50,36
1655963765074,CSE 8A,A50,083650,Miranda; Gregory Joseph,3,11,56,53
1655963771098,CSE 11,A01,083080,Cao; Yingjun,0,65,40,40
1655963777122,CSE 12,A01,083652,Krause-Levy; Sophia Louisa,6,8,120,114
1655963783145,CSE 15L,A01,083654,Morris; Justin Loren,3,1,50,47
1655963783145,CSE 15L,A02,083655,Morris; Justin Loren,1,1,50,49
1655963789168,CSE 20,A01,083657,Tran; Khoa Dang,29,0,80,51
1655963795194,CSE 21,A01,095574,Bach; Quang Tran,23,0,48,25
1655963801219,CSE 30,A01,083084,Eldon; John,2,10,80,78
1655963801219,CSE 30,B01,095061,Bhaskar; Nishant,0,4,50,50
1655963807245,CSE 100,A01,083659,Cao; Yingjun,2,25,70,68
1655963813268,CSE 134B,A01,083661,Powell; Thomas Allan,5,7,100,95
1655963819293,CSE 140,A01,083663,Gungor; Onat,5,0,85,80
1655963825315,CSE 140L,A01,083088,Eldon; John,5,0,100,95
1655963831339,CSE 175,A01,083665,Kumar; Rakesh,1,0,25,24
1655963837370,CSE 190,A00,092507,Dubnov; Shlomo,1,0,20,19
1655963843392,ECE 45,A01,083139,Congero; Spencer William,0,1,75,75
1655963849420,ECE 65,A50,083695,Saad; Andrew S,6,0,30,24
1655963849420,ECE 65,A51,095125,Staff,23,0,26,3
1655963855443,ECE 109,A01,091882,Touri; Behrouz,2,4,70,68
1655963861470,ECE 180,A00,083140,Abi Samra; Nicholas Camill,1,0,30,29
1655963861470,ECE 180,B00,083141,Abi Samra; Nicholas Camill,0,8,28,28
1655963867508,MATH 10A,A01,083735,Patchell; Gregory David,0,0,30,30
1655963867508,MATH 10A,A02,083736,Patchell; Gregory David,21,0,30,9
1655963867508,MATH 10A,A03,083737,Patchell; Gregory David,16,0,30,14
1655963873553,MATH 10B,A01,083207,Lim; Seonhee,1,1,34,33
1655963873553,MATH 10B,A02,083208,Lim; Seonhee,1,1,35,34
1655963873553,MATH 10B,A03,093472,Staff,1,0,34,33
1655963873553,MATH 10B,B01,083739,Sinha; Shubham,9,0,30,21
1655963879586,MATH 18,A01,083743,Cinel; Cameron Alexander,4,0,30,26
1655963879586,MATH 18,A02,083744,Cinel; Cameron Alexander,11,0,30,19
1655963879586,MATH 18,A03,083745,Cinel; Cameron Alexander,1,0,30,29
1655963879586,MATH 18,B01,083748,Ma; Zilu,2,0,36,34
1655963879586,MATH 18,B02,083749,Ma; Zilu,0,0,36,36
1655963879586,MATH 18,B03,083750,Ma; Zilu,0,0,36,36
1655963879586,MATH 18,B04,083751,Ma; Zilu,0,0,36,36
1655963879586,MATH 18,B05,093473,Staff,0,0,36,36
1655963879586,MATH 18,B06,093474,Staff,1,0,36,35
1655963885608,MATH 20A,A01,083754,Zheng; Zequn,10,0,40,30
1655963891632,MATH 20B,A01,083756,Briones; Jor-el Thomas Caparas,0,1,36,36
1655963891632,MATH 20B,A02,083757,Briones; Jor-el Thomas Caparas,1,0,36,35
1655963891632,MATH 20B,A03,093475,Staff,1,0,36,35
1655963897660,MATH 20C,A01,083760,Briones; Jor-el Thomas Caparas,0,2,35,35
1655963897660,MATH 20C,A02,083761,Briones; Jor-el Thomas Caparas,6,1,35,29
1655963897660,MATH 20C,A03,093476,Staff,1,0,35,34
1655963897660,MATH 20C,B01,083762,Bach; Quang Tran,3,0,30,27
1655963903684,MATH 20D,A01,083765,Tran; Brian Kha,1,0,30,29
1655963903684,MATH 20D,A02,083766,Tran; Brian Kha,0,1,30,30
1655963903684,MATH 20D,A03,083767,Tran; Brian Kha,1,0,30,29
1655963909707,MATH 20E,A01,083771,Ganguly; Soumya,0,0,32,32
1655963909707,MATH 20E,A02,083772,Ganguly; Soumya,1,1,32,31
1655963909707,MATH 20E,B01,083773,Ciotti; Benjamin,14,0,35,21
1655963909707,MATH 20E,B02,083774,Ciotti; Benjamin,11,0,35,24
1655963915730,MATH 103A,A01,083777,Greenfeld; Be'Eri,2,1,36,34
1655963915730,MATH 103A,A02,083778,Greenfeld; Be'Eri,2,0,36,34
1655963915730,MATH 103A,A03,093561,Staff,0,1,36,36
1655963915730,MATH 103A,B01,083779,Greenfeld; Be'Eri,7,1,36,29
1655963915730,MATH 103A,B02,083780,Greenfeld; Be'Eri,1,0,36,35
1655963915730,MATH 103A,B03,093562,Staff,0,0,36,36
1655963921760,MATH 105,A01,085443,Carter; Anne Toulson,3,1,35,32
1655963921760,MATH 105,A02,093477,Staff,8,0,35,27
1655963927783,MATH 109,A01,083213,Ganzberger; Geoffrey Michael,0,1,34,34
1655963927783,MATH 109,A02,083214,Ganzberger; Geoffrey Michael,1,0,34,33
1655963927783,MATH 109,A03,093478,Staff,1,0,34,33
1655963927783,MATH 109,B01,083215,Ganzberger; Geoffrey Michael,2,0,32,30
1655963927783,MATH 109,B02,083216,Ganzberger; Geoffrey Michael,0,0,32,32
1655963927783,MATH 109,B03,093479,Staff,4,0,32,28
1655963933811,MATH 142A,A01,083219,Chow; Bennett,0,0,32,32
1655963933811,MATH 142A,A02,083220,Chow; Bennett,7,0,32,25
1655963933811,MATH 142A,A03,093480,Staff,4,0,32,28
1655963933811,MATH 142A,B03,093481,Staff,3,0,32,29
1655963933811,MATH 142A,B04,093558,Staff,6,0,32,26
1655963933811,MATH 142A,B05,093559,Staff,0,0,32,32
1655963939835,MATH 193A,A01,083224,Rotar; Vladimir,1,1,34,33
1655963939835,MATH 193A,A02,083225,Rotar; Vladimir,0,0,34,34
1655963939835,MATH 193A,A03,083781,Rotar; Vladimir,2,0,34,32
1655963939835,MATH 193A,A04,083782,Rotar; Vladimir,3,0,34,31
1655963939835,MATH 193A,A05,093482,Rotar; Vladimir,0,0,34,34
1655963945867,MATH 197,001,091859,McAuley; Julian John,9999,0,9999,0
1655963945867,MATH 197,002,095566,Kedlaya; Kiran S.,9997,0,9999,2
1655963945867,MATH 197,003,095567,Xiao; Ming,9999,0,9999,0
1655963945867,MATH 197,004,095571,Perols; Johan Lars,9998,0,9999,1
1655963952922,COGS 9,A01,083615,Shannon; Kyle Michael,3,1,75,72
1655963958948,COGS 11,A01,083617,Boyle; Mary E. T.,11,1,48,37
1655963965066,COGS 13,A01,083071,Bastos; Amalia Pinkusfeld,3,2,71,68
1655963971097,COGS 14A,A01,092681,Staff,3,25,100,97
1655963977120,COGS 14B,A01,083073,Cheng; Tzu-Han,7,0,63,56
1655963983150,COGS 17,A01,092677,Staff,8,7,81,73
1655963989179,COGS 100,A01,083619,Allen; Michael Gordon,2,2,70,68
1655963995201,COGS 101A,A01,083621,Davis; Joshua Daniel,4,3,68,64
1655964001224,COGS 101B,A01,091572,Allen; Michael Gordon,0,0,65,65
1655964007252,COGS 101C,A01,083625,Delgado; Tania,7,0,35,28
1655964013278,COGS 107A,A01,083627,Boyle; Mary E. T.,1,2,60,59
1655964019303,COGS 118A,A01,083075,Gupta; Anjum,21,16,76,55
1655964025325,CSE 3,A50,083646,Miranda; Gregory Joseph,14,0,50,36
1655964031352,CSE 8A,A50,083650,Miranda; Gregory Joseph,3,11,56,53
1655964037379,CSE 11,A01,083080,Cao; Yingjun,0,65,40,40
1655964043399,CSE 12,A01,083652,Krause-Levy; Sophia Louisa,6,8,120,114
1655964049425,CSE 15L,A01,083654,Morris; Justin Loren,3,1,50,47
1655964049425,CSE 15L,A02,083655,Morris; Justin Loren,1,1,50,49
1655964055451,CSE 20,A01,083657,Tran; Khoa Dang,29,0,80,51
1655964061476,CSE 21,A01,095574,Bach; Quang Tran,23,0,48,25
1655964067505,CSE 30,A01,083084,Eldon; John,2,10,80,78
1655964067505,CSE 30,B01,095061,Bhaskar; Nishant,0,4,50,50
1655964073535,CSE 100,A01,083659,Cao; Yingjun,2,25,70,68
1655964079559,CSE 134B,A01,083661,Powell; Thomas Allan,5,7,100,95
1655964085582,CSE 140,A01,083663,Gungor; Onat,5,0,85,80
1655964091606,CSE 140L,A01,083088,Eldon; John,5,0,100,95
1655964097630,CSE 175,A01,083665,Kumar; Rakesh,1,0,25,24
1655964103658,CSE 190,A00,092507,Dubnov; Shlomo,1,0,20,19
1655964109688,ECE 45,A01,083139,Congero; Spencer William,0,1,75,75
1655964115713,ECE 65,A50,083695,Saad; Andrew S,6,0,30,24
1655964115713,ECE 65,A51,095125,Staff,23,0,26,3
1655964121739,ECE 109,A01,091882,Touri; Behrouz,2,4,70,68
1655964127763,ECE 180,A00,083140,Abi Samra; Nicholas Camill,1,0,30,29
1655964127763,ECE 180,B00,083141,Abi Samra; Nicholas Camill,0,8,28,28
1655964133790,MATH 10A,A01,083735,Patchell; Gregory David,0,0,30,30
1655964133790,MATH 10A,A02,083736,Patchell; Gregory David,21,0,30,9
1655964133790,MATH 10A,A03,083737,Patchell; Gregory David,16,0,30,14
1655964139829,MATH 10B,A01,083207,Lim; Seonhee,1,1,34,33
1655964139829,MATH 10B,A02,083208,Lim; Seonhee,1,1,35,34
1655964139829,MATH 10B,A03,093472,Staff,1,0,34,33
1655964139829,MATH 10B,B01,083739,Sinha; Shubham,9,0,30,21
1655964145856,MATH 18,A01,083743,Cinel; Cameron Alexander,4,0,30,26
1655964145856,MATH 18,A02,083744,Cinel; Cameron Alexander,11,0,30,19
1655964145856,MATH 18,A03,083745,Cinel; Cameron Alexander,1,0,30,29
1655964145856,MATH 18,B01,083748,Ma; Zilu,2,0,36,34
1655964145856,MATH 18,B02,083749,Ma; Zilu,0,0,36,36
1655964145856,MATH 18,B03,083750,Ma; Zilu,0,0,36,36
1655964145856,MATH 18,B04,083751,Ma; Zilu,0,0,36,36
1655964145856,MATH 18,B05,093473,Staff,0,0,36,36
1655964145856,MATH 18,B06,093474,Staff,1,0,36,35
1655964151880,MATH 20A,A01,083754,Zheng; Zequn,10,0,40,30
1655964157904,MATH 20B,A01,083756,Briones; Jor-el Thomas Caparas,0,1,36,36
1655964157904,MATH 20B,A02,083757,Briones; Jor-el Thomas Caparas,1,0,36,35
1655964157904,MATH 20B,A03,093475,Staff,1,0,36,35
1655964163929,MATH 20C,A01,083760,Briones; Jor-el Thomas Caparas,0,2,35,35
1655964163929,MATH 20C,A02,083761,Briones; Jor-el Thomas Caparas,6,1,35,29
1655964163929,MATH 20C,A03,093476,Staff,1,0,35,34
1655964163929,MATH 20C,B01,083762,Bach; Quang Tran,3,0,30,27
1655964169952,MATH 20D,A01,083765,Tran; Brian Kha,1,0,30,29
1655964169952,MATH 20D,A02,083766,Tran; Brian Kha,0,1,30,30
1655964169952,MATH 20D,A03,083767,Tran; Brian Kha,1,0,30,29
1655964175976,MATH 20E,A01,083771,Ganguly; Soumya,0,0,32,32
1655964175976,MATH 20E,A02,083772,Ganguly; Soumya,1,1,32,31
1655964175976,MATH 20E,B01,083773,Ciotti; Benjamin,14,0,35,21
1655964175976,MATH 20E,B02,083774,Ciotti; Benjamin,11,0,35,24
1655964182002,MATH 103A,A01,083777,Greenfeld; Be'Eri,2,1,36,34
1655964182002,MATH 103A,A02,083778,Greenfeld; Be'Eri,2,0,36,34
1655964182002,MATH 103A,A03,093561,Staff,0,1,36,36
1655964182002,MATH 103A,B01,083779,Greenfeld; Be'Eri,7,1,36,29
1655964182002,MATH 103A,B02,083780,Greenfeld; Be'Eri,1,0,36,35
1655964182002,MATH 103A,B03,093562,Staff,0,0,36,36
1655964188031,MATH 105,A01,085443,Carter; Anne Toulson,3,1,35,32
1655964188031,MATH 105,A02,093477,Staff,8,0,35,27
1655964194054,MATH 109,A01,083213,Ganzberger; Geoffrey Michael,0,1,34,34
1655964194054,MATH 109,A02,083214,Ganzberger; Geoffrey Michael,0,0,34,34
1655964194054,MATH 109,A03,093478,Staff,1,0,34,33
1655964194054,MATH 109,B01,083215,Ganzberger; Geoffrey Michael,2,0,32,30
1655964194054,MATH 109,B02,083216,Ganzberger; Geoffrey Michael,0,0,32,32
1655964194054,MATH 109,B03,093479,Staff,4,0,32,28
1655964200080,MATH 142A,A01,083219,Chow; Bennett,0,0,32,32
1655964200080,MATH 142A,A02,083220,Chow; Bennett,7,0,32,25
1655964200080,MATH 142A,A03,093480,Staff,4,0,32,28
1655964200080,MATH 142A,B03,093481,Staff,3,0,32,29
1655964200080,MATH 142A,B04,093558,Staff,6,0,32,26
1655964200080,MATH 142A,B05,093559,Staff,0,0,32,32
1655964206104,MATH 193A,A01,083224,Rotar; Vladimir,1,1,34,33
1655964206104,MATH 193A,A02,083225,Rotar; Vladimir,0,0,34,34
1655964206104,MATH 193A,A03,083781,Rotar; Vladimir,2,0,34,32
1655964206104,MATH 193A,A04,083782,Rotar; Vladimir,3,0,34,31
1655964206104,MATH 193A,A05,093482,Rotar; Vladimir,0,0,34,34
1655964212132,MATH 197,001,091859,McAuley; Julian John,9999,0,9999,0
1655964212132,MATH 197,002,095566,Kedlaya; Kiran S.,9997,0,9999,2
1655964212132,MATH 197,003,095567,Xiao; Ming,9999,0,9999,0
1655964212132,MATH 197,004,095571,Perols; Johan Lars,9998,0,9999,1
1655964219212,COGS 9,A01,083615,Shannon; Kyle Michael,3,1,75,72
1655964225241,COGS 11,A01,083617,Boyle; Mary E. T.,11,1,48,37
1655964231265,COGS 13,A01,083071,Bastos; Amalia Pinkusfeld,3,2,71,68
1655964237290,COGS 14A,A01,092681,Staff,3,25,100,97
1655964243318,COGS 14B,A01,083073,Cheng; Tzu-Han,7,0,63,56
1655964249345,COGS 17,A01,092677,Staff,8,7,81,73
1655964255368,COGS 100,A01,083619,Allen; Michael Gordon,2,2,70,68
1655964261392,COGS 101A,A01,083621,Davis; Joshua Daniel,4,3,68,64
1655964267417,COGS 101B,A01,091572,Allen; Michael Gordon,0,0,65,65
1655964273442,COGS 101C,A01,083625,Delgado; Tania,7,0,35,28
1655964279466,COGS 107A,A01,083627,Boyle; Mary E. T.,1,2,60,59
1655964285495,COGS 118A,A01,083075,Gupta; Anjum,21,16,76,55
1655964291526,CSE 3,A50,083646,Miranda; Gregory Joseph,14,0,50,36
1655964297548,CSE 8A,A50,083650,Miranda; Gregory Joseph,3,11,56,53
1655964303576,CSE 11,A01,083080,Cao; Yingjun,0,65,40,40
1655964309599,CSE 12,A01,083652,Krause-Levy; Sophia Louisa,6,8,120,114
1655964315633,CSE 15L,A01,083654,Morris; Justin Loren,3,1,50,47
1655964315633,CSE 15L,A02,083655,Morris; Justin Loren,1,1,50,49
1655964321656,CSE 20,A01,083657,Tran; Khoa Dang,29,0,80,51
1655964327685,CSE 21,A01,095574,Bach; Quang Tran,23,0,48,25
1655964333711,CSE 30,A01,083084,Eldon; John,2,10,80,78
1655964333711,CSE 30,B01,095061,Bhaskar; Nishant,0,4,50,50
1655964339736,CSE 100,A01,083659,Cao; Yingjun,2,25,70,68
1655964345761,CSE 134B,A01,083661,Powell; Thomas Allan,5,7,100,95
1655964351791,CSE 140,A01,083663,Gungor; Onat,5,0,85,80
1655964357818,CSE 140L,A01,083088,Eldon; John,5,0,100,95
1655964363841,CSE 175,A01,083665,Kumar; Rakesh,1,0,25,24
1655964369864,CSE 190,A00,092507,Dubnov; Shlomo,1,0,20,19
1655964375889,ECE 45,A01,083139,Congero; Spencer William,0,1,75,75
1655964381917,ECE 65,A50,083695,Saad; Andrew S,6,0,30,24
1655964381917,ECE 65,A51,095125,Staff,23,0,26,3
1655964387945,ECE 109,A01,091882,Touri; Behrouz,2,4,70,68
1655964393968,ECE 180,A00,083140,Abi Samra; Nicholas Camill,1,0,30,29
1655964393968,ECE 180,B00,083141,Abi Samra; Nicholas Camill,0,8,28,28
1655964399997,MATH 10A,A01,083735,Patchell; Gregory David,0,0,30,30
1655964399997,MATH 10A,A02,083736,Patchell; Gregory David,21,0,30,9
1655964399997,MATH 10A,A03,083737,Patchell; Gregory David,16,0,30,14
1655964406021,MATH 10B,A01,083207,Lim; Seonhee,1,1,34,33
1655964406021,MATH 10B,A02,083208,Lim; Seonhee,1,1,35,34
1655964406021,MATH 10B,A03,093472,Staff,1,0,34,33
1655964406021,MATH 10B,B01,083739,Sinha; Shubham,9,0,30,21
1655964412054,MATH 18,A01,083743,Cinel; Cameron Alexander,4,0,30,26
1655964412054,MATH 18,A02,083744,Cinel; Cameron Alexander,11,0,30,19
1655964412054,MATH 18,A03,083745,Cinel; Cameron Alexander,1,0,30,29
1655964412054,MATH 18,B01,083748,Ma; Zilu,2,0,36,34
1655964412054,MATH 18,B02,083749,Ma; Zilu,0,0,36,36
1655964412054,MATH 18,B03,083750,Ma; Zilu,0,0,36,36
1655964412054,MATH 18,B04,083751,Ma; Zilu,0,0,36,36
1655964412054,MATH 18,B05,093473,Staff,0,0,36,36
1655964412054,MATH 18,B06,093474,Staff,1,0,36,35
1655964418078,MATH 20A,A01,083754,Zheng; Zequn,10,0,40,30
1655964424112,MATH 20B,A01,083756,Briones; Jor-el Thomas Caparas,0,1,36,36
1655964424112,MATH 20B,A02,083757,Briones; Jor-el Thomas Caparas,1,0,36,35
1655964424112,MATH 20B,A03,093475,Staff,1,0,36,35
1655964430136,MATH 20C,A01,083760,Briones; Jor-el Thomas Caparas,0,2,35,35
1655964430136,MATH 20C,A02,083761,Briones; Jor-el Thomas Caparas,6,1,35,29
1655964430136,MATH 20C,A03,093476,Staff,1,0,35,34
1655964430136,MATH 20C,B01,083762,Bach; Quang Tran,3,0,30,27
1655964436161,MATH 20D,A01,083765,Tran; Brian Kha,1,0,30,29
1655964436161,MATH 20D,A02,083766,Tran; Brian Kha,0,1,30,30
1655964436161,MATH 20D,A03,083767,Tran; Brian Kha,1,0,30,29
1655964442189,MATH 20E,A01,083771,Ganguly; Soumya,0,0,32,32
1655964442189,MATH 20E,A02,083772,Ganguly; Soumya,1,1,32,31
1655964442189,MATH 20E,B01,083773,Ciotti; Benjamin,14,0,35,21
1655964442189,MATH 20E,B02,083774,Ciotti; Benjamin,11,0,35,24
1655964448220,MATH 103A,A01,083777,Greenfeld; Be'Eri,2,1,36,34
1655964448220,MATH 103A,A02,083778,Greenfeld; Be'Eri,2,0,36,34
1655964448220,MATH 103A,A03,093561,Staff,0,1,36,36
1655964448220,MATH 103A,B01,083779,Greenfeld; Be'Eri,7,1,36,29
1655964448220,MATH 103A,B02,083780,Greenfeld; Be'Eri,1,0,36,35
1655964448220,MATH 103A,B03,093562,Staff,0,0,36,36
1655964454243,MATH 105,A01,085443,Carter; Anne Toulson,3,1,35,32
1655964454243,MATH 105,A02,093477,Staff,8,0,35,27
1655964460267,MATH 109,A01,083213,Ganzberger; Geoffrey Michael,0,1,34,34
1655964460267,MATH 109,A02,083214,Ganzberger; Geoffrey Michael,0,0,34,34
1655964460267,MATH 109,A03,093478,Staff,1,0,34,33
1655964460267,MATH 109,B01,083215,Ganzberger; Geoffrey Michael,2,0,32,30
1655964460267,MATH 109,B02,083216,Ganzberger; Geoffrey Michael,0,0,32,32
1655964460267,MATH 109,B03,093479,Staff,4,0,32,28
1655964466294,MATH 142A,A01,083219,Chow; Bennett,0,0,32,32
1655964466294,MATH 142A,A02,083220,Chow; Bennett,7,0,32,25
1655964466294,MATH 142A,A03,093480,Staff,4,0,32,28
1655964466294,MATH 142A,B03,093481,Staff,3,0,32,29
1655964466294,MATH 142A,B04,093558,Staff,6,0,32,26
1655964466294,MATH 142A,B05,093559,Staff,0,0,32,32
1655964472323,MATH 193A,A01,083224,Rotar; Vladimir,1,1,34,33
1655964472323,MATH 193A,A02,083225,Rotar; Vladimir,0,0,34,34
1655964472323,MATH 193A,A03,083781,Rotar; Vladimir,2,0,34,32
1655964472323,MATH 193A,A04,083782,Rotar; Vladimir,3,0,34,31
1655964472323,MATH 193A,A05,093482,Rotar; Vladimir,0,0,34,34
1655964478346,MATH 197,001,091859,McAuley; Julian John,9999,0,9999,0
1655964478346,MATH 197,002,095566,Kedlaya; Kiran S.,9997,0,9999,2
1655964478346,MATH 197,003,095567,Xiao; Ming,9999,0,9999,0
1655964478346,MATH 197,004,095571,Perols; Johan Lars,9998,0,9999,1
1655964485410,COGS 9,A01,083615,Shannon; Kyle Michael,3,1,75,72
1655964491433,COGS 11,A01,083617,Boyle; Mary E. T.,11,1,48,37
1655964497461,COGS 13,A01,083071,Bastos; Amalia Pinkusfeld,3,2,71,68
1655964503483,COGS 14A,A01,092681,Staff,3,25,100,97
1655964509514,COGS 14B,A01,083073,Cheng; Tzu-Han,7,0,63,56
1655964515538,COGS 17,A01,092677,Staff,8,7,81,73
1655964521564,COGS 100,A01,083619,Allen; Michael Gordon,2,2,70,68
1655964527592,COGS 101A,A01,083621,Davis; Joshua Daniel,4,3,68,64
1655964533620,COGS 101B,A01,091572,Allen; Michael Gordon,0,0,65,65
1655964539647,COGS 101C,A01,083625,Delgado; Tania,7,0,35,28
1655964545674,COGS 107A,A01,083627,Boyle; Mary E. T.,1,2,60,59
1655964551696,COGS 118A,A01,083075,Gupta; Anjum,21,16,76,55
1655964557720,CSE 3,A50,083646,Miranda; Gregory Joseph,14,0,50,36
1655964563834,CSE 8A,A50,083650,Miranda; Gregory Joseph,3,11,56,53
1655964569859,CSE 11,A01,083080,Cao; Yingjun,0,65,40,40
1655964575886,CSE 12,A01,083652,Krause-Levy; Sophia Louisa,6,8,120,114
1655964581909,CSE 15L,A01,083654,Morris; Justin Loren,3,1,50,47
1655964581909,CSE 15L,A02,083655,Morris; Justin Loren,1,1,50,49
1655964587936,CSE 20,A01,083657,Tran; Khoa Dang,29,0,80,51
1655964593971,CSE 21,A01,095574,Bach; Quang Tran,23,0,48,25
1655964600005,CSE 30,A01,083084,Eldon; John,2,10,80,78
1655964600005,CSE 30,B01,095061,Bhaskar; Nishant,0,4,50,50
1655964606033,CSE 100,A01,083659,Cao; Yingjun,2,25,70,68
1655964612060,CSE 134B,A01,083661,Powell; Thomas Allan,5,7,100,95
1655964618085,CSE 140,A01,083663,Gungor; Onat,5,0,85,80
1655964624109,CSE 140L,A01,083088,Eldon; John,5,0,100,95
1655964630133,CSE 175,A01,083665,Kumar; Rakesh,1,0,25,24
1655964636158,CSE 190,A00,092507,Dubnov; Shlomo,1,0,20,19
1655964642187,ECE 45,A01,083139,Congero; Spencer William,0,1,75,75
1655964648212,ECE 65,A50,083695,Saad; Andrew S,6,0,30,24
1655964648212,ECE 65,A51,095125,Staff,23,0,26,3
1655964654236,ECE 109,A01,091882,Touri; Behrouz,2,4,70,68
1655964660265,ECE 180,A00,083140,Abi Samra; Nicholas Camill,1,0,30,29
1655964660265,ECE 180,B00,083141,Abi Samra; Nicholas Camill,0,8,28,28
1655964666289,MATH 10A,A01,083735,Patchell; Gregory David,0,0,30,30
1655964666289,MATH 10A,A02,083736,Patchell; Gregory David,21,0,30,9
1655964666289,MATH 10A,A03,083737,Patchell; Gregory David,16,0,30,14
1655964672313,MATH 10B,A01,083207,Lim; Seonhee,1,1,34,33
1655964672313,MATH 10B,A02,083208,Lim; Seonhee,1,1,35,34
1655964672313,MATH 10B,A03,093472,Staff,1,0,34,33
1655964672313,MATH 10B,B01,083739,Sinha; Shubham,9,0,30,21
1655964678340,MATH 18,A01,083743,Cinel; Cameron Alexander,4,0,30,26
1655964678340,MATH 18,A02,083744,Cinel; Cameron Alexander,11,0,30,19
1655964678340,MATH 18,A03,083745,Cinel; Cameron Alexander,1,0,30,29
1655964678340,MATH 18,B01,083748,Ma; Zilu,2,0,36,34
1655964678340,MATH 18,B02,083749,Ma; Zilu,0,0,36,36
1655964678340,MATH 18,B03,083750,Ma; Zilu,0,0,36,36
1655964678340,MATH 18,B04,083751,Ma; Zilu,0,0,36,36
1655964678340,MATH 18,B05,093473,Staff,0,0,36,36
1655964678340,MATH 18,B06,093474,Staff,1,0,36,35
1655964684364,MATH 20A,A01,083754,Zheng; Zequn,10,0,40,30
1655964690393,MATH 20B,A01,083756,Briones; Jor-el Thomas Caparas,0,1,36,36
1655964690393,MATH 20B,A02,083757,Briones; Jor-el Thomas Caparas,1,0,36,35
1655964690393,MATH 20B,A03,093475,Staff,1,0,36,35
1655964696431,MATH 20C,A01,083760,Briones; Jor-el Thomas Caparas,0,2,35,35
1655964696431,MATH 20C,A02,083761,Briones; Jor-el Thomas Caparas,6,1,35,29
1655964696431,MATH 20C,A03,093476,Staff,1,0,35,34
1655964696431,MATH 20C,B01,083762,Bach; Quang Tran,3,0,30,27
1655964702458,MATH 20D,A01,083765,Tran; Brian Kha,1,0,30,29
1655964702458,MATH 20D,A02,083766,Tran; Brian Kha,0,1,30,30
1655964702458,MATH 20D,A03,083767,Tran; Brian Kha,1,0,30,29
1655964708501,MATH 20E,A01,083771,Ganguly; Soumya,0,0,32,32
1655964708501,MATH 20E,A02,083772,Ganguly; Soumya,1,1,32,31
1655964708501,MATH 20E,B01,083773,Ciotti; Benjamin,14,0,35,21
1655964708501,MATH 20E,B02,083774,Ciotti; Benjamin,12,0,35,23
1655964714530,MATH 103A,A01,083777,Greenfeld; Be'Eri,2,1,36,34
1655964714530,MATH 103A,A02,083778,Greenfeld; Be'Eri,2,0,36,34
1655964714530,MATH 103A,A03,093561,Staff,0,1,36,36
1655964714530,MATH 103A,B01,083779,Greenfeld; Be'Eri,7,1,36,29
1655964714530,MATH 103A,B02,083780,Greenfeld; Be'Eri,1,0,36,35
1655964714530,MATH 103A,B03,093562,Staff,0,0,36,36
1655964720560,MATH 105,A01,085443,Carter; Anne Toulson,3,1,35,32
1655964720560,MATH 105,A02,093477,Staff,8,0,35,27
1655964726583,MATH 109,A01,083213,Ganzberger; Geoffrey Michael,0,1,34,34
1655964726583,MATH 109,A02,083214,Ganzberger; Geoffrey Michael,0,0,34,34
1655964726583,MATH 109,A03,093478,Staff,1,0,34,33
1655964726583,MATH 109,B01,083215,Ganzberger; Geoffrey Michael,2,0,32,30
1655964726583,MATH 109,B02,083216,Ganzberger; Geoffrey Michael,0,0,32,32
1655964726583,MATH 109,B03,093479,Staff,4,0,32,28
1655964732613,MATH 142A,A01,083219,Chow; Bennett,0,0,32,32
1655964732613,MATH 142A,A02,083220,Chow; Bennett,7,0,32,25
1655964732613,MATH 142A,A03,093480,Staff,4,0,32,28
1655964732613,MATH 142A,B03,093481,Staff,3,0,32,29
1655964732613,MATH 142A,B04,093558,Staff,6,0,32,26
1655964732613,MATH 142A,B05,093559,Staff,0,0,32,32
1655964738641,MATH 193A,A01,083224,Rotar; Vladimir,1,1,34,33
1655964738641,MATH 193A,A02,083225,Rotar; Vladimir,0,0,34,34
1655964738641,MATH 193A,A03,083781,Rotar; Vladimir,2,0,34,32
1655964738641,MATH 193A,A04,083782,Rotar; Vladimir,3,0,34,31
1655964738641,MATH 193A,A05,093482,Rotar; Vladimir,0,0,34,34
1655964744664,MATH 197,001,091859,McAuley; Julian John,9999,0,9999,0
1655964744664,MATH 197,002,095566,Kedlaya; Kiran S.,9997,0,9999,2
1655964744664,MATH 197,003,095567,Xiao; Ming,9999,0,9999,0
1655964744664,MATH 197,004,095571,Perols; Johan Lars,9998,0,9999,1
1655964751726,COGS 9,A01,083615,Shannon; Kyle Michael,3,1,75,72
1655964757753,COGS 11,A01,083617,Boyle; Mary E. T.,11,1,48,37
1655964763781,COGS 13,A01,083071,Bastos; Amalia Pinkusfeld,3,2,71,68
1655964769804,COGS 14A,A01,092681,Staff,3,25,100,97
1655964775833,COGS 14B,A01,083073,Cheng; Tzu-Han,7,0,63,56
1655964781861,COGS 17,A01,092677,Staff,8,7,81,73
1655964787884,COGS 100,A01,083619,Allen; Michael Gordon,2,2,70,68
1655964793911,COGS 101A,A01,083621,Davis; Joshua Daniel,4,3,68,64
1655964799939,COGS 101B,A01,091572,Allen; Michael Gordon,0,0,65,65
1655964805962,COGS 101C,A01,083625,Delgado; Tania,7,0,35,28
1655964811986,COGS 107A,A01,083627,Boyle; Mary E. T.,1,2,60,59
1655964818012,COGS 118A,A01,083075,Gupta; Anjum,21,16,76,55
1655964824036,CSE 3,A50,083646,Miranda; Gregory Joseph,14,0,50,36
1655964830060,CSE 8A,A50,083650,Miranda; Gregory Joseph,3,11,56,53
1655964836085,CSE 11,A01,083080,Cao; Yingjun,0,65,40,40
1655964842107,CSE 12,A01,083652,Krause-Levy; Sophia Louisa,6,8,120,114
1655964848129,CSE 15L,A01,083654,Morris; Justin Loren,3,1,50,47
1655964848129,CSE 15L,A02,083655,Morris; Justin Loren,1,1,50,49
1655964854153,CSE 20,A01,083657,Tran; Khoa Dang,29,0,80,51
1655964860175,CSE 21,A01,095574,Bach; Quang Tran,23,0,48,25
1655964866199,CSE 30,A01,083084,Eldon; John,2,10,80,78
1655964866199,CSE 30,B01,095061,Bhaskar; Nishant,0,4,50,50
1655964872223,CSE 100,A01,083659,Cao; Yingjun,2,25,70,68
1655964878246,CSE 134B,A01,083661,Powell; Thomas Allan,5,7,100,95
1655964884270,CSE 140,A01,083663,Gungor; Onat,5,0,85,80
1655964890298,CSE 140L,A01,083088,Eldon; John,5,0,100,95
1655964896323,CSE 175,A01,083665,Kumar; Rakesh,1,0,25,24
1655964902354,CSE 190,A00,092507,Dubnov; Shlomo,1,0,20,19
1655964908380,ECE 45,A01,083139,Congero; Spencer William,0,1,75,75
1655964914404,ECE 65,A50,083695,Saad; Andrew S,6,0,30,24
1655964914404,ECE 65,A51,095125,Staff,23,0,26,3
1655964920430,ECE 109,A01,091882,Touri; Behrouz,2,4,70,68
1655964926453,ECE 180,A00,083140,Abi Samra; Nicholas Camill,1,0,30,29
1655964926453,ECE 180,B00,083141,Abi Samra; Nicholas Camill,0,8,28,28
1655964932480,MATH 10A,A01,083735,Patchell; Gregory David,0,0,30,30
1655964932480,MATH 10A,A02,083736,Patchell; Gregory David,21,0,30,9
1655964932480,MATH 10A,A03,083737,Patchell; Gregory David,16,0,30,14
1655964938503,MATH 10B,A01,083207,Lim; Seonhee,1,1,34,33
1655964938503,MATH 10B,A02,083208,Lim; Seonhee,1,1,35,34
1655964938503,MATH 10B,A03,093472,Staff,1,0,34,33
1655964938503,MATH 10B,B01,083739,Sinha; Shubham,9,0,30,21
1655964944548,MATH 18,A01,083743,Cinel; Cameron Alexander,4,0,30,26
1655964944548,MATH 18,A02,083744,Cinel; Cameron Alexander,11,0,30,19
1655964944548,MATH 18,A03,083745,Cinel; Cameron Alexander,1,0,30,29
1655964944548,MATH 18,B01,083748,Ma; Zilu,2,0,36,34
1655964944548,MATH 18,B02,083749,Ma; Zilu,0,0,36,36
1655964944548,MATH 18,B03,083750,Ma; Zilu,0,0,36,36
1655964944548,MATH 18,B04,083751,Ma; Zilu,0,0,36,36
1655964944548,MATH 18,B05,093473,Staff,0,0,36,36
1655964944548,MATH 18,B06,093474,Staff,1,0,36,35
1655964950570,MATH 20A,A01,083754,Zheng; Zequn,10,0,40,30
1655964956593,MATH 20B,A01,083756,Briones; Jor-el Thomas Caparas,0,1,36,36
1655964956593,MATH 20B,A02,083757,Briones; Jor-el Thomas Caparas,1,0,36,35
1655964956593,MATH 20B,A03,093475,Staff,0,0,36,36
1655964962617,MATH 20C,A01,083760,Briones; Jor-el Thomas Caparas,0,2,35,35
1655964962617,MATH 20C,A02,083761,Briones; Jor-el Thomas Caparas,6,1,35,29
1655964962617,MATH 20C,A03,093476,Staff,1,0,35,34
1655964962617,MATH 20C,B01,083762,Bach; Quang Tran,3,0,30,27
1655964968641,MATH 20D,A01,083765,Tran; Brian Kha,1,0,30,29
1655964968641,MATH 20D,A02,083766,Tran; Brian Kha,0,1,30,30
1655964968641,MATH 20D,A03,083767,Tran; Brian Kha,1,0,30,29
1655964974664,MATH 20E,A01,083771,Ganguly; Soumya,0,0,32,32
1655964974664,MATH 20E,A02,083772,Ganguly; Soumya,1,1,32,31
1655964974664,MATH 20E,B01,083773,Ciotti; Benjamin,14,0,35,21
1655964974664,MATH 20E,B02,083774,Ciotti; Benjamin,12,0,35,23
1655964980690,MATH 103A,A01,083777,Greenfeld; Be'Eri,2,1,36,34
1655964980690,MATH 103A,A02,083778,Greenfeld; Be'Eri,2,0,36,34
1655964980690,MATH 103A,A03,093561,Staff,0,1,36,36
1655964980690,MATH 103A,B01,083779,Greenfeld; Be'Eri,7,1,36,29
1655964980690,MATH 103A,B02,083780,Greenfeld; Be'Eri,1,0,36,35
1655964980690,MATH 103A,B03,093562,Staff,0,0,36,36
1655964986714,MATH 105,A01,085443,Carter; Anne Toulson,3,1,35,32
1655964986714,MATH 105,A02,093477,Staff,8,0,35,27
1655964992744,MATH 109,A01,083213,Ganzberger; Geoffrey Michael,0,1,34,34
1655964992744,MATH 109,A02,083214,Ganzberger; Geoffrey Michael,0,0,34,34
1655964992744,MATH 109,A03,093478,Staff,1,0,34,33
1655964992744,MATH 109,B01,083215,Ganzberger; Geoffrey Michael,2,0,32,30
1655964992744,MATH 109,B02,083216,Ganzberger; Geoffrey Michael,0,0,32,32
1655964992744,MATH 109,B03,093479,Staff,4,0,32,28
1655964998769,MATH 142A,A01,083219,Chow; Bennett,0,0,32,32
1655964998769,MATH 142A,A02,083220,Chow; Bennett,7,0,32,25
1655964998769,MATH 142A,A03,093480,Staff,4,0,32,28
1655964998769,MATH 142A,B03,093481,Staff,3,0,32,29
1655964998769,MATH 142A,B04,093558,Staff,6,0,32,26
1655964998769,MATH 142A,B05,093559,Staff,0,0,32,32
1655965004798,MATH 193A,A01,083224,Rotar; Vladimir,1,1,34,33
1655965004798,MATH 193A,A02,083225,Rotar; Vladimir,0,0,34,34
1655965004798,MATH 193A,A03,083781,Rotar; Vladimir,2,0,34,32
1655965004798,MATH 193A,A04,083782,Rotar; Vladimir,3,0,34,31
1655965004798,MATH 193A,A05,093482,Rotar; Vladimir,0,0,34,34
1655965010829,MATH 197,001,091859,McAuley; Julian John,9999,0,9999,0
1655965010829,MATH 197,002,095566,Kedlaya; Kiran S.,9997,0,9999,2
1655965010829,MATH 197,003,095567,Xiao; Ming,9999,0,9999,0
1655965010829,MATH 197,004,095571,Perols; Johan Lars,9998,0,9999,1
1655965017891,COGS 9,A01,083615,Shannon; Kyle Michael,3,1,75,72
1655965023915,COGS 11,A01,083617,Boyle; Mary E. T.,11,1,48,37
1655965029938,COGS 13,A01,083071,Bastos; Amalia Pinkusfeld,3,2,71,68
1655965035963,COGS 14A,A01,092681,Staff,3,25,100,97
1655965041985,COGS 14B,A01,083073,Cheng; Tzu-Han,7,0,63,56
1655965048012,COGS 17,A01,092677,Staff,8,7,81,73
1655965054040,COGS 100,A01,083619,Allen; Michael Gordon,2,2,70,68
1655965060064,COGS 101A,A01,083621,Davis; Joshua Daniel,4,3,68,64
1655965066089,COGS 101B,A01,091572,Allen; Michael Gordon,0,0,65,65
1655965072113,COGS 101C,A01,083625,Delgado; Tania,7,0,35,28
1655965078136,COGS 107A,A01,083627,Boyle; Mary E. T.,1,2,60,59
1655965084160,COGS 118A,A01,083075,Gupta; Anjum,21,16,76,55
1655965090185,CSE 3,A50,083646,Miranda; Gregory Joseph,14,0,50,36
1655965096214,CSE 8A,A50,083650,Miranda; Gregory Joseph,3,11,56,53
1655965102236,CSE 11,A01,083080,Cao; Yingjun,0,65,40,40
1655965108263,CSE 12,A01,083652,Krause-Levy; Sophia Louisa,6,8,120,114
1655965114291,CSE 15L,A01,083654,Morris; Justin Loren,3,1,50,47
1655965114291,CSE 15L,A02,083655,Morris; Justin Loren,1,1,50,49
1655965120323,CSE 20,A01,083657,Tran; Khoa Dang,29,0,80,51
1655965126344,CSE 21,A01,095574,Bach; Quang Tran,23,0,48,25
1655965132373,CSE 30,A01,083084,Eldon; John,2,10,80,78
1655965132373,CSE 30,B01,095061,Bhaskar; Nishant,0,4,50,50
1655965138410,CSE 100,A01,083659,Cao; Yingjun,2,25,70,68
1655965144436,CSE 134B,A01,083661,Powell; Thomas Allan,5,7,100,95
1655965150457,CSE 140,A01,083663,Gungor; Onat,5,0,85,80
1655965156484,CSE 140L,A01,083088,Eldon; John,5,0,100,95
1655965162595,CSE 175,A01,083665,Kumar; Rakesh,1,0,25,24
1655965168619,CSE 190,A00,092507,Dubnov; Shlomo,1,0,20,19
1655965174646,ECE 45,A01,083139,Congero; Spencer William,0,1,75,75
1655965180675,ECE 65,A50,083695,Saad; Andrew S,6,0,30,24
1655965180675,ECE 65,A51,095125,Staff,23,0,26,3
1655965186697,ECE 109,A01,091882,Touri; Behrouz,2,4,70,68
1655965192721,ECE 180,A00,083140,Abi Samra; Nicholas Camill,1,0,30,29
1655965192721,ECE 180,B00,083141,Abi Samra; Nicholas Camill,0,8,28,28
1655965198743,MATH 10A,A01,083735,Patchell; Gregory David,0,0,30,30
1655965198743,MATH 10A,A02,083736,Patchell; Gregory David,21,0,30,9
1655965198743,MATH 10A,A03,083737,Patchell; Gregory David,16,0,30,14
1655965204772,MATH 10B,A01,083207,Lim; Seonhee,1,1,34,33
1655965204772,MATH 10B,A02,083208,Lim; Seonhee,1,1,35,34
1655965204772,MATH 10B,A03,093472,Staff,1,0,34,33
1655965204772,MATH 10B,B01,083739,Sinha; Shubham,9,0,30,21
1655965210801,MATH 18,A01,083743,Cinel; Cameron Alexander,4,0,30,26
1655965210801,MATH 18,A02,083744,Cinel; Cameron Alexander,11,0,30,19
1655965210801,MATH 18,A03,083745,Cinel; Cameron Alexander,1,0,30,29
1655965210801,MATH 18,B01,083748,Ma; Zilu,2,0,36,34
1655965210801,MATH 18,B02,083749,Ma; Zilu,0,0,36,36
1655965210801,MATH 18,B03,083750,Ma; Zilu,0,0,36,36
1655965210801,MATH 18,B04,083751,Ma; Zilu,0,0,36,36
1655965210801,MATH 18,B05,093473,Staff,0,0,36,36
1655965210801,MATH 18,B06,093474,Staff,1,0,36,35
1655965216825,MATH 20A,A01,083754,Zheng; Zequn,10,0,40,30
1655965222850,MATH 20B,A01,083756,Briones; Jor-el Thomas Caparas,0,1,36,36
1655965222850,MATH 20B,A02,083757,Briones; Jor-el Thomas Caparas,1,0,36,35
1655965222850,MATH 20B,A03,093475,Staff,0,0,36,36
1655965228886,MATH 20C,A01,083760,Briones; Jor-el Thomas Caparas,0,2,35,35
1655965228886,MATH 20C,A02,083761,Briones; Jor-el Thomas Caparas,6,1,35,29
1655965228886,MATH 20C,A03,093476,Staff,1,0,35,34
1655965228886,MATH 20C,B01,083762,Bach; Quang Tran,3,0,30,27
1655965234910,MATH 20D,A01,083765,Tran; Brian Kha,1,0,30,29
1655965234910,MATH 20D,A02,083766,Tran; Brian Kha,0,1,30,30
1655965234910,MATH 20D,A03,083767,Tran; Brian Kha,1,0,30,29
1655965240941,MATH 20E,A01,083771,Ganguly; Soumya,0,0,32,32
1655965240941,MATH 20E,A02,083772,Ganguly; Soumya,1,1,32,31
1655965240941,MATH 20E,B01,083773,Ciotti; Benjamin,14,0,35,21
1655965240941,MATH 20E,B02,083774,Ciotti; Benjamin,12,0,35,23
1655965246970,MATH 103A,A01,083777,Greenfeld; Be'Eri,2,1,36,34
1655965246970,MATH 103A,A02,083778,Greenfeld; Be'Eri,2,0,36,34
1655965246970,MATH 103A,A03,093561,Staff,0,1,36,36
1655965246970,MATH 103A,B01,083779,Greenfeld; Be'Eri,7,1,36,29
1655965246970,MATH 103A,B02,083780,Greenfeld; Be'Eri,1,0,36,35
1655965246970,MATH 103A,B03,093562,Staff,0,0,36,36
1655965252994,MATH 105,A01,085443,Carter; Anne Toulson,3,1,35,32
1655965252994,MATH 105,A02,093477,Staff,8,0,35,27
1655965259019,MATH 109,A01,083213,Ganzberger; Geoffrey Michael,0,1,34,34
1655965259019,MATH 109,A02,083214,Ganzberger; Geoffrey Michael,0,0,34,34
1655965259019,MATH 109,A03,093478,Staff,1,0,34,33
1655965259019,MATH 109,B01,083215,Ganzberger; Geoffrey Michael,2,0,32,30
1655965259019,MATH 109,B02,083216,Ganzberger; Geoffrey Michael,0,0,32,32
1655965259019,MATH 109,B03,093479,Staff,4,0,32,28
1655965265049,MATH 142A,A01,083219,Chow; Bennett,0,0,32,32
1655965265049,MATH 142A,A02,083220,Chow; Bennett,7,0,32,25
1655965265049,MATH 142A,A03,093480,Staff,4,0,32,28
1655965265049,MATH 142A,B03,093481,Staff,3,0,32,29
1655965265049,MATH 142A,B04,093558,Staff,6,0,32,26
1655965265049,MATH 142A,B05,093559,Staff,0,0,32,32
1655965271074,MATH 193A,A01,083224,Rotar; Vladimir,1,1,34,33
1655965271074,MATH 193A,A02,083225,Rotar; Vladimir,0,0,34,34
1655965271074,MATH 193A,A03,083781,Rotar; Vladimir,2,0,34,32
1655965271074,MATH 193A,A04,083782,Rotar; Vladimir,3,0,34,31
1655965271074,MATH 193A,A05,093482,Rotar; Vladimir,0,0,34,34
1655965277101,MATH 197,001,091859,McAuley; Julian John,9999,0,9999,0
1655965277101,MATH 197,002,095566,Kedlaya; Kiran S.,9997,0,9999,2
1655965277101,MATH 197,003,095567,Xiao; Ming,9999,0,9999,0
1655965277101,MATH 197,004,095571,Perols; Johan Lars,9998,0,9999,1
1655965284166,COGS 9,A01,083615,Shannon; Kyle Michael,3,1,75,72
1655965290195,COGS 11,A01,083617,Boyle; Mary E. T.,11,1,48,37
1655965296220,COGS 13,A01,083071,Bastos; Amalia Pinkusfeld,3,2,71,68
1655965302246,COGS 14A,A01,092681,Staff,3,25,100,97
1655965308270,COGS 14B,A01,083073,Cheng; Tzu-Han,7,0,63,56
1655965314299,COGS 17,A01,092677,Staff,8,7,81,73
1655965320326,COGS 100,A01,083619,Allen; Michael Gordon,2,2,70,68
1655965326348,COGS 101A,A01,083621,Davis; Joshua Daniel,4,3,68,64
1655965332379,COGS 101B,A01,091572,Allen; Michael Gordon,0,0,65,65
1655965338401,COGS 101C,A01,083625,Delgado; Tania,7,0,35,28
1655965344424,COGS 107A,A01,083627,Boyle; Mary E. T.,1,2,60,59
1655965350455,COGS 118A,A01,083075,Gupta; Anjum,21,16,76,55
1655965356484,CSE 3,A50,083646,Miranda; Gregory Joseph,14,0,50,36
1655965362513,CSE 8A,A50,083650,Miranda; Gregory Joseph,3,11,56,53
1655965368536,CSE 11,A01,083080,Cao; Yingjun,0,65,40,40
1655965374564,CSE 12,A01,083652,Krause-Levy; Sophia Louisa,6,8,120,114
1655965380592,CSE 15L,A01,083654,Morris; Justin Loren,3,1,50,47
1655965380592,CSE 15L,A02,083655,Morris; Justin Loren,1,1,50,49
1655965386615,CSE 20,A01,083657,Tran; Khoa Dang,29,0,80,51
1655965392640,CSE 21,A01,095574,Bach; Quang Tran,23,0,48,25
1655965398674,CSE 30,A01,083084,Eldon; John,2,10,80,78
1655965398674,CSE 30,B01,095061,Bhaskar; Nishant,0,4,50,50
1655965404701,CSE 100,A01,083659,Cao; Yingjun,2,25,70,68
1655965410730,CSE 134B,A01,083661,Powell; Thomas Allan,5,7,100,95
1655965416751,CSE 140,A01,083663,Gungor; Onat,5,0,85,80
1655965422774,CSE 140L,A01,083088,Eldon; John,5,0,100,95
1655965428799,CSE 175,A01,083665,Kumar; Rakesh,1,0,25,24
1655965434825,CSE 190,A00,092507,Dubnov; Shlomo,1,0,20,19
1655965440853,ECE 45,A01,083139,Congero; Spencer William,0,1,75,75
1655965446877,ECE 65,A50,083695,Saad; Andrew S,6,0,30,24
1655965446877,ECE 65,A51,095125,Staff,23,0,26,3
1655965452901,ECE 109,A01,091882,Touri; Behrouz,2,4,70,68
1655965458925,ECE 180,A00,083140,Abi Samra; Nicholas Camill,1,0,30,29
1655965458925,ECE 180,B00,083141,Abi Samra; Nicholas Camill,0,8,28,28
1655965464955,MATH 10A,A01,083735,Patchell; Gregory David,0,0,30,30
1655965464955,MATH 10A,A02,083736,Patchell; Gregory David,21,0,30,9
1655965464955,MATH 10A,A03,083737,Patchell; Gregory David,16,0,30,14
1655965470979,MATH 10B,A01,083207,Lim; Seonhee,1,1,34,33
1655965470979,MATH 10B,A02,083208,Lim; Seonhee,1,1,35,34
1655965470979,MATH 10B,A03,093472,Staff,1,0,34,33
1655965470979,MATH 10B,B01,083739,Sinha; Shubham,9,0,30,21
1655965477005,MATH 18,A01,083743,Cinel; Cameron Alexander,4,0,30,26
1655965477005,MATH 18,A02,083744,Cinel; Cameron Alexander,11,0,30,19
1655965477005,MATH 18,A03,083745,Cinel; Cameron Alexander,1,0,30,29
1655965477005,MATH 18,B01,083748,Ma; Zilu,2,0,36,34
1655965477005,MATH 18,B02,083749,Ma; Zilu,0,0,36,36
1655965477005,MATH 18,B03,083750,Ma; Zilu,0,0,36,36
1655965477005,MATH 18,B04,083751,Ma; Zilu,0,0,36,36
1655965477005,MATH 18,B05,093473,Staff,0,0,36,36
1655965477005,MATH 18,B06,093474,Staff,1,0,36,35
1655965483028,MATH 20A,A01,083754,Zheng; Zequn,10,0,40,30
1655965489055,MATH 20B,A01,083756,Briones; Jor-el Thomas Caparas,0,1,36,36
1655965489055,MATH 20B,A02,083757,Briones; Jor-el Thomas Caparas,1,0,36,35
1655965489055,MATH 20B,A03,093475,Staff,0,0,36,36
1655965495080,MATH 20C,A01,083760,Briones; Jor-el Thomas Caparas,0,2,35,35
1655965495080,MATH 20C,A02,083761,Briones; Jor-el Thomas Caparas,6,1,35,29
1655965495080,MATH 20C,A03,093476,Staff,1,0,35,34
1655965495080,MATH 20C,B01,083762,Bach; Quang Tran,3,0,30,27
1655965501113,MATH 20D,A01,083765,Tran; Brian Kha,1,0,30,29
1655965501113,MATH 20D,A02,083766,Tran; Brian Kha,0,1,30,30
1655965501113,MATH 20D,A03,083767,Tran; Brian Kha,1,0,30,29
1655965507141,MATH 20E,A01,083771,Ganguly; Soumya,0,0,32,32
1655965507141,MATH 20E,A02,083772,Ganguly; Soumya,1,1,32,31
1655965507141,MATH 20E,B01,083773,Ciotti; Benjamin,14,0,35,21
1655965507141,MATH 20E,B02,083774,Ciotti; Benjamin,12,0,35,23
1655965513172,MATH 103A,A01,083777,Greenfeld; Be'Eri,2,1,36,34
1655965513172,MATH 103A,A02,083778,Greenfeld; Be'Eri,2,0,36,34
1655965513172,MATH 103A,A03,093561,Staff,0,1,36,36
1655965513172,MATH 103A,B01,083779,Greenfeld; Be'Eri,7,1,36,29
1655965513172,MATH 103A,B02,083780,Greenfeld; Be'Eri,1,0,36,35
1655965513172,MATH 103A,B03,093562,Staff,0,0,36,36
1655965519200,MATH 105,A01,085443,Carter; Anne Toulson,3,1,35,32
1655965519200,MATH 105,A02,093477,Staff,8,0,35,27
1655965525225,MATH 109,A01,083213,Ganzberger; Geoffrey Michael,0,1,34,34
1655965525225,MATH 109,A02,083214,Ganzberger; Geoffrey Michael,0,0,34,34
1655965525225,MATH 109,A03,093478,Staff,1,0,34,33
1655965525225,MATH 109,B01,083215,Ganzberger; Geoffrey Michael,2,0,32,30
1655965525225,MATH 109,B02,083216,Ganzberger; Geoffrey Michael,0,0,32,32
1655965525225,MATH 109,B03,093479,Staff,4,0,32,28
1655965531253,MATH 142A,A01,083219,Chow; Bennett,0,0,32,32
1655965531253,MATH 142A,A02,083220,Chow; Bennett,7,0,32,25
1655965531253,MATH 142A,A03,093480,Staff,4,0,32,28
1655965531253,MATH 142A,B03,093481,Staff,3,0,32,29
1655965531253,MATH 142A,B04,093558,Staff,6,0,32,26
1655965531253,MATH 142A,B05,093559,Staff,0,0,32,32
1655965537283,MATH 193A,A01,083224,Rotar; Vladimir,1,1,34,33
1655965537283,MATH 193A,A02,083225,Rotar; Vladimir,0,0,34,34
1655965537283,MATH 193A,A03,083781,Rotar; Vladimir,2,0,34,32
1655965537283,MATH 193A,A04,083782,Rotar; Vladimir,3,0,34,31
1655965537283,MATH 193A,A05,093482,Rotar; Vladimir,0,0,34,34
1655965543305,MATH 197,001,091859,McAuley; Julian John,9999,0,9999,0
1655965543305,MATH 197,002,095566,Kedlaya; Kiran S.,9997,0,9999,2
1655965543305,MATH 197,003,095567,Xiao; Ming,9999,0,9999,0
1655965543305,MATH 197,004,095571,Perols; Johan Lars,9998,0,9999,1
1655965550369,COGS 9,A01,083615,Shannon; Kyle Michael,3,1,75,72
1655965556392,COGS 11,A01,083617,Boyle; Mary E. T.,11,1,48,37
1655965562416,COGS 13,A01,083071,Bastos; Amalia Pinkusfeld,3,2,71,68
1655965568440,COGS 14A,A01,092681,Staff,3,25,100,97
1655965574473,COGS 14B,A01,083073,Cheng; Tzu-Han,7,0,63,56
1655965580507,COGS 17,A01,092677,Staff,8,7,81,73
1655965586534,COGS 100,A01,083619,Allen; Michael Gordon,2,2,70,68
1655965592561,COGS 101A,A01,083621,Davis; Joshua Daniel,4,3,68,64
1655965598585,COGS 101B,A01,091572,Allen; Michael Gordon,0,0,65,65
1655965604608,COGS 101C,A01,083625,Delgado; Tania,7,0,35,28
1655965610635,COGS 107A,A01,083627,Boyle; Mary E. T.,1,2,60,59
1655965616659,COGS 118A,A01,083075,Gupta; Anjum,21,16,76,55
1655965622683,CSE 3,A50,083646,Miranda; Gregory Joseph,14,0,50,36
1655965628710,CSE 8A,A50,083650,Miranda; Gregory Joseph,3,11,56,53
1655965634734,CSE 11,A01,083080,Cao; Yingjun,0,65,40,40
1655965640762,CSE 12,A01,083652,Krause-Levy; Sophia Louisa,6,8,120,114
1655965646788,CSE 15L,A01,083654,Morris; Justin Loren,3,1,50,47
1655965646788,CSE 15L,A02,083655,Morris; Justin Loren,1,1,50,49
1655965652815,CSE 20,A01,083657,Tran; Khoa Dang,29,0,80,51
1655965658842,CSE 21,A01,095574,Bach; Quang Tran,23,0,48,25
1655965664869,CSE 30,A01,083084,Eldon; John,2,10,80,78
1655965664869,CSE 30,B01,095061,Bhaskar; Nishant,0,4,50,50
1655965670892,CSE 100,A01,083659,Cao; Yingjun,2,25,70,68
1655965676915,CSE 134B,A01,083661,Powell; Thomas Allan,5,7,100,95
1655965682943,CSE 140,A01,083663,Gungor; Onat,5,0,85,80
1655965688966,CSE 140L,A01,083088,Eldon; John,5,0,100,95
1655965695008,CSE 175,A01,083665,Kumar; Rakesh,1,0,25,24
1655965701033,CSE 190,A00,092507,Dubnov; Shlomo,1,0,20,19
1655965707062,ECE 45,A01,083139,Congero; Spencer William,0,1,75,75
1655965713090,ECE 65,A50,083695,Saad; Andrew S,6,0,30,24
1655965713090,ECE 65,A51,095125,Staff,23,0,26,3
1655965719113,ECE 109,A01,091882,Touri; Behrouz,2,4,70,68
1655965725137,ECE 180,A00,083140,Abi Samra; Nicholas Camill,1,0,30,29
1655965725137,ECE 180,B00,083141,Abi Samra; Nicholas Camill,0,8,28,28
1655965731167,MATH 10A,A01,083735,Patchell; Gregory David,0,0,30,30
1655965731167,MATH 10A,A02,083736,Patchell; Gregory David,21,0,30,9
1655965731167,MATH 10A,A03,083737,Patchell; Gregory David,16,0,30,14
1655965737192,MATH 10B,A01,083207,Lim; Seonhee,1,1,34,33
1655965737192,MATH 10B,A02,083208,Lim; Seonhee,1,1,35,34
1655965737192,MATH 10B,A03,093472,Staff,1,0,34,33
1655965737192,MATH 10B,B01,083739,Sinha; Shubham,9,0,30,21
1655965743224,MATH 18,A01,083743,Cinel; Cameron Alexander,4,0,30,26
1655965743224,MATH 18,A02,083744,Cinel; Cameron Alexander,11,0,30,19
1655965743224,MATH 18,A03,083745,Cinel; Cameron Alexander,1,0,30,29
1655965743224,MATH 18,B01,083748,Ma; Zilu,2,0,36,34
1655965743224,MATH 18,B02,083749,Ma; Zilu,0,0,36,36
1655965743224,MATH 18,B03,083750,Ma; Zilu,0,0,36,36
1655965743224,MATH 18,B04,083751,Ma; Zilu,0,0,36,36
1655965743224,MATH 18,B05,093473,Staff,0,0,36,36
1655965743224,MATH 18,B06,093474,Staff,1,0,36,35
1655965749248,MATH 20A,A01,083754,Zheng; Zequn,10,0,40,30
1655965755271,MATH 20B,A01,083756,Briones; Jor-el Thomas Caparas,0,1,36,36
1655965755271,MATH 20B,A02,083757,Briones; Jor-el Thomas Caparas,1,0,36,35
1655965755271,MATH 20B,A03,093475,Staff,0,0,36,36
1655965761366,MATH 20C,A01,083760,Briones; Jor-el Thomas Caparas,0,2,35,35
1655965761366,MATH 20C,A02,083761,Briones; Jor-el Thomas Caparas,6,1,35,29
1655965761366,MATH 20C,A03,093476,Staff,1,0,35,34
1655965761366,MATH 20C,B01,083762,Bach; Quang Tran,3,0,30,27
1655965767388,MATH 20D,A01,083765,Tran; Brian Kha,1,0,30,29
1655965767388,MATH 20D,A02,083766,Tran; Brian Kha,0,1,30,30
1655965767388,MATH 20D,A03,083767,Tran; Brian Kha,1,0,30,29
1655965773412,MATH 20E,A01,083771,Ganguly; Soumya,0,0,32,32
1655965773412,MATH 20E,A02,083772,Ganguly; Soumya,1,1,32,31
1655965773412,MATH 20E,B01,083773,Ciotti; Benjamin,14,0,35,21
1655965773412,MATH 20E,B02,083774,Ciotti; Benjamin,12,0,35,23
1655965779443,MATH 103A,A01,083777,Greenfeld; Be'Eri,2,1,36,34
1655965779443,MATH 103A,A02,083778,Greenfeld; Be'Eri,2,0,36,34
1655965779443,MATH 103A,A03,093561,Staff,0,1,36,36
1655965779443,MATH 103A,B01,083779,Greenfeld; Be'Eri,7,1,36,29
1655965779443,MATH 103A,B02,083780,Greenfeld; Be'Eri,1,0,36,35
1655965779443,MATH 103A,B03,093562,Staff,0,0,36,36
1655965785471,MATH 105,A01,085443,Carter; Anne Toulson,3,1,35,32
1655965785471,MATH 105,A02,093477,Staff,8,0,35,27
1655965791495,MATH 109,A01,083213,Ganzberger; Geoffrey Michael,0,1,34,34
1655965791495,MATH 109,A02,083214,Ganzberger; Geoffrey Michael,0,0,34,34
1655965791495,MATH 109,A03,093478,Staff,1,0,34,33
1655965791495,MATH 109,B01,083215,Ganzberger; Geoffrey Michael,2,0,32,30
1655965791495,MATH 109,B02,083216,Ganzberger; Geoffrey Michael,0,0,32,32
1655965791495,MATH 109,B03,093479,Staff,4,0,32,28
1655965797522,MATH 142A,A01,083219,Chow; Bennett,0,0,32,32
1655965797522,MATH 142A,A02,083220,Chow; Bennett,7,0,32,25
1655965797522,MATH 142A,A03,093480,Staff,4,0,32,28
1655965797522,MATH 142A,B03,093481,Staff,3,0,32,29
1655965797522,MATH 142A,B04,093558,Staff,6,0,32,26
1655965797522,MATH 142A,B05,093559,Staff,0,0,32,32
1655965803544,MATH 193A,A01,083224,Rotar; Vladimir,1,1,34,33
1655965803544,MATH 193A,A02,083225,Rotar; Vladimir,0,0,34,34
1655965803544,MATH 193A,A03,083781,Rotar; Vladimir,2,0,34,32
1655965803544,MATH 193A,A04,083782,Rotar; Vladimir,3,0,34,31
1655965803544,MATH 193A,A05,093482,Rotar; Vladimir,0,0,34,34
1655965809573,MATH 197,001,091859,McAuley; Julian John,9999,0,9999,0
1655965809573,MATH 197,002,095566,Kedlaya; Kiran S.,9997,0,9999,2
1655965809573,MATH 197,003,095567,Xiao; Ming,9999,0,9999,0
1655965809573,MATH 197,004,095571,Perols; Johan Lars,9998,0,9999,1
1655965816635,COGS 9,A01,083615,Shannon; Kyle Michael,3,1,75,72
1655965822663,COGS 11,A01,083617,Boyle; Mary E. T.,11,1,48,37
1655965828688,COGS 13,A01,083071,Bastos; Amalia Pinkusfeld,3,2,71,68
1655965834712,COGS 14A,A01,092681,Semenuks; Arturs,3,25,100,97
1655965840735,COGS 14B,A01,083073,Cheng; Tzu-Han,7,0,63,56
1655965846759,COGS 17,A01,092677,Semenuks; Arturs,8,7,81,73
1655965852783,COGS 100,A01,083619,Allen; Michael Gordon,2,2,70,68
1655965858805,COGS 101A,A01,083621,Davis; Joshua Daniel,4,3,68,64
1655965864829,COGS 101B,A01,091572,Allen; Michael Gordon,0,0,65,65
1655965870852,COGS 101C,A01,083625,Delgado; Tania,7,0,35,28
1655965876879,COGS 107A,A01,083627,Boyle; Mary E. T.,1,2,60,59
1655965882900,COGS 118A,A01,083075,Gupta; Anjum,21,16,76,55
1655965888928,CSE 3,A50,083646,Miranda; Gregory Joseph,14,0,50,36
1655965894957,CSE 8A,A50,083650,Miranda; Gregory Joseph,3,11,56,53
1655965901002,CSE 11,A01,083080,Cao; Yingjun,0,65,40,40
1655965907025,CSE 12,A01,083652,Krause-Levy; Sophia Louisa,6,8,120,114
1655965913052,CSE 15L,A01,083654,Morris; Justin Loren,3,1,50,47
1655965913052,CSE 15L,A02,083655,Morris; Justin Loren,1,1,50,49
1655965919076,CSE 20,A01,083657,Tran; Khoa Dang,29,0,80,51
1655965925099,CSE 21,A01,095574,Bach; Quang Tran,23,0,48,25
1655965931124,CSE 30,A01,083084,Eldon; John,2,10,80,78
1655965931124,CSE 30,B01,095061,Bhaskar; Nishant,0,4,50,50
1655965937155,CSE 100,A01,083659,Cao; Yingjun,2,25,70,68
1655965943179,CSE 134B,A01,083661,Powell; Thomas Allan,5,7,100,95
1655965949204,CSE 140,A01,083663,Gungor; Onat,5,0,85,80
1655965955228,CSE 140L,A01,083088,Eldon; John,5,0,100,95
1655965961250,CSE 175,A01,083665,Kumar; Rakesh,1,0,25,24
1655965967282,CSE 190,A00,092507,Dubnov; Shlomo,1,0,20,19
1655965973311,ECE 45,A01,083139,Congero; Spencer William,0,1,75,75
1655965979339,ECE 65,A50,083695,Saad; Andrew S,6,0,30,24
1655965979339,ECE 65,A51,095125,Staff,23,0,26,3
1655965985362,ECE 109,A01,091882,Touri; Behrouz,2,4,70,68
1655965991399,ECE 180,A00,083140,Abi Samra; Nicholas Camill,1,0,30,29
1655965991399,ECE 180,B00,083141,Abi Samra; Nicholas Camill,0,8,28,28
1655965997422,MATH 10A,A01,083735,Patchell; Gregory David,0,0,30,30
1655965997422,MATH 10A,A02,083736,Patchell; Gregory David,21,0,30,9
1655965997422,MATH 10A,A03,083737,Patchell; Gregory David,16,0,30,14
1655966003445,MATH 10B,A01,083207,Lim; Seonhee,1,1,34,33
1655966003445,MATH 10B,A02,083208,Lim; Seonhee,1,1,35,34
1655966003445,MATH 10B,A03,093472,Staff,1,0,34,33
1655966003445,MATH 10B,B01,083739,Sinha; Shubham,9,0,30,21
1655966009475,MATH 18,A01,083743,Cinel; Cameron Alexander,4,0,30,26
1655966009475,MATH 18,A02,083744,Cinel; Cameron Alexander,11,0,30,19
1655966009475,MATH 18,A03,083745,Cinel; Cameron Alexander,1,0,30,29
1655966009475,MATH 18,B01,083748,Ma; Zilu,2,0,36,34
1655966009475,MATH 18,B02,083749,Ma; Zilu,0,0,36,36
1655966009475,MATH 18,B03,083750,Ma; Zilu,0,0,36,36
1655966009475,MATH 18,B04,083751,Ma; Zilu,0,0,36,36
1655966009475,MATH 18,B05,093473,Staff,0,0,36,36
1655966009475,MATH 18,B06,093474,Staff,1,0,36,35
1655966015502,MATH 20A,A01,083754,Zheng; Zequn,10,0,40,30
1655966021525,MATH 20B,A01,083756,Briones; Jor-el Thomas Caparas,0,1,36,36
1655966021525,MATH 20B,A02,083757,Briones; Jor-el Thomas Caparas,1,0,36,35
1655966021525,MATH 20B,A03,093475,Staff,0,0,36,36
1655966027556,MATH 20C,A01,083760,Briones; Jor-el Thomas Caparas,0,2,35,35
1655966027556,MATH 20C,A02,083761,Briones; Jor-el Thomas Caparas,6,1,35,29
1655966027556,MATH 20C,A03,093476,Staff,1,0,35,34
1655966027556,MATH 20C,B01,083762,Bach; Quang Tran,3,0,30,27
1655966033580,MATH 20D,A01,083765,Tran; Brian Kha,1,0,30,29
1655966033580,MATH 20D,A02,083766,Tran; Brian Kha,0,1,30,30
1655966033580,MATH 20D,A03,083767,Tran; Brian Kha,1,0,30,29
1655966039608,MATH 20E,A01,083771,Ganguly; Soumya,0,0,32,32
1655966039608,MATH 20E,A02,083772,Ganguly; Soumya,1,1,32,31
1655966039608,MATH 20E,B01,083773,Ciotti; Benjamin,14,0,35,21
1655966039608,MATH 20E,B02,083774,Ciotti; Benjamin,12,0,35,23
1655966045634,MATH 103A,A01,083777,Greenfeld; Be'Eri,2,1,36,34
1655966045634,MATH 103A,A02,083778,Greenfeld; Be'Eri,2,0,36,34
1655966045634,MATH 103A,A03,093561,Staff,0,1,36,36
1655966045634,MATH 103A,B01,083779,Greenfeld; Be'Eri,7,1,36,29
1655966045634,MATH 103A,B02,083780,Greenfeld; Be'Eri,1,0,36,35
1655966045634,MATH 103A,B03,093562,Staff,0,0,36,36
1655966051657,MATH 105,A01,085443,Carter; Anne Toulson,3,1,35,32
1655966051657,MATH 105,A02,093477,Staff,8,0,35,27
1655966057682,MATH 109,A01,083213,Ganzberger; Geoffrey Michael,0,1,34,34
1655966057682,MATH 109,A02,083214,Ganzberger; Geoffrey Michael,0,0,34,34
1655966057682,MATH 109,A03,093478,Staff,1,0,34,33
1655966057682,MATH 109,B01,083215,Ganzberger; Geoffrey Michael,2,0,32,30
1655966057682,MATH 109,B02,083216,Ganzberger; Geoffrey Michael,0,0,32,32
1655966057682,MATH 109,B03,093479,Staff,4,0,32,28
1655966063715,MATH 142A,A01,083219,Chow; Bennett,0,0,32,32
1655966063715,MATH 142A,A02,083220,Chow; Bennett,7,0,32,25
1655966063715,MATH 142A,A03,093480,Staff,4,0,32,28
1655966063715,MATH 142A,B03,093481,Staff,3,0,32,29
1655966063715,MATH 142A,B04,093558,Staff,6,0,32,26
1655966063715,MATH 142A,B05,093559,Staff,0,0,32,32
1655966069740,MATH 193A,A01,083224,Rotar; Vladimir,1,1,34,33
1655966069740,MATH 193A,A02,083225,Rotar; Vladimir,0,0,34,34
1655966069740,MATH 193A,A03,083781,Rotar; Vladimir,2,0,34,32
1655966069740,MATH 193A,A04,083782,Rotar; Vladimir,3,0,34,31
1655966069740,MATH 193A,A05,093482,Rotar; Vladimir,0,0,34,34
1655966075764,MATH 197,001,091859,McAuley; Julian John,9999,0,9999,0
1655966075764,MATH 197,002,095566,Kedlaya; Kiran S.,9997,0,9999,2
1655966075764,MATH 197,003,095567,Xiao; Ming,9999,0,9999,0
1655966075764,MATH 197,004,095571,Perols; Johan Lars,9998,0,9999,1
1655966082817,COGS 9,A01,083615,Shannon; Kyle Michael,3,1,75,72
1655966088842,COGS 11,A01,083617,Boyle; Mary E. T.,11,1,48,37
1655966094866,COGS 13,A01,083071,Bastos; Amalia Pinkusfeld,3,2,71,68
1655966100889,COGS 14A,A01,092681,Semenuks; Arturs,3,25,100,97
1655966106918,COGS 14B,A01,083073,Cheng; Tzu-Han,7,0,63,56
1655966112942,COGS 17,A01,092677,Semenuks; Arturs,8,7,81,73
1655966118969,COGS 100,A01,083619,Allen; Michael Gordon,2,2,70,68
1655966124994,COGS 101A,A01,083621,Davis; Joshua Daniel,4,3,68,64
1655966131018,COGS 101B,A01,091572,Allen; Michael Gordon,0,0,65,65
1655966137051,COGS 101C,A01,083625,Delgado; Tania,7,0,35,28
1655966143073,COGS 107A,A01,083627,Boyle; Mary E. T.,1,2,60,59
1655966149099,COGS 118A,A01,083075,Gupta; Anjum,21,16,76,55
1655966155123,CSE 3,A50,083646,Miranda; Gregory Joseph,14,0,50,36
1655966161152,CSE 8A,A50,083650,Miranda; Gregory Joseph,3,11,56,53
1655966167186,CSE 11,A01,083080,Cao; Yingjun,0,65,40,40
1655966173214,CSE 12,A01,083652,Krause-Levy; Sophia Louisa,6,8,120,114
1655966179238,CSE 15L,A01,083654,Morris; Justin Loren,3,1,50,47
1655966179238,CSE 15L,A02,083655,Morris; Justin Loren,1,1,50,49
1655966185262,CSE 20,A01,083657,Tran; Khoa Dang,29,0,80,51
1655966191289,CSE 21,A01,095574,Bach; Quang Tran,23,0,48,25
1655966197316,CSE 30,A01,083084,Eldon; John,2,10,80,78
1655966197316,CSE 30,B01,095061,Bhaskar; Nishant,0,4,50,50
1655966203338,CSE 100,A01,083659,Cao; Yingjun,2,25,70,68
1655966209363,CSE 134B,A01,083661,Powell; Thomas Allan,5,7,100,95
1655966215391,CSE 140,A01,083663,Gungor; Onat,5,0,85,80
1655966221416,CSE 140L,A01,083088,Eldon; John,5,0,100,95
1655966227439,CSE 175,A01,083665,Kumar; Rakesh,1,0,25,24
1655966233464,CSE 190,A00,092507,Dubnov; Shlomo,1,0,20,19
1655966239486,ECE 45,A01,083139,Congero; Spencer William,0,1,75,75
1655966245513,ECE 65,A50,083695,Saad; Andrew S,6,0,30,24
1655966245513,ECE 65,A51,095125,Staff,23,0,26,3
1655966251542,ECE 109,A01,091882,Touri; Behrouz,2,4,70,68
1655966257563,ECE 180,A00,083140,Abi Samra; Nicholas Camill,1,0,30,29
1655966257563,ECE 180,B00,083141,Abi Samra; Nicholas Camill,0,8,28,28
1655966263591,MATH 10A,A01,083735,Patchell; Gregory David,0,0,30,30
1655966263591,MATH 10A,A02,083736,Patchell; Gregory David,21,0,30,9
1655966263591,MATH 10A,A03,083737,Patchell; Gregory David,16,0,30,14
1655966269619,MATH 10B,A01,083207,Lim; Seonhee,1,1,34,33
1655966269619,MATH 10B,A02,083208,Lim; Seonhee,1,1,35,34
1655966269619,MATH 10B,A03,093472,Staff,1,0,34,33
1655966269619,MATH 10B,B01,083739,Sinha; Shubham,9,0,30,21
1655966275644,MATH 18,A01,083743,Cinel; Cameron Alexander,4,0,30,26
1655966275644,MATH 18,A02,083744,Cinel; Cameron Alexander,11,0,30,19
1655966275644,MATH 18,A03,083745,Cinel; Cameron Alexander,1,0,30,29
1655966275644,MATH 18,B01,083748,Ma; Zilu,2,0,36,34
1655966275644,MATH 18,B02,083749,Ma; Zilu,0,0,36,36
1655966275644,MATH 18,B03,083750,Ma; Zilu,0,0,36,36
1655966275644,MATH 18,B04,083751,Ma; Zilu,0,0,36,36
1655966275644,MATH 18,B05,093473,Staff,0,0,36,36
1655966275644,MATH 18,B06,093474,Staff,1,0,36,35
1655966281669,MATH 20A,A01,083754,Zheng; Zequn,10,0,40,30
1655966287698,MATH 20B,A01,083756,Briones; Jor-el Thomas Caparas,0,1,36,36
1655966287698,MATH 20B,A02,083757,Briones; Jor-el Thomas Caparas,1,0,36,35
1655966287698,MATH 20B,A03,093475,Staff,0,0,36,36
1655966293728,MATH 20C,A01,083760,Briones; Jor-el Thomas Caparas,0,2,35,35
1655966293728,MATH 20C,A02,083761,Briones; Jor-el Thomas Caparas,6,1,35,29
1655966293728,MATH 20C,A03,093476,Staff,1,0,35,34
1655966293728,MATH 20C,B01,083762,Bach; Quang Tran,3,0,30,27
1655966299756,MATH 20D,A01,083765,Tran; Brian Kha,1,0,30,29
1655966299756,MATH 20D,A02,083766,Tran; Brian Kha,0,1,30,30
1655966299756,MATH 20D,A03,083767,Tran; Brian Kha,1,0,30,29
1655966305782,MATH 20E,A01,083771,Ganguly; Soumya,0,0,32,32
1655966305782,MATH 20E,A02,083772,Ganguly; Soumya,1,1,32,31
1655966305782,MATH 20E,B01,083773,Ciotti; Benjamin,14,0,35,21
1655966305782,MATH 20E,B02,083774,Ciotti; Benjamin,12,0,35,23
1655966311813,MATH 103A,A01,083777,Greenfeld; Be'Eri,2,1,36,34
1655966311813,MATH 103A,A02,083778,Greenfeld; Be'Eri,2,0,36,34
1655966311813,MATH 103A,A03,093561,Staff,0,1,36,36
1655966311813,MATH 103A,B01,083779,Greenfeld; Be'Eri,7,1,36,29
1655966311813,MATH 103A,B02,083780,Greenfeld; Be'Eri,1,0,36,35
1655966311813,MATH 103A,B03,093562,Staff,0,0,36,36
1655966317841,MATH 105,A01,085443,Carter; Anne Toulson,3,1,35,32
1655966317841,MATH 105,A02,093477,Staff,8,0,35,27
1655966323871,MATH 109,A01,083213,Ganzberger; Geoffrey Michael,0,1,34,34
1655966323871,MATH 109,A02,083214,Ganzberger; Geoffrey Michael,0,0,34,34
1655966323871,MATH 109,A03,093478,Staff,1,0,34,33
1655966323871,MATH 109,B01,083215,Ganzberger; Geoffrey Michael,2,0,32,30
1655966323871,MATH 109,B02,083216,Ganzberger; Geoffrey Michael,0,0,32,32
1655966323871,MATH 109,B03,093479,Staff,4,0,32,28
1655966329896,MATH 142A,A01,083219,Chow; Bennett,0,0,32,32
1655966329896,MATH 142A,A02,083220,Chow; Bennett,7,0,32,25
1655966329896,MATH 142A,A03,093480,Staff,4,0,32,28
1655966329896,MATH 142A,B03,093481,Staff,3,0,32,29
1655966329896,MATH 142A,B04,093558,Staff,6,0,32,26
1655966329896,MATH 142A,B05,093559,Staff,0,0,32,32
1655966335919,MATH 193A,A01,083224,Rotar; Vladimir,1,1,34,33
1655966335919,MATH 193A,A02,083225,Rotar; Vladimir,0,0,34,34
1655966335919,MATH 193A,A03,083781,Rotar; Vladimir,2,0,34,32
1655966335919,MATH 193A,A04,083782,Rotar; Vladimir,3,0,34,31
1655966335919,MATH 193A,A05,093482,Rotar; Vladimir,0,0,34,34
1655966341944,MATH 197,001,091859,McAuley; Julian John,9999,0,9999,0
1655966341944,MATH 197,002,095566,Kedlaya; Kiran S.,9997,0,9999,2
1655966341944,MATH 197,003,095567,Xiao; Ming,9999,0,9999,0
1655966341944,MATH 197,004,095571,Perols; Johan Lars,9998,0,9999,1
1655966348997,COGS 9,A01,083615,Shannon; Kyle Michael,3,1,75,72
1655966355101,COGS 11,A01,083617,Boyle; Mary E. T.,11,1,48,37
1655966361125,COGS 13,A01,083071,Bastos; Amalia Pinkusfeld,3,2,71,68
1655966367159,COGS 14A,A01,092681,Semenuks; Arturs,4,25,100,96
1655966373186,COGS 14B,A01,083073,Cheng; Tzu-Han,7,0,63,56
1655966379208,COGS 17,A01,092677,Semenuks; Arturs,8,7,81,73
1655966385235,COGS 100,A01,083619,Allen; Michael Gordon,2,2,70,68
1655966391261,COGS 101A,A01,083621,Davis; Joshua Daniel,4,3,68,64
1655966397285,COGS 101B,A01,091572,Allen; Michael Gordon,0,0,65,65
1655966403313,COGS 101C,A01,083625,Delgado; Tania,7,0,35,28
1655966409337,COGS 107A,A01,083627,Boyle; Mary E. T.,1,2,60,59
1655966415362,COGS 118A,A01,083075,Gupta; Anjum,21,16,76,55
1655966421392,CSE 3,A50,083646,Miranda; Gregory Joseph,14,0,50,36
1655966427418,CSE 8A,A50,083650,Miranda; Gregory Joseph,3,11,56,53
1655966433447,CSE 11,A01,083080,Cao; Yingjun,0,65,40,40
1655966439475,CSE 12,A01,083652,Krause-Levy; Sophia Louisa,6,8,120,114
1655966445501,CSE 15L,A01,083654,Morris; Justin Loren,3,1,50,47
1655966445501,CSE 15L,A02,083655,Morris; Justin Loren,1,1,50,49
1655966451529,CSE 20,A01,083657,Tran; Khoa Dang,29,0,80,51
1655966457551,CSE 21,A01,095574,Bach; Quang Tran,23,0,48,25
1655966463579,CSE 30,A01,083084,Eldon; John,2,10,80,78
1655966463579,CSE 30,B01,095061,Bhaskar; Nishant,0,4,50,50
1655966469608,CSE 100,A01,083659,Cao; Yingjun,2,25,70,68
1655966475633,CSE 134B,A01,083661,Powell; Thomas Allan,5,7,100,95
1655966481670,CSE 140,A01,083663,Gungor; Onat,5,0,85,80
1655966487697,CSE 140L,A01,083088,Eldon; John,5,0,100,95
1655966493722,CSE 175,A01,083665,Kumar; Rakesh,1,0,25,24
1655966499748,CSE 190,A00,092507,Dubnov; Shlomo,1,0,20,19
1655966505784,ECE 45,A01,083139,Congero; Spencer William,0,1,75,75
1655966511808,ECE 65,A50,083695,Saad; Andrew S,6,0,30,24
1655966511808,ECE 65,A51,095125,Staff,23,0,26,3
1655966517833,ECE 109,A01,091882,Touri; Behrouz,2,4,70,68
1655966523859,ECE 180,A00,083140,Abi Samra; Nicholas Camill,1,0,30,29
1655966523859,ECE 180,B00,083141,Abi Samra; Nicholas Camill,0,8,28,28
1655966529884,MATH 10A,A01,083735,Patchell; Gregory David,0,0,30,30
1655966529884,MATH 10A,A02,083736,Patchell; Gregory David,21,0,30,9
1655966529884,MATH 10A,A03,083737,Patchell; Gregory David,16,0,30,14
1655966535913,MATH 10B,A01,083207,Lim; Seonhee,1,1,34,33
1655966535913,MATH 10B,A02,083208,Lim; Seonhee,1,1,35,34
1655966535913,MATH 10B,A03,093472,Staff,1,0,34,33
1655966535913,MATH 10B,B01,083739,Sinha; Shubham,9,0,30,21
1655966541944,MATH 18,A01,083743,Cinel; Cameron Alexander,4,0,30,26
1655966541944,MATH 18,A02,083744,Cinel; Cameron Alexander,11,0,30,19
1655966541944,MATH 18,A03,083745,Cinel; Cameron Alexander,1,0,30,29
1655966541944,MATH 18,B01,083748,Ma; Zilu,2,0,36,34
1655966541944,MATH 18,B02,083749,Ma; Zilu,0,0,36,36
1655966541944,MATH 18,B03,083750,Ma; Zilu,0,0,36,36
1655966541944,MATH 18,B04,083751,Ma; Zilu,0,0,36,36
1655966541944,MATH 18,B05,093473,Staff,0,0,36,36
1655966541944,MATH 18,B06,093474,Staff,1,0,36,35
1655966547971,MATH 20A,A01,083754,Zheng; Zequn,10,0,40,30
1655966553992,MATH 20B,A01,083756,Briones; Jor-el Thomas Caparas,0,1,36,36
1655966553992,MATH 20B,A02,083757,Briones; Jor-el Thomas Caparas,1,0,36,35
1655966553992,MATH 20B,A03,093475,Staff,0,0,36,36
1655966560015,MATH 20C,A01,083760,Briones; Jor-el Thomas Caparas,0,2,35,35
1655966560015,MATH 20C,A02,083761,Briones; Jor-el Thomas Caparas,6,1,35,29
1655966560015,MATH 20C,A03,093476,Staff,1,0,35,34
1655966560015,MATH 20C,B01,083762,Bach; Quang Tran,3,0,30,27
1655966566044,MATH 20D,A01,083765,Tran; Brian Kha,1,0,30,29
1655966566044,MATH 20D,A02,083766,Tran; Brian Kha,0,1,30,30
1655966566044,MATH 20D,A03,083767,Tran; Brian Kha,1,0,30,29
1655966572066,MATH 20E,A01,083771,Ganguly; Soumya,0,0,32,32
1655966572066,MATH 20E,A02,083772,Ganguly; Soumya,1,1,32,31
1655966572066,MATH 20E,B01,083773,Ciotti; Benjamin,14,0,35,21
1655966572066,MATH 20E,B02,083774,Ciotti; Benjamin,12,0,35,23
1655966578091,MATH 103A,A01,083777,Greenfeld; Be'Eri,2,1,36,34
1655966578091,MATH 103A,A02,083778,Greenfeld; Be'Eri,2,0,36,34
1655966578091,MATH 103A,A03,093561,Staff,0,1,36,36
1655966578091,MATH 103A,B01,083779,Greenfeld; Be'Eri,7,1,36,29
1655966578091,MATH 103A,B02,083780,Greenfeld; Be'Eri,1,0,36,35
1655966578091,MATH 103A,B03,093562,Staff,0,0,36,36
1655966584123,MATH 105,A01,085443,Carter; Anne Toulson,3,1,35,32
1655966584123,MATH 105,A02,093477,Staff,8,0,35,27
1655966590151,MATH 109,A01,083213,Ganzberger; Geoffrey Michael,0,1,34,34
1655966590151,MATH 109,A02,083214,Ganzberger; Geoffrey Michael,0,0,34,34
1655966590151,MATH 109,A03,093478,Staff,1,0,34,33
1655966590151,MATH 109,B01,083215,Ganzberger; Geoffrey Michael,2,0,32,30
1655966590151,MATH 109,B02,083216,Ganzberger; Geoffrey Michael,0,0,32,32
1655966590151,MATH 109,B03,093479,Staff,4,0,32,28
1655966596175,MATH 142A,A01,083219,Chow; Bennett,0,0,32,32
1655966596175,MATH 142A,A02,083220,Chow; Bennett,7,0,32,25
1655966596175,MATH 142A,A03,093480,Staff,4,0,32,28
1655966596175,MATH 142A,B03,093481,Staff,3,0,32,29
1655966596175,MATH 142A,B04,093558,Staff,6,0,32,26
1655966596175,MATH 142A,B05,093559,Staff,0,0,32,32
1655966602204,MATH 193A,A01,083224,Rotar; Vladimir,1,1,34,33
1655966602204,MATH 193A,A02,083225,Rotar; Vladimir,0,0,34,34
1655966602204,MATH 193A,A03,083781,Rotar; Vladimir,2,0,34,32
1655966602204,MATH 193A,A04,083782,Rotar; Vladimir,3,0,34,31
1655966602204,MATH 193A,A05,093482,Rotar; Vladimir,0,0,34,34
1655966608228,MATH 197,001,091859,McAuley; Julian John,9999,0,9999,0
1655966608228,MATH 197,002,095566,Kedlaya; Kiran S.,9997,0,9999,2
1655966608228,MATH 197,003,095567,Xiao; Ming,9999,0,9999,0
1655966608228,MATH 197,004,095571,Perols; Johan Lars,9998,0,9999,1
1655966615282,COGS 9,A01,083615,Shannon; Kyle Michael,3,1,75,72
1655966621306,COGS 11,A01,083617,Boyle; Mary E. T.,11,1,48,37
1655966627329,COGS 13,A01,083071,Bastos; Amalia Pinkusfeld,3,2,71,68
1655966633354,COGS 14A,A01,092681,Semenuks; Arturs,4,25,100,96
1655966639378,COGS 14B,A01,083073,Cheng; Tzu-Han,7,0,63,56
1655966645407,COGS 17,A01,092677,Semenuks; Arturs,8,7,81,73
1655966651438,COGS 100,A01,083619,Allen; Michael Gordon,2,2,70,68
1655966657462,COGS 101A,A01,083621,Davis; Joshua Daniel,4,3,68,64
1655966663489,COGS 101B,A01,091572,Allen; Michael Gordon,0,0,65,65
1655966669514,COGS 101C,A01,083625,Delgado; Tania,7,0,35,28
1655966675540,COGS 107A,A01,083627,Boyle; Mary E. T.,1,2,60,59
1655966681564,COGS 118A,A01,083075,Gupta; Anjum,21,16,76,55
1655966687588,CSE 3,A50,083646,Miranda; Gregory Joseph,14,0,50,36
1655966693612,CSE 8A,A50,083650,Miranda; Gregory Joseph,3,11,56,53
1655966699639,CSE 11,A01,083080,Cao; Yingjun,0,65,40,40
1655966705665,CSE 12,A01,083652,Krause-Levy; Sophia Louisa,6,8,120,114
1655966711690,CSE 15L,A01,083654,Morris; Justin Loren,3,1,50,47
1655966711690,CSE 15L,A02,083655,Morris; Justin Loren,1,1,50,49
1655966717713,CSE 20,A01,083657,Tran; Khoa Dang,29,0,80,51
1655966723734,CSE 21,A01,095574,Bach; Quang Tran,23,0,48,25
1655966729761,CSE 30,A01,083084,Eldon; John,2,10,80,78
1655966729761,CSE 30,B01,095061,Bhaskar; Nishant,0,4,50,50
1655966735785,CSE 100,A01,083659,Cao; Yingjun,2,25,70,68
1655966741812,CSE 134B,A01,083661,Powell; Thomas Allan,5,7,100,95
1655966747836,CSE 140,A01,083663,Gungor; Onat,5,0,85,80
1655966753859,CSE 140L,A01,083088,Eldon; John,5,0,100,95
1655966759881,CSE 175,A01,083665,Kumar; Rakesh,1,0,25,24
1655966765905,CSE 190,A00,092507,Dubnov; Shlomo,1,0,20,19
1655966771928,ECE 45,A01,083139,Congero; Spencer William,0,1,75,75
1655966777951,ECE 65,A50,083695,Saad; Andrew S,6,0,30,24
1655966777951,ECE 65,A51,095125,Staff,23,0,26,3
1655966783975,ECE 109,A01,091882,Touri; Behrouz,2,4,70,68
1655966790008,ECE 180,A00,083140,Abi Samra; Nicholas Camill,1,0,30,29
1655966790008,ECE 180,B00,083141,Abi Samra; Nicholas Camill,0,8,28,28
1655966796032,MATH 10A,A01,083735,Patchell; Gregory David,0,0,30,30
1655966796032,MATH 10A,A02,083736,Patchell; Gregory David,21,0,30,9
1655966796032,MATH 10A,A03,083737,Patchell; Gregory David,16,0,30,14
1655966802057,MATH 10B,A01,083207,Lim; Seonhee,1,1,34,33
1655966802057,MATH 10B,A02,083208,Lim; Seonhee,1,1,35,34
1655966802057,MATH 10B,A03,093472,Staff,1,0,34,33
1655966802057,MATH 10B,B01,083739,Sinha; Shubham,9,0,30,21
1655966808082,MATH 18,A01,083743,Cinel; Cameron Alexander,4,0,30,26
1655966808082,MATH 18,A02,083744,Cinel; Cameron Alexander,11,0,30,19
1655966808082,MATH 18,A03,083745,Cinel; Cameron Alexander,1,0,30,29
1655966808082,MATH 18,B01,083748,Ma; Zilu,2,0,36,34
1655966808082,MATH 18,B02,083749,Ma; Zilu,0,0,36,36
1655966808082,MATH 18,B03,083750,Ma; Zilu,0,0,36,36
1655966808082,MATH 18,B04,083751,Ma; Zilu,0,0,36,36
1655966808082,MATH 18,B05,093473,Staff,0,0,36,36
1655966808082,MATH 18,B06,093474,Staff,1,0,36,35
1655966814148,MATH 20A,A01,083754,Zheng; Zequn,10,0,40,30
1655966820172,MATH 20B,A01,083756,Briones; Jor-el Thomas Caparas,0,1,36,36
1655966820172,MATH 20B,A02,083757,Briones; Jor-el Thomas Caparas,1,0,36,35
1655966820172,MATH 20B,A03,093475,Staff,0,0,36,36
1655966826214,MATH 20C,A01,083760,Briones; Jor-el Thomas Caparas,0,2,35,35
1655966826214,MATH 20C,A02,083761,Briones; Jor-el Thomas Caparas,6,1,35,29
1655966826214,MATH 20C,A03,093476,Staff,1,0,35,34
1655966826214,MATH 20C,B01,083762,Bach; Quang Tran,3,0,30,27
1655966832237,MATH 20D,A01,083765,Tran; Brian Kha,1,0,30,29
1655966832237,MATH 20D,A02,083766,Tran; Brian Kha,0,1,30,30
1655966832237,MATH 20D,A03,083767,Tran; Brian Kha,1,0,30,29
1655966838264,MATH 20E,A01,083771,Ganguly; Soumya,0,0,32,32
1655966838264,MATH 20E,A02,083772,Ganguly; Soumya,1,1,32,31
1655966838264,MATH 20E,B01,083773,Ciotti; Benjamin,14,0,35,21
1655966838264,MATH 20E,B02,083774,Ciotti; Benjamin,12,0,35,23
1655966844292,MATH 103A,A01,083777,Greenfeld; Be'Eri,2,1,36,34
1655966844292,MATH 103A,A02,083778,Greenfeld; Be'Eri,2,0,36,34
1655966844292,MATH 103A,A03,093561,Staff,0,1,36,36
1655966844292,MATH 103A,B01,083779,Greenfeld; Be'Eri,7,1,36,29
1655966844292,MATH 103A,B02,083780,Greenfeld; Be'Eri,1,0,36,35
1655966844292,MATH 103A,B03,093562,Staff,0,0,36,36
1655966850319,MATH 105,A01,085443,Carter; Anne Toulson,3,1,35,32
1655966850319,MATH 105,A02,093477,Staff,8,0,35,27
1655966856347,MATH 109,A01,083213,Ganzberger; Geoffrey Michael,0,1,34,34
1655966856347,MATH 109,A02,083214,Ganzberger; Geoffrey Michael,0,0,34,34
1655966856347,MATH 109,A03,093478,Staff,1,0,34,33
1655966856347,MATH 109,B01,083215,Ganzberger; Geoffrey Michael,2,0,32,30
1655966856347,MATH 109,B02,083216,Ganzberger; Geoffrey Michael,0,0,32,32
1655966856347,MATH 109,B03,093479,Staff,4,0,32,28
1655966862376,MATH 142A,A01,083219,Chow; Bennett,0,0,32,32
1655966862376,MATH 142A,A02,083220,Chow; Bennett,7,0,32,25
1655966862376,MATH 142A,A03,093480,Staff,4,0,32,28
1655966862376,MATH 142A,B03,093481,Staff,3,0,32,29
1655966862376,MATH 142A,B04,093558,Staff,6,0,32,26
1655966862376,MATH 142A,B05,093559,Staff,0,0,32,32
1655966868405,MATH 193A,A01,083224,Rotar; Vladimir,1,1,34,33
1655966868405,MATH 193A,A02,083225,Rotar; Vladimir,0,0,34,34
1655966868405,MATH 193A,A03,083781,Rotar; Vladimir,2,0,34,32
1655966868405,MATH 193A,A04,083782,Rotar; Vladimir,3,0,34,31
1655966868405,MATH 193A,A05,093482,Rotar; Vladimir,0,0,34,34
1655966874429,MATH 197,001,091859,McAuley; Julian John,9999,0,9999,0
1655966874429,MATH 197,002,095566,Kedlaya; Kiran S.,9997,0,9999,2
1655966874429,MATH 197,003,095567,Xiao; Ming,9999,0,9999,0
1655966874429,MATH 197,004,095571,Perols; Johan Lars,9998,0,9999,1
1655966881482,COGS 9,A01,083615,Shannon; Kyle Michael,3,1,75,72
1655966887511,COGS 11,A01,083617,Boyle; Mary E. T.,11,1,48,37
1655966893534,COGS 13,A01,083071,Bastos; Amalia Pinkusfeld,3,2,71,68
1655966899559,COGS 14A,A01,092681,Semenuks; Arturs,4,25,100,96
1655966905583,COGS 14B,A01,083073,Cheng; Tzu-Han,7,0,63,56
1655966911607,COGS 17,A01,092677,Semenuks; Arturs,8,7,81,73
1655966917629,COGS 100,A01,083619,Allen; Michael Gordon,2,2,70,68
1655966923660,COGS 101A,A01,083621,Davis; Joshua Daniel,4,3,68,64
1655966929693,COGS 101B,A01,091572,Allen; Michael Gordon,0,0,65,65
1655966935721,COGS 101C,A01,083625,Delgado; Tania,7,0,35,28
1655966941748,COGS 107A,A01,083627,Boyle; Mary E. T.,1,2,60,59
1655966947772,COGS 118A,A01,083075,Gupta; Anjum,21,16,76,55
1655966953865,CSE 3,A50,083646,Miranda; Gregory Joseph,14,0,50,36
1655966959889,CSE 8A,A50,083650,Miranda; Gregory Joseph,3,11,56,53
1655966965918,CSE 11,A01,083080,Cao; Yingjun,0,65,40,40
1655966971943,CSE 12,A01,083652,Krause-Levy; Sophia Louisa,6,8,120,114
1655966977965,CSE 15L,A01,083654,Morris; Justin Loren,3,1,50,47
1655966977965,CSE 15L,A02,083655,Morris; Justin Loren,1,1,50,49
1655966983992,CSE 20,A01,083657,Tran; Khoa Dang,29,0,80,51
1655966990017,CSE 21,A01,095574,Bach; Quang Tran,23,0,48,25
1655966996044,CSE 30,A01,083084,Eldon; John,2,10,80,78
1655966996044,CSE 30,B01,095061,Bhaskar; Nishant,0,4,50,50
1655967002067,CSE 100,A01,083659,Cao; Yingjun,2,25,70,68
1655967008092,CSE 134B,A01,083661,Powell; Thomas Allan,5,7,100,95
1655967014117,CSE 140,A01,083663,Gungor; Onat,5,0,85,80
1655967020146,CSE 140L,A01,083088,Eldon; John,5,0,100,95
1655967026169,CSE 175,A01,083665,Kumar; Rakesh,1,0,25,24
1655967032197,CSE 190,A00,092507,Dubnov; Shlomo,1,0,20,19
1655967038236,ECE 45,A01,083139,Congero; Spencer William,0,1,75,75
1655967044260,ECE 65,A50,083695,Saad; Andrew S,6,0,30,24
1655967044260,ECE 65,A51,095125,Staff,23,0,26,3
1655967050286,ECE 109,A01,091882,Touri; Behrouz,2,4,70,68
1655967056316,ECE 180,A00,083140,Abi Samra; Nicholas Camill,1,0,30,29
1655967056316,ECE 180,B00,083141,Abi Samra; Nicholas Camill,0,8,28,28
1655967062341,MATH 10A,A01,083735,Patchell; Gregory David,0,0,30,30
1655967062341,MATH 10A,A02,083736,Patchell; Gregory David,21,0,30,9
1655967062341,MATH 10A,A03,083737,Patchell; Gregory David,16,0,30,14
1655967068369,MATH 10B,A01,083207,Lim; Seonhee,1,1,34,33
1655967068369,MATH 10B,A02,083208,Lim; Seonhee,1,1,35,34
1655967068369,MATH 10B,A03,093472,Staff,1,0,34,33
1655967068369,MATH 10B,B01,083739,Sinha; Shubham,9,0,30,21
1655967074401,MATH 18,A01,083743,Cinel; Cameron Alexander,4,0,30,26
1655967074401,MATH 18,A02,083744,Cinel; Cameron Alexander,11,0,30,19
1655967074401,MATH 18,A03,083745,Cinel; Cameron Alexander,1,0,30,29
1655967074401,MATH 18,B01,083748,Ma; Zilu,2,0,36,34
1655967074401,MATH 18,B02,083749,Ma; Zilu,0,0,36,36
1655967074401,MATH 18,B03,083750,Ma; Zilu,0,0,36,36
1655967074401,MATH 18,B04,083751,Ma; Zilu,0,0,36,36
1655967074401,MATH 18,B05,093473,Staff,0,0,36,36
1655967074401,MATH 18,B06,093474,Staff,1,0,36,35
1655967080435,MATH 20A,A01,083754,Zheng; Zequn,10,0,40,30
1655967086462,MATH 20B,A01,083756,Briones; Jor-el Thomas Caparas,0,1,36,36
1655967086462,MATH 20B,A02,083757,Briones; Jor-el Thomas Caparas,1,0,36,35
1655967086462,MATH 20B,A03,093475,Staff,0,0,36,36
1655967092487,MATH 20C,A01,083760,Briones; Jor-el Thomas Caparas,0,2,35,35
1655967092487,MATH 20C,A02,083761,Briones; Jor-el Thomas Caparas,6,1,35,29
1655967092487,MATH 20C,A03,093476,Staff,1,0,35,34
1655967092487,MATH 20C,B01,083762,Bach; Quang Tran,3,0,30,27
1655967098511,MATH 20D,A01,083765,Tran; Brian Kha,1,0,30,29
1655967098511,MATH 20D,A02,083766,Tran; Brian Kha,0,1,30,30
1655967098511,MATH 20D,A03,083767,Tran; Brian Kha,1,0,30,29
1655967104536,MATH 20E,A01,083771,Ganguly; Soumya,0,0,32,32
1655967104536,MATH 20E,A02,083772,Ganguly; Soumya,1,1,32,31
1655967104536,MATH 20E,B01,083773,Ciotti; Benjamin,14,0,35,21
1655967104536,MATH 20E,B02,083774,Ciotti; Benjamin,12,0,35,23
1655967110565,MATH 103A,A01,083777,Greenfeld; Be'Eri,2,1,36,34
1655967110565,MATH 103A,A02,083778,Greenfeld; Be'Eri,2,0,36,34
1655967110565,MATH 103A,A03,093561,Staff,0,1,36,36
1655967110565,MATH 103A,B01,083779,Greenfeld; Be'Eri,7,1,36,29
1655967110565,MATH 103A,B02,083780,Greenfeld; Be'Eri,1,0,36,35
1655967110565,MATH 103A,B03,093562,Staff,0,0,36,36
1655967116595,MATH 105,A01,085443,Carter; Anne Toulson,3,1,35,32
1655967116595,MATH 105,A02,093477,Staff,8,0,35,27
1655967122620,MATH 109,A01,083213,Ganzberger; Geoffrey Michael,0,1,34,34
1655967122620,MATH 109,A02,083214,Ganzberger; Geoffrey Michael,0,0,34,34
1655967122620,MATH 109,A03,093478,Staff,1,0,34,33
1655967122620,MATH 109,B01,083215,Ganzberger; Geoffrey Michael,2,0,32,30
1655967122620,MATH 109,B02,083216,Ganzberger; Geoffrey Michael,0,0,32,32
1655967122620,MATH 109,B03,093479,Staff,4,0,32,28
1655967128650,MATH 142A,A01,083219,Chow; Bennett,0,0,32,32
1655967128650,MATH 142A,A02,083220,Chow; Bennett,7,0,32,25
1655967128650,MATH 142A,A03,093480,Staff,4,0,32,28
1655967128650,MATH 142A,B03,093481,Staff,3,0,32,29
1655967128650,MATH 142A,B04,093558,Staff,6,0,32,26
1655967128650,MATH 142A,B05,093559,Staff,0,0,32,32
1655967134679,MATH 193A,A01,083224,Rotar; Vladimir,1,1,34,33
1655967134679,MATH 193A,A02,083225,Rotar; Vladimir,0,0,34,34
1655967134679,MATH 193A,A03,083781,Rotar; Vladimir,2,0,34,32
1655967134679,MATH 193A,A04,083782,Rotar; Vladimir,3,0,34,31
1655967134679,MATH 193A,A05,093482,Rotar; Vladimir,0,0,34,34
1655967140706,MATH 197,001,091859,McAuley; Julian John,9999,0,9999,0
1655967140706,MATH 197,002,095566,Kedlaya; Kiran S.,9997,0,9999,2
1655967140706,MATH 197,003,095567,Xiao; Ming,9999,0,9999,0
1655967140706,MATH 197,004,095571,Perols; Johan Lars,9998,0,9999,1
1655967147785,COGS 9,A01,083615,Shannon; Kyle Michael,3,1,75,72
1655967153808,COGS 11,A01,083617,Boyle; Mary E. T.,11,1,48,37
1655967159834,COGS 13,A01,083071,Bastos; Amalia Pinkusfeld,3,2,71,68
1655967165858,COGS 14A,A01,092681,Semenuks; Arturs,4,25,100,96
1655967171884,COGS 14B,A01,083073,Cheng; Tzu-Han,7,0,63,56
1655967177907,COGS 17,A01,092677,Semenuks; Arturs,8,7,81,73
1655967183930,COGS 100,A01,083619,Allen; Michael Gordon,2,2,70,68
1655967189957,COGS 101A,A01,083621,Davis; Joshua Daniel,4,3,68,64
1655967195980,COGS 101B,A01,091572,Allen; Michael Gordon,0,0,65,65
1655967202012,COGS 101C,A01,083625,Delgado; Tania,7,0,35,28
1655967208040,COGS 107A,A01,083627,Boyle; Mary E. T.,1,2,60,59
1655967214268,COGS 118A,A01,083075,Gupta; Anjum,21,16,76,55
1655967220297,CSE 3,A50,083646,Miranda; Gregory Joseph,14,0,50,36
1655967226322,CSE 8A,A50,083650,Miranda; Gregory Joseph,3,11,56,53
1655967232346,CSE 11,A01,083080,Cao; Yingjun,0,65,40,40
1655967238374,CSE 12,A01,083652,Krause-Levy; Sophia Louisa,6,8,120,114
1655967244399,CSE 15L,A01,083654,Morris; Justin Loren,3,1,50,47
1655967244399,CSE 15L,A02,083655,Morris; Justin Loren,1,1,50,49
1655967250423,CSE 20,A01,083657,Tran; Khoa Dang,29,0,80,51
1655967256446,CSE 21,A01,095574,Bach; Quang Tran,23,0,48,25
1655967262470,CSE 30,A01,083084,Eldon; John,2,10,80,78
1655967262470,CSE 30,B01,095061,Bhaskar; Nishant,0,4,50,50
1655967268492,CSE 100,A01,083659,Cao; Yingjun,2,25,70,68
1655967274515,CSE 134B,A01,083661,Powell; Thomas Allan,5,7,100,95
1655967280540,CSE 140,A01,083663,Gungor; Onat,5,0,85,80
1655967286567,CSE 140L,A01,083088,Eldon; John,5,0,100,95
1655967292595,CSE 175,A01,083665,Kumar; Rakesh,1,0,25,24
1655967298618,CSE 190,A00,092507,Dubnov; Shlomo,1,0,20,19
1655967304645,ECE 45,A01,083139,Congero; Spencer William,0,1,75,75
1655967310672,ECE 65,A50,083695,Saad; Andrew S,6,0,30,24
1655967310672,ECE 65,A51,095125,Staff,23,0,26,3
1655967316699,ECE 109,A01,091882,Touri; Behrouz,2,4,70,68
1655967322722,ECE 180,A00,083140,Abi Samra; Nicholas Camill,1,0,30,29
1655967322722,ECE 180,B00,083141,Abi Samra; Nicholas Camill,0,8,28,28
1655967328750,MATH 10A,A01,083735,Patchell; Gregory David,0,0,30,30
1655967328750,MATH 10A,A02,083736,Patchell; Gregory David,21,0,30,9
1655967328750,MATH 10A,A03,083737,Patchell; Gregory David,16,0,30,14
1655967334773,MATH 10B,A01,083207,Lim; Seonhee,1,1,34,33
1655967334773,MATH 10B,A02,083208,Lim; Seonhee,1,1,35,34
1655967334773,MATH 10B,A03,093472,Staff,1,0,34,33
1655967334773,MATH 10B,B01,083739,Sinha; Shubham,9,0,30,21
1655967340798,MATH 18,A01,083743,Cinel; Cameron Alexander,4,0,30,26
1655967340798,MATH 18,A02,083744,Cinel; Cameron Alexander,11,0,30,19
1655967340798,MATH 18,A03,083745,Cinel; Cameron Alexander,1,0,30,29
1655967340798,MATH 18,B01,083748,Ma; Zilu,2,0,36,34
1655967340798,MATH 18,B02,083749,Ma; Zilu,0,0,36,36
1655967340798,MATH 18,B03,083750,Ma; Zilu,0,0,36,36
1655967340798,MATH 18,B04,083751,Ma; Zilu,0,0,36,36
1655967340798,MATH 18,B05,093473,Staff,0,0,36,36
1655967340798,MATH 18,B06,093474,Staff,1,0,36,35
1655967346820,MATH 20A,A01,083754,Zheng; Zequn,10,0,40,30
1655967352845,MATH 20B,A01,083756,Briones; Jor-el Thomas Caparas,0,1,36,36
1655967352845,MATH 20B,A02,083757,Briones; Jor-el Thomas Caparas,1,0,36,35
1655967352845,MATH 20B,A03,093475,Staff,0,0,36,36
1655967358873,MATH 20C,A01,083760,Briones; Jor-el Thomas Caparas,0,2,35,35
1655967358873,MATH 20C,A02,083761,Briones; Jor-el Thomas Caparas,6,1,35,29
1655967358873,MATH 20C,A03,093476,Staff,1,0,35,34
1655967358873,MATH 20C,B01,083762,Bach; Quang Tran,3,0,30,27
1655967364897,MATH 20D,A01,083765,Tran; Brian Kha,1,0,30,29
1655967364897,MATH 20D,A02,083766,Tran; Brian Kha,0,1,30,30
1655967364897,MATH 20D,A03,083767,Tran; Brian Kha,1,0,30,29
1655967370929,MATH 20E,A01,083771,Ganguly; Soumya,0,0,32,32
1655967370929,MATH 20E,A02,083772,Ganguly; Soumya,1,1,32,31
1655967370929,MATH 20E,B01,083773,Ciotti; Benjamin,14,0,35,21
1655967370929,MATH 20E,B02,083774,Ciotti; Benjamin,12,0,35,23
1655967376961,MATH 103A,A01,083777,Greenfeld; Be'Eri,2,1,36,34
1655967376961,MATH 103A,A02,083778,Greenfeld; Be'Eri,2,0,36,34
1655967376961,MATH 103A,A03,093561,Staff,0,1,36,36
1655967376961,MATH 103A,B01,083779,Greenfeld; Be'Eri,7,1,36,29
1655967376961,MATH 103A,B02,083780,Greenfeld; Be'Eri,1,0,36,35
1655967376961,MATH 103A,B03,093562,Staff,0,0,36,36
1655967382987,MATH 105,A01,085443,Carter; Anne Toulson,3,1,35,32
1655967382987,MATH 105,A02,093477,Staff,8,0,35,27
1655967389011,MATH 109,A01,083213,Ganzberger; Geoffrey Michael,0,1,34,34
1655967389011,MATH 109,A02,083214,Ganzberger; Geoffrey Michael,0,0,34,34
1655967389011,MATH 109,A03,093478,Staff,1,0,34,33
1655967389011,MATH 109,B01,083215,Ganzberger; Geoffrey Michael,2,0,32,30
1655967389011,MATH 109,B02,083216,Ganzberger; Geoffrey Michael,0,0,32,32
1655967389011,MATH 109,B03,093479,Staff,4,0,32,28
1655967395036,MATH 142A,A01,083219,Chow; Bennett,0,0,32,32
1655967395036,MATH 142A,A02,083220,Chow; Bennett,7,0,32,25
1655967395036,MATH 142A,A03,093480,Staff,4,0,32,28
1655967395036,MATH 142A,B03,093481,Staff,3,0,32,29
1655967395036,MATH 142A,B04,093558,Staff,6,0,32,26
1655967395036,MATH 142A,B05,093559,Staff,0,0,32,32
1655967401069,MATH 193A,A01,083224,Rotar; Vladimir,1,1,34,33
1655967401069,MATH 193A,A02,083225,Rotar; Vladimir,0,0,34,34
1655967401069,MATH 193A,A03,083781,Rotar; Vladimir,2,0,34,32
1655967401069,MATH 193A,A04,083782,Rotar; Vladimir,3,0,34,31
1655967401069,MATH 193A,A05,093482,Rotar; Vladimir,0,0,34,34
1655967407093,MATH 197,001,091859,McAuley; Julian John,9999,0,9999,0
1655967407093,MATH 197,002,095566,Kedlaya; Kiran S.,9997,0,9999,2
1655967407093,MATH 197,003,095567,Xiao; Ming,9999,0,9999,0
1655967407093,MATH 197,004,095571,Perols; Johan Lars,9998,0,9999,1
1655967414149,COGS 9,A01,083615,Shannon; Kyle Michael,3,1,75,72
1655967420172,COGS 11,A01,083617,Boyle; Mary E. T.,11,1,48,37
1655967426200,COGS 13,A01,083071,Bastos; Amalia Pinkusfeld,3,2,71,68
1655967432228,COGS 14A,A01,092681,Semenuks; Arturs,4,25,100,96
1655967438249,COGS 14B,A01,083073,Cheng; Tzu-Han,7,0,63,56
1655967444276,COGS 17,A01,092677,Semenuks; Arturs,8,7,81,73
1655967450301,COGS 100,A01,083619,Allen; Michael Gordon,2,2,70,68
1655967456328,COGS 101A,A01,083621,Davis; Joshua Daniel,4,3,68,64
1655967462356,COGS 101B,A01,091572,Allen; Michael Gordon,0,0,65,65
1655967468379,COGS 101C,A01,083625,Delgado; Tania,7,0,35,28
1655967474403,COGS 107A,A01,083627,Boyle; Mary E. T.,1,2,60,59
1655967480427,COGS 118A,A01,083075,Gupta; Anjum,21,16,76,55
1655967486451,CSE 3,A50,083646,Miranda; Gregory Joseph,14,0,50,36
1655967492479,CSE 8A,A50,083650,Miranda; Gregory Joseph,3,11,56,53
1655967498508,CSE 11,A01,083080,Cao; Yingjun,0,65,40,40
1655967504543,CSE 12,A01,083652,Krause-Levy; Sophia Louisa,6,8,120,114
1655967510587,CSE 15L,A01,083654,Morris; Justin Loren,3,1,50,47
1655967510587,CSE 15L,A02,083655,Morris; Justin Loren,1,1,50,49
1655967516614,CSE 20,A01,083657,Tran; Khoa Dang,29,0,80,51
1655967522640,CSE 21,A01,095574,Bach; Quang Tran,23,0,48,25
1655967528670,CSE 30,A01,083084,Eldon; John,2,10,80,78
1655967528670,CSE 30,B01,095061,Bhaskar; Nishant,0,4,50,50
1655967534695,CSE 100,A01,083659,Cao; Yingjun,2,25,70,68
1655967540721,CSE 134B,A01,083661,Powell; Thomas Allan,5,7,100,95
1655967546749,CSE 140,A01,083663,Gungor; Onat,5,0,85,80
1655967552843,CSE 140L,A01,083088,Eldon; John,5,0,100,95
1655967558867,CSE 175,A01,083665,Kumar; Rakesh,1,0,25,24
1655967564891,CSE 190,A00,092507,Dubnov; Shlomo,1,0,20,19
1655967570920,ECE 45,A01,083139,Congero; Spencer William,0,1,75,75
1655967576948,ECE 65,A50,083695,Saad; Andrew S,6,0,30,24
1655967576948,ECE 65,A51,095125,Staff,23,0,26,3
1655967582975,ECE 109,A01,091882,Touri; Behrouz,2,4,70,68
1655967588998,ECE 180,A00,083140,Abi Samra; Nicholas Camill,1,0,30,29
1655967588998,ECE 180,B00,083141,Abi Samra; Nicholas Camill,0,8,28,28
1655967595027,MATH 10A,A01,083735,Patchell; Gregory David,0,0,30,30
1655967595027,MATH 10A,A02,083736,Patchell; Gregory David,21,0,30,9
1655967595027,MATH 10A,A03,083737,Patchell; Gregory David,16,0,30,14
1655967601051,MATH 10B,A01,083207,Lim; Seonhee,1,1,34,33
1655967601051,MATH 10B,A02,083208,Lim; Seonhee,1,1,35,34
1655967601051,MATH 10B,A03,093472,Staff,1,0,34,33
1655967601051,MATH 10B,B01,083739,Sinha; Shubham,9,0,30,21
1655967607082,MATH 18,A01,083743,Cinel; Cameron Alexander,4,0,30,26
1655967607082,MATH 18,A02,083744,Cinel; Cameron Alexander,11,0,30,19
1655967607082,MATH 18,A03,083745,Cinel; Cameron Alexander,1,0,30,29
1655967607082,MATH 18,B01,083748,Ma; Zilu,2,0,36,34
1655967607082,MATH 18,B02,083749,Ma; Zilu,0,0,36,36
1655967607082,MATH 18,B03,083750,Ma; Zilu,0,0,36,36
1655967607082,MATH 18,B04,083751,Ma; Zilu,0,0,36,36
1655967607082,MATH 18,B05,093473,Staff,0,0,36,36
1655967607082,MATH 18,B06,093474,Staff,1,0,36,35
1655967613106,MATH 20A,A01,083754,Zheng; Zequn,10,0,40,30
1655967619131,MATH 20B,A01,083756,Briones; Jor-el Thomas Caparas,0,1,36,36
1655967619131,MATH 20B,A02,083757,Briones; Jor-el Thomas Caparas,1,0,36,35
1655967619131,MATH 20B,A03,093475,Staff,0,0,36,36
1655967625158,MATH 20C,A01,083760,Briones; Jor-el Thomas Caparas,0,2,35,35
1655967625158,MATH 20C,A02,083761,Briones; Jor-el Thomas Caparas,6,1,35,29
1655967625158,MATH 20C,A03,093476,Staff,1,0,35,34
1655967625158,MATH 20C,B01,083762,Bach; Quang Tran,3,0,30,27
1655967631181,MATH 20D,A01,083765,Tran; Brian Kha,1,0,30,29
1655967631181,MATH 20D,A02,083766,Tran; Brian Kha,0,1,30,30
1655967631181,MATH 20D,A03,083767,Tran; Brian Kha,1,0,30,29
1655967637210,MATH 20E,A01,083771,Ganguly; Soumya,0,0,32,32
1655967637210,MATH 20E,A02,083772,Ganguly; Soumya,1,1,32,31
1655967637210,MATH 20E,B01,083773,Ciotti; Benjamin,14,0,35,21
1655967637210,MATH 20E,B02,083774,Ciotti; Benjamin,12,0,35,23
1655967643245,MATH 103A,A01,083777,Greenfeld; Be'Eri,2,1,36,34
1655967643245,MATH 103A,A02,083778,Greenfeld; Be'Eri,2,0,36,34
1655967643245,MATH 103A,A03,093561,Staff,0,1,36,36
1655967643245,MATH 103A,B01,083779,Greenfeld; Be'Eri,7,1,36,29
1655967643245,MATH 103A,B02,083780,Greenfeld; Be'Eri,1,0,36,35
1655967643245,MATH 103A,B03,093562,Staff,0,0,36,36
1655967649274,MATH 105,A01,085443,Carter; Anne Toulson,3,1,35,32
1655967649274,MATH 105,A02,093477,Staff,8,0,35,27
1655967655304,MATH 109,A01,083213,Ganzberger; Geoffrey Michael,0,1,34,34
1655967655304,MATH 109,A02,083214,Ganzberger; Geoffrey Michael,0,0,34,34
1655967655304,MATH 109,A03,093478,Staff,1,0,34,33
1655967655304,MATH 109,B01,083215,Ganzberger; Geoffrey Michael,2,0,32,30
1655967655304,MATH 109,B02,083216,Ganzberger; Geoffrey Michael,0,0,32,32
1655967655304,MATH 109,B03,093479,Staff,4,0,32,28
1655967661330,MATH 142A,A01,083219,Chow; Bennett,0,0,32,32
1655967661330,MATH 142A,A02,083220,Chow; Bennett,7,0,32,25
1655967661330,MATH 142A,A03,093480,Staff,4,0,32,28
1655967661330,MATH 142A,B03,093481,Staff,3,0,32,29
1655967661330,MATH 142A,B04,093558,Staff,6,0,32,26
1655967661330,MATH 142A,B05,093559,Staff,0,0,32,32
1655967667354,MATH 193A,A01,083224,Rotar; Vladimir,1,1,34,33
1655967667354,MATH 193A,A02,083225,Rotar; Vladimir,0,0,34,34
1655967667354,MATH 193A,A03,083781,Rotar; Vladimir,2,0,34,32
1655967667354,MATH 193A,A04,083782,Rotar; Vladimir,3,0,34,31
1655967667354,MATH 193A,A05,093482,Rotar; Vladimir,0,0,34,34
1655967673378,MATH 197,001,091859,McAuley; Julian John,9999,0,9999,0
1655967673378,MATH 197,002,095566,Kedlaya; Kiran S.,9997,0,9999,2
1655967673378,MATH 197,003,095567,Xiao; Ming,9999,0,9999,0
1655967673378,MATH 197,004,095571,Perols; Johan Lars,9998,0,9999,1
1655967680441,COGS 9,A01,083615,Shannon; Kyle Michael,3,1,75,72
1655967686466,COGS 11,A01,083617,Boyle; Mary E. T.,11,1,48,37
1655967692490,COGS 13,A01,083071,Bastos; Amalia Pinkusfeld,3,2,71,68
1655967698513,COGS 14A,A01,092681,Semenuks; Arturs,4,25,100,96
1655967704537,COGS 14B,A01,083073,Cheng; Tzu-Han,7,0,63,56
1655967710566,COGS 17,A01,092677,Semenuks; Arturs,8,7,81,73
1655967716590,COGS 100,A01,083619,Allen; Michael Gordon,2,2,70,68
1655967722614,COGS 101A,A01,083621,Davis; Joshua Daniel,4,3,68,64
1655967728638,COGS 101B,A01,091572,Allen; Michael Gordon,0,0,65,65
1655967734670,COGS 101C,A01,083625,Delgado; Tania,7,0,35,28
1655967740697,COGS 107A,A01,083627,Boyle; Mary E. T.,1,2,60,59
1655967746720,COGS 118A,A01,083075,Gupta; Anjum,21,16,76,55
1655967752750,CSE 3,A50,083646,Miranda; Gregory Joseph,14,0,50,36
1655967758779,CSE 8A,A50,083650,Miranda; Gregory Joseph,3,11,56,53
1655967764806,CSE 11,A01,083080,Cao; Yingjun,0,65,40,40
1655967770829,CSE 12,A01,083652,Krause-Levy; Sophia Louisa,6,8,120,114
1655967776866,CSE 15L,A01,083654,Morris; Justin Loren,3,1,50,47
1655967776866,CSE 15L,A02,083655,Morris; Justin Loren,1,1,50,49
1655967782894,CSE 20,A01,083657,Tran; Khoa Dang,29,0,80,51
1655967788925,CSE 21,A01,095574,Bach; Quang Tran,23,0,48,25
1655967794949,CSE 30,A01,083084,Eldon; John,2,10,80,78
1655967794949,CSE 30,B01,095061,Bhaskar; Nishant,0,4,50,50
1655967800973,CSE 100,A01,083659,Cao; Yingjun,2,25,70,68
1655967806996,CSE 134B,A01,083661,Powell; Thomas Allan,5,7,100,95
1655967813024,CSE 140,A01,083663,Gungor; Onat,5,0,85,80
1655967819052,CSE 140L,A01,083088,Eldon; John,5,0,100,95
1655967825077,CSE 175,A01,083665,Kumar; Rakesh,1,0,25,24
1655967831104,CSE 190,A00,092507,Dubnov; Shlomo,1,0,20,19
1655967837138,ECE 45,A01,083139,Congero; Spencer William,0,1,75,75
1655967843169,ECE 65,A50,083695,Saad; Andrew S,6,0,30,24
1655967843169,ECE 65,A51,095125,Staff,23,0,26,3
1655967849197,ECE 109,A01,091882,Touri; Behrouz,2,4,70,68
1655967855225,ECE 180,A00,083140,Abi Samra; Nicholas Camill,1,0,30,29
1655967855225,ECE 180,B00,083141,Abi Samra; Nicholas Camill,0,8,28,28
1655967861255,MATH 10A,A01,083735,Patchell; Gregory David,0,0,30,30
1655967861255,MATH 10A,A02,083736,Patchell; Gregory David,21,0,30,9
1655967861255,MATH 10A,A03,083737,Patchell; Gregory David,16,0,30,14
1655967867280,MATH 10B,A01,083207,Lim; Seonhee,1,1,34,33
1655967867280,MATH 10B,A02,083208,Lim; Seonhee,1,1,35,34
1655967867280,MATH 10B,A03,093472,Staff,1,0,34,33
1655967867280,MATH 10B,B01,083739,Sinha; Shubham,9,0,30,21
1655967873305,MATH 18,A01,083743,Cinel; Cameron Alexander,4,0,30,26
1655967873305,MATH 18,A02,083744,Cinel; Cameron Alexander,11,0,30,19
1655967873305,MATH 18,A03,083745,Cinel; Cameron Alexander,1,0,30,29
1655967873305,MATH 18,B01,083748,Ma; Zilu,2,0,36,34
1655967873305,MATH 18,B02,083749,Ma; Zilu,0,0,36,36
1655967873305,MATH 18,B03,083750,Ma; Zilu,0,0,36,36
1655967873305,MATH 18,B04,083751,Ma; Zilu,0,0,36,36
1655967873305,MATH 18,B05,093473,Staff,0,0,36,36
1655967873305,MATH 18,B06,093474,Staff,1,0,36,35
1655967879328,MATH 20A,A01,083754,Zheng; Zequn,10,0,40,30
1655967885353,MATH 20B,A01,083756,Briones; Jor-el Thomas Caparas,0,1,36,36
1655967885353,MATH 20B,A02,083757,Briones; Jor-el Thomas Caparas,1,0,36,35
1655967885353,MATH 20B,A03,093475,Staff,0,0,36,36
1655967891378,MATH 20C,A01,083760,Briones; Jor-el Thomas Caparas,0,2,35,35
1655967891378,MATH 20C,A02,083761,Briones; Jor-el Thomas Caparas,6,1,35,29
1655967891378,MATH 20C,A03,093476,Staff,1,0,35,34
1655967891378,MATH 20C,B01,083762,Bach; Quang Tran,3,0,30,27
1655967897402,MATH 20D,A01,083765,Tran; Brian Kha,1,0,30,29
1655967897402,MATH 20D,A02,083766,Tran; Brian Kha,0,1,30,30
1655967897402,MATH 20D,A03,083767,Tran; Brian Kha,1,0,30,29
1655967903433,MATH 20E,A01,083771,Ganguly; Soumya,0,0,32,32
1655967903433,MATH 20E,A02,083772,Ganguly; Soumya,1,1,32,31
1655967903433,MATH 20E,B01,083773,Ciotti; Benjamin,14,0,35,21
1655967903433,MATH 20E,B02,083774,Ciotti; Benjamin,12,0,35,23
1655967909461,MATH 103A,A01,083777,Greenfeld; Be'Eri,2,1,36,34
1655967909461,MATH 103A,A02,083778,Greenfeld; Be'Eri,2,0,36,34
1655967909461,MATH 103A,A03,093561,Staff,0,1,36,36
1655967909461,MATH 103A,B01,083779,Greenfeld; Be'Eri,7,1,36,29
1655967909461,MATH 103A,B02,083780,Greenfeld; Be'Eri,1,0,36,35
1655967909461,MATH 103A,B03,093562,Staff,0,0,36,36
1655967915486,MATH 105,A01,085443,Carter; Anne Toulson,3,1,35,32
1655967915486,MATH 105,A02,093477,Staff,8,0,35,27
1655967921518,MATH 109,A01,083213,Ganzberger; Geoffrey Michael,0,1,34,34
1655967921518,MATH 109,A02,083214,Ganzberger; Geoffrey Michael,0,0,34,34
1655967921518,MATH 109,A03,093478,Staff,1,0,34,33
1655967921518,MATH 109,B01,083215,Ganzberger; Geoffrey Michael,2,0,32,30
1655967921518,MATH 109,B02,083216,Ganzberger; Geoffrey Michael,0,0,32,32
1655967921518,MATH 109,B03,093479,Staff,4,0,32,28
1655967927566,MATH 142A,A01,083219,Chow; Bennett,0,0,32,32
1655967927566,MATH 142A,A02,083220,Chow; Bennett,7,0,32,25
1655967927566,MATH 142A,A03,093480,Staff,4,0,32,28
1655967927566,MATH 142A,B03,093481,Staff,3,0,32,29
1655967927566,MATH 142A,B04,093558,Staff,6,0,32,26
1655967927566,MATH 142A,B05,093559,Staff,0,0,32,32
1655967933595,MATH 193A,A01,083224,Rotar; Vladimir,1,1,34,33
1655967933595,MATH 193A,A02,083225,Rotar; Vladimir,0,0,34,34
1655967933595,MATH 193A,A03,083781,Rotar; Vladimir,2,0,34,32
1655967933595,MATH 193A,A04,083782,Rotar; Vladimir,3,0,34,31
1655967933595,MATH 193A,A05,093482,Rotar; Vladimir,0,0,34,34
1655967939619,MATH 197,001,091859,McAuley; Julian John,9999,0,9999,0
1655967939619,MATH 197,002,095566,Kedlaya; Kiran S.,9997,0,9999,2
1655967939619,MATH 197,003,095567,Xiao; Ming,9999,0,9999,0
1655967939619,MATH 197,004,095571,Perols; Johan Lars,9998,0,9999,1
1655967946676,COGS 9,A01,083615,Shannon; Kyle Michael,3,1,75,72
1655967952701,COGS 11,A01,083617,Boyle; Mary E. T.,11,1,48,37
1655967958724,COGS 13,A01,083071,Bastos; Amalia Pinkusfeld,3,2,71,68
1655967964749,COGS 14A,A01,092681,Semenuks; Arturs,4,25,100,96
1655967970774,COGS 14B,A01,083073,Cheng; Tzu-Han,7,0,63,56
1655967976799,COGS 17,A01,092677,Semenuks; Arturs,8,7,81,73
1655967982828,COGS 100,A01,083619,Allen; Michael Gordon,2,2,70,68
1655967988859,COGS 101A,A01,083621,Davis; Joshua Daniel,4,3,68,64
1655967994889,COGS 101B,A01,091572,Allen; Michael Gordon,0,0,65,65
1655968000917,COGS 101C,A01,083625,Delgado; Tania,7,0,35,28
1655968006940,COGS 107A,A01,083627,Boyle; Mary E. T.,1,2,60,59
1655968012968,COGS 118A,A01,083075,Gupta; Anjum,21,16,76,55
1655968018993,CSE 3,A50,083646,Miranda; Gregory Joseph,14,0,50,36
1655968025018,CSE 8A,A50,083650,Miranda; Gregory Joseph,3,11,56,53
1655968031043,CSE 11,A01,083080,Cao; Yingjun,0,65,40,40
1655968037067,CSE 12,A01,083652,Krause-Levy; Sophia Louisa,6,8,120,114
1655968043096,CSE 15L,A01,083654,Morris; Justin Loren,3,1,50,47
1655968043096,CSE 15L,A02,083655,Morris; Justin Loren,1,1,50,49
1655968049127,CSE 20,A01,083657,Tran; Khoa Dang,29,0,80,51
1655968055166,CSE 21,A01,095574,Bach; Quang Tran,23,0,48,25
1655968061201,CSE 30,A01,083084,Eldon; John,2,10,80,78
1655968061201,CSE 30,B01,095061,Bhaskar; Nishant,0,4,50,50
1655968067230,CSE 100,A01,083659,Cao; Yingjun,2,25,70,68
1655968073264,CSE 134B,A01,083661,Powell; Thomas Allan,5,7,100,95
1655968079292,CSE 140,A01,083663,Gungor; Onat,5,0,85,80
1655968085317,CSE 140L,A01,083088,Eldon; John,5,0,100,95
1655968091340,CSE 175,A01,083665,Kumar; Rakesh,1,0,25,24
1655968097369,CSE 190,A00,092507,Dubnov; Shlomo,1,0,20,19
1655968103393,ECE 45,A01,083139,Congero; Spencer William,0,1,75,75
1655968109418,ECE 65,A50,083695,Saad; Andrew S,6,0,30,24
1655968109418,ECE 65,A51,095125,Staff,23,0,26,3
1655968115442,ECE 109,A01,091882,Touri; Behrouz,2,4,70,68
1655968121464,ECE 180,A00,083140,Abi Samra; Nicholas Camill,1,0,30,29
1655968121464,ECE 180,B00,083141,Abi Samra; Nicholas Camill,0,8,28,28
1655968127493,MATH 10A,A01,083735,Patchell; Gregory David,0,0,30,30
1655968127493,MATH 10A,A02,083736,Patchell; Gregory David,21,0,30,9
1655968127493,MATH 10A,A03,083737,Patchell; Gregory David,16,0,30,14
1655968133518,MATH 10B,A01,083207,Lim; Seonhee,1,1,34,33
1655968133518,MATH 10B,A02,083208,Lim; Seonhee,1,1,35,34
1655968133518,MATH 10B,A03,093472,Staff,1,0,34,33
1655968133518,MATH 10B,B01,083739,Sinha; Shubham,9,0,30,21
1655968139542,MATH 18,A01,083743,Cinel; Cameron Alexander,4,0,30,26
1655968139542,MATH 18,A02,083744,Cinel; Cameron Alexander,11,0,30,19
1655968139542,MATH 18,A03,083745,Cinel; Cameron Alexander,1,0,30,29
1655968139542,MATH 18,B01,083748,Ma; Zilu,2,0,36,34
1655968139542,MATH 18,B02,083749,Ma; Zilu,0,0,36,36
1655968139542,MATH 18,B03,083750,Ma; Zilu,0,0,36,36
1655968139542,MATH 18,B04,083751,Ma; Zilu,0,0,36,36
1655968139542,MATH 18,B05,093473,Staff,0,0,36,36
1655968139542,MATH 18,B06,093474,Staff,1,0,36,35
1655968145567,MATH 20A,A01,083754,Zheng; Zequn,10,0,40,30
1655968151666,MATH 20B,A01,083756,Briones; Jor-el Thomas Caparas,0,1,36,36
1655968151666,MATH 20B,A02,083757,Briones; Jor-el Thomas Caparas,1,0,36,35
1655968151666,MATH 20B,A03,093475,Staff,0,0,36,36
1655968157691,MATH 20C,A01,083760,Briones; Jor-el Thomas Caparas,0,2,35,35
1655968157691,MATH 20C,A02,083761,Briones; Jor-el Thomas Caparas,6,1,35,29
1655968157691,MATH 20C,A03,093476,Staff,1,0,35,34
1655968157691,MATH 20C,B01,083762,Bach; Quang Tran,3,0,30,27
1655968163723,MATH 20D,A01,083765,Tran; Brian Kha,1,0,30,29
1655968163723,MATH 20D,A02,083766,Tran; Brian Kha,0,1,30,30
1655968163723,MATH 20D,A03,083767,Tran; Brian Kha,1,0,30,29
1655968169755,MATH 20E,A01,083771,Ganguly; Soumya,0,0,32,32
1655968169755,MATH 20E,A02,083772,Ganguly; Soumya,1,1,32,31
1655968169755,MATH 20E,B01,083773,Ciotti; Benjamin,14,0,35,21
1655968169755,MATH 20E,B02,083774,Ciotti; Benjamin,12,0,35,23
1655968175780,MATH 103A,A01,083777,Greenfeld; Be'Eri,2,1,36,34
1655968175780,MATH 103A,A02,083778,Greenfeld; Be'Eri,2,0,36,34
1655968175780,MATH 103A,A03,093561,Staff,0,1,36,36
1655968175780,MATH 103A,B01,083779,Greenfeld; Be'Eri,7,1,36,29
1655968175780,MATH 103A,B02,083780,Greenfeld; Be'Eri,1,0,36,35
1655968175780,MATH 103A,B03,093562,Staff,0,0,36,36
1655968181808,MATH 105,A01,085443,Carter; Anne Toulson,3,1,35,32
1655968181808,MATH 105,A02,093477,Staff,8,0,35,27
1655968187832,MATH 109,A01,083213,Ganzberger; Geoffrey Michael,0,1,34,34
1655968187832,MATH 109,A02,083214,Ganzberger; Geoffrey Michael,0,0,34,34
1655968187832,MATH 109,A03,093478,Staff,1,0,34,33
1655968187832,MATH 109,B01,083215,Ganzberger; Geoffrey Michael,2,0,32,30
1655968187832,MATH 109,B02,083216,Ganzberger; Geoffrey Michael,0,0,32,32
1655968187832,MATH 109,B03,093479,Staff,4,0,32,28
1655968193856,MATH 142A,A01,083219,Chow; Bennett,0,0,32,32
1655968193856,MATH 142A,A02,083220,Chow; Bennett,7,0,32,25
1655968193856,MATH 142A,A03,093480,Staff,4,0,32,28
1655968193856,MATH 142A,B03,093481,Staff,3,0,32,29
1655968193856,MATH 142A,B04,093558,Staff,6,0,32,26
1655968193856,MATH 142A,B05,093559,Staff,0,0,32,32
1655968199879,MATH 193A,A01,083224,Rotar; Vladimir,1,1,34,33
1655968199879,MATH 193A,A02,083225,Rotar; Vladimir,0,0,34,34
1655968199879,MATH 193A,A03,083781,Rotar; Vladimir,2,0,34,32
1655968199879,MATH 193A,A04,083782,Rotar; Vladimir,3,0,34,31
1655968199879,MATH 193A,A05,093482,Rotar; Vladimir,0,0,34,34
1655968205903,MATH 197,001,091859,McAuley; Julian John,9999,0,9999,0
1655968205903,MATH 197,002,095566,Kedlaya; Kiran S.,9997,0,9999,2
1655968205903,MATH 197,003,095567,Xiao; Ming,9999,0,9999,0
1655968205903,MATH 197,004,095571,Perols; Johan Lars,9998,0,9999,1
1655968212969,COGS 9,A01,083615,Shannon; Kyle Michael,3,1,75,72
1655968218998,COGS 11,A01,083617,Boyle; Mary E. T.,11,1,48,37
1655968225029,COGS 13,A01,083071,Bastos; Amalia Pinkusfeld,3,2,71,68
1655968231058,COGS 14A,A01,092681,Semenuks; Arturs,4,25,100,96
1655968237085,COGS 14B,A01,083073,Cheng; Tzu-Han,7,0,63,56
1655968243110,COGS 17,A01,092677,Semenuks; Arturs,8,7,81,73
1655968249136,COGS 100,A01,083619,Allen; Michael Gordon,2,2,70,68
1655968255161,COGS 101A,A01,083621,Davis; Joshua Daniel,4,3,68,64
1655968261199,COGS 101B,A01,091572,Allen; Michael Gordon,0,0,65,65
1655968267221,COGS 101C,A01,083625,Delgado; Tania,7,0,35,28
1655968273246,COGS 107A,A01,083627,Boyle; Mary E. T.,1,2,60,59
1655968279271,COGS 118A,A01,083075,Gupta; Anjum,21,16,76,55
1655968285294,CSE 3,A50,083646,Miranda; Gregory Joseph,14,0,50,36
1655968291326,CSE 8A,A50,083650,Miranda; Gregory Joseph,3,11,56,53
1655968297350,CSE 11,A01,083080,Cao; Yingjun,0,65,40,40
1655968303382,CSE 12,A01,083652,Krause-Levy; Sophia Louisa,6,8,120,114
1655968309407,CSE 15L,A01,083654,Morris; Justin Loren,3,1,50,47
1655968309407,CSE 15L,A02,083655,Morris; Justin Loren,1,1,50,49
1655968315433,CSE 20,A01,083657,Tran; Khoa Dang,29,0,80,51
1655968321456,CSE 21,A01,095574,Bach; Quang Tran,23,0,48,25
1655968327479,CSE 30,A01,083084,Eldon; John,2,10,80,78
1655968327479,CSE 30,B01,095061,Bhaskar; Nishant,0,4,50,50
1655968333503,CSE 100,A01,083659,Cao; Yingjun,2,25,70,68
1655968339525,CSE 134B,A01,083661,Powell; Thomas Allan,5,7,100,95
1655968345549,CSE 140,A01,083663,Gungor; Onat,5,0,85,80
1655968351571,CSE 140L,A01,083088,Eldon; John,5,0,100,95
1655968357601,CSE 175,A01,083665,Kumar; Rakesh,1,0,25,24
1655968363626,CSE 190,A00,092507,Dubnov; Shlomo,1,0,20,19
1655968369650,ECE 45,A01,083139,Congero; Spencer William,0,1,75,75
1655968375682,ECE 65,A50,083695,Saad; Andrew S,6,0,30,24
1655968375682,ECE 65,A51,095125,Staff,23,0,26,3
1655968381706,ECE 109,A01,091882,Touri; Behrouz,2,4,70,68
1655968387731,ECE 180,A00,083140,Abi Samra; Nicholas Camill,1,0,30,29
1655968387731,ECE 180,B00,083141,Abi Samra; Nicholas Camill,0,8,28,28
1655968393757,MATH 10A,A01,083735,Patchell; Gregory David,0,0,30,30
1655968393757,MATH 10A,A02,083736,Patchell; Gregory David,21,0,30,9
1655968393757,MATH 10A,A03,083737,Patchell; Gregory David,16,0,30,14
1655968399783,MATH 10B,A01,083207,Lim; Seonhee,1,1,34,33
1655968399783,MATH 10B,A02,083208,Lim; Seonhee,1,1,35,34
1655968399783,MATH 10B,A03,093472,Staff,1,0,34,33
1655968399783,MATH 10B,B01,083739,Sinha; Shubham,9,0,30,21
1655968405821,MATH 18,A01,083743,Cinel; Cameron Alexander,5,0,30,25
1655968405821,MATH 18,A02,083744,Cinel; Cameron Alexander,11,0,30,19
1655968405821,MATH 18,A03,083745,Cinel; Cameron Alexander,1,0,30,29
1655968405821,MATH 18,B01,083748,Ma; Zilu,2,0,36,34
1655968405821,MATH 18,B02,083749,Ma; Zilu,0,0,36,36
1655968405821,MATH 18,B03,083750,Ma; Zilu,0,0,36,36
1655968405821,MATH 18,B04,083751,Ma; Zilu,0,0,36,36
1655968405821,MATH 18,B05,093473,Staff,0,0,36,36
1655968405821,MATH 18,B06,093474,Staff,1,0,36,35
1655968411854,MATH 20A,A01,083754,Zheng; Zequn,10,0,40,30
1655968417883,MATH 20B,A01,083756,Briones; Jor-el Thomas Caparas,0,1,36,36
1655968417883,MATH 20B,A02,083757,Briones; Jor-el Thomas Caparas,1,0,36,35
1655968417883,MATH 20B,A03,093475,Staff,0,0,36,36
1655968423918,MATH 20C,A01,083760,Briones; Jor-el Thomas Caparas,0,2,35,35
1655968423918,MATH 20C,A02,083761,Briones; Jor-el Thomas Caparas,6,1,35,29
1655968423918,MATH 20C,A03,093476,Staff,1,0,35,34
1655968423918,MATH 20C,B01,083762,Bach; Quang Tran,3,0,30,27
1655968429942,MATH 20D,A01,083765,Tran; Brian Kha,1,0,30,29
1655968429942,MATH 20D,A02,083766,Tran; Brian Kha,0,1,30,30
1655968429942,MATH 20D,A03,083767,Tran; Brian Kha,1,0,30,29
1655968435967,MATH 20E,A01,083771,Ganguly; Soumya,0,0,32,32
1655968435967,MATH 20E,A02,083772,Ganguly; Soumya,1,1,32,31
1655968435967,MATH 20E,B01,083773,Ciotti; Benjamin,14,0,35,21
1655968435967,MATH 20E,B02,083774,Ciotti; Benjamin,12,0,35,23
1655968442004,MATH 103A,A01,083777,Greenfeld; Be'Eri,2,1,36,34
1655968442004,MATH 103A,A02,083778,Greenfeld; Be'Eri,2,0,36,34
1655968442004,MATH 103A,A03,093561,Staff,0,1,36,36
1655968442004,MATH 103A,B01,083779,Greenfeld; Be'Eri,7,1,36,29
1655968442004,MATH 103A,B02,083780,Greenfeld; Be'Eri,1,0,36,35
1655968442004,MATH 103A,B03,093562,Staff,0,0,36,36
1655968448036,MATH 105,A01,085443,Carter; Anne Toulson,3,1,35,32
1655968448036,MATH 105,A02,093477,Staff,8,0,35,27
1655968454067,MATH 109,A01,083213,Ganzberger; Geoffrey Michael,0,1,34,34
1655968454067,MATH 109,A02,083214,Ganzberger; Geoffrey Michael,0,0,34,34
1655968454067,MATH 109,A03,093478,Staff,1,0,34,33
1655968454067,MATH 109,B01,083215,Ganzberger; Geoffrey Michael,2,0,32,30
1655968454067,MATH 109,B02,083216,Ganzberger; Geoffrey Michael,0,0,32,32
1655968454067,MATH 109,B03,093479,Staff,4,0,32,28
1655968460098,MATH 142A,A01,083219,Chow; Bennett,0,0,32,32
1655968460098,MATH 142A,A02,083220,Chow; Bennett,7,0,32,25
1655968460098,MATH 142A,A03,093480,Staff,4,0,32,28
1655968460098,MATH 142A,B03,093481,Staff,3,0,32,29
1655968460098,MATH 142A,B04,093558,Staff,6,0,32,26
1655968460098,MATH 142A,B05,093559,Staff,0,0,32,32
1655968466140,MATH 193A,A01,083224,Rotar; Vladimir,1,1,34,33
1655968466140,MATH 193A,A02,083225,Rotar; Vladimir,0,0,34,34
1655968466140,MATH 193A,A03,083781,Rotar; Vladimir,2,0,34,32
1655968466140,MATH 193A,A04,083782,Rotar; Vladimir,3,0,34,31
1655968466140,MATH 193A,A05,093482,Rotar; Vladimir,0,0,34,34
1655968472165,MATH 197,001,091859,McAuley; Julian John,9999,0,9999,0
1655968472165,MATH 197,002,095566,Kedlaya; Kiran S.,9997,0,9999,2
1655968472165,MATH 197,003,095567,Xiao; Ming,9999,0,9999,0
1655968472165,MATH 197,004,095571,Perols; Johan Lars,9998,0,9999,1
1655968479228,COGS 9,A01,083615,Shannon; Kyle Michael,3,1,75,72
1655968485265,COGS 11,A01,083617,Boyle; Mary E. T.,11,1,48,37
1655968491301,COGS 13,A01,083071,Bastos; Amalia Pinkusfeld,3,2,71,68
1655968497325,COGS 14A,A01,092681,Semenuks; Arturs,4,25,100,96
1655968503351,COGS 14B,A01,083073,Cheng; Tzu-Han,7,0,63,56
1655968509385,COGS 17,A01,092677,Semenuks; Arturs,8,7,81,73
1655968515410,COGS 100,A01,083619,Allen; Michael Gordon,2,2,70,68
1655968521440,COGS 101A,A01,083621,Davis; Joshua Daniel,4,3,68,64
1655968527475,COGS 101B,A01,091572,Allen; Michael Gordon,0,0,65,65
1655968533511,COGS 101C,A01,083625,Delgado; Tania,7,0,35,28
1655968539534,COGS 107A,A01,083627,Boyle; Mary E. T.,1,2,60,59
1655968545565,COGS 118A,A01,083075,Gupta; Anjum,21,16,76,55
1655968551590,CSE 3,A50,083646,Miranda; Gregory Joseph,14,0,50,36
1655968557626,CSE 8A,A50,083650,Miranda; Gregory Joseph,3,11,56,53
1655968563651,CSE 11,A01,083080,Cao; Yingjun,0,65,40,40
1655968569687,CSE 12,A01,083652,Krause-Levy; Sophia Louisa,6,8,120,114
1655968575719,CSE 15L,A01,083654,Morris; Justin Loren,3,1,50,47
1655968575719,CSE 15L,A02,083655,Morris; Justin Loren,1,1,50,49
1655968581744,CSE 20,A01,083657,Tran; Khoa Dang,29,0,80,51
1655968587775,CSE 21,A01,095574,Bach; Quang Tran,23,0,48,25
1655968593800,CSE 30,A01,083084,Eldon; John,2,10,80,78
1655968593800,CSE 30,B01,095061,Bhaskar; Nishant,0,4,50,50
1655968599830,CSE 100,A01,083659,Cao; Yingjun,2,25,70,68
1655968605860,CSE 134B,A01,083661,Powell; Thomas Allan,5,7,100,95
1655968611885,CSE 140,A01,083663,Gungor; Onat,5,0,85,80
1655968617908,CSE 140L,A01,083088,Eldon; John,5,0,100,95
1655968623933,CSE 175,A01,083665,Kumar; Rakesh,1,0,25,24
1655968629962,CSE 190,A00,092507,Dubnov; Shlomo,1,0,20,19
1655968636026,ECE 45,A01,083139,Congero; Spencer William,0,1,75,75
1655968642050,ECE 65,A50,083695,Saad; Andrew S,6,0,30,24
1655968642050,ECE 65,A51,095125,Staff,23,0,26,3
1655968648078,ECE 109,A01,091882,Touri; Behrouz,2,4,70,68
1655968654106,ECE 180,A00,083140,Abi Samra; Nicholas Camill,1,0,30,29
1655968654106,ECE 180,B00,083141,Abi Samra; Nicholas Camill,0,8,28,28
1655968660137,MATH 10A,A01,083735,Patchell; Gregory David,0,0,30,30
1655968660137,MATH 10A,A02,083736,Patchell; Gregory David,21,0,30,9
1655968660137,MATH 10A,A03,083737,Patchell; Gregory David,16,0,30,14
1655968666167,MATH 10B,A01,083207,Lim; Seonhee,1,1,34,33
1655968666167,MATH 10B,A02,083208,Lim; Seonhee,1,1,35,34
1655968666167,MATH 10B,A03,093472,Staff,1,0,34,33
1655968666167,MATH 10B,B01,083739,Sinha; Shubham,9,0,30,21
1655968672207,MATH 18,A01,083743,Cinel; Cameron Alexander,5,0,30,25
1655968672207,MATH 18,A02,083744,Cinel; Cameron Alexander,11,0,30,19
1655968672207,MATH 18,A03,083745,Cinel; Cameron Alexander,1,0,30,29
1655968672207,MATH 18,B01,083748,Ma; Zilu,2,0,36,34
1655968672207,MATH 18,B02,083749,Ma; Zilu,0,0,36,36
1655968672207,MATH 18,B03,083750,Ma; Zilu,0,0,36,36
1655968672207,MATH 18,B04,083751,Ma; Zilu,0,0,36,36
1655968672207,MATH 18,B05,093473,Staff,0,0,36,36
1655968672207,MATH 18,B06,093474,Staff,1,0,36,35
1655968678230,MATH 20A,A01,083754,Zheng; Zequn,10,0,40,30
1655968684256,MATH 20B,A01,083756,Briones; Jor-el Thomas Caparas,0,1,36,36
1655968684256,MATH 20B,A02,083757,Briones; Jor-el Thomas Caparas,1,0,36,35
1655968684256,MATH 20B,A03,093475,Staff,0,0,36,36
1655968690280,MATH 20C,A01,083760,Briones; Jor-el Thomas Caparas,0,2,35,35
1655968690280,MATH 20C,A02,083761,Briones; Jor-el Thomas Caparas,6,1,35,29
1655968690280,MATH 20C,A03,093476,Staff,1,0,35,34
1655968690280,MATH 20C,B01,083762,Bach; Quang Tran,3,0,30,27
1655968696305,MATH 20D,A01,083765,Tran; Brian Kha,1,0,30,29
1655968696305,MATH 20D,A02,083766,Tran; Brian Kha,0,1,30,30
1655968696305,MATH 20D,A03,083767,Tran; Brian Kha,1,0,30,29
1655968702331,MATH 20E,A01,083771,Ganguly; Soumya,0,0,32,32
1655968702331,MATH 20E,A02,083772,Ganguly; Soumya,1,1,32,31
1655968702331,MATH 20E,B01,083773,Ciotti; Benjamin,14,0,35,21
1655968702331,MATH 20E,B02,083774,Ciotti; Benjamin,12,0,35,23
1655968708368,MATH 103A,A01,083777,Greenfeld; Be'Eri,2,1,36,34
1655968708368,MATH 103A,A02,083778,Greenfeld; Be'Eri,2,0,36,34
1655968708368,MATH 103A,A03,093561,Staff,0,1,36,36
1655968708368,MATH 103A,B01,083779,Greenfeld; Be'Eri,7,1,36,29
1655968708368,MATH 103A,B02,083780,Greenfeld; Be'Eri,1,0,36,35
1655968708368,MATH 103A,B03,093562,Staff,0,0,36,36
1655968714399,MATH 105,A01,085443,Carter; Anne Toulson,3,1,35,32
1655968714399,MATH 105,A02,093477,Staff,8,0,35,27
1655968720423,MATH 109,A01,083213,Ganzberger; Geoffrey Michael,0,1,34,34
1655968720423,MATH 109,A02,083214,Ganzberger; Geoffrey Michael,0,0,34,34
1655968720423,MATH 109,A03,093478,Staff,1,0,34,33
1655968720423,MATH 109,B01,083215,Ganzberger; Geoffrey Michael,2,0,32,30
1655968720423,MATH 109,B02,083216,Ganzberger; Geoffrey Michael,0,0,32,32
1655968720423,MATH 109,B03,093479,Staff,4,0,32,28
1655968726454,MATH 142A,A01,083219,Chow; Bennett,0,0,32,32
1655968726454,MATH 142A,A02,083220,Chow; Bennett,7,0,32,25
1655968726454,MATH 142A,A03,093480,Staff,4,0,32,28
1655968726454,MATH 142A,B03,093481,Staff,3,0,32,29
1655968726454,MATH 142A,B04,093558,Staff,6,0,32,26
1655968726454,MATH 142A,B05,093559,Staff,0,0,32,32
1655968732484,MATH 193A,A01,083224,Rotar; Vladimir,1,1,34,33
1655968732484,MATH 193A,A02,083225,Rotar; Vladimir,0,0,34,34
1655968732484,MATH 193A,A03,083781,Rotar; Vladimir,2,0,34,32
1655968732484,MATH 193A,A04,083782,Rotar; Vladimir,3,0,34,31
1655968732484,MATH 193A,A05,093482,Rotar; Vladimir,0,0,34,34
1655968738508,MATH 197,001,091859,McAuley; Julian John,9999,0,9999,0
1655968738508,MATH 197,002,095566,Kedlaya; Kiran S.,9997,0,9999,2
1655968738508,MATH 197,003,095567,Xiao; Ming,9999,0,9999,0
1655968738508,MATH 197,004,095571,Perols; Johan Lars,9998,0,9999,1
1655968745658,COGS 9,A01,083615,Shannon; Kyle Michael,3,1,75,72
1655968751680,COGS 11,A01,083617,Boyle; Mary E. T.,11,1,48,37
1655968757706,COGS 13,A01,083071,Bastos; Amalia Pinkusfeld,3,2,71,68
1655968763735,COGS 14A,A01,092681,Semenuks; Arturs,4,25,100,96
1655968769758,COGS 14B,A01,083073,Cheng; Tzu-Han,7,0,63,56
1655968775787,COGS 17,A01,092677,Semenuks; Arturs,8,7,81,73
1655968781815,COGS 100,A01,083619,Allen; Michael Gordon,2,2,70,68
1655968787838,COGS 101A,A01,083621,Davis; Joshua Daniel,4,3,68,64
1655968793863,COGS 101B,A01,091572,Allen; Michael Gordon,0,0,65,65
1655968799888,COGS 101C,A01,083625,Delgado; Tania,7,0,35,28
1655968805918,COGS 107A,A01,083627,Boyle; Mary E. T.,1,2,60,59
1655968811944,COGS 118A,A01,083075,Gupta; Anjum,21,16,76,55
1655968817968,CSE 3,A50,083646,Miranda; Gregory Joseph,14,0,50,36
1655968823998,CSE 8A,A50,083650,Miranda; Gregory Joseph,3,11,56,53
1655968830022,CSE 11,A01,083080,Cao; Yingjun,0,65,40,40
1655968836049,CSE 12,A01,083652,Krause-Levy; Sophia Louisa,6,8,120,114
1655968842079,CSE 15L,A01,083654,Morris; Justin Loren,3,1,50,47
1655968842079,CSE 15L,A02,083655,Morris; Justin Loren,1,1,50,49
1655968848107,CSE 20,A01,083657,Tran; Khoa Dang,29,0,80,51
1655968854135,CSE 21,A01,095574,Bach; Quang Tran,23,0,48,25
1655968860167,CSE 30,A01,083084,Eldon; John,2,10,80,78
1655968860167,CSE 30,B01,095061,Bhaskar; Nishant,0,4,50,50
1655968866192,CSE 100,A01,083659,Cao; Yingjun,2,25,70,68
1655968872215,CSE 134B,A01,083661,Powell; Thomas Allan,5,7,100,95
1655968878245,CSE 140,A01,083663,Gungor; Onat,5,0,85,80
1655968884267,CSE 140L,A01,083088,Eldon; John,5,0,100,95
1655968890289,CSE 175,A01,083665,Kumar; Rakesh,1,0,25,24
1655968896313,CSE 190,A00,092507,Dubnov; Shlomo,1,0,20,19
1655968902341,ECE 45,A01,083139,Congero; Spencer William,0,1,75,75
1655968908367,ECE 65,A50,083695,Saad; Andrew S,6,0,30,24
1655968908367,ECE 65,A51,095125,Staff,23,0,26,3
1655968914397,ECE 109,A01,091882,Touri; Behrouz,2,4,70,68
1655968920426,ECE 180,A00,083140,Abi Samra; Nicholas Camill,1,0,30,29
1655968920426,ECE 180,B00,083141,Abi Samra; Nicholas Camill,0,8,28,28
1655968926451,MATH 10A,A01,083735,Patchell; Gregory David,0,0,30,30
1655968926451,MATH 10A,A02,083736,Patchell; Gregory David,21,0,30,9
1655968926451,MATH 10A,A03,083737,Patchell; Gregory David,16,0,30,14
1655968932485,MATH 10B,A01,083207,Lim; Seonhee,1,1,34,33
1655968932485,MATH 10B,A02,083208,Lim; Seonhee,1,1,35,34
1655968932485,MATH 10B,A03,093472,Staff,1,0,34,33
1655968932485,MATH 10B,B01,083739,Sinha; Shubham,9,0,30,21
1655968938512,MATH 18,A01,083743,Cinel; Cameron Alexander,5,0,30,25
1655968938512,MATH 18,A02,083744,Cinel; Cameron Alexander,11,0,30,19
1655968938512,MATH 18,A03,083745,Cinel; Cameron Alexander,1,0,30,29
1655968938512,MATH 18,B01,083748,Ma; Zilu,2,0,36,34
1655968938512,MATH 18,B02,083749,Ma; Zilu,0,0,36,36
1655968938512,MATH 18,B03,083750,Ma; Zilu,0,0,36,36
1655968938512,MATH 18,B04,083751,Ma; Zilu,0,0,36,36
1655968938512,MATH 18,B05,093473,Staff,0,0,36,36
1655968938512,MATH 18,B06,093474,Staff,1,0,36,35
1655968944544,MATH 20A,A01,083754,Zheng; Zequn,10,0,40,30
1655968950571,MATH 20B,A01,083756,Briones; Jor-el Thomas Caparas,0,1,36,36
1655968950571,MATH 20B,A02,083757,Briones; Jor-el Thomas Caparas,1,0,36,35
1655968950571,MATH 20B,A03,093475,Staff,0,0,36,36
1655968956602,MATH 20C,A01,083760,Briones; Jor-el Thomas Caparas,0,2,35,35
1655968956602,MATH 20C,A02,083761,Briones; Jor-el Thomas Caparas,6,1,35,29
1655968956602,MATH 20C,A03,093476,Staff,1,0,35,34
1655968956602,MATH 20C,B01,083762,Bach; Quang Tran,3,0,30,27
1655968962632,MATH 20D,A01,083765,Tran; Brian Kha,1,0,30,29
1655968962632,MATH 20D,A02,083766,Tran; Brian Kha,0,1,30,30
1655968962632,MATH 20D,A03,083767,Tran; Brian Kha,1,0,30,29
1655968968675,MATH 20E,A01,083771,Ganguly; Soumya,0,0,32,32
1655968968675,MATH 20E,A02,083772,Ganguly; Soumya,1,1,32,31
1655968968675,MATH 20E,B01,083773,Ciotti; Benjamin,14,0,35,21
1655968968675,MATH 20E,B02,083774,Ciotti; Benjamin,12,0,35,23
1655968974702,MATH 103A,A01,083777,Greenfeld; Be'Eri,2,1,36,34
1655968974702,MATH 103A,A02,083778,Greenfeld; Be'Eri,2,0,36,34
1655968974702,MATH 103A,A03,093561,Staff,0,1,36,36
1655968974702,MATH 103A,B01,083779,Greenfeld; Be'Eri,7,1,36,29
1655968974702,MATH 103A,B02,083780,Greenfeld; Be'Eri,1,0,36,35
1655968974702,MATH 103A,B03,093562,Staff,0,0,36,36
1655968980726,MATH 105,A01,085443,Carter; Anne Toulson,3,1,35,32
1655968980726,MATH 105,A02,093477,Staff,8,0,35,27
1655968986756,MATH 109,A01,083213,Ganzberger; Geoffrey Michael,0,1,34,34
1655968986756,MATH 109,A02,083214,Ganzberger; Geoffrey Michael,0,0,34,34
1655968986756,MATH 109,A03,093478,Staff,1,0,34,33
1655968986756,MATH 109,B01,083215,Ganzberger; Geoffrey Michael,2,0,32,30
1655968986756,MATH 109,B02,083216,Ganzberger; Geoffrey Michael,0,0,32,32
1655968986756,MATH 109,B03,093479,Staff,4,0,32,28
1655968992791,MATH 142A,A01,083219,Chow; Bennett,0,0,32,32
1655968992791,MATH 142A,A02,083220,Chow; Bennett,7,0,32,25
1655968992791,MATH 142A,A03,093480,Staff,4,0,32,28
1655968992791,MATH 142A,B03,093481,Staff,3,0,32,29
1655968992791,MATH 142A,B04,093558,Staff,6,0,32,26
1655968992791,MATH 142A,B05,093559,Staff,0,0,32,32
1655968998819,MATH 193A,A01,083224,Rotar; Vladimir,1,1,34,33
1655968998819,MATH 193A,A02,083225,Rotar; Vladimir,0,0,34,34
1655968998819,MATH 193A,A03,083781,Rotar; Vladimir,2,0,34,32
1655968998819,MATH 193A,A04,083782,Rotar; Vladimir,3,0,34,31
1655968998819,MATH 193A,A05,093482,Rotar; Vladimir,0,0,34,34
1655969004850,MATH 197,001,091859,McAuley; Julian John,9999,0,9999,0
1655969004850,MATH 197,002,095566,Kedlaya; Kiran S.,9997,0,9999,2
1655969004850,MATH 197,003,095567,Xiao; Ming,9999,0,9999,0
1655969004850,MATH 197,004,095571,Perols; Johan Lars,9998,0,9999,1
1655969011905,COGS 9,A01,083615,Shannon; Kyle Michael,3,1,75,72
1655969017935,COGS 11,A01,083617,Boyle; Mary E. T.,11,1,48,37
1655969023960,COGS 13,A01,083071,Bastos; Amalia Pinkusfeld,3,2,71,68
1655969029985,COGS 14A,A01,092681,Semenuks; Arturs,4,25,100,96
1655969036010,COGS 14B,A01,083073,Cheng; Tzu-Han,7,0,63,56
1655969042037,COGS 17,A01,092677,Semenuks; Arturs,8,7,81,73
1655969048063,COGS 100,A01,083619,Allen; Michael Gordon,2,2,70,68
1655969054091,COGS 101A,A01,083621,Davis; Joshua Daniel,4,3,68,64
1655969060114,COGS 101B,A01,091572,Allen; Michael Gordon,0,0,65,65
1655969066139,COGS 101C,A01,083625,Delgado; Tania,7,0,35,28
1655969072165,COGS 107A,A01,083627,Boyle; Mary E. T.,1,2,60,59
1655969078193,COGS 118A,A01,083075,Gupta; Anjum,21,16,76,55
1655969084224,CSE 3,A50,083646,Miranda; Gregory Joseph,14,0,50,36
1655969090247,CSE 8A,A50,083650,Miranda; Gregory Joseph,3,11,56,53
1655969096275,CSE 11,A01,083080,Cao; Yingjun,0,65,40,40
1655969102307,CSE 12,A01,083652,Krause-Levy; Sophia Louisa,6,8,120,114
1655969108332,CSE 15L,A01,083654,Morris; Justin Loren,3,1,50,47
1655969108332,CSE 15L,A02,083655,Morris; Justin Loren,1,1,50,49
1655969114360,CSE 20,A01,083657,Tran; Khoa Dang,29,0,80,51
1655969120383,CSE 21,A01,095574,Bach; Quang Tran,23,0,48,25
1655969126415,CSE 30,A01,083084,Eldon; John,2,10,80,78
1655969126415,CSE 30,B01,095061,Bhaskar; Nishant,0,4,50,50
1655969132439,CSE 100,A01,083659,Cao; Yingjun,2,25,70,68
1655969138463,CSE 134B,A01,083661,Powell; Thomas Allan,5,7,100,95
1655969144487,CSE 140,A01,083663,Gungor; Onat,5,0,85,80
1655969150512,CSE 140L,A01,083088,Eldon; John,5,0,100,95
1655969156536,CSE 175,A01,083665,Kumar; Rakesh,1,0,25,24
1655969162561,CSE 190,A00,092507,Dubnov; Shlomo,1,0,20,19
1655969168586,ECE 45,A01,083139,Congero; Spencer William,0,1,75,75
1655969174611,ECE 65,A50,083695,Saad; Andrew S,6,0,30,24
1655969174611,ECE 65,A51,095125,Staff,23,0,26,3
1655969180636,ECE 109,A01,091882,Touri; Behrouz,2,4,70,68
1655969186660,ECE 180,A00,083140,Abi Samra; Nicholas Camill,1,0,30,29
1655969186660,ECE 180,B00,083141,Abi Samra; Nicholas Camill,0,8,28,28
1655969192687,MATH 10A,A01,083735,Patchell; Gregory David,0,0,30,30
1655969192687,MATH 10A,A02,083736,Patchell; Gregory David,21,0,30,9
1655969192687,MATH 10A,A03,083737,Patchell; Gregory David,16,0,30,14
1655969198717,MATH 10B,A01,083207,Lim; Seonhee,1,1,34,33
1655969198717,MATH 10B,A02,083208,Lim; Seonhee,1,1,35,34
1655969198717,MATH 10B,A03,093472,Staff,1,0,34,33
1655969198717,MATH 10B,B01,083739,Sinha; Shubham,9,0,30,21
1655969204744,MATH 18,A01,083743,Cinel; Cameron Alexander,5,0,30,25
1655969204744,MATH 18,A02,083744,Cinel; Cameron Alexander,11,0,30,19
1655969204744,MATH 18,A03,083745,Cinel; Cameron Alexander,1,0,30,29
1655969204744,MATH 18,B01,083748,Ma; Zilu,2,0,36,34
1655969204744,MATH 18,B02,083749,Ma; Zilu,0,0,36,36
1655969204744,MATH 18,B03,083750,Ma; Zilu,0,0,36,36
1655969204744,MATH 18,B04,083751,Ma; Zilu,0,0,36,36
1655969204744,MATH 18,B05,093473,Staff,0,0,36,36
1655969204744,MATH 18,B06,093474,Staff,1,0,36,35
1655969210769,MATH 20A,A01,083754,Zheng; Zequn,10,0,40,30
1655969216793,MATH 20B,A01,083756,Briones; Jor-el Thomas Caparas,0,1,36,36
1655969216793,MATH 20B,A02,083757,Briones; Jor-el Thomas Caparas,1,0,36,35
1655969216793,MATH 20B,A03,093475,Staff,0,0,36,36
1655969222819,MATH 20C,A01,083760,Briones; Jor-el Thomas Caparas,0,2,35,35
1655969222819,MATH 20C,A02,083761,Briones; Jor-el Thomas Caparas,6,1,35,29
1655969222819,MATH 20C,A03,093476,Staff,1,0,35,34
1655969222819,MATH 20C,B01,083762,Bach; Quang Tran,3,0,30,27
1655969228850,MATH 20D,A01,083765,Tran; Brian Kha,1,0,30,29
1655969228850,MATH 20D,A02,083766,Tran; Brian Kha,0,1,30,30
1655969228850,MATH 20D,A03,083767,Tran; Brian Kha,1,0,30,29
1655969234876,MATH 20E,A01,083771,Ganguly; Soumya,0,0,32,32
1655969234876,MATH 20E,A02,083772,Ganguly; Soumya,1,1,32,31
1655969234876,MATH 20E,B01,083773,Ciotti; Benjamin,14,0,35,21
1655969234876,MATH 20E,B02,083774,Ciotti; Benjamin,12,0,35,23
1655969240906,MATH 103A,A01,083777,Greenfeld; Be'Eri,2,1,36,34
1655969240906,MATH 103A,A02,083778,Greenfeld; Be'Eri,2,0,36,34
1655969240906,MATH 103A,A03,093561,Staff,0,1,36,36
1655969240906,MATH 103A,B01,083779,Greenfeld; Be'Eri,7,1,36,29
1655969240906,MATH 103A,B02,083780,Greenfeld; Be'Eri,1,0,36,35
1655969240906,MATH 103A,B03,093562,Staff,0,0,36,36
1655969246932,MATH 105,A01,085443,Carter; Anne Toulson,3,1,35,32
1655969246932,MATH 105,A02,093477,Staff,8,0,35,27
1655969252959,MATH 109,A01,083213,Ganzberger; Geoffrey Michael,0,1,34,34
1655969252959,MATH 109,A02,083214,Ganzberger; Geoffrey Michael,0,0,34,34
1655969252959,MATH 109,A03,093478,Staff,1,0,34,33
1655969252959,MATH 109,B01,083215,Ganzberger; Geoffrey Michael,2,0,32,30
1655969252959,MATH 109,B02,083216,Ganzberger; Geoffrey Michael,0,0,32,32
1655969252959,MATH 109,B03,093479,Staff,4,0,32,28
1655969258985,MATH 142A,A01,083219,Chow; Bennett,0,0,32,32
1655969258985,MATH 142A,A02,083220,Chow; Bennett,7,0,32,25
1655969258985,MATH 142A,A03,093480,Staff,4,0,32,28
1655969258985,MATH 142A,B03,093481,Staff,3,0,32,29
1655969258985,MATH 142A,B04,093558,Staff,6,0,32,26
1655969258985,MATH 142A,B05,093559,Staff,0,0,32,32
1655969265016,MATH 193A,A01,083224,Rotar; Vladimir,1,1,34,33
1655969265016,MATH 193A,A02,083225,Rotar; Vladimir,0,0,34,34
1655969265016,MATH 193A,A03,083781,Rotar; Vladimir,2,0,34,32
1655969265016,MATH 193A,A04,083782,Rotar; Vladimir,3,0,34,31
1655969265016,MATH 193A,A05,093482,Rotar; Vladimir,0,0,34,34
1655969271043,MATH 197,001,091859,McAuley; Julian John,9999,0,9999,0
1655969271043,MATH 197,002,095566,Kedlaya; Kiran S.,9997,0,9999,2
1655969271043,MATH 197,003,095567,Xiao; Ming,9999,0,9999,0
1655969271043,MATH 197,004,095571,Perols; Johan Lars,9998,0,9999,1
1655969278116,COGS 9,A01,083615,Shannon; Kyle Michael,3,1,75,72
1655969284143,COGS 11,A01,083617,Boyle; Mary E. T.,11,1,48,37
1655969290175,COGS 13,A01,083071,Bastos; Amalia Pinkusfeld,3,2,71,68
1655969296200,COGS 14A,A01,092681,Semenuks; Arturs,4,25,100,96
1655969302229,COGS 14B,A01,083073,Cheng; Tzu-Han,7,0,63,56
1655969308251,COGS 17,A01,092677,Semenuks; Arturs,8,7,81,73
1655969314277,COGS 100,A01,083619,Allen; Michael Gordon,2,2,70,68
1655969320300,COGS 101A,A01,083621,Davis; Joshua Daniel,4,3,68,64
1655969326323,COGS 101B,A01,091572,Allen; Michael Gordon,0,0,65,65
1655969332346,COGS 101C,A01,083625,Delgado; Tania,7,0,35,28
1655969338373,COGS 107A,A01,083627,Boyle; Mary E. T.,1,2,60,59
1655969344482,COGS 118A,A01,083075,Gupta; Anjum,21,16,76,55
1655969350511,CSE 3,A50,083646,Miranda; Gregory Joseph,14,0,50,36
1655969356534,CSE 8A,A50,083650,Miranda; Gregory Joseph,3,11,56,53
1655969362560,CSE 11,A01,083080,Cao; Yingjun,0,65,40,40
1655969368585,CSE 12,A01,083652,Krause-Levy; Sophia Louisa,6,8,120,114
1655969374609,CSE 15L,A01,083654,Morris; Justin Loren,3,1,50,47
1655969374609,CSE 15L,A02,083655,Morris; Justin Loren,1,1,50,49
1655969380636,CSE 20,A01,083657,Tran; Khoa Dang,29,0,80,51
1655969386661,CSE 21,A01,095574,Bach; Quang Tran,23,0,48,25
1655969392687,CSE 30,A01,083084,Eldon; John,2,10,80,78
1655969392687,CSE 30,B01,095061,Bhaskar; Nishant,0,4,50,50
1655969398713,CSE 100,A01,083659,Cao; Yingjun,2,25,70,68
1655969404738,CSE 134B,A01,083661,Powell; Thomas Allan,5,7,100,95
1655969410763,CSE 140,A01,083663,Gungor; Onat,5,0,85,80
1655969416787,CSE 140L,A01,083088,Eldon; John,5,0,100,95
1655969422816,CSE 175,A01,083665,Kumar; Rakesh,1,0,25,24
1655969428840,CSE 190,A00,092507,Dubnov; Shlomo,1,0,20,19
1655969434865,ECE 45,A01,083139,Congero; Spencer William,0,1,75,75
1655969440905,ECE 65,A50,083695,Saad; Andrew S,6,0,30,24
1655969440905,ECE 65,A51,095125,Staff,23,0,26,3
1655969446933,ECE 109,A01,091882,Touri; Behrouz,2,4,70,68
1655969452957,ECE 180,A00,083140,Abi Samra; Nicholas Camill,1,0,30,29
1655969452957,ECE 180,B00,083141,Abi Samra; Nicholas Camill,0,8,28,28
1655969458988,MATH 10A,A01,083735,Patchell; Gregory David,0,0,30,30
1655969458988,MATH 10A,A02,083736,Patchell; Gregory David,21,0,30,9
1655969458988,MATH 10A,A03,083737,Patchell; Gregory David,16,0,30,14
1655969465013,MATH 10B,A01,083207,Lim; Seonhee,1,1,34,33
1655969465013,MATH 10B,A02,083208,Lim; Seonhee,1,1,35,34
1655969465013,MATH 10B,A03,093472,Staff,1,0,34,33
1655969465013,MATH 10B,B01,083739,Sinha; Shubham,9,0,30,21
1655969471048,MATH 18,A01,083743,Cinel; Cameron Alexander,5,0,30,25
1655969471048,MATH 18,A02,083744,Cinel; Cameron Alexander,11,0,30,19
1655969471048,MATH 18,A03,083745,Cinel; Cameron Alexander,1,0,30,29
1655969471048,MATH 18,B01,083748,Ma; Zilu,2,0,36,34
1655969471048,MATH 18,B02,083749,Ma; Zilu,0,0,36,36
1655969471048,MATH 18,B03,083750,Ma; Zilu,0,0,36,36
1655969471048,MATH 18,B04,083751,Ma; Zilu,0,0,36,36
1655969471048,MATH 18,B05,093473,Staff,0,0,36,36
1655969471048,MATH 18,B06,093474,Staff,1,0,36,35
1655969477083,MATH 20A,A01,083754,Zheng; Zequn,10,0,40,30
1655969483108,MATH 20B,A01,083756,Briones; Jor-el Thomas Caparas,0,1,36,36
1655969483108,MATH 20B,A02,083757,Briones; Jor-el Thomas Caparas,1,0,36,35
1655969483108,MATH 20B,A03,093475,Staff,0,0,36,36
1655969489134,MATH 20C,A01,083760,Briones; Jor-el Thomas Caparas,0,2,35,35
1655969489134,MATH 20C,A02,083761,Briones; Jor-el Thomas Caparas,6,1,35,29
1655969489134,MATH 20C,A03,093476,Staff,1,0,35,34
1655969489134,MATH 20C,B01,083762,Bach; Quang Tran,3,0,30,27
1655969495158,MATH 20D,A01,083765,Tran; Brian Kha,1,0,30,29
1655969495158,MATH 20D,A02,083766,Tran; Brian Kha,0,1,30,30
1655969495158,MATH 20D,A03,083767,Tran; Brian Kha,1,0,30,29
1655969501209,MATH 20E,A01,083771,Ganguly; Soumya,0,0,32,32
1655969501209,MATH 20E,A02,083772,Ganguly; Soumya,1,1,32,31
1655969501209,MATH 20E,B01,083773,Ciotti; Benjamin,14,0,35,21
1655969501209,MATH 20E,B02,083774,Ciotti; Benjamin,12,0,35,23
1655969507242,MATH 103A,A01,083777,Greenfeld; Be'Eri,2,1,36,34
1655969507242,MATH 103A,A02,083778,Greenfeld; Be'Eri,2,0,36,34
1655969507242,MATH 103A,A03,093561,Staff,0,1,36,36
1655969507242,MATH 103A,B01,083779,Greenfeld; Be'Eri,7,1,36,29
1655969507242,MATH 103A,B02,083780,Greenfeld; Be'Eri,1,0,36,35
1655969507242,MATH 103A,B03,093562,Staff,0,0,36,36
1655969513273,MATH 105,A01,085443,Carter; Anne Toulson,3,1,35,32
1655969513273,MATH 105,A02,093477,Staff,8,0,35,27
1655969519305,MATH 109,A01,083213,Ganzberger; Geoffrey Michael,0,1,34,34
1655969519305,MATH 109,A02,083214,Ganzberger; Geoffrey Michael,0,0,34,34
1655969519305,MATH 109,A03,093478,Staff,1,0,34,33
1655969519305,MATH 109,B01,083215,Ganzberger; Geoffrey Michael,2,0,32,30
1655969519305,MATH 109,B02,083216,Ganzberger; Geoffrey Michael,0,0,32,32
1655969519305,MATH 109,B03,093479,Staff,4,0,32,28
1655969525330,MATH 142A,A01,083219,Chow; Bennett,0,0,32,32
1655969525330,MATH 142A,A02,083220,Chow; Bennett,7,0,32,25
1655969525330,MATH 142A,A03,093480,Staff,4,0,32,28
1655969525330,MATH 142A,B03,093481,Staff,3,0,32,29
1655969525330,MATH 142A,B04,093558,Staff,6,0,32,26
1655969525330,MATH 142A,B05,093559,Staff,0,0,32,32
1655969531356,MATH 193A,A01,083224,Rotar; Vladimir,1,1,34,33
1655969531356,MATH 193A,A02,083225,Rotar; Vladimir,0,0,34,34
1655969531356,MATH 193A,A03,083781,Rotar; Vladimir,2,0,34,32
1655969531356,MATH 193A,A04,083782,Rotar; Vladimir,3,0,34,31
1655969531356,MATH 193A,A05,093482,Rotar; Vladimir,0,0,34,34
1655969537388,MATH 197,001,091859,McAuley; Julian John,9999,0,9999,0
1655969537388,MATH 197,002,095566,Kedlaya; Kiran S.,9997,0,9999,2
1655969537388,MATH 197,003,095567,Xiao; Ming,9999,0,9999,0
1655969537388,MATH 197,004,095571,Perols; Johan Lars,9998,0,9999,1
1655969544455,COGS 9,A01,083615,Shannon; Kyle Michael,3,1,75,72
1655969550488,COGS 11,A01,083617,Boyle; Mary E. T.,11,1,48,37
1655969556514,COGS 13,A01,083071,Bastos; Amalia Pinkusfeld,3,2,71,68
1655969562540,COGS 14A,A01,092681,Semenuks; Arturs,4,25,100,96
1655969568571,COGS 14B,A01,083073,Cheng; Tzu-Han,7,0,63,56
1655969574602,COGS 17,A01,092677,Semenuks; Arturs,8,7,81,73
1655969580633,COGS 100,A01,083619,Allen; Michael Gordon,2,2,70,68
1655969586659,COGS 101A,A01,083621,Davis; Joshua Daniel,4,3,68,64
1655969592684,COGS 101B,A01,091572,Allen; Michael Gordon,0,0,65,65
1655969598714,COGS 101C,A01,083625,Delgado; Tania,7,0,35,28
1655969604738,COGS 107A,A01,083627,Boyle; Mary E. T.,1,2,60,59
1655969610767,COGS 118A,A01,083075,Gupta; Anjum,21,16,76,55
1655969616800,CSE 3,A50,083646,Miranda; Gregory Joseph,14,0,50,36
1655969622825,CSE 8A,A50,083650,Miranda; Gregory Joseph,3,11,56,53
1655969628854,CSE 11,A01,083080,Cao; Yingjun,0,65,40,40
1655969634879,CSE 12,A01,083652,Krause-Levy; Sophia Louisa,6,8,120,114
1655969640913,CSE 15L,A01,083654,Morris; Justin Loren,3,1,50,47
1655969640913,CSE 15L,A02,083655,Morris; Justin Loren,1,1,50,49
1655969646939,CSE 20,A01,083657,Tran; Khoa Dang,29,0,80,51
1655969652965,CSE 21,A01,095574,Bach; Quang Tran,23,0,48,25
1655969659004,CSE 30,A01,083084,Eldon; John,2,10,80,78
1655969659004,CSE 30,B01,095061,Bhaskar; Nishant,0,4,50,50
1655969665029,CSE 100,A01,083659,Cao; Yingjun,2,25,70,68
1655969671054,CSE 134B,A01,083661,Powell; Thomas Allan,5,7,100,95
1655969677088,CSE 140,A01,083663,Gungor; Onat,5,0,85,80
1655969683111,CSE 140L,A01,083088,Eldon; John,5,0,100,95
1655969689139,CSE 175,A01,083665,Kumar; Rakesh,1,0,25,24
1655969695175,CSE 190,A00,092507,Dubnov; Shlomo,1,0,20,19
1655969701209,ECE 45,A01,083139,Congero; Spencer William,0,1,75,75
1655969707243,ECE 65,A50,083695,Saad; Andrew S,6,0,30,24
1655969707243,ECE 65,A51,095125,Staff,23,0,26,3
1655969713268,ECE 109,A01,091882,Touri; Behrouz,2,4,70,68
1655969719294,ECE 180,A00,083140,Abi Samra; Nicholas Camill,1,0,30,29
1655969719294,ECE 180,B00,083141,Abi Samra; Nicholas Camill,0,8,28,28
1655969725320,MATH 10A,A01,083735,Patchell; Gregory David,0,0,30,30
1655969725320,MATH 10A,A02,083736,Patchell; Gregory David,21,0,30,9
1655969725320,MATH 10A,A03,083737,Patchell; Gregory David,16,0,30,14
1655969731356,MATH 10B,A01,083207,Lim; Seonhee,1,1,34,33
1655969731356,MATH 10B,A02,083208,Lim; Seonhee,1,1,35,34
1655969731356,MATH 10B,A03,093472,Staff,1,0,34,33
1655969731356,MATH 10B,B01,083739,Sinha; Shubham,9,0,30,21
1655969737406,MATH 18,A01,083743,Cinel; Cameron Alexander,5,0,30,25
1655969737406,MATH 18,A02,083744,Cinel; Cameron Alexander,11,0,30,19
1655969737406,MATH 18,A03,083745,Cinel; Cameron Alexander,1,0,30,29
1655969737406,MATH 18,B01,083748,Ma; Zilu,2,0,36,34
1655969737406,MATH 18,B02,083749,Ma; Zilu,0,0,36,36
1655969737406,MATH 18,B03,083750,Ma; Zilu,0,0,36,36
1655969737406,MATH 18,B04,083751,Ma; Zilu,0,0,36,36
1655969737406,MATH 18,B05,093473,Staff,0,0,36,36
1655969737406,MATH 18,B06,093474,Staff,1,0,36,35
1655969743433,MATH 20A,A01,083754,Zheng; Zequn,10,0,40,30
1655969749459,MATH 20B,A01,083756,Briones; Jor-el Thomas Caparas,0,1,36,36
1655969749459,MATH 20B,A02,083757,Briones; Jor-el Thomas Caparas,1,0,36,35
1655969749459,MATH 20B,A03,093475,Staff,0,0,36,36
1655969755485,MATH 20C,A01,083760,Briones; Jor-el Thomas Caparas,0,2,35,35
1655969755485,MATH 20C,A02,083761,Briones; Jor-el Thomas Caparas,6,1,35,29
1655969755485,MATH 20C,A03,093476,Staff,1,0,35,34
1655969755485,MATH 20C,B01,083762,Bach; Quang Tran,3,0,30,27
1655969761508,MATH 20D,A01,083765,Tran; Brian Kha,1,0,30,29
1655969761508,MATH 20D,A02,083766,Tran; Brian Kha,0,1,30,30
1655969761508,MATH 20D,A03,083767,Tran; Brian Kha,1,0,30,29
1655969767541,MATH 20E,A01,083771,Ganguly; Soumya,0,0,32,32
1655969767541,MATH 20E,A02,083772,Ganguly; Soumya,1,1,32,31
1655969767541,MATH 20E,B01,083773,Ciotti; Benjamin,14,0,35,21
1655969767541,MATH 20E,B02,083774,Ciotti; Benjamin,12,0,35,23
1655969773568,MATH 103A,A01,083777,Greenfeld; Be'Eri,2,1,36,34
1655969773568,MATH 103A,A02,083778,Greenfeld; Be'Eri,2,0,36,34
1655969773568,MATH 103A,A03,093561,Staff,0,1,36,36
1655969773568,MATH 103A,B01,083779,Greenfeld; Be'Eri,7,1,36,29
1655969773568,MATH 103A,B02,083780,Greenfeld; Be'Eri,1,0,36,35
1655969773568,MATH 103A,B03,093562,Staff,0,0,36,36
1655969779599,MATH 105,A01,085443,Carter; Anne Toulson,3,1,35,32
1655969779599,MATH 105,A02,093477,Staff,8,0,35,27
1655969785628,MATH 109,A01,083213,Ganzberger; Geoffrey Michael,0,1,34,34
1655969785628,MATH 109,A02,083214,Ganzberger; Geoffrey Michael,0,0,34,34
1655969785628,MATH 109,A03,093478,Staff,1,0,34,33
1655969785628,MATH 109,B01,083215,Ganzberger; Geoffrey Michael,2,0,32,30
1655969785628,MATH 109,B02,083216,Ganzberger; Geoffrey Michael,0,0,32,32
1655969785628,MATH 109,B03,093479,Staff,4,0,32,28
1655969791664,MATH 142A,A01,083219,Chow; Bennett,0,0,32,32
1655969791664,MATH 142A,A02,083220,Chow; Bennett,7,0,32,25
1655969791664,MATH 142A,A03,093480,Staff,4,0,32,28
1655969791664,MATH 142A,B03,093481,Staff,3,0,32,29
1655969791664,MATH 142A,B04,093558,Staff,6,0,32,26
1655969791664,MATH 142A,B05,093559,Staff,0,0,32,32
1655969797690,MATH 193A,A01,083224,Rotar; Vladimir,1,1,34,33
1655969797690,MATH 193A,A02,083225,Rotar; Vladimir,0,0,34,34
1655969797690,MATH 193A,A03,083781,Rotar; Vladimir,2,0,34,32
1655969797690,MATH 193A,A04,083782,Rotar; Vladimir,3,0,34,31
1655969797690,MATH 193A,A05,093482,Rotar; Vladimir,0,0,34,34
1655969803715,MATH 197,001,091859,McAuley; Julian John,9999,0,9999,0
1655969803715,MATH 197,002,095566,Kedlaya; Kiran S.,9997,0,9999,2
1655969803715,MATH 197,003,095567,Xiao; Ming,9999,0,9999,0
1655969803715,MATH 197,004,095571,Perols; Johan Lars,9998,0,9999,1
1655969810789,COGS 9,A01,083615,Shannon; Kyle Michael,3,1,75,72
1655969816819,COGS 11,A01,083617,Boyle; Mary E. T.,11,1,48,37
1655969822845,COGS 13,A01,083071,Bastos; Amalia Pinkusfeld,3,2,71,68
1655969828875,COGS 14A,A01,092681,Semenuks; Arturs,4,25,100,96
1655969834899,COGS 14B,A01,083073,Cheng; Tzu-Han,7,0,63,56
1655969840923,COGS 17,A01,092677,Semenuks; Arturs,8,7,81,73
1655969846952,COGS 100,A01,083619,Allen; Michael Gordon,2,2,70,68
1655969852978,COGS 101A,A01,083621,Davis; Joshua Daniel,4,3,68,64
1655969859002,COGS 101B,A01,091572,Allen; Michael Gordon,0,0,65,65
1655969865032,COGS 101C,A01,083625,Delgado; Tania,7,0,35,28
1655969871059,COGS 107A,A01,083627,Boyle; Mary E. T.,1,2,60,59
1655969877085,COGS 118A,A01,083075,Gupta; Anjum,21,16,76,55
1655969883116,CSE 3,A50,083646,Miranda; Gregory Joseph,14,0,50,36
1655969889146,CSE 8A,A50,083650,Miranda; Gregory Joseph,3,11,56,53
1655969895170,CSE 11,A01,083080,Cao; Yingjun,0,65,40,40
1655969901195,CSE 12,A01,083652,Krause-Levy; Sophia Louisa,6,8,120,114
1655969907223,CSE 15L,A01,083654,Morris; Justin Loren,3,1,50,47
1655969907223,CSE 15L,A02,083655,Morris; Justin Loren,1,1,50,49
1655969913248,CSE 20,A01,083657,Tran; Khoa Dang,29,0,80,51
1655969919273,CSE 21,A01,095574,Bach; Quang Tran,23,0,48,25
1655969925306,CSE 30,A01,083084,Eldon; John,2,10,80,78
1655969925306,CSE 30,B01,095061,Bhaskar; Nishant,0,4,50,50
1655969931334,CSE 100,A01,083659,Cao; Yingjun,2,25,70,68
1655969937362,CSE 134B,A01,083661,Powell; Thomas Allan,5,7,100,95
1655969943469,CSE 140,A01,083663,Gungor; Onat,5,0,85,80
1655969949494,CSE 140L,A01,083088,Eldon; John,5,0,100,95
1655969955523,CSE 175,A01,083665,Kumar; Rakesh,1,0,25,24
1655969961546,CSE 190,A00,092507,Dubnov; Shlomo,1,0,20,19
1655969967574,ECE 45,A01,083139,Congero; Spencer William,0,1,75,75
1655969973603,ECE 65,A50,083695,Saad; Andrew S,6,0,30,24
1655969973603,ECE 65,A51,095125,Staff,23,0,26,3
1655969979634,ECE 109,A01,091882,Touri; Behrouz,2,4,70,68
1655969985658,ECE 180,A00,083140,Abi Samra; Nicholas Camill,1,0,30,29
1655969985658,ECE 180,B00,083141,Abi Samra; Nicholas Camill,0,8,28,28
1655969991686,MATH 10A,A01,083735,Patchell; Gregory David,0,0,30,30
1655969991686,MATH 10A,A02,083736,Patchell; Gregory David,21,0,30,9
1655969991686,MATH 10A,A03,083737,Patchell; Gregory David,16,0,30,14
1655969997719,MATH 10B,A01,083207,Lim; Seonhee,1,1,34,33
1655969997719,MATH 10B,A02,083208,Lim; Seonhee,1,1,35,34
1655969997719,MATH 10B,A03,093472,Staff,1,0,34,33
1655969997719,MATH 10B,B01,083739,Sinha; Shubham,9,0,30,21
1655970003748,MATH 18,A01,083743,Cinel; Cameron Alexander,5,0,30,25
1655970003748,MATH 18,A02,083744,Cinel; Cameron Alexander,11,0,30,19
1655970003748,MATH 18,A03,083745,Cinel; Cameron Alexander,1,0,30,29
1655970003748,MATH 18,B01,083748,Ma; Zilu,2,0,36,34
1655970003748,MATH 18,B02,083749,Ma; Zilu,0,0,36,36
1655970003748,MATH 18,B03,083750,Ma; Zilu,0,0,36,36
1655970003748,MATH 18,B04,083751,Ma; Zilu,0,0,36,36
1655970003748,MATH 18,B05,093473,Staff,0,0,36,36
1655970003748,MATH 18,B06,093474,Staff,1,0,36,35
1655970009778,MATH 20A,A01,083754,Zheng; Zequn,10,0,40,30
1655970015817,MATH 20B,A01,083756,Briones; Jor-el Thomas Caparas,0,1,36,36
1655970015817,MATH 20B,A02,083757,Briones; Jor-el Thomas Caparas,1,0,36,35
1655970015817,MATH 20B,A03,093475,Staff,0,0,36,36
1655970021856,MATH 20C,A01,083760,Briones; Jor-el Thomas Caparas,0,2,35,35
1655970021856,MATH 20C,A02,083761,Briones; Jor-el Thomas Caparas,6,1,35,29
1655970021856,MATH 20C,A03,093476,Staff,1,0,35,34
1655970021856,MATH 20C,B01,083762,Bach; Quang Tran,3,0,30,27
1655970027886,MATH 20D,A01,083765,Tran; Brian Kha,1,0,30,29
1655970027886,MATH 20D,A02,083766,Tran; Brian Kha,0,1,30,30
1655970027886,MATH 20D,A03,083767,Tran; Brian Kha,1,0,30,29
1655970033916,MATH 20E,A01,083771,Ganguly; Soumya,0,0,32,32
1655970033916,MATH 20E,A02,083772,Ganguly; Soumya,1,1,32,31
1655970033916,MATH 20E,B01,083773,Ciotti; Benjamin,14,0,35,21
1655970033916,MATH 20E,B02,083774,Ciotti; Benjamin,12,0,35,23
1655970039946,MATH 103A,A01,083777,Greenfeld; Be'Eri,2,1,36,34
1655970039946,MATH 103A,A02,083778,Greenfeld; Be'Eri,2,0,36,34
1655970039946,MATH 103A,A03,093561,Staff,0,1,36,36
1655970039946,MATH 103A,B01,083779,Greenfeld; Be'Eri,7,1,36,29
1655970039946,MATH 103A,B02,083780,Greenfeld; Be'Eri,1,0,36,35
1655970039946,MATH 103A,B03,093562,Staff,0,0,36,36
1655970045974,MATH 105,A01,085443,Carter; Anne Toulson,3,1,35,32
1655970045974,MATH 105,A02,093477,Staff,8,0,35,27
1655970052002,MATH 109,A01,083213,Ganzberger; Geoffrey Michael,0,1,34,34
1655970052002,MATH 109,A02,083214,Ganzberger; Geoffrey Michael,0,0,34,34
1655970052002,MATH 109,A03,093478,Staff,1,0,34,33
1655970052002,MATH 109,B01,083215,Ganzberger; Geoffrey Michael,2,0,32,30
1655970052002,MATH 109,B02,083216,Ganzberger; Geoffrey Michael,0,0,32,32
1655970052002,MATH 109,B03,093479,Staff,4,0,32,28
1655970058028,MATH 142A,A01,083219,Chow; Bennett,0,0,32,32
1655970058028,MATH 142A,A02,083220,Chow; Bennett,7,0,32,25
1655970058028,MATH 142A,A03,093480,Staff,4,0,32,28
1655970058028,MATH 142A,B03,093481,Staff,3,0,32,29
1655970058028,MATH 142A,B04,093558,Staff,6,0,32,26
1655970058028,MATH 142A,B05,093559,Staff,0,0,32,32
1655970064055,MATH 193A,A01,083224,Rotar; Vladimir,1,1,34,33
1655970064055,MATH 193A,A02,083225,Rotar; Vladimir,0,0,34,34
1655970064055,MATH 193A,A03,083781,Rotar; Vladimir,2,0,34,32
1655970064055,MATH 193A,A04,083782,Rotar; Vladimir,3,0,34,31
1655970064055,MATH 193A,A05,093482,Rotar; Vladimir,0,0,34,34
1655970070085,MATH 197,001,091859,McAuley; Julian John,9999,0,9999,0
1655970070085,MATH 197,002,095566,Kedlaya; Kiran S.,9997,0,9999,2
1655970070085,MATH 197,003,095567,Xiao; Ming,9999,0,9999,0
1655970070085,MATH 197,004,095571,Perols; Johan Lars,9998,0,9999,1
1655970077164,COGS 9,A01,083615,Shannon; Kyle Michael,3,1,75,72
1655970083195,COGS 11,A01,083617,Boyle; Mary E. T.,11,1,48,37
1655970089219,COGS 13,A01,083071,Bastos; Amalia Pinkusfeld,3,2,71,68
1655970095251,COGS 14A,A01,092681,Semenuks; Arturs,4,25,100,96
1655970101280,COGS 14B,A01,083073,Cheng; Tzu-Han,7,0,63,56
1655970107308,COGS 17,A01,092677,Semenuks; Arturs,8,7,81,73
1655970113340,COGS 100,A01,083619,Allen; Michael Gordon,2,2,70,68
1655970119369,COGS 101A,A01,083621,Davis; Joshua Daniel,4,3,68,64
1655970125395,COGS 101B,A01,091572,Allen; Michael Gordon,0,0,65,65
1655970131420,COGS 101C,A01,083625,Delgado; Tania,7,0,35,28
1655970137447,COGS 107A,A01,083627,Boyle; Mary E. T.,1,2,60,59
1655970143473,COGS 118A,A01,083075,Gupta; Anjum,21,16,76,55
1655970149504,CSE 3,A50,083646,Miranda; Gregory Joseph,14,0,50,36
1655970155534,CSE 8A,A50,083650,Miranda; Gregory Joseph,3,11,56,53
1655970161574,CSE 11,A01,083080,Cao; Yingjun,0,65,40,40
1655970167600,CSE 12,A01,083652,Krause-Levy; Sophia Louisa,6,8,120,114
1655970173631,CSE 15L,A01,083654,Morris; Justin Loren,3,1,50,47
1655970173631,CSE 15L,A02,083655,Morris; Justin Loren,1,1,50,49
1655970179658,CSE 20,A01,083657,Tran; Khoa Dang,29,0,80,51
1655970185683,CSE 21,A01,095574,Bach; Quang Tran,23,0,48,25
1655970191709,CSE 30,A01,083084,Eldon; John,2,10,80,78
1655970191709,CSE 30,B01,095061,Bhaskar; Nishant,0,4,50,50
1655970197739,CSE 100,A01,083659,Cao; Yingjun,2,25,70,68
1655970203769,CSE 134B,A01,083661,Powell; Thomas Allan,5,7,100,95
1655970209793,CSE 140,A01,083663,Gungor; Onat,5,0,85,80
1655970215823,CSE 140L,A01,083088,Eldon; John,5,0,100,95
1655970221852,CSE 175,A01,083665,Kumar; Rakesh,1,0,25,24
1655970227884,CSE 190,A00,092507,Dubnov; Shlomo,1,0,20,19
1655970233918,ECE 45,A01,083139,Congero; Spencer William,0,1,75,75
1655970239944,ECE 65,A50,083695,Saad; Andrew S,6,0,30,24
1655970239944,ECE 65,A51,095125,Staff,23,0,26,3
1655970245969,ECE 109,A01,091882,Touri; Behrouz,2,4,70,68
1655970251997,ECE 180,A00,083140,Abi Samra; Nicholas Camill,1,0,30,29
1655970251997,ECE 180,B00,083141,Abi Samra; Nicholas Camill,0,8,28,28
1655970258024,MATH 10A,A01,083735,Patchell; Gregory David,0,0,30,30
1655970258024,MATH 10A,A02,083736,Patchell; Gregory David,21,0,30,9
1655970258024,MATH 10A,A03,083737,Patchell; Gregory David,16,0,30,14
1655970264053,MATH 10B,A01,083207,Lim; Seonhee,1,1,34,33
1655970264053,MATH 10B,A02,083208,Lim; Seonhee,1,1,35,34
1655970264053,MATH 10B,A03,093472,Staff,1,0,34,33
1655970264053,MATH 10B,B01,083739,Sinha; Shubham,9,0,30,21
1655970270080,MATH 18,A01,083743,Cinel; Cameron Alexander,5,0,30,25
1655970270080,MATH 18,A02,083744,Cinel; Cameron Alexander,11,0,30,19
1655970270080,MATH 18,A03,083745,Cinel; Cameron Alexander,1,0,30,29
1655970270080,MATH 18,B01,083748,Ma; Zilu,2,0,36,34
1655970270080,MATH 18,B02,083749,Ma; Zilu,0,0,36,36
1655970270080,MATH 18,B03,083750,Ma; Zilu,0,0,36,36
1655970270080,MATH 18,B04,083751,Ma; Zilu,0,0,36,36
1655970270080,MATH 18,B05,093473,Staff,0,0,36,36
1655970270080,MATH 18,B06,093474,Staff,1,0,36,35
1655970276106,MATH 20A,A01,083754,Zheng; Zequn,10,0,40,30
1655970282140,MATH 20B,A01,083756,Briones; Jor-el Thomas Caparas,0,1,36,36
1655970282140,MATH 20B,A02,083757,Briones; Jor-el Thomas Caparas,1,0,36,35
1655970282140,MATH 20B,A03,093475,Staff,0,0,36,36
1655970288178,MATH 20C,A01,083760,Briones; Jor-el Thomas Caparas,0,2,35,35
1655970288178,MATH 20C,A02,083761,Briones; Jor-el Thomas Caparas,6,1,35,29
1655970288178,MATH 20C,A03,093476,Staff,1,0,35,34
1655970288178,MATH 20C,B01,083762,Bach; Quang Tran,3,0,30,27
1655970294216,MATH 20D,A01,083765,Tran; Brian Kha,1,0,30,29
1655970294216,MATH 20D,A02,083766,Tran; Brian Kha,0,1,30,30
1655970294216,MATH 20D,A03,083767,Tran; Brian Kha,1,0,30,29
1655970300247,MATH 20E,A01,083771,Ganguly; Soumya,0,0,32,32
1655970300247,MATH 20E,A02,083772,Ganguly; Soumya,1,1,32,31
1655970300247,MATH 20E,B01,083773,Ciotti; Benjamin,14,0,35,21
1655970300247,MATH 20E,B02,083774,Ciotti; Benjamin,12,0,35,23
1655970306275,MATH 103A,A01,083777,Greenfeld; Be'Eri,2,1,36,34
1655970306275,MATH 103A,A02,083778,Greenfeld; Be'Eri,2,0,36,34
1655970306275,MATH 103A,A03,093561,Staff,0,1,36,36
1655970306275,MATH 103A,B01,083779,Greenfeld; Be'Eri,7,1,36,29
1655970306275,MATH 103A,B02,083780,Greenfeld; Be'Eri,1,0,36,35
1655970306275,MATH 103A,B03,093562,Staff,0,0,36,36
1655970312300,MATH 105,A01,085443,Carter; Anne Toulson,3,1,35,32
1655970312300,MATH 105,A02,093477,Staff,8,0,35,27
1655970318333,MATH 109,A01,083213,Ganzberger; Geoffrey Michael,0,1,34,34
1655970318333,MATH 109,A02,083214,Ganzberger; Geoffrey Michael,0,0,34,34
1655970318333,MATH 109,A03,093478,Staff,1,0,34,33
1655970318333,MATH 109,B01,083215,Ganzberger; Geoffrey Michael,2,0,32,30
1655970318333,MATH 109,B02,083216,Ganzberger; Geoffrey Michael,0,0,32,32
1655970318333,MATH 109,B03,093479,Staff,4,0,32,28
1655970324369,MATH 142A,A01,083219,Chow; Bennett,0,0,32,32
1655970324369,MATH 142A,A02,083220,Chow; Bennett,7,0,32,25
1655970324369,MATH 142A,A03,093480,Staff,4,0,32,28
1655970324369,MATH 142A,B03,093481,Staff,3,0,32,29
1655970324369,MATH 142A,B04,093558,Staff,6,0,32,26
1655970324369,MATH 142A,B05,093559,Staff,0,0,32,32
1655970330395,MATH 193A,A01,083224,Rotar; Vladimir,1,1,34,33
1655970330395,MATH 193A,A02,083225,Rotar; Vladimir,0,0,34,34
1655970330395,MATH 193A,A03,083781,Rotar; Vladimir,2,0,34,32
1655970330395,MATH 193A,A04,083782,Rotar; Vladimir,3,0,34,31
1655970330395,MATH 193A,A05,093482,Rotar; Vladimir,0,0,34,34
1655970336427,MATH 197,001,091859,McAuley; Julian John,9999,0,9999,0
1655970336427,MATH 197,002,095566,Kedlaya; Kiran S.,9997,0,9999,2
1655970336427,MATH 197,003,095567,Xiao; Ming,9999,0,9999,0
1655970336427,MATH 197,004,095571,Perols; Johan Lars,9998,0,9999,1
1655970343508,COGS 9,A01,083615,Shannon; Kyle Michael,3,1,75,72
1655970349537,COGS 11,A01,083617,Boyle; Mary E. T.,11,1,48,37
1655970355562,COGS 13,A01,083071,Bastos; Amalia Pinkusfeld,3,2,71,68
1655970361589,COGS 14A,A01,092681,Semenuks; Arturs,4,25,100,96
1655970367615,COGS 14B,A01,083073,Cheng; Tzu-Han,7,0,63,56
1655970373639,COGS 17,A01,092677,Semenuks; Arturs,8,7,81,73
1655970379671,COGS 100,A01,083619,Allen; Michael Gordon,2,2,70,68
1655970385703,COGS 101A,A01,083621,Davis; Joshua Daniel,4,3,68,64
1655970391729,COGS 101B,A01,091572,Allen; Michael Gordon,0,0,65,65
1655970397764,COGS 101C,A01,083625,Delgado; Tania,7,0,35,28
1655970403788,COGS 107A,A01,083627,Boyle; Mary E. T.,1,2,60,59
1655970409814,COGS 118A,A01,083075,Gupta; Anjum,21,16,76,55
1655970415842,CSE 3,A50,083646,Miranda; Gregory Joseph,14,0,50,36
1655970421868,CSE 8A,A50,083650,Miranda; Gregory Joseph,3,11,56,53
1655970427899,CSE 11,A01,083080,Cao; Yingjun,0,65,40,40
1655970433931,CSE 12,A01,083652,Krause-Levy; Sophia Louisa,6,8,120,114
1655970439957,CSE 15L,A01,083654,Morris; Justin Loren,3,1,50,47
1655970439957,CSE 15L,A02,083655,Morris; Justin Loren,1,1,50,49
1655970445988,CSE 20,A01,083657,Tran; Khoa Dang,29,0,80,51
1655970452014,CSE 21,A01,095574,Bach; Quang Tran,23,0,48,25
1655970458040,CSE 30,A01,083084,Eldon; John,2,10,80,78
1655970458040,CSE 30,B01,095061,Bhaskar; Nishant,0,4,50,50
1655970464066,CSE 100,A01,083659,Cao; Yingjun,2,25,70,68
1655970470090,CSE 134B,A01,083661,Powell; Thomas Allan,5,7,100,95
1655970476120,CSE 140,A01,083663,Gungor; Onat,5,0,85,80
1655970482145,CSE 140L,A01,083088,Eldon; John,5,0,100,95
1655970488176,CSE 175,A01,083665,Kumar; Rakesh,1,0,25,24
1655970494207,CSE 190,A00,092507,Dubnov; Shlomo,1,0,20,19
1655970500239,ECE 45,A01,083139,Congero; Spencer William,0,1,75,75
1655970506265,ECE 65,A50,083695,Saad; Andrew S,6,0,30,24
1655970506265,ECE 65,A51,095125,Staff,23,0,26,3
1655970512291,ECE 109,A01,091882,Touri; Behrouz,2,4,70,68
1655970518317,ECE 180,A00,083140,Abi Samra; Nicholas Camill,1,0,30,29
1655970518317,ECE 180,B00,083141,Abi Samra; Nicholas Camill,0,8,28,28
1655970524354,MATH 10A,A01,083735,Patchell; Gregory David,0,0,30,30
1655970524354,MATH 10A,A02,083736,Patchell; Gregory David,21,0,30,9
1655970524354,MATH 10A,A03,083737,Patchell; Gregory David,16,0,30,14
1655970530391,MATH 10B,A01,083207,Lim; Seonhee,1,1,34,33
1655970530391,MATH 10B,A02,083208,Lim; Seonhee,1,1,35,34
1655970530391,MATH 10B,A03,093472,Staff,1,0,34,33
1655970530391,MATH 10B,B01,083739,Sinha; Shubham,9,0,30,21
1655970536432,MATH 18,A01,083743,Cinel; Cameron Alexander,5,0,30,25
1655970536432,MATH 18,A02,083744,Cinel; Cameron Alexander,11,0,30,19
1655970536432,MATH 18,A03,083745,Cinel; Cameron Alexander,1,0,30,29
1655970536432,MATH 18,B01,083748,Ma; Zilu,2,0,36,34
1655970536432,MATH 18,B02,083749,Ma; Zilu,0,0,36,36
1655970536432,MATH 18,B03,083750,Ma; Zilu,0,0,36,36
1655970536432,MATH 18,B04,083751,Ma; Zilu,0,0,36,36
1655970536432,MATH 18,B05,093473,Staff,0,0,36,36
1655970536432,MATH 18,B06,093474,Staff,1,0,36,35
1655970542529,MATH 20A,A01,083754,Zheng; Zequn,10,0,40,30
1655970548568,MATH 20B,A01,083756,Briones; Jor-el Thomas Caparas,0,1,36,36
1655970548568,MATH 20B,A02,083757,Briones; Jor-el Thomas Caparas,1,0,36,35
1655970548568,MATH 20B,A03,093475,Staff,0,0,36,36
1655970554596,MATH 20C,A01,083760,Briones; Jor-el Thomas Caparas,0,2,35,35
1655970554596,MATH 20C,A02,083761,Briones; Jor-el Thomas Caparas,6,1,35,29
1655970554596,MATH 20C,A03,093476,Staff,1,0,35,34
1655970554596,MATH 20C,B01,083762,Bach; Quang Tran,3,0,30,27
1655970560627,MATH 20D,A01,083765,Tran; Brian Kha,1,0,30,29
1655970560627,MATH 20D,A02,083766,Tran; Brian Kha,0,1,30,30
1655970560627,MATH 20D,A03,083767,Tran; Brian Kha,1,0,30,29
1655970566656,MATH 20E,A01,083771,Ganguly; Soumya,0,0,32,32
1655970566656,MATH 20E,A02,083772,Ganguly; Soumya,1,1,32,31
1655970566656,MATH 20E,B01,083773,Ciotti; Benjamin,14,0,35,21
1655970566656,MATH 20E,B02,083774,Ciotti; Benjamin,12,0,35,23
1655970572684,MATH 103A,A01,083777,Greenfeld; Be'Eri,2,1,36,34
1655970572684,MATH 103A,A02,083778,Greenfeld; Be'Eri,2,0,36,34
1655970572684,MATH 103A,A03,093561,Staff,0,1,36,36
1655970572684,MATH 103A,B01,083779,Greenfeld; Be'Eri,7,1,36,29
1655970572684,MATH 103A,B02,083780,Greenfeld; Be'Eri,1,0,36,35
1655970572684,MATH 103A,B03,093562,Staff,0,0,36,36
1655970578711,MATH 105,A01,085443,Carter; Anne Toulson,3,1,35,32
1655970578711,MATH 105,A02,093477,Staff,8,0,35,27
1655970584737,MATH 109,A01,083213,Ganzberger; Geoffrey Michael,0,1,34,34
1655970584737,MATH 109,A02,083214,Ganzberger; Geoffrey Michael,0,0,34,34
1655970584737,MATH 109,A03,093478,Staff,1,0,34,33
1655970584737,MATH 109,B01,083215,Ganzberger; Geoffrey Michael,2,0,32,30
1655970584737,MATH 109,B02,083216,Ganzberger; Geoffrey Michael,0,0,32,32
1655970584737,MATH 109,B03,093479,Staff,4,0,32,28
1655970590770,MATH 142A,A01,083219,Chow; Bennett,0,0,32,32
1655970590770,MATH 142A,A02,083220,Chow; Bennett,7,0,32,25
1655970590770,MATH 142A,A03,093480,Staff,4,0,32,28
1655970590770,MATH 142A,B03,093481,Staff,3,0,32,29
1655970590770,MATH 142A,B04,093558,Staff,6,0,32,26
1655970590770,MATH 142A,B05,093559,Staff,0,0,32,32
1655970596806,MATH 193A,A01,083224,Rotar; Vladimir,1,1,34,33
1655970596806,MATH 193A,A02,083225,Rotar; Vladimir,0,0,34,34
1655970596806,MATH 193A,A03,083781,Rotar; Vladimir,2,0,34,32
1655970596806,MATH 193A,A04,083782,Rotar; Vladimir,3,0,34,31
1655970596806,MATH 193A,A05,093482,Rotar; Vladimir,0,0,34,34
1655970602834,MATH 197,001,091859,McAuley; Julian John,9999,0,9999,0
1655970602834,MATH 197,002,095566,Kedlaya; Kiran S.,9997,0,9999,2
1655970602834,MATH 197,003,095567,Xiao; Ming,9999,0,9999,0
1655970602834,MATH 197,004,095571,Perols; Johan Lars,9998,0,9999,1
1655970609924,COGS 9,A01,083615,Shannon; Kyle Michael,3,1,75,72
1655970615949,COGS 11,A01,083617,Boyle; Mary E. T.,11,1,48,37
1655970621984,COGS 13,A01,083071,Bastos; Amalia Pinkusfeld,3,2,71,68
1655970628010,COGS 14A,A01,092681,Semenuks; Arturs,4,25,100,96
1655970634036,COGS 14B,A01,083073,Cheng; Tzu-Han,7,0,63,56
1655970640061,COGS 17,A01,092677,Semenuks; Arturs,8,7,81,73
1655970646087,COGS 100,A01,083619,Allen; Michael Gordon,2,2,70,68
1655970652113,COGS 101A,A01,083621,Davis; Joshua Daniel,4,3,68,64
1655970658138,COGS 101B,A01,091572,Allen; Michael Gordon,0,0,65,65
1655970664169,COGS 101C,A01,083625,Delgado; Tania,7,0,35,28
1655970670194,COGS 107A,A01,083627,Boyle; Mary E. T.,1,2,60,59
1655970676229,COGS 118A,A01,083075,Gupta; Anjum,21,16,76,55
1655970682257,CSE 3,A50,083646,Miranda; Gregory Joseph,14,0,50,36
1655970688280,CSE 8A,A50,083650,Miranda; Gregory Joseph,3,11,56,53
1655970694301,CSE 11,A01,083080,Cao; Yingjun,0,65,40,40
1655970700329,CSE 12,A01,083652,Krause-Levy; Sophia Louisa,6,8,120,114
1655970706352,CSE 15L,A01,083654,Morris; Justin Loren,3,1,50,47
1655970706352,CSE 15L,A02,083655,Morris; Justin Loren,1,1,50,49
1655970712376,CSE 20,A01,083657,Tran; Khoa Dang,29,0,80,51
1655970718399,CSE 21,A01,095574,Bach; Quang Tran,23,0,48,25
1655970724425,CSE 30,A01,083084,Eldon; John,2,10,80,78
1655970724425,CSE 30,B01,095061,Bhaskar; Nishant,0,4,50,50
1655970730456,CSE 100,A01,083659,Cao; Yingjun,2,25,70,68
1655970736485,CSE 134B,A01,083661,Powell; Thomas Allan,5,7,100,95
1655970742509,CSE 140,A01,083663,Gungor; Onat,5,0,85,80
1655970748535,CSE 140L,A01,083088,Eldon; John,5,0,100,95
1655970754566,CSE 175,A01,083665,Kumar; Rakesh,1,0,25,24
1655970760596,CSE 190,A00,092507,Dubnov; Shlomo,1,0,20,19
1655970766621,ECE 45,A01,083139,Congero; Spencer William,0,1,75,75
1655970772648,ECE 65,A50,083695,Saad; Andrew S,6,0,30,24
1655970772648,ECE 65,A51,095125,Staff,23,0,26,3
1655970778678,ECE 109,A01,091882,Touri; Behrouz,2,4,70,68
1655970784707,ECE 180,A00,083140,Abi Samra; Nicholas Camill,1,0,30,29
1655970784707,ECE 180,B00,083141,Abi Samra; Nicholas Camill,0,8,28,28
1655970790734,MATH 10A,A01,083735,Patchell; Gregory David,0,0,30,30
1655970790734,MATH 10A,A02,083736,Patchell; Gregory David,21,0,30,9
1655970790734,MATH 10A,A03,083737,Patchell; Gregory David,16,0,30,14
1655970796762,MATH 10B,A01,083207,Lim; Seonhee,1,1,34,33
1655970796762,MATH 10B,A02,083208,Lim; Seonhee,1,1,35,34
1655970796762,MATH 10B,A03,093472,Staff,1,0,34,33
1655970796762,MATH 10B,B01,083739,Sinha; Shubham,9,0,30,21
1655970802791,MATH 18,A01,083743,Cinel; Cameron Alexander,5,0,30,25
1655970802791,MATH 18,A02,083744,Cinel; Cameron Alexander,11,0,30,19
1655970802791,MATH 18,A03,083745,Cinel; Cameron Alexander,1,0,30,29
1655970802791,MATH 18,B01,083748,Ma; Zilu,2,0,36,34
1655970802791,MATH 18,B02,083749,Ma; Zilu,0,0,36,36
1655970802791,MATH 18,B03,083750,Ma; Zilu,0,0,36,36
1655970802791,MATH 18,B04,083751,Ma; Zilu,0,0,36,36
1655970802791,MATH 18,B05,093473,Staff,0,0,36,36
1655970802791,MATH 18,B06,093474,Staff,1,0,36,35
1655970808816,MATH 20A,A01,083754,Zheng; Zequn,10,0,40,30
1655970814840,MATH 20B,A01,083756,Briones; Jor-el Thomas Caparas,0,1,36,36
1655970814840,MATH 20B,A02,083757,Briones; Jor-el Thomas Caparas,1,0,36,35
1655970814840,MATH 20B,A03,093475,Staff,0,0,36,36
1655970820866,MATH 20C,A01,083760,Briones; Jor-el Thomas Caparas,0,2,35,35
1655970820866,MATH 20C,A02,083761,Briones; Jor-el Thomas Caparas,6,1,35,29
1655970820866,MATH 20C,A03,093476,Staff,1,0,35,34
1655970820866,MATH 20C,B01,083762,Bach; Quang Tran,3,0,30,27
1655970826895,MATH 20D,A01,083765,Tran; Brian Kha,1,0,30,29
1655970826895,MATH 20D,A02,083766,Tran; Brian Kha,0,1,30,30
1655970826895,MATH 20D,A03,083767,Tran; Brian Kha,1,0,30,29
1655970832929,MATH 20E,A01,083771,Ganguly; Soumya,0,0,32,32
1655970832929,MATH 20E,A02,083772,Ganguly; Soumya,1,1,32,31
1655970832929,MATH 20E,B01,083773,Ciotti; Benjamin,14,0,35,21
1655970832929,MATH 20E,B02,083774,Ciotti; Benjamin,12,0,35,23
1655970838966,MATH 103A,A01,083777,Greenfeld; Be'Eri,2,1,36,34
1655970838966,MATH 103A,A02,083778,Greenfeld; Be'Eri,2,0,36,34
1655970838966,MATH 103A,A03,093561,Staff,0,1,36,36
1655970838966,MATH 103A,B01,083779,Greenfeld; Be'Eri,7,1,36,29
1655970838966,MATH 103A,B02,083780,Greenfeld; Be'Eri,1,0,36,35
1655970838966,MATH 103A,B03,093562,Staff,0,0,36,36
1655970844992,MATH 105,A01,085443,Carter; Anne Toulson,3,1,35,32
1655970844992,MATH 105,A02,093477,Staff,8,0,35,27
1655970851024,MATH 109,A01,083213,Ganzberger; Geoffrey Michael,0,1,34,34
1655970851024,MATH 109,A02,083214,Ganzberger; Geoffrey Michael,0,0,34,34
1655970851024,MATH 109,A03,093478,Staff,1,0,34,33
1655970851024,MATH 109,B01,083215,Ganzberger; Geoffrey Michael,2,0,32,30
1655970851024,MATH 109,B02,083216,Ganzberger; Geoffrey Michael,0,0,32,32
1655970851024,MATH 109,B03,093479,Staff,4,0,32,28
1655970857069,MATH 142A,A01,083219,Chow; Bennett,0,0,32,32
1655970857069,MATH 142A,A02,083220,Chow; Bennett,7,0,32,25
1655970857069,MATH 142A,A03,093480,Staff,4,0,32,28
1655970857069,MATH 142A,B03,093481,Staff,3,0,32,29
1655970857069,MATH 142A,B04,093558,Staff,6,0,32,26
1655970857069,MATH 142A,B05,093559,Staff,0,0,32,32
1655970863095,MATH 193A,A01,083224,Rotar; Vladimir,1,1,34,33
1655970863095,MATH 193A,A02,083225,Rotar; Vladimir,0,0,34,34
1655970863095,MATH 193A,A03,083781,Rotar; Vladimir,2,0,34,32
1655970863095,MATH 193A,A04,083782,Rotar; Vladimir,3,0,34,31
1655970863095,MATH 193A,A05,093482,Rotar; Vladimir,0,0,34,34
1655970869121,MATH 197,001,091859,McAuley; Julian John,9999,0,9999,0
1655970869121,MATH 197,002,095566,Kedlaya; Kiran S.,9997,0,9999,2
1655970869121,MATH 197,003,095567,Xiao; Ming,9999,0,9999,0
1655970869121,MATH 197,004,095571,Perols; Johan Lars,9998,0,9999,1
1655970876202,COGS 9,A01,083615,Shannon; Kyle Michael,3,1,75,72
1655970882234,COGS 11,A01,083617,Boyle; Mary E. T.,11,1,48,37
1655970888266,COGS 13,A01,083071,Bastos; Amalia Pinkusfeld,3,2,71,68
1655970894297,COGS 14A,A01,092681,Semenuks; Arturs,4,25,100,96
1655970900330,COGS 14B,A01,083073,Cheng; Tzu-Han,7,0,63,56
1655970906360,COGS 17,A01,092677,Semenuks; Arturs,8,7,81,73
1655970912386,COGS 100,A01,083619,Allen; Michael Gordon,2,2,70,68
1655970918413,COGS 101A,A01,083621,Davis; Joshua Daniel,4,3,68,64
1655970924443,COGS 101B,A01,091572,Allen; Michael Gordon,0,0,65,65
1655970930471,COGS 101C,A01,083625,Delgado; Tania,7,0,35,28
1655970936497,COGS 107A,A01,083627,Boyle; Mary E. T.,1,2,60,59
1655970942530,COGS 118A,A01,083075,Gupta; Anjum,21,16,76,55
1655970948564,CSE 3,A50,083646,Miranda; Gregory Joseph,14,0,50,36
1655970954589,CSE 8A,A50,083650,Miranda; Gregory Joseph,3,11,56,53
1655970960619,CSE 11,A01,083080,Cao; Yingjun,0,65,40,40
1655970966657,CSE 12,A01,083652,Krause-Levy; Sophia Louisa,6,8,120,114
1655970972681,CSE 15L,A01,083654,Morris; Justin Loren,3,1,50,47
1655970972681,CSE 15L,A02,083655,Morris; Justin Loren,1,1,50,49
1655970978714,CSE 20,A01,083657,Tran; Khoa Dang,29,0,80,51
1655970984738,CSE 21,A01,095574,Bach; Quang Tran,23,0,48,25
1655970990765,CSE 30,A01,083084,Eldon; John,2,10,80,78
1655970990765,CSE 30,B01,095061,Bhaskar; Nishant,0,4,50,50
1655970996791,CSE 100,A01,083659,Cao; Yingjun,2,25,70,68
1655971002815,CSE 134B,A01,083661,Powell; Thomas Allan,5,7,100,95
1655971008846,CSE 140,A01,083663,Gungor; Onat,5,0,85,80
1655971014877,CSE 140L,A01,083088,Eldon; John,5,0,100,95
1655971020904,CSE 175,A01,083665,Kumar; Rakesh,1,0,25,24
1655971026927,CSE 190,A00,092507,Dubnov; Shlomo,1,0,20,19
1655971032956,ECE 45,A01,083139,Congero; Spencer William,0,1,75,75
1655971038991,ECE 65,A50,083695,Saad; Andrew S,6,0,30,24
1655971038991,ECE 65,A51,095125,Staff,23,0,26,3
1655971045016,ECE 109,A01,091882,Touri; Behrouz,2,4,70,68
1655971051057,ECE 180,A00,083140,Abi Samra; Nicholas Camill,1,0,30,29
1655971051057,ECE 180,B00,083141,Abi Samra; Nicholas Camill,0,8,28,28
1655971057091,MATH 10A,A01,083735,Patchell; Gregory David,0,0,30,30
1655971057091,MATH 10A,A02,083736,Patchell; Gregory David,21,0,30,9
1655971057091,MATH 10A,A03,083737,Patchell; Gregory David,16,0,30,14
1655971063119,MATH 10B,A01,083207,Lim; Seonhee,1,1,34,33
1655971063119,MATH 10B,A02,083208,Lim; Seonhee,1,1,35,34
1655971063119,MATH 10B,A03,093472,Staff,1,0,34,33
1655971063119,MATH 10B,B01,083739,Sinha; Shubham,9,0,30,21
1655971069157,MATH 18,A01,083743,Cinel; Cameron Alexander,5,0,30,25
1655971069157,MATH 18,A02,083744,Cinel; Cameron Alexander,11,0,30,19
1655971069157,MATH 18,A03,083745,Cinel; Cameron Alexander,1,0,30,29
1655971069157,MATH 18,B01,083748,Ma; Zilu,2,0,36,34
1655971069157,MATH 18,B02,083749,Ma; Zilu,0,0,36,36
1655971069157,MATH 18,B03,083750,Ma; Zilu,0,0,36,36
1655971069157,MATH 18,B04,083751,Ma; Zilu,0,0,36,36
1655971069157,MATH 18,B05,093473,Staff,0,0,36,36
1655971069157,MATH 18,B06,093474,Staff,1,0,36,35
1655971075183,MATH 20A,A01,083754,Zheng; Zequn,10,0,40,30
1655971081207,MATH 20B,A01,083756,Briones; Jor-el Thomas Caparas,0,1,36,36
1655971081207,MATH 20B,A02,083757,Briones; Jor-el Thomas Caparas,1,0,36,35
1655971081207,MATH 20B,A03,093475,Staff,0,0,36,36
1655971087239,MATH 20C,A01,083760,Briones; Jor-el Thomas Caparas,0,2,35,35
1655971087239,MATH 20C,A02,083761,Briones; Jor-el Thomas Caparas,6,1,35,29
1655971087239,MATH 20C,A03,093476,Staff,1,0,35,34
1655971087239,MATH 20C,B01,083762,Bach; Quang Tran,3,0,30,27
1655971093265,MATH 20D,A01,083765,Tran; Brian Kha,1,0,30,29
1655971093265,MATH 20D,A02,083766,Tran; Brian Kha,0,1,30,30
1655971093265,MATH 20D,A03,083767,Tran; Brian Kha,1,0,30,29
1655971099299,MATH 20E,A01,083771,Ganguly; Soumya,0,0,32,32
1655971099299,MATH 20E,A02,083772,Ganguly; Soumya,1,1,32,31
1655971099299,MATH 20E,B01,083773,Ciotti; Benjamin,14,0,35,21
1655971099299,MATH 20E,B02,083774,Ciotti; Benjamin,12,0,35,23
1655971105327,MATH 103A,A01,083777,Greenfeld; Be'Eri,2,1,36,34
1655971105327,MATH 103A,A02,083778,Greenfeld; Be'Eri,2,0,36,34
1655971105327,MATH 103A,A03,093561,Staff,0,1,36,36
1655971105327,MATH 103A,B01,083779,Greenfeld; Be'Eri,7,1,36,29
1655971105327,MATH 103A,B02,083780,Greenfeld; Be'Eri,1,0,36,35
1655971105327,MATH 103A,B03,093562,Staff,0,0,36,36
1655971111362,MATH 105,A01,085443,Carter; Anne Toulson,3,1,35,32
1655971111362,MATH 105,A02,093477,Staff,8,0,35,27
1655971117387,MATH 109,A01,083213,Ganzberger; Geoffrey Michael,0,1,34,34
1655971117387,MATH 109,A02,083214,Ganzberger; Geoffrey Michael,0,0,34,34
1655971117387,MATH 109,A03,093478,Staff,1,0,34,33
1655971117387,MATH 109,B01,083215,Ganzberger; Geoffrey Michael,2,0,32,30
1655971117387,MATH 109,B02,083216,Ganzberger; Geoffrey Michael,0,0,32,32
1655971117387,MATH 109,B03,093479,Staff,4,0,32,28
1655971123414,MATH 142A,A01,083219,Chow; Bennett,0,0,32,32
1655971123414,MATH 142A,A02,083220,Chow; Bennett,7,0,32,25
1655971123414,MATH 142A,A03,093480,Staff,4,0,32,28
1655971123414,MATH 142A,B03,093481,Staff,3,0,32,29
1655971123414,MATH 142A,B04,093558,Staff,6,0,32,26
1655971123414,MATH 142A,B05,093559,Staff,0,0,32,32
1655971129441,MATH 193A,A01,083224,Rotar; Vladimir,1,1,34,33
1655971129441,MATH 193A,A02,083225,Rotar; Vladimir,0,0,34,34
1655971129441,MATH 193A,A03,083781,Rotar; Vladimir,2,0,34,32
1655971129441,MATH 193A,A04,083782,Rotar; Vladimir,3,0,34,31
1655971129441,MATH 193A,A05,093482,Rotar; Vladimir,0,0,34,34
1655971135467,MATH 197,001,091859,McAuley; Julian John,9999,0,9999,0
1655971135467,MATH 197,002,095566,Kedlaya; Kiran S.,9997,0,9999,2
1655971135467,MATH 197,003,095567,Xiao; Ming,9999,0,9999,0
1655971135467,MATH 197,004,095571,Perols; Johan Lars,9998,0,9999,1
1655971142612,COGS 9,A01,083615,Shannon; Kyle Michael,3,1,75,72
1655971148644,COGS 11,A01,083617,Boyle; Mary E. T.,11,1,48,37
1655971154676,COGS 13,A01,083071,Bastos; Amalia Pinkusfeld,3,2,71,68
1655971160711,COGS 14A,A01,092681,Semenuks; Arturs,4,25,100,96
1655971166741,COGS 14B,A01,083073,Cheng; Tzu-Han,7,0,63,56
1655971172779,COGS 17,A01,092677,Semenuks; Arturs,8,7,81,73
1655971178805,COGS 100,A01,083619,Allen; Michael Gordon,2,2,70,68
1655971184836,COGS 101A,A01,083621,Davis; Joshua Daniel,4,3,68,64
1655971190862,COGS 101B,A01,091572,Allen; Michael Gordon,0,0,65,65
1655971196913,COGS 101C,A01,083625,Delgado; Tania,7,0,35,28
1655971202936,COGS 107A,A01,083627,Boyle; Mary E. T.,1,2,60,59
1655971208962,COGS 118A,A01,083075,Gupta; Anjum,21,16,76,55
1655971214991,CSE 3,A50,083646,Miranda; Gregory Joseph,14,0,50,36
1655971221018,CSE 8A,A50,083650,Miranda; Gregory Joseph,3,11,56,53
1655971227049,CSE 11,A01,083080,Cao; Yingjun,0,65,40,40
1655971233086,CSE 12,A01,083652,Krause-Levy; Sophia Louisa,6,8,120,114
1655971239112,CSE 15L,A01,083654,Morris; Justin Loren,3,1,50,47
1655971239112,CSE 15L,A02,083655,Morris; Justin Loren,1,1,50,49
1655971245138,CSE 20,A01,083657,Tran; Khoa Dang,29,0,80,51
1655971251164,CSE 21,A01,095574,Bach; Quang Tran,23,0,48,25
1655971257198,CSE 30,A01,083084,Eldon; John,2,10,80,78
1655971257198,CSE 30,B01,095061,Bhaskar; Nishant,0,4,50,50
1655971263237,CSE 100,A01,083659,Cao; Yingjun,2,25,70,68
1655971269261,CSE 134B,A01,083661,Powell; Thomas Allan,5,7,100,95
1655971275287,CSE 140,A01,083663,Gungor; Onat,5,0,85,80
1655971281318,CSE 140L,A01,083088,Eldon; John,5,0,100,95
1655971287347,CSE 175,A01,083665,Kumar; Rakesh,1,0,25,24
1655971293378,CSE 190,A00,092507,Dubnov; Shlomo,1,0,20,19
1655971299409,ECE 45,A01,083139,Congero; Spencer William,0,1,75,75
1655971305436,ECE 65,A50,083695,Saad; Andrew S,6,0,30,24
1655971305436,ECE 65,A51,095125,Staff,23,0,26,3
1655971311460,ECE 109,A01,091882,Touri; Behrouz,2,4,70,68
1655971317495,ECE 180,A00,083140,Abi Samra; Nicholas Camill,1,0,30,29
1655971317495,ECE 180,B00,083141,Abi Samra; Nicholas Camill,0,8,28,28
1655971323533,MATH 10A,A01,083735,Patchell; Gregory David,0,0,30,30
1655971323533,MATH 10A,A02,083736,Patchell; Gregory David,21,0,30,9
1655971323533,MATH 10A,A03,083737,Patchell; Gregory David,16,0,30,14
1655971329560,MATH 10B,A01,083207,Lim; Seonhee,1,1,34,33
1655971329560,MATH 10B,A02,083208,Lim; Seonhee,1,1,35,34
1655971329560,MATH 10B,A03,093472,Staff,1,0,34,33
1655971329560,MATH 10B,B01,083739,Sinha; Shubham,9,0,30,21
1655971335587,MATH 18,A01,083743,Cinel; Cameron Alexander,5,0,30,25
1655971335587,MATH 18,A02,083744,Cinel; Cameron Alexander,11,0,30,19
1655971335587,MATH 18,A03,083745,Cinel; Cameron Alexander,1,0,30,29
1655971335587,MATH 18,B01,083748,Ma; Zilu,2,0,36,34
1655971335587,MATH 18,B02,083749,Ma; Zilu,0,0,36,36
1655971335587,MATH 18,B03,083750,Ma; Zilu,0,0,36,36
1655971335587,MATH 18,B04,083751,Ma; Zilu,0,0,36,36
1655971335587,MATH 18,B05,093473,Staff,0,0,36,36
1655971335587,MATH 18,B06,093474,Staff,1,0,36,35
1655971341616,MATH 20A,A01,083754,Zheng; Zequn,10,0,40,30
1655971347641,MATH 20B,A01,083756,Briones; Jor-el Thomas Caparas,0,1,36,36
1655971347641,MATH 20B,A02,083757,Briones; Jor-el Thomas Caparas,1,0,36,35
1655971347641,MATH 20B,A03,093475,Staff,0,0,36,36
1655971353674,MATH 20C,A01,083760,Briones; Jor-el Thomas Caparas,0,2,35,35
1655971353674,MATH 20C,A02,083761,Briones; Jor-el Thomas Caparas,6,1,35,29
1655971353674,MATH 20C,A03,093476,Staff,1,0,35,34
1655971353674,MATH 20C,B01,083762,Bach; Quang Tran,3,0,30,27
1655971359700,MATH 20D,A01,083765,Tran; Brian Kha,1,0,30,29
1655971359700,MATH 20D,A02,083766,Tran; Brian Kha,0,1,30,30
1655971359700,MATH 20D,A03,083767,Tran; Brian Kha,1,0,30,29
1655971365732,MATH 20E,A01,083771,Ganguly; Soumya,0,0,32,32
1655971365732,MATH 20E,A02,083772,Ganguly; Soumya,1,1,32,31
1655971365732,MATH 20E,B01,083773,Ciotti; Benjamin,14,0,35,21
1655971365732,MATH 20E,B02,083774,Ciotti; Benjamin,12,0,35,23
1655971371758,MATH 103A,A01,083777,Greenfeld; Be'Eri,2,1,36,34
1655971371758,MATH 103A,A02,083778,Greenfeld; Be'Eri,2,0,36,34
1655971371758,MATH 103A,A03,093561,Staff,0,1,36,36
1655971371758,MATH 103A,B01,083779,Greenfeld; Be'Eri,7,1,36,29
1655971371758,MATH 103A,B02,083780,Greenfeld; Be'Eri,1,0,36,35
1655971371758,MATH 103A,B03,093562,Staff,0,0,36,36
1655971377792,MATH 105,A01,085443,Carter; Anne Toulson,3,1,35,32
1655971377792,MATH 105,A02,093477,Staff,8,0,35,27
1655971383827,MATH 109,A01,083213,Ganzberger; Geoffrey Michael,0,1,34,34
1655971383827,MATH 109,A02,083214,Ganzberger; Geoffrey Michael,0,0,34,34
1655971383827,MATH 109,A03,093478,Staff,1,0,34,33
1655971383827,MATH 109,B01,083215,Ganzberger; Geoffrey Michael,2,0,32,30
1655971383827,MATH 109,B02,083216,Ganzberger; Geoffrey Michael,0,0,32,32
1655971383827,MATH 109,B03,093479,Staff,4,0,32,28
1655971389861,MATH 142A,A01,083219,Chow; Bennett,0,0,32,32
1655971389861,MATH 142A,A02,083220,Chow; Bennett,7,0,32,25
1655971389861,MATH 142A,A03,093480,Staff,4,0,32,28
1655971389861,MATH 142A,B03,093481,Staff,3,0,32,29
1655971389861,MATH 142A,B04,093558,Staff,6,0,32,26
1655971389861,MATH 142A,B05,093559,Staff,0,0,32,32
1655971395888,MATH 193A,A01,083224,Rotar; Vladimir,1,1,34,33
1655971395888,MATH 193A,A02,083225,Rotar; Vladimir,0,0,34,34
1655971395888,MATH 193A,A03,083781,Rotar; Vladimir,2,0,34,32
1655971395888,MATH 193A,A04,083782,Rotar; Vladimir,3,0,34,31
1655971395888,MATH 193A,A05,093482,Rotar; Vladimir,0,0,34,34
1655971401917,MATH 197,001,091859,McAuley; Julian John,9999,0,9999,0
1655971401917,MATH 197,002,095566,Kedlaya; Kiran S.,9997,0,9999,2
1655971401917,MATH 197,003,095567,Xiao; Ming,9999,0,9999,0
1655971401917,MATH 197,004,095571,Perols; Johan Lars,9998,0,9999,1
1655971408992,COGS 9,A01,083615,Shannon; Kyle Michael,3,1,75,72
1655971415018,COGS 11,A01,083617,Boyle; Mary E. T.,11,1,48,37
1655971421050,COGS 13,A01,083071,Bastos; Amalia Pinkusfeld,3,2,71,68
1655971427075,COGS 14A,A01,092681,Semenuks; Arturs,4,25,100,96
1655971433099,COGS 14B,A01,083073,Cheng; Tzu-Han,7,0,63,56
1655971439127,COGS 17,A01,092677,Semenuks; Arturs,8,7,81,73
1655971445151,COGS 100,A01,083619,Allen; Michael Gordon,2,2,70,68
1655971451175,COGS 101A,A01,083621,Davis; Joshua Daniel,4,3,68,64
1655971457203,COGS 101B,A01,091572,Allen; Michael Gordon,0,0,65,65
1655971463232,COGS 101C,A01,083625,Delgado; Tania,7,0,35,28
1655971469257,COGS 107A,A01,083627,Boyle; Mary E. T.,1,2,60,59
1655971475281,COGS 118A,A01,083075,Gupta; Anjum,21,16,76,55
1655971481314,CSE 3,A50,083646,Miranda; Gregory Joseph,14,0,50,36
1655971487346,CSE 8A,A50,083650,Miranda; Gregory Joseph,3,11,56,53
1655971493371,CSE 11,A01,083080,Cao; Yingjun,0,65,40,40
1655971499401,CSE 12,A01,083652,Krause-Levy; Sophia Louisa,6,8,120,114
1655971505425,CSE 15L,A01,083654,Morris; Justin Loren,3,1,50,47
1655971505425,CSE 15L,A02,083655,Morris; Justin Loren,1,1,50,49
1655971511453,CSE 20,A01,083657,Tran; Khoa Dang,29,0,80,51
1655971517477,CSE 21,A01,095574,Bach; Quang Tran,23,0,48,25
1655971523504,CSE 30,A01,083084,Eldon; John,2,10,80,78
1655971523504,CSE 30,B01,095061,Bhaskar; Nishant,0,4,50,50
1655971529532,CSE 100,A01,083659,Cao; Yingjun,2,25,70,68
1655971535557,CSE 134B,A01,083661,Powell; Thomas Allan,5,7,100,95
1655971541582,CSE 140,A01,083663,Gungor; Onat,5,0,85,80
1655971547611,CSE 140L,A01,083088,Eldon; John,5,0,100,95
1655971553635,CSE 175,A01,083665,Kumar; Rakesh,1,0,25,24
1655971559663,CSE 190,A00,092507,Dubnov; Shlomo,1,0,20,19
1655971565688,ECE 45,A01,083139,Congero; Spencer William,0,1,75,75
1655971571713,ECE 65,A50,083695,Saad; Andrew S,6,0,30,24
1655971571713,ECE 65,A51,095125,Staff,23,0,26,3
1655971577744,ECE 109,A01,091882,Touri; Behrouz,2,4,70,68
1655971583774,ECE 180,A00,083140,Abi Samra; Nicholas Camill,1,0,30,29
1655971583774,ECE 180,B00,083141,Abi Samra; Nicholas Camill,0,8,28,28
1655971589800,MATH 10A,A01,083735,Patchell; Gregory David,0,0,30,30
1655971589800,MATH 10A,A02,083736,Patchell; Gregory David,21,0,30,9
1655971589800,MATH 10A,A03,083737,Patchell; Gregory David,16,0,30,14
1655971595829,MATH 10B,A01,083207,Lim; Seonhee,1,1,34,33
1655971595829,MATH 10B,A02,083208,Lim; Seonhee,1,1,35,34
1655971595829,MATH 10B,A03,093472,Staff,1,0,34,33
1655971595829,MATH 10B,B01,083739,Sinha; Shubham,9,0,30,21
1655971601856,MATH 18,A01,083743,Cinel; Cameron Alexander,5,0,30,25
1655971601856,MATH 18,A02,083744,Cinel; Cameron Alexander,11,0,30,19
1655971601856,MATH 18,A03,083745,Cinel; Cameron Alexander,1,0,30,29
1655971601856,MATH 18,B01,083748,Ma; Zilu,2,0,36,34
1655971601856,MATH 18,B02,083749,Ma; Zilu,0,0,36,36
1655971601856,MATH 18,B03,083750,Ma; Zilu,0,0,36,36
1655971601856,MATH 18,B04,083751,Ma; Zilu,0,0,36,36
1655971601856,MATH 18,B05,093473,Staff,0,0,36,36
1655971601856,MATH 18,B06,093474,Staff,1,0,36,35
1655971607885,MATH 20A,A01,083754,Zheng; Zequn,10,0,40,30
1655971613909,MATH 20B,A01,083756,Briones; Jor-el Thomas Caparas,0,1,36,36
1655971613909,MATH 20B,A02,083757,Briones; Jor-el Thomas Caparas,1,0,36,35
1655971613909,MATH 20B,A03,093475,Staff,0,0,36,36
1655971619934,MATH 20C,A01,083760,Briones; Jor-el Thomas Caparas,0,2,35,35
1655971619934,MATH 20C,A02,083761,Briones; Jor-el Thomas Caparas,6,1,35,29
1655971619934,MATH 20C,A03,093476,Staff,1,0,35,34
1655971619934,MATH 20C,B01,083762,Bach; Quang Tran,3,0,30,27
1655971625961,MATH 20D,A01,083765,Tran; Brian Kha,1,0,30,29
1655971625961,MATH 20D,A02,083766,Tran; Brian Kha,0,1,30,30
1655971625961,MATH 20D,A03,083767,Tran; Brian Kha,1,0,30,29
1655971631988,MATH 20E,A01,083771,Ganguly; Soumya,0,0,32,32
1655971631988,MATH 20E,A02,083772,Ganguly; Soumya,1,1,32,31
1655971631988,MATH 20E,B01,083773,Ciotti; Benjamin,14,0,35,21
1655971631988,MATH 20E,B02,083774,Ciotti; Benjamin,12,0,35,23
1655971638013,MATH 103A,A01,083777,Greenfeld; Be'Eri,2,1,36,34
1655971638013,MATH 103A,A02,083778,Greenfeld; Be'Eri,2,0,36,34
1655971638013,MATH 103A,A03,093561,Staff,0,1,36,36
1655971638013,MATH 103A,B01,083779,Greenfeld; Be'Eri,7,1,36,29
1655971638013,MATH 103A,B02,083780,Greenfeld; Be'Eri,1,0,36,35
1655971638013,MATH 103A,B03,093562,Staff,0,0,36,36
1655971644038,MATH 105,A01,085443,Carter; Anne Toulson,3,1,35,32
1655971644038,MATH 105,A02,093477,Staff,8,0,35,27
1655971650069,MATH 109,A01,083213,Ganzberger; Geoffrey Michael,0,1,34,34
1655971650069,MATH 109,A02,083214,Ganzberger; Geoffrey Michael,0,0,34,34
1655971650069,MATH 109,A03,093478,Staff,1,0,34,33
1655971650069,MATH 109,B01,083215,Ganzberger; Geoffrey Michael,2,0,32,30
1655971650069,MATH 109,B02,083216,Ganzberger; Geoffrey Michael,0,0,32,32
1655971650069,MATH 109,B03,093479,Staff,4,0,32,28
1655971656094,MATH 142A,A01,083219,Chow; Bennett,0,0,32,32
1655971656094,MATH 142A,A02,083220,Chow; Bennett,7,0,32,25
1655971656094,MATH 142A,A03,093480,Staff,4,0,32,28
1655971656094,MATH 142A,B03,093481,Staff,3,0,32,29
1655971656094,MATH 142A,B04,093558,Staff,6,0,32,26
1655971656094,MATH 142A,B05,093559,Staff,0,0,32,32
1655971662126,MATH 193A,A01,083224,Rotar; Vladimir,1,1,34,33
1655971662126,MATH 193A,A02,083225,Rotar; Vladimir,0,0,34,34
1655971662126,MATH 193A,A03,083781,Rotar; Vladimir,2,0,34,32
1655971662126,MATH 193A,A04,083782,Rotar; Vladimir,3,0,34,31
1655971662126,MATH 193A,A05,093482,Rotar; Vladimir,0,0,34,34
1655971668154,MATH 197,001,091859,McAuley; Julian John,9999,0,9999,0
1655971668154,MATH 197,002,095566,Kedlaya; Kiran S.,9997,0,9999,2
1655971668154,MATH 197,003,095567,Xiao; Ming,9999,0,9999,0
1655971668154,MATH 197,004,095571,Perols; Johan Lars,9998,0,9999,1
1655971675237,COGS 9,A01,083615,Shannon; Kyle Michael,3,1,75,72
1655971681265,COGS 11,A01,083617,Boyle; Mary E. T.,11,1,48,37
1655971687290,COGS 13,A01,083071,Bastos; Amalia Pinkusfeld,3,2,71,68
1655971693316,COGS 14A,A01,092681,Semenuks; Arturs,4,25,100,96
1655971699341,COGS 14B,A01,083073,Cheng; Tzu-Han,7,0,63,56
1655971705368,COGS 17,A01,092677,Semenuks; Arturs,8,7,81,73
1655971711397,COGS 100,A01,083619,Allen; Michael Gordon,2,2,70,68
1655971717419,COGS 101A,A01,083621,Davis; Joshua Daniel,4,3,68,64
1655971723442,COGS 101B,A01,091572,Allen; Michael Gordon,0,0,65,65
1655971729468,COGS 101C,A01,083625,Delgado; Tania,7,0,35,28
1655971735564,COGS 107A,A01,083627,Boyle; Mary E. T.,1,2,60,59
1655971741586,COGS 118A,A01,083075,Gupta; Anjum,21,16,76,55
1655971747608,CSE 3,A50,083646,Miranda; Gregory Joseph,14,0,50,36
1655971753632,CSE 8A,A50,083650,Miranda; Gregory Joseph,3,11,56,53
1655971759656,CSE 11,A01,083080,Cao; Yingjun,0,65,40,40
1655971765679,CSE 12,A01,083652,Krause-Levy; Sophia Louisa,6,8,120,114
1655971771707,CSE 15L,A01,083654,Morris; Justin Loren,3,1,50,47
1655971771707,CSE 15L,A02,083655,Morris; Justin Loren,1,1,50,49
1655971777734,CSE 20,A01,083657,Tran; Khoa Dang,29,0,80,51
1655971783759,CSE 21,A01,095574,Bach; Quang Tran,23,0,48,25
1655971789789,CSE 30,A01,083084,Eldon; John,2,10,80,78
1655971789789,CSE 30,B01,095061,Bhaskar; Nishant,0,4,50,50
1655971795812,CSE 100,A01,083659,Cao; Yingjun,2,25,70,68
1655971801842,CSE 134B,A01,083661,Powell; Thomas Allan,5,7,100,95
1655971807868,CSE 140,A01,083663,Gungor; Onat,5,0,85,80
1655971813896,CSE 140L,A01,083088,Eldon; John,5,0,100,95
1655971819923,CSE 175,A01,083665,Kumar; Rakesh,1,0,25,24
1655971825950,CSE 190,A00,092507,Dubnov; Shlomo,1,0,20,19
1655971831977,ECE 45,A01,083139,Congero; Spencer William,0,1,75,75
1655971838015,ECE 65,A50,083695,Saad; Andrew S,6,0,30,24
1655971838015,ECE 65,A51,095125,Staff,23,0,26,3
1655971844044,ECE 109,A01,091882,Touri; Behrouz,2,4,70,68
1655971850067,ECE 180,A00,083140,Abi Samra; Nicholas Camill,1,0,30,29
1655971850067,ECE 180,B00,083141,Abi Samra; Nicholas Camill,0,8,28,28
1655971856093,MATH 10A,A01,083735,Patchell; Gregory David,0,0,30,30
1655971856093,MATH 10A,A02,083736,Patchell; Gregory David,21,0,30,9
1655971856093,MATH 10A,A03,083737,Patchell; Gregory David,16,0,30,14
1655971862122,MATH 10B,A01,083207,Lim; Seonhee,1,1,34,33
1655971862122,MATH 10B,A02,083208,Lim; Seonhee,1,1,35,34
1655971862122,MATH 10B,A03,093472,Staff,1,0,34,33
1655971862122,MATH 10B,B01,083739,Sinha; Shubham,9,0,30,21
1655971868157,MATH 18,A01,083743,Cinel; Cameron Alexander,5,0,30,25
1655971868157,MATH 18,A02,083744,Cinel; Cameron Alexander,11,0,30,19
1655971868157,MATH 18,A03,083745,Cinel; Cameron Alexander,1,0,30,29
1655971868157,MATH 18,B01,083748,Ma; Zilu,2,0,36,34
1655971868157,MATH 18,B02,083749,Ma; Zilu,0,0,36,36
1655971868157,MATH 18,B03,083750,Ma; Zilu,0,0,36,36
1655971868157,MATH 18,B04,083751,Ma; Zilu,0,0,36,36
1655971868157,MATH 18,B05,093473,Staff,0,0,36,36
1655971868157,MATH 18,B06,093474,Staff,1,0,36,35
1655971874185,MATH 20A,A01,083754,Zheng; Zequn,10,0,40,30
1655971880212,MATH 20B,A01,083756,Briones; Jor-el Thomas Caparas,0,1,36,36
1655971880212,MATH 20B,A02,083757,Briones; Jor-el Thomas Caparas,1,0,36,35
1655971880212,MATH 20B,A03,093475,Staff,0,0,36,36
1655971886242,MATH 20C,A01,083760,Briones; Jor-el Thomas Caparas,0,2,35,35
1655971886242,MATH 20C,A02,083761,Briones; Jor-el Thomas Caparas,6,1,35,29
1655971886242,MATH 20C,A03,093476,Staff,1,0,35,34
1655971886242,MATH 20C,B01,083762,Bach; Quang Tran,3,0,30,27
1655971892266,MATH 20D,A01,083765,Tran; Brian Kha,1,0,30,29
1655971892266,MATH 20D,A02,083766,Tran; Brian Kha,0,1,30,30
1655971892266,MATH 20D,A03,083767,Tran; Brian Kha,1,0,30,29
1655971898290,MATH 20E,A01,083771,Ganguly; Soumya,0,0,32,32
1655971898290,MATH 20E,A02,083772,Ganguly; Soumya,1,1,32,31
1655971898290,MATH 20E,B01,083773,Ciotti; Benjamin,14,0,35,21
1655971898290,MATH 20E,B02,083774,Ciotti; Benjamin,12,0,35,23
1655971904321,MATH 103A,A01,083777,Greenfeld; Be'Eri,2,1,36,34
1655971904321,MATH 103A,A02,083778,Greenfeld; Be'Eri,2,0,36,34
1655971904321,MATH 103A,A03,093561,Staff,0,1,36,36
1655971904321,MATH 103A,B01,083779,Greenfeld; Be'Eri,7,1,36,29
1655971904321,MATH 103A,B02,083780,Greenfeld; Be'Eri,1,0,36,35
1655971904321,MATH 103A,B03,093562,Staff,0,0,36,36
1655971910348,MATH 105,A01,085443,Carter; Anne Toulson,3,1,35,32
1655971910348,MATH 105,A02,093477,Staff,8,0,35,27
1655971916384,MATH 109,A01,083213,Ganzberger; Geoffrey Michael,0,1,34,34
1655971916384,MATH 109,A02,083214,Ganzberger; Geoffrey Michael,0,0,34,34
1655971916384,MATH 109,A03,093478,Staff,1,0,34,33
1655971916384,MATH 109,B01,083215,Ganzberger; Geoffrey Michael,2,0,32,30
1655971916384,MATH 109,B02,083216,Ganzberger; Geoffrey Michael,0,0,32,32
1655971916384,MATH 109,B03,093479,Staff,4,0,32,28
1655971922418,MATH 142A,A01,083219,Chow; Bennett,0,0,32,32
1655971922418,MATH 142A,A02,083220,Chow; Bennett,7,0,32,25
1655971922418,MATH 142A,A03,093480,Staff,4,0,32,28
1655971922418,MATH 142A,B03,093481,Staff,3,0,32,29
1655971922418,MATH 142A,B04,093558,Staff,6,0,32,26
1655971922418,MATH 142A,B05,093559,Staff,0,0,32,32
1655971928444,MATH 193A,A01,083224,Rotar; Vladimir,1,1,34,33
1655971928444,MATH 193A,A02,083225,Rotar; Vladimir,0,0,34,34
1655971928444,MATH 193A,A03,083781,Rotar; Vladimir,2,0,34,32
1655971928444,MATH 193A,A04,083782,Rotar; Vladimir,3,0,34,31
1655971928444,MATH 193A,A05,093482,Rotar; Vladimir,0,0,34,34
1655971934470,MATH 197,001,091859,McAuley; Julian John,9999,0,9999,0
1655971934470,MATH 197,002,095566,Kedlaya; Kiran S.,9997,0,9999,2
1655971934470,MATH 197,003,095567,Xiao; Ming,9999,0,9999,0
1655971934470,MATH 197,004,095571,Perols; Johan Lars,9998,0,9999,1
1655971941552,COGS 9,A01,083615,Shannon; Kyle Michael,3,1,75,72
1655971947577,COGS 11,A01,083617,Boyle; Mary E. T.,11,1,48,37
1655971953607,COGS 13,A01,083071,Bastos; Amalia Pinkusfeld,3,2,71,68
1655971959634,COGS 14A,A01,092681,Semenuks; Arturs,4,25,100,96
1655971965657,COGS 14B,A01,083073,Cheng; Tzu-Han,7,0,63,56
1655971971682,COGS 17,A01,092677,Semenuks; Arturs,8,7,81,73
1655971977706,COGS 100,A01,083619,Allen; Michael Gordon,2,2,70,68
1655971983730,COGS 101A,A01,083621,Davis; Joshua Daniel,4,3,68,64
1655971989755,COGS 101B,A01,091572,Allen; Michael Gordon,0,0,65,65
1655971995784,COGS 101C,A01,083625,Delgado; Tania,7,0,35,28
1655972001821,COGS 107A,A01,083627,Boyle; Mary E. T.,1,2,60,59
1655972007854,COGS 118A,A01,083075,Gupta; Anjum,21,16,76,55
1655972013879,CSE 3,A50,083646,Miranda; Gregory Joseph,14,0,50,36
1655972019904,CSE 8A,A50,083650,Miranda; Gregory Joseph,3,11,56,53
1655972025927,CSE 11,A01,083080,Cao; Yingjun,0,65,40,40
1655972031961,CSE 12,A01,083652,Krause-Levy; Sophia Louisa,6,8,120,114
1655972037990,CSE 15L,A01,083654,Morris; Justin Loren,3,1,50,47
1655972037990,CSE 15L,A02,083655,Morris; Justin Loren,1,1,50,49
1655972044022,CSE 20,A01,083657,Tran; Khoa Dang,29,0,80,51
1655972050057,CSE 21,A01,095574,Bach; Quang Tran,23,0,48,25
1655972056089,CSE 30,A01,083084,Eldon; John,2,10,80,78
1655972056089,CSE 30,B01,095061,Bhaskar; Nishant,0,4,50,50
1655972062119,CSE 100,A01,083659,Cao; Yingjun,2,25,70,68
1655972068147,CSE 134B,A01,083661,Powell; Thomas Allan,5,7,100,95
1655972074171,CSE 140,A01,083663,Gungor; Onat,5,0,85,80
1655972080194,CSE 140L,A01,083088,Eldon; John,5,0,100,95
1655972086224,CSE 175,A01,083665,Kumar; Rakesh,1,0,25,24
1655972092259,CSE 190,A00,092507,Dubnov; Shlomo,1,0,20,19
1655972098293,ECE 45,A01,083139,Congero; Spencer William,0,1,75,75
1655972104322,ECE 65,A50,083695,Saad; Andrew S,6,0,30,24
1655972104322,ECE 65,A51,095125,Staff,23,0,26,3
1655972110353,ECE 109,A01,091882,Touri; Behrouz,2,4,70,68
1655972116377,ECE 180,A00,083140,Abi Samra; Nicholas Camill,1,0,30,29
1655972116377,ECE 180,B00,083141,Abi Samra; Nicholas Camill,0,8,28,28
1655972122405,MATH 10A,A01,083735,Patchell; Gregory David,0,0,30,30
1655972122405,MATH 10A,A02,083736,Patchell; Gregory David,21,0,30,9
1655972122405,MATH 10A,A03,083737,Patchell; Gregory David,16,0,30,14
1655972128430,MATH 10B,A01,083207,Lim; Seonhee,1,1,34,33
1655972128430,MATH 10B,A02,083208,Lim; Seonhee,1,1,35,34
1655972128430,MATH 10B,A03,093472,Staff,1,0,34,33
1655972128430,MATH 10B,B01,083739,Sinha; Shubham,9,0,30,21
1655972134456,MATH 18,A01,083743,Cinel; Cameron Alexander,5,0,30,25
1655972134456,MATH 18,A02,083744,Cinel; Cameron Alexander,11,0,30,19
1655972134456,MATH 18,A03,083745,Cinel; Cameron Alexander,1,0,30,29
1655972134456,MATH 18,B01,083748,Ma; Zilu,2,0,36,34
1655972134456,MATH 18,B02,083749,Ma; Zilu,0,0,36,36
1655972134456,MATH 18,B03,083750,Ma; Zilu,0,0,36,36
1655972134456,MATH 18,B04,083751,Ma; Zilu,0,0,36,36
1655972134456,MATH 18,B05,093473,Staff,0,0,36,36
1655972134456,MATH 18,B06,093474,Staff,1,0,36,35
1655972140483,MATH 20A,A01,083754,Zheng; Zequn,10,0,40,30
1655972146515,MATH 20B,A01,083756,Briones; Jor-el Thomas Caparas,0,1,36,36
1655972146515,MATH 20B,A02,083757,Briones; Jor-el Thomas Caparas,1,0,36,35
1655972146515,MATH 20B,A03,093475,Staff,0,0,36,36
1655972152545,MATH 20C,A01,083760,Briones; Jor-el Thomas Caparas,0,2,35,35
1655972152545,MATH 20C,A02,083761,Briones; Jor-el Thomas Caparas,6,1,35,29
1655972152545,MATH 20C,A03,093476,Staff,1,0,35,34
1655972152545,MATH 20C,B01,083762,Bach; Quang Tran,3,0,30,27
1655972158587,MATH 20D,A01,083765,Tran; Brian Kha,1,0,30,29
1655972158587,MATH 20D,A02,083766,Tran; Brian Kha,0,1,30,30
1655972158587,MATH 20D,A03,083767,Tran; Brian Kha,1,0,30,29
1655972164625,MATH 20E,A01,083771,Ganguly; Soumya,0,0,32,32
1655972164625,MATH 20E,A02,083772,Ganguly; Soumya,1,1,32,31
1655972164625,MATH 20E,B01,083773,Ciotti; Benjamin,14,0,35,21
1655972164625,MATH 20E,B02,083774,Ciotti; Benjamin,12,0,35,23
1655972170656,MATH 103A,A01,083777,Greenfeld; Be'Eri,2,1,36,34
1655972170656,MATH 103A,A02,083778,Greenfeld; Be'Eri,2,0,36,34
1655972170656,MATH 103A,A03,093561,Staff,0,1,36,36
1655972170656,MATH 103A,B01,083779,Greenfeld; Be'Eri,7,1,36,29
1655972170656,MATH 103A,B02,083780,Greenfeld; Be'Eri,0,0,36,36
1655972170656,MATH 103A,B03,093562,Staff,0,0,36,36
1655972176680,MATH 105,A01,085443,Carter; Anne Toulson,3,1,35,32
1655972176680,MATH 105,A02,093477,Staff,8,0,35,27
1655972182705,MATH 109,A01,083213,Ganzberger; Geoffrey Michael,0,1,34,34
1655972182705,MATH 109,A02,083214,Ganzberger; Geoffrey Michael,0,0,34,34
1655972182705,MATH 109,A03,093478,Staff,1,0,34,33
1655972182705,MATH 109,B01,083215,Ganzberger; Geoffrey Michael,2,0,32,30
1655972182705,MATH 109,B02,083216,Ganzberger; Geoffrey Michael,0,0,32,32
1655972182705,MATH 109,B03,093479,Staff,4,0,32,28
1655972198817,MATH 142A,A01,083219,Chow; Bennett,0,0,32,32
1655972198817,MATH 142A,A02,083220,Chow; Bennett,7,0,32,25
1655972198817,MATH 142A,A03,093480,Staff,4,0,32,28
1655972198817,MATH 142A,B03,093481,Staff,3,0,32,29
1655972198817,MATH 142A,B04,093558,Staff,6,0,32,26
1655972198817,MATH 142A,B05,093559,Staff,0,0,32,32
1655972204847,MATH 193A,A01,083224,Rotar; Vladimir,1,1,34,33
1655972204847,MATH 193A,A02,083225,Rotar; Vladimir,0,0,34,34
1655972204847,MATH 193A,A03,083781,Rotar; Vladimir,2,0,34,32
1655972204847,MATH 193A,A04,083782,Rotar; Vladimir,3,0,34,31
1655972204847,MATH 193A,A05,093482,Rotar; Vladimir,0,0,34,34
1655972210869,MATH 197,001,091859,McAuley; Julian John,9999,0,9999,0
1655972210869,MATH 197,002,095566,Kedlaya; Kiran S.,9997,0,9999,2
1655972210869,MATH 197,003,095567,Xiao; Ming,9999,0,9999,0
1655972210869,MATH 197,004,095571,Perols; Johan Lars,9998,0,9999,1
1655972217927,COGS 9,A01,083615,Shannon; Kyle Michael,3,1,75,72
1655972223955,COGS 11,A01,083617,Boyle; Mary E. T.,11,1,48,37
1655972229984,COGS 13,A01,083071,Bastos; Amalia Pinkusfeld,3,2,71,68
1655972236014,COGS 14A,A01,092681,Semenuks; Arturs,4,25,100,96
1655972242039,COGS 14B,A01,083073,Cheng; Tzu-Han,7,0,63,56
1655972248062,COGS 17,A01,092677,Semenuks; Arturs,8,7,81,73
1655972254087,COGS 100,A01,083619,Allen; Michael Gordon,2,2,70,68
1655972260114,COGS 101A,A01,083621,Davis; Joshua Daniel,4,3,68,64
1655972266144,COGS 101B,A01,091572,Allen; Michael Gordon,0,0,65,65
1655972272168,COGS 101C,A01,083625,Delgado; Tania,7,0,35,28
1655972278191,COGS 107A,A01,083627,Boyle; Mary E. T.,1,2,60,59
1655972284215,COGS 118A,A01,083075,Gupta; Anjum,21,16,76,55
1655972290244,CSE 3,A50,083646,Miranda; Gregory Joseph,14,0,50,36
1655972296269,CSE 8A,A50,083650,Miranda; Gregory Joseph,3,11,56,53
1655972302296,CSE 11,A01,083080,Cao; Yingjun,0,65,40,40
1655972308322,CSE 12,A01,083652,Krause-Levy; Sophia Louisa,6,8,120,114
1655972314349,CSE 15L,A01,083654,Morris; Justin Loren,3,1,50,47
1655972314349,CSE 15L,A02,083655,Morris; Justin Loren,1,1,50,49
1655972320373,CSE 20,A01,083657,Tran; Khoa Dang,29,0,80,51
1655972326396,CSE 21,A01,095574,Bach; Quang Tran,23,0,48,25
1655972332420,CSE 30,A01,083084,Eldon; John,2,10,80,78
1655972332420,CSE 30,B01,095061,Bhaskar; Nishant,0,4,50,50
1655972338455,CSE 100,A01,083659,Cao; Yingjun,2,25,70,68
1655972344552,CSE 134B,A01,083661,Powell; Thomas Allan,5,7,100,95
1655972350579,CSE 140,A01,083663,Gungor; Onat,5,0,85,80
1655972356620,CSE 140L,A01,083088,Eldon; John,5,0,100,95
1655972362647,CSE 175,A01,083665,Kumar; Rakesh,1,0,25,24
1655972368669,CSE 190,A00,092507,Dubnov; Shlomo,1,0,20,19
1655972374693,ECE 45,A01,083139,Congero; Spencer William,0,1,75,75
1655972380725,ECE 65,A50,083695,Saad; Andrew S,6,0,30,24
1655972380725,ECE 65,A51,095125,Staff,23,0,26,3
1655972386750,ECE 109,A01,091882,Touri; Behrouz,2,4,70,68
1655972392778,ECE 180,A00,083140,Abi Samra; Nicholas Camill,1,0,30,29
1655972392778,ECE 180,B00,083141,Abi Samra; Nicholas Camill,0,8,28,28
1655972398804,MATH 10A,A01,083735,Patchell; Gregory David,0,0,30,30
1655972398804,MATH 10A,A02,083736,Patchell; Gregory David,21,0,30,9
1655972398804,MATH 10A,A03,083737,Patchell; Gregory David,16,0,30,14
1655972404829,MATH 10B,A01,083207,Lim; Seonhee,1,1,34,33
1655972404829,MATH 10B,A02,083208,Lim; Seonhee,1,1,35,34
1655972404829,MATH 10B,A03,093472,Staff,1,0,34,33
1655972404829,MATH 10B,B01,083739,Sinha; Shubham,9,0,30,21
1655972410856,MATH 18,A01,083743,Cinel; Cameron Alexander,5,0,30,25
1655972410856,MATH 18,A02,083744,Cinel; Cameron Alexander,11,0,30,19
1655972410856,MATH 18,A03,083745,Cinel; Cameron Alexander,1,0,30,29
1655972410856,MATH 18,B01,083748,Ma; Zilu,2,0,36,34
1655972410856,MATH 18,B02,083749,Ma; Zilu,0,0,36,36
1655972410856,MATH 18,B03,083750,Ma; Zilu,0,0,36,36
1655972410856,MATH 18,B04,083751,Ma; Zilu,0,0,36,36
1655972410856,MATH 18,B05,093473,Staff,0,0,36,36
1655972410856,MATH 18,B06,093474,Staff,1,0,36,35
1655972416881,MATH 20A,A01,083754,Zheng; Zequn,10,0,40,30
1655972422904,MATH 20B,A01,083756,Briones; Jor-el Thomas Caparas,0,1,36,36
1655972422904,MATH 20B,A02,083757,Briones; Jor-el Thomas Caparas,1,0,36,35
1655972422904,MATH 20B,A03,093475,Staff,0,0,36,36
1655972428932,MATH 20C,A01,083760,Briones; Jor-el Thomas Caparas,0,2,35,35
1655972428932,MATH 20C,A02,083761,Briones; Jor-el Thomas Caparas,6,1,35,29
1655972428932,MATH 20C,A03,093476,Staff,1,0,35,34
1655972428932,MATH 20C,B01,083762,Bach; Quang Tran,3,0,30,27
1655972434959,MATH 20D,A01,083765,Tran; Brian Kha,1,0,30,29
1655972434959,MATH 20D,A02,083766,Tran; Brian Kha,0,1,30,30
1655972434959,MATH 20D,A03,083767,Tran; Brian Kha,1,0,30,29
1655972440989,MATH 20E,A01,083771,Ganguly; Soumya,0,0,32,32
1655972440989,MATH 20E,A02,083772,Ganguly; Soumya,1,1,32,31
1655972440989,MATH 20E,B01,083773,Ciotti; Benjamin,14,0,35,21
1655972440989,MATH 20E,B02,083774,Ciotti; Benjamin,12,0,35,23
1655972447014,MATH 103A,A01,083777,Greenfeld; Be'Eri,2,1,36,34
1655972447014,MATH 103A,A02,083778,Greenfeld; Be'Eri,2,0,36,34
1655972447014,MATH 103A,A03,093561,Staff,0,1,36,36
1655972447014,MATH 103A,B01,083779,Greenfeld; Be'Eri,7,1,36,29
1655972447014,MATH 103A,B02,083780,Greenfeld; Be'Eri,0,0,36,36
1655972447014,MATH 103A,B03,093562,Staff,0,0,36,36
1655972453040,MATH 105,A01,085443,Carter; Anne Toulson,3,1,35,32
1655972453040,MATH 105,A02,093477,Staff,8,0,35,27
1655972459065,MATH 109,A01,083213,Ganzberger; Geoffrey Michael,0,1,34,34
1655972459065,MATH 109,A02,083214,Ganzberger; Geoffrey Michael,0,0,34,34
1655972459065,MATH 109,A03,093478,Staff,1,0,34,33
1655972459065,MATH 109,B01,083215,Ganzberger; Geoffrey Michael,2,0,32,30
1655972459065,MATH 109,B02,083216,Ganzberger; Geoffrey Michael,0,0,32,32
1655972459065,MATH 109,B03,093479,Staff,4,0,32,28
1655972465091,MATH 142A,A01,083219,Chow; Bennett,0,0,32,32
1655972465091,MATH 142A,A02,083220,Chow; Bennett,7,0,32,25
1655972465091,MATH 142A,A03,093480,Staff,4,0,32,28
1655972465091,MATH 142A,B03,093481,Staff,3,0,32,29
1655972465091,MATH 142A,B04,093558,Staff,6,0,32,26
1655972465091,MATH 142A,B05,093559,Staff,0,0,32,32
1655972471122,MATH 193A,A01,083224,Rotar; Vladimir,1,1,34,33
1655972471122,MATH 193A,A02,083225,Rotar; Vladimir,0,0,34,34
1655972471122,MATH 193A,A03,083781,Rotar; Vladimir,2,0,34,32
1655972471122,MATH 193A,A04,083782,Rotar; Vladimir,3,0,34,31
1655972471122,MATH 193A,A05,093482,Rotar; Vladimir,0,0,34,34
1655972477173,MATH 197,001,091859,McAuley; Julian John,9999,0,9999,0
1655972477173,MATH 197,002,095566,Kedlaya; Kiran S.,9997,0,9999,2
1655972477173,MATH 197,003,095567,Xiao; Ming,9999,0,9999,0
1655972477173,MATH 197,004,095571,Perols; Johan Lars,9998,0,9999,1
1655972484252,COGS 9,A01,083615,Shannon; Kyle Michael,3,1,75,72
1655972490281,COGS 11,A01,083617,Boyle; Mary E. T.,11,1,48,37
1655972496308,COGS 13,A01,083071,Bastos; Amalia Pinkusfeld,3,2,71,68
1655972502337,COGS 14A,A01,092681,Semenuks; Arturs,4,25,100,96
1655972508366,COGS 14B,A01,083073,Cheng; Tzu-Han,7,0,63,56
1655972514393,COGS 17,A01,092677,Semenuks; Arturs,8,7,81,73
1655972520419,COGS 100,A01,083619,Allen; Michael Gordon,2,2,70,68
1655972526445,COGS 101A,A01,083621,Davis; Joshua Daniel,4,3,68,64
1655972532479,COGS 101B,A01,091572,Allen; Michael Gordon,0,0,65,65
1655972538504,COGS 101C,A01,083625,Delgado; Tania,7,0,35,28
1655972544530,COGS 107A,A01,083627,Boyle; Mary E. T.,1,2,60,59
1655972550561,COGS 118A,A01,083075,Gupta; Anjum,21,16,76,55
1655972556588,CSE 3,A50,083646,Miranda; Gregory Joseph,14,0,50,36
1655972562623,CSE 8A,A50,083650,Miranda; Gregory Joseph,3,11,56,53
1655972568648,CSE 11,A01,083080,Cao; Yingjun,0,65,40,40
1655972574686,CSE 12,A01,083652,Krause-Levy; Sophia Louisa,6,8,120,114
1655972580711,CSE 15L,A01,083654,Morris; Justin Loren,3,1,50,47
1655972580711,CSE 15L,A02,083655,Morris; Justin Loren,1,1,50,49
1655972586736,CSE 20,A01,083657,Tran; Khoa Dang,29,0,80,51
1655972592762,CSE 21,A01,095574,Bach; Quang Tran,23,0,48,25
1655972598795,CSE 30,A01,083084,Eldon; John,2,10,80,78
1655972598795,CSE 30,B01,095061,Bhaskar; Nishant,0,4,50,50
1655972604826,CSE 100,A01,083659,Cao; Yingjun,2,25,70,68
1655972610852,CSE 134B,A01,083661,Powell; Thomas Allan,5,7,100,95
1655972616877,CSE 140,A01,083663,Gungor; Onat,5,0,85,80
1655972622908,CSE 140L,A01,083088,Eldon; John,5,0,100,95
1655972628939,CSE 175,A01,083665,Kumar; Rakesh,1,0,25,24
1655972634967,CSE 190,A00,092507,Dubnov; Shlomo,1,0,20,19
1655972641005,ECE 45,A01,083139,Congero; Spencer William,0,1,75,75
1655972647030,ECE 65,A50,083695,Saad; Andrew S,6,0,30,24
1655972647030,ECE 65,A51,095125,Staff,23,0,26,3
1655972653068,ECE 109,A01,091882,Touri; Behrouz,2,4,70,68
1655972659096,ECE 180,A00,083140,Abi Samra; Nicholas Camill,1,0,30,29
1655972659096,ECE 180,B00,083141,Abi Samra; Nicholas Camill,0,8,28,28
1655972665122,MATH 10A,A01,083735,Patchell; Gregory David,0,0,30,30
1655972665122,MATH 10A,A02,083736,Patchell; Gregory David,21,0,30,9
1655972665122,MATH 10A,A03,083737,Patchell; Gregory David,16,0,30,14
1655972671154,MATH 10B,A01,083207,Lim; Seonhee,1,1,34,33
1655972671154,MATH 10B,A02,083208,Lim; Seonhee,1,1,35,34
1655972671154,MATH 10B,A03,093472,Staff,1,0,34,33
1655972671154,MATH 10B,B01,083739,Sinha; Shubham,9,0,30,21
1655972677184,MATH 18,A01,083743,Cinel; Cameron Alexander,5,0,30,25
1655972677184,MATH 18,A02,083744,Cinel; Cameron Alexander,11,0,30,19
1655972677184,MATH 18,A03,083745,Cinel; Cameron Alexander,1,0,30,29
1655972677184,MATH 18,B01,083748,Ma; Zilu,2,0,36,34
1655972677184,MATH 18,B02,083749,Ma; Zilu,0,0,36,36
1655972677184,MATH 18,B03,083750,Ma; Zilu,0,0,36,36
1655972677184,MATH 18,B04,083751,Ma; Zilu,0,0,36,36
1655972677184,MATH 18,B05,093473,Staff,0,0,36,36
1655972677184,MATH 18,B06,093474,Staff,1,0,36,35
1655972683208,MATH 20A,A01,083754,Zheng; Zequn,10,0,40,30
1655972689262,MATH 20B,A01,083756,Briones; Jor-el Thomas Caparas,0,1,36,36
1655972689262,MATH 20B,A02,083757,Briones; Jor-el Thomas Caparas,1,0,36,35
1655972689262,MATH 20B,A03,093475,Staff,0,0,36,36
1655972695288,MATH 20C,A01,083760,Briones; Jor-el Thomas Caparas,0,2,35,35
1655972695288,MATH 20C,A02,083761,Briones; Jor-el Thomas Caparas,6,1,35,29
1655972695288,MATH 20C,A03,093476,Staff,1,0,35,34
1655972695288,MATH 20C,B01,083762,Bach; Quang Tran,3,0,30,27
1655972701324,MATH 20D,A01,083765,Tran; Brian Kha,1,0,30,29
1655972701324,MATH 20D,A02,083766,Tran; Brian Kha,0,1,30,30
1655972701324,MATH 20D,A03,083767,Tran; Brian Kha,1,0,30,29
1655972707358,MATH 20E,A01,083771,Ganguly; Soumya,0,0,32,32
1655972707358,MATH 20E,A02,083772,Ganguly; Soumya,1,1,32,31
1655972707358,MATH 20E,B01,083773,Ciotti; Benjamin,14,0,35,21
1655972707358,MATH 20E,B02,083774,Ciotti; Benjamin,12,0,35,23
1655972713400,MATH 103A,A01,083777,Greenfeld; Be'Eri,2,1,36,34
1655972713400,MATH 103A,A02,083778,Greenfeld; Be'Eri,2,0,36,34
1655972713400,MATH 103A,A03,093561,Staff,0,1,36,36
1655972713400,MATH 103A,B01,083779,Greenfeld; Be'Eri,7,1,36,29
1655972713400,MATH 103A,B02,083780,Greenfeld; Be'Eri,0,0,36,36
1655972713400,MATH 103A,B03,093562,Staff,0,0,36,36
1655972719425,MATH 105,A01,085443,Carter; Anne Toulson,3,1,35,32
1655972719425,MATH 105,A02,093477,Staff,8,0,35,27
1655972725450,MATH 109,A01,083213,Ganzberger; Geoffrey Michael,0,1,34,34
1655972725450,MATH 109,A02,083214,Ganzberger; Geoffrey Michael,0,0,34,34
1655972725450,MATH 109,A03,093478,Staff,1,0,34,33
1655972725450,MATH 109,B01,083215,Ganzberger; Geoffrey Michael,2,0,32,30
1655972725450,MATH 109,B02,083216,Ganzberger; Geoffrey Michael,0,0,32,32
1655972725450,MATH 109,B03,093479,Staff,4,0,32,28
1655972731474,MATH 142A,A01,083219,Chow; Bennett,0,0,32,32
1655972731474,MATH 142A,A02,083220,Chow; Bennett,7,0,32,25
1655972731474,MATH 142A,A03,093480,Staff,4,0,32,28
1655972731474,MATH 142A,B03,093481,Staff,3,0,32,29
1655972731474,MATH 142A,B04,093558,Staff,6,0,32,26
1655972731474,MATH 142A,B05,093559,Staff,0,0,32,32
1655972737508,MATH 193A,A01,083224,Rotar; Vladimir,1,1,34,33
1655972737508,MATH 193A,A02,083225,Rotar; Vladimir,0,0,34,34
1655972737508,MATH 193A,A03,083781,Rotar; Vladimir,2,0,34,32
1655972737508,MATH 193A,A04,083782,Rotar; Vladimir,3,0,34,31
1655972737508,MATH 193A,A05,093482,Rotar; Vladimir,0,0,34,34
1655972743536,MATH 197,001,091859,McAuley; Julian John,9999,0,9999,0
1655972743536,MATH 197,002,095566,Kedlaya; Kiran S.,9997,0,9999,2
1655972743536,MATH 197,003,095567,Xiao; Ming,9999,0,9999,0
1655972743536,MATH 197,004,095571,Perols; Johan Lars,9998,0,9999,1
1655972750607,COGS 9,A01,083615,Shannon; Kyle Michael,3,1,75,72
1655972756632,COGS 11,A01,083617,Boyle; Mary E. T.,11,1,48,37
1655972762658,COGS 13,A01,083071,Bastos; Amalia Pinkusfeld,3,2,71,68
1655972768691,COGS 14A,A01,092681,Semenuks; Arturs,4,25,100,96
1655972774722,COGS 14B,A01,083073,Cheng; Tzu-Han,7,0,63,56
1655972780751,COGS 17,A01,092677,Semenuks; Arturs,8,7,81,73
1655972786781,COGS 100,A01,083619,Allen; Michael Gordon,2,2,70,68
1655972792815,COGS 101A,A01,083621,Davis; Joshua Daniel,4,3,68,64
1655972798841,COGS 101B,A01,091572,Allen; Michael Gordon,0,0,65,65
1655972804889,COGS 101C,A01,083625,Delgado; Tania,7,0,35,28
1655972810920,COGS 107A,A01,083627,Boyle; Mary E. T.,1,2,60,59
1655972816946,COGS 118A,A01,083075,Gupta; Anjum,21,16,76,55
1655972822974,CSE 3,A50,083646,Miranda; Gregory Joseph,14,0,50,36
1655972829006,CSE 8A,A50,083650,Miranda; Gregory Joseph,3,11,56,53
1655972835034,CSE 11,A01,083080,Cao; Yingjun,0,65,40,40
1655972841064,CSE 12,A01,083652,Krause-Levy; Sophia Louisa,6,8,120,114
1655972847089,CSE 15L,A01,083654,Morris; Justin Loren,3,1,50,47
1655972847089,CSE 15L,A02,083655,Morris; Justin Loren,1,1,50,49
1655972853115,CSE 20,A01,083657,Tran; Khoa Dang,29,0,80,51
1655972859149,CSE 21,A01,095574,Bach; Quang Tran,23,0,48,25
1655972865184,CSE 30,A01,083084,Eldon; John,2,10,80,78
1655972865184,CSE 30,B01,095061,Bhaskar; Nishant,0,4,50,50
1655972871214,CSE 100,A01,083659,Cao; Yingjun,2,25,70,68
1655972877248,CSE 134B,A01,083661,Powell; Thomas Allan,5,7,100,95
1655972883273,CSE 140,A01,083663,Gungor; Onat,5,0,85,80
1655972889305,CSE 140L,A01,083088,Eldon; John,5,0,100,95
1655972895331,CSE 175,A01,083665,Kumar; Rakesh,1,0,25,24
1655972901357,CSE 190,A00,092507,Dubnov; Shlomo,1,0,20,19
1655972907384,ECE 45,A01,083139,Congero; Spencer William,0,1,75,75
1655972913411,ECE 65,A50,083695,Saad; Andrew S,6,0,30,24
1655972913411,ECE 65,A51,095125,Staff,23,0,26,3
1655972919437,ECE 109,A01,091882,Touri; Behrouz,2,4,70,68
1655972925461,ECE 180,A00,083140,Abi Samra; Nicholas Camill,1,0,30,29
1655972925461,ECE 180,B00,083141,Abi Samra; Nicholas Camill,0,8,28,28
1655972931489,MATH 10A,A01,083735,Patchell; Gregory David,0,0,30,30
1655972931489,MATH 10A,A02,083736,Patchell; Gregory David,21,0,30,9
1655972931489,MATH 10A,A03,083737,Patchell; Gregory David,16,0,30,14
1655972937529,MATH 10B,A01,083207,Lim; Seonhee,1,1,34,33
1655972937529,MATH 10B,A02,083208,Lim; Seonhee,1,1,35,34
1655972937529,MATH 10B,A03,093472,Staff,1,0,34,33
1655972937529,MATH 10B,B01,083739,Sinha; Shubham,9,0,30,21
1655972943633,MATH 18,A01,083743,Cinel; Cameron Alexander,5,0,30,25
1655972943633,MATH 18,A02,083744,Cinel; Cameron Alexander,11,0,30,19
1655972943633,MATH 18,A03,083745,Cinel; Cameron Alexander,1,0,30,29
1655972943633,MATH 18,B01,083748,Ma; Zilu,2,0,36,34
1655972943633,MATH 18,B02,083749,Ma; Zilu,0,0,36,36
1655972943633,MATH 18,B03,083750,Ma; Zilu,0,0,36,36
1655972943633,MATH 18,B04,083751,Ma; Zilu,0,0,36,36
1655972943633,MATH 18,B05,093473,Staff,0,0,36,36
1655972943633,MATH 18,B06,093474,Staff,1,0,36,35
1655972949663,MATH 20A,A01,083754,Zheng; Zequn,10,0,40,30
1655972955700,MATH 20B,A01,083756,Briones; Jor-el Thomas Caparas,0,1,36,36
1655972955700,MATH 20B,A02,083757,Briones; Jor-el Thomas Caparas,1,0,36,35
1655972955700,MATH 20B,A03,093475,Staff,0,0,36,36
1655972961725,MATH 20C,A01,083760,Briones; Jor-el Thomas Caparas,0,2,35,35
1655972961725,MATH 20C,A02,083761,Briones; Jor-el Thomas Caparas,6,1,35,29
1655972961725,MATH 20C,A03,093476,Staff,1,0,35,34
1655972961725,MATH 20C,B01,083762,Bach; Quang Tran,3,0,30,27
1655972967749,MATH 20D,A01,083765,Tran; Brian Kha,1,0,30,29
1655972967749,MATH 20D,A02,083766,Tran; Brian Kha,0,1,30,30
1655972967749,MATH 20D,A03,083767,Tran; Brian Kha,1,0,30,29
1655972973775,MATH 20E,A01,083771,Ganguly; Soumya,0,0,32,32
1655972973775,MATH 20E,A02,083772,Ganguly; Soumya,1,1,32,31
1655972973775,MATH 20E,B01,083773,Ciotti; Benjamin,14,0,35,21
1655972973775,MATH 20E,B02,083774,Ciotti; Benjamin,12,0,35,23
1655972979812,MATH 103A,A01,083777,Greenfeld; Be'Eri,2,1,36,34
1655972979812,MATH 103A,A02,083778,Greenfeld; Be'Eri,2,0,36,34
1655972979812,MATH 103A,A03,093561,Staff,0,1,36,36
1655972979812,MATH 103A,B01,083779,Greenfeld; Be'Eri,7,1,36,29
1655972979812,MATH 103A,B02,083780,Greenfeld; Be'Eri,0,0,36,36
1655972979812,MATH 103A,B03,093562,Staff,0,0,36,36
1655972985845,MATH 105,A01,085443,Carter; Anne Toulson,3,1,35,32
1655972985845,MATH 105,A02,093477,Staff,8,0,35,27
1655972991871,MATH 109,A01,083213,Ganzberger; Geoffrey Michael,0,1,34,34
1655972991871,MATH 109,A02,083214,Ganzberger; Geoffrey Michael,0,0,34,34
1655972991871,MATH 109,A03,093478,Staff,1,0,34,33
1655972991871,MATH 109,B01,083215,Ganzberger; Geoffrey Michael,2,0,32,30
1655972991871,MATH 109,B02,083216,Ganzberger; Geoffrey Michael,0,0,32,32
1655972991871,MATH 109,B03,093479,Staff,4,0,32,28
1655972997903,MATH 142A,A01,083219,Chow; Bennett,0,0,32,32
1655972997903,MATH 142A,A02,083220,Chow; Bennett,7,0,32,25
1655972997903,MATH 142A,A03,093480,Staff,4,0,32,28
1655972997903,MATH 142A,B03,093481,Staff,3,0,32,29
1655972997903,MATH 142A,B04,093558,Staff,6,0,32,26
1655972997903,MATH 142A,B05,093559,Staff,0,0,32,32
1655973003927,MATH 193A,A01,083224,Rotar; Vladimir,1,1,34,33
1655973003927,MATH 193A,A02,083225,Rotar; Vladimir,0,0,34,34
1655973003927,MATH 193A,A03,083781,Rotar; Vladimir,2,0,34,32
1655973003927,MATH 193A,A04,083782,Rotar; Vladimir,3,0,34,31
1655973003927,MATH 193A,A05,093482,Rotar; Vladimir,0,0,34,34
1655973009956,MATH 197,001,091859,McAuley; Julian John,9999,0,9999,0
1655973009956,MATH 197,002,095566,Kedlaya; Kiran S.,9997,0,9999,2
1655973009956,MATH 197,003,095567,Xiao; Ming,9999,0,9999,0
1655973009956,MATH 197,004,095571,Perols; Johan Lars,9998,0,9999,1
1655973017027,COGS 9,A01,083615,Shannon; Kyle Michael,3,1,75,72
1655973023052,COGS 11,A01,083617,Boyle; Mary E. T.,11,1,48,37
1655973029086,COGS 13,A01,083071,Bastos; Amalia Pinkusfeld,3,2,71,68
1655973035111,COGS 14A,A01,092681,Semenuks; Arturs,4,25,100,96
1655973041145,COGS 14B,A01,083073,Cheng; Tzu-Han,7,0,63,56
1655973047176,COGS 17,A01,092677,Semenuks; Arturs,8,7,81,73
1655973053203,COGS 100,A01,083619,Allen; Michael Gordon,2,2,70,68
1655973059229,COGS 101A,A01,083621,Davis; Joshua Daniel,4,3,68,64
1655973065255,COGS 101B,A01,091572,Allen; Michael Gordon,0,0,65,65
1655973071289,COGS 101C,A01,083625,Delgado; Tania,7,0,35,28
1655973077321,COGS 107A,A01,083627,Boyle; Mary E. T.,1,2,60,59
1655973083352,COGS 118A,A01,083075,Gupta; Anjum,21,16,76,55
1655973089380,CSE 3,A50,083646,Miranda; Gregory Joseph,14,0,50,36
1655973095406,CSE 8A,A50,083650,Miranda; Gregory Joseph,3,11,56,53
1655973101434,CSE 11,A01,083080,Cao; Yingjun,0,65,40,40
1655973107460,CSE 12,A01,083652,Krause-Levy; Sophia Louisa,6,8,120,114
1655973113484,CSE 15L,A01,083654,Morris; Justin Loren,3,1,50,47
1655973113484,CSE 15L,A02,083655,Morris; Justin Loren,1,1,50,49
1655973119518,CSE 20,A01,083657,Tran; Khoa Dang,29,0,80,51
1655973125548,CSE 21,A01,095574,Bach; Quang Tran,23,0,48,25
1655973131576,CSE 30,A01,083084,Eldon; John,2,10,80,78
1655973131576,CSE 30,B01,095061,Bhaskar; Nishant,0,4,50,50
1655973137602,CSE 100,A01,083659,Cao; Yingjun,2,25,70,68
1655973143627,CSE 134B,A01,083661,Powell; Thomas Allan,5,7,100,95
1655973149657,CSE 140,A01,083663,Gungor; Onat,5,0,85,80
1655973155687,CSE 140L,A01,083088,Eldon; John,5,0,100,95
1655973161711,CSE 175,A01,083665,Kumar; Rakesh,1,0,25,24
1655973167741,CSE 190,A00,092507,Dubnov; Shlomo,1,0,20,19
1655973173765,ECE 45,A01,083139,Congero; Spencer William,0,1,75,75
1655973179790,ECE 65,A50,083695,Saad; Andrew S,6,0,30,24
1655973179790,ECE 65,A51,095125,Staff,23,0,26,3
1655973185816,ECE 109,A01,091882,Touri; Behrouz,2,4,70,68
1655973191841,ECE 180,A00,083140,Abi Samra; Nicholas Camill,1,0,30,29
1655973191841,ECE 180,B00,083141,Abi Samra; Nicholas Camill,0,8,28,28
1655973197875,MATH 10A,A01,083735,Patchell; Gregory David,0,0,30,30
1655973197875,MATH 10A,A02,083736,Patchell; Gregory David,21,0,30,9
1655973197875,MATH 10A,A03,083737,Patchell; Gregory David,16,0,30,14
1655973203903,MATH 10B,A01,083207,Lim; Seonhee,1,1,34,33
1655973203903,MATH 10B,A02,083208,Lim; Seonhee,1,1,35,34
1655973203903,MATH 10B,A03,093472,Staff,1,0,34,33
1655973203903,MATH 10B,B01,083739,Sinha; Shubham,9,0,30,21
1655973209929,MATH 18,A01,083743,Cinel; Cameron Alexander,5,0,30,25
1655973209929,MATH 18,A02,083744,Cinel; Cameron Alexander,11,0,30,19
1655973209929,MATH 18,A03,083745,Cinel; Cameron Alexander,1,0,30,29
1655973209929,MATH 18,B01,083748,Ma; Zilu,2,0,36,34
1655973209929,MATH 18,B02,083749,Ma; Zilu,0,0,36,36
1655973209929,MATH 18,B03,083750,Ma; Zilu,0,0,36,36
1655973209929,MATH 18,B04,083751,Ma; Zilu,0,0,36,36
1655973209929,MATH 18,B05,093473,Staff,0,0,36,36
1655973209929,MATH 18,B06,093474,Staff,1,0,36,35
1655973215961,MATH 20A,A01,083754,Zheng; Zequn,10,0,40,30
1655973221987,MATH 20B,A01,083756,Briones; Jor-el Thomas Caparas,0,1,36,36
1655973221987,MATH 20B,A02,083757,Briones; Jor-el Thomas Caparas,1,0,36,35
1655973221987,MATH 20B,A03,093475,Staff,0,0,36,36
1655973228020,MATH 20C,A01,083760,Briones; Jor-el Thomas Caparas,0,2,35,35
1655973228020,MATH 20C,A02,083761,Briones; Jor-el Thomas Caparas,6,1,35,29
1655973228020,MATH 20C,A03,093476,Staff,1,0,35,34
1655973228020,MATH 20C,B01,083762,Bach; Quang Tran,3,0,30,27
1655973234050,MATH 20D,A01,083765,Tran; Brian Kha,1,0,30,29
1655973234050,MATH 20D,A02,083766,Tran; Brian Kha,0,1,30,30
1655973234050,MATH 20D,A03,083767,Tran; Brian Kha,1,0,30,29
1655973240084,MATH 20E,A01,083771,Ganguly; Soumya,0,0,32,32
1655973240084,MATH 20E,A02,083772,Ganguly; Soumya,1,1,32,31
1655973240084,MATH 20E,B01,083773,Ciotti; Benjamin,14,0,35,21
1655973240084,MATH 20E,B02,083774,Ciotti; Benjamin,12,0,35,23
1655973246110,MATH 103A,A01,083777,Greenfeld; Be'Eri,2,1,36,34
1655973246110,MATH 103A,A02,083778,Greenfeld; Be'Eri,2,0,36,34
1655973246110,MATH 103A,A03,093561,Staff,0,1,36,36
1655973246110,MATH 103A,B01,083779,Greenfeld; Be'Eri,7,1,36,29
1655973246110,MATH 103A,B02,083780,Greenfeld; Be'Eri,0,0,36,36
1655973246110,MATH 103A,B03,093562,Staff,0,0,36,36
1655973252135,MATH 105,A01,085443,Carter; Anne Toulson,3,1,35,32
1655973252135,MATH 105,A02,093477,Staff,8,0,35,27
1655973258162,MATH 109,A01,083213,Ganzberger; Geoffrey Michael,0,1,34,34
1655973258162,MATH 109,A02,083214,Ganzberger; Geoffrey Michael,0,0,34,34
1655973258162,MATH 109,A03,093478,Staff,1,0,34,33
1655973258162,MATH 109,B01,083215,Ganzberger; Geoffrey Michael,2,0,32,30
1655973258162,MATH 109,B02,083216,Ganzberger; Geoffrey Michael,0,0,32,32
1655973258162,MATH 109,B03,093479,Staff,4,0,32,28
1655973264192,MATH 142A,A01,083219,Chow; Bennett,0,0,32,32
1655973264192,MATH 142A,A02,083220,Chow; Bennett,7,0,32,25
1655973264192,MATH 142A,A03,093480,Staff,4,0,32,28
1655973264192,MATH 142A,B03,093481,Staff,3,0,32,29
1655973264192,MATH 142A,B04,093558,Staff,6,0,32,26
1655973264192,MATH 142A,B05,093559,Staff,0,0,32,32
1655973270226,MATH 193A,A01,083224,Rotar; Vladimir,1,1,34,33
1655973270226,MATH 193A,A02,083225,Rotar; Vladimir,0,0,34,34
1655973270226,MATH 193A,A03,083781,Rotar; Vladimir,2,0,34,32
1655973270226,MATH 193A,A04,083782,Rotar; Vladimir,3,0,34,31
1655973270226,MATH 193A,A05,093482,Rotar; Vladimir,0,0,34,34
1655973276264,MATH 197,001,091859,McAuley; Julian John,9999,0,9999,0
1655973276264,MATH 197,002,095566,Kedlaya; Kiran S.,9997,0,9999,2
1655973276264,MATH 197,003,095567,Xiao; Ming,9999,0,9999,0
1655973276264,MATH 197,004,095571,Perols; Johan Lars,9998,0,9999,1
1655973283332,COGS 9,A01,083615,Shannon; Kyle Michael,3,1,75,72
1655973289361,COGS 11,A01,083617,Boyle; Mary E. T.,11,1,48,37
1655973295386,COGS 13,A01,083071,Bastos; Amalia Pinkusfeld,3,2,71,68
1655973301409,COGS 14A,A01,092681,Semenuks; Arturs,4,25,100,96
1655973307438,COGS 14B,A01,083073,Cheng; Tzu-Han,7,0,63,56
1655973313470,COGS 17,A01,092677,Semenuks; Arturs,8,7,81,73
1655973319498,COGS 100,A01,083619,Allen; Michael Gordon,2,2,70,68
1655973325521,COGS 101A,A01,083621,Davis; Joshua Daniel,4,3,68,64
1655973331543,COGS 101B,A01,091572,Allen; Michael Gordon,0,0,65,65
1655973337567,COGS 101C,A01,083625,Delgado; Tania,7,0,35,28
1655973343596,COGS 107A,A01,083627,Boyle; Mary E. T.,1,2,60,59
1655973349624,COGS 118A,A01,083075,Gupta; Anjum,21,16,76,55
1655973355656,CSE 3,A50,083646,Miranda; Gregory Joseph,14,0,50,36
1655973361681,CSE 8A,A50,083650,Miranda; Gregory Joseph,3,11,56,53
1655973367705,CSE 11,A01,083080,Cao; Yingjun,0,65,40,40
1655973373729,CSE 12,A01,083652,Krause-Levy; Sophia Louisa,6,8,120,114
1655973379754,CSE 15L,A01,083654,Morris; Justin Loren,3,1,50,47
1655973379754,CSE 15L,A02,083655,Morris; Justin Loren,1,1,50,49
1655973385777,CSE 20,A01,083657,Tran; Khoa Dang,29,0,80,51
1655973391801,CSE 21,A01,095574,Bach; Quang Tran,23,0,48,25
1655973397844,CSE 30,A01,083084,Eldon; John,2,10,80,78
1655973397844,CSE 30,B01,095061,Bhaskar; Nishant,0,4,50,50
1655973403867,CSE 100,A01,083659,Cao; Yingjun,2,25,70,68
1655973409894,CSE 134B,A01,083661,Powell; Thomas Allan,5,7,100,95
1655973415922,CSE 140,A01,083663,Gungor; Onat,5,0,85,80
1655973421988,CSE 140L,A01,083088,Eldon; John,5,0,100,95
1655973428013,CSE 175,A01,083665,Kumar; Rakesh,1,0,25,24
1655973434037,CSE 190,A00,092507,Dubnov; Shlomo,1,0,20,19
1655973440061,ECE 45,A01,083139,Congero; Spencer William,0,1,75,75
1655973446085,ECE 65,A50,083695,Saad; Andrew S,6,0,30,24
1655973446085,ECE 65,A51,095125,Staff,23,0,26,3
1655973452115,ECE 109,A01,091882,Touri; Behrouz,2,4,70,68
1655973458144,ECE 180,A00,083140,Abi Samra; Nicholas Camill,1,0,30,29
1655973458144,ECE 180,B00,083141,Abi Samra; Nicholas Camill,0,8,28,28
1655973464172,MATH 10A,A01,083735,Patchell; Gregory David,0,0,30,30
1655973464172,MATH 10A,A02,083736,Patchell; Gregory David,21,0,30,9
1655973464172,MATH 10A,A03,083737,Patchell; Gregory David,16,0,30,14
1655973470199,MATH 10B,A01,083207,Lim; Seonhee,1,1,34,33
1655973470199,MATH 10B,A02,083208,Lim; Seonhee,1,1,35,34
1655973470199,MATH 10B,A03,093472,Staff,1,0,34,33
1655973470199,MATH 10B,B01,083739,Sinha; Shubham,9,0,30,21
1655973476225,MATH 18,A01,083743,Cinel; Cameron Alexander,5,0,30,25
1655973476225,MATH 18,A02,083744,Cinel; Cameron Alexander,11,0,30,19
1655973476225,MATH 18,A03,083745,Cinel; Cameron Alexander,1,0,30,29
1655973476225,MATH 18,B01,083748,Ma; Zilu,2,0,36,34
1655973476225,MATH 18,B02,083749,Ma; Zilu,0,0,36,36
1655973476225,MATH 18,B03,083750,Ma; Zilu,0,0,36,36
1655973476225,MATH 18,B04,083751,Ma; Zilu,0,0,36,36
1655973476225,MATH 18,B05,093473,Staff,0,0,36,36
1655973476225,MATH 18,B06,093474,Staff,1,0,36,35
1655973482251,MATH 20A,A01,083754,Zheng; Zequn,10,0,40,30
1655973488278,MATH 20B,A01,083756,Briones; Jor-el Thomas Caparas,0,1,36,36
1655973488278,MATH 20B,A02,083757,Briones; Jor-el Thomas Caparas,1,0,36,35
1655973488278,MATH 20B,A03,093475,Staff,0,0,36,36
1655973494318,MATH 20C,A01,083760,Briones; Jor-el Thomas Caparas,0,2,35,35
1655973494318,MATH 20C,A02,083761,Briones; Jor-el Thomas Caparas,6,1,35,29
1655973494318,MATH 20C,A03,093476,Staff,1,0,35,34
1655973494318,MATH 20C,B01,083762,Bach; Quang Tran,3,0,30,27
1655973500347,MATH 20D,A01,083765,Tran; Brian Kha,1,0,30,29
1655973500347,MATH 20D,A02,083766,Tran; Brian Kha,0,1,30,30
1655973500347,MATH 20D,A03,083767,Tran; Brian Kha,1,0,30,29
1655973506373,MATH 20E,A01,083771,Ganguly; Soumya,0,0,32,32
1655973506373,MATH 20E,A02,083772,Ganguly; Soumya,1,1,32,31
1655973506373,MATH 20E,B01,083773,Ciotti; Benjamin,14,0,35,21
1655973506373,MATH 20E,B02,083774,Ciotti; Benjamin,12,0,35,23
1655973512400,MATH 103A,A01,083777,Greenfeld; Be'Eri,2,1,36,34
1655973512400,MATH 103A,A02,083778,Greenfeld; Be'Eri,2,0,36,34
1655973512400,MATH 103A,A03,093561,Staff,0,1,36,36
1655973512400,MATH 103A,B01,083779,Greenfeld; Be'Eri,7,1,36,29
1655973512400,MATH 103A,B02,083780,Greenfeld; Be'Eri,0,0,36,36
1655973512400,MATH 103A,B03,093562,Staff,0,0,36,36
1655973518425,MATH 105,A01,085443,Carter; Anne Toulson,3,1,35,32
1655973518425,MATH 105,A02,093477,Staff,8,0,35,27
1655973524456,MATH 109,A01,083213,Ganzberger; Geoffrey Michael,0,1,34,34
1655973524456,MATH 109,A02,083214,Ganzberger; Geoffrey Michael,0,0,34,34
1655973524456,MATH 109,A03,093478,Staff,1,0,34,33
1655973524456,MATH 109,B01,083215,Ganzberger; Geoffrey Michael,2,0,32,30
1655973524456,MATH 109,B02,083216,Ganzberger; Geoffrey Michael,0,0,32,32
1655973524456,MATH 109,B03,093479,Staff,4,0,32,28
1655973530481,MATH 142A,A01,083219,Chow; Bennett,0,0,32,32
1655973530481,MATH 142A,A02,083220,Chow; Bennett,7,0,32,25
1655973530481,MATH 142A,A03,093480,Staff,4,0,32,28
1655973530481,MATH 142A,B03,093481,Staff,3,0,32,29
1655973530481,MATH 142A,B04,093558,Staff,6,0,32,26
1655973530481,MATH 142A,B05,093559,Staff,0,0,32,32
1655973536514,MATH 193A,A01,083224,Rotar; Vladimir,1,1,34,33
1655973536514,MATH 193A,A02,083225,Rotar; Vladimir,0,0,34,34
1655973536514,MATH 193A,A03,083781,Rotar; Vladimir,2,0,34,32
1655973536514,MATH 193A,A04,083782,Rotar; Vladimir,3,0,34,31
1655973536514,MATH 193A,A05,093482,Rotar; Vladimir,0,0,34,34
1655973542649,MATH 197,001,091859,McAuley; Julian John,9999,0,9999,0
1655973542649,MATH 197,002,095566,Kedlaya; Kiran S.,9997,0,9999,2
1655973542649,MATH 197,003,095567,Xiao; Ming,9999,0,9999,0
1655973542649,MATH 197,004,095571,Perols; Johan Lars,9998,0,9999,1
1655973549728,COGS 9,A01,083615,Shannon; Kyle Michael,3,1,75,72
1655973555751,COGS 11,A01,083617,Boyle; Mary E. T.,11,1,48,37
1655973561778,COGS 13,A01,083071,Bastos; Amalia Pinkusfeld,3,2,71,68
1655973567808,COGS 14A,A01,092681,Semenuks; Arturs,4,25,100,96
1655973573838,COGS 14B,A01,083073,Cheng; Tzu-Han,7,0,63,56
1655973579865,COGS 17,A01,092677,Semenuks; Arturs,8,7,81,73
1655973585894,COGS 100,A01,083619,Allen; Michael Gordon,2,2,70,68
1655973591919,COGS 101A,A01,083621,Davis; Joshua Daniel,4,3,68,64
1655973597943,COGS 101B,A01,091572,Allen; Michael Gordon,0,0,65,65
1655973603970,COGS 101C,A01,083625,Delgado; Tania,7,0,35,28
1655973609996,COGS 107A,A01,083627,Boyle; Mary E. T.,1,2,60,59
1655973616024,COGS 118A,A01,083075,Gupta; Anjum,21,16,76,55
1655973622054,CSE 3,A50,083646,Miranda; Gregory Joseph,14,0,50,36
1655973628077,CSE 8A,A50,083650,Miranda; Gregory Joseph,3,11,56,53
1655973634105,CSE 11,A01,083080,Cao; Yingjun,0,65,40,40
1655973640129,CSE 12,A01,083652,Krause-Levy; Sophia Louisa,6,8,120,114
1655973646158,CSE 15L,A01,083654,Morris; Justin Loren,3,1,50,47
1655973646158,CSE 15L,A02,083655,Morris; Justin Loren,1,1,50,49
1655973652182,CSE 20,A01,083657,Tran; Khoa Dang,29,0,80,51
1655973658210,CSE 21,A01,095574,Bach; Quang Tran,23,0,48,25
1655973664238,CSE 30,A01,083084,Eldon; John,2,10,80,78
1655973664238,CSE 30,B01,095061,Bhaskar; Nishant,0,4,50,50
1655973670273,CSE 100,A01,083659,Cao; Yingjun,2,25,70,68
1655973676299,CSE 134B,A01,083661,Powell; Thomas Allan,5,7,100,95
1655973682321,CSE 140,A01,083663,Gungor; Onat,5,0,85,80
1655973688352,CSE 140L,A01,083088,Eldon; John,5,0,100,95
1655973694377,CSE 175,A01,083665,Kumar; Rakesh,1,0,25,24
1655973700403,CSE 190,A00,092507,Dubnov; Shlomo,1,0,20,19
1655973706427,ECE 45,A01,083139,Congero; Spencer William,0,1,75,75
1655973712451,ECE 65,A50,083695,Saad; Andrew S,6,0,30,24
1655973712451,ECE 65,A51,095125,Staff,23,0,26,3
1655973718479,ECE 109,A01,091882,Touri; Behrouz,2,4,70,68
1655973724503,ECE 180,A00,083140,Abi Samra; Nicholas Camill,1,0,30,29
1655973724503,ECE 180,B00,083141,Abi Samra; Nicholas Camill,0,8,28,28
1655973730530,MATH 10A,A01,083735,Patchell; Gregory David,0,0,30,30
1655973730530,MATH 10A,A02,083736,Patchell; Gregory David,21,0,30,9
1655973730530,MATH 10A,A03,083737,Patchell; Gregory David,16,0,30,14
1655973736566,MATH 10B,A01,083207,Lim; Seonhee,1,1,34,33
1655973736566,MATH 10B,A02,083208,Lim; Seonhee,1,1,35,34
1655973736566,MATH 10B,A03,093472,Staff,1,0,34,33
1655973736566,MATH 10B,B01,083739,Sinha; Shubham,9,0,30,21
1655973742594,MATH 18,A01,083743,Cinel; Cameron Alexander,5,0,30,25
1655973742594,MATH 18,A02,083744,Cinel; Cameron Alexander,11,0,30,19
1655973742594,MATH 18,A03,083745,Cinel; Cameron Alexander,1,0,30,29
1655973742594,MATH 18,B01,083748,Ma; Zilu,2,0,36,34
1655973742594,MATH 18,B02,083749,Ma; Zilu,0,0,36,36
1655973742594,MATH 18,B03,083750,Ma; Zilu,0,0,36,36
1655973742594,MATH 18,B04,083751,Ma; Zilu,0,0,36,36
1655973742594,MATH 18,B05,093473,Staff,0,0,36,36
1655973742594,MATH 18,B06,093474,Staff,1,0,36,35
1655973748618,MATH 20A,A01,083754,Zheng; Zequn,10,0,40,30
1655973754651,MATH 20B,A01,083756,Briones; Jor-el Thomas Caparas,0,1,36,36
1655973754651,MATH 20B,A02,083757,Briones; Jor-el Thomas Caparas,1,0,36,35
1655973754651,MATH 20B,A03,093475,Staff,0,0,36,36
1655973760685,MATH 20C,A01,083760,Briones; Jor-el Thomas Caparas,0,2,35,35
1655973760685,MATH 20C,A02,083761,Briones; Jor-el Thomas Caparas,6,1,35,29
1655973760685,MATH 20C,A03,093476,Staff,1,0,35,34
1655973760685,MATH 20C,B01,083762,Bach; Quang Tran,3,0,30,27
1655973766716,MATH 20D,A01,083765,Tran; Brian Kha,1,0,30,29
1655973766716,MATH 20D,A02,083766,Tran; Brian Kha,0,1,30,30
1655973766716,MATH 20D,A03,083767,Tran; Brian Kha,1,0,30,29
1655973772748,MATH 20E,A01,083771,Ganguly; Soumya,0,0,32,32
1655973772748,MATH 20E,A02,083772,Ganguly; Soumya,1,1,32,31
1655973772748,MATH 20E,B01,083773,Ciotti; Benjamin,14,0,35,21
1655973772748,MATH 20E,B02,083774,Ciotti; Benjamin,12,0,35,23
1655973778781,MATH 103A,A01,083777,Greenfeld; Be'Eri,2,1,36,34
1655973778781,MATH 103A,A02,083778,Greenfeld; Be'Eri,2,0,36,34
1655973778781,MATH 103A,A03,093561,Staff,0,1,36,36
1655973778781,MATH 103A,B01,083779,Greenfeld; Be'Eri,7,1,36,29
1655973778781,MATH 103A,B02,083780,Greenfeld; Be'Eri,0,0,36,36
1655973778781,MATH 103A,B03,093562,Staff,0,0,36,36
1655973784814,MATH 105,A01,085443,Carter; Anne Toulson,3,1,35,32
1655973784814,MATH 105,A02,093477,Staff,8,0,35,27
1655973790849,MATH 109,A01,083213,Ganzberger; Geoffrey Michael,0,1,34,34
1655973790849,MATH 109,A02,083214,Ganzberger; Geoffrey Michael,0,0,34,34
1655973790849,MATH 109,A03,093478,Staff,1,0,34,33
1655973790849,MATH 109,B01,083215,Ganzberger; Geoffrey Michael,2,0,32,30
1655973790849,MATH 109,B02,083216,Ganzberger; Geoffrey Michael,0,0,32,32
1655973790849,MATH 109,B03,093479,Staff,4,0,32,28
1655973796877,MATH 142A,A01,083219,Chow; Bennett,0,0,32,32
1655973796877,MATH 142A,A02,083220,Chow; Bennett,7,0,32,25
1655973796877,MATH 142A,A03,093480,Staff,4,0,32,28
1655973796877,MATH 142A,B03,093481,Staff,3,0,32,29
1655973796877,MATH 142A,B04,093558,Staff,6,0,32,26
1655973796877,MATH 142A,B05,093559,Staff,0,0,32,32
1655973802909,MATH 193A,A01,083224,Rotar; Vladimir,1,1,34,33
1655973802909,MATH 193A,A02,083225,Rotar; Vladimir,0,0,34,34
1655973802909,MATH 193A,A03,083781,Rotar; Vladimir,2,0,34,32
1655973802909,MATH 193A,A04,083782,Rotar; Vladimir,3,0,34,31
1655973802909,MATH 193A,A05,093482,Rotar; Vladimir,0,0,34,34
1655973808941,MATH 197,001,091859,McAuley; Julian John,9999,0,9999,0
1655973808941,MATH 197,002,095566,Kedlaya; Kiran S.,9997,0,9999,2
1655973808941,MATH 197,003,095567,Xiao; Ming,9999,0,9999,0
1655973808941,MATH 197,004,095571,Perols; Johan Lars,9998,0,9999,1
1655973816013,COGS 9,A01,083615,Shannon; Kyle Michael,3,1,75,72
1655973822045,COGS 11,A01,083617,Boyle; Mary E. T.,11,1,48,37
1655973828167,COGS 13,A01,083071,Bastos; Amalia Pinkusfeld,3,2,71,68
1655973834193,COGS 14A,A01,092681,Semenuks; Arturs,4,25,100,96
1655973840219,COGS 14B,A01,083073,Cheng; Tzu-Han,7,0,63,56
1655973846249,COGS 17,A01,092677,Semenuks; Arturs,8,7,81,73
1655973852273,COGS 100,A01,083619,Allen; Michael Gordon,2,2,70,68
1655973858306,COGS 101A,A01,083621,Davis; Joshua Daniel,4,3,68,64
1655973864330,COGS 101B,A01,091572,Allen; Michael Gordon,0,0,65,65
1655973870361,COGS 101C,A01,083625,Delgado; Tania,7,0,35,28
1655973876389,COGS 107A,A01,083627,Boyle; Mary E. T.,1,2,60,59
1655973882422,COGS 118A,A01,083075,Gupta; Anjum,21,16,76,55
1655973888450,CSE 3,A50,083646,Miranda; Gregory Joseph,14,0,50,36
1655973894478,CSE 8A,A50,083650,Miranda; Gregory Joseph,3,11,56,53
1655973900507,CSE 11,A01,083080,Cao; Yingjun,0,65,40,40
1655973906534,CSE 12,A01,083652,Krause-Levy; Sophia Louisa,6,8,120,114
1655973912560,CSE 15L,A01,083654,Morris; Justin Loren,3,1,50,47
1655973912560,CSE 15L,A02,083655,Morris; Justin Loren,1,1,50,49
1655973918585,CSE 20,A01,083657,Tran; Khoa Dang,29,0,80,51
1655973924612,CSE 21,A01,095574,Bach; Quang Tran,23,0,48,25
1655973930636,CSE 30,A01,083084,Eldon; John,2,10,80,78
1655973930636,CSE 30,B01,095061,Bhaskar; Nishant,0,4,50,50
1655973936667,CSE 100,A01,083659,Cao; Yingjun,2,25,70,68
1655973942693,CSE 134B,A01,083661,Powell; Thomas Allan,5,7,100,95
1655973948719,CSE 140,A01,083663,Gungor; Onat,5,0,85,80
1655973954747,CSE 140L,A01,083088,Eldon; John,5,0,100,95
1655973960772,CSE 175,A01,083665,Kumar; Rakesh,1,0,25,24
1655973966802,CSE 190,A00,092507,Dubnov; Shlomo,1,0,20,19
1655973972860,ECE 45,A01,083139,Congero; Spencer William,0,1,75,75
1655973978886,ECE 65,A50,083695,Saad; Andrew S,6,0,30,24
1655973978886,ECE 65,A51,095125,Staff,23,0,26,3
1655973984916,ECE 109,A01,091882,Touri; Behrouz,2,4,70,68
1655973990948,ECE 180,A00,083140,Abi Samra; Nicholas Camill,1,0,30,29
1655973990948,ECE 180,B00,083141,Abi Samra; Nicholas Camill,0,8,28,28
1655973996982,MATH 10A,A01,083735,Patchell; Gregory David,0,0,30,30
1655973996982,MATH 10A,A02,083736,Patchell; Gregory David,21,0,30,9
1655973996982,MATH 10A,A03,083737,Patchell; Gregory David,16,0,30,14
1655974003021,MATH 10B,A01,083207,Lim; Seonhee,1,1,34,33
1655974003021,MATH 10B,A02,083208,Lim; Seonhee,1,1,35,34
1655974003021,MATH 10B,A03,093472,Staff,1,0,34,33
1655974003021,MATH 10B,B01,083739,Sinha; Shubham,9,0,30,21
1655974009052,MATH 18,A01,083743,Cinel; Cameron Alexander,5,0,30,25
1655974009052,MATH 18,A02,083744,Cinel; Cameron Alexander,11,0,30,19
1655974009052,MATH 18,A03,083745,Cinel; Cameron Alexander,1,0,30,29
1655974009052,MATH 18,B01,083748,Ma; Zilu,2,0,36,34
1655974009052,MATH 18,B02,083749,Ma; Zilu,0,0,36,36
1655974009052,MATH 18,B03,083750,Ma; Zilu,0,0,36,36
1655974009052,MATH 18,B04,083751,Ma; Zilu,0,0,36,36
1655974009052,MATH 18,B05,093473,Staff,0,0,36,36
1655974009052,MATH 18,B06,093474,Staff,1,0,36,35
1655974015077,MATH 20A,A01,083754,Zheng; Zequn,10,0,40,30
1655974021111,MATH 20B,A01,083756,Briones; Jor-el Thomas Caparas,0,1,36,36
1655974021111,MATH 20B,A02,083757,Briones; Jor-el Thomas Caparas,1,0,36,35
1655974021111,MATH 20B,A03,093475,Staff,0,0,36,36
1655974027141,MATH 20C,A01,083760,Briones; Jor-el Thomas Caparas,0,2,35,35
1655974027141,MATH 20C,A02,083761,Briones; Jor-el Thomas Caparas,6,1,35,29
1655974027141,MATH 20C,A03,093476,Staff,1,0,35,34
1655974027141,MATH 20C,B01,083762,Bach; Quang Tran,3,0,30,27
1655974033173,MATH 20D,A01,083765,Tran; Brian Kha,1,0,30,29
1655974033173,MATH 20D,A02,083766,Tran; Brian Kha,0,1,30,30
1655974033173,MATH 20D,A03,083767,Tran; Brian Kha,1,0,30,29
1655974039197,MATH 20E,A01,083771,Ganguly; Soumya,0,0,32,32
1655974039197,MATH 20E,A02,083772,Ganguly; Soumya,1,1,32,31
1655974039197,MATH 20E,B01,083773,Ciotti; Benjamin,14,0,35,21
1655974039197,MATH 20E,B02,083774,Ciotti; Benjamin,12,0,35,23
1655974045225,MATH 103A,A01,083777,Greenfeld; Be'Eri,2,1,36,34
1655974045225,MATH 103A,A02,083778,Greenfeld; Be'Eri,2,0,36,34
1655974045225,MATH 103A,A03,093561,Staff,0,1,36,36
1655974045225,MATH 103A,B01,083779,Greenfeld; Be'Eri,7,1,36,29
1655974045225,MATH 103A,B02,083780,Greenfeld; Be'Eri,0,0,36,36
1655974045225,MATH 103A,B03,093562,Staff,0,0,36,36
1655974051250,MATH 105,A01,085443,Carter; Anne Toulson,3,1,35,32
1655974051250,MATH 105,A02,093477,Staff,8,0,35,27
1655974057276,MATH 109,A01,083213,Ganzberger; Geoffrey Michael,0,1,34,34
1655974057276,MATH 109,A02,083214,Ganzberger; Geoffrey Michael,0,0,34,34
1655974057276,MATH 109,A03,093478,Staff,1,0,34,33
1655974057276,MATH 109,B01,083215,Ganzberger; Geoffrey Michael,2,0,32,30
1655974057276,MATH 109,B02,083216,Ganzberger; Geoffrey Michael,0,0,32,32
1655974057276,MATH 109,B03,093479,Staff,4,0,32,28
1655974063308,MATH 142A,A01,083219,Chow; Bennett,0,0,32,32
1655974063308,MATH 142A,A02,083220,Chow; Bennett,7,0,32,25
1655974063308,MATH 142A,A03,093480,Staff,4,0,32,28
1655974063308,MATH 142A,B03,093481,Staff,3,0,32,29
1655974063308,MATH 142A,B04,093558,Staff,6,0,32,26
1655974063308,MATH 142A,B05,093559,Staff,0,0,32,32
1655974069339,MATH 193A,A01,083224,Rotar; Vladimir,1,1,34,33
1655974069339,MATH 193A,A02,083225,Rotar; Vladimir,0,0,34,34
1655974069339,MATH 193A,A03,083781,Rotar; Vladimir,2,0,34,32
1655974069339,MATH 193A,A04,083782,Rotar; Vladimir,3,0,34,31
1655974069339,MATH 193A,A05,093482,Rotar; Vladimir,0,0,34,34
1655974075364,MATH 197,001,091859,McAuley; Julian John,9999,0,9999,0
1655974075364,MATH 197,002,095566,Kedlaya; Kiran S.,9997,0,9999,2
1655974075364,MATH 197,003,095567,Xiao; Ming,9999,0,9999,0
1655974075364,MATH 197,004,095571,Perols; Johan Lars,9998,0,9999,1
1655974082434,COGS 9,A01,083615,Shannon; Kyle Michael,3,1,75,72
1655974088462,COGS 11,A01,083617,Boyle; Mary E. T.,11,1,48,37
1655974094492,COGS 13,A01,083071,Bastos; Amalia Pinkusfeld,3,2,71,68
1655974100518,COGS 14A,A01,092681,Semenuks; Arturs,4,25,100,96
1655974106546,COGS 14B,A01,083073,Cheng; Tzu-Han,7,0,63,56
1655974112569,COGS 17,A01,092677,Semenuks; Arturs,8,7,81,73
1655974118600,COGS 100,A01,083619,Allen; Michael Gordon,2,2,70,68
1655974124631,COGS 101A,A01,083621,Davis; Joshua Daniel,4,3,68,64
1655974130661,COGS 101B,A01,091572,Allen; Michael Gordon,0,0,65,65
1655974136790,COGS 101C,A01,083625,Delgado; Tania,7,0,35,28
1655974142819,COGS 107A,A01,083627,Boyle; Mary E. T.,1,2,60,59
1655974148850,COGS 118A,A01,083075,Gupta; Anjum,21,16,76,55
1655974154874,CSE 3,A50,083646,Miranda; Gregory Joseph,14,0,50,36
1655974160900,CSE 8A,A50,083650,Miranda; Gregory Joseph,3,11,56,53
1655974166924,CSE 11,A01,083080,Cao; Yingjun,0,65,40,40
1655974172949,CSE 12,A01,083652,Krause-Levy; Sophia Louisa,6,8,120,114
1655974178975,CSE 15L,A01,083654,Morris; Justin Loren,3,1,50,47
1655974178975,CSE 15L,A02,083655,Morris; Justin Loren,1,1,50,49
1655974185005,CSE 20,A01,083657,Tran; Khoa Dang,29,0,80,51
1655974191037,CSE 21,A01,095574,Bach; Quang Tran,23,0,48,25
1655974197061,CSE 30,A01,083084,Eldon; John,2,10,80,78
1655974197061,CSE 30,B01,095061,Bhaskar; Nishant,0,4,50,50
1655974203089,CSE 100,A01,083659,Cao; Yingjun,2,25,70,68
1655974209115,CSE 134B,A01,083661,Powell; Thomas Allan,5,7,100,95
1655974215143,CSE 140,A01,083663,Gungor; Onat,5,0,85,80
1655974221176,CSE 140L,A01,083088,Eldon; John,5,0,100,95
1655974227200,CSE 175,A01,083665,Kumar; Rakesh,1,0,25,24
1655974233234,CSE 190,A00,092507,Dubnov; Shlomo,1,0,20,19
1655974239259,ECE 45,A01,083139,Congero; Spencer William,0,1,75,75
1655974245284,ECE 65,A50,083695,Saad; Andrew S,6,0,30,24
1655974245284,ECE 65,A51,095125,Staff,23,0,26,3
1655974251308,ECE 109,A01,091882,Touri; Behrouz,2,4,70,68
1655974257333,ECE 180,A00,083140,Abi Samra; Nicholas Camill,1,0,30,29
1655974257333,ECE 180,B00,083141,Abi Samra; Nicholas Camill,0,8,28,28
1655974263361,MATH 10A,A01,083735,Patchell; Gregory David,0,0,30,30
1655974263361,MATH 10A,A02,083736,Patchell; Gregory David,21,0,30,9
1655974263361,MATH 10A,A03,083737,Patchell; Gregory David,16,0,30,14
1655974269396,MATH 10B,A01,083207,Lim; Seonhee,1,1,34,33
1655974269396,MATH 10B,A02,083208,Lim; Seonhee,1,1,35,34
1655974269396,MATH 10B,A03,093472,Staff,1,0,34,33
1655974269396,MATH 10B,B01,083739,Sinha; Shubham,9,0,30,21
1655974275426,MATH 18,A01,083743,Cinel; Cameron Alexander,5,0,30,25
1655974275426,MATH 18,A02,083744,Cinel; Cameron Alexander,11,0,30,19
1655974275426,MATH 18,A03,083745,Cinel; Cameron Alexander,1,0,30,29
1655974275426,MATH 18,B01,083748,Ma; Zilu,2,0,36,34
1655974275426,MATH 18,B02,083749,Ma; Zilu,0,0,36,36
1655974275426,MATH 18,B03,083750,Ma; Zilu,0,0,36,36
1655974275426,MATH 18,B04,083751,Ma; Zilu,0,0,36,36
1655974275426,MATH 18,B05,093473,Staff,0,0,36,36
1655974275426,MATH 18,B06,093474,Staff,1,0,36,35
1655974281450,MATH 20A,A01,083754,Zheng; Zequn,10,0,40,30
1655974287475,MATH 20B,A01,083756,Briones; Jor-el Thomas Caparas,0,1,36,36
1655974287475,MATH 20B,A02,083757,Briones; Jor-el Thomas Caparas,1,0,36,35
1655974287475,MATH 20B,A03,093475,Staff,0,0,36,36
1655974293502,MATH 20C,A01,083760,Briones; Jor-el Thomas Caparas,0,2,35,35
1655974293502,MATH 20C,A02,083761,Briones; Jor-el Thomas Caparas,6,1,35,29
1655974293502,MATH 20C,A03,093476,Staff,1,0,35,34
1655974293502,MATH 20C,B01,083762,Bach; Quang Tran,3,0,30,27
1655974299529,MATH 20D,A01,083765,Tran; Brian Kha,1,0,30,29
1655974299529,MATH 20D,A02,083766,Tran; Brian Kha,0,1,30,30
1655974299529,MATH 20D,A03,083767,Tran; Brian Kha,1,0,30,29
1655974305558,MATH 20E,A01,083771,Ganguly; Soumya,0,1,32,32
1655974305558,MATH 20E,A02,083772,Ganguly; Soumya,1,1,32,31
1655974305558,MATH 20E,B01,083773,Ciotti; Benjamin,14,0,35,21
1655974305558,MATH 20E,B02,083774,Ciotti; Benjamin,12,0,35,23
1655974311589,MATH 103A,A01,083777,Greenfeld; Be'Eri,2,1,36,34
1655974311589,MATH 103A,A02,083778,Greenfeld; Be'Eri,2,0,36,34
1655974311589,MATH 103A,A03,093561,Staff,0,1,36,36
1655974311589,MATH 103A,B01,083779,Greenfeld; Be'Eri,7,1,36,29
1655974311589,MATH 103A,B02,083780,Greenfeld; Be'Eri,0,0,36,36
1655974311589,MATH 103A,B03,093562,Staff,0,0,36,36
1655974317616,MATH 105,A01,085443,Carter; Anne Toulson,4,1,35,31
1655974317616,MATH 105,A02,093477,Staff,8,0,35,27
1655974323647,MATH 109,A01,083213,Ganzberger; Geoffrey Michael,0,1,34,34
1655974323647,MATH 109,A02,083214,Ganzberger; Geoffrey Michael,0,0,34,34
1655974323647,MATH 109,A03,093478,Staff,1,0,34,33
1655974323647,MATH 109,B01,083215,Ganzberger; Geoffrey Michael,2,0,32,30
1655974323647,MATH 109,B02,083216,Ganzberger; Geoffrey Michael,0,0,32,32
1655974323647,MATH 109,B03,093479,Staff,4,0,32,28
1655974329671,MATH 142A,A01,083219,Chow; Bennett,0,0,32,32
1655974329671,MATH 142A,A02,083220,Chow; Bennett,7,0,32,25
1655974329671,MATH 142A,A03,093480,Staff,4,0,32,28
1655974329671,MATH 142A,B03,093481,Staff,3,0,32,29
1655974329671,MATH 142A,B04,093558,Staff,6,0,32,26
1655974329671,MATH 142A,B05,093559,Staff,0,0,32,32
1655974335700,MATH 193A,A01,083224,Rotar; Vladimir,1,1,34,33
1655974335700,MATH 193A,A02,083225,Rotar; Vladimir,0,0,34,34
1655974335700,MATH 193A,A03,083781,Rotar; Vladimir,2,0,34,32
1655974335700,MATH 193A,A04,083782,Rotar; Vladimir,3,0,34,31
1655974335700,MATH 193A,A05,093482,Rotar; Vladimir,0,0,34,34
1655974341722,MATH 197,001,091859,McAuley; Julian John,9999,0,9999,0
1655974341722,MATH 197,002,095566,Kedlaya; Kiran S.,9997,0,9999,2
1655974341722,MATH 197,003,095567,Xiao; Ming,9999,0,9999,0
1655974341722,MATH 197,004,095571,Perols; Johan Lars,9998,0,9999,1
1655974348786,COGS 9,A01,083615,Shannon; Kyle Michael,3,1,75,72
1655974354810,COGS 11,A01,083617,Boyle; Mary E. T.,11,1,48,37
1655974360838,COGS 13,A01,083071,Bastos; Amalia Pinkusfeld,3,2,71,68
1655974366866,COGS 14A,A01,092681,Semenuks; Arturs,4,25,100,96
1655974372897,COGS 14B,A01,083073,Cheng; Tzu-Han,7,0,63,56
1655974378924,COGS 17,A01,092677,Semenuks; Arturs,8,7,81,73
1655974384948,COGS 100,A01,083619,Allen; Michael Gordon,2,2,70,68
1655974390973,COGS 101A,A01,083621,Davis; Joshua Daniel,4,3,68,64
1655974397005,COGS 101B,A01,091572,Allen; Michael Gordon,0,0,65,65
1655974403034,COGS 101C,A01,083625,Delgado; Tania,7,0,35,28
1655974409070,COGS 107A,A01,083627,Boyle; Mary E. T.,1,2,60,59
1655974415094,COGS 118A,A01,083075,Gupta; Anjum,21,16,76,55
1655974421127,CSE 3,A50,083646,Miranda; Gregory Joseph,14,0,50,36
1655974427154,CSE 8A,A50,083650,Miranda; Gregory Joseph,3,11,56,53
1655974433182,CSE 11,A01,083080,Cao; Yingjun,0,65,40,40
1655974439211,CSE 12,A01,083652,Krause-Levy; Sophia Louisa,6,8,120,114
1655974445234,CSE 15L,A01,083654,Morris; Justin Loren,3,1,50,47
1655974445234,CSE 15L,A02,083655,Morris; Justin Loren,1,1,50,49
1655974451263,CSE 20,A01,083657,Tran; Khoa Dang,29,0,80,51
1655974457302,CSE 21,A01,095574,Bach; Quang Tran,23,0,48,25
1655974463332,CSE 30,A01,083084,Eldon; John,2,10,80,78
1655974463332,CSE 30,B01,095061,Bhaskar; Nishant,0,4,50,50
1655974469360,CSE 100,A01,083659,Cao; Yingjun,2,25,70,68
1655974475383,CSE 134B,A01,083661,Powell; Thomas Allan,5,7,100,95
1655974481409,CSE 140,A01,083663,Gungor; Onat,5,0,85,80
1655974487434,CSE 140L,A01,083088,Eldon; John,5,0,100,95
1655974493460,CSE 175,A01,083665,Kumar; Rakesh,1,0,25,24
1655974499489,CSE 190,A00,092507,Dubnov; Shlomo,1,0,20,19
1655974505513,ECE 45,A01,083139,Congero; Spencer William,0,1,75,75
1655974511540,ECE 65,A50,083695,Saad; Andrew S,6,0,30,24
1655974511540,ECE 65,A51,095125,Staff,23,0,26,3
1655974517575,ECE 109,A01,091882,Touri; Behrouz,2,4,70,68
1655974523600,ECE 180,A00,083140,Abi Samra; Nicholas Camill,1,0,30,29
1655974523600,ECE 180,B00,083141,Abi Samra; Nicholas Camill,0,8,28,28
1655974529629,MATH 10A,A01,083735,Patchell; Gregory David,0,0,30,30
1655974529629,MATH 10A,A02,083736,Patchell; Gregory David,21,0,30,9
1655974529629,MATH 10A,A03,083737,Patchell; Gregory David,16,0,30,14
1655974535653,MATH 10B,A01,083207,Lim; Seonhee,1,1,34,33
1655974535653,MATH 10B,A02,083208,Lim; Seonhee,1,1,35,34
1655974535653,MATH 10B,A03,093472,Staff,1,0,34,33
1655974535653,MATH 10B,B01,083739,Sinha; Shubham,9,0,30,21
1655974541682,MATH 18,A01,083743,Cinel; Cameron Alexander,5,0,30,25
1655974541682,MATH 18,A02,083744,Cinel; Cameron Alexander,11,0,30,19
1655974541682,MATH 18,A03,083745,Cinel; Cameron Alexander,1,0,30,29
1655974541682,MATH 18,B01,083748,Ma; Zilu,2,0,36,34
1655974541682,MATH 18,B02,083749,Ma; Zilu,0,0,36,36
1655974541682,MATH 18,B03,083750,Ma; Zilu,0,0,36,36
1655974541682,MATH 18,B04,083751,Ma; Zilu,0,0,36,36
1655974541682,MATH 18,B05,093473,Staff,0,0,36,36
1655974541682,MATH 18,B06,093474,Staff,1,0,36,35
1655974547710,MATH 20A,A01,083754,Zheng; Zequn,10,0,40,30
1655974553741,MATH 20B,A01,083756,Briones; Jor-el Thomas Caparas,0,1,36,36
1655974553741,MATH 20B,A02,083757,Briones; Jor-el Thomas Caparas,1,0,36,35
1655974553741,MATH 20B,A03,093475,Staff,0,0,36,36
1655974559772,MATH 20C,A01,083760,Briones; Jor-el Thomas Caparas,0,2,35,35
1655974559772,MATH 20C,A02,083761,Briones; Jor-el Thomas Caparas,6,1,35,29
1655974559772,MATH 20C,A03,093476,Staff,1,0,35,34
1655974559772,MATH 20C,B01,083762,Bach; Quang Tran,3,0,30,27
1655974565799,MATH 20D,A01,083765,Tran; Brian Kha,1,0,30,29
1655974565799,MATH 20D,A02,083766,Tran; Brian Kha,0,1,30,30
1655974565799,MATH 20D,A03,083767,Tran; Brian Kha,1,0,30,29
1655974571834,MATH 20E,A01,083771,Ganguly; Soumya,0,1,32,32
1655974571834,MATH 20E,A02,083772,Ganguly; Soumya,1,1,32,31
1655974571834,MATH 20E,B01,083773,Ciotti; Benjamin,14,0,35,21
1655974571834,MATH 20E,B02,083774,Ciotti; Benjamin,12,0,35,23
1655974577867,MATH 103A,A01,083777,Greenfeld; Be'Eri,2,1,36,34
1655974577867,MATH 103A,A02,083778,Greenfeld; Be'Eri,2,0,36,34
1655974577867,MATH 103A,A03,093561,Staff,0,1,36,36
1655974577867,MATH 103A,B01,083779,Greenfeld; Be'Eri,7,1,36,29
1655974577867,MATH 103A,B02,083780,Greenfeld; Be'Eri,0,0,36,36
1655974577867,MATH 103A,B03,093562,Staff,0,0,36,36
1655974583892,MATH 105,A01,085443,Carter; Anne Toulson,4,1,35,31
1655974583892,MATH 105,A02,093477,Staff,8,0,35,27
1655974589926,MATH 109,A01,083213,Ganzberger; Geoffrey Michael,0,1,34,34
1655974589926,MATH 109,A02,083214,Ganzberger; Geoffrey Michael,0,0,34,34
1655974589926,MATH 109,A03,093478,Staff,1,0,34,33
1655974589926,MATH 109,B01,083215,Ganzberger; Geoffrey Michael,2,0,32,30
1655974589926,MATH 109,B02,083216,Ganzberger; Geoffrey Michael,0,0,32,32
1655974589926,MATH 109,B03,093479,Staff,4,0,32,28
1655974595958,MATH 142A,A01,083219,Chow; Bennett,0,0,32,32
1655974595958,MATH 142A,A02,083220,Chow; Bennett,7,0,32,25
1655974595958,MATH 142A,A03,093480,Staff,4,0,32,28
1655974595958,MATH 142A,B03,093481,Staff,3,0,32,29
1655974595958,MATH 142A,B04,093558,Staff,6,0,32,26
1655974595958,MATH 142A,B05,093559,Staff,0,0,32,32
1655974601987,MATH 193A,A01,083224,Rotar; Vladimir,1,1,34,33
1655974601987,MATH 193A,A02,083225,Rotar; Vladimir,0,0,34,34
1655974601987,MATH 193A,A03,083781,Rotar; Vladimir,2,0,34,32
1655974601987,MATH 193A,A04,083782,Rotar; Vladimir,3,0,34,31
1655974601987,MATH 193A,A05,093482,Rotar; Vladimir,0,0,34,34
1655974608015,MATH 197,001,091859,McAuley; Julian John,9999,0,9999,0
1655974608015,MATH 197,002,095566,Kedlaya; Kiran S.,9997,0,9999,2
1655974608015,MATH 197,003,095567,Xiao; Ming,9999,0,9999,0
1655974608015,MATH 197,004,095571,Perols; Johan Lars,9998,0,9999,1
1655974615096,COGS 9,A01,083615,Shannon; Kyle Michael,3,1,75,72
1655974621119,COGS 11,A01,083617,Boyle; Mary E. T.,11,1,48,37
1655974627150,COGS 13,A01,083071,Bastos; Amalia Pinkusfeld,3,2,71,68
1655974633177,COGS 14A,A01,092681,Semenuks; Arturs,4,25,100,96
1655974639225,COGS 14B,A01,083073,Cheng; Tzu-Han,7,0,63,56
1655974645251,COGS 17,A01,092677,Semenuks; Arturs,8,7,81,73
1655974651276,COGS 100,A01,083619,Allen; Michael Gordon,2,2,70,68
1655974657306,COGS 101A,A01,083621,Davis; Joshua Daniel,4,3,68,64
1655974663336,COGS 101B,A01,091572,Allen; Michael Gordon,0,0,65,65
1655974669367,COGS 101C,A01,083625,Delgado; Tania,7,0,35,28
1655974675393,COGS 107A,A01,083627,Boyle; Mary E. T.,1,2,60,59
1655974681416,COGS 118A,A01,083075,Gupta; Anjum,21,16,76,55
1655974687444,CSE 3,A50,083646,Miranda; Gregory Joseph,14,0,50,36
1655974693467,CSE 8A,A50,083650,Miranda; Gregory Joseph,3,11,56,53
1655974699492,CSE 11,A01,083080,Cao; Yingjun,0,65,40,40
1655974705523,CSE 12,A01,083652,Krause-Levy; Sophia Louisa,6,8,120,114
1655974711547,CSE 15L,A01,083654,Morris; Justin Loren,3,1,50,47
1655974711547,CSE 15L,A02,083655,Morris; Justin Loren,1,1,50,49
1655974717575,CSE 20,A01,083657,Tran; Khoa Dang,29,0,80,51
1655974723600,CSE 21,A01,095574,Bach; Quang Tran,23,0,48,25
1655974729634,CSE 30,A01,083084,Eldon; John,2,10,80,78
1655974729634,CSE 30,B01,095061,Bhaskar; Nishant,0,4,50,50
1655974735735,CSE 100,A01,083659,Cao; Yingjun,2,25,70,68
1655974741763,CSE 134B,A01,083661,Powell; Thomas Allan,5,7,100,95
1655974747792,CSE 140,A01,083663,Gungor; Onat,5,0,85,80
1655974753817,CSE 140L,A01,083088,Eldon; John,5,0,100,95
1655974759849,CSE 175,A01,083665,Kumar; Rakesh,1,0,25,24
1655974765878,CSE 190,A00,092507,Dubnov; Shlomo,1,0,20,19
1655974771903,ECE 45,A01,083139,Congero; Spencer William,0,1,75,75
1655974777933,ECE 65,A50,083695,Saad; Andrew S,6,0,30,24
1655974777933,ECE 65,A51,095125,Staff,23,0,26,3
1655974783957,ECE 109,A01,091882,Touri; Behrouz,2,4,70,68
1655974789987,ECE 180,A00,083140,Abi Samra; Nicholas Camill,1,0,30,29
1655974789987,ECE 180,B00,083141,Abi Samra; Nicholas Camill,0,8,28,28
1655974796013,MATH 10A,A01,083735,Patchell; Gregory David,0,0,30,30
1655974796013,MATH 10A,A02,083736,Patchell; Gregory David,21,0,30,9
1655974796013,MATH 10A,A03,083737,Patchell; Gregory David,16,0,30,14
1655974802039,MATH 10B,A01,083207,Lim; Seonhee,1,1,34,33
1655974802039,MATH 10B,A02,083208,Lim; Seonhee,1,1,35,34
1655974802039,MATH 10B,A03,093472,Staff,1,0,34,33
1655974802039,MATH 10B,B01,083739,Sinha; Shubham,9,0,30,21
1655974808074,MATH 18,A01,083743,Cinel; Cameron Alexander,5,0,30,25
1655974808074,MATH 18,A02,083744,Cinel; Cameron Alexander,11,0,30,19
1655974808074,MATH 18,A03,083745,Cinel; Cameron Alexander,1,0,30,29
1655974808074,MATH 18,B01,083748,Ma; Zilu,2,0,36,34
1655974808074,MATH 18,B02,083749,Ma; Zilu,0,0,36,36
1655974808074,MATH 18,B03,083750,Ma; Zilu,0,0,36,36
1655974808074,MATH 18,B04,083751,Ma; Zilu,0,0,36,36
1655974808074,MATH 18,B05,093473,Staff,0,0,36,36
1655974808074,MATH 18,B06,093474,Staff,1,0,36,35
1655974814100,MATH 20A,A01,083754,Zheng; Zequn,10,0,40,30
1655974820124,MATH 20B,A01,083756,Briones; Jor-el Thomas Caparas,0,1,36,36
1655974820124,MATH 20B,A02,083757,Briones; Jor-el Thomas Caparas,1,0,36,35
1655974820124,MATH 20B,A03,093475,Staff,0,0,36,36
1655974826161,MATH 20C,A01,083760,Briones; Jor-el Thomas Caparas,0,2,35,35
1655974826161,MATH 20C,A02,083761,Briones; Jor-el Thomas Caparas,6,1,35,29
1655974826161,MATH 20C,A03,093476,Staff,1,0,35,34
1655974826161,MATH 20C,B01,083762,Bach; Quang Tran,3,0,30,27
1655974832203,MATH 20D,A01,083765,Tran; Brian Kha,1,0,30,29
1655974832203,MATH 20D,A02,083766,Tran; Brian Kha,0,1,30,30
1655974832203,MATH 20D,A03,083767,Tran; Brian Kha,1,0,30,29
1655974838229,MATH 20E,A01,083771,Ganguly; Soumya,0,1,32,32
1655974838229,MATH 20E,A02,083772,Ganguly; Soumya,1,1,32,31
1655974838229,MATH 20E,B01,083773,Ciotti; Benjamin,14,0,35,21
1655974838229,MATH 20E,B02,083774,Ciotti; Benjamin,12,0,35,23
1655974844258,MATH 103A,A01,083777,Greenfeld; Be'Eri,2,1,36,34
1655974844258,MATH 103A,A02,083778,Greenfeld; Be'Eri,2,0,36,34
1655974844258,MATH 103A,A03,093561,Staff,0,1,36,36
1655974844258,MATH 103A,B01,083779,Greenfeld; Be'Eri,7,1,36,29
1655974844258,MATH 103A,B02,083780,Greenfeld; Be'Eri,0,0,36,36
1655974844258,MATH 103A,B03,093562,Staff,0,0,36,36
1655974850295,MATH 105,A01,085443,Carter; Anne Toulson,4,1,35,31
1655974850295,MATH 105,A02,093477,Staff,8,0,35,27
1655974856323,MATH 109,A01,083213,Ganzberger; Geoffrey Michael,0,1,34,34
1655974856323,MATH 109,A02,083214,Ganzberger; Geoffrey Michael,0,0,34,34
1655974856323,MATH 109,A03,093478,Staff,1,0,34,33
1655974856323,MATH 109,B01,083215,Ganzberger; Geoffrey Michael,2,0,32,30
1655974856323,MATH 109,B02,083216,Ganzberger; Geoffrey Michael,0,0,32,32
1655974856323,MATH 109,B03,093479,Staff,4,0,32,28
1655974862346,MATH 142A,A01,083219,Chow; Bennett,0,0,32,32
1655974862346,MATH 142A,A02,083220,Chow; Bennett,7,0,32,25
1655974862346,MATH 142A,A03,093480,Staff,4,0,32,28
1655974862346,MATH 142A,B03,093481,Staff,3,0,32,29
1655974862346,MATH 142A,B04,093558,Staff,6,0,32,26
1655974862346,MATH 142A,B05,093559,Staff,0,0,32,32
1655974868370,MATH 193A,A01,083224,Rotar; Vladimir,1,1,34,33
1655974868370,MATH 193A,A02,083225,Rotar; Vladimir,0,0,34,34
1655974868370,MATH 193A,A03,083781,Rotar; Vladimir,2,0,34,32
1655974868370,MATH 193A,A04,083782,Rotar; Vladimir,3,0,34,31
1655974868370,MATH 193A,A05,093482,Rotar; Vladimir,0,0,34,34
1655974874401,MATH 197,001,091859,McAuley; Julian John,9999,0,9999,0
1655974874401,MATH 197,002,095566,Kedlaya; Kiran S.,9997,0,9999,2
1655974874401,MATH 197,003,095567,Xiao; Ming,9999,0,9999,0
1655974874401,MATH 197,004,095571,Perols; Johan Lars,9998,0,9999,1
1655974881456,COGS 9,A01,083615,Shannon; Kyle Michael,3,1,75,72
1655974887484,COGS 11,A01,083617,Boyle; Mary E. T.,11,1,48,37
1655974893513,COGS 13,A01,083071,Bastos; Amalia Pinkusfeld,3,2,71,68
1655974899539,COGS 14A,A01,092681,Semenuks; Arturs,4,25,100,96
1655974905565,COGS 14B,A01,083073,Cheng; Tzu-Han,7,0,63,56
1655974911590,COGS 17,A01,092677,Semenuks; Arturs,8,7,81,73
1655974917614,COGS 100,A01,083619,Allen; Michael Gordon,2,2,70,68
1655974923641,COGS 101A,A01,083621,Davis; Joshua Daniel,4,3,68,64
1655974929666,COGS 101B,A01,091572,Allen; Michael Gordon,0,0,65,65
1655974935692,COGS 101C,A01,083625,Delgado; Tania,7,0,35,28
1655974941718,COGS 107A,A01,083627,Boyle; Mary E. T.,1,2,60,59
1655974947746,COGS 118A,A01,083075,Gupta; Anjum,21,16,76,55
1655974953774,CSE 3,A50,083646,Miranda; Gregory Joseph,14,0,50,36
1655974959797,CSE 8A,A50,083650,Miranda; Gregory Joseph,3,11,56,53
1655974965822,CSE 11,A01,083080,Cao; Yingjun,0,65,40,40
1655974971853,CSE 12,A01,083652,Krause-Levy; Sophia Louisa,6,8,120,114
1655974977880,CSE 15L,A01,083654,Morris; Justin Loren,3,1,50,47
1655974977880,CSE 15L,A02,083655,Morris; Justin Loren,1,1,50,49
1655974983907,CSE 20,A01,083657,Tran; Khoa Dang,29,0,80,51
1655974989933,CSE 21,A01,095574,Bach; Quang Tran,23,0,48,25
1655974995958,CSE 30,A01,083084,Eldon; John,2,10,80,78
1655974995958,CSE 30,B01,095061,Bhaskar; Nishant,0,4,50,50
1655975001980,CSE 100,A01,083659,Cao; Yingjun,2,25,70,68
1655975008010,CSE 134B,A01,083661,Powell; Thomas Allan,5,7,100,95
1655975014047,CSE 140,A01,083663,Gungor; Onat,5,0,85,80
1655975020069,CSE 140L,A01,083088,Eldon; John,5,0,100,95
1655975026098,CSE 175,A01,083665,Kumar; Rakesh,1,0,25,24
1655975032123,CSE 190,A00,092507,Dubnov; Shlomo,1,0,20,19
1655975038148,ECE 45,A01,083139,Congero; Spencer William,0,1,75,75
1655975044174,ECE 65,A50,083695,Saad; Andrew S,6,0,30,24
1655975044174,ECE 65,A51,095125,Staff,23,0,26,3
1655975050199,ECE 109,A01,091882,Touri; Behrouz,2,4,70,68
1655975056231,ECE 180,A00,083140,Abi Samra; Nicholas Camill,1,0,30,29
1655975056231,ECE 180,B00,083141,Abi Samra; Nicholas Camill,0,8,28,28
1655975062262,MATH 10A,A01,083735,Patchell; Gregory David,0,0,30,30
1655975062262,MATH 10A,A02,083736,Patchell; Gregory David,21,0,30,9
1655975062262,MATH 10A,A03,083737,Patchell; Gregory David,16,0,30,14
1655975068303,MATH 10B,A01,083207,Lim; Seonhee,1,1,34,33
1655975068303,MATH 10B,A02,083208,Lim; Seonhee,1,1,35,34
1655975068303,MATH 10B,A03,093472,Staff,1,0,34,33
1655975068303,MATH 10B,B01,083739,Sinha; Shubham,9,0,30,21
1655975074339,MATH 18,A01,083743,Cinel; Cameron Alexander,5,0,30,25
1655975074339,MATH 18,A02,083744,Cinel; Cameron Alexander,11,0,30,19
1655975074339,MATH 18,A03,083745,Cinel; Cameron Alexander,1,0,30,29
1655975074339,MATH 18,B01,083748,Ma; Zilu,2,0,36,34
1655975074339,MATH 18,B02,083749,Ma; Zilu,0,0,36,36
1655975074339,MATH 18,B03,083750,Ma; Zilu,0,0,36,36
1655975074339,MATH 18,B04,083751,Ma; Zilu,0,0,36,36
1655975074339,MATH 18,B05,093473,Staff,0,0,36,36
1655975074339,MATH 18,B06,093474,Staff,1,0,36,35
1655975080365,MATH 20A,A01,083754,Zheng; Zequn,10,0,40,30
1655975086388,MATH 20B,A01,083756,Briones; Jor-el Thomas Caparas,0,1,36,36
1655975086388,MATH 20B,A02,083757,Briones; Jor-el Thomas Caparas,1,0,36,35
1655975086388,MATH 20B,A03,093475,Staff,0,0,36,36
1655975092418,MATH 20C,A01,083760,Briones; Jor-el Thomas Caparas,0,2,35,35
1655975092418,MATH 20C,A02,083761,Briones; Jor-el Thomas Caparas,6,1,35,29
1655975092418,MATH 20C,A03,093476,Staff,1,0,35,34
1655975092418,MATH 20C,B01,083762,Bach; Quang Tran,3,0,30,27
1655975098447,MATH 20D,A01,083765,Tran; Brian Kha,1,0,30,29
1655975098447,MATH 20D,A02,083766,Tran; Brian Kha,0,1,30,30
1655975098447,MATH 20D,A03,083767,Tran; Brian Kha,1,0,30,29
1655975104480,MATH 20E,A01,083771,Ganguly; Soumya,0,1,32,32
1655975104480,MATH 20E,A02,083772,Ganguly; Soumya,1,1,32,31
1655975104480,MATH 20E,B01,083773,Ciotti; Benjamin,14,0,35,21
1655975104480,MATH 20E,B02,083774,Ciotti; Benjamin,12,0,35,23
1655975110525,MATH 103A,A01,083777,Greenfeld; Be'Eri,2,1,36,34
1655975110525,MATH 103A,A02,083778,Greenfeld; Be'Eri,2,0,36,34
1655975110525,MATH 103A,A03,093561,Staff,0,1,36,36
1655975110525,MATH 103A,B01,083779,Greenfeld; Be'Eri,7,1,36,29
1655975110525,MATH 103A,B02,083780,Greenfeld; Be'Eri,0,0,36,36
1655975110525,MATH 103A,B03,093562,Staff,0,0,36,36
1655975116565,MATH 105,A01,085443,Carter; Anne Toulson,4,1,35,31
1655975116565,MATH 105,A02,093477,Staff,8,0,35,27
1655975122593,MATH 109,A01,083213,Ganzberger; Geoffrey Michael,0,1,34,34
1655975122593,MATH 109,A02,083214,Ganzberger; Geoffrey Michael,0,0,34,34
1655975122593,MATH 109,A03,093478,Staff,1,0,34,33
1655975122593,MATH 109,B01,083215,Ganzberger; Geoffrey Michael,2,0,32,30
1655975122593,MATH 109,B02,083216,Ganzberger; Geoffrey Michael,0,0,32,32
1655975122593,MATH 109,B03,093479,Staff,4,0,32,28
1655975128623,MATH 142A,A01,083219,Chow; Bennett,0,0,32,32
1655975128623,MATH 142A,A02,083220,Chow; Bennett,7,0,32,25
1655975128623,MATH 142A,A03,093480,Staff,4,0,32,28
1655975128623,MATH 142A,B03,093481,Staff,3,0,32,29
1655975128623,MATH 142A,B04,093558,Staff,6,0,32,26
1655975128623,MATH 142A,B05,093559,Staff,0,0,32,32
1655975134648,MATH 193A,A01,083224,Rotar; Vladimir,1,1,34,33
1655975134648,MATH 193A,A02,083225,Rotar; Vladimir,0,0,34,34
1655975134648,MATH 193A,A03,083781,Rotar; Vladimir,2,0,34,32
1655975134648,MATH 193A,A04,083782,Rotar; Vladimir,3,0,34,31
1655975134648,MATH 193A,A05,093482,Rotar; Vladimir,0,0,34,34
1655975140673,MATH 197,001,091859,McAuley; Julian John,9999,0,9999,0
1655975140673,MATH 197,002,095566,Kedlaya; Kiran S.,9997,0,9999,2
1655975140673,MATH 197,003,095567,Xiao; Ming,9999,0,9999,0
1655975140673,MATH 197,004,095571,Perols; Johan Lars,9998,0,9999,1
1655975147737,COGS 9,A01,083615,Shannon; Kyle Michael,3,1,75,72
1655975153764,COGS 11,A01,083617,Boyle; Mary E. T.,11,1,48,37
1655975159793,COGS 13,A01,083071,Bastos; Amalia Pinkusfeld,3,2,71,68
1655975165833,COGS 14A,A01,092681,Semenuks; Arturs,4,25,100,96
1655975171868,COGS 14B,A01,083073,Cheng; Tzu-Han,7,0,63,56
1655975177895,COGS 17,A01,092677,Semenuks; Arturs,8,7,81,73
1655975183919,COGS 100,A01,083619,Allen; Michael Gordon,2,2,70,68
1655975189947,COGS 101A,A01,083621,Davis; Joshua Daniel,4,3,68,64
1655975195980,COGS 101B,A01,091572,Allen; Michael Gordon,0,0,65,65
1655975202011,COGS 101C,A01,083625,Delgado; Tania,7,0,35,28
1655975208038,COGS 107A,A01,083627,Boyle; Mary E. T.,1,2,60,59
1655975214062,COGS 118A,A01,083075,Gupta; Anjum,21,16,76,55
1655975220087,CSE 3,A50,083646,Miranda; Gregory Joseph,14,0,50,36
1655975226113,CSE 8A,A50,083650,Miranda; Gregory Joseph,3,11,56,53
1655975232142,CSE 11,A01,083080,Cao; Yingjun,0,65,40,40
1655975238172,CSE 12,A01,083652,Krause-Levy; Sophia Louisa,6,8,120,114
1655975244198,CSE 15L,A01,083654,Morris; Justin Loren,3,1,50,47
1655975244198,CSE 15L,A02,083655,Morris; Justin Loren,1,1,50,49
1655975250222,CSE 20,A01,083657,Tran; Khoa Dang,29,0,80,51
1655975256246,CSE 21,A01,095574,Bach; Quang Tran,23,0,48,25
1655975262270,CSE 30,A01,083084,Eldon; John,2,10,80,78
1655975262270,CSE 30,B01,095061,Bhaskar; Nishant,0,4,50,50
1655975268297,CSE 100,A01,083659,Cao; Yingjun,2,25,70,68
1655975274320,CSE 134B,A01,083661,Powell; Thomas Allan,5,7,100,95
1655975280351,CSE 140,A01,083663,Gungor; Onat,5,0,85,80
1655975286375,CSE 140L,A01,083088,Eldon; John,5,0,100,95
1655975292399,CSE 175,A01,083665,Kumar; Rakesh,1,0,25,24
1655975298421,CSE 190,A00,092507,Dubnov; Shlomo,1,0,20,19
1655975304444,ECE 45,A01,083139,Congero; Spencer William,0,1,75,75
1655975310474,ECE 65,A50,083695,Saad; Andrew S,6,0,30,24
1655975310474,ECE 65,A51,095125,Staff,23,0,26,3
1655975316498,ECE 109,A01,091882,Touri; Behrouz,2,4,70,68
1655975322543,ECE 180,A00,083140,Abi Samra; Nicholas Camill,1,0,30,29
1655975322543,ECE 180,B00,083141,Abi Samra; Nicholas Camill,0,8,28,28
1655975328570,MATH 10A,A01,083735,Patchell; Gregory David,0,0,30,30
1655975328570,MATH 10A,A02,083736,Patchell; Gregory David,21,0,30,9
1655975328570,MATH 10A,A03,083737,Patchell; Gregory David,16,0,30,14
1655975334666,MATH 10B,A01,083207,Lim; Seonhee,1,1,34,33
1655975334666,MATH 10B,A02,083208,Lim; Seonhee,1,1,35,34
1655975334666,MATH 10B,A03,093472,Staff,1,0,34,33
1655975334666,MATH 10B,B01,083739,Sinha; Shubham,9,0,30,21
1655975340699,MATH 18,A01,083743,Cinel; Cameron Alexander,5,0,30,25
1655975340699,MATH 18,A02,083744,Cinel; Cameron Alexander,11,0,30,19
1655975340699,MATH 18,A03,083745,Cinel; Cameron Alexander,1,0,30,29
1655975340699,MATH 18,B01,083748,Ma; Zilu,2,0,36,34
1655975340699,MATH 18,B02,083749,Ma; Zilu,0,0,36,36
1655975340699,MATH 18,B03,083750,Ma; Zilu,0,0,36,36
1655975340699,MATH 18,B04,083751,Ma; Zilu,0,0,36,36
1655975340699,MATH 18,B05,093473,Staff,0,0,36,36
1655975340699,MATH 18,B06,093474,Staff,1,0,36,35
1655975346733,MATH 20A,A01,083754,Zheng; Zequn,10,0,40,30
1655975352763,MATH 20B,A01,083756,Briones; Jor-el Thomas Caparas,0,1,36,36
1655975352763,MATH 20B,A02,083757,Briones; Jor-el Thomas Caparas,1,0,36,35
1655975352763,MATH 20B,A03,093475,Staff,0,0,36,36
1655975358787,MATH 20C,A01,083760,Briones; Jor-el Thomas Caparas,0,2,35,35
1655975358787,MATH 20C,A02,083761,Briones; Jor-el Thomas Caparas,6,1,35,29
1655975358787,MATH 20C,A03,093476,Staff,1,0,35,34
1655975358787,MATH 20C,B01,083762,Bach; Quang Tran,3,0,30,27
1655975364815,MATH 20D,A01,083765,Tran; Brian Kha,1,0,30,29
1655975364815,MATH 20D,A02,083766,Tran; Brian Kha,0,1,30,30
1655975364815,MATH 20D,A03,083767,Tran; Brian Kha,1,0,30,29
1655975370841,MATH 20E,A01,083771,Ganguly; Soumya,0,1,32,32
1655975370841,MATH 20E,A02,083772,Ganguly; Soumya,1,1,32,31
1655975370841,MATH 20E,B01,083773,Ciotti; Benjamin,14,0,35,21
1655975370841,MATH 20E,B02,083774,Ciotti; Benjamin,12,0,35,23
1655975376867,MATH 103A,A01,083777,Greenfeld; Be'Eri,2,1,36,34
1655975376867,MATH 103A,A02,083778,Greenfeld; Be'Eri,2,0,36,34
1655975376867,MATH 103A,A03,093561,Staff,0,1,36,36
1655975376867,MATH 103A,B01,083779,Greenfeld; Be'Eri,7,1,36,29
1655975376867,MATH 103A,B02,083780,Greenfeld; Be'Eri,0,0,36,36
1655975376867,MATH 103A,B03,093562,Staff,0,0,36,36
1655975382892,MATH 105,A01,085443,Carter; Anne Toulson,4,1,35,31
1655975382892,MATH 105,A02,093477,Staff,8,0,35,27
1655975388918,MATH 109,A01,083213,Ganzberger; Geoffrey Michael,0,1,34,34
1655975388918,MATH 109,A02,083214,Ganzberger; Geoffrey Michael,0,0,34,34
1655975388918,MATH 109,A03,093478,Staff,1,0,34,33
1655975388918,MATH 109,B01,083215,Ganzberger; Geoffrey Michael,2,0,32,30
1655975388918,MATH 109,B02,083216,Ganzberger; Geoffrey Michael,0,0,32,32
1655975388918,MATH 109,B03,093479,Staff,4,0,32,28
1655975394943,MATH 142A,A01,083219,Chow; Bennett,0,0,32,32
1655975394943,MATH 142A,A02,083220,Chow; Bennett,7,0,32,25
1655975394943,MATH 142A,A03,093480,Staff,4,0,32,28
1655975394943,MATH 142A,B03,093481,Staff,3,0,32,29
1655975394943,MATH 142A,B04,093558,Staff,6,0,32,26
1655975394943,MATH 142A,B05,093559,Staff,0,0,32,32
1655975400965,MATH 193A,A01,083224,Rotar; Vladimir,1,1,34,33
1655975400965,MATH 193A,A02,083225,Rotar; Vladimir,0,0,34,34
1655975400965,MATH 193A,A03,083781,Rotar; Vladimir,2,0,34,32
1655975400965,MATH 193A,A04,083782,Rotar; Vladimir,3,0,34,31
1655975400965,MATH 193A,A05,093482,Rotar; Vladimir,0,0,34,34
1655975406990,MATH 197,001,091859,McAuley; Julian John,9999,0,9999,0
1655975406990,MATH 197,002,095566,Kedlaya; Kiran S.,9997,0,9999,2
1655975406990,MATH 197,003,095567,Xiao; Ming,9999,0,9999,0
1655975406990,MATH 197,004,095571,Perols; Johan Lars,9998,0,9999,1
1655975414066,COGS 9,A01,083615,Shannon; Kyle Michael,3,1,75,72
1655975420088,COGS 11,A01,083617,Boyle; Mary E. T.,11,1,48,37
1655975426113,COGS 13,A01,083071,Bastos; Amalia Pinkusfeld,3,2,71,68
1655975432138,COGS 14A,A01,092681,Semenuks; Arturs,4,25,100,96
1655975438167,COGS 14B,A01,083073,Cheng; Tzu-Han,7,0,63,56
1655975444196,COGS 17,A01,092677,Semenuks; Arturs,8,7,81,73
1655975450221,COGS 100,A01,083619,Allen; Michael Gordon,2,2,70,68
1655975456244,COGS 101A,A01,083621,Davis; Joshua Daniel,4,3,68,64
1655975462272,COGS 101B,A01,091572,Allen; Michael Gordon,0,0,65,65
1655975468298,COGS 101C,A01,083625,Delgado; Tania,7,0,35,28
1655975474326,COGS 107A,A01,083627,Boyle; Mary E. T.,1,2,60,59
1655975480351,COGS 118A,A01,083075,Gupta; Anjum,21,16,76,55
1655975486381,CSE 3,A50,083646,Miranda; Gregory Joseph,14,0,50,36
1655975492408,CSE 8A,A50,083650,Miranda; Gregory Joseph,3,11,56,53
1655975498435,CSE 11,A01,083080,Cao; Yingjun,0,65,40,40
1655975504459,CSE 12,A01,083652,Krause-Levy; Sophia Louisa,6,8,120,114
1655975510484,CSE 15L,A01,083654,Morris; Justin Loren,3,1,50,47
1655975510484,CSE 15L,A02,083655,Morris; Justin Loren,1,1,50,49
1655975516512,CSE 20,A01,083657,Tran; Khoa Dang,29,0,80,51
1655975522538,CSE 21,A01,095574,Bach; Quang Tran,23,0,48,25
1655975528567,CSE 30,A01,083084,Eldon; John,2,10,80,78
1655975528567,CSE 30,B01,095061,Bhaskar; Nishant,0,4,50,50
1655975534591,CSE 100,A01,083659,Cao; Yingjun,2,25,70,68
1655975540618,CSE 134B,A01,083661,Powell; Thomas Allan,5,7,100,95
1655975546647,CSE 140,A01,083663,Gungor; Onat,5,0,85,80
1655975552675,CSE 140L,A01,083088,Eldon; John,5,0,100,95
1655975558699,CSE 175,A01,083665,Kumar; Rakesh,1,0,25,24
1655975564722,CSE 190,A00,092507,Dubnov; Shlomo,1,0,20,19
1655975570749,ECE 45,A01,083139,Congero; Spencer William,0,1,75,75
1655975576774,ECE 65,A50,083695,Saad; Andrew S,6,0,30,24
1655975576774,ECE 65,A51,095125,Staff,23,0,26,3
1655975582799,ECE 109,A01,091882,Touri; Behrouz,2,4,70,68
1655975588827,ECE 180,A00,083140,Abi Samra; Nicholas Camill,1,0,30,29
1655975588827,ECE 180,B00,083141,Abi Samra; Nicholas Camill,0,8,28,28
1655975594850,MATH 10A,A01,083735,Patchell; Gregory David,0,0,30,30
1655975594850,MATH 10A,A02,083736,Patchell; Gregory David,21,0,30,9
1655975594850,MATH 10A,A03,083737,Patchell; Gregory David,16,0,30,14
1655975600875,MATH 10B,A01,083207,Lim; Seonhee,1,1,34,33
1655975600875,MATH 10B,A02,083208,Lim; Seonhee,1,1,35,34
1655975600875,MATH 10B,A03,093472,Staff,1,0,34,33
1655975600875,MATH 10B,B01,083739,Sinha; Shubham,9,0,30,21
1655975606903,MATH 18,A01,083743,Cinel; Cameron Alexander,5,0,30,25
1655975606903,MATH 18,A02,083744,Cinel; Cameron Alexander,11,0,30,19
1655975606903,MATH 18,A03,083745,Cinel; Cameron Alexander,1,0,30,29
1655975606903,MATH 18,B01,083748,Ma; Zilu,2,0,36,34
1655975606903,MATH 18,B02,083749,Ma; Zilu,0,0,36,36
1655975606903,MATH 18,B03,083750,Ma; Zilu,0,0,36,36
1655975606903,MATH 18,B04,083751,Ma; Zilu,0,0,36,36
1655975606903,MATH 18,B05,093473,Staff,0,0,36,36
1655975606903,MATH 18,B06,093474,Staff,1,0,36,35
1655975612931,MATH 20A,A01,083754,Zheng; Zequn,10,0,40,30
1655975618957,MATH 20B,A01,083756,Briones; Jor-el Thomas Caparas,0,1,36,36
1655975618957,MATH 20B,A02,083757,Briones; Jor-el Thomas Caparas,1,0,36,35
1655975618957,MATH 20B,A03,093475,Staff,0,0,36,36
1655975624992,MATH 20C,A01,083760,Briones; Jor-el Thomas Caparas,0,2,35,35
1655975624992,MATH 20C,A02,083761,Briones; Jor-el Thomas Caparas,6,1,35,29
1655975624992,MATH 20C,A03,093476,Staff,1,0,35,34
1655975624992,MATH 20C,B01,083762,Bach; Quang Tran,3,0,30,27
1655975631017,MATH 20D,A01,083765,Tran; Brian Kha,1,0,30,29
1655975631017,MATH 20D,A02,083766,Tran; Brian Kha,0,1,30,30
1655975631017,MATH 20D,A03,083767,Tran; Brian Kha,1,0,30,29
1655975637050,MATH 20E,A01,083771,Ganguly; Soumya,0,1,32,32
1655975637050,MATH 20E,A02,083772,Ganguly; Soumya,1,1,32,31
1655975637050,MATH 20E,B01,083773,Ciotti; Benjamin,14,0,35,21
1655975637050,MATH 20E,B02,083774,Ciotti; Benjamin,12,0,35,23
1655975643080,MATH 103A,A01,083777,Greenfeld; Be'Eri,2,1,36,34
1655975643080,MATH 103A,A02,083778,Greenfeld; Be'Eri,2,0,36,34
1655975643080,MATH 103A,A03,093561,Staff,0,1,36,36
1655975643080,MATH 103A,B01,083779,Greenfeld; Be'Eri,7,1,36,29
1655975643080,MATH 103A,B02,083780,Greenfeld; Be'Eri,0,0,36,36
1655975643080,MATH 103A,B03,093562,Staff,0,0,36,36
1655975649108,MATH 105,A01,085443,Carter; Anne Toulson,4,1,35,31
1655975649108,MATH 105,A02,093477,Staff,8,0,35,27
1655975655134,MATH 109,A01,083213,Ganzberger; Geoffrey Michael,0,1,34,34
1655975655134,MATH 109,A02,083214,Ganzberger; Geoffrey Michael,0,0,34,34
1655975655134,MATH 109,A03,093478,Staff,1,0,34,33
1655975655134,MATH 109,B01,083215,Ganzberger; Geoffrey Michael,2,0,32,30
1655975655134,MATH 109,B02,083216,Ganzberger; Geoffrey Michael,0,0,32,32
1655975655134,MATH 109,B03,093479,Staff,4,0,32,28
1655975661162,MATH 142A,A01,083219,Chow; Bennett,0,0,32,32
1655975661162,MATH 142A,A02,083220,Chow; Bennett,7,0,32,25
1655975661162,MATH 142A,A03,093480,Staff,4,0,32,28
1655975661162,MATH 142A,B03,093481,Staff,3,0,32,29
1655975661162,MATH 142A,B04,093558,Staff,6,0,32,26
1655975661162,MATH 142A,B05,093559,Staff,0,0,32,32
1655975667192,MATH 193A,A01,083224,Rotar; Vladimir,1,1,34,33
1655975667192,MATH 193A,A02,083225,Rotar; Vladimir,0,0,34,34
1655975667192,MATH 193A,A03,083781,Rotar; Vladimir,2,0,34,32
1655975667192,MATH 193A,A04,083782,Rotar; Vladimir,3,0,34,31
1655975667192,MATH 193A,A05,093482,Rotar; Vladimir,0,0,34,34
1655975673218,MATH 197,001,091859,McAuley; Julian John,9999,0,9999,0
1655975673218,MATH 197,002,095566,Kedlaya; Kiran S.,9997,0,9999,2
1655975673218,MATH 197,003,095567,Xiao; Ming,9999,0,9999,0
1655975673218,MATH 197,004,095571,Perols; Johan Lars,9998,0,9999,1
1655975680274,COGS 9,A01,083615,Shannon; Kyle Michael,3,1,75,72
1655975686302,COGS 11,A01,083617,Boyle; Mary E. T.,11,1,48,37
1655975692326,COGS 13,A01,083071,Bastos; Amalia Pinkusfeld,3,2,71,68
1655975698351,COGS 14A,A01,092681,Semenuks; Arturs,4,25,100,96
1655975704375,COGS 14B,A01,083073,Cheng; Tzu-Han,7,0,63,56
1655975710404,COGS 17,A01,092677,Semenuks; Arturs,8,7,81,73
1655975716428,COGS 100,A01,083619,Allen; Michael Gordon,2,2,70,68
1655975722457,COGS 101A,A01,083621,Davis; Joshua Daniel,4,3,68,64
1655975728482,COGS 101B,A01,091572,Allen; Michael Gordon,0,0,65,65
1655975734510,COGS 101C,A01,083625,Delgado; Tania,7,0,35,28
1655975740538,COGS 107A,A01,083627,Boyle; Mary E. T.,1,2,60,59
1655975746563,COGS 118A,A01,083075,Gupta; Anjum,21,16,76,55
1655975752592,CSE 3,A50,083646,Miranda; Gregory Joseph,14,0,50,36
1655975758618,CSE 8A,A50,083650,Miranda; Gregory Joseph,3,11,56,53
1655975764643,CSE 11,A01,083080,Cao; Yingjun,0,65,40,40
1655975770671,CSE 12,A01,083652,Krause-Levy; Sophia Louisa,6,8,120,114
1655975776697,CSE 15L,A01,083654,Morris; Justin Loren,3,1,50,47
1655975776697,CSE 15L,A02,083655,Morris; Justin Loren,1,1,50,49
1655975782724,CSE 20,A01,083657,Tran; Khoa Dang,29,0,80,51
1655975788748,CSE 21,A01,095574,Bach; Quang Tran,23,0,48,25
1655975794776,CSE 30,A01,083084,Eldon; John,2,10,80,78
1655975794776,CSE 30,B01,095061,Bhaskar; Nishant,0,4,50,50
1655975800808,CSE 100,A01,083659,Cao; Yingjun,2,25,70,68
1655975806832,CSE 134B,A01,083661,Powell; Thomas Allan,5,7,100,95
1655975812856,CSE 140,A01,083663,Gungor; Onat,5,0,85,80
1655975818880,CSE 140L,A01,083088,Eldon; John,5,0,100,95
1655975824904,CSE 175,A01,083665,Kumar; Rakesh,1,0,25,24
1655975830933,CSE 190,A00,092507,Dubnov; Shlomo,1,0,20,19
1655975836958,ECE 45,A01,083139,Congero; Spencer William,0,1,75,75
1655975842985,ECE 65,A50,083695,Saad; Andrew S,6,0,30,24
1655975842985,ECE 65,A51,095125,Staff,23,0,26,3
1655975849012,ECE 109,A01,091882,Touri; Behrouz,2,4,70,68
1655975855037,ECE 180,A00,083140,Abi Samra; Nicholas Camill,1,0,30,29
1655975855037,ECE 180,B00,083141,Abi Samra; Nicholas Camill,0,8,28,28
1655975861062,MATH 10A,A01,083735,Patchell; Gregory David,0,0,30,30
1655975861062,MATH 10A,A02,083736,Patchell; Gregory David,21,0,30,9
1655975861062,MATH 10A,A03,083737,Patchell; Gregory David,16,0,30,14
1655975867092,MATH 10B,A01,083207,Lim; Seonhee,1,1,34,33
1655975867092,MATH 10B,A02,083208,Lim; Seonhee,1,1,35,34
1655975867092,MATH 10B,A03,093472,Staff,1,0,34,33
1655975867092,MATH 10B,B01,083739,Sinha; Shubham,9,0,30,21
1655975873128,MATH 18,A01,083743,Cinel; Cameron Alexander,5,0,30,25
1655975873128,MATH 18,A02,083744,Cinel; Cameron Alexander,11,0,30,19
1655975873128,MATH 18,A03,083745,Cinel; Cameron Alexander,1,0,30,29
1655975873128,MATH 18,B01,083748,Ma; Zilu,2,0,36,34
1655975873128,MATH 18,B02,083749,Ma; Zilu,0,0,36,36
1655975873128,MATH 18,B03,083750,Ma; Zilu,0,0,36,36
1655975873128,MATH 18,B04,083751,Ma; Zilu,0,0,36,36
1655975873128,MATH 18,B05,093473,Staff,0,0,36,36
1655975873128,MATH 18,B06,093474,Staff,1,0,36,35
1655975879155,MATH 20A,A01,083754,Zheng; Zequn,10,0,40,30
1655975885180,MATH 20B,A01,083756,Briones; Jor-el Thomas Caparas,0,1,36,36
1655975885180,MATH 20B,A02,083757,Briones; Jor-el Thomas Caparas,1,0,36,35
1655975885180,MATH 20B,A03,093475,Staff,0,0,36,36
1655975891216,MATH 20C,A01,083760,Briones; Jor-el Thomas Caparas,0,2,35,35
1655975891216,MATH 20C,A02,083761,Briones; Jor-el Thomas Caparas,6,1,35,29
1655975891216,MATH 20C,A03,093476,Staff,1,0,35,34
1655975891216,MATH 20C,B01,083762,Bach; Quang Tran,3,0,30,27
1655975897241,MATH 20D,A01,083765,Tran; Brian Kha,1,0,30,29
1655975897241,MATH 20D,A02,083766,Tran; Brian Kha,0,1,30,30
1655975897241,MATH 20D,A03,083767,Tran; Brian Kha,1,0,30,29
1655975903267,MATH 20E,A01,083771,Ganguly; Soumya,0,1,32,32
1655975903267,MATH 20E,A02,083772,Ganguly; Soumya,1,1,32,31
1655975903267,MATH 20E,B01,083773,Ciotti; Benjamin,14,0,35,21
1655975903267,MATH 20E,B02,083774,Ciotti; Benjamin,12,0,35,23
1655975909293,MATH 103A,A01,083777,Greenfeld; Be'Eri,2,1,36,34
1655975909293,MATH 103A,A02,083778,Greenfeld; Be'Eri,2,0,36,34
1655975909293,MATH 103A,A03,093561,Staff,0,1,36,36
1655975909293,MATH 103A,B01,083779,Greenfeld; Be'Eri,7,1,36,29
1655975909293,MATH 103A,B02,083780,Greenfeld; Be'Eri,0,0,36,36
1655975909293,MATH 103A,B03,093562,Staff,0,0,36,36
1655975915321,MATH 105,A01,085443,Carter; Anne Toulson,4,1,35,31
1655975915321,MATH 105,A02,093477,Staff,8,0,35,27
1655975921345,MATH 109,A01,083213,Ganzberger; Geoffrey Michael,0,1,34,34
1655975921345,MATH 109,A02,083214,Ganzberger; Geoffrey Michael,0,0,34,34
1655975921345,MATH 109,A03,093478,Staff,1,0,34,33
1655975921345,MATH 109,B01,083215,Ganzberger; Geoffrey Michael,2,0,32,30
1655975921345,MATH 109,B02,083216,Ganzberger; Geoffrey Michael,0,0,32,32
1655975921345,MATH 109,B03,093479,Staff,4,0,32,28
1655975927371,MATH 142A,A01,083219,Chow; Bennett,0,0,32,32
1655975927371,MATH 142A,A02,083220,Chow; Bennett,7,0,32,25
1655975927371,MATH 142A,A03,093480,Staff,4,0,32,28
1655975927371,MATH 142A,B03,093481,Staff,3,0,32,29
1655975927371,MATH 142A,B04,093558,Staff,6,0,32,26
1655975927371,MATH 142A,B05,093559,Staff,0,0,32,32
1655975933468,MATH 193A,A01,083224,Rotar; Vladimir,1,1,34,33
1655975933468,MATH 193A,A02,083225,Rotar; Vladimir,0,0,34,34
1655975933468,MATH 193A,A03,083781,Rotar; Vladimir,2,0,34,32
1655975933468,MATH 193A,A04,083782,Rotar; Vladimir,3,0,34,31
1655975933468,MATH 193A,A05,093482,Rotar; Vladimir,0,0,34,34
1655975939491,MATH 197,001,091859,McAuley; Julian John,9999,0,9999,0
1655975939491,MATH 197,002,095566,Kedlaya; Kiran S.,9997,0,9999,2
1655975939491,MATH 197,003,095567,Xiao; Ming,9999,0,9999,0
1655975939491,MATH 197,004,095571,Perols; Johan Lars,9998,0,9999,1
1655975946552,COGS 9,A01,083615,Shannon; Kyle Michael,3,1,75,72
1655975952575,COGS 11,A01,083617,Boyle; Mary E. T.,11,1,48,37
1655975958602,COGS 13,A01,083071,Bastos; Amalia Pinkusfeld,3,2,71,68
1655975964626,COGS 14A,A01,092681,Semenuks; Arturs,4,25,100,96
1655975970652,COGS 14B,A01,083073,Cheng; Tzu-Han,7,0,63,56
1655975976679,COGS 17,A01,092677,Semenuks; Arturs,8,7,81,73
1655975982702,COGS 100,A01,083619,Allen; Michael Gordon,2,2,70,68
1655975988724,COGS 101A,A01,083621,Davis; Joshua Daniel,4,3,68,64
1655975994747,COGS 101B,A01,091572,Allen; Michael Gordon,0,0,65,65
1655976000773,COGS 101C,A01,083625,Delgado; Tania,7,0,35,28
1655976006797,COGS 107A,A01,083627,Boyle; Mary E. T.,1,2,60,59
1655976012820,COGS 118A,A01,083075,Gupta; Anjum,21,16,76,55
1655976018843,CSE 3,A50,083646,Miranda; Gregory Joseph,14,0,50,36
1655976024875,CSE 8A,A50,083650,Miranda; Gregory Joseph,3,11,56,53
1655976030906,CSE 11,A01,083080,Cao; Yingjun,0,65,40,40
1655976036928,CSE 12,A01,083652,Krause-Levy; Sophia Louisa,6,8,120,114
1655976042962,CSE 15L,A01,083654,Morris; Justin Loren,3,1,50,47
1655976042962,CSE 15L,A02,083655,Morris; Justin Loren,1,1,50,49
1655976048989,CSE 20,A01,083657,Tran; Khoa Dang,29,0,80,51
1655976055017,CSE 21,A01,095574,Bach; Quang Tran,23,0,48,25
1655976061040,CSE 30,A01,083084,Eldon; John,2,10,80,78
1655976061040,CSE 30,B01,095061,Bhaskar; Nishant,0,4,50,50
1655976067063,CSE 100,A01,083659,Cao; Yingjun,2,25,70,68
1655976073088,CSE 134B,A01,083661,Powell; Thomas Allan,5,7,100,95
1655976079114,CSE 140,A01,083663,Gungor; Onat,5,0,85,80
1655976085141,CSE 140L,A01,083088,Eldon; John,5,0,100,95
1655976091169,CSE 175,A01,083665,Kumar; Rakesh,1,0,25,24
1655976097192,CSE 190,A00,092507,Dubnov; Shlomo,1,0,20,19
1655976103217,ECE 45,A01,083139,Congero; Spencer William,0,1,75,75
1655976109241,ECE 65,A50,083695,Saad; Andrew S,6,0,30,24
1655976109241,ECE 65,A51,095125,Staff,23,0,26,3
1655976115268,ECE 109,A01,091882,Touri; Behrouz,2,4,70,68
1655976121292,ECE 180,A00,083140,Abi Samra; Nicholas Camill,1,0,30,29
1655976121292,ECE 180,B00,083141,Abi Samra; Nicholas Camill,0,8,28,28
1655976127315,MATH 10A,A01,083735,Patchell; Gregory David,0,0,30,30
1655976127315,MATH 10A,A02,083736,Patchell; Gregory David,21,0,30,9
1655976127315,MATH 10A,A03,083737,Patchell; Gregory David,16,0,30,14
1655976133339,MATH 10B,A01,083207,Lim; Seonhee,1,1,34,33
1655976133339,MATH 10B,A02,083208,Lim; Seonhee,1,1,35,34
1655976133339,MATH 10B,A03,093472,Staff,1,0,34,33
1655976133339,MATH 10B,B01,083739,Sinha; Shubham,9,0,30,21
1655976139365,MATH 18,A01,083743,Cinel; Cameron Alexander,5,0,30,25
1655976139365,MATH 18,A02,083744,Cinel; Cameron Alexander,11,0,30,19
1655976139365,MATH 18,A03,083745,Cinel; Cameron Alexander,1,0,30,29
1655976139365,MATH 18,B01,083748,Ma; Zilu,2,0,36,34
1655976139365,MATH 18,B02,083749,Ma; Zilu,0,0,36,36
1655976139365,MATH 18,B03,083750,Ma; Zilu,0,0,36,36
1655976139365,MATH 18,B04,083751,Ma; Zilu,0,0,36,36
1655976139365,MATH 18,B05,093473,Staff,0,0,36,36
1655976139365,MATH 18,B06,093474,Staff,1,0,36,35
1655976145392,MATH 20A,A01,083754,Zheng; Zequn,10,0,40,30
1655976151416,MATH 20B,A01,083756,Briones; Jor-el Thomas Caparas,0,1,36,36
1655976151416,MATH 20B,A02,083757,Briones; Jor-el Thomas Caparas,1,0,36,35
1655976151416,MATH 20B,A03,093475,Staff,0,0,36,36
1655976157437,MATH 20C,A01,083760,Briones; Jor-el Thomas Caparas,0,2,35,35
1655976157437,MATH 20C,A02,083761,Briones; Jor-el Thomas Caparas,6,1,35,29
1655976157437,MATH 20C,A03,093476,Staff,1,0,35,34
1655976157437,MATH 20C,B01,083762,Bach; Quang Tran,3,0,30,27
1655976163465,MATH 20D,A01,083765,Tran; Brian Kha,1,0,30,29
1655976163465,MATH 20D,A02,083766,Tran; Brian Kha,0,1,30,30
1655976163465,MATH 20D,A03,083767,Tran; Brian Kha,1,0,30,29
1655976169487,MATH 20E,A01,083771,Ganguly; Soumya,0,1,32,32
1655976169487,MATH 20E,A02,083772,Ganguly; Soumya,1,1,32,31
1655976169487,MATH 20E,B01,083773,Ciotti; Benjamin,14,0,35,21
1655976169487,MATH 20E,B02,083774,Ciotti; Benjamin,12,0,35,23
1655976175510,MATH 103A,A01,083777,Greenfeld; Be'Eri,2,1,36,34
1655976175510,MATH 103A,A02,083778,Greenfeld; Be'Eri,2,0,36,34
1655976175510,MATH 103A,A03,093561,Staff,0,1,36,36
1655976175510,MATH 103A,B01,083779,Greenfeld; Be'Eri,7,1,36,29
1655976175510,MATH 103A,B02,083780,Greenfeld; Be'Eri,0,0,36,36
1655976175510,MATH 103A,B03,093562,Staff,0,0,36,36
1655976181532,MATH 105,A01,085443,Carter; Anne Toulson,4,1,35,31
1655976181532,MATH 105,A02,093477,Staff,8,0,35,27
1655976187558,MATH 109,A01,083213,Ganzberger; Geoffrey Michael,0,1,34,34
1655976187558,MATH 109,A02,083214,Ganzberger; Geoffrey Michael,0,0,34,34
1655976187558,MATH 109,A03,093478,Staff,1,0,34,33
1655976187558,MATH 109,B01,083215,Ganzberger; Geoffrey Michael,2,0,32,30
1655976187558,MATH 109,B02,083216,Ganzberger; Geoffrey Michael,0,0,32,32
1655976187558,MATH 109,B03,093479,Staff,4,0,32,28
1655976193583,MATH 142A,A01,083219,Chow; Bennett,0,0,32,32
1655976193583,MATH 142A,A02,083220,Chow; Bennett,7,0,32,25
1655976193583,MATH 142A,A03,093480,Staff,4,0,32,28
1655976193583,MATH 142A,B03,093481,Staff,3,0,32,29
1655976193583,MATH 142A,B04,093558,Staff,6,0,32,26
1655976193583,MATH 142A,B05,093559,Staff,0,0,32,32
1655976199611,MATH 193A,A01,083224,Rotar; Vladimir,1,1,34,33
1655976199611,MATH 193A,A02,083225,Rotar; Vladimir,0,0,34,34
1655976199611,MATH 193A,A03,083781,Rotar; Vladimir,2,0,34,32
1655976199611,MATH 193A,A04,083782,Rotar; Vladimir,3,0,34,31
1655976199611,MATH 193A,A05,093482,Rotar; Vladimir,0,0,34,34
1655976205636,MATH 197,001,091859,McAuley; Julian John,9999,0,9999,0
1655976205636,MATH 197,002,095566,Kedlaya; Kiran S.,9997,0,9999,2
1655976205636,MATH 197,003,095567,Xiao; Ming,9999,0,9999,0
1655976205636,MATH 197,004,095571,Perols; Johan Lars,9998,0,9999,1
1655976212689,COGS 9,A01,083615,Shannon; Kyle Michael,3,1,75,72
1655976218713,COGS 11,A01,083617,Boyle; Mary E. T.,11,1,48,37
1655976224741,COGS 13,A01,083071,Bastos; Amalia Pinkusfeld,3,2,71,68
1655976230764,COGS 14A,A01,092681,Semenuks; Arturs,4,25,100,96
1655976236798,COGS 14B,A01,083073,Cheng; Tzu-Han,7,0,63,56
1655976242825,COGS 17,A01,092677,Semenuks; Arturs,8,7,81,73
1655976248848,COGS 100,A01,083619,Allen; Michael Gordon,2,2,70,68
1655976254872,COGS 101A,A01,083621,Davis; Joshua Daniel,4,3,68,64
1655976260895,COGS 101B,A01,091572,Allen; Michael Gordon,0,0,65,65
1655976266922,COGS 101C,A01,083625,Delgado; Tania,7,0,35,28
1655976272950,COGS 107A,A01,083627,Boyle; Mary E. T.,1,2,60,59
1655976278978,COGS 118A,A01,083075,Gupta; Anjum,21,16,76,55
1655976285006,CSE 3,A50,083646,Miranda; Gregory Joseph,14,0,50,36
1655976291034,CSE 8A,A50,083650,Miranda; Gregory Joseph,3,11,56,53
1655976297058,CSE 11,A01,083080,Cao; Yingjun,0,65,40,40
1655976303082,CSE 12,A01,083652,Krause-Levy; Sophia Louisa,6,8,120,114
1655976309106,CSE 15L,A01,083654,Morris; Justin Loren,3,1,50,47
1655976309106,CSE 15L,A02,083655,Morris; Justin Loren,1,1,50,49
1655976315131,CSE 20,A01,083657,Tran; Khoa Dang,29,0,80,51
1655976321153,CSE 21,A01,095574,Bach; Quang Tran,23,0,48,25
1655976327177,CSE 30,A01,083084,Eldon; John,2,10,80,78
1655976327177,CSE 30,B01,095061,Bhaskar; Nishant,0,4,50,50
1655976333201,CSE 100,A01,083659,Cao; Yingjun,2,25,70,68
1655976339228,CSE 134B,A01,083661,Powell; Thomas Allan,5,7,100,95
1655976345255,CSE 140,A01,083663,Gungor; Onat,5,0,85,80
1655976351279,CSE 140L,A01,083088,Eldon; John,5,0,100,95
1655976357302,CSE 175,A01,083665,Kumar; Rakesh,1,0,25,24
1655976363325,CSE 190,A00,092507,Dubnov; Shlomo,1,0,20,19
1655976369352,ECE 45,A01,083139,Congero; Spencer William,0,1,75,75
1655976375376,ECE 65,A50,083695,Saad; Andrew S,6,0,30,24
1655976375376,ECE 65,A51,095125,Staff,23,0,26,3
1655976381401,ECE 109,A01,091882,Touri; Behrouz,2,4,70,68
1655976387424,ECE 180,A00,083140,Abi Samra; Nicholas Camill,1,0,30,29
1655976387424,ECE 180,B00,083141,Abi Samra; Nicholas Camill,0,8,28,28
1655976393447,MATH 10A,A01,083735,Patchell; Gregory David,0,0,30,30
1655976393447,MATH 10A,A02,083736,Patchell; Gregory David,21,0,30,9
1655976393447,MATH 10A,A03,083737,Patchell; Gregory David,16,0,30,14
1655976399472,MATH 10B,A01,083207,Lim; Seonhee,1,1,34,33
1655976399472,MATH 10B,A02,083208,Lim; Seonhee,1,1,35,34
1655976399472,MATH 10B,A03,093472,Staff,1,0,34,33
1655976399472,MATH 10B,B01,083739,Sinha; Shubham,9,0,30,21
1655976405497,MATH 18,A01,083743,Cinel; Cameron Alexander,5,0,30,25
1655976405497,MATH 18,A02,083744,Cinel; Cameron Alexander,11,0,30,19
1655976405497,MATH 18,A03,083745,Cinel; Cameron Alexander,1,0,30,29
1655976405497,MATH 18,B01,083748,Ma; Zilu,2,0,36,34
1655976405497,MATH 18,B02,083749,Ma; Zilu,0,0,36,36
1655976405497,MATH 18,B03,083750,Ma; Zilu,0,0,36,36
1655976405497,MATH 18,B04,083751,Ma; Zilu,0,0,36,36
1655976405497,MATH 18,B05,093473,Staff,0,0,36,36
1655976405497,MATH 18,B06,093474,Staff,1,0,36,35
1655976411524,MATH 20A,A01,083754,Zheng; Zequn,10,0,40,30
1655976417548,MATH 20B,A01,083756,Briones; Jor-el Thomas Caparas,0,1,36,36
1655976417548,MATH 20B,A02,083757,Briones; Jor-el Thomas Caparas,1,0,36,35
1655976417548,MATH 20B,A03,093475,Staff,0,0,36,36
1655976423598,MATH 20C,A01,083760,Briones; Jor-el Thomas Caparas,0,2,35,35
1655976423598,MATH 20C,A02,083761,Briones; Jor-el Thomas Caparas,6,1,35,29
1655976423598,MATH 20C,A03,093476,Staff,1,0,35,34
1655976423598,MATH 20C,B01,083762,Bach; Quang Tran,3,0,30,27
1655976429622,MATH 20D,A01,083765,Tran; Brian Kha,1,0,30,29
1655976429622,MATH 20D,A02,083766,Tran; Brian Kha,0,1,30,30
1655976429622,MATH 20D,A03,083767,Tran; Brian Kha,1,0,30,29
1655976435650,MATH 20E,A01,083771,Ganguly; Soumya,0,1,32,32
1655976435650,MATH 20E,A02,083772,Ganguly; Soumya,1,1,32,31
1655976435650,MATH 20E,B01,083773,Ciotti; Benjamin,14,0,35,21
1655976435650,MATH 20E,B02,083774,Ciotti; Benjamin,12,0,35,23
1655976441674,MATH 103A,A01,083777,Greenfeld; Be'Eri,2,1,36,34
1655976441674,MATH 103A,A02,083778,Greenfeld; Be'Eri,2,0,36,34
1655976441674,MATH 103A,A03,093561,Staff,0,1,36,36
1655976441674,MATH 103A,B01,083779,Greenfeld; Be'Eri,7,1,36,29
1655976441674,MATH 103A,B02,083780,Greenfeld; Be'Eri,0,0,36,36
1655976441674,MATH 103A,B03,093562,Staff,0,0,36,36
1655976447698,MATH 105,A01,085443,Carter; Anne Toulson,4,1,35,31
1655976447698,MATH 105,A02,093477,Staff,8,0,35,27
1655976453722,MATH 109,A01,083213,Ganzberger; Geoffrey Michael,0,1,34,34
1655976453722,MATH 109,A02,083214,Ganzberger; Geoffrey Michael,0,0,34,34
1655976453722,MATH 109,A03,093478,Staff,1,0,34,33
1655976453722,MATH 109,B01,083215,Ganzberger; Geoffrey Michael,2,0,32,30
1655976453722,MATH 109,B02,083216,Ganzberger; Geoffrey Michael,0,0,32,32
1655976453722,MATH 109,B03,093479,Staff,4,0,32,28
1655976459746,MATH 142A,A01,083219,Chow; Bennett,0,0,32,32
1655976459746,MATH 142A,A02,083220,Chow; Bennett,7,0,32,25
1655976459746,MATH 142A,A03,093480,Staff,4,0,32,28
1655976459746,MATH 142A,B03,093481,Staff,3,0,32,29
1655976459746,MATH 142A,B04,093558,Staff,6,0,32,26
1655976459746,MATH 142A,B05,093559,Staff,0,0,32,32
1655976465775,MATH 193A,A01,083224,Rotar; Vladimir,1,1,34,33
1655976465775,MATH 193A,A02,083225,Rotar; Vladimir,0,0,34,34
1655976465775,MATH 193A,A03,083781,Rotar; Vladimir,2,0,34,32
1655976465775,MATH 193A,A04,083782,Rotar; Vladimir,3,0,34,31
1655976465775,MATH 193A,A05,093482,Rotar; Vladimir,0,0,34,34
1655976471799,MATH 197,001,091859,McAuley; Julian John,9999,0,9999,0
1655976471799,MATH 197,002,095566,Kedlaya; Kiran S.,9997,0,9999,2
1655976471799,MATH 197,003,095567,Xiao; Ming,9999,0,9999,0
1655976471799,MATH 197,004,095571,Perols; Johan Lars,9998,0,9999,1
1655976478860,COGS 9,A01,083615,Shannon; Kyle Michael,3,1,75,72
1655976484894,COGS 11,A01,083617,Boyle; Mary E. T.,11,1,48,37
1655976490922,COGS 13,A01,083071,Bastos; Amalia Pinkusfeld,3,2,71,68
1655976496946,COGS 14A,A01,092681,Semenuks; Arturs,4,25,100,96
1655976502969,COGS 14B,A01,083073,Cheng; Tzu-Han,7,0,63,56
1655976508994,COGS 17,A01,092677,Semenuks; Arturs,8,7,81,73
1655976515018,COGS 100,A01,083619,Allen; Michael Gordon,2,2,70,68
1655976521050,COGS 101A,A01,083621,Davis; Joshua Daniel,4,3,68,64
1655976527147,COGS 101B,A01,091572,Allen; Michael Gordon,0,0,65,65
1655976533173,COGS 101C,A01,083625,Delgado; Tania,7,0,35,28
1655976539196,COGS 107A,A01,083627,Boyle; Mary E. T.,1,2,60,59
1655976545220,COGS 118A,A01,083075,Gupta; Anjum,21,16,76,55
1655976551244,CSE 3,A50,083646,Miranda; Gregory Joseph,14,0,50,36
1655976557267,CSE 8A,A50,083650,Miranda; Gregory Joseph,3,11,56,53
1655976563295,CSE 11,A01,083080,Cao; Yingjun,0,65,40,40
1655976569318,CSE 12,A01,083652,Krause-Levy; Sophia Louisa,6,8,120,114
1655976575344,CSE 15L,A01,083654,Morris; Justin Loren,3,1,50,47
1655976575344,CSE 15L,A02,083655,Morris; Justin Loren,1,1,50,49
1655976581368,CSE 20,A01,083657,Tran; Khoa Dang,29,0,80,51
1655976587392,CSE 21,A01,095574,Bach; Quang Tran,23,0,48,25
1655976593418,CSE 30,A01,083084,Eldon; John,2,10,80,78
1655976593418,CSE 30,B01,095061,Bhaskar; Nishant,0,4,50,50
1655976599446,CSE 100,A01,083659,Cao; Yingjun,2,25,70,68
1655976605470,CSE 134B,A01,083661,Powell; Thomas Allan,5,7,100,95
1655976611494,CSE 140,A01,083663,Gungor; Onat,5,0,85,80
1655976617518,CSE 140L,A01,083088,Eldon; John,5,0,100,95
1655976623543,CSE 175,A01,083665,Kumar; Rakesh,1,0,25,24
1655976629567,CSE 190,A00,092507,Dubnov; Shlomo,1,0,20,19
1655976635611,ECE 45,A01,083139,Congero; Spencer William,0,1,75,75
1655976641640,ECE 65,A50,083695,Saad; Andrew S,6,0,30,24
1655976641640,ECE 65,A51,095125,Staff,23,0,26,3
1655976647664,ECE 109,A01,091882,Touri; Behrouz,2,4,70,68
1655976653689,ECE 180,A00,083140,Abi Samra; Nicholas Camill,1,0,30,29
1655976653689,ECE 180,B00,083141,Abi Samra; Nicholas Camill,0,8,28,28
1655976659717,MATH 10A,A01,083735,Patchell; Gregory David,0,0,30,30
1655976659717,MATH 10A,A02,083736,Patchell; Gregory David,21,0,30,9
1655976659717,MATH 10A,A03,083737,Patchell; Gregory David,16,0,30,14
1655976665748,MATH 10B,A01,083207,Lim; Seonhee,1,1,34,33
1655976665748,MATH 10B,A02,083208,Lim; Seonhee,1,1,35,34
1655976665748,MATH 10B,A03,093472,Staff,1,0,34,33
1655976665748,MATH 10B,B01,083739,Sinha; Shubham,9,0,30,21
1655976671781,MATH 18,A01,083743,Cinel; Cameron Alexander,5,0,30,25
1655976671781,MATH 18,A02,083744,Cinel; Cameron Alexander,11,0,30,19
1655976671781,MATH 18,A03,083745,Cinel; Cameron Alexander,1,0,30,29
1655976671781,MATH 18,B01,083748,Ma; Zilu,2,0,36,34
1655976671781,MATH 18,B02,083749,Ma; Zilu,0,0,36,36
1655976671781,MATH 18,B03,083750,Ma; Zilu,0,0,36,36
1655976671781,MATH 18,B04,083751,Ma; Zilu,0,0,36,36
1655976671781,MATH 18,B05,093473,Staff,0,0,36,36
1655976671781,MATH 18,B06,093474,Staff,1,0,36,35
1655976677807,MATH 20A,A01,083754,Zheng; Zequn,10,0,40,30
1655976683828,MATH 20B,A01,083756,Briones; Jor-el Thomas Caparas,0,1,36,36
1655976683828,MATH 20B,A02,083757,Briones; Jor-el Thomas Caparas,1,0,36,35
1655976683828,MATH 20B,A03,093475,Staff,0,0,36,36
1655976689853,MATH 20C,A01,083760,Briones; Jor-el Thomas Caparas,0,2,35,35
1655976689853,MATH 20C,A02,083761,Briones; Jor-el Thomas Caparas,6,1,35,29
1655976689853,MATH 20C,A03,093476,Staff,1,0,35,34
1655976689853,MATH 20C,B01,083762,Bach; Quang Tran,3,0,30,27
1655976695885,MATH 20D,A01,083765,Tran; Brian Kha,1,0,30,29
1655976695885,MATH 20D,A02,083766,Tran; Brian Kha,0,1,30,30
1655976695885,MATH 20D,A03,083767,Tran; Brian Kha,1,0,30,29
1655976701921,MATH 20E,A01,083771,Ganguly; Soumya,0,1,32,32
1655976701921,MATH 20E,A02,083772,Ganguly; Soumya,1,1,32,31
1655976701921,MATH 20E,B01,083773,Ciotti; Benjamin,14,0,35,21
1655976701921,MATH 20E,B02,083774,Ciotti; Benjamin,12,0,35,23
1655976707948,MATH 103A,A01,083777,Greenfeld; Be'Eri,2,1,36,34
1655976707948,MATH 103A,A02,083778,Greenfeld; Be'Eri,2,0,36,34
1655976707948,MATH 103A,A03,093561,Staff,0,1,36,36
1655976707948,MATH 103A,B01,083779,Greenfeld; Be'Eri,7,1,36,29
1655976707948,MATH 103A,B02,083780,Greenfeld; Be'Eri,0,0,36,36
1655976707948,MATH 103A,B03,093562,Staff,0,0,36,36
1655976713973,MATH 105,A01,085443,Carter; Anne Toulson,4,1,35,31
1655976713973,MATH 105,A02,093477,Staff,8,0,35,27
1655976719997,MATH 109,A01,083213,Ganzberger; Geoffrey Michael,0,1,34,34
1655976719997,MATH 109,A02,083214,Ganzberger; Geoffrey Michael,0,0,34,34
1655976719997,MATH 109,A03,093478,Staff,1,0,34,33
1655976719997,MATH 109,B01,083215,Ganzberger; Geoffrey Michael,2,0,32,30
1655976719997,MATH 109,B02,083216,Ganzberger; Geoffrey Michael,0,0,32,32
1655976719997,MATH 109,B03,093479,Staff,4,0,32,28
1655976726022,MATH 142A,A01,083219,Chow; Bennett,0,0,32,32
1655976726022,MATH 142A,A02,083220,Chow; Bennett,7,0,32,25
1655976726022,MATH 142A,A03,093480,Staff,4,0,32,28
1655976726022,MATH 142A,B03,093481,Staff,3,0,32,29
1655976726022,MATH 142A,B04,093558,Staff,6,0,32,26
1655976726022,MATH 142A,B05,093559,Staff,0,0,32,32
1655976732047,MATH 193A,A01,083224,Rotar; Vladimir,1,1,34,33
1655976732047,MATH 193A,A02,083225,Rotar; Vladimir,0,0,34,34
1655976732047,MATH 193A,A03,083781,Rotar; Vladimir,2,0,34,32
1655976732047,MATH 193A,A04,083782,Rotar; Vladimir,3,0,34,31
1655976732047,MATH 193A,A05,093482,Rotar; Vladimir,0,0,34,34
1655976738072,MATH 197,001,091859,McAuley; Julian John,9999,0,9999,0
1655976738072,MATH 197,002,095566,Kedlaya; Kiran S.,9997,0,9999,2
1655976738072,MATH 197,003,095567,Xiao; Ming,9999,0,9999,0
1655976738072,MATH 197,004,095571,Perols; Johan Lars,9998,0,9999,1
1655976745139,COGS 9,A01,083615,Shannon; Kyle Michael,3,1,75,72
1655976751168,COGS 11,A01,083617,Boyle; Mary E. T.,11,1,48,37
1655976757195,COGS 13,A01,083071,Bastos; Amalia Pinkusfeld,3,2,71,68
1655976763220,COGS 14A,A01,092681,Semenuks; Arturs,4,25,100,96
1655976769245,COGS 14B,A01,083073,Cheng; Tzu-Han,7,0,63,56
1655976775268,COGS 17,A01,092677,Semenuks; Arturs,8,7,81,73
1655976781292,COGS 100,A01,083619,Allen; Michael Gordon,2,2,70,68
1655976787316,COGS 101A,A01,083621,Davis; Joshua Daniel,4,3,68,64
1655976793363,COGS 101B,A01,091572,Allen; Michael Gordon,0,0,65,65
1655976799387,COGS 101C,A01,083625,Delgado; Tania,7,0,35,28
1655976805411,COGS 107A,A01,083627,Boyle; Mary E. T.,1,2,60,59
1655976811436,COGS 118A,A01,083075,Gupta; Anjum,21,16,76,55
1655976817464,CSE 3,A50,083646,Miranda; Gregory Joseph,14,0,50,36
1655976823488,CSE 8A,A50,083650,Miranda; Gregory Joseph,3,11,56,53
1655976829511,CSE 11,A01,083080,Cao; Yingjun,0,65,40,40
1655976835539,CSE 12,A01,083652,Krause-Levy; Sophia Louisa,6,8,120,114
1655976841563,CSE 15L,A01,083654,Morris; Justin Loren,3,1,50,47
1655976841563,CSE 15L,A02,083655,Morris; Justin Loren,1,1,50,49
1655976847585,CSE 20,A01,083657,Tran; Khoa Dang,29,0,80,51
1655976853612,CSE 21,A01,095574,Bach; Quang Tran,23,0,48,25
1655976859637,CSE 30,A01,083084,Eldon; John,2,10,80,78
1655976859637,CSE 30,B01,095061,Bhaskar; Nishant,0,4,50,50
1655976865663,CSE 100,A01,083659,Cao; Yingjun,2,25,70,68
1655976871687,CSE 134B,A01,083661,Powell; Thomas Allan,5,7,100,95
1655976877713,CSE 140,A01,083663,Gungor; Onat,5,0,85,80
1655976883741,CSE 140L,A01,083088,Eldon; John,5,0,100,95
1655976889766,CSE 175,A01,083665,Kumar; Rakesh,1,0,25,24
1655976895790,CSE 190,A00,092507,Dubnov; Shlomo,1,0,20,19
1655976901813,ECE 45,A01,083139,Congero; Spencer William,0,1,75,75
1655976907835,ECE 65,A50,083695,Saad; Andrew S,6,0,30,24
1655976907835,ECE 65,A51,095125,Staff,23,0,26,3
1655976913858,ECE 109,A01,091882,Touri; Behrouz,2,4,70,68
1655976919892,ECE 180,A00,083140,Abi Samra; Nicholas Camill,1,0,30,29
1655976919892,ECE 180,B00,083141,Abi Samra; Nicholas Camill,0,8,28,28
1655976925915,MATH 10A,A01,083735,Patchell; Gregory David,0,0,30,30
1655976925915,MATH 10A,A02,083736,Patchell; Gregory David,21,0,30,9
1655976925915,MATH 10A,A03,083737,Patchell; Gregory David,16,0,30,14
1655976931964,MATH 10B,A01,083207,Lim; Seonhee,1,1,34,33
1655976931964,MATH 10B,A02,083208,Lim; Seonhee,1,1,35,34
1655976931964,MATH 10B,A03,093472,Staff,1,0,34,33
1655976931964,MATH 10B,B01,083739,Sinha; Shubham,9,0,30,21
1655976937996,MATH 18,A01,083743,Cinel; Cameron Alexander,5,0,30,25
1655976937996,MATH 18,A02,083744,Cinel; Cameron Alexander,11,0,30,19
1655976937996,MATH 18,A03,083745,Cinel; Cameron Alexander,1,0,30,29
1655976937996,MATH 18,B01,083748,Ma; Zilu,2,0,36,34
1655976937996,MATH 18,B02,083749,Ma; Zilu,0,0,36,36
1655976937996,MATH 18,B03,083750,Ma; Zilu,0,0,36,36
1655976937996,MATH 18,B04,083751,Ma; Zilu,0,0,36,36
1655976937996,MATH 18,B05,093473,Staff,0,0,36,36
1655976937996,MATH 18,B06,093474,Staff,1,0,36,35
1655976944021,MATH 20A,A01,083754,Zheng; Zequn,10,0,40,30
1655976950045,MATH 20B,A01,083756,Briones; Jor-el Thomas Caparas,0,1,36,36
1655976950045,MATH 20B,A02,083757,Briones; Jor-el Thomas Caparas,1,0,36,35
1655976950045,MATH 20B,A03,093475,Staff,0,0,36,36
1655976956085,MATH 20C,A01,083760,Briones; Jor-el Thomas Caparas,0,2,35,35
1655976956085,MATH 20C,A02,083761,Briones; Jor-el Thomas Caparas,6,1,35,29
1655976956085,MATH 20C,A03,093476,Staff,1,0,35,34
1655976956085,MATH 20C,B01,083762,Bach; Quang Tran,3,0,30,27
1655976962121,MATH 20D,A01,083765,Tran; Brian Kha,1,0,30,29
1655976962121,MATH 20D,A02,083766,Tran; Brian Kha,0,1,30,30
1655976962121,MATH 20D,A03,083767,Tran; Brian Kha,1,0,30,29
1655976968151,MATH 20E,A01,083771,Ganguly; Soumya,0,1,32,32
1655976968151,MATH 20E,A02,083772,Ganguly; Soumya,1,1,32,31
1655976968151,MATH 20E,B01,083773,Ciotti; Benjamin,14,0,35,21
1655976968151,MATH 20E,B02,083774,Ciotti; Benjamin,12,0,35,23
1655976974186,MATH 103A,A01,083777,Greenfeld; Be'Eri,2,1,36,34
1655976974186,MATH 103A,A02,083778,Greenfeld; Be'Eri,2,0,36,34
1655976974186,MATH 103A,A03,093561,Staff,0,1,36,36
1655976974186,MATH 103A,B01,083779,Greenfeld; Be'Eri,7,1,36,29
1655976974186,MATH 103A,B02,083780,Greenfeld; Be'Eri,0,0,36,36
1655976974186,MATH 103A,B03,093562,Staff,0,0,36,36
1655976980214,MATH 105,A01,085443,Carter; Anne Toulson,4,1,35,31
1655976980214,MATH 105,A02,093477,Staff,8,0,35,27
1655976986239,MATH 109,A01,083213,Ganzberger; Geoffrey Michael,0,1,34,34
1655976986239,MATH 109,A02,083214,Ganzberger; Geoffrey Michael,0,0,34,34
1655976986239,MATH 109,A03,093478,Staff,1,0,34,33
1655976986239,MATH 109,B01,083215,Ganzberger; Geoffrey Michael,2,0,32,30
1655976986239,MATH 109,B02,083216,Ganzberger; Geoffrey Michael,0,0,32,32
1655976986239,MATH 109,B03,093479,Staff,4,0,32,28
1655976992262,MATH 142A,A01,083219,Chow; Bennett,0,0,32,32
1655976992262,MATH 142A,A02,083220,Chow; Bennett,7,0,32,25
1655976992262,MATH 142A,A03,093480,Staff,4,0,32,28
1655976992262,MATH 142A,B03,093481,Staff,3,0,32,29
1655976992262,MATH 142A,B04,093558,Staff,6,0,32,26
1655976992262,MATH 142A,B05,093559,Staff,0,0,32,32
1655976998286,MATH 193A,A01,083224,Rotar; Vladimir,1,1,34,33
1655976998286,MATH 193A,A02,083225,Rotar; Vladimir,0,0,34,34
1655976998286,MATH 193A,A03,083781,Rotar; Vladimir,2,0,34,32
1655976998286,MATH 193A,A04,083782,Rotar; Vladimir,3,0,34,31
1655976998286,MATH 193A,A05,093482,Rotar; Vladimir,0,0,34,34
1655977004314,MATH 197,001,091859,McAuley; Julian John,9999,0,9999,0
1655977004314,MATH 197,002,095566,Kedlaya; Kiran S.,9997,0,9999,2
1655977004314,MATH 197,003,095567,Xiao; Ming,9999,0,9999,0
1655977004314,MATH 197,004,095571,Perols; Johan Lars,9998,0,9999,1
1655977011379,COGS 9,A01,083615,Shannon; Kyle Michael,3,1,75,72
1655977017410,COGS 11,A01,083617,Boyle; Mary E. T.,11,1,48,37
1655977023433,COGS 13,A01,083071,Bastos; Amalia Pinkusfeld,3,2,71,68
1655977029463,COGS 14A,A01,092681,Semenuks; Arturs,4,25,100,96
1655977035490,COGS 14B,A01,083073,Cheng; Tzu-Han,7,0,63,56
1655977041513,COGS 17,A01,092677,Semenuks; Arturs,8,7,81,73
1655977047540,COGS 100,A01,083619,Allen; Michael Gordon,2,2,70,68
1655977053564,COGS 101A,A01,083621,Davis; Joshua Daniel,4,3,68,64
1655977059588,COGS 101B,A01,091572,Allen; Michael Gordon,0,0,65,65
1655977065611,COGS 101C,A01,083625,Delgado; Tania,7,0,35,28
1655977071639,COGS 107A,A01,083627,Boyle; Mary E. T.,1,2,60,59
1655977077663,COGS 118A,A01,083075,Gupta; Anjum,21,16,76,55
1655977083690,CSE 3,A50,083646,Miranda; Gregory Joseph,14,0,50,36
1655977089715,CSE 8A,A50,083650,Miranda; Gregory Joseph,3,11,56,53
1655977095740,CSE 11,A01,083080,Cao; Yingjun,0,65,40,40
1655977101764,CSE 12,A01,083652,Krause-Levy; Sophia Louisa,6,8,120,114
1655977107787,CSE 15L,A01,083654,Morris; Justin Loren,3,1,50,47
1655977107787,CSE 15L,A02,083655,Morris; Justin Loren,1,1,50,49
1655977113814,CSE 20,A01,083657,Tran; Khoa Dang,29,0,80,51
1655977119838,CSE 21,A01,095574,Bach; Quang Tran,23,0,48,25
1655977125937,CSE 30,A01,083084,Eldon; John,2,10,80,78
1655977125937,CSE 30,B01,095061,Bhaskar; Nishant,0,4,50,50
1655977131959,CSE 100,A01,083659,Cao; Yingjun,2,25,70,68
1655977137983,CSE 134B,A01,083661,Powell; Thomas Allan,5,7,100,95
1655977144010,CSE 140,A01,083663,Gungor; Onat,5,0,85,80
1655977150034,CSE 140L,A01,083088,Eldon; John,5,0,100,95
1655977156057,CSE 175,A01,083665,Kumar; Rakesh,1,0,25,24
1655977162085,CSE 190,A00,092507,Dubnov; Shlomo,1,0,20,19
1655977168108,ECE 45,A01,083139,Congero; Spencer William,0,1,75,75
1655977174137,ECE 65,A50,083695,Saad; Andrew S,6,0,30,24
1655977174137,ECE 65,A51,095125,Staff,23,0,26,3
1655977180161,ECE 109,A01,091882,Touri; Behrouz,2,4,70,68
1655977186188,ECE 180,A00,083140,Abi Samra; Nicholas Camill,1,0,30,29
1655977186188,ECE 180,B00,083141,Abi Samra; Nicholas Camill,0,8,28,28
1655977192217,MATH 10A,A01,083735,Patchell; Gregory David,0,0,30,30
1655977192217,MATH 10A,A02,083736,Patchell; Gregory David,21,0,30,9
1655977192217,MATH 10A,A03,083737,Patchell; Gregory David,16,0,30,14
1655977198246,MATH 10B,A01,083207,Lim; Seonhee,1,1,34,33
1655977198246,MATH 10B,A02,083208,Lim; Seonhee,1,1,35,34
1655977198246,MATH 10B,A03,093472,Staff,1,0,34,33
1655977198246,MATH 10B,B01,083739,Sinha; Shubham,9,0,30,21
1655977204272,MATH 18,A01,083743,Cinel; Cameron Alexander,5,0,30,25
1655977204272,MATH 18,A02,083744,Cinel; Cameron Alexander,11,0,30,19
1655977204272,MATH 18,A03,083745,Cinel; Cameron Alexander,1,0,30,29
1655977204272,MATH 18,B01,083748,Ma; Zilu,2,0,36,34
1655977204272,MATH 18,B02,083749,Ma; Zilu,0,0,36,36
1655977204272,MATH 18,B03,083750,Ma; Zilu,0,0,36,36
1655977204272,MATH 18,B04,083751,Ma; Zilu,0,0,36,36
1655977204272,MATH 18,B05,093473,Staff,0,0,36,36
1655977204272,MATH 18,B06,093474,Staff,1,0,36,35
1655977210296,MATH 20A,A01,083754,Zheng; Zequn,10,0,40,30
1655977216329,MATH 20B,A01,083756,Briones; Jor-el Thomas Caparas,0,1,36,36
1655977216329,MATH 20B,A02,083757,Briones; Jor-el Thomas Caparas,1,0,36,35
1655977216329,MATH 20B,A03,093475,Staff,0,0,36,36
1655977222359,MATH 20C,A01,083760,Briones; Jor-el Thomas Caparas,0,2,35,35
1655977222359,MATH 20C,A02,083761,Briones; Jor-el Thomas Caparas,6,1,35,29
1655977222359,MATH 20C,A03,093476,Staff,1,0,35,34
1655977222359,MATH 20C,B01,083762,Bach; Quang Tran,3,0,30,27
1655977228386,MATH 20D,A01,083765,Tran; Brian Kha,1,0,30,29
1655977228386,MATH 20D,A02,083766,Tran; Brian Kha,0,1,30,30
1655977228386,MATH 20D,A03,083767,Tran; Brian Kha,1,0,30,29
1655977234415,MATH 20E,A01,083771,Ganguly; Soumya,0,1,32,32
1655977234415,MATH 20E,A02,083772,Ganguly; Soumya,1,1,32,31
1655977234415,MATH 20E,B01,083773,Ciotti; Benjamin,14,0,35,21
1655977234415,MATH 20E,B02,083774,Ciotti; Benjamin,12,0,35,23
1655977240441,MATH 103A,A01,083777,Greenfeld; Be'Eri,2,1,36,34
1655977240441,MATH 103A,A02,083778,Greenfeld; Be'Eri,2,0,36,34
1655977240441,MATH 103A,A03,093561,Staff,0,1,36,36
1655977240441,MATH 103A,B01,083779,Greenfeld; Be'Eri,7,1,36,29
1655977240441,MATH 103A,B02,083780,Greenfeld; Be'Eri,0,0,36,36
1655977240441,MATH 103A,B03,093562,Staff,0,0,36,36
1655977246467,MATH 105,A01,085443,Carter; Anne Toulson,4,1,35,31
1655977246467,MATH 105,A02,093477,Staff,8,0,35,27
1655977252494,MATH 109,A01,083213,Ganzberger; Geoffrey Michael,0,1,34,34
1655977252494,MATH 109,A02,083214,Ganzberger; Geoffrey Michael,0,0,34,34
1655977252494,MATH 109,A03,093478,Staff,1,0,34,33
1655977252494,MATH 109,B01,083215,Ganzberger; Geoffrey Michael,2,0,32,30
1655977252494,MATH 109,B02,083216,Ganzberger; Geoffrey Michael,0,0,32,32
1655977252494,MATH 109,B03,093479,Staff,4,0,32,28
1655977258524,MATH 142A,A01,083219,Chow; Bennett,0,0,32,32
1655977258524,MATH 142A,A02,083220,Chow; Bennett,7,0,32,25
1655977258524,MATH 142A,A03,093480,Staff,4,0,32,28
1655977258524,MATH 142A,B03,093481,Staff,3,0,32,29
1655977258524,MATH 142A,B04,093558,Staff,6,0,32,26
1655977258524,MATH 142A,B05,093559,Staff,0,0,32,32
1655977264552,MATH 193A,A01,083224,Rotar; Vladimir,1,1,34,33
1655977264552,MATH 193A,A02,083225,Rotar; Vladimir,0,0,34,34
1655977264552,MATH 193A,A03,083781,Rotar; Vladimir,2,0,34,32
1655977264552,MATH 193A,A04,083782,Rotar; Vladimir,3,0,34,31
1655977264552,MATH 193A,A05,093482,Rotar; Vladimir,0,0,34,34
1655977270578,MATH 197,001,091859,McAuley; Julian John,9999,0,9999,0
1655977270578,MATH 197,002,095566,Kedlaya; Kiran S.,9997,0,9999,2
1655977270578,MATH 197,003,095567,Xiao; Ming,9999,0,9999,0
1655977270578,MATH 197,004,095571,Perols; Johan Lars,9998,0,9999,1
1655977277637,COGS 9,A01,083615,Shannon; Kyle Michael,3,1,75,72
1655977283666,COGS 11,A01,083617,Boyle; Mary E. T.,11,1,48,37
1655977289688,COGS 13,A01,083071,Bastos; Amalia Pinkusfeld,3,2,71,68
1655977295715,COGS 14A,A01,092681,Semenuks; Arturs,4,25,100,96
1655977301738,COGS 14B,A01,083073,Cheng; Tzu-Han,7,0,63,56
1655977307766,COGS 17,A01,092677,Semenuks; Arturs,8,7,81,73
1655977313789,COGS 100,A01,083619,Allen; Michael Gordon,2,2,70,68
1655977319813,COGS 101A,A01,083621,Davis; Joshua Daniel,4,3,68,64
1655977325841,COGS 101B,A01,091572,Allen; Michael Gordon,0,0,65,65
1655977331868,COGS 101C,A01,083625,Delgado; Tania,7,0,35,28
1655977337896,COGS 107A,A01,083627,Boyle; Mary E. T.,1,2,60,59
1655977343919,COGS 118A,A01,083075,Gupta; Anjum,21,16,76,55
1655977349945,CSE 3,A50,083646,Miranda; Gregory Joseph,14,0,50,36
1655977355971,CSE 8A,A50,083650,Miranda; Gregory Joseph,3,11,56,53
1655977361993,CSE 11,A01,083080,Cao; Yingjun,0,65,40,40
1655977368022,CSE 12,A01,083652,Krause-Levy; Sophia Louisa,6,8,120,114
1655977374048,CSE 15L,A01,083654,Morris; Justin Loren,3,1,50,47
1655977374048,CSE 15L,A02,083655,Morris; Justin Loren,1,1,50,49
1655977380071,CSE 20,A01,083657,Tran; Khoa Dang,29,0,80,51
1655977386098,CSE 21,A01,095574,Bach; Quang Tran,23,0,48,25
1655977392122,CSE 30,A01,083084,Eldon; John,2,10,80,78
1655977392122,CSE 30,B01,095061,Bhaskar; Nishant,0,4,50,50
1655977398145,CSE 100,A01,083659,Cao; Yingjun,2,25,70,68
1655977404171,CSE 134B,A01,083661,Powell; Thomas Allan,5,7,100,95
1655977410200,CSE 140,A01,083663,Gungor; Onat,5,0,85,80
1655977416223,CSE 140L,A01,083088,Eldon; John,5,0,100,95
1655977422247,CSE 175,A01,083665,Kumar; Rakesh,1,0,25,24
1655977428270,CSE 190,A00,092507,Dubnov; Shlomo,1,0,20,19
1655977434294,ECE 45,A01,083139,Congero; Spencer William,0,1,75,75
1655977440321,ECE 65,A50,083695,Saad; Andrew S,6,0,30,24
1655977440321,ECE 65,A51,095125,Staff,23,0,26,3
1655977446344,ECE 109,A01,091882,Touri; Behrouz,2,4,70,68
1655977452368,ECE 180,A00,083140,Abi Samra; Nicholas Camill,1,0,30,29
1655977452368,ECE 180,B00,083141,Abi Samra; Nicholas Camill,0,8,28,28
1655977458396,MATH 10A,A01,083735,Patchell; Gregory David,0,0,30,30
1655977458396,MATH 10A,A02,083736,Patchell; Gregory David,21,0,30,9
1655977458396,MATH 10A,A03,083737,Patchell; Gregory David,16,0,30,14
1655977464420,MATH 10B,A01,083207,Lim; Seonhee,1,1,34,33
1655977464420,MATH 10B,A02,083208,Lim; Seonhee,1,1,35,34
1655977464420,MATH 10B,A03,093472,Staff,1,0,34,33
1655977464420,MATH 10B,B01,083739,Sinha; Shubham,9,0,30,21
1655977470451,MATH 18,A01,083743,Cinel; Cameron Alexander,5,0,30,25
1655977470451,MATH 18,A02,083744,Cinel; Cameron Alexander,11,0,30,19
1655977470451,MATH 18,A03,083745,Cinel; Cameron Alexander,1,0,30,29
1655977470451,MATH 18,B01,083748,Ma; Zilu,2,0,36,34
1655977470451,MATH 18,B02,083749,Ma; Zilu,0,0,36,36
1655977470451,MATH 18,B03,083750,Ma; Zilu,0,0,36,36
1655977470451,MATH 18,B04,083751,Ma; Zilu,0,0,36,36
1655977470451,MATH 18,B05,093473,Staff,0,0,36,36
1655977470451,MATH 18,B06,093474,Staff,1,0,36,35
1655977476476,MATH 20A,A01,083754,Zheng; Zequn,10,0,40,30
1655977482507,MATH 20B,A01,083756,Briones; Jor-el Thomas Caparas,0,1,36,36
1655977482507,MATH 20B,A02,083757,Briones; Jor-el Thomas Caparas,1,0,36,35
1655977482507,MATH 20B,A03,093475,Staff,0,0,36,36
1655977488535,MATH 20C,A01,083760,Briones; Jor-el Thomas Caparas,0,2,35,35
1655977488535,MATH 20C,A02,083761,Briones; Jor-el Thomas Caparas,6,1,35,29
1655977488535,MATH 20C,A03,093476,Staff,1,0,35,34
1655977488535,MATH 20C,B01,083762,Bach; Quang Tran,3,0,30,27
1655977494561,MATH 20D,A01,083765,Tran; Brian Kha,1,0,30,29
1655977494561,MATH 20D,A02,083766,Tran; Brian Kha,0,1,30,30
1655977494561,MATH 20D,A03,083767,Tran; Brian Kha,1,0,30,29
1655977500590,MATH 20E,A01,083771,Ganguly; Soumya,0,1,32,32
1655977500590,MATH 20E,A02,083772,Ganguly; Soumya,1,1,32,31
1655977500590,MATH 20E,B01,083773,Ciotti; Benjamin,14,0,35,21
1655977500590,MATH 20E,B02,083774,Ciotti; Benjamin,12,0,35,23
1655977506614,MATH 103A,A01,083777,Greenfeld; Be'Eri,2,1,36,34
1655977506614,MATH 103A,A02,083778,Greenfeld; Be'Eri,2,0,36,34
1655977506614,MATH 103A,A03,093561,Staff,0,1,36,36
1655977506614,MATH 103A,B01,083779,Greenfeld; Be'Eri,7,1,36,29
1655977506614,MATH 103A,B02,083780,Greenfeld; Be'Eri,0,0,36,36
1655977506614,MATH 103A,B03,093562,Staff,0,0,36,36
1655977512639,MATH 105,A01,085443,Carter; Anne Toulson,4,1,35,31
1655977512639,MATH 105,A02,093477,Staff,8,0,35,27
1655977518663,MATH 109,A01,083213,Ganzberger; Geoffrey Michael,0,1,34,34
1655977518663,MATH 109,A02,083214,Ganzberger; Geoffrey Michael,0,0,34,34
1655977518663,MATH 109,A03,093478,Staff,1,0,34,33
1655977518663,MATH 109,B01,083215,Ganzberger; Geoffrey Michael,2,0,32,30
1655977518663,MATH 109,B02,083216,Ganzberger; Geoffrey Michael,0,0,32,32
1655977518663,MATH 109,B03,093479,Staff,4,0,32,28
1655977524688,MATH 142A,A01,083219,Chow; Bennett,0,0,32,32
1655977524688,MATH 142A,A02,083220,Chow; Bennett,7,0,32,25
1655977524688,MATH 142A,A03,093480,Staff,4,0,32,28
1655977524688,MATH 142A,B03,093481,Staff,3,0,32,29
1655977524688,MATH 142A,B04,093558,Staff,6,0,32,26
1655977524688,MATH 142A,B05,093559,Staff,0,0,32,32
1655977530718,MATH 193A,A01,083224,Rotar; Vladimir,1,1,34,33
1655977530718,MATH 193A,A02,083225,Rotar; Vladimir,0,0,34,34
1655977530718,MATH 193A,A03,083781,Rotar; Vladimir,2,0,34,32
1655977530718,MATH 193A,A04,083782,Rotar; Vladimir,3,0,34,31
1655977530718,MATH 193A,A05,093482,Rotar; Vladimir,0,0,34,34
1655977536741,MATH 197,001,091859,McAuley; Julian John,9999,0,9999,0
1655977536741,MATH 197,002,095566,Kedlaya; Kiran S.,9997,0,9999,2
1655977536741,MATH 197,003,095567,Xiao; Ming,9999,0,9999,0
1655977536741,MATH 197,004,095571,Perols; Johan Lars,9998,0,9999,1
1655977543803,COGS 9,A01,083615,Shannon; Kyle Michael,3,1,75,72
1655977549826,COGS 11,A01,083617,Boyle; Mary E. T.,11,1,48,37
1655977555849,COGS 13,A01,083071,Bastos; Amalia Pinkusfeld,3,2,71,68
1655977561872,COGS 14A,A01,092681,Semenuks; Arturs,4,25,100,96
1655977567901,COGS 14B,A01,083073,Cheng; Tzu-Han,7,0,63,56
1655977573923,COGS 17,A01,092677,Semenuks; Arturs,8,7,81,73
1655977579949,COGS 100,A01,083619,Allen; Michael Gordon,2,2,70,68
1655977585973,COGS 101A,A01,083621,Davis; Joshua Daniel,4,3,68,64
1655977591996,COGS 101B,A01,091572,Allen; Michael Gordon,0,0,65,65
1655977598029,COGS 101C,A01,083625,Delgado; Tania,7,0,35,28
1655977604055,COGS 107A,A01,083627,Boyle; Mary E. T.,1,2,60,59
1655977610081,COGS 118A,A01,083075,Gupta; Anjum,21,16,76,55
1655977616106,CSE 3,A50,083646,Miranda; Gregory Joseph,14,0,50,36
1655977622143,CSE 8A,A50,083650,Miranda; Gregory Joseph,3,11,56,53
1655977628170,CSE 11,A01,083080,Cao; Yingjun,0,65,40,40
1655977634194,CSE 12,A01,083652,Krause-Levy; Sophia Louisa,6,8,120,114
1655977640218,CSE 15L,A01,083654,Morris; Justin Loren,3,1,50,47
1655977640218,CSE 15L,A02,083655,Morris; Justin Loren,1,1,50,49
1655977646241,CSE 20,A01,083657,Tran; Khoa Dang,29,0,80,51
1655977652265,CSE 21,A01,095574,Bach; Quang Tran,23,0,48,25
1655977658289,CSE 30,A01,083084,Eldon; John,2,10,80,78
1655977658289,CSE 30,B01,095061,Bhaskar; Nishant,0,4,50,50
1655977664312,CSE 100,A01,083659,Cao; Yingjun,2,25,70,68
1655977670335,CSE 134B,A01,083661,Powell; Thomas Allan,5,7,100,95
1655977676358,CSE 140,A01,083663,Gungor; Onat,5,0,85,80
1655977682385,CSE 140L,A01,083088,Eldon; John,5,0,100,95
1655977688411,CSE 175,A01,083665,Kumar; Rakesh,1,0,25,24
1655977694435,CSE 190,A00,092507,Dubnov; Shlomo,1,0,20,19
1655977700461,ECE 45,A01,083139,Congero; Spencer William,0,1,75,75
1655977706485,ECE 65,A50,083695,Saad; Andrew S,6,0,30,24
1655977706485,ECE 65,A51,095125,Staff,23,0,26,3
1655977712509,ECE 109,A01,091882,Touri; Behrouz,2,4,70,68
1655977718532,ECE 180,A00,083140,Abi Samra; Nicholas Camill,1,0,30,29
1655977718532,ECE 180,B00,083141,Abi Samra; Nicholas Camill,0,8,28,28
1655977724654,MATH 10A,A01,083735,Patchell; Gregory David,0,0,30,30
1655977724654,MATH 10A,A02,083736,Patchell; Gregory David,21,0,30,9
1655977724654,MATH 10A,A03,083737,Patchell; Gregory David,16,0,30,14
1655977730681,MATH 10B,A01,083207,Lim; Seonhee,1,1,34,33
1655977730681,MATH 10B,A02,083208,Lim; Seonhee,1,1,35,34
1655977730681,MATH 10B,A03,093472,Staff,1,0,34,33
1655977730681,MATH 10B,B01,083739,Sinha; Shubham,9,0,30,21
1655977736706,MATH 18,A01,083743,Cinel; Cameron Alexander,5,0,30,25
1655977736706,MATH 18,A02,083744,Cinel; Cameron Alexander,11,0,30,19
1655977736706,MATH 18,A03,083745,Cinel; Cameron Alexander,1,0,30,29
1655977736706,MATH 18,B01,083748,Ma; Zilu,2,0,36,34
1655977736706,MATH 18,B02,083749,Ma; Zilu,0,0,36,36
1655977736706,MATH 18,B03,083750,Ma; Zilu,0,0,36,36
1655977736706,MATH 18,B04,083751,Ma; Zilu,0,0,36,36
1655977736706,MATH 18,B05,093473,Staff,0,0,36,36
1655977736706,MATH 18,B06,093474,Staff,1,0,36,35
1655977742728,MATH 20A,A01,083754,Zheng; Zequn,10,0,40,30
1655977748760,MATH 20B,A01,083756,Briones; Jor-el Thomas Caparas,0,1,36,36
1655977748760,MATH 20B,A02,083757,Briones; Jor-el Thomas Caparas,1,0,36,35
1655977748760,MATH 20B,A03,093475,Staff,0,0,36,36
1655977754784,MATH 20C,A01,083760,Briones; Jor-el Thomas Caparas,0,2,35,35
1655977754784,MATH 20C,A02,083761,Briones; Jor-el Thomas Caparas,6,1,35,29
1655977754784,MATH 20C,A03,093476,Staff,1,0,35,34
1655977754784,MATH 20C,B01,083762,Bach; Quang Tran,3,0,30,27
1655977760808,MATH 20D,A01,083765,Tran; Brian Kha,1,0,30,29
1655977760808,MATH 20D,A02,083766,Tran; Brian Kha,0,1,30,30
1655977760808,MATH 20D,A03,083767,Tran; Brian Kha,1,0,30,29
1655977766833,MATH 20E,A01,083771,Ganguly; Soumya,0,1,32,32
1655977766833,MATH 20E,A02,083772,Ganguly; Soumya,1,1,32,31
1655977766833,MATH 20E,B01,083773,Ciotti; Benjamin,14,0,35,21
1655977766833,MATH 20E,B02,083774,Ciotti; Benjamin,12,0,35,23
1655977772862,MATH 103A,A01,083777,Greenfeld; Be'Eri,2,1,36,34
1655977772862,MATH 103A,A02,083778,Greenfeld; Be'Eri,2,0,36,34
1655977772862,MATH 103A,A03,093561,Staff,0,1,36,36
1655977772862,MATH 103A,B01,083779,Greenfeld; Be'Eri,7,1,36,29
1655977772862,MATH 103A,B02,083780,Greenfeld; Be'Eri,0,0,36,36
1655977772862,MATH 103A,B03,093562,Staff,0,0,36,36
1655977778890,MATH 105,A01,085443,Carter; Anne Toulson,4,1,35,31
1655977778890,MATH 105,A02,093477,Staff,8,0,35,27
1655977784914,MATH 109,A01,083213,Ganzberger; Geoffrey Michael,0,1,34,34
1655977784914,MATH 109,A02,083214,Ganzberger; Geoffrey Michael,0,0,34,34
1655977784914,MATH 109,A03,093478,Staff,1,0,34,33
1655977784914,MATH 109,B01,083215,Ganzberger; Geoffrey Michael,2,0,32,30
1655977784914,MATH 109,B02,083216,Ganzberger; Geoffrey Michael,0,0,32,32
1655977784914,MATH 109,B03,093479,Staff,4,0,32,28
1655977790944,MATH 142A,A01,083219,Chow; Bennett,0,0,32,32
1655977790944,MATH 142A,A02,083220,Chow; Bennett,7,0,32,25
1655977790944,MATH 142A,A03,093480,Staff,4,0,32,28
1655977790944,MATH 142A,B03,093481,Staff,3,0,32,29
1655977790944,MATH 142A,B04,093558,Staff,6,0,32,26
1655977790944,MATH 142A,B05,093559,Staff,0,0,32,32
1655977796967,MATH 193A,A01,083224,Rotar; Vladimir,1,1,34,33
1655977796967,MATH 193A,A02,083225,Rotar; Vladimir,0,0,34,34
1655977796967,MATH 193A,A03,083781,Rotar; Vladimir,2,0,34,32
1655977796967,MATH 193A,A04,083782,Rotar; Vladimir,3,0,34,31
1655977796967,MATH 193A,A05,093482,Rotar; Vladimir,0,0,34,34
1655977802990,MATH 197,001,091859,McAuley; Julian John,9999,0,9999,0
1655977802990,MATH 197,002,095566,Kedlaya; Kiran S.,9997,0,9999,2
1655977802990,MATH 197,003,095567,Xiao; Ming,9999,0,9999,0
1655977802990,MATH 197,004,095571,Perols; Johan Lars,9998,0,9999,1
1655977810051,COGS 9,A01,083615,Shannon; Kyle Michael,3,1,75,72
1655977816074,COGS 11,A01,083617,Boyle; Mary E. T.,11,1,48,37
1655977822097,COGS 13,A01,083071,Bastos; Amalia Pinkusfeld,3,2,71,68
1655977828121,COGS 14A,A01,092681,Semenuks; Arturs,4,25,100,96
1655977834147,COGS 14B,A01,083073,Cheng; Tzu-Han,7,0,63,56
1655977840174,COGS 17,A01,092677,Semenuks; Arturs,8,7,81,73
1655977846201,COGS 100,A01,083619,Allen; Michael Gordon,2,2,70,68
1655977852233,COGS 101A,A01,083621,Davis; Joshua Daniel,4,3,68,64
1655977858257,COGS 101B,A01,091572,Allen; Michael Gordon,0,0,65,65
1655977864281,COGS 101C,A01,083625,Delgado; Tania,7,0,35,28
1655977870308,COGS 107A,A01,083627,Boyle; Mary E. T.,1,2,60,59
1655977876331,COGS 118A,A01,083075,Gupta; Anjum,21,16,76,55
1655977882358,CSE 3,A50,083646,Miranda; Gregory Joseph,14,0,50,36
1655977888380,CSE 8A,A50,083650,Miranda; Gregory Joseph,3,11,56,53
1655977894405,CSE 11,A01,083080,Cao; Yingjun,0,65,40,40
1655977900428,CSE 12,A01,083652,Krause-Levy; Sophia Louisa,6,8,120,114
1655977906451,CSE 15L,A01,083654,Morris; Justin Loren,3,1,50,47
1655977906451,CSE 15L,A02,083655,Morris; Justin Loren,1,1,50,49
1655977912476,CSE 20,A01,083657,Tran; Khoa Dang,29,0,80,51
1655977918502,CSE 21,A01,095574,Bach; Quang Tran,23,0,48,25
1655977924526,CSE 30,A01,083084,Eldon; John,2,10,80,78
1655977924526,CSE 30,B01,095061,Bhaskar; Nishant,0,4,50,50
1655977930549,CSE 100,A01,083659,Cao; Yingjun,2,25,70,68
1655977936572,CSE 134B,A01,083661,Powell; Thomas Allan,5,7,100,95
1655977942598,CSE 140,A01,083663,Gungor; Onat,5,0,85,80
1655977948622,CSE 140L,A01,083088,Eldon; John,5,0,100,95
1655977954649,CSE 175,A01,083665,Kumar; Rakesh,1,0,25,24
1655977960672,CSE 190,A00,092507,Dubnov; Shlomo,1,0,20,19
1655977966695,ECE 45,A01,083139,Congero; Spencer William,0,1,75,75
1655977972723,ECE 65,A50,083695,Saad; Andrew S,6,0,30,24
1655977972723,ECE 65,A51,095125,Staff,23,0,26,3
1655977978745,ECE 109,A01,091882,Touri; Behrouz,2,4,70,68
1655977984772,ECE 180,A00,083140,Abi Samra; Nicholas Camill,1,0,30,29
1655977984772,ECE 180,B00,083141,Abi Samra; Nicholas Camill,0,8,28,28
1655977990796,MATH 10A,A01,083735,Patchell; Gregory David,0,0,30,30
1655977990796,MATH 10A,A02,083736,Patchell; Gregory David,21,0,30,9
1655977990796,MATH 10A,A03,083737,Patchell; Gregory David,16,0,30,14
1655977996826,MATH 10B,A01,083207,Lim; Seonhee,1,1,34,33
1655977996826,MATH 10B,A02,083208,Lim; Seonhee,1,1,35,34
1655977996826,MATH 10B,A03,093472,Staff,1,0,34,33
1655977996826,MATH 10B,B01,083739,Sinha; Shubham,9,0,30,21
1655978002857,MATH 18,A01,083743,Cinel; Cameron Alexander,5,0,30,25
1655978002857,MATH 18,A02,083744,Cinel; Cameron Alexander,11,0,30,19
1655978002857,MATH 18,A03,083745,Cinel; Cameron Alexander,1,0,30,29
1655978002857,MATH 18,B01,083748,Ma; Zilu,2,0,36,34
1655978002857,MATH 18,B02,083749,Ma; Zilu,0,0,36,36
1655978002857,MATH 18,B03,083750,Ma; Zilu,0,0,36,36
1655978002857,MATH 18,B04,083751,Ma; Zilu,0,0,36,36
1655978002857,MATH 18,B05,093473,Staff,0,0,36,36
1655978002857,MATH 18,B06,093474,Staff,1,0,36,35
1655978008880,MATH 20A,A01,083754,Zheng; Zequn,10,0,40,30
1655978014904,MATH 20B,A01,083756,Briones; Jor-el Thomas Caparas,0,1,36,36
1655978014904,MATH 20B,A02,083757,Briones; Jor-el Thomas Caparas,1,0,36,35
1655978014904,MATH 20B,A03,093475,Staff,0,0,36,36
1655978020929,MATH 20C,A01,083760,Briones; Jor-el Thomas Caparas,0,2,35,35
1655978020929,MATH 20C,A02,083761,Briones; Jor-el Thomas Caparas,6,1,35,29
1655978020929,MATH 20C,A03,093476,Staff,1,0,35,34
1655978020929,MATH 20C,B01,083762,Bach; Quang Tran,3,0,30,27
1655978026952,MATH 20D,A01,083765,Tran; Brian Kha,1,0,30,29
1655978026952,MATH 20D,A02,083766,Tran; Brian Kha,0,1,30,30
1655978026952,MATH 20D,A03,083767,Tran; Brian Kha,1,0,30,29
1655978032977,MATH 20E,A01,083771,Ganguly; Soumya,0,1,32,32
1655978032977,MATH 20E,A02,083772,Ganguly; Soumya,1,1,32,31
1655978032977,MATH 20E,B01,083773,Ciotti; Benjamin,14,0,35,21
1655978032977,MATH 20E,B02,083774,Ciotti; Benjamin,12,0,35,23
1655978039001,MATH 103A,A01,083777,Greenfeld; Be'Eri,2,1,36,34
1655978039001,MATH 103A,A02,083778,Greenfeld; Be'Eri,2,0,36,34
1655978039001,MATH 103A,A03,093561,Staff,0,1,36,36
1655978039001,MATH 103A,B01,083779,Greenfeld; Be'Eri,7,1,36,29
1655978039001,MATH 103A,B02,083780,Greenfeld; Be'Eri,0,0,36,36
1655978039001,MATH 103A,B03,093562,Staff,0,0,36,36
1655978045026,MATH 105,A01,085443,Carter; Anne Toulson,4,1,35,31
1655978045026,MATH 105,A02,093477,Staff,8,0,35,27
1655978051050,MATH 109,A01,083213,Ganzberger; Geoffrey Michael,0,1,34,34
1655978051050,MATH 109,A02,083214,Ganzberger; Geoffrey Michael,0,0,34,34
1655978051050,MATH 109,A03,093478,Staff,1,0,34,33
1655978051050,MATH 109,B01,083215,Ganzberger; Geoffrey Michael,2,0,32,30
1655978051050,MATH 109,B02,083216,Ganzberger; Geoffrey Michael,0,0,32,32
1655978051050,MATH 109,B03,093479,Staff,4,0,32,28
1655978057078,MATH 142A,A01,083219,Chow; Bennett,0,0,32,32
1655978057078,MATH 142A,A02,083220,Chow; Bennett,7,0,32,25
1655978057078,MATH 142A,A03,093480,Staff,4,0,32,28
1655978057078,MATH 142A,B03,093481,Staff,3,0,32,29
1655978057078,MATH 142A,B04,093558,Staff,6,0,32,26
1655978057078,MATH 142A,B05,093559,Staff,0,0,32,32
1655978063108,MATH 193A,A01,083224,Rotar; Vladimir,1,1,34,33
1655978063108,MATH 193A,A02,083225,Rotar; Vladimir,0,0,34,34
1655978063108,MATH 193A,A03,083781,Rotar; Vladimir,2,0,34,32
1655978063108,MATH 193A,A04,083782,Rotar; Vladimir,3,0,34,31
1655978063108,MATH 193A,A05,093482,Rotar; Vladimir,0,0,34,34
1655978069133,MATH 197,001,091859,McAuley; Julian John,9999,0,9999,0
1655978069133,MATH 197,002,095566,Kedlaya; Kiran S.,9997,0,9999,2
1655978069133,MATH 197,003,095567,Xiao; Ming,9999,0,9999,0
1655978069133,MATH 197,004,095571,Perols; Johan Lars,9998,0,9999,1
1655978076198,COGS 9,A01,083615,Shannon; Kyle Michael,3,1,75,72
1655978082222,COGS 11,A01,083617,Boyle; Mary E. T.,11,1,48,37
1655978088251,COGS 13,A01,083071,Bastos; Amalia Pinkusfeld,3,2,71,68
1655978094275,COGS 14A,A01,092681,Semenuks; Arturs,4,25,100,96
1655978100299,COGS 14B,A01,083073,Cheng; Tzu-Han,7,0,63,56
1655978106323,COGS 17,A01,092677,Semenuks; Arturs,8,7,81,73
1655978112352,COGS 100,A01,083619,Allen; Michael Gordon,2,2,70,68
1655978118380,COGS 101A,A01,083621,Davis; Joshua Daniel,4,3,68,64
1655978124403,COGS 101B,A01,091572,Allen; Michael Gordon,0,0,65,65
1655978130432,COGS 101C,A01,083625,Delgado; Tania,7,0,35,28
1655978136455,COGS 107A,A01,083627,Boyle; Mary E. T.,1,2,60,59
1655978142477,COGS 118A,A01,083075,Gupta; Anjum,21,16,76,55
1655978148504,CSE 3,A50,083646,Miranda; Gregory Joseph,14,0,50,36
1655978154532,CSE 8A,A50,083650,Miranda; Gregory Joseph,3,11,56,53
1655978160556,CSE 11,A01,083080,Cao; Yingjun,0,65,40,40
1655978166578,CSE 12,A01,083652,Krause-Levy; Sophia Louisa,6,8,120,114
1655978172607,CSE 15L,A01,083654,Morris; Justin Loren,3,1,50,47
1655978172607,CSE 15L,A02,083655,Morris; Justin Loren,1,1,50,49
1655978178635,CSE 20,A01,083657,Tran; Khoa Dang,29,0,80,51
1655978184658,CSE 21,A01,095574,Bach; Quang Tran,23,0,48,25
1655978190686,CSE 30,A01,083084,Eldon; John,2,10,80,78
1655978190686,CSE 30,B01,095061,Bhaskar; Nishant,0,4,50,50
1655978196711,CSE 100,A01,083659,Cao; Yingjun,2,25,70,68
1655978202738,CSE 134B,A01,083661,Powell; Thomas Allan,5,7,100,95
1655978208761,CSE 140,A01,083663,Gungor; Onat,5,0,85,80
1655978214785,CSE 140L,A01,083088,Eldon; John,5,0,100,95
1655978220812,CSE 175,A01,083665,Kumar; Rakesh,1,0,25,24
1655978226842,CSE 190,A00,092507,Dubnov; Shlomo,1,0,20,19
1655978232866,ECE 45,A01,083139,Congero; Spencer William,0,1,75,75
1655978238894,ECE 65,A50,083695,Saad; Andrew S,6,0,30,24
1655978238894,ECE 65,A51,095125,Staff,23,0,26,3
1655978244917,ECE 109,A01,091882,Touri; Behrouz,2,4,70,68
1655978250944,ECE 180,A00,083140,Abi Samra; Nicholas Camill,1,0,30,29
1655978250944,ECE 180,B00,083141,Abi Samra; Nicholas Camill,0,8,28,28
1655978256971,MATH 10A,A01,083735,Patchell; Gregory David,0,0,30,30
1655978256971,MATH 10A,A02,083736,Patchell; Gregory David,21,0,30,9
1655978256971,MATH 10A,A03,083737,Patchell; Gregory David,16,0,30,14
1655978262995,MATH 10B,A01,083207,Lim; Seonhee,1,1,34,33
1655978262995,MATH 10B,A02,083208,Lim; Seonhee,1,1,35,34
1655978262995,MATH 10B,A03,093472,Staff,1,0,34,33
1655978262995,MATH 10B,B01,083739,Sinha; Shubham,9,0,30,21
1655978269023,MATH 18,A01,083743,Cinel; Cameron Alexander,5,0,30,25
1655978269023,MATH 18,A02,083744,Cinel; Cameron Alexander,11,0,30,19
1655978269023,MATH 18,A03,083745,Cinel; Cameron Alexander,1,0,30,29
1655978269023,MATH 18,B01,083748,Ma; Zilu,2,0,36,34
1655978269023,MATH 18,B02,083749,Ma; Zilu,0,0,36,36
1655978269023,MATH 18,B03,083750,Ma; Zilu,0,0,36,36
1655978269023,MATH 18,B04,083751,Ma; Zilu,0,0,36,36
1655978269023,MATH 18,B05,093473,Staff,0,0,36,36
1655978269023,MATH 18,B06,093474,Staff,1,0,36,35
1655978275050,MATH 20A,A01,083754,Zheng; Zequn,10,0,40,30
1655978281075,MATH 20B,A01,083756,Briones; Jor-el Thomas Caparas,0,1,36,36
1655978281075,MATH 20B,A02,083757,Briones; Jor-el Thomas Caparas,1,0,36,35
1655978281075,MATH 20B,A03,093475,Staff,0,0,36,36
1655978287099,MATH 20C,A01,083760,Briones; Jor-el Thomas Caparas,0,2,35,35
1655978287099,MATH 20C,A02,083761,Briones; Jor-el Thomas Caparas,6,1,35,29
1655978287099,MATH 20C,A03,093476,Staff,1,0,35,34
1655978287099,MATH 20C,B01,083762,Bach; Quang Tran,3,0,30,27
1655978293128,MATH 20D,A01,083765,Tran; Brian Kha,1,0,30,29
1655978293128,MATH 20D,A02,083766,Tran; Brian Kha,0,1,30,30
1655978293128,MATH 20D,A03,083767,Tran; Brian Kha,1,0,30,29
1655978299157,MATH 20E,A01,083771,Ganguly; Soumya,0,1,32,32
1655978299157,MATH 20E,A02,083772,Ganguly; Soumya,1,1,32,31
1655978299157,MATH 20E,B01,083773,Ciotti; Benjamin,14,0,35,21
1655978299157,MATH 20E,B02,083774,Ciotti; Benjamin,12,0,35,23
1655978305182,MATH 103A,A01,083777,Greenfeld; Be'Eri,2,1,36,34
1655978305182,MATH 103A,A02,083778,Greenfeld; Be'Eri,2,0,36,34
1655978305182,MATH 103A,A03,093561,Staff,0,1,36,36
1655978305182,MATH 103A,B01,083779,Greenfeld; Be'Eri,7,1,36,29
1655978305182,MATH 103A,B02,083780,Greenfeld; Be'Eri,0,0,36,36
1655978305182,MATH 103A,B03,093562,Staff,0,0,36,36
1655978311209,MATH 105,A01,085443,Carter; Anne Toulson,4,1,35,31
1655978311209,MATH 105,A02,093477,Staff,8,0,35,27
1655978317234,MATH 109,A01,083213,Ganzberger; Geoffrey Michael,0,1,34,34
1655978317234,MATH 109,A02,083214,Ganzberger; Geoffrey Michael,0,0,34,34
1655978317234,MATH 109,A03,093478,Staff,1,0,34,33
1655978317234,MATH 109,B01,083215,Ganzberger; Geoffrey Michael,2,0,32,30
1655978317234,MATH 109,B02,083216,Ganzberger; Geoffrey Michael,0,0,32,32
1655978317234,MATH 109,B03,093479,Staff,4,0,32,28
1655978323336,MATH 142A,A01,083219,Chow; Bennett,0,0,32,32
1655978323336,MATH 142A,A02,083220,Chow; Bennett,7,0,32,25
1655978323336,MATH 142A,A03,093480,Staff,4,0,32,28
1655978323336,MATH 142A,B03,093481,Staff,3,0,32,29
1655978323336,MATH 142A,B04,093558,Staff,6,0,32,26
1655978323336,MATH 142A,B05,093559,Staff,0,0,32,32
1655978329358,MATH 193A,A01,083224,Rotar; Vladimir,1,1,34,33
1655978329358,MATH 193A,A02,083225,Rotar; Vladimir,0,0,34,34
1655978329358,MATH 193A,A03,083781,Rotar; Vladimir,2,0,34,32
1655978329358,MATH 193A,A04,083782,Rotar; Vladimir,3,0,34,31
1655978329358,MATH 193A,A05,093482,Rotar; Vladimir,0,0,34,34
1655978335386,MATH 197,001,091859,McAuley; Julian John,9999,0,9999,0
1655978335386,MATH 197,002,095566,Kedlaya; Kiran S.,9997,0,9999,2
1655978335386,MATH 197,003,095567,Xiao; Ming,9999,0,9999,0
1655978335386,MATH 197,004,095571,Perols; Johan Lars,9998,0,9999,1
1655978342447,COGS 9,A01,083615,Shannon; Kyle Michael,3,1,75,72
1655978348471,COGS 11,A01,083617,Boyle; Mary E. T.,11,1,48,37
1655978354495,COGS 13,A01,083071,Bastos; Amalia Pinkusfeld,3,2,71,68
1655978360519,COGS 14A,A01,092681,Semenuks; Arturs,4,25,100,96
1655978366546,COGS 14B,A01,083073,Cheng; Tzu-Han,7,0,63,56
1655978372573,COGS 17,A01,092677,Semenuks; Arturs,8,7,81,73
1655978378600,COGS 100,A01,083619,Allen; Michael Gordon,2,2,70,68
1655978384627,COGS 101A,A01,083621,Davis; Joshua Daniel,4,3,68,64
1655978390650,COGS 101B,A01,091572,Allen; Michael Gordon,0,0,65,65
1655978396677,COGS 101C,A01,083625,Delgado; Tania,7,0,35,28
1655978402700,COGS 107A,A01,083627,Boyle; Mary E. T.,1,2,60,59
1655978408726,COGS 118A,A01,083075,Gupta; Anjum,21,16,76,55
1655978414749,CSE 3,A50,083646,Miranda; Gregory Joseph,14,0,50,36
1655978420772,CSE 8A,A50,083650,Miranda; Gregory Joseph,3,11,56,53
1655978426798,CSE 11,A01,083080,Cao; Yingjun,0,65,40,40
1655978432831,CSE 12,A01,083652,Krause-Levy; Sophia Louisa,6,8,120,114
1655978438854,CSE 15L,A01,083654,Morris; Justin Loren,3,1,50,47
1655978438854,CSE 15L,A02,083655,Morris; Justin Loren,1,1,50,49
1655978444877,CSE 20,A01,083657,Tran; Khoa Dang,29,0,80,51
1655978450904,CSE 21,A01,095574,Bach; Quang Tran,23,0,48,25
1655978456931,CSE 30,A01,083084,Eldon; John,2,10,80,78
1655978456931,CSE 30,B01,095061,Bhaskar; Nishant,0,4,50,50
1655978462956,CSE 100,A01,083659,Cao; Yingjun,2,25,70,68
1655978468979,CSE 134B,A01,083661,Powell; Thomas Allan,5,7,100,95
1655978475008,CSE 140,A01,083663,Gungor; Onat,5,0,85,80
1655978481031,CSE 140L,A01,083088,Eldon; John,5,0,100,95
1655978487062,CSE 175,A01,083665,Kumar; Rakesh,1,0,25,24
1655978493089,CSE 190,A00,092507,Dubnov; Shlomo,1,0,20,19
1655978499118,ECE 45,A01,083139,Congero; Spencer William,0,1,75,75
1655978505141,ECE 65,A50,083695,Saad; Andrew S,6,0,30,24
1655978505141,ECE 65,A51,095125,Staff,23,0,26,3
1655978511164,ECE 109,A01,091882,Touri; Behrouz,2,4,70,68
1655978517190,ECE 180,A00,083140,Abi Samra; Nicholas Camill,1,0,30,29
1655978517190,ECE 180,B00,083141,Abi Samra; Nicholas Camill,0,8,28,28
1655978523217,MATH 10A,A01,083735,Patchell; Gregory David,0,0,30,30
1655978523217,MATH 10A,A02,083736,Patchell; Gregory David,21,0,30,9
1655978523217,MATH 10A,A03,083737,Patchell; Gregory David,16,0,30,14
1655978529246,MATH 10B,A01,083207,Lim; Seonhee,1,1,34,33
1655978529246,MATH 10B,A02,083208,Lim; Seonhee,1,1,35,34
1655978529246,MATH 10B,A03,093472,Staff,1,0,34,33
1655978529246,MATH 10B,B01,083739,Sinha; Shubham,9,0,30,21
1655978535278,MATH 18,A01,083743,Cinel; Cameron Alexander,5,0,30,25
1655978535278,MATH 18,A02,083744,Cinel; Cameron Alexander,11,0,30,19
1655978535278,MATH 18,A03,083745,Cinel; Cameron Alexander,1,0,30,29
1655978535278,MATH 18,B01,083748,Ma; Zilu,2,0,36,34
1655978535278,MATH 18,B02,083749,Ma; Zilu,0,0,36,36
1655978535278,MATH 18,B03,083750,Ma; Zilu,0,0,36,36
1655978535278,MATH 18,B04,083751,Ma; Zilu,0,0,36,36
1655978535278,MATH 18,B05,093473,Staff,0,0,36,36
1655978535278,MATH 18,B06,093474,Staff,1,0,36,35
1655978541305,MATH 20A,A01,083754,Zheng; Zequn,10,0,40,30
1655978547326,MATH 20B,A01,083756,Briones; Jor-el Thomas Caparas,0,1,36,36
1655978547326,MATH 20B,A02,083757,Briones; Jor-el Thomas Caparas,1,0,36,35
1655978547326,MATH 20B,A03,093475,Staff,0,0,36,36
1655978553349,MATH 20C,A01,083760,Briones; Jor-el Thomas Caparas,0,2,35,35
1655978553349,MATH 20C,A02,083761,Briones; Jor-el Thomas Caparas,6,1,35,29
1655978553349,MATH 20C,A03,093476,Staff,1,0,35,34
1655978553349,MATH 20C,B01,083762,Bach; Quang Tran,3,0,30,27
1655978559373,MATH 20D,A01,083765,Tran; Brian Kha,1,0,30,29
1655978559373,MATH 20D,A02,083766,Tran; Brian Kha,0,1,30,30
1655978559373,MATH 20D,A03,083767,Tran; Brian Kha,1,0,30,29
1655978565399,MATH 20E,A01,083771,Ganguly; Soumya,0,1,32,32
1655978565399,MATH 20E,A02,083772,Ganguly; Soumya,1,1,32,31
1655978565399,MATH 20E,B01,083773,Ciotti; Benjamin,14,0,35,21
1655978565399,MATH 20E,B02,083774,Ciotti; Benjamin,12,0,35,23
1655978571432,MATH 103A,A01,083777,Greenfeld; Be'Eri,2,1,36,34
1655978571432,MATH 103A,A02,083778,Greenfeld; Be'Eri,2,0,36,34
1655978571432,MATH 103A,A03,093561,Staff,0,1,36,36
1655978571432,MATH 103A,B01,083779,Greenfeld; Be'Eri,7,1,36,29
1655978571432,MATH 103A,B02,083780,Greenfeld; Be'Eri,0,0,36,36
1655978571432,MATH 103A,B03,093562,Staff,0,0,36,36
1655978577455,MATH 105,A01,085443,Carter; Anne Toulson,4,1,35,31
1655978577455,MATH 105,A02,093477,Staff,8,0,35,27
1655978583494,MATH 109,A01,083213,Ganzberger; Geoffrey Michael,0,1,34,34
1655978583494,MATH 109,A02,083214,Ganzberger; Geoffrey Michael,0,0,34,34
1655978583494,MATH 109,A03,093478,Staff,1,0,34,33
1655978583494,MATH 109,B01,083215,Ganzberger; Geoffrey Michael,2,0,32,30
1655978583494,MATH 109,B02,083216,Ganzberger; Geoffrey Michael,0,0,32,32
1655978583494,MATH 109,B03,093479,Staff,4,0,32,28
1655978589521,MATH 142A,A01,083219,Chow; Bennett,0,0,32,32
1655978589521,MATH 142A,A02,083220,Chow; Bennett,7,0,32,25
1655978589521,MATH 142A,A03,093480,Staff,4,0,32,28
1655978589521,MATH 142A,B03,093481,Staff,3,0,32,29
1655978589521,MATH 142A,B04,093558,Staff,6,0,32,26
1655978589521,MATH 142A,B05,093559,Staff,0,0,32,32
1655978595545,MATH 193A,A01,083224,Rotar; Vladimir,1,1,34,33
1655978595545,MATH 193A,A02,083225,Rotar; Vladimir,0,0,34,34
1655978595545,MATH 193A,A03,083781,Rotar; Vladimir,2,0,34,32
1655978595545,MATH 193A,A04,083782,Rotar; Vladimir,3,0,34,31
1655978595545,MATH 193A,A05,093482,Rotar; Vladimir,0,0,34,34
1655978601571,MATH 197,001,091859,McAuley; Julian John,9999,0,9999,0
1655978601571,MATH 197,002,095566,Kedlaya; Kiran S.,9997,0,9999,2
1655978601571,MATH 197,003,095567,Xiao; Ming,9999,0,9999,0
1655978601571,MATH 197,004,095571,Perols; Johan Lars,9998,0,9999,1
1655978608626,COGS 9,A01,083615,Shannon; Kyle Michael,3,1,75,72
1655978614650,COGS 11,A01,083617,Boyle; Mary E. T.,11,1,48,37
1655978620673,COGS 13,A01,083071,Bastos; Amalia Pinkusfeld,3,2,71,68
1655978626699,COGS 14A,A01,092681,Semenuks; Arturs,4,25,100,96
1655978632727,COGS 14B,A01,083073,Cheng; Tzu-Han,7,0,63,56
1655978638752,COGS 17,A01,092677,Semenuks; Arturs,8,7,81,73
1655978644780,COGS 100,A01,083619,Allen; Michael Gordon,2,2,70,68
1655978650805,COGS 101A,A01,083621,Davis; Joshua Daniel,4,3,68,64
1655978656832,COGS 101B,A01,091572,Allen; Michael Gordon,0,0,65,65
1655978662855,COGS 101C,A01,083625,Delgado; Tania,7,0,35,28
1655978668878,COGS 107A,A01,083627,Boyle; Mary E. T.,1,2,60,59
1655978674901,COGS 118A,A01,083075,Gupta; Anjum,21,16,76,55
1655978680924,CSE 3,A50,083646,Miranda; Gregory Joseph,14,0,50,36
1655978686947,CSE 8A,A50,083650,Miranda; Gregory Joseph,3,11,56,53
1655978692977,CSE 11,A01,083080,Cao; Yingjun,0,65,40,40
1655978699070,CSE 12,A01,083652,Krause-Levy; Sophia Louisa,6,8,120,114
1655978705096,CSE 15L,A01,083654,Morris; Justin Loren,3,1,50,47
1655978705096,CSE 15L,A02,083655,Morris; Justin Loren,1,1,50,49
1655978711120,CSE 20,A01,083657,Tran; Khoa Dang,29,0,80,51
1655978717143,CSE 21,A01,095574,Bach; Quang Tran,23,0,48,25
1655978723168,CSE 30,A01,083084,Eldon; John,2,10,80,78
1655978723168,CSE 30,B01,095061,Bhaskar; Nishant,0,4,50,50
1655978729191,CSE 100,A01,083659,Cao; Yingjun,2,25,70,68
1655978735219,CSE 134B,A01,083661,Powell; Thomas Allan,5,7,100,95
1655978741242,CSE 140,A01,083663,Gungor; Onat,5,0,85,80
1655978747265,CSE 140L,A01,083088,Eldon; John,5,0,100,95
1655978753287,CSE 175,A01,083665,Kumar; Rakesh,1,0,25,24
1655978759313,CSE 190,A00,092507,Dubnov; Shlomo,1,0,20,19
1655978765342,ECE 45,A01,083139,Congero; Spencer William,0,1,75,75
1655978771375,ECE 65,A50,083695,Saad; Andrew S,6,0,30,24
1655978771375,ECE 65,A51,095125,Staff,23,0,26,3
1655978777401,ECE 109,A01,091882,Touri; Behrouz,2,4,70,68
1655978783428,ECE 180,A00,083140,Abi Samra; Nicholas Camill,1,0,30,29
1655978783428,ECE 180,B00,083141,Abi Samra; Nicholas Camill,0,8,28,28
1655978789453,MATH 10A,A01,083735,Patchell; Gregory David,0,0,30,30
1655978789453,MATH 10A,A02,083736,Patchell; Gregory David,21,0,30,9
1655978789453,MATH 10A,A03,083737,Patchell; Gregory David,16,0,30,14
1655978795477,MATH 10B,A01,083207,Lim; Seonhee,1,1,34,33
1655978795477,MATH 10B,A02,083208,Lim; Seonhee,1,1,35,34
1655978795477,MATH 10B,A03,093472,Staff,1,0,34,33
1655978795477,MATH 10B,B01,083739,Sinha; Shubham,9,0,30,21
1655978801503,MATH 18,A01,083743,Cinel; Cameron Alexander,5,0,30,25
1655978801503,MATH 18,A02,083744,Cinel; Cameron Alexander,11,0,30,19
1655978801503,MATH 18,A03,083745,Cinel; Cameron Alexander,1,0,30,29
1655978801503,MATH 18,B01,083748,Ma; Zilu,2,0,36,34
1655978801503,MATH 18,B02,083749,Ma; Zilu,0,0,36,36
1655978801503,MATH 18,B03,083750,Ma; Zilu,0,0,36,36
1655978801503,MATH 18,B04,083751,Ma; Zilu,0,0,36,36
1655978801503,MATH 18,B05,093473,Staff,0,0,36,36
1655978801503,MATH 18,B06,093474,Staff,1,0,36,35
1655978807526,MATH 20A,A01,083754,Zheng; Zequn,10,0,40,30
1655978813550,MATH 20B,A01,083756,Briones; Jor-el Thomas Caparas,0,1,36,36
1655978813550,MATH 20B,A02,083757,Briones; Jor-el Thomas Caparas,1,0,36,35
1655978813550,MATH 20B,A03,093475,Staff,0,0,36,36
1655978819580,MATH 20C,A01,083760,Briones; Jor-el Thomas Caparas,0,2,35,35
1655978819580,MATH 20C,A02,083761,Briones; Jor-el Thomas Caparas,6,1,35,29
1655978819580,MATH 20C,A03,093476,Staff,1,0,35,34
1655978819580,MATH 20C,B01,083762,Bach; Quang Tran,3,0,30,27
1655978825605,MATH 20D,A01,083765,Tran; Brian Kha,1,0,30,29
1655978825605,MATH 20D,A02,083766,Tran; Brian Kha,0,1,30,30
1655978825605,MATH 20D,A03,083767,Tran; Brian Kha,1,0,30,29
1655978831631,MATH 20E,A01,083771,Ganguly; Soumya,0,1,32,32
1655978831631,MATH 20E,A02,083772,Ganguly; Soumya,1,1,32,31
1655978831631,MATH 20E,B01,083773,Ciotti; Benjamin,14,0,35,21
1655978831631,MATH 20E,B02,083774,Ciotti; Benjamin,12,0,35,23
1655978837663,MATH 103A,A01,083777,Greenfeld; Be'Eri,2,1,36,34
1655978837663,MATH 103A,A02,083778,Greenfeld; Be'Eri,2,0,36,34
1655978837663,MATH 103A,A03,093561,Staff,0,1,36,36
1655978837663,MATH 103A,B01,083779,Greenfeld; Be'Eri,7,1,36,29
1655978837663,MATH 103A,B02,083780,Greenfeld; Be'Eri,0,0,36,36
1655978837663,MATH 103A,B03,093562,Staff,0,0,36,36
1655978843690,MATH 105,A01,085443,Carter; Anne Toulson,4,1,35,31
1655978843690,MATH 105,A02,093477,Staff,8,0,35,27
1655978849712,MATH 109,A01,083213,Ganzberger; Geoffrey Michael,0,1,34,34
1655978849712,MATH 109,A02,083214,Ganzberger; Geoffrey Michael,0,0,34,34
1655978849712,MATH 109,A03,093478,Staff,1,0,34,33
1655978849712,MATH 109,B01,083215,Ganzberger; Geoffrey Michael,2,0,32,30
1655978849712,MATH 109,B02,083216,Ganzberger; Geoffrey Michael,0,0,32,32
1655978849712,MATH 109,B03,093479,Staff,4,0,32,28
1655978855738,MATH 142A,A01,083219,Chow; Bennett,0,0,32,32
1655978855738,MATH 142A,A02,083220,Chow; Bennett,7,0,32,25
1655978855738,MATH 142A,A03,093480,Staff,4,0,32,28
1655978855738,MATH 142A,B03,093481,Staff,3,0,32,29
1655978855738,MATH 142A,B04,093558,Staff,6,0,32,26
1655978855738,MATH 142A,B05,093559,Staff,0,0,32,32
1655978861762,MATH 193A,A01,083224,Rotar; Vladimir,1,1,34,33
1655978861762,MATH 193A,A02,083225,Rotar; Vladimir,0,0,34,34
1655978861762,MATH 193A,A03,083781,Rotar; Vladimir,2,0,34,32
1655978861762,MATH 193A,A04,083782,Rotar; Vladimir,3,0,34,31
1655978861762,MATH 193A,A05,093482,Rotar; Vladimir,0,0,34,34
1655978867789,MATH 197,001,091859,McAuley; Julian John,9999,0,9999,0
1655978867789,MATH 197,002,095566,Kedlaya; Kiran S.,9997,0,9999,2
1655978867789,MATH 197,003,095567,Xiao; Ming,9999,0,9999,0
1655978867789,MATH 197,004,095571,Perols; Johan Lars,9998,0,9999,1
1655978874860,COGS 9,A01,083615,Shannon; Kyle Michael,3,1,75,72
1655978880888,COGS 11,A01,083617,Boyle; Mary E. T.,11,1,48,37
1655978886916,COGS 13,A01,083071,Bastos; Amalia Pinkusfeld,3,2,71,68
1655978892939,COGS 14A,A01,092681,Semenuks; Arturs,4,25,100,96
1655978898965,COGS 14B,A01,083073,Cheng; Tzu-Han,7,0,63,56
1655978904989,COGS 17,A01,092677,Semenuks; Arturs,8,7,81,73
1655978911017,COGS 100,A01,083619,Allen; Michael Gordon,2,2,70,68
1655978917115,COGS 101A,A01,083621,Davis; Joshua Daniel,4,3,68,64
1655978923142,COGS 101B,A01,091572,Allen; Michael Gordon,0,0,65,65
1655978929169,COGS 101C,A01,083625,Delgado; Tania,7,0,35,28
1655978935199,COGS 107A,A01,083627,Boyle; Mary E. T.,1,2,60,59
1655978941223,COGS 118A,A01,083075,Gupta; Anjum,21,16,76,55
1655978947252,CSE 3,A50,083646,Miranda; Gregory Joseph,14,0,50,36
1655978953276,CSE 8A,A50,083650,Miranda; Gregory Joseph,3,11,56,53
1655978959298,CSE 11,A01,083080,Cao; Yingjun,0,65,40,40
1655978965325,CSE 12,A01,083652,Krause-Levy; Sophia Louisa,6,8,120,114
1655978971350,CSE 15L,A01,083654,Morris; Justin Loren,3,1,50,47
1655978971350,CSE 15L,A02,083655,Morris; Justin Loren,1,1,50,49
1655978977371,CSE 20,A01,083657,Tran; Khoa Dang,29,0,80,51
1655978983393,CSE 21,A01,095574,Bach; Quang Tran,23,0,48,25
1655978989416,CSE 30,A01,083084,Eldon; John,2,10,80,78
1655978989416,CSE 30,B01,095061,Bhaskar; Nishant,0,4,50,50
1655978995442,CSE 100,A01,083659,Cao; Yingjun,2,25,70,68
1655979001464,CSE 134B,A01,083661,Powell; Thomas Allan,5,7,100,95
1655979007486,CSE 140,A01,083663,Gungor; Onat,5,0,85,80
1655979013509,CSE 140L,A01,083088,Eldon; John,5,0,100,95
1655979019530,CSE 175,A01,083665,Kumar; Rakesh,1,0,25,24
1655979025552,CSE 190,A00,092507,Dubnov; Shlomo,1,0,20,19
1655979031575,ECE 45,A01,083139,Congero; Spencer William,0,1,75,75
1655979037602,ECE 65,A50,083695,Saad; Andrew S,6,0,30,24
1655979037602,ECE 65,A51,095125,Staff,23,0,26,3
1655979043632,ECE 109,A01,091882,Touri; Behrouz,2,4,70,68
1655979049656,ECE 180,A00,083140,Abi Samra; Nicholas Camill,1,0,30,29
1655979049656,ECE 180,B00,083141,Abi Samra; Nicholas Camill,0,8,28,28
1655979055682,MATH 10A,A01,083735,Patchell; Gregory David,0,0,30,30
1655979055682,MATH 10A,A02,083736,Patchell; Gregory David,21,0,30,9
1655979055682,MATH 10A,A03,083737,Patchell; Gregory David,16,0,30,14
1655979061711,MATH 10B,A01,083207,Lim; Seonhee,1,1,34,33
1655979061711,MATH 10B,A02,083208,Lim; Seonhee,1,1,35,34
1655979061711,MATH 10B,A03,093472,Staff,1,0,34,33
1655979061711,MATH 10B,B01,083739,Sinha; Shubham,9,0,30,21
1655979067737,MATH 18,A01,083743,Cinel; Cameron Alexander,5,0,30,25
1655979067737,MATH 18,A02,083744,Cinel; Cameron Alexander,11,0,30,19
1655979067737,MATH 18,A03,083745,Cinel; Cameron Alexander,1,0,30,29
1655979067737,MATH 18,B01,083748,Ma; Zilu,2,0,36,34
1655979067737,MATH 18,B02,083749,Ma; Zilu,0,0,36,36
1655979067737,MATH 18,B03,083750,Ma; Zilu,0,0,36,36
1655979067737,MATH 18,B04,083751,Ma; Zilu,0,0,36,36
1655979067737,MATH 18,B05,093473,Staff,0,0,36,36
1655979067737,MATH 18,B06,093474,Staff,1,0,36,35
1655979073765,MATH 20A,A01,083754,Zheng; Zequn,10,0,40,30
1655979079789,MATH 20B,A01,083756,Briones; Jor-el Thomas Caparas,0,1,36,36
1655979079789,MATH 20B,A02,083757,Briones; Jor-el Thomas Caparas,1,0,36,35
1655979079789,MATH 20B,A03,093475,Staff,0,0,36,36
1655979085820,MATH 20C,A01,083760,Briones; Jor-el Thomas Caparas,0,2,35,35
1655979085820,MATH 20C,A02,083761,Briones; Jor-el Thomas Caparas,6,1,35,29
1655979085820,MATH 20C,A03,093476,Staff,1,0,35,34
1655979085820,MATH 20C,B01,083762,Bach; Quang Tran,3,0,30,27
1655979091844,MATH 20D,A01,083765,Tran; Brian Kha,1,0,30,29
1655979091844,MATH 20D,A02,083766,Tran; Brian Kha,0,1,30,30
1655979091844,MATH 20D,A03,083767,Tran; Brian Kha,1,0,30,29
1655979097868,MATH 20E,A01,083771,Ganguly; Soumya,0,1,32,32
1655979097868,MATH 20E,A02,083772,Ganguly; Soumya,1,1,32,31
1655979097868,MATH 20E,B01,083773,Ciotti; Benjamin,14,0,35,21
1655979097868,MATH 20E,B02,083774,Ciotti; Benjamin,12,0,35,23
1655979103898,MATH 103A,A01,083777,Greenfeld; Be'Eri,2,1,36,34
1655979103898,MATH 103A,A02,083778,Greenfeld; Be'Eri,2,0,36,34
1655979103898,MATH 103A,A03,093561,Staff,0,1,36,36
1655979103898,MATH 103A,B01,083779,Greenfeld; Be'Eri,7,1,36,29
1655979103898,MATH 103A,B02,083780,Greenfeld; Be'Eri,0,0,36,36
1655979103898,MATH 103A,B03,093562,Staff,0,0,36,36
1655979109926,MATH 105,A01,085443,Carter; Anne Toulson,4,1,35,31
1655979109926,MATH 105,A02,093477,Staff,8,0,35,27
1655979115958,MATH 109,A01,083213,Ganzberger; Geoffrey Michael,0,1,34,34
1655979115958,MATH 109,A02,083214,Ganzberger; Geoffrey Michael,0,0,34,34
1655979115958,MATH 109,A03,093478,Staff,1,0,34,33
1655979115958,MATH 109,B01,083215,Ganzberger; Geoffrey Michael,2,0,32,30
1655979115958,MATH 109,B02,083216,Ganzberger; Geoffrey Michael,0,0,32,32
1655979115958,MATH 109,B03,093479,Staff,4,0,32,28
1655979121982,MATH 142A,A01,083219,Chow; Bennett,0,0,32,32
1655979121982,MATH 142A,A02,083220,Chow; Bennett,7,0,32,25
1655979121982,MATH 142A,A03,093480,Staff,4,0,32,28
1655979121982,MATH 142A,B03,093481,Staff,3,0,32,29
1655979121982,MATH 142A,B04,093558,Staff,6,0,32,26
1655979121982,MATH 142A,B05,093559,Staff,0,0,32,32
1655979128015,MATH 193A,A01,083224,Rotar; Vladimir,1,1,34,33
1655979128015,MATH 193A,A02,083225,Rotar; Vladimir,0,0,34,34
1655979128015,MATH 193A,A03,083781,Rotar; Vladimir,2,0,34,32
1655979128015,MATH 193A,A04,083782,Rotar; Vladimir,3,0,34,31
1655979128015,MATH 193A,A05,093482,Rotar; Vladimir,0,0,34,34
1655979134041,MATH 197,001,091859,McAuley; Julian John,9999,0,9999,0
1655979134041,MATH 197,002,095566,Kedlaya; Kiran S.,9997,0,9999,2
1655979134041,MATH 197,003,095567,Xiao; Ming,9999,0,9999,0
1655979134041,MATH 197,004,095571,Perols; Johan Lars,9998,0,9999,1
1655979141094,COGS 9,A01,083615,Shannon; Kyle Michael,3,1,75,72
1655979147120,COGS 11,A01,083617,Boyle; Mary E. T.,11,1,48,37
1655979153145,COGS 13,A01,083071,Bastos; Amalia Pinkusfeld,3,2,71,68
1655979159171,COGS 14A,A01,092681,Semenuks; Arturs,4,25,100,96
1655979165194,COGS 14B,A01,083073,Cheng; Tzu-Han,7,0,63,56
1655979171220,COGS 17,A01,092677,Semenuks; Arturs,8,7,81,73
1655979177244,COGS 100,A01,083619,Allen; Michael Gordon,2,2,70,68
1655979183270,COGS 101A,A01,083621,Davis; Joshua Daniel,4,3,68,64
1655979189293,COGS 101B,A01,091572,Allen; Michael Gordon,0,0,65,65
1655979195316,COGS 101C,A01,083625,Delgado; Tania,7,0,35,28
1655979201340,COGS 107A,A01,083627,Boyle; Mary E. T.,1,2,60,59
1655979207367,COGS 118A,A01,083075,Gupta; Anjum,21,16,76,55
1655979213394,CSE 3,A50,083646,Miranda; Gregory Joseph,14,0,50,36
1655979219422,CSE 8A,A50,083650,Miranda; Gregory Joseph,3,11,56,53
1655979225450,CSE 11,A01,083080,Cao; Yingjun,0,65,40,40
1655979231473,CSE 12,A01,083652,Krause-Levy; Sophia Louisa,6,8,120,114
1655979237496,CSE 15L,A01,083654,Morris; Justin Loren,3,1,50,47
1655979237496,CSE 15L,A02,083655,Morris; Justin Loren,1,1,50,49
1655979243519,CSE 20,A01,083657,Tran; Khoa Dang,29,0,80,51
1655979249547,CSE 21,A01,095574,Bach; Quang Tran,23,0,48,25
1655979255574,CSE 30,A01,083084,Eldon; John,2,10,80,78
1655979255574,CSE 30,B01,095061,Bhaskar; Nishant,0,4,50,50
1655979261597,CSE 100,A01,083659,Cao; Yingjun,2,25,70,68
1655979267619,CSE 134B,A01,083661,Powell; Thomas Allan,5,7,100,95
1655979273642,CSE 140,A01,083663,Gungor; Onat,5,0,85,80
1655979279665,CSE 140L,A01,083088,Eldon; John,5,0,100,95
1655979285688,CSE 175,A01,083665,Kumar; Rakesh,1,0,25,24
1655979291711,CSE 190,A00,092507,Dubnov; Shlomo,1,0,20,19
1655979297733,ECE 45,A01,083139,Congero; Spencer William,0,1,75,75
1655979303759,ECE 65,A50,083695,Saad; Andrew S,6,0,30,24
1655979303759,ECE 65,A51,095125,Staff,23,0,26,3
1655979309782,ECE 109,A01,091882,Touri; Behrouz,2,4,70,68
1655979315808,ECE 180,A00,083140,Abi Samra; Nicholas Camill,1,0,30,29
1655979315808,ECE 180,B00,083141,Abi Samra; Nicholas Camill,0,8,28,28
1655979321831,MATH 10A,A01,083735,Patchell; Gregory David,0,0,30,30
1655979321831,MATH 10A,A02,083736,Patchell; Gregory David,21,0,30,9
1655979321831,MATH 10A,A03,083737,Patchell; Gregory David,16,0,30,14
1655979327856,MATH 10B,A01,083207,Lim; Seonhee,1,1,34,33
1655979327856,MATH 10B,A02,083208,Lim; Seonhee,1,1,35,34
1655979327856,MATH 10B,A03,093472,Staff,1,0,34,33
1655979327856,MATH 10B,B01,083739,Sinha; Shubham,9,0,30,21
1655979333888,MATH 18,A01,083743,Cinel; Cameron Alexander,5,0,30,25
1655979333888,MATH 18,A02,083744,Cinel; Cameron Alexander,11,0,30,19
1655979333888,MATH 18,A03,083745,Cinel; Cameron Alexander,1,0,30,29
1655979333888,MATH 18,B01,083748,Ma; Zilu,2,0,36,34
1655979333888,MATH 18,B02,083749,Ma; Zilu,0,0,36,36
1655979333888,MATH 18,B03,083750,Ma; Zilu,0,0,36,36
1655979333888,MATH 18,B04,083751,Ma; Zilu,0,0,36,36
1655979333888,MATH 18,B05,093473,Staff,0,0,36,36
1655979333888,MATH 18,B06,093474,Staff,1,0,36,35
1655979339915,MATH 20A,A01,083754,Zheng; Zequn,10,0,40,30
1655979345942,MATH 20B,A01,083756,Briones; Jor-el Thomas Caparas,0,1,36,36
1655979345942,MATH 20B,A02,083757,Briones; Jor-el Thomas Caparas,1,0,36,35
1655979345942,MATH 20B,A03,093475,Staff,0,0,36,36
1655979351963,MATH 20C,A01,083760,Briones; Jor-el Thomas Caparas,0,2,35,35
1655979351963,MATH 20C,A02,083761,Briones; Jor-el Thomas Caparas,6,1,35,29
1655979351963,MATH 20C,A03,093476,Staff,1,0,35,34
1655979351963,MATH 20C,B01,083762,Bach; Quang Tran,3,0,30,27
1655979357992,MATH 20D,A01,083765,Tran; Brian Kha,1,0,30,29
1655979357992,MATH 20D,A02,083766,Tran; Brian Kha,0,1,30,30
1655979357992,MATH 20D,A03,083767,Tran; Brian Kha,1,0,30,29
1655979364016,MATH 20E,A01,083771,Ganguly; Soumya,0,1,32,32
1655979364016,MATH 20E,A02,083772,Ganguly; Soumya,1,1,32,31
1655979364016,MATH 20E,B01,083773,Ciotti; Benjamin,14,0,35,21
1655979364016,MATH 20E,B02,083774,Ciotti; Benjamin,12,0,35,23
1655979370045,MATH 103A,A01,083777,Greenfeld; Be'Eri,2,1,36,34
1655979370045,MATH 103A,A02,083778,Greenfeld; Be'Eri,2,0,36,34
1655979370045,MATH 103A,A03,093561,Staff,0,1,36,36
1655979370045,MATH 103A,B01,083779,Greenfeld; Be'Eri,7,1,36,29
1655979370045,MATH 103A,B02,083780,Greenfeld; Be'Eri,0,0,36,36
1655979370045,MATH 103A,B03,093562,Staff,0,0,36,36
1655979376079,MATH 105,A01,085443,Carter; Anne Toulson,4,1,35,31
1655979376079,MATH 105,A02,093477,Staff,8,0,35,27
1655979382108,MATH 109,A01,083213,Ganzberger; Geoffrey Michael,0,1,34,34
1655979382108,MATH 109,A02,083214,Ganzberger; Geoffrey Michael,0,0,34,34
1655979382108,MATH 109,A03,093478,Staff,1,0,34,33
1655979382108,MATH 109,B01,083215,Ganzberger; Geoffrey Michael,2,0,32,30
1655979382108,MATH 109,B02,083216,Ganzberger; Geoffrey Michael,0,0,32,32
1655979382108,MATH 109,B03,093479,Staff,4,0,32,28
1655979388138,MATH 142A,A01,083219,Chow; Bennett,0,0,32,32
1655979388138,MATH 142A,A02,083220,Chow; Bennett,7,0,32,25
1655979388138,MATH 142A,A03,093480,Staff,4,0,32,28
1655979388138,MATH 142A,B03,093481,Staff,3,0,32,29
1655979388138,MATH 142A,B04,093558,Staff,6,0,32,26
1655979388138,MATH 142A,B05,093559,Staff,0,0,32,32
1655979394164,MATH 193A,A01,083224,Rotar; Vladimir,1,1,34,33
1655979394164,MATH 193A,A02,083225,Rotar; Vladimir,0,0,34,34
1655979394164,MATH 193A,A03,083781,Rotar; Vladimir,2,0,34,32
1655979394164,MATH 193A,A04,083782,Rotar; Vladimir,3,0,34,31
1655979394164,MATH 193A,A05,093482,Rotar; Vladimir,0,0,34,34
1655979400190,MATH 197,001,091859,McAuley; Julian John,9999,0,9999,0
1655979400190,MATH 197,002,095566,Kedlaya; Kiran S.,9997,0,9999,2
1655979400190,MATH 197,003,095567,Xiao; Ming,9999,0,9999,0
1655979400190,MATH 197,004,095571,Perols; Johan Lars,9998,0,9999,1
1655979407256,COGS 9,A01,083615,Shannon; Kyle Michael,3,1,75,72
1655979413280,COGS 11,A01,083617,Boyle; Mary E. T.,11,1,48,37
1655979419317,COGS 13,A01,083071,Bastos; Amalia Pinkusfeld,3,2,71,68
1655979425340,COGS 14A,A01,092681,Semenuks; Arturs,4,25,100,96
1655979431363,COGS 14B,A01,083073,Cheng; Tzu-Han,7,0,63,56
1655979437390,COGS 17,A01,092677,Semenuks; Arturs,8,7,81,73
1655979443413,COGS 100,A01,083619,Allen; Michael Gordon,2,2,70,68
1655979449438,COGS 101A,A01,083621,Davis; Joshua Daniel,4,3,68,64
1655979455462,COGS 101B,A01,091572,Allen; Michael Gordon,0,0,65,65
1655979461492,COGS 101C,A01,083625,Delgado; Tania,7,0,35,28
1655979467516,COGS 107A,A01,083627,Boyle; Mary E. T.,1,2,60,59
1655979473542,COGS 118A,A01,083075,Gupta; Anjum,21,16,76,55
1655979479563,CSE 3,A50,083646,Miranda; Gregory Joseph,14,0,50,36
1655979485592,CSE 8A,A50,083650,Miranda; Gregory Joseph,3,11,56,53
1655979491618,CSE 11,A01,083080,Cao; Yingjun,0,65,40,40
1655979497642,CSE 12,A01,083652,Krause-Levy; Sophia Louisa,6,8,120,114
1655979503665,CSE 15L,A01,083654,Morris; Justin Loren,3,1,50,47
1655979503665,CSE 15L,A02,083655,Morris; Justin Loren,1,1,50,49
1655979509689,CSE 20,A01,083657,Tran; Khoa Dang,29,0,80,51
1655979515784,CSE 21,A01,095574,Bach; Quang Tran,23,0,48,25
1655979521810,CSE 30,A01,083084,Eldon; John,2,10,80,78
1655979521810,CSE 30,B01,095061,Bhaskar; Nishant,0,4,50,50
1655979527834,CSE 100,A01,083659,Cao; Yingjun,2,25,70,68
1655979533856,CSE 134B,A01,083661,Powell; Thomas Allan,6,7,100,94
1655979539879,CSE 140,A01,083663,Gungor; Onat,5,0,85,80
1655979545906,CSE 140L,A01,083088,Eldon; John,5,0,100,95
1655979551928,CSE 175,A01,083665,Kumar; Rakesh,1,0,25,24
1655979557951,CSE 190,A00,092507,Dubnov; Shlomo,1,0,20,19
1655979563979,ECE 45,A01,083139,Congero; Spencer William,0,1,75,75
1655979570008,ECE 65,A50,083695,Saad; Andrew S,6,0,30,24
1655979570008,ECE 65,A51,095125,Staff,23,0,26,3
1655979576030,ECE 109,A01,091882,Touri; Behrouz,2,4,70,68
1655979582054,ECE 180,A00,083140,Abi Samra; Nicholas Camill,1,0,30,29
1655979582054,ECE 180,B00,083141,Abi Samra; Nicholas Camill,0,8,28,28
1655979588082,MATH 10A,A01,083735,Patchell; Gregory David,0,0,30,30
1655979588082,MATH 10A,A02,083736,Patchell; Gregory David,21,0,30,9
1655979588082,MATH 10A,A03,083737,Patchell; Gregory David,16,0,30,14
1655979594104,MATH 10B,A01,083207,Lim; Seonhee,1,1,34,33
1655979594104,MATH 10B,A02,083208,Lim; Seonhee,1,1,35,34
1655979594104,MATH 10B,A03,093472,Staff,1,0,34,33
1655979594104,MATH 10B,B01,083739,Sinha; Shubham,9,0,30,21
1655979600129,MATH 18,A01,083743,Cinel; Cameron Alexander,5,0,30,25
1655979600129,MATH 18,A02,083744,Cinel; Cameron Alexander,11,0,30,19
1655979600129,MATH 18,A03,083745,Cinel; Cameron Alexander,1,0,30,29
1655979600129,MATH 18,B01,083748,Ma; Zilu,2,0,36,34
1655979600129,MATH 18,B02,083749,Ma; Zilu,0,0,36,36
1655979600129,MATH 18,B03,083750,Ma; Zilu,0,0,36,36
1655979600129,MATH 18,B04,083751,Ma; Zilu,0,0,36,36
1655979600129,MATH 18,B05,093473,Staff,0,0,36,36
1655979600129,MATH 18,B06,093474,Staff,1,0,36,35
1655979606152,MATH 20A,A01,083754,Zheng; Zequn,10,0,40,30
1655979612176,MATH 20B,A01,083756,Briones; Jor-el Thomas Caparas,0,1,36,36
1655979612176,MATH 20B,A02,083757,Briones; Jor-el Thomas Caparas,1,0,36,35
1655979612176,MATH 20B,A03,093475,Staff,0,0,36,36
1655979618200,MATH 20C,A01,083760,Briones; Jor-el Thomas Caparas,0,2,35,35
1655979618200,MATH 20C,A02,083761,Briones; Jor-el Thomas Caparas,6,1,35,29
1655979618200,MATH 20C,A03,093476,Staff,1,0,35,34
1655979618200,MATH 20C,B01,083762,Bach; Quang Tran,3,0,30,27
1655979624227,MATH 20D,A01,083765,Tran; Brian Kha,1,0,30,29
1655979624227,MATH 20D,A02,083766,Tran; Brian Kha,0,1,30,30
1655979624227,MATH 20D,A03,083767,Tran; Brian Kha,1,0,30,29
1655979630252,MATH 20E,A01,083771,Ganguly; Soumya,0,1,32,32
1655979630252,MATH 20E,A02,083772,Ganguly; Soumya,1,1,32,31
1655979630252,MATH 20E,B01,083773,Ciotti; Benjamin,14,0,35,21
1655979630252,MATH 20E,B02,083774,Ciotti; Benjamin,12,0,35,23
1655979636281,MATH 103A,A01,083777,Greenfeld; Be'Eri,2,1,36,34
1655979636281,MATH 103A,A02,083778,Greenfeld; Be'Eri,2,0,36,34
1655979636281,MATH 103A,A03,093561,Staff,0,1,36,36
1655979636281,MATH 103A,B01,083779,Greenfeld; Be'Eri,7,1,36,29
1655979636281,MATH 103A,B02,083780,Greenfeld; Be'Eri,0,0,36,36
1655979636281,MATH 103A,B03,093562,Staff,0,0,36,36
1655979642308,MATH 105,A01,085443,Carter; Anne Toulson,4,1,35,31
1655979642308,MATH 105,A02,093477,Staff,8,0,35,27
1655979648336,MATH 109,A01,083213,Ganzberger; Geoffrey Michael,0,1,34,34
1655979648336,MATH 109,A02,083214,Ganzberger; Geoffrey Michael,0,0,34,34
1655979648336,MATH 109,A03,093478,Staff,1,0,34,33
1655979648336,MATH 109,B01,083215,Ganzberger; Geoffrey Michael,2,0,32,30
1655979648336,MATH 109,B02,083216,Ganzberger; Geoffrey Michael,0,0,32,32
1655979648336,MATH 109,B03,093479,Staff,4,0,32,28
1655979654359,MATH 142A,A01,083219,Chow; Bennett,0,0,32,32
1655979654359,MATH 142A,A02,083220,Chow; Bennett,7,0,32,25
1655979654359,MATH 142A,A03,093480,Staff,4,0,32,28
1655979654359,MATH 142A,B03,093481,Staff,3,0,32,29
1655979654359,MATH 142A,B04,093558,Staff,6,0,32,26
1655979654359,MATH 142A,B05,093559,Staff,0,0,32,32
1655979660387,MATH 193A,A01,083224,Rotar; Vladimir,1,1,34,33
1655979660387,MATH 193A,A02,083225,Rotar; Vladimir,0,0,34,34
1655979660387,MATH 193A,A03,083781,Rotar; Vladimir,2,0,34,32
1655979660387,MATH 193A,A04,083782,Rotar; Vladimir,3,0,34,31
1655979660387,MATH 193A,A05,093482,Rotar; Vladimir,0,0,34,34
1655979666411,MATH 197,001,091859,McAuley; Julian John,9999,0,9999,0
1655979666411,MATH 197,002,095566,Kedlaya; Kiran S.,9997,0,9999,2
1655979666411,MATH 197,003,095567,Xiao; Ming,9999,0,9999,0
1655979666411,MATH 197,004,095571,Perols; Johan Lars,9998,0,9999,1
1655979673481,COGS 9,A01,083615,Shannon; Kyle Michael,3,1,75,72
1655979679513,COGS 11,A01,083617,Boyle; Mary E. T.,11,1,48,37
1655979685535,COGS 13,A01,083071,Bastos; Amalia Pinkusfeld,3,2,71,68
1655979691559,COGS 14A,A01,092681,Semenuks; Arturs,4,25,100,96
1655979697583,COGS 14B,A01,083073,Cheng; Tzu-Han,7,0,63,56
1655979703606,COGS 17,A01,092677,Semenuks; Arturs,8,7,81,73
1655979709629,COGS 100,A01,083619,Allen; Michael Gordon,2,2,70,68
1655979715652,COGS 101A,A01,083621,Davis; Joshua Daniel,4,3,68,64
1655979721676,COGS 101B,A01,091572,Allen; Michael Gordon,0,0,65,65
1655979727701,COGS 101C,A01,083625,Delgado; Tania,7,0,35,28
1655979733736,COGS 107A,A01,083627,Boyle; Mary E. T.,1,2,60,59
1655979739762,COGS 118A,A01,083075,Gupta; Anjum,21,16,76,55
1655979745786,CSE 3,A50,083646,Miranda; Gregory Joseph,14,0,50,36
1655979751810,CSE 8A,A50,083650,Miranda; Gregory Joseph,3,11,56,53
1655979757838,CSE 11,A01,083080,Cao; Yingjun,0,65,40,40
1655979763862,CSE 12,A01,083652,Krause-Levy; Sophia Louisa,6,8,120,114
1655979769887,CSE 15L,A01,083654,Morris; Justin Loren,3,1,50,47
1655979769887,CSE 15L,A02,083655,Morris; Justin Loren,1,1,50,49
1655979775917,CSE 20,A01,083657,Tran; Khoa Dang,29,0,80,51
1655979781942,CSE 21,A01,095574,Bach; Quang Tran,23,0,48,25
1655979787965,CSE 30,A01,083084,Eldon; John,2,10,80,78
1655979787965,CSE 30,B01,095061,Bhaskar; Nishant,0,4,50,50
1655979793991,CSE 100,A01,083659,Cao; Yingjun,2,25,70,68
1655979800014,CSE 134B,A01,083661,Powell; Thomas Allan,6,7,100,94
1655979806037,CSE 140,A01,083663,Gungor; Onat,5,0,85,80
1655979812064,CSE 140L,A01,083088,Eldon; John,5,0,100,95
1655979818092,CSE 175,A01,083665,Kumar; Rakesh,1,0,25,24
1655979824116,CSE 190,A00,092507,Dubnov; Shlomo,1,0,20,19
1655979830139,ECE 45,A01,083139,Congero; Spencer William,0,1,75,75
1655979836165,ECE 65,A50,083695,Saad; Andrew S,6,0,30,24
1655979836165,ECE 65,A51,095125,Staff,23,0,26,3
1655979842189,ECE 109,A01,091882,Touri; Behrouz,2,4,70,68
1655979848216,ECE 180,A00,083140,Abi Samra; Nicholas Camill,1,0,30,29
1655979848216,ECE 180,B00,083141,Abi Samra; Nicholas Camill,0,8,28,28
1655979854240,MATH 10A,A01,083735,Patchell; Gregory David,0,0,30,30
1655979854240,MATH 10A,A02,083736,Patchell; Gregory David,21,0,30,9
1655979854240,MATH 10A,A03,083737,Patchell; Gregory David,16,0,30,14
1655979860265,MATH 10B,A01,083207,Lim; Seonhee,1,1,34,33
1655979860265,MATH 10B,A02,083208,Lim; Seonhee,1,1,35,34
1655979860265,MATH 10B,A03,093472,Staff,1,0,34,33
1655979860265,MATH 10B,B01,083739,Sinha; Shubham,9,0,30,21
1655979866295,MATH 18,A01,083743,Cinel; Cameron Alexander,5,0,30,25
1655979866295,MATH 18,A02,083744,Cinel; Cameron Alexander,11,0,30,19
1655979866295,MATH 18,A03,083745,Cinel; Cameron Alexander,1,0,30,29
1655979866295,MATH 18,B01,083748,Ma; Zilu,2,0,36,34
1655979866295,MATH 18,B02,083749,Ma; Zilu,0,0,36,36
1655979866295,MATH 18,B03,083750,Ma; Zilu,0,0,36,36
1655979866295,MATH 18,B04,083751,Ma; Zilu,0,0,36,36
1655979866295,MATH 18,B05,093473,Staff,0,0,36,36
1655979866295,MATH 18,B06,093474,Staff,1,0,36,35
1655979872322,MATH 20A,A01,083754,Zheng; Zequn,10,0,40,30
1655979878349,MATH 20B,A01,083756,Briones; Jor-el Thomas Caparas,0,1,36,36
1655979878349,MATH 20B,A02,083757,Briones; Jor-el Thomas Caparas,1,0,36,35
1655979878349,MATH 20B,A03,093475,Staff,0,0,36,36
1655979884373,MATH 20C,A01,083760,Briones; Jor-el Thomas Caparas,0,2,35,35
1655979884373,MATH 20C,A02,083761,Briones; Jor-el Thomas Caparas,6,1,35,29
1655979884373,MATH 20C,A03,093476,Staff,1,0,35,34
1655979884373,MATH 20C,B01,083762,Bach; Quang Tran,3,0,30,27
1655979890399,MATH 20D,A01,083765,Tran; Brian Kha,1,0,30,29
1655979890399,MATH 20D,A02,083766,Tran; Brian Kha,0,1,30,30
1655979890399,MATH 20D,A03,083767,Tran; Brian Kha,1,0,30,29
1655979896423,MATH 20E,A01,083771,Ganguly; Soumya,0,1,32,32
1655979896423,MATH 20E,A02,083772,Ganguly; Soumya,1,1,32,31
1655979896423,MATH 20E,B01,083773,Ciotti; Benjamin,14,0,35,21
1655979896423,MATH 20E,B02,083774,Ciotti; Benjamin,12,0,35,23
1655979902453,MATH 103A,A01,083777,Greenfeld; Be'Eri,2,1,36,34
1655979902453,MATH 103A,A02,083778,Greenfeld; Be'Eri,2,0,36,34
1655979902453,MATH 103A,A03,093561,Staff,0,1,36,36
1655979902453,MATH 103A,B01,083779,Greenfeld; Be'Eri,7,1,36,29
1655979902453,MATH 103A,B02,083780,Greenfeld; Be'Eri,0,0,36,36
1655979902453,MATH 103A,B03,093562,Staff,0,0,36,36
1655979908477,MATH 105,A01,085443,Carter; Anne Toulson,4,1,35,31
1655979908477,MATH 105,A02,093477,Staff,8,0,35,27
1655979914504,MATH 109,A01,083213,Ganzberger; Geoffrey Michael,0,1,34,34
1655979914504,MATH 109,A02,083214,Ganzberger; Geoffrey Michael,0,0,34,34
1655979914504,MATH 109,A03,093478,Staff,1,0,34,33
1655979914504,MATH 109,B01,083215,Ganzberger; Geoffrey Michael,2,0,32,30
1655979914504,MATH 109,B02,083216,Ganzberger; Geoffrey Michael,0,0,32,32
1655979914504,MATH 109,B03,093479,Staff,4,0,32,28
1655979920528,MATH 142A,A01,083219,Chow; Bennett,0,0,32,32
1655979920528,MATH 142A,A02,083220,Chow; Bennett,7,0,32,25
1655979920528,MATH 142A,A03,093480,Staff,4,0,32,28
1655979920528,MATH 142A,B03,093481,Staff,3,0,32,29
1655979920528,MATH 142A,B04,093558,Staff,6,0,32,26
1655979920528,MATH 142A,B05,093559,Staff,0,0,32,32
1655979926557,MATH 193A,A01,083224,Rotar; Vladimir,1,1,34,33
1655979926557,MATH 193A,A02,083225,Rotar; Vladimir,0,0,34,34
1655979926557,MATH 193A,A03,083781,Rotar; Vladimir,2,0,34,32
1655979926557,MATH 193A,A04,083782,Rotar; Vladimir,3,0,34,31
1655979926557,MATH 193A,A05,093482,Rotar; Vladimir,0,0,34,34
1655979932579,MATH 197,001,091859,McAuley; Julian John,9999,0,9999,0
1655979932579,MATH 197,002,095566,Kedlaya; Kiran S.,9997,0,9999,2
1655979932579,MATH 197,003,095567,Xiao; Ming,9999,0,9999,0
1655979932579,MATH 197,004,095571,Perols; Johan Lars,9998,0,9999,1
1655979939636,COGS 9,A01,083615,Shannon; Kyle Michael,3,1,75,72
1655979945659,COGS 11,A01,083617,Boyle; Mary E. T.,11,1,48,37
1655979951686,COGS 13,A01,083071,Bastos; Amalia Pinkusfeld,3,2,71,68
1655979957709,COGS 14A,A01,092681,Semenuks; Arturs,4,25,100,96
1655979963733,COGS 14B,A01,083073,Cheng; Tzu-Han,7,0,63,56
1655979969758,COGS 17,A01,092677,Semenuks; Arturs,8,7,81,73
1655979975785,COGS 100,A01,083619,Allen; Michael Gordon,2,2,70,68
1655979981808,COGS 101A,A01,083621,Davis; Joshua Daniel,4,3,68,64
1655979987835,COGS 101B,A01,091572,Allen; Michael Gordon,0,0,65,65
1655979993865,COGS 101C,A01,083625,Delgado; Tania,7,0,35,28
1655979999892,COGS 107A,A01,083627,Boyle; Mary E. T.,1,2,60,59
1655980005913,COGS 118A,A01,083075,Gupta; Anjum,21,16,76,55
1655980011940,CSE 3,A50,083646,Miranda; Gregory Joseph,14,0,50,36
1655980017969,CSE 8A,A50,083650,Miranda; Gregory Joseph,3,11,56,53
1655980023992,CSE 11,A01,083080,Cao; Yingjun,0,65,40,40
1655980030018,CSE 12,A01,083652,Krause-Levy; Sophia Louisa,6,8,120,114
1655980036045,CSE 15L,A01,083654,Morris; Justin Loren,3,1,50,47
1655980036045,CSE 15L,A02,083655,Morris; Justin Loren,1,1,50,49
1655980042068,CSE 20,A01,083657,Tran; Khoa Dang,29,0,80,51
1655980048091,CSE 21,A01,095574,Bach; Quang Tran,23,0,48,25
1655980054115,CSE 30,A01,083084,Eldon; John,2,10,80,78
1655980054115,CSE 30,B01,095061,Bhaskar; Nishant,0,4,50,50
1655980060137,CSE 100,A01,083659,Cao; Yingjun,2,25,70,68
1655980066170,CSE 134B,A01,083661,Powell; Thomas Allan,6,7,100,94
1655980072197,CSE 140,A01,083663,Gungor; Onat,5,0,85,80
1655980078223,CSE 140L,A01,083088,Eldon; John,5,0,100,95
1655980084248,CSE 175,A01,083665,Kumar; Rakesh,1,0,25,24
1655980090271,CSE 190,A00,092507,Dubnov; Shlomo,1,0,20,19
1655980096297,ECE 45,A01,083139,Congero; Spencer William,0,1,75,75
1655980102321,ECE 65,A50,083695,Saad; Andrew S,6,0,30,24
1655980102321,ECE 65,A51,095125,Staff,23,0,26,3
1655980108344,ECE 109,A01,091882,Touri; Behrouz,2,4,70,68
1655980114435,ECE 180,A00,083140,Abi Samra; Nicholas Camill,1,0,30,29
1655980114435,ECE 180,B00,083141,Abi Samra; Nicholas Camill,0,8,28,28
1655980120457,MATH 10A,A01,083735,Patchell; Gregory David,0,0,30,30
1655980120457,MATH 10A,A02,083736,Patchell; Gregory David,21,0,30,9
1655980120457,MATH 10A,A03,083737,Patchell; Gregory David,16,0,30,14
1655980126480,MATH 10B,A01,083207,Lim; Seonhee,1,1,34,33
1655980126480,MATH 10B,A02,083208,Lim; Seonhee,1,1,35,34
1655980126480,MATH 10B,A03,093472,Staff,1,0,34,33
1655980126480,MATH 10B,B01,083739,Sinha; Shubham,9,0,30,21
1655980132503,MATH 18,A01,083743,Cinel; Cameron Alexander,5,0,30,25
1655980132503,MATH 18,A02,083744,Cinel; Cameron Alexander,11,0,30,19
1655980132503,MATH 18,A03,083745,Cinel; Cameron Alexander,1,0,30,29
1655980132503,MATH 18,B01,083748,Ma; Zilu,2,0,36,34
1655980132503,MATH 18,B02,083749,Ma; Zilu,0,0,36,36
1655980132503,MATH 18,B03,083750,Ma; Zilu,0,0,36,36
1655980132503,MATH 18,B04,083751,Ma; Zilu,0,0,36,36
1655980132503,MATH 18,B05,093473,Staff,0,0,36,36
1655980132503,MATH 18,B06,093474,Staff,1,0,36,35
1655980138524,MATH 20A,A01,083754,Zheng; Zequn,10,0,40,30
1655980144546,MATH 20B,A01,083756,Briones; Jor-el Thomas Caparas,0,1,36,36
1655980144546,MATH 20B,A02,083757,Briones; Jor-el Thomas Caparas,1,0,36,35
1655980144546,MATH 20B,A03,093475,Staff,0,0,36,36
1655980150570,MATH 20C,A01,083760,Briones; Jor-el Thomas Caparas,0,2,35,35
1655980150570,MATH 20C,A02,083761,Briones; Jor-el Thomas Caparas,6,1,35,29
1655980150570,MATH 20C,A03,093476,Staff,1,0,35,34
1655980150570,MATH 20C,B01,083762,Bach; Quang Tran,3,0,30,27
1655980156593,MATH 20D,A01,083765,Tran; Brian Kha,1,0,30,29
1655980156593,MATH 20D,A02,083766,Tran; Brian Kha,0,1,30,30
1655980156593,MATH 20D,A03,083767,Tran; Brian Kha,1,0,30,29
1655980162620,MATH 20E,A01,083771,Ganguly; Soumya,0,1,32,32
1655980162620,MATH 20E,A02,083772,Ganguly; Soumya,1,1,32,31
1655980162620,MATH 20E,B01,083773,Ciotti; Benjamin,14,0,35,21
1655980162620,MATH 20E,B02,083774,Ciotti; Benjamin,12,0,35,23
1655980168649,MATH 103A,A01,083777,Greenfeld; Be'Eri,2,1,36,34
1655980168649,MATH 103A,A02,083778,Greenfeld; Be'Eri,2,0,36,34
1655980168649,MATH 103A,A03,093561,Staff,0,1,36,36
1655980168649,MATH 103A,B01,083779,Greenfeld; Be'Eri,7,1,36,29
1655980168649,MATH 103A,B02,083780,Greenfeld; Be'Eri,0,0,36,36
1655980168649,MATH 103A,B03,093562,Staff,0,0,36,36
1655980174673,MATH 105,A01,085443,Carter; Anne Toulson,4,1,35,31
1655980174673,MATH 105,A02,093477,Staff,8,0,35,27
1655980180701,MATH 109,A01,083213,Ganzberger; Geoffrey Michael,0,1,34,34
1655980180701,MATH 109,A02,083214,Ganzberger; Geoffrey Michael,0,0,34,34
1655980180701,MATH 109,A03,093478,Staff,1,0,34,33
1655980180701,MATH 109,B01,083215,Ganzberger; Geoffrey Michael,2,0,32,30
1655980180701,MATH 109,B02,083216,Ganzberger; Geoffrey Michael,0,0,32,32
1655980180701,MATH 109,B03,093479,Staff,4,0,32,28
1655980186724,MATH 142A,A01,083219,Chow; Bennett,0,0,32,32
1655980186724,MATH 142A,A02,083220,Chow; Bennett,7,0,32,25
1655980186724,MATH 142A,A03,093480,Staff,4,0,32,28
1655980186724,MATH 142A,B03,093481,Staff,3,0,32,29
1655980186724,MATH 142A,B04,093558,Staff,6,0,32,26
1655980186724,MATH 142A,B05,093559,Staff,0,0,32,32
1655980192748,MATH 193A,A01,083224,Rotar; Vladimir,1,1,34,33
1655980192748,MATH 193A,A02,083225,Rotar; Vladimir,0,0,34,34
1655980192748,MATH 193A,A03,083781,Rotar; Vladimir,2,0,34,32
1655980192748,MATH 193A,A04,083782,Rotar; Vladimir,3,0,34,31
1655980192748,MATH 193A,A05,093482,Rotar; Vladimir,0,0,34,34
1655980198771,MATH 197,001,091859,McAuley; Julian John,9999,0,9999,0
1655980198771,MATH 197,002,095566,Kedlaya; Kiran S.,9997,0,9999,2
1655980198771,MATH 197,003,095567,Xiao; Ming,9999,0,9999,0
1655980198771,MATH 197,004,095571,Perols; Johan Lars,9998,0,9999,1
1655980205838,COGS 9,A01,083615,Shannon; Kyle Michael,3,1,75,72
1655980211861,COGS 11,A01,083617,Boyle; Mary E. T.,11,1,48,37
1655980217888,COGS 13,A01,083071,Bastos; Amalia Pinkusfeld,3,2,71,68
1655980223912,COGS 14A,A01,092681,Semenuks; Arturs,4,25,100,96
1655980229935,COGS 14B,A01,083073,Cheng; Tzu-Han,7,0,63,56
1655980235961,COGS 17,A01,092677,Semenuks; Arturs,8,7,81,73
1655980241984,COGS 100,A01,083619,Allen; Michael Gordon,2,2,70,68
1655980248008,COGS 101A,A01,083621,Davis; Joshua Daniel,4,3,68,64
1655980254032,COGS 101B,A01,091572,Allen; Michael Gordon,0,0,65,65
1655980260056,COGS 101C,A01,083625,Delgado; Tania,7,0,35,28
1655980266078,COGS 107A,A01,083627,Boyle; Mary E. T.,1,2,60,59
1655980272102,COGS 118A,A01,083075,Gupta; Anjum,21,16,76,55
1655980278130,CSE 3,A50,083646,Miranda; Gregory Joseph,14,0,50,36
1655980284155,CSE 8A,A50,083650,Miranda; Gregory Joseph,3,11,56,53
1655980290179,CSE 11,A01,083080,Cao; Yingjun,0,65,40,40
1655980296204,CSE 12,A01,083652,Krause-Levy; Sophia Louisa,6,8,120,114
1655980302229,CSE 15L,A01,083654,Morris; Justin Loren,3,1,50,47
1655980302229,CSE 15L,A02,083655,Morris; Justin Loren,1,1,50,49
1655980308255,CSE 20,A01,083657,Tran; Khoa Dang,29,0,80,51
1655980314279,CSE 21,A01,095574,Bach; Quang Tran,23,0,48,25
1655980320302,CSE 30,A01,083084,Eldon; John,2,10,80,78
1655980320302,CSE 30,B01,095061,Bhaskar; Nishant,0,4,50,50
1655980326330,CSE 100,A01,083659,Cao; Yingjun,2,25,70,68
1655980332354,CSE 134B,A01,083661,Powell; Thomas Allan,6,7,100,94
1655980338377,CSE 140,A01,083663,Gungor; Onat,5,0,85,80
1655980344400,CSE 140L,A01,083088,Eldon; John,5,0,100,95
1655980350429,CSE 175,A01,083665,Kumar; Rakesh,1,0,25,24
1655980356453,CSE 190,A00,092507,Dubnov; Shlomo,1,0,20,19
1655980362476,ECE 45,A01,083139,Congero; Spencer William,0,1,75,75
1655980368503,ECE 65,A50,083695,Saad; Andrew S,6,0,30,24
1655980368503,ECE 65,A51,095125,Staff,23,0,26,3
1655980374525,ECE 109,A01,091882,Touri; Behrouz,2,4,70,68
1655980380552,ECE 180,A00,083140,Abi Samra; Nicholas Camill,1,0,30,29
1655980380552,ECE 180,B00,083141,Abi Samra; Nicholas Camill,0,8,28,28
1655980386577,MATH 10A,A01,083735,Patchell; Gregory David,0,0,30,30
1655980386577,MATH 10A,A02,083736,Patchell; Gregory David,21,0,30,9
1655980386577,MATH 10A,A03,083737,Patchell; Gregory David,16,0,30,14
1655980392604,MATH 10B,A01,083207,Lim; Seonhee,1,1,34,33
1655980392604,MATH 10B,A02,083208,Lim; Seonhee,1,1,35,34
1655980392604,MATH 10B,A03,093472,Staff,1,0,34,33
1655980392604,MATH 10B,B01,083739,Sinha; Shubham,9,0,30,21
1655980398627,MATH 18,A01,083743,Cinel; Cameron Alexander,5,0,30,25
1655980398627,MATH 18,A02,083744,Cinel; Cameron Alexander,11,0,30,19
1655980398627,MATH 18,A03,083745,Cinel; Cameron Alexander,1,0,30,29
1655980398627,MATH 18,B01,083748,Ma; Zilu,2,0,36,34
1655980398627,MATH 18,B02,083749,Ma; Zilu,0,0,36,36
1655980398627,MATH 18,B03,083750,Ma; Zilu,0,0,36,36
1655980398627,MATH 18,B04,083751,Ma; Zilu,0,0,36,36
1655980398627,MATH 18,B05,093473,Staff,0,0,36,36
1655980398627,MATH 18,B06,093474,Staff,1,0,36,35
1655980404652,MATH 20A,A01,083754,Zheng; Zequn,10,0,40,30
1655980410679,MATH 20B,A01,083756,Briones; Jor-el Thomas Caparas,0,1,36,36
1655980410679,MATH 20B,A02,083757,Briones; Jor-el Thomas Caparas,1,0,36,35
1655980410679,MATH 20B,A03,093475,Staff,0,0,36,36
1655980416703,MATH 20C,A01,083760,Briones; Jor-el Thomas Caparas,0,2,35,35
1655980416703,MATH 20C,A02,083761,Briones; Jor-el Thomas Caparas,6,1,35,29
1655980416703,MATH 20C,A03,093476,Staff,1,0,35,34
1655980416703,MATH 20C,B01,083762,Bach; Quang Tran,3,0,30,27
1655980422729,MATH 20D,A01,083765,Tran; Brian Kha,1,0,30,29
1655980422729,MATH 20D,A02,083766,Tran; Brian Kha,0,1,30,30
1655980422729,MATH 20D,A03,083767,Tran; Brian Kha,1,0,30,29
1655980428756,MATH 20E,A01,083771,Ganguly; Soumya,0,1,32,32
1655980428756,MATH 20E,A02,083772,Ganguly; Soumya,1,1,32,31
1655980428756,MATH 20E,B01,083773,Ciotti; Benjamin,14,0,35,21
1655980428756,MATH 20E,B02,083774,Ciotti; Benjamin,12,0,35,23
1655980434786,MATH 103A,A01,083777,Greenfeld; Be'Eri,2,1,36,34
1655980434786,MATH 103A,A02,083778,Greenfeld; Be'Eri,2,0,36,34
1655980434786,MATH 103A,A03,093561,Staff,0,1,36,36
1655980434786,MATH 103A,B01,083779,Greenfeld; Be'Eri,7,1,36,29
1655980434786,MATH 103A,B02,083780,Greenfeld; Be'Eri,0,0,36,36
1655980434786,MATH 103A,B03,093562,Staff,0,0,36,36
1655980440809,MATH 105,A01,085443,Carter; Anne Toulson,4,1,35,31
1655980440809,MATH 105,A02,093477,Staff,8,0,35,27
1655980446838,MATH 109,A01,083213,Ganzberger; Geoffrey Michael,0,1,34,34
1655980446838,MATH 109,A02,083214,Ganzberger; Geoffrey Michael,0,0,34,34
1655980446838,MATH 109,A03,093478,Staff,1,0,34,33
1655980446838,MATH 109,B01,083215,Ganzberger; Geoffrey Michael,2,0,32,30
1655980446838,MATH 109,B02,083216,Ganzberger; Geoffrey Michael,0,0,32,32
1655980446838,MATH 109,B03,093479,Staff,4,0,32,28
1655980452860,MATH 142A,A01,083219,Chow; Bennett,0,0,32,32
1655980452860,MATH 142A,A02,083220,Chow; Bennett,7,0,32,25
1655980452860,MATH 142A,A03,093480,Staff,4,0,32,28
1655980452860,MATH 142A,B03,093481,Staff,3,0,32,29
1655980452860,MATH 142A,B04,093558,Staff,6,0,32,26
1655980452860,MATH 142A,B05,093559,Staff,0,0,32,32
1655980458889,MATH 193A,A01,083224,Rotar; Vladimir,1,1,34,33
1655980458889,MATH 193A,A02,083225,Rotar; Vladimir,0,0,34,34
1655980458889,MATH 193A,A03,083781,Rotar; Vladimir,2,0,34,32
1655980458889,MATH 193A,A04,083782,Rotar; Vladimir,3,0,34,31
1655980458889,MATH 193A,A05,093482,Rotar; Vladimir,0,0,34,34
1655980464914,MATH 197,001,091859,McAuley; Julian John,9999,0,9999,0
1655980464914,MATH 197,002,095566,Kedlaya; Kiran S.,9997,0,9999,2
1655980464914,MATH 197,003,095567,Xiao; Ming,9999,0,9999,0
1655980464914,MATH 197,004,095571,Perols; Johan Lars,9998,0,9999,1
1655980471967,COGS 9,A01,083615,Shannon; Kyle Michael,3,1,75,72
1655980477994,COGS 11,A01,083617,Boyle; Mary E. T.,11,1,48,37
1655980484017,COGS 13,A01,083071,Bastos; Amalia Pinkusfeld,3,2,71,68
1655980490044,COGS 14A,A01,092681,Semenuks; Arturs,4,25,100,96
1655980496067,COGS 14B,A01,083073,Cheng; Tzu-Han,7,0,63,56
1655980502091,COGS 17,A01,092677,Semenuks; Arturs,8,7,81,73
1655980508119,COGS 100,A01,083619,Allen; Michael Gordon,2,2,70,68
1655980514154,COGS 101A,A01,083621,Davis; Joshua Daniel,4,3,68,64
1655980520179,COGS 101B,A01,091572,Allen; Michael Gordon,0,0,65,65
1655980526206,COGS 101C,A01,083625,Delgado; Tania,7,0,35,28
1655980532233,COGS 107A,A01,083627,Boyle; Mary E. T.,1,2,60,59
1655980538257,COGS 118A,A01,083075,Gupta; Anjum,21,16,76,55
1655980544285,CSE 3,A50,083646,Miranda; Gregory Joseph,14,0,50,36
1655980550314,CSE 8A,A50,083650,Miranda; Gregory Joseph,3,11,56,53
1655980556336,CSE 11,A01,083080,Cao; Yingjun,0,65,40,40
1655980562360,CSE 12,A01,083652,Krause-Levy; Sophia Louisa,6,8,120,114
1655980568383,CSE 15L,A01,083654,Morris; Justin Loren,3,1,50,47
1655980568383,CSE 15L,A02,083655,Morris; Justin Loren,1,1,50,49
1655980574410,CSE 20,A01,083657,Tran; Khoa Dang,29,0,80,51
1655980580437,CSE 21,A01,095574,Bach; Quang Tran,23,0,48,25
1655980586465,CSE 30,A01,083084,Eldon; John,2,10,80,78
1655980586465,CSE 30,B01,095061,Bhaskar; Nishant,0,4,50,50
1655980592487,CSE 100,A01,083659,Cao; Yingjun,2,25,70,68
1655980598514,CSE 134B,A01,083661,Powell; Thomas Allan,6,7,100,94
1655980604539,CSE 140,A01,083663,Gungor; Onat,5,0,85,80
1655980610567,CSE 140L,A01,083088,Eldon; John,5,0,100,95
1655980616590,CSE 175,A01,083665,Kumar; Rakesh,1,0,25,24
1655980622614,CSE 190,A00,092507,Dubnov; Shlomo,1,0,20,19
1655980628642,ECE 45,A01,083139,Congero; Spencer William,0,1,75,75
1655980634665,ECE 65,A50,083695,Saad; Andrew S,6,0,30,24
1655980634665,ECE 65,A51,095125,Staff,23,0,26,3
1655980640687,ECE 109,A01,091882,Touri; Behrouz,2,4,70,68
1655980646709,ECE 180,A00,083140,Abi Samra; Nicholas Camill,1,0,30,29
1655980646709,ECE 180,B00,083141,Abi Samra; Nicholas Camill,0,8,28,28
1655980652732,MATH 10A,A01,083735,Patchell; Gregory David,0,0,30,30
1655980652732,MATH 10A,A02,083736,Patchell; Gregory David,21,0,30,9
1655980652732,MATH 10A,A03,083737,Patchell; Gregory David,16,0,30,14
1655980658760,MATH 10B,A01,083207,Lim; Seonhee,1,1,34,33
1655980658760,MATH 10B,A02,083208,Lim; Seonhee,1,1,35,34
1655980658760,MATH 10B,A03,093472,Staff,1,0,34,33
1655980658760,MATH 10B,B01,083739,Sinha; Shubham,9,0,30,21
1655980664793,MATH 18,A01,083743,Cinel; Cameron Alexander,5,0,30,25
1655980664793,MATH 18,A02,083744,Cinel; Cameron Alexander,11,0,30,19
1655980664793,MATH 18,A03,083745,Cinel; Cameron Alexander,1,0,30,29
1655980664793,MATH 18,B01,083748,Ma; Zilu,2,0,36,34
1655980664793,MATH 18,B02,083749,Ma; Zilu,0,0,36,36
1655980664793,MATH 18,B03,083750,Ma; Zilu,0,0,36,36
1655980664793,MATH 18,B04,083751,Ma; Zilu,0,0,36,36
1655980664793,MATH 18,B05,093473,Staff,0,0,36,36
1655980664793,MATH 18,B06,093474,Staff,1,0,36,35
1655980670820,MATH 20A,A01,083754,Zheng; Zequn,10,0,40,30
1655980676844,MATH 20B,A01,083756,Briones; Jor-el Thomas Caparas,0,1,36,36
1655980676844,MATH 20B,A02,083757,Briones; Jor-el Thomas Caparas,1,0,36,35
1655980676844,MATH 20B,A03,093475,Staff,0,0,36,36
1655980682865,MATH 20C,A01,083760,Briones; Jor-el Thomas Caparas,0,2,35,35
1655980682865,MATH 20C,A02,083761,Briones; Jor-el Thomas Caparas,6,1,35,29
1655980682865,MATH 20C,A03,093476,Staff,1,0,35,34
1655980682865,MATH 20C,B01,083762,Bach; Quang Tran,3,0,30,27
1655980688889,MATH 20D,A01,083765,Tran; Brian Kha,1,0,30,29
1655980688889,MATH 20D,A02,083766,Tran; Brian Kha,0,1,30,30
1655980688889,MATH 20D,A03,083767,Tran; Brian Kha,1,0,30,29
1655980694916,MATH 20E,A01,083771,Ganguly; Soumya,0,1,32,32
1655980694916,MATH 20E,A02,083772,Ganguly; Soumya,1,1,32,31
1655980694916,MATH 20E,B01,083773,Ciotti; Benjamin,14,0,35,21
1655980694916,MATH 20E,B02,083774,Ciotti; Benjamin,12,0,35,23
1655980700940,MATH 103A,A01,083777,Greenfeld; Be'Eri,2,1,36,34
1655980700940,MATH 103A,A02,083778,Greenfeld; Be'Eri,2,0,36,34
1655980700940,MATH 103A,A03,093561,Staff,0,1,36,36
1655980700940,MATH 103A,B01,083779,Greenfeld; Be'Eri,7,1,36,29
1655980700940,MATH 103A,B02,083780,Greenfeld; Be'Eri,0,0,36,36
1655980700940,MATH 103A,B03,093562,Staff,0,0,36,36
1655980706964,MATH 105,A01,085443,Carter; Anne Toulson,4,1,35,31
1655980706964,MATH 105,A02,093477,Staff,8,0,35,27
1655980713059,MATH 109,A01,083213,Ganzberger; Geoffrey Michael,0,1,34,34
1655980713059,MATH 109,A02,083214,Ganzberger; Geoffrey Michael,0,0,34,34
1655980713059,MATH 109,A03,093478,Staff,1,0,34,33
1655980713059,MATH 109,B01,083215,Ganzberger; Geoffrey Michael,2,0,32,30
1655980713059,MATH 109,B02,083216,Ganzberger; Geoffrey Michael,0,0,32,32
1655980713059,MATH 109,B03,093479,Staff,4,0,32,28
1655980719082,MATH 142A,A01,083219,Chow; Bennett,0,0,32,32
1655980719082,MATH 142A,A02,083220,Chow; Bennett,7,0,32,25
1655980719082,MATH 142A,A03,093480,Staff,4,0,32,28
1655980719082,MATH 142A,B03,093481,Staff,3,0,32,29
1655980719082,MATH 142A,B04,093558,Staff,6,0,32,26
1655980719082,MATH 142A,B05,093559,Staff,0,0,32,32
1655980725111,MATH 193A,A01,083224,Rotar; Vladimir,1,1,34,33
1655980725111,MATH 193A,A02,083225,Rotar; Vladimir,0,0,34,34
1655980725111,MATH 193A,A03,083781,Rotar; Vladimir,2,0,34,32
1655980725111,MATH 193A,A04,083782,Rotar; Vladimir,3,0,34,31
1655980725111,MATH 193A,A05,093482,Rotar; Vladimir,0,0,34,34
1655980731138,MATH 197,001,091859,McAuley; Julian John,9999,0,9999,0
1655980731138,MATH 197,002,095566,Kedlaya; Kiran S.,9997,0,9999,2
1655980731138,MATH 197,003,095567,Xiao; Ming,9999,0,9999,0
1655980731138,MATH 197,004,095571,Perols; Johan Lars,9998,0,9999,1
1655980738200,COGS 9,A01,083615,Shannon; Kyle Michael,3,1,75,72
1655980744223,COGS 11,A01,083617,Boyle; Mary E. T.,11,1,48,37
1655980750246,COGS 13,A01,083071,Bastos; Amalia Pinkusfeld,3,2,71,68
1655980756269,COGS 14A,A01,092681,Semenuks; Arturs,4,25,100,96
1655980762295,COGS 14B,A01,083073,Cheng; Tzu-Han,7,0,63,56
1655980768318,COGS 17,A01,092677,Semenuks; Arturs,8,7,81,73
1655980774345,COGS 100,A01,083619,Allen; Michael Gordon,2,2,70,68
1655980780369,COGS 101A,A01,083621,Davis; Joshua Daniel,4,3,68,64
1655980786391,COGS 101B,A01,091572,Allen; Michael Gordon,0,0,65,65
1655980792413,COGS 101C,A01,083625,Delgado; Tania,7,0,35,28
1655980798435,COGS 107A,A01,083627,Boyle; Mary E. T.,1,2,60,59
1655980804460,COGS 118A,A01,083075,Gupta; Anjum,21,16,76,55
1655980810482,CSE 3,A50,083646,Miranda; Gregory Joseph,14,0,50,36
1655980816505,CSE 8A,A50,083650,Miranda; Gregory Joseph,3,11,56,53
1655980822528,CSE 11,A01,083080,Cao; Yingjun,0,65,40,40
1655980828554,CSE 12,A01,083652,Krause-Levy; Sophia Louisa,6,8,120,114
1655980834578,CSE 15L,A01,083654,Morris; Justin Loren,3,1,50,47
1655980834578,CSE 15L,A02,083655,Morris; Justin Loren,1,1,50,49
1655980840601,CSE 20,A01,083657,Tran; Khoa Dang,29,0,80,51
1655980846628,CSE 21,A01,095574,Bach; Quang Tran,23,0,48,25
1655980852655,CSE 30,A01,083084,Eldon; John,2,10,80,78
1655980852655,CSE 30,B01,095061,Bhaskar; Nishant,0,4,50,50
1655980858677,CSE 100,A01,083659,Cao; Yingjun,2,25,70,68
1655980864704,CSE 134B,A01,083661,Powell; Thomas Allan,6,7,100,94
1655980870730,CSE 140,A01,083663,Gungor; Onat,5,0,85,80
1655980876756,CSE 140L,A01,083088,Eldon; John,5,0,100,95
1655980882783,CSE 175,A01,083665,Kumar; Rakesh,1,0,25,24
1655980888806,CSE 190,A00,092507,Dubnov; Shlomo,1,0,20,19
1655980894832,ECE 45,A01,083139,Congero; Spencer William,0,1,75,75
1655980900864,ECE 65,A50,083695,Saad; Andrew S,6,0,30,24
1655980900864,ECE 65,A51,095125,Staff,23,0,26,3
1655980906886,ECE 109,A01,091882,Touri; Behrouz,2,4,70,68
1655980912913,ECE 180,A00,083140,Abi Samra; Nicholas Camill,1,0,30,29
1655980912913,ECE 180,B00,083141,Abi Samra; Nicholas Camill,0,8,28,28
1655980918936,MATH 10A,A01,083735,Patchell; Gregory David,0,0,30,30
1655980918936,MATH 10A,A02,083736,Patchell; Gregory David,21,0,30,9
1655980918936,MATH 10A,A03,083737,Patchell; Gregory David,16,0,30,14
1655980924960,MATH 10B,A01,083207,Lim; Seonhee,1,1,34,33
1655980924960,MATH 10B,A02,083208,Lim; Seonhee,1,1,35,34
1655980924960,MATH 10B,A03,093472,Staff,1,0,34,33
1655980924960,MATH 10B,B01,083739,Sinha; Shubham,9,0,30,21
1655980930985,MATH 18,A01,083743,Cinel; Cameron Alexander,5,0,30,25
1655980930985,MATH 18,A02,083744,Cinel; Cameron Alexander,11,0,30,19
1655980930985,MATH 18,A03,083745,Cinel; Cameron Alexander,1,0,30,29
1655980930985,MATH 18,B01,083748,Ma; Zilu,2,0,36,34
1655980930985,MATH 18,B02,083749,Ma; Zilu,0,0,36,36
1655980930985,MATH 18,B03,083750,Ma; Zilu,0,0,36,36
1655980930985,MATH 18,B04,083751,Ma; Zilu,0,0,36,36
1655980930985,MATH 18,B05,093473,Staff,0,0,36,36
1655980930985,MATH 18,B06,093474,Staff,1,0,36,35
1655980937010,MATH 20A,A01,083754,Zheng; Zequn,10,0,40,30
1655980943033,MATH 20B,A01,083756,Briones; Jor-el Thomas Caparas,0,1,36,36
1655980943033,MATH 20B,A02,083757,Briones; Jor-el Thomas Caparas,1,0,36,35
1655980943033,MATH 20B,A03,093475,Staff,0,0,36,36
1655980949057,MATH 20C,A01,083760,Briones; Jor-el Thomas Caparas,0,2,35,35
1655980949057,MATH 20C,A02,083761,Briones; Jor-el Thomas Caparas,6,1,35,29
1655980949057,MATH 20C,A03,093476,Staff,1,0,35,34
1655980949057,MATH 20C,B01,083762,Bach; Quang Tran,3,0,30,27
1655980955087,MATH 20D,A01,083765,Tran; Brian Kha,1,0,30,29
1655980955087,MATH 20D,A02,083766,Tran; Brian Kha,0,1,30,30
1655980955087,MATH 20D,A03,083767,Tran; Brian Kha,1,0,30,29
1655980961121,MATH 20E,A01,083771,Ganguly; Soumya,0,1,32,32
1655980961121,MATH 20E,A02,083772,Ganguly; Soumya,1,1,32,31
1655980961121,MATH 20E,B01,083773,Ciotti; Benjamin,14,0,35,21
1655980961121,MATH 20E,B02,083774,Ciotti; Benjamin,12,0,35,23
1655980967143,MATH 103A,A01,083777,Greenfeld; Be'Eri,2,1,36,34
1655980967143,MATH 103A,A02,083778,Greenfeld; Be'Eri,2,0,36,34
1655980967143,MATH 103A,A03,093561,Staff,0,1,36,36
1655980967143,MATH 103A,B01,083779,Greenfeld; Be'Eri,7,1,36,29
1655980967143,MATH 103A,B02,083780,Greenfeld; Be'Eri,0,0,36,36
1655980967143,MATH 103A,B03,093562,Staff,0,0,36,36
1655980973169,MATH 105,A01,085443,Carter; Anne Toulson,4,1,35,31
1655980973169,MATH 105,A02,093477,Staff,8,0,35,27
1655980979193,MATH 109,A01,083213,Ganzberger; Geoffrey Michael,0,1,34,34
1655980979193,MATH 109,A02,083214,Ganzberger; Geoffrey Michael,0,0,34,34
1655980979193,MATH 109,A03,093478,Staff,1,0,34,33
1655980979193,MATH 109,B01,083215,Ganzberger; Geoffrey Michael,2,0,32,30
1655980979193,MATH 109,B02,083216,Ganzberger; Geoffrey Michael,0,0,32,32
1655980979193,MATH 109,B03,093479,Staff,4,0,32,28
1655980985223,MATH 142A,A01,083219,Chow; Bennett,0,0,32,32
1655980985223,MATH 142A,A02,083220,Chow; Bennett,7,0,32,25
1655980985223,MATH 142A,A03,093480,Staff,4,0,32,28
1655980985223,MATH 142A,B03,093481,Staff,3,0,32,29
1655980985223,MATH 142A,B04,093558,Staff,6,0,32,26
1655980985223,MATH 142A,B05,093559,Staff,0,0,32,32
1655980991251,MATH 193A,A01,083224,Rotar; Vladimir,1,1,34,33
1655980991251,MATH 193A,A02,083225,Rotar; Vladimir,0,0,34,34
1655980991251,MATH 193A,A03,083781,Rotar; Vladimir,2,0,34,32
1655980991251,MATH 193A,A04,083782,Rotar; Vladimir,3,0,34,31
1655980991251,MATH 193A,A05,093482,Rotar; Vladimir,0,0,34,34
1655980997278,MATH 197,001,091859,McAuley; Julian John,9999,0,9999,0
1655980997278,MATH 197,002,095566,Kedlaya; Kiran S.,9997,0,9999,2
1655980997278,MATH 197,003,095567,Xiao; Ming,9999,0,9999,0
1655980997278,MATH 197,004,095571,Perols; Johan Lars,9998,0,9999,1
1655981004333,COGS 9,A01,083615,Shannon; Kyle Michael,3,1,75,72
1655981010360,COGS 11,A01,083617,Boyle; Mary E. T.,11,1,48,37
1655981016408,COGS 13,A01,083071,Bastos; Amalia Pinkusfeld,3,2,71,68
1655981022434,COGS 14A,A01,092681,Semenuks; Arturs,4,25,100,96
1655981028460,COGS 14B,A01,083073,Cheng; Tzu-Han,7,0,63,56
1655981034484,COGS 17,A01,092677,Semenuks; Arturs,8,7,81,73
1655981040507,COGS 100,A01,083619,Allen; Michael Gordon,2,2,70,68
1655981046534,COGS 101A,A01,083621,Davis; Joshua Daniel,4,3,68,64
1655981052561,COGS 101B,A01,091572,Allen; Michael Gordon,0,0,65,65
1655981058587,COGS 101C,A01,083625,Delgado; Tania,7,0,35,28
1655981064610,COGS 107A,A01,083627,Boyle; Mary E. T.,1,2,60,59
1655981070636,COGS 118A,A01,083075,Gupta; Anjum,21,16,76,55
1655981076661,CSE 3,A50,083646,Miranda; Gregory Joseph,14,0,50,36
1655981082689,CSE 8A,A50,083650,Miranda; Gregory Joseph,3,11,56,53
1655981088712,CSE 11,A01,083080,Cao; Yingjun,0,65,40,40
1655981094734,CSE 12,A01,083652,Krause-Levy; Sophia Louisa,6,8,120,114
1655981100758,CSE 15L,A01,083654,Morris; Justin Loren,3,1,50,47
1655981100758,CSE 15L,A02,083655,Morris; Justin Loren,1,1,50,49
1655981106783,CSE 20,A01,083657,Tran; Khoa Dang,29,0,80,51
1655981112806,CSE 21,A01,095574,Bach; Quang Tran,23,0,48,25
1655981118830,CSE 30,A01,083084,Eldon; John,2,10,80,78
1655981118830,CSE 30,B01,095061,Bhaskar; Nishant,0,4,50,50
1655981124855,CSE 100,A01,083659,Cao; Yingjun,2,25,70,68
1655981130880,CSE 134B,A01,083661,Powell; Thomas Allan,6,7,100,94
1655981136908,CSE 140,A01,083663,Gungor; Onat,5,0,85,80
1655981142932,CSE 140L,A01,083088,Eldon; John,5,0,100,95
1655981148953,CSE 175,A01,083665,Kumar; Rakesh,1,0,25,24
1655981154982,CSE 190,A00,092507,Dubnov; Shlomo,1,0,20,19
1655981161009,ECE 45,A01,083139,Congero; Spencer William,0,1,75,75
1655981167041,ECE 65,A50,083695,Saad; Andrew S,6,0,30,24
1655981167041,ECE 65,A51,095125,Staff,23,0,26,3
1655981173065,ECE 109,A01,091882,Touri; Behrouz,2,4,70,68
1655981179088,ECE 180,A00,083140,Abi Samra; Nicholas Camill,1,0,30,29
1655981179088,ECE 180,B00,083141,Abi Samra; Nicholas Camill,0,8,28,28
1655981185112,MATH 10A,A01,083735,Patchell; Gregory David,0,0,30,30
1655981185112,MATH 10A,A02,083736,Patchell; Gregory David,21,0,30,9
1655981185112,MATH 10A,A03,083737,Patchell; Gregory David,16,0,30,14
1655981191141,MATH 10B,A01,083207,Lim; Seonhee,1,1,34,33
1655981191141,MATH 10B,A02,083208,Lim; Seonhee,1,1,35,34
1655981191141,MATH 10B,A03,093472,Staff,1,0,34,33
1655981191141,MATH 10B,B01,083739,Sinha; Shubham,9,0,30,21
1655981197172,MATH 18,A01,083743,Cinel; Cameron Alexander,5,0,30,25
1655981197172,MATH 18,A02,083744,Cinel; Cameron Alexander,11,0,30,19
1655981197172,MATH 18,A03,083745,Cinel; Cameron Alexander,1,0,30,29
1655981197172,MATH 18,B01,083748,Ma; Zilu,2,0,36,34
1655981197172,MATH 18,B02,083749,Ma; Zilu,0,0,36,36
1655981197172,MATH 18,B03,083750,Ma; Zilu,0,0,36,36
1655981197172,MATH 18,B04,083751,Ma; Zilu,0,0,36,36
1655981197172,MATH 18,B05,093473,Staff,0,0,36,36
1655981197172,MATH 18,B06,093474,Staff,1,0,36,35
1655981203205,MATH 20A,A01,083754,Zheng; Zequn,10,0,40,30
1655981209228,MATH 20B,A01,083756,Briones; Jor-el Thomas Caparas,0,1,36,36
1655981209228,MATH 20B,A02,083757,Briones; Jor-el Thomas Caparas,1,0,36,35
1655981209228,MATH 20B,A03,093475,Staff,0,0,36,36
1655981215252,MATH 20C,A01,083760,Briones; Jor-el Thomas Caparas,0,2,35,35
1655981215252,MATH 20C,A02,083761,Briones; Jor-el Thomas Caparas,6,1,35,29
1655981215252,MATH 20C,A03,093476,Staff,1,0,35,34
1655981215252,MATH 20C,B01,083762,Bach; Quang Tran,3,0,30,27
1655981221276,MATH 20D,A01,083765,Tran; Brian Kha,1,0,30,29
1655981221276,MATH 20D,A02,083766,Tran; Brian Kha,0,1,30,30
1655981221276,MATH 20D,A03,083767,Tran; Brian Kha,1,0,30,29
1655981227299,MATH 20E,A01,083771,Ganguly; Soumya,0,1,32,32
1655981227299,MATH 20E,A02,083772,Ganguly; Soumya,1,1,32,31
1655981227299,MATH 20E,B01,083773,Ciotti; Benjamin,14,0,35,21
1655981227299,MATH 20E,B02,083774,Ciotti; Benjamin,12,0,35,23
1655981233329,MATH 103A,A01,083777,Greenfeld; Be'Eri,2,1,36,34
1655981233329,MATH 103A,A02,083778,Greenfeld; Be'Eri,2,0,36,34
1655981233329,MATH 103A,A03,093561,Staff,0,1,36,36
1655981233329,MATH 103A,B01,083779,Greenfeld; Be'Eri,7,1,36,29
1655981233329,MATH 103A,B02,083780,Greenfeld; Be'Eri,0,0,36,36
1655981233329,MATH 103A,B03,093562,Staff,0,0,36,36
1655981239351,MATH 105,A01,085443,Carter; Anne Toulson,4,1,35,31
1655981239351,MATH 105,A02,093477,Staff,8,0,35,27
1655981245378,MATH 109,A01,083213,Ganzberger; Geoffrey Michael,0,1,34,34
1655981245378,MATH 109,A02,083214,Ganzberger; Geoffrey Michael,0,0,34,34
1655981245378,MATH 109,A03,093478,Staff,1,0,34,33
1655981245378,MATH 109,B01,083215,Ganzberger; Geoffrey Michael,2,0,32,30
1655981245378,MATH 109,B02,083216,Ganzberger; Geoffrey Michael,0,0,32,32
1655981245378,MATH 109,B03,093479,Staff,4,0,32,28
1655981251405,MATH 142A,A01,083219,Chow; Bennett,0,0,32,32
1655981251405,MATH 142A,A02,083220,Chow; Bennett,7,0,32,25
1655981251405,MATH 142A,A03,093480,Staff,4,0,32,28
1655981251405,MATH 142A,B03,093481,Staff,3,0,32,29
1655981251405,MATH 142A,B04,093558,Staff,6,0,32,26
1655981251405,MATH 142A,B05,093559,Staff,0,0,32,32
1655981257434,MATH 193A,A01,083224,Rotar; Vladimir,1,1,34,33
1655981257434,MATH 193A,A02,083225,Rotar; Vladimir,0,0,34,34
1655981257434,MATH 193A,A03,083781,Rotar; Vladimir,2,0,34,32
1655981257434,MATH 193A,A04,083782,Rotar; Vladimir,3,0,34,31
1655981257434,MATH 193A,A05,093482,Rotar; Vladimir,0,0,34,34
1655981263461,MATH 197,001,091859,McAuley; Julian John,9999,0,9999,0
1655981263461,MATH 197,002,095566,Kedlaya; Kiran S.,9997,0,9999,2
1655981263461,MATH 197,003,095567,Xiao; Ming,9999,0,9999,0
1655981263461,MATH 197,004,095571,Perols; Johan Lars,9998,0,9999,1
1655981270534,COGS 9,A01,083615,Shannon; Kyle Michael,3,1,75,72
1655981276559,COGS 11,A01,083617,Boyle; Mary E. T.,11,1,48,37
1655981282594,COGS 13,A01,083071,Bastos; Amalia Pinkusfeld,3,2,71,68
1655981288621,COGS 14A,A01,092681,Semenuks; Arturs,4,25,100,96
1655981294646,COGS 14B,A01,083073,Cheng; Tzu-Han,7,0,63,56
1655981300668,COGS 17,A01,092677,Semenuks; Arturs,8,7,81,73
1655981306765,COGS 100,A01,083619,Allen; Michael Gordon,2,2,70,68
1655981312792,COGS 101A,A01,083621,Davis; Joshua Daniel,4,3,68,64
1655981318815,COGS 101B,A01,091572,Allen; Michael Gordon,0,0,65,65
1655981324842,COGS 101C,A01,083625,Delgado; Tania,7,0,35,28
1655981330868,COGS 107A,A01,083627,Boyle; Mary E. T.,1,2,60,59
1655981336895,COGS 118A,A01,083075,Gupta; Anjum,21,16,76,55
1655981342919,CSE 3,A50,083646,Miranda; Gregory Joseph,14,0,50,36
1655981348958,CSE 8A,A50,083650,Miranda; Gregory Joseph,3,11,56,53
1655981354987,CSE 11,A01,083080,Cao; Yingjun,0,65,40,40
1655981361011,CSE 12,A01,083652,Krause-Levy; Sophia Louisa,6,8,120,114
1655981367038,CSE 15L,A01,083654,Morris; Justin Loren,3,1,50,47
1655981367038,CSE 15L,A02,083655,Morris; Justin Loren,1,1,50,49
1655981373073,CSE 20,A01,083657,Tran; Khoa Dang,29,0,80,51
1655981379101,CSE 21,A01,095574,Bach; Quang Tran,23,0,48,25
1655981385122,CSE 30,A01,083084,Eldon; John,2,10,80,78
1655981385122,CSE 30,B01,095061,Bhaskar; Nishant,0,4,50,50
1655981391150,CSE 100,A01,083659,Cao; Yingjun,2,25,70,68
1655981406517,CSE 134B,A01,083661,Powell; Thomas Allan,6,7,100,94
1655981412541,CSE 140,A01,083663,Gungor; Onat,5,0,85,80
1655981431606,CSE 140L,A01,083088,Eldon; John,5,0,100,95
1655981437631,CSE 175,A01,083665,Kumar; Rakesh,1,0,25,24
1655981456348,CSE 190,A00,092507,Dubnov; Shlomo,1,0,20,19
1655981462370,ECE 45,A01,083139,Congero; Spencer William,0,1,75,75
1655981480760,ECE 65,A50,083695,Saad; Andrew S,6,0,30,24
1655981480760,ECE 65,A51,095125,Staff,23,0,26,3
1655981486783,ECE 109,A01,091882,Touri; Behrouz,2,4,70,68
1655981505253,ECE 180,A00,083140,Abi Samra; Nicholas Camill,1,0,30,29
1655981505253,ECE 180,B00,083141,Abi Samra; Nicholas Camill,0,8,28,28
1655981511276,MATH 10A,A01,083735,Patchell; Gregory David,0,0,30,30
1655981511276,MATH 10A,A02,083736,Patchell; Gregory David,21,0,30,9
1655981511276,MATH 10A,A03,083737,Patchell; Gregory David,16,0,30,14
1655981529693,MATH 10B,A01,083207,Lim; Seonhee,1,1,34,33
1655981529693,MATH 10B,A02,083208,Lim; Seonhee,1,1,35,34
1655981529693,MATH 10B,A03,093472,Staff,1,0,34,33
1655981529693,MATH 10B,B01,083739,Sinha; Shubham,9,0,30,21
1655981535724,MATH 18,A01,083743,Cinel; Cameron Alexander,5,0,30,25
1655981535724,MATH 18,A02,083744,Cinel; Cameron Alexander,11,0,30,19
1655981535724,MATH 18,A03,083745,Cinel; Cameron Alexander,1,0,30,29
1655981535724,MATH 18,B01,083748,Ma; Zilu,2,0,36,34
1655981535724,MATH 18,B02,083749,Ma; Zilu,0,0,36,36
1655981535724,MATH 18,B03,083750,Ma; Zilu,0,0,36,36
1655981535724,MATH 18,B04,083751,Ma; Zilu,0,0,36,36
1655981535724,MATH 18,B05,093473,Staff,0,0,36,36
1655981535724,MATH 18,B06,093474,Staff,1,0,36,35
1655981553844,MATH 20A,A01,083754,Zheng; Zequn,10,0,40,30
1655981559868,MATH 20B,A01,083756,Briones; Jor-el Thomas Caparas,0,1,36,36
1655981559868,MATH 20B,A02,083757,Briones; Jor-el Thomas Caparas,1,0,36,35
1655981559868,MATH 20B,A03,093475,Staff,0,0,36,36
1655981578295,MATH 20C,A01,083760,Briones; Jor-el Thomas Caparas,0,2,35,35
1655981578295,MATH 20C,A02,083761,Briones; Jor-el Thomas Caparas,6,1,35,29
1655981578295,MATH 20C,A03,093476,Staff,1,0,35,34
1655981578295,MATH 20C,B01,083762,Bach; Quang Tran,3,0,30,27
1655981584323,MATH 20D,A01,083765,Tran; Brian Kha,1,0,30,29
1655981584323,MATH 20D,A02,083766,Tran; Brian Kha,0,1,30,30
1655981584323,MATH 20D,A03,083767,Tran; Brian Kha,1,0,30,29
1655981602243,MATH 20E,A01,083771,Ganguly; Soumya,0,1,32,32
1655981602243,MATH 20E,A02,083772,Ganguly; Soumya,1,1,32,31
1655981602243,MATH 20E,B01,083773,Ciotti; Benjamin,14,0,35,21
1655981602243,MATH 20E,B02,083774,Ciotti; Benjamin,12,0,35,23
1655981608268,MATH 103A,A01,083777,Greenfeld; Be'Eri,2,1,36,34
1655981608268,MATH 103A,A02,083778,Greenfeld; Be'Eri,2,0,36,34
1655981608268,MATH 103A,A03,093561,Staff,0,1,36,36
1655981608268,MATH 103A,B01,083779,Greenfeld; Be'Eri,7,1,36,29
1655981608268,MATH 103A,B02,083780,Greenfeld; Be'Eri,0,0,36,36
1655981608268,MATH 103A,B03,093562,Staff,0,0,36,36
1655981625884,MATH 105,A01,085443,Carter; Anne Toulson,4,1,35,31
1655981625884,MATH 105,A02,093477,Staff,8,0,35,27
1655981631914,MATH 109,A01,083213,Ganzberger; Geoffrey Michael,0,1,34,34
1655981631914,MATH 109,A02,083214,Ganzberger; Geoffrey Michael,0,0,34,34
1655981631914,MATH 109,A03,093478,Staff,1,0,34,33
1655981631914,MATH 109,B01,083215,Ganzberger; Geoffrey Michael,2,0,32,30
1655981631914,MATH 109,B02,083216,Ganzberger; Geoffrey Michael,0,0,32,32
1655981631914,MATH 109,B03,093479,Staff,4,0,32,28
1655981637968,MATH 142A,A01,083219,Chow; Bennett,0,0,32,32
1655981637968,MATH 142A,A02,083220,Chow; Bennett,7,0,32,25
1655981637968,MATH 142A,A03,093480,Staff,4,0,32,28
1655981637968,MATH 142A,B03,093481,Staff,3,0,32,29
1655981637968,MATH 142A,B04,093558,Staff,6,0,32,26
1655981637968,MATH 142A,B05,093559,Staff,0,0,32,32
1655981643998,MATH 193A,A01,083224,Rotar; Vladimir,1,1,34,33
1655981643998,MATH 193A,A02,083225,Rotar; Vladimir,0,0,34,34
1655981643998,MATH 193A,A03,083781,Rotar; Vladimir,2,0,34,32
1655981643998,MATH 193A,A04,083782,Rotar; Vladimir,3,0,34,31
1655981643998,MATH 193A,A05,093482,Rotar; Vladimir,0,0,34,34
1655981650024,MATH 197,001,091859,McAuley; Julian John,9999,0,9999,0
1655981650024,MATH 197,002,095566,Kedlaya; Kiran S.,9997,0,9999,2
1655981650024,MATH 197,003,095567,Xiao; Ming,9999,0,9999,0
1655981650024,MATH 197,004,095571,Perols; Johan Lars,9998,0,9999,1
1655981657107,COGS 9,A01,083615,Shannon; Kyle Michael,3,1,75,72
1655981663130,COGS 11,A01,083617,Boyle; Mary E. T.,11,1,48,37
1655981669158,COGS 13,A01,083071,Bastos; Amalia Pinkusfeld,3,2,71,68
1655981675183,COGS 14A,A01,092681,Semenuks; Arturs,4,25,100,96
1655981681210,COGS 14B,A01,083073,Cheng; Tzu-Han,7,0,63,56
1655981687234,COGS 17,A01,092677,Semenuks; Arturs,8,7,81,73
1655981693259,COGS 100,A01,083619,Allen; Michael Gordon,2,2,70,68
1655981699288,COGS 101A,A01,083621,Davis; Joshua Daniel,4,3,68,64
1655981705313,COGS 101B,A01,091572,Allen; Michael Gordon,0,0,65,65
1655981711337,COGS 101C,A01,083625,Delgado; Tania,7,0,35,28
1655981717364,COGS 107A,A01,083627,Boyle; Mary E. T.,1,2,60,59
1655981723392,COGS 118A,A01,083075,Gupta; Anjum,21,16,76,55
1655981729415,CSE 3,A50,083646,Miranda; Gregory Joseph,14,0,50,36
1655981735444,CSE 8A,A50,083650,Miranda; Gregory Joseph,3,11,56,53
1655981741470,CSE 11,A01,083080,Cao; Yingjun,0,65,40,40
1655981747494,CSE 12,A01,083652,Krause-Levy; Sophia Louisa,6,8,120,114
1655981753521,CSE 15L,A01,083654,Morris; Justin Loren,3,1,50,47
1655981753521,CSE 15L,A02,083655,Morris; Justin Loren,1,1,50,49
1655981759547,CSE 20,A01,083657,Tran; Khoa Dang,29,0,80,51
1655981765575,CSE 21,A01,095574,Bach; Quang Tran,23,0,48,25
1655981771603,CSE 30,A01,083084,Eldon; John,2,10,80,78
1655981771603,CSE 30,B01,095061,Bhaskar; Nishant,0,4,50,50
1655981777628,CSE 100,A01,083659,Cao; Yingjun,2,25,70,68
1655981783651,CSE 134B,A01,083661,Powell; Thomas Allan,6,7,100,94
1655981789675,CSE 140,A01,083663,Gungor; Onat,5,0,85,80
1655981795728,CSE 140L,A01,083088,Eldon; John,5,0,100,95
1655981801755,CSE 175,A01,083665,Kumar; Rakesh,1,0,25,24
1655981807779,CSE 190,A00,092507,Dubnov; Shlomo,1,0,20,19
1655981813806,ECE 45,A01,083139,Congero; Spencer William,0,1,75,75
1655981819829,ECE 65,A50,083695,Saad; Andrew S,6,0,30,24
1655981819829,ECE 65,A51,095125,Staff,23,0,26,3
1655981825852,ECE 109,A01,091882,Touri; Behrouz,2,4,70,68
1655981831879,ECE 180,A00,083140,Abi Samra; Nicholas Camill,1,0,30,29
1655981831879,ECE 180,B00,083141,Abi Samra; Nicholas Camill,0,8,28,28
1655981837903,MATH 10A,A01,083735,Patchell; Gregory David,0,0,30,30
1655981837903,MATH 10A,A02,083736,Patchell; Gregory David,21,0,30,9
1655981837903,MATH 10A,A03,083737,Patchell; Gregory David,16,0,30,14
1655981843926,MATH 10B,A01,083207,Lim; Seonhee,1,1,34,33
1655981843926,MATH 10B,A02,083208,Lim; Seonhee,1,1,35,34
1655981843926,MATH 10B,A03,093472,Staff,1,0,34,33
1655981843926,MATH 10B,B01,083739,Sinha; Shubham,9,0,30,21
1655981849950,MATH 18,A01,083743,Cinel; Cameron Alexander,5,0,30,25
1655981849950,MATH 18,A02,083744,Cinel; Cameron Alexander,11,0,30,19
1655981849950,MATH 18,A03,083745,Cinel; Cameron Alexander,1,0,30,29
1655981849950,MATH 18,B01,083748,Ma; Zilu,2,0,36,34
1655981849950,MATH 18,B02,083749,Ma; Zilu,0,0,36,36
1655981849950,MATH 18,B03,083750,Ma; Zilu,0,0,36,36
1655981849950,MATH 18,B04,083751,Ma; Zilu,0,0,36,36
1655981849950,MATH 18,B05,093473,Staff,0,0,36,36
1655981849950,MATH 18,B06,093474,Staff,1,0,36,35
1655981855975,MATH 20A,A01,083754,Zheng; Zequn,10,0,40,30
1655981862003,MATH 20B,A01,083756,Briones; Jor-el Thomas Caparas,0,1,36,36
1655981862003,MATH 20B,A02,083757,Briones; Jor-el Thomas Caparas,1,0,36,35
1655981862003,MATH 20B,A03,093475,Staff,0,0,36,36
1655981868032,MATH 20C,A01,083760,Briones; Jor-el Thomas Caparas,0,2,35,35
1655981868032,MATH 20C,A02,083761,Briones; Jor-el Thomas Caparas,6,1,35,29
1655981868032,MATH 20C,A03,093476,Staff,1,0,35,34
1655981868032,MATH 20C,B01,083762,Bach; Quang Tran,3,0,30,27
1655981874055,MATH 20D,A01,083765,Tran; Brian Kha,1,0,30,29
1655981874055,MATH 20D,A02,083766,Tran; Brian Kha,0,1,30,30
1655981874055,MATH 20D,A03,083767,Tran; Brian Kha,1,0,30,29
1655981880080,MATH 20E,A01,083771,Ganguly; Soumya,0,1,32,32
1655981880080,MATH 20E,A02,083772,Ganguly; Soumya,1,1,32,31
1655981880080,MATH 20E,B01,083773,Ciotti; Benjamin,14,0,35,21
1655981880080,MATH 20E,B02,083774,Ciotti; Benjamin,12,0,35,23
1655981886109,MATH 103A,A01,083777,Greenfeld; Be'Eri,2,1,36,34
1655981886109,MATH 103A,A02,083778,Greenfeld; Be'Eri,2,0,36,34
1655981886109,MATH 103A,A03,093561,Staff,0,1,36,36
1655981886109,MATH 103A,B01,083779,Greenfeld; Be'Eri,7,1,36,29
1655981886109,MATH 103A,B02,083780,Greenfeld; Be'Eri,0,0,36,36
1655981886109,MATH 103A,B03,093562,Staff,0,0,36,36
1655981892131,MATH 105,A01,085443,Carter; Anne Toulson,4,1,35,31
1655981892131,MATH 105,A02,093477,Staff,8,0,35,27
1655981898160,MATH 109,A01,083213,Ganzberger; Geoffrey Michael,0,1,34,34
1655981898160,MATH 109,A02,083214,Ganzberger; Geoffrey Michael,0,0,34,34
1655981898160,MATH 109,A03,093478,Staff,1,0,34,33
1655981898160,MATH 109,B01,083215,Ganzberger; Geoffrey Michael,2,0,32,30
1655981898160,MATH 109,B02,083216,Ganzberger; Geoffrey Michael,0,0,32,32
1655981898160,MATH 109,B03,093479,Staff,4,0,32,28
1655981904190,MATH 142A,A01,083219,Chow; Bennett,0,0,32,32
1655981904190,MATH 142A,A02,083220,Chow; Bennett,7,0,32,25
1655981904190,MATH 142A,A03,093480,Staff,4,0,32,28
1655981904190,MATH 142A,B03,093481,Staff,3,0,32,29
1655981904190,MATH 142A,B04,093558,Staff,6,0,32,26
1655981904190,MATH 142A,B05,093559,Staff,0,0,32,32
1655981910214,MATH 193A,A01,083224,Rotar; Vladimir,1,1,34,33
1655981910214,MATH 193A,A02,083225,Rotar; Vladimir,0,0,34,34
1655981910214,MATH 193A,A03,083781,Rotar; Vladimir,2,0,34,32
1655981910214,MATH 193A,A04,083782,Rotar; Vladimir,3,0,34,31
1655981910214,MATH 193A,A05,093482,Rotar; Vladimir,0,0,34,34
1655981916238,MATH 197,001,091859,McAuley; Julian John,9999,0,9999,0
1655981916238,MATH 197,002,095566,Kedlaya; Kiran S.,9997,0,9999,2
1655981916238,MATH 197,003,095567,Xiao; Ming,9999,0,9999,0
1655981916238,MATH 197,004,095571,Perols; Johan Lars,9998,0,9999,1
1655981923294,COGS 9,A01,083615,Shannon; Kyle Michael,3,1,75,72
1655981929317,COGS 11,A01,083617,Boyle; Mary E. T.,11,1,48,37
1655981935341,COGS 13,A01,083071,Bastos; Amalia Pinkusfeld,3,2,71,68
1655981941365,COGS 14A,A01,092681,Semenuks; Arturs,4,25,100,96
1655981947388,COGS 14B,A01,083073,Cheng; Tzu-Han,7,0,63,56
1655981953411,COGS 17,A01,092677,Semenuks; Arturs,8,7,81,73
1655981959435,COGS 100,A01,083619,Allen; Michael Gordon,2,2,70,68
1655981965458,COGS 101A,A01,083621,Davis; Joshua Daniel,4,3,68,64
1655981971481,COGS 101B,A01,091572,Allen; Michael Gordon,0,0,65,65
1655981977503,COGS 101C,A01,083625,Delgado; Tania,7,0,35,28
1655981983529,COGS 107A,A01,083627,Boyle; Mary E. T.,1,2,60,59
1655981989551,COGS 118A,A01,083075,Gupta; Anjum,21,16,76,55
1655981995579,CSE 3,A50,083646,Miranda; Gregory Joseph,14,0,50,36
1655982001609,CSE 8A,A50,083650,Miranda; Gregory Joseph,3,11,56,53
1655982007632,CSE 11,A01,083080,Cao; Yingjun,0,65,40,40
1655982013656,CSE 12,A01,083652,Krause-Levy; Sophia Louisa,6,8,120,114
1655982019684,CSE 15L,A01,083654,Morris; Justin Loren,3,1,50,47
1655982019684,CSE 15L,A02,083655,Morris; Justin Loren,1,1,50,49
1655982025778,CSE 20,A01,083657,Tran; Khoa Dang,29,0,80,51
1655982031802,CSE 21,A01,095574,Bach; Quang Tran,23,0,48,25
1655982037828,CSE 30,A01,083084,Eldon; John,2,10,80,78
1655982037828,CSE 30,B01,095061,Bhaskar; Nishant,0,4,50,50
1655982043850,CSE 100,A01,083659,Cao; Yingjun,2,25,70,68
1655982049872,CSE 134B,A01,083661,Powell; Thomas Allan,6,7,100,94
1655982055896,CSE 140,A01,083663,Gungor; Onat,5,0,85,80
1655982061921,CSE 140L,A01,083088,Eldon; John,5,0,100,95
1655982067948,CSE 175,A01,083665,Kumar; Rakesh,1,0,25,24
1655982073972,CSE 190,A00,092507,Dubnov; Shlomo,1,0,20,19
1655982079996,ECE 45,A01,083139,Congero; Spencer William,0,1,75,75
1655982086019,ECE 65,A50,083695,Saad; Andrew S,6,0,30,24
1655982086019,ECE 65,A51,095125,Staff,23,0,26,3
1655982092042,ECE 109,A01,091882,Touri; Behrouz,2,4,70,68
1655982098065,ECE 180,A00,083140,Abi Samra; Nicholas Camill,1,0,30,29
1655982098065,ECE 180,B00,083141,Abi Samra; Nicholas Camill,0,8,28,28
1655982104095,MATH 10A,A01,083735,Patchell; Gregory David,0,0,30,30
1655982104095,MATH 10A,A02,083736,Patchell; Gregory David,21,0,30,9
1655982104095,MATH 10A,A03,083737,Patchell; Gregory David,16,0,30,14
1655982110118,MATH 10B,A01,083207,Lim; Seonhee,1,1,34,33
1655982110118,MATH 10B,A02,083208,Lim; Seonhee,1,1,35,34
1655982110118,MATH 10B,A03,093472,Staff,1,0,34,33
1655982110118,MATH 10B,B01,083739,Sinha; Shubham,9,0,30,21
1655982116145,MATH 18,A01,083743,Cinel; Cameron Alexander,5,0,30,25
1655982116145,MATH 18,A02,083744,Cinel; Cameron Alexander,11,0,30,19
1655982116145,MATH 18,A03,083745,Cinel; Cameron Alexander,1,0,30,29
1655982116145,MATH 18,B01,083748,Ma; Zilu,2,0,36,34
1655982116145,MATH 18,B02,083749,Ma; Zilu,0,0,36,36
1655982116145,MATH 18,B03,083750,Ma; Zilu,0,0,36,36
1655982116145,MATH 18,B04,083751,Ma; Zilu,0,0,36,36
1655982116145,MATH 18,B05,093473,Staff,0,0,36,36
1655982116145,MATH 18,B06,093474,Staff,1,0,36,35
1655982122172,MATH 20A,A01,083754,Zheng; Zequn,10,0,40,30
1655982128195,MATH 20B,A01,083756,Briones; Jor-el Thomas Caparas,0,1,36,36
1655982128195,MATH 20B,A02,083757,Briones; Jor-el Thomas Caparas,1,0,36,35
1655982128195,MATH 20B,A03,093475,Staff,0,0,36,36
1655982134216,MATH 20C,A01,083760,Briones; Jor-el Thomas Caparas,0,2,35,35
1655982134216,MATH 20C,A02,083761,Briones; Jor-el Thomas Caparas,6,1,35,29
1655982134216,MATH 20C,A03,093476,Staff,1,0,35,34
1655982134216,MATH 20C,B01,083762,Bach; Quang Tran,3,0,30,27
1655982140243,MATH 20D,A01,083765,Tran; Brian Kha,1,0,30,29
1655982140243,MATH 20D,A02,083766,Tran; Brian Kha,0,1,30,30
1655982140243,MATH 20D,A03,083767,Tran; Brian Kha,1,0,30,29
1655982146267,MATH 20E,A01,083771,Ganguly; Soumya,0,1,32,32
1655982146267,MATH 20E,A02,083772,Ganguly; Soumya,1,1,32,31
1655982146267,MATH 20E,B01,083773,Ciotti; Benjamin,14,0,35,21
1655982146267,MATH 20E,B02,083774,Ciotti; Benjamin,12,0,35,23
1655982152300,MATH 103A,A01,083777,Greenfeld; Be'Eri,2,1,36,34
1655982152300,MATH 103A,A02,083778,Greenfeld; Be'Eri,2,0,36,34
1655982152300,MATH 103A,A03,093561,Staff,0,1,36,36
1655982152300,MATH 103A,B01,083779,Greenfeld; Be'Eri,7,1,36,29
1655982152300,MATH 103A,B02,083780,Greenfeld; Be'Eri,0,0,36,36
1655982152300,MATH 103A,B03,093562,Staff,0,0,36,36
1655982158326,MATH 105,A01,085443,Carter; Anne Toulson,4,1,35,31
1655982158326,MATH 105,A02,093477,Staff,8,0,35,27
1655982164348,MATH 109,A01,083213,Ganzberger; Geoffrey Michael,0,1,34,34
1655982164348,MATH 109,A02,083214,Ganzberger; Geoffrey Michael,0,0,34,34
1655982164348,MATH 109,A03,093478,Staff,1,0,34,33
1655982164348,MATH 109,B01,083215,Ganzberger; Geoffrey Michael,2,0,32,30
1655982164348,MATH 109,B02,083216,Ganzberger; Geoffrey Michael,0,0,32,32
1655982164348,MATH 109,B03,093479,Staff,4,0,32,28
1655982170372,MATH 142A,A01,083219,Chow; Bennett,0,0,32,32
1655982170372,MATH 142A,A02,083220,Chow; Bennett,7,0,32,25
1655982170372,MATH 142A,A03,093480,Staff,4,0,32,28
1655982170372,MATH 142A,B03,093481,Staff,3,0,32,29
1655982170372,MATH 142A,B04,093558,Staff,6,0,32,26
1655982170372,MATH 142A,B05,093559,Staff,0,0,32,32
1655982176409,MATH 193A,A01,083224,Rotar; Vladimir,1,1,34,33
1655982176409,MATH 193A,A02,083225,Rotar; Vladimir,0,0,34,34
1655982176409,MATH 193A,A03,083781,Rotar; Vladimir,2,0,34,32
1655982176409,MATH 193A,A04,083782,Rotar; Vladimir,3,0,34,31
1655982176409,MATH 193A,A05,093482,Rotar; Vladimir,0,0,34,34
1655982182431,MATH 197,001,091859,McAuley; Julian John,9999,0,9999,0
1655982182431,MATH 197,002,095566,Kedlaya; Kiran S.,9997,0,9999,2
1655982182431,MATH 197,003,095567,Xiao; Ming,9999,0,9999,0
1655982182431,MATH 197,004,095571,Perols; Johan Lars,9998,0,9999,1
1655982189492,COGS 9,A01,083615,Shannon; Kyle Michael,3,1,75,72
1655982195518,COGS 11,A01,083617,Boyle; Mary E. T.,11,1,48,37
1655982201541,COGS 13,A01,083071,Bastos; Amalia Pinkusfeld,3,2,71,68
1655982207568,COGS 14A,A01,092681,Semenuks; Arturs,4,25,100,96
1655982213593,COGS 14B,A01,083073,Cheng; Tzu-Han,7,0,63,56
1655982219621,COGS 17,A01,092677,Semenuks; Arturs,8,7,81,73
1655982225718,COGS 100,A01,083619,Allen; Michael Gordon,2,2,70,68
1655982231748,COGS 101A,A01,083621,Davis; Joshua Daniel,4,3,68,64
1655982237772,COGS 101B,A01,091572,Allen; Michael Gordon,0,0,65,65
1655982243800,COGS 101C,A01,083625,Delgado; Tania,7,0,35,28
1655982249828,COGS 107A,A01,083627,Boyle; Mary E. T.,1,2,60,59
1655982255854,COGS 118A,A01,083075,Gupta; Anjum,21,16,76,55
1655982261880,CSE 3,A50,083646,Miranda; Gregory Joseph,14,0,50,36
1655982267913,CSE 8A,A50,083650,Miranda; Gregory Joseph,3,11,56,53
1655982273939,CSE 11,A01,083080,Cao; Yingjun,0,65,40,40
1655982279971,CSE 12,A01,083652,Krause-Levy; Sophia Louisa,6,8,120,114
1655982285993,CSE 15L,A01,083654,Morris; Justin Loren,3,1,50,47
1655982285993,CSE 15L,A02,083655,Morris; Justin Loren,1,1,50,49
1655982292016,CSE 20,A01,083657,Tran; Khoa Dang,29,0,80,51
1655982298042,CSE 21,A01,095574,Bach; Quang Tran,23,0,48,25
1655982304071,CSE 30,A01,083084,Eldon; John,2,10,80,78
1655982304071,CSE 30,B01,095061,Bhaskar; Nishant,0,4,50,50
1655982310098,CSE 100,A01,083659,Cao; Yingjun,2,25,70,68
1655982316120,CSE 134B,A01,083661,Powell; Thomas Allan,6,7,100,94
1655982322142,CSE 140,A01,083663,Gungor; Onat,5,0,85,80
1655982328173,CSE 140L,A01,083088,Eldon; John,5,0,100,95
1655982334196,CSE 175,A01,083665,Kumar; Rakesh,1,0,25,24
1655982340227,CSE 190,A00,092507,Dubnov; Shlomo,1,0,20,19
1655982346251,ECE 45,A01,083139,Congero; Spencer William,0,1,75,75
1655982352277,ECE 65,A50,083695,Saad; Andrew S,6,0,30,24
1655982352277,ECE 65,A51,095125,Staff,23,0,26,3
1655982358298,ECE 109,A01,091882,Touri; Behrouz,2,4,70,68
1655982364321,ECE 180,A00,083140,Abi Samra; Nicholas Camill,1,0,30,29
1655982364321,ECE 180,B00,083141,Abi Samra; Nicholas Camill,0,8,28,28
1655982370344,MATH 10A,A01,083735,Patchell; Gregory David,0,0,30,30
1655982370344,MATH 10A,A02,083736,Patchell; Gregory David,21,0,30,9
1655982370344,MATH 10A,A03,083737,Patchell; Gregory David,16,0,30,14
1655982376369,MATH 10B,A01,083207,Lim; Seonhee,1,1,34,33
1655982376369,MATH 10B,A02,083208,Lim; Seonhee,1,1,35,34
1655982376369,MATH 10B,A03,093472,Staff,1,0,34,33
1655982376369,MATH 10B,B01,083739,Sinha; Shubham,9,0,30,21
1655982382400,MATH 18,A01,083743,Cinel; Cameron Alexander,5,0,30,25
1655982382400,MATH 18,A02,083744,Cinel; Cameron Alexander,11,0,30,19
1655982382400,MATH 18,A03,083745,Cinel; Cameron Alexander,1,0,30,29
1655982382400,MATH 18,B01,083748,Ma; Zilu,2,0,36,34
1655982382400,MATH 18,B02,083749,Ma; Zilu,0,0,36,36
1655982382400,MATH 18,B03,083750,Ma; Zilu,0,0,36,36
1655982382400,MATH 18,B04,083751,Ma; Zilu,0,0,36,36
1655982382400,MATH 18,B05,093473,Staff,0,0,36,36
1655982382400,MATH 18,B06,093474,Staff,1,0,36,35
1655982388421,MATH 20A,A01,083754,Zheng; Zequn,10,0,40,30
1655982394444,MATH 20B,A01,083756,Briones; Jor-el Thomas Caparas,0,1,36,36
1655982394444,MATH 20B,A02,083757,Briones; Jor-el Thomas Caparas,1,0,36,35
1655982394444,MATH 20B,A03,093475,Staff,0,0,36,36
1655982400468,MATH 20C,A01,083760,Briones; Jor-el Thomas Caparas,0,2,35,35
1655982400468,MATH 20C,A02,083761,Briones; Jor-el Thomas Caparas,6,1,35,29
1655982400468,MATH 20C,A03,093476,Staff,1,0,35,34
1655982400468,MATH 20C,B01,083762,Bach; Quang Tran,3,0,30,27
1655982406491,MATH 20D,A01,083765,Tran; Brian Kha,1,0,30,29
1655982406491,MATH 20D,A02,083766,Tran; Brian Kha,0,1,30,30
1655982406491,MATH 20D,A03,083767,Tran; Brian Kha,1,0,30,29
1655982412513,MATH 20E,A01,083771,Ganguly; Soumya,0,1,32,32
1655982412513,MATH 20E,A02,083772,Ganguly; Soumya,1,1,32,31
1655982412513,MATH 20E,B01,083773,Ciotti; Benjamin,14,0,35,21
1655982412513,MATH 20E,B02,083774,Ciotti; Benjamin,12,0,35,23
1655982418535,MATH 103A,A01,083777,Greenfeld; Be'Eri,2,1,36,34
1655982418535,MATH 103A,A02,083778,Greenfeld; Be'Eri,2,0,36,34
1655982418535,MATH 103A,A03,093561,Staff,0,1,36,36
1655982418535,MATH 103A,B01,083779,Greenfeld; Be'Eri,7,1,36,29
1655982418535,MATH 103A,B02,083780,Greenfeld; Be'Eri,0,0,36,36
1655982418535,MATH 103A,B03,093562,Staff,0,0,36,36
1655982424572,MATH 105,A01,085443,Carter; Anne Toulson,4,1,35,31
1655982424572,MATH 105,A02,093477,Staff,8,0,35,27
1655982430597,MATH 109,A01,083213,Ganzberger; Geoffrey Michael,0,1,34,34
1655982430597,MATH 109,A02,083214,Ganzberger; Geoffrey Michael,0,0,34,34
1655982430597,MATH 109,A03,093478,Staff,1,0,34,33
1655982430597,MATH 109,B01,083215,Ganzberger; Geoffrey Michael,2,0,32,30
1655982430597,MATH 109,B02,083216,Ganzberger; Geoffrey Michael,0,0,32,32
1655982430597,MATH 109,B03,093479,Staff,4,0,32,28
1655982436621,MATH 142A,A01,083219,Chow; Bennett,0,0,32,32
1655982436621,MATH 142A,A02,083220,Chow; Bennett,7,0,32,25
1655982436621,MATH 142A,A03,093480,Staff,4,0,32,28
1655982436621,MATH 142A,B03,093481,Staff,3,0,32,29
1655982436621,MATH 142A,B04,093558,Staff,6,0,32,26
1655982436621,MATH 142A,B05,093559,Staff,0,0,32,32
1655982442649,MATH 193A,A01,083224,Rotar; Vladimir,1,1,34,33
1655982442649,MATH 193A,A02,083225,Rotar; Vladimir,0,0,34,34
1655982442649,MATH 193A,A03,083781,Rotar; Vladimir,2,0,34,32
1655982442649,MATH 193A,A04,083782,Rotar; Vladimir,3,0,34,31
1655982442649,MATH 193A,A05,093482,Rotar; Vladimir,0,0,34,34
1655982448678,MATH 197,001,091859,McAuley; Julian John,9999,0,9999,0
1655982448678,MATH 197,002,095566,Kedlaya; Kiran S.,9997,0,9999,2
1655982448678,MATH 197,003,095567,Xiao; Ming,9999,0,9999,0
1655982448678,MATH 197,004,095571,Perols; Johan Lars,9998,0,9999,1
1655982455729,COGS 9,A01,083615,Shannon; Kyle Michael,3,1,75,72
1655982461764,COGS 11,A01,083617,Boyle; Mary E. T.,11,1,48,37
1655982467788,COGS 13,A01,083071,Bastos; Amalia Pinkusfeld,3,2,71,68
1655982473811,COGS 14A,A01,092681,Semenuks; Arturs,4,25,100,96
1655982479839,COGS 14B,A01,083073,Cheng; Tzu-Han,7,0,63,56
1655982485863,COGS 17,A01,092677,Semenuks; Arturs,8,7,81,73
1655982491887,COGS 100,A01,083619,Allen; Michael Gordon,2,2,70,68
1655982497912,COGS 101A,A01,083621,Davis; Joshua Daniel,4,3,68,64
1655982503951,COGS 101B,A01,091572,Allen; Michael Gordon,0,0,65,65
1655982509977,COGS 101C,A01,083625,Delgado; Tania,7,0,35,28
1655982516001,COGS 107A,A01,083627,Boyle; Mary E. T.,1,2,60,59
1655982522027,COGS 118A,A01,083075,Gupta; Anjum,21,16,76,55
1655982528055,CSE 3,A50,083646,Miranda; Gregory Joseph,14,0,50,36
1655982534078,CSE 8A,A50,083650,Miranda; Gregory Joseph,3,11,56,53
1655982540102,CSE 11,A01,083080,Cao; Yingjun,0,65,40,40
1655982546129,CSE 12,A01,083652,Krause-Levy; Sophia Louisa,6,8,120,114
1655982552156,CSE 15L,A01,083654,Morris; Justin Loren,3,1,50,47
1655982552156,CSE 15L,A02,083655,Morris; Justin Loren,1,1,50,49
1655982558181,CSE 20,A01,083657,Tran; Khoa Dang,29,0,80,51
1655982564205,CSE 21,A01,095574,Bach; Quang Tran,23,0,48,25
1655982570230,CSE 30,A01,083084,Eldon; John,2,10,80,78
1655982570230,CSE 30,B01,095061,Bhaskar; Nishant,0,4,50,50
1655982576252,CSE 100,A01,083659,Cao; Yingjun,2,25,70,68
1655982582279,CSE 134B,A01,083661,Powell; Thomas Allan,6,7,100,94
1655982588305,CSE 140,A01,083663,Gungor; Onat,5,0,85,80
1655982594329,CSE 140L,A01,083088,Eldon; John,5,0,100,95
1655982600354,CSE 175,A01,083665,Kumar; Rakesh,1,0,25,24
1655982606377,CSE 190,A00,092507,Dubnov; Shlomo,1,0,20,19
1655982612404,ECE 45,A01,083139,Congero; Spencer William,0,1,75,75
1655982618429,ECE 65,A50,083695,Saad; Andrew S,6,0,30,24
1655982618429,ECE 65,A51,095125,Staff,23,0,26,3
1655982624452,ECE 109,A01,091882,Touri; Behrouz,2,4,70,68
1655982630480,ECE 180,A00,083140,Abi Samra; Nicholas Camill,1,0,30,29
1655982630480,ECE 180,B00,083141,Abi Samra; Nicholas Camill,0,8,28,28
1655982636508,MATH 10A,A01,083735,Patchell; Gregory David,0,0,30,30
1655982636508,MATH 10A,A02,083736,Patchell; Gregory David,21,0,30,9
1655982636508,MATH 10A,A03,083737,Patchell; Gregory David,16,0,30,14
1655982642532,MATH 10B,A01,083207,Lim; Seonhee,1,1,34,33
1655982642532,MATH 10B,A02,083208,Lim; Seonhee,1,1,35,34
1655982642532,MATH 10B,A03,093472,Staff,1,0,34,33
1655982642532,MATH 10B,B01,083739,Sinha; Shubham,9,0,30,21
1655982648572,MATH 18,A01,083743,Cinel; Cameron Alexander,5,0,30,25
1655982648572,MATH 18,A02,083744,Cinel; Cameron Alexander,11,0,30,19
1655982648572,MATH 18,A03,083745,Cinel; Cameron Alexander,1,0,30,29
1655982648572,MATH 18,B01,083748,Ma; Zilu,2,0,36,34
1655982648572,MATH 18,B02,083749,Ma; Zilu,0,0,36,36
1655982648572,MATH 18,B03,083750,Ma; Zilu,0,0,36,36
1655982648572,MATH 18,B04,083751,Ma; Zilu,0,0,36,36
1655982648572,MATH 18,B05,093473,Staff,0,0,36,36
1655982648572,MATH 18,B06,093474,Staff,1,0,36,35
1655982654598,MATH 20A,A01,083754,Zheng; Zequn,10,0,40,30
1655982660621,MATH 20B,A01,083756,Briones; Jor-el Thomas Caparas,0,1,36,36
1655982660621,MATH 20B,A02,083757,Briones; Jor-el Thomas Caparas,1,0,36,35
1655982660621,MATH 20B,A03,093475,Staff,0,0,36,36
1655982666646,MATH 20C,A01,083760,Briones; Jor-el Thomas Caparas,0,2,35,35
1655982666646,MATH 20C,A02,083761,Briones; Jor-el Thomas Caparas,6,1,35,29
1655982666646,MATH 20C,A03,093476,Staff,1,0,35,34
1655982666646,MATH 20C,B01,083762,Bach; Quang Tran,3,0,30,27
1655982672675,MATH 20D,A01,083765,Tran; Brian Kha,1,0,30,29
1655982672675,MATH 20D,A02,083766,Tran; Brian Kha,0,1,30,30
1655982672675,MATH 20D,A03,083767,Tran; Brian Kha,1,0,30,29
1655982678700,MATH 20E,A01,083771,Ganguly; Soumya,0,1,32,32
1655982678700,MATH 20E,A02,083772,Ganguly; Soumya,1,1,32,31
1655982678700,MATH 20E,B01,083773,Ciotti; Benjamin,14,0,35,21
1655982678700,MATH 20E,B02,083774,Ciotti; Benjamin,12,0,35,23
1655982684729,MATH 103A,A01,083777,Greenfeld; Be'Eri,2,1,36,34
1655982684729,MATH 103A,A02,083778,Greenfeld; Be'Eri,2,0,36,34
1655982684729,MATH 103A,A03,093561,Staff,0,1,36,36
1655982684729,MATH 103A,B01,083779,Greenfeld; Be'Eri,7,1,36,29
1655982684729,MATH 103A,B02,083780,Greenfeld; Be'Eri,0,0,36,36
1655982684729,MATH 103A,B03,093562,Staff,0,0,36,36
1655982690753,MATH 105,A01,085443,Carter; Anne Toulson,4,1,35,31
1655982690753,MATH 105,A02,093477,Staff,8,0,35,27
1655982696778,MATH 109,A01,083213,Ganzberger; Geoffrey Michael,0,1,34,34
1655982696778,MATH 109,A02,083214,Ganzberger; Geoffrey Michael,0,0,34,34
1655982696778,MATH 109,A03,093478,Staff,1,0,34,33
1655982696778,MATH 109,B01,083215,Ganzberger; Geoffrey Michael,2,0,32,30
1655982696778,MATH 109,B02,083216,Ganzberger; Geoffrey Michael,0,0,32,32
1655982696778,MATH 109,B03,093479,Staff,4,0,32,28
1655982702801,MATH 142A,A01,083219,Chow; Bennett,0,0,32,32
1655982702801,MATH 142A,A02,083220,Chow; Bennett,7,0,32,25
1655982702801,MATH 142A,A03,093480,Staff,4,0,32,28
1655982702801,MATH 142A,B03,093481,Staff,3,0,32,29
1655982702801,MATH 142A,B04,093558,Staff,6,0,32,26
1655982702801,MATH 142A,B05,093559,Staff,0,0,32,32
1655982708826,MATH 193A,A01,083224,Rotar; Vladimir,1,1,34,33
1655982708826,MATH 193A,A02,083225,Rotar; Vladimir,0,0,34,34
1655982708826,MATH 193A,A03,083781,Rotar; Vladimir,2,0,34,32
1655982708826,MATH 193A,A04,083782,Rotar; Vladimir,3,0,34,31
1655982708826,MATH 193A,A05,093482,Rotar; Vladimir,0,0,34,34
1655982714849,MATH 197,001,091859,McAuley; Julian John,9999,0,9999,0
1655982714849,MATH 197,002,095566,Kedlaya; Kiran S.,9997,0,9999,2
1655982714849,MATH 197,003,095567,Xiao; Ming,9999,0,9999,0
1655982714849,MATH 197,004,095571,Perols; Johan Lars,9998,0,9999,1
1655982721914,COGS 9,A01,083615,Shannon; Kyle Michael,3,1,75,72
1655982727936,COGS 11,A01,083617,Boyle; Mary E. T.,11,1,48,37
1655982733967,COGS 13,A01,083071,Bastos; Amalia Pinkusfeld,3,2,71,68
1655982739992,COGS 14A,A01,092681,Semenuks; Arturs,4,25,100,96
1655982746015,COGS 14B,A01,083073,Cheng; Tzu-Han,7,0,63,56
1655982752039,COGS 17,A01,092677,Semenuks; Arturs,8,7,81,73
1655982758064,COGS 100,A01,083619,Allen; Michael Gordon,2,2,70,68
1655982764094,COGS 101A,A01,083621,Davis; Joshua Daniel,4,3,68,64
1655982770118,COGS 101B,A01,091572,Allen; Michael Gordon,0,0,65,65
1655982776145,COGS 101C,A01,083625,Delgado; Tania,7,0,35,28
1655982782169,COGS 107A,A01,083627,Boyle; Mary E. T.,1,2,60,59
1655982788194,COGS 118A,A01,083075,Gupta; Anjum,21,16,76,55
1655982794219,CSE 3,A50,083646,Miranda; Gregory Joseph,14,0,50,36
1655982800242,CSE 8A,A50,083650,Miranda; Gregory Joseph,3,11,56,53
1655982806265,CSE 11,A01,083080,Cao; Yingjun,0,65,40,40
1655982812292,CSE 12,A01,083652,Krause-Levy; Sophia Louisa,6,8,120,114
1655982818316,CSE 15L,A01,083654,Morris; Justin Loren,3,1,50,47
1655982818316,CSE 15L,A02,083655,Morris; Justin Loren,1,1,50,49
1655982824414,CSE 20,A01,083657,Tran; Khoa Dang,29,0,80,51
1655982830442,CSE 21,A01,095574,Bach; Quang Tran,23,0,48,25
1655982836470,CSE 30,A01,083084,Eldon; John,2,10,80,78
1655982836470,CSE 30,B01,095061,Bhaskar; Nishant,0,4,50,50
1655982842499,CSE 100,A01,083659,Cao; Yingjun,2,25,70,68
1655982848523,CSE 134B,A01,083661,Powell; Thomas Allan,6,7,100,94
1655982854547,CSE 140,A01,083663,Gungor; Onat,5,0,85,80
1655982860582,CSE 140L,A01,083088,Eldon; John,5,0,100,95
1655982866607,CSE 175,A01,083665,Kumar; Rakesh,1,0,25,24
1655982872639,CSE 190,A00,092507,Dubnov; Shlomo,1,0,20,19
1655982878664,ECE 45,A01,083139,Congero; Spencer William,0,1,75,75
1655982884687,ECE 65,A50,083695,Saad; Andrew S,6,0,30,24
1655982884687,ECE 65,A51,095125,Staff,23,0,26,3
1655982890713,ECE 109,A01,091882,Touri; Behrouz,2,4,70,68
1655982896740,ECE 180,A00,083140,Abi Samra; Nicholas Camill,1,0,30,29
1655982896740,ECE 180,B00,083141,Abi Samra; Nicholas Camill,0,8,28,28
1655982902765,MATH 10A,A01,083735,Patchell; Gregory David,0,0,30,30
1655982902765,MATH 10A,A02,083736,Patchell; Gregory David,21,0,30,9
1655982902765,MATH 10A,A03,083737,Patchell; Gregory David,16,0,30,14
1655982908789,MATH 10B,A01,083207,Lim; Seonhee,1,1,34,33
1655982908789,MATH 10B,A02,083208,Lim; Seonhee,1,1,35,34
1655982908789,MATH 10B,A03,093472,Staff,1,0,34,33
1655982908789,MATH 10B,B01,083739,Sinha; Shubham,9,0,30,21
1655982914821,MATH 18,A01,083743,Cinel; Cameron Alexander,5,0,30,25
1655982914821,MATH 18,A02,083744,Cinel; Cameron Alexander,11,0,30,19
1655982914821,MATH 18,A03,083745,Cinel; Cameron Alexander,1,0,30,29
1655982914821,MATH 18,B01,083748,Ma; Zilu,2,0,36,34
1655982914821,MATH 18,B02,083749,Ma; Zilu,0,0,36,36
1655982914821,MATH 18,B03,083750,Ma; Zilu,0,0,36,36
1655982914821,MATH 18,B04,083751,Ma; Zilu,0,0,36,36
1655982914821,MATH 18,B05,093473,Staff,0,0,36,36
1655982914821,MATH 18,B06,093474,Staff,1,0,36,35
1655982920844,MATH 20A,A01,083754,Zheng; Zequn,10,0,40,30
1655982926868,MATH 20B,A01,083756,Briones; Jor-el Thomas Caparas,0,1,36,36
1655982926868,MATH 20B,A02,083757,Briones; Jor-el Thomas Caparas,1,0,36,35
1655982926868,MATH 20B,A03,093475,Staff,0,0,36,36
1655982932900,MATH 20C,A01,083760,Briones; Jor-el Thomas Caparas,0,2,35,35
1655982932900,MATH 20C,A02,083761,Briones; Jor-el Thomas Caparas,6,1,35,29
1655982932900,MATH 20C,A03,093476,Staff,1,0,35,34
1655982932900,MATH 20C,B01,083762,Bach; Quang Tran,3,0,30,27
1655982938927,MATH 20D,A01,083765,Tran; Brian Kha,1,0,30,29
1655982938927,MATH 20D,A02,083766,Tran; Brian Kha,0,1,30,30
1655982938927,MATH 20D,A03,083767,Tran; Brian Kha,1,0,30,29
1655982944950,MATH 20E,A01,083771,Ganguly; Soumya,0,1,32,32
1655982944950,MATH 20E,A02,083772,Ganguly; Soumya,1,1,32,31
1655982944950,MATH 20E,B01,083773,Ciotti; Benjamin,14,0,35,21
1655982944950,MATH 20E,B02,083774,Ciotti; Benjamin,12,0,35,23
1655982950975,MATH 103A,A01,083777,Greenfeld; Be'Eri,2,1,36,34
1655982950975,MATH 103A,A02,083778,Greenfeld; Be'Eri,2,0,36,34
1655982950975,MATH 103A,A03,093561,Staff,0,1,36,36
1655982950975,MATH 103A,B01,083779,Greenfeld; Be'Eri,7,1,36,29
1655982950975,MATH 103A,B02,083780,Greenfeld; Be'Eri,0,0,36,36
1655982950975,MATH 103A,B03,093562,Staff,0,0,36,36
1655982957003,MATH 105,A01,085443,Carter; Anne Toulson,4,1,35,31
1655982957003,MATH 105,A02,093477,Staff,8,0,35,27
1655982963028,MATH 109,A01,083213,Ganzberger; Geoffrey Michael,0,1,34,34
1655982963028,MATH 109,A02,083214,Ganzberger; Geoffrey Michael,0,0,34,34
1655982963028,MATH 109,A03,093478,Staff,1,0,34,33
1655982963028,MATH 109,B01,083215,Ganzberger; Geoffrey Michael,2,0,32,30
1655982963028,MATH 109,B02,083216,Ganzberger; Geoffrey Michael,0,0,32,32
1655982963028,MATH 109,B03,093479,Staff,4,0,32,28
1655982969061,MATH 142A,A01,083219,Chow; Bennett,0,0,32,32
1655982969061,MATH 142A,A02,083220,Chow; Bennett,7,0,32,25
1655982969061,MATH 142A,A03,093480,Staff,4,0,32,28
1655982969061,MATH 142A,B03,093481,Staff,3,0,32,29
1655982969061,MATH 142A,B04,093558,Staff,6,0,32,26
1655982969061,MATH 142A,B05,093559,Staff,0,0,32,32
1655982975090,MATH 193A,A01,083224,Rotar; Vladimir,1,1,34,33
1655982975090,MATH 193A,A02,083225,Rotar; Vladimir,0,0,34,34
1655982975090,MATH 193A,A03,083781,Rotar; Vladimir,2,0,34,32
1655982975090,MATH 193A,A04,083782,Rotar; Vladimir,3,0,34,31
1655982975090,MATH 193A,A05,093482,Rotar; Vladimir,0,0,34,34
1655982981114,MATH 197,001,091859,McAuley; Julian John,9999,0,9999,0
1655982981114,MATH 197,002,095566,Kedlaya; Kiran S.,9997,0,9999,2
1655982981114,MATH 197,003,095567,Xiao; Ming,9999,0,9999,0
1655982981114,MATH 197,004,095571,Perols; Johan Lars,9998,0,9999,1
1655982988174,COGS 9,A01,083615,Shannon; Kyle Michael,3,1,75,72
1655982994198,COGS 11,A01,083617,Boyle; Mary E. T.,11,1,48,37
1655983000225,COGS 13,A01,083071,Bastos; Amalia Pinkusfeld,3,2,71,68
1655983006252,COGS 14A,A01,092681,Semenuks; Arturs,4,25,100,96
1655983012279,COGS 14B,A01,083073,Cheng; Tzu-Han,7,0,63,56
1655983018303,COGS 17,A01,092677,Semenuks; Arturs,8,7,81,73
1655983024327,COGS 100,A01,083619,Allen; Michael Gordon,2,2,70,68
1655983030348,COGS 101A,A01,083621,Davis; Joshua Daniel,4,3,68,64
1655983036369,COGS 101B,A01,091572,Allen; Michael Gordon,0,0,65,65
1655983042391,COGS 101C,A01,083625,Delgado; Tania,7,0,35,28
1655983048415,COGS 107A,A01,083627,Boyle; Mary E. T.,1,2,60,59
1655983054447,COGS 118A,A01,083075,Gupta; Anjum,21,16,76,55
1655983060470,CSE 3,A50,083646,Miranda; Gregory Joseph,14,0,50,36
1655983066498,CSE 8A,A50,083650,Miranda; Gregory Joseph,3,11,56,53
1655983072524,CSE 11,A01,083080,Cao; Yingjun,0,65,40,40
